a,b,master,dist_mm,quality_percent,raw_mm,ok,fail
A,B,A,7145,100,7145,1,0
A,C,A,7573,100,7573,1,0
A,D,A,9209,100,9209,1,0
A,E,A,1378,100,1378,1,0
A,F,A,7389,100,7389,1,0
A,G,A,7587,100,7587,1,0
A,H,A,9698,100,9698,1,0
A,B,B,7148,100,7148,1,0
B,C,B,6694,100,6694,1,0
B,D,B,12490,100,12490,1,0
B,E,B,7066,100,7066,1,0
B,F,B,1414,100,1414,1,0
B,G,B,6755,100,6755,1,0
B,H,B,13019,100,13019,1,0
A,C,C,7619,100,7619,1,0
B,C,C,6722,100,6722,1,0
C,D,C,6602,100,6602,1,0
C,E,C,7573,100,7573,1,0
C,F,C,7146,100,7146,1,0
C,G,C,1346,100,1346,1,0
C,H,C,7100,100,7100,1,0
A,D,D,9175,100,9175,1,0
B,D,D,12529,100,12529,1,0
C,D,D,6642,100,6642,1,0
D,E,D,9362,100,9362,1,0
D,F,D,12866,100,12866,1,0
D,G,D,6833,100,6833,1,0
D,H,D,1435,100,1435,1,0
A,E,E,1397,100,1397,1,0
B,E,E,6999,100,6999,1,0
C,E,E,7566,100,7566,1,0
D,E,E,9373,100,9373,1,0
E,F,E,6982,100,6982,1,0
E,G,E,7310,100,7310,1,0
E,H,E,9694,100,9694,1,0
A,F,F,7375,100,7375,1,0
B,F,F,1462,100,1462,1,0
C,F,F,7148,100,7148,1,0
D,F,F,12873,100,12873,1,0
E,F,F,7029,100,7029,1,0
F,G,F,6860,100,6860,1,0
F,H,F,13258,100,13258,1,0
A,G,G,7536,100,7536,1,0
B,G,G,6756,100,6756,1,0
C,G,G,1393,100,1393,1,0
D,G,G,6795,100,6795,1,0
E,G,G,7289,100,7289,1,0
F,G,G,6891,100,6891,1,0
G,H,G,7058,100,7058,1,0
A,H,H,9682,100,9682,1,0
B,H,H,13068,100,13068,1,0
C,H,H,7141,100,7141,1,0
D,H,H,1431,100,1431,1,0
E,H,H,9696,100,9696,1,0
F,H,H,13236,100,13236,1,0
G,H,H,7043,100,7043,1,0
A,B,A,7133,100,7133,1,0
A,C,A,7608,100,7608,1,0
A,D,A,9192,100,9192,1,0
A,E,A,1359,100,1359,1,0
A,F,A,7386,100,7386,1,0
A,G,A,7579,100,7579,1,0
A,H,A,9711,100,9711,1,0
A,B,B,7147,100,7147,1,0
B,C,B,6771,100,6771,1,0
B,D,B,12580,100,12580,1,0
B,E,B,7042,100,7042,1,0
B,F,B,1458,100,1458,1,0
B,G,B,6746,100,6746,1,0
B,H,B,13031,100,13031,1,0
A,C,C,7499,100,7499,1,0
B,C,C,6709,100,6709,1,0
C,D,C,6629,100,6629,1,0
C,E,C,7551,100,7551,1,0
C,F,C,7131,100,7131,1,0
C,G,C,1359,100,1359,1,0
C,H,C,7109,100,7109,1,0
A,D,D,9222,100,9222,1,0
B,D,D,12539,100,12539,1,0
C,D,D,6612,100,6612,1,0
D,E,D,9368,100,9368,1,0
D,F,D,12899,100,12899,1,0
D,G,D,6832,100,6832,1,0
D,H,D,1436,100,1436,1,0
A,E,E,1384,100,1384,1,0
B,E,E,7043,100,7043,1,0
C,E,E,7541,100,7541,1,0
D,E,E,9381,100,9381,1,0
E,F,E,6989,100,6989,1,0
E,G,E,7301,100,7301,1,0
E,H,E,9652,100,9652,1,0
A,F,F,7341,100,7341,1,0
B,F,F,1473,100,1473,1,0
C,F,F,7142,100,7142,1,0
D,F,F,12878,100,12878,1,0
E,F,F,7010,100,7010,1,0
F,G,F,6864,100,6864,1,0
F,H,F,13223,100,13223,1,0
A,G,G,7597,100,7597,1,0
B,G,G,6760,100,6760,1,0
C,G,G,1413,100,1413,1,0
D,G,G,6800,100,6800,1,0
E,G,G,7317,100,7317,1,0
F,G,G,6870,100,6870,1,0
G,H,G,7075,100,7075,1,0
A,H,H,9694,100,9694,1,0
B,H,H,13014,100,13014,1,0
C,H,H,7133,100,7133,1,0
D,H,H,1410,100,1410,1,0
E,H,H,9656,100,9656,1,0
F,H,H,13222,100,13222,1,0
G,H,H,7069,100,7069,1,0
A,B,A,7148,100,7148,1,0
A,C,A,7549,100,7549,1,0
A,D,A,9209,100,9209,1,0
A,E,A,1375,100,1375,1,0
A,F,A,7342,100,7342,1,0
A,G,A,7590,100,7590,1,0
A,H,A,9673,100,9673,1,0
A,B,B,7186,100,7186,1,0
B,C,B,6742,100,6742,1,0
B,D,B,12513,100,12513,1,0
B,E,B,7026,100,7026,1,0
B,F,B,1418,100,1418,1,0
B,G,B,6728,100,6728,1,0
B,H,B,13045,100,13045,1,0
A,C,C,7556,100,7556,1,0
B,C,C,6690,100,6690,1,0
C,D,C,6572,100,6572,1,0
C,E,C,7525,100,7525,1,0
C,F,C,7135,100,7135,1,0
C,G,C,1354,100,1354,1,0
C,H,C,7076,100,7076,1,0
A,D,D,9224,100,9224,1,0
B,D,D,12568,100,12568,1,0
C,D,D,6571,100,6571,1,0
D,E,D,9390,100,9390,1,0
D,F,D,12889,100,12889,1,0
D,G,D,6773,100,6773,1,0
D,H,D,1410,100,1410,1,0
A,E,E,1370,100,1370,1,0
B,E,E,7026,100,7026,1,0
C,E,E,7581,100,7581,1,0
D,E,E,9339,100,9339,1,0
E,F,E,7043,100,7043,1,0
E,G,E,7291,100,7291,1,0
E,H,E,9664,100,9664,1,0
A,F,F,7375,100,7375,1,0
B,F,F,1425,100,1425,1,0
C,F,F,7117,100,7117,1,0
D,F,F,12866,100,12866,1,0
E,F,F,6975,100,6975,1,0
F,G,F,6884,100,6884,1,0
F,H,F,13253,100,13253,1,0
A,G,G,7539,100,7539,1,0
B,G,G,6758,100,6758,1,0
C,G,G,1398,100,1398,1,0
D,G,G,6786,100,6786,1,0
E,G,G,7314,100,7314,1,0
F,G,G,6870,100,6870,1,0
G,H,G,7042,100,7042,1,0
A,H,H,9674,100,9674,1,0
B,H,H,13027,100,13027,1,0
C,H,H,7109,100,7109,1,0
D,H,H,1456,100,1456,1,0
E,H,H,9672,100,9672,1,0
F,H,H,13235,100,13235,1,0
G,H,H,7043,100,7043,1,0
A,B,A,7150,100,7150,1,0
A,C,A,7622,100,7622,1,0
A,D,A,9197,100,9197,1,0
A,E,A,1410,100,1410,1,0
A,F,A,7410,100,7410,1,0
A,G,A,7592,100,7592,1,0
A,H,A,9716,100,9716,1,0
A,B,B,7150,100,7150,1,0
B,C,B,6737,100,6737,1,0
B,D,B,12589,100,12589,1,0
B,E,B,7086,100,7086,1,0
B,F,B,1421,100,1421,1,0
B,G,B,6762,100,6762,1,0
B,H,B,13069,100,13069,1,0
A,C,C,7592,100,7592,1,0
B,C,C,6714,100,6714,1,0
C,D,C,6582,100,6582,1,0
C,E,C,7533,100,7533,1,0
C,F,C,7130,100,7130,1,0
C,G,C,1380,100,1380,1,0
C,H,C,7120,100,7120,1,0
A,D,D,9205,100,9205,1,0
B,D,D,12530,100,12530,1,0
C,D,D,6615,100,6615,1,0
D,E,D,9376,100,9376,1,0
D,F,D,12851,100,12851,1,0
D,G,D,6809,100,6809,1,0
D,H,D,1432,100,1432,1,0
A,E,E,1327,100,1327,1,0
B,E,E,7044,100,7044,1,0
C,E,E,7554,100,7554,1,0
D,E,E,9275,100,9275,1,0
E,F,E,7024,100,7024,1,0
E,G,E,7304,100,7304,1,0
E,H,E,9636,100,9636,1,0
A,F,F,7389,100,7389,1,0
B,F,F,1429,100,1429,1,0
C,F,F,7121,100,7121,1,0
D,F,F,12868,100,12868,1,0
E,F,F,6981,100,6981,1,0
F,G,F,6883,100,6883,1,0
F,H,F,13219,100,13219,1,0
A,G,G,7623,100,7623,1,0
B,G,G,6749,100,6749,1,0
C,G,G,1356,100,1356,1,0
D,G,G,6823,100,6823,1,0
E,G,G,7301,100,7301,1,0
F,G,G,6891,100,6891,1,0
G,H,G,7042,100,7042,1,0
A,H,H,9688,100,9688,1,0
B,H,H,13047,100,13047,1,0
C,H,H,7123,100,7123,1,0
D,H,H,1462,100,1462,1,0
E,H,H,9651,100,9651,1,0
F,H,H,13254,100,13254,1,0
G,H,H,7035,100,7035,1,0
A,B,A,7199,100,7199,1,0
A,C,A,7581,100,7581,1,0
A,D,A,9211,100,9211,1,0
A,E,A,1345,100,1345,1,0
A,F,A,7364,100,7364,1,0
A,G,A,7563,100,7563,1,0
A,H,A,9693,100,9693,1,0
A,B,B,7147,100,7147,1,0
B,C,B,6723,100,6723,1,0
B,D,B,12531,100,12531,1,0
B,E,B,7049,100,7049,1,0
B,F,B,1415,100,1415,1,0
B,G,B,6755,100,6755,1,0
B,H,B,13077,100,13077,1,0
A,C,C,7554,100,7554,1,0
B,C,C,6703,100,6703,1,0
C,D,C,6574,100,6574,1,0
C,E,C,7571,100,7571,1,0
C,F,C,7134,100,7134,1,0
C,G,C,1340,100,1340,1,0
C,H,C,7106,100,7106,1,0
A,D,D,9207,100,9207,1,0
B,D,D,12482,100,12482,1,0
C,D,D,6587,100,6587,1,0
D,E,D,9370,100,9370,1,0
D,F,D,12861,100,12861,1,0
D,G,D,6774,100,6774,1,0
D,H,D,1399,100,1399,1,0
A,E,E,1344,100,1344,1,0
B,E,E,7052,100,7052,1,0
C,E,E,7548,100,7548,1,0
D,E,E,9375,100,9375,1,0
E,F,E,6988,100,6988,1,0
E,G,E,7323,100,7323,1,0
E,H,E,9645,100,9645,1,0
A,F,F,7373,100,7373,1,0
B,F,F,1476,100,1476,1,0
C,F,F,7105,100,7105,1,0
D,F,F,12852,100,12852,1,0
E,F,F,7024,100,7024,1,0
F,G,F,6917,100,6917,1,0
F,H,F,13189,100,13189,1,0
A,G,G,7588,100,7588,1,0
B,G,G,6753,100,6753,1,0
C,G,G,1313,100,1313,1,0
D,G,G,6809,100,6809,1,0
E,G,G,7296,100,7296,1,0
F,G,G,6888,100,6888,1,0
G,H,G,7037,100,7037,1,0
A,H,H,9725,100,9725,1,0
B,H,H,13073,100,13073,1,0
C,H,H,7104,100,7104,1,0
D,H,H,1447,100,1447,1,0
E,H,H,9692,100,9692,1,0
F,H,H,13212,100,13212,1,0
G,H,H,7038,100,7038,1,0
A,B,A,7155,100,7155,1,0
A,C,A,7602,100,7602,1,0
A,D,A,9219,100,9219,1,0
A,E,A,1428,100,1428,1,0
A,F,A,7379,100,7379,1,0
A,G,A,7623,100,7623,1,0
A,H,A,9688,100,9688,1,0
A,B,B,7134,100,7134,1,0
B,C,B,6726,100,6726,1,0
B,D,B,12544,100,12544,1,0
B,E,B,7038,100,7038,1,0
B,F,B,1399,100,1399,1,0
B,G,B,6787,100,6787,1,0
B,H,B,13051,100,13051,1,0
A,C,C,7552,100,7552,1,0
B,C,C,6736,100,6736,1,0
C,D,C,6597,100,6597,1,0
C,E,C,7558,100,7558,1,0
C,F,C,7111,100,7111,1,0
C,G,C,1345,100,1345,1,0
C,H,C,7099,100,7099,1,0
A,D,D,9226,100,9226,1,0
B,D,D,12555,100,12555,1,0
C,D,D,6632,100,6632,1,0
D,E,D,9414,100,9414,1,0
D,F,D,12879,100,12879,1,0
D,G,D,6816,100,6816,1,0
D,H,D,1441,100,1441,1,0
A,E,E,1356,100,1356,1,0
B,E,E,7047,100,7047,1,0
C,E,E,7530,100,7530,1,0
D,E,E,9400,100,9400,1,0
E,F,E,7002,100,7002,1,0
E,G,E,7312,100,7312,1,0
E,H,E,9679,100,9679,1,0
A,F,F,7338,100,7338,1,0
B,F,F,1447,100,1447,1,0
C,F,F,7126,100,7126,1,0
D,F,F,12860,100,12860,1,0
E,F,F,6994,100,6994,1,0
F,G,F,6887,100,6887,1,0
F,H,F,13212,100,13212,1,0
A,G,G,7605,100,7605,1,0
B,G,G,6749,100,6749,1,0
C,G,G,1399,100,1399,1,0
D,G,G,6770,100,6770,1,0
E,G,G,7310,100,7310,1,0
F,G,G,6904,100,6904,1,0
G,H,G,7005,100,7005,1,0
A,H,H,9676,100,9676,1,0
B,H,H,13039,100,13039,1,0
C,H,H,7145,100,7145,1,0
D,H,H,1453,100,1453,1,0
E,H,H,9664,100,9664,1,0
F,H,H,13209,100,13209,1,0
G,H,H,7035,100,7035,1,0
A,B,A,7192,100,7192,1,0
A,C,A,7554,100,7554,1,0
A,D,A,9213,100,9213,1,0
A,E,A,1353,100,1353,1,0
A,F,A,7322,100,7322,1,0
A,G,A,7568,100,7568,1,0
A,H,A,9679,100,9679,1,0
A,B,B,7176,100,7176,1,0
B,C,B,6691,100,6691,1,0
B,D,B,12508,100,12508,1,0
B,E,B,7035,100,7035,1,0
B,F,B,1470,100,1470,1,0
B,G,B,6713,100,6713,1,0
B,H,B,13065,100,13065,1,0
A,C,C,7606,100,7606,1,0
B,C,C,6743,100,6743,1,0
C,D,C,6607,100,6607,1,0
C,E,C,7570,100,7570,1,0
C,F,C,7163,100,7163,1,0
C,G,C,1393,100,1393,1,0
C,H,C,7142,100,7142,1,0
A,D,D,9199,100,9199,1,0
B,D,D,12520,100,12520,1,0
C,D,D,6595,100,6595,1,0
D,E,D,9349,100,9349,1,0
D,F,D,12868,100,12868,1,0
D,G,D,6796,100,6796,1,0
D,H,D,1410,100,1410,1,0
A,E,E,1362,100,1362,1,0
B,E,E,7021,100,7021,1,0
C,E,E,7577,100,7577,1,0
D,E,E,9406,100,9406,1,0
E,F,E,6993,100,6993,1,0
E,G,E,7306,100,7306,1,0
E,H,E,9698,100,9698,1,0
A,F,F,7368,100,7368,1,0
B,F,F,1416,100,1416,1,0
C,F,F,7140,100,7140,1,0
D,F,F,12869,100,12869,1,0
E,F,F,6969,100,6969,1,0
F,G,F,6900,100,6900,1,0
F,H,F,13232,100,13232,1,0
A,G,G,7588,100,7588,1,0
B,G,G,6726,100,6726,1,0
C,G,G,1407,100,1407,1,0
D,G,G,6787,100,6787,1,0
E,G,G,7297,100,7297,1,0
F,G,G,6861,100,6861,1,0
G,H,G,7047,100,7047,1,0
A,H,H,9711,100,9711,1,0
B,H,H,13019,100,13019,1,0
C,H,H,7142,100,7142,1,0
D,H,H,1495,100,1495,1,0
E,H,H,9679,100,9679,1,0
F,H,H,13221,100,13221,1,0
G,H,H,7045,100,7045,1,0
A,B,A,7153,100,7153,1,0
A,C,A,7543,100,7543,1,0
A,D,A,9186,100,9186,1,0
A,E,A,1360,100,1360,1,0
A,F,A,7385,100,7385,1,0
A,G,A,7578,100,7578,1,0
A,H,A,9632,100,9632,1,0
A,B,B,7159,100,7159,1,0
B,C,B,6710,100,6710,1,0
B,D,B,12507,100,12507,1,0
B,E,B,7014,100,7014,1,0
B,F,B,1416,100,1416,1,0
B,G,B,6762,100,6762,1,0
B,H,B,13115,100,13115,1,0
A,C,C,7593,100,7593,1,0
B,C,C,6706,100,6706,1,0
C,D,C,6658,100,6658,1,0
C,E,C,7569,100,7569,1,0
C,F,C,7132,100,7132,1,0
C,G,C,1400,100,1400,1,0
C,H,C,7134,100,7134,1,0
A,D,D,9225,100,9225,1,0
B,D,D,12484,100,12484,1,0
C,D,D,6629,100,6629,1,0
D,E,D,9406,100,9406,1,0
D,F,D,12866,100,12866,1,0
D,G,D,6797,100,6797,1,0
D,H,D,1394,100,1394,1,0
A,E,E,1352,100,1352,1,0
B,E,E,7073,100,7073,1,0
C,E,E,7539,100,7539,1,0
D,E,E,9331,100,9331,1,0
E,F,E,6984,100,6984,1,0
E,G,E,7345,100,7345,1,0
E,H,E,9641,100,9641,1,0
A,F,F,7362,100,7362,1,0
B,F,F,1456,100,1456,1,0
C,F,F,7120,100,7120,1,0
D,F,F,12866,100,12866,1,0
E,F,F,7030,100,7030,1,0
F,G,F,6894,100,6894,1,0
F,H,F,13258,100,13258,1,0
A,G,G,7543,100,7543,1,0
B,G,G,6755,100,6755,1,0
C,G,G,1380,100,1380,1,0
D,G,G,6826,100,6826,1,0
E,G,G,7280,100,7280,1,0
F,G,G,6881,100,6881,1,0
G,H,G,7044,100,7044,1,0
A,H,H,9684,100,9684,1,0
B,H,H,13080,100,13080,1,0
C,H,H,7090,100,7090,1,0
D,H,H,1444,100,1444,1,0
E,H,H,9661,100,9661,1,0
F,H,H,13238,100,13238,1,0
G,H,H,7057,100,7057,1,0
A,B,A,7180,100,7180,1,0
A,C,A,7601,100,7601,1,0
A,D,A,9209,100,9209,1,0
A,E,A,1361,100,1361,1,0
A,F,A,7376,100,7376,1,0
A,G,A,7547,100,7547,1,0
A,H,A,9690,100,9690,1,0
A,B,B,7184,100,7184,1,0
B,C,B,6713,100,6713,1,0
B,D,B,12514,100,12514,1,0
B,E,B,7031,100,7031,1,0
B,F,B,1428,100,1428,1,0
B,G,B,6742,100,6742,1,0
B,H,B,13033,100,13033,1,0
A,C,C,7585,100,7585,1,0
B,C,C,6709,100,6709,1,0
C,D,C,6598,100,6598,1,0
C,E,C,7574,100,7574,1,0
C,F,C,7122,100,7122,1,0
C,G,C,1343,100,1343,1,0
C,H,C,7124,100,7124,1,0
A,D,D,9195,100,9195,1,0
B,D,D,12533,100,12533,1,0
C,D,D,6582,100,6582,1,0
D,E,D,9378,100,9378,1,0
D,F,D,12868,100,12868,1,0
D,G,D,6797,100,6797,1,0
D,H,D,1436,100,1436,1,0
A,E,E,1420,100,1420,1,0
B,E,E,7079,100,7079,1,0
C,E,E,7555,100,7555,1,0
D,E,E,9328,100,9328,1,0
E,F,E,7012,100,7012,1,0
E,G,E,7321,100,7321,1,0
E,H,E,9669,100,9669,1,0
A,F,F,7385,100,7385,1,0
B,F,F,1455,100,1455,1,0
C,F,F,7135,100,7135,1,0
D,F,F,12874,100,12874,1,0
E,F,F,6982,100,6982,1,0
F,G,F,6913,100,6913,1,0
F,H,F,13267,100,13267,1,0
A,G,G,7598,100,7598,1,0
B,G,G,6772,100,6772,1,0
C,G,G,1312,100,1312,1,0
D,G,G,6827,100,6827,1,0
E,G,G,7305,100,7305,1,0
F,G,G,6899,100,6899,1,0
G,H,G,7077,100,7077,1,0
A,H,H,9695,100,9695,1,0
B,H,H,13068,100,13068,1,0
C,H,H,7095,100,7095,1,0
D,H,H,1415,100,1415,1,0
E,H,H,9636,100,9636,1,0
F,H,H,13206,100,13206,1,0
G,H,H,7045,100,7045,1,0
A,B,A,7166,100,7166,1,0
A,C,A,7624,100,7624,1,0
A,D,A,9188,100,9188,1,0
A,E,A,1363,100,1363,1,0
A,F,A,7440,100,7440,1,0
A,G,A,7519,100,7519,1,0
A,H,A,9709,100,9709,1,0
A,B,B,7106,100,7106,1,0
B,C,B,6743,100,6743,1,0
B,D,B,12524,100,12524,1,0
B,E,B,7031,100,7031,1,0
B,F,B,1410,100,1410,1,0
B,G,B,6767,100,6767,1,0
B,H,B,13042,100,13042,1,0
A,C,C,7570,100,7570,1,0
B,C,C,6716,100,6716,1,0
C,D,C,6617,100,6617,1,0
C,E,C,7538,100,7538,1,0
C,F,C,7136,100,7136,1,0
C,G,C,1307,100,1307,1,0
C,H,C,7102,100,7102,1,0
A,D,D,9223,100,9223,1,0
B,D,D,12553,100,12553,1,0
C,D,D,6598,100,6598,1,0
D,E,D,9347,100,9347,1,0
D,F,D,12919,100,12919,1,0
D,G,D,6830,100,6830,1,0
D,H,D,1370,100,1370,1,0
A,E,E,1397,100,1397,1,0
B,E,E,7081,100,7081,1,0
C,E,E,7504,100,7504,1,0
D,E,E,9340,100,9340,1,0
E,F,E,6986,100,6986,1,0
E,G,E,7298,100,7298,1,0
E,H,E,9644,100,9644,1,0
A,F,F,7401,100,7401,1,0
B,F,F,1424,100,1424,1,0
C,F,F,7101,100,7101,1,0
D,F,F,12906,100,12906,1,0
E,F,F,7008,100,7008,1,0
F,G,F,6871,100,6871,1,0
F,H,F,13261,100,13261,1,0
A,G,G,7565,100,7565,1,0
B,G,G,6729,100,6729,1,0
C,G,G,1386,100,1386,1,0
D,G,G,6836,100,6836,1,0
E,G,G,7293,100,7293,1,0
F,G,G,6864,100,6864,1,0
G,H,G,7022,100,7022,1,0
A,H,H,9747,100,9747,1,0
B,H,H,13044,100,13044,1,0
C,H,H,7098,100,7098,1,0
D,H,H,1427,100,1427,1,0
E,H,H,9694,100,9694,1,0
F,H,H,13219,100,13219,1,0
G,H,H,7068,100,7068,1,0
A,B,A,7128,100,7128,1,0
A,C,A,7557,100,7557,1,0
A,D,A,9189,100,9189,1,0
A,E,A,1412,100,1412,1,0
A,F,A,7387,100,7387,1,0
A,G,A,7587,100,7587,1,0
A,H,A,9663,100,9663,1,0
A,B,B,7153,100,7153,1,0
B,C,B,6729,100,6729,1,0
B,D,B,12557,100,12557,1,0
B,E,B,7044,100,7044,1,0
B,F,B,1425,100,1425,1,0
B,G,B,6732,100,6732,1,0
B,H,B,13034,100,13034,1,0
A,C,C,7604,100,7604,1,0
B,C,C,6721,100,6721,1,0
C,D,C,6575,100,6575,1,0
C,E,C,7544,100,7544,1,0
C,F,C,7113,100,7113,1,0
C,G,C,1354,100,1354,1,0
C,H,C,7099,100,7099,1,0
A,D,D,9217,100,9217,1,0
B,D,D,12522,100,12522,1,0
C,D,D,6629,100,6629,1,0
D,E,D,9364,100,9364,1,0
D,F,D,12840,100,12840,1,0
D,G,D,6815,100,6815,1,0
D,H,D,1418,100,1418,1,0
A,E,E,1344,100,1344,1,0
B,E,E,7096,100,7096,1,0
C,E,E,7552,100,7552,1,0
D,E,E,9317,100,9317,1,0
E,F,E,6963,100,6963,1,0
E,G,E,7332,100,7332,1,0
E,H,E,9664,100,9664,1,0
A,F,F,7365,100,7365,1,0
B,F,F,1457,100,1457,1,0
C,F,F,7123,100,7123,1,0
D,F,F,12892,100,12892,1,0
E,F,F,7021,100,7021,1,0
F,G,F,6894,100,6894,1,0
F,H,F,13244,100,13244,1,0
A,G,G,7558,100,7558,1,0
B,G,G,6748,100,6748,1,0
C,G,G,1371,100,1371,1,0
D,G,G,6812,100,6812,1,0
E,G,G,7327,100,7327,1,0
F,G,G,6891,100,6891,1,0
G,H,G,7015,100,7015,1,0
A,H,H,9686,100,9686,1,0
B,H,H,13064,100,13064,1,0
C,H,H,7091,100,7091,1,0
D,H,H,1419,100,1419,1,0
E,H,H,9656,100,9656,1,0
F,H,H,13241,100,13241,1,0
G,H,H,7035,100,7035,1,0
A,B,A,7146,100,7146,1,0
A,C,A,7613,100,7613,1,0
A,D,A,9194,100,9194,1,0
A,E,A,1377,100,1377,1,0
A,F,A,7412,100,7412,1,0
A,G,A,7622,100,7622,1,0
A,H,A,9692,100,9692,1,0
A,B,B,7151,100,7151,1,0
B,C,B,6744,100,6744,1,0
B,D,B,12572,100,12572,1,0
B,E,B,7053,100,7053,1,0
B,F,B,1375,100,1375,1,0
B,G,B,6770,100,6770,1,0
B,H,B,13102,100,13102,1,0
A,C,C,7617,100,7617,1,0
B,C,C,6732,100,6732,1,0
C,D,C,6575,100,6575,1,0
C,E,C,7511,100,7511,1,0
C,F,C,7119,100,7119,1,0
C,G,C,1346,100,1346,1,0
C,H,C,7139,100,7139,1,0
A,D,D,9200,100,9200,1,0
B,D,D,12546,100,12546,1,0
C,D,D,6615,100,6615,1,0
D,E,D,9354,100,9354,1,0
D,F,D,12871,100,12871,1,0
D,G,D,6835,100,6835,1,0
D,H,D,1418,100,1418,1,0
A,E,E,1345,100,1345,1,0
B,E,E,7001,100,7001,1,0
C,E,E,7592,100,7592,1,0
D,E,E,9301,100,9301,1,0
E,F,E,6975,100,6975,1,0
E,G,E,7327,100,7327,1,0
E,H,E,9677,100,9677,1,0
A,F,F,7388,100,7388,1,0
B,F,F,1472,100,1472,1,0
C,F,F,7138,100,7138,1,0
D,F,F,12903,100,12903,1,0
E,F,F,7010,100,7010,1,0
F,G,F,6863,100,6863,1,0
F,H,F,13217,100,13217,1,0
A,G,G,7601,100,7601,1,0
B,G,G,6740,100,6740,1,0
C,G,G,1386,100,1386,1,0
D,G,G,6824,100,6824,1,0
E,G,G,7269,100,7269,1,0
F,G,G,6886,100,6886,1,0
G,H,G,7052,100,7052,1,0
A,H,H,9663,100,9663,1,0
B,H,H,13094,100,13094,1,0
C,H,H,7135,100,7135,1,0
D,H,H,1434,100,1434,1,0
E,H,H,9659,100,9659,1,0
F,H,H,13265,100,13265,1,0
G,H,H,7073,100,7073,1,0
A,B,A,7180,100,7180,1,0
A,C,A,7546,100,7546,1,0
A,D,A,9231,100,9231,1,0
A,E,A,1433,100,1433,1,0
A,F,A,7366,100,7366,1,0
A,G,A,7587,100,7587,1,0
A,H,A,9647,100,9647,1,0
A,B,B,7125,100,7125,1,0
B,C,B,6740,100,6740,1,0
B,D,B,12534,100,12534,1,0
B,E,B,7060,100,7060,1,0
B,F,B,1436,100,1436,1,0
B,G,B,6749,100,6749,1,0
B,H,B,13036,100,13036,1,0
A,C,C,7576,100,7576,1,0
B,C,C,6712,100,6712,1,0
C,D,C,6596,100,6596,1,0
C,E,C,7527,100,7527,1,0
C,F,C,7116,100,7116,1,0
C,G,C,1365,100,1365,1,0
C,H,C,7109,100,7109,1,0
A,D,D,9229,100,9229,1,0
B,D,D,12484,100,12484,1,0
C,D,D,6628,100,6628,1,0
D,E,D,9359,100,9359,1,0
D,F,D,12863,100,12863,1,0
D,G,D,6837,100,6837,1,0
D,H,D,1442,100,1442,1,0
A,E,E,1376,100,1376,1,0
B,E,E,7081,100,7081,1,0
C,E,E,7566,100,7566,1,0
D,E,E,9370,100,9370,1,0
E,F,E,7004,100,7004,1,0
E,G,E,7315,100,7315,1,0
E,H,E,9682,100,9682,1,0
A,F,F,7399,100,7399,1,0
B,F,F,1432,100,1432,1,0
C,F,F,7149,100,7149,1,0
D,F,F,12867,100,12867,1,0
E,F,F,7024,100,7024,1,0
F,G,F,6880,100,6880,1,0
F,H,F,13280,100,13280,1,0
A,G,G,7619,100,7619,1,0
B,G,G,6758,100,6758,1,0
C,G,G,1357,100,1357,1,0
D,G,G,6837,100,6837,1,0
E,G,G,7332,100,7332,1,0
F,G,G,6872,100,6872,1,0
G,H,G,7038,100,7038,1,0
A,H,H,9748,100,9748,1,0
B,H,H,13036,100,13036,1,0
C,H,H,7135,100,7135,1,0
D,H,H,1455,100,1455,1,0
E,H,H,9661,100,9661,1,0
F,H,H,13225,100,13225,1,0
G,H,H,7014,100,7014,1,0
A,B,A,7143,100,7143,1,0
A,C,A,7523,100,7523,1,0
A,D,A,9203,100,9203,1,0
A,E,A,1342,100,1342,1,0
A,F,A,7371,100,7371,1,0
A,G,A,7552,100,7552,1,0
A,H,A,9666,100,9666,1,0
A,B,B,7143,100,7143,1,0
B,C,B,6714,100,6714,1,0
B,D,B,12559,100,12559,1,0
B,E,B,7082,100,7082,1,0
B,F,B,1429,100,1429,1,0
B,G,B,6781,100,6781,1,0
B,H,B,13007,100,13007,1,0
A,C,C,7602,100,7602,1,0
B,C,C,6727,100,6727,1,0
C,D,C,6571,100,6571,1,0
C,E,C,7522,100,7522,1,0
C,F,C,7140,100,7140,1,0
C,G,C,1347,100,1347,1,0
C,H,C,7136,100,7136,1,0
A,D,D,9167,100,9167,1,0
B,D,D,12506,100,12506,1,0
C,D,D,6620,100,6620,1,0
D,E,D,9328,100,9328,1,0
D,F,D,12877,100,12877,1,0
D,G,D,6778,100,6778,1,0
D,H,D,1415,100,1415,1,0
A,E,E,1397,100,1397,1,0
B,E,E,7039,100,7039,1,0
C,E,E,7531,100,7531,1,0
D,E,E,9386,100,9386,1,0
E,F,E,7024,100,7024,1,0
E,G,E,7291,100,7291,1,0
E,H,E,9724,100,9724,1,0
A,F,F,7424,100,7424,1,0
B,F,F,1408,100,1408,1,0
C,F,F,7139,100,7139,1,0
D,F,F,12856,100,12856,1,0
E,F,F,6982,100,6982,1,0
F,G,F,6892,100,6892,1,0
F,H,F,13204,100,13204,1,0
A,G,G,7580,100,7580,1,0
B,G,G,6758,100,6758,1,0
C,G,G,1372,100,1372,1,0
D,G,G,6833,100,6833,1,0
E,G,G,7300,100,7300,1,0
F,G,G,6876,100,6876,1,0
G,H,G,7055,100,7055,1,0
A,H,H,9711,100,9711,1,0
B,H,H,13073,100,13073,1,0
C,H,H,7068,100,7068,1,0
D,H,H,1462,100,1462,1,0
E,H,H,9630,100,9630,1,0
F,H,H,13249,100,13249,1,0
G,H,H,7069,100,7069,1,0
A,B,A,7128,100,7128,1,0
A,C,A,7549,100,7549,1,0
A,D,A,9197,100,9197,1,0
A,E,A,1386,100,1386,1,0
A,F,A,7330,100,7330,1,0
A,G,A,7599,100,7599,1,0
A,H,A,9692,100,9692,1,0
A,B,B,7103,100,7103,1,0
B,C,B,6717,100,6717,1,0
B,D,B,12544,100,12544,1,0
B,E,B,7038,100,7038,1,0
B,F,B,1448,100,1448,1,0
B,G,B,6758,100,6758,1,0
B,H,B,13073,100,13073,1,0
A,C,C,7553,100,7553,1,0
B,C,C,6732,100,6732,1,0
C,D,C,6636,100,6636,1,0
C,E,C,7529,100,7529,1,0
C,F,C,7135,100,7135,1,0
C,G,C,1350,100,1350,1,0
C,H,C,7077,100,7077,1,0
A,D,D,9177,100,9177,1,0
B,D,D,12543,100,12543,1,0
C,D,D,6597,100,6597,1,0
D,E,D,9418,100,9418,1,0
D,F,D,12877,100,12877,1,0
D,G,D,6782,100,6782,1,0
D,H,D,1451,100,1451,1,0
A,E,E,1358,100,1358,1,0
B,E,E,7075,100,7075,1,0
C,E,E,7547,100,7547,1,0
D,E,E,9335,100,9335,1,0
E,F,E,7029,100,7029,1,0
E,G,E,7274,100,7274,1,0
E,H,E,9656,100,9656,1,0
A,F,F,7384,100,7384,1,0
B,F,F,1411,100,1411,1,0
C,F,F,7136,100,7136,1,0
D,F,F,12865,100,12865,1,0
E,F,F,6987,100,6987,1,0
F,G,F,6861,100,6861,1,0
F,H,F,13215,100,13215,1,0
A,G,G,7599,100,7599,1,0
B,G,G,6733,100,6733,1,0
C,G,G,1363,100,1363,1,0
D,G,G,6761,100,6761,1,0
E,G,G,7330,100,7330,1,0
F,G,G,6891,100,6891,1,0
G,H,G,7057,100,7057,1,0
A,H,H,9681,100,9681,1,0
B,H,H,13057,100,13057,1,0
C,H,H,7117,100,7117,1,0
D,H,H,1490,100,1490,1,0
E,H,H,9651,100,9651,1,0
F,H,H,13267,100,13267,1,0
G,H,H,7030,100,7030,1,0
A,B,A,7116,100,7116,1,0
A,C,A,7608,100,7608,1,0
A,D,A,9190,100,9190,1,0
A,E,A,1348,100,1348,1,0
A,F,A,7362,100,7362,1,0
A,G,A,7567,100,7567,1,0
A,H,A,9676,100,9676,1,0
A,B,B,7127,100,7127,1,0
B,C,B,6698,100,6698,1,0
B,D,B,12542,100,12542,1,0
B,E,B,7115,100,7115,1,0
B,F,B,1428,100,1428,1,0
B,G,B,6760,100,6760,1,0
B,H,B,13025,100,13025,1,0
A,C,C,7617,100,7617,1,0
B,C,C,6749,100,6749,1,0
C,D,C,6584,100,6584,1,0
C,E,C,7547,100,7547,1,0
C,F,C,7121,100,7121,1,0
C,G,C,1391,100,1391,1,0
C,H,C,7133,100,7133,1,0
A,D,D,9199,100,9199,1,0
B,D,D,12552,100,12552,1,0
C,D,D,6595,100,6595,1,0
D,E,D,9314,100,9314,1,0
D,F,D,12884,100,12884,1,0
D,G,D,6861,100,6861,1,0
D,H,D,1474,100,1474,1,0
A,E,E,1339,100,1339,1,0
B,E,E,7098,100,7098,1,0
C,E,E,7616,100,7616,1,0
D,E,E,9330,100,9330,1,0
E,F,E,6977,100,6977,1,0
E,G,E,7309,100,7309,1,0
E,H,E,9670,100,9670,1,0
A,F,F,7368,100,7368,1,0
B,F,F,1394,100,1394,1,0
C,F,F,7136,100,7136,1,0
D,F,F,12884,100,12884,1,0
E,F,F,7013,100,7013,1,0
F,G,F,6894,100,6894,1,0
F,H,F,13237,100,13237,1,0
A,G,G,7584,100,7584,1,0
B,G,G,6802,100,6802,1,0
C,G,G,1326,100,1326,1,0
D,G,G,6823,100,6823,1,0
E,G,G,7293,100,7293,1,0
F,G,G,6908,100,6908,1,0
G,H,G,7082,100,7082,1,0
A,H,H,9674,100,9674,1,0
B,H,H,13020,100,13020,1,0
C,H,H,7161,100,7161,1,0
D,H,H,1418,100,1418,1,0
E,H,H,9649,100,9649,1,0
F,H,H,13207,100,13207,1,0
G,H,H,7037,100,7037,1,0
A,B,A,7147,100,7147,1,0
A,C,A,7585,100,7585,1,0
A,D,A,9206,100,9206,1,0
A,E,A,1347,100,1347,1,0
A,F,A,7377,100,7377,1,0
A,G,A,7539,100,7539,1,0
A,H,A,9692,100,9692,1,0
A,B,B,7128,100,7128,1,0
B,C,B,6713,100,6713,1,0
B,D,B,12533,100,12533,1,0
B,E,B,7016,100,7016,1,0
B,F,B,1409,100,1409,1,0
B,G,B,6793,100,6793,1,0
B,H,B,13023,100,13023,1,0
A,C,C,7565,100,7565,1,0
B,C,C,6691,100,6691,1,0
C,D,C,6601,100,6601,1,0
C,E,C,7573,100,7573,1,0
C,F,C,7128,100,7128,1,0
C,G,C,1354,100,1354,1,0
C,H,C,7124,100,7124,1,0
A,D,D,9196,100,9196,1,0
B,D,D,12527,100,12527,1,0
C,D,D,6594,100,6594,1,0
D,E,D,9339,100,9339,1,0
D,F,D,12873,100,12873,1,0
D,G,D,6834,100,6834,1,0
D,H,D,1431,100,1431,1,0
A,E,E,1379,100,1379,1,0
B,E,E,7034,100,7034,1,0
C,E,E,7502,100,7502,1,0
D,E,E,9355,100,9355,1,0
E,F,E,7045,100,7045,1,0
E,G,E,7332,100,7332,1,0
E,H,E,9664,100,9664,1,0
A,F,F,7381,100,7381,1,0
B,F,F,1429,100,1429,1,0
C,F,F,7093,100,7093,1,0
D,F,F,12852,100,12852,1,0
E,F,F,6986,100,6986,1,0
F,G,F,6882,100,6882,1,0
F,H,F,13265,100,13265,1,0
A,G,G,7560,100,7560,1,0
B,G,G,6782,100,6782,1,0
C,G,G,1340,100,1340,1,0
D,G,G,6813,100,6813,1,0
E,G,G,7294,100,7294,1,0
F,G,G,6879,100,6879,1,0
G,H,G,7059,100,7059,1,0
A,H,H,9694,100,9694,1,0
B,H,H,13039,100,13039,1,0
C,H,H,7127,100,7127,1,0
D,H,H,1445,100,1445,1,0
E,H,H,9638,100,9638,1,0
F,H,H,13204,100,13204,1,0
G,H,H,7040,100,7040,1,0
A,B,A,7137,100,7137,1,0
A,C,A,7582,100,7582,1,0
A,D,A,9185,100,9185,1,0
A,E,A,1335,100,1335,1,0
A,F,A,7363,100,7363,1,0
A,G,A,7543,100,7543,1,0
A,H,A,9673,100,9673,1,0
A,B,B,7123,100,7123,1,0
B,C,B,6729,100,6729,1,0
B,D,B,12489,100,12489,1,0
B,E,B,7028,100,7028,1,0
B,F,B,1434,100,1434,1,0
B,G,B,6746,100,6746,1,0
B,H,B,13021,100,13021,1,0
A,C,C,7569,100,7569,1,0
B,C,C,6721,100,6721,1,0
C,D,C,6648,100,6648,1,0
C,E,C,7549,100,7549,1,0
C,F,C,7147,100,7147,1,0
C,G,C,1368,100,1368,1,0
C,H,C,7100,100,7100,1,0
A,D,D,9229,100,9229,1,0
B,D,D,12562,100,12562,1,0
C,D,D,6618,100,6618,1,0
D,E,D,9394,100,9394,1,0
D,F,D,12904,100,12904,1,0
D,G,D,6814,100,6814,1,0
D,H,D,1486,100,1486,1,0
A,E,E,1375,100,1375,1,0
B,E,E,7051,100,7051,1,0
C,E,E,7579,100,7579,1,0
D,E,E,9343,100,9343,1,0
E,F,E,7004,100,7004,1,0
E,G,E,7320,100,7320,1,0
E,H,E,9658,100,9658,1,0
A,F,F,7367,100,7367,1,0
B,F,F,1404,100,1404,1,0
C,F,F,7115,100,7115,1,0
D,F,F,12836,100,12836,1,0
E,F,F,6997,100,6997,1,0
F,G,F,6894,100,6894,1,0
F,H,F,13255,100,13255,1,0
A,G,G,7570,100,7570,1,0
B,G,G,6718,100,6718,1,0
C,G,G,1376,100,1376,1,0
D,G,G,6795,100,6795,1,0
E,G,G,7288,100,7288,1,0
F,G,G,6877,100,6877,1,0
G,H,G,7036,100,7036,1,0
A,H,H,9712,100,9712,1,0
B,H,H,13063,100,13063,1,0
C,H,H,7096,100,7096,1,0
D,H,H,1463,100,1463,1,0
E,H,H,9675,100,9675,1,0
F,H,H,13237,100,13237,1,0
G,H,H,7014,100,7014,1,0
A,B,A,7147,100,7147,1,0
A,C,A,7564,100,7564,1,0
A,D,A,9201,100,9201,1,0
A,E,A,1340,100,1340,1,0
A,F,A,7354,100,7354,1,0
A,G,A,7613,100,7613,1,0
A,H,A,9710,100,9710,1,0
A,B,B,7171,100,7171,1,0
B,C,B,6695,100,6695,1,0
B,D,B,12537,100,12537,1,0
B,E,B,7044,100,7044,1,0
B,F,B,1458,100,1458,1,0
B,G,B,6727,100,6727,1,0
B,H,B,13061,100,13061,1,0
A,C,C,7601,100,7601,1,0
B,C,C,6738,100,6738,1,0
C,D,C,6597,100,6597,1,0
C,E,C,7530,100,7530,1,0
C,F,C,7112,100,7112,1,0
C,G,C,1368,100,1368,1,0
C,H,C,7109,100,7109,1,0
A,D,D,9207,100,9207,1,0
B,D,D,12514,100,12514,1,0
C,D,D,6571,100,6571,1,0
D,E,D,9376,100,9376,1,0
D,F,D,12885,100,12885,1,0
D,G,D,6776,100,6776,1,0
D,H,D,1486,100,1486,1,0
A,E,E,1341,100,1341,1,0
B,E,E,7057,100,7057,1,0
C,E,E,7542,100,7542,1,0
D,E,E,9355,100,9355,1,0
E,F,E,6998,100,6998,1,0
E,G,E,7305,100,7305,1,0
E,H,E,9670,100,9670,1,0
A,F,F,7417,100,7417,1,0
B,F,F,1449,100,1449,1,0
C,F,F,7121,100,7121,1,0
D,F,F,12864,100,12864,1,0
E,F,F,6991,100,6991,1,0
F,G,F,6846,100,6846,1,0
F,H,F,13242,100,13242,1,0
A,G,G,7619,100,7619,1,0
B,G,G,6795,100,6795,1,0
C,G,G,1347,100,1347,1,0
D,G,G,6809,100,6809,1,0
E,G,G,7282,100,7282,1,0
F,G,G,6858,100,6858,1,0
G,H,G,7093,100,7093,1,0
A,H,H,9675,100,9675,1,0
B,H,H,13086,100,13086,1,0
C,H,H,7123,100,7123,1,0
D,H,H,1424,100,1424,1,0
E,H,H,9657,100,9657,1,0
F,H,H,13237,100,13237,1,0
G,H,H,7076,100,7076,1,0
A,B,A,7156,100,7156,1,0
A,C,A,7568,100,7568,1,0
A,D,A,9227,100,9227,1,0
A,E,A,1371,100,1371,1,0
A,F,A,7405,100,7405,1,0
A,G,A,7571,100,7571,1,0
A,H,A,9724,100,9724,1,0
A,B,B,7139,100,7139,1,0
B,C,B,6730,100,6730,1,0
B,D,B,12546,100,12546,1,0
B,E,B,7056,100,7056,1,0
B,F,B,1436,100,1436,1,0
B,G,B,6754,100,6754,1,0
B,H,B,13036,100,13036,1,0
A,C,C,7615,100,7615,1,0
B,C,C,6726,100,6726,1,0
C,D,C,6608,100,6608,1,0
C,E,C,7538,100,7538,1,0
C,F,C,7106,100,7106,1,0
C,G,C,1379,100,1379,1,0
C,H,C,7134,100,7134,1,0
A,D,D,9180,100,9180,1,0
B,D,D,12497,100,12497,1,0
C,D,D,6580,100,6580,1,0
D,E,D,9404,100,9404,1,0
D,F,D,12891,100,12891,1,0
D,G,D,6769,100,6769,1,0
D,H,D,1482,100,1482,1,0
A,E,E,1397,100,1397,1,0
B,E,E,7037,100,7037,1,0
C,E,E,7528,100,7528,1,0
D,E,E,9325,100,9325,1,0
E,F,E,7012,100,7012,1,0
E,G,E,7330,100,7330,1,0
E,H,E,9683,100,9683,1,0
A,F,F,7365,100,7365,1,0
B,F,F,1416,100,1416,1,0
C,F,F,7155,100,7155,1,0
D,F,F,12883,100,12883,1,0
E,F,F,6981,100,6981,1,0
F,G,F,6886,100,6886,1,0
F,H,F,13209,100,13209,1,0
A,G,G,7568,100,7568,1,0
B,G,G,6743,100,6743,1,0
C,G,G,1352,100,1352,1,0
D,G,G,6802,100,6802,1,0
E,G,G,7287,100,7287,1,0
F,G,G,6906,100,6906,1,0
G,H,G,7011,100,7011,1,0
A,H,H,9702,100,9702,1,0
B,H,H,13068,100,13068,1,0
C,H,H,7090,100,7090,1,0
D,H,H,1469,100,1469,1,0
E,H,H,9665,100,9665,1,0
F,H,H,13260,100,13260,1,0
G,H,H,7014,100,7014,1,0
A,B,A,7140,100,7140,1,0
A,C,A,7546,100,7546,1,0
A,D,A,9212,100,9212,1,0
A,E,A,1395,100,1395,1,0
A,F,A,7372,100,7372,1,0
A,G,A,7602,100,7602,1,0
A,H,A,9666,100,9666,1,0
A,B,B,7121,100,7121,1,0
B,C,B,6689,100,6689,1,0
B,D,B,12484,100,12484,1,0
B,E,B,7048,100,7048,1,0
B,F,B,1414,100,1414,1,0
B,G,B,6761,100,6761,1,0
B,H,B,13060,100,13060,1,0
A,C,C,7537,100,7537,1,0
B,C,C,6695,100,6695,1,0
C,D,C,6600,100,6600,1,0
C,E,C,7519,100,7519,1,0
C,F,C,7130,100,7130,1,0
C,G,C,1353,100,1353,1,0
C,H,C,7113,100,7113,1,0
A,D,D,9193,100,9193,1,0
B,D,D,12530,100,12530,1,0
C,D,D,6594,100,6594,1,0
D,E,D,9349,100,9349,1,0
D,F,D,12834,100,12834,1,0
D,G,D,6798,100,6798,1,0
D,H,D,1488,100,1488,1,0
A,E,E,1391,100,1391,1,0
B,E,E,7046,100,7046,1,0
C,E,E,7587,100,7587,1,0
D,E,E,9367,100,9367,1,0
E,F,E,6981,100,6981,1,0
E,G,E,7299,100,7299,1,0
E,H,E,9643,100,9643,1,0
A,F,F,7359,100,7359,1,0
B,F,F,1440,100,1440,1,0
C,F,F,7118,100,7118,1,0
D,F,F,12837,100,12837,1,0
E,F,F,6997,100,6997,1,0
F,G,F,6916,100,6916,1,0
F,H,F,13215,100,13215,1,0
A,G,G,7552,100,7552,1,0
B,G,G,6719,100,6719,1,0
C,G,G,1343,100,1343,1,0
D,G,G,6780,100,6780,1,0
E,G,G,7301,100,7301,1,0
F,G,G,6910,100,6910,1,0
G,H,G,7043,100,7043,1,0
A,H,H,9708,100,9708,1,0
B,H,H,13034,100,13034,1,0
C,H,H,7081,100,7081,1,0
D,H,H,1464,100,1464,1,0
E,H,H,9650,100,9650,1,0
F,H,H,13214,100,13214,1,0
G,H,H,7038,100,7038,1,0
A,B,A,7151,100,7151,1,0
A,C,A,7558,100,7558,1,0
A,D,A,9214,100,9214,1,0
A,E,A,1329,100,1329,1,0
A,F,A,7385,100,7385,1,0
A,G,A,7565,100,7565,1,0
A,H,A,9711,100,9711,1,0
A,B,B,7157,100,7157,1,0
B,C,B,6690,100,6690,1,0
B,D,B,12524,100,12524,1,0
B,E,B,7036,100,7036,1,0
B,F,B,1392,100,1392,1,0
B,G,B,6718,100,6718,1,0
B,H,B,13045,100,13045,1,0
A,C,C,7625,100,7625,1,0
B,C,C,6714,100,6714,1,0
C,D,C,6597,100,6597,1,0
C,E,C,7564,100,7564,1,0
C,F,C,7122,100,7122,1,0
C,G,C,1307,100,1307,1,0
C,H,C,7185,100,7185,1,0
A,D,D,9195,100,9195,1,0
B,D,D,12587,100,12587,1,0
C,D,D,6600,100,6600,1,0
D,E,D,9367,100,9367,1,0
D,F,D,12844,100,12844,1,0
D,G,D,6794,100,6794,1,0
D,H,D,1451,100,1451,1,0
A,E,E,1325,100,1325,1,0
B,E,E,7020,100,7020,1,0
C,E,E,7585,100,7585,1,0
D,E,E,9290,100,9290,1,0
E,F,E,7030,100,7030,1,0
E,G,E,7320,100,7320,1,0
E,H,E,9622,100,9622,1,0
A,F,F,7384,100,7384,1,0
B,F,F,1437,100,1437,1,0
C,F,F,7125,100,7125,1,0
D,F,F,12893,100,12893,1,0
E,F,F,7019,100,7019,1,0
F,G,F,6899,100,6899,1,0
F,H,F,13291,100,13291,1,0
A,G,G,7594,100,7594,1,0
B,G,G,6739,100,6739,1,0
C,G,G,1377,100,1377,1,0
D,G,G,6817,100,6817,1,0
E,G,G,7332,100,7332,1,0
F,G,G,6853,100,6853,1,0
G,H,G,7060,100,7060,1,0
A,H,H,9722,100,9722,1,0
B,H,H,13017,100,13017,1,0
C,H,H,7143,100,7143,1,0
D,H,H,1454,100,1454,1,0
E,H,H,9651,100,9651,1,0
F,H,H,13210,100,13210,1,0
G,H,H,7041,100,7041,1,0
A,B,A,7155,100,7155,1,0
A,C,A,7539,100,7539,1,0
A,D,A,9212,100,9212,1,0
A,E,A,1369,100,1369,1,0
A,F,A,7384,100,7384,1,0
A,G,A,7605,100,7605,1,0
A,H,A,9706,100,9706,1,0
A,B,B,7155,100,7155,1,0
B,C,B,6717,100,6717,1,0
B,D,B,12544,100,12544,1,0
B,E,B,7009,100,7009,1,0
B,F,B,1423,100,1423,1,0
B,G,B,6781,100,6781,1,0
B,H,B,13004,100,13004,1,0
A,C,C,7528,100,7528,1,0
B,C,C,6676,100,6676,1,0
C,D,C,6608,100,6608,1,0
C,E,C,7524,100,7524,1,0
C,F,C,7117,100,7117,1,0
C,G,C,1316,100,1316,1,0
C,H,C,7121,100,7121,1,0
A,D,D,9188,100,9188,1,0
B,D,D,12465,100,12465,1,0
C,D,D,6589,100,6589,1,0
D,E,D,9329,100,9329,1,0
D,F,D,12863,100,12863,1,0
D,G,D,6818,100,6818,1,0
D,H,D,1469,100,1469,1,0
A,E,E,1336,100,1336,1,0
B,E,E,7049,100,7049,1,0
C,E,E,7514,100,7514,1,0
D,E,E,9317,100,9317,1,0
E,F,E,7013,100,7013,1,0
E,G,E,7318,100,7318,1,0
E,H,E,9686,100,9686,1,0
A,F,F,7352,100,7352,1,0
B,F,F,1443,100,1443,1,0
C,F,F,7143,100,7143,1,0
D,F,F,12877,100,12877,1,0
E,F,F,7033,100,7033,1,0
F,G,F,6902,100,6902,1,0
F,H,F,13246,100,13246,1,0
A,G,G,7589,100,7589,1,0
B,G,G,6762,100,6762,1,0
C,G,G,1337,100,1337,1,0
D,G,G,6808,100,6808,1,0
E,G,G,7303,100,7303,1,0
F,G,G,6910,100,6910,1,0
G,H,G,7078,100,7078,1,0
A,H,H,9698,100,9698,1,0
B,H,H,12976,100,12976,1,0
C,H,H,7082,100,7082,1,0
D,H,H,1470,100,1470,1,0
E,H,H,9643,100,9643,1,0
F,H,H,13237,100,13237,1,0
G,H,H,7043,100,7043,1,0
A,B,A,7116,100,7116,1,0
A,C,A,7580,100,7580,1,0
A,D,A,9187,100,9187,1,0
A,E,A,1421,100,1421,1,0
A,F,A,7391,100,7391,1,0
A,G,A,7634,100,7634,1,0
A,H,A,9693,100,9693,1,0
A,B,B,7193,100,7193,1,0
B,C,B,6705,100,6705,1,0
B,D,B,12584,100,12584,1,0
B,E,B,7067,100,7067,1,0
B,F,B,1392,100,1392,1,0
B,G,B,6799,100,6799,1,0
B,H,B,13031,100,13031,1,0
A,C,C,7632,100,7632,1,0
B,C,C,6713,100,6713,1,0
C,D,C,6605,100,6605,1,0
C,E,C,7522,100,7522,1,0
C,F,C,7157,100,7157,1,0
C,G,C,1349,100,1349,1,0
C,H,C,7114,100,7114,1,0
A,D,D,9186,100,9186,1,0
B,D,D,12490,100,12490,1,0
C,D,D,6583,100,6583,1,0
D,E,D,9319,100,9319,1,0
D,F,D,12846,100,12846,1,0
D,G,D,6783,100,6783,1,0
D,H,D,1469,100,1469,1,0
A,E,E,1307,100,1307,1,0
B,E,E,7046,100,7046,1,0
C,E,E,7576,100,7576,1,0
D,E,E,9348,100,9348,1,0
E,F,E,7002,100,7002,1,0
E,G,E,7311,100,7311,1,0
E,H,E,9665,100,9665,1,0
A,F,F,7383,100,7383,1,0
B,F,F,1441,100,1441,1,0
C,F,F,7120,100,7120,1,0
D,F,F,12876,100,12876,1,0
E,F,F,6998,100,6998,1,0
F,G,F,6895,100,6895,1,0
F,H,F,13223,100,13223,1,0
A,G,G,7582,100,7582,1,0
B,G,G,6792,100,6792,1,0
C,G,G,1375,100,1375,1,0
D,G,G,6827,100,6827,1,0
E,G,G,7337,100,7337,1,0
F,G,G,6875,100,6875,1,0
G,H,G,7042,100,7042,1,0
A,H,H,9682,100,9682,1,0
B,H,H,13036,100,13036,1,0
C,H,H,7094,100,7094,1,0
D,H,H,1496,100,1496,1,0
E,H,H,9690,100,9690,1,0
F,H,H,13271,100,13271,1,0
G,H,H,7074,100,7074,1,0
A,B,A,7182,100,7182,1,0
A,C,A,7564,100,7564,1,0
A,D,A,9193,100,9193,1,0
A,E,A,1357,100,1357,1,0
A,F,A,7385,100,7385,1,0
A,G,A,7588,100,7588,1,0
A,H,A,9696,100,9696,1,0
A,B,B,7155,100,7155,1,0
B,C,B,6713,100,6713,1,0
B,D,B,12493,100,12493,1,0
B,E,B,7048,100,7048,1,0
B,F,B,1446,100,1446,1,0
B,G,B,6742,100,6742,1,0
B,H,B,13029,100,13029,1,0
A,C,C,7545,100,7545,1,0
B,C,C,6741,100,6741,1,0
C,D,C,6621,100,6621,1,0
C,E,C,7535,100,7535,1,0
C,F,C,7146,100,7146,1,0
C,G,C,1319,100,1319,1,0
C,H,C,7066,100,7066,1,0
A,D,D,9180,100,9180,1,0
B,D,D,12561,100,12561,1,0
C,D,D,6614,100,6614,1,0
D,E,D,9296,100,9296,1,0
D,F,D,12884,100,12884,1,0
D,G,D,6801,100,6801,1,0
D,H,D,1427,100,1427,1,0
A,E,E,1417,100,1417,1,0
B,E,E,7071,100,7071,1,0
C,E,E,7531,100,7531,1,0
D,E,E,9355,100,9355,1,0
E,F,E,6984,100,6984,1,0
E,G,E,7313,100,7313,1,0
E,H,E,9654,100,9654,1,0
A,F,F,7337,100,7337,1,0
B,F,F,1450,100,1450,1,0
C,F,F,7152,100,7152,1,0
D,F,F,12864,100,12864,1,0
E,F,F,6979,100,6979,1,0
F,G,F,6865,100,6865,1,0
F,H,F,13227,100,13227,1,0
A,G,G,7569,100,7569,1,0
B,G,G,6756,100,6756,1,0
C,G,G,1320,100,1320,1,0
D,G,G,6806,100,6806,1,0
E,G,G,7266,100,7266,1,0
F,G,G,6882,100,6882,1,0
G,H,G,7066,100,7066,1,0
A,H,H,9718,100,9718,1,0
B,H,H,13047,100,13047,1,0
C,H,H,7099,100,7099,1,0
D,H,H,1421,100,1421,1,0
E,H,H,9652,100,9652,1,0
F,H,H,13230,100,13230,1,0
G,H,H,7038,100,7038,1,0
A,B,A,7161,100,7161,1,0
A,C,A,7612,100,7612,1,0
A,D,A,9199,100,9199,1,0
A,E,A,1338,100,1338,1,0
A,F,A,7400,100,7400,1,0
A,G,A,7587,100,7587,1,0
A,H,A,9671,100,9671,1,0
A,B,B,7126,100,7126,1,0
B,C,B,6727,100,6727,1,0
B,D,B,12512,100,12512,1,0
B,E,B,7042,100,7042,1,0
B,F,B,1405,100,1405,1,0
B,G,B,6756,100,6756,1,0
B,H,B,13060,100,13060,1,0
A,C,C,7561,100,7561,1,0
B,C,C,6702,100,6702,1,0
C,D,C,6601,100,6601,1,0
C,E,C,7507,100,7507,1,0
C,F,C,7099,100,7099,1,0
C,G,C,1374,100,1374,1,0
C,H,C,7091,100,7091,1,0
A,D,D,9218,100,9218,1,0
B,D,D,12538,100,12538,1,0
C,D,D,6601,100,6601,1,0
D,E,D,9364,100,9364,1,0
D,F,D,12862,100,12862,1,0
D,G,D,6873,100,6873,1,0
D,H,D,1484,100,1484,1,0
A,E,E,1424,100,1424,1,0
B,E,E,7029,100,7029,1,0
C,E,E,7527,100,7527,1,0
D,E,E,9375,100,9375,1,0
E,F,E,6995,100,6995,1,0
E,G,E,7310,100,7310,1,0
E,H,E,9670,100,9670,1,0
A,F,F,7358,100,7358,1,0
B,F,F,1449,100,1449,1,0
C,F,F,7145,100,7145,1,0
D,F,F,12857,100,12857,1,0
E,F,F,7001,100,7001,1,0
F,G,F,6902,100,6902,1,0
F,H,F,13250,100,13250,1,0
A,G,G,7569,100,7569,1,0
B,G,G,6776,100,6776,1,0
C,G,G,1365,100,1365,1,0
D,G,G,6818,100,6818,1,0
E,G,G,7294,100,7294,1,0
F,G,G,6870,100,6870,1,0
G,H,G,7020,100,7020,1,0
A,H,H,9729,100,9729,1,0
B,H,H,13043,100,13043,1,0
C,H,H,7051,100,7051,1,0
D,H,H,1460,100,1460,1,0
E,H,H,9687,100,9687,1,0
F,H,H,13204,100,13204,1,0
G,H,H,7038,100,7038,1,0
A,B,A,7185,100,7185,1,0
A,C,A,7572,100,7572,1,0
A,D,A,9185,100,9185,1,0
A,E,A,1356,100,1356,1,0
A,F,A,7394,100,7394,1,0
A,G,A,7584,100,7584,1,0
A,H,A,9748,100,9748,1,0
A,B,B,7145,100,7145,1,0
B,C,B,6700,100,6700,1,0
B,D,B,12545,100,12545,1,0
B,E,B,7017,100,7017,1,0
B,F,B,1444,100,1444,1,0
B,G,B,6740,100,6740,1,0
B,H,B,13067,100,13067,1,0
A,C,C,7558,100,7558,1,0
B,C,C,6720,100,6720,1,0
C,D,C,6574,100,6574,1,0
C,E,C,7509,100,7509,1,0
C,F,C,7132,100,7132,1,0
C,G,C,1337,100,1337,1,0
C,H,C,7086,100,7086,1,0
A,D,D,9163,100,9163,1,0
B,D,D,12554,100,12554,1,0
C,D,D,6561,100,6561,1,0
D,E,D,9314,100,9314,1,0
D,F,D,12868,100,12868,1,0
D,G,D,6804,100,6804,1,0
D,H,D,1414,100,1414,1,0
A,E,E,1373,100,1373,1,0
B,E,E,7031,100,7031,1,0
C,E,E,7524,100,7524,1,0
D,E,E,9344,100,9344,1,0
E,F,E,7004,100,7004,1,0
E,G,E,7299,100,7299,1,0
E,H,E,9633,100,9633,1,0
A,F,F,7370,100,7370,1,0
B,F,F,1442,100,1442,1,0
C,F,F,7127,100,7127,1,0
D,F,F,12857,100,12857,1,0
E,F,F,6996,100,6996,1,0
F,G,F,6878,100,6878,1,0
F,H,F,13215,100,13215,1,0
A,G,G,7589,100,7589,1,0
B,G,G,6776,100,6776,1,0
C,G,G,1378,100,1378,1,0
D,G,G,6811,100,6811,1,0
E,G,G,7310,100,7310,1,0
F,G,G,6881,100,6881,1,0
G,H,G,7018,100,7018,1,0
A,H,H,9663,100,9663,1,0
B,H,H,13054,100,13054,1,0
C,H,H,7109,100,7109,1,0
D,H,H,1419,100,1419,1,0
E,H,H,9667,100,9667,1,0
F,H,H,13248,100,13248,1,0
G,H,H,7053,100,7053,1,0
A,B,A,7113,100,7113,1,0
A,C,A,7509,100,7509,1,0
A,D,A,9200,100,9200,1,0
A,E,A,1354,100,1354,1,0
A,F,A,7368,100,7368,1,0
A,G,A,7538,100,7538,1,0
A,H,A,9697,100,9697,1,0
A,B,B,7163,100,7163,1,0
B,C,B,6745,100,6745,1,0
B,D,B,12548,100,12548,1,0
B,E,B,7035,100,7035,1,0
B,F,B,1459,100,1459,1,0
B,G,B,6764,100,6764,1,0
B,H,B,13002,100,13002,1,0
A,C,C,7609,100,7609,1,0
B,C,C,6748,100,6748,1,0
C,D,C,6638,100,6638,1,0
C,E,C,7527,100,7527,1,0
C,F,C,7133,100,7133,1,0
C,G,C,1319,100,1319,1,0
C,H,C,7078,100,7078,1,0
A,D,D,9165,100,9165,1,0
B,D,D,12525,100,12525,1,0
C,D,D,6630,100,6630,1,0
D,E,D,9356,100,9356,1,0
D,F,D,12853,100,12853,1,0
D,G,D,6852,100,6852,1,0
D,H,D,1435,100,1435,1,0
A,E,E,1412,100,1412,1,0
B,E,E,7100,100,7100,1,0
C,E,E,7491,100,7491,1,0
D,E,E,9353,100,9353,1,0
E,F,E,7031,100,7031,1,0
E,G,E,7313,100,7313,1,0
E,H,E,9636,100,9636,1,0
A,F,F,7371,100,7371,1,0
B,F,F,1450,100,1450,1,0
C,F,F,7153,100,7153,1,0
D,F,F,12891,100,12891,1,0
E,F,F,7000,100,7000,1,0
F,G,F,6893,100,6893,1,0
F,H,F,13201,100,13201,1,0
A,G,G,7572,100,7572,1,0
B,G,G,6756,100,6756,1,0
C,G,G,1383,100,1383,1,0
D,G,G,6835,100,6835,1,0
E,G,G,7302,100,7302,1,0
F,G,G,6878,100,6878,1,0
G,H,G,7050,100,7050,1,0
A,H,H,9696,100,9696,1,0
B,H,H,13021,100,13021,1,0
C,H,H,7139,100,7139,1,0
D,H,H,1460,100,1460,1,0
E,H,H,9639,100,9639,1,0
F,H,H,13243,100,13243,1,0
G,H,H,7072,100,7072,1,0
A,B,A,7166,100,7166,1,0
A,C,A,7606,100,7606,1,0
A,D,A,9224,100,9224,1,0
A,E,A,1402,100,1402,1,0
A,F,A,7395,100,7395,1,0
A,G,A,7534,100,7534,1,0
A,H,A,9682,100,9682,1,0
A,B,B,7139,100,7139,1,0
B,C,B,6707,100,6707,1,0
B,D,B,12485,100,12485,1,0
B,E,B,7028,100,7028,1,0
B,F,B,1443,100,1443,1,0
B,G,B,6773,100,6773,1,0
B,H,B,13053,100,13053,1,0
A,C,C,7530,100,7530,1,0
B,C,C,6669,100,6669,1,0
C,D,C,6623,100,6623,1,0
C,E,C,7530,100,7530,1,0
C,F,C,7111,100,7111,1,0
C,G,C,1369,100,1369,1,0
C,H,C,7106,100,7106,1,0
A,D,D,9190,100,9190,1,0
B,D,D,12501,100,12501,1,0
C,D,D,6590,100,6590,1,0
D,E,D,9360,100,9360,1,0
D,F,D,12908,100,12908,1,0
D,G,D,6808,100,6808,1,0
D,H,D,1469,100,1469,1,0
A,E,E,1367,100,1367,1,0
B,E,E,7078,100,7078,1,0
C,E,E,7575,100,7575,1,0
D,E,E,9362,100,9362,1,0
E,F,E,7006,100,7006,1,0
E,G,E,7309,100,7309,1,0
E,H,E,9679,100,9679,1,0
A,F,F,7426,100,7426,1,0
B,F,F,1463,100,1463,1,0
C,F,F,7132,100,7132,1,0
D,F,F,12876,100,12876,1,0
E,F,F,7002,100,7002,1,0
F,G,F,6881,100,6881,1,0
F,H,F,13272,100,13272,1,0
A,G,G,7569,100,7569,1,0
B,G,G,6754,100,6754,1,0
C,G,G,1362,100,1362,1,0
D,G,G,6794,100,6794,1,0
E,G,G,7328,100,7328,1,0
F,G,G,6881,100,6881,1,0
G,H,G,7032,100,7032,1,0
A,H,H,9673,100,9673,1,0
B,H,H,13046,100,13046,1,0
C,H,H,7127,100,7127,1,0
D,H,H,1488,100,1488,1,0
E,H,H,9657,100,9657,1,0
F,H,H,13260,100,13260,1,0
G,H,H,7075,100,7075,1,0
A,B,A,7196,100,7196,1,0
A,C,A,7644,100,7644,1,0
A,D,A,9204,100,9204,1,0
A,E,A,1394,100,1394,1,0
A,F,A,7401,100,7401,1,0
A,G,A,7577,100,7577,1,0
A,H,A,9685,100,9685,1,0
A,B,B,7124,100,7124,1,0
B,C,B,6705,100,6705,1,0
B,D,B,12544,100,12544,1,0
B,E,B,7019,100,7019,1,0
B,F,B,1434,100,1434,1,0
B,G,B,6715,100,6715,1,0
B,H,B,13026,100,13026,1,0
A,C,C,7583,100,7583,1,0
B,C,C,6747,100,6747,1,0
C,D,C,6582,100,6582,1,0
C,E,C,7538,100,7538,1,0
C,F,C,7108,100,7108,1,0
C,G,C,1333,100,1333,1,0
C,H,C,7127,100,7127,1,0
A,D,D,9181,100,9181,1,0
B,D,D,12554,100,12554,1,0
C,D,D,6606,100,6606,1,0
D,E,D,9400,100,9400,1,0
D,F,D,12846,100,12846,1,0
D,G,D,6810,100,6810,1,0
D,H,D,1415,100,1415,1,0
A,E,E,1351,100,1351,1,0
B,E,E,7001,100,7001,1,0
C,E,E,7485,100,7485,1,0
D,E,E,9378,100,9378,1,0
E,F,E,7011,100,7011,1,0
E,G,E,7304,100,7304,1,0
E,H,E,9632,100,9632,1,0
A,F,F,7413,100,7413,1,0
B,F,F,1423,100,1423,1,0
C,F,F,7102,100,7102,1,0
D,F,F,12850,100,12850,1,0
E,F,F,7045,100,7045,1,0
F,G,F,6854,100,6854,1,0
F,H,F,13215,100,13215,1,0
A,G,G,7568,100,7568,1,0
B,G,G,6785,100,6785,1,0
C,G,G,1370,100,1370,1,0
D,G,G,6785,100,6785,1,0
E,G,G,7302,100,7302,1,0
F,G,G,6894,100,6894,1,0
G,H,G,7039,100,7039,1,0
A,H,H,9669,100,9669,1,0
B,H,H,13068,100,13068,1,0
C,H,H,7108,100,7108,1,0
D,H,H,1426,100,1426,1,0
E,H,H,9678,100,9678,1,0
F,H,H,13225,100,13225,1,0
G,H,H,7051,100,7051,1,0
A,B,A,7171,100,7171,1,0
A,C,A,7569,100,7569,1,0
A,D,A,9214,100,9214,1,0
A,E,A,1413,100,1413,1,0
A,F,A,7344,100,7344,1,0
A,G,A,7653,100,7653,1,0
A,H,A,9671,100,9671,1,0
A,B,B,7143,100,7143,1,0
B,C,B,6760,100,6760,1,0
B,D,B,12522,100,12522,1,0
B,E,B,7080,100,7080,1,0
B,F,B,1453,100,1453,1,0
B,G,B,6747,100,6747,1,0
B,H,B,13031,100,13031,1,0
A,C,C,7612,100,7612,1,0
B,C,C,6738,100,6738,1,0
C,D,C,6657,100,6657,1,0
C,E,C,7547,100,7547,1,0
C,F,C,7093,100,7093,1,0
C,G,C,1321,100,1321,1,0
C,H,C,7112,100,7112,1,0
A,D,D,9182,100,9182,1,0
B,D,D,12562,100,12562,1,0
C,D,D,6591,100,6591,1,0
D,E,D,9328,100,9328,1,0
D,F,D,12844,100,12844,1,0
D,G,D,6844,100,6844,1,0
D,H,D,1431,100,1431,1,0
A,E,E,1379,100,1379,1,0
B,E,E,7036,100,7036,1,0
C,E,E,7533,100,7533,1,0
D,E,E,9358,100,9358,1,0
E,F,E,6993,100,6993,1,0
E,G,E,7279,100,7279,1,0
E,H,E,9690,100,9690,1,0
A,F,F,7350,100,7350,1,0
B,F,F,1430,100,1430,1,0
C,F,F,7131,100,7131,1,0
D,F,F,12891,100,12891,1,0
E,F,F,6982,100,6982,1,0
F,G,F,6894,100,6894,1,0
F,H,F,13254,100,13254,1,0
A,G,G,7560,100,7560,1,0
B,G,G,6763,100,6763,1,0
C,G,G,1354,100,1354,1,0
D,G,G,6792,100,6792,1,0
E,G,G,7318,100,7318,1,0
F,G,G,6876,100,6876,1,0
G,H,G,7041,100,7041,1,0
A,H,H,9694,100,9694,1,0
B,H,H,13048,100,13048,1,0
C,H,H,7091,100,7091,1,0
D,H,H,1414,100,1414,1,0
E,H,H,9654,100,9654,1,0
F,H,H,13202,100,13202,1,0
G,H,H,7067,100,7067,1,0
A,B,A,7140,100,7140,1,0
A,C,A,7560,100,7560,1,0
A,D,A,9210,100,9210,1,0
A,E,A,1436,100,1436,1,0
A,F,A,7400,100,7400,1,0
A,G,A,7565,100,7565,1,0
A,H,A,9677,100,9677,1,0
A,B,B,7130,100,7130,1,0
B,C,B,6712,100,6712,1,0
B,D,B,12546,100,12546,1,0
B,E,B,7079,100,7079,1,0
B,F,B,1418,100,1418,1,0
B,G,B,6759,100,6759,1,0
B,H,B,13053,100,13053,1,0
A,C,C,7600,100,7600,1,0
B,C,C,6734,100,6734,1,0
C,D,C,6593,100,6593,1,0
C,E,C,7541,100,7541,1,0
C,F,C,7104,100,7104,1,0
C,G,C,1354,100,1354,1,0
C,H,C,7124,100,7124,1,0
A,D,D,9215,100,9215,1,0
B,D,D,12500,100,12500,1,0
C,D,D,6598,100,6598,1,0
D,E,D,9362,100,9362,1,0
D,F,D,12857,100,12857,1,0
D,G,D,6813,100,6813,1,0
D,H,D,1428,100,1428,1,0
A,E,E,1362,100,1362,1,0
B,E,E,7081,100,7081,1,0
C,E,E,7558,100,7558,1,0
D,E,E,9376,100,9376,1,0
E,F,E,7030,100,7030,1,0
E,G,E,7306,100,7306,1,0
E,H,E,9686,100,9686,1,0
A,F,F,7364,100,7364,1,0
B,F,F,1442,100,1442,1,0
C,F,F,7106,100,7106,1,0
D,F,F,12842,100,12842,1,0
E,F,F,6984,100,6984,1,0
F,G,F,6877,100,6877,1,0
F,H,F,13215,100,13215,1,0
A,G,G,7553,100,7553,1,0
B,G,G,6759,100,6759,1,0
C,G,G,1351,100,1351,1,0
D,G,G,6801,100,6801,1,0
E,G,G,7297,100,7297,1,0
F,G,G,6870,100,6870,1,0
G,H,G,7038,100,7038,1,0
A,H,H,9673,100,9673,1,0
B,H,H,13047,100,13047,1,0
C,H,H,7132,100,7132,1,0
D,H,H,1473,100,1473,1,0
E,H,H,9661,100,9661,1,0
F,H,H,13214,100,13214,1,0
G,H,H,7009,100,7009,1,0
A,B,A,7142,100,7142,1,0
A,C,A,7555,100,7555,1,0
A,D,A,9206,100,9206,1,0
A,E,A,1355,100,1355,1,0
A,F,A,7374,100,7374,1,0
A,G,A,7596,100,7596,1,0
A,H,A,9695,100,9695,1,0
A,B,B,7155,100,7155,1,0
B,C,B,6699,100,6699,1,0
B,D,B,12523,100,12523,1,0
B,E,B,7059,100,7059,1,0
B,F,B,1435,100,1435,1,0
B,G,B,6773,100,6773,1,0
B,H,B,12993,100,12993,1,0
A,C,C,7555,100,7555,1,0
B,C,C,6711,100,6711,1,0
C,D,C,6613,100,6613,1,0
C,E,C,7587,100,7587,1,0
C,F,C,7115,100,7115,1,0
C,G,C,1366,100,1366,1,0
C,H,C,7149,100,7149,1,0
A,D,D,9181,100,9181,1,0
B,D,D,12531,100,12531,1,0
C,D,D,6593,100,6593,1,0
D,E,D,9341,100,9341,1,0
D,F,D,12856,100,12856,1,0
D,G,D,6798,100,6798,1,0
D,H,D,1427,100,1427,1,0
A,E,E,1396,100,1396,1,0
B,E,E,7053,100,7053,1,0
C,E,E,7516,100,7516,1,0
D,E,E,9383,100,9383,1,0
E,F,E,7004,100,7004,1,0
E,G,E,7298,100,7298,1,0
E,H,E,9644,100,9644,1,0
A,F,F,7367,100,7367,1,0
B,F,F,1435,100,1435,1,0
C,F,F,7140,100,7140,1,0
D,F,F,12868,100,12868,1,0
E,F,F,6997,100,6997,1,0
F,G,F,6906,100,6906,1,0
F,H,F,13179,100,13179,1,0
A,G,G,7559,100,7559,1,0
B,G,G,6722,100,6722,1,0
C,G,G,1364,100,1364,1,0
D,G,G,6807,100,6807,1,0
E,G,G,7299,100,7299,1,0
F,G,G,6869,100,6869,1,0
G,H,G,7052,100,7052,1,0
A,H,H,9746,100,9746,1,0
B,H,H,13070,100,13070,1,0
C,H,H,7106,100,7106,1,0
D,H,H,1499,100,1499,1,0
E,H,H,9633,100,9633,1,0
F,H,H,13207,100,13207,1,0
G,H,H,7016,100,7016,1,0
A,B,A,7176,100,7176,1,0
A,C,A,7549,100,7549,1,0
A,D,A,9193,100,9193,1,0
A,E,A,1388,100,1388,1,0
A,F,A,7412,100,7412,1,0
A,G,A,7577,100,7577,1,0
A,H,A,9735,100,9735,1,0
A,B,B,7112,100,7112,1,0
B,C,B,6682,100,6682,1,0
B,D,B,12523,100,12523,1,0
B,E,B,7012,100,7012,1,0
B,F,B,1440,100,1440,1,0
B,G,B,6762,100,6762,1,0
B,H,B,13074,100,13074,1,0
A,C,C,7566,100,7566,1,0
B,C,C,6724,100,6724,1,0
C,D,C,6596,100,6596,1,0
C,E,C,7528,100,7528,1,0
C,F,C,7131,100,7131,1,0
C,G,C,1364,100,1364,1,0
C,H,C,7151,100,7151,1,0
A,D,D,9203,100,9203,1,0
B,D,D,12513,100,12513,1,0
C,D,D,6587,100,6587,1,0
D,E,D,9349,100,9349,1,0
D,F,D,12857,100,12857,1,0
D,G,D,6796,100,6796,1,0
D,H,D,1483,100,1483,1,0
A,E,E,1354,100,1354,1,0
B,E,E,7038,100,7038,1,0
C,E,E,7554,100,7554,1,0
D,E,E,9317,100,9317,1,0
E,F,E,6992,100,6992,1,0
E,G,E,7314,100,7314,1,0
E,H,E,9711,100,9711,1,0
A,F,F,7413,100,7413,1,0
B,F,F,1427,100,1427,1,0
C,F,F,7139,100,7139,1,0
D,F,F,12908,100,12908,1,0
E,F,F,6999,100,6999,1,0
F,G,F,6896,100,6896,1,0
F,H,F,13287,100,13287,1,0
A,G,G,7579,100,7579,1,0
B,G,G,6805,100,6805,1,0
C,G,G,1317,100,1317,1,0
D,G,G,6788,100,6788,1,0
E,G,G,7302,100,7302,1,0
F,G,G,6894,100,6894,1,0
G,H,G,7078,100,7078,1,0
A,H,H,9681,100,9681,1,0
B,H,H,13072,100,13072,1,0
C,H,H,7055,100,7055,1,0
D,H,H,1488,100,1488,1,0
E,H,H,9644,100,9644,1,0
F,H,H,13239,100,13239,1,0
G,H,H,7047,100,7047,1,0
A,B,A,7145,100,7145,1,0
A,C,A,7575,100,7575,1,0
A,D,A,9206,100,9206,1,0
A,E,A,1348,100,1348,1,0
A,F,A,7372,100,7372,1,0
A,G,A,7607,100,7607,1,0
A,H,A,9670,100,9670,1,0
A,B,B,7136,100,7136,1,0
B,C,B,6682,100,6682,1,0
B,D,B,12536,100,12536,1,0
B,E,B,7059,100,7059,1,0
B,F,B,1476,100,1476,1,0
B,G,B,6781,100,6781,1,0
B,H,B,13023,100,13023,1,0
A,C,C,7564,100,7564,1,0
B,C,C,6715,100,6715,1,0
C,D,C,6570,100,6570,1,0
C,E,C,7549,100,7549,1,0
C,F,C,7140,100,7140,1,0
C,G,C,1386,100,1386,1,0
C,H,C,7128,100,7128,1,0
A,D,D,9223,100,9223,1,0
B,D,D,12507,100,12507,1,0
C,D,D,6606,100,6606,1,0
D,E,D,9311,100,9311,1,0
D,F,D,12895,100,12895,1,0
D,G,D,6802,100,6802,1,0
D,H,D,1438,100,1438,1,0
A,E,E,1421,100,1421,1,0
B,E,E,7031,100,7031,1,0
C,E,E,7554,100,7554,1,0
D,E,E,9339,100,9339,1,0
E,F,E,6984,100,6984,1,0
E,G,E,7289,100,7289,1,0
E,H,E,9703,100,9703,1,0
A,F,F,7381,100,7381,1,0
B,F,F,1403,100,1403,1,0
C,F,F,7144,100,7144,1,0
D,F,F,12878,100,12878,1,0
E,F,F,7014,100,7014,1,0
F,G,F,6897,100,6897,1,0
F,H,F,13241,100,13241,1,0
A,G,G,7588,100,7588,1,0
B,G,G,6721,100,6721,1,0
C,G,G,1344,100,1344,1,0
D,G,G,6790,100,6790,1,0
E,G,G,7339,100,7339,1,0
F,G,G,6867,100,6867,1,0
G,H,G,6995,100,6995,1,0
A,H,H,9705,100,9705,1,0
B,H,H,13005,100,13005,1,0
C,H,H,7112,100,7112,1,0
D,H,H,1472,100,1472,1,0
E,H,H,9646,100,9646,1,0
F,H,H,13247,100,13247,1,0
G,H,H,7056,100,7056,1,0
A,B,A,7158,100,7158,1,0
A,C,A,7586,100,7586,1,0
A,D,A,9213,100,9213,1,0
A,E,A,1405,100,1405,1,0
A,F,A,7401,100,7401,1,0
A,G,A,7573,100,7573,1,0
A,H,A,9745,100,9745,1,0
A,B,B,7158,100,7158,1,0
B,C,B,6723,100,6723,1,0
B,D,B,12530,100,12530,1,0
B,E,B,7018,100,7018,1,0
B,F,B,1416,100,1416,1,0
B,G,B,6747,100,6747,1,0
B,H,B,13004,100,13004,1,0
A,C,C,7574,100,7574,1,0
B,C,C,6736,100,6736,1,0
C,D,C,6630,100,6630,1,0
C,E,C,7563,100,7563,1,0
C,F,C,7119,100,7119,1,0
C,G,C,1386,100,1386,1,0
C,H,C,7082,100,7082,1,0
A,D,D,9199,100,9199,1,0
B,D,D,12560,100,12560,1,0
C,D,D,6600,100,6600,1,0
D,E,D,9356,100,9356,1,0
D,F,D,12854,100,12854,1,0
D,G,D,6837,100,6837,1,0
D,H,D,1480,100,1480,1,0
A,E,E,1353,100,1353,1,0
B,E,E,7088,100,7088,1,0
C,E,E,7551,100,7551,1,0
D,E,E,9372,100,9372,1,0
E,F,E,7001,100,7001,1,0
E,G,E,7312,100,7312,1,0
E,H,E,9689,100,9689,1,0
A,F,F,7374,100,7374,1,0
B,F,F,1458,100,1458,1,0
C,F,F,7115,100,7115,1,0
D,F,F,12849,100,12849,1,0
E,F,F,7008,100,7008,1,0
F,G,F,6880,100,6880,1,0
F,H,F,13251,100,13251,1,0
A,G,G,7602,100,7602,1,0
B,G,G,6762,100,6762,1,0
C,G,G,1407,100,1407,1,0
D,G,G,6839,100,6839,1,0
E,G,G,7283,100,7283,1,0
F,G,G,6884,100,6884,1,0
G,H,G,7058,100,7058,1,0
A,H,H,9703,100,9703,1,0
B,H,H,13003,100,13003,1,0
C,H,H,7095,100,7095,1,0
D,H,H,1490,100,1490,1,0
E,H,H,9648,100,9648,1,0
F,H,H,13243,100,13243,1,0
G,H,H,7038,100,7038,1,0
A,B,A,7161,100,7161,1,0
A,C,A,7567,100,7567,1,0
A,D,A,9209,100,9209,1,0
A,E,A,1386,100,1386,1,0
A,F,A,7377,100,7377,1,0
A,G,A,7583,100,7583,1,0
A,H,A,9705,100,9705,1,0
A,B,B,7146,100,7146,1,0
B,C,B,6713,100,6713,1,0
B,D,B,12549,100,12549,1,0
B,E,B,7033,100,7033,1,0
B,F,B,1446,100,1446,1,0
B,G,B,6763,100,6763,1,0
B,H,B,13073,100,13073,1,0
A,C,C,7556,100,7556,1,0
B,C,C,6717,100,6717,1,0
C,D,C,6593,100,6593,1,0
C,E,C,7533,100,7533,1,0
C,F,C,7139,100,7139,1,0
C,G,C,1359,100,1359,1,0
C,H,C,7135,100,7135,1,0
A,D,D,9218,100,9218,1,0
B,D,D,12510,100,12510,1,0
C,D,D,6602,100,6602,1,0
D,E,D,9365,100,9365,1,0
D,F,D,12883,100,12883,1,0
D,G,D,6782,100,6782,1,0
D,H,D,1448,100,1448,1,0
A,E,E,1449,100,1449,1,0
B,E,E,7036,100,7036,1,0
C,E,E,7539,100,7539,1,0
D,E,E,9427,100,9427,1,0
E,F,E,7017,100,7017,1,0
E,G,E,7332,100,7332,1,0
E,H,E,9628,100,9628,1,0
A,F,F,7372,100,7372,1,0
B,F,F,1437,100,1437,1,0
C,F,F,7133,100,7133,1,0
D,F,F,12894,100,12894,1,0
E,F,F,6977,100,6977,1,0
F,G,F,6858,100,6858,1,0
F,H,F,13222,100,13222,1,0
A,G,G,7560,100,7560,1,0
B,G,G,6777,100,6777,1,0
C,G,G,1339,100,1339,1,0
D,G,G,6823,100,6823,1,0
E,G,G,7305,100,7305,1,0
F,G,G,6893,100,6893,1,0
G,H,G,7071,100,7071,1,0
A,H,H,9712,100,9712,1,0
B,H,H,13046,100,13046,1,0
C,H,H,7126,100,7126,1,0
D,H,H,1443,100,1443,1,0
E,H,H,9649,100,9649,1,0
F,H,H,13223,100,13223,1,0
G,H,H,7086,100,7086,1,0
A,B,A,7126,100,7126,1,0
A,C,A,7557,100,7557,1,0
A,D,A,9226,100,9226,1,0
A,E,A,1379,100,1379,1,0
A,F,A,7327,100,7327,1,0
A,G,A,7575,100,7575,1,0
A,H,A,9678,100,9678,1,0
A,B,B,7195,100,7195,1,0
B,C,B,6725,100,6725,1,0
B,D,B,12503,100,12503,1,0
B,E,B,7079,100,7079,1,0
B,F,B,1434,100,1434,1,0
B,G,B,6768,100,6768,1,0
B,H,B,13037,100,13037,1,0
A,C,C,7636,100,7636,1,0
B,C,C,6682,100,6682,1,0
C,D,C,6584,100,6584,1,0
C,E,C,7570,100,7570,1,0
C,F,C,7128,100,7128,1,0
C,G,C,1361,100,1361,1,0
C,H,C,7097,100,7097,1,0
A,D,D,9197,100,9197,1,0
B,D,D,12528,100,12528,1,0
C,D,D,6598,100,6598,1,0
D,E,D,9412,100,9412,1,0
D,F,D,12873,100,12873,1,0
D,G,D,6821,100,6821,1,0
D,H,D,1434,100,1434,1,0
A,E,E,1366,100,1366,1,0
B,E,E,7032,100,7032,1,0
C,E,E,7508,100,7508,1,0
D,E,E,9358,100,9358,1,0
E,F,E,7006,100,7006,1,0
E,G,E,7313,100,7313,1,0
E,H,E,9614,100,9614,1,0
A,F,F,7338,100,7338,1,0
B,F,F,1431,100,1431,1,0
C,F,F,7115,100,7115,1,0
D,F,F,12870,100,12870,1,0
E,F,F,7005,100,7005,1,0
F,G,F,6904,100,6904,1,0
F,H,F,13252,100,13252,1,0
A,G,G,7567,100,7567,1,0
B,G,G,6784,100,6784,1,0
C,G,G,1406,100,1406,1,0
D,G,G,6839,100,6839,1,0
E,G,G,7302,100,7302,1,0
F,G,G,6858,100,6858,1,0
G,H,G,7004,100,7004,1,0
A,H,H,9667,100,9667,1,0
B,H,H,13048,100,13048,1,0
C,H,H,7095,100,7095,1,0
D,H,H,1437,100,1437,1,0
E,H,H,9675,100,9675,1,0
F,H,H,13244,100,13244,1,0
G,H,H,7063,100,7063,1,0
A,B,A,7147,100,7147,1,0
A,C,A,7557,100,7557,1,0
A,D,A,9193,100,9193,1,0
A,E,A,1405,100,1405,1,0
A,F,A,7363,100,7363,1,0
A,G,A,7573,100,7573,1,0
A,H,A,9699,100,9699,1,0
A,B,B,7134,100,7134,1,0
B,C,B,6682,100,6682,1,0
B,D,B,12508,100,12508,1,0
B,E,B,7045,100,7045,1,0
B,F,B,1447,100,1447,1,0
B,G,B,6725,100,6725,1,0
B,H,B,13074,100,13074,1,0
A,C,C,7553,100,7553,1,0
B,C,C,6721,100,6721,1,0
C,D,C,6592,100,6592,1,0
C,E,C,7530,100,7530,1,0
C,F,C,7111,100,7111,1,0
C,G,C,1346,100,1346,1,0
C,H,C,7118,100,7118,1,0
A,D,D,9198,100,9198,1,0
B,D,D,12498,100,12498,1,0
C,D,D,6592,100,6592,1,0
D,E,D,9350,100,9350,1,0
D,F,D,12860,100,12860,1,0
D,G,D,6783,100,6783,1,0
D,H,D,1417,100,1417,1,0
A,E,E,1435,100,1435,1,0
B,E,E,7050,100,7050,1,0
C,E,E,7542,100,7542,1,0
D,E,E,9380,100,9380,1,0
E,F,E,7004,100,7004,1,0
E,G,E,7311,100,7311,1,0
E,H,E,9708,100,9708,1,0
A,F,F,7373,100,7373,1,0
B,F,F,1418,100,1418,1,0
C,F,F,7125,100,7125,1,0
D,F,F,12864,100,12864,1,0
E,F,F,6980,100,6980,1,0
F,G,F,6908,100,6908,1,0
F,H,F,13246,100,13246,1,0
A,G,G,7543,100,7543,1,0
B,G,G,6724,100,6724,1,0
C,G,G,1369,100,1369,1,0
D,G,G,6797,100,6797,1,0
E,G,G,7323,100,7323,1,0
F,G,G,6850,100,6850,1,0
G,H,G,7024,100,7024,1,0
A,H,H,9704,100,9704,1,0
B,H,H,13069,100,13069,1,0
C,H,H,7120,100,7120,1,0
D,H,H,1449,100,1449,1,0
E,H,H,9693,100,9693,1,0
F,H,H,13241,100,13241,1,0
G,H,H,7046,100,7046,1,0
A,B,A,7125,100,7125,1,0
A,C,A,7617,100,7617,1,0
A,D,A,9201,100,9201,1,0
A,E,A,1362,100,1362,1,0
A,F,A,7383,100,7383,1,0
A,G,A,7579,100,7579,1,0
A,H,A,9712,100,9712,1,0
A,B,B,7168,100,7168,1,0
B,C,B,6710,100,6710,1,0
B,D,B,12528,100,12528,1,0
B,E,B,7042,100,7042,1,0
B,F,B,1401,100,1401,1,0
B,G,B,6764,100,6764,1,0
B,H,B,13025,100,13025,1,0
A,C,C,7591,100,7591,1,0
B,C,C,6676,100,6676,1,0
C,D,C,6636,100,6636,1,0
C,E,C,7545,100,7545,1,0
C,F,C,7115,100,7115,1,0
C,G,C,1336,100,1336,1,0
C,H,C,7117,100,7117,1,0
A,D,D,9193,100,9193,1,0
B,D,D,12545,100,12545,1,0
C,D,D,6587,100,6587,1,0
D,E,D,9333,100,9333,1,0
D,F,D,12875,100,12875,1,0
D,G,D,6797,100,6797,1,0
D,H,D,1466,100,1466,1,0
A,E,E,1370,100,1370,1,0
B,E,E,7053,100,7053,1,0
C,E,E,7548,100,7548,1,0
D,E,E,9394,100,9394,1,0
E,F,E,7003,100,7003,1,0
E,G,E,7307,100,7307,1,0
E,H,E,9665,100,9665,1,0
A,F,F,7366,100,7366,1,0
B,F,F,1441,100,1441,1,0
C,F,F,7121,100,7121,1,0
D,F,F,12870,100,12870,1,0
E,F,F,7014,100,7014,1,0
F,G,F,6871,100,6871,1,0
F,H,F,13271,100,13271,1,0
A,G,G,7573,100,7573,1,0
B,G,G,6779,100,6779,1,0
C,G,G,1377,100,1377,1,0
D,G,G,6838,100,6838,1,0
E,G,G,7329,100,7329,1,0
F,G,G,6890,100,6890,1,0
G,H,G,7050,100,7050,1,0
A,H,H,9716,100,9716,1,0
B,H,H,13056,100,13056,1,0
C,H,H,7115,100,7115,1,0
D,H,H,1455,100,1455,1,0
E,H,H,9667,100,9667,1,0
F,H,H,13222,100,13222,1,0
G,H,H,7079,100,7079,1,0
A,B,A,7133,100,7133,1,0
A,C,A,7609,100,7609,1,0
A,D,A,9221,100,9221,1,0
A,E,A,1379,100,1379,1,0
A,F,A,7381,100,7381,1,0
A,G,A,7593,100,7593,1,0
A,H,A,9701,100,9701,1,0
A,B,B,7157,100,7157,1,0
B,C,B,6724,100,6724,1,0
B,D,B,12558,100,12558,1,0
B,E,B,7040,100,7040,1,0
B,F,B,1448,100,1448,1,0
B,G,B,6733,100,6733,1,0
B,H,B,13050,100,13050,1,0
A,C,C,7608,100,7608,1,0
B,C,C,6740,100,6740,1,0
C,D,C,6614,100,6614,1,0
C,E,C,7521,100,7521,1,0
C,F,C,7120,100,7120,1,0
C,G,C,1356,100,1356,1,0
C,H,C,7100,100,7100,1,0
A,D,D,9203,100,9203,1,0
B,D,D,12545,100,12545,1,0
C,D,D,6627,100,6627,1,0
D,E,D,9333,100,9333,1,0
D,F,D,12903,100,12903,1,0
D,G,D,6756,100,6756,1,0
D,H,D,1410,100,1410,1,0
A,E,E,1363,100,1363,1,0
B,E,E,7068,100,7068,1,0
C,E,E,7570,100,7570,1,0
D,E,E,9367,100,9367,1,0
E,F,E,6988,100,6988,1,0
E,G,E,7297,100,7297,1,0
E,H,E,9664,100,9664,1,0
A,F,F,7369,100,7369,1,0
B,F,F,1442,100,1442,1,0
C,F,F,7138,100,7138,1,0
D,F,F,12925,100,12925,1,0
E,F,F,7010,100,7010,1,0
F,G,F,6871,100,6871,1,0
F,H,F,13211,100,13211,1,0
A,G,G,7619,100,7619,1,0
B,G,G,6756,100,6756,1,0
C,G,G,1365,100,1365,1,0
D,G,G,6807,100,6807,1,0
E,G,G,7296,100,7296,1,0
F,G,G,6875,100,6875,1,0
G,H,G,7057,100,7057,1,0
A,H,H,9690,100,9690,1,0
B,H,H,13068,100,13068,1,0
C,H,H,7124,100,7124,1,0
D,H,H,1461,100,1461,1,0
E,H,H,9702,100,9702,1,0
F,H,H,13212,100,13212,1,0
G,H,H,7021,100,7021,1,0
A,B,A,7152,100,7152,1,0
A,C,A,7633,100,7633,1,0
A,D,A,9203,100,9203,1,0
A,E,A,1366,100,1366,1,0
A,F,A,7394,100,7394,1,0
A,G,A,7624,100,7624,1,0
A,H,A,9696,100,9696,1,0
A,B,B,7133,100,7133,1,0
B,C,B,6676,100,6676,1,0
B,D,B,12528,100,12528,1,0
B,E,B,7067,100,7067,1,0
B,F,B,1416,100,1416,1,0
B,G,B,6750,100,6750,1,0
B,H,B,13064,100,13064,1,0
A,C,C,7553,100,7553,1,0
B,C,C,6715,100,6715,1,0
C,D,C,6599,100,6599,1,0
C,E,C,7531,100,7531,1,0
C,F,C,7121,100,7121,1,0
C,G,C,1335,100,1335,1,0
C,H,C,7120,100,7120,1,0
A,D,D,9173,100,9173,1,0
B,D,D,12480,100,12480,1,0
C,D,D,6586,100,6586,1,0
D,E,D,9322,100,9322,1,0
D,F,D,12884,100,12884,1,0
D,G,D,6852,100,6852,1,0
D,H,D,1453,100,1453,1,0
A,E,E,1331,100,1331,1,0
B,E,E,7002,100,7002,1,0
C,E,E,7549,100,7549,1,0
D,E,E,9382,100,9382,1,0
E,F,E,7023,100,7023,1,0
E,G,E,7301,100,7301,1,0
E,H,E,9681,100,9681,1,0
A,F,F,7400,100,7400,1,0
B,F,F,1448,100,1448,1,0
C,F,F,7108,100,7108,1,0
D,F,F,12862,100,12862,1,0
E,F,F,7023,100,7023,1,0
F,G,F,6880,100,6880,1,0
F,H,F,13226,100,13226,1,0
A,G,G,7564,100,7564,1,0
B,G,G,6721,100,6721,1,0
C,G,G,1369,100,1369,1,0
D,G,G,6795,100,6795,1,0
E,G,G,7320,100,7320,1,0
F,G,G,6893,100,6893,1,0
G,H,G,7077,100,7077,1,0
A,H,H,9688,100,9688,1,0
B,H,H,13044,100,13044,1,0
C,H,H,7158,100,7158,1,0
D,H,H,1440,100,1440,1,0
E,H,H,9646,100,9646,1,0
F,H,H,13252,100,13252,1,0
G,H,H,7089,100,7089,1,0
A,B,A,7183,100,7183,1,0
A,C,A,7592,100,7592,1,0
A,D,A,9197,100,9197,1,0
A,E,A,1350,100,1350,1,0
A,F,A,7363,100,7363,1,0
A,G,A,7530,100,7530,1,0
A,H,A,9755,100,9755,1,0
A,B,B,7188,100,7188,1,0
B,C,B,6752,100,6752,1,0
B,D,B,12541,100,12541,1,0
B,E,B,7067,100,7067,1,0
B,F,B,1434,100,1434,1,0
B,G,B,6716,100,6716,1,0
B,H,B,13038,100,13038,1,0
A,C,C,7560,100,7560,1,0
B,C,C,6746,100,6746,1,0
C,D,C,6620,100,6620,1,0
C,E,C,7551,100,7551,1,0
C,F,C,7113,100,7113,1,0
C,G,C,1374,100,1374,1,0
C,H,C,7111,100,7111,1,0
A,D,D,9198,100,9198,1,0
B,D,D,12545,100,12545,1,0
C,D,D,6600,100,6600,1,0
D,E,D,9318,100,9318,1,0
D,F,D,12878,100,12878,1,0
D,G,D,6785,100,6785,1,0
D,H,D,1435,100,1435,1,0
A,E,E,1358,100,1358,1,0
B,E,E,7037,100,7037,1,0
C,E,E,7582,100,7582,1,0
D,E,E,9312,100,9312,1,0
E,F,E,6976,100,6976,1,0
E,G,E,7324,100,7324,1,0
E,H,E,9584,100,9584,1,0
A,F,F,7397,100,7397,1,0
B,F,F,1410,100,1410,1,0
C,F,F,7115,100,7115,1,0
D,F,F,12858,100,12858,1,0
E,F,F,7018,100,7018,1,0
F,G,F,6881,100,6881,1,0
F,H,F,13223,100,13223,1,0
A,G,G,7549,100,7549,1,0
B,G,G,6805,100,6805,1,0
C,G,G,1296,100,1296,1,0
D,G,G,6812,100,6812,1,0
E,G,G,7328,100,7328,1,0
F,G,G,6872,100,6872,1,0
G,H,G,7033,100,7033,1,0
A,H,H,9721,100,9721,1,0
B,H,H,13027,100,13027,1,0
C,H,H,7130,100,7130,1,0
D,H,H,1497,100,1497,1,0
E,H,H,9661,100,9661,1,0
F,H,H,13244,100,13244,1,0
G,H,H,7025,100,7025,1,0
A,B,A,7203,100,7203,1,0
A,C,A,7547,100,7547,1,0
A,D,A,9185,100,9185,1,0
A,E,A,1411,100,1411,1,0
A,F,A,7358,100,7358,1,0
A,G,A,7645,100,7645,1,0
A,H,A,9711,100,9711,1,0
A,B,B,7140,100,7140,1,0
B,C,B,6706,100,6706,1,0
B,D,B,12555,100,12555,1,0
B,E,B,7070,100,7070,1,0
B,F,B,1442,100,1442,1,0
B,G,B,6724,100,6724,1,0
B,H,B,13035,100,13035,1,0
A,C,C,7612,100,7612,1,0
B,C,C,6752,100,6752,1,0
C,D,C,6619,100,6619,1,0
C,E,C,7533,100,7533,1,0
C,F,C,7091,100,7091,1,0
C,G,C,1345,100,1345,1,0
C,H,C,7164,100,7164,1,0
A,D,D,9222,100,9222,1,0
B,D,D,12532,100,12532,1,0
C,D,D,6577,100,6577,1,0
D,E,D,9307,100,9307,1,0
D,F,D,12863,100,12863,1,0
D,G,D,6812,100,6812,1,0
D,H,D,1493,100,1493,1,0
A,E,E,1408,100,1408,1,0
B,E,E,7044,100,7044,1,0
C,E,E,7534,100,7534,1,0
D,E,E,9342,100,9342,1,0
E,F,E,7020,100,7020,1,0
E,G,E,7306,100,7306,1,0
E,H,E,9623,100,9623,1,0
A,F,F,7379,100,7379,1,0
B,F,F,1459,100,1459,1,0
C,F,F,7113,100,7113,1,0
D,F,F,12866,100,12866,1,0
E,F,F,6990,100,6990,1,0
F,G,F,6881,100,6881,1,0
F,H,F,13251,100,13251,1,0
A,G,G,7625,100,7625,1,0
B,G,G,6769,100,6769,1,0
C,G,G,1381,100,1381,1,0
D,G,G,6828,100,6828,1,0
E,G,G,7304,100,7304,1,0
F,G,G,6877,100,6877,1,0
G,H,G,7033,100,7033,1,0
A,H,H,9695,100,9695,1,0
B,H,H,13024,100,13024,1,0
C,H,H,7128,100,7128,1,0
D,H,H,1489,100,1489,1,0
E,H,H,9643,100,9643,1,0
F,H,H,13186,100,13186,1,0
G,H,H,7073,100,7073,1,0
A,B,A,7172,100,7172,1,0
A,C,A,7578,100,7578,1,0
A,D,A,9207,100,9207,1,0
A,E,A,1337,100,1337,1,0
A,F,A,7378,100,7378,1,0
A,G,A,7557,100,7557,1,0
A,H,A,9692,100,9692,1,0
A,B,B,7111,100,7111,1,0
B,C,B,6753,100,6753,1,0
B,D,B,12547,100,12547,1,0
B,E,B,7027,100,7027,1,0
B,F,B,1418,100,1418,1,0
B,G,B,6737,100,6737,1,0
B,H,B,13033,100,13033,1,0
A,C,C,7554,100,7554,1,0
B,C,C,6728,100,6728,1,0
C,D,C,6598,100,6598,1,0
C,E,C,7518,100,7518,1,0
C,F,C,7104,100,7104,1,0
C,G,C,1391,100,1391,1,0
C,H,C,7098,100,7098,1,0
A,D,D,9191,100,9191,1,0
B,D,D,12510,100,12510,1,0
C,D,D,6648,100,6648,1,0
D,E,D,9365,100,9365,1,0
D,F,D,12891,100,12891,1,0
D,G,D,6830,100,6830,1,0
D,H,D,1424,100,1424,1,0
A,E,E,1348,100,1348,1,0
B,E,E,7003,100,7003,1,0
C,E,E,7543,100,7543,1,0
D,E,E,9383,100,9383,1,0
E,F,E,6998,100,6998,1,0
E,G,E,7294,100,7294,1,0
E,H,E,9674,100,9674,1,0
A,F,F,7444,100,7444,1,0
B,F,F,1453,100,1453,1,0
C,F,F,7141,100,7141,1,0
D,F,F,12836,100,12836,1,0
E,F,F,6979,100,6979,1,0
F,G,F,6872,100,6872,1,0
F,H,F,13214,100,13214,1,0
A,G,G,7614,100,7614,1,0
B,G,G,6747,100,6747,1,0
C,G,G,1330,100,1330,1,0
D,G,G,6856,100,6856,1,0
E,G,G,7293,100,7293,1,0
F,G,G,6879,100,6879,1,0
G,H,G,7011,100,7011,1,0
A,H,H,9702,100,9702,1,0
B,H,H,13048,100,13048,1,0
C,H,H,7063,100,7063,1,0
D,H,H,1422,100,1422,1,0
E,H,H,9679,100,9679,1,0
F,H,H,13287,100,13287,1,0
G,H,H,7020,100,7020,1,0
A,B,A,7174,100,7174,1,0
A,C,A,7575,100,7575,1,0
A,D,A,9199,100,9199,1,0
A,E,A,1376,100,1376,1,0
A,F,A,7372,100,7372,1,0
A,G,A,7543,100,7543,1,0
A,H,A,9669,100,9669,1,0
A,B,B,7105,100,7105,1,0
B,C,B,6706,100,6706,1,0
B,D,B,12531,100,12531,1,0
B,E,B,7006,100,7006,1,0
B,F,B,1430,100,1430,1,0
B,G,B,6770,100,6770,1,0
B,H,B,13012,100,13012,1,0
A,C,C,7542,100,7542,1,0
B,C,C,6703,100,6703,1,0
C,D,C,6625,100,6625,1,0
C,E,C,7515,100,7515,1,0
C,F,C,7115,100,7115,1,0
C,G,C,1326,100,1326,1,0
C,H,C,7100,100,7100,1,0
A,D,D,9218,100,9218,1,0
B,D,D,12578,100,12578,1,0
C,D,D,6622,100,6622,1,0
D,E,D,9310,100,9310,1,0
D,F,D,12870,100,12870,1,0
D,G,D,6795,100,6795,1,0
D,H,D,1432,100,1432,1,0
A,E,E,1394,100,1394,1,0
B,E,E,7027,100,7027,1,0
C,E,E,7565,100,7565,1,0
D,E,E,9369,100,9369,1,0
E,F,E,7028,100,7028,1,0
E,G,E,7290,100,7290,1,0
E,H,E,9633,100,9633,1,0
A,F,F,7369,100,7369,1,0
B,F,F,1412,100,1412,1,0
C,F,F,7098,100,7098,1,0
D,F,F,12870,100,12870,1,0
E,F,F,7030,100,7030,1,0
F,G,F,6884,100,6884,1,0
F,H,F,13189,100,13189,1,0
A,G,G,7598,100,7598,1,0
B,G,G,6809,100,6809,1,0
C,G,G,1377,100,1377,1,0
D,G,G,6834,100,6834,1,0
E,G,G,7313,100,7313,1,0
F,G,G,6894,100,6894,1,0
G,H,G,7067,100,7067,1,0
A,H,H,9690,100,9690,1,0
B,H,H,13057,100,13057,1,0
C,H,H,7134,100,7134,1,0
D,H,H,1459,100,1459,1,0
E,H,H,9652,100,9652,1,0
F,H,H,13278,100,13278,1,0
G,H,H,7020,100,7020,1,0
A,B,A,7133,100,7133,1,0
A,C,A,7610,100,7610,1,0
A,D,A,9188,100,9188,1,0
A,E,A,1377,100,1377,1,0
A,F,A,7373,100,7373,1,0
A,G,A,7619,100,7619,1,0
A,H,A,9697,100,9697,1,0
A,B,B,7176,100,7176,1,0
B,C,B,6699,100,6699,1,0
B,D,B,12545,100,12545,1,0
B,E,B,7052,100,7052,1,0
B,F,B,1416,100,1416,1,0
B,G,B,6737,100,6737,1,0
B,H,B,13003,100,13003,1,0
A,C,C,7592,100,7592,1,0
B,C,C,6721,100,6721,1,0
C,D,C,6584,100,6584,1,0
C,E,C,7568,100,7568,1,0
C,F,C,7129,100,7129,1,0
C,G,C,1374,100,1374,1,0
C,H,C,7108,100,7108,1,0
A,D,D,9177,100,9177,1,0
B,D,D,12537,100,12537,1,0
C,D,D,6575,100,6575,1,0
D,E,D,9365,100,9365,1,0
D,F,D,12889,100,12889,1,0
D,G,D,6803,100,6803,1,0
D,H,D,1403,100,1403,1,0
A,E,E,1321,100,1321,1,0
B,E,E,7033,100,7033,1,0
C,E,E,7551,100,7551,1,0
D,E,E,9328,100,9328,1,0
E,F,E,7009,100,7009,1,0
E,G,E,7290,100,7290,1,0
E,H,E,9701,100,9701,1,0
A,F,F,7353,100,7353,1,0
B,F,F,1446,100,1446,1,0
C,F,F,7098,100,7098,1,0
D,F,F,12876,100,12876,1,0
E,F,F,7018,100,7018,1,0
F,G,F,6888,100,6888,1,0
F,H,F,13198,100,13198,1,0
A,G,G,7532,100,7532,1,0
B,G,G,6776,100,6776,1,0
C,G,G,1353,100,1353,1,0
D,G,G,6817,100,6817,1,0
E,G,G,7299,100,7299,1,0
F,G,G,6871,100,6871,1,0
G,H,G,7088,100,7088,1,0
A,H,H,9704,100,9704,1,0
B,H,H,13040,100,13040,1,0
C,H,H,7092,100,7092,1,0
D,H,H,1435,100,1435,1,0
E,H,H,9682,100,9682,1,0
F,H,H,13264,100,13264,1,0
G,H,H,7068,100,7068,1,0
A,B,A,7127,100,7127,1,0
A,C,A,7625,100,7625,1,0
A,D,A,9204,100,9204,1,0
A,E,A,1345,100,1345,1,0
A,F,A,7353,100,7353,1,0
A,G,A,7538,100,7538,1,0
A,H,A,9711,100,9711,1,0
A,B,B,7149,100,7149,1,0
B,C,B,6741,100,6741,1,0
B,D,B,12548,100,12548,1,0
B,E,B,7047,100,7047,1,0
B,F,B,1389,100,1389,1,0
B,G,B,6761,100,6761,1,0
B,H,B,13031,100,13031,1,0
A,C,C,7609,100,7609,1,0
B,C,C,6713,100,6713,1,0
C,D,C,6629,100,6629,1,0
C,E,C,7554,100,7554,1,0
C,F,C,7102,100,7102,1,0
C,G,C,1338,100,1338,1,0
C,H,C,7101,100,7101,1,0
A,D,D,9194,100,9194,1,0
B,D,D,12552,100,12552,1,0
C,D,D,6615,100,6615,1,0
D,E,D,9392,100,9392,1,0
D,F,D,12859,100,12859,1,0
D,G,D,6809,100,6809,1,0
D,H,D,1423,100,1423,1,0
A,E,E,1354,100,1354,1,0
B,E,E,7055,100,7055,1,0
C,E,E,7525,100,7525,1,0
D,E,E,9407,100,9407,1,0
E,F,E,6984,100,6984,1,0
E,G,E,7291,100,7291,1,0
E,H,E,9683,100,9683,1,0
A,F,F,7376,100,7376,1,0
B,F,F,1450,100,1450,1,0
C,F,F,7117,100,7117,1,0
D,F,F,12873,100,12873,1,0
E,F,F,6987,100,6987,1,0
F,G,F,6852,100,6852,1,0
F,H,F,13272,100,13272,1,0
A,G,G,7615,100,7615,1,0
B,G,G,6775,100,6775,1,0
C,G,G,1336,100,1336,1,0
D,G,G,6826,100,6826,1,0
E,G,G,7306,100,7306,1,0
F,G,G,6881,100,6881,1,0
G,H,G,7078,100,7078,1,0
A,H,H,9693,100,9693,1,0
B,H,H,13006,100,13006,1,0
C,H,H,7131,100,7131,1,0
D,H,H,1381,100,1381,1,0
E,H,H,9673,100,9673,1,0
F,H,H,13232,100,13232,1,0
G,H,H,7087,100,7087,1,0
A,B,A,7148,100,7148,1,0
A,C,A,7572,100,7572,1,0
A,D,A,9198,100,9198,1,0
A,E,A,1361,100,1361,1,0
A,F,A,7411,100,7411,1,0
A,G,A,7543,100,7543,1,0
A,H,A,9696,100,9696,1,0
A,B,B,7134,100,7134,1,0
B,C,B,6722,100,6722,1,0
B,D,B,12508,100,12508,1,0
B,E,B,7057,100,7057,1,0
B,F,B,1420,100,1420,1,0
B,G,B,6751,100,6751,1,0
B,H,B,13015,100,13015,1,0
A,C,C,7630,100,7630,1,0
B,C,C,6708,100,6708,1,0
C,D,C,6587,100,6587,1,0
C,E,C,7515,100,7515,1,0
C,F,C,7140,100,7140,1,0
C,G,C,1332,100,1332,1,0
C,H,C,7099,100,7099,1,0
A,D,D,9190,100,9190,1,0
B,D,D,12498,100,12498,1,0
C,D,D,6580,100,6580,1,0
D,E,D,9325,100,9325,1,0
D,F,D,12837,100,12837,1,0
D,G,D,6809,100,6809,1,0
D,H,D,1505,100,1505,1,0
A,E,E,1429,100,1429,1,0
B,E,E,7043,100,7043,1,0
C,E,E,7531,100,7531,1,0
D,E,E,9328,100,9328,1,0
E,F,E,7031,100,7031,1,0
E,G,E,7303,100,7303,1,0
E,H,E,9705,100,9705,1,0
A,F,F,7411,100,7411,1,0
B,F,F,1449,100,1449,1,0
C,F,F,7095,100,7095,1,0
D,F,F,12899,100,12899,1,0
E,F,F,6982,100,6982,1,0
F,G,F,6895,100,6895,1,0
F,H,F,13271,100,13271,1,0
A,G,G,7579,100,7579,1,0
B,G,G,6703,100,6703,1,0
C,G,G,1370,100,1370,1,0
D,G,G,6786,100,6786,1,0
E,G,G,7292,100,7292,1,0
F,G,G,6873,100,6873,1,0
G,H,G,7052,100,7052,1,0
A,H,H,9748,100,9748,1,0
B,H,H,13041,100,13041,1,0
C,H,H,7059,100,7059,1,0
D,H,H,1436,100,1436,1,0
E,H,H,9667,100,9667,1,0
F,H,H,13226,100,13226,1,0
G,H,H,7044,100,7044,1,0
A,B,A,7122,100,7122,1,0
A,C,A,7618,100,7618,1,0
A,D,A,9217,100,9217,1,0
A,E,A,1338,100,1338,1,0
A,F,A,7372,100,7372,1,0
A,G,A,7633,100,7633,1,0
A,H,A,9681,100,9681,1,0
A,B,B,7123,100,7123,1,0
B,C,B,6677,100,6677,1,0
B,D,B,12480,100,12480,1,0
B,E,B,7053,100,7053,1,0
B,F,B,1403,100,1403,1,0
B,G,B,6753,100,6753,1,0
B,H,B,13031,100,13031,1,0
A,C,C,7562,100,7562,1,0
B,C,C,6722,100,6722,1,0
C,D,C,6565,100,6565,1,0
C,E,C,7518,100,7518,1,0
C,F,C,7108,100,7108,1,0
C,G,C,1374,100,1374,1,0
C,H,C,7097,100,7097,1,0
A,D,D,9205,100,9205,1,0
B,D,D,12566,100,12566,1,0
C,D,D,6588,100,6588,1,0
D,E,D,9365,100,9365,1,0
D,F,D,12900,100,12900,1,0
D,G,D,6806,100,6806,1,0
D,H,D,1441,100,1441,1,0
A,E,E,1350,100,1350,1,0
B,E,E,7052,100,7052,1,0
C,E,E,7568,100,7568,1,0
D,E,E,9346,100,9346,1,0
E,F,E,7023,100,7023,1,0
E,G,E,7309,100,7309,1,0
E,H,E,9616,100,9616,1,0
A,F,F,7369,100,7369,1,0
B,F,F,1417,100,1417,1,0
C,F,F,7111,100,7111,1,0
D,F,F,12878,100,12878,1,0
E,F,F,6993,100,6993,1,0
F,G,F,6886,100,6886,1,0
F,H,F,13240,100,13240,1,0
A,G,G,7543,100,7543,1,0
B,G,G,6756,100,6756,1,0
C,G,G,1371,100,1371,1,0
D,G,G,6808,100,6808,1,0
E,G,G,7306,100,7306,1,0
F,G,G,6878,100,6878,1,0
G,H,G,7062,100,7062,1,0
A,H,H,9680,100,9680,1,0
B,H,H,13028,100,13028,1,0
C,H,H,7098,100,7098,1,0
D,H,H,1398,100,1398,1,0
E,H,H,9681,100,9681,1,0
F,H,H,13217,100,13217,1,0
G,H,H,7034,100,7034,1,0
A,B,A,7164,100,7164,1,0
A,C,A,7562,100,7562,1,0
A,D,A,9201,100,9201,1,0
A,E,A,1359,100,1359,1,0
A,F,A,7344,100,7344,1,0
A,G,A,7576,100,7576,1,0
A,H,A,9721,100,9721,1,0
A,B,B,7099,100,7099,1,0
B,C,B,6713,100,6713,1,0
B,D,B,12521,100,12521,1,0
B,E,B,7058,100,7058,1,0
B,F,B,1414,100,1414,1,0
B,G,B,6762,100,6762,1,0
B,H,B,13120,100,13120,1,0
A,C,C,7569,100,7569,1,0
B,C,C,6721,100,6721,1,0
C,D,C,6566,100,6566,1,0
C,E,C,7584,100,7584,1,0
C,F,C,7131,100,7131,1,0
C,G,C,1366,100,1366,1,0
C,H,C,7057,100,7057,1,0
A,D,D,9218,100,9218,1,0
B,D,D,12520,100,12520,1,0
C,D,D,6587,100,6587,1,0
D,E,D,9377,100,9377,1,0
D,F,D,12874,100,12874,1,0
D,G,D,6818,100,6818,1,0
D,H,D,1431,100,1431,1,0
A,E,E,1379,100,1379,1,0
B,E,E,7004,100,7004,1,0
C,E,E,7526,100,7526,1,0
D,E,E,9376,100,9376,1,0
E,F,E,7011,100,7011,1,0
E,G,E,7321,100,7321,1,0
E,H,E,9638,100,9638,1,0
A,F,F,7412,100,7412,1,0
B,F,F,1441,100,1441,1,0
C,F,F,7102,100,7102,1,0
D,F,F,12879,100,12879,1,0
E,F,F,7045,100,7045,1,0
F,G,F,6892,100,6892,1,0
F,H,F,13252,100,13252,1,0
A,G,G,7600,100,7600,1,0
B,G,G,6754,100,6754,1,0
C,G,G,1344,100,1344,1,0
D,G,G,6813,100,6813,1,0
E,G,G,7316,100,7316,1,0
F,G,G,6915,100,6915,1,0
G,H,G,7029,100,7029,1,0
A,H,H,9698,100,9698,1,0
B,H,H,13006,100,13006,1,0
C,H,H,7108,100,7108,1,0
D,H,H,1444,100,1444,1,0
E,H,H,9662,100,9662,1,0
F,H,H,13253,100,13253,1,0
G,H,H,7030,100,7030,1,0
A,B,A,7137,100,7137,1,0
A,C,A,7614,100,7614,1,0
A,D,A,9191,100,9191,1,0
A,E,A,1340,100,1340,1,0
A,F,A,7350,100,7350,1,0
A,G,A,7620,100,7620,1,0
A,H,A,9681,100,9681,1,0
A,B,B,7176,100,7176,1,0
B,C,B,6718,100,6718,1,0
B,D,B,12519,100,12519,1,0
B,E,B,7061,100,7061,1,0
B,F,B,1412,100,1412,1,0
B,G,B,6771,100,6771,1,0
B,H,B,13056,100,13056,1,0
A,C,C,7566,100,7566,1,0
B,C,C,6703,100,6703,1,0
C,D,C,6586,100,6586,1,0
C,E,C,7555,100,7555,1,0
C,F,C,7127,100,7127,1,0
C,G,C,1386,100,1386,1,0
C,H,C,7093,100,7093,1,0
A,D,D,9177,100,9177,1,0
B,D,D,12477,100,12477,1,0
C,D,D,6629,100,6629,1,0
D,E,D,9336,100,9336,1,0
D,F,D,12854,100,12854,1,0
D,G,D,6790,100,6790,1,0
D,H,D,1496,100,1496,1,0
A,E,E,1368,100,1368,1,0
B,E,E,7016,100,7016,1,0
C,E,E,7593,100,7593,1,0
D,E,E,9325,100,9325,1,0
E,F,E,7024,100,7024,1,0
E,G,E,7297,100,7297,1,0
E,H,E,9682,100,9682,1,0
A,F,F,7371,100,7371,1,0
B,F,F,1401,100,1401,1,0
C,F,F,7134,100,7134,1,0
D,F,F,12844,100,12844,1,0
E,F,F,7008,100,7008,1,0
F,G,F,6905,100,6905,1,0
F,H,F,13257,100,13257,1,0
A,G,G,7554,100,7554,1,0
B,G,G,6767,100,6767,1,0
C,G,G,1355,100,1355,1,0
D,G,G,6807,100,6807,1,0
E,G,G,7280,100,7280,1,0
F,G,G,6901,100,6901,1,0
G,H,G,7023,100,7023,1,0
A,H,H,9689,100,9689,1,0
B,H,H,13081,100,13081,1,0
C,H,H,7121,100,7121,1,0
D,H,H,1427,100,1427,1,0
E,H,H,9678,100,9678,1,0
F,H,H,13225,100,13225,1,0
G,H,H,7050,100,7050,1,0
A,B,A,7172,100,7172,1,0
A,C,A,7534,100,7534,1,0
A,D,A,9203,100,9203,1,0
A,E,A,1339,100,1339,1,0
A,F,A,7407,100,7407,1,0
A,G,A,7528,100,7528,1,0
A,H,A,9698,100,9698,1,0
A,B,B,7108,100,7108,1,0
B,C,B,6700,100,6700,1,0
B,D,B,12509,100,12509,1,0
B,E,B,7085,100,7085,1,0
B,F,B,1409,100,1409,1,0
B,G,B,6765,100,6765,1,0
B,H,B,13043,100,13043,1,0
A,C,C,7583,100,7583,1,0
B,C,C,6708,100,6708,1,0
C,D,C,6602,100,6602,1,0
C,E,C,7523,100,7523,1,0
C,F,C,7112,100,7112,1,0
C,G,C,1347,100,1347,1,0
C,H,C,7098,100,7098,1,0
A,D,D,9239,100,9239,1,0
B,D,D,12478,100,12478,1,0
C,D,D,6577,100,6577,1,0
D,E,D,9342,100,9342,1,0
D,F,D,12850,100,12850,1,0
D,G,D,6818,100,6818,1,0
D,H,D,1493,100,1493,1,0
A,E,E,1413,100,1413,1,0
B,E,E,7033,100,7033,1,0
C,E,E,7567,100,7567,1,0
D,E,E,9343,100,9343,1,0
E,F,E,7027,100,7027,1,0
E,G,E,7299,100,7299,1,0
E,H,E,9645,100,9645,1,0
A,F,F,7383,100,7383,1,0
B,F,F,1420,100,1420,1,0
C,F,F,7110,100,7110,1,0
D,F,F,12883,100,12883,1,0
E,F,F,6998,100,6998,1,0
F,G,F,6871,100,6871,1,0
F,H,F,13206,100,13206,1,0
A,G,G,7618,100,7618,1,0
B,G,G,6816,100,6816,1,0
C,G,G,1413,100,1413,1,0
D,G,G,6841,100,6841,1,0
E,G,G,7280,100,7280,1,0
F,G,G,6868,100,6868,1,0
G,H,G,7067,100,7067,1,0
A,H,H,9676,100,9676,1,0
B,H,H,13061,100,13061,1,0
C,H,H,7090,100,7090,1,0
D,H,H,1444,100,1444,1,0
E,H,H,9656,100,9656,1,0
F,H,H,13207,100,13207,1,0
G,H,H,7047,100,7047,1,0
A,B,A,7174,100,7174,1,0
A,C,A,7568,100,7568,1,0
A,D,A,9198,100,9198,1,0
A,E,A,1344,100,1344,1,0
A,F,A,7311,100,7311,1,0
A,G,A,7592,100,7592,1,0
A,H,A,9691,100,9691,1,0
A,B,B,7154,100,7154,1,0
B,C,B,6711,100,6711,1,0
B,D,B,12506,100,12506,1,0
B,E,B,7070,100,7070,1,0
B,F,B,1451,100,1451,1,0
B,G,B,6759,100,6759,1,0
B,H,B,13054,100,13054,1,0
A,C,C,7614,100,7614,1,0
B,C,C,6724,100,6724,1,0
C,D,C,6647,100,6647,1,0
C,E,C,7562,100,7562,1,0
C,F,C,7120,100,7120,1,0
C,G,C,1365,100,1365,1,0
C,H,C,7111,100,7111,1,0
A,D,D,9199,100,9199,1,0
B,D,D,12550,100,12550,1,0
C,D,D,6579,100,6579,1,0
D,E,D,9372,100,9372,1,0
D,F,D,12886,100,12886,1,0
D,G,D,6798,100,6798,1,0
D,H,D,1431,100,1431,1,0
A,E,E,1354,100,1354,1,0
B,E,E,7012,100,7012,1,0
C,E,E,7568,100,7568,1,0
D,E,E,9376,100,9376,1,0
E,F,E,7010,100,7010,1,0
E,G,E,7303,100,7303,1,0
E,H,E,9686,100,9686,1,0
A,F,F,7364,100,7364,1,0
B,F,F,1450,100,1450,1,0
C,F,F,7127,100,7127,1,0
D,F,F,12880,100,12880,1,0
E,F,F,7008,100,7008,1,0
F,G,F,6887,100,6887,1,0
F,H,F,13241,100,13241,1,0
A,G,G,7567,100,7567,1,0
B,G,G,6700,100,6700,1,0
C,G,G,1392,100,1392,1,0
D,G,G,6765,100,6765,1,0
E,G,G,7318,100,7318,1,0
F,G,G,6893,100,6893,1,0
G,H,G,7047,100,7047,1,0
A,H,H,9727,100,9727,1,0
B,H,H,13046,100,13046,1,0
C,H,H,7059,100,7059,1,0
D,H,H,1474,100,1474,1,0
E,H,H,9641,100,9641,1,0
F,H,H,13288,100,13288,1,0
G,H,H,7036,100,7036,1,0
A,B,A,7136,100,7136,1,0
A,C,A,7538,100,7538,1,0
A,D,A,9190,100,9190,1,0
A,E,A,1342,100,1342,1,0
A,F,A,7397,100,7397,1,0
A,G,A,7558,100,7558,1,0
A,H,A,9704,100,9704,1,0
A,B,B,7153,100,7153,1,0
B,C,B,6723,100,6723,1,0
B,D,B,12486,100,12486,1,0
B,E,B,7034,100,7034,1,0
B,F,B,1409,100,1409,1,0
B,G,B,6797,100,6797,1,0
B,H,B,13057,100,13057,1,0
A,C,C,7553,100,7553,1,0
B,C,C,6717,100,6717,1,0
C,D,C,6566,100,6566,1,0
C,E,C,7586,100,7586,1,0
C,F,C,7104,100,7104,1,0
C,G,C,1352,100,1352,1,0
C,H,C,7136,100,7136,1,0
A,D,D,9198,100,9198,1,0
B,D,D,12538,100,12538,1,0
C,D,D,6576,100,6576,1,0
D,E,D,9328,100,9328,1,0
D,F,D,12860,100,12860,1,0
D,G,D,6797,100,6797,1,0
D,H,D,1456,100,1456,1,0
A,E,E,1365,100,1365,1,0
B,E,E,7026,100,7026,1,0
C,E,E,7505,100,7505,1,0
D,E,E,9327,100,9327,1,0
E,F,E,6974,100,6974,1,0
E,G,E,7343,100,7343,1,0
E,H,E,9649,100,9649,1,0
A,F,F,7445,100,7445,1,0
B,F,F,1445,100,1445,1,0
C,F,F,7117,100,7117,1,0
D,F,F,12896,100,12896,1,0
E,F,F,7002,100,7002,1,0
F,G,F,6874,100,6874,1,0
F,H,F,13264,100,13264,1,0
A,G,G,7580,100,7580,1,0
B,G,G,6762,100,6762,1,0
C,G,G,1420,100,1420,1,0
D,G,G,6785,100,6785,1,0
E,G,G,7325,100,7325,1,0
F,G,G,6857,100,6857,1,0
G,H,G,7046,100,7046,1,0
A,H,H,9709,100,9709,1,0
B,H,H,13040,100,13040,1,0
C,H,H,7086,100,7086,1,0
D,H,H,1427,100,1427,1,0
E,H,H,9661,100,9661,1,0
F,H,H,13222,100,13222,1,0
G,H,H,7043,100,7043,1,0
A,B,A,7168,100,7168,1,0
A,C,A,7545,100,7545,1,0
A,D,A,9208,100,9208,1,0
A,E,A,1379,100,1379,1,0
A,F,A,7376,100,7376,1,0
A,G,A,7586,100,7586,1,0
A,H,A,9681,100,9681,1,0
A,B,B,7147,100,7147,1,0
B,C,B,6726,100,6726,1,0
B,D,B,12534,100,12534,1,0
B,E,B,7030,100,7030,1,0
B,F,B,1416,100,1416,1,0
B,G,B,6783,100,6783,1,0
B,H,B,13061,100,13061,1,0
A,C,C,7593,100,7593,1,0
B,C,C,6722,100,6722,1,0
C,D,C,6581,100,6581,1,0
C,E,C,7573,100,7573,1,0
C,F,C,7088,100,7088,1,0
C,G,C,1307,100,1307,1,0
C,H,C,7116,100,7116,1,0
A,D,D,9191,100,9191,1,0
B,D,D,12546,100,12546,1,0
C,D,D,6641,100,6641,1,0
D,E,D,9435,100,9435,1,0
D,F,D,12848,100,12848,1,0
D,G,D,6822,100,6822,1,0
D,H,D,1426,100,1426,1,0
A,E,E,1355,100,1355,1,0
B,E,E,7054,100,7054,1,0
C,E,E,7593,100,7593,1,0
D,E,E,9308,100,9308,1,0
E,F,E,7024,100,7024,1,0
E,G,E,7339,100,7339,1,0
E,H,E,9607,100,9607,1,0
A,F,F,7385,100,7385,1,0
B,F,F,1466,100,1466,1,0
C,F,F,7103,100,7103,1,0
D,F,F,12854,100,12854,1,0
E,F,F,6987,100,6987,1,0
F,G,F,6885,100,6885,1,0
F,H,F,13242,100,13242,1,0
A,G,G,7578,100,7578,1,0
B,G,G,6761,100,6761,1,0
C,G,G,1388,100,1388,1,0
D,G,G,6838,100,6838,1,0
E,G,G,7315,100,7315,1,0
F,G,G,6883,100,6883,1,0
G,H,G,7077,100,7077,1,0
A,H,H,9662,100,9662,1,0
B,H,H,13053,100,13053,1,0
C,H,H,7131,100,7131,1,0
D,H,H,1472,100,1472,1,0
E,H,H,9656,100,9656,1,0
F,H,H,13245,100,13245,1,0
G,H,H,7061,100,7061,1,0
A,B,A,7152,100,7152,1,0
A,C,A,7550,100,7550,1,0
A,D,A,9195,100,9195,1,0
A,E,A,1399,100,1399,1,0
A,F,A,7378,100,7378,1,0
A,G,A,7623,100,7623,1,0
A,H,A,9700,100,9700,1,0
A,B,B,7166,100,7166,1,0
B,C,B,6717,100,6717,1,0
B,D,B,12526,100,12526,1,0
B,E,B,7069,100,7069,1,0
B,F,B,1431,100,1431,1,0
B,G,B,6758,100,6758,1,0
B,H,B,13093,100,13093,1,0
A,C,C,7571,100,7571,1,0
B,C,C,6684,100,6684,1,0
C,D,C,6617,100,6617,1,0
C,E,C,7526,100,7526,1,0
C,F,C,7125,100,7125,1,0
C,G,C,1328,100,1328,1,0
C,H,C,7089,100,7089,1,0
A,D,D,9216,100,9216,1,0
B,D,D,12562,100,12562,1,0
C,D,D,6575,100,6575,1,0
D,E,D,9373,100,9373,1,0
D,F,D,12854,100,12854,1,0
D,G,D,6841,100,6841,1,0
D,H,D,1482,100,1482,1,0
A,E,E,1414,100,1414,1,0
B,E,E,7000,100,7000,1,0
C,E,E,7555,100,7555,1,0
D,E,E,9409,100,9409,1,0
E,F,E,6971,100,6971,1,0
E,G,E,7313,100,7313,1,0
E,H,E,9674,100,9674,1,0
A,F,F,7357,100,7357,1,0
B,F,F,1436,100,1436,1,0
C,F,F,7103,100,7103,1,0
D,F,F,12858,100,12858,1,0
E,F,F,7011,100,7011,1,0
F,G,F,6856,100,6856,1,0
F,H,F,13206,100,13206,1,0
A,G,G,7538,100,7538,1,0
B,G,G,6823,100,6823,1,0
C,G,G,1347,100,1347,1,0
D,G,G,6818,100,6818,1,0
E,G,G,7310,100,7310,1,0
F,G,G,6888,100,6888,1,0
G,H,G,7027,100,7027,1,0
A,H,H,9705,100,9705,1,0
B,H,H,13013,100,13013,1,0
C,H,H,7097,100,7097,1,0
D,H,H,1479,100,1479,1,0
E,H,H,9659,100,9659,1,0
F,H,H,13218,100,13218,1,0
G,H,H,7059,100,7059,1,0
A,B,A,7152,100,7152,1,0
A,C,A,7579,100,7579,1,0
A,D,A,9219,100,9219,1,0
A,E,A,1348,100,1348,1,0
A,F,A,7406,100,7406,1,0
A,G,A,7544,100,7544,1,0
A,H,A,9708,100,9708,1,0
A,B,B,7146,100,7146,1,0
B,C,B,6700,100,6700,1,0
B,D,B,12537,100,12537,1,0
B,E,B,7044,100,7044,1,0
B,F,B,1417,100,1417,1,0
B,G,B,6766,100,6766,1,0
B,H,B,12993,100,12993,1,0
A,C,C,7584,100,7584,1,0
B,C,C,6730,100,6730,1,0
C,D,C,6575,100,6575,1,0
C,E,C,7538,100,7538,1,0
C,F,C,7108,100,7108,1,0
C,G,C,1345,100,1345,1,0
C,H,C,7115,100,7115,1,0
A,D,D,9197,100,9197,1,0
B,D,D,12531,100,12531,1,0
C,D,D,6589,100,6589,1,0
D,E,D,9350,100,9350,1,0
D,F,D,12837,100,12837,1,0
D,G,D,6828,100,6828,1,0
D,H,D,1447,100,1447,1,0
A,E,E,1344,100,1344,1,0
B,E,E,7013,100,7013,1,0
C,E,E,7555,100,7555,1,0
D,E,E,9243,100,9243,1,0
E,F,E,7014,100,7014,1,0
E,G,E,7341,100,7341,1,0
E,H,E,9606,100,9606,1,0
A,F,F,7368,100,7368,1,0
B,F,F,1460,100,1460,1,0
C,F,F,7146,100,7146,1,0
D,F,F,12900,100,12900,1,0
E,F,F,6983,100,6983,1,0
F,G,F,6876,100,6876,1,0
F,H,F,13273,100,13273,1,0
A,G,G,7601,100,7601,1,0
B,G,G,6762,100,6762,1,0
C,G,G,1337,100,1337,1,0
D,G,G,6801,100,6801,1,0
E,G,G,7297,100,7297,1,0
F,G,G,6877,100,6877,1,0
G,H,G,7066,100,7066,1,0
A,H,H,9685,100,9685,1,0
B,H,H,13030,100,13030,1,0
C,H,H,7109,100,7109,1,0
D,H,H,1442,100,1442,1,0
E,H,H,9649,100,9649,1,0
F,H,H,13198,100,13198,1,0
G,H,H,7072,100,7072,1,0
A,B,A,7165,100,7165,1,0
A,C,A,7574,100,7574,1,0
A,D,A,9207,100,9207,1,0
A,E,A,1370,100,1370,1,0
A,F,A,7377,100,7377,1,0
A,G,A,7587,100,7587,1,0
A,H,A,9713,100,9713,1,0
A,B,B,7136,100,7136,1,0
B,C,B,6727,100,6727,1,0
B,D,B,12533,100,12533,1,0
B,E,B,7090,100,7090,1,0
B,F,B,1452,100,1452,1,0
B,G,B,6733,100,6733,1,0
B,H,B,13071,100,13071,1,0
A,C,C,7534,100,7534,1,0
B,C,C,6765,100,6765,1,0
C,D,C,6616,100,6616,1,0
C,E,C,7565,100,7565,1,0
C,F,C,7109,100,7109,1,0
C,G,C,1370,100,1370,1,0
C,H,C,7124,100,7124,1,0
A,D,D,9226,100,9226,1,0
B,D,D,12526,100,12526,1,0
C,D,D,6625,100,6625,1,0
D,E,D,9430,100,9430,1,0
D,F,D,12912,100,12912,1,0
D,G,D,6819,100,6819,1,0
D,H,D,1499,100,1499,1,0
A,E,E,1399,100,1399,1,0
B,E,E,7034,100,7034,1,0
C,E,E,7533,100,7533,1,0
D,E,E,9351,100,9351,1,0
E,F,E,6995,100,6995,1,0
E,G,E,7324,100,7324,1,0
E,H,E,9670,100,9670,1,0
A,F,F,7382,100,7382,1,0
B,F,F,1424,100,1424,1,0
C,F,F,7114,100,7114,1,0
D,F,F,12861,100,12861,1,0
E,F,F,7004,100,7004,1,0
F,G,F,6889,100,6889,1,0
F,H,F,13250,100,13250,1,0
A,G,G,7608,100,7608,1,0
B,G,G,6737,100,6737,1,0
C,G,G,1353,100,1353,1,0
D,G,G,6831,100,6831,1,0
E,G,G,7340,100,7340,1,0
F,G,G,6873,100,6873,1,0
G,H,G,7050,100,7050,1,0
A,H,H,9709,100,9709,1,0
B,H,H,13053,100,13053,1,0
C,H,H,7077,100,7077,1,0
D,H,H,1464,100,1464,1,0
E,H,H,9673,100,9673,1,0
F,H,H,13275,100,13275,1,0
G,H,H,7006,100,7006,1,0
A,B,A,7164,100,7164,1,0
A,C,A,7585,100,7585,1,0
A,D,A,9217,100,9217,1,0
A,E,A,1409,100,1409,1,0
A,F,A,7396,100,7396,1,0
A,G,A,7623,100,7623,1,0
A,H,A,9692,100,9692,1,0
A,B,B,7166,100,7166,1,0
B,C,B,6719,100,6719,1,0
B,D,B,12555,100,12555,1,0
B,E,B,7046,100,7046,1,0
B,F,B,1462,100,1462,1,0
B,G,B,6764,100,6764,1,0
B,H,B,13032,100,13032,1,0
A,C,C,7578,100,7578,1,0
B,C,C,6725,100,6725,1,0
C,D,C,6597,100,6597,1,0
C,E,C,7539,100,7539,1,0
C,F,C,7101,100,7101,1,0
C,G,C,1374,100,1374,1,0
C,H,C,7165,100,7165,1,0
A,D,D,9199,100,9199,1,0
B,D,D,12501,100,12501,1,0
C,D,D,6643,100,6643,1,0
D,E,D,9315,100,9315,1,0
D,F,D,12877,100,12877,1,0
D,G,D,6815,100,6815,1,0
D,H,D,1408,100,1408,1,0
A,E,E,1421,100,1421,1,0
B,E,E,7088,100,7088,1,0
C,E,E,7562,100,7562,1,0
D,E,E,9410,100,9410,1,0
E,F,E,7033,100,7033,1,0
E,G,E,7298,100,7298,1,0
E,H,E,9650,100,9650,1,0
A,F,F,7401,100,7401,1,0
B,F,F,1443,100,1443,1,0
C,F,F,7118,100,7118,1,0
D,F,F,12852,100,12852,1,0
E,F,F,7024,100,7024,1,0
F,G,F,6898,100,6898,1,0
F,H,F,13229,100,13229,1,0
A,G,G,7594,100,7594,1,0
B,G,G,6757,100,6757,1,0
C,G,G,1351,100,1351,1,0
D,G,G,6807,100,6807,1,0
E,G,G,7302,100,7302,1,0
F,G,G,6882,100,6882,1,0
G,H,G,7027,100,7027,1,0
A,H,H,9735,100,9735,1,0
B,H,H,13052,100,13052,1,0
C,H,H,7162,100,7162,1,0
D,H,H,1465,100,1465,1,0
E,H,H,9667,100,9667,1,0
F,H,H,13207,100,13207,1,0
G,H,H,7042,100,7042,1,0
A,B,A,7198,100,7198,1,0
A,C,A,7572,100,7572,1,0
A,D,A,9172,100,9172,1,0
A,E,A,1344,100,1344,1,0
A,F,A,7362,100,7362,1,0
A,G,A,7574,100,7574,1,0
A,H,A,9682,100,9682,1,0
A,B,B,7160,100,7160,1,0
B,C,B,6760,100,6760,1,0
B,D,B,12514,100,12514,1,0
B,E,B,7059,100,7059,1,0
B,F,B,1455,100,1455,1,0
B,G,B,6753,100,6753,1,0
B,H,B,13051,100,13051,1,0
A,C,C,7596,100,7596,1,0
B,C,C,6712,100,6712,1,0
C,D,C,6618,100,6618,1,0
C,E,C,7495,100,7495,1,0
C,F,C,7130,100,7130,1,0
C,G,C,1377,100,1377,1,0
C,H,C,7158,100,7158,1,0
A,D,D,9190,100,9190,1,0
B,D,D,12534,100,12534,1,0
C,D,D,6579,100,6579,1,0
D,E,D,9415,100,9415,1,0
D,F,D,12891,100,12891,1,0
D,G,D,6813,100,6813,1,0
D,H,D,1488,100,1488,1,0
A,E,E,1380,100,1380,1,0
B,E,E,7041,100,7041,1,0
C,E,E,7520,100,7520,1,0
D,E,E,9339,100,9339,1,0
E,F,E,6980,100,6980,1,0
E,G,E,7320,100,7320,1,0
E,H,E,9673,100,9673,1,0
A,F,F,7369,100,7369,1,0
B,F,F,1466,100,1466,1,0
C,F,F,7116,100,7116,1,0
D,F,F,12878,100,12878,1,0
E,F,F,7027,100,7027,1,0
F,G,F,6866,100,6866,1,0
F,H,F,13235,100,13235,1,0
A,G,G,7591,100,7591,1,0
B,G,G,6758,100,6758,1,0
C,G,G,1333,100,1333,1,0
D,G,G,6831,100,6831,1,0
E,G,G,7297,100,7297,1,0
F,G,G,6889,100,6889,1,0
G,H,G,7048,100,7048,1,0
A,H,H,9718,100,9718,1,0
B,H,H,13042,100,13042,1,0
C,H,H,7093,100,7093,1,0
D,H,H,1418,100,1418,1,0
E,H,H,9652,100,9652,1,0
F,H,H,13239,100,13239,1,0
G,H,H,7051,100,7051,1,0
A,B,A,7171,100,7171,1,0
A,C,A,7564,100,7564,1,0
A,D,A,9193,100,9193,1,0
A,E,A,1332,100,1332,1,0
A,F,A,7394,100,7394,1,0
A,G,A,7623,100,7623,1,0
A,H,A,9732,100,9732,1,0
A,B,B,7174,100,7174,1,0
B,C,B,6696,100,6696,1,0
B,D,B,12542,100,12542,1,0
B,E,B,7039,100,7039,1,0
B,F,B,1441,100,1441,1,0
B,G,B,6752,100,6752,1,0
B,H,B,13044,100,13044,1,0
A,C,C,7575,100,7575,1,0
B,C,C,6700,100,6700,1,0
C,D,C,6637,100,6637,1,0
C,E,C,7505,100,7505,1,0
C,F,C,7104,100,7104,1,0
C,G,C,1319,100,1319,1,0
C,H,C,7130,100,7130,1,0
A,D,D,9227,100,9227,1,0
B,D,D,12540,100,12540,1,0
C,D,D,6628,100,6628,1,0
D,E,D,9365,100,9365,1,0
D,F,D,12841,100,12841,1,0
D,G,D,6817,100,6817,1,0
D,H,D,1466,100,1466,1,0
A,E,E,1363,100,1363,1,0
B,E,E,7065,100,7065,1,0
C,E,E,7562,100,7562,1,0
D,E,E,9335,100,9335,1,0
E,F,E,7030,100,7030,1,0
E,G,E,7333,100,7333,1,0
E,H,E,9652,100,9652,1,0
A,F,F,7385,100,7385,1,0
B,F,F,1397,100,1397,1,0
C,F,F,7124,100,7124,1,0
D,F,F,12856,100,12856,1,0
E,F,F,6992,100,6992,1,0
F,G,F,6900,100,6900,1,0
F,H,F,13249,100,13249,1,0
A,G,G,7627,100,7627,1,0
B,G,G,6773,100,6773,1,0
C,G,G,1347,100,1347,1,0
D,G,G,6818,100,6818,1,0
E,G,G,7287,100,7287,1,0
F,G,G,6870,100,6870,1,0
G,H,G,7049,100,7049,1,0
A,H,H,9685,100,9685,1,0
B,H,H,13096,100,13096,1,0
C,H,H,7091,100,7091,1,0
D,H,H,1452,100,1452,1,0
E,H,H,9684,100,9684,1,0
F,H,H,13206,100,13206,1,0
G,H,H,7069,100,7069,1,0
A,B,A,7141,100,7141,1,0
A,C,A,7558,100,7558,1,0
A,D,A,9197,100,9197,1,0
A,E,A,1342,100,1342,1,0
A,F,A,7351,100,7351,1,0
A,G,A,7555,100,7555,1,0
A,H,A,9737,100,9737,1,0
A,B,B,7184,100,7184,1,0
B,C,B,6692,100,6692,1,0
B,D,B,12531,100,12531,1,0
B,E,B,7019,100,7019,1,0
B,F,B,1402,100,1402,1,0
B,G,B,6754,100,6754,1,0
B,H,B,13018,100,13018,1,0
A,C,C,7561,100,7561,1,0
B,C,C,6740,100,6740,1,0
C,D,C,6607,100,6607,1,0
C,E,C,7531,100,7531,1,0
C,F,C,7133,100,7133,1,0
C,G,C,1366,100,1366,1,0
C,H,C,7133,100,7133,1,0
A,D,D,9189,100,9189,1,0
B,D,D,12524,100,12524,1,0
C,D,D,6586,100,6586,1,0
D,E,D,9376,100,9376,1,0
D,F,D,12857,100,12857,1,0
D,G,D,6793,100,6793,1,0
D,H,D,1448,100,1448,1,0
A,E,E,1367,100,1367,1,0
B,E,E,7025,100,7025,1,0
C,E,E,7556,100,7556,1,0
D,E,E,9322,100,9322,1,0
E,F,E,7003,100,7003,1,0
E,G,E,7306,100,7306,1,0
E,H,E,9642,100,9642,1,0
A,F,F,7385,100,7385,1,0
B,F,F,1481,100,1481,1,0
C,F,F,7116,100,7116,1,0
D,F,F,12847,100,12847,1,0
E,F,F,7022,100,7022,1,0
F,G,F,6896,100,6896,1,0
F,H,F,13255,100,13255,1,0
A,G,G,7621,100,7621,1,0
B,G,G,6775,100,6775,1,0
C,G,G,1352,100,1352,1,0
D,G,G,6801,100,6801,1,0
E,G,G,7293,100,7293,1,0
F,G,G,6900,100,6900,1,0
G,H,G,7053,100,7053,1,0
A,H,H,9664,100,9664,1,0
B,H,H,13059,100,13059,1,0
C,H,H,7130,100,7130,1,0
D,H,H,1401,100,1401,1,0
E,H,H,9662,100,9662,1,0
F,H,H,13251,100,13251,1,0
G,H,H,7022,100,7022,1,0
A,B,A,7117,100,7117,1,0
A,C,A,7560,100,7560,1,0
A,D,A,9219,100,9219,1,0
A,E,A,1404,100,1404,1,0
A,F,A,7416,100,7416,1,0
A,G,A,7622,100,7622,1,0
A,H,A,9669,100,9669,1,0
A,B,B,7188,100,7188,1,0
B,C,B,6725,100,6725,1,0
B,D,B,12502,100,12502,1,0
B,E,B,7038,100,7038,1,0
B,F,B,1432,100,1432,1,0
B,G,B,6774,100,6774,1,0
B,H,B,13047,100,13047,1,0
A,C,C,7575,100,7575,1,0
B,C,C,6752,100,6752,1,0
C,D,C,6625,100,6625,1,0
C,E,C,7566,100,7566,1,0
C,F,C,7108,100,7108,1,0
C,G,C,1355,100,1355,1,0
C,H,C,7091,100,7091,1,0
A,D,D,9186,100,9186,1,0
B,D,D,12579,100,12579,1,0
C,D,D,6624,100,6624,1,0
D,E,D,9362,100,9362,1,0
D,F,D,12910,100,12910,1,0
D,G,D,6849,100,6849,1,0
D,H,D,1433,100,1433,1,0
A,E,E,1336,100,1336,1,0
B,E,E,7017,100,7017,1,0
C,E,E,7563,100,7563,1,0
D,E,E,9275,100,9275,1,0
E,F,E,6996,100,6996,1,0
E,G,E,7317,100,7317,1,0
E,H,E,9659,100,9659,1,0
A,F,F,7400,100,7400,1,0
B,F,F,1442,100,1442,1,0
C,F,F,7135,100,7135,1,0
D,F,F,12877,100,12877,1,0
E,F,F,6990,100,6990,1,0
F,G,F,6882,100,6882,1,0
F,H,F,13257,100,13257,1,0
A,G,G,7563,100,7563,1,0
B,G,G,6749,100,6749,1,0
C,G,G,1352,100,1352,1,0
D,G,G,6798,100,6798,1,0
E,G,G,7305,100,7305,1,0
F,G,G,6906,100,6906,1,0
G,H,G,7030,100,7030,1,0
A,H,H,9729,100,9729,1,0
B,H,H,13039,100,13039,1,0
C,H,H,7081,100,7081,1,0
D,H,H,1438,100,1438,1,0
E,H,H,9666,100,9666,1,0
F,H,H,13235,100,13235,1,0
G,H,H,7009,100,7009,1,0
A,B,A,7172,100,7172,1,0
A,C,A,7523,100,7523,1,0
A,D,A,9197,100,9197,1,0
A,E,A,1376,100,1376,1,0
A,F,A,7413,100,7413,1,0
A,G,A,7633,100,7633,1,0
A,H,A,9711,100,9711,1,0
A,B,B,7134,100,7134,1,0
B,C,B,6711,100,6711,1,0
B,D,B,12572,100,12572,1,0
B,E,B,7071,100,7071,1,0
B,F,B,1469,100,1469,1,0
B,G,B,6749,100,6749,1,0
B,H,B,13013,100,13013,1,0
A,C,C,7677,100,7677,1,0
B,C,C,6709,100,6709,1,0
C,D,C,6618,100,6618,1,0
C,E,C,7542,100,7542,1,0
C,F,C,7146,100,7146,1,0
C,G,C,1362,100,1362,1,0
C,H,C,7096,100,7096,1,0
A,D,D,9222,100,9222,1,0
B,D,D,12493,100,12493,1,0
C,D,D,6603,100,6603,1,0
D,E,D,9342,100,9342,1,0
D,F,D,12888,100,12888,1,0
D,G,D,6797,100,6797,1,0
D,H,D,1436,100,1436,1,0
A,E,E,1404,100,1404,1,0
B,E,E,7059,100,7059,1,0
C,E,E,7533,100,7533,1,0
D,E,E,9369,100,9369,1,0
E,F,E,6993,100,6993,1,0
E,G,E,7307,100,7307,1,0
E,H,E,9696,100,9696,1,0
A,F,F,7395,100,7395,1,0
B,F,F,1403,100,1403,1,0
C,F,F,7135,100,7135,1,0
D,F,F,12894,100,12894,1,0
E,F,F,7025,100,7025,1,0
F,G,F,6907,100,6907,1,0
F,H,F,13269,100,13269,1,0
A,G,G,7546,100,7546,1,0
B,G,G,6759,100,6759,1,0
C,G,G,1355,100,1355,1,0
D,G,G,6780,100,6780,1,0
E,G,G,7308,100,7308,1,0
F,G,G,6895,100,6895,1,0
G,H,G,7078,100,7078,1,0
A,H,H,9683,100,9683,1,0
B,H,H,13051,100,13051,1,0
C,H,H,7125,100,7125,1,0
D,H,H,1479,100,1479,1,0
E,H,H,9681,100,9681,1,0
F,H,H,13249,100,13249,1,0
G,H,H,7059,100,7059,1,0
A,B,A,7185,100,7185,1,0
A,C,A,7583,100,7583,1,0
A,D,A,9203,100,9203,1,0
A,E,A,1399,100,1399,1,0
A,F,A,7393,100,7393,1,0
A,G,A,7631,100,7631,1,0
A,H,A,9661,100,9661,1,0
A,B,B,7152,100,7152,1,0
B,C,B,6714,100,6714,1,0
B,D,B,12536,100,12536,1,0
B,E,B,7019,100,7019,1,0
B,F,B,1413,100,1413,1,0
B,G,B,6758,100,6758,1,0
B,H,B,13018,100,13018,1,0
A,C,C,7632,100,7632,1,0
B,C,C,6731,100,6731,1,0
C,D,C,6622,100,6622,1,0
C,E,C,7545,100,7545,1,0
C,F,C,7146,100,7146,1,0
C,G,C,1345,100,1345,1,0
C,H,C,7125,100,7125,1,0
A,D,D,9191,100,9191,1,0
B,D,D,12546,100,12546,1,0
C,D,D,6591,100,6591,1,0
D,E,D,9353,100,9353,1,0
D,F,D,12863,100,12863,1,0
D,G,D,6811,100,6811,1,0
D,H,D,1464,100,1464,1,0
A,E,E,1357,100,1357,1,0
B,E,E,7013,100,7013,1,0
C,E,E,7552,100,7552,1,0
D,E,E,9391,100,9391,1,0
E,F,E,6982,100,6982,1,0
E,G,E,7310,100,7310,1,0
E,H,E,9655,100,9655,1,0
A,F,F,7367,100,7367,1,0
B,F,F,1430,100,1430,1,0
C,F,F,7102,100,7102,1,0
D,F,F,12862,100,12862,1,0
E,F,F,7000,100,7000,1,0
F,G,F,6864,100,6864,1,0
F,H,F,13258,100,13258,1,0
A,G,G,7573,100,7573,1,0
B,G,G,6752,100,6752,1,0
C,G,G,1369,100,1369,1,0
D,G,G,6797,100,6797,1,0
E,G,G,7296,100,7296,1,0
F,G,G,6904,100,6904,1,0
G,H,G,7043,100,7043,1,0
A,H,H,9675,100,9675,1,0
B,H,H,13032,100,13032,1,0
C,H,H,7115,100,7115,1,0
D,H,H,1417,100,1417,1,0
E,H,H,9681,100,9681,1,0
F,H,H,13235,100,13235,1,0
G,H,H,7051,100,7051,1,0
A,B,A,7171,100,7171,1,0
A,C,A,7516,100,7516,1,0
A,D,A,9180,100,9180,1,0
A,E,A,1338,100,1338,1,0
A,F,A,7382,100,7382,1,0
A,G,A,7552,100,7552,1,0
A,H,A,9691,100,9691,1,0
A,B,B,7169,100,7169,1,0
B,C,B,6718,100,6718,1,0
B,D,B,12529,100,12529,1,0
B,E,B,7020,100,7020,1,0
B,F,B,1425,100,1425,1,0
B,G,B,6740,100,6740,1,0
B,H,B,12994,100,12994,1,0
A,C,C,7560,100,7560,1,0
B,C,C,6712,100,6712,1,0
C,D,C,6592,100,6592,1,0
C,E,C,7516,100,7516,1,0
C,F,C,7130,100,7130,1,0
C,G,C,1377,100,1377,1,0
C,H,C,7116,100,7116,1,0
A,D,D,9220,100,9220,1,0
B,D,D,12504,100,12504,1,0
C,D,D,6594,100,6594,1,0
D,E,D,9400,100,9400,1,0
D,F,D,12848,100,12848,1,0
D,G,D,6829,100,6829,1,0
D,H,D,1439,100,1439,1,0
A,E,E,1429,100,1429,1,0
B,E,E,7061,100,7061,1,0
C,E,E,7546,100,7546,1,0
D,E,E,9362,100,9362,1,0
E,F,E,7001,100,7001,1,0
E,G,E,7305,100,7305,1,0
E,H,E,9694,100,9694,1,0
A,F,F,7370,100,7370,1,0
B,F,F,1434,100,1434,1,0
C,F,F,7126,100,7126,1,0
D,F,F,12833,100,12833,1,0
E,F,F,7001,100,7001,1,0
F,G,F,6893,100,6893,1,0
F,H,F,13238,100,13238,1,0
A,G,G,7582,100,7582,1,0
B,G,G,6752,100,6752,1,0
C,G,G,1393,100,1393,1,0
D,G,G,6797,100,6797,1,0
E,G,G,7341,100,7341,1,0
F,G,G,6913,100,6913,1,0
G,H,G,7030,100,7030,1,0
A,H,H,9695,100,9695,1,0
B,H,H,13030,100,13030,1,0
C,H,H,7141,100,7141,1,0
D,H,H,1462,100,1462,1,0
E,H,H,9661,100,9661,1,0
F,H,H,13227,100,13227,1,0
G,H,H,7051,100,7051,1,0
A,B,A,7139,100,7139,1,0
A,C,A,7551,100,7551,1,0
A,D,A,9223,100,9223,1,0
A,E,A,1340,100,1340,1,0
A,F,A,7415,100,7415,1,0
A,G,A,7529,100,7529,1,0
A,H,A,9680,100,9680,1,0
A,B,B,7136,100,7136,1,0
B,C,B,6747,100,6747,1,0
B,D,B,12551,100,12551,1,0
B,E,B,7070,100,7070,1,0
B,F,B,1428,100,1428,1,0
B,G,B,6737,100,6737,1,0
B,H,B,13022,100,13022,1,0
A,C,C,7582,100,7582,1,0
B,C,C,6703,100,6703,1,0
C,D,C,6648,100,6648,1,0
C,E,C,7519,100,7519,1,0
C,F,C,7125,100,7125,1,0
C,G,C,1356,100,1356,1,0
C,H,C,7115,100,7115,1,0
A,D,D,9194,100,9194,1,0
B,D,D,12568,100,12568,1,0
C,D,D,6600,100,6600,1,0
D,E,D,9375,100,9375,1,0
D,F,D,12830,100,12830,1,0
D,G,D,6806,100,6806,1,0
D,H,D,1504,100,1504,1,0
A,E,E,1371,100,1371,1,0
B,E,E,7061,100,7061,1,0
C,E,E,7548,100,7548,1,0
D,E,E,9382,100,9382,1,0
E,F,E,6984,100,6984,1,0
E,G,E,7286,100,7286,1,0
E,H,E,9648,100,9648,1,0
A,F,F,7365,100,7365,1,0
B,F,F,1447,100,1447,1,0
C,F,F,7119,100,7119,1,0
D,F,F,12838,100,12838,1,0
E,F,F,6992,100,6992,1,0
F,G,F,6917,100,6917,1,0
F,H,F,13250,100,13250,1,0
A,G,G,7581,100,7581,1,0
B,G,G,6768,100,6768,1,0
C,G,G,1395,100,1395,1,0
D,G,G,6802,100,6802,1,0
E,G,G,7308,100,7308,1,0
F,G,G,6873,100,6873,1,0
G,H,G,7051,100,7051,1,0
A,H,H,9696,100,9696,1,0
B,H,H,13061,100,13061,1,0
C,H,H,7123,100,7123,1,0
D,H,H,1422,100,1422,1,0
E,H,H,9680,100,9680,1,0
F,H,H,13183,100,13183,1,0
G,H,H,7059,100,7059,1,0
A,B,A,7171,100,7171,1,0
A,C,A,7598,100,7598,1,0
A,D,A,9200,100,9200,1,0
A,E,A,1421,100,1421,1,0
A,F,A,7412,100,7412,1,0
A,G,A,7595,100,7595,1,0
A,H,A,9702,100,9702,1,0
A,B,B,7136,100,7136,1,0
B,C,B,6721,100,6721,1,0
B,D,B,12545,100,12545,1,0
B,E,B,7059,100,7059,1,0
B,F,B,1475,100,1475,1,0
B,G,B,6764,100,6764,1,0
B,H,B,13055,100,13055,1,0
A,C,C,7540,100,7540,1,0
B,C,C,6719,100,6719,1,0
C,D,C,6618,100,6618,1,0
C,E,C,7546,100,7546,1,0
C,F,C,7126,100,7126,1,0
C,G,C,1322,100,1322,1,0
C,H,C,7113,100,7113,1,0
A,D,D,9212,100,9212,1,0
B,D,D,12531,100,12531,1,0
C,D,D,6575,100,6575,1,0
D,E,D,9352,100,9352,1,0
D,F,D,12863,100,12863,1,0
D,G,D,6807,100,6807,1,0
D,H,D,1407,100,1407,1,0
A,E,E,1381,100,1381,1,0
B,E,E,6982,100,6982,1,0
C,E,E,7565,100,7565,1,0
D,E,E,9290,100,9290,1,0
E,F,E,6994,100,6994,1,0
E,G,E,7322,100,7322,1,0
E,H,E,9692,100,9692,1,0
A,F,F,7373,100,7373,1,0
B,F,F,1446,100,1446,1,0
C,F,F,7124,100,7124,1,0
D,F,F,12848,100,12848,1,0
E,F,F,6981,100,6981,1,0
F,G,F,6869,100,6869,1,0
F,H,F,13220,100,13220,1,0
A,G,G,7571,100,7571,1,0
B,G,G,6794,100,6794,1,0
C,G,G,1385,100,1385,1,0
D,G,G,6848,100,6848,1,0
E,G,G,7342,100,7342,1,0
F,G,G,6876,100,6876,1,0
G,H,G,7030,100,7030,1,0
A,H,H,9709,100,9709,1,0
B,H,H,13060,100,13060,1,0
C,H,H,7148,100,7148,1,0
D,H,H,1388,100,1388,1,0
E,H,H,9653,100,9653,1,0
F,H,H,13229,100,13229,1,0
G,H,H,7042,100,7042,1,0
A,B,A,7170,100,7170,1,0
A,C,A,7523,100,7523,1,0
A,D,A,9215,100,9215,1,0
A,E,A,1355,100,1355,1,0
A,F,A,7377,100,7377,1,0
A,G,A,7630,100,7630,1,0
A,H,A,9715,100,9715,1,0
A,B,B,7163,100,7163,1,0
B,C,B,6723,100,6723,1,0
B,D,B,12545,100,12545,1,0
B,E,B,7067,100,7067,1,0
B,F,B,1456,100,1456,1,0
B,G,B,6780,100,6780,1,0
B,H,B,13095,100,13095,1,0
A,C,C,7578,100,7578,1,0
B,C,C,6707,100,6707,1,0
C,D,C,6618,100,6618,1,0
C,E,C,7535,100,7535,1,0
C,F,C,7116,100,7116,1,0
C,G,C,1325,100,1325,1,0
C,H,C,7081,100,7081,1,0
A,D,D,9208,100,9208,1,0
B,D,D,12550,100,12550,1,0
C,D,D,6588,100,6588,1,0
D,E,D,9322,100,9322,1,0
D,F,D,12894,100,12894,1,0
D,G,D,6825,100,6825,1,0
D,H,D,1409,100,1409,1,0
A,E,E,1361,100,1361,1,0
B,E,E,7023,100,7023,1,0
C,E,E,7551,100,7551,1,0
D,E,E,9308,100,9308,1,0
E,F,E,6979,100,6979,1,0
E,G,E,7308,100,7308,1,0
E,H,E,9680,100,9680,1,0
A,F,F,7375,100,7375,1,0
B,F,F,1412,100,1412,1,0
C,F,F,7110,100,7110,1,0
D,F,F,12855,100,12855,1,0
E,F,F,7016,100,7016,1,0
F,G,F,6863,100,6863,1,0
F,H,F,13245,100,13245,1,0
A,G,G,7578,100,7578,1,0
B,G,G,6757,100,6757,1,0
C,G,G,1352,100,1352,1,0
D,G,G,6817,100,6817,1,0
E,G,G,7321,100,7321,1,0
F,G,G,6881,100,6881,1,0
G,H,G,7014,100,7014,1,0
A,H,H,9715,100,9715,1,0
B,H,H,13050,100,13050,1,0
C,H,H,7092,100,7092,1,0
D,H,H,1472,100,1472,1,0
E,H,H,9650,100,9650,1,0
F,H,H,13233,100,13233,1,0
G,H,H,7072,100,7072,1,0
A,B,A,7168,100,7168,1,0
A,C,A,7614,100,7614,1,0
A,D,A,9192,100,9192,1,0
A,E,A,1388,100,1388,1,0
A,F,A,7379,100,7379,1,0
A,G,A,7507,100,7507,1,0
A,H,A,9728,100,9728,1,0
A,B,B,7133,100,7133,1,0
B,C,B,6719,100,6719,1,0
B,D,B,12545,100,12545,1,0
B,E,B,7057,100,7057,1,0
B,F,B,1405,100,1405,1,0
B,G,B,6771,100,6771,1,0
B,H,B,13050,100,13050,1,0
A,C,C,7543,100,7543,1,0
B,C,C,6760,100,6760,1,0
C,D,C,6629,100,6629,1,0
C,E,C,7538,100,7538,1,0
C,F,C,7158,100,7158,1,0
C,G,C,1355,100,1355,1,0
C,H,C,7124,100,7124,1,0
A,D,D,9198,100,9198,1,0
B,D,D,12522,100,12522,1,0
C,D,D,6611,100,6611,1,0
D,E,D,9383,100,9383,1,0
D,F,D,12844,100,12844,1,0
D,G,D,6851,100,6851,1,0
D,H,D,1400,100,1400,1,0
A,E,E,1417,100,1417,1,0
B,E,E,7032,100,7032,1,0
C,E,E,7542,100,7542,1,0
D,E,E,9406,100,9406,1,0
E,F,E,7022,100,7022,1,0
E,G,E,7295,100,7295,1,0
E,H,E,9639,100,9639,1,0
A,F,F,7392,100,7392,1,0
B,F,F,1439,100,1439,1,0
C,F,F,7114,100,7114,1,0
D,F,F,12892,100,12892,1,0
E,F,F,6993,100,6993,1,0
F,G,F,6879,100,6879,1,0
F,H,F,13260,100,13260,1,0
A,G,G,7598,100,7598,1,0
B,G,G,6775,100,6775,1,0
C,G,G,1364,100,1364,1,0
D,G,G,6788,100,6788,1,0
E,G,G,7322,100,7322,1,0
F,G,G,6898,100,6898,1,0
G,H,G,7034,100,7034,1,0
A,H,H,9686,100,9686,1,0
B,H,H,13026,100,13026,1,0
C,H,H,7126,100,7126,1,0
D,H,H,1408,100,1408,1,0
E,H,H,9661,100,9661,1,0
F,H,H,13232,100,13232,1,0
G,H,H,7073,100,7073,1,0
A,B,A,7173,100,7173,1,0
A,C,A,7577,100,7577,1,0
A,D,A,9223,100,9223,1,0
A,E,A,1375,100,1375,1,0
A,F,A,7373,100,7373,1,0
A,G,A,7605,100,7605,1,0
A,H,A,9655,100,9655,1,0
A,B,B,7203,100,7203,1,0
B,C,B,6718,100,6718,1,0
B,D,B,12509,100,12509,1,0
B,E,B,7020,100,7020,1,0
B,F,B,1443,100,1443,1,0
B,G,B,6740,100,6740,1,0
B,H,B,13064,100,13064,1,0
A,C,C,7588,100,7588,1,0
B,C,C,6720,100,6720,1,0
C,D,C,6600,100,6600,1,0
C,E,C,7556,100,7556,1,0
C,F,C,7106,100,7106,1,0
C,G,C,1338,100,1338,1,0
C,H,C,7150,100,7150,1,0
A,D,D,9208,100,9208,1,0
B,D,D,12569,100,12569,1,0
C,D,D,6636,100,6636,1,0
D,E,D,9366,100,9366,1,0
D,F,D,12902,100,12902,1,0
D,G,D,6766,100,6766,1,0
D,H,D,1447,100,1447,1,0
A,E,E,1436,100,1436,1,0
B,E,E,6997,100,6997,1,0
C,E,E,7543,100,7543,1,0
D,E,E,9373,100,9373,1,0
E,F,E,7009,100,7009,1,0
E,G,E,7288,100,7288,1,0
E,H,E,9668,100,9668,1,0
A,F,F,7378,100,7378,1,0
B,F,F,1469,100,1469,1,0
C,F,F,7130,100,7130,1,0
D,F,F,12847,100,12847,1,0
E,F,F,6975,100,6975,1,0
F,G,F,6881,100,6881,1,0
F,H,F,13211,100,13211,1,0
A,G,G,7587,100,7587,1,0
B,G,G,6761,100,6761,1,0
C,G,G,1304,100,1304,1,0
D,G,G,6801,100,6801,1,0
E,G,G,7316,100,7316,1,0
F,G,G,6864,100,6864,1,0
G,H,G,7057,100,7057,1,0
A,H,H,9710,100,9710,1,0
B,H,H,13026,100,13026,1,0
C,H,H,7118,100,7118,1,0
D,H,H,1434,100,1434,1,0
E,H,H,9671,100,9671,1,0
F,H,H,13225,100,13225,1,0
G,H,H,7044,100,7044,1,0
A,B,A,7142,100,7142,1,0
A,C,A,7614,100,7614,1,0
A,D,A,9204,100,9204,1,0
A,E,A,1353,100,1353,1,0
A,F,A,7419,100,7419,1,0
A,G,A,7613,100,7613,1,0
A,H,A,9706,100,9706,1,0
A,B,B,7138,100,7138,1,0
B,C,B,6682,100,6682,1,0
B,D,B,12535,100,12535,1,0
B,E,B,7068,100,7068,1,0
B,F,B,1448,100,1448,1,0
B,G,B,6772,100,6772,1,0
B,H,B,13091,100,13091,1,0
A,C,C,7580,100,7580,1,0
B,C,C,6691,100,6691,1,0
C,D,C,6602,100,6602,1,0
C,E,C,7570,100,7570,1,0
C,F,C,7125,100,7125,1,0
C,G,C,1367,100,1367,1,0
C,H,C,7094,100,7094,1,0
A,D,D,9212,100,9212,1,0
B,D,D,12550,100,12550,1,0
C,D,D,6569,100,6569,1,0
D,E,D,9334,100,9334,1,0
D,F,D,12826,100,12826,1,0
D,G,D,6819,100,6819,1,0
D,H,D,1480,100,1480,1,0
A,E,E,1328,100,1328,1,0
B,E,E,7054,100,7054,1,0
C,E,E,7525,100,7525,1,0
D,E,E,9273,100,9273,1,0
E,F,E,6964,100,6964,1,0
E,G,E,7304,100,7304,1,0
E,H,E,9680,100,9680,1,0
A,F,F,7401,100,7401,1,0
B,F,F,1430,100,1430,1,0
C,F,F,7098,100,7098,1,0
D,F,F,12854,100,12854,1,0
E,F,F,6995,100,6995,1,0
F,G,F,6865,100,6865,1,0
F,H,F,13195,100,13195,1,0
A,G,G,7596,100,7596,1,0
B,G,G,6730,100,6730,1,0
C,G,G,1367,100,1367,1,0
D,G,G,6816,100,6816,1,0
E,G,G,7322,100,7322,1,0
F,G,G,6903,100,6903,1,0
G,H,G,7059,100,7059,1,0
A,H,H,9667,100,9667,1,0
B,H,H,13034,100,13034,1,0
C,H,H,7117,100,7117,1,0
D,H,H,1406,100,1406,1,0
E,H,H,9679,100,9679,1,0
F,H,H,13260,100,13260,1,0
G,H,H,7048,100,7048,1,0
A,B,A,7162,100,7162,1,0
A,C,A,7592,100,7592,1,0
A,D,A,9230,100,9230,1,0
A,E,A,1352,100,1352,1,0
A,F,A,7352,100,7352,1,0
A,G,A,7602,100,7602,1,0
A,H,A,9689,100,9689,1,0
A,B,B,7106,100,7106,1,0
B,C,B,6720,100,6720,1,0
B,D,B,12549,100,12549,1,0
B,E,B,7056,100,7056,1,0
B,F,B,1424,100,1424,1,0
B,G,B,6783,100,6783,1,0
B,H,B,13060,100,13060,1,0
A,C,C,7568,100,7568,1,0
B,C,C,6678,100,6678,1,0
C,D,C,6597,100,6597,1,0
C,E,C,7537,100,7537,1,0
C,F,C,7118,100,7118,1,0
C,G,C,1350,100,1350,1,0
C,H,C,7153,100,7153,1,0
A,D,D,9163,100,9163,1,0
B,D,D,12555,100,12555,1,0
C,D,D,6604,100,6604,1,0
D,E,D,9356,100,9356,1,0
D,F,D,12869,100,12869,1,0
D,G,D,6845,100,6845,1,0
D,H,D,1446,100,1446,1,0
A,E,E,1431,100,1431,1,0
B,E,E,7060,100,7060,1,0
C,E,E,7562,100,7562,1,0
D,E,E,9370,100,9370,1,0
E,F,E,6984,100,6984,1,0
E,G,E,7332,100,7332,1,0
E,H,E,9646,100,9646,1,0
A,F,F,7405,100,7405,1,0
B,F,F,1409,100,1409,1,0
C,F,F,7120,100,7120,1,0
D,F,F,12873,100,12873,1,0
E,F,F,7014,100,7014,1,0
F,G,F,6892,100,6892,1,0
F,H,F,13267,100,13267,1,0
A,G,G,7576,100,7576,1,0
B,G,G,6719,100,6719,1,0
C,G,G,1312,100,1312,1,0
D,G,G,6814,100,6814,1,0
E,G,G,7319,100,7319,1,0
F,G,G,6894,100,6894,1,0
G,H,G,7056,100,7056,1,0
A,H,H,9692,100,9692,1,0
B,H,H,13084,100,13084,1,0
C,H,H,7117,100,7117,1,0
D,H,H,1450,100,1450,1,0
E,H,H,9631,100,9631,1,0
F,H,H,13238,100,13238,1,0
G,H,H,7011,100,7011,1,0
A,B,A,7189,100,7189,1,0
A,C,A,7532,100,7532,1,0
A,D,A,9205,100,9205,1,0
A,E,A,1386,100,1386,1,0
A,F,A,7380,100,7380,1,0
A,G,A,7606,100,7606,1,0
A,H,A,9691,100,9691,1,0
A,B,B,7152,100,7152,1,0
B,C,B,6743,100,6743,1,0
B,D,B,12480,100,12480,1,0
B,E,B,7009,100,7009,1,0
B,F,B,1413,100,1413,1,0
B,G,B,6775,100,6775,1,0
B,H,B,13082,100,13082,1,0
A,C,C,7590,100,7590,1,0
B,C,C,6701,100,6701,1,0
C,D,C,6642,100,6642,1,0
C,E,C,7523,100,7523,1,0
C,F,C,7118,100,7118,1,0
C,G,C,1373,100,1373,1,0
C,H,C,7099,100,7099,1,0
A,D,D,9204,100,9204,1,0
B,D,D,12536,100,12536,1,0
C,D,D,6591,100,6591,1,0
D,E,D,9375,100,9375,1,0
D,F,D,12841,100,12841,1,0
D,G,D,6796,100,6796,1,0
D,H,D,1391,100,1391,1,0
A,E,E,1361,100,1361,1,0
B,E,E,7014,100,7014,1,0
C,E,E,7562,100,7562,1,0
D,E,E,9378,100,9378,1,0
E,F,E,6975,100,6975,1,0
E,G,E,7309,100,7309,1,0
E,H,E,9662,100,9662,1,0
A,F,F,7390,100,7390,1,0
B,F,F,1453,100,1453,1,0
C,F,F,7111,100,7111,1,0
D,F,F,12855,100,12855,1,0
E,F,F,6992,100,6992,1,0
F,G,F,6875,100,6875,1,0
F,H,F,13232,100,13232,1,0
A,G,G,7577,100,7577,1,0
B,G,G,6731,100,6731,1,0
C,G,G,1394,100,1394,1,0
D,G,G,6838,100,6838,1,0
E,G,G,7299,100,7299,1,0
F,G,G,6902,100,6902,1,0
G,H,G,7063,100,7063,1,0
A,H,H,9685,100,9685,1,0
B,H,H,13021,100,13021,1,0
C,H,H,7136,100,7136,1,0
D,H,H,1467,100,1467,1,0
E,H,H,9641,100,9641,1,0
F,H,H,13265,100,13265,1,0
G,H,H,7041,100,7041,1,0
A,B,A,7155,100,7155,1,0
A,C,A,7547,100,7547,1,0
A,D,A,9189,100,9189,1,0
A,E,A,1357,100,1357,1,0
A,F,A,7377,100,7377,1,0
A,G,A,7600,100,7600,1,0
A,H,A,9741,100,9741,1,0
A,B,B,7131,100,7131,1,0
B,C,B,6696,100,6696,1,0
B,D,B,12557,100,12557,1,0
B,E,B,7034,100,7034,1,0
B,F,B,1427,100,1427,1,0
B,G,B,6771,100,6771,1,0
B,H,B,13036,100,13036,1,0
A,C,C,7564,100,7564,1,0
B,C,C,6694,100,6694,1,0
C,D,C,6636,100,6636,1,0
C,E,C,7557,100,7557,1,0
C,F,C,7109,100,7109,1,0
C,G,C,1338,100,1338,1,0
C,H,C,7116,100,7116,1,0
A,D,D,9221,100,9221,1,0
B,D,D,12489,100,12489,1,0
C,D,D,6599,100,6599,1,0
D,E,D,9400,100,9400,1,0
D,F,D,12881,100,12881,1,0
D,G,D,6834,100,6834,1,0
D,H,D,1433,100,1433,1,0
A,E,E,1357,100,1357,1,0
B,E,E,7055,100,7055,1,0
C,E,E,7509,100,7509,1,0
D,E,E,9329,100,9329,1,0
E,F,E,7001,100,7001,1,0
E,G,E,7343,100,7343,1,0
E,H,E,9653,100,9653,1,0
A,F,F,7376,100,7376,1,0
B,F,F,1405,100,1405,1,0
C,F,F,7106,100,7106,1,0
D,F,F,12867,100,12867,1,0
E,F,F,6996,100,6996,1,0
F,G,F,6886,100,6886,1,0
F,H,F,13182,100,13182,1,0
A,G,G,7545,100,7545,1,0
B,G,G,6762,100,6762,1,0
C,G,G,1341,100,1341,1,0
D,G,G,6808,100,6808,1,0
E,G,G,7315,100,7315,1,0
F,G,G,6860,100,6860,1,0
G,H,G,7028,100,7028,1,0
A,H,H,9707,100,9707,1,0
B,H,H,13082,100,13082,1,0
C,H,H,7135,100,7135,1,0
D,H,H,1450,100,1450,1,0
E,H,H,9668,100,9668,1,0
F,H,H,13189,100,13189,1,0
G,H,H,7039,100,7039,1,0
A,B,A,7126,100,7126,1,0
A,C,A,7594,100,7594,1,0
A,D,A,9204,100,9204,1,0
A,E,A,1387,100,1387,1,0
A,F,A,7377,100,7377,1,0
A,G,A,7626,100,7626,1,0
A,H,A,9686,100,9686,1,0
A,B,B,7164,100,7164,1,0
B,C,B,6699,100,6699,1,0
B,D,B,12511,100,12511,1,0
B,E,B,7031,100,7031,1,0
B,F,B,1448,100,1448,1,0
B,G,B,6742,100,6742,1,0
B,H,B,13022,100,13022,1,0
A,C,C,7623,100,7623,1,0
B,C,C,6719,100,6719,1,0
C,D,C,6626,100,6626,1,0
C,E,C,7527,100,7527,1,0
C,F,C,7109,100,7109,1,0
C,G,C,1367,100,1367,1,0
C,H,C,7082,100,7082,1,0
A,D,D,9207,100,9207,1,0
B,D,D,12549,100,12549,1,0
C,D,D,6625,100,6625,1,0
D,E,D,9374,100,9374,1,0
D,F,D,12863,100,12863,1,0
D,G,D,6793,100,6793,1,0
D,H,D,1431,100,1431,1,0
A,E,E,1336,100,1336,1,0
B,E,E,7052,100,7052,1,0
C,E,E,7528,100,7528,1,0
D,E,E,9375,100,9375,1,0
E,F,E,7004,100,7004,1,0
E,G,E,7324,100,7324,1,0
E,H,E,9662,100,9662,1,0
A,F,F,7355,100,7355,1,0
B,F,F,1398,100,1398,1,0
C,F,F,7106,100,7106,1,0
D,F,F,12909,100,12909,1,0
E,F,F,7004,100,7004,1,0
F,G,F,6894,100,6894,1,0
F,H,F,13215,100,13215,1,0
A,G,G,7593,100,7593,1,0
B,G,G,6742,100,6742,1,0
C,G,G,1386,100,1386,1,0
D,G,G,6829,100,6829,1,0
E,G,G,7312,100,7312,1,0
F,G,G,6884,100,6884,1,0
G,H,G,7002,100,7002,1,0
A,H,H,9713,100,9713,1,0
B,H,H,13040,100,13040,1,0
C,H,H,7130,100,7130,1,0
D,H,H,1424,100,1424,1,0
E,H,H,9638,100,9638,1,0
F,H,H,13226,100,13226,1,0
G,H,H,7051,100,7051,1,0
A,B,A,7176,100,7176,1,0
A,C,A,7531,100,7531,1,0
A,D,A,9214,100,9214,1,0
A,E,A,1334,100,1334,1,0
A,F,A,7402,100,7402,1,0
A,G,A,7583,100,7583,1,0
A,H,A,9696,100,9696,1,0
A,B,B,7123,100,7123,1,0
B,C,B,6751,100,6751,1,0
B,D,B,12557,100,12557,1,0
B,E,B,7028,100,7028,1,0
B,F,B,1415,100,1415,1,0
B,G,B,6765,100,6765,1,0
B,H,B,13063,100,13063,1,0
A,C,C,7599,100,7599,1,0
B,C,C,6698,100,6698,1,0
C,D,C,6600,100,6600,1,0
C,E,C,7545,100,7545,1,0
C,F,C,7135,100,7135,1,0
C,G,C,1383,100,1383,1,0
C,H,C,7146,100,7146,1,0
A,D,D,9201,100,9201,1,0
B,D,D,12503,100,12503,1,0
C,D,D,6587,100,6587,1,0
D,E,D,9372,100,9372,1,0
D,F,D,12877,100,12877,1,0
D,G,D,6759,100,6759,1,0
D,H,D,1431,100,1431,1,0
A,E,E,1350,100,1350,1,0
B,E,E,7020,100,7020,1,0
C,E,E,7548,100,7548,1,0
D,E,E,9383,100,9383,1,0
E,F,E,6980,100,6980,1,0
E,G,E,7315,100,7315,1,0
E,H,E,9645,100,9645,1,0
A,F,F,7394,100,7394,1,0
B,F,F,1435,100,1435,1,0
C,F,F,7113,100,7113,1,0
D,F,F,12895,100,12895,1,0
E,F,F,7014,100,7014,1,0
F,G,F,6861,100,6861,1,0
F,H,F,13246,100,13246,1,0
A,G,G,7593,100,7593,1,0
B,G,G,6776,100,6776,1,0
C,G,G,1381,100,1381,1,0
D,G,G,6816,100,6816,1,0
E,G,G,7280,100,7280,1,0
F,G,G,6862,100,6862,1,0
G,H,G,7036,100,7036,1,0
A,H,H,9710,100,9710,1,0
B,H,H,13076,100,13076,1,0
C,H,H,7115,100,7115,1,0
D,H,H,1473,100,1473,1,0
E,H,H,9640,100,9640,1,0
F,H,H,13202,100,13202,1,0
G,H,H,7059,100,7059,1,0
A,B,A,7136,100,7136,1,0
A,C,A,7603,100,7603,1,0
A,D,A,9200,100,9200,1,0
A,E,A,1330,100,1330,1,0
A,F,A,7434,100,7434,1,0
A,G,A,7633,100,7633,1,0
A,H,A,9736,100,9736,1,0
A,B,B,7168,100,7168,1,0
B,C,B,6707,100,6707,1,0
B,D,B,12565,100,12565,1,0
B,E,B,7040,100,7040,1,0
B,F,B,1437,100,1437,1,0
B,G,B,6777,100,6777,1,0
B,H,B,13014,100,13014,1,0
A,C,C,7595,100,7595,1,0
B,C,C,6703,100,6703,1,0
C,D,C,6624,100,6624,1,0
C,E,C,7552,100,7552,1,0
C,F,C,7127,100,7127,1,0
C,G,C,1356,100,1356,1,0
C,H,C,7124,100,7124,1,0
A,D,D,9178,100,9178,1,0
B,D,D,12581,100,12581,1,0
C,D,D,6580,100,6580,1,0
D,E,D,9369,100,9369,1,0
D,F,D,12887,100,12887,1,0
D,G,D,6829,100,6829,1,0
D,H,D,1495,100,1495,1,0
A,E,E,1378,100,1378,1,0
B,E,E,7062,100,7062,1,0
C,E,E,7533,100,7533,1,0
D,E,E,9320,100,9320,1,0
E,F,E,6991,100,6991,1,0
E,G,E,7321,100,7321,1,0
E,H,E,9683,100,9683,1,0
A,F,F,7378,100,7378,1,0
B,F,F,1423,100,1423,1,0
C,F,F,7145,100,7145,1,0
D,F,F,12866,100,12866,1,0
E,F,F,7005,100,7005,1,0
F,G,F,6891,100,6891,1,0
F,H,F,13227,100,13227,1,0
A,G,G,7534,100,7534,1,0
B,G,G,6733,100,6733,1,0
C,G,G,1313,100,1313,1,0
D,G,G,6790,100,6790,1,0
E,G,G,7315,100,7315,1,0
F,G,G,6864,100,6864,1,0
G,H,G,7010,100,7010,1,0
A,H,H,9709,100,9709,1,0
B,H,H,13048,100,13048,1,0
C,H,H,7097,100,7097,1,0
D,H,H,1445,100,1445,1,0
E,H,H,9646,100,9646,1,0
F,H,H,13221,100,13221,1,0
G,H,H,7048,100,7048,1,0
A,B,A,7120,100,7120,1,0
A,C,A,7557,100,7557,1,0
A,D,A,9209,100,9209,1,0
A,E,A,1354,100,1354,1,0
A,F,A,7421,100,7421,1,0
A,G,A,7572,100,7572,1,0
A,H,A,9677,100,9677,1,0
A,B,B,7154,100,7154,1,0
B,C,B,6696,100,6696,1,0
B,D,B,12525,100,12525,1,0
B,E,B,7026,100,7026,1,0
B,F,B,1420,100,1420,1,0
B,G,B,6744,100,6744,1,0
B,H,B,13033,100,13033,1,0
A,C,C,7589,100,7589,1,0
B,C,C,6722,100,6722,1,0
C,D,C,6604,100,6604,1,0
C,E,C,7543,100,7543,1,0
C,F,C,7107,100,7107,1,0
C,G,C,1336,100,1336,1,0
C,H,C,7119,100,7119,1,0
A,D,D,9205,100,9205,1,0
B,D,D,12548,100,12548,1,0
C,D,D,6592,100,6592,1,0
D,E,D,9363,100,9363,1,0
D,F,D,12882,100,12882,1,0
D,G,D,6795,100,6795,1,0
D,H,D,1415,100,1415,1,0
A,E,E,1347,100,1347,1,0
B,E,E,7075,100,7075,1,0
C,E,E,7570,100,7570,1,0
D,E,E,9377,100,9377,1,0
E,F,E,7034,100,7034,1,0
E,G,E,7285,100,7285,1,0
E,H,E,9667,100,9667,1,0
A,F,F,7371,100,7371,1,0
B,F,F,1462,100,1462,1,0
C,F,F,7120,100,7120,1,0
D,F,F,12894,100,12894,1,0
E,F,F,7018,100,7018,1,0
F,G,F,6877,100,6877,1,0
F,H,F,13222,100,13222,1,0
A,G,G,7580,100,7580,1,0
B,G,G,6785,100,6785,1,0
C,G,G,1407,100,1407,1,0
D,G,G,6800,100,6800,1,0
E,G,G,7322,100,7322,1,0
F,G,G,6908,100,6908,1,0
G,H,G,7027,100,7027,1,0
A,H,H,9646,100,9646,1,0
B,H,H,13035,100,13035,1,0
C,H,H,7116,100,7116,1,0
D,H,H,1425,100,1425,1,0
E,H,H,9647,100,9647,1,0
F,H,H,13218,100,13218,1,0
G,H,H,7063,100,7063,1,0
A,B,A,7149,100,7149,1,0
A,C,A,7585,100,7585,1,0
A,D,A,9195,100,9195,1,0
A,E,A,1380,100,1380,1,0
A,F,A,7360,100,7360,1,0
A,G,A,7621,100,7621,1,0
A,H,A,9663,100,9663,1,0
A,B,B,7137,100,7137,1,0
B,C,B,6728,100,6728,1,0
B,D,B,12504,100,12504,1,0
B,E,B,7014,100,7014,1,0
B,F,B,1442,100,1442,1,0
B,G,B,6791,100,6791,1,0
B,H,B,13025,100,13025,1,0
A,C,C,7571,100,7571,1,0
B,C,C,6726,100,6726,1,0
C,D,C,6601,100,6601,1,0
C,E,C,7512,100,7512,1,0
C,F,C,7116,100,7116,1,0
C,G,C,1396,100,1396,1,0
C,H,C,7151,100,7151,1,0
A,D,D,9188,100,9188,1,0
B,D,D,12512,100,12512,1,0
C,D,D,6603,100,6603,1,0
D,E,D,9415,100,9415,1,0
D,F,D,12870,100,12870,1,0
D,G,D,6797,100,6797,1,0
D,H,D,1510,100,1510,1,0
A,E,E,1318,100,1318,1,0
B,E,E,7011,100,7011,1,0
C,E,E,7578,100,7578,1,0
D,E,E,9373,100,9373,1,0
E,F,E,6988,100,6988,1,0
E,G,E,7311,100,7311,1,0
E,H,E,9680,100,9680,1,0
A,F,F,7357,100,7357,1,0
B,F,F,1405,100,1405,1,0
C,F,F,7125,100,7125,1,0
D,F,F,12868,100,12868,1,0
E,F,F,7045,100,7045,1,0
F,G,F,6875,100,6875,1,0
F,H,F,13219,100,13219,1,0
A,G,G,7561,100,7561,1,0
B,G,G,6754,100,6754,1,0
C,G,G,1359,100,1359,1,0
D,G,G,6840,100,6840,1,0
E,G,G,7326,100,7326,1,0
F,G,G,6896,100,6896,1,0
G,H,G,7066,100,7066,1,0
A,H,H,9663,100,9663,1,0
B,H,H,13029,100,13029,1,0
C,H,H,7095,100,7095,1,0
D,H,H,1473,100,1473,1,0
E,H,H,9663,100,9663,1,0
F,H,H,13238,100,13238,1,0
G,H,H,7053,100,7053,1,0
A,B,A,7145,100,7145,1,0
A,C,A,7602,100,7602,1,0
A,D,A,9187,100,9187,1,0
A,E,A,1417,100,1417,1,0
A,F,A,7396,100,7396,1,0
A,G,A,7621,100,7621,1,0
A,H,A,9697,100,9697,1,0
A,B,B,7129,100,7129,1,0
B,C,B,6681,100,6681,1,0
B,D,B,12526,100,12526,1,0
B,E,B,7039,100,7039,1,0
B,F,B,1419,100,1419,1,0
B,G,B,6762,100,6762,1,0
B,H,B,13053,100,13053,1,0
A,C,C,7620,100,7620,1,0
B,C,C,6680,100,6680,1,0
C,D,C,6644,100,6644,1,0
C,E,C,7545,100,7545,1,0
C,F,C,7114,100,7114,1,0
C,G,C,1387,100,1387,1,0
C,H,C,7096,100,7096,1,0
A,D,D,9220,100,9220,1,0
B,D,D,12568,100,12568,1,0
C,D,D,6611,100,6611,1,0
D,E,D,9378,100,9378,1,0
D,F,D,12903,100,12903,1,0
D,G,D,6797,100,6797,1,0
D,H,D,1445,100,1445,1,0
A,E,E,1366,100,1366,1,0
B,E,E,7053,100,7053,1,0
C,E,E,7518,100,7518,1,0
D,E,E,9272,100,9272,1,0
E,F,E,7028,100,7028,1,0
E,G,E,7299,100,7299,1,0
E,H,E,9657,100,9657,1,0
A,F,F,7356,100,7356,1,0
B,F,F,1440,100,1440,1,0
C,F,F,7134,100,7134,1,0
D,F,F,12899,100,12899,1,0
E,F,F,6989,100,6989,1,0
F,G,F,6872,100,6872,1,0
F,H,F,13237,100,13237,1,0
A,G,G,7563,100,7563,1,0
B,G,G,6742,100,6742,1,0
C,G,G,1356,100,1356,1,0
D,G,G,6782,100,6782,1,0
E,G,G,7293,100,7293,1,0
F,G,G,6844,100,6844,1,0
G,H,G,7054,100,7054,1,0
A,H,H,9701,100,9701,1,0
B,H,H,13072,100,13072,1,0
C,H,H,7111,100,7111,1,0
D,H,H,1471,100,1471,1,0
E,H,H,9651,100,9651,1,0
F,H,H,13197,100,13197,1,0
G,H,H,7049,100,7049,1,0
A,B,A,7134,100,7134,1,0
A,C,A,7555,100,7555,1,0
A,D,A,9239,100,9239,1,0
A,E,A,1325,100,1325,1,0
A,F,A,7383,100,7383,1,0
A,G,A,7568,100,7568,1,0
A,H,A,9732,100,9732,1,0
A,B,B,7165,100,7165,1,0
B,C,B,6739,100,6739,1,0
B,D,B,12527,100,12527,1,0
B,E,B,7064,100,7064,1,0
B,F,B,1402,100,1402,1,0
B,G,B,6746,100,6746,1,0
B,H,B,13048,100,13048,1,0
A,C,C,7546,100,7546,1,0
B,C,C,6707,100,6707,1,0
C,D,C,6568,100,6568,1,0
C,E,C,7593,100,7593,1,0
C,F,C,7114,100,7114,1,0
C,G,C,1383,100,1383,1,0
C,H,C,7164,100,7164,1,0
A,D,D,9203,100,9203,1,0
B,D,D,12572,100,12572,1,0
C,D,D,6597,100,6597,1,0
D,E,D,9376,100,9376,1,0
D,F,D,12881,100,12881,1,0
D,G,D,6798,100,6798,1,0
D,H,D,1512,100,1512,1,0
A,E,E,1349,100,1349,1,0
B,E,E,7052,100,7052,1,0
C,E,E,7516,100,7516,1,0
D,E,E,9369,100,9369,1,0
E,F,E,7029,100,7029,1,0
E,G,E,7283,100,7283,1,0
E,H,E,9636,100,9636,1,0
A,F,F,7377,100,7377,1,0
B,F,F,1425,100,1425,1,0
C,F,F,7124,100,7124,1,0
D,F,F,12866,100,12866,1,0
E,F,F,6987,100,6987,1,0
F,G,F,6892,100,6892,1,0
F,H,F,13247,100,13247,1,0
A,G,G,7565,100,7565,1,0
B,G,G,6728,100,6728,1,0
C,G,G,1344,100,1344,1,0
D,G,G,6785,100,6785,1,0
E,G,G,7305,100,7305,1,0
F,G,G,6892,100,6892,1,0
G,H,G,7068,100,7068,1,0
A,H,H,9714,100,9714,1,0
B,H,H,13036,100,13036,1,0
C,H,H,7141,100,7141,1,0
D,H,H,1437,100,1437,1,0
E,H,H,9679,100,9679,1,0
F,H,H,13255,100,13255,1,0
G,H,H,7018,100,7018,1,0
A,B,A,7136,100,7136,1,0
A,C,A,7606,100,7606,1,0
A,D,A,9196,100,9196,1,0
A,E,A,1394,100,1394,1,0
A,F,A,7383,100,7383,1,0
A,G,A,7613,100,7613,1,0
A,H,A,9690,100,9690,1,0
A,B,B,7154,100,7154,1,0
B,C,B,6747,100,6747,1,0
B,D,B,12560,100,12560,1,0
B,E,B,7123,100,7123,1,0
B,F,B,1367,100,1367,1,0
B,G,B,6723,100,6723,1,0
B,H,B,13018,100,13018,1,0
A,C,C,7564,100,7564,1,0
B,C,C,6724,100,6724,1,0
C,D,C,6616,100,6616,1,0
C,E,C,7563,100,7563,1,0
C,F,C,7122,100,7122,1,0
C,G,C,1324,100,1324,1,0
C,H,C,7117,100,7117,1,0
A,D,D,9191,100,9191,1,0
B,D,D,12578,100,12578,1,0
C,D,D,6609,100,6609,1,0
D,E,D,9314,100,9314,1,0
D,F,D,12881,100,12881,1,0
D,G,D,6788,100,6788,1,0
D,H,D,1440,100,1440,1,0
A,E,E,1385,100,1385,1,0
B,E,E,7025,100,7025,1,0
C,E,E,7553,100,7553,1,0
D,E,E,9426,100,9426,1,0
E,F,E,6967,100,6967,1,0
E,G,E,7289,100,7289,1,0
E,H,E,9638,100,9638,1,0
A,F,F,7376,100,7376,1,0
B,F,F,1440,100,1440,1,0
C,F,F,7109,100,7109,1,0
D,F,F,12844,100,12844,1,0
E,F,F,7038,100,7038,1,0
F,G,F,6870,100,6870,1,0
F,H,F,13267,100,13267,1,0
A,G,G,7599,100,7599,1,0
B,G,G,6776,100,6776,1,0
C,G,G,1336,100,1336,1,0
D,G,G,6800,100,6800,1,0
E,G,G,7284,100,7284,1,0
F,G,G,6899,100,6899,1,0
G,H,G,7055,100,7055,1,0
A,H,H,9698,100,9698,1,0
B,H,H,13065,100,13065,1,0
C,H,H,7132,100,7132,1,0
D,H,H,1456,100,1456,1,0
E,H,H,9668,100,9668,1,0
F,H,H,13217,100,13217,1,0
G,H,H,7026,100,7026,1,0
A,B,A,7143,100,7143,1,0
A,C,A,7575,100,7575,1,0
A,D,A,9199,100,9199,1,0
A,E,A,1380,100,1380,1,0
A,F,A,7386,100,7386,1,0
A,G,A,7607,100,7607,1,0
A,H,A,9688,100,9688,1,0
A,B,B,7167,100,7167,1,0
B,C,B,6708,100,6708,1,0
B,D,B,12516,100,12516,1,0
B,E,B,7082,100,7082,1,0
B,F,B,1436,100,1436,1,0
B,G,B,6781,100,6781,1,0
B,H,B,13070,100,13070,1,0
A,C,C,7614,100,7614,1,0
B,C,C,6727,100,6727,1,0
C,D,C,6599,100,6599,1,0
C,E,C,7480,100,7480,1,0
C,F,C,7127,100,7127,1,0
C,G,C,1351,100,1351,1,0
C,H,C,7119,100,7119,1,0
A,D,D,9197,100,9197,1,0
B,D,D,12515,100,12515,1,0
C,D,D,6623,100,6623,1,0
D,E,D,9351,100,9351,1,0
D,F,D,12854,100,12854,1,0
D,G,D,6811,100,6811,1,0
D,H,D,1429,100,1429,1,0
A,E,E,1346,100,1346,1,0
B,E,E,7045,100,7045,1,0
C,E,E,7538,100,7538,1,0
D,E,E,9338,100,9338,1,0
E,F,E,7016,100,7016,1,0
E,G,E,7299,100,7299,1,0
E,H,E,9664,100,9664,1,0
A,F,F,7408,100,7408,1,0
B,F,F,1411,100,1411,1,0
C,F,F,7107,100,7107,1,0
D,F,F,12861,100,12861,1,0
E,F,F,6988,100,6988,1,0
F,G,F,6886,100,6886,1,0
F,H,F,13203,100,13203,1,0
A,G,G,7562,100,7562,1,0
B,G,G,6769,100,6769,1,0
C,G,G,1385,100,1385,1,0
D,G,G,6841,100,6841,1,0
E,G,G,7306,100,7306,1,0
F,G,G,6886,100,6886,1,0
G,H,G,7060,100,7060,1,0
A,H,H,9701,100,9701,1,0
B,H,H,13050,100,13050,1,0
C,H,H,7133,100,7133,1,0
D,H,H,1423,100,1423,1,0
E,H,H,9653,100,9653,1,0
F,H,H,13238,100,13238,1,0
G,H,H,7023,100,7023,1,0
A,B,A,7139,100,7139,1,0
A,C,A,7634,100,7634,1,0
A,D,A,9231,100,9231,1,0
A,E,A,1317,100,1317,1,0
A,F,A,7391,100,7391,1,0
A,G,A,7582,100,7582,1,0
A,H,A,9725,100,9725,1,0
A,B,B,7132,100,7132,1,0
B,C,B,6717,100,6717,1,0
B,D,B,12522,100,12522,1,0
B,E,B,7036,100,7036,1,0
B,F,B,1426,100,1426,1,0
B,G,B,6756,100,6756,1,0
B,H,B,13131,100,13131,1,0
A,C,C,7604,100,7604,1,0
B,C,C,6746,100,6746,1,0
C,D,C,6626,100,6626,1,0
C,E,C,7587,100,7587,1,0
C,F,C,7131,100,7131,1,0
C,G,C,1348,100,1348,1,0
C,H,C,7178,100,7178,1,0
A,D,D,9226,100,9226,1,0
B,D,D,12544,100,12544,1,0
C,D,D,6574,100,6574,1,0
D,E,D,9372,100,9372,1,0
D,F,D,12903,100,12903,1,0
D,G,D,6792,100,6792,1,0
D,H,D,1498,100,1498,1,0
A,E,E,1331,100,1331,1,0
B,E,E,7063,100,7063,1,0
C,E,E,7568,100,7568,1,0
D,E,E,9311,100,9311,1,0
E,F,E,7016,100,7016,1,0
E,G,E,7332,100,7332,1,0
E,H,E,9665,100,9665,1,0
A,F,F,7426,100,7426,1,0
B,F,F,1428,100,1428,1,0
C,F,F,7133,100,7133,1,0
D,F,F,12847,100,12847,1,0
E,F,F,6988,100,6988,1,0
F,G,F,6874,100,6874,1,0
F,H,F,13286,100,13286,1,0
A,G,G,7619,100,7619,1,0
B,G,G,6772,100,6772,1,0
C,G,G,1342,100,1342,1,0
D,G,G,6810,100,6810,1,0
E,G,G,7305,100,7305,1,0
F,G,G,6866,100,6866,1,0
G,H,G,6993,100,6993,1,0
A,H,H,9687,100,9687,1,0
B,H,H,13031,100,13031,1,0
C,H,H,7076,100,7076,1,0
D,H,H,1437,100,1437,1,0
E,H,H,9649,100,9649,1,0
F,H,H,13249,100,13249,1,0
G,H,H,7097,100,7097,1,0
A,B,A,7147,100,7147,1,0
A,C,A,7597,100,7597,1,0
A,D,A,9204,100,9204,1,0
A,E,A,1373,100,1373,1,0
A,F,A,7414,100,7414,1,0
A,G,A,7615,100,7615,1,0
A,H,A,9693,100,9693,1,0
A,B,B,7107,100,7107,1,0
B,C,B,6720,100,6720,1,0
B,D,B,12525,100,12525,1,0
B,E,B,7044,100,7044,1,0
B,F,B,1448,100,1448,1,0
B,G,B,6771,100,6771,1,0
B,H,B,13050,100,13050,1,0
A,C,C,7603,100,7603,1,0
B,C,C,6713,100,6713,1,0
C,D,C,6618,100,6618,1,0
C,E,C,7513,100,7513,1,0
C,F,C,7101,100,7101,1,0
C,G,C,1356,100,1356,1,0
C,H,C,7076,100,7076,1,0
A,D,D,9210,100,9210,1,0
B,D,D,12512,100,12512,1,0
C,D,D,6635,100,6635,1,0
D,E,D,9385,100,9385,1,0
D,F,D,12886,100,12886,1,0
D,G,D,6819,100,6819,1,0
D,H,D,1425,100,1425,1,0
A,E,E,1394,100,1394,1,0
B,E,E,7046,100,7046,1,0
C,E,E,7544,100,7544,1,0
D,E,E,9320,100,9320,1,0
E,F,E,6982,100,6982,1,0
E,G,E,7308,100,7308,1,0
E,H,E,9648,100,9648,1,0
A,F,F,7347,100,7347,1,0
B,F,F,1419,100,1419,1,0
C,F,F,7123,100,7123,1,0
D,F,F,12869,100,12869,1,0
E,F,F,6992,100,6992,1,0
F,G,F,6870,100,6870,1,0
F,H,F,13233,100,13233,1,0
A,G,G,7590,100,7590,1,0
B,G,G,6742,100,6742,1,0
C,G,G,1376,100,1376,1,0
D,G,G,6776,100,6776,1,0
E,G,G,7289,100,7289,1,0
F,G,G,6901,100,6901,1,0
G,H,G,7053,100,7053,1,0
A,H,H,9707,100,9707,1,0
B,H,H,13064,100,13064,1,0
C,H,H,7119,100,7119,1,0
D,H,H,1411,100,1411,1,0
E,H,H,9684,100,9684,1,0
F,H,H,13250,100,13250,1,0
G,H,H,7034,100,7034,1,0
A,B,A,7151,100,7151,1,0
A,C,A,7554,100,7554,1,0
A,D,A,9209,100,9209,1,0
A,E,A,1388,100,1388,1,0
A,F,A,7405,100,7405,1,0
A,G,A,7625,100,7625,1,0
A,H,A,9710,100,9710,1,0
A,B,B,7153,100,7153,1,0
B,C,B,6706,100,6706,1,0
B,D,B,12489,100,12489,1,0
B,E,B,7026,100,7026,1,0
B,F,B,1451,100,1451,1,0
B,G,B,6787,100,6787,1,0
B,H,B,13096,100,13096,1,0
A,C,C,7619,100,7619,1,0
B,C,C,6697,100,6697,1,0
C,D,C,6618,100,6618,1,0
C,E,C,7575,100,7575,1,0
C,F,C,7099,100,7099,1,0
C,G,C,1363,100,1363,1,0
C,H,C,7100,100,7100,1,0
A,D,D,9206,100,9206,1,0
B,D,D,12526,100,12526,1,0
C,D,D,6603,100,6603,1,0
D,E,D,9385,100,9385,1,0
D,F,D,12853,100,12853,1,0
D,G,D,6810,100,6810,1,0
D,H,D,1464,100,1464,1,0
A,E,E,1403,100,1403,1,0
B,E,E,7010,100,7010,1,0
C,E,E,7549,100,7549,1,0
D,E,E,9401,100,9401,1,0
E,F,E,6987,100,6987,1,0
E,G,E,7319,100,7319,1,0
E,H,E,9682,100,9682,1,0
A,F,F,7386,100,7386,1,0
B,F,F,1450,100,1450,1,0
C,F,F,7137,100,7137,1,0
D,F,F,12869,100,12869,1,0
E,F,F,7025,100,7025,1,0
F,G,F,6890,100,6890,1,0
F,H,F,13211,100,13211,1,0
A,G,G,7602,100,7602,1,0
B,G,G,6741,100,6741,1,0
C,G,G,1376,100,1376,1,0
D,G,G,6809,100,6809,1,0
E,G,G,7335,100,7335,1,0
F,G,G,6879,100,6879,1,0
G,H,G,7055,100,7055,1,0
A,H,H,9759,100,9759,1,0
B,H,H,13026,100,13026,1,0
C,H,H,7133,100,7133,1,0
D,H,H,1406,100,1406,1,0
E,H,H,9673,100,9673,1,0
F,H,H,13228,100,13228,1,0
G,H,H,7024,100,7024,1,0
A,B,A,7176,100,7176,1,0
A,C,A,7543,100,7543,1,0
A,D,A,9227,100,9227,1,0
A,E,A,1415,100,1415,1,0
A,F,A,7378,100,7378,1,0
A,G,A,7555,100,7555,1,0
A,H,A,9682,100,9682,1,0
A,B,B,7157,100,7157,1,0
B,C,B,6701,100,6701,1,0
B,D,B,12539,100,12539,1,0
B,E,B,7089,100,7089,1,0
B,F,B,1436,100,1436,1,0
B,G,B,6718,100,6718,1,0
B,H,B,13051,100,13051,1,0
A,C,C,7579,100,7579,1,0
B,C,C,6760,100,6760,1,0
C,D,C,6512,100,6512,1,0
C,E,C,7538,100,7538,1,0
C,F,C,7121,100,7121,1,0
C,G,C,1379,100,1379,1,0
C,H,C,7101,100,7101,1,0
A,D,D,9217,100,9217,1,0
B,D,D,12517,100,12517,1,0
C,D,D,6598,100,6598,1,0
D,E,D,9306,100,9306,1,0
D,F,D,12853,100,12853,1,0
D,G,D,6801,100,6801,1,0
D,H,D,1410,100,1410,1,0
A,E,E,1372,100,1372,1,0
B,E,E,7029,100,7029,1,0
C,E,E,7567,100,7567,1,0
D,E,E,9392,100,9392,1,0
E,F,E,7018,100,7018,1,0
E,G,E,7301,100,7301,1,0
E,H,E,9682,100,9682,1,0
A,F,F,7385,100,7385,1,0
B,F,F,1406,100,1406,1,0
C,F,F,7105,100,7105,1,0
D,F,F,12850,100,12850,1,0
E,F,F,7008,100,7008,1,0
F,G,F,6876,100,6876,1,0
F,H,F,13256,100,13256,1,0
A,G,G,7596,100,7596,1,0
B,G,G,6760,100,6760,1,0
C,G,G,1375,100,1375,1,0
D,G,G,6805,100,6805,1,0
E,G,G,7315,100,7315,1,0
F,G,G,6853,100,6853,1,0
G,H,G,7033,100,7033,1,0
A,H,H,9649,100,9649,1,0
B,H,H,13052,100,13052,1,0
C,H,H,7129,100,7129,1,0
D,H,H,1449,100,1449,1,0
E,H,H,9687,100,9687,1,0
F,H,H,13225,100,13225,1,0
G,H,H,7036,100,7036,1,0
A,B,A,7128,100,7128,1,0
A,C,A,7537,100,7537,1,0
A,D,A,9189,100,9189,1,0
A,E,A,1341,100,1341,1,0
A,F,A,7388,100,7388,1,0
A,G,A,7551,100,7551,1,0
A,H,A,9708,100,9708,1,0
A,B,B,7145,100,7145,1,0
B,C,B,6723,100,6723,1,0
B,D,B,12580,100,12580,1,0
B,E,B,7042,100,7042,1,0
B,F,B,1450,100,1450,1,0
B,G,B,6735,100,6735,1,0
B,H,B,13031,100,13031,1,0
A,C,C,7620,100,7620,1,0
B,C,C,6741,100,6741,1,0
C,D,C,6585,100,6585,1,0
C,E,C,7527,100,7527,1,0
C,F,C,7139,100,7139,1,0
C,G,C,1328,100,1328,1,0
C,H,C,7139,100,7139,1,0
A,D,D,9204,100,9204,1,0
B,D,D,12518,100,12518,1,0
C,D,D,6591,100,6591,1,0
D,E,D,9380,100,9380,1,0
D,F,D,12871,100,12871,1,0
D,G,D,6825,100,6825,1,0
D,H,D,1415,100,1415,1,0
A,E,E,1354,100,1354,1,0
B,E,E,7068,100,7068,1,0
C,E,E,7562,100,7562,1,0
D,E,E,9366,100,9366,1,0
E,F,E,7034,100,7034,1,0
E,G,E,7313,100,7313,1,0
E,H,E,9690,100,9690,1,0
A,F,F,7418,100,7418,1,0
B,F,F,1415,100,1415,1,0
C,F,F,7132,100,7132,1,0
D,F,F,12864,100,12864,1,0
E,F,F,7021,100,7021,1,0
F,G,F,6891,100,6891,1,0
F,H,F,13187,100,13187,1,0
A,G,G,7578,100,7578,1,0
B,G,G,6749,100,6749,1,0
C,G,G,1396,100,1396,1,0
D,G,G,6786,100,6786,1,0
E,G,G,7313,100,7313,1,0
F,G,G,6865,100,6865,1,0
G,H,G,7059,100,7059,1,0
A,H,H,9729,100,9729,1,0
B,H,H,13068,100,13068,1,0
C,H,H,7123,100,7123,1,0
D,H,H,1477,100,1477,1,0
E,H,H,9634,100,9634,1,0
F,H,H,13257,100,13257,1,0
G,H,H,7015,100,7015,1,0
A,B,A,7130,100,7130,1,0
A,C,A,7576,100,7576,1,0
A,D,A,9191,100,9191,1,0
A,E,A,1370,100,1370,1,0
A,F,A,7384,100,7384,1,0
A,G,A,7605,100,7605,1,0
A,H,A,9720,100,9720,1,0
A,B,B,7153,100,7153,1,0
B,C,B,6714,100,6714,1,0
B,D,B,12524,100,12524,1,0
B,E,B,7054,100,7054,1,0
B,F,B,1448,100,1448,1,0
B,G,B,6784,100,6784,1,0
B,H,B,13096,100,13096,1,0
A,C,C,7562,100,7562,1,0
B,C,C,6712,100,6712,1,0
C,D,C,6601,100,6601,1,0
C,E,C,7572,100,7572,1,0
C,F,C,7129,100,7129,1,0
C,G,C,1358,100,1358,1,0
C,H,C,7090,100,7090,1,0
A,D,D,9199,100,9199,1,0
B,D,D,12565,100,12565,1,0
C,D,D,6594,100,6594,1,0
D,E,D,9408,100,9408,1,0
D,F,D,12849,100,12849,1,0
D,G,D,6802,100,6802,1,0
D,H,D,1480,100,1480,1,0
A,E,E,1411,100,1411,1,0
B,E,E,7048,100,7048,1,0
C,E,E,7579,100,7579,1,0
D,E,E,9382,100,9382,1,0
E,F,E,6999,100,6999,1,0
E,G,E,7323,100,7323,1,0
E,H,E,9644,100,9644,1,0
A,F,F,7361,100,7361,1,0
B,F,F,1396,100,1396,1,0
C,F,F,7127,100,7127,1,0
D,F,F,12894,100,12894,1,0
E,F,F,7036,100,7036,1,0
F,G,F,6881,100,6881,1,0
F,H,F,13270,100,13270,1,0
A,G,G,7566,100,7566,1,0
B,G,G,6763,100,6763,1,0
C,G,G,1371,100,1371,1,0
D,G,G,6811,100,6811,1,0
E,G,G,7315,100,7315,1,0
F,G,G,6879,100,6879,1,0
G,H,G,7063,100,7063,1,0
A,H,H,9731,100,9731,1,0
B,H,H,12983,100,12983,1,0
C,H,H,7145,100,7145,1,0
D,H,H,1411,100,1411,1,0
E,H,H,9652,100,9652,1,0
F,H,H,13229,100,13229,1,0
G,H,H,7046,100,7046,1,0
A,B,A,7160,100,7160,1,0
A,C,A,7588,100,7588,1,0
A,D,A,9185,100,9185,1,0
A,E,A,1347,100,1347,1,0
A,F,A,7373,100,7373,1,0
A,G,A,7557,100,7557,1,0
A,H,A,9701,100,9701,1,0
A,B,B,7125,100,7125,1,0
B,C,B,6701,100,6701,1,0
B,D,B,12512,100,12512,1,0
B,E,B,7063,100,7063,1,0
B,F,B,1419,100,1419,1,0
B,G,B,6770,100,6770,1,0
B,H,B,13008,100,13008,1,0
A,C,C,7586,100,7586,1,0
B,C,C,6746,100,6746,1,0
C,D,C,6624,100,6624,1,0
C,E,C,7545,100,7545,1,0
C,F,C,7103,100,7103,1,0
C,G,C,1349,100,1349,1,0
C,H,C,7121,100,7121,1,0
A,D,D,9190,100,9190,1,0
B,D,D,12570,100,12570,1,0
C,D,D,6617,100,6617,1,0
D,E,D,9334,100,9334,1,0
D,F,D,12850,100,12850,1,0
D,G,D,6841,100,6841,1,0
D,H,D,1479,100,1479,1,0
A,E,E,1361,100,1361,1,0
B,E,E,7004,100,7004,1,0
C,E,E,7533,100,7533,1,0
D,E,E,9319,100,9319,1,0
E,F,E,7034,100,7034,1,0
E,G,E,7336,100,7336,1,0
E,H,E,9679,100,9679,1,0
A,F,F,7390,100,7390,1,0
B,F,F,1454,100,1454,1,0
C,F,F,7148,100,7148,1,0
D,F,F,12896,100,12896,1,0
E,F,F,7065,100,7065,1,0
F,G,F,6867,100,6867,1,0
F,H,F,13225,100,13225,1,0
A,G,G,7594,100,7594,1,0
B,G,G,6771,100,6771,1,0
C,G,G,1407,100,1407,1,0
D,G,G,6807,100,6807,1,0
E,G,G,7296,100,7296,1,0
F,G,G,6881,100,6881,1,0
G,H,G,7082,100,7082,1,0
A,H,H,9722,100,9722,1,0
B,H,H,13017,100,13017,1,0
C,H,H,7132,100,7132,1,0
D,H,H,1490,100,1490,1,0
E,H,H,9637,100,9637,1,0
F,H,H,13200,100,13200,1,0
G,H,H,7033,100,7033,1,0
A,B,A,7162,100,7162,1,0
A,C,A,7550,100,7550,1,0
A,D,A,9198,100,9198,1,0
A,E,A,1400,100,1400,1,0
A,F,A,7332,100,7332,1,0
A,G,A,7632,100,7632,1,0
A,H,A,9710,100,9710,1,0
A,B,B,7151,100,7151,1,0
B,C,B,6731,100,6731,1,0
B,D,B,12540,100,12540,1,0
B,E,B,7064,100,7064,1,0
B,F,B,1410,100,1410,1,0
B,G,B,6732,100,6732,1,0
B,H,B,13065,100,13065,1,0
A,C,C,7569,100,7569,1,0
B,C,C,6701,100,6701,1,0
C,D,C,6583,100,6583,1,0
C,E,C,7572,100,7572,1,0
C,F,C,7124,100,7124,1,0
C,G,C,1332,100,1332,1,0
C,H,C,7161,100,7161,1,0
A,D,D,9198,100,9198,1,0
B,D,D,12570,100,12570,1,0
C,D,D,6606,100,6606,1,0
D,E,D,9357,100,9357,1,0
D,F,D,12883,100,12883,1,0
D,G,D,6808,100,6808,1,0
D,H,D,1444,100,1444,1,0
A,E,E,1293,100,1293,1,0
B,E,E,7058,100,7058,1,0
C,E,E,7578,100,7578,1,0
D,E,E,9365,100,9365,1,0
E,F,E,7006,100,7006,1,0
E,G,E,7298,100,7298,1,0
E,H,E,9685,100,9685,1,0
A,F,F,7394,100,7394,1,0
B,F,F,1439,100,1439,1,0
C,F,F,7120,100,7120,1,0
D,F,F,12853,100,12853,1,0
E,F,F,7031,100,7031,1,0
F,G,F,6892,100,6892,1,0
F,H,F,13259,100,13259,1,0
A,G,G,7589,100,7589,1,0
B,G,G,6762,100,6762,1,0
C,G,G,1342,100,1342,1,0
D,G,G,6800,100,6800,1,0
E,G,G,7306,100,7306,1,0
F,G,G,6885,100,6885,1,0
G,H,G,7042,100,7042,1,0
A,H,H,9760,100,9760,1,0
B,H,H,13052,100,13052,1,0
C,H,H,7094,100,7094,1,0
D,H,H,1474,100,1474,1,0
E,H,H,9629,100,9629,1,0
F,H,H,13289,100,13289,1,0
G,H,H,7033,100,7033,1,0
A,B,A,7178,100,7178,1,0
A,C,A,7607,100,7607,1,0
A,D,A,9217,100,9217,1,0
A,E,A,1335,100,1335,1,0
A,F,A,7367,100,7367,1,0
A,G,A,7555,100,7555,1,0
A,H,A,9651,100,9651,1,0
A,B,B,7137,100,7137,1,0
B,C,B,6728,100,6728,1,0
B,D,B,12538,100,12538,1,0
B,E,B,7009,100,7009,1,0
B,F,B,1415,100,1415,1,0
B,G,B,6765,100,6765,1,0
B,H,B,13046,100,13046,1,0
A,C,C,7528,100,7528,1,0
B,C,C,6706,100,6706,1,0
C,D,C,6642,100,6642,1,0
C,E,C,7536,100,7536,1,0
C,F,C,7129,100,7129,1,0
C,G,C,1325,100,1325,1,0
C,H,C,7089,100,7089,1,0
A,D,D,9204,100,9204,1,0
B,D,D,12487,100,12487,1,0
C,D,D,6590,100,6590,1,0
D,E,D,9343,100,9343,1,0
D,F,D,12900,100,12900,1,0
D,G,D,6778,100,6778,1,0
D,H,D,1408,100,1408,1,0
A,E,E,1356,100,1356,1,0
B,E,E,7028,100,7028,1,0
C,E,E,7560,100,7560,1,0
D,E,E,9301,100,9301,1,0
E,F,E,7004,100,7004,1,0
E,G,E,7307,100,7307,1,0
E,H,E,9706,100,9706,1,0
A,F,F,7385,100,7385,1,0
B,F,F,1441,100,1441,1,0
C,F,F,7128,100,7128,1,0
D,F,F,12888,100,12888,1,0
E,F,F,6991,100,6991,1,0
F,G,F,6889,100,6889,1,0
F,H,F,13274,100,13274,1,0
A,G,G,7596,100,7596,1,0
B,G,G,6737,100,6737,1,0
C,G,G,1372,100,1372,1,0
D,G,G,6801,100,6801,1,0
E,G,G,7317,100,7317,1,0
F,G,G,6890,100,6890,1,0
G,H,G,7035,100,7035,1,0
A,H,H,9686,100,9686,1,0
B,H,H,13055,100,13055,1,0
C,H,H,7105,100,7105,1,0
D,H,H,1434,100,1434,1,0
E,H,H,9643,100,9643,1,0
F,H,H,13240,100,13240,1,0
G,H,H,7056,100,7056,1,0
A,B,A,7185,100,7185,1,0
A,C,A,7582,100,7582,1,0
A,D,A,9195,100,9195,1,0
A,E,A,1361,100,1361,1,0
A,F,A,7345,100,7345,1,0
A,G,A,7572,100,7572,1,0
A,H,A,9681,100,9681,1,0
A,B,B,7145,100,7145,1,0
B,C,B,6713,100,6713,1,0
B,D,B,12549,100,12549,1,0
B,E,B,7066,100,7066,1,0
B,F,B,1429,100,1429,1,0
B,G,B,6711,100,6711,1,0
B,H,B,13093,100,13093,1,0
A,C,C,7631,100,7631,1,0
B,C,C,6710,100,6710,1,0
C,D,C,6552,100,6552,1,0
C,E,C,7560,100,7560,1,0
C,F,C,7107,100,7107,1,0
C,G,C,1381,100,1381,1,0
C,H,C,7131,100,7131,1,0
A,D,D,9206,100,9206,1,0
B,D,D,12536,100,12536,1,0
C,D,D,6616,100,6616,1,0
D,E,D,9297,100,9297,1,0
D,F,D,12865,100,12865,1,0
D,G,D,6821,100,6821,1,0
D,H,D,1366,100,1366,1,0
A,E,E,1358,100,1358,1,0
B,E,E,7046,100,7046,1,0
C,E,E,7551,100,7551,1,0
D,E,E,9412,100,9412,1,0
E,F,E,6977,100,6977,1,0
E,G,E,7283,100,7283,1,0
E,H,E,9641,100,9641,1,0
A,F,F,7371,100,7371,1,0
B,F,F,1449,100,1449,1,0
C,F,F,7109,100,7109,1,0
D,F,F,12872,100,12872,1,0
E,F,F,7013,100,7013,1,0
F,G,F,6888,100,6888,1,0
F,H,F,13226,100,13226,1,0
A,G,G,7577,100,7577,1,0
B,G,G,6751,100,6751,1,0
C,G,G,1367,100,1367,1,0
D,G,G,6794,100,6794,1,0
E,G,G,7314,100,7314,1,0
F,G,G,6873,100,6873,1,0
G,H,G,7078,100,7078,1,0
A,H,H,9650,100,9650,1,0
B,H,H,13017,100,13017,1,0
C,H,H,7114,100,7114,1,0
D,H,H,1430,100,1430,1,0
E,H,H,9662,100,9662,1,0
F,H,H,13235,100,13235,1,0
G,H,H,7049,100,7049,1,0
A,B,A,7162,100,7162,1,0
A,C,A,7580,100,7580,1,0
A,D,A,9207,100,9207,1,0
A,E,A,1404,100,1404,1,0
A,F,A,7380,100,7380,1,0
A,G,A,7541,100,7541,1,0
A,H,A,9674,100,9674,1,0
A,B,B,7130,100,7130,1,0
B,C,B,6733,100,6733,1,0
B,D,B,12533,100,12533,1,0
B,E,B,7060,100,7060,1,0
B,F,B,1412,100,1412,1,0
B,G,B,6764,100,6764,1,0
B,H,B,13012,100,13012,1,0
A,C,C,7604,100,7604,1,0
B,C,C,6734,100,6734,1,0
C,D,C,6617,100,6617,1,0
C,E,C,7534,100,7534,1,0
C,F,C,7101,100,7101,1,0
C,G,C,1344,100,1344,1,0
C,H,C,7138,100,7138,1,0
A,D,D,9189,100,9189,1,0
B,D,D,12520,100,12520,1,0
C,D,D,6588,100,6588,1,0
D,E,D,9373,100,9373,1,0
D,F,D,12893,100,12893,1,0
D,G,D,6850,100,6850,1,0
D,H,D,1473,100,1473,1,0
A,E,E,1384,100,1384,1,0
B,E,E,7076,100,7076,1,0
C,E,E,7528,100,7528,1,0
D,E,E,9389,100,9389,1,0
E,F,E,7002,100,7002,1,0
E,G,E,7342,100,7342,1,0
E,H,E,9621,100,9621,1,0
A,F,F,7393,100,7393,1,0
B,F,F,1403,100,1403,1,0
C,F,F,7123,100,7123,1,0
D,F,F,12874,100,12874,1,0
E,F,F,7010,100,7010,1,0
F,G,F,6879,100,6879,1,0
F,H,F,13228,100,13228,1,0
A,G,G,7583,100,7583,1,0
B,G,G,6754,100,6754,1,0
C,G,G,1351,100,1351,1,0
D,G,G,6816,100,6816,1,0
E,G,G,7288,100,7288,1,0
F,G,G,6896,100,6896,1,0
G,H,G,7039,100,7039,1,0
A,H,H,9707,100,9707,1,0
B,H,H,12985,100,12985,1,0
C,H,H,7090,100,7090,1,0
D,H,H,1418,100,1418,1,0
E,H,H,9699,100,9699,1,0
F,H,H,13277,100,13277,1,0
G,H,H,7042,100,7042,1,0
A,B,A,7140,100,7140,1,0
A,C,A,7607,100,7607,1,0
A,D,A,9210,100,9210,1,0
A,E,A,1394,100,1394,1,0
A,F,A,7362,100,7362,1,0
A,G,A,7620,100,7620,1,0
A,H,A,9642,100,9642,1,0
A,B,B,7186,100,7186,1,0
B,C,B,6735,100,6735,1,0
B,D,B,12521,100,12521,1,0
B,E,B,7059,100,7059,1,0
B,F,B,1431,100,1431,1,0
B,G,B,6762,100,6762,1,0
B,H,B,13015,100,13015,1,0
A,C,C,7551,100,7551,1,0
B,C,C,6714,100,6714,1,0
C,D,C,6618,100,6618,1,0
C,E,C,7548,100,7548,1,0
C,F,C,7125,100,7125,1,0
C,G,C,1341,100,1341,1,0
C,H,C,7127,100,7127,1,0
A,D,D,9229,100,9229,1,0
B,D,D,12519,100,12519,1,0
C,D,D,6567,100,6567,1,0
D,E,D,9346,100,9346,1,0
D,F,D,12853,100,12853,1,0
D,G,D,6815,100,6815,1,0
D,H,D,1399,100,1399,1,0
A,E,E,1381,100,1381,1,0
B,E,E,7016,100,7016,1,0
C,E,E,7512,100,7512,1,0
D,E,E,9381,100,9381,1,0
E,F,E,6996,100,6996,1,0
E,G,E,7306,100,7306,1,0
E,H,E,9675,100,9675,1,0
A,F,F,7392,100,7392,1,0
B,F,F,1416,100,1416,1,0
C,F,F,7116,100,7116,1,0
D,F,F,12867,100,12867,1,0
E,F,F,6981,100,6981,1,0
F,G,F,6876,100,6876,1,0
F,H,F,13231,100,13231,1,0
A,G,G,7595,100,7595,1,0
B,G,G,6757,100,6757,1,0
C,G,G,1335,100,1335,1,0
D,G,G,6818,100,6818,1,0
E,G,G,7329,100,7329,1,0
F,G,G,6874,100,6874,1,0
G,H,G,7068,100,7068,1,0
A,H,H,9688,100,9688,1,0
B,H,H,13044,100,13044,1,0
C,H,H,7116,100,7116,1,0
D,H,H,1480,100,1480,1,0
E,H,H,9645,100,9645,1,0
F,H,H,13196,100,13196,1,0
G,H,H,7071,100,7071,1,0
A,B,A,7125,100,7125,1,0
A,C,A,7555,100,7555,1,0
A,D,A,9225,100,9225,1,0
A,E,A,1322,100,1322,1,0
A,F,A,7378,100,7378,1,0
A,G,A,7609,100,7609,1,0
A,H,A,9720,100,9720,1,0
A,B,B,7199,100,7199,1,0
B,C,B,6718,100,6718,1,0
B,D,B,12585,100,12585,1,0
B,E,B,7045,100,7045,1,0
B,F,B,1440,100,1440,1,0
B,G,B,6746,100,6746,1,0
B,H,B,13020,100,13020,1,0
A,C,C,7612,100,7612,1,0
B,C,C,6718,100,6718,1,0
C,D,C,6608,100,6608,1,0
C,E,C,7555,100,7555,1,0
C,F,C,7125,100,7125,1,0
C,G,C,1357,100,1357,1,0
C,H,C,7092,100,7092,1,0
A,D,D,9199,100,9199,1,0
B,D,D,12557,100,12557,1,0
C,D,D,6616,100,6616,1,0
D,E,D,9310,100,9310,1,0
D,F,D,12854,100,12854,1,0
D,G,D,6814,100,6814,1,0
D,H,D,1466,100,1466,1,0
A,E,E,1396,100,1396,1,0
B,E,E,7033,100,7033,1,0
C,E,E,7581,100,7581,1,0
D,E,E,9365,100,9365,1,0
E,F,E,6997,100,6997,1,0
E,G,E,7292,100,7292,1,0
E,H,E,9653,100,9653,1,0
A,F,F,7391,100,7391,1,0
B,F,F,1425,100,1425,1,0
C,F,F,7098,100,7098,1,0
D,F,F,12847,100,12847,1,0
E,F,F,6983,100,6983,1,0
F,G,F,6905,100,6905,1,0
F,H,F,13230,100,13230,1,0
A,G,G,7560,100,7560,1,0
B,G,G,6747,100,6747,1,0
C,G,G,1341,100,1341,1,0
D,G,G,6824,100,6824,1,0
E,G,G,7289,100,7289,1,0
F,G,G,6870,100,6870,1,0
G,H,G,7032,100,7032,1,0
A,H,H,9722,100,9722,1,0
B,H,H,12992,100,12992,1,0
C,H,H,7098,100,7098,1,0
D,H,H,1423,100,1423,1,0
E,H,H,9651,100,9651,1,0
F,H,H,13255,100,13255,1,0
G,H,H,7040,100,7040,1,0
A,B,A,7159,100,7159,1,0
A,C,A,7582,100,7582,1,0
A,D,A,9190,100,9190,1,0
A,E,A,1397,100,1397,1,0
A,F,A,7375,100,7375,1,0
A,G,A,7562,100,7562,1,0
A,H,A,9748,100,9748,1,0
A,B,B,7123,100,7123,1,0
B,C,B,6742,100,6742,1,0
B,D,B,12529,100,12529,1,0
B,E,B,7073,100,7073,1,0
B,F,B,1417,100,1417,1,0
B,G,B,6751,100,6751,1,0
B,H,B,13038,100,13038,1,0
A,C,C,7586,100,7586,1,0
B,C,C,6693,100,6693,1,0
C,D,C,6570,100,6570,1,0
C,E,C,7597,100,7597,1,0
C,F,C,7115,100,7115,1,0
C,G,C,1373,100,1373,1,0
C,H,C,7098,100,7098,1,0
A,D,D,9193,100,9193,1,0
B,D,D,12525,100,12525,1,0
C,D,D,6616,100,6616,1,0
D,E,D,9303,100,9303,1,0
D,F,D,12847,100,12847,1,0
D,G,D,6792,100,6792,1,0
D,H,D,1516,100,1516,1,0
A,E,E,1413,100,1413,1,0
B,E,E,7034,100,7034,1,0
C,E,E,7578,100,7578,1,0
D,E,E,9318,100,9318,1,0
E,F,E,7010,100,7010,1,0
E,G,E,7319,100,7319,1,0
E,H,E,9668,100,9668,1,0
A,F,F,7389,100,7389,1,0
B,F,F,1431,100,1431,1,0
C,F,F,7120,100,7120,1,0
D,F,F,12880,100,12880,1,0
E,F,F,7009,100,7009,1,0
F,G,F,6861,100,6861,1,0
F,H,F,13204,100,13204,1,0
A,G,G,7618,100,7618,1,0
B,G,G,6743,100,6743,1,0
C,G,G,1383,100,1383,1,0
D,G,G,6832,100,6832,1,0
E,G,G,7315,100,7315,1,0
F,G,G,6844,100,6844,1,0
G,H,G,7088,100,7088,1,0
A,H,H,9724,100,9724,1,0
B,H,H,12992,100,12992,1,0
C,H,H,7126,100,7126,1,0
D,H,H,1457,100,1457,1,0
E,H,H,9651,100,9651,1,0
F,H,H,13207,100,13207,1,0
G,H,H,7053,100,7053,1,0
A,B,A,7144,100,7144,1,0
A,C,A,7555,100,7555,1,0
A,D,A,9191,100,9191,1,0
A,E,A,1384,100,1384,1,0
A,F,A,7384,100,7384,1,0
A,G,A,7593,100,7593,1,0
A,H,A,9708,100,9708,1,0
A,B,B,7162,100,7162,1,0
B,C,B,6724,100,6724,1,0
B,D,B,12517,100,12517,1,0
B,E,B,7067,100,7067,1,0
B,F,B,1428,100,1428,1,0
B,G,B,6774,100,6774,1,0
B,H,B,13049,100,13049,1,0
A,C,C,7578,100,7578,1,0
B,C,C,6696,100,6696,1,0
C,D,C,6646,100,6646,1,0
C,E,C,7562,100,7562,1,0
C,F,C,7101,100,7101,1,0
C,G,C,1353,100,1353,1,0
C,H,C,7063,100,7063,1,0
A,D,D,9177,100,9177,1,0
B,D,D,12537,100,12537,1,0
C,D,D,6612,100,6612,1,0
D,E,D,9353,100,9353,1,0
D,F,D,12849,100,12849,1,0
D,G,D,6825,100,6825,1,0
D,H,D,1507,100,1507,1,0
A,E,E,1348,100,1348,1,0
B,E,E,7045,100,7045,1,0
C,E,E,7499,100,7499,1,0
D,E,E,9358,100,9358,1,0
E,F,E,6998,100,6998,1,0
E,G,E,7331,100,7331,1,0
E,H,E,9620,100,9620,1,0
A,F,F,7387,100,7387,1,0
B,F,F,1414,100,1414,1,0
C,F,F,7126,100,7126,1,0
D,F,F,12850,100,12850,1,0
E,F,F,7072,100,7072,1,0
F,G,F,6844,100,6844,1,0
F,H,F,13206,100,13206,1,0
A,G,G,7528,100,7528,1,0
B,G,G,6769,100,6769,1,0
C,G,G,1341,100,1341,1,0
D,G,G,6806,100,6806,1,0
E,G,G,7311,100,7311,1,0
F,G,G,6858,100,6858,1,0
G,H,G,7059,100,7059,1,0
A,H,H,9691,100,9691,1,0
B,H,H,13076,100,13076,1,0
C,H,H,7127,100,7127,1,0
D,H,H,1512,100,1512,1,0
E,H,H,9676,100,9676,1,0
F,H,H,13189,100,13189,1,0
G,H,H,7056,100,7056,1,0
A,B,A,7147,100,7147,1,0
A,C,A,7578,100,7578,1,0
A,D,A,9205,100,9205,1,0
A,E,A,1399,100,1399,1,0
A,F,A,7384,100,7384,1,0
A,G,A,7596,100,7596,1,0
A,H,A,9702,100,9702,1,0
A,B,B,7129,100,7129,1,0
B,C,B,6724,100,6724,1,0
B,D,B,12515,100,12515,1,0
B,E,B,7012,100,7012,1,0
B,F,B,1433,100,1433,1,0
B,G,B,6731,100,6731,1,0
B,H,B,13027,100,13027,1,0
A,C,C,7640,100,7640,1,0
B,C,C,6690,100,6690,1,0
C,D,C,6590,100,6590,1,0
C,E,C,7600,100,7600,1,0
C,F,C,7123,100,7123,1,0
C,G,C,1371,100,1371,1,0
C,H,C,7087,100,7087,1,0
A,D,D,9217,100,9217,1,0
B,D,D,12548,100,12548,1,0
C,D,D,6608,100,6608,1,0
D,E,D,9380,100,9380,1,0
D,F,D,12874,100,12874,1,0
D,G,D,6776,100,6776,1,0
D,H,D,1469,100,1469,1,0
A,E,E,1381,100,1381,1,0
B,E,E,7053,100,7053,1,0
C,E,E,7543,100,7543,1,0
D,E,E,9378,100,9378,1,0
E,F,E,7048,100,7048,1,0
E,G,E,7313,100,7313,1,0
E,H,E,9698,100,9698,1,0
A,F,F,7367,100,7367,1,0
B,F,F,1443,100,1443,1,0
C,F,F,7139,100,7139,1,0
D,F,F,12862,100,12862,1,0
E,F,F,7020,100,7020,1,0
F,G,F,6866,100,6866,1,0
F,H,F,13194,100,13194,1,0
A,G,G,7596,100,7596,1,0
B,G,G,6765,100,6765,1,0
C,G,G,1357,100,1357,1,0
D,G,G,6834,100,6834,1,0
E,G,G,7332,100,7332,1,0
F,G,G,6869,100,6869,1,0
G,H,G,7047,100,7047,1,0
A,H,H,9738,100,9738,1,0
B,H,H,13025,100,13025,1,0
C,H,H,7114,100,7114,1,0
D,H,H,1454,100,1454,1,0
E,H,H,9642,100,9642,1,0
F,H,H,13259,100,13259,1,0
G,H,H,7074,100,7074,1,0
A,B,A,7152,100,7152,1,0
A,C,A,7561,100,7561,1,0
A,D,A,9188,100,9188,1,0
A,E,A,1348,100,1348,1,0
A,F,A,7391,100,7391,1,0
A,G,A,7561,100,7561,1,0
A,H,A,9683,100,9683,1,0
A,B,B,7186,100,7186,1,0
B,C,B,6690,100,6690,1,0
B,D,B,12577,100,12577,1,0
B,E,B,7068,100,7068,1,0
B,F,B,1417,100,1417,1,0
B,G,B,6776,100,6776,1,0
B,H,B,13060,100,13060,1,0
A,C,C,7565,100,7565,1,0
B,C,C,6686,100,6686,1,0
C,D,C,6585,100,6585,1,0
C,E,C,7528,100,7528,1,0
C,F,C,7118,100,7118,1,0
C,G,C,1409,100,1409,1,0
C,H,C,7133,100,7133,1,0
A,D,D,9238,100,9238,1,0
B,D,D,12515,100,12515,1,0
C,D,D,6627,100,6627,1,0
D,E,D,9383,100,9383,1,0
D,F,D,12862,100,12862,1,0
D,G,D,6763,100,6763,1,0
D,H,D,1445,100,1445,1,0
A,E,E,1412,100,1412,1,0
B,E,E,7093,100,7093,1,0
C,E,E,7494,100,7494,1,0
D,E,E,9301,100,9301,1,0
E,F,E,7003,100,7003,1,0
E,G,E,7308,100,7308,1,0
E,H,E,9638,100,9638,1,0
A,F,F,7402,100,7402,1,0
B,F,F,1425,100,1425,1,0
C,F,F,7136,100,7136,1,0
D,F,F,12874,100,12874,1,0
E,F,F,7045,100,7045,1,0
F,G,F,6883,100,6883,1,0
F,H,F,13257,100,13257,1,0
A,G,G,7552,100,7552,1,0
B,G,G,6753,100,6753,1,0
C,G,G,1336,100,1336,1,0
D,G,G,6800,100,6800,1,0
E,G,G,7311,100,7311,1,0
F,G,G,6918,100,6918,1,0
G,H,G,7021,100,7021,1,0
A,H,H,9695,100,9695,1,0
B,H,H,13056,100,13056,1,0
C,H,H,7146,100,7146,1,0
D,H,H,1394,100,1394,1,0
E,H,H,9684,100,9684,1,0
F,H,H,13209,100,13209,1,0
G,H,H,7040,100,7040,1,0
A,B,A,7130,100,7130,1,0
A,C,A,7544,100,7544,1,0
A,D,A,9195,100,9195,1,0
A,E,A,1414,100,1414,1,0
A,F,A,7368,100,7368,1,0
A,G,A,7613,100,7613,1,0
A,H,A,9718,100,9718,1,0
A,B,B,7128,100,7128,1,0
B,C,B,6729,100,6729,1,0
B,D,B,12531,100,12531,1,0
B,E,B,7026,100,7026,1,0
B,F,B,1443,100,1443,1,0
B,G,B,6754,100,6754,1,0
B,H,B,13027,100,13027,1,0
A,C,C,7548,100,7548,1,0
B,C,C,6738,100,6738,1,0
C,D,C,6640,100,6640,1,0
C,E,C,7504,100,7504,1,0
C,F,C,7131,100,7131,1,0
C,G,C,1377,100,1377,1,0
C,H,C,7081,100,7081,1,0
A,D,D,9180,100,9180,1,0
B,D,D,12553,100,12553,1,0
C,D,D,6598,100,6598,1,0
D,E,D,9432,100,9432,1,0
D,F,D,12895,100,12895,1,0
D,G,D,6828,100,6828,1,0
D,H,D,1451,100,1451,1,0
A,E,E,1328,100,1328,1,0
B,E,E,7051,100,7051,1,0
C,E,E,7545,100,7545,1,0
D,E,E,9421,100,9421,1,0
E,F,E,7013,100,7013,1,0
E,G,E,7310,100,7310,1,0
E,H,E,9632,100,9632,1,0
A,F,F,7375,100,7375,1,0
B,F,F,1471,100,1471,1,0
C,F,F,7113,100,7113,1,0
D,F,F,12866,100,12866,1,0
E,F,F,7014,100,7014,1,0
F,G,F,6887,100,6887,1,0
F,H,F,13242,100,13242,1,0
A,G,G,7608,100,7608,1,0
B,G,G,6755,100,6755,1,0
C,G,G,1378,100,1378,1,0
D,G,G,6823,100,6823,1,0
E,G,G,7236,100,7236,1,0
F,G,G,6887,100,6887,1,0
G,H,G,7024,100,7024,1,0
A,H,H,9692,100,9692,1,0
B,H,H,13011,100,13011,1,0
C,H,H,7108,100,7108,1,0
D,H,H,1429,100,1429,1,0
E,H,H,9670,100,9670,1,0
F,H,H,13265,100,13265,1,0
G,H,H,7011,100,7011,1,0
A,B,A,7138,100,7138,1,0
A,C,A,7548,100,7548,1,0
A,D,A,9222,100,9222,1,0
A,E,A,1354,100,1354,1,0
A,F,A,7421,100,7421,1,0
A,G,A,7614,100,7614,1,0
A,H,A,9656,100,9656,1,0
A,B,B,7114,100,7114,1,0
B,C,B,6759,100,6759,1,0
B,D,B,12559,100,12559,1,0
B,E,B,7034,100,7034,1,0
B,F,B,1430,100,1430,1,0
B,G,B,6769,100,6769,1,0
B,H,B,13007,100,13007,1,0
A,C,C,7548,100,7548,1,0
B,C,C,6712,100,6712,1,0
C,D,C,6622,100,6622,1,0
C,E,C,7561,100,7561,1,0
C,F,C,7155,100,7155,1,0
C,G,C,1352,100,1352,1,0
C,H,C,7136,100,7136,1,0
A,D,D,9165,100,9165,1,0
B,D,D,12517,100,12517,1,0
C,D,D,6617,100,6617,1,0
D,E,D,9363,100,9363,1,0
D,F,D,12895,100,12895,1,0
D,G,D,6802,100,6802,1,0
D,H,D,1475,100,1475,1,0
A,E,E,1375,100,1375,1,0
B,E,E,7018,100,7018,1,0
C,E,E,7578,100,7578,1,0
D,E,E,9380,100,9380,1,0
E,F,E,7021,100,7021,1,0
E,G,E,7298,100,7298,1,0
E,H,E,9653,100,9653,1,0
A,F,F,7377,100,7377,1,0
B,F,F,1426,100,1426,1,0
C,F,F,7110,100,7110,1,0
D,F,F,12848,100,12848,1,0
E,F,F,7023,100,7023,1,0
F,G,F,6876,100,6876,1,0
F,H,F,13257,100,13257,1,0
A,G,G,7539,100,7539,1,0
B,G,G,6811,100,6811,1,0
C,G,G,1355,100,1355,1,0
D,G,G,6861,100,6861,1,0
E,G,G,7317,100,7317,1,0
F,G,G,6878,100,6878,1,0
G,H,G,7028,100,7028,1,0
A,H,H,9703,100,9703,1,0
B,H,H,13058,100,13058,1,0
C,H,H,7161,100,7161,1,0
D,H,H,1429,100,1429,1,0
E,H,H,9691,100,9691,1,0
F,H,H,13249,100,13249,1,0
G,H,H,7049,100,7049,1,0
A,B,A,7186,100,7186,1,0
A,C,A,7644,100,7644,1,0
A,D,A,9180,100,9180,1,0
A,E,A,1398,100,1398,1,0
A,F,A,7400,100,7400,1,0
A,G,A,7611,100,7611,1,0
A,H,A,9651,100,9651,1,0
A,B,B,7131,100,7131,1,0
B,C,B,6708,100,6708,1,0
B,D,B,12495,100,12495,1,0
B,E,B,7036,100,7036,1,0
B,F,B,1413,100,1413,1,0
B,G,B,6760,100,6760,1,0
B,H,B,13019,100,13019,1,0
A,C,C,7602,100,7602,1,0
B,C,C,6721,100,6721,1,0
C,D,C,6621,100,6621,1,0
C,E,C,7521,100,7521,1,0
C,F,C,7113,100,7113,1,0
C,G,C,1326,100,1326,1,0
C,H,C,7127,100,7127,1,0
A,D,D,9202,100,9202,1,0
B,D,D,12488,100,12488,1,0
C,D,D,6583,100,6583,1,0
D,E,D,9360,100,9360,1,0
D,F,D,12918,100,12918,1,0
D,G,D,6834,100,6834,1,0
D,H,D,1433,100,1433,1,0
A,E,E,1370,100,1370,1,0
B,E,E,7039,100,7039,1,0
C,E,E,7552,100,7552,1,0
D,E,E,9325,100,9325,1,0
E,F,E,7000,100,7000,1,0
E,G,E,7315,100,7315,1,0
E,H,E,9671,100,9671,1,0
A,F,F,7354,100,7354,1,0
B,F,F,1410,100,1410,1,0
C,F,F,7094,100,7094,1,0
D,F,F,12855,100,12855,1,0
E,F,F,6982,100,6982,1,0
F,G,F,6893,100,6893,1,0
F,H,F,13229,100,13229,1,0
A,G,G,7593,100,7593,1,0
B,G,G,6764,100,6764,1,0
C,G,G,1351,100,1351,1,0
D,G,G,6810,100,6810,1,0
E,G,G,7318,100,7318,1,0
F,G,G,6881,100,6881,1,0
G,H,G,7033,100,7033,1,0
A,H,H,9690,100,9690,1,0
B,H,H,13078,100,13078,1,0
C,H,H,7118,100,7118,1,0
D,H,H,1507,100,1507,1,0
E,H,H,9666,100,9666,1,0
F,H,H,13253,100,13253,1,0
G,H,H,7042,100,7042,1,0
A,B,A,7184,100,7184,1,0
A,C,A,7573,100,7573,1,0
A,D,A,9194,100,9194,1,0
A,E,A,1386,100,1386,1,0
A,F,A,7357,100,7357,1,0
A,G,A,7622,100,7622,1,0
A,H,A,9673,100,9673,1,0
A,B,B,7194,100,7194,1,0
B,C,B,6716,100,6716,1,0
B,D,B,12565,100,12565,1,0
B,E,B,7050,100,7050,1,0
B,F,B,1461,100,1461,1,0
B,G,B,6760,100,6760,1,0
B,H,B,13098,100,13098,1,0
A,C,C,7619,100,7619,1,0
B,C,C,6759,100,6759,1,0
C,D,C,6568,100,6568,1,0
C,E,C,7549,100,7549,1,0
C,F,C,7132,100,7132,1,0
C,G,C,1333,100,1333,1,0
C,H,C,7110,100,7110,1,0
A,D,D,9199,100,9199,1,0
B,D,D,12512,100,12512,1,0
C,D,D,6597,100,6597,1,0
D,E,D,9382,100,9382,1,0
D,F,D,12865,100,12865,1,0
D,G,D,6806,100,6806,1,0
D,H,D,1471,100,1471,1,0
A,E,E,1385,100,1385,1,0
B,E,E,7007,100,7007,1,0
C,E,E,7577,100,7577,1,0
D,E,E,9372,100,9372,1,0
E,F,E,7023,100,7023,1,0
E,G,E,7296,100,7296,1,0
E,H,E,9684,100,9684,1,0
A,F,F,7357,100,7357,1,0
B,F,F,1429,100,1429,1,0
C,F,F,7146,100,7146,1,0
D,F,F,12869,100,12869,1,0
E,F,F,7005,100,7005,1,0
F,G,F,6861,100,6861,1,0
F,H,F,13255,100,13255,1,0
A,G,G,7556,100,7556,1,0
B,G,G,6739,100,6739,1,0
C,G,G,1352,100,1352,1,0
D,G,G,6846,100,6846,1,0
E,G,G,7330,100,7330,1,0
F,G,G,6871,100,6871,1,0
G,H,G,7034,100,7034,1,0
A,H,H,9710,100,9710,1,0
B,H,H,13066,100,13066,1,0
C,H,H,7127,100,7127,1,0
D,H,H,1405,100,1405,1,0
E,H,H,9665,100,9665,1,0
F,H,H,13233,100,13233,1,0
G,H,H,7028,100,7028,1,0
A,B,A,7146,100,7146,1,0
A,C,A,7587,100,7587,1,0
A,D,A,9202,100,9202,1,0
A,E,A,1358,100,1358,1,0
A,F,A,7362,100,7362,1,0
A,G,A,7586,100,7586,1,0
A,H,A,9689,100,9689,1,0
A,B,B,7130,100,7130,1,0
B,C,B,6725,100,6725,1,0
B,D,B,12489,100,12489,1,0
B,E,B,7043,100,7043,1,0
B,F,B,1396,100,1396,1,0
B,G,B,6719,100,6719,1,0
B,H,B,13101,100,13101,1,0
A,C,C,7557,100,7557,1,0
B,C,C,6738,100,6738,1,0
C,D,C,6648,100,6648,1,0
C,E,C,7575,100,7575,1,0
C,F,C,7134,100,7134,1,0
C,G,C,1357,100,1357,1,0
C,H,C,7168,100,7168,1,0
A,D,D,9157,100,9157,1,0
B,D,D,12465,100,12465,1,0
C,D,D,6595,100,6595,1,0
D,E,D,9326,100,9326,1,0
D,F,D,12874,100,12874,1,0
D,G,D,6832,100,6832,1,0
D,H,D,1400,100,1400,1,0
A,E,E,1369,100,1369,1,0
B,E,E,7034,100,7034,1,0
C,E,E,7557,100,7557,1,0
D,E,E,9329,100,9329,1,0
E,F,E,7020,100,7020,1,0
E,G,E,7304,100,7304,1,0
E,H,E,9682,100,9682,1,0
A,F,F,7358,100,7358,1,0
B,F,F,1438,100,1438,1,0
C,F,F,7140,100,7140,1,0
D,F,F,12893,100,12893,1,0
E,F,F,7021,100,7021,1,0
F,G,F,6868,100,6868,1,0
F,H,F,13246,100,13246,1,0
A,G,G,7570,100,7570,1,0
B,G,G,6754,100,6754,1,0
C,G,G,1337,100,1337,1,0
D,G,G,6831,100,6831,1,0
E,G,G,7297,100,7297,1,0
F,G,G,6897,100,6897,1,0
G,H,G,7077,100,7077,1,0
A,H,H,9715,100,9715,1,0
B,H,H,13030,100,13030,1,0
C,H,H,7109,100,7109,1,0
D,H,H,1442,100,1442,1,0
E,H,H,9695,100,9695,1,0
F,H,H,13226,100,13226,1,0
G,H,H,7019,100,7019,1,0
A,B,A,7143,100,7143,1,0
A,C,A,7594,100,7594,1,0
A,D,A,9209,100,9209,1,0
A,E,A,1417,100,1417,1,0
A,F,A,7360,100,7360,1,0
A,G,A,7540,100,7540,1,0
A,H,A,9683,100,9683,1,0
A,B,B,7133,100,7133,1,0
B,C,B,6724,100,6724,1,0
B,D,B,12547,100,12547,1,0
B,E,B,7038,100,7038,1,0
B,F,B,1411,100,1411,1,0
B,G,B,6748,100,6748,1,0
B,H,B,13055,100,13055,1,0
A,C,C,7541,100,7541,1,0
B,C,C,6714,100,6714,1,0
C,D,C,6632,100,6632,1,0
C,E,C,7561,100,7561,1,0
C,F,C,7114,100,7114,1,0
C,G,C,1392,100,1392,1,0
C,H,C,7118,100,7118,1,0
A,D,D,9230,100,9230,1,0
B,D,D,12558,100,12558,1,0
C,D,D,6614,100,6614,1,0
D,E,D,9336,100,9336,1,0
D,F,D,12888,100,12888,1,0
D,G,D,6829,100,6829,1,0
D,H,D,1456,100,1456,1,0
A,E,E,1361,100,1361,1,0
B,E,E,7102,100,7102,1,0
C,E,E,7565,100,7565,1,0
D,E,E,9346,100,9346,1,0
E,F,E,6980,100,6980,1,0
E,G,E,7310,100,7310,1,0
E,H,E,9670,100,9670,1,0
A,F,F,7412,100,7412,1,0
B,F,F,1424,100,1424,1,0
C,F,F,7126,100,7126,1,0
D,F,F,12875,100,12875,1,0
E,F,F,7019,100,7019,1,0
F,G,F,6894,100,6894,1,0
F,H,F,13228,100,13228,1,0
A,G,G,7622,100,7622,1,0
B,G,G,6796,100,6796,1,0
C,G,G,1375,100,1375,1,0
D,G,G,6798,100,6798,1,0
E,G,G,7339,100,7339,1,0
F,G,G,6882,100,6882,1,0
G,H,G,7045,100,7045,1,0
A,H,H,9680,100,9680,1,0
B,H,H,13031,100,13031,1,0
C,H,H,7169,100,7169,1,0
D,H,H,1462,100,1462,1,0
E,H,H,9669,100,9669,1,0
F,H,H,13263,100,13263,1,0
G,H,H,7091,100,7091,1,0
A,B,A,7128,100,7128,1,0
A,C,A,7575,100,7575,1,0
A,D,A,9193,100,9193,1,0
A,E,A,1335,100,1335,1,0
A,F,A,7378,100,7378,1,0
A,G,A,7553,100,7553,1,0
A,H,A,9692,100,9692,1,0
A,B,B,7154,100,7154,1,0
B,C,B,6721,100,6721,1,0
B,D,B,12563,100,12563,1,0
B,E,B,7039,100,7039,1,0
B,F,B,1428,100,1428,1,0
B,G,B,6745,100,6745,1,0
B,H,B,13030,100,13030,1,0
A,C,C,7610,100,7610,1,0
B,C,C,6706,100,6706,1,0
C,D,C,6643,100,6643,1,0
C,E,C,7565,100,7565,1,0
C,F,C,7141,100,7141,1,0
C,G,C,1377,100,1377,1,0
C,H,C,7087,100,7087,1,0
A,D,D,9194,100,9194,1,0
B,D,D,12519,100,12519,1,0
C,D,D,6623,100,6623,1,0
D,E,D,9336,100,9336,1,0
D,F,D,12861,100,12861,1,0
D,G,D,6794,100,6794,1,0
D,H,D,1424,100,1424,1,0
A,E,E,1358,100,1358,1,0
B,E,E,7077,100,7077,1,0
C,E,E,7591,100,7591,1,0
D,E,E,9401,100,9401,1,0
E,F,E,7012,100,7012,1,0
E,G,E,7333,100,7333,1,0
E,H,E,9641,100,9641,1,0
A,F,F,7371,100,7371,1,0
B,F,F,1478,100,1478,1,0
C,F,F,7088,100,7088,1,0
D,F,F,12890,100,12890,1,0
E,F,F,6985,100,6985,1,0
F,G,F,6910,100,6910,1,0
F,H,F,13227,100,13227,1,0
A,G,G,7552,100,7552,1,0
B,G,G,6787,100,6787,1,0
C,G,G,1335,100,1335,1,0
D,G,G,6834,100,6834,1,0
E,G,G,7321,100,7321,1,0
F,G,G,6899,100,6899,1,0
G,H,G,7035,100,7035,1,0
A,H,H,9715,100,9715,1,0
B,H,H,13018,100,13018,1,0
C,H,H,7058,100,7058,1,0
D,H,H,1395,100,1395,1,0
E,H,H,9630,100,9630,1,0
F,H,H,13212,100,13212,1,0
G,H,H,7015,100,7015,1,0
A,B,A,7151,100,7151,1,0
A,C,A,7555,100,7555,1,0
A,D,A,9208,100,9208,1,0
A,E,A,1333,100,1333,1,0
A,F,A,7372,100,7372,1,0
A,G,A,7550,100,7550,1,0
A,H,A,9685,100,9685,1,0
A,B,B,7163,100,7163,1,0
B,C,B,6692,100,6692,1,0
B,D,B,12514,100,12514,1,0
B,E,B,7038,100,7038,1,0
B,F,B,1415,100,1415,1,0
B,G,B,6768,100,6768,1,0
B,H,B,13002,100,13002,1,0
A,C,C,7576,100,7576,1,0
B,C,C,6724,100,6724,1,0
C,D,C,6628,100,6628,1,0
C,E,C,7544,100,7544,1,0
C,F,C,7132,100,7132,1,0
C,G,C,1317,100,1317,1,0
C,H,C,7116,100,7116,1,0
A,D,D,9221,100,9221,1,0
B,D,D,12481,100,12481,1,0
C,D,D,6622,100,6622,1,0
D,E,D,9337,100,9337,1,0
D,F,D,12852,100,12852,1,0
D,G,D,6810,100,6810,1,0
D,H,D,1435,100,1435,1,0
A,E,E,1390,100,1390,1,0
B,E,E,7049,100,7049,1,0
C,E,E,7510,100,7510,1,0
D,E,E,9358,100,9358,1,0
E,F,E,7024,100,7024,1,0
E,G,E,7306,100,7306,1,0
E,H,E,9652,100,9652,1,0
A,F,F,7376,100,7376,1,0
B,F,F,1414,100,1414,1,0
C,F,F,7132,100,7132,1,0
D,F,F,12876,100,12876,1,0
E,F,F,6992,100,6992,1,0
F,G,F,6864,100,6864,1,0
F,H,F,13229,100,13229,1,0
A,G,G,7592,100,7592,1,0
B,G,G,6769,100,6769,1,0
C,G,G,1376,100,1376,1,0
D,G,G,6811,100,6811,1,0
E,G,G,7303,100,7303,1,0
F,G,G,6890,100,6890,1,0
G,H,G,7024,100,7024,1,0
A,H,H,9663,100,9663,1,0
B,H,H,12963,100,12963,1,0
C,H,H,7104,100,7104,1,0
D,H,H,1454,100,1454,1,0
E,H,H,9636,100,9636,1,0
F,H,H,13269,100,13269,1,0
G,H,H,7082,100,7082,1,0
A,B,A,7158,100,7158,1,0
A,C,A,7612,100,7612,1,0
A,D,A,9182,100,9182,1,0
A,E,A,1401,100,1401,1,0
A,F,A,7397,100,7397,1,0
A,G,A,7632,100,7632,1,0
A,H,A,9733,100,9733,1,0
A,B,B,7168,100,7168,1,0
B,C,B,6747,100,6747,1,0
B,D,B,12523,100,12523,1,0
B,E,B,7058,100,7058,1,0
B,F,B,1385,100,1385,1,0
B,G,B,6757,100,6757,1,0
B,H,B,13127,100,13127,1,0
A,C,C,7599,100,7599,1,0
B,C,C,6702,100,6702,1,0
C,D,C,6625,100,6625,1,0
C,E,C,7545,100,7545,1,0
C,F,C,7129,100,7129,1,0
C,G,C,1341,100,1341,1,0
C,H,C,7137,100,7137,1,0
A,D,D,9217,100,9217,1,0
B,D,D,12552,100,12552,1,0
C,D,D,6587,100,6587,1,0
D,E,D,9356,100,9356,1,0
D,F,D,12861,100,12861,1,0
D,G,D,6800,100,6800,1,0
D,H,D,1516,100,1516,1,0
A,E,E,1331,100,1331,1,0
B,E,E,7094,100,7094,1,0
C,E,E,7557,100,7557,1,0
D,E,E,9336,100,9336,1,0
E,F,E,7010,100,7010,1,0
E,G,E,7296,100,7296,1,0
E,H,E,9636,100,9636,1,0
A,F,F,7365,100,7365,1,0
B,F,F,1397,100,1397,1,0
C,F,F,7115,100,7115,1,0
D,F,F,12883,100,12883,1,0
E,F,F,7019,100,7019,1,0
F,G,F,6881,100,6881,1,0
F,H,F,13196,100,13196,1,0
A,G,G,7594,100,7594,1,0
B,G,G,6756,100,6756,1,0
C,G,G,1398,100,1398,1,0
D,G,G,6849,100,6849,1,0
E,G,G,7311,100,7311,1,0
F,G,G,6877,100,6877,1,0
G,H,G,7073,100,7073,1,0
A,H,H,9699,100,9699,1,0
B,H,H,13043,100,13043,1,0
C,H,H,7143,100,7143,1,0
D,H,H,1490,100,1490,1,0
E,H,H,9658,100,9658,1,0
F,H,H,13215,100,13215,1,0
G,H,H,7065,100,7065,1,0
A,B,A,7146,100,7146,1,0
A,C,A,7531,100,7531,1,0
A,D,A,9216,100,9216,1,0
A,E,A,1382,100,1382,1,0
A,F,A,7373,100,7373,1,0
A,G,A,7595,100,7595,1,0
A,H,A,9689,100,9689,1,0
A,B,B,7146,100,7146,1,0
B,C,B,6748,100,6748,1,0
B,D,B,12533,100,12533,1,0
B,E,B,6993,100,6993,1,0
B,F,B,1444,100,1444,1,0
B,G,B,6780,100,6780,1,0
B,H,B,13083,100,13083,1,0
A,C,C,7592,100,7592,1,0
B,C,C,6743,100,6743,1,0
C,D,C,6602,100,6602,1,0
C,E,C,7573,100,7573,1,0
C,F,C,7109,100,7109,1,0
C,G,C,1360,100,1360,1,0
C,H,C,7074,100,7074,1,0
A,D,D,9195,100,9195,1,0
B,D,D,12503,100,12503,1,0
C,D,D,6595,100,6595,1,0
D,E,D,9314,100,9314,1,0
D,F,D,12849,100,12849,1,0
D,G,D,6818,100,6818,1,0
D,H,D,1427,100,1427,1,0
A,E,E,1369,100,1369,1,0
B,E,E,7023,100,7023,1,0
C,E,E,7527,100,7527,1,0
D,E,E,9388,100,9388,1,0
E,F,E,6998,100,6998,1,0
E,G,E,7314,100,7314,1,0
E,H,E,9654,100,9654,1,0
A,F,F,7377,100,7377,1,0
B,F,F,1404,100,1404,1,0
C,F,F,7140,100,7140,1,0
D,F,F,12891,100,12891,1,0
E,F,F,6993,100,6993,1,0
F,G,F,6912,100,6912,1,0
F,H,F,13232,100,13232,1,0
A,G,G,7557,100,7557,1,0
B,G,G,6746,100,6746,1,0
C,G,G,1346,100,1346,1,0
D,G,G,6839,100,6839,1,0
E,G,G,7326,100,7326,1,0
F,G,G,6889,100,6889,1,0
G,H,G,7064,100,7064,1,0
A,H,H,9720,100,9720,1,0
B,H,H,13019,100,13019,1,0
C,H,H,7141,100,7141,1,0
D,H,H,1451,100,1451,1,0
E,H,H,9627,100,9627,1,0
F,H,H,13239,100,13239,1,0
G,H,H,7080,100,7080,1,0
A,B,A,7170,100,7170,1,0
A,C,A,7549,100,7549,1,0
A,D,A,9203,100,9203,1,0
A,E,A,1390,100,1390,1,0
A,F,A,7374,100,7374,1,0
A,G,A,7587,100,7587,1,0
A,H,A,9748,100,9748,1,0
A,B,B,7157,100,7157,1,0
B,C,B,6679,100,6679,1,0
B,D,B,12530,100,12530,1,0
B,E,B,7066,100,7066,1,0
B,F,B,1442,100,1442,1,0
B,G,B,6743,100,6743,1,0
B,H,B,13063,100,13063,1,0
A,C,C,7575,100,7575,1,0
B,C,C,6727,100,6727,1,0
C,D,C,6661,100,6661,1,0
C,E,C,7519,100,7519,1,0
C,F,C,7132,100,7132,1,0
C,G,C,1378,100,1378,1,0
C,H,C,7080,100,7080,1,0
A,D,D,9197,100,9197,1,0
B,D,D,12559,100,12559,1,0
C,D,D,6564,100,6564,1,0
D,E,D,9290,100,9290,1,0
D,F,D,12843,100,12843,1,0
D,G,D,6817,100,6817,1,0
D,H,D,1464,100,1464,1,0
A,E,E,1351,100,1351,1,0
B,E,E,7076,100,7076,1,0
C,E,E,7577,100,7577,1,0
D,E,E,9334,100,9334,1,0
E,F,E,7043,100,7043,1,0
E,G,E,7291,100,7291,1,0
E,H,E,9658,100,9658,1,0
A,F,F,7357,100,7357,1,0
B,F,F,1415,100,1415,1,0
C,F,F,7125,100,7125,1,0
D,F,F,12893,100,12893,1,0
E,F,F,6990,100,6990,1,0
F,G,F,6870,100,6870,1,0
F,H,F,13207,100,13207,1,0
A,G,G,7635,100,7635,1,0
B,G,G,6724,100,6724,1,0
C,G,G,1342,100,1342,1,0
D,G,G,6791,100,6791,1,0
E,G,G,7297,100,7297,1,0
F,G,G,6881,100,6881,1,0
G,H,G,7054,100,7054,1,0
A,H,H,9725,100,9725,1,0
B,H,H,13048,100,13048,1,0
C,H,H,7069,100,7069,1,0
D,H,H,1444,100,1444,1,0
E,H,H,9649,100,9649,1,0
F,H,H,13226,100,13226,1,0
G,H,H,7097,100,7097,1,0
A,B,A,7109,100,7109,1,0
A,C,A,7619,100,7619,1,0
A,D,A,9214,100,9214,1,0
A,E,A,1342,100,1342,1,0
A,F,A,7368,100,7368,1,0
A,G,A,7529,100,7529,1,0
A,H,A,9669,100,9669,1,0
A,B,B,7156,100,7156,1,0
B,C,B,6729,100,6729,1,0
B,D,B,12557,100,12557,1,0
B,E,B,7067,100,7067,1,0
B,F,B,1408,100,1408,1,0
B,G,B,6759,100,6759,1,0
B,H,B,13042,100,13042,1,0
A,C,C,7640,100,7640,1,0
B,C,C,6713,100,6713,1,0
C,D,C,6600,100,6600,1,0
C,E,C,7572,100,7572,1,0
C,F,C,7093,100,7093,1,0
C,G,C,1369,100,1369,1,0
C,H,C,7075,100,7075,1,0
A,D,D,9187,100,9187,1,0
B,D,D,12532,100,12532,1,0
C,D,D,6607,100,6607,1,0
D,E,D,9400,100,9400,1,0
D,F,D,12842,100,12842,1,0
D,G,D,6817,100,6817,1,0
D,H,D,1521,100,1521,1,0
A,E,E,1371,100,1371,1,0
B,E,E,7046,100,7046,1,0
C,E,E,7519,100,7519,1,0
D,E,E,9308,100,9308,1,0
E,F,E,7028,100,7028,1,0
E,G,E,7274,100,7274,1,0
E,H,E,9622,100,9622,1,0
A,F,F,7360,100,7360,1,0
B,F,F,1426,100,1426,1,0
C,F,F,7109,100,7109,1,0
D,F,F,12861,100,12861,1,0
E,F,F,6971,100,6971,1,0
F,G,F,6887,100,6887,1,0
F,H,F,13253,100,13253,1,0
A,G,G,7576,100,7576,1,0
B,G,G,6754,100,6754,1,0
C,G,G,1353,100,1353,1,0
D,G,G,6817,100,6817,1,0
E,G,G,7311,100,7311,1,0
F,G,G,6911,100,6911,1,0
G,H,G,7036,100,7036,1,0
A,H,H,9740,100,9740,1,0
B,H,H,13040,100,13040,1,0
C,H,H,7148,100,7148,1,0
D,H,H,1451,100,1451,1,0
E,H,H,9642,100,9642,1,0
F,H,H,13258,100,13258,1,0
G,H,H,7046,100,7046,1,0
A,B,A,7112,100,7112,1,0
A,C,A,7603,100,7603,1,0
A,D,A,9191,100,9191,1,0
A,E,A,1346,100,1346,1,0
A,F,A,7351,100,7351,1,0
A,G,A,7632,100,7632,1,0
A,H,A,9737,100,9737,1,0
A,B,B,7170,100,7170,1,0
B,C,B,6712,100,6712,1,0
B,D,B,12549,100,12549,1,0
B,E,B,7115,100,7115,1,0
B,F,B,1437,100,1437,1,0
B,G,B,6733,100,6733,1,0
B,H,B,13032,100,13032,1,0
A,C,C,7631,100,7631,1,0
B,C,C,6746,100,6746,1,0
C,D,C,6625,100,6625,1,0
C,E,C,7555,100,7555,1,0
C,F,C,7112,100,7112,1,0
C,G,C,1348,100,1348,1,0
C,H,C,7098,100,7098,1,0
A,D,D,9180,100,9180,1,0
B,D,D,12553,100,12553,1,0
C,D,D,6615,100,6615,1,0
D,E,D,9363,100,9363,1,0
D,F,D,12879,100,12879,1,0
D,G,D,6824,100,6824,1,0
D,H,D,1466,100,1466,1,0
A,E,E,1390,100,1390,1,0
B,E,E,6984,100,6984,1,0
C,E,E,7570,100,7570,1,0
D,E,E,9385,100,9385,1,0
E,F,E,6999,100,6999,1,0
E,G,E,7307,100,7307,1,0
E,H,E,9646,100,9646,1,0
A,F,F,7350,100,7350,1,0
B,F,F,1447,100,1447,1,0
C,F,F,7139,100,7139,1,0
D,F,F,12900,100,12900,1,0
E,F,F,7019,100,7019,1,0
F,G,F,6868,100,6868,1,0
F,H,F,13201,100,13201,1,0
A,G,G,7599,100,7599,1,0
B,G,G,6761,100,6761,1,0
C,G,G,1414,100,1414,1,0
D,G,G,6819,100,6819,1,0
E,G,G,7339,100,7339,1,0
F,G,G,6881,100,6881,1,0
G,H,G,7033,100,7033,1,0
A,H,H,9693,100,9693,1,0
B,H,H,13013,100,13013,1,0
C,H,H,7102,100,7102,1,0
D,H,H,1405,100,1405,1,0
E,H,H,9673,100,9673,1,0
F,H,H,13273,100,13273,1,0
G,H,H,7067,100,7067,1,0
A,B,A,7112,100,7112,1,0
A,C,A,7584,100,7584,1,0
A,D,A,9192,100,9192,1,0
A,E,A,1380,100,1380,1,0
A,F,A,7382,100,7382,1,0
A,G,A,7582,100,7582,1,0
A,H,A,9702,100,9702,1,0
A,B,B,7184,100,7184,1,0
B,C,B,6683,100,6683,1,0
B,D,B,12537,100,12537,1,0
B,E,B,7044,100,7044,1,0
B,F,B,1451,100,1451,1,0
B,G,B,6761,100,6761,1,0
B,H,B,13103,100,13103,1,0
A,C,C,7557,100,7557,1,0
B,C,C,6686,100,6686,1,0
C,D,C,6575,100,6575,1,0
C,E,C,7519,100,7519,1,0
C,F,C,7155,100,7155,1,0
C,G,C,1376,100,1376,1,0
C,H,C,7091,100,7091,1,0
A,D,D,9202,100,9202,1,0
B,D,D,12506,100,12506,1,0
C,D,D,6545,100,6545,1,0
D,E,D,9355,100,9355,1,0
D,F,D,12865,100,12865,1,0
D,G,D,6811,100,6811,1,0
D,H,D,1441,100,1441,1,0
A,E,E,1341,100,1341,1,0
B,E,E,7019,100,7019,1,0
C,E,E,7524,100,7524,1,0
D,E,E,9318,100,9318,1,0
E,F,E,6969,100,6969,1,0
E,G,E,7326,100,7326,1,0
E,H,E,9665,100,9665,1,0
A,F,F,7341,100,7341,1,0
B,F,F,1439,100,1439,1,0
C,F,F,7104,100,7104,1,0
D,F,F,12869,100,12869,1,0
E,F,F,6994,100,6994,1,0
F,G,F,6858,100,6858,1,0
F,H,F,13226,100,13226,1,0
A,G,G,7608,100,7608,1,0
B,G,G,6750,100,6750,1,0
C,G,G,1312,100,1312,1,0
D,G,G,6794,100,6794,1,0
E,G,G,7302,100,7302,1,0
F,G,G,6859,100,6859,1,0
G,H,G,7033,100,7033,1,0
A,H,H,9673,100,9673,1,0
B,H,H,13015,100,13015,1,0
C,H,H,7089,100,7089,1,0
D,H,H,1474,100,1474,1,0
E,H,H,9668,100,9668,1,0
F,H,H,13234,100,13234,1,0
G,H,H,7063,100,7063,1,0
A,B,A,7126,100,7126,1,0
A,C,A,7635,100,7635,1,0
A,D,A,9209,100,9209,1,0
A,E,A,1354,100,1354,1,0
A,F,A,7383,100,7383,1,0
A,G,A,7615,100,7615,1,0
A,H,A,9715,100,9715,1,0
A,B,B,7181,100,7181,1,0
B,C,B,6740,100,6740,1,0
B,D,B,12548,100,12548,1,0
B,E,B,7016,100,7016,1,0
B,F,B,1444,100,1444,1,0
B,G,B,6754,100,6754,1,0
B,H,B,13043,100,13043,1,0
A,C,C,7591,100,7591,1,0
B,C,C,6722,100,6722,1,0
C,D,C,6573,100,6573,1,0
C,E,C,7505,100,7505,1,0
C,F,C,7142,100,7142,1,0
C,G,C,1324,100,1324,1,0
C,H,C,7112,100,7112,1,0
A,D,D,9215,100,9215,1,0
B,D,D,12550,100,12550,1,0
C,D,D,6623,100,6623,1,0
D,E,D,9369,100,9369,1,0
D,F,D,12865,100,12865,1,0
D,G,D,6804,100,6804,1,0
D,H,D,1443,100,1443,1,0
A,E,E,1331,100,1331,1,0
B,E,E,7033,100,7033,1,0
C,E,E,7517,100,7517,1,0
D,E,E,9381,100,9381,1,0
E,F,E,7040,100,7040,1,0
E,G,E,7341,100,7341,1,0
E,H,E,9662,100,9662,1,0
A,F,F,7358,100,7358,1,0
B,F,F,1451,100,1451,1,0
C,F,F,7152,100,7152,1,0
D,F,F,12877,100,12877,1,0
E,F,F,6994,100,6994,1,0
F,G,F,6864,100,6864,1,0
F,H,F,13208,100,13208,1,0
A,G,G,7603,100,7603,1,0
B,G,G,6764,100,6764,1,0
C,G,G,1399,100,1399,1,0
D,G,G,6831,100,6831,1,0
E,G,G,7291,100,7291,1,0
F,G,G,6873,100,6873,1,0
G,H,G,7052,100,7052,1,0
A,H,H,9717,100,9717,1,0
B,H,H,13066,100,13066,1,0
C,H,H,7133,100,7133,1,0
D,H,H,1462,100,1462,1,0
E,H,H,9659,100,9659,1,0
F,H,H,13217,100,13217,1,0
G,H,H,7074,100,7074,1,0
A,B,A,7147,100,7147,1,0
A,C,A,7546,100,7546,1,0
A,D,A,9215,100,9215,1,0
A,E,A,1366,100,1366,1,0
A,F,A,7373,100,7373,1,0
A,G,A,7586,100,7586,1,0
A,H,A,9685,100,9685,1,0
A,B,B,7203,100,7203,1,0
B,C,B,6717,100,6717,1,0
B,D,B,12543,100,12543,1,0
B,E,B,7079,100,7079,1,0
B,F,B,1397,100,1397,1,0
B,G,B,6738,100,6738,1,0
B,H,B,12991,100,12991,1,0
A,C,C,7546,100,7546,1,0
B,C,C,6730,100,6730,1,0
C,D,C,6618,100,6618,1,0
C,E,C,7553,100,7553,1,0
C,F,C,7138,100,7138,1,0
C,G,C,1398,100,1398,1,0
C,H,C,7108,100,7108,1,0
A,D,D,9217,100,9217,1,0
B,D,D,12553,100,12553,1,0
C,D,D,6589,100,6589,1,0
D,E,D,9410,100,9410,1,0
D,F,D,12855,100,12855,1,0
D,G,D,6794,100,6794,1,0
D,H,D,1475,100,1475,1,0
A,E,E,1420,100,1420,1,0
B,E,E,7059,100,7059,1,0
C,E,E,7533,100,7533,1,0
D,E,E,9325,100,9325,1,0
E,F,E,7023,100,7023,1,0
E,G,E,7294,100,7294,1,0
E,H,E,9646,100,9646,1,0
A,F,F,7377,100,7377,1,0
B,F,F,1417,100,1417,1,0
C,F,F,7130,100,7130,1,0
D,F,F,12872,100,12872,1,0
E,F,F,7034,100,7034,1,0
F,G,F,6871,100,6871,1,0
F,H,F,13242,100,13242,1,0
A,G,G,7592,100,7592,1,0
B,G,G,6745,100,6745,1,0
C,G,G,1359,100,1359,1,0
D,G,G,6814,100,6814,1,0
E,G,G,7346,100,7346,1,0
F,G,G,6917,100,6917,1,0
G,H,G,7051,100,7051,1,0
A,H,H,9704,100,9704,1,0
B,H,H,12986,100,12986,1,0
C,H,H,7111,100,7111,1,0
D,H,H,1409,100,1409,1,0
E,H,H,9679,100,9679,1,0
F,H,H,13230,100,13230,1,0
G,H,H,7024,100,7024,1,0
A,B,A,7169,100,7169,1,0
A,C,A,7600,100,7600,1,0
A,D,A,9220,100,9220,1,0
A,E,A,1390,100,1390,1,0
A,F,A,7429,100,7429,1,0
A,G,A,7561,100,7561,1,0
A,H,A,9685,100,9685,1,0
A,B,B,7157,100,7157,1,0
B,C,B,6705,100,6705,1,0
B,D,B,12565,100,12565,1,0
B,E,B,7060,100,7060,1,0
B,F,B,1446,100,1446,1,0
B,G,B,6755,100,6755,1,0
B,H,B,13091,100,13091,1,0
A,C,C,7616,100,7616,1,0
B,C,C,6720,100,6720,1,0
C,D,C,6592,100,6592,1,0
C,E,C,7577,100,7577,1,0
C,F,C,7109,100,7109,1,0
C,G,C,1339,100,1339,1,0
C,H,C,7119,100,7119,1,0
A,D,D,9205,100,9205,1,0
B,D,D,12504,100,12504,1,0
C,D,D,6589,100,6589,1,0
D,E,D,9323,100,9323,1,0
D,F,D,12857,100,12857,1,0
D,G,D,6812,100,6812,1,0
D,H,D,1483,100,1483,1,0
A,E,E,1394,100,1394,1,0
B,E,E,7066,100,7066,1,0
C,E,E,7546,100,7546,1,0
D,E,E,9330,100,9330,1,0
E,F,E,7000,100,7000,1,0
E,G,E,7326,100,7326,1,0
E,H,E,9645,100,9645,1,0
A,F,F,7342,100,7342,1,0
B,F,F,1409,100,1409,1,0
C,F,F,7117,100,7117,1,0
D,F,F,12860,100,12860,1,0
E,F,F,7009,100,7009,1,0
F,G,F,6898,100,6898,1,0
F,H,F,13256,100,13256,1,0
A,G,G,7596,100,7596,1,0
B,G,G,6781,100,6781,1,0
C,G,G,1339,100,1339,1,0
D,G,G,6822,100,6822,1,0
E,G,G,7343,100,7343,1,0
F,G,G,6895,100,6895,1,0
G,H,G,7077,100,7077,1,0
A,H,H,9673,100,9673,1,0
B,H,H,13056,100,13056,1,0
C,H,H,7109,100,7109,1,0
D,H,H,1372,100,1372,1,0
E,H,H,9700,100,9700,1,0
F,H,H,13219,100,13219,1,0
G,H,H,7009,100,7009,1,0
A,B,A,7170,100,7170,1,0
A,C,A,7564,100,7564,1,0
A,D,A,9176,100,9176,1,0
A,E,A,1354,100,1354,1,0
A,F,A,7315,100,7315,1,0
A,G,A,7578,100,7578,1,0
A,H,A,9698,100,9698,1,0
A,B,B,7160,100,7160,1,0
B,C,B,6739,100,6739,1,0
B,D,B,12498,100,12498,1,0
B,E,B,7049,100,7049,1,0
B,F,B,1448,100,1448,1,0
B,G,B,6776,100,6776,1,0
B,H,B,13034,100,13034,1,0
A,C,C,7596,100,7596,1,0
B,C,C,6676,100,6676,1,0
C,D,C,6600,100,6600,1,0
C,E,C,7539,100,7539,1,0
C,F,C,7107,100,7107,1,0
C,G,C,1383,100,1383,1,0
C,H,C,7133,100,7133,1,0
A,D,D,9206,100,9206,1,0
B,D,D,12526,100,12526,1,0
C,D,D,6597,100,6597,1,0
D,E,D,9420,100,9420,1,0
D,F,D,12857,100,12857,1,0
D,G,D,6828,100,6828,1,0
D,H,D,1449,100,1449,1,0
A,E,E,1379,100,1379,1,0
B,E,E,7080,100,7080,1,0
C,E,E,7516,100,7516,1,0
D,E,E,9344,100,9344,1,0
E,F,E,7001,100,7001,1,0
E,G,E,7318,100,7318,1,0
E,H,E,9646,100,9646,1,0
A,F,F,7390,100,7390,1,0
B,F,F,1430,100,1430,1,0
C,F,F,7112,100,7112,1,0
D,F,F,12886,100,12886,1,0
E,F,F,7003,100,7003,1,0
F,G,F,6854,100,6854,1,0
F,H,F,13263,100,13263,1,0
A,G,G,7555,100,7555,1,0
B,G,G,6749,100,6749,1,0
C,G,G,1351,100,1351,1,0
D,G,G,6791,100,6791,1,0
E,G,G,7286,100,7286,1,0
F,G,G,6875,100,6875,1,0
G,H,G,7052,100,7052,1,0
A,H,H,9667,100,9667,1,0
B,H,H,13042,100,13042,1,0
C,H,H,7121,100,7121,1,0
D,H,H,1507,100,1507,1,0
E,H,H,9658,100,9658,1,0
F,H,H,13214,100,13214,1,0
G,H,H,7056,100,7056,1,0
A,B,A,7159,100,7159,1,0
A,C,A,7598,100,7598,1,0
A,D,A,9173,100,9173,1,0
A,E,A,1354,100,1354,1,0
A,F,A,7369,100,7369,1,0
A,G,A,7573,100,7573,1,0
A,H,A,9743,100,9743,1,0
A,B,B,7154,100,7154,1,0
B,C,B,6697,100,6697,1,0
B,D,B,12555,100,12555,1,0
B,E,B,7056,100,7056,1,0
B,F,B,1440,100,1440,1,0
B,G,B,6758,100,6758,1,0
B,H,B,13051,100,13051,1,0
A,C,C,7546,100,7546,1,0
B,C,C,6727,100,6727,1,0
C,D,C,6634,100,6634,1,0
C,E,C,7547,100,7547,1,0
C,F,C,7112,100,7112,1,0
C,G,C,1387,100,1387,1,0
C,H,C,7120,100,7120,1,0
A,D,D,9210,100,9210,1,0
B,D,D,12526,100,12526,1,0
C,D,D,6635,100,6635,1,0
D,E,D,9328,100,9328,1,0
D,F,D,12864,100,12864,1,0
D,G,D,6829,100,6829,1,0
D,H,D,1473,100,1473,1,0
A,E,E,1366,100,1366,1,0
B,E,E,7008,100,7008,1,0
C,E,E,7575,100,7575,1,0
D,E,E,9347,100,9347,1,0
E,F,E,7029,100,7029,1,0
E,G,E,7301,100,7301,1,0
E,H,E,9693,100,9693,1,0
A,F,F,7436,100,7436,1,0
B,F,F,1425,100,1425,1,0
C,F,F,7141,100,7141,1,0
D,F,F,12868,100,12868,1,0
E,F,F,7040,100,7040,1,0
F,G,F,6892,100,6892,1,0
F,H,F,13256,100,13256,1,0
A,G,G,7519,100,7519,1,0
B,G,G,6742,100,6742,1,0
C,G,G,1330,100,1330,1,0
D,G,G,6804,100,6804,1,0
E,G,G,7323,100,7323,1,0
F,G,G,6889,100,6889,1,0
G,H,G,7062,100,7062,1,0
A,H,H,9725,100,9725,1,0
B,H,H,13069,100,13069,1,0
C,H,H,7082,100,7082,1,0
D,H,H,1443,100,1443,1,0
E,H,H,9652,100,9652,1,0
F,H,H,13216,100,13216,1,0
G,H,H,7091,100,7091,1,0
A,B,A,7139,100,7139,1,0
A,C,A,7668,100,7668,1,0
A,D,A,9217,100,9217,1,0
A,E,A,1335,100,1335,1,0
A,F,A,7398,100,7398,1,0
A,G,A,7605,100,7605,1,0
A,H,A,9689,100,9689,1,0
A,B,B,7150,100,7150,1,0
B,C,B,6710,100,6710,1,0
B,D,B,12546,100,12546,1,0
B,E,B,7080,100,7080,1,0
B,F,B,1453,100,1453,1,0
B,G,B,6740,100,6740,1,0
B,H,B,12998,100,12998,1,0
A,C,C,7555,100,7555,1,0
B,C,C,6711,100,6711,1,0
C,D,C,6593,100,6593,1,0
C,E,C,7546,100,7546,1,0
C,F,C,7135,100,7135,1,0
C,G,C,1319,100,1319,1,0
C,H,C,7100,100,7100,1,0
A,D,D,9207,100,9207,1,0
B,D,D,12509,100,12509,1,0
C,D,D,6622,100,6622,1,0
D,E,D,9344,100,9344,1,0
D,F,D,12875,100,12875,1,0
D,G,D,6845,100,6845,1,0
D,H,D,1415,100,1415,1,0
A,E,E,1363,100,1363,1,0
B,E,E,7087,100,7087,1,0
C,E,E,7537,100,7537,1,0
D,E,E,9342,100,9342,1,0
E,F,E,7007,100,7007,1,0
E,G,E,7315,100,7315,1,0
E,H,E,9707,100,9707,1,0
A,F,F,7394,100,7394,1,0
B,F,F,1448,100,1448,1,0
C,F,F,7096,100,7096,1,0
D,F,F,12857,100,12857,1,0
E,F,F,6992,100,6992,1,0
F,G,F,6888,100,6888,1,0
F,H,F,13296,100,13296,1,0
A,G,G,7573,100,7573,1,0
B,G,G,6771,100,6771,1,0
C,G,G,1353,100,1353,1,0
D,G,G,6784,100,6784,1,0
E,G,G,7317,100,7317,1,0
F,G,G,6892,100,6892,1,0
G,H,G,7093,100,7093,1,0
A,H,H,9729,100,9729,1,0
B,H,H,13048,100,13048,1,0
C,H,H,7131,100,7131,1,0
D,H,H,1397,100,1397,1,0
E,H,H,9661,100,9661,1,0
F,H,H,13270,100,13270,1,0
G,H,H,7051,100,7051,1,0
A,B,A,7135,100,7135,1,0
A,C,A,7544,100,7544,1,0
A,D,A,9189,100,9189,1,0
A,E,A,1385,100,1385,1,0
A,F,A,7368,100,7368,1,0
A,G,A,7616,100,7616,1,0
A,H,A,9711,100,9711,1,0
A,B,B,7130,100,7130,1,0
B,C,B,6738,100,6738,1,0
B,D,B,12478,100,12478,1,0
B,E,B,7040,100,7040,1,0
B,F,B,1367,100,1367,1,0
B,G,B,6779,100,6779,1,0
B,H,B,13080,100,13080,1,0
A,C,C,7582,100,7582,1,0
B,C,C,6685,100,6685,1,0
C,D,C,6573,100,6573,1,0
C,E,C,7533,100,7533,1,0
C,F,C,7146,100,7146,1,0
C,G,C,1390,100,1390,1,0
C,H,C,7093,100,7093,1,0
A,D,D,9185,100,9185,1,0
B,D,D,12543,100,12543,1,0
C,D,D,6618,100,6618,1,0
D,E,D,9260,100,9260,1,0
D,F,D,12885,100,12885,1,0
D,G,D,6844,100,6844,1,0
D,H,D,1446,100,1446,1,0
A,E,E,1361,100,1361,1,0
B,E,E,7032,100,7032,1,0
C,E,E,7516,100,7516,1,0
D,E,E,9324,100,9324,1,0
E,F,E,6987,100,6987,1,0
E,G,E,7303,100,7303,1,0
E,H,E,9632,100,9632,1,0
A,F,F,7350,100,7350,1,0
B,F,F,1388,100,1388,1,0
C,F,F,7088,100,7088,1,0
D,F,F,12884,100,12884,1,0
E,F,F,7025,100,7025,1,0
F,G,F,6860,100,6860,1,0
F,H,F,13212,100,13212,1,0
A,G,G,7566,100,7566,1,0
B,G,G,6763,100,6763,1,0
C,G,G,1341,100,1341,1,0
D,G,G,6820,100,6820,1,0
E,G,G,7323,100,7323,1,0
F,G,G,6900,100,6900,1,0
G,H,G,7057,100,7057,1,0
A,H,H,9693,100,9693,1,0
B,H,H,13004,100,13004,1,0
C,H,H,7110,100,7110,1,0
D,H,H,1384,100,1384,1,0
E,H,H,9649,100,9649,1,0
F,H,H,13234,100,13234,1,0
G,H,H,7069,100,7069,1,0
A,B,A,7114,100,7114,1,0
A,C,A,7612,100,7612,1,0
A,D,A,9226,100,9226,1,0
A,E,A,1386,100,1386,1,0
A,F,A,7378,100,7378,1,0
A,G,A,7523,100,7523,1,0
A,H,A,9656,100,9656,1,0
A,B,B,7159,100,7159,1,0
B,C,B,6719,100,6719,1,0
B,D,B,12547,100,12547,1,0
B,E,B,7059,100,7059,1,0
B,F,B,1430,100,1430,1,0
B,G,B,6755,100,6755,1,0
B,H,B,13027,100,13027,1,0
A,C,C,7499,100,7499,1,0
B,C,C,6710,100,6710,1,0
C,D,C,6620,100,6620,1,0
C,E,C,7511,100,7511,1,0
C,F,C,7112,100,7112,1,0
C,G,C,1337,100,1337,1,0
C,H,C,7118,100,7118,1,0
A,D,D,9208,100,9208,1,0
B,D,D,12533,100,12533,1,0
C,D,D,6620,100,6620,1,0
D,E,D,9370,100,9370,1,0
D,F,D,12839,100,12839,1,0
D,G,D,6843,100,6843,1,0
D,H,D,1408,100,1408,1,0
A,E,E,1348,100,1348,1,0
B,E,E,7081,100,7081,1,0
C,E,E,7503,100,7503,1,0
D,E,E,9355,100,9355,1,0
E,F,E,6981,100,6981,1,0
E,G,E,7299,100,7299,1,0
E,H,E,9627,100,9627,1,0
A,F,F,7397,100,7397,1,0
B,F,F,1430,100,1430,1,0
C,F,F,7129,100,7129,1,0
D,F,F,12854,100,12854,1,0
E,F,F,7010,100,7010,1,0
F,G,F,6901,100,6901,1,0
F,H,F,13209,100,13209,1,0
A,G,G,7599,100,7599,1,0
B,G,G,6766,100,6766,1,0
C,G,G,1383,100,1383,1,0
D,G,G,6791,100,6791,1,0
E,G,G,7286,100,7286,1,0
F,G,G,6868,100,6868,1,0
G,H,G,7082,100,7082,1,0
A,H,H,9695,100,9695,1,0
B,H,H,12997,100,12997,1,0
C,H,H,7124,100,7124,1,0
D,H,H,1465,100,1465,1,0
E,H,H,9667,100,9667,1,0
F,H,H,13254,100,13254,1,0
G,H,H,7065,100,7065,1,0
A,B,A,7128,100,7128,1,0
A,C,A,7523,100,7523,1,0
A,D,A,9194,100,9194,1,0
A,E,A,1392,100,1392,1,0
A,F,A,7394,100,7394,1,0
A,G,A,7556,100,7556,1,0
A,H,A,9710,100,9710,1,0
A,B,B,7171,100,7171,1,0
B,C,B,6716,100,6716,1,0
B,D,B,12518,100,12518,1,0
B,E,B,7039,100,7039,1,0
B,F,B,1474,100,1474,1,0
B,G,B,6776,100,6776,1,0
B,H,B,13066,100,13066,1,0
A,C,C,7588,100,7588,1,0
B,C,C,6698,100,6698,1,0
C,D,C,6575,100,6575,1,0
C,E,C,7577,100,7577,1,0
C,F,C,7116,100,7116,1,0
C,G,C,1348,100,1348,1,0
C,H,C,7102,100,7102,1,0
A,D,D,9188,100,9188,1,0
B,D,D,12562,100,12562,1,0
C,D,D,6615,100,6615,1,0
D,E,D,9414,100,9414,1,0
D,F,D,12835,100,12835,1,0
D,G,D,6773,100,6773,1,0
D,H,D,1370,100,1370,1,0
A,E,E,1348,100,1348,1,0
B,E,E,7051,100,7051,1,0
C,E,E,7503,100,7503,1,0
D,E,E,9335,100,9335,1,0
E,F,E,7042,100,7042,1,0
E,G,E,7295,100,7295,1,0
E,H,E,9684,100,9684,1,0
A,F,F,7350,100,7350,1,0
B,F,F,1407,100,1407,1,0
C,F,F,7112,100,7112,1,0
D,F,F,12856,100,12856,1,0
E,F,F,7009,100,7009,1,0
F,G,F,6888,100,6888,1,0
F,H,F,13229,100,13229,1,0
A,G,G,7624,100,7624,1,0
B,G,G,6726,100,6726,1,0
C,G,G,1342,100,1342,1,0
D,G,G,6808,100,6808,1,0
E,G,G,7310,100,7310,1,0
F,G,G,6879,100,6879,1,0
G,H,G,7078,100,7078,1,0
A,H,H,9695,100,9695,1,0
B,H,H,13065,100,13065,1,0
C,H,H,7161,100,7161,1,0
D,H,H,1452,100,1452,1,0
E,H,H,9644,100,9644,1,0
F,H,H,13265,100,13265,1,0
G,H,H,7049,100,7049,1,0
A,B,A,7141,100,7141,1,0
A,C,A,7604,100,7604,1,0
A,D,A,9209,100,9209,1,0
A,E,A,1400,100,1400,1,0
A,F,A,7380,100,7380,1,0
A,G,A,7509,100,7509,1,0
A,H,A,9681,100,9681,1,0
A,B,B,7173,100,7173,1,0
B,C,B,6690,100,6690,1,0
B,D,B,12531,100,12531,1,0
B,E,B,7036,100,7036,1,0
B,F,B,1447,100,1447,1,0
B,G,B,6757,100,6757,1,0
B,H,B,13051,100,13051,1,0
A,C,C,7599,100,7599,1,0
B,C,C,6719,100,6719,1,0
C,D,C,6583,100,6583,1,0
C,E,C,7533,100,7533,1,0
C,F,C,7158,100,7158,1,0
C,G,C,1390,100,1390,1,0
C,H,C,7093,100,7093,1,0
A,D,D,9211,100,9211,1,0
B,D,D,12497,100,12497,1,0
C,D,D,6598,100,6598,1,0
D,E,D,9302,100,9302,1,0
D,F,D,12870,100,12870,1,0
D,G,D,6783,100,6783,1,0
D,H,D,1456,100,1456,1,0
A,E,E,1369,100,1369,1,0
B,E,E,7045,100,7045,1,0
C,E,E,7523,100,7523,1,0
D,E,E,9327,100,9327,1,0
E,F,E,7005,100,7005,1,0
E,G,E,7328,100,7328,1,0
E,H,E,9664,100,9664,1,0
A,F,F,7349,100,7349,1,0
B,F,F,1443,100,1443,1,0
C,F,F,7127,100,7127,1,0
D,F,F,12858,100,12858,1,0
E,F,F,7012,100,7012,1,0
F,G,F,6884,100,6884,1,0
F,H,F,13226,100,13226,1,0
A,G,G,7563,100,7563,1,0
B,G,G,6702,100,6702,1,0
C,G,G,1337,100,1337,1,0
D,G,G,6785,100,6785,1,0
E,G,G,7324,100,7324,1,0
F,G,G,6880,100,6880,1,0
G,H,G,7051,100,7051,1,0
A,H,H,9716,100,9716,1,0
B,H,H,13028,100,13028,1,0
C,H,H,7077,100,7077,1,0
D,H,H,1436,100,1436,1,0
E,H,H,9652,100,9652,1,0
F,H,H,13228,100,13228,1,0
G,H,H,7061,100,7061,1,0
A,B,A,7180,100,7180,1,0
A,C,A,7549,100,7549,1,0
A,D,A,9204,100,9204,1,0
A,E,A,1381,100,1381,1,0
A,F,A,7395,100,7395,1,0
A,G,A,7527,100,7527,1,0
A,H,A,9667,100,9667,1,0
A,B,B,7124,100,7124,1,0
B,C,B,6700,100,6700,1,0
B,D,B,12515,100,12515,1,0
B,E,B,7048,100,7048,1,0
B,F,B,1430,100,1430,1,0
B,G,B,6739,100,6739,1,0
B,H,B,13065,100,13065,1,0
A,C,C,7597,100,7597,1,0
B,C,C,6762,100,6762,1,0
C,D,C,6590,100,6590,1,0
C,E,C,7568,100,7568,1,0
C,F,C,7090,100,7090,1,0
C,G,C,1393,100,1393,1,0
C,H,C,7080,100,7080,1,0
A,D,D,9238,100,9238,1,0
B,D,D,12518,100,12518,1,0
C,D,D,6618,100,6618,1,0
D,E,D,9323,100,9323,1,0
D,F,D,12888,100,12888,1,0
D,G,D,6807,100,6807,1,0
D,H,D,1439,100,1439,1,0
A,E,E,1374,100,1374,1,0
B,E,E,7005,100,7005,1,0
C,E,E,7526,100,7526,1,0
D,E,E,9306,100,9306,1,0
E,F,E,7041,100,7041,1,0
E,G,E,7316,100,7316,1,0
E,H,E,9668,100,9668,1,0
A,F,F,7366,100,7366,1,0
B,F,F,1413,100,1413,1,0
C,F,F,7098,100,7098,1,0
D,F,F,12853,100,12853,1,0
E,F,F,7005,100,7005,1,0
F,G,F,6904,100,6904,1,0
F,H,F,13202,100,13202,1,0
A,G,G,7539,100,7539,1,0
B,G,G,6764,100,6764,1,0
C,G,G,1339,100,1339,1,0
D,G,G,6796,100,6796,1,0
E,G,G,7296,100,7296,1,0
F,G,G,6869,100,6869,1,0
G,H,G,7056,100,7056,1,0
A,H,H,9726,100,9726,1,0
B,H,H,13029,100,13029,1,0
C,H,H,7097,100,7097,1,0
D,H,H,1507,100,1507,1,0
E,H,H,9652,100,9652,1,0
F,H,H,13218,100,13218,1,0
G,H,H,7041,100,7041,1,0
A,B,A,7147,100,7147,1,0
A,C,A,7582,100,7582,1,0
A,D,A,9188,100,9188,1,0
A,E,A,1344,100,1344,1,0
A,F,A,7386,100,7386,1,0
A,G,A,7584,100,7584,1,0
A,H,A,9744,100,9744,1,0
A,B,B,7144,100,7144,1,0
B,C,B,6725,100,6725,1,0
B,D,B,12579,100,12579,1,0
B,E,B,7042,100,7042,1,0
B,F,B,1448,100,1448,1,0
B,G,B,6738,100,6738,1,0
B,H,B,13087,100,13087,1,0
A,C,C,7596,100,7596,1,0
B,C,C,6711,100,6711,1,0
C,D,C,6611,100,6611,1,0
C,E,C,7558,100,7558,1,0
C,F,C,7126,100,7126,1,0
C,G,C,1381,100,1381,1,0
C,H,C,7108,100,7108,1,0
A,D,D,9214,100,9214,1,0
B,D,D,12532,100,12532,1,0
C,D,D,6597,100,6597,1,0
D,E,D,9336,100,9336,1,0
D,F,D,12867,100,12867,1,0
D,G,D,6780,100,6780,1,0
D,H,D,1408,100,1408,1,0
A,E,E,1382,100,1382,1,0
B,E,E,7046,100,7046,1,0
C,E,E,7527,100,7527,1,0
D,E,E,9339,100,9339,1,0
E,F,E,7020,100,7020,1,0
E,G,E,7287,100,7287,1,0
E,H,E,9628,100,9628,1,0
A,F,F,7388,100,7388,1,0
B,F,F,1440,100,1440,1,0
C,F,F,7116,100,7116,1,0
D,F,F,12897,100,12897,1,0
E,F,F,6985,100,6985,1,0
F,G,F,6890,100,6890,1,0
F,H,F,13240,100,13240,1,0
A,G,G,7559,100,7559,1,0
B,G,G,6745,100,6745,1,0
C,G,G,1368,100,1368,1,0
D,G,G,6812,100,6812,1,0
E,G,G,7295,100,7295,1,0
F,G,G,6875,100,6875,1,0
G,H,G,7035,100,7035,1,0
A,H,H,9703,100,9703,1,0
B,H,H,13057,100,13057,1,0
C,H,H,7108,100,7108,1,0
D,H,H,1391,100,1391,1,0
E,H,H,9672,100,9672,1,0
F,H,H,13197,100,13197,1,0
G,H,H,6984,100,6984,1,0
A,B,A,7109,100,7109,1,0
A,C,A,7595,100,7595,1,0
A,D,A,9190,100,9190,1,0
A,E,A,1391,100,1391,1,0
A,F,A,7428,100,7428,1,0
A,G,A,7540,100,7540,1,0
A,H,A,9759,100,9759,1,0
A,B,B,7131,100,7131,1,0
B,C,B,6723,100,6723,1,0
B,D,B,12527,100,12527,1,0
B,E,B,7054,100,7054,1,0
B,F,B,1455,100,1455,1,0
B,G,B,6734,100,6734,1,0
B,H,B,13033,100,13033,1,0
A,C,C,7583,100,7583,1,0
B,C,C,6735,100,6735,1,0
C,D,C,6612,100,6612,1,0
C,E,C,7569,100,7569,1,0
C,F,C,7099,100,7099,1,0
C,G,C,1353,100,1353,1,0
C,H,C,7096,100,7096,1,0
A,D,D,9219,100,9219,1,0
B,D,D,12521,100,12521,1,0
C,D,D,6591,100,6591,1,0
D,E,D,9378,100,9378,1,0
D,F,D,12878,100,12878,1,0
D,G,D,6877,100,6877,1,0
D,H,D,1477,100,1477,1,0
A,E,E,1448,100,1448,1,0
B,E,E,6984,100,6984,1,0
C,E,E,7604,100,7604,1,0
D,E,E,9396,100,9396,1,0
E,F,E,6997,100,6997,1,0
E,G,E,7313,100,7313,1,0
E,H,E,9618,100,9618,1,0
A,F,F,7384,100,7384,1,0
B,F,F,1436,100,1436,1,0
C,F,F,7140,100,7140,1,0
D,F,F,12896,100,12896,1,0
E,F,F,6998,100,6998,1,0
F,G,F,6881,100,6881,1,0
F,H,F,13219,100,13219,1,0
A,G,G,7551,100,7551,1,0
B,G,G,6754,100,6754,1,0
C,G,G,1304,100,1304,1,0
D,G,G,6831,100,6831,1,0
E,G,G,7317,100,7317,1,0
F,G,G,6891,100,6891,1,0
G,H,G,7068,100,7068,1,0
A,H,H,9699,100,9699,1,0
B,H,H,13091,100,13091,1,0
C,H,H,7115,100,7115,1,0
D,H,H,1405,100,1405,1,0
E,H,H,9664,100,9664,1,0
F,H,H,13264,100,13264,1,0
G,H,H,7035,100,7035,1,0
A,B,A,7162,100,7162,1,0
A,C,A,7578,100,7578,1,0
A,D,A,9203,100,9203,1,0
A,E,A,1401,100,1401,1,0
A,F,A,7406,100,7406,1,0
A,G,A,7555,100,7555,1,0
A,H,A,9733,100,9733,1,0
A,B,B,7124,100,7124,1,0
B,C,B,6739,100,6739,1,0
B,D,B,12508,100,12508,1,0
B,E,B,7059,100,7059,1,0
B,F,B,1426,100,1426,1,0
B,G,B,6761,100,6761,1,0
B,H,B,13022,100,13022,1,0
A,C,C,7554,100,7554,1,0
B,C,C,6736,100,6736,1,0
C,D,C,6629,100,6629,1,0
C,E,C,7541,100,7541,1,0
C,F,C,7117,100,7117,1,0
C,G,C,1352,100,1352,1,0
C,H,C,7081,100,7081,1,0
A,D,D,9202,100,9202,1,0
B,D,D,12559,100,12559,1,0
C,D,D,6576,100,6576,1,0
D,E,D,9383,100,9383,1,0
D,F,D,12848,100,12848,1,0
D,G,D,6804,100,6804,1,0
D,H,D,1447,100,1447,1,0
A,E,E,1384,100,1384,1,0
B,E,E,7050,100,7050,1,0
C,E,E,7547,100,7547,1,0
D,E,E,9339,100,9339,1,0
E,F,E,6986,100,6986,1,0
E,G,E,7301,100,7301,1,0
E,H,E,9640,100,9640,1,0
A,F,F,7350,100,7350,1,0
B,F,F,1415,100,1415,1,0
C,F,F,7119,100,7119,1,0
D,F,F,12881,100,12881,1,0
E,F,F,7022,100,7022,1,0
F,G,F,6863,100,6863,1,0
F,H,F,13189,100,13189,1,0
A,G,G,7625,100,7625,1,0
B,G,G,6780,100,6780,1,0
C,G,G,1408,100,1408,1,0
D,G,G,6773,100,6773,1,0
E,G,G,7322,100,7322,1,0
F,G,G,6864,100,6864,1,0
G,H,G,7078,100,7078,1,0
A,H,H,9741,100,9741,1,0
B,H,H,13054,100,13054,1,0
C,H,H,7118,100,7118,1,0
D,H,H,1437,100,1437,1,0
E,H,H,9658,100,9658,1,0
F,H,H,13235,100,13235,1,0
G,H,H,7066,100,7066,1,0
A,B,A,7100,100,7100,1,0
A,C,A,7565,100,7565,1,0
A,D,A,9189,100,9189,1,0
A,E,A,1359,100,1359,1,0
A,F,A,7381,100,7381,1,0
A,G,A,7533,100,7533,1,0
A,H,A,9666,100,9666,1,0
A,B,B,7135,100,7135,1,0
B,C,B,6704,100,6704,1,0
B,D,B,12530,100,12530,1,0
B,E,B,7057,100,7057,1,0
B,F,B,1381,100,1381,1,0
B,G,B,6731,100,6731,1,0
B,H,B,13043,100,13043,1,0
A,C,C,7562,100,7562,1,0
B,C,C,6731,100,6731,1,0
C,D,C,6632,100,6632,1,0
C,E,C,7554,100,7554,1,0
C,F,C,7135,100,7135,1,0
C,G,C,1381,100,1381,1,0
C,H,C,7108,100,7108,1,0
A,D,D,9190,100,9190,1,0
B,D,D,12536,100,12536,1,0
C,D,D,6596,100,6596,1,0
D,E,D,9340,100,9340,1,0
D,F,D,12836,100,12836,1,0
D,G,D,6825,100,6825,1,0
D,H,D,1448,100,1448,1,0
A,E,E,1340,100,1340,1,0
B,E,E,7054,100,7054,1,0
C,E,E,7528,100,7528,1,0
D,E,E,9286,100,9286,1,0
E,F,E,7002,100,7002,1,0
E,G,E,7321,100,7321,1,0
E,H,E,9618,100,9618,1,0
A,F,F,7366,100,7366,1,0
B,F,F,1470,100,1470,1,0
C,F,F,7113,100,7113,1,0
D,F,F,12883,100,12883,1,0
E,F,F,6986,100,6986,1,0
F,G,F,6903,100,6903,1,0
F,H,F,13211,100,13211,1,0
A,G,G,7536,100,7536,1,0
B,G,G,6721,100,6721,1,0
C,G,G,1407,100,1407,1,0
D,G,G,6782,100,6782,1,0
E,G,G,7258,100,7258,1,0
F,G,G,6883,100,6883,1,0
G,H,G,7060,100,7060,1,0
A,H,H,9710,100,9710,1,0
B,H,H,13036,100,13036,1,0
C,H,H,7131,100,7131,1,0
D,H,H,1396,100,1396,1,0
E,H,H,9678,100,9678,1,0
F,H,H,13233,100,13233,1,0
G,H,H,7028,100,7028,1,0
A,B,A,7159,100,7159,1,0
A,C,A,7565,100,7565,1,0
A,D,A,9190,100,9190,1,0
A,E,A,1367,100,1367,1,0
A,F,A,7422,100,7422,1,0
A,G,A,7587,100,7587,1,0
A,H,A,9646,100,9646,1,0
A,B,B,7135,100,7135,1,0
B,C,B,6746,100,6746,1,0
B,D,B,12480,100,12480,1,0
B,E,B,7046,100,7046,1,0
B,F,B,1450,100,1450,1,0
B,G,B,6762,100,6762,1,0
B,H,B,12978,100,12978,1,0
A,C,C,7625,100,7625,1,0
B,C,C,6701,100,6701,1,0
C,D,C,6575,100,6575,1,0
C,E,C,7542,100,7542,1,0
C,F,C,7120,100,7120,1,0
C,G,C,1384,100,1384,1,0
C,H,C,7187,100,7187,1,0
A,D,D,9199,100,9199,1,0
B,D,D,12549,100,12549,1,0
C,D,D,6600,100,6600,1,0
D,E,D,9300,100,9300,1,0
D,F,D,12872,100,12872,1,0
D,G,D,6775,100,6775,1,0
D,H,D,1456,100,1456,1,0
A,E,E,1367,100,1367,1,0
B,E,E,7014,100,7014,1,0
C,E,E,7547,100,7547,1,0
D,E,E,9334,100,9334,1,0
E,F,E,7029,100,7029,1,0
E,G,E,7291,100,7291,1,0
E,H,E,9647,100,9647,1,0
A,F,F,7338,100,7338,1,0
B,F,F,1442,100,1442,1,0
C,F,F,7102,100,7102,1,0
D,F,F,12830,100,12830,1,0
E,F,F,6989,100,6989,1,0
F,G,F,6884,100,6884,1,0
F,H,F,13241,100,13241,1,0
A,G,G,7595,100,7595,1,0
B,G,G,6756,100,6756,1,0
C,G,G,1330,100,1330,1,0
D,G,G,6821,100,6821,1,0
E,G,G,7292,100,7292,1,0
F,G,G,6877,100,6877,1,0
G,H,G,7057,100,7057,1,0
A,H,H,9722,100,9722,1,0
B,H,H,13036,100,13036,1,0
C,H,H,7122,100,7122,1,0
D,H,H,1462,100,1462,1,0
E,H,H,9647,100,9647,1,0
F,H,H,13224,100,13224,1,0
G,H,H,7069,100,7069,1,0
A,B,A,7202,100,7202,1,0
A,C,A,7560,100,7560,1,0
A,D,A,9179,100,9179,1,0
A,E,A,1373,100,1373,1,0
A,F,A,7389,100,7389,1,0
A,G,A,7612,100,7612,1,0
A,H,A,9694,100,9694,1,0
A,B,B,7145,100,7145,1,0
B,C,B,6734,100,6734,1,0
B,D,B,12479,100,12479,1,0
B,E,B,7026,100,7026,1,0
B,F,B,1436,100,1436,1,0
B,G,B,6764,100,6764,1,0
B,H,B,13003,100,13003,1,0
A,C,C,7595,100,7595,1,0
B,C,C,6707,100,6707,1,0
C,D,C,6594,100,6594,1,0
C,E,C,7591,100,7591,1,0
C,F,C,7118,100,7118,1,0
C,G,C,1374,100,1374,1,0
C,H,C,7088,100,7088,1,0
A,D,D,9211,100,9211,1,0
B,D,D,12515,100,12515,1,0
C,D,D,6617,100,6617,1,0
D,E,D,9319,100,9319,1,0
D,F,D,12866,100,12866,1,0
D,G,D,6821,100,6821,1,0
D,H,D,1410,100,1410,1,0
A,E,E,1379,100,1379,1,0
B,E,E,7053,100,7053,1,0
C,E,E,7528,100,7528,1,0
D,E,E,9418,100,9418,1,0
E,F,E,7054,100,7054,1,0
E,G,E,7321,100,7321,1,0
E,H,E,9665,100,9665,1,0
A,F,F,7391,100,7391,1,0
B,F,F,1444,100,1444,1,0
C,F,F,7133,100,7133,1,0
D,F,F,12875,100,12875,1,0
E,F,F,6999,100,6999,1,0
F,G,F,6893,100,6893,1,0
F,H,F,13231,100,13231,1,0
A,G,G,7597,100,7597,1,0
B,G,G,6720,100,6720,1,0
C,G,G,1365,100,1365,1,0
D,G,G,6792,100,6792,1,0
E,G,G,7305,100,7305,1,0
F,G,G,6883,100,6883,1,0
G,H,G,7081,100,7081,1,0
A,H,H,9695,100,9695,1,0
B,H,H,13086,100,13086,1,0
C,H,H,7111,100,7111,1,0
D,H,H,1497,100,1497,1,0
E,H,H,9657,100,9657,1,0
F,H,H,13249,100,13249,1,0
G,H,H,7038,100,7038,1,0
A,B,A,7151,100,7151,1,0
A,C,A,7539,100,7539,1,0
A,D,A,9206,100,9206,1,0
A,E,A,1393,100,1393,1,0
A,F,A,7411,100,7411,1,0
A,G,A,7605,100,7605,1,0
A,H,A,9681,100,9681,1,0
A,B,B,7153,100,7153,1,0
B,C,B,6719,100,6719,1,0
B,D,B,12529,100,12529,1,0
B,E,B,7067,100,7067,1,0
B,F,B,1449,100,1449,1,0
B,G,B,6751,100,6751,1,0
B,H,B,13021,100,13021,1,0
A,C,C,7619,100,7619,1,0
B,C,C,6707,100,6707,1,0
C,D,C,6628,100,6628,1,0
C,E,C,7537,100,7537,1,0
C,F,C,7117,100,7117,1,0
C,G,C,1388,100,1388,1,0
C,H,C,7096,100,7096,1,0
A,D,D,9195,100,9195,1,0
B,D,D,12508,100,12508,1,0
C,D,D,6617,100,6617,1,0
D,E,D,9361,100,9361,1,0
D,F,D,12848,100,12848,1,0
D,G,D,6815,100,6815,1,0
D,H,D,1427,100,1427,1,0
A,E,E,1429,100,1429,1,0
B,E,E,7016,100,7016,1,0
C,E,E,7516,100,7516,1,0
D,E,E,9359,100,9359,1,0
E,F,E,7019,100,7019,1,0
E,G,E,7304,100,7304,1,0
E,H,E,9688,100,9688,1,0
A,F,F,7396,100,7396,1,0
B,F,F,1430,100,1430,1,0
C,F,F,7119,100,7119,1,0
D,F,F,12883,100,12883,1,0
E,F,F,7008,100,7008,1,0
F,G,F,6859,100,6859,1,0
F,H,F,13263,100,13263,1,0
A,G,G,7586,100,7586,1,0
B,G,G,6767,100,6767,1,0
C,G,G,1351,100,1351,1,0
D,G,G,6824,100,6824,1,0
E,G,G,7304,100,7304,1,0
F,G,G,6888,100,6888,1,0
G,H,G,7043,100,7043,1,0
A,H,H,9680,100,9680,1,0
B,H,H,13035,100,13035,1,0
C,H,H,7131,100,7131,1,0
D,H,H,1424,100,1424,1,0
E,H,H,9634,100,9634,1,0
F,H,H,13232,100,13232,1,0
G,H,H,7036,100,7036,1,0
A,B,A,7183,100,7183,1,0
A,C,A,7614,100,7614,1,0
A,D,A,9218,100,9218,1,0
A,E,A,1391,100,1391,1,0
A,F,A,7375,100,7375,1,0
A,G,A,7597,100,7597,1,0
A,H,A,9714,100,9714,1,0
A,B,B,7120,100,7120,1,0
B,C,B,6698,100,6698,1,0
B,D,B,12495,100,12495,1,0
B,E,B,7064,100,7064,1,0
B,F,B,1433,100,1433,1,0
B,G,B,6755,100,6755,1,0
B,H,B,13047,100,13047,1,0
A,C,C,7547,100,7547,1,0
B,C,C,6701,100,6701,1,0
C,D,C,6618,100,6618,1,0
C,E,C,7583,100,7583,1,0
C,F,C,7088,100,7088,1,0
C,G,C,1355,100,1355,1,0
C,H,C,7108,100,7108,1,0
A,D,D,9201,100,9201,1,0
B,D,D,12521,100,12521,1,0
C,D,D,6620,100,6620,1,0
D,E,D,9354,100,9354,1,0
D,F,D,12901,100,12901,1,0
D,G,D,6844,100,6844,1,0
D,H,D,1448,100,1448,1,0
A,E,E,1366,100,1366,1,0
B,E,E,7031,100,7031,1,0
C,E,E,7556,100,7556,1,0
D,E,E,9335,100,9335,1,0
E,F,E,6959,100,6959,1,0
E,G,E,7313,100,7313,1,0
E,H,E,9638,100,9638,1,0
A,F,F,7380,100,7380,1,0
B,F,F,1447,100,1447,1,0
C,F,F,7127,100,7127,1,0
D,F,F,12871,100,12871,1,0
E,F,F,7006,100,7006,1,0
F,G,F,6888,100,6888,1,0
F,H,F,13255,100,13255,1,0
A,G,G,7585,100,7585,1,0
B,G,G,6796,100,6796,1,0
C,G,G,1304,100,1304,1,0
D,G,G,6806,100,6806,1,0
E,G,G,7267,100,7267,1,0
F,G,G,6874,100,6874,1,0
G,H,G,7036,100,7036,1,0
A,H,H,9674,100,9674,1,0
B,H,H,13053,100,13053,1,0
C,H,H,7132,100,7132,1,0
D,H,H,1413,100,1413,1,0
E,H,H,9661,100,9661,1,0
F,H,H,13182,100,13182,1,0
G,H,H,7024,100,7024,1,0
A,B,A,7157,100,7157,1,0
A,C,A,7549,100,7549,1,0
A,D,A,9175,100,9175,1,0
A,E,A,1341,100,1341,1,0
A,F,A,7373,100,7373,1,0
A,G,A,7581,100,7581,1,0
A,H,A,9737,100,9737,1,0
A,B,B,7126,100,7126,1,0
B,C,B,6702,100,6702,1,0
B,D,B,12494,100,12494,1,0
B,E,B,7041,100,7041,1,0
B,F,B,1431,100,1431,1,0
B,G,B,6723,100,6723,1,0
B,H,B,13048,100,13048,1,0
A,C,C,7573,100,7573,1,0
B,C,C,6702,100,6702,1,0
C,D,C,6602,100,6602,1,0
C,E,C,7549,100,7549,1,0
C,F,C,7127,100,7127,1,0
C,G,C,1383,100,1383,1,0
C,H,C,7100,100,7100,1,0
A,D,D,9206,100,9206,1,0
B,D,D,12531,100,12531,1,0
C,D,D,6569,100,6569,1,0
D,E,D,9299,100,9299,1,0
D,F,D,12871,100,12871,1,0
D,G,D,6786,100,6786,1,0
D,H,D,1408,100,1408,1,0
A,E,E,1357,100,1357,1,0
B,E,E,7033,100,7033,1,0
C,E,E,7517,100,7517,1,0
D,E,E,9385,100,9385,1,0
E,F,E,7005,100,7005,1,0
E,G,E,7313,100,7313,1,0
E,H,E,9666,100,9666,1,0
A,F,F,7372,100,7372,1,0
B,F,F,1481,100,1481,1,0
C,F,F,7151,100,7151,1,0
D,F,F,12852,100,12852,1,0
E,F,F,6977,100,6977,1,0
F,G,F,6867,100,6867,1,0
F,H,F,13223,100,13223,1,0
A,G,G,7600,100,7600,1,0
B,G,G,6746,100,6746,1,0
C,G,G,1380,100,1380,1,0
D,G,G,6800,100,6800,1,0
E,G,G,7305,100,7305,1,0
F,G,G,6913,100,6913,1,0
G,H,G,7060,100,7060,1,0
A,H,H,9676,100,9676,1,0
B,H,H,13052,100,13052,1,0
C,H,H,7115,100,7115,1,0
D,H,H,1432,100,1432,1,0
E,H,H,9655,100,9655,1,0
F,H,H,13200,100,13200,1,0
G,H,H,7084,100,7084,1,0
A,B,A,7164,100,7164,1,0
A,C,A,7563,100,7563,1,0
A,D,A,9179,100,9179,1,0
A,E,A,1402,100,1402,1,0
A,F,A,7352,100,7352,1,0
A,G,A,7621,100,7621,1,0
A,H,A,9696,100,9696,1,0
A,B,B,7149,100,7149,1,0
B,C,B,6711,100,6711,1,0
B,D,B,12554,100,12554,1,0
B,E,B,7030,100,7030,1,0
B,F,B,1432,100,1432,1,0
B,G,B,6744,100,6744,1,0
B,H,B,13102,100,13102,1,0
A,C,C,7541,100,7541,1,0
B,C,C,6758,100,6758,1,0
C,D,C,6630,100,6630,1,0
C,E,C,7540,100,7540,1,0
C,F,C,7094,100,7094,1,0
C,G,C,1330,100,1330,1,0
C,H,C,7097,100,7097,1,0
A,D,D,9199,100,9199,1,0
B,D,D,12528,100,12528,1,0
C,D,D,6597,100,6597,1,0
D,E,D,9364,100,9364,1,0
D,F,D,12854,100,12854,1,0
D,G,D,6787,100,6787,1,0
D,H,D,1444,100,1444,1,0
A,E,E,1361,100,1361,1,0
B,E,E,7025,100,7025,1,0
C,E,E,7540,100,7540,1,0
D,E,E,9290,100,9290,1,0
E,F,E,7010,100,7010,1,0
E,G,E,7297,100,7297,1,0
E,H,E,9655,100,9655,1,0
A,F,F,7408,100,7408,1,0
B,F,F,1417,100,1417,1,0
C,F,F,7111,100,7111,1,0
D,F,F,12887,100,12887,1,0
E,F,F,7002,100,7002,1,0
F,G,F,6892,100,6892,1,0
F,H,F,13239,100,13239,1,0
A,G,G,7598,100,7598,1,0
B,G,G,6772,100,6772,1,0
C,G,G,1420,100,1420,1,0
D,G,G,6838,100,6838,1,0
E,G,G,7321,100,7321,1,0
F,G,G,6862,100,6862,1,0
G,H,G,7036,100,7036,1,0
A,H,H,9719,100,9719,1,0
B,H,H,13073,100,13073,1,0
C,H,H,7085,100,7085,1,0
D,H,H,1461,100,1461,1,0
E,H,H,9677,100,9677,1,0
F,H,H,13224,100,13224,1,0
G,H,H,7038,100,7038,1,0
A,B,A,7113,100,7113,1,0
A,C,A,7551,100,7551,1,0
A,D,A,9223,100,9223,1,0
A,E,A,1348,100,1348,1,0
A,F,A,7334,100,7334,1,0
A,G,A,7604,100,7604,1,0
A,H,A,9702,100,9702,1,0
A,B,B,7135,100,7135,1,0
B,C,B,6696,100,6696,1,0
B,D,B,12540,100,12540,1,0
B,E,B,7045,100,7045,1,0
B,F,B,1431,100,1431,1,0
B,G,B,6758,100,6758,1,0
B,H,B,13060,100,13060,1,0
A,C,C,7522,100,7522,1,0
B,C,C,6709,100,6709,1,0
C,D,C,6637,100,6637,1,0
C,E,C,7587,100,7587,1,0
C,F,C,7141,100,7141,1,0
C,G,C,1368,100,1368,1,0
C,H,C,7130,100,7130,1,0
A,D,D,9180,100,9180,1,0
B,D,D,12525,100,12525,1,0
C,D,D,6597,100,6597,1,0
D,E,D,9394,100,9394,1,0
D,F,D,12893,100,12893,1,0
D,G,D,6819,100,6819,1,0
D,H,D,1449,100,1449,1,0
A,E,E,1363,100,1363,1,0
B,E,E,7049,100,7049,1,0
C,E,E,7562,100,7562,1,0
D,E,E,9406,100,9406,1,0
E,F,E,6997,100,6997,1,0
E,G,E,7315,100,7315,1,0
E,H,E,9660,100,9660,1,0
A,F,F,7387,100,7387,1,0
B,F,F,1425,100,1425,1,0
C,F,F,7153,100,7153,1,0
D,F,F,12878,100,12878,1,0
E,F,F,7006,100,7006,1,0
F,G,F,6874,100,6874,1,0
F,H,F,13205,100,13205,1,0
A,G,G,7613,100,7613,1,0
B,G,G,6735,100,6735,1,0
C,G,G,1366,100,1366,1,0
D,G,G,6821,100,6821,1,0
E,G,G,7320,100,7320,1,0
F,G,G,6894,100,6894,1,0
G,H,G,7060,100,7060,1,0
A,H,H,9739,100,9739,1,0
B,H,H,13046,100,13046,1,0
C,H,H,7093,100,7093,1,0
D,H,H,1455,100,1455,1,0
E,H,H,9678,100,9678,1,0
F,H,H,13230,100,13230,1,0
G,H,H,7036,100,7036,1,0
A,B,A,7158,100,7158,1,0
A,C,A,7606,100,7606,1,0
A,D,A,9207,100,9207,1,0
A,E,A,1376,100,1376,1,0
A,F,A,7360,100,7360,1,0
A,G,A,7604,100,7604,1,0
A,H,A,9708,100,9708,1,0
A,B,B,7139,100,7139,1,0
B,C,B,6746,100,6746,1,0
B,D,B,12517,100,12517,1,0
B,E,B,7048,100,7048,1,0
B,F,B,1404,100,1404,1,0
B,G,B,6690,100,6690,1,0
B,H,B,13011,100,13011,1,0
A,C,C,7632,100,7632,1,0
B,C,C,6695,100,6695,1,0
C,D,C,6589,100,6589,1,0
C,E,C,7567,100,7567,1,0
C,F,C,7125,100,7125,1,0
C,G,C,1379,100,1379,1,0
C,H,C,7178,100,7178,1,0
A,D,D,9200,100,9200,1,0
B,D,D,12541,100,12541,1,0
C,D,D,6616,100,6616,1,0
D,E,D,9319,100,9319,1,0
D,F,D,12878,100,12878,1,0
D,G,D,6813,100,6813,1,0
D,H,D,1435,100,1435,1,0
A,E,E,1352,100,1352,1,0
B,E,E,7019,100,7019,1,0
C,E,E,7563,100,7563,1,0
D,E,E,9371,100,9371,1,0
E,F,E,6973,100,6973,1,0
E,G,E,7290,100,7290,1,0
E,H,E,9698,100,9698,1,0
A,F,F,7367,100,7367,1,0
B,F,F,1440,100,1440,1,0
C,F,F,7117,100,7117,1,0
D,F,F,12862,100,12862,1,0
E,F,F,6989,100,6989,1,0
F,G,F,6881,100,6881,1,0
F,H,F,13230,100,13230,1,0
A,G,G,7559,100,7559,1,0
B,G,G,6736,100,6736,1,0
C,G,G,1359,100,1359,1,0
D,G,G,6829,100,6829,1,0
E,G,G,7298,100,7298,1,0
F,G,G,6871,100,6871,1,0
G,H,G,7041,100,7041,1,0
A,H,H,9689,100,9689,1,0
B,H,H,13023,100,13023,1,0
C,H,H,7112,100,7112,1,0
D,H,H,1521,100,1521,1,0
E,H,H,9660,100,9660,1,0
F,H,H,13241,100,13241,1,0
G,H,H,7049,100,7049,1,0
A,B,A,7100,100,7100,1,0
A,C,A,7604,100,7604,1,0
A,D,A,9181,100,9181,1,0
A,E,A,1359,100,1359,1,0
A,F,A,7369,100,7369,1,0
A,G,A,7530,100,7530,1,0
A,H,A,9673,100,9673,1,0
A,B,B,7131,100,7131,1,0
B,C,B,6725,100,6725,1,0
B,D,B,12572,100,12572,1,0
B,E,B,7038,100,7038,1,0
B,F,B,1443,100,1443,1,0
B,G,B,6768,100,6768,1,0
B,H,B,13045,100,13045,1,0
A,C,C,7532,100,7532,1,0
B,C,C,6707,100,6707,1,0
C,D,C,6631,100,6631,1,0
C,E,C,7515,100,7515,1,0
C,F,C,7133,100,7133,1,0
C,G,C,1402,100,1402,1,0
C,H,C,7092,100,7092,1,0
A,D,D,9205,100,9205,1,0
B,D,D,12560,100,12560,1,0
C,D,D,6619,100,6619,1,0
D,E,D,9394,100,9394,1,0
D,F,D,12861,100,12861,1,0
D,G,D,6767,100,6767,1,0
D,H,D,1433,100,1433,1,0
A,E,E,1372,100,1372,1,0
B,E,E,7077,100,7077,1,0
C,E,E,7567,100,7567,1,0
D,E,E,9370,100,9370,1,0
E,F,E,6998,100,6998,1,0
E,G,E,7304,100,7304,1,0
E,H,E,9653,100,9653,1,0
A,F,F,7362,100,7362,1,0
B,F,F,1414,100,1414,1,0
C,F,F,7113,100,7113,1,0
D,F,F,12867,100,12867,1,0
E,F,F,7013,100,7013,1,0
F,G,F,6885,100,6885,1,0
F,H,F,13240,100,13240,1,0
A,G,G,7593,100,7593,1,0
B,G,G,6810,100,6810,1,0
C,G,G,1371,100,1371,1,0
D,G,G,6833,100,6833,1,0
E,G,G,7331,100,7331,1,0
F,G,G,6896,100,6896,1,0
G,H,G,7027,100,7027,1,0
A,H,H,9727,100,9727,1,0
B,H,H,13053,100,13053,1,0
C,H,H,7119,100,7119,1,0
D,H,H,1454,100,1454,1,0
E,H,H,9685,100,9685,1,0
F,H,H,13208,100,13208,1,0
G,H,H,7081,100,7081,1,0
A,B,A,7141,100,7141,1,0
A,C,A,7508,100,7508,1,0
A,D,A,9178,100,9178,1,0
A,E,A,1388,100,1388,1,0
A,F,A,7357,100,7357,1,0
A,G,A,7549,100,7549,1,0
A,H,A,9690,100,9690,1,0
A,B,B,7189,100,7189,1,0
B,C,B,6691,100,6691,1,0
B,D,B,12537,100,12537,1,0
B,E,B,7052,100,7052,1,0
B,F,B,1442,100,1442,1,0
B,G,B,6775,100,6775,1,0
B,H,B,13031,100,13031,1,0
A,C,C,7586,100,7586,1,0
B,C,C,6753,100,6753,1,0
C,D,C,6582,100,6582,1,0
C,E,C,7570,100,7570,1,0
C,F,C,7112,100,7112,1,0
C,G,C,1339,100,1339,1,0
C,H,C,7114,100,7114,1,0
A,D,D,9188,100,9188,1,0
B,D,D,12517,100,12517,1,0
C,D,D,6604,100,6604,1,0
D,E,D,9320,100,9320,1,0
D,F,D,12845,100,12845,1,0
D,G,D,6847,100,6847,1,0
D,H,D,1420,100,1420,1,0
A,E,E,1401,100,1401,1,0
B,E,E,7000,100,7000,1,0
C,E,E,7542,100,7542,1,0
D,E,E,9343,100,9343,1,0
E,F,E,7003,100,7003,1,0
E,G,E,7298,100,7298,1,0
E,H,E,9655,100,9655,1,0
A,F,F,7368,100,7368,1,0
B,F,F,1445,100,1445,1,0
C,F,F,7105,100,7105,1,0
D,F,F,12911,100,12911,1,0
E,F,F,6975,100,6975,1,0
F,G,F,6889,100,6889,1,0
F,H,F,13219,100,13219,1,0
A,G,G,7609,100,7609,1,0
B,G,G,6733,100,6733,1,0
C,G,G,1333,100,1333,1,0
D,G,G,6815,100,6815,1,0
E,G,G,7296,100,7296,1,0
F,G,G,6863,100,6863,1,0
G,H,G,6998,100,6998,1,0
A,H,H,9659,100,9659,1,0
B,H,H,13013,100,13013,1,0
C,H,H,7111,100,7111,1,0
D,H,H,1453,100,1453,1,0
E,H,H,9647,100,9647,1,0
F,H,H,13223,100,13223,1,0
G,H,H,7022,100,7022,1,0
A,B,A,7162,100,7162,1,0
A,C,A,7569,100,7569,1,0
A,D,A,9191,100,9191,1,0
A,E,A,1374,100,1374,1,0
A,F,A,7398,100,7398,1,0
A,G,A,7588,100,7588,1,0
A,H,A,9710,100,9710,1,0
A,B,B,7160,100,7160,1,0
B,C,B,6758,100,6758,1,0
B,D,B,12520,100,12520,1,0
B,E,B,7027,100,7027,1,0
B,F,B,1439,100,1439,1,0
B,G,B,6772,100,6772,1,0
B,H,B,13019,100,13019,1,0
A,C,C,7525,100,7525,1,0
B,C,C,6674,100,6674,1,0
C,D,C,6629,100,6629,1,0
C,E,C,7529,100,7529,1,0
C,F,C,7122,100,7122,1,0
C,G,C,1332,100,1332,1,0
C,H,C,7098,100,7098,1,0
A,D,D,9182,100,9182,1,0
B,D,D,12523,100,12523,1,0
C,D,D,6634,100,6634,1,0
D,E,D,9342,100,9342,1,0
D,F,D,12889,100,12889,1,0
D,G,D,6795,100,6795,1,0
D,H,D,1409,100,1409,1,0
A,E,E,1386,100,1386,1,0
B,E,E,7053,100,7053,1,0
C,E,E,7567,100,7567,1,0
D,E,E,9368,100,9368,1,0
E,F,E,7016,100,7016,1,0
E,G,E,7310,100,7310,1,0
E,H,E,9704,100,9704,1,0
A,F,F,7372,100,7372,1,0
B,F,F,1445,100,1445,1,0
C,F,F,7116,100,7116,1,0
D,F,F,12890,100,12890,1,0
E,F,F,7003,100,7003,1,0
F,G,F,6912,100,6912,1,0
F,H,F,13258,100,13258,1,0
A,G,G,7584,100,7584,1,0
B,G,G,6737,100,6737,1,0
C,G,G,1383,100,1383,1,0
D,G,G,6818,100,6818,1,0
E,G,G,7289,100,7289,1,0
F,G,G,6907,100,6907,1,0
G,H,G,6997,100,6997,1,0
A,H,H,9710,100,9710,1,0
B,H,H,13073,100,13073,1,0
C,H,H,7148,100,7148,1,0
D,H,H,1484,100,1484,1,0
E,H,H,9690,100,9690,1,0
F,H,H,13226,100,13226,1,0
G,H,H,7056,100,7056,1,0
A,B,A,7176,100,7176,1,0
A,C,A,7588,100,7588,1,0
A,D,A,9229,100,9229,1,0
A,E,A,1375,100,1375,1,0
A,F,A,7391,100,7391,1,0
A,G,A,7609,100,7609,1,0
A,H,A,9689,100,9689,1,0
A,B,B,7147,100,7147,1,0
B,C,B,6745,100,6745,1,0
B,D,B,12547,100,12547,1,0
B,E,B,7034,100,7034,1,0
B,F,B,1441,100,1441,1,0
B,G,B,6735,100,6735,1,0
B,H,B,13054,100,13054,1,0
A,C,C,7599,100,7599,1,0
B,C,C,6730,100,6730,1,0
C,D,C,6596,100,6596,1,0
C,E,C,7496,100,7496,1,0
C,F,C,7140,100,7140,1,0
C,G,C,1316,100,1316,1,0
C,H,C,7127,100,7127,1,0
A,D,D,9206,100,9206,1,0
B,D,D,12526,100,12526,1,0
C,D,D,6616,100,6616,1,0
D,E,D,9304,100,9304,1,0
D,F,D,12862,100,12862,1,0
D,G,D,6833,100,6833,1,0
D,H,D,1463,100,1463,1,0
A,E,E,1363,100,1363,1,0
B,E,E,7011,100,7011,1,0
C,E,E,7537,100,7537,1,0
D,E,E,9309,100,9309,1,0
E,F,E,6990,100,6990,1,0
E,G,E,7321,100,7321,1,0
E,H,E,9650,100,9650,1,0
A,F,F,7348,100,7348,1,0
B,F,F,1432,100,1432,1,0
C,F,F,7128,100,7128,1,0
D,F,F,12859,100,12859,1,0
E,F,F,7004,100,7004,1,0
F,G,F,6862,100,6862,1,0
F,H,F,13216,100,13216,1,0
A,G,G,7620,100,7620,1,0
B,G,G,6767,100,6767,1,0
C,G,G,1364,100,1364,1,0
D,G,G,6801,100,6801,1,0
E,G,G,7269,100,7269,1,0
F,G,G,6914,100,6914,1,0
G,H,G,7024,100,7024,1,0
A,H,H,9658,100,9658,1,0
B,H,H,13007,100,13007,1,0
C,H,H,7118,100,7118,1,0
D,H,H,1404,100,1404,1,0
E,H,H,9685,100,9685,1,0
F,H,H,13258,100,13258,1,0
G,H,H,7022,100,7022,1,0
A,B,A,7155,100,7155,1,0
A,C,A,7583,100,7583,1,0
A,D,A,9187,100,9187,1,0
A,E,A,1359,100,1359,1,0
A,F,A,7371,100,7371,1,0
A,G,A,7572,100,7572,1,0
A,H,A,9748,100,9748,1,0
A,B,B,7121,100,7121,1,0
B,C,B,6733,100,6733,1,0
B,D,B,12557,100,12557,1,0
B,E,B,6993,100,6993,1,0
B,F,B,1414,100,1414,1,0
B,G,B,6743,100,6743,1,0
B,H,B,13055,100,13055,1,0
A,C,C,7591,100,7591,1,0
B,C,C,6752,100,6752,1,0
C,D,C,6574,100,6574,1,0
C,E,C,7564,100,7564,1,0
C,F,C,7114,100,7114,1,0
C,G,C,1338,100,1338,1,0
C,H,C,7072,100,7072,1,0
A,D,D,9175,100,9175,1,0
B,D,D,12566,100,12566,1,0
C,D,D,6586,100,6586,1,0
D,E,D,9311,100,9311,1,0
D,F,D,12860,100,12860,1,0
D,G,D,6808,100,6808,1,0
D,H,D,1406,100,1406,1,0
A,E,E,1350,100,1350,1,0
B,E,E,7049,100,7049,1,0
C,E,E,7580,100,7580,1,0
D,E,E,9394,100,9394,1,0
E,F,E,7011,100,7011,1,0
E,G,E,7326,100,7326,1,0
E,H,E,9689,100,9689,1,0
A,F,F,7420,100,7420,1,0
B,F,F,1443,100,1443,1,0
C,F,F,7105,100,7105,1,0
D,F,F,12888,100,12888,1,0
E,F,F,7040,100,7040,1,0
F,G,F,6896,100,6896,1,0
F,H,F,13188,100,13188,1,0
A,G,G,7569,100,7569,1,0
B,G,G,6752,100,6752,1,0
C,G,G,1346,100,1346,1,0
D,G,G,6853,100,6853,1,0
E,G,G,7324,100,7324,1,0
F,G,G,6890,100,6890,1,0
G,H,G,7049,100,7049,1,0
A,H,H,9715,100,9715,1,0
B,H,H,13047,100,13047,1,0
C,H,H,7138,100,7138,1,0
D,H,H,1425,100,1425,1,0
E,H,H,9643,100,9643,1,0
F,H,H,13243,100,13243,1,0
G,H,H,7008,100,7008,1,0
A,B,A,7183,100,7183,1,0
A,C,A,7592,100,7592,1,0
A,D,A,9221,100,9221,1,0
A,E,A,1399,100,1399,1,0
A,F,A,7402,100,7402,1,0
A,G,A,7579,100,7579,1,0
A,H,A,9719,100,9719,1,0
A,B,B,7160,100,7160,1,0
B,C,B,6713,100,6713,1,0
B,D,B,12508,100,12508,1,0
B,E,B,7079,100,7079,1,0
B,F,B,1420,100,1420,1,0
B,G,B,6734,100,6734,1,0
B,H,B,13083,100,13083,1,0
A,C,C,7566,100,7566,1,0
B,C,C,6691,100,6691,1,0
C,D,C,6583,100,6583,1,0
C,E,C,7567,100,7567,1,0
C,F,C,7127,100,7127,1,0
C,G,C,1386,100,1386,1,0
C,H,C,7131,100,7131,1,0
A,D,D,9210,100,9210,1,0
B,D,D,12541,100,12541,1,0
C,D,D,6596,100,6596,1,0
D,E,D,9335,100,9335,1,0
D,F,D,12888,100,12888,1,0
D,G,D,6792,100,6792,1,0
D,H,D,1411,100,1411,1,0
A,E,E,1399,100,1399,1,0
B,E,E,7042,100,7042,1,0
C,E,E,7492,100,7492,1,0
D,E,E,9330,100,9330,1,0
E,F,E,6988,100,6988,1,0
E,G,E,7305,100,7305,1,0
E,H,E,9688,100,9688,1,0
A,F,F,7357,100,7357,1,0
B,F,F,1418,100,1418,1,0
C,F,F,7123,100,7123,1,0
D,F,F,12875,100,12875,1,0
E,F,F,7017,100,7017,1,0
F,G,F,6886,100,6886,1,0
F,H,F,13197,100,13197,1,0
A,G,G,7592,100,7592,1,0
B,G,G,6734,100,6734,1,0
C,G,G,1414,100,1414,1,0
D,G,G,6817,100,6817,1,0
E,G,G,7319,100,7319,1,0
F,G,G,6874,100,6874,1,0
G,H,G,7050,100,7050,1,0
A,H,H,9709,100,9709,1,0
B,H,H,13072,100,13072,1,0
C,H,H,7080,100,7080,1,0
D,H,H,1445,100,1445,1,0
E,H,H,9686,100,9686,1,0
F,H,H,13244,100,13244,1,0
G,H,H,7039,100,7039,1,0
A,B,A,7144,100,7144,1,0
A,C,A,7584,100,7584,1,0
A,D,A,9203,100,9203,1,0
A,E,A,1406,100,1406,1,0
A,F,A,7364,100,7364,1,0
A,G,A,7614,100,7614,1,0
A,H,A,9681,100,9681,1,0
A,B,B,7118,100,7118,1,0
B,C,B,6697,100,6697,1,0
B,D,B,12528,100,12528,1,0
B,E,B,7035,100,7035,1,0
B,F,B,1473,100,1473,1,0
B,G,B,6751,100,6751,1,0
B,H,B,13043,100,13043,1,0
A,C,C,7547,100,7547,1,0
B,C,C,6718,100,6718,1,0
C,D,C,6590,100,6590,1,0
C,E,C,7574,100,7574,1,0
C,F,C,7147,100,7147,1,0
C,G,C,1357,100,1357,1,0
C,H,C,7051,100,7051,1,0
A,D,D,9242,100,9242,1,0
B,D,D,12525,100,12525,1,0
C,D,D,6588,100,6588,1,0
D,E,D,9378,100,9378,1,0
D,F,D,12880,100,12880,1,0
D,G,D,6805,100,6805,1,0
D,H,D,1381,100,1381,1,0
A,E,E,1411,100,1411,1,0
B,E,E,7027,100,7027,1,0
C,E,E,7520,100,7520,1,0
D,E,E,9341,100,9341,1,0
E,F,E,7011,100,7011,1,0
E,G,E,7319,100,7319,1,0
E,H,E,9614,100,9614,1,0
A,F,F,7417,100,7417,1,0
B,F,F,1451,100,1451,1,0
C,F,F,7123,100,7123,1,0
D,F,F,12862,100,12862,1,0
E,F,F,7044,100,7044,1,0
F,G,F,6889,100,6889,1,0
F,H,F,13228,100,13228,1,0
A,G,G,7601,100,7601,1,0
B,G,G,6809,100,6809,1,0
C,G,G,1405,100,1405,1,0
D,G,G,6807,100,6807,1,0
E,G,G,7325,100,7325,1,0
F,G,G,6890,100,6890,1,0
G,H,G,7076,100,7076,1,0
A,H,H,9675,100,9675,1,0
B,H,H,12971,100,12971,1,0
C,H,H,7095,100,7095,1,0
D,H,H,1403,100,1403,1,0
E,H,H,9624,100,9624,1,0
F,H,H,13266,100,13266,1,0
G,H,H,7062,100,7062,1,0
A,B,A,7134,100,7134,1,0
A,C,A,7605,100,7605,1,0
A,D,A,9176,100,9176,1,0
A,E,A,1351,100,1351,1,0
A,F,A,7414,100,7414,1,0
A,G,A,7597,100,7597,1,0
A,H,A,9735,100,9735,1,0
A,B,B,7193,100,7193,1,0
B,C,B,6719,100,6719,1,0
B,D,B,12534,100,12534,1,0
B,E,B,7034,100,7034,1,0
B,F,B,1417,100,1417,1,0
B,G,B,6733,100,6733,1,0
B,H,B,13101,100,13101,1,0
A,C,C,7588,100,7588,1,0
B,C,C,6742,100,6742,1,0
C,D,C,6624,100,6624,1,0
C,E,C,7534,100,7534,1,0
C,F,C,7121,100,7121,1,0
C,G,C,1333,100,1333,1,0
C,H,C,7120,100,7120,1,0
A,D,D,9217,100,9217,1,0
B,D,D,12578,100,12578,1,0
C,D,D,6607,100,6607,1,0
D,E,D,9357,100,9357,1,0
D,F,D,12911,100,12911,1,0
D,G,D,6795,100,6795,1,0
D,H,D,1513,100,1513,1,0
A,E,E,1362,100,1362,1,0
B,E,E,7013,100,7013,1,0
C,E,E,7570,100,7570,1,0
D,E,E,9376,100,9376,1,0
E,F,E,7009,100,7009,1,0
E,G,E,7305,100,7305,1,0
E,H,E,9648,100,9648,1,0
A,F,F,7379,100,7379,1,0
B,F,F,1439,100,1439,1,0
C,F,F,7132,100,7132,1,0
D,F,F,12874,100,12874,1,0
E,F,F,7013,100,7013,1,0
F,G,F,6870,100,6870,1,0
F,H,F,13211,100,13211,1,0
A,G,G,7554,100,7554,1,0
B,G,G,6753,100,6753,1,0
C,G,G,1346,100,1346,1,0
D,G,G,6853,100,6853,1,0
E,G,G,7310,100,7310,1,0
F,G,G,6874,100,6874,1,0
G,H,G,7076,100,7076,1,0
A,H,H,9749,100,9749,1,0
B,H,H,13072,100,13072,1,0
C,H,H,7111,100,7111,1,0
D,H,H,1470,100,1470,1,0
E,H,H,9642,100,9642,1,0
F,H,H,13256,100,13256,1,0
G,H,H,7022,100,7022,1,0
A,B,A,7174,100,7174,1,0
A,C,A,7561,100,7561,1,0
A,D,A,9216,100,9216,1,0
A,E,A,1399,100,1399,1,0
A,F,A,7406,100,7406,1,0
A,G,A,7551,100,7551,1,0
A,H,A,9721,100,9721,1,0
A,B,B,7154,100,7154,1,0
B,C,B,6715,100,6715,1,0
B,D,B,12538,100,12538,1,0
B,E,B,7069,100,7069,1,0
B,F,B,1453,100,1453,1,0
B,G,B,6780,100,6780,1,0
B,H,B,13120,100,13120,1,0
A,C,C,7569,100,7569,1,0
B,C,C,6731,100,6731,1,0
C,D,C,6609,100,6609,1,0
C,E,C,7577,100,7577,1,0
C,F,C,7104,100,7104,1,0
C,G,C,1371,100,1371,1,0
C,H,C,7050,100,7050,1,0
A,D,D,9188,100,9188,1,0
B,D,D,12538,100,12538,1,0
C,D,D,6619,100,6619,1,0
D,E,D,9373,100,9373,1,0
D,F,D,12866,100,12866,1,0
D,G,D,6770,100,6770,1,0
D,H,D,1469,100,1469,1,0
A,E,E,1350,100,1350,1,0
B,E,E,7039,100,7039,1,0
C,E,E,7541,100,7541,1,0
D,E,E,9335,100,9335,1,0
E,F,E,7028,100,7028,1,0
E,G,E,7282,100,7282,1,0
E,H,E,9660,100,9660,1,0
A,F,F,7344,100,7344,1,0
B,F,F,1420,100,1420,1,0
C,F,F,7113,100,7113,1,0
D,F,F,12881,100,12881,1,0
E,F,F,7006,100,7006,1,0
F,G,F,6891,100,6891,1,0
F,H,F,13272,100,13272,1,0
A,G,G,7570,100,7570,1,0
B,G,G,6788,100,6788,1,0
C,G,G,1363,100,1363,1,0
D,G,G,6807,100,6807,1,0
E,G,G,7335,100,7335,1,0
F,G,G,6862,100,6862,1,0
G,H,G,7044,100,7044,1,0
A,H,H,9651,100,9651,1,0
B,H,H,13028,100,13028,1,0
C,H,H,7094,100,7094,1,0
D,H,H,1459,100,1459,1,0
E,H,H,9659,100,9659,1,0
F,H,H,13249,100,13249,1,0
G,H,H,7039,100,7039,1,0
A,B,A,7154,100,7154,1,0
A,C,A,7570,100,7570,1,0
A,D,A,9205,100,9205,1,0
A,E,A,1394,100,1394,1,0
A,F,A,7389,100,7389,1,0
A,G,A,7592,100,7592,1,0
A,H,A,9716,100,9716,1,0
A,B,B,7142,100,7142,1,0
B,C,B,6713,100,6713,1,0
B,D,B,12518,100,12518,1,0
B,E,B,7030,100,7030,1,0
B,F,B,1438,100,1438,1,0
B,G,B,6715,100,6715,1,0
B,H,B,13029,100,13029,1,0
A,C,C,7534,100,7534,1,0
B,C,C,6726,100,6726,1,0
C,D,C,6596,100,6596,1,0
C,E,C,7552,100,7552,1,0
C,F,C,7141,100,7141,1,0
C,G,C,1322,100,1322,1,0
C,H,C,7125,100,7125,1,0
A,D,D,9206,100,9206,1,0
B,D,D,12478,100,12478,1,0
C,D,D,6630,100,6630,1,0
D,E,D,9342,100,9342,1,0
D,F,D,12885,100,12885,1,0
D,G,D,6837,100,6837,1,0
D,H,D,1465,100,1465,1,0
A,E,E,1337,100,1337,1,0
B,E,E,7041,100,7041,1,0
C,E,E,7516,100,7516,1,0
D,E,E,9409,100,9409,1,0
E,F,E,7020,100,7020,1,0
E,G,E,7334,100,7334,1,0
E,H,E,9656,100,9656,1,0
A,F,F,7412,100,7412,1,0
B,F,F,1394,100,1394,1,0
C,F,F,7129,100,7129,1,0
D,F,F,12874,100,12874,1,0
E,F,F,6982,100,6982,1,0
F,G,F,6882,100,6882,1,0
F,H,F,13243,100,13243,1,0
A,G,G,7592,100,7592,1,0
B,G,G,6745,100,6745,1,0
C,G,G,1382,100,1382,1,0
D,G,G,6824,100,6824,1,0
E,G,G,7318,100,7318,1,0
F,G,G,6847,100,6847,1,0
G,H,G,7037,100,7037,1,0
A,H,H,9727,100,9727,1,0
B,H,H,13048,100,13048,1,0
C,H,H,7126,100,7126,1,0
D,H,H,1444,100,1444,1,0
E,H,H,9646,100,9646,1,0
F,H,H,13197,100,13197,1,0
G,H,H,7054,100,7054,1,0
A,B,A,7178,100,7178,1,0
A,C,A,7590,100,7590,1,0
A,D,A,9158,100,9158,1,0
A,E,A,1397,100,1397,1,0
A,F,A,7331,100,7331,1,0
A,G,A,7541,100,7541,1,0
A,H,A,9710,100,9710,1,0
A,B,B,7147,100,7147,1,0
B,C,B,6717,100,6717,1,0
B,D,B,12557,100,12557,1,0
B,E,B,7045,100,7045,1,0
B,F,B,1436,100,1436,1,0
B,G,B,6771,100,6771,1,0
B,H,B,13082,100,13082,1,0
A,C,C,7619,100,7619,1,0
B,C,C,6687,100,6687,1,0
C,D,C,6618,100,6618,1,0
C,E,C,7555,100,7555,1,0
C,F,C,7144,100,7144,1,0
C,G,C,1326,100,1326,1,0
C,H,C,7077,100,7077,1,0
A,D,D,9181,100,9181,1,0
B,D,D,12487,100,12487,1,0
C,D,D,6618,100,6618,1,0
D,E,D,9360,100,9360,1,0
D,F,D,12876,100,12876,1,0
D,G,D,6820,100,6820,1,0
D,H,D,1451,100,1451,1,0
A,E,E,1442,100,1442,1,0
B,E,E,7108,100,7108,1,0
C,E,E,7578,100,7578,1,0
D,E,E,9336,100,9336,1,0
E,F,E,7007,100,7007,1,0
E,G,E,7304,100,7304,1,0
E,H,E,9643,100,9643,1,0
A,F,F,7408,100,7408,1,0
B,F,F,1428,100,1428,1,0
C,F,F,7106,100,7106,1,0
D,F,F,12867,100,12867,1,0
E,F,F,7008,100,7008,1,0
F,G,F,6886,100,6886,1,0
F,H,F,13263,100,13263,1,0
A,G,G,7544,100,7544,1,0
B,G,G,6760,100,6760,1,0
C,G,G,1388,100,1388,1,0
D,G,G,6834,100,6834,1,0
E,G,G,7285,100,7285,1,0
F,G,G,6877,100,6877,1,0
G,H,G,7035,100,7035,1,0
A,H,H,9697,100,9697,1,0
B,H,H,12987,100,12987,1,0
C,H,H,7126,100,7126,1,0
D,H,H,1398,100,1398,1,0
E,H,H,9665,100,9665,1,0
F,H,H,13235,100,13235,1,0
G,H,H,7066,100,7066,1,0
A,B,A,7160,100,7160,1,0
A,C,A,7547,100,7547,1,0
A,D,A,9212,100,9212,1,0
A,E,A,1370,100,1370,1,0
A,F,A,7379,100,7379,1,0
A,G,A,7599,100,7599,1,0
A,H,A,9685,100,9685,1,0
A,B,B,7174,100,7174,1,0
B,C,B,6719,100,6719,1,0
B,D,B,12526,100,12526,1,0
B,E,B,7042,100,7042,1,0
B,F,B,1431,100,1431,1,0
B,G,B,6766,100,6766,1,0
B,H,B,13031,100,13031,1,0
A,C,C,7601,100,7601,1,0
B,C,C,6705,100,6705,1,0
C,D,C,6622,100,6622,1,0
C,E,C,7560,100,7560,1,0
C,F,C,7114,100,7114,1,0
C,G,C,1366,100,1366,1,0
C,H,C,7105,100,7105,1,0
A,D,D,9222,100,9222,1,0
B,D,D,12579,100,12579,1,0
C,D,D,6590,100,6590,1,0
D,E,D,9372,100,9372,1,0
D,F,D,12864,100,12864,1,0
D,G,D,6803,100,6803,1,0
D,H,D,1504,100,1504,1,0
A,E,E,1379,100,1379,1,0
B,E,E,7077,100,7077,1,0
C,E,E,7554,100,7554,1,0
D,E,E,9319,100,9319,1,0
E,F,E,7000,100,7000,1,0
E,G,E,7325,100,7325,1,0
E,H,E,9633,100,9633,1,0
A,F,F,7391,100,7391,1,0
B,F,F,1454,100,1454,1,0
C,F,F,7118,100,7118,1,0
D,F,F,12859,100,12859,1,0
E,F,F,7021,100,7021,1,0
F,G,F,6870,100,6870,1,0
F,H,F,13245,100,13245,1,0
A,G,G,7594,100,7594,1,0
B,G,G,6791,100,6791,1,0
C,G,G,1357,100,1357,1,0
D,G,G,6817,100,6817,1,0
E,G,G,7305,100,7305,1,0
F,G,G,6892,100,6892,1,0
G,H,G,7036,100,7036,1,0
A,H,H,9722,100,9722,1,0
B,H,H,13004,100,13004,1,0
C,H,H,7168,100,7168,1,0
D,H,H,1407,100,1407,1,0
E,H,H,9654,100,9654,1,0
F,H,H,13247,100,13247,1,0
G,H,H,7020,100,7020,1,0
A,B,A,7164,100,7164,1,0
A,C,A,7581,100,7581,1,0
A,D,A,9206,100,9206,1,0
A,E,A,1380,100,1380,1,0
A,F,A,7358,100,7358,1,0
A,G,A,7537,100,7537,1,0
A,H,A,9715,100,9715,1,0
A,B,B,7136,100,7136,1,0
B,C,B,6767,100,6767,1,0
B,D,B,12497,100,12497,1,0
B,E,B,7053,100,7053,1,0
B,F,B,1420,100,1420,1,0
B,G,B,6758,100,6758,1,0
B,H,B,13041,100,13041,1,0
A,C,C,7601,100,7601,1,0
B,C,C,6702,100,6702,1,0
C,D,C,6626,100,6626,1,0
C,E,C,7526,100,7526,1,0
C,F,C,7130,100,7130,1,0
C,G,C,1395,100,1395,1,0
C,H,C,7129,100,7129,1,0
A,D,D,9205,100,9205,1,0
B,D,D,12475,100,12475,1,0
C,D,D,6556,100,6556,1,0
D,E,D,9344,100,9344,1,0
D,F,D,12884,100,12884,1,0
D,G,D,6844,100,6844,1,0
D,H,D,1421,100,1421,1,0
A,E,E,1355,100,1355,1,0
B,E,E,7031,100,7031,1,0
C,E,E,7517,100,7517,1,0
D,E,E,9294,100,9294,1,0
E,F,E,7024,100,7024,1,0
E,G,E,7297,100,7297,1,0
E,H,E,9659,100,9659,1,0
A,F,F,7390,100,7390,1,0
B,F,F,1444,100,1444,1,0
C,F,F,7148,100,7148,1,0
D,F,F,12909,100,12909,1,0
E,F,F,6975,100,6975,1,0
F,G,F,6888,100,6888,1,0
F,H,F,13194,100,13194,1,0
A,G,G,7492,100,7492,1,0
B,G,G,6776,100,6776,1,0
C,G,G,1340,100,1340,1,0
D,G,G,6840,100,6840,1,0
E,G,G,7355,100,7355,1,0
F,G,G,6892,100,6892,1,0
G,H,G,7043,100,7043,1,0
A,H,H,9670,100,9670,1,0
B,H,H,13094,100,13094,1,0
C,H,H,7038,100,7038,1,0
D,H,H,1402,100,1402,1,0
E,H,H,9652,100,9652,1,0
F,H,H,13259,100,13259,1,0
G,H,H,7067,100,7067,1,0
A,B,A,7137,100,7137,1,0
A,C,A,7590,100,7590,1,0
A,D,A,9224,100,9224,1,0
A,E,A,1354,100,1354,1,0
A,F,A,7345,100,7345,1,0
A,G,A,7584,100,7584,1,0
A,H,A,9716,100,9716,1,0
A,B,B,7128,100,7128,1,0
B,C,B,6750,100,6750,1,0
B,D,B,12523,100,12523,1,0
B,E,B,7041,100,7041,1,0
B,F,B,1438,100,1438,1,0
B,G,B,6776,100,6776,1,0
B,H,B,13070,100,13070,1,0
A,C,C,7586,100,7586,1,0
B,C,C,6674,100,6674,1,0
C,D,C,6627,100,6627,1,0
C,E,C,7500,100,7500,1,0
C,F,C,7142,100,7142,1,0
C,G,C,1347,100,1347,1,0
C,H,C,7141,100,7141,1,0
A,D,D,9228,100,9228,1,0
B,D,D,12522,100,12522,1,0
C,D,D,6612,100,6612,1,0
D,E,D,9337,100,9337,1,0
D,F,D,12837,100,12837,1,0
D,G,D,6819,100,6819,1,0
D,H,D,1453,100,1453,1,0
A,E,E,1373,100,1373,1,0
B,E,E,7031,100,7031,1,0
C,E,E,7580,100,7580,1,0
D,E,E,9323,100,9323,1,0
E,F,E,6999,100,6999,1,0
E,G,E,7288,100,7288,1,0
E,H,E,9642,100,9642,1,0
A,F,F,7343,100,7343,1,0
B,F,F,1423,100,1423,1,0
C,F,F,7118,100,7118,1,0
D,F,F,12852,100,12852,1,0
E,F,F,6988,100,6988,1,0
F,G,F,6887,100,6887,1,0
F,H,F,13234,100,13234,1,0
A,G,G,7547,100,7547,1,0
B,G,G,6741,100,6741,1,0
C,G,G,1339,100,1339,1,0
D,G,G,6802,100,6802,1,0
E,G,G,7312,100,7312,1,0
F,G,G,6883,100,6883,1,0
G,H,G,7072,100,7072,1,0
A,H,H,9682,100,9682,1,0
B,H,H,13004,100,13004,1,0
C,H,H,7111,100,7111,1,0
D,H,H,1421,100,1421,1,0
E,H,H,9664,100,9664,1,0
F,H,H,13249,100,13249,1,0
G,H,H,7032,100,7032,1,0
A,B,A,7143,100,7143,1,0
A,C,A,7577,100,7577,1,0
A,D,A,9204,100,9204,1,0
A,E,A,1384,100,1384,1,0
A,F,A,7367,100,7367,1,0
A,G,A,7570,100,7570,1,0
A,H,A,9732,100,9732,1,0
A,B,B,7143,100,7143,1,0
B,C,B,6714,100,6714,1,0
B,D,B,12511,100,12511,1,0
B,E,B,7046,100,7046,1,0
B,F,B,1420,100,1420,1,0
B,G,B,6775,100,6775,1,0
B,H,B,13113,100,13113,1,0
A,C,C,7548,100,7548,1,0
B,C,C,6701,100,6701,1,0
C,D,C,6592,100,6592,1,0
C,E,C,7541,100,7541,1,0
C,F,C,7157,100,7157,1,0
C,G,C,1362,100,1362,1,0
C,H,C,7117,100,7117,1,0
A,D,D,9211,100,9211,1,0
B,D,D,12559,100,12559,1,0
C,D,D,6616,100,6616,1,0
D,E,D,9303,100,9303,1,0
D,F,D,12853,100,12853,1,0
D,G,D,6804,100,6804,1,0
D,H,D,1523,100,1523,1,0
A,E,E,1386,100,1386,1,0
B,E,E,7048,100,7048,1,0
C,E,E,7545,100,7545,1,0
D,E,E,9355,100,9355,1,0
E,F,E,7054,100,7054,1,0
E,G,E,7298,100,7298,1,0
E,H,E,9658,100,9658,1,0
A,F,F,7368,100,7368,1,0
B,F,F,1440,100,1440,1,0
C,F,F,7120,100,7120,1,0
D,F,F,12915,100,12915,1,0
E,F,F,7024,100,7024,1,0
F,G,F,6873,100,6873,1,0
F,H,F,13255,100,13255,1,0
A,G,G,7562,100,7562,1,0
B,G,G,6771,100,6771,1,0
C,G,G,1329,100,1329,1,0
D,G,G,6794,100,6794,1,0
E,G,G,7298,100,7298,1,0
F,G,G,6881,100,6881,1,0
G,H,G,7044,100,7044,1,0
A,H,H,9769,100,9769,1,0
B,H,H,13043,100,13043,1,0
C,H,H,7133,100,7133,1,0
D,H,H,1410,100,1410,1,0
E,H,H,9664,100,9664,1,0
F,H,H,13244,100,13244,1,0
G,H,H,7071,100,7071,1,0
A,B,A,7154,100,7154,1,0
A,C,A,7617,100,7617,1,0
A,D,A,9190,100,9190,1,0
A,E,A,1381,100,1381,1,0
A,F,A,7368,100,7368,1,0
A,G,A,7577,100,7577,1,0
A,H,A,9711,100,9711,1,0
A,B,B,7173,100,7173,1,0
B,C,B,6716,100,6716,1,0
B,D,B,12528,100,12528,1,0
B,E,B,7033,100,7033,1,0
B,F,B,1417,100,1417,1,0
B,G,B,6785,100,6785,1,0
B,H,B,13003,100,13003,1,0
A,C,C,7603,100,7603,1,0
B,C,C,6647,100,6647,1,0
C,D,C,6607,100,6607,1,0
C,E,C,7554,100,7554,1,0
C,F,C,7150,100,7150,1,0
C,G,C,1348,100,1348,1,0
C,H,C,7109,100,7109,1,0
A,D,D,9198,100,9198,1,0
B,D,D,12497,100,12497,1,0
C,D,D,6614,100,6614,1,0
D,E,D,9408,100,9408,1,0
D,F,D,12863,100,12863,1,0
D,G,D,6798,100,6798,1,0
D,H,D,1466,100,1466,1,0
A,E,E,1394,100,1394,1,0
B,E,E,7026,100,7026,1,0
C,E,E,7503,100,7503,1,0
D,E,E,9327,100,9327,1,0
E,F,E,7021,100,7021,1,0
E,G,E,7335,100,7335,1,0
E,H,E,9694,100,9694,1,0
A,F,F,7345,100,7345,1,0
B,F,F,1438,100,1438,1,0
C,F,F,7097,100,7097,1,0
D,F,F,12863,100,12863,1,0
E,F,F,7010,100,7010,1,0
F,G,F,6905,100,6905,1,0
F,H,F,13207,100,13207,1,0
A,G,G,7608,100,7608,1,0
B,G,G,6744,100,6744,1,0
C,G,G,1350,100,1350,1,0
D,G,G,6761,100,6761,1,0
E,G,G,7293,100,7293,1,0
F,G,G,6876,100,6876,1,0
G,H,G,7084,100,7084,1,0
A,H,H,9682,100,9682,1,0
B,H,H,13115,100,13115,1,0
C,H,H,7125,100,7125,1,0
D,H,H,1422,100,1422,1,0
E,H,H,9642,100,9642,1,0
F,H,H,13218,100,13218,1,0
G,H,H,7041,100,7041,1,0
A,B,A,7155,100,7155,1,0
A,C,A,7553,100,7553,1,0
A,D,A,9193,100,9193,1,0
A,E,A,1363,100,1363,1,0
A,F,A,7363,100,7363,1,0
A,G,A,7609,100,7609,1,0
A,H,A,9662,100,9662,1,0
A,B,B,7161,100,7161,1,0
B,C,B,6745,100,6745,1,0
B,D,B,12530,100,12530,1,0
B,E,B,7060,100,7060,1,0
B,F,B,1438,100,1438,1,0
B,G,B,6775,100,6775,1,0
B,H,B,13034,100,13034,1,0
A,C,C,7606,100,7606,1,0
B,C,C,6738,100,6738,1,0
C,D,C,6617,100,6617,1,0
C,E,C,7553,100,7553,1,0
C,F,C,7150,100,7150,1,0
C,G,C,1358,100,1358,1,0
C,H,C,7111,100,7111,1,0
A,D,D,9223,100,9223,1,0
B,D,D,12466,100,12466,1,0
C,D,D,6627,100,6627,1,0
D,E,D,9356,100,9356,1,0
D,F,D,12877,100,12877,1,0
D,G,D,6795,100,6795,1,0
D,H,D,1442,100,1442,1,0
A,E,E,1413,100,1413,1,0
B,E,E,7050,100,7050,1,0
C,E,E,7509,100,7509,1,0
D,E,E,9315,100,9315,1,0
E,F,E,7008,100,7008,1,0
E,G,E,7328,100,7328,1,0
E,H,E,9651,100,9651,1,0
A,F,F,7434,100,7434,1,0
B,F,F,1452,100,1452,1,0
C,F,F,7133,100,7133,1,0
D,F,F,12866,100,12866,1,0
E,F,F,6986,100,6986,1,0
F,G,F,6868,100,6868,1,0
F,H,F,13233,100,13233,1,0
A,G,G,7606,100,7606,1,0
B,G,G,6750,100,6750,1,0
C,G,G,1349,100,1349,1,0
D,G,G,6819,100,6819,1,0
E,G,G,7293,100,7293,1,0
F,G,G,6879,100,6879,1,0
G,H,G,7019,100,7019,1,0
A,H,H,9681,100,9681,1,0
B,H,H,13024,100,13024,1,0
C,H,H,7105,100,7105,1,0
D,H,H,1434,100,1434,1,0
E,H,H,9681,100,9681,1,0
F,H,H,13270,100,13270,1,0
G,H,H,7053,100,7053,1,0
A,B,A,7155,100,7155,1,0
A,C,A,7587,100,7587,1,0
A,D,A,9216,100,9216,1,0
A,E,A,1348,100,1348,1,0
A,F,A,7404,100,7404,1,0
A,G,A,7562,100,7562,1,0
A,H,A,9675,100,9675,1,0
A,B,B,7165,100,7165,1,0
B,C,B,6693,100,6693,1,0
B,D,B,12504,100,12504,1,0
B,E,B,7070,100,7070,1,0
B,F,B,1453,100,1453,1,0
B,G,B,6759,100,6759,1,0
B,H,B,13010,100,13010,1,0
A,C,C,7621,100,7621,1,0
B,C,C,6746,100,6746,1,0
C,D,C,6615,100,6615,1,0
C,E,C,7541,100,7541,1,0
C,F,C,7102,100,7102,1,0
C,G,C,1354,100,1354,1,0
C,H,C,7055,100,7055,1,0
A,D,D,9213,100,9213,1,0
B,D,D,12510,100,12510,1,0
C,D,D,6593,100,6593,1,0
D,E,D,9327,100,9327,1,0
D,F,D,12858,100,12858,1,0
D,G,D,6810,100,6810,1,0
D,H,D,1423,100,1423,1,0
A,E,E,1432,100,1432,1,0
B,E,E,7045,100,7045,1,0
C,E,E,7535,100,7535,1,0
D,E,E,9288,100,9288,1,0
E,F,E,7026,100,7026,1,0
E,G,E,7298,100,7298,1,0
E,H,E,9623,100,9623,1,0
A,F,F,7369,100,7369,1,0
B,F,F,1430,100,1430,1,0
C,F,F,7096,100,7096,1,0
D,F,F,12844,100,12844,1,0
E,F,F,6994,100,6994,1,0
F,G,F,6854,100,6854,1,0
F,H,F,13205,100,13205,1,0
A,G,G,7615,100,7615,1,0
B,G,G,6751,100,6751,1,0
C,G,G,1352,100,1352,1,0
D,G,G,6805,100,6805,1,0
E,G,G,7293,100,7293,1,0
F,G,G,6874,100,6874,1,0
G,H,G,7026,100,7026,1,0
A,H,H,9701,100,9701,1,0
B,H,H,13083,100,13083,1,0
C,H,H,7136,100,7136,1,0
D,H,H,1457,100,1457,1,0
E,H,H,9660,100,9660,1,0
F,H,H,13255,100,13255,1,0
G,H,H,7034,100,7034,1,0
A,B,A,7117,100,7117,1,0
A,C,A,7562,100,7562,1,0
A,D,A,9196,100,9196,1,0
A,E,A,1377,100,1377,1,0
A,F,A,7366,100,7366,1,0
A,G,A,7571,100,7571,1,0
A,H,A,9741,100,9741,1,0
A,B,B,7189,100,7189,1,0
B,C,B,6743,100,6743,1,0
B,D,B,12502,100,12502,1,0
B,E,B,7039,100,7039,1,0
B,F,B,1430,100,1430,1,0
B,G,B,6724,100,6724,1,0
B,H,B,13014,100,13014,1,0
A,C,C,7613,100,7613,1,0
B,C,C,6679,100,6679,1,0
C,D,C,6592,100,6592,1,0
C,E,C,7490,100,7490,1,0
C,F,C,7083,100,7083,1,0
C,G,C,1375,100,1375,1,0
C,H,C,7116,100,7116,1,0
A,D,D,9211,100,9211,1,0
B,D,D,12524,100,12524,1,0
C,D,D,6630,100,6630,1,0
D,E,D,9351,100,9351,1,0
D,F,D,12869,100,12869,1,0
D,G,D,6797,100,6797,1,0
D,H,D,1428,100,1428,1,0
A,E,E,1459,100,1459,1,0
B,E,E,7013,100,7013,1,0
C,E,E,7546,100,7546,1,0
D,E,E,9349,100,9349,1,0
E,F,E,6999,100,6999,1,0
E,G,E,7313,100,7313,1,0
E,H,E,9652,100,9652,1,0
A,F,F,7419,100,7419,1,0
B,F,F,1436,100,1436,1,0
C,F,F,7140,100,7140,1,0
D,F,F,12864,100,12864,1,0
E,F,F,6975,100,6975,1,0
F,G,F,6890,100,6890,1,0
F,H,F,13238,100,13238,1,0
A,G,G,7604,100,7604,1,0
B,G,G,6788,100,6788,1,0
C,G,G,1360,100,1360,1,0
D,G,G,6808,100,6808,1,0
E,G,G,7279,100,7279,1,0
F,G,G,6900,100,6900,1,0
G,H,G,7066,100,7066,1,0
A,H,H,9715,100,9715,1,0
B,H,H,13059,100,13059,1,0
C,H,H,7134,100,7134,1,0
D,H,H,1492,100,1492,1,0
E,H,H,9660,100,9660,1,0
F,H,H,13207,100,13207,1,0
G,H,H,7027,100,7027,1,0
A,B,A,7135,100,7135,1,0
A,C,A,7603,100,7603,1,0
A,D,A,9194,100,9194,1,0
A,E,A,1381,100,1381,1,0
A,F,A,7385,100,7385,1,0
A,G,A,7577,100,7577,1,0
A,H,A,9758,100,9758,1,0
A,B,B,7116,100,7116,1,0
B,C,B,6733,100,6733,1,0
B,D,B,12533,100,12533,1,0
B,E,B,7032,100,7032,1,0
B,F,B,1421,100,1421,1,0
B,G,B,6751,100,6751,1,0
B,H,B,13000,100,13000,1,0
A,C,C,7617,100,7617,1,0
B,C,C,6763,100,6763,1,0
C,D,C,6602,100,6602,1,0
C,E,C,7562,100,7562,1,0
C,F,C,7119,100,7119,1,0
C,G,C,1413,100,1413,1,0
C,H,C,7109,100,7109,1,0
A,D,D,9198,100,9198,1,0
B,D,D,12543,100,12543,1,0
C,D,D,6602,100,6602,1,0
D,E,D,9310,100,9310,1,0
D,F,D,12856,100,12856,1,0
D,G,D,6788,100,6788,1,0
D,H,D,1499,100,1499,1,0
A,E,E,1415,100,1415,1,0
B,E,E,7017,100,7017,1,0
C,E,E,7539,100,7539,1,0
D,E,E,9343,100,9343,1,0
E,F,E,7011,100,7011,1,0
E,G,E,7306,100,7306,1,0
E,H,E,9633,100,9633,1,0
A,F,F,7407,100,7407,1,0
B,F,F,1411,100,1411,1,0
C,F,F,7107,100,7107,1,0
D,F,F,12856,100,12856,1,0
E,F,F,6992,100,6992,1,0
F,G,F,6859,100,6859,1,0
F,H,F,13281,100,13281,1,0
A,G,G,7574,100,7574,1,0
B,G,G,6785,100,6785,1,0
C,G,G,1318,100,1318,1,0
D,G,G,6798,100,6798,1,0
E,G,G,7304,100,7304,1,0
F,G,G,6894,100,6894,1,0
G,H,G,7034,100,7034,1,0
A,H,H,9695,100,9695,1,0
B,H,H,13029,100,13029,1,0
C,H,H,7086,100,7086,1,0
D,H,H,1441,100,1441,1,0
E,H,H,9660,100,9660,1,0
F,H,H,13204,100,13204,1,0
G,H,H,7055,100,7055,1,0
A,B,A,7169,100,7169,1,0
A,C,A,7539,100,7539,1,0
A,D,A,9195,100,9195,1,0
A,E,A,1384,100,1384,1,0
A,F,A,7335,100,7335,1,0
A,G,A,7612,100,7612,1,0
A,H,A,9738,100,9738,1,0
A,B,B,7131,100,7131,1,0
B,C,B,6716,100,6716,1,0
B,D,B,12527,100,12527,1,0
B,E,B,7028,100,7028,1,0
B,F,B,1425,100,1425,1,0
B,G,B,6742,100,6742,1,0
B,H,B,13004,100,13004,1,0
A,C,C,7556,100,7556,1,0
B,C,C,6731,100,6731,1,0
C,D,C,6616,100,6616,1,0
C,E,C,7518,100,7518,1,0
C,F,C,7093,100,7093,1,0
C,G,C,1381,100,1381,1,0
C,H,C,7153,100,7153,1,0
A,D,D,9212,100,9212,1,0
B,D,D,12493,100,12493,1,0
C,D,D,6592,100,6592,1,0
D,E,D,9322,100,9322,1,0
D,F,D,12911,100,12911,1,0
D,G,D,6824,100,6824,1,0
D,H,D,1441,100,1441,1,0
A,E,E,1351,100,1351,1,0
B,E,E,7045,100,7045,1,0
C,E,E,7534,100,7534,1,0
D,E,E,9342,100,9342,1,0
E,F,E,6959,100,6959,1,0
E,G,E,7306,100,7306,1,0
E,H,E,9672,100,9672,1,0
A,F,F,7417,100,7417,1,0
B,F,F,1422,100,1422,1,0
C,F,F,7110,100,7110,1,0
D,F,F,12855,100,12855,1,0
E,F,F,7009,100,7009,1,0
F,G,F,6889,100,6889,1,0
F,H,F,13245,100,13245,1,0
A,G,G,7601,100,7601,1,0
B,G,G,6757,100,6757,1,0
C,G,G,1376,100,1376,1,0
D,G,G,6806,100,6806,1,0
E,G,G,7317,100,7317,1,0
F,G,G,6883,100,6883,1,0
G,H,G,7038,100,7038,1,0
A,H,H,9642,100,9642,1,0
B,H,H,13086,100,13086,1,0
C,H,H,7092,100,7092,1,0
D,H,H,1415,100,1415,1,0
E,H,H,9651,100,9651,1,0
F,H,H,13217,100,13217,1,0
G,H,H,7041,100,7041,1,0
A,B,A,7168,100,7168,1,0
A,C,A,7533,100,7533,1,0
A,D,A,9187,100,9187,1,0
A,E,A,1402,100,1402,1,0
A,F,A,7382,100,7382,1,0
A,G,A,7552,100,7552,1,0
A,H,A,9695,100,9695,1,0
A,B,B,7154,100,7154,1,0
B,C,B,6735,100,6735,1,0
B,D,B,12558,100,12558,1,0
B,E,B,7084,100,7084,1,0
B,F,B,1431,100,1431,1,0
B,G,B,6773,100,6773,1,0
B,H,B,13015,100,13015,1,0
A,C,C,7541,100,7541,1,0
B,C,C,6769,100,6769,1,0
C,D,C,6634,100,6634,1,0
C,E,C,7562,100,7562,1,0
C,F,C,7146,100,7146,1,0
C,G,C,1307,100,1307,1,0
C,H,C,7139,100,7139,1,0
A,D,D,9201,100,9201,1,0
B,D,D,12516,100,12516,1,0
C,D,D,6637,100,6637,1,0
D,E,D,9331,100,9331,1,0
D,F,D,12849,100,12849,1,0
D,G,D,6814,100,6814,1,0
D,H,D,1458,100,1458,1,0
A,E,E,1355,100,1355,1,0
B,E,E,7046,100,7046,1,0
C,E,E,7569,100,7569,1,0
D,E,E,9275,100,9275,1,0
E,F,E,6993,100,6993,1,0
E,G,E,7285,100,7285,1,0
E,H,E,9654,100,9654,1,0
A,F,F,7374,100,7374,1,0
B,F,F,1403,100,1403,1,0
C,F,F,7113,100,7113,1,0
D,F,F,12864,100,12864,1,0
E,F,F,6968,100,6968,1,0
F,G,F,6874,100,6874,1,0
F,H,F,13195,100,13195,1,0
A,G,G,7566,100,7566,1,0
B,G,G,6765,100,6765,1,0
C,G,G,1407,100,1407,1,0
D,G,G,6819,100,6819,1,0
E,G,G,7284,100,7284,1,0
F,G,G,6882,100,6882,1,0
G,H,G,7061,100,7061,1,0
A,H,H,9762,100,9762,1,0
B,H,H,13017,100,13017,1,0
C,H,H,7108,100,7108,1,0
D,H,H,1428,100,1428,1,0
E,H,H,9634,100,9634,1,0
F,H,H,13212,100,13212,1,0
G,H,H,7071,100,7071,1,0
A,B,A,7179,100,7179,1,0
A,C,A,7538,100,7538,1,0
A,D,A,9190,100,9190,1,0
A,E,A,1359,100,1359,1,0
A,F,A,7371,100,7371,1,0
A,G,A,7570,100,7570,1,0
A,H,A,9689,100,9689,1,0
A,B,B,7153,100,7153,1,0
B,C,B,6741,100,6741,1,0
B,D,B,12502,100,12502,1,0
B,E,B,7085,100,7085,1,0
B,F,B,1424,100,1424,1,0
B,G,B,6736,100,6736,1,0
B,H,B,13034,100,13034,1,0
A,C,C,7547,100,7547,1,0
B,C,C,6707,100,6707,1,0
C,D,C,6575,100,6575,1,0
C,E,C,7563,100,7563,1,0
C,F,C,7126,100,7126,1,0
C,G,C,1384,100,1384,1,0
C,H,C,7105,100,7105,1,0
A,D,D,9202,100,9202,1,0
B,D,D,12512,100,12512,1,0
C,D,D,6609,100,6609,1,0
D,E,D,9326,100,9326,1,0
D,F,D,12857,100,12857,1,0
D,G,D,6803,100,6803,1,0
D,H,D,1435,100,1435,1,0
A,E,E,1403,100,1403,1,0
B,E,E,7037,100,7037,1,0
C,E,E,7506,100,7506,1,0
D,E,E,9346,100,9346,1,0
E,F,E,7018,100,7018,1,0
E,G,E,7306,100,7306,1,0
E,H,E,9680,100,9680,1,0
A,F,F,7369,100,7369,1,0
B,F,F,1406,100,1406,1,0
C,F,F,7107,100,7107,1,0
D,F,F,12892,100,12892,1,0
E,F,F,7011,100,7011,1,0
F,G,F,6891,100,6891,1,0
F,H,F,13266,100,13266,1,0
A,G,G,7583,100,7583,1,0
B,G,G,6773,100,6773,1,0
C,G,G,1373,100,1373,1,0
D,G,G,6801,100,6801,1,0
E,G,G,7334,100,7334,1,0
F,G,G,6872,100,6872,1,0
G,H,G,7055,100,7055,1,0
A,H,H,9706,100,9706,1,0
B,H,H,13033,100,13033,1,0
C,H,H,7095,100,7095,1,0
D,H,H,1447,100,1447,1,0
E,H,H,9640,100,9640,1,0
F,H,H,13245,100,13245,1,0
G,H,H,7048,100,7048,1,0
A,B,A,7115,100,7115,1,0
A,C,A,7539,100,7539,1,0
A,D,A,9199,100,9199,1,0
A,E,A,1404,100,1404,1,0
A,F,A,7410,100,7410,1,0
A,G,A,7543,100,7543,1,0
A,H,A,9748,100,9748,1,0
A,B,B,7176,100,7176,1,0
B,C,B,6677,100,6677,1,0
B,D,B,12508,100,12508,1,0
B,E,B,7042,100,7042,1,0
B,F,B,1417,100,1417,1,0
B,G,B,6736,100,6736,1,0
B,H,B,13045,100,13045,1,0
A,C,C,7557,100,7557,1,0
B,C,C,6724,100,6724,1,0
C,D,C,6588,100,6588,1,0
C,E,C,7563,100,7563,1,0
C,F,C,7130,100,7130,1,0
C,G,C,1353,100,1353,1,0
C,H,C,7092,100,7092,1,0
A,D,D,9212,100,9212,1,0
B,D,D,12522,100,12522,1,0
C,D,D,6628,100,6628,1,0
D,E,D,9285,100,9285,1,0
D,F,D,12864,100,12864,1,0
D,G,D,6830,100,6830,1,0
D,H,D,1467,100,1467,1,0
A,E,E,1375,100,1375,1,0
B,E,E,7014,100,7014,1,0
C,E,E,7548,100,7548,1,0
D,E,E,9363,100,9363,1,0
E,F,E,7016,100,7016,1,0
E,G,E,7290,100,7290,1,0
E,H,E,9686,100,9686,1,0
A,F,F,7354,100,7354,1,0
B,F,F,1447,100,1447,1,0
C,F,F,7103,100,7103,1,0
D,F,F,12909,100,12909,1,0
E,F,F,7036,100,7036,1,0
F,G,F,6869,100,6869,1,0
F,H,F,13251,100,13251,1,0
A,G,G,7573,100,7573,1,0
B,G,G,6708,100,6708,1,0
C,G,G,1367,100,1367,1,0
D,G,G,6812,100,6812,1,0
E,G,G,7320,100,7320,1,0
F,G,G,6886,100,6886,1,0
G,H,G,7054,100,7054,1,0
A,H,H,9677,100,9677,1,0
B,H,H,13068,100,13068,1,0
C,H,H,7141,100,7141,1,0
D,H,H,1435,100,1435,1,0
E,H,H,9666,100,9666,1,0
F,H,H,13215,100,13215,1,0
G,H,H,7049,100,7049,1,0
A,B,A,7182,100,7182,1,0
A,C,A,7586,100,7586,1,0
A,D,A,9195,100,9195,1,0
A,E,A,1363,100,1363,1,0
A,F,A,7388,100,7388,1,0
A,G,A,7537,100,7537,1,0
A,H,A,9710,100,9710,1,0
A,B,B,7154,100,7154,1,0
B,C,B,6731,100,6731,1,0
B,D,B,12538,100,12538,1,0
B,E,B,7022,100,7022,1,0
B,F,B,1431,100,1431,1,0
B,G,B,6758,100,6758,1,0
B,H,B,13044,100,13044,1,0
A,C,C,7576,100,7576,1,0
B,C,C,6713,100,6713,1,0
C,D,C,6655,100,6655,1,0
C,E,C,7553,100,7553,1,0
C,F,C,7125,100,7125,1,0
C,G,C,1323,100,1323,1,0
C,H,C,7070,100,7070,1,0
A,D,D,9202,100,9202,1,0
B,D,D,12531,100,12531,1,0
C,D,D,6607,100,6607,1,0
D,E,D,9435,100,9435,1,0
D,F,D,12877,100,12877,1,0
D,G,D,6800,100,6800,1,0
D,H,D,1400,100,1400,1,0
A,E,E,1400,100,1400,1,0
B,E,E,7011,100,7011,1,0
C,E,E,7555,100,7555,1,0
D,E,E,9336,100,9336,1,0
E,F,E,7002,100,7002,1,0
E,G,E,7311,100,7311,1,0
E,H,E,9643,100,9643,1,0
A,F,F,7406,100,7406,1,0
B,F,F,1459,100,1459,1,0
C,F,F,7102,100,7102,1,0
D,F,F,12869,100,12869,1,0
E,F,F,7016,100,7016,1,0
F,G,F,6885,100,6885,1,0
F,H,F,13227,100,13227,1,0
A,G,G,7600,100,7600,1,0
B,G,G,6779,100,6779,1,0
C,G,G,1398,100,1398,1,0
D,G,G,6808,100,6808,1,0
E,G,G,7317,100,7317,1,0
F,G,G,6894,100,6894,1,0
G,H,G,7058,100,7058,1,0
A,H,H,9714,100,9714,1,0
B,H,H,13049,100,13049,1,0
C,H,H,7116,100,7116,1,0
D,H,H,1395,100,1395,1,0
E,H,H,9636,100,9636,1,0
F,H,H,13254,100,13254,1,0
G,H,H,7059,100,7059,1,0
A,B,A,7203,100,7203,1,0
A,C,A,7569,100,7569,1,0
A,D,A,9178,100,9178,1,0
A,E,A,1394,100,1394,1,0
A,F,A,7349,100,7349,1,0
A,G,A,7619,100,7619,1,0
A,H,A,9683,100,9683,1,0
A,B,B,7154,100,7154,1,0
B,C,B,6708,100,6708,1,0
B,D,B,12505,100,12505,1,0
B,E,B,7048,100,7048,1,0
B,F,B,1434,100,1434,1,0
B,G,B,6748,100,6748,1,0
B,H,B,13027,100,13027,1,0
A,C,C,7562,100,7562,1,0
B,C,C,6706,100,6706,1,0
C,D,C,6612,100,6612,1,0
C,E,C,7574,100,7574,1,0
C,F,C,7139,100,7139,1,0
C,G,C,1326,100,1326,1,0
C,H,C,7098,100,7098,1,0
A,D,D,9207,100,9207,1,0
B,D,D,12556,100,12556,1,0
C,D,D,6614,100,6614,1,0
D,E,D,9350,100,9350,1,0
D,F,D,12881,100,12881,1,0
D,G,D,6834,100,6834,1,0
D,H,D,1433,100,1433,1,0
A,E,E,1432,100,1432,1,0
B,E,E,7044,100,7044,1,0
C,E,E,7542,100,7542,1,0
D,E,E,9327,100,9327,1,0
E,F,E,6973,100,6973,1,0
E,G,E,7310,100,7310,1,0
E,H,E,9661,100,9661,1,0
A,F,F,7376,100,7376,1,0
B,F,F,1419,100,1419,1,0
C,F,F,7132,100,7132,1,0
D,F,F,12893,100,12893,1,0
E,F,F,7015,100,7015,1,0
F,G,F,6882,100,6882,1,0
F,H,F,13225,100,13225,1,0
A,G,G,7579,100,7579,1,0
B,G,G,6762,100,6762,1,0
C,G,G,1345,100,1345,1,0
D,G,G,6788,100,6788,1,0
E,G,G,7342,100,7342,1,0
F,G,G,6859,100,6859,1,0
G,H,G,7083,100,7083,1,0
A,H,H,9644,100,9644,1,0
B,H,H,13069,100,13069,1,0
C,H,H,7126,100,7126,1,0
D,H,H,1428,100,1428,1,0
E,H,H,9645,100,9645,1,0
F,H,H,13227,100,13227,1,0
G,H,H,7049,100,7049,1,0
A,B,A,7154,100,7154,1,0
A,C,A,7584,100,7584,1,0
A,D,A,9176,100,9176,1,0
A,E,A,1329,100,1329,1,0
A,F,A,7435,100,7435,1,0
A,G,A,7611,100,7611,1,0
A,H,A,9668,100,9668,1,0
A,B,B,7150,100,7150,1,0
B,C,B,6724,100,6724,1,0
B,D,B,12542,100,12542,1,0
B,E,B,7064,100,7064,1,0
B,F,B,1401,100,1401,1,0
B,G,B,6749,100,6749,1,0
B,H,B,13005,100,13005,1,0
A,C,C,7547,100,7547,1,0
B,C,C,6699,100,6699,1,0
C,D,C,6613,100,6613,1,0
C,E,C,7551,100,7551,1,0
C,F,C,7132,100,7132,1,0
C,G,C,1356,100,1356,1,0
C,H,C,7126,100,7126,1,0
A,D,D,9211,100,9211,1,0
B,D,D,12558,100,12558,1,0
C,D,D,6625,100,6625,1,0
D,E,D,9361,100,9361,1,0
D,F,D,12842,100,12842,1,0
D,G,D,6794,100,6794,1,0
D,H,D,1480,100,1480,1,0
A,E,E,1429,100,1429,1,0
B,E,E,7003,100,7003,1,0
C,E,E,7525,100,7525,1,0
D,E,E,9397,100,9397,1,0
E,F,E,7010,100,7010,1,0
E,G,E,7288,100,7288,1,0
E,H,E,9683,100,9683,1,0
A,F,F,7425,100,7425,1,0
B,F,F,1466,100,1466,1,0
C,F,F,7128,100,7128,1,0
D,F,F,12876,100,12876,1,0
E,F,F,7025,100,7025,1,0
F,G,F,6873,100,6873,1,0
F,H,F,13233,100,13233,1,0
A,G,G,7573,100,7573,1,0
B,G,G,6765,100,6765,1,0
C,G,G,1378,100,1378,1,0
D,G,G,6817,100,6817,1,0
E,G,G,7346,100,7346,1,0
F,G,G,6868,100,6868,1,0
G,H,G,7069,100,7069,1,0
A,H,H,9715,100,9715,1,0
B,H,H,13058,100,13058,1,0
C,H,H,7136,100,7136,1,0
D,H,H,1469,100,1469,1,0
E,H,H,9634,100,9634,1,0
F,H,H,13258,100,13258,1,0
G,H,H,7021,100,7021,1,0
A,B,A,7129,100,7129,1,0
A,C,A,7603,100,7603,1,0
A,D,A,9223,100,9223,1,0
A,E,A,1404,100,1404,1,0
A,F,A,7422,100,7422,1,0
A,G,A,7611,100,7611,1,0
A,H,A,9732,100,9732,1,0
A,B,B,7177,100,7177,1,0
B,C,B,6749,100,6749,1,0
B,D,B,12540,100,12540,1,0
B,E,B,7052,100,7052,1,0
B,F,B,1446,100,1446,1,0
B,G,B,6759,100,6759,1,0
B,H,B,13055,100,13055,1,0
A,C,C,7559,100,7559,1,0
B,C,C,6721,100,6721,1,0
C,D,C,6575,100,6575,1,0
C,E,C,7577,100,7577,1,0
C,F,C,7140,100,7140,1,0
C,G,C,1364,100,1364,1,0
C,H,C,7115,100,7115,1,0
A,D,D,9203,100,9203,1,0
B,D,D,12581,100,12581,1,0
C,D,D,6645,100,6645,1,0
D,E,D,9309,100,9309,1,0
D,F,D,12840,100,12840,1,0
D,G,D,6783,100,6783,1,0
D,H,D,1403,100,1403,1,0
A,E,E,1374,100,1374,1,0
B,E,E,7015,100,7015,1,0
C,E,E,7532,100,7532,1,0
D,E,E,9400,100,9400,1,0
E,F,E,7005,100,7005,1,0
E,G,E,7302,100,7302,1,0
E,H,E,9648,100,9648,1,0
A,F,F,7359,100,7359,1,0
B,F,F,1427,100,1427,1,0
C,F,F,7098,100,7098,1,0
D,F,F,12840,100,12840,1,0
E,F,F,6987,100,6987,1,0
F,G,F,6865,100,6865,1,0
F,H,F,13253,100,13253,1,0
A,G,G,7566,100,7566,1,0
B,G,G,6700,100,6700,1,0
C,G,G,1367,100,1367,1,0
D,G,G,6815,100,6815,1,0
E,G,G,7292,100,7292,1,0
F,G,G,6903,100,6903,1,0
G,H,G,7014,100,7014,1,0
A,H,H,9654,100,9654,1,0
B,H,H,13101,100,13101,1,0
C,H,H,7125,100,7125,1,0
D,H,H,1391,100,1391,1,0
E,H,H,9673,100,9673,1,0
F,H,H,13234,100,13234,1,0
G,H,H,7024,100,7024,1,0
A,B,A,7159,100,7159,1,0
A,C,A,7555,100,7555,1,0
A,D,A,9187,100,9187,1,0
A,E,A,1376,100,1376,1,0
A,F,A,7381,100,7381,1,0
A,G,A,7595,100,7595,1,0
A,H,A,9691,100,9691,1,0
A,B,B,7140,100,7140,1,0
B,C,B,6730,100,6730,1,0
B,D,B,12569,100,12569,1,0
B,E,B,7069,100,7069,1,0
B,F,B,1451,100,1451,1,0
B,G,B,6715,100,6715,1,0
B,H,B,13021,100,13021,1,0
A,C,C,7566,100,7566,1,0
B,C,C,6720,100,6720,1,0
C,D,C,6601,100,6601,1,0
C,E,C,7521,100,7521,1,0
C,F,C,7113,100,7113,1,0
C,G,C,1378,100,1378,1,0
C,H,C,7147,100,7147,1,0
A,D,D,9200,100,9200,1,0
B,D,D,12578,100,12578,1,0
C,D,D,6660,100,6660,1,0
D,E,D,9347,100,9347,1,0
D,F,D,12859,100,12859,1,0
D,G,D,6803,100,6803,1,0
D,H,D,1452,100,1452,1,0
A,E,E,1419,100,1419,1,0
B,E,E,7002,100,7002,1,0
C,E,E,7524,100,7524,1,0
D,E,E,9289,100,9289,1,0
E,F,E,7010,100,7010,1,0
E,G,E,7301,100,7301,1,0
E,H,E,9636,100,9636,1,0
A,F,F,7373,100,7373,1,0
B,F,F,1409,100,1409,1,0
C,F,F,7132,100,7132,1,0
D,F,F,12871,100,12871,1,0
E,F,F,7009,100,7009,1,0
F,G,F,6886,100,6886,1,0
F,H,F,13267,100,13267,1,0
A,G,G,7582,100,7582,1,0
B,G,G,6774,100,6774,1,0
C,G,G,1380,100,1380,1,0
D,G,G,6847,100,6847,1,0
E,G,G,7319,100,7319,1,0
F,G,G,6875,100,6875,1,0
G,H,G,7060,100,7060,1,0
A,H,H,9709,100,9709,1,0
B,H,H,13037,100,13037,1,0
C,H,H,7086,100,7086,1,0
D,H,H,1427,100,1427,1,0
E,H,H,9669,100,9669,1,0
F,H,H,13258,100,13258,1,0
G,H,H,7064,100,7064,1,0
A,B,A,7156,100,7156,1,0
A,C,A,7559,100,7559,1,0
A,D,A,9185,100,9185,1,0
A,E,A,1352,100,1352,1,0
A,F,A,7351,100,7351,1,0
A,G,A,7519,100,7519,1,0
A,H,A,9713,100,9713,1,0
A,B,B,7195,100,7195,1,0
B,C,B,6709,100,6709,1,0
B,D,B,12546,100,12546,1,0
B,E,B,7065,100,7065,1,0
B,F,B,1443,100,1443,1,0
B,G,B,6755,100,6755,1,0
B,H,B,13068,100,13068,1,0
A,C,C,7587,100,7587,1,0
B,C,C,6719,100,6719,1,0
C,D,C,6628,100,6628,1,0
C,E,C,7539,100,7539,1,0
C,F,C,7123,100,7123,1,0
C,G,C,1360,100,1360,1,0
C,H,C,7066,100,7066,1,0
A,D,D,9169,100,9169,1,0
B,D,D,12558,100,12558,1,0
C,D,D,6625,100,6625,1,0
D,E,D,9339,100,9339,1,0
D,F,D,12900,100,12900,1,0
D,G,D,6806,100,6806,1,0
D,H,D,1432,100,1432,1,0
A,E,E,1373,100,1373,1,0
B,E,E,7031,100,7031,1,0
C,E,E,7514,100,7514,1,0
D,E,E,9420,100,9420,1,0
E,F,E,6982,100,6982,1,0
E,G,E,7329,100,7329,1,0
E,H,E,9693,100,9693,1,0
A,F,F,7388,100,7388,1,0
B,F,F,1427,100,1427,1,0
C,F,F,7132,100,7132,1,0
D,F,F,12873,100,12873,1,0
E,F,F,7009,100,7009,1,0
F,G,F,6872,100,6872,1,0
F,H,F,13234,100,13234,1,0
A,G,G,7538,100,7538,1,0
B,G,G,6725,100,6725,1,0
C,G,G,1381,100,1381,1,0
D,G,G,6800,100,6800,1,0
E,G,G,7262,100,7262,1,0
F,G,G,6843,100,6843,1,0
G,H,G,7080,100,7080,1,0
A,H,H,9658,100,9658,1,0
B,H,H,13064,100,13064,1,0
C,H,H,7136,100,7136,1,0
D,H,H,1460,100,1460,1,0
E,H,H,9644,100,9644,1,0
F,H,H,13233,100,13233,1,0
G,H,H,7048,100,7048,1,0
A,B,A,7167,100,7167,1,0
A,C,A,7582,100,7582,1,0
A,D,A,9209,100,9209,1,0
A,E,A,1365,100,1365,1,0
A,F,A,7385,100,7385,1,0
A,G,A,7601,100,7601,1,0
A,H,A,9716,100,9716,1,0
A,B,B,7157,100,7157,1,0
B,C,B,6737,100,6737,1,0
B,D,B,12494,100,12494,1,0
B,E,B,7059,100,7059,1,0
B,F,B,1433,100,1433,1,0
B,G,B,6733,100,6733,1,0
B,H,B,12999,100,12999,1,0
A,C,C,7660,100,7660,1,0
B,C,C,6706,100,6706,1,0
C,D,C,6639,100,6639,1,0
C,E,C,7525,100,7525,1,0
C,F,C,7127,100,7127,1,0
C,G,C,1397,100,1397,1,0
C,H,C,7170,100,7170,1,0
A,D,D,9174,100,9174,1,0
B,D,D,12489,100,12489,1,0
C,D,D,6619,100,6619,1,0
D,E,D,9347,100,9347,1,0
D,F,D,12839,100,12839,1,0
D,G,D,6812,100,6812,1,0
D,H,D,1491,100,1491,1,0
A,E,E,1403,100,1403,1,0
B,E,E,7067,100,7067,1,0
C,E,E,7540,100,7540,1,0
D,E,E,9354,100,9354,1,0
E,F,E,7005,100,7005,1,0
E,G,E,7300,100,7300,1,0
E,H,E,9681,100,9681,1,0
A,F,F,7376,100,7376,1,0
B,F,F,1457,100,1457,1,0
C,F,F,7136,100,7136,1,0
D,F,F,12895,100,12895,1,0
E,F,F,7015,100,7015,1,0
F,G,F,6860,100,6860,1,0
F,H,F,13275,100,13275,1,0
A,G,G,7496,100,7496,1,0
B,G,G,6764,100,6764,1,0
C,G,G,1306,100,1306,1,0
D,G,G,6849,100,6849,1,0
E,G,G,7288,100,7288,1,0
F,G,G,6881,100,6881,1,0
G,H,G,7009,100,7009,1,0
A,H,H,9708,100,9708,1,0
B,H,H,13017,100,13017,1,0
C,H,H,7129,100,7129,1,0
D,H,H,1525,100,1525,1,0
E,H,H,9701,100,9701,1,0
F,H,H,13243,100,13243,1,0
G,H,H,7051,100,7051,1,0
A,B,A,7180,100,7180,1,0
A,C,A,7531,100,7531,1,0
A,D,A,9187,100,9187,1,0
A,E,A,1385,100,1385,1,0
A,F,A,7375,100,7375,1,0
A,G,A,7573,100,7573,1,0
A,H,A,9698,100,9698,1,0
A,B,B,7172,100,7172,1,0
B,C,B,6714,100,6714,1,0
B,D,B,12478,100,12478,1,0
B,E,B,7051,100,7051,1,0
B,F,B,1462,100,1462,1,0
B,G,B,6795,100,6795,1,0
B,H,B,13087,100,13087,1,0
A,C,C,7588,100,7588,1,0
B,C,C,6695,100,6695,1,0
C,D,C,6624,100,6624,1,0
C,E,C,7569,100,7569,1,0
C,F,C,7099,100,7099,1,0
C,G,C,1361,100,1361,1,0
C,H,C,7151,100,7151,1,0
A,D,D,9187,100,9187,1,0
B,D,D,12491,100,12491,1,0
C,D,D,6596,100,6596,1,0
D,E,D,9354,100,9354,1,0
D,F,D,12864,100,12864,1,0
D,G,D,6789,100,6789,1,0
D,H,D,1492,100,1492,1,0
A,E,E,1354,100,1354,1,0
B,E,E,7003,100,7003,1,0
C,E,E,7533,100,7533,1,0
D,E,E,9263,100,9263,1,0
E,F,E,6997,100,6997,1,0
E,G,E,7308,100,7308,1,0
E,H,E,9633,100,9633,1,0
A,F,F,7418,100,7418,1,0
B,F,F,1437,100,1437,1,0
C,F,F,7133,100,7133,1,0
D,F,F,12863,100,12863,1,0
E,F,F,7002,100,7002,1,0
F,G,F,6883,100,6883,1,0
F,H,F,13216,100,13216,1,0
A,G,G,7550,100,7550,1,0
B,G,G,6766,100,6766,1,0
C,G,G,1370,100,1370,1,0
D,G,G,6823,100,6823,1,0
E,G,G,7300,100,7300,1,0
F,G,G,6877,100,6877,1,0
G,H,G,7024,100,7024,1,0
A,H,H,9694,100,9694,1,0
B,H,H,13063,100,13063,1,0
C,H,H,7089,100,7089,1,0
D,H,H,1399,100,1399,1,0
E,H,H,9660,100,9660,1,0
F,H,H,13212,100,13212,1,0
G,H,H,7058,100,7058,1,0
A,B,A,7120,100,7120,1,0
A,C,A,7619,100,7619,1,0
A,D,A,9213,100,9213,1,0
A,E,A,1358,100,1358,1,0
A,F,A,7391,100,7391,1,0
A,G,A,7594,100,7594,1,0
A,H,A,9755,100,9755,1,0
A,B,B,7178,100,7178,1,0
B,C,B,6685,100,6685,1,0
B,D,B,12506,100,12506,1,0
B,E,B,7000,100,7000,1,0
B,F,B,1424,100,1424,1,0
B,G,B,6760,100,6760,1,0
B,H,B,13030,100,13030,1,0
A,C,C,7623,100,7623,1,0
B,C,C,6715,100,6715,1,0
C,D,C,6605,100,6605,1,0
C,E,C,7525,100,7525,1,0
C,F,C,7123,100,7123,1,0
C,G,C,1332,100,1332,1,0
C,H,C,7162,100,7162,1,0
A,D,D,9182,100,9182,1,0
B,D,D,12538,100,12538,1,0
C,D,D,6587,100,6587,1,0
D,E,D,9399,100,9399,1,0
D,F,D,12855,100,12855,1,0
D,G,D,6809,100,6809,1,0
D,H,D,1432,100,1432,1,0
A,E,E,1391,100,1391,1,0
B,E,E,7045,100,7045,1,0
C,E,E,7547,100,7547,1,0
D,E,E,9362,100,9362,1,0
E,F,E,6986,100,6986,1,0
E,G,E,7304,100,7304,1,0
E,H,E,9676,100,9676,1,0
A,F,F,7370,100,7370,1,0
B,F,F,1442,100,1442,1,0
C,F,F,7122,100,7122,1,0
D,F,F,12913,100,12913,1,0
E,F,F,7022,100,7022,1,0
F,G,F,6875,100,6875,1,0
F,H,F,13186,100,13186,1,0
A,G,G,7574,100,7574,1,0
B,G,G,6781,100,6781,1,0
C,G,G,1336,100,1336,1,0
D,G,G,6817,100,6817,1,0
E,G,G,7288,100,7288,1,0
F,G,G,6882,100,6882,1,0
G,H,G,7036,100,7036,1,0
A,H,H,9682,100,9682,1,0
B,H,H,13039,100,13039,1,0
C,H,H,7108,100,7108,1,0
D,H,H,1430,100,1430,1,0
E,H,H,9646,100,9646,1,0
F,H,H,13197,100,13197,1,0
G,H,H,7069,100,7069,1,0
A,B,A,7136,100,7136,1,0
A,C,A,7599,100,7599,1,0
A,D,A,9193,100,9193,1,0
A,E,A,1339,100,1339,1,0
A,F,A,7385,100,7385,1,0
A,G,A,7548,100,7548,1,0
A,H,A,9666,100,9666,1,0
A,B,B,7138,100,7138,1,0
B,C,B,6706,100,6706,1,0
B,D,B,12524,100,12524,1,0
B,E,B,7056,100,7056,1,0
B,F,B,1415,100,1415,1,0
B,G,B,6773,100,6773,1,0
B,H,B,12995,100,12995,1,0
A,C,C,7590,100,7590,1,0
B,C,C,6698,100,6698,1,0
C,D,C,6613,100,6613,1,0
C,E,C,7591,100,7591,1,0
C,F,C,7128,100,7128,1,0
C,G,C,1312,100,1312,1,0
C,H,C,7089,100,7089,1,0
A,D,D,9207,100,9207,1,0
B,D,D,12503,100,12503,1,0
C,D,D,6620,100,6620,1,0
D,E,D,9323,100,9323,1,0
D,F,D,12834,100,12834,1,0
D,G,D,6798,100,6798,1,0
D,H,D,1431,100,1431,1,0
A,E,E,1402,100,1402,1,0
B,E,E,7037,100,7037,1,0
C,E,E,7545,100,7545,1,0
D,E,E,9362,100,9362,1,0
E,F,E,6995,100,6995,1,0
E,G,E,7296,100,7296,1,0
E,H,E,9655,100,9655,1,0
A,F,F,7370,100,7370,1,0
B,F,F,1444,100,1444,1,0
C,F,F,7083,100,7083,1,0
D,F,F,12859,100,12859,1,0
E,F,F,7040,100,7040,1,0
F,G,F,6892,100,6892,1,0
F,H,F,13243,100,13243,1,0
A,G,G,7546,100,7546,1,0
B,G,G,6754,100,6754,1,0
C,G,G,1361,100,1361,1,0
D,G,G,6800,100,6800,1,0
E,G,G,7316,100,7316,1,0
F,G,G,6886,100,6886,1,0
G,H,G,7033,100,7033,1,0
A,H,H,9662,100,9662,1,0
B,H,H,13024,100,13024,1,0
C,H,H,7105,100,7105,1,0
D,H,H,1446,100,1446,1,0
E,H,H,9689,100,9689,1,0
F,H,H,13277,100,13277,1,0
G,H,H,7036,100,7036,1,0
A,B,A,7121,100,7121,1,0
A,C,A,7571,100,7571,1,0
A,D,A,9189,100,9189,1,0
A,E,A,1384,100,1384,1,0
A,F,A,7381,100,7381,1,0
A,G,A,7562,100,7562,1,0
A,H,A,9686,100,9686,1,0
A,B,B,7146,100,7146,1,0
B,C,B,6733,100,6733,1,0
B,D,B,12558,100,12558,1,0
B,E,B,7052,100,7052,1,0
B,F,B,1425,100,1425,1,0
B,G,B,6762,100,6762,1,0
B,H,B,13007,100,13007,1,0
A,C,C,7522,100,7522,1,0
B,C,C,6725,100,6725,1,0
C,D,C,6648,100,6648,1,0
C,E,C,7511,100,7511,1,0
C,F,C,7104,100,7104,1,0
C,G,C,1379,100,1379,1,0
C,H,C,7110,100,7110,1,0
A,D,D,9202,100,9202,1,0
B,D,D,12547,100,12547,1,0
C,D,D,6614,100,6614,1,0
D,E,D,9328,100,9328,1,0
D,F,D,12837,100,12837,1,0
D,G,D,6779,100,6779,1,0
D,H,D,1469,100,1469,1,0
A,E,E,1367,100,1367,1,0
B,E,E,7081,100,7081,1,0
C,E,E,7564,100,7564,1,0
D,E,E,9376,100,9376,1,0
E,F,E,7019,100,7019,1,0
E,G,E,7290,100,7290,1,0
E,H,E,9672,100,9672,1,0
A,F,F,7352,100,7352,1,0
B,F,F,1404,100,1404,1,0
C,F,F,7142,100,7142,1,0
D,F,F,12864,100,12864,1,0
E,F,F,7043,100,7043,1,0
F,G,F,6900,100,6900,1,0
F,H,F,13231,100,13231,1,0
A,G,G,7557,100,7557,1,0
B,G,G,6794,100,6794,1,0
C,G,G,1339,100,1339,1,0
D,G,G,6778,100,6778,1,0
E,G,G,7288,100,7288,1,0
F,G,G,6878,100,6878,1,0
G,H,G,7080,100,7080,1,0
A,H,H,9714,100,9714,1,0
B,H,H,13073,100,13073,1,0
C,H,H,7117,100,7117,1,0
D,H,H,1375,100,1375,1,0
E,H,H,9651,100,9651,1,0
F,H,H,13262,100,13262,1,0
G,H,H,7029,100,7029,1,0
A,B,A,7126,100,7126,1,0
A,C,A,7581,100,7581,1,0
A,D,A,9194,100,9194,1,0
A,E,A,1384,100,1384,1,0
A,F,A,7375,100,7375,1,0
A,G,A,7611,100,7611,1,0
A,H,A,9677,100,9677,1,0
A,B,B,7180,100,7180,1,0
B,C,B,6698,100,6698,1,0
B,D,B,12536,100,12536,1,0
B,E,B,7036,100,7036,1,0
B,F,B,1420,100,1420,1,0
B,G,B,6765,100,6765,1,0
B,H,B,13043,100,13043,1,0
A,C,C,7572,100,7572,1,0
B,C,C,6680,100,6680,1,0
C,D,C,6602,100,6602,1,0
C,E,C,7564,100,7564,1,0
C,F,C,7134,100,7134,1,0
C,G,C,1361,100,1361,1,0
C,H,C,7063,100,7063,1,0
A,D,D,9195,100,9195,1,0
B,D,D,12480,100,12480,1,0
C,D,D,6623,100,6623,1,0
D,E,D,9425,100,9425,1,0
D,F,D,12886,100,12886,1,0
D,G,D,6792,100,6792,1,0
D,H,D,1414,100,1414,1,0
A,E,E,1361,100,1361,1,0
B,E,E,7048,100,7048,1,0
C,E,E,7534,100,7534,1,0
D,E,E,9380,100,9380,1,0
E,F,E,7039,100,7039,1,0
E,G,E,7303,100,7303,1,0
E,H,E,9675,100,9675,1,0
A,F,F,7374,100,7374,1,0
B,F,F,1425,100,1425,1,0
C,F,F,7133,100,7133,1,0
D,F,F,12839,100,12839,1,0
E,F,F,7008,100,7008,1,0
F,G,F,6846,100,6846,1,0
F,H,F,13272,100,13272,1,0
A,G,G,7585,100,7585,1,0
B,G,G,6753,100,6753,1,0
C,G,G,1378,100,1378,1,0
D,G,G,6818,100,6818,1,0
E,G,G,7330,100,7330,1,0
F,G,G,6871,100,6871,1,0
G,H,G,7062,100,7062,1,0
A,H,H,9705,100,9705,1,0
B,H,H,13050,100,13050,1,0
C,H,H,7167,100,7167,1,0
D,H,H,1460,100,1460,1,0
E,H,H,9652,100,9652,1,0
F,H,H,13242,100,13242,1,0
G,H,H,7021,100,7021,1,0
A,B,A,7161,100,7161,1,0
A,C,A,7573,100,7573,1,0
A,D,A,9195,100,9195,1,0
A,E,A,1354,100,1354,1,0
A,F,A,7395,100,7395,1,0
A,G,A,7573,100,7573,1,0
A,H,A,9665,100,9665,1,0
A,B,B,7146,100,7146,1,0
B,C,B,6764,100,6764,1,0
B,D,B,12548,100,12548,1,0
B,E,B,7048,100,7048,1,0
B,F,B,1447,100,1447,1,0
B,G,B,6756,100,6756,1,0
B,H,B,13073,100,13073,1,0
A,C,C,7593,100,7593,1,0
B,C,C,6704,100,6704,1,0
C,D,C,6625,100,6625,1,0
C,E,C,7544,100,7544,1,0
C,F,C,7130,100,7130,1,0
C,G,C,1390,100,1390,1,0
C,H,C,7109,100,7109,1,0
A,D,D,9220,100,9220,1,0
B,D,D,12476,100,12476,1,0
C,D,D,6619,100,6619,1,0
D,E,D,9390,100,9390,1,0
D,F,D,12889,100,12889,1,0
D,G,D,6790,100,6790,1,0
D,H,D,1453,100,1453,1,0
A,E,E,1411,100,1411,1,0
B,E,E,7029,100,7029,1,0
C,E,E,7524,100,7524,1,0
D,E,E,9359,100,9359,1,0
E,F,E,7005,100,7005,1,0
E,G,E,7292,100,7292,1,0
E,H,E,9695,100,9695,1,0
A,F,F,7383,100,7383,1,0
B,F,F,1401,100,1401,1,0
C,F,F,7084,100,7084,1,0
D,F,F,12865,100,12865,1,0
E,F,F,7012,100,7012,1,0
F,G,F,6872,100,6872,1,0
F,H,F,13212,100,13212,1,0
A,G,G,7554,100,7554,1,0
B,G,G,6784,100,6784,1,0
C,G,G,1359,100,1359,1,0
D,G,G,6818,100,6818,1,0
E,G,G,7289,100,7289,1,0
F,G,G,6878,100,6878,1,0
G,H,G,7039,100,7039,1,0
A,H,H,9711,100,9711,1,0
B,H,H,13037,100,13037,1,0
C,H,H,7128,100,7128,1,0
D,H,H,1384,100,1384,1,0
E,H,H,9666,100,9666,1,0
F,H,H,13236,100,13236,1,0
G,H,H,7080,100,7080,1,0
A,B,A,7143,100,7143,1,0
A,C,A,7582,100,7582,1,0
A,D,A,9201,100,9201,1,0
A,E,A,1367,100,1367,1,0
A,F,A,7442,100,7442,1,0
A,G,A,7588,100,7588,1,0
A,H,A,9738,100,9738,1,0
A,B,B,7152,100,7152,1,0
B,C,B,6713,100,6713,1,0
B,D,B,12563,100,12563,1,0
B,E,B,7049,100,7049,1,0
B,F,B,1441,100,1441,1,0
B,G,B,6775,100,6775,1,0
B,H,B,13008,100,13008,1,0
A,C,C,7558,100,7558,1,0
B,C,C,6726,100,6726,1,0
C,D,C,6622,100,6622,1,0
C,E,C,7548,100,7548,1,0
C,F,C,7135,100,7135,1,0
C,G,C,1312,100,1312,1,0
C,H,C,7100,100,7100,1,0
A,D,D,9213,100,9213,1,0
B,D,D,12596,100,12596,1,0
C,D,D,6613,100,6613,1,0
D,E,D,9335,100,9335,1,0
D,F,D,12907,100,12907,1,0
D,G,D,6870,100,6870,1,0
D,H,D,1478,100,1478,1,0
A,E,E,1367,100,1367,1,0
B,E,E,6973,100,6973,1,0
C,E,E,7545,100,7545,1,0
D,E,E,9317,100,9317,1,0
E,F,E,7011,100,7011,1,0
E,G,E,7309,100,7309,1,0
E,H,E,9652,100,9652,1,0
A,F,F,7353,100,7353,1,0
B,F,F,1404,100,1404,1,0
C,F,F,7117,100,7117,1,0
D,F,F,12889,100,12889,1,0
E,F,F,7020,100,7020,1,0
F,G,F,6893,100,6893,1,0
F,H,F,13218,100,13218,1,0
A,G,G,7585,100,7585,1,0
B,G,G,6737,100,6737,1,0
C,G,G,1387,100,1387,1,0
D,G,G,6808,100,6808,1,0
E,G,G,7317,100,7317,1,0
F,G,G,6876,100,6876,1,0
G,H,G,7035,100,7035,1,0
A,H,H,9684,100,9684,1,0
B,H,H,13014,100,13014,1,0
C,H,H,7078,100,7078,1,0
D,H,H,1411,100,1411,1,0
E,H,H,9677,100,9677,1,0
F,H,H,13237,100,13237,1,0
G,H,H,7054,100,7054,1,0
A,B,A,7116,100,7116,1,0
A,C,A,7610,100,7610,1,0
A,D,A,9201,100,9201,1,0
A,E,A,1364,100,1364,1,0
A,F,A,7384,100,7384,1,0
A,G,A,7593,100,7593,1,0
A,H,A,9704,100,9704,1,0
A,B,B,7156,100,7156,1,0
B,C,B,6723,100,6723,1,0
B,D,B,12551,100,12551,1,0
B,E,B,7061,100,7061,1,0
B,F,B,1454,100,1454,1,0
B,G,B,6755,100,6755,1,0
B,H,B,13041,100,13041,1,0
A,C,C,7585,100,7585,1,0
B,C,C,6725,100,6725,1,0
C,D,C,6571,100,6571,1,0
C,E,C,7562,100,7562,1,0
C,F,C,7128,100,7128,1,0
C,G,C,1372,100,1372,1,0
C,H,C,7182,100,7182,1,0
A,D,D,9223,100,9223,1,0
B,D,D,12514,100,12514,1,0
C,D,D,6638,100,6638,1,0
D,E,D,9285,100,9285,1,0
D,F,D,12892,100,12892,1,0
D,G,D,6825,100,6825,1,0
D,H,D,1494,100,1494,1,0
A,E,E,1322,100,1322,1,0
B,E,E,7014,100,7014,1,0
C,E,E,7546,100,7546,1,0
D,E,E,9322,100,9322,1,0
E,F,E,6994,100,6994,1,0
E,G,E,7331,100,7331,1,0
E,H,E,9680,100,9680,1,0
A,F,F,7419,100,7419,1,0
B,F,F,1458,100,1458,1,0
C,F,F,7125,100,7125,1,0
D,F,F,12829,100,12829,1,0
E,F,F,7023,100,7023,1,0
F,G,F,6854,100,6854,1,0
F,H,F,13272,100,13272,1,0
A,G,G,7554,100,7554,1,0
B,G,G,6756,100,6756,1,0
C,G,G,1374,100,1374,1,0
D,G,G,6805,100,6805,1,0
E,G,G,7267,100,7267,1,0
F,G,G,6864,100,6864,1,0
G,H,G,7041,100,7041,1,0
A,H,H,9676,100,9676,1,0
B,H,H,13026,100,13026,1,0
C,H,H,7094,100,7094,1,0
D,H,H,1450,100,1450,1,0
E,H,H,9652,100,9652,1,0
F,H,H,13268,100,13268,1,0
G,H,H,7076,100,7076,1,0
A,B,A,7132,100,7132,1,0
A,C,A,7649,100,7649,1,0
A,D,A,9191,100,9191,1,0
A,E,A,1402,100,1402,1,0
A,F,A,7350,100,7350,1,0
A,G,A,7641,100,7641,1,0
A,H,A,9742,100,9742,1,0
A,B,B,7146,100,7146,1,0
B,C,B,6737,100,6737,1,0
B,D,B,12512,100,12512,1,0
B,E,B,6999,100,6999,1,0
B,F,B,1471,100,1471,1,0
B,G,B,6750,100,6750,1,0
B,H,B,13047,100,13047,1,0
A,C,C,7570,100,7570,1,0
B,C,C,6680,100,6680,1,0
C,D,C,6598,100,6598,1,0
C,E,C,7493,100,7493,1,0
C,F,C,7131,100,7131,1,0
C,G,C,1336,100,1336,1,0
C,H,C,7068,100,7068,1,0
A,D,D,9188,100,9188,1,0
B,D,D,12510,100,12510,1,0
C,D,D,6611,100,6611,1,0
D,E,D,9371,100,9371,1,0
D,F,D,12854,100,12854,1,0
D,G,D,6767,100,6767,1,0
D,H,D,1457,100,1457,1,0
A,E,E,1362,100,1362,1,0
B,E,E,7067,100,7067,1,0
C,E,E,7563,100,7563,1,0
D,E,E,9312,100,9312,1,0
E,F,E,6978,100,6978,1,0
E,G,E,7295,100,7295,1,0
E,H,E,9640,100,9640,1,0
A,F,F,7408,100,7408,1,0
B,F,F,1422,100,1422,1,0
C,F,F,7114,100,7114,1,0
D,F,F,12925,100,12925,1,0
E,F,F,7031,100,7031,1,0
F,G,F,6865,100,6865,1,0
F,H,F,13214,100,13214,1,0
A,G,G,7553,100,7553,1,0
B,G,G,6765,100,6765,1,0
C,G,G,1421,100,1421,1,0
D,G,G,6827,100,6827,1,0
E,G,G,7303,100,7303,1,0
F,G,G,6891,100,6891,1,0
G,H,G,7060,100,7060,1,0
A,H,H,9688,100,9688,1,0
B,H,H,13057,100,13057,1,0
C,H,H,7136,100,7136,1,0
D,H,H,1473,100,1473,1,0
E,H,H,9703,100,9703,1,0
F,H,H,13287,100,13287,1,0
G,H,H,7050,100,7050,1,0
A,B,A,7130,100,7130,1,0
A,C,A,7571,100,7571,1,0
A,D,A,9197,100,9197,1,0
A,E,A,1375,100,1375,1,0
A,F,A,7369,100,7369,1,0
A,G,A,7604,100,7604,1,0
A,H,A,9730,100,9730,1,0
A,B,B,7112,100,7112,1,0
B,C,B,6690,100,6690,1,0
B,D,B,12561,100,12561,1,0
B,E,B,7012,100,7012,1,0
B,F,B,1465,100,1465,1,0
B,G,B,6762,100,6762,1,0
B,H,B,13068,100,13068,1,0
A,C,C,7589,100,7589,1,0
B,C,C,6712,100,6712,1,0
C,D,C,6602,100,6602,1,0
C,E,C,7540,100,7540,1,0
C,F,C,7120,100,7120,1,0
C,G,C,1373,100,1373,1,0
C,H,C,7121,100,7121,1,0
A,D,D,9178,100,9178,1,0
B,D,D,12539,100,12539,1,0
C,D,D,6616,100,6616,1,0
D,E,D,9322,100,9322,1,0
D,F,D,12859,100,12859,1,0
D,G,D,6817,100,6817,1,0
D,H,D,1428,100,1428,1,0
A,E,E,1356,100,1356,1,0
B,E,E,7046,100,7046,1,0
C,E,E,7593,100,7593,1,0
D,E,E,9369,100,9369,1,0
E,F,E,7012,100,7012,1,0
E,G,E,7282,100,7282,1,0
E,H,E,9669,100,9669,1,0
A,F,F,7392,100,7392,1,0
B,F,F,1449,100,1449,1,0
C,F,F,7120,100,7120,1,0
D,F,F,12878,100,12878,1,0
E,F,F,7003,100,7003,1,0
F,G,F,6888,100,6888,1,0
F,H,F,13264,100,13264,1,0
A,G,G,7635,100,7635,1,0
B,G,G,6816,100,6816,1,0
C,G,G,1343,100,1343,1,0
D,G,G,6794,100,6794,1,0
E,G,G,7297,100,7297,1,0
F,G,G,6876,100,6876,1,0
G,H,G,7075,100,7075,1,0
A,H,H,9664,100,9664,1,0
B,H,H,13044,100,13044,1,0
C,H,H,7089,100,7089,1,0
D,H,H,1445,100,1445,1,0
E,H,H,9680,100,9680,1,0
F,H,H,13245,100,13245,1,0
G,H,H,7078,100,7078,1,0
A,B,A,7128,100,7128,1,0
A,C,A,7560,100,7560,1,0
A,D,A,9193,100,9193,1,0
A,E,A,1403,100,1403,1,0
A,F,A,7387,100,7387,1,0
A,G,A,7577,100,7577,1,0
A,H,A,9731,100,9731,1,0
A,B,B,7144,100,7144,1,0
B,C,B,6698,100,6698,1,0
B,D,B,12557,100,12557,1,0
B,E,B,7036,100,7036,1,0
B,F,B,1436,100,1436,1,0
B,G,B,6748,100,6748,1,0
B,H,B,13047,100,13047,1,0
A,C,C,7571,100,7571,1,0
B,C,C,6687,100,6687,1,0
C,D,C,6604,100,6604,1,0
C,E,C,7514,100,7514,1,0
C,F,C,7109,100,7109,1,0
C,G,C,1373,100,1373,1,0
C,H,C,7123,100,7123,1,0
A,D,D,9200,100,9200,1,0
B,D,D,12524,100,12524,1,0
C,D,D,6664,100,6664,1,0
D,E,D,9373,100,9373,1,0
D,F,D,12846,100,12846,1,0
D,G,D,6814,100,6814,1,0
D,H,D,1471,100,1471,1,0
A,E,E,1385,100,1385,1,0
B,E,E,7026,100,7026,1,0
C,E,E,7504,100,7504,1,0
D,E,E,9392,100,9392,1,0
E,F,E,7015,100,7015,1,0
E,G,E,7319,100,7319,1,0
E,H,E,9651,100,9651,1,0
A,F,F,7365,100,7365,1,0
B,F,F,1478,100,1478,1,0
C,F,F,7144,100,7144,1,0
D,F,F,12879,100,12879,1,0
E,F,F,7011,100,7011,1,0
F,G,F,6888,100,6888,1,0
F,H,F,13230,100,13230,1,0
A,G,G,7579,100,7579,1,0
B,G,G,6728,100,6728,1,0
C,G,G,1342,100,1342,1,0
D,G,G,6805,100,6805,1,0
E,G,G,7288,100,7288,1,0
F,G,G,6886,100,6886,1,0
G,H,G,7068,100,7068,1,0
A,H,H,9698,100,9698,1,0
B,H,H,13053,100,13053,1,0
C,H,H,7123,100,7123,1,0
D,H,H,1444,100,1444,1,0
E,H,H,9650,100,9650,1,0
F,H,H,13202,100,13202,1,0
G,H,H,7034,100,7034,1,0
A,B,A,7181,100,7181,1,0
A,C,A,7611,100,7611,1,0
A,D,A,9205,100,9205,1,0
A,E,A,1331,100,1331,1,0
A,F,A,7363,100,7363,1,0
A,G,A,7617,100,7617,1,0
A,H,A,9692,100,9692,1,0
A,B,B,7150,100,7150,1,0
B,C,B,6743,100,6743,1,0
B,D,B,12510,100,12510,1,0
B,E,B,7030,100,7030,1,0
B,F,B,1405,100,1405,1,0
B,G,B,6764,100,6764,1,0
B,H,B,13031,100,13031,1,0
A,C,C,7520,100,7520,1,0
B,C,C,6700,100,6700,1,0
C,D,C,6634,100,6634,1,0
C,E,C,7560,100,7560,1,0
C,F,C,7129,100,7129,1,0
C,G,C,1308,100,1308,1,0
C,H,C,7113,100,7113,1,0
A,D,D,9217,100,9217,1,0
B,D,D,12525,100,12525,1,0
C,D,D,6610,100,6610,1,0
D,E,D,9348,100,9348,1,0
D,F,D,12861,100,12861,1,0
D,G,D,6844,100,6844,1,0
D,H,D,1435,100,1435,1,0
A,E,E,1349,100,1349,1,0
B,E,E,7033,100,7033,1,0
C,E,E,7529,100,7529,1,0
D,E,E,9365,100,9365,1,0
E,F,E,7027,100,7027,1,0
E,G,E,7281,100,7281,1,0
E,H,E,9634,100,9634,1,0
A,F,F,7367,100,7367,1,0
B,F,F,1405,100,1405,1,0
C,F,F,7131,100,7131,1,0
D,F,F,12861,100,12861,1,0
E,F,F,7002,100,7002,1,0
F,G,F,6873,100,6873,1,0
F,H,F,13197,100,13197,1,0
A,G,G,7579,100,7579,1,0
B,G,G,6742,100,6742,1,0
C,G,G,1360,100,1360,1,0
D,G,G,6834,100,6834,1,0
E,G,G,7280,100,7280,1,0
F,G,G,6893,100,6893,1,0
G,H,G,7068,100,7068,1,0
A,H,H,9725,100,9725,1,0
B,H,H,13083,100,13083,1,0
C,H,H,7131,100,7131,1,0
D,H,H,1469,100,1469,1,0
E,H,H,9688,100,9688,1,0
F,H,H,13193,100,13193,1,0
G,H,H,7048,100,7048,1,0
A,B,A,7152,100,7152,1,0
A,C,A,7540,100,7540,1,0
A,D,A,9210,100,9210,1,0
A,E,A,1357,100,1357,1,0
A,F,A,7393,100,7393,1,0
A,G,A,7548,100,7548,1,0
A,H,A,9711,100,9711,1,0
A,B,B,7124,100,7124,1,0
B,C,B,6704,100,6704,1,0
B,D,B,12565,100,12565,1,0
B,E,B,7033,100,7033,1,0
B,F,B,1429,100,1429,1,0
B,G,B,6706,100,6706,1,0
B,H,B,13093,100,13093,1,0
A,C,C,7583,100,7583,1,0
B,C,C,6742,100,6742,1,0
C,D,C,6596,100,6596,1,0
C,E,C,7542,100,7542,1,0
C,F,C,7127,100,7127,1,0
C,G,C,1387,100,1387,1,0
C,H,C,7117,100,7117,1,0
A,D,D,9197,100,9197,1,0
B,D,D,12515,100,12515,1,0
C,D,D,6612,100,6612,1,0
D,E,D,9401,100,9401,1,0
D,F,D,12842,100,12842,1,0
D,G,D,6815,100,6815,1,0
D,H,D,1432,100,1432,1,0
A,E,E,1349,100,1349,1,0
B,E,E,7032,100,7032,1,0
C,E,E,7540,100,7540,1,0
D,E,E,9411,100,9411,1,0
E,F,E,7027,100,7027,1,0
E,G,E,7326,100,7326,1,0
E,H,E,9661,100,9661,1,0
A,F,F,7377,100,7377,1,0
B,F,F,1448,100,1448,1,0
C,F,F,7076,100,7076,1,0
D,F,F,12869,100,12869,1,0
E,F,F,7002,100,7002,1,0
F,G,F,6876,100,6876,1,0
F,H,F,13258,100,13258,1,0
A,G,G,7606,100,7606,1,0
B,G,G,6754,100,6754,1,0
C,G,G,1307,100,1307,1,0
D,G,G,6806,100,6806,1,0
E,G,G,7330,100,7330,1,0
F,G,G,6878,100,6878,1,0
G,H,G,7078,100,7078,1,0
A,H,H,9696,100,9696,1,0
B,H,H,13083,100,13083,1,0
C,H,H,7079,100,7079,1,0
D,H,H,1419,100,1419,1,0
E,H,H,9681,100,9681,1,0
F,H,H,13205,100,13205,1,0
G,H,H,7022,100,7022,1,0
A,B,A,7092,100,7092,1,0
A,C,A,7541,100,7541,1,0
A,D,A,9194,100,9194,1,0
A,E,A,1381,100,1381,1,0
A,F,A,7383,100,7383,1,0
A,G,A,7550,100,7550,1,0
A,H,A,9673,100,9673,1,0
A,B,B,7142,100,7142,1,0
B,C,B,6723,100,6723,1,0
B,D,B,12547,100,12547,1,0
B,E,B,7032,100,7032,1,0
B,F,B,1409,100,1409,1,0
B,G,B,6797,100,6797,1,0
B,H,B,13049,100,13049,1,0
A,C,C,7547,100,7547,1,0
B,C,C,6700,100,6700,1,0
C,D,C,6585,100,6585,1,0
C,E,C,7570,100,7570,1,0
C,F,C,7155,100,7155,1,0
C,G,C,1317,100,1317,1,0
C,H,C,7064,100,7064,1,0
A,D,D,9218,100,9218,1,0
B,D,D,12512,100,12512,1,0
C,D,D,6654,100,6654,1,0
D,E,D,9352,100,9352,1,0
D,F,D,12895,100,12895,1,0
D,G,D,6826,100,6826,1,0
D,H,D,1469,100,1469,1,0
A,E,E,1372,100,1372,1,0
B,E,E,7043,100,7043,1,0
C,E,E,7541,100,7541,1,0
D,E,E,9350,100,9350,1,0
E,F,E,7053,100,7053,1,0
E,G,E,7276,100,7276,1,0
E,H,E,9646,100,9646,1,0
A,F,F,7423,100,7423,1,0
B,F,F,1440,100,1440,1,0
C,F,F,7105,100,7105,1,0
D,F,F,12885,100,12885,1,0
E,F,F,7009,100,7009,1,0
F,G,F,6918,100,6918,1,0
F,H,F,13270,100,13270,1,0
A,G,G,7554,100,7554,1,0
B,G,G,6790,100,6790,1,0
C,G,G,1369,100,1369,1,0
D,G,G,6820,100,6820,1,0
E,G,G,7293,100,7293,1,0
F,G,G,6889,100,6889,1,0
G,H,G,7067,100,7067,1,0
A,H,H,9674,100,9674,1,0
B,H,H,13051,100,13051,1,0
C,H,H,7112,100,7112,1,0
D,H,H,1429,100,1429,1,0
E,H,H,9662,100,9662,1,0
F,H,H,13241,100,13241,1,0
G,H,H,7078,100,7078,1,0
A,B,A,7132,100,7132,1,0
A,C,A,7556,100,7556,1,0
A,D,A,9197,100,9197,1,0
A,E,A,1408,100,1408,1,0
A,F,A,7367,100,7367,1,0
A,G,A,7613,100,7613,1,0
A,H,A,9653,100,9653,1,0
A,B,B,7155,100,7155,1,0
B,C,B,6731,100,6731,1,0
B,D,B,12521,100,12521,1,0
B,E,B,7051,100,7051,1,0
B,F,B,1434,100,1434,1,0
B,G,B,6750,100,6750,1,0
B,H,B,13062,100,13062,1,0
A,C,C,7532,100,7532,1,0
B,C,C,6714,100,6714,1,0
C,D,C,6602,100,6602,1,0
C,E,C,7555,100,7555,1,0
C,F,C,7108,100,7108,1,0
C,G,C,1360,100,1360,1,0
C,H,C,7108,100,7108,1,0
A,D,D,9195,100,9195,1,0
B,D,D,12510,100,12510,1,0
C,D,D,6583,100,6583,1,0
D,E,D,9399,100,9399,1,0
D,F,D,12889,100,12889,1,0
D,G,D,6852,100,6852,1,0
D,H,D,1428,100,1428,1,0
A,E,E,1385,100,1385,1,0
B,E,E,7123,100,7123,1,0
C,E,E,7528,100,7528,1,0
D,E,E,9392,100,9392,1,0
E,F,E,7024,100,7024,1,0
E,G,E,7306,100,7306,1,0
E,H,E,9649,100,9649,1,0
A,F,F,7359,100,7359,1,0
B,F,F,1449,100,1449,1,0
C,F,F,7106,100,7106,1,0
D,F,F,12863,100,12863,1,0
E,F,F,7026,100,7026,1,0
F,G,F,6892,100,6892,1,0
F,H,F,13236,100,13236,1,0
A,G,G,7562,100,7562,1,0
B,G,G,6758,100,6758,1,0
C,G,G,1371,100,1371,1,0
D,G,G,6837,100,6837,1,0
E,G,G,7293,100,7293,1,0
F,G,G,6884,100,6884,1,0
G,H,G,7071,100,7071,1,0
A,H,H,9699,100,9699,1,0
B,H,H,13033,100,13033,1,0
C,H,H,7112,100,7112,1,0
D,H,H,1414,100,1414,1,0
E,H,H,9656,100,9656,1,0
F,H,H,13212,100,13212,1,0
G,H,H,7049,100,7049,1,0
A,B,A,7142,100,7142,1,0
A,C,A,7554,100,7554,1,0
A,D,A,9211,100,9211,1,0
A,E,A,1382,100,1382,1,0
A,F,A,7372,100,7372,1,0
A,G,A,7541,100,7541,1,0
A,H,A,9681,100,9681,1,0
A,B,B,7140,100,7140,1,0
B,C,B,6713,100,6713,1,0
B,D,B,12538,100,12538,1,0
B,E,B,7034,100,7034,1,0
B,F,B,1405,100,1405,1,0
B,G,B,6742,100,6742,1,0
B,H,B,13062,100,13062,1,0
A,C,C,7570,100,7570,1,0
B,C,C,6751,100,6751,1,0
C,D,C,6638,100,6638,1,0
C,E,C,7548,100,7548,1,0
C,F,C,7097,100,7097,1,0
C,G,C,1344,100,1344,1,0
C,H,C,7085,100,7085,1,0
A,D,D,9220,100,9220,1,0
B,D,D,12544,100,12544,1,0
C,D,D,6629,100,6629,1,0
D,E,D,9322,100,9322,1,0
D,F,D,12869,100,12869,1,0
D,G,D,6780,100,6780,1,0
D,H,D,1416,100,1416,1,0
A,E,E,1357,100,1357,1,0
B,E,E,7072,100,7072,1,0
C,E,E,7526,100,7526,1,0
D,E,E,9390,100,9390,1,0
E,F,E,6979,100,6979,1,0
E,G,E,7335,100,7335,1,0
E,H,E,9676,100,9676,1,0
A,F,F,7410,100,7410,1,0
B,F,F,1422,100,1422,1,0
C,F,F,7134,100,7134,1,0
D,F,F,12890,100,12890,1,0
E,F,F,7003,100,7003,1,0
F,G,F,6875,100,6875,1,0
F,H,F,13210,100,13210,1,0
A,G,G,7588,100,7588,1,0
B,G,G,6746,100,6746,1,0
C,G,G,1350,100,1350,1,0
D,G,G,6798,100,6798,1,0
E,G,G,7311,100,7311,1,0
F,G,G,6872,100,6872,1,0
G,H,G,7028,100,7028,1,0
A,H,H,9717,100,9717,1,0
B,H,H,13040,100,13040,1,0
C,H,H,7123,100,7123,1,0
D,H,H,1408,100,1408,1,0
E,H,H,9658,100,9658,1,0
F,H,H,13286,100,13286,1,0
G,H,H,7059,100,7059,1,0
A,B,A,7177,100,7177,1,0
A,C,A,7623,100,7623,1,0
A,D,A,9183,100,9183,1,0
A,E,A,1386,100,1386,1,0
A,F,A,7390,100,7390,1,0
A,G,A,7580,100,7580,1,0
A,H,A,9687,100,9687,1,0
A,B,B,7099,100,7099,1,0
B,C,B,6735,100,6735,1,0
B,D,B,12535,100,12535,1,0
B,E,B,7086,100,7086,1,0
B,F,B,1436,100,1436,1,0
B,G,B,6744,100,6744,1,0
B,H,B,13025,100,13025,1,0
A,C,C,7575,100,7575,1,0
B,C,C,6721,100,6721,1,0
C,D,C,6575,100,6575,1,0
C,E,C,7526,100,7526,1,0
C,F,C,7095,100,7095,1,0
C,G,C,1340,100,1340,1,0
C,H,C,7081,100,7081,1,0
A,D,D,9220,100,9220,1,0
B,D,D,12501,100,12501,1,0
C,D,D,6606,100,6606,1,0
D,E,D,9365,100,9365,1,0
D,F,D,12828,100,12828,1,0
D,G,D,6798,100,6798,1,0
D,H,D,1443,100,1443,1,0
A,E,E,1376,100,1376,1,0
B,E,E,7029,100,7029,1,0
C,E,E,7506,100,7506,1,0
D,E,E,9421,100,9421,1,0
E,F,E,7003,100,7003,1,0
E,G,E,7320,100,7320,1,0
E,H,E,9649,100,9649,1,0
A,F,F,7366,100,7366,1,0
B,F,F,1437,100,1437,1,0
C,F,F,7126,100,7126,1,0
D,F,F,12857,100,12857,1,0
E,F,F,7019,100,7019,1,0
F,G,F,6895,100,6895,1,0
F,H,F,13257,100,13257,1,0
A,G,G,7562,100,7562,1,0
B,G,G,6759,100,6759,1,0
C,G,G,1374,100,1374,1,0
D,G,G,6795,100,6795,1,0
E,G,G,7317,100,7317,1,0
F,G,G,6891,100,6891,1,0
G,H,G,7032,100,7032,1,0
A,H,H,9673,100,9673,1,0
B,H,H,13057,100,13057,1,0
C,H,H,7132,100,7132,1,0
D,H,H,1462,100,1462,1,0
E,H,H,9643,100,9643,1,0
F,H,H,13289,100,13289,1,0
G,H,H,7056,100,7056,1,0
A,B,A,7154,100,7154,1,0
A,C,A,7611,100,7611,1,0
A,D,A,9177,100,9177,1,0
A,E,A,1357,100,1357,1,0
A,F,A,7350,100,7350,1,0
A,G,A,7611,100,7611,1,0
A,H,A,9695,100,9695,1,0
A,B,B,7151,100,7151,1,0
B,C,B,6703,100,6703,1,0
B,D,B,12534,100,12534,1,0
B,E,B,7066,100,7066,1,0
B,F,B,1422,100,1422,1,0
B,G,B,6768,100,6768,1,0
B,H,B,13059,100,13059,1,0
A,C,C,7519,100,7519,1,0
B,C,C,6773,100,6773,1,0
C,D,C,6592,100,6592,1,0
C,E,C,7492,100,7492,1,0
C,F,C,7116,100,7116,1,0
C,G,C,1345,100,1345,1,0
C,H,C,7107,100,7107,1,0
A,D,D,9195,100,9195,1,0
B,D,D,12535,100,12535,1,0
C,D,D,6631,100,6631,1,0
D,E,D,9420,100,9420,1,0
D,F,D,12857,100,12857,1,0
D,G,D,6801,100,6801,1,0
D,H,D,1449,100,1449,1,0
A,E,E,1410,100,1410,1,0
B,E,E,7032,100,7032,1,0
C,E,E,7547,100,7547,1,0
D,E,E,9354,100,9354,1,0
E,F,E,6986,100,6986,1,0
E,G,E,7302,100,7302,1,0
E,H,E,9666,100,9666,1,0
A,F,F,7426,100,7426,1,0
B,F,F,1472,100,1472,1,0
C,F,F,7115,100,7115,1,0
D,F,F,12882,100,12882,1,0
E,F,F,7012,100,7012,1,0
F,G,F,6895,100,6895,1,0
F,H,F,13264,100,13264,1,0
A,G,G,7549,100,7549,1,0
B,G,G,6751,100,6751,1,0
C,G,G,1367,100,1367,1,0
D,G,G,6816,100,6816,1,0
E,G,G,7299,100,7299,1,0
F,G,G,6880,100,6880,1,0
G,H,G,7020,100,7020,1,0
A,H,H,9707,100,9707,1,0
B,H,H,13018,100,13018,1,0
C,H,H,7095,100,7095,1,0
D,H,H,1419,100,1419,1,0
E,H,H,9650,100,9650,1,0
F,H,H,13209,100,13209,1,0
G,H,H,7071,100,7071,1,0
A,B,A,7171,100,7171,1,0
A,C,A,7593,100,7593,1,0
A,D,A,9209,100,9209,1,0
A,E,A,1416,100,1416,1,0
A,F,A,7357,100,7357,1,0
A,G,A,7623,100,7623,1,0
A,H,A,9748,100,9748,1,0
A,B,B,7190,100,7190,1,0
B,C,B,6712,100,6712,1,0
B,D,B,12557,100,12557,1,0
B,E,B,7026,100,7026,1,0
B,F,B,1447,100,1447,1,0
B,G,B,6795,100,6795,1,0
B,H,B,13022,100,13022,1,0
A,C,C,7575,100,7575,1,0
B,C,C,6706,100,6706,1,0
C,D,C,6618,100,6618,1,0
C,E,C,7474,100,7474,1,0
C,F,C,7111,100,7111,1,0
C,G,C,1323,100,1323,1,0
C,H,C,7111,100,7111,1,0
A,D,D,9191,100,9191,1,0
B,D,D,12528,100,12528,1,0
C,D,D,6581,100,6581,1,0
D,E,D,9373,100,9373,1,0
D,F,D,12888,100,12888,1,0
D,G,D,6862,100,6862,1,0
D,H,D,1467,100,1467,1,0
A,E,E,1354,100,1354,1,0
B,E,E,7042,100,7042,1,0
C,E,E,7545,100,7545,1,0
D,E,E,9310,100,9310,1,0
E,F,E,7023,100,7023,1,0
E,G,E,7309,100,7309,1,0
E,H,E,9698,100,9698,1,0
A,F,F,7371,100,7371,1,0
B,F,F,1446,100,1446,1,0
C,F,F,7109,100,7109,1,0
D,F,F,12853,100,12853,1,0
E,F,F,6991,100,6991,1,0
F,G,F,6865,100,6865,1,0
F,H,F,13248,100,13248,1,0
A,G,G,7572,100,7572,1,0
B,G,G,6720,100,6720,1,0
C,G,G,1341,100,1341,1,0
D,G,G,6844,100,6844,1,0
E,G,G,7295,100,7295,1,0
F,G,G,6890,100,6890,1,0
G,H,G,7098,100,7098,1,0
A,H,H,9696,100,9696,1,0
B,H,H,13015,100,13015,1,0
C,H,H,7141,100,7141,1,0
D,H,H,1411,100,1411,1,0
E,H,H,9652,100,9652,1,0
F,H,H,13219,100,13219,1,0
G,H,H,7043,100,7043,1,0
A,B,A,7149,100,7149,1,0
A,C,A,7523,100,7523,1,0
A,D,A,9214,100,9214,1,0
A,E,A,1422,100,1422,1,0
A,F,A,7387,100,7387,1,0
A,G,A,7619,100,7619,1,0
A,H,A,9689,100,9689,1,0
A,B,B,7176,100,7176,1,0
B,C,B,6717,100,6717,1,0
B,D,B,12583,100,12583,1,0
B,E,B,7082,100,7082,1,0
B,F,B,1444,100,1444,1,0
B,G,B,6772,100,6772,1,0
B,H,B,13025,100,13025,1,0
A,C,C,7619,100,7619,1,0
B,C,C,6719,100,6719,1,0
C,D,C,6648,100,6648,1,0
C,E,C,7519,100,7519,1,0
C,F,C,7106,100,7106,1,0
C,G,C,1397,100,1397,1,0
C,H,C,7162,100,7162,1,0
A,D,D,9201,100,9201,1,0
B,D,D,12521,100,12521,1,0
C,D,D,6587,100,6587,1,0
D,E,D,9349,100,9349,1,0
D,F,D,12891,100,12891,1,0
D,G,D,6832,100,6832,1,0
D,H,D,1448,100,1448,1,0
A,E,E,1360,100,1360,1,0
B,E,E,7067,100,7067,1,0
C,E,E,7533,100,7533,1,0
D,E,E,9373,100,9373,1,0
E,F,E,7000,100,7000,1,0
E,G,E,7293,100,7293,1,0
E,H,E,9652,100,9652,1,0
A,F,F,7376,100,7376,1,0
B,F,F,1490,100,1490,1,0
C,F,F,7137,100,7137,1,0
D,F,F,12837,100,12837,1,0
E,F,F,6981,100,6981,1,0
F,G,F,6893,100,6893,1,0
F,H,F,13249,100,13249,1,0
A,G,G,7582,100,7582,1,0
B,G,G,6743,100,6743,1,0
C,G,G,1349,100,1349,1,0
D,G,G,6823,100,6823,1,0
E,G,G,7282,100,7282,1,0
F,G,G,6878,100,6878,1,0
G,H,G,7022,100,7022,1,0
A,H,H,9755,100,9755,1,0
B,H,H,13031,100,13031,1,0
C,H,H,7083,100,7083,1,0
D,H,H,1470,100,1470,1,0
E,H,H,9675,100,9675,1,0
F,H,H,13213,100,13213,1,0
G,H,H,7040,100,7040,1,0
A,B,A,7149,100,7149,1,0
A,C,A,7599,100,7599,1,0
A,D,A,9214,100,9214,1,0
A,E,A,1404,100,1404,1,0
A,F,A,7380,100,7380,1,0
A,G,A,7544,100,7544,1,0
A,H,A,9709,100,9709,1,0
A,B,B,7146,100,7146,1,0
B,C,B,6682,100,6682,1,0
B,D,B,12528,100,12528,1,0
B,E,B,7011,100,7011,1,0
B,F,B,1425,100,1425,1,0
B,G,B,6742,100,6742,1,0
B,H,B,13005,100,13005,1,0
A,C,C,7608,100,7608,1,0
B,C,C,6708,100,6708,1,0
C,D,C,6627,100,6627,1,0
C,E,C,7583,100,7583,1,0
C,F,C,7096,100,7096,1,0
C,G,C,1362,100,1362,1,0
C,H,C,7081,100,7081,1,0
A,D,D,9182,100,9182,1,0
B,D,D,12536,100,12536,1,0
C,D,D,6615,100,6615,1,0
D,E,D,9392,100,9392,1,0
D,F,D,12863,100,12863,1,0
D,G,D,6801,100,6801,1,0
D,H,D,1370,100,1370,1,0
A,E,E,1404,100,1404,1,0
B,E,E,7008,100,7008,1,0
C,E,E,7551,100,7551,1,0
D,E,E,9333,100,9333,1,0
E,F,E,6984,100,6984,1,0
E,G,E,7318,100,7318,1,0
E,H,E,9635,100,9635,1,0
A,F,F,7426,100,7426,1,0
B,F,F,1426,100,1426,1,0
C,F,F,7121,100,7121,1,0
D,F,F,12855,100,12855,1,0
E,F,F,6987,100,6987,1,0
F,G,F,6866,100,6866,1,0
F,H,F,13272,100,13272,1,0
A,G,G,7588,100,7588,1,0
B,G,G,6765,100,6765,1,0
C,G,G,1349,100,1349,1,0
D,G,G,6821,100,6821,1,0
E,G,G,7310,100,7310,1,0
F,G,G,6883,100,6883,1,0
G,H,G,7043,100,7043,1,0
A,H,H,9673,100,9673,1,0
B,H,H,13086,100,13086,1,0
C,H,H,7075,100,7075,1,0
D,H,H,1437,100,1437,1,0
E,H,H,9648,100,9648,1,0
F,H,H,13243,100,13243,1,0
G,H,H,7054,100,7054,1,0
A,B,A,7141,100,7141,1,0
A,C,A,7595,100,7595,1,0
A,D,A,9185,100,9185,1,0
A,E,A,1412,100,1412,1,0
A,F,A,7377,100,7377,1,0
A,G,A,7608,100,7608,1,0
A,H,A,9730,100,9730,1,0
A,B,B,7146,100,7146,1,0
B,C,B,6724,100,6724,1,0
B,D,B,12516,100,12516,1,0
B,E,B,7042,100,7042,1,0
B,F,B,1431,100,1431,1,0
B,G,B,6706,100,6706,1,0
B,H,B,13083,100,13083,1,0
A,C,C,7580,100,7580,1,0
B,C,C,6759,100,6759,1,0
C,D,C,6609,100,6609,1,0
C,E,C,7573,100,7573,1,0
C,F,C,7148,100,7148,1,0
C,G,C,1313,100,1313,1,0
C,H,C,7142,100,7142,1,0
A,D,D,9191,100,9191,1,0
B,D,D,12514,100,12514,1,0
C,D,D,6591,100,6591,1,0
D,E,D,9351,100,9351,1,0
D,F,D,12850,100,12850,1,0
D,G,D,6809,100,6809,1,0
D,H,D,1475,100,1475,1,0
A,E,E,1356,100,1356,1,0
B,E,E,7015,100,7015,1,0
C,E,E,7553,100,7553,1,0
D,E,E,9249,100,9249,1,0
E,F,E,7022,100,7022,1,0
E,G,E,7293,100,7293,1,0
E,H,E,9635,100,9635,1,0
A,F,F,7358,100,7358,1,0
B,F,F,1427,100,1427,1,0
C,F,F,7123,100,7123,1,0
D,F,F,12854,100,12854,1,0
E,F,F,6977,100,6977,1,0
F,G,F,6894,100,6894,1,0
F,H,F,13267,100,13267,1,0
A,G,G,7623,100,7623,1,0
B,G,G,6742,100,6742,1,0
C,G,G,1388,100,1388,1,0
D,G,G,6797,100,6797,1,0
E,G,G,7305,100,7305,1,0
F,G,G,6886,100,6886,1,0
G,H,G,7078,100,7078,1,0
A,H,H,9727,100,9727,1,0
B,H,H,13055,100,13055,1,0
C,H,H,7092,100,7092,1,0
D,H,H,1465,100,1465,1,0
E,H,H,9672,100,9672,1,0
F,H,H,13258,100,13258,1,0
G,H,H,7070,100,7070,1,0
A,B,A,7187,100,7187,1,0
A,C,A,7613,100,7613,1,0
A,D,A,9203,100,9203,1,0
A,E,A,1350,100,1350,1,0
A,F,A,7360,100,7360,1,0
A,G,A,7632,100,7632,1,0
A,H,A,9677,100,9677,1,0
A,B,B,7121,100,7121,1,0
B,C,B,6741,100,6741,1,0
B,D,B,12521,100,12521,1,0
B,E,B,7042,100,7042,1,0
B,F,B,1432,100,1432,1,0
B,G,B,6746,100,6746,1,0
B,H,B,13038,100,13038,1,0
A,C,C,7552,100,7552,1,0
B,C,C,6688,100,6688,1,0
C,D,C,6625,100,6625,1,0
C,E,C,7492,100,7492,1,0
C,F,C,7099,100,7099,1,0
C,G,C,1324,100,1324,1,0
C,H,C,7102,100,7102,1,0
A,D,D,9191,100,9191,1,0
B,D,D,12563,100,12563,1,0
C,D,D,6615,100,6615,1,0
D,E,D,9352,100,9352,1,0
D,F,D,12869,100,12869,1,0
D,G,D,6831,100,6831,1,0
D,H,D,1489,100,1489,1,0
A,E,E,1334,100,1334,1,0
B,E,E,7045,100,7045,1,0
C,E,E,7525,100,7525,1,0
D,E,E,9345,100,9345,1,0
E,F,E,7018,100,7018,1,0
E,G,E,7306,100,7306,1,0
E,H,E,9666,100,9666,1,0
A,F,F,7384,100,7384,1,0
B,F,F,1470,100,1470,1,0
C,F,F,7095,100,7095,1,0
D,F,F,12866,100,12866,1,0
E,F,F,6994,100,6994,1,0
F,G,F,6895,100,6895,1,0
F,H,F,13274,100,13274,1,0
A,G,G,7573,100,7573,1,0
B,G,G,6803,100,6803,1,0
C,G,G,1385,100,1385,1,0
D,G,G,6805,100,6805,1,0
E,G,G,7293,100,7293,1,0
F,G,G,6862,100,6862,1,0
G,H,G,7031,100,7031,1,0
A,H,H,9713,100,9713,1,0
B,H,H,13061,100,13061,1,0
C,H,H,7086,100,7086,1,0
D,H,H,1450,100,1450,1,0
E,H,H,9670,100,9670,1,0
F,H,H,13243,100,13243,1,0
G,H,H,7054,100,7054,1,0
A,B,A,7130,100,7130,1,0
A,C,A,7553,100,7553,1,0
A,D,A,9192,100,9192,1,0
A,E,A,1366,100,1366,1,0
A,F,A,7352,100,7352,1,0
A,G,A,7529,100,7529,1,0
A,H,A,9735,100,9735,1,0
A,B,B,7157,100,7157,1,0
B,C,B,6727,100,6727,1,0
B,D,B,12511,100,12511,1,0
B,E,B,7055,100,7055,1,0
B,F,B,1439,100,1439,1,0
B,G,B,6736,100,6736,1,0
B,H,B,13081,100,13081,1,0
A,C,C,7553,100,7553,1,0
B,C,C,6696,100,6696,1,0
C,D,C,6641,100,6641,1,0
C,E,C,7553,100,7553,1,0
C,F,C,7123,100,7123,1,0
C,G,C,1329,100,1329,1,0
C,H,C,7100,100,7100,1,0
A,D,D,9193,100,9193,1,0
B,D,D,12522,100,12522,1,0
C,D,D,6595,100,6595,1,0
D,E,D,9265,100,9265,1,0
D,F,D,12878,100,12878,1,0
D,G,D,6806,100,6806,1,0
D,H,D,1451,100,1451,1,0
A,E,E,1412,100,1412,1,0
B,E,E,7050,100,7050,1,0
C,E,E,7531,100,7531,1,0
D,E,E,9316,100,9316,1,0
E,F,E,6997,100,6997,1,0
E,G,E,7314,100,7314,1,0
E,H,E,9708,100,9708,1,0
A,F,F,7366,100,7366,1,0
B,F,F,1408,100,1408,1,0
C,F,F,7127,100,7127,1,0
D,F,F,12875,100,12875,1,0
E,F,F,6992,100,6992,1,0
F,G,F,6888,100,6888,1,0
F,H,F,13263,100,13263,1,0
A,G,G,7535,100,7535,1,0
B,G,G,6734,100,6734,1,0
C,G,G,1331,100,1331,1,0
D,G,G,6806,100,6806,1,0
E,G,G,7330,100,7330,1,0
F,G,G,6888,100,6888,1,0
G,H,G,7043,100,7043,1,0
A,H,H,9675,100,9675,1,0
B,H,H,13038,100,13038,1,0
C,H,H,7139,100,7139,1,0
D,H,H,1431,100,1431,1,0
E,H,H,9659,100,9659,1,0
F,H,H,13225,100,13225,1,0
G,H,H,7047,100,7047,1,0
A,B,A,7147,100,7147,1,0
A,C,A,7556,100,7556,1,0
A,D,A,9205,100,9205,1,0
A,E,A,1331,100,1331,1,0
A,F,A,7362,100,7362,1,0
A,G,A,7553,100,7553,1,0
A,H,A,9732,100,9732,1,0
A,B,B,7126,100,7126,1,0
B,C,B,6697,100,6697,1,0
B,D,B,12529,100,12529,1,0
B,E,B,7036,100,7036,1,0
B,F,B,1458,100,1458,1,0
B,G,B,6772,100,6772,1,0
B,H,B,13062,100,13062,1,0
A,C,C,7588,100,7588,1,0
B,C,C,6703,100,6703,1,0
C,D,C,6632,100,6632,1,0
C,E,C,7561,100,7561,1,0
C,F,C,7113,100,7113,1,0
C,G,C,1354,100,1354,1,0
C,H,C,7111,100,7111,1,0
A,D,D,9195,100,9195,1,0
B,D,D,12532,100,12532,1,0
C,D,D,6568,100,6568,1,0
D,E,D,9336,100,9336,1,0
D,F,D,12912,100,12912,1,0
D,G,D,6823,100,6823,1,0
D,H,D,1442,100,1442,1,0
A,E,E,1381,100,1381,1,0
B,E,E,7013,100,7013,1,0
C,E,E,7608,100,7608,1,0
D,E,E,9335,100,9335,1,0
E,F,E,7030,100,7030,1,0
E,G,E,7280,100,7280,1,0
E,H,E,9678,100,9678,1,0
A,F,F,7330,100,7330,1,0
B,F,F,1438,100,1438,1,0
C,F,F,7134,100,7134,1,0
D,F,F,12877,100,12877,1,0
E,F,F,7014,100,7014,1,0
F,G,F,6872,100,6872,1,0
F,H,F,13211,100,13211,1,0
A,G,G,7595,100,7595,1,0
B,G,G,6733,100,6733,1,0
C,G,G,1390,100,1390,1,0
D,G,G,6800,100,6800,1,0
E,G,G,7296,100,7296,1,0
F,G,G,6848,100,6848,1,0
G,H,G,7031,100,7031,1,0
A,H,H,9697,100,9697,1,0
B,H,H,13074,100,13074,1,0
C,H,H,7156,100,7156,1,0
D,H,H,1469,100,1469,1,0
E,H,H,9658,100,9658,1,0
F,H,H,13265,100,13265,1,0
G,H,H,7071,100,7071,1,0
A,B,A,7127,100,7127,1,0
A,C,A,7630,100,7630,1,0
A,D,A,9176,100,9176,1,0
A,E,A,1419,100,1419,1,0
A,F,A,7388,100,7388,1,0
A,G,A,7545,100,7545,1,0
A,H,A,9719,100,9719,1,0
A,B,B,7180,100,7180,1,0
B,C,B,6738,100,6738,1,0
B,D,B,12540,100,12540,1,0
B,E,B,7064,100,7064,1,0
B,F,B,1400,100,1400,1,0
B,G,B,6764,100,6764,1,0
B,H,B,13091,100,13091,1,0
A,C,C,7605,100,7605,1,0
B,C,C,6689,100,6689,1,0
C,D,C,6617,100,6617,1,0
C,E,C,7562,100,7562,1,0
C,F,C,7132,100,7132,1,0
C,G,C,1379,100,1379,1,0
C,H,C,7122,100,7122,1,0
A,D,D,9216,100,9216,1,0
B,D,D,12509,100,12509,1,0
C,D,D,6600,100,6600,1,0
D,E,D,9362,100,9362,1,0
D,F,D,12856,100,12856,1,0
D,G,D,6825,100,6825,1,0
D,H,D,1494,100,1494,1,0
A,E,E,1382,100,1382,1,0
B,E,E,7037,100,7037,1,0
C,E,E,7516,100,7516,1,0
D,E,E,9354,100,9354,1,0
E,F,E,7004,100,7004,1,0
E,G,E,7307,100,7307,1,0
E,H,E,9644,100,9644,1,0
A,F,F,7372,100,7372,1,0
B,F,F,1434,100,1434,1,0
C,F,F,7133,100,7133,1,0
D,F,F,12866,100,12866,1,0
E,F,F,7065,100,7065,1,0
F,G,F,6912,100,6912,1,0
F,H,F,13201,100,13201,1,0
A,G,G,7599,100,7599,1,0
B,G,G,6751,100,6751,1,0
C,G,G,1338,100,1338,1,0
D,G,G,6799,100,6799,1,0
E,G,G,7270,100,7270,1,0
F,G,G,6915,100,6915,1,0
G,H,G,7078,100,7078,1,0
A,H,H,9661,100,9661,1,0
B,H,H,13057,100,13057,1,0
C,H,H,7123,100,7123,1,0
D,H,H,1399,100,1399,1,0
E,H,H,9669,100,9669,1,0
F,H,H,13237,100,13237,1,0
G,H,H,7044,100,7044,1,0
A,B,A,7146,100,7146,1,0
A,C,A,7586,100,7586,1,0
A,D,A,9194,100,9194,1,0
A,E,A,1400,100,1400,1,0
A,F,A,7364,100,7364,1,0
A,G,A,7570,100,7570,1,0
A,H,A,9670,100,9670,1,0
A,B,B,7126,100,7126,1,0
B,C,B,6720,100,6720,1,0
B,D,B,12539,100,12539,1,0
B,E,B,7060,100,7060,1,0
B,F,B,1420,100,1420,1,0
B,G,B,6724,100,6724,1,0
B,H,B,13021,100,13021,1,0
A,C,C,7586,100,7586,1,0
B,C,C,6712,100,6712,1,0
C,D,C,6613,100,6613,1,0
C,E,C,7548,100,7548,1,0
C,F,C,7123,100,7123,1,0
C,G,C,1396,100,1396,1,0
C,H,C,7101,100,7101,1,0
A,D,D,9189,100,9189,1,0
B,D,D,12546,100,12546,1,0
C,D,D,6611,100,6611,1,0
D,E,D,9393,100,9393,1,0
D,F,D,12895,100,12895,1,0
D,G,D,6756,100,6756,1,0
D,H,D,1427,100,1427,1,0
A,E,E,1378,100,1378,1,0
B,E,E,7015,100,7015,1,0
C,E,E,7570,100,7570,1,0
D,E,E,9352,100,9352,1,0
E,F,E,7009,100,7009,1,0
E,G,E,7300,100,7300,1,0
E,H,E,9632,100,9632,1,0
A,F,F,7374,100,7374,1,0
B,F,F,1432,100,1432,1,0
C,F,F,7128,100,7128,1,0
D,F,F,12879,100,12879,1,0
E,F,F,6988,100,6988,1,0
F,G,F,6874,100,6874,1,0
F,H,F,13254,100,13254,1,0
A,G,G,7559,100,7559,1,0
B,G,G,6732,100,6732,1,0
C,G,G,1373,100,1373,1,0
D,G,G,6785,100,6785,1,0
E,G,G,7310,100,7310,1,0
F,G,G,6912,100,6912,1,0
G,H,G,7068,100,7068,1,0
A,H,H,9677,100,9677,1,0
B,H,H,13020,100,13020,1,0
C,H,H,7107,100,7107,1,0
D,H,H,1479,100,1479,1,0
E,H,H,9659,100,9659,1,0
F,H,H,13226,100,13226,1,0
G,H,H,7064,100,7064,1,0
A,B,A,7129,100,7129,1,0
A,C,A,7592,100,7592,1,0
A,D,A,9209,100,9209,1,0
A,E,A,1359,100,1359,1,0
A,F,A,7329,100,7329,1,0
A,G,A,7550,100,7550,1,0
A,H,A,9729,100,9729,1,0
A,B,B,7139,100,7139,1,0
B,C,B,6745,100,6745,1,0
B,D,B,12566,100,12566,1,0
B,E,B,7057,100,7057,1,0
B,F,B,1384,100,1384,1,0
B,G,B,6775,100,6775,1,0
B,H,B,13031,100,13031,1,0
A,C,C,7589,100,7589,1,0
B,C,C,6753,100,6753,1,0
C,D,C,6602,100,6602,1,0
C,E,C,7545,100,7545,1,0
C,F,C,7158,100,7158,1,0
C,G,C,1380,100,1380,1,0
C,H,C,7098,100,7098,1,0
A,D,D,9214,100,9214,1,0
B,D,D,12574,100,12574,1,0
C,D,D,6620,100,6620,1,0
D,E,D,9345,100,9345,1,0
D,F,D,12828,100,12828,1,0
D,G,D,6770,100,6770,1,0
D,H,D,1445,100,1445,1,0
A,E,E,1377,100,1377,1,0
B,E,E,7000,100,7000,1,0
C,E,E,7521,100,7521,1,0
D,E,E,9405,100,9405,1,0
E,F,E,7015,100,7015,1,0
E,G,E,7286,100,7286,1,0
E,H,E,9642,100,9642,1,0
A,F,F,7386,100,7386,1,0
B,F,F,1461,100,1461,1,0
C,F,F,7135,100,7135,1,0
D,F,F,12868,100,12868,1,0
E,F,F,7005,100,7005,1,0
F,G,F,6883,100,6883,1,0
F,H,F,13197,100,13197,1,0
A,G,G,7559,100,7559,1,0
B,G,G,6739,100,6739,1,0
C,G,G,1318,100,1318,1,0
D,G,G,6782,100,6782,1,0
E,G,G,7302,100,7302,1,0
F,G,G,6910,100,6910,1,0
G,H,G,7033,100,7033,1,0
A,H,H,9724,100,9724,1,0
B,H,H,13040,100,13040,1,0
C,H,H,7126,100,7126,1,0
D,H,H,1503,100,1503,1,0
E,H,H,9690,100,9690,1,0
F,H,H,13217,100,13217,1,0
G,H,H,7045,100,7045,1,0
A,B,A,7183,100,7183,1,0
A,C,A,7528,100,7528,1,0
A,D,A,9177,100,9177,1,0
A,E,A,1392,100,1392,1,0
A,F,A,7315,100,7315,1,0
A,G,A,7577,100,7577,1,0
A,H,A,9692,100,9692,1,0
A,B,B,7147,100,7147,1,0
B,C,B,6760,100,6760,1,0
B,D,B,12497,100,12497,1,0
B,E,B,7060,100,7060,1,0
B,F,B,1404,100,1404,1,0
B,G,B,6727,100,6727,1,0
B,H,B,13051,100,13051,1,0
A,C,C,7599,100,7599,1,0
B,C,C,6726,100,6726,1,0
C,D,C,6553,100,6553,1,0
C,E,C,7581,100,7581,1,0
C,F,C,7114,100,7114,1,0
C,G,C,1399,100,1399,1,0
C,H,C,7167,100,7167,1,0
A,D,D,9170,100,9170,1,0
B,D,D,12531,100,12531,1,0
C,D,D,6587,100,6587,1,0
D,E,D,9342,100,9342,1,0
D,F,D,12872,100,12872,1,0
D,G,D,6812,100,6812,1,0
D,H,D,1445,100,1445,1,0
A,E,E,1340,100,1340,1,0
B,E,E,7037,100,7037,1,0
C,E,E,7543,100,7543,1,0
D,E,E,9344,100,9344,1,0
E,F,E,6989,100,6989,1,0
E,G,E,7307,100,7307,1,0
E,H,E,9639,100,9639,1,0
A,F,F,7380,100,7380,1,0
B,F,F,1418,100,1418,1,0
C,F,F,7114,100,7114,1,0
D,F,F,12889,100,12889,1,0
E,F,F,7005,100,7005,1,0
F,G,F,6900,100,6900,1,0
F,H,F,13255,100,13255,1,0
A,G,G,7606,100,7606,1,0
B,G,G,6712,100,6712,1,0
C,G,G,1349,100,1349,1,0
D,G,G,6827,100,6827,1,0
E,G,G,7279,100,7279,1,0
F,G,G,6874,100,6874,1,0
G,H,G,7087,100,7087,1,0
A,H,H,9690,100,9690,1,0
B,H,H,13067,100,13067,1,0
C,H,H,7132,100,7132,1,0
D,H,H,1451,100,1451,1,0
E,H,H,9639,100,9639,1,0
F,H,H,13229,100,13229,1,0
G,H,H,7064,100,7064,1,0
A,B,A,7124,100,7124,1,0
A,C,A,7610,100,7610,1,0
A,D,A,9199,100,9199,1,0
A,E,A,1418,100,1418,1,0
A,F,A,7383,100,7383,1,0
A,G,A,7606,100,7606,1,0
A,H,A,9716,100,9716,1,0
A,B,B,7150,100,7150,1,0
B,C,B,6713,100,6713,1,0
B,D,B,12524,100,12524,1,0
B,E,B,7062,100,7062,1,0
B,F,B,1422,100,1422,1,0
B,G,B,6773,100,6773,1,0
B,H,B,13024,100,13024,1,0
A,C,C,7556,100,7556,1,0
B,C,C,6740,100,6740,1,0
C,D,C,6617,100,6617,1,0
C,E,C,7492,100,7492,1,0
C,F,C,7112,100,7112,1,0
C,G,C,1323,100,1323,1,0
C,H,C,7089,100,7089,1,0
A,D,D,9218,100,9218,1,0
B,D,D,12526,100,12526,1,0
C,D,D,6596,100,6596,1,0
D,E,D,9339,100,9339,1,0
D,F,D,12888,100,12888,1,0
D,G,D,6827,100,6827,1,0
D,H,D,1435,100,1435,1,0
A,E,E,1299,100,1299,1,0
B,E,E,7014,100,7014,1,0
C,E,E,7548,100,7548,1,0
D,E,E,9316,100,9316,1,0
E,F,E,7029,100,7029,1,0
E,G,E,7320,100,7320,1,0
E,H,E,9670,100,9670,1,0
A,F,F,7368,100,7368,1,0
B,F,F,1405,100,1405,1,0
C,F,F,7109,100,7109,1,0
D,F,F,12836,100,12836,1,0
E,F,F,7015,100,7015,1,0
F,G,F,6885,100,6885,1,0
F,H,F,13233,100,13233,1,0
A,G,G,7599,100,7599,1,0
B,G,G,6767,100,6767,1,0
C,G,G,1387,100,1387,1,0
D,G,G,6849,100,6849,1,0
E,G,G,7276,100,7276,1,0
F,G,G,6868,100,6868,1,0
G,H,G,7042,100,7042,1,0
A,H,H,9678,100,9678,1,0
B,H,H,12993,100,12993,1,0
C,H,H,7086,100,7086,1,0
D,H,H,1426,100,1426,1,0
E,H,H,9658,100,9658,1,0
F,H,H,13241,100,13241,1,0
G,H,H,7070,100,7070,1,0
A,B,A,7162,100,7162,1,0
A,C,A,7560,100,7560,1,0
A,D,A,9230,100,9230,1,0
A,E,A,1385,100,1385,1,0
A,F,A,7397,100,7397,1,0
A,G,A,7525,100,7525,1,0
A,H,A,9697,100,9697,1,0
A,B,B,7178,100,7178,1,0
B,C,B,6731,100,6731,1,0
B,D,B,12525,100,12525,1,0
B,E,B,7062,100,7062,1,0
B,F,B,1460,100,1460,1,0
B,G,B,6757,100,6757,1,0
B,H,B,13064,100,13064,1,0
A,C,C,7553,100,7553,1,0
B,C,C,6735,100,6735,1,0
C,D,C,6627,100,6627,1,0
C,E,C,7583,100,7583,1,0
C,F,C,7109,100,7109,1,0
C,G,C,1347,100,1347,1,0
C,H,C,7078,100,7078,1,0
A,D,D,9206,100,9206,1,0
B,D,D,12549,100,12549,1,0
C,D,D,6594,100,6594,1,0
D,E,D,9315,100,9315,1,0
D,F,D,12877,100,12877,1,0
D,G,D,6843,100,6843,1,0
D,H,D,1449,100,1449,1,0
A,E,E,1343,100,1343,1,0
B,E,E,7019,100,7019,1,0
C,E,E,7540,100,7540,1,0
D,E,E,9334,100,9334,1,0
E,F,E,7004,100,7004,1,0
E,G,E,7327,100,7327,1,0
E,H,E,9651,100,9651,1,0
A,F,F,7338,100,7338,1,0
B,F,F,1449,100,1449,1,0
C,F,F,7139,100,7139,1,0
D,F,F,12890,100,12890,1,0
E,F,F,7029,100,7029,1,0
F,G,F,6864,100,6864,1,0
F,H,F,13190,100,13190,1,0
A,G,G,7599,100,7599,1,0
B,G,G,6747,100,6747,1,0
C,G,G,1341,100,1341,1,0
D,G,G,6835,100,6835,1,0
E,G,G,7360,100,7360,1,0
F,G,G,6903,100,6903,1,0
G,H,G,7051,100,7051,1,0
A,H,H,9755,100,9755,1,0
B,H,H,13081,100,13081,1,0
C,H,H,7112,100,7112,1,0
D,H,H,1428,100,1428,1,0
E,H,H,9661,100,9661,1,0
F,H,H,13223,100,13223,1,0
G,H,H,7067,100,7067,1,0
A,B,A,7139,100,7139,1,0
A,C,A,7508,100,7508,1,0
A,D,A,9199,100,9199,1,0
A,E,A,1353,100,1353,1,0
A,F,A,7367,100,7367,1,0
A,G,A,7512,100,7512,1,0
A,H,A,9715,100,9715,1,0
A,B,B,7177,100,7177,1,0
B,C,B,6724,100,6724,1,0
B,D,B,12556,100,12556,1,0
B,E,B,7073,100,7073,1,0
B,F,B,1439,100,1439,1,0
B,G,B,6760,100,6760,1,0
B,H,B,13042,100,13042,1,0
A,C,C,7585,100,7585,1,0
B,C,C,6720,100,6720,1,0
C,D,C,6586,100,6586,1,0
C,E,C,7549,100,7549,1,0
C,F,C,7096,100,7096,1,0
C,G,C,1403,100,1403,1,0
C,H,C,7074,100,7074,1,0
A,D,D,9164,100,9164,1,0
B,D,D,12522,100,12522,1,0
C,D,D,6571,100,6571,1,0
D,E,D,9340,100,9340,1,0
D,F,D,12874,100,12874,1,0
D,G,D,6774,100,6774,1,0
D,H,D,1429,100,1429,1,0
A,E,E,1321,100,1321,1,0
B,E,E,7050,100,7050,1,0
C,E,E,7549,100,7549,1,0
D,E,E,9366,100,9366,1,0
E,F,E,6969,100,6969,1,0
E,G,E,7298,100,7298,1,0
E,H,E,9647,100,9647,1,0
A,F,F,7415,100,7415,1,0
B,F,F,1435,100,1435,1,0
C,F,F,7147,100,7147,1,0
D,F,F,12850,100,12850,1,0
E,F,F,6997,100,6997,1,0
F,G,F,6865,100,6865,1,0
F,H,F,13250,100,13250,1,0
A,G,G,7572,100,7572,1,0
B,G,G,6772,100,6772,1,0
C,G,G,1306,100,1306,1,0
D,G,G,6826,100,6826,1,0
E,G,G,7312,100,7312,1,0
F,G,G,6885,100,6885,1,0
G,H,G,7039,100,7039,1,0
A,H,H,9686,100,9686,1,0
B,H,H,13065,100,13065,1,0
C,H,H,7096,100,7096,1,0
D,H,H,1475,100,1475,1,0
E,H,H,9633,100,9633,1,0
F,H,H,13230,100,13230,1,0
G,H,H,7022,100,7022,1,0
A,B,A,7134,100,7134,1,0
A,C,A,7552,100,7552,1,0
A,D,A,9189,100,9189,1,0
A,E,A,1350,100,1350,1,0
A,F,A,7375,100,7375,1,0
A,G,A,7562,100,7562,1,0
A,H,A,9672,100,9672,1,0
A,B,B,7136,100,7136,1,0
B,C,B,6731,100,6731,1,0
B,D,B,12578,100,12578,1,0
B,E,B,7031,100,7031,1,0
B,F,B,1418,100,1418,1,0
B,G,B,6725,100,6725,1,0
B,H,B,13054,100,13054,1,0
A,C,C,7576,100,7576,1,0
B,C,C,6721,100,6721,1,0
C,D,C,6566,100,6566,1,0
C,E,C,7524,100,7524,1,0
C,F,C,7125,100,7125,1,0
C,G,C,1373,100,1373,1,0
C,H,C,7106,100,7106,1,0
A,D,D,9194,100,9194,1,0
B,D,D,12559,100,12559,1,0
C,D,D,6608,100,6608,1,0
D,E,D,9357,100,9357,1,0
D,F,D,12857,100,12857,1,0
D,G,D,6793,100,6793,1,0
D,H,D,1416,100,1416,1,0
A,E,E,1351,100,1351,1,0
B,E,E,7067,100,7067,1,0
C,E,E,7599,100,7599,1,0
D,E,E,9325,100,9325,1,0
E,F,E,7039,100,7039,1,0
E,G,E,7308,100,7308,1,0
E,H,E,9681,100,9681,1,0
A,F,F,7391,100,7391,1,0
B,F,F,1461,100,1461,1,0
C,F,F,7124,100,7124,1,0
D,F,F,12872,100,12872,1,0
E,F,F,7010,100,7010,1,0
F,G,F,6904,100,6904,1,0
F,H,F,13269,100,13269,1,0
A,G,G,7619,100,7619,1,0
B,G,G,6759,100,6759,1,0
C,G,G,1367,100,1367,1,0
D,G,G,6795,100,6795,1,0
E,G,G,7347,100,7347,1,0
F,G,G,6869,100,6869,1,0
G,H,G,7045,100,7045,1,0
A,H,H,9734,100,9734,1,0
B,H,H,13026,100,13026,1,0
C,H,H,7106,100,7106,1,0
D,H,H,1457,100,1457,1,0
E,H,H,9645,100,9645,1,0
F,H,H,13226,100,13226,1,0
G,H,H,7072,100,7072,1,0
A,B,A,7144,100,7144,1,0
A,C,A,7593,100,7593,1,0
A,D,A,9204,100,9204,1,0
A,E,A,1353,100,1353,1,0
A,F,A,7356,100,7356,1,0
A,G,A,7581,100,7581,1,0
A,H,A,9699,100,9699,1,0
A,B,B,7126,100,7126,1,0
B,C,B,6703,100,6703,1,0
B,D,B,12545,100,12545,1,0
B,E,B,7025,100,7025,1,0
B,F,B,1418,100,1418,1,0
B,G,B,6720,100,6720,1,0
B,H,B,13070,100,13070,1,0
A,C,C,7572,100,7572,1,0
B,C,C,6703,100,6703,1,0
C,D,C,6625,100,6625,1,0
C,E,C,7557,100,7557,1,0
C,F,C,7110,100,7110,1,0
C,G,C,1361,100,1361,1,0
C,H,C,7139,100,7139,1,0
A,D,D,9218,100,9218,1,0
B,D,D,12552,100,12552,1,0
C,D,D,6581,100,6581,1,0
D,E,D,9299,100,9299,1,0
D,F,D,12881,100,12881,1,0
D,G,D,6797,100,6797,1,0
D,H,D,1502,100,1502,1,0
A,E,E,1396,100,1396,1,0
B,E,E,7049,100,7049,1,0
C,E,E,7558,100,7558,1,0
D,E,E,9377,100,9377,1,0
E,F,E,6978,100,6978,1,0
E,G,E,7313,100,7313,1,0
E,H,E,9650,100,9650,1,0
A,F,F,7365,100,7365,1,0
B,F,F,1413,100,1413,1,0
C,F,F,7118,100,7118,1,0
D,F,F,12864,100,12864,1,0
E,F,F,6978,100,6978,1,0
F,G,F,6898,100,6898,1,0
F,H,F,13229,100,13229,1,0
A,G,G,7617,100,7617,1,0
B,G,G,6784,100,6784,1,0
C,G,G,1383,100,1383,1,0
D,G,G,6811,100,6811,1,0
E,G,G,7301,100,7301,1,0
F,G,G,6868,100,6868,1,0
G,H,G,7038,100,7038,1,0
A,H,H,9715,100,9715,1,0
B,H,H,13064,100,13064,1,0
C,H,H,7130,100,7130,1,0
D,H,H,1449,100,1449,1,0
E,H,H,9658,100,9658,1,0
F,H,H,13238,100,13238,1,0
G,H,H,7025,100,7025,1,0
A,B,A,7098,100,7098,1,0
A,C,A,7570,100,7570,1,0
A,D,A,9187,100,9187,1,0
A,E,A,1353,100,1353,1,0
A,F,A,7362,100,7362,1,0
A,G,A,7571,100,7571,1,0
A,H,A,9739,100,9739,1,0
A,B,B,7136,100,7136,1,0
B,C,B,6733,100,6733,1,0
B,D,B,12537,100,12537,1,0
B,E,B,7065,100,7065,1,0
B,F,B,1446,100,1446,1,0
B,G,B,6791,100,6791,1,0
B,H,B,13003,100,13003,1,0
A,C,C,7565,100,7565,1,0
B,C,C,6730,100,6730,1,0
C,D,C,6590,100,6590,1,0
C,E,C,7575,100,7575,1,0
C,F,C,7142,100,7142,1,0
C,G,C,1336,100,1336,1,0
C,H,C,7087,100,7087,1,0
A,D,D,9185,100,9185,1,0
B,D,D,12531,100,12531,1,0
C,D,D,6605,100,6605,1,0
D,E,D,9275,100,9275,1,0
D,F,D,12834,100,12834,1,0
D,G,D,6795,100,6795,1,0
D,H,D,1442,100,1442,1,0
A,E,E,1350,100,1350,1,0
B,E,E,7039,100,7039,1,0
C,E,E,7585,100,7585,1,0
D,E,E,9338,100,9338,1,0
E,F,E,7038,100,7038,1,0
E,G,E,7286,100,7286,1,0
E,H,E,9655,100,9655,1,0
A,F,F,7380,100,7380,1,0
B,F,F,1440,100,1440,1,0
C,F,F,7113,100,7113,1,0
D,F,F,12843,100,12843,1,0
E,F,F,6979,100,6979,1,0
F,G,F,6889,100,6889,1,0
F,H,F,13287,100,13287,1,0
A,G,G,7530,100,7530,1,0
B,G,G,6766,100,6766,1,0
C,G,G,1355,100,1355,1,0
D,G,G,6791,100,6791,1,0
E,G,G,7295,100,7295,1,0
F,G,G,6882,100,6882,1,0
G,H,G,7046,100,7046,1,0
A,H,H,9745,100,9745,1,0
B,H,H,13049,100,13049,1,0
C,H,H,7137,100,7137,1,0
D,H,H,1487,100,1487,1,0
E,H,H,9651,100,9651,1,0
F,H,H,13246,100,13246,1,0
G,H,H,7057,100,7057,1,0
A,B,A,7166,100,7166,1,0
A,C,A,7545,100,7545,1,0
A,D,A,9192,100,9192,1,0
A,E,A,1378,100,1378,1,0
A,F,A,7363,100,7363,1,0
A,G,A,7621,100,7621,1,0
A,H,A,9705,100,9705,1,0
A,B,B,7147,100,7147,1,0
B,C,B,6705,100,6705,1,0
B,D,B,12511,100,12511,1,0
B,E,B,7030,100,7030,1,0
B,F,B,1435,100,1435,1,0
B,G,B,6748,100,6748,1,0
B,H,B,13028,100,13028,1,0
A,C,C,7557,100,7557,1,0
B,C,C,6675,100,6675,1,0
C,D,C,6618,100,6618,1,0
C,E,C,7536,100,7536,1,0
C,F,C,7116,100,7116,1,0
C,G,C,1348,100,1348,1,0
C,H,C,7109,100,7109,1,0
A,D,D,9183,100,9183,1,0
B,D,D,12527,100,12527,1,0
C,D,D,6574,100,6574,1,0
D,E,D,9347,100,9347,1,0
D,F,D,12910,100,12910,1,0
D,G,D,6835,100,6835,1,0
D,H,D,1423,100,1423,1,0
A,E,E,1350,100,1350,1,0
B,E,E,7035,100,7035,1,0
C,E,E,7582,100,7582,1,0
D,E,E,9363,100,9363,1,0
E,F,E,7028,100,7028,1,0
E,G,E,7290,100,7290,1,0
E,H,E,9694,100,9694,1,0
A,F,F,7413,100,7413,1,0
B,F,F,1449,100,1449,1,0
C,F,F,7122,100,7122,1,0
D,F,F,12842,100,12842,1,0
E,F,F,6976,100,6976,1,0
F,G,F,6887,100,6887,1,0
F,H,F,13276,100,13276,1,0
A,G,G,7564,100,7564,1,0
B,G,G,6778,100,6778,1,0
C,G,G,1377,100,1377,1,0
D,G,G,6818,100,6818,1,0
E,G,G,7330,100,7330,1,0
F,G,G,6907,100,6907,1,0
G,H,G,6998,100,6998,1,0
A,H,H,9672,100,9672,1,0
B,H,H,13039,100,13039,1,0
C,H,H,7146,100,7146,1,0
D,H,H,1375,100,1375,1,0
E,H,H,9699,100,9699,1,0
F,H,H,13226,100,13226,1,0
G,H,H,7078,100,7078,1,0
A,B,A,7159,100,7159,1,0
A,C,A,7585,100,7585,1,0
A,D,A,9219,100,9219,1,0
A,E,A,1383,100,1383,1,0
A,F,A,7407,100,7407,1,0
A,G,A,7581,100,7581,1,0
A,H,A,9679,100,9679,1,0
A,B,B,7149,100,7149,1,0
B,C,B,6703,100,6703,1,0
B,D,B,12491,100,12491,1,0
B,E,B,7079,100,7079,1,0
B,F,B,1431,100,1431,1,0
B,G,B,6736,100,6736,1,0
B,H,B,13006,100,13006,1,0
A,C,C,7550,100,7550,1,0
B,C,C,6692,100,6692,1,0
C,D,C,6632,100,6632,1,0
C,E,C,7562,100,7562,1,0
C,F,C,7163,100,7163,1,0
C,G,C,1369,100,1369,1,0
C,H,C,7103,100,7103,1,0
A,D,D,9190,100,9190,1,0
B,D,D,12526,100,12526,1,0
C,D,D,6616,100,6616,1,0
D,E,D,9365,100,9365,1,0
D,F,D,12828,100,12828,1,0
D,G,D,6801,100,6801,1,0
D,H,D,1490,100,1490,1,0
A,E,E,1414,100,1414,1,0
B,E,E,7029,100,7029,1,0
C,E,E,7543,100,7543,1,0
D,E,E,9335,100,9335,1,0
E,F,E,6985,100,6985,1,0
E,G,E,7302,100,7302,1,0
E,H,E,9663,100,9663,1,0
A,F,F,7376,100,7376,1,0
B,F,F,1439,100,1439,1,0
C,F,F,7089,100,7089,1,0
D,F,F,12850,100,12850,1,0
E,F,F,6994,100,6994,1,0
F,G,F,6880,100,6880,1,0
F,H,F,13275,100,13275,1,0
A,G,G,7567,100,7567,1,0
B,G,G,6789,100,6789,1,0
C,G,G,1381,100,1381,1,0
D,G,G,6809,100,6809,1,0
E,G,G,7279,100,7279,1,0
F,G,G,6911,100,6911,1,0
G,H,G,7028,100,7028,1,0
A,H,H,9698,100,9698,1,0
B,H,H,13044,100,13044,1,0
C,H,H,7108,100,7108,1,0
D,H,H,1492,100,1492,1,0
E,H,H,9665,100,9665,1,0
F,H,H,13232,100,13232,1,0
G,H,H,7024,100,7024,1,0
A,B,A,7195,100,7195,1,0
A,C,A,7574,100,7574,1,0
A,D,A,9205,100,9205,1,0
A,E,A,1401,100,1401,1,0
A,F,A,7415,100,7415,1,0
A,G,A,7577,100,7577,1,0
A,H,A,9711,100,9711,1,0
A,B,B,7128,100,7128,1,0
B,C,B,6739,100,6739,1,0
B,D,B,12526,100,12526,1,0
B,E,B,7074,100,7074,1,0
B,F,B,1436,100,1436,1,0
B,G,B,6715,100,6715,1,0
B,H,B,13076,100,13076,1,0
A,C,C,7527,100,7527,1,0
B,C,C,6701,100,6701,1,0
C,D,C,6598,100,6598,1,0
C,E,C,7547,100,7547,1,0
C,F,C,7126,100,7126,1,0
C,G,C,1319,100,1319,1,0
C,H,C,7117,100,7117,1,0
A,D,D,9189,100,9189,1,0
B,D,D,12556,100,12556,1,0
C,D,D,6592,100,6592,1,0
D,E,D,9319,100,9319,1,0
D,F,D,12907,100,12907,1,0
D,G,D,6841,100,6841,1,0
D,H,D,1403,100,1403,1,0
A,E,E,1339,100,1339,1,0
B,E,E,7031,100,7031,1,0
C,E,E,7525,100,7525,1,0
D,E,E,9347,100,9347,1,0
E,F,E,6985,100,6985,1,0
E,G,E,7303,100,7303,1,0
E,H,E,9622,100,9622,1,0
A,F,F,7336,100,7336,1,0
B,F,F,1436,100,1436,1,0
C,F,F,7104,100,7104,1,0
D,F,F,12862,100,12862,1,0
E,F,F,7008,100,7008,1,0
F,G,F,6904,100,6904,1,0
F,H,F,13230,100,13230,1,0
A,G,G,7611,100,7611,1,0
B,G,G,6745,100,6745,1,0
C,G,G,1337,100,1337,1,0
D,G,G,6838,100,6838,1,0
E,G,G,7309,100,7309,1,0
F,G,G,6870,100,6870,1,0
G,H,G,7063,100,7063,1,0
A,H,H,9726,100,9726,1,0
B,H,H,13021,100,13021,1,0
C,H,H,7116,100,7116,1,0
D,H,H,1452,100,1452,1,0
E,H,H,9653,100,9653,1,0
F,H,H,13210,100,13210,1,0
G,H,H,7033,100,7033,1,0
A,B,A,7144,100,7144,1,0
A,C,A,7616,100,7616,1,0
A,D,A,9187,100,9187,1,0
A,E,A,1371,100,1371,1,0
A,F,A,7343,100,7343,1,0
A,G,A,7565,100,7565,1,0
A,H,A,9701,100,9701,1,0
A,B,B,7171,100,7171,1,0
B,C,B,6721,100,6721,1,0
B,D,B,12520,100,12520,1,0
B,E,B,7006,100,7006,1,0
B,F,B,1431,100,1431,1,0
B,G,B,6759,100,6759,1,0
B,H,B,13074,100,13074,1,0
A,C,C,7569,100,7569,1,0
B,C,C,6691,100,6691,1,0
C,D,C,6597,100,6597,1,0
C,E,C,7518,100,7518,1,0
C,F,C,7137,100,7137,1,0
C,G,C,1354,100,1354,1,0
C,H,C,7107,100,7107,1,0
A,D,D,9198,100,9198,1,0
B,D,D,12563,100,12563,1,0
C,D,D,6578,100,6578,1,0
D,E,D,9461,100,9461,1,0
D,F,D,12908,100,12908,1,0
D,G,D,6794,100,6794,1,0
D,H,D,1428,100,1428,1,0
A,E,E,1373,100,1373,1,0
B,E,E,7046,100,7046,1,0
C,E,E,7514,100,7514,1,0
D,E,E,9365,100,9365,1,0
E,F,E,6992,100,6992,1,0
E,G,E,7302,100,7302,1,0
E,H,E,9719,100,9719,1,0
A,F,F,7362,100,7362,1,0
B,F,F,1426,100,1426,1,0
C,F,F,7112,100,7112,1,0
D,F,F,12860,100,12860,1,0
E,F,F,7025,100,7025,1,0
F,G,F,6881,100,6881,1,0
F,H,F,13257,100,13257,1,0
A,G,G,7585,100,7585,1,0
B,G,G,6759,100,6759,1,0
C,G,G,1397,100,1397,1,0
D,G,G,6800,100,6800,1,0
E,G,G,7320,100,7320,1,0
F,G,G,6875,100,6875,1,0
G,H,G,7055,100,7055,1,0
A,H,H,9663,100,9663,1,0
B,H,H,12998,100,12998,1,0
C,H,H,7060,100,7060,1,0
D,H,H,1408,100,1408,1,0
E,H,H,9642,100,9642,1,0
F,H,H,13233,100,13233,1,0
G,H,H,7057,100,7057,1,0
A,B,A,7136,100,7136,1,0
A,C,A,7600,100,7600,1,0
A,D,A,9172,100,9172,1,0
A,E,A,1389,100,1389,1,0
A,F,A,7380,100,7380,1,0
A,G,A,7569,100,7569,1,0
A,H,A,9701,100,9701,1,0
A,B,B,7156,100,7156,1,0
B,C,B,6784,100,6784,1,0
B,D,B,12551,100,12551,1,0
B,E,B,7043,100,7043,1,0
B,F,B,1431,100,1431,1,0
B,G,B,6781,100,6781,1,0
B,H,B,13027,100,13027,1,0
A,C,C,7551,100,7551,1,0
B,C,C,6742,100,6742,1,0
C,D,C,6645,100,6645,1,0
C,E,C,7536,100,7536,1,0
C,F,C,7131,100,7131,1,0
C,G,C,1356,100,1356,1,0
C,H,C,7125,100,7125,1,0
A,D,D,9176,100,9176,1,0
B,D,D,12517,100,12517,1,0
C,D,D,6622,100,6622,1,0
D,E,D,9318,100,9318,1,0
D,F,D,12849,100,12849,1,0
D,G,D,6818,100,6818,1,0
D,H,D,1498,100,1498,1,0
A,E,E,1321,100,1321,1,0
B,E,E,7058,100,7058,1,0
C,E,E,7522,100,7522,1,0
D,E,E,9249,100,9249,1,0
E,F,E,6993,100,6993,1,0
E,G,E,7300,100,7300,1,0
E,H,E,9646,100,9646,1,0
A,F,F,7374,100,7374,1,0
B,F,F,1436,100,1436,1,0
C,F,F,7117,100,7117,1,0
D,F,F,12869,100,12869,1,0
E,F,F,7036,100,7036,1,0
F,G,F,6892,100,6892,1,0
F,H,F,13211,100,13211,1,0
A,G,G,7538,100,7538,1,0
B,G,G,6749,100,6749,1,0
C,G,G,1385,100,1385,1,0
D,G,G,6824,100,6824,1,0
E,G,G,7297,100,7297,1,0
F,G,G,6865,100,6865,1,0
G,H,G,7052,100,7052,1,0
A,H,H,9769,100,9769,1,0
B,H,H,13035,100,13035,1,0
C,H,H,7119,100,7119,1,0
D,H,H,1433,100,1433,1,0
E,H,H,9650,100,9650,1,0
F,H,H,13229,100,13229,1,0
G,H,H,7072,100,7072,1,0
A,B,A,7168,100,7168,1,0
A,C,A,7554,100,7554,1,0
A,D,A,9208,100,9208,1,0
A,E,A,1321,100,1321,1,0
A,F,A,7352,100,7352,1,0
A,G,A,7573,100,7573,1,0
A,H,A,9726,100,9726,1,0
A,B,B,7197,100,7197,1,0
B,C,B,6692,100,6692,1,0
B,D,B,12517,100,12517,1,0
B,E,B,7048,100,7048,1,0
B,F,B,1448,100,1448,1,0
B,G,B,6753,100,6753,1,0
B,H,B,13031,100,13031,1,0
A,C,C,7568,100,7568,1,0
B,C,C,6698,100,6698,1,0
C,D,C,6603,100,6603,1,0
C,E,C,7511,100,7511,1,0
C,F,C,7119,100,7119,1,0
C,G,C,1413,100,1413,1,0
C,H,C,7130,100,7130,1,0
A,D,D,9142,100,9142,1,0
B,D,D,12522,100,12522,1,0
C,D,D,6611,100,6611,1,0
D,E,D,9322,100,9322,1,0
D,F,D,12895,100,12895,1,0
D,G,D,6824,100,6824,1,0
D,H,D,1407,100,1407,1,0
A,E,E,1459,100,1459,1,0
B,E,E,7006,100,7006,1,0
C,E,E,7590,100,7590,1,0
D,E,E,9361,100,9361,1,0
E,F,E,7008,100,7008,1,0
E,G,E,7317,100,7317,1,0
E,H,E,9673,100,9673,1,0
A,F,F,7404,100,7404,1,0
B,F,F,1394,100,1394,1,0
C,F,F,7115,100,7115,1,0
D,F,F,12883,100,12883,1,0
E,F,F,6983,100,6983,1,0
F,G,F,6892,100,6892,1,0
F,H,F,13243,100,13243,1,0
A,G,G,7600,100,7600,1,0
B,G,G,6773,100,6773,1,0
C,G,G,1337,100,1337,1,0
D,G,G,6781,100,6781,1,0
E,G,G,7326,100,7326,1,0
F,G,G,6859,100,6859,1,0
G,H,G,7036,100,7036,1,0
A,H,H,9719,100,9719,1,0
B,H,H,12994,100,12994,1,0
C,H,H,7128,100,7128,1,0
D,H,H,1400,100,1400,1,0
E,H,H,9659,100,9659,1,0
F,H,H,13253,100,13253,1,0
G,H,H,7049,100,7049,1,0
A,B,A,7143,100,7143,1,0
A,C,A,7571,100,7571,1,0
A,D,A,9213,100,9213,1,0
A,E,A,1404,100,1404,1,0
A,F,A,7338,100,7338,1,0
A,G,A,7554,100,7554,1,0
A,H,A,9672,100,9672,1,0
A,B,B,7186,100,7186,1,0
B,C,B,6710,100,6710,1,0
B,D,B,12569,100,12569,1,0
B,E,B,7060,100,7060,1,0
B,F,B,1447,100,1447,1,0
B,G,B,6759,100,6759,1,0
B,H,B,13031,100,13031,1,0
A,C,C,7558,100,7558,1,0
B,C,C,6712,100,6712,1,0
C,D,C,6625,100,6625,1,0
C,E,C,7542,100,7542,1,0
C,F,C,7131,100,7131,1,0
C,G,C,1368,100,1368,1,0
C,H,C,7125,100,7125,1,0
A,D,D,9203,100,9203,1,0
B,D,D,12525,100,12525,1,0
C,D,D,6590,100,6590,1,0
D,E,D,9355,100,9355,1,0
D,F,D,12859,100,12859,1,0
D,G,D,6797,100,6797,1,0
D,H,D,1475,100,1475,1,0
A,E,E,1366,100,1366,1,0
B,E,E,7084,100,7084,1,0
C,E,E,7556,100,7556,1,0
D,E,E,9351,100,9351,1,0
E,F,E,7002,100,7002,1,0
E,G,E,7288,100,7288,1,0
E,H,E,9686,100,9686,1,0
A,F,F,7389,100,7389,1,0
B,F,F,1442,100,1442,1,0
C,F,F,7123,100,7123,1,0
D,F,F,12912,100,12912,1,0
E,F,F,6981,100,6981,1,0
F,G,F,6854,100,6854,1,0
F,H,F,13258,100,13258,1,0
A,G,G,7600,100,7600,1,0
B,G,G,6782,100,6782,1,0
C,G,G,1381,100,1381,1,0
D,G,G,6820,100,6820,1,0
E,G,G,7301,100,7301,1,0
F,G,G,6890,100,6890,1,0
G,H,G,7094,100,7094,1,0
A,H,H,9658,100,9658,1,0
B,H,H,13047,100,13047,1,0
C,H,H,7120,100,7120,1,0
D,H,H,1436,100,1436,1,0
E,H,H,9626,100,9626,1,0
F,H,H,13249,100,13249,1,0
G,H,H,7077,100,7077,1,0
A,B,A,7148,100,7148,1,0
A,C,A,7633,100,7633,1,0
A,D,A,9194,100,9194,1,0
A,E,A,1390,100,1390,1,0
A,F,A,7372,100,7372,1,0
A,G,A,7597,100,7597,1,0
A,H,A,9668,100,9668,1,0
A,B,B,7170,100,7170,1,0
B,C,B,6709,100,6709,1,0
B,D,B,12551,100,12551,1,0
B,E,B,7036,100,7036,1,0
B,F,B,1432,100,1432,1,0
B,G,B,6749,100,6749,1,0
B,H,B,13030,100,13030,1,0
A,C,C,7595,100,7595,1,0
B,C,C,6719,100,6719,1,0
C,D,C,6600,100,6600,1,0
C,E,C,7555,100,7555,1,0
C,F,C,7112,100,7112,1,0
C,G,C,1379,100,1379,1,0
C,H,C,7084,100,7084,1,0
A,D,D,9195,100,9195,1,0
B,D,D,12500,100,12500,1,0
C,D,D,6589,100,6589,1,0
D,E,D,9410,100,9410,1,0
D,F,D,12860,100,12860,1,0
D,G,D,6829,100,6829,1,0
D,H,D,1447,100,1447,1,0
A,E,E,1444,100,1444,1,0
B,E,E,7029,100,7029,1,0
C,E,E,7576,100,7576,1,0
D,E,E,9343,100,9343,1,0
E,F,E,7013,100,7013,1,0
E,G,E,7314,100,7314,1,0
E,H,E,9650,100,9650,1,0
A,F,F,7392,100,7392,1,0
B,F,F,1403,100,1403,1,0
C,F,F,7136,100,7136,1,0
D,F,F,12848,100,12848,1,0
E,F,F,6984,100,6984,1,0
F,G,F,6904,100,6904,1,0
F,H,F,13276,100,13276,1,0
A,G,G,7588,100,7588,1,0
B,G,G,6736,100,6736,1,0
C,G,G,1353,100,1353,1,0
D,G,G,6803,100,6803,1,0
E,G,G,7337,100,7337,1,0
F,G,G,6885,100,6885,1,0
G,H,G,7019,100,7019,1,0
A,H,H,9683,100,9683,1,0
B,H,H,13068,100,13068,1,0
C,H,H,7093,100,7093,1,0
D,H,H,1468,100,1468,1,0
E,H,H,9674,100,9674,1,0
F,H,H,13231,100,13231,1,0
G,H,H,7058,100,7058,1,0
A,B,A,7158,100,7158,1,0
A,C,A,7558,100,7558,1,0
A,D,A,9237,100,9237,1,0
A,E,A,1357,100,1357,1,0
A,F,A,7386,100,7386,1,0
A,G,A,7546,100,7546,1,0
A,H,A,9737,100,9737,1,0
A,B,B,7163,100,7163,1,0
B,C,B,6718,100,6718,1,0
B,D,B,12557,100,12557,1,0
B,E,B,7041,100,7041,1,0
B,F,B,1467,100,1467,1,0
B,G,B,6729,100,6729,1,0
B,H,B,13083,100,13083,1,0
A,C,C,7560,100,7560,1,0
B,C,C,6647,100,6647,1,0
C,D,C,6599,100,6599,1,0
C,E,C,7593,100,7593,1,0
C,F,C,7125,100,7125,1,0
C,G,C,1348,100,1348,1,0
C,H,C,7094,100,7094,1,0
A,D,D,9217,100,9217,1,0
B,D,D,12515,100,12515,1,0
C,D,D,6623,100,6623,1,0
D,E,D,9352,100,9352,1,0
D,F,D,12856,100,12856,1,0
D,G,D,6795,100,6795,1,0
D,H,D,1453,100,1453,1,0
A,E,E,1391,100,1391,1,0
B,E,E,7098,100,7098,1,0
C,E,E,7563,100,7563,1,0
D,E,E,9296,100,9296,1,0
E,F,E,7016,100,7016,1,0
E,G,E,7316,100,7316,1,0
E,H,E,9628,100,9628,1,0
A,F,F,7380,100,7380,1,0
B,F,F,1453,100,1453,1,0
C,F,F,7107,100,7107,1,0
D,F,F,12858,100,12858,1,0
E,F,F,7010,100,7010,1,0
F,G,F,6898,100,6898,1,0
F,H,F,13205,100,13205,1,0
A,G,G,7581,100,7581,1,0
B,G,G,6800,100,6800,1,0
C,G,G,1334,100,1334,1,0
D,G,G,6799,100,6799,1,0
E,G,G,7329,100,7329,1,0
F,G,G,6893,100,6893,1,0
G,H,G,7017,100,7017,1,0
A,H,H,9693,100,9693,1,0
B,H,H,13091,100,13091,1,0
C,H,H,7116,100,7116,1,0
D,H,H,1400,100,1400,1,0
E,H,H,9665,100,9665,1,0
F,H,H,13253,100,13253,1,0
G,H,H,7019,100,7019,1,0
A,B,A,7151,100,7151,1,0
A,C,A,7589,100,7589,1,0
A,D,A,9191,100,9191,1,0
A,E,A,1384,100,1384,1,0
A,F,A,7413,100,7413,1,0
A,G,A,7583,100,7583,1,0
A,H,A,9735,100,9735,1,0
A,B,B,7185,100,7185,1,0
B,C,B,6743,100,6743,1,0
B,D,B,12522,100,12522,1,0
B,E,B,7057,100,7057,1,0
B,F,B,1448,100,1448,1,0
B,G,B,6748,100,6748,1,0
B,H,B,13025,100,13025,1,0
A,C,C,7601,100,7601,1,0
B,C,C,6711,100,6711,1,0
C,D,C,6599,100,6599,1,0
C,E,C,7553,100,7553,1,0
C,F,C,7122,100,7122,1,0
C,G,C,1353,100,1353,1,0
C,H,C,7136,100,7136,1,0
A,D,D,9216,100,9216,1,0
B,D,D,12541,100,12541,1,0
C,D,D,6594,100,6594,1,0
D,E,D,9393,100,9393,1,0
D,F,D,12851,100,12851,1,0
D,G,D,6819,100,6819,1,0
D,H,D,1436,100,1436,1,0
A,E,E,1361,100,1361,1,0
B,E,E,7083,100,7083,1,0
C,E,E,7571,100,7571,1,0
D,E,E,9290,100,9290,1,0
E,F,E,6998,100,6998,1,0
E,G,E,7298,100,7298,1,0
E,H,E,9667,100,9667,1,0
A,F,F,7369,100,7369,1,0
B,F,F,1471,100,1471,1,0
C,F,F,7112,100,7112,1,0
D,F,F,12854,100,12854,1,0
E,F,F,6996,100,6996,1,0
F,G,F,6891,100,6891,1,0
F,H,F,13267,100,13267,1,0
A,G,G,7595,100,7595,1,0
B,G,G,6788,100,6788,1,0
C,G,G,1391,100,1391,1,0
D,G,G,6796,100,6796,1,0
E,G,G,7323,100,7323,1,0
F,G,G,6884,100,6884,1,0
G,H,G,7054,100,7054,1,0
A,H,H,9695,100,9695,1,0
B,H,H,13037,100,13037,1,0
C,H,H,7123,100,7123,1,0
D,H,H,1446,100,1446,1,0
E,H,H,9673,100,9673,1,0
F,H,H,13230,100,13230,1,0
G,H,H,7022,100,7022,1,0
A,B,A,7185,100,7185,1,0
A,C,A,7559,100,7559,1,0
A,D,A,9209,100,9209,1,0
A,E,A,1370,100,1370,1,0
A,F,A,7399,100,7399,1,0
A,G,A,7611,100,7611,1,0
A,H,A,9700,100,9700,1,0
A,B,B,7157,100,7157,1,0
B,C,B,6709,100,6709,1,0
B,D,B,12522,100,12522,1,0
B,E,B,7066,100,7066,1,0
B,F,B,1416,100,1416,1,0
B,G,B,6733,100,6733,1,0
B,H,B,13041,100,13041,1,0
A,C,C,7555,100,7555,1,0
B,C,C,6715,100,6715,1,0
C,D,C,6621,100,6621,1,0
C,E,C,7570,100,7570,1,0
C,F,C,7122,100,7122,1,0
C,G,C,1316,100,1316,1,0
C,H,C,7092,100,7092,1,0
A,D,D,9193,100,9193,1,0
B,D,D,12550,100,12550,1,0
C,D,D,6648,100,6648,1,0
D,E,D,9367,100,9367,1,0
D,F,D,12906,100,12906,1,0
D,G,D,6783,100,6783,1,0
D,H,D,1495,100,1495,1,0
A,E,E,1419,100,1419,1,0
B,E,E,7061,100,7061,1,0
C,E,E,7498,100,7498,1,0
D,E,E,9422,100,9422,1,0
E,F,E,7009,100,7009,1,0
E,G,E,7326,100,7326,1,0
E,H,E,9628,100,9628,1,0
A,F,F,7374,100,7374,1,0
B,F,F,1430,100,1430,1,0
C,F,F,7145,100,7145,1,0
D,F,F,12877,100,12877,1,0
E,F,F,6981,100,6981,1,0
F,G,F,6873,100,6873,1,0
F,H,F,13267,100,13267,1,0
A,G,G,7538,100,7538,1,0
B,G,G,6771,100,6771,1,0
C,G,G,1378,100,1378,1,0
D,G,G,6813,100,6813,1,0
E,G,G,7291,100,7291,1,0
F,G,G,6883,100,6883,1,0
G,H,G,7004,100,7004,1,0
A,H,H,9769,100,9769,1,0
B,H,H,13038,100,13038,1,0
C,H,H,7074,100,7074,1,0
D,H,H,1447,100,1447,1,0
E,H,H,9662,100,9662,1,0
F,H,H,13244,100,13244,1,0
G,H,H,7045,100,7045,1,0
A,B,A,7143,100,7143,1,0
A,C,A,7563,100,7563,1,0
A,D,A,9202,100,9202,1,0
A,E,A,1363,100,1363,1,0
A,F,A,7377,100,7377,1,0
A,G,A,7506,100,7506,1,0
A,H,A,9717,100,9717,1,0
A,B,B,7181,100,7181,1,0
B,C,B,6730,100,6730,1,0
B,D,B,12572,100,12572,1,0
B,E,B,7077,100,7077,1,0
B,F,B,1439,100,1439,1,0
B,G,B,6753,100,6753,1,0
B,H,B,13071,100,13071,1,0
A,C,C,7619,100,7619,1,0
B,C,C,6718,100,6718,1,0
C,D,C,6628,100,6628,1,0
C,E,C,7550,100,7550,1,0
C,F,C,7119,100,7119,1,0
C,G,C,1366,100,1366,1,0
C,H,C,7112,100,7112,1,0
A,D,D,9198,100,9198,1,0
B,D,D,12519,100,12519,1,0
C,D,D,6635,100,6635,1,0
D,E,D,9362,100,9362,1,0
D,F,D,12858,100,12858,1,0
D,G,D,6808,100,6808,1,0
D,H,D,1447,100,1447,1,0
A,E,E,1361,100,1361,1,0
B,E,E,7026,100,7026,1,0
C,E,E,7542,100,7542,1,0
D,E,E,9375,100,9375,1,0
E,F,E,6990,100,6990,1,0
E,G,E,7289,100,7289,1,0
E,H,E,9629,100,9629,1,0
A,F,F,7385,100,7385,1,0
B,F,F,1469,100,1469,1,0
C,F,F,7103,100,7103,1,0
D,F,F,12868,100,12868,1,0
E,F,F,7010,100,7010,1,0
F,G,F,6883,100,6883,1,0
F,H,F,13234,100,13234,1,0
A,G,G,7560,100,7560,1,0
B,G,G,6758,100,6758,1,0
C,G,G,1305,100,1305,1,0
D,G,G,6823,100,6823,1,0
E,G,G,7324,100,7324,1,0
F,G,G,6887,100,6887,1,0
G,H,G,7070,100,7070,1,0
A,H,H,9717,100,9717,1,0
B,H,H,13082,100,13082,1,0
C,H,H,7098,100,7098,1,0
D,H,H,1429,100,1429,1,0
E,H,H,9690,100,9690,1,0
F,H,H,13243,100,13243,1,0
G,H,H,7034,100,7034,1,0
A,B,A,7144,100,7144,1,0
A,C,A,7561,100,7561,1,0
A,D,A,9195,100,9195,1,0
A,E,A,1336,100,1336,1,0
A,F,A,7330,100,7330,1,0
A,G,A,7554,100,7554,1,0
A,H,A,9664,100,9664,1,0
A,B,B,7189,100,7189,1,0
B,C,B,6735,100,6735,1,0
B,D,B,12553,100,12553,1,0
B,E,B,7066,100,7066,1,0
B,F,B,1414,100,1414,1,0
B,G,B,6759,100,6759,1,0
B,H,B,13011,100,13011,1,0
A,C,C,7538,100,7538,1,0
B,C,C,6746,100,6746,1,0
C,D,C,6624,100,6624,1,0
C,E,C,7573,100,7573,1,0
C,F,C,7121,100,7121,1,0
C,G,C,1400,100,1400,1,0
C,H,C,7116,100,7116,1,0
A,D,D,9202,100,9202,1,0
B,D,D,12557,100,12557,1,0
C,D,D,6614,100,6614,1,0
D,E,D,9379,100,9379,1,0
D,F,D,12843,100,12843,1,0
D,G,D,6811,100,6811,1,0
D,H,D,1508,100,1508,1,0
A,E,E,1376,100,1376,1,0
B,E,E,7098,100,7098,1,0
C,E,E,7573,100,7573,1,0
D,E,E,9273,100,9273,1,0
E,F,E,6995,100,6995,1,0
E,G,E,7327,100,7327,1,0
E,H,E,9602,100,9602,1,0
A,F,F,7402,100,7402,1,0
B,F,F,1413,100,1413,1,0
C,F,F,7120,100,7120,1,0
D,F,F,12862,100,12862,1,0
E,F,F,7021,100,7021,1,0
F,G,F,6876,100,6876,1,0
F,H,F,13252,100,13252,1,0
A,G,G,7604,100,7604,1,0
B,G,G,6733,100,6733,1,0
C,G,G,1301,100,1301,1,0
D,G,G,6783,100,6783,1,0
E,G,G,7298,100,7298,1,0
F,G,G,6882,100,6882,1,0
G,H,G,7039,100,7039,1,0
A,H,H,9734,100,9734,1,0
B,H,H,13010,100,13010,1,0
C,H,H,7110,100,7110,1,0
D,H,H,1482,100,1482,1,0
E,H,H,9652,100,9652,1,0
F,H,H,13256,100,13256,1,0
G,H,H,7062,100,7062,1,0
A,B,A,7151,100,7151,1,0
A,C,A,7615,100,7615,1,0
A,D,A,9198,100,9198,1,0
A,E,A,1359,100,1359,1,0
A,F,A,7360,100,7360,1,0
A,G,A,7571,100,7571,1,0
A,H,A,9748,100,9748,1,0
A,B,B,7114,100,7114,1,0
B,C,B,6763,100,6763,1,0
B,D,B,12538,100,12538,1,0
B,E,B,7068,100,7068,1,0
B,F,B,1460,100,1460,1,0
B,G,B,6780,100,6780,1,0
B,H,B,13079,100,13079,1,0
A,C,C,7522,100,7522,1,0
B,C,C,6716,100,6716,1,0
C,D,C,6641,100,6641,1,0
C,E,C,7536,100,7536,1,0
C,F,C,7134,100,7134,1,0
C,G,C,1364,100,1364,1,0
C,H,C,7130,100,7130,1,0
A,D,D,9184,100,9184,1,0
B,D,D,12526,100,12526,1,0
C,D,D,6589,100,6589,1,0
D,E,D,9394,100,9394,1,0
D,F,D,12826,100,12826,1,0
D,G,D,6820,100,6820,1,0
D,H,D,1492,100,1492,1,0
A,E,E,1340,100,1340,1,0
B,E,E,7040,100,7040,1,0
C,E,E,7554,100,7554,1,0
D,E,E,9281,100,9281,1,0
E,F,E,7023,100,7023,1,0
E,G,E,7290,100,7290,1,0
E,H,E,9674,100,9674,1,0
A,F,F,7423,100,7423,1,0
B,F,F,1430,100,1430,1,0
C,F,F,7155,100,7155,1,0
D,F,F,12889,100,12889,1,0
E,F,F,6994,100,6994,1,0
F,G,F,6894,100,6894,1,0
F,H,F,13201,100,13201,1,0
A,G,G,7576,100,7576,1,0
B,G,G,6764,100,6764,1,0
C,G,G,1321,100,1321,1,0
D,G,G,6828,100,6828,1,0
E,G,G,7324,100,7324,1,0
F,G,G,6879,100,6879,1,0
G,H,G,7064,100,7064,1,0
A,H,H,9760,100,9760,1,0
B,H,H,13109,100,13109,1,0
C,H,H,7133,100,7133,1,0
D,H,H,1400,100,1400,1,0
E,H,H,9654,100,9654,1,0
F,H,H,13265,100,13265,1,0
G,H,H,7064,100,7064,1,0
A,B,A,7152,100,7152,1,0
A,C,A,7556,100,7556,1,0
A,D,A,9209,100,9209,1,0
A,E,A,1383,100,1383,1,0
A,F,A,7405,100,7405,1,0
A,G,A,7540,100,7540,1,0
A,H,A,9668,100,9668,1,0
A,B,B,7130,100,7130,1,0
B,C,B,6747,100,6747,1,0
B,D,B,12579,100,12579,1,0
B,E,B,7016,100,7016,1,0
B,F,B,1438,100,1438,1,0
B,G,B,6766,100,6766,1,0
B,H,B,13039,100,13039,1,0
A,C,C,7551,100,7551,1,0
B,C,C,6715,100,6715,1,0
C,D,C,6596,100,6596,1,0
C,E,C,7535,100,7535,1,0
C,F,C,7126,100,7126,1,0
C,G,C,1331,100,1331,1,0
C,H,C,7085,100,7085,1,0
A,D,D,9183,100,9183,1,0
B,D,D,12533,100,12533,1,0
C,D,D,6629,100,6629,1,0
D,E,D,9399,100,9399,1,0
D,F,D,12873,100,12873,1,0
D,G,D,6776,100,6776,1,0
D,H,D,1427,100,1427,1,0
A,E,E,1369,100,1369,1,0
B,E,E,7023,100,7023,1,0
C,E,E,7540,100,7540,1,0
D,E,E,9313,100,9313,1,0
E,F,E,7003,100,7003,1,0
E,G,E,7314,100,7314,1,0
E,H,E,9669,100,9669,1,0
A,F,F,7401,100,7401,1,0
B,F,F,1445,100,1445,1,0
C,F,F,7111,100,7111,1,0
D,F,F,12863,100,12863,1,0
E,F,F,7014,100,7014,1,0
F,G,F,6895,100,6895,1,0
F,H,F,13270,100,13270,1,0
A,G,G,7598,100,7598,1,0
B,G,G,6767,100,6767,1,0
C,G,G,1412,100,1412,1,0
D,G,G,6816,100,6816,1,0
E,G,G,7310,100,7310,1,0
F,G,G,6882,100,6882,1,0
G,H,G,7032,100,7032,1,0
A,H,H,9697,100,9697,1,0
B,H,H,13048,100,13048,1,0
C,H,H,7105,100,7105,1,0
D,H,H,1494,100,1494,1,0
E,H,H,9662,100,9662,1,0
F,H,H,13223,100,13223,1,0
G,H,H,7042,100,7042,1,0
A,B,A,7138,100,7138,1,0
A,C,A,7547,100,7547,1,0
A,D,A,9219,100,9219,1,0
A,E,A,1362,100,1362,1,0
A,F,A,7382,100,7382,1,0
A,G,A,7584,100,7584,1,0
A,H,A,9688,100,9688,1,0
A,B,B,7159,100,7159,1,0
B,C,B,6722,100,6722,1,0
B,D,B,12518,100,12518,1,0
B,E,B,7051,100,7051,1,0
B,F,B,1443,100,1443,1,0
B,G,B,6771,100,6771,1,0
B,H,B,13036,100,13036,1,0
A,C,C,7594,100,7594,1,0
B,C,C,6730,100,6730,1,0
C,D,C,6643,100,6643,1,0
C,E,C,7555,100,7555,1,0
C,F,C,7124,100,7124,1,0
C,G,C,1325,100,1325,1,0
C,H,C,7074,100,7074,1,0
A,D,D,9199,100,9199,1,0
B,D,D,12518,100,12518,1,0
C,D,D,6629,100,6629,1,0
D,E,D,9328,100,9328,1,0
D,F,D,12853,100,12853,1,0
D,G,D,6784,100,6784,1,0
D,H,D,1410,100,1410,1,0
A,E,E,1349,100,1349,1,0
B,E,E,7046,100,7046,1,0
C,E,E,7553,100,7553,1,0
D,E,E,9320,100,9320,1,0
E,F,E,6998,100,6998,1,0
E,G,E,7287,100,7287,1,0
E,H,E,9663,100,9663,1,0
A,F,F,7398,100,7398,1,0
B,F,F,1469,100,1469,1,0
C,F,F,7126,100,7126,1,0
D,F,F,12881,100,12881,1,0
E,F,F,6997,100,6997,1,0
F,G,F,6875,100,6875,1,0
F,H,F,13231,100,13231,1,0
A,G,G,7592,100,7592,1,0
B,G,G,6747,100,6747,1,0
C,G,G,1377,100,1377,1,0
D,G,G,6836,100,6836,1,0
E,G,G,7297,100,7297,1,0
F,G,G,6887,100,6887,1,0
G,H,G,7019,100,7019,1,0
A,H,H,9710,100,9710,1,0
B,H,H,13007,100,13007,1,0
C,H,H,7117,100,7117,1,0
D,H,H,1464,100,1464,1,0
E,H,H,9693,100,9693,1,0
F,H,H,13229,100,13229,1,0
G,H,H,7073,100,7073,1,0
A,B,A,7196,100,7196,1,0
A,C,A,7561,100,7561,1,0
A,D,A,9182,100,9182,1,0
A,E,A,1379,100,1379,1,0
A,F,A,7368,100,7368,1,0
A,G,A,7574,100,7574,1,0
A,H,A,9671,100,9671,1,0
A,B,B,7135,100,7135,1,0
B,C,B,6690,100,6690,1,0
B,D,B,12511,100,12511,1,0
B,E,B,7072,100,7072,1,0
B,F,B,1455,100,1455,1,0
B,G,B,6762,100,6762,1,0
B,H,B,12996,100,12996,1,0
A,C,C,7594,100,7594,1,0
B,C,C,6690,100,6690,1,0
C,D,C,6590,100,6590,1,0
C,E,C,7543,100,7543,1,0
C,F,C,7086,100,7086,1,0
C,G,C,1340,100,1340,1,0
C,H,C,7089,100,7089,1,0
A,D,D,9169,100,9169,1,0
B,D,D,12536,100,12536,1,0
C,D,D,6623,100,6623,1,0
D,E,D,9373,100,9373,1,0
D,F,D,12888,100,12888,1,0
D,G,D,6833,100,6833,1,0
D,H,D,1431,100,1431,1,0
A,E,E,1336,100,1336,1,0
B,E,E,7087,100,7087,1,0
C,E,E,7553,100,7553,1,0
D,E,E,9366,100,9366,1,0
E,F,E,7008,100,7008,1,0
E,G,E,7326,100,7326,1,0
E,H,E,9663,100,9663,1,0
A,F,F,7374,100,7374,1,0
B,F,F,1457,100,1457,1,0
C,F,F,7126,100,7126,1,0
D,F,F,12875,100,12875,1,0
E,F,F,7015,100,7015,1,0
F,G,F,6916,100,6916,1,0
F,H,F,13257,100,13257,1,0
A,G,G,7609,100,7609,1,0
B,G,G,6747,100,6747,1,0
C,G,G,1349,100,1349,1,0
D,G,G,6782,100,6782,1,0
E,G,G,7318,100,7318,1,0
F,G,G,6877,100,6877,1,0
G,H,G,7082,100,7082,1,0
A,H,H,9667,100,9667,1,0
B,H,H,13057,100,13057,1,0
C,H,H,7128,100,7128,1,0
D,H,H,1449,100,1449,1,0
E,H,H,9688,100,9688,1,0
F,H,H,13253,100,13253,1,0
G,H,H,7029,100,7029,1,0
A,B,A,7155,100,7155,1,0
A,C,A,7583,100,7583,1,0
A,D,A,9218,100,9218,1,0
A,E,A,1375,100,1375,1,0
A,F,A,7379,100,7379,1,0
A,G,A,7589,100,7589,1,0
A,H,A,9688,100,9688,1,0
A,B,B,7146,100,7146,1,0
B,C,B,6685,100,6685,1,0
B,D,B,12500,100,12500,1,0
B,E,B,6993,100,6993,1,0
B,F,B,1403,100,1403,1,0
B,G,B,6764,100,6764,1,0
B,H,B,13073,100,13073,1,0
A,C,C,7591,100,7591,1,0
B,C,C,6701,100,6701,1,0
C,D,C,6587,100,6587,1,0
C,E,C,7517,100,7517,1,0
C,F,C,7140,100,7140,1,0
C,G,C,1332,100,1332,1,0
C,H,C,7101,100,7101,1,0
A,D,D,9185,100,9185,1,0
B,D,D,12524,100,12524,1,0
C,D,D,6580,100,6580,1,0
D,E,D,9342,100,9342,1,0
D,F,D,12845,100,12845,1,0
D,G,D,6790,100,6790,1,0
D,H,D,1403,100,1403,1,0
A,E,E,1361,100,1361,1,0
B,E,E,7083,100,7083,1,0
C,E,E,7566,100,7566,1,0
D,E,E,9360,100,9360,1,0
E,F,E,7019,100,7019,1,0
E,G,E,7285,100,7285,1,0
E,H,E,9641,100,9641,1,0
A,F,F,7395,100,7395,1,0
B,F,F,1429,100,1429,1,0
C,F,F,7116,100,7116,1,0
D,F,F,12864,100,12864,1,0
E,F,F,7038,100,7038,1,0
F,G,F,6869,100,6869,1,0
F,H,F,13216,100,13216,1,0
A,G,G,7567,100,7567,1,0
B,G,G,6760,100,6760,1,0
C,G,G,1341,100,1341,1,0
D,G,G,6846,100,6846,1,0
E,G,G,7308,100,7308,1,0
F,G,G,6895,100,6895,1,0
G,H,G,7028,100,7028,1,0
A,H,H,9667,100,9667,1,0
B,H,H,13016,100,13016,1,0
C,H,H,7125,100,7125,1,0
D,H,H,1421,100,1421,1,0
E,H,H,9629,100,9629,1,0
F,H,H,13258,100,13258,1,0
G,H,H,7055,100,7055,1,0
A,B,A,7161,100,7161,1,0
A,C,A,7562,100,7562,1,0
A,D,A,9182,100,9182,1,0
A,E,A,1401,100,1401,1,0
A,F,A,7386,100,7386,1,0
A,G,A,7609,100,7609,1,0
A,H,A,9667,100,9667,1,0
A,B,B,7138,100,7138,1,0
B,C,B,6737,100,6737,1,0
B,D,B,12500,100,12500,1,0
B,E,B,7049,100,7049,1,0
B,F,B,1431,100,1431,1,0
B,G,B,6775,100,6775,1,0
B,H,B,12983,100,12983,1,0
A,C,C,7607,100,7607,1,0
B,C,C,6712,100,6712,1,0
C,D,C,6578,100,6578,1,0
C,E,C,7562,100,7562,1,0
C,F,C,7139,100,7139,1,0
C,G,C,1354,100,1354,1,0
C,H,C,7083,100,7083,1,0
A,D,D,9200,100,9200,1,0
B,D,D,12555,100,12555,1,0
C,D,D,6590,100,6590,1,0
D,E,D,9381,100,9381,1,0
D,F,D,12867,100,12867,1,0
D,G,D,6820,100,6820,1,0
D,H,D,1482,100,1482,1,0
A,E,E,1345,100,1345,1,0
B,E,E,7004,100,7004,1,0
C,E,E,7527,100,7527,1,0
D,E,E,9338,100,9338,1,0
E,F,E,6994,100,6994,1,0
E,G,E,7323,100,7323,1,0
E,H,E,9675,100,9675,1,0
A,F,F,7382,100,7382,1,0
B,F,F,1422,100,1422,1,0
C,F,F,7108,100,7108,1,0
D,F,F,12861,100,12861,1,0
E,F,F,7005,100,7005,1,0
F,G,F,6894,100,6894,1,0
F,H,F,13228,100,13228,1,0
A,G,G,7582,100,7582,1,0
B,G,G,6742,100,6742,1,0
C,G,G,1369,100,1369,1,0
D,G,G,6838,100,6838,1,0
E,G,G,7311,100,7311,1,0
F,G,G,6878,100,6878,1,0
G,H,G,7040,100,7040,1,0
A,H,H,9672,100,9672,1,0
B,H,H,13047,100,13047,1,0
C,H,H,7142,100,7142,1,0
D,H,H,1472,100,1472,1,0
E,H,H,9673,100,9673,1,0
F,H,H,13228,100,13228,1,0
G,H,H,7094,100,7094,1,0
A,B,A,7130,100,7130,1,0
A,C,A,7565,100,7565,1,0
A,D,A,9185,100,9185,1,0
A,E,A,1386,100,1386,1,0
A,F,A,7377,100,7377,1,0
A,G,A,7538,100,7538,1,0
A,H,A,9749,100,9749,1,0
A,B,B,7092,100,7092,1,0
B,C,B,6735,100,6735,1,0
B,D,B,12561,100,12561,1,0
B,E,B,7012,100,7012,1,0
B,F,B,1431,100,1431,1,0
B,G,B,6735,100,6735,1,0
B,H,B,13087,100,13087,1,0
A,C,C,7585,100,7585,1,0
B,C,C,6713,100,6713,1,0
C,D,C,6622,100,6622,1,0
C,E,C,7537,100,7537,1,0
C,F,C,7123,100,7123,1,0
C,G,C,1321,100,1321,1,0
C,H,C,7101,100,7101,1,0
A,D,D,9188,100,9188,1,0
B,D,D,12556,100,12556,1,0
C,D,D,6653,100,6653,1,0
D,E,D,9395,100,9395,1,0
D,F,D,12886,100,12886,1,0
D,G,D,6833,100,6833,1,0
D,H,D,1445,100,1445,1,0
A,E,E,1388,100,1388,1,0
B,E,E,7049,100,7049,1,0
C,E,E,7486,100,7486,1,0
D,E,E,9362,100,9362,1,0
E,F,E,6984,100,6984,1,0
E,G,E,7315,100,7315,1,0
E,H,E,9649,100,9649,1,0
A,F,F,7402,100,7402,1,0
B,F,F,1452,100,1452,1,0
C,F,F,7130,100,7130,1,0
D,F,F,12870,100,12870,1,0
E,F,F,7019,100,7019,1,0
F,G,F,6877,100,6877,1,0
F,H,F,13190,100,13190,1,0
A,G,G,7527,100,7527,1,0
B,G,G,6759,100,6759,1,0
C,G,G,1398,100,1398,1,0
D,G,G,6818,100,6818,1,0
E,G,G,7315,100,7315,1,0
F,G,G,6868,100,6868,1,0
G,H,G,7087,100,7087,1,0
A,H,H,9690,100,9690,1,0
B,H,H,13042,100,13042,1,0
C,H,H,7091,100,7091,1,0
D,H,H,1470,100,1470,1,0
E,H,H,9658,100,9658,1,0
F,H,H,13244,100,13244,1,0
G,H,H,7040,100,7040,1,0
A,B,A,7167,100,7167,1,0
A,C,A,7556,100,7556,1,0
A,D,A,9207,100,9207,1,0
A,E,A,1370,100,1370,1,0
A,F,A,7388,100,7388,1,0
A,G,A,7586,100,7586,1,0
A,H,A,9706,100,9706,1,0
A,B,B,7149,100,7149,1,0
B,C,B,6709,100,6709,1,0
B,D,B,12510,100,12510,1,0
B,E,B,7039,100,7039,1,0
B,F,B,1421,100,1421,1,0
B,G,B,6780,100,6780,1,0
B,H,B,13072,100,13072,1,0
A,C,C,7557,100,7557,1,0
B,C,C,6739,100,6739,1,0
C,D,C,6625,100,6625,1,0
C,E,C,7572,100,7572,1,0
C,F,C,7126,100,7126,1,0
C,G,C,1341,100,1341,1,0
C,H,C,7103,100,7103,1,0
A,D,D,9195,100,9195,1,0
B,D,D,12534,100,12534,1,0
C,D,D,6643,100,6643,1,0
D,E,D,9331,100,9331,1,0
D,F,D,12894,100,12894,1,0
D,G,D,6805,100,6805,1,0
D,H,D,1460,100,1460,1,0
A,E,E,1381,100,1381,1,0
B,E,E,7052,100,7052,1,0
C,E,E,7525,100,7525,1,0
D,E,E,9371,100,9371,1,0
E,F,E,6999,100,6999,1,0
E,G,E,7291,100,7291,1,0
E,H,E,9705,100,9705,1,0
A,F,F,7417,100,7417,1,0
B,F,F,1443,100,1443,1,0
C,F,F,7123,100,7123,1,0
D,F,F,12847,100,12847,1,0
E,F,F,7021,100,7021,1,0
F,G,F,6874,100,6874,1,0
F,H,F,13227,100,13227,1,0
A,G,G,7563,100,7563,1,0
B,G,G,6738,100,6738,1,0
C,G,G,1381,100,1381,1,0
D,G,G,6820,100,6820,1,0
E,G,G,7360,100,7360,1,0
F,G,G,6881,100,6881,1,0
G,H,G,7060,100,7060,1,0
A,H,H,9683,100,9683,1,0
B,H,H,13072,100,13072,1,0
C,H,H,7123,100,7123,1,0
D,H,H,1421,100,1421,1,0
E,H,H,9658,100,9658,1,0
F,H,H,13189,100,13189,1,0
G,H,H,7071,100,7071,1,0
A,B,A,7175,100,7175,1,0
A,C,A,7594,100,7594,1,0
A,D,A,9169,100,9169,1,0
A,E,A,1359,100,1359,1,0
A,F,A,7384,100,7384,1,0
A,G,A,7613,100,7613,1,0
A,H,A,9656,100,9656,1,0
A,B,B,7099,100,7099,1,0
B,C,B,6697,100,6697,1,0
B,D,B,12529,100,12529,1,0
B,E,B,7036,100,7036,1,0
B,F,B,1440,100,1440,1,0
B,G,B,6773,100,6773,1,0
B,H,B,13021,100,13021,1,0
A,C,C,7576,100,7576,1,0
B,C,C,6716,100,6716,1,0
C,D,C,6635,100,6635,1,0
C,E,C,7511,100,7511,1,0
C,F,C,7123,100,7123,1,0
C,G,C,1337,100,1337,1,0
C,H,C,7111,100,7111,1,0
A,D,D,9204,100,9204,1,0
B,D,D,12527,100,12527,1,0
C,D,D,6614,100,6614,1,0
D,E,D,9401,100,9401,1,0
D,F,D,12850,100,12850,1,0
D,G,D,6867,100,6867,1,0
D,H,D,1448,100,1448,1,0
A,E,E,1363,100,1363,1,0
B,E,E,7010,100,7010,1,0
C,E,E,7539,100,7539,1,0
D,E,E,9367,100,9367,1,0
E,F,E,7001,100,7001,1,0
E,G,E,7293,100,7293,1,0
E,H,E,9642,100,9642,1,0
A,F,F,7378,100,7378,1,0
B,F,F,1415,100,1415,1,0
C,F,F,7141,100,7141,1,0
D,F,F,12850,100,12850,1,0
E,F,F,6997,100,6997,1,0
F,G,F,6872,100,6872,1,0
F,H,F,13207,100,13207,1,0
A,G,G,7544,100,7544,1,0
B,G,G,6750,100,6750,1,0
C,G,G,1351,100,1351,1,0
D,G,G,6806,100,6806,1,0
E,G,G,7323,100,7323,1,0
F,G,G,6852,100,6852,1,0
G,H,G,7023,100,7023,1,0
A,H,H,9695,100,9695,1,0
B,H,H,13060,100,13060,1,0
C,H,H,7103,100,7103,1,0
D,H,H,1493,100,1493,1,0
E,H,H,9693,100,9693,1,0
F,H,H,13223,100,13223,1,0
G,H,H,7060,100,7060,1,0
A,B,A,7142,100,7142,1,0
A,C,A,7583,100,7583,1,0
A,D,A,9190,100,9190,1,0
A,E,A,1360,100,1360,1,0
A,F,A,7410,100,7410,1,0
A,G,A,7556,100,7556,1,0
A,H,A,9687,100,9687,1,0
A,B,B,7142,100,7142,1,0
B,C,B,6698,100,6698,1,0
B,D,B,12554,100,12554,1,0
B,E,B,7060,100,7060,1,0
B,F,B,1449,100,1449,1,0
B,G,B,6810,100,6810,1,0
B,H,B,13062,100,13062,1,0
A,C,C,7615,100,7615,1,0
B,C,C,6726,100,6726,1,0
C,D,C,6606,100,6606,1,0
C,E,C,7531,100,7531,1,0
C,F,C,7117,100,7117,1,0
C,G,C,1329,100,1329,1,0
C,H,C,7116,100,7116,1,0
A,D,D,9227,100,9227,1,0
B,D,D,12551,100,12551,1,0
C,D,D,6575,100,6575,1,0
D,E,D,9339,100,9339,1,0
D,F,D,12912,100,12912,1,0
D,G,D,6774,100,6774,1,0
D,H,D,1416,100,1416,1,0
A,E,E,1409,100,1409,1,0
B,E,E,7006,100,7006,1,0
C,E,E,7522,100,7522,1,0
D,E,E,9344,100,9344,1,0
E,F,E,7002,100,7002,1,0
E,G,E,7297,100,7297,1,0
E,H,E,9670,100,9670,1,0
A,F,F,7364,100,7364,1,0
B,F,F,1456,100,1456,1,0
C,F,F,7099,100,7099,1,0
D,F,F,12851,100,12851,1,0
E,F,F,7003,100,7003,1,0
F,G,F,6867,100,6867,1,0
F,H,F,13227,100,13227,1,0
A,G,G,7547,100,7547,1,0
B,G,G,6751,100,6751,1,0
C,G,G,1316,100,1316,1,0
D,G,G,6801,100,6801,1,0
E,G,G,7325,100,7325,1,0
F,G,G,6871,100,6871,1,0
G,H,G,7042,100,7042,1,0
A,H,H,9699,100,9699,1,0
B,H,H,13039,100,13039,1,0
C,H,H,7123,100,7123,1,0
D,H,H,1426,100,1426,1,0
E,H,H,9698,100,9698,1,0
F,H,H,13264,100,13264,1,0
G,H,H,7073,100,7073,1,0
A,B,A,7170,100,7170,1,0
A,C,A,7593,100,7593,1,0
A,D,A,9190,100,9190,1,0
A,E,A,1360,100,1360,1,0
A,F,A,7377,100,7377,1,0
A,G,A,7614,100,7614,1,0
A,H,A,9708,100,9708,1,0
A,B,B,7097,100,7097,1,0
B,C,B,6709,100,6709,1,0
B,D,B,12554,100,12554,1,0
B,E,B,7089,100,7089,1,0
B,F,B,1415,100,1415,1,0
B,G,B,6750,100,6750,1,0
B,H,B,13031,100,13031,1,0
A,C,C,7576,100,7576,1,0
B,C,C,6764,100,6764,1,0
C,D,C,6576,100,6576,1,0
C,E,C,7529,100,7529,1,0
C,F,C,7116,100,7116,1,0
C,G,C,1358,100,1358,1,0
C,H,C,7098,100,7098,1,0
A,D,D,9178,100,9178,1,0
B,D,D,12503,100,12503,1,0
C,D,D,6636,100,6636,1,0
D,E,D,9287,100,9287,1,0
D,F,D,12883,100,12883,1,0
D,G,D,6814,100,6814,1,0
D,H,D,1454,100,1454,1,0
A,E,E,1349,100,1349,1,0
B,E,E,7034,100,7034,1,0
C,E,E,7583,100,7583,1,0
D,E,E,9290,100,9290,1,0
E,F,E,7016,100,7016,1,0
E,G,E,7323,100,7323,1,0
E,H,E,9668,100,9668,1,0
A,F,F,7365,100,7365,1,0
B,F,F,1437,100,1437,1,0
C,F,F,7134,100,7134,1,0
D,F,F,12872,100,12872,1,0
E,F,F,6998,100,6998,1,0
F,G,F,6850,100,6850,1,0
F,H,F,13247,100,13247,1,0
A,G,G,7588,100,7588,1,0
B,G,G,6773,100,6773,1,0
C,G,G,1304,100,1304,1,0
D,G,G,6801,100,6801,1,0
E,G,G,7348,100,7348,1,0
F,G,G,6894,100,6894,1,0
G,H,G,7035,100,7035,1,0
A,H,H,9717,100,9717,1,0
B,H,H,13007,100,13007,1,0
C,H,H,7131,100,7131,1,0
D,H,H,1523,100,1523,1,0
E,H,H,9673,100,9673,1,0
F,H,H,13253,100,13253,1,0
G,H,H,7024,100,7024,1,0
A,B,A,7144,100,7144,1,0
A,C,A,7581,100,7581,1,0
A,D,A,9222,100,9222,1,0
A,E,A,1360,100,1360,1,0
A,F,A,7427,100,7427,1,0
A,G,A,7619,100,7619,1,0
A,H,A,9703,100,9703,1,0
A,B,B,7153,100,7153,1,0
B,C,B,6709,100,6709,1,0
B,D,B,12478,100,12478,1,0
B,E,B,7079,100,7079,1,0
B,F,B,1448,100,1448,1,0
B,G,B,6761,100,6761,1,0
B,H,B,13045,100,13045,1,0
A,C,C,7586,100,7586,1,0
B,C,C,6725,100,6725,1,0
C,D,C,6647,100,6647,1,0
C,E,C,7524,100,7524,1,0
C,F,C,7123,100,7123,1,0
C,G,C,1383,100,1383,1,0
C,H,C,7093,100,7093,1,0
A,D,D,9170,100,9170,1,0
B,D,D,12576,100,12576,1,0
C,D,D,6617,100,6617,1,0
D,E,D,9328,100,9328,1,0
D,F,D,12888,100,12888,1,0
D,G,D,6790,100,6790,1,0
D,H,D,1462,100,1462,1,0
A,E,E,1344,100,1344,1,0
B,E,E,7050,100,7050,1,0
C,E,E,7554,100,7554,1,0
D,E,E,9335,100,9335,1,0
E,F,E,7039,100,7039,1,0
E,G,E,7295,100,7295,1,0
E,H,E,9658,100,9658,1,0
A,F,F,7375,100,7375,1,0
B,F,F,1437,100,1437,1,0
C,F,F,7128,100,7128,1,0
D,F,F,12869,100,12869,1,0
E,F,F,7009,100,7009,1,0
F,G,F,6882,100,6882,1,0
F,H,F,13225,100,13225,1,0
A,G,G,7602,100,7602,1,0
B,G,G,6767,100,6767,1,0
C,G,G,1376,100,1376,1,0
D,G,G,6809,100,6809,1,0
E,G,G,7310,100,7310,1,0
F,G,G,6889,100,6889,1,0
G,H,G,7017,100,7017,1,0
A,H,H,9691,100,9691,1,0
B,H,H,13068,100,13068,1,0
C,H,H,7084,100,7084,1,0
D,H,H,1482,100,1482,1,0
E,H,H,9640,100,9640,1,0
F,H,H,13238,100,13238,1,0
G,H,H,7074,100,7074,1,0
A,B,A,7154,100,7154,1,0
A,C,A,7581,100,7581,1,0
A,D,A,9176,100,9176,1,0
A,E,A,1359,100,1359,1,0
A,F,A,7387,100,7387,1,0
A,G,A,7536,100,7536,1,0
A,H,A,9646,100,9646,1,0
A,B,B,7140,100,7140,1,0
B,C,B,6697,100,6697,1,0
B,D,B,12542,100,12542,1,0
B,E,B,7066,100,7066,1,0
B,F,B,1439,100,1439,1,0
B,G,B,6727,100,6727,1,0
B,H,B,13060,100,13060,1,0
A,C,C,7632,100,7632,1,0
B,C,C,6739,100,6739,1,0
C,D,C,6587,100,6587,1,0
C,E,C,7543,100,7543,1,0
C,F,C,7108,100,7108,1,0
C,G,C,1338,100,1338,1,0
C,H,C,7102,100,7102,1,0
A,D,D,9182,100,9182,1,0
B,D,D,12533,100,12533,1,0
C,D,D,6634,100,6634,1,0
D,E,D,9359,100,9359,1,0
D,F,D,12875,100,12875,1,0
D,G,D,6813,100,6813,1,0
D,H,D,1461,100,1461,1,0
A,E,E,1349,100,1349,1,0
B,E,E,7062,100,7062,1,0
C,E,E,7528,100,7528,1,0
D,E,E,9362,100,9362,1,0
E,F,E,7010,100,7010,1,0
E,G,E,7290,100,7290,1,0
E,H,E,9610,100,9610,1,0
A,F,F,7398,100,7398,1,0
B,F,F,1466,100,1466,1,0
C,F,F,7142,100,7142,1,0
D,F,F,12835,100,12835,1,0
E,F,F,7035,100,7035,1,0
F,G,F,6901,100,6901,1,0
F,H,F,13221,100,13221,1,0
A,G,G,7524,100,7524,1,0
B,G,G,6727,100,6727,1,0
C,G,G,1366,100,1366,1,0
D,G,G,6809,100,6809,1,0
E,G,G,7293,100,7293,1,0
F,G,G,6875,100,6875,1,0
G,H,G,7061,100,7061,1,0
A,H,H,9672,100,9672,1,0
B,H,H,13030,100,13030,1,0
C,H,H,7095,100,7095,1,0
D,H,H,1414,100,1414,1,0
E,H,H,9650,100,9650,1,0
F,H,H,13252,100,13252,1,0
G,H,H,7051,100,7051,1,0
A,B,A,7126,100,7126,1,0
A,C,A,7529,100,7529,1,0
A,D,A,9201,100,9201,1,0
A,E,A,1335,100,1335,1,0
A,F,A,7442,100,7442,1,0
A,G,A,7607,100,7607,1,0
A,H,A,9665,100,9665,1,0
A,B,B,7132,100,7132,1,0
B,C,B,6758,100,6758,1,0
B,D,B,12506,100,12506,1,0
B,E,B,7035,100,7035,1,0
B,F,B,1415,100,1415,1,0
B,G,B,6780,100,6780,1,0
B,H,B,12987,100,12987,1,0
A,C,C,7569,100,7569,1,0
B,C,C,6724,100,6724,1,0
C,D,C,6628,100,6628,1,0
C,E,C,7570,100,7570,1,0
C,F,C,7097,100,7097,1,0
C,G,C,1386,100,1386,1,0
C,H,C,7066,100,7066,1,0
A,D,D,9190,100,9190,1,0
B,D,D,12513,100,12513,1,0
C,D,D,6582,100,6582,1,0
D,E,D,9329,100,9329,1,0
D,F,D,12881,100,12881,1,0
D,G,D,6814,100,6814,1,0
D,H,D,1473,100,1473,1,0
A,E,E,1353,100,1353,1,0
B,E,E,7040,100,7040,1,0
C,E,E,7583,100,7583,1,0
D,E,E,9370,100,9370,1,0
E,F,E,6997,100,6997,1,0
E,G,E,7291,100,7291,1,0
E,H,E,9640,100,9640,1,0
A,F,F,7378,100,7378,1,0
B,F,F,1411,100,1411,1,0
C,F,F,7089,100,7089,1,0
D,F,F,12901,100,12901,1,0
E,F,F,7026,100,7026,1,0
F,G,F,6912,100,6912,1,0
F,H,F,13248,100,13248,1,0
A,G,G,7544,100,7544,1,0
B,G,G,6774,100,6774,1,0
C,G,G,1351,100,1351,1,0
D,G,G,6765,100,6765,1,0
E,G,G,7294,100,7294,1,0
F,G,G,6882,100,6882,1,0
G,H,G,7020,100,7020,1,0
A,H,H,9695,100,9695,1,0
B,H,H,13007,100,13007,1,0
C,H,H,7118,100,7118,1,0
D,H,H,1382,100,1382,1,0
E,H,H,9644,100,9644,1,0
F,H,H,13229,100,13229,1,0
G,H,H,7005,100,7005,1,0
A,B,A,7124,100,7124,1,0
A,C,A,7559,100,7559,1,0
A,D,A,9189,100,9189,1,0
A,E,A,1399,100,1399,1,0
A,F,A,7387,100,7387,1,0
A,G,A,7567,100,7567,1,0
A,H,A,9697,100,9697,1,0
A,B,B,7144,100,7144,1,0
B,C,B,6737,100,6737,1,0
B,D,B,12518,100,12518,1,0
B,E,B,7060,100,7060,1,0
B,F,B,1412,100,1412,1,0
B,G,B,6765,100,6765,1,0
B,H,B,12981,100,12981,1,0
A,C,C,7636,100,7636,1,0
B,C,C,6746,100,6746,1,0
C,D,C,6639,100,6639,1,0
C,E,C,7541,100,7541,1,0
C,F,C,7115,100,7115,1,0
C,G,C,1331,100,1331,1,0
C,H,C,7127,100,7127,1,0
A,D,D,9164,100,9164,1,0
B,D,D,12494,100,12494,1,0
C,D,D,6574,100,6574,1,0
D,E,D,9422,100,9422,1,0
D,F,D,12848,100,12848,1,0
D,G,D,6833,100,6833,1,0
D,H,D,1416,100,1416,1,0
A,E,E,1366,100,1366,1,0
B,E,E,7053,100,7053,1,0
C,E,E,7497,100,7497,1,0
D,E,E,9417,100,9417,1,0
E,F,E,6969,100,6969,1,0
E,G,E,7310,100,7310,1,0
E,H,E,9633,100,9633,1,0
A,F,F,7364,100,7364,1,0
B,F,F,1438,100,1438,1,0
C,F,F,7120,100,7120,1,0
D,F,F,12879,100,12879,1,0
E,F,F,7015,100,7015,1,0
F,G,F,6881,100,6881,1,0
F,H,F,13291,100,13291,1,0
A,G,G,7555,100,7555,1,0
B,G,G,6789,100,6789,1,0
C,G,G,1410,100,1410,1,0
D,G,G,6800,100,6800,1,0
E,G,G,7315,100,7315,1,0
F,G,G,6859,100,6859,1,0
G,H,G,7045,100,7045,1,0
A,H,H,9660,100,9660,1,0
B,H,H,13014,100,13014,1,0
C,H,H,7127,100,7127,1,0
D,H,H,1423,100,1423,1,0
E,H,H,9666,100,9666,1,0
F,H,H,13214,100,13214,1,0
G,H,H,7084,100,7084,1,0
A,B,A,7128,100,7128,1,0
A,C,A,7560,100,7560,1,0
A,D,A,9199,100,9199,1,0
A,E,A,1359,100,1359,1,0
A,F,A,7369,100,7369,1,0
A,G,A,7614,100,7614,1,0
A,H,A,9718,100,9718,1,0
A,B,B,7186,100,7186,1,0
B,C,B,6716,100,6716,1,0
B,D,B,12525,100,12525,1,0
B,E,B,7067,100,7067,1,0
B,F,B,1437,100,1437,1,0
B,G,B,6753,100,6753,1,0
B,H,B,13106,100,13106,1,0
A,C,C,7565,100,7565,1,0
B,C,C,6744,100,6744,1,0
C,D,C,6564,100,6564,1,0
C,E,C,7556,100,7556,1,0
C,F,C,7137,100,7137,1,0
C,G,C,1372,100,1372,1,0
C,H,C,7095,100,7095,1,0
A,D,D,9200,100,9200,1,0
B,D,D,12515,100,12515,1,0
C,D,D,6620,100,6620,1,0
D,E,D,9323,100,9323,1,0
D,F,D,12860,100,12860,1,0
D,G,D,6833,100,6833,1,0
D,H,D,1439,100,1439,1,0
A,E,E,1378,100,1378,1,0
B,E,E,7054,100,7054,1,0
C,E,E,7567,100,7567,1,0
D,E,E,9380,100,9380,1,0
E,F,E,6994,100,6994,1,0
E,G,E,7283,100,7283,1,0
E,H,E,9659,100,9659,1,0
A,F,F,7391,100,7391,1,0
B,F,F,1441,100,1441,1,0
C,F,F,7105,100,7105,1,0
D,F,F,12869,100,12869,1,0
E,F,F,7038,100,7038,1,0
F,G,F,6879,100,6879,1,0
F,H,F,13207,100,13207,1,0
A,G,G,7599,100,7599,1,0
B,G,G,6769,100,6769,1,0
C,G,G,1334,100,1334,1,0
D,G,G,6815,100,6815,1,0
E,G,G,7314,100,7314,1,0
F,G,G,6916,100,6916,1,0
G,H,G,7038,100,7038,1,0
A,H,H,9679,100,9679,1,0
B,H,H,13102,100,13102,1,0
C,H,H,7159,100,7159,1,0
D,H,H,1455,100,1455,1,0
E,H,H,9693,100,9693,1,0
F,H,H,13293,100,13293,1,0
G,H,H,7045,100,7045,1,0
A,B,A,7192,100,7192,1,0
A,C,A,7617,100,7617,1,0
A,D,A,9197,100,9197,1,0
A,E,A,1378,100,1378,1,0
A,F,A,7314,100,7314,1,0
A,G,A,7574,100,7574,1,0
A,H,A,9691,100,9691,1,0
A,B,B,7119,100,7119,1,0
B,C,B,6666,100,6666,1,0
B,D,B,12511,100,12511,1,0
B,E,B,7045,100,7045,1,0
B,F,B,1420,100,1420,1,0
B,G,B,6746,100,6746,1,0
B,H,B,13061,100,13061,1,0
A,C,C,7554,100,7554,1,0
B,C,C,6739,100,6739,1,0
C,D,C,6639,100,6639,1,0
C,E,C,7515,100,7515,1,0
C,F,C,7122,100,7122,1,0
C,G,C,1310,100,1310,1,0
C,H,C,7068,100,7068,1,0
A,D,D,9228,100,9228,1,0
B,D,D,12491,100,12491,1,0
C,D,D,6580,100,6580,1,0
D,E,D,9436,100,9436,1,0
D,F,D,12855,100,12855,1,0
D,G,D,6814,100,6814,1,0
D,H,D,1454,100,1454,1,0
A,E,E,1404,100,1404,1,0
B,E,E,7071,100,7071,1,0
C,E,E,7577,100,7577,1,0
D,E,E,9369,100,9369,1,0
E,F,E,6996,100,6996,1,0
E,G,E,7296,100,7296,1,0
E,H,E,9670,100,9670,1,0
A,F,F,7393,100,7393,1,0
B,F,F,1403,100,1403,1,0
C,F,F,7122,100,7122,1,0
D,F,F,12870,100,12870,1,0
E,F,F,7017,100,7017,1,0
F,G,F,6860,100,6860,1,0
F,H,F,13237,100,13237,1,0
A,G,G,7591,100,7591,1,0
B,G,G,6730,100,6730,1,0
C,G,G,1329,100,1329,1,0
D,G,G,6807,100,6807,1,0
E,G,G,7321,100,7321,1,0
F,G,G,6876,100,6876,1,0
G,H,G,7047,100,7047,1,0
A,H,H,9677,100,9677,1,0
B,H,H,13045,100,13045,1,0
C,H,H,7070,100,7070,1,0
D,H,H,1402,100,1402,1,0
E,H,H,9632,100,9632,1,0
F,H,H,13207,100,13207,1,0
G,H,H,7067,100,7067,1,0
A,B,A,7162,100,7162,1,0
A,C,A,7543,100,7543,1,0
A,D,A,9204,100,9204,1,0
A,E,A,1394,100,1394,1,0
A,F,A,7379,100,7379,1,0
A,G,A,7586,100,7586,1,0
A,H,A,9695,100,9695,1,0
A,B,B,7166,100,7166,1,0
B,C,B,6690,100,6690,1,0
B,D,B,12545,100,12545,1,0
B,E,B,7050,100,7050,1,0
B,F,B,1440,100,1440,1,0
B,G,B,6768,100,6768,1,0
B,H,B,13006,100,13006,1,0
A,C,C,7565,100,7565,1,0
B,C,C,6717,100,6717,1,0
C,D,C,6577,100,6577,1,0
C,E,C,7567,100,7567,1,0
C,F,C,7139,100,7139,1,0
C,G,C,1362,100,1362,1,0
C,H,C,7119,100,7119,1,0
A,D,D,9189,100,9189,1,0
B,D,D,12473,100,12473,1,0
C,D,D,6628,100,6628,1,0
D,E,D,9367,100,9367,1,0
D,F,D,12908,100,12908,1,0
D,G,D,6841,100,6841,1,0
D,H,D,1458,100,1458,1,0
A,E,E,1340,100,1340,1,0
B,E,E,7030,100,7030,1,0
C,E,E,7556,100,7556,1,0
D,E,E,9350,100,9350,1,0
E,F,E,6995,100,6995,1,0
E,G,E,7310,100,7310,1,0
E,H,E,9662,100,9662,1,0
A,F,F,7414,100,7414,1,0
B,F,F,1459,100,1459,1,0
C,F,F,7102,100,7102,1,0
D,F,F,12850,100,12850,1,0
E,F,F,7017,100,7017,1,0
F,G,F,6875,100,6875,1,0
F,H,F,13211,100,13211,1,0
A,G,G,7545,100,7545,1,0
B,G,G,6746,100,6746,1,0
C,G,G,1398,100,1398,1,0
D,G,G,6801,100,6801,1,0
E,G,G,7300,100,7300,1,0
F,G,G,6864,100,6864,1,0
G,H,G,7039,100,7039,1,0
A,H,H,9686,100,9686,1,0
B,H,H,13017,100,13017,1,0
C,H,H,7080,100,7080,1,0
D,H,H,1462,100,1462,1,0
E,H,H,9693,100,9693,1,0
F,H,H,13242,100,13242,1,0
G,H,H,7021,100,7021,1,0
A,B,A,7162,100,7162,1,0
A,C,A,7565,100,7565,1,0
A,D,A,9181,100,9181,1,0
A,E,A,1361,100,1361,1,0
A,F,A,7377,100,7377,1,0
A,G,A,7554,100,7554,1,0
A,H,A,9663,100,9663,1,0
A,B,B,7162,100,7162,1,0
B,C,B,6744,100,6744,1,0
B,D,B,12530,100,12530,1,0
B,E,B,7066,100,7066,1,0
B,F,B,1462,100,1462,1,0
B,G,B,6748,100,6748,1,0
B,H,B,12991,100,12991,1,0
A,C,C,7590,100,7590,1,0
B,C,C,6715,100,6715,1,0
C,D,C,6614,100,6614,1,0
C,E,C,7556,100,7556,1,0
C,F,C,7117,100,7117,1,0
C,G,C,1365,100,1365,1,0
C,H,C,7105,100,7105,1,0
A,D,D,9211,100,9211,1,0
B,D,D,12545,100,12545,1,0
C,D,D,6648,100,6648,1,0
D,E,D,9375,100,9375,1,0
D,F,D,12863,100,12863,1,0
D,G,D,6828,100,6828,1,0
D,H,D,1463,100,1463,1,0
A,E,E,1398,100,1398,1,0
B,E,E,7027,100,7027,1,0
C,E,E,7554,100,7554,1,0
D,E,E,9281,100,9281,1,0
E,F,E,6985,100,6985,1,0
E,G,E,7320,100,7320,1,0
E,H,E,9638,100,9638,1,0
A,F,F,7355,100,7355,1,0
B,F,F,1382,100,1382,1,0
C,F,F,7090,100,7090,1,0
D,F,F,12869,100,12869,1,0
E,F,F,7015,100,7015,1,0
F,G,F,6891,100,6891,1,0
F,H,F,13285,100,13285,1,0
A,G,G,7556,100,7556,1,0
B,G,G,6748,100,6748,1,0
C,G,G,1362,100,1362,1,0
D,G,G,6808,100,6808,1,0
E,G,G,7302,100,7302,1,0
F,G,G,6868,100,6868,1,0
G,H,G,7038,100,7038,1,0
A,H,H,9660,100,9660,1,0
B,H,H,13047,100,13047,1,0
C,H,H,7135,100,7135,1,0
D,H,H,1405,100,1405,1,0
E,H,H,9650,100,9650,1,0
F,H,H,13245,100,13245,1,0
G,H,H,7045,100,7045,1,0
A,B,A,7149,100,7149,1,0
A,C,A,7574,100,7574,1,0
A,D,A,9202,100,9202,1,0
A,E,A,1429,100,1429,1,0
A,F,A,7393,100,7393,1,0
A,G,A,7554,100,7554,1,0
A,H,A,9682,100,9682,1,0
A,B,B,7124,100,7124,1,0
B,C,B,6752,100,6752,1,0
B,D,B,12513,100,12513,1,0
B,E,B,7013,100,7013,1,0
B,F,B,1425,100,1425,1,0
B,G,B,6748,100,6748,1,0
B,H,B,13033,100,13033,1,0
A,C,C,7566,100,7566,1,0
B,C,C,6692,100,6692,1,0
C,D,C,6632,100,6632,1,0
C,E,C,7544,100,7544,1,0
C,F,C,7140,100,7140,1,0
C,G,C,1366,100,1366,1,0
C,H,C,7112,100,7112,1,0
A,D,D,9211,100,9211,1,0
B,D,D,12572,100,12572,1,0
C,D,D,6632,100,6632,1,0
D,E,D,9377,100,9377,1,0
D,F,D,12898,100,12898,1,0
D,G,D,6812,100,6812,1,0
D,H,D,1449,100,1449,1,0
A,E,E,1349,100,1349,1,0
B,E,E,7043,100,7043,1,0
C,E,E,7532,100,7532,1,0
D,E,E,9311,100,9311,1,0
E,F,E,7016,100,7016,1,0
E,G,E,7291,100,7291,1,0
E,H,E,9693,100,9693,1,0
A,F,F,7364,100,7364,1,0
B,F,F,1437,100,1437,1,0
C,F,F,7126,100,7126,1,0
D,F,F,12877,100,12877,1,0
E,F,F,7026,100,7026,1,0
F,G,F,6881,100,6881,1,0
F,H,F,13245,100,13245,1,0
A,G,G,7574,100,7574,1,0
B,G,G,6743,100,6743,1,0
C,G,G,1328,100,1328,1,0
D,G,G,6806,100,6806,1,0
E,G,G,7292,100,7292,1,0
F,G,G,6886,100,6886,1,0
G,H,G,7059,100,7059,1,0
A,H,H,9696,100,9696,1,0
B,H,H,13063,100,13063,1,0
C,H,H,7112,100,7112,1,0
D,H,H,1455,100,1455,1,0
E,H,H,9624,100,9624,1,0
F,H,H,13211,100,13211,1,0
G,H,H,7065,100,7065,1,0
A,B,A,7146,100,7146,1,0
A,C,A,7585,100,7585,1,0
A,D,A,9210,100,9210,1,0
A,E,A,1412,100,1412,1,0
A,F,A,7379,100,7379,1,0
A,G,A,7573,100,7573,1,0
A,H,A,9682,100,9682,1,0
A,B,B,7166,100,7166,1,0
B,C,B,6698,100,6698,1,0
B,D,B,12524,100,12524,1,0
B,E,B,7090,100,7090,1,0
B,F,B,1446,100,1446,1,0
B,G,B,6771,100,6771,1,0
B,H,B,13038,100,13038,1,0
A,C,C,7568,100,7568,1,0
B,C,C,6700,100,6700,1,0
C,D,C,6648,100,6648,1,0
C,E,C,7559,100,7559,1,0
C,F,C,7115,100,7115,1,0
C,G,C,1326,100,1326,1,0
C,H,C,7117,100,7117,1,0
A,D,D,9194,100,9194,1,0
B,D,D,12513,100,12513,1,0
C,D,D,6601,100,6601,1,0
D,E,D,9328,100,9328,1,0
D,F,D,12864,100,12864,1,0
D,G,D,6823,100,6823,1,0
D,H,D,1436,100,1436,1,0
A,E,E,1339,100,1339,1,0
B,E,E,7011,100,7011,1,0
C,E,E,7567,100,7567,1,0
D,E,E,9324,100,9324,1,0
E,F,E,6989,100,6989,1,0
E,G,E,7325,100,7325,1,0
E,H,E,9612,100,9612,1,0
A,F,F,7369,100,7369,1,0
B,F,F,1429,100,1429,1,0
C,F,F,7093,100,7093,1,0
D,F,F,12869,100,12869,1,0
E,F,F,6993,100,6993,1,0
F,G,F,6878,100,6878,1,0
F,H,F,13232,100,13232,1,0
A,G,G,7608,100,7608,1,0
B,G,G,6705,100,6705,1,0
C,G,G,1374,100,1374,1,0
D,G,G,6787,100,6787,1,0
E,G,G,7303,100,7303,1,0
F,G,G,6899,100,6899,1,0
G,H,G,7062,100,7062,1,0
A,H,H,9706,100,9706,1,0
B,H,H,13037,100,13037,1,0
C,H,H,7103,100,7103,1,0
D,H,H,1432,100,1432,1,0
E,H,H,9653,100,9653,1,0
F,H,H,13237,100,13237,1,0
G,H,H,7014,100,7014,1,0
A,B,A,7179,100,7179,1,0
A,C,A,7583,100,7583,1,0
A,D,A,9202,100,9202,1,0
A,E,A,1358,100,1358,1,0
A,F,A,7362,100,7362,1,0
A,G,A,7619,100,7619,1,0
A,H,A,9652,100,9652,1,0
A,B,B,7191,100,7191,1,0
B,C,B,6727,100,6727,1,0
B,D,B,12536,100,12536,1,0
B,E,B,7017,100,7017,1,0
B,F,B,1423,100,1423,1,0
B,G,B,6769,100,6769,1,0
B,H,B,13045,100,13045,1,0
A,C,C,7578,100,7578,1,0
B,C,C,6740,100,6740,1,0
C,D,C,6629,100,6629,1,0
C,E,C,7584,100,7584,1,0
C,F,C,7134,100,7134,1,0
C,G,C,1376,100,1376,1,0
C,H,C,7085,100,7085,1,0
A,D,D,9212,100,9212,1,0
B,D,D,12552,100,12552,1,0
C,D,D,6570,100,6570,1,0
D,E,D,9314,100,9314,1,0
D,F,D,12832,100,12832,1,0
D,G,D,6780,100,6780,1,0
D,H,D,1480,100,1480,1,0
A,E,E,1420,100,1420,1,0
B,E,E,7047,100,7047,1,0
C,E,E,7545,100,7545,1,0
D,E,E,9448,100,9448,1,0
E,F,E,7012,100,7012,1,0
E,G,E,7300,100,7300,1,0
E,H,E,9614,100,9614,1,0
A,F,F,7357,100,7357,1,0
B,F,F,1404,100,1404,1,0
C,F,F,7106,100,7106,1,0
D,F,F,12862,100,12862,1,0
E,F,F,7022,100,7022,1,0
F,G,F,6872,100,6872,1,0
F,H,F,13247,100,13247,1,0
A,G,G,7568,100,7568,1,0
B,G,G,6763,100,6763,1,0
C,G,G,1363,100,1363,1,0
D,G,G,6810,100,6810,1,0
E,G,G,7311,100,7311,1,0
F,G,G,6859,100,6859,1,0
G,H,G,7049,100,7049,1,0
A,H,H,9727,100,9727,1,0
B,H,H,13068,100,13068,1,0
C,H,H,7129,100,7129,1,0
D,H,H,1429,100,1429,1,0
E,H,H,9662,100,9662,1,0
F,H,H,13246,100,13246,1,0
G,H,H,7059,100,7059,1,0
A,B,A,7198,100,7198,1,0
A,C,A,7552,100,7552,1,0
A,D,A,9192,100,9192,1,0
A,E,A,1344,100,1344,1,0
A,F,A,7388,100,7388,1,0
A,G,A,7614,100,7614,1,0
A,H,A,9690,100,9690,1,0
A,B,B,7131,100,7131,1,0
B,C,B,6721,100,6721,1,0
B,D,B,12490,100,12490,1,0
B,E,B,7040,100,7040,1,0
B,F,B,1440,100,1440,1,0
B,G,B,6741,100,6741,1,0
B,H,B,13031,100,13031,1,0
A,C,C,7534,100,7534,1,0
B,C,C,6730,100,6730,1,0
C,D,C,6595,100,6595,1,0
C,E,C,7564,100,7564,1,0
C,F,C,7126,100,7126,1,0
C,G,C,1349,100,1349,1,0
C,H,C,7092,100,7092,1,0
A,D,D,9201,100,9201,1,0
B,D,D,12538,100,12538,1,0
C,D,D,6627,100,6627,1,0
D,E,D,9352,100,9352,1,0
D,F,D,12878,100,12878,1,0
D,G,D,6806,100,6806,1,0
D,H,D,1448,100,1448,1,0
A,E,E,1385,100,1385,1,0
B,E,E,7033,100,7033,1,0
C,E,E,7514,100,7514,1,0
D,E,E,9359,100,9359,1,0
E,F,E,7019,100,7019,1,0
E,G,E,7311,100,7311,1,0
E,H,E,9650,100,9650,1,0
A,F,F,7367,100,7367,1,0
B,F,F,1473,100,1473,1,0
C,F,F,7123,100,7123,1,0
D,F,F,12850,100,12850,1,0
E,F,F,6990,100,6990,1,0
F,G,F,6872,100,6872,1,0
F,H,F,13243,100,13243,1,0
A,G,G,7595,100,7595,1,0
B,G,G,6782,100,6782,1,0
C,G,G,1339,100,1339,1,0
D,G,G,6784,100,6784,1,0
E,G,G,7297,100,7297,1,0
F,G,G,6912,100,6912,1,0
G,H,G,7060,100,7060,1,0
A,H,H,9681,100,9681,1,0
B,H,H,13053,100,13053,1,0
C,H,H,7131,100,7131,1,0
D,H,H,1505,100,1505,1,0
E,H,H,9661,100,9661,1,0
F,H,H,13206,100,13206,1,0
G,H,H,7058,100,7058,1,0
A,B,A,7141,100,7141,1,0
A,C,A,7590,100,7590,1,0
A,D,A,9204,100,9204,1,0
A,E,A,1340,100,1340,1,0
A,F,A,7381,100,7381,1,0
A,G,A,7532,100,7532,1,0
A,H,A,9701,100,9701,1,0
A,B,B,7157,100,7157,1,0
B,C,B,6733,100,6733,1,0
B,D,B,12526,100,12526,1,0
B,E,B,7027,100,7027,1,0
B,F,B,1429,100,1429,1,0
B,G,B,6778,100,6778,1,0
B,H,B,13004,100,13004,1,0
A,C,C,7546,100,7546,1,0
B,C,C,6724,100,6724,1,0
C,D,C,6616,100,6616,1,0
C,E,C,7514,100,7514,1,0
C,F,C,7123,100,7123,1,0
C,G,C,1354,100,1354,1,0
C,H,C,7124,100,7124,1,0
A,D,D,9185,100,9185,1,0
B,D,D,12517,100,12517,1,0
C,D,D,6614,100,6614,1,0
D,E,D,9425,100,9425,1,0
D,F,D,12875,100,12875,1,0
D,G,D,6833,100,6833,1,0
D,H,D,1478,100,1478,1,0
A,E,E,1418,100,1418,1,0
B,E,E,7046,100,7046,1,0
C,E,E,7527,100,7527,1,0
D,E,E,9320,100,9320,1,0
E,F,E,7033,100,7033,1,0
E,G,E,7292,100,7292,1,0
E,H,E,9672,100,9672,1,0
A,F,F,7407,100,7407,1,0
B,F,F,1448,100,1448,1,0
C,F,F,7133,100,7133,1,0
D,F,F,12844,100,12844,1,0
E,F,F,7008,100,7008,1,0
F,G,F,6884,100,6884,1,0
F,H,F,13215,100,13215,1,0
A,G,G,7564,100,7564,1,0
B,G,G,6792,100,6792,1,0
C,G,G,1370,100,1370,1,0
D,G,G,6840,100,6840,1,0
E,G,G,7310,100,7310,1,0
F,G,G,6908,100,6908,1,0
G,H,G,7042,100,7042,1,0
A,H,H,9722,100,9722,1,0
B,H,H,13026,100,13026,1,0
C,H,H,7059,100,7059,1,0
D,H,H,1436,100,1436,1,0
E,H,H,9661,100,9661,1,0
F,H,H,13231,100,13231,1,0
G,H,H,7033,100,7033,1,0
A,B,A,7120,100,7120,1,0
A,C,A,7546,100,7546,1,0
A,D,A,9199,100,9199,1,0
A,E,A,1395,100,1395,1,0
A,F,A,7374,100,7374,1,0
A,G,A,7571,100,7571,1,0
A,H,A,9700,100,9700,1,0
A,B,B,7145,100,7145,1,0
B,C,B,6749,100,6749,1,0
B,D,B,12562,100,12562,1,0
B,E,B,7051,100,7051,1,0
B,F,B,1432,100,1432,1,0
B,G,B,6746,100,6746,1,0
B,H,B,12996,100,12996,1,0
A,C,C,7584,100,7584,1,0
B,C,C,6709,100,6709,1,0
C,D,C,6602,100,6602,1,0
C,E,C,7557,100,7557,1,0
C,F,C,7106,100,7106,1,0
C,G,C,1343,100,1343,1,0
C,H,C,7109,100,7109,1,0
A,D,D,9202,100,9202,1,0
B,D,D,12487,100,12487,1,0
C,D,D,6602,100,6602,1,0
D,E,D,9377,100,9377,1,0
D,F,D,12861,100,12861,1,0
D,G,D,6818,100,6818,1,0
D,H,D,1460,100,1460,1,0
A,E,E,1390,100,1390,1,0
B,E,E,7029,100,7029,1,0
C,E,E,7549,100,7549,1,0
D,E,E,9390,100,9390,1,0
E,F,E,7034,100,7034,1,0
E,G,E,7309,100,7309,1,0
E,H,E,9646,100,9646,1,0
A,F,F,7375,100,7375,1,0
B,F,F,1407,100,1407,1,0
C,F,F,7138,100,7138,1,0
D,F,F,12873,100,12873,1,0
E,F,F,7002,100,7002,1,0
F,G,F,6884,100,6884,1,0
F,H,F,13227,100,13227,1,0
A,G,G,7585,100,7585,1,0
B,G,G,6786,100,6786,1,0
C,G,G,1376,100,1376,1,0
D,G,G,6742,100,6742,1,0
E,G,G,7265,100,7265,1,0
F,G,G,6906,100,6906,1,0
G,H,G,7028,100,7028,1,0
A,H,H,9709,100,9709,1,0
B,H,H,13005,100,13005,1,0
C,H,H,7128,100,7128,1,0
D,H,H,1492,100,1492,1,0
E,H,H,9651,100,9651,1,0
F,H,H,13237,100,13237,1,0
G,H,H,7006,100,7006,1,0
A,B,A,7135,100,7135,1,0
A,C,A,7579,100,7579,1,0
A,D,A,9185,100,9185,1,0
A,E,A,1377,100,1377,1,0
A,F,A,7349,100,7349,1,0
A,G,A,7615,100,7615,1,0
A,H,A,9708,100,9708,1,0
A,B,B,7209,100,7209,1,0
B,C,B,6756,100,6756,1,0
B,D,B,12525,100,12525,1,0
B,E,B,7034,100,7034,1,0
B,F,B,1436,100,1436,1,0
B,G,B,6758,100,6758,1,0
B,H,B,13056,100,13056,1,0
A,C,C,7640,100,7640,1,0
B,C,C,6736,100,6736,1,0
C,D,C,6620,100,6620,1,0
C,E,C,7577,100,7577,1,0
C,F,C,7084,100,7084,1,0
C,G,C,1329,100,1329,1,0
C,H,C,7127,100,7127,1,0
A,D,D,9193,100,9193,1,0
B,D,D,12542,100,12542,1,0
C,D,D,6587,100,6587,1,0
D,E,D,9345,100,9345,1,0
D,F,D,12883,100,12883,1,0
D,G,D,6782,100,6782,1,0
D,H,D,1395,100,1395,1,0
A,E,E,1346,100,1346,1,0
B,E,E,7044,100,7044,1,0
C,E,E,7533,100,7533,1,0
D,E,E,9346,100,9346,1,0
E,F,E,7006,100,7006,1,0
E,G,E,7301,100,7301,1,0
E,H,E,9665,100,9665,1,0
A,F,F,7383,100,7383,1,0
B,F,F,1410,100,1410,1,0
C,F,F,7120,100,7120,1,0
D,F,F,12890,100,12890,1,0
E,F,F,7007,100,7007,1,0
F,G,F,6845,100,6845,1,0
F,H,F,13251,100,13251,1,0
A,G,G,7528,100,7528,1,0
B,G,G,6723,100,6723,1,0
C,G,G,1366,100,1366,1,0
D,G,G,6834,100,6834,1,0
E,G,G,7316,100,7316,1,0
F,G,G,6896,100,6896,1,0
G,H,G,7082,100,7082,1,0
A,H,H,9664,100,9664,1,0
B,H,H,13072,100,13072,1,0
C,H,H,7109,100,7109,1,0
D,H,H,1455,100,1455,1,0
E,H,H,9666,100,9666,1,0
F,H,H,13198,100,13198,1,0
G,H,H,7062,100,7062,1,0
A,B,A,7126,100,7126,1,0
A,C,A,7584,100,7584,1,0
A,D,A,9211,100,9211,1,0
A,E,A,1335,100,1335,1,0
A,F,A,7388,100,7388,1,0
A,G,A,7615,100,7615,1,0
A,H,A,9674,100,9674,1,0
A,B,B,7098,100,7098,1,0
B,C,B,6707,100,6707,1,0
B,D,B,12512,100,12512,1,0
B,E,B,7010,100,7010,1,0
B,F,B,1446,100,1446,1,0
B,G,B,6788,100,6788,1,0
B,H,B,13039,100,13039,1,0
A,C,C,7522,100,7522,1,0
B,C,C,6704,100,6704,1,0
C,D,C,6607,100,6607,1,0
C,E,C,7525,100,7525,1,0
C,F,C,7125,100,7125,1,0
C,G,C,1322,100,1322,1,0
C,H,C,7147,100,7147,1,0
A,D,D,9204,100,9204,1,0
B,D,D,12532,100,12532,1,0
C,D,D,6587,100,6587,1,0
D,E,D,9363,100,9363,1,0
D,F,D,12832,100,12832,1,0
D,G,D,6772,100,6772,1,0
D,H,D,1477,100,1477,1,0
A,E,E,1353,100,1353,1,0
B,E,E,7033,100,7033,1,0
C,E,E,7528,100,7528,1,0
D,E,E,9364,100,9364,1,0
E,F,E,7005,100,7005,1,0
E,G,E,7329,100,7329,1,0
E,H,E,9671,100,9671,1,0
A,F,F,7361,100,7361,1,0
B,F,F,1414,100,1414,1,0
C,F,F,7126,100,7126,1,0
D,F,F,12855,100,12855,1,0
E,F,F,7033,100,7033,1,0
F,G,F,6890,100,6890,1,0
F,H,F,13232,100,13232,1,0
A,G,G,7584,100,7584,1,0
B,G,G,6728,100,6728,1,0
C,G,G,1360,100,1360,1,0
D,G,G,6831,100,6831,1,0
E,G,G,7293,100,7293,1,0
F,G,G,6863,100,6863,1,0
G,H,G,7056,100,7056,1,0
A,H,H,9705,100,9705,1,0
B,H,H,13052,100,13052,1,0
C,H,H,7106,100,7106,1,0
D,H,H,1442,100,1442,1,0
E,H,H,9649,100,9649,1,0
F,H,H,13270,100,13270,1,0
G,H,H,7077,100,7077,1,0
A,B,A,7207,100,7207,1,0
A,C,A,7555,100,7555,1,0
A,D,A,9193,100,9193,1,0
A,E,A,1362,100,1362,1,0
A,F,A,7380,100,7380,1,0
A,G,A,7589,100,7589,1,0
A,H,A,9712,100,9712,1,0
A,B,B,7161,100,7161,1,0
B,C,B,6722,100,6722,1,0
B,D,B,12557,100,12557,1,0
B,E,B,7048,100,7048,1,0
B,F,B,1415,100,1415,1,0
B,G,B,6749,100,6749,1,0
B,H,B,13083,100,13083,1,0
A,C,C,7564,100,7564,1,0
B,C,C,6743,100,6743,1,0
C,D,C,6626,100,6626,1,0
C,E,C,7577,100,7577,1,0
C,F,C,7125,100,7125,1,0
C,G,C,1364,100,1364,1,0
C,H,C,7075,100,7075,1,0
A,D,D,9204,100,9204,1,0
B,D,D,12532,100,12532,1,0
C,D,D,6616,100,6616,1,0
D,E,D,9301,100,9301,1,0
D,F,D,12900,100,12900,1,0
D,G,D,6782,100,6782,1,0
D,H,D,1434,100,1434,1,0
A,E,E,1367,100,1367,1,0
B,E,E,7050,100,7050,1,0
C,E,E,7553,100,7553,1,0
D,E,E,9409,100,9409,1,0
E,F,E,7003,100,7003,1,0
E,G,E,7313,100,7313,1,0
E,H,E,9653,100,9653,1,0
A,F,F,7396,100,7396,1,0
B,F,F,1426,100,1426,1,0
C,F,F,7103,100,7103,1,0
D,F,F,12889,100,12889,1,0
E,F,F,7015,100,7015,1,0
F,G,F,6885,100,6885,1,0
F,H,F,13248,100,13248,1,0
A,G,G,7504,100,7504,1,0
B,G,G,6734,100,6734,1,0
C,G,G,1363,100,1363,1,0
D,G,G,6815,100,6815,1,0
E,G,G,7311,100,7311,1,0
F,G,G,6862,100,6862,1,0
G,H,G,7012,100,7012,1,0
A,H,H,9714,100,9714,1,0
B,H,H,13029,100,13029,1,0
C,H,H,7087,100,7087,1,0
D,H,H,1435,100,1435,1,0
E,H,H,9662,100,9662,1,0
F,H,H,13226,100,13226,1,0
G,H,H,7032,100,7032,1,0
A,B,A,7138,100,7138,1,0
A,C,A,7568,100,7568,1,0
A,D,A,9180,100,9180,1,0
A,E,A,1355,100,1355,1,0
A,F,A,7363,100,7363,1,0
A,G,A,7575,100,7575,1,0
A,H,A,9714,100,9714,1,0
A,B,B,7160,100,7160,1,0
B,C,B,6719,100,6719,1,0
B,D,B,12505,100,12505,1,0
B,E,B,7044,100,7044,1,0
B,F,B,1438,100,1438,1,0
B,G,B,6785,100,6785,1,0
B,H,B,13019,100,13019,1,0
A,C,C,7543,100,7543,1,0
B,C,C,6745,100,6745,1,0
C,D,C,6591,100,6591,1,0
C,E,C,7524,100,7524,1,0
C,F,C,7117,100,7117,1,0
C,G,C,1375,100,1375,1,0
C,H,C,7072,100,7072,1,0
A,D,D,9182,100,9182,1,0
B,D,D,12466,100,12466,1,0
C,D,D,6587,100,6587,1,0
D,E,D,9362,100,9362,1,0
D,F,D,12886,100,12886,1,0
D,G,D,6801,100,6801,1,0
D,H,D,1436,100,1436,1,0
A,E,E,1352,100,1352,1,0
B,E,E,7022,100,7022,1,0
C,E,E,7540,100,7540,1,0
D,E,E,9285,100,9285,1,0
E,F,E,6966,100,6966,1,0
E,G,E,7298,100,7298,1,0
E,H,E,9663,100,9663,1,0
A,F,F,7382,100,7382,1,0
B,F,F,1411,100,1411,1,0
C,F,F,7126,100,7126,1,0
D,F,F,12855,100,12855,1,0
E,F,F,7026,100,7026,1,0
F,G,F,6861,100,6861,1,0
F,H,F,13215,100,13215,1,0
A,G,G,7561,100,7561,1,0
B,G,G,6751,100,6751,1,0
C,G,G,1377,100,1377,1,0
D,G,G,6823,100,6823,1,0
E,G,G,7324,100,7324,1,0
F,G,G,6881,100,6881,1,0
G,H,G,7080,100,7080,1,0
A,H,H,9755,100,9755,1,0
B,H,H,13073,100,13073,1,0
C,H,H,7095,100,7095,1,0
D,H,H,1453,100,1453,1,0
E,H,H,9633,100,9633,1,0
F,H,H,13249,100,13249,1,0
G,H,H,7006,100,7006,1,0
A,B,A,7154,100,7154,1,0
A,C,A,7616,100,7616,1,0
A,D,A,9180,100,9180,1,0
A,E,A,1346,100,1346,1,0
A,F,A,7397,100,7397,1,0
A,G,A,7584,100,7584,1,0
A,H,A,9718,100,9718,1,0
A,B,B,7133,100,7133,1,0
B,C,B,6710,100,6710,1,0
B,D,B,12509,100,12509,1,0
B,E,B,7044,100,7044,1,0
B,F,B,1424,100,1424,1,0
B,G,B,6780,100,6780,1,0
B,H,B,13058,100,13058,1,0
A,C,C,7558,100,7558,1,0
B,C,C,6696,100,6696,1,0
C,D,C,6603,100,6603,1,0
C,E,C,7541,100,7541,1,0
C,F,C,7117,100,7117,1,0
C,G,C,1341,100,1341,1,0
C,H,C,7100,100,7100,1,0
A,D,D,9185,100,9185,1,0
B,D,D,12573,100,12573,1,0
C,D,D,6609,100,6609,1,0
D,E,D,9397,100,9397,1,0
D,F,D,12878,100,12878,1,0
D,G,D,6796,100,6796,1,0
D,H,D,1500,100,1500,1,0
A,E,E,1399,100,1399,1,0
B,E,E,7045,100,7045,1,0
C,E,E,7502,100,7502,1,0
D,E,E,9351,100,9351,1,0
E,F,E,6979,100,6979,1,0
E,G,E,7310,100,7310,1,0
E,H,E,9646,100,9646,1,0
A,F,F,7383,100,7383,1,0
B,F,F,1432,100,1432,1,0
C,F,F,7133,100,7133,1,0
D,F,F,12915,100,12915,1,0
E,F,F,7010,100,7010,1,0
F,G,F,6870,100,6870,1,0
F,H,F,13269,100,13269,1,0
A,G,G,7580,100,7580,1,0
B,G,G,6746,100,6746,1,0
C,G,G,1345,100,1345,1,0
D,G,G,6837,100,6837,1,0
E,G,G,7289,100,7289,1,0
F,G,G,6884,100,6884,1,0
G,H,G,7027,100,7027,1,0
A,H,H,9716,100,9716,1,0
B,H,H,13063,100,13063,1,0
C,H,H,7126,100,7126,1,0
D,H,H,1444,100,1444,1,0
E,H,H,9645,100,9645,1,0
F,H,H,13215,100,13215,1,0
G,H,H,7076,100,7076,1,0
A,B,A,7162,100,7162,1,0
A,C,A,7567,100,7567,1,0
A,D,A,9208,100,9208,1,0
A,E,A,1346,100,1346,1,0
A,F,A,7417,100,7417,1,0
A,G,A,7527,100,7527,1,0
A,H,A,9682,100,9682,1,0
A,B,B,7182,100,7182,1,0
B,C,B,6705,100,6705,1,0
B,D,B,12511,100,12511,1,0
B,E,B,7047,100,7047,1,0
B,F,B,1433,100,1433,1,0
B,G,B,6786,100,6786,1,0
B,H,B,13006,100,13006,1,0
A,C,C,7601,100,7601,1,0
B,C,C,6686,100,6686,1,0
C,D,C,6601,100,6601,1,0
C,E,C,7514,100,7514,1,0
C,F,C,7130,100,7130,1,0
C,G,C,1406,100,1406,1,0
C,H,C,7113,100,7113,1,0
A,D,D,9184,100,9184,1,0
B,D,D,12572,100,12572,1,0
C,D,D,6603,100,6603,1,0
D,E,D,9400,100,9400,1,0
D,F,D,12888,100,12888,1,0
D,G,D,6814,100,6814,1,0
D,H,D,1474,100,1474,1,0
A,E,E,1396,100,1396,1,0
B,E,E,7042,100,7042,1,0
C,E,E,7605,100,7605,1,0
D,E,E,9354,100,9354,1,0
E,F,E,6985,100,6985,1,0
E,G,E,7292,100,7292,1,0
E,H,E,9682,100,9682,1,0
A,F,F,7396,100,7396,1,0
B,F,F,1443,100,1443,1,0
C,F,F,7119,100,7119,1,0
D,F,F,12855,100,12855,1,0
E,F,F,7002,100,7002,1,0
F,G,F,6901,100,6901,1,0
F,H,F,13230,100,13230,1,0
A,G,G,7577,100,7577,1,0
B,G,G,6736,100,6736,1,0
C,G,G,1407,100,1407,1,0
D,G,G,6802,100,6802,1,0
E,G,G,7297,100,7297,1,0
F,G,G,6894,100,6894,1,0
G,H,G,7056,100,7056,1,0
A,H,H,9722,100,9722,1,0
B,H,H,13006,100,13006,1,0
C,H,H,7104,100,7104,1,0
D,H,H,1469,100,1469,1,0
E,H,H,9669,100,9669,1,0
F,H,H,13214,100,13214,1,0
G,H,H,7023,100,7023,1,0
A,B,A,7149,100,7149,1,0
A,C,A,7580,100,7580,1,0
A,D,A,9200,100,9200,1,0
A,E,A,1375,100,1375,1,0
A,F,A,7367,100,7367,1,0
A,G,A,7567,100,7567,1,0
A,H,A,9734,100,9734,1,0
A,B,B,7147,100,7147,1,0
B,C,B,6708,100,6708,1,0
B,D,B,12518,100,12518,1,0
B,E,B,6997,100,6997,1,0
B,F,B,1431,100,1431,1,0
B,G,B,6786,100,6786,1,0
B,H,B,13075,100,13075,1,0
A,C,C,7561,100,7561,1,0
B,C,C,6729,100,6729,1,0
C,D,C,6573,100,6573,1,0
C,E,C,7533,100,7533,1,0
C,F,C,7119,100,7119,1,0
C,G,C,1330,100,1330,1,0
C,H,C,7144,100,7144,1,0
A,D,D,9229,100,9229,1,0
B,D,D,12527,100,12527,1,0
C,D,D,6606,100,6606,1,0
D,E,D,9331,100,9331,1,0
D,F,D,12861,100,12861,1,0
D,G,D,6817,100,6817,1,0
D,H,D,1469,100,1469,1,0
A,E,E,1340,100,1340,1,0
B,E,E,7087,100,7087,1,0
C,E,E,7503,100,7503,1,0
D,E,E,9342,100,9342,1,0
E,F,E,6996,100,6996,1,0
E,G,E,7292,100,7292,1,0
E,H,E,9677,100,9677,1,0
A,F,F,7385,100,7385,1,0
B,F,F,1419,100,1419,1,0
C,F,F,7120,100,7120,1,0
D,F,F,12868,100,12868,1,0
E,F,F,7019,100,7019,1,0
F,G,F,6868,100,6868,1,0
F,H,F,13276,100,13276,1,0
A,G,G,7587,100,7587,1,0
B,G,G,6732,100,6732,1,0
C,G,G,1345,100,1345,1,0
D,G,G,6817,100,6817,1,0
E,G,G,7307,100,7307,1,0
F,G,G,6877,100,6877,1,0
G,H,G,7046,100,7046,1,0
A,H,H,9715,100,9715,1,0
B,H,H,13035,100,13035,1,0
C,H,H,7095,100,7095,1,0
D,H,H,1487,100,1487,1,0
E,H,H,9665,100,9665,1,0
F,H,H,13248,100,13248,1,0
G,H,H,7022,100,7022,1,0
A,B,A,7129,100,7129,1,0
A,C,A,7603,100,7603,1,0
A,D,A,9214,100,9214,1,0
A,E,A,1382,100,1382,1,0
A,F,A,7361,100,7361,1,0
A,G,A,7579,100,7579,1,0
A,H,A,9691,100,9691,1,0
A,B,B,7180,100,7180,1,0
B,C,B,6714,100,6714,1,0
B,D,B,12528,100,12528,1,0
B,E,B,7029,100,7029,1,0
B,F,B,1439,100,1439,1,0
B,G,B,6797,100,6797,1,0
B,H,B,13060,100,13060,1,0
A,C,C,7556,100,7556,1,0
B,C,C,6736,100,6736,1,0
C,D,C,6620,100,6620,1,0
C,E,C,7554,100,7554,1,0
C,F,C,7144,100,7144,1,0
C,G,C,1306,100,1306,1,0
C,H,C,7106,100,7106,1,0
A,D,D,9192,100,9192,1,0
B,D,D,12511,100,12511,1,0
C,D,D,6591,100,6591,1,0
D,E,D,9391,100,9391,1,0
D,F,D,12886,100,12886,1,0
D,G,D,6826,100,6826,1,0
D,H,D,1454,100,1454,1,0
A,E,E,1400,100,1400,1,0
B,E,E,7028,100,7028,1,0
C,E,E,7549,100,7549,1,0
D,E,E,9316,100,9316,1,0
E,F,E,7001,100,7001,1,0
E,G,E,7295,100,7295,1,0
E,H,E,9681,100,9681,1,0
A,F,F,7400,100,7400,1,0
B,F,F,1453,100,1453,1,0
C,F,F,7133,100,7133,1,0
D,F,F,12849,100,12849,1,0
E,F,F,7006,100,7006,1,0
F,G,F,6873,100,6873,1,0
F,H,F,13245,100,13245,1,0
A,G,G,7572,100,7572,1,0
B,G,G,6753,100,6753,1,0
C,G,G,1362,100,1362,1,0
D,G,G,6790,100,6790,1,0
E,G,G,7348,100,7348,1,0
F,G,G,6923,100,6923,1,0
G,H,G,7034,100,7034,1,0
A,H,H,9683,100,9683,1,0
B,H,H,13048,100,13048,1,0
C,H,H,7104,100,7104,1,0
D,H,H,1465,100,1465,1,0
E,H,H,9687,100,9687,1,0
F,H,H,13250,100,13250,1,0
G,H,H,7015,100,7015,1,0
A,B,A,7155,100,7155,1,0
A,C,A,7554,100,7554,1,0
A,D,A,9198,100,9198,1,0
A,E,A,1417,100,1417,1,0
A,F,A,7427,100,7427,1,0
A,G,A,7590,100,7590,1,0
A,H,A,9707,100,9707,1,0
A,B,B,7105,100,7105,1,0
B,C,B,6717,100,6717,1,0
B,D,B,12537,100,12537,1,0
B,E,B,7054,100,7054,1,0
B,F,B,1418,100,1418,1,0
B,G,B,6751,100,6751,1,0
B,H,B,13065,100,13065,1,0
A,C,C,7586,100,7586,1,0
B,C,C,6722,100,6722,1,0
C,D,C,6585,100,6585,1,0
C,E,C,7561,100,7561,1,0
C,F,C,7124,100,7124,1,0
C,G,C,1357,100,1357,1,0
C,H,C,7088,100,7088,1,0
A,D,D,9240,100,9240,1,0
B,D,D,12479,100,12479,1,0
C,D,D,6624,100,6624,1,0
D,E,D,9347,100,9347,1,0
D,F,D,12912,100,12912,1,0
D,G,D,6787,100,6787,1,0
D,H,D,1446,100,1446,1,0
A,E,E,1425,100,1425,1,0
B,E,E,7071,100,7071,1,0
C,E,E,7542,100,7542,1,0
D,E,E,9343,100,9343,1,0
E,F,E,7002,100,7002,1,0
E,G,E,7300,100,7300,1,0
E,H,E,9626,100,9626,1,0
A,F,F,7359,100,7359,1,0
B,F,F,1466,100,1466,1,0
C,F,F,7106,100,7106,1,0
D,F,F,12879,100,12879,1,0
E,F,F,6975,100,6975,1,0
F,G,F,6884,100,6884,1,0
F,H,F,13207,100,13207,1,0
A,G,G,7599,100,7599,1,0
B,G,G,6754,100,6754,1,0
C,G,G,1376,100,1376,1,0
D,G,G,6812,100,6812,1,0
E,G,G,7292,100,7292,1,0
F,G,G,6867,100,6867,1,0
G,H,G,7050,100,7050,1,0
A,H,H,9733,100,9733,1,0
B,H,H,13012,100,13012,1,0
C,H,H,7098,100,7098,1,0
D,H,H,1433,100,1433,1,0
E,H,H,9659,100,9659,1,0
F,H,H,13214,100,13214,1,0
G,H,H,7053,100,7053,1,0
A,B,A,7185,100,7185,1,0
A,C,A,7552,100,7552,1,0
A,D,A,9209,100,9209,1,0
A,E,A,1393,100,1393,1,0
A,F,A,7437,100,7437,1,0
A,G,A,7595,100,7595,1,0
A,H,A,9706,100,9706,1,0
A,B,B,7124,100,7124,1,0
B,C,B,6729,100,6729,1,0
B,D,B,12491,100,12491,1,0
B,E,B,7031,100,7031,1,0
B,F,B,1431,100,1431,1,0
B,G,B,6748,100,6748,1,0
B,H,B,13082,100,13082,1,0
A,C,C,7543,100,7543,1,0
B,C,C,6748,100,6748,1,0
C,D,C,6589,100,6589,1,0
C,E,C,7554,100,7554,1,0
C,F,C,7092,100,7092,1,0
C,G,C,1374,100,1374,1,0
C,H,C,7098,100,7098,1,0
A,D,D,9194,100,9194,1,0
B,D,D,12593,100,12593,1,0
C,D,D,6590,100,6590,1,0
D,E,D,9425,100,9425,1,0
D,F,D,12873,100,12873,1,0
D,G,D,6830,100,6830,1,0
D,H,D,1428,100,1428,1,0
A,E,E,1382,100,1382,1,0
B,E,E,7019,100,7019,1,0
C,E,E,7556,100,7556,1,0
D,E,E,9379,100,9379,1,0
E,F,E,7008,100,7008,1,0
E,G,E,7298,100,7298,1,0
E,H,E,9628,100,9628,1,0
A,F,F,7406,100,7406,1,0
B,F,F,1457,100,1457,1,0
C,F,F,7107,100,7107,1,0
D,F,F,12925,100,12925,1,0
E,F,F,6986,100,6986,1,0
F,G,F,6860,100,6860,1,0
F,H,F,13217,100,13217,1,0
A,G,G,7557,100,7557,1,0
B,G,G,6750,100,6750,1,0
C,G,G,1327,100,1327,1,0
D,G,G,6816,100,6816,1,0
E,G,G,7319,100,7319,1,0
F,G,G,6871,100,6871,1,0
G,H,G,7087,100,7087,1,0
A,H,H,9692,100,9692,1,0
B,H,H,13055,100,13055,1,0
C,H,H,7122,100,7122,1,0
D,H,H,1458,100,1458,1,0
E,H,H,9651,100,9651,1,0
F,H,H,13219,100,13219,1,0
G,H,H,7052,100,7052,1,0
A,B,A,7157,100,7157,1,0
A,C,A,7553,100,7553,1,0
A,D,A,9198,100,9198,1,0
A,E,A,1380,100,1380,1,0
A,F,A,7392,100,7392,1,0
A,G,A,7533,100,7533,1,0
A,H,A,9629,100,9629,1,0
A,B,B,7168,100,7168,1,0
B,C,B,6679,100,6679,1,0
B,D,B,12580,100,12580,1,0
B,E,B,7052,100,7052,1,0
B,F,B,1439,100,1439,1,0
B,G,B,6753,100,6753,1,0
B,H,B,13057,100,13057,1,0
A,C,C,7556,100,7556,1,0
B,C,C,6719,100,6719,1,0
C,D,C,6621,100,6621,1,0
C,E,C,7537,100,7537,1,0
C,F,C,7146,100,7146,1,0
C,G,C,1320,100,1320,1,0
C,H,C,7081,100,7081,1,0
A,D,D,9201,100,9201,1,0
B,D,D,12532,100,12532,1,0
C,D,D,6609,100,6609,1,0
D,E,D,9328,100,9328,1,0
D,F,D,12893,100,12893,1,0
D,G,D,6774,100,6774,1,0
D,H,D,1442,100,1442,1,0
A,E,E,1456,100,1456,1,0
B,E,E,7028,100,7028,1,0
C,E,E,7595,100,7595,1,0
D,E,E,9396,100,9396,1,0
E,F,E,6993,100,6993,1,0
E,G,E,7280,100,7280,1,0
E,H,E,9614,100,9614,1,0
A,F,F,7415,100,7415,1,0
B,F,F,1410,100,1410,1,0
C,F,F,7148,100,7148,1,0
D,F,F,12885,100,12885,1,0
E,F,F,6995,100,6995,1,0
F,G,F,6884,100,6884,1,0
F,H,F,13238,100,13238,1,0
A,G,G,7564,100,7564,1,0
B,G,G,6780,100,6780,1,0
C,G,G,1339,100,1339,1,0
D,G,G,6807,100,6807,1,0
E,G,G,7312,100,7312,1,0
F,G,G,6875,100,6875,1,0
G,H,G,7050,100,7050,1,0
A,H,H,9711,100,9711,1,0
B,H,H,13015,100,13015,1,0
C,H,H,7097,100,7097,1,0
D,H,H,1408,100,1408,1,0
E,H,H,9651,100,9651,1,0
F,H,H,13216,100,13216,1,0
G,H,H,7064,100,7064,1,0
A,B,A,7134,100,7134,1,0
A,C,A,7606,100,7606,1,0
A,D,A,9189,100,9189,1,0
A,E,A,1362,100,1362,1,0
A,F,A,7394,100,7394,1,0
A,G,A,7567,100,7567,1,0
A,H,A,9712,100,9712,1,0
A,B,B,7146,100,7146,1,0
B,C,B,6743,100,6743,1,0
B,D,B,12508,100,12508,1,0
B,E,B,6998,100,6998,1,0
B,F,B,1433,100,1433,1,0
B,G,B,6746,100,6746,1,0
B,H,B,13035,100,13035,1,0
A,C,C,7582,100,7582,1,0
B,C,C,6722,100,6722,1,0
C,D,C,6580,100,6580,1,0
C,E,C,7517,100,7517,1,0
C,F,C,7126,100,7126,1,0
C,G,C,1316,100,1316,1,0
C,H,C,7093,100,7093,1,0
A,D,D,9222,100,9222,1,0
B,D,D,12560,100,12560,1,0
C,D,D,6584,100,6584,1,0
D,E,D,9369,100,9369,1,0
D,F,D,12895,100,12895,1,0
D,G,D,6815,100,6815,1,0
D,H,D,1477,100,1477,1,0
A,E,E,1348,100,1348,1,0
B,E,E,7029,100,7029,1,0
C,E,E,7548,100,7548,1,0
D,E,E,9256,100,9256,1,0
E,F,E,6985,100,6985,1,0
E,G,E,7327,100,7327,1,0
E,H,E,9650,100,9650,1,0
A,F,F,7338,100,7338,1,0
B,F,F,1429,100,1429,1,0
C,F,F,7123,100,7123,1,0
D,F,F,12908,100,12908,1,0
E,F,F,6996,100,6996,1,0
F,G,F,6881,100,6881,1,0
F,H,F,13281,100,13281,1,0
A,G,G,7575,100,7575,1,0
B,G,G,6757,100,6757,1,0
C,G,G,1345,100,1345,1,0
D,G,G,6807,100,6807,1,0
E,G,G,7306,100,7306,1,0
F,G,G,6858,100,6858,1,0
G,H,G,7038,100,7038,1,0
A,H,H,9681,100,9681,1,0
B,H,H,13036,100,13036,1,0
C,H,H,7139,100,7139,1,0
D,H,H,1471,100,1471,1,0
E,H,H,9659,100,9659,1,0
F,H,H,13236,100,13236,1,0
G,H,H,7062,100,7062,1,0
A,B,A,7127,100,7127,1,0
A,C,A,7580,100,7580,1,0
A,D,A,9222,100,9222,1,0
A,E,A,1424,100,1424,1,0
A,F,A,7427,100,7427,1,0
A,G,A,7586,100,7586,1,0
A,H,A,9682,100,9682,1,0
A,B,B,7146,100,7146,1,0
B,C,B,6727,100,6727,1,0
B,D,B,12488,100,12488,1,0
B,E,B,7044,100,7044,1,0
B,F,B,1448,100,1448,1,0
B,G,B,6774,100,6774,1,0
B,H,B,13051,100,13051,1,0
A,C,C,7568,100,7568,1,0
B,C,C,6688,100,6688,1,0
C,D,C,6606,100,6606,1,0
C,E,C,7558,100,7558,1,0
C,F,C,7113,100,7113,1,0
C,G,C,1397,100,1397,1,0
C,H,C,7104,100,7104,1,0
A,D,D,9183,100,9183,1,0
B,D,D,12520,100,12520,1,0
C,D,D,6590,100,6590,1,0
D,E,D,9461,100,9461,1,0
D,F,D,12839,100,12839,1,0
D,G,D,6814,100,6814,1,0
D,H,D,1420,100,1420,1,0
A,E,E,1394,100,1394,1,0
B,E,E,7020,100,7020,1,0
C,E,E,7533,100,7533,1,0
D,E,E,9390,100,9390,1,0
E,F,E,7013,100,7013,1,0
E,G,E,7311,100,7311,1,0
E,H,E,9654,100,9654,1,0
A,F,F,7373,100,7373,1,0
B,F,F,1406,100,1406,1,0
C,F,F,7116,100,7116,1,0
D,F,F,12874,100,12874,1,0
E,F,F,7018,100,7018,1,0
F,G,F,6875,100,6875,1,0
F,H,F,13248,100,13248,1,0
A,G,G,7569,100,7569,1,0
B,G,G,6743,100,6743,1,0
C,G,G,1344,100,1344,1,0
D,G,G,6818,100,6818,1,0
E,G,G,7321,100,7321,1,0
F,G,G,6903,100,6903,1,0
G,H,G,7046,100,7046,1,0
A,H,H,9667,100,9667,1,0
B,H,H,13053,100,13053,1,0
C,H,H,7115,100,7115,1,0
D,H,H,1444,100,1444,1,0
E,H,H,9676,100,9676,1,0
F,H,H,13235,100,13235,1,0
G,H,H,7076,100,7076,1,0
A,B,A,7178,100,7178,1,0
A,C,A,7591,100,7591,1,0
A,D,A,9203,100,9203,1,0
A,E,A,1402,100,1402,1,0
A,F,A,7376,100,7376,1,0
A,G,A,7630,100,7630,1,0
A,H,A,9671,100,9671,1,0
A,B,B,7177,100,7177,1,0
B,C,B,6719,100,6719,1,0
B,D,B,12498,100,12498,1,0
B,E,B,7043,100,7043,1,0
B,F,B,1392,100,1392,1,0
B,G,B,6777,100,6777,1,0
B,H,B,13063,100,13063,1,0
A,C,C,7574,100,7574,1,0
B,C,C,6702,100,6702,1,0
C,D,C,6589,100,6589,1,0
C,E,C,7551,100,7551,1,0
C,F,C,7137,100,7137,1,0
C,G,C,1345,100,1345,1,0
C,H,C,7130,100,7130,1,0
A,D,D,9204,100,9204,1,0
B,D,D,12535,100,12535,1,0
C,D,D,6622,100,6622,1,0
D,E,D,9329,100,9329,1,0
D,F,D,12885,100,12885,1,0
D,G,D,6800,100,6800,1,0
D,H,D,1488,100,1488,1,0
A,E,E,1340,100,1340,1,0
B,E,E,7046,100,7046,1,0
C,E,E,7535,100,7535,1,0
D,E,E,9311,100,9311,1,0
E,F,E,7015,100,7015,1,0
E,G,E,7338,100,7338,1,0
E,H,E,9623,100,9623,1,0
A,F,F,7389,100,7389,1,0
B,F,F,1405,100,1405,1,0
C,F,F,7123,100,7123,1,0
D,F,F,12823,100,12823,1,0
E,F,F,7015,100,7015,1,0
F,G,F,6893,100,6893,1,0
F,H,F,13215,100,13215,1,0
A,G,G,7538,100,7538,1,0
B,G,G,6745,100,6745,1,0
C,G,G,1330,100,1330,1,0
D,G,G,6804,100,6804,1,0
E,G,G,7294,100,7294,1,0
F,G,G,6847,100,6847,1,0
G,H,G,7032,100,7032,1,0
A,H,H,9701,100,9701,1,0
B,H,H,13097,100,13097,1,0
C,H,H,7107,100,7107,1,0
D,H,H,1418,100,1418,1,0
E,H,H,9659,100,9659,1,0
F,H,H,13233,100,13233,1,0
G,H,H,7031,100,7031,1,0
A,B,A,7198,100,7198,1,0
A,C,A,7559,100,7559,1,0
A,D,A,9186,100,9186,1,0
A,E,A,1395,100,1395,1,0
A,F,A,7352,100,7352,1,0
A,G,A,7608,100,7608,1,0
A,H,A,9727,100,9727,1,0
A,B,B,7165,100,7165,1,0
B,C,B,6705,100,6705,1,0
B,D,B,12496,100,12496,1,0
B,E,B,7023,100,7023,1,0
B,F,B,1406,100,1406,1,0
B,G,B,6748,100,6748,1,0
B,H,B,13042,100,13042,1,0
A,C,C,7631,100,7631,1,0
B,C,C,6713,100,6713,1,0
C,D,C,6602,100,6602,1,0
C,E,C,7525,100,7525,1,0
C,F,C,7138,100,7138,1,0
C,G,C,1332,100,1332,1,0
C,H,C,7114,100,7114,1,0
A,D,D,9191,100,9191,1,0
B,D,D,12540,100,12540,1,0
C,D,D,6620,100,6620,1,0
D,E,D,9318,100,9318,1,0
D,F,D,12882,100,12882,1,0
D,G,D,6820,100,6820,1,0
D,H,D,1410,100,1410,1,0
A,E,E,1323,100,1323,1,0
B,E,E,7028,100,7028,1,0
C,E,E,7559,100,7559,1,0
D,E,E,9363,100,9363,1,0
E,F,E,6990,100,6990,1,0
E,G,E,7315,100,7315,1,0
E,H,E,9691,100,9691,1,0
A,F,F,7348,100,7348,1,0
B,F,F,1430,100,1430,1,0
C,F,F,7112,100,7112,1,0
D,F,F,12860,100,12860,1,0
E,F,F,7035,100,7035,1,0
F,G,F,6889,100,6889,1,0
F,H,F,13195,100,13195,1,0
A,G,G,7598,100,7598,1,0
B,G,G,6728,100,6728,1,0
C,G,G,1341,100,1341,1,0
D,G,G,6799,100,6799,1,0
E,G,G,7323,100,7323,1,0
F,G,G,6880,100,6880,1,0
G,H,G,6998,100,6998,1,0
A,H,H,9655,100,9655,1,0
B,H,H,13021,100,13021,1,0
C,H,H,7134,100,7134,1,0
D,H,H,1447,100,1447,1,0
E,H,H,9649,100,9649,1,0
F,H,H,13255,100,13255,1,0
G,H,H,7049,100,7049,1,0
A,B,A,7180,100,7180,1,0
A,C,A,7626,100,7626,1,0
A,D,A,9206,100,9206,1,0
A,E,A,1402,100,1402,1,0
A,F,A,7384,100,7384,1,0
A,G,A,7559,100,7559,1,0
A,H,A,9662,100,9662,1,0
A,B,B,7186,100,7186,1,0
B,C,B,6679,100,6679,1,0
B,D,B,12505,100,12505,1,0
B,E,B,7046,100,7046,1,0
B,F,B,1441,100,1441,1,0
B,G,B,6771,100,6771,1,0
B,H,B,13062,100,13062,1,0
A,C,C,7675,100,7675,1,0
B,C,C,6756,100,6756,1,0
C,D,C,6592,100,6592,1,0
C,E,C,7557,100,7557,1,0
C,F,C,7157,100,7157,1,0
C,G,C,1317,100,1317,1,0
C,H,C,7099,100,7099,1,0
A,D,D,9183,100,9183,1,0
B,D,D,12486,100,12486,1,0
C,D,D,6618,100,6618,1,0
D,E,D,9342,100,9342,1,0
D,F,D,12890,100,12890,1,0
D,G,D,6826,100,6826,1,0
D,H,D,1491,100,1491,1,0
A,E,E,1344,100,1344,1,0
B,E,E,7049,100,7049,1,0
C,E,E,7537,100,7537,1,0
D,E,E,9394,100,9394,1,0
E,F,E,7034,100,7034,1,0
E,G,E,7303,100,7303,1,0
E,H,E,9636,100,9636,1,0
A,F,F,7417,100,7417,1,0
B,F,F,1396,100,1396,1,0
C,F,F,7117,100,7117,1,0
D,F,F,12857,100,12857,1,0
E,F,F,7048,100,7048,1,0
F,G,F,6882,100,6882,1,0
F,H,F,13221,100,13221,1,0
A,G,G,7539,100,7539,1,0
B,G,G,6823,100,6823,1,0
C,G,G,1385,100,1385,1,0
D,G,G,6789,100,6789,1,0
E,G,G,7312,100,7312,1,0
F,G,G,6887,100,6887,1,0
G,H,G,7044,100,7044,1,0
A,H,H,9700,100,9700,1,0
B,H,H,13045,100,13045,1,0
C,H,H,7097,100,7097,1,0
D,H,H,1505,100,1505,1,0
E,H,H,9656,100,9656,1,0
F,H,H,13283,100,13283,1,0
G,H,H,7070,100,7070,1,0
A,B,A,7127,100,7127,1,0
A,C,A,7588,100,7588,1,0
A,D,A,9199,100,9199,1,0
A,E,A,1341,100,1341,1,0
A,F,A,7384,100,7384,1,0
A,G,A,7576,100,7576,1,0
A,H,A,9736,100,9736,1,0
A,B,B,7163,100,7163,1,0
B,C,B,6724,100,6724,1,0
B,D,B,12506,100,12506,1,0
B,E,B,7057,100,7057,1,0
B,F,B,1427,100,1427,1,0
B,G,B,6755,100,6755,1,0
B,H,B,13024,100,13024,1,0
A,C,C,7568,100,7568,1,0
B,C,C,6746,100,6746,1,0
C,D,C,6635,100,6635,1,0
C,E,C,7562,100,7562,1,0
C,F,C,7121,100,7121,1,0
C,G,C,1387,100,1387,1,0
C,H,C,7116,100,7116,1,0
A,D,D,9199,100,9199,1,0
B,D,D,12572,100,12572,1,0
C,D,D,6606,100,6606,1,0
D,E,D,9391,100,9391,1,0
D,F,D,12866,100,12866,1,0
D,G,D,6840,100,6840,1,0
D,H,D,1439,100,1439,1,0
A,E,E,1339,100,1339,1,0
B,E,E,7068,100,7068,1,0
C,E,E,7517,100,7517,1,0
D,E,E,9382,100,9382,1,0
E,F,E,6992,100,6992,1,0
E,G,E,7311,100,7311,1,0
E,H,E,9643,100,9643,1,0
A,F,F,7369,100,7369,1,0
B,F,F,1435,100,1435,1,0
C,F,F,7122,100,7122,1,0
D,F,F,12875,100,12875,1,0
E,F,F,7037,100,7037,1,0
F,G,F,6886,100,6886,1,0
F,H,F,13233,100,13233,1,0
A,G,G,7568,100,7568,1,0
B,G,G,6769,100,6769,1,0
C,G,G,1386,100,1386,1,0
D,G,G,6817,100,6817,1,0
E,G,G,7303,100,7303,1,0
F,G,G,6859,100,6859,1,0
G,H,G,7028,100,7028,1,0
A,H,H,9663,100,9663,1,0
B,H,H,13049,100,13049,1,0
C,H,H,7112,100,7112,1,0
D,H,H,1500,100,1500,1,0
E,H,H,9617,100,9617,1,0
F,H,H,13222,100,13222,1,0
G,H,H,7033,100,7033,1,0
A,B,A,7186,100,7186,1,0
A,C,A,7579,100,7579,1,0
A,D,A,9216,100,9216,1,0
A,E,A,1362,100,1362,1,0
A,F,A,7315,100,7315,1,0
A,G,A,7581,100,7581,1,0
A,H,A,9714,100,9714,1,0
A,B,B,7145,100,7145,1,0
B,C,B,6733,100,6733,1,0
B,D,B,12498,100,12498,1,0
B,E,B,7041,100,7041,1,0
B,F,B,1417,100,1417,1,0
B,G,B,6726,100,6726,1,0
B,H,B,13017,100,13017,1,0
A,C,C,7527,100,7527,1,0
B,C,C,6714,100,6714,1,0
C,D,C,6590,100,6590,1,0
C,E,C,7525,100,7525,1,0
C,F,C,7141,100,7141,1,0
C,G,C,1407,100,1407,1,0
C,H,C,7091,100,7091,1,0
A,D,D,9220,100,9220,1,0
B,D,D,12536,100,12536,1,0
C,D,D,6604,100,6604,1,0
D,E,D,9356,100,9356,1,0
D,F,D,12859,100,12859,1,0
D,G,D,6803,100,6803,1,0
D,H,D,1465,100,1465,1,0
A,E,E,1385,100,1385,1,0
B,E,E,7024,100,7024,1,0
C,E,E,7527,100,7527,1,0
D,E,E,9359,100,9359,1,0
E,F,E,7016,100,7016,1,0
E,G,E,7323,100,7323,1,0
E,H,E,9658,100,9658,1,0
A,F,F,7386,100,7386,1,0
B,F,F,1423,100,1423,1,0
C,F,F,7146,100,7146,1,0
D,F,F,12897,100,12897,1,0
E,F,F,6990,100,6990,1,0
F,G,F,6881,100,6881,1,0
F,H,F,13270,100,13270,1,0
A,G,G,7575,100,7575,1,0
B,G,G,6753,100,6753,1,0
C,G,G,1348,100,1348,1,0
D,G,G,6817,100,6817,1,0
E,G,G,7336,100,7336,1,0
F,G,G,6879,100,6879,1,0
G,H,G,7098,100,7098,1,0
A,H,H,9730,100,9730,1,0
B,H,H,12986,100,12986,1,0
C,H,H,7090,100,7090,1,0
D,H,H,1492,100,1492,1,0
E,H,H,9647,100,9647,1,0
F,H,H,13244,100,13244,1,0
G,H,H,7039,100,7039,1,0
A,B,A,7141,100,7141,1,0
A,C,A,7622,100,7622,1,0
A,D,A,9212,100,9212,1,0
A,E,A,1394,100,1394,1,0
A,F,A,7383,100,7383,1,0
A,G,A,7596,100,7596,1,0
A,H,A,9649,100,9649,1,0
A,B,B,7143,100,7143,1,0
B,C,B,6721,100,6721,1,0
B,D,B,12548,100,12548,1,0
B,E,B,7032,100,7032,1,0
B,F,B,1423,100,1423,1,0
B,G,B,6815,100,6815,1,0
B,H,B,13044,100,13044,1,0
A,C,C,7578,100,7578,1,0
B,C,C,6728,100,6728,1,0
C,D,C,6595,100,6595,1,0
C,E,C,7570,100,7570,1,0
C,F,C,7123,100,7123,1,0
C,G,C,1388,100,1388,1,0
C,H,C,7080,100,7080,1,0
A,D,D,9228,100,9228,1,0
B,D,D,12568,100,12568,1,0
C,D,D,6593,100,6593,1,0
D,E,D,9345,100,9345,1,0
D,F,D,12874,100,12874,1,0
D,G,D,6798,100,6798,1,0
D,H,D,1432,100,1432,1,0
A,E,E,1401,100,1401,1,0
B,E,E,7038,100,7038,1,0
C,E,E,7542,100,7542,1,0
D,E,E,9372,100,9372,1,0
E,F,E,6992,100,6992,1,0
E,G,E,7276,100,7276,1,0
E,H,E,9660,100,9660,1,0
A,F,F,7398,100,7398,1,0
B,F,F,1470,100,1470,1,0
C,F,F,7132,100,7132,1,0
D,F,F,12846,100,12846,1,0
E,F,F,6998,100,6998,1,0
F,G,F,6885,100,6885,1,0
F,H,F,13206,100,13206,1,0
A,G,G,7545,100,7545,1,0
B,G,G,6784,100,6784,1,0
C,G,G,1367,100,1367,1,0
D,G,G,6816,100,6816,1,0
E,G,G,7301,100,7301,1,0
F,G,G,6886,100,6886,1,0
G,H,G,7068,100,7068,1,0
A,H,H,9711,100,9711,1,0
B,H,H,13072,100,13072,1,0
C,H,H,7121,100,7121,1,0
D,H,H,1468,100,1468,1,0
E,H,H,9667,100,9667,1,0
F,H,H,13204,100,13204,1,0
G,H,H,7056,100,7056,1,0
A,B,A,7167,100,7167,1,0
A,C,A,7582,100,7582,1,0
A,D,A,9190,100,9190,1,0
A,E,A,1402,100,1402,1,0
A,F,A,7396,100,7396,1,0
A,G,A,7582,100,7582,1,0
A,H,A,9667,100,9667,1,0
A,B,B,7146,100,7146,1,0
B,C,B,6706,100,6706,1,0
B,D,B,12491,100,12491,1,0
B,E,B,7060,100,7060,1,0
B,F,B,1414,100,1414,1,0
B,G,B,6748,100,6748,1,0
B,H,B,13066,100,13066,1,0
A,C,C,7569,100,7569,1,0
B,C,C,6724,100,6724,1,0
C,D,C,6585,100,6585,1,0
C,E,C,7531,100,7531,1,0
C,F,C,7129,100,7129,1,0
C,G,C,1345,100,1345,1,0
C,H,C,7118,100,7118,1,0
A,D,D,9182,100,9182,1,0
B,D,D,12567,100,12567,1,0
C,D,D,6625,100,6625,1,0
D,E,D,9404,100,9404,1,0
D,F,D,12886,100,12886,1,0
D,G,D,6810,100,6810,1,0
D,H,D,1490,100,1490,1,0
A,E,E,1350,100,1350,1,0
B,E,E,7045,100,7045,1,0
C,E,E,7508,100,7508,1,0
D,E,E,9386,100,9386,1,0
E,F,E,7024,100,7024,1,0
E,G,E,7317,100,7317,1,0
E,H,E,9681,100,9681,1,0
A,F,F,7381,100,7381,1,0
B,F,F,1400,100,1400,1,0
C,F,F,7106,100,7106,1,0
D,F,F,12862,100,12862,1,0
E,F,F,6996,100,6996,1,0
F,G,F,6881,100,6881,1,0
F,H,F,13260,100,13260,1,0
A,G,G,7590,100,7590,1,0
B,G,G,6796,100,6796,1,0
C,G,G,1326,100,1326,1,0
D,G,G,6809,100,6809,1,0
E,G,G,7305,100,7305,1,0
F,G,G,6903,100,6903,1,0
G,H,G,7040,100,7040,1,0
A,H,H,9715,100,9715,1,0
B,H,H,13054,100,13054,1,0
C,H,H,7063,100,7063,1,0
D,H,H,1427,100,1427,1,0
E,H,H,9686,100,9686,1,0
F,H,H,13225,100,13225,1,0
G,H,H,7050,100,7050,1,0
A,B,A,7137,100,7137,1,0
A,C,A,7608,100,7608,1,0
A,D,A,9209,100,9209,1,0
A,E,A,1380,100,1380,1,0
A,F,A,7388,100,7388,1,0
A,G,A,7619,100,7619,1,0
A,H,A,9700,100,9700,1,0
A,B,B,7163,100,7163,1,0
B,C,B,6743,100,6743,1,0
B,D,B,12471,100,12471,1,0
B,E,B,7056,100,7056,1,0
B,F,B,1443,100,1443,1,0
B,G,B,6758,100,6758,1,0
B,H,B,13027,100,13027,1,0
A,C,C,7601,100,7601,1,0
B,C,C,6720,100,6720,1,0
C,D,C,6608,100,6608,1,0
C,E,C,7568,100,7568,1,0
C,F,C,7131,100,7131,1,0
C,G,C,1383,100,1383,1,0
C,H,C,7125,100,7125,1,0
A,D,D,9209,100,9209,1,0
B,D,D,12553,100,12553,1,0
C,D,D,6610,100,6610,1,0
D,E,D,9368,100,9368,1,0
D,F,D,12892,100,12892,1,0
D,G,D,6793,100,6793,1,0
D,H,D,1478,100,1478,1,0
A,E,E,1399,100,1399,1,0
B,E,E,7028,100,7028,1,0
C,E,E,7520,100,7520,1,0
D,E,E,9274,100,9274,1,0
E,F,E,6978,100,6978,1,0
E,G,E,7318,100,7318,1,0
E,H,E,9705,100,9705,1,0
A,F,F,7409,100,7409,1,0
B,F,F,1474,100,1474,1,0
C,F,F,7122,100,7122,1,0
D,F,F,12879,100,12879,1,0
E,F,F,7005,100,7005,1,0
F,G,F,6892,100,6892,1,0
F,H,F,13218,100,13218,1,0
A,G,G,7555,100,7555,1,0
B,G,G,6791,100,6791,1,0
C,G,G,1360,100,1360,1,0
D,G,G,6821,100,6821,1,0
E,G,G,7298,100,7298,1,0
F,G,G,6888,100,6888,1,0
G,H,G,7046,100,7046,1,0
A,H,H,9681,100,9681,1,0
B,H,H,13035,100,13035,1,0
C,H,H,7066,100,7066,1,0
D,H,H,1442,100,1442,1,0
E,H,H,9666,100,9666,1,0
F,H,H,13278,100,13278,1,0
G,H,H,7044,100,7044,1,0
A,B,A,7177,100,7177,1,0
A,C,A,7539,100,7539,1,0
A,D,A,9219,100,9219,1,0
A,E,A,1370,100,1370,1,0
A,F,A,7420,100,7420,1,0
A,G,A,7553,100,7553,1,0
A,H,A,9726,100,9726,1,0
A,B,B,7151,100,7151,1,0
B,C,B,6715,100,6715,1,0
B,D,B,12571,100,12571,1,0
B,E,B,7033,100,7033,1,0
B,F,B,1443,100,1443,1,0
B,G,B,6783,100,6783,1,0
B,H,B,12994,100,12994,1,0
A,C,C,7537,100,7537,1,0
B,C,C,6758,100,6758,1,0
C,D,C,6581,100,6581,1,0
C,E,C,7557,100,7557,1,0
C,F,C,7138,100,7138,1,0
C,G,C,1381,100,1381,1,0
C,H,C,7157,100,7157,1,0
A,D,D,9221,100,9221,1,0
B,D,D,12543,100,12543,1,0
C,D,D,6597,100,6597,1,0
D,E,D,9361,100,9361,1,0
D,F,D,12849,100,12849,1,0
D,G,D,6799,100,6799,1,0
D,H,D,1406,100,1406,1,0
A,E,E,1331,100,1331,1,0
B,E,E,7073,100,7073,1,0
C,E,E,7542,100,7542,1,0
D,E,E,9323,100,9323,1,0
E,F,E,6995,100,6995,1,0
E,G,E,7296,100,7296,1,0
E,H,E,9636,100,9636,1,0
A,F,F,7371,100,7371,1,0
B,F,F,1429,100,1429,1,0
C,F,F,7117,100,7117,1,0
D,F,F,12881,100,12881,1,0
E,F,F,7032,100,7032,1,0
F,G,F,6902,100,6902,1,0
F,H,F,13282,100,13282,1,0
A,G,G,7596,100,7596,1,0
B,G,G,6765,100,6765,1,0
C,G,G,1357,100,1357,1,0
D,G,G,6814,100,6814,1,0
E,G,G,7301,100,7301,1,0
F,G,G,6860,100,6860,1,0
G,H,G,7057,100,7057,1,0
A,H,H,9663,100,9663,1,0
B,H,H,13042,100,13042,1,0
C,H,H,7103,100,7103,1,0
D,H,H,1438,100,1438,1,0
E,H,H,9656,100,9656,1,0
F,H,H,13278,100,13278,1,0
G,H,H,7028,100,7028,1,0
A,B,A,7120,100,7120,1,0
A,C,A,7605,100,7605,1,0
A,D,A,9201,100,9201,1,0
A,E,A,1424,100,1424,1,0
A,F,A,7375,100,7375,1,0
A,G,A,7579,100,7579,1,0
A,H,A,9709,100,9709,1,0
A,B,B,7160,100,7160,1,0
B,C,B,6736,100,6736,1,0
B,D,B,12564,100,12564,1,0
B,E,B,7046,100,7046,1,0
B,F,B,1453,100,1453,1,0
B,G,B,6753,100,6753,1,0
B,H,B,13101,100,13101,1,0
A,C,C,7576,100,7576,1,0
B,C,C,6750,100,6750,1,0
C,D,C,6625,100,6625,1,0
C,E,C,7536,100,7536,1,0
C,F,C,7132,100,7132,1,0
C,G,C,1359,100,1359,1,0
C,H,C,7065,100,7065,1,0
A,D,D,9158,100,9158,1,0
B,D,D,12537,100,12537,1,0
C,D,D,6586,100,6586,1,0
D,E,D,9383,100,9383,1,0
D,F,D,12884,100,12884,1,0
D,G,D,6844,100,6844,1,0
D,H,D,1392,100,1392,1,0
A,E,E,1387,100,1387,1,0
B,E,E,7057,100,7057,1,0
C,E,E,7525,100,7525,1,0
D,E,E,9375,100,9375,1,0
E,F,E,6999,100,6999,1,0
E,G,E,7313,100,7313,1,0
E,H,E,9662,100,9662,1,0
A,F,F,7376,100,7376,1,0
B,F,F,1407,100,1407,1,0
C,F,F,7125,100,7125,1,0
D,F,F,12875,100,12875,1,0
E,F,F,7010,100,7010,1,0
F,G,F,6883,100,6883,1,0
F,H,F,13230,100,13230,1,0
A,G,G,7579,100,7579,1,0
B,G,G,6749,100,6749,1,0
C,G,G,1334,100,1334,1,0
D,G,G,6795,100,6795,1,0
E,G,G,7285,100,7285,1,0
F,G,G,6868,100,6868,1,0
G,H,G,7068,100,7068,1,0
A,H,H,9645,100,9645,1,0
B,H,H,13066,100,13066,1,0
C,H,H,7132,100,7132,1,0
D,H,H,1405,100,1405,1,0
E,H,H,9619,100,9619,1,0
F,H,H,13247,100,13247,1,0
G,H,H,7041,100,7041,1,0
A,B,A,7145,100,7145,1,0
A,C,A,7532,100,7532,1,0
A,D,A,9180,100,9180,1,0
A,E,A,1373,100,1373,1,0
A,F,A,7422,100,7422,1,0
A,G,A,7593,100,7593,1,0
A,H,A,9651,100,9651,1,0
A,B,B,7187,100,7187,1,0
B,C,B,6707,100,6707,1,0
B,D,B,12522,100,12522,1,0
B,E,B,7038,100,7038,1,0
B,F,B,1432,100,1432,1,0
B,G,B,6742,100,6742,1,0
B,H,B,13069,100,13069,1,0
A,C,C,7573,100,7573,1,0
B,C,C,6734,100,6734,1,0
C,D,C,6642,100,6642,1,0
C,E,C,7557,100,7557,1,0
C,F,C,7124,100,7124,1,0
C,G,C,1382,100,1382,1,0
C,H,C,7101,100,7101,1,0
A,D,D,9205,100,9205,1,0
B,D,D,12518,100,12518,1,0
C,D,D,6644,100,6644,1,0
D,E,D,9333,100,9333,1,0
D,F,D,12927,100,12927,1,0
D,G,D,6819,100,6819,1,0
D,H,D,1408,100,1408,1,0
A,E,E,1359,100,1359,1,0
B,E,E,7041,100,7041,1,0
C,E,E,7530,100,7530,1,0
D,E,E,9373,100,9373,1,0
E,F,E,6976,100,6976,1,0
E,G,E,7322,100,7322,1,0
E,H,E,9684,100,9684,1,0
A,F,F,7382,100,7382,1,0
B,F,F,1417,100,1417,1,0
C,F,F,7112,100,7112,1,0
D,F,F,12868,100,12868,1,0
E,F,F,7014,100,7014,1,0
F,G,F,6871,100,6871,1,0
F,H,F,13216,100,13216,1,0
A,G,G,7591,100,7591,1,0
B,G,G,6727,100,6727,1,0
C,G,G,1385,100,1385,1,0
D,G,G,6801,100,6801,1,0
E,G,G,7322,100,7322,1,0
F,G,G,6876,100,6876,1,0
G,H,G,7093,100,7093,1,0
A,H,H,9698,100,9698,1,0
B,H,H,13073,100,13073,1,0
C,H,H,7088,100,7088,1,0
D,H,H,1452,100,1452,1,0
E,H,H,9653,100,9653,1,0
F,H,H,13232,100,13232,1,0
G,H,H,7067,100,7067,1,0
A,B,A,7185,100,7185,1,0
A,C,A,7522,100,7522,1,0
A,D,A,9200,100,9200,1,0
A,E,A,1352,100,1352,1,0
A,F,A,7346,100,7346,1,0
A,G,A,7582,100,7582,1,0
A,H,A,9639,100,9639,1,0
A,B,B,7156,100,7156,1,0
B,C,B,6776,100,6776,1,0
B,D,B,12533,100,12533,1,0
B,E,B,7034,100,7034,1,0
B,F,B,1367,100,1367,1,0
B,G,B,6758,100,6758,1,0
B,H,B,13066,100,13066,1,0
A,C,C,7555,100,7555,1,0
B,C,C,6674,100,6674,1,0
C,D,C,6609,100,6609,1,0
C,E,C,7518,100,7518,1,0
C,F,C,7102,100,7102,1,0
C,G,C,1380,100,1380,1,0
C,H,C,7093,100,7093,1,0
A,D,D,9204,100,9204,1,0
B,D,D,12502,100,12502,1,0
C,D,D,6592,100,6592,1,0
D,E,D,9388,100,9388,1,0
D,F,D,12880,100,12880,1,0
D,G,D,6780,100,6780,1,0
D,H,D,1502,100,1502,1,0
A,E,E,1363,100,1363,1,0
B,E,E,7032,100,7032,1,0
C,E,E,7557,100,7557,1,0
D,E,E,9321,100,9321,1,0
E,F,E,7017,100,7017,1,0
E,G,E,7336,100,7336,1,0
E,H,E,9634,100,9634,1,0
A,F,F,7409,100,7409,1,0
B,F,F,1425,100,1425,1,0
C,F,F,7127,100,7127,1,0
D,F,F,12884,100,12884,1,0
E,F,F,6998,100,6998,1,0
F,G,F,6888,100,6888,1,0
F,H,F,13225,100,13225,1,0
A,G,G,7536,100,7536,1,0
B,G,G,6787,100,6787,1,0
C,G,G,1387,100,1387,1,0
D,G,G,6835,100,6835,1,0
E,G,G,7336,100,7336,1,0
F,G,G,6891,100,6891,1,0
G,H,G,7011,100,7011,1,0
A,H,H,9699,100,9699,1,0
B,H,H,13035,100,13035,1,0
C,H,H,7100,100,7100,1,0
D,H,H,1499,100,1499,1,0
E,H,H,9665,100,9665,1,0
F,H,H,13220,100,13220,1,0
G,H,H,7076,100,7076,1,0
A,B,A,7154,100,7154,1,0
A,C,A,7594,100,7594,1,0
A,D,A,9202,100,9202,1,0
A,E,A,1376,100,1376,1,0
A,F,A,7364,100,7364,1,0
A,G,A,7600,100,7600,1,0
A,H,A,9720,100,9720,1,0
A,B,B,7175,100,7175,1,0
B,C,B,6698,100,6698,1,0
B,D,B,12514,100,12514,1,0
B,E,B,7032,100,7032,1,0
B,F,B,1427,100,1427,1,0
B,G,B,6735,100,6735,1,0
B,H,B,13088,100,13088,1,0
A,C,C,7541,100,7541,1,0
B,C,C,6715,100,6715,1,0
C,D,C,6588,100,6588,1,0
C,E,C,7511,100,7511,1,0
C,F,C,7137,100,7137,1,0
C,G,C,1332,100,1332,1,0
C,H,C,7076,100,7076,1,0
A,D,D,9228,100,9228,1,0
B,D,D,12573,100,12573,1,0
C,D,D,6596,100,6596,1,0
D,E,D,9372,100,9372,1,0
D,F,D,12877,100,12877,1,0
D,G,D,6840,100,6840,1,0
D,H,D,1432,100,1432,1,0
A,E,E,1343,100,1343,1,0
B,E,E,7060,100,7060,1,0
C,E,E,7514,100,7514,1,0
D,E,E,9384,100,9384,1,0
E,F,E,6985,100,6985,1,0
E,G,E,7302,100,7302,1,0
E,H,E,9683,100,9683,1,0
A,F,F,7376,100,7376,1,0
B,F,F,1434,100,1434,1,0
C,F,F,7126,100,7126,1,0
D,F,F,12849,100,12849,1,0
E,F,F,7001,100,7001,1,0
F,G,F,6866,100,6866,1,0
F,H,F,13203,100,13203,1,0
A,G,G,7600,100,7600,1,0
B,G,G,6751,100,6751,1,0
C,G,G,1366,100,1366,1,0
D,G,G,6811,100,6811,1,0
E,G,G,7307,100,7307,1,0
F,G,G,6893,100,6893,1,0
G,H,G,7039,100,7039,1,0
A,H,H,9725,100,9725,1,0
B,H,H,13067,100,13067,1,0
C,H,H,7094,100,7094,1,0
D,H,H,1500,100,1500,1,0
E,H,H,9659,100,9659,1,0
F,H,H,13223,100,13223,1,0
G,H,H,7065,100,7065,1,0
A,B,A,7180,100,7180,1,0
A,C,A,7533,100,7533,1,0
A,D,A,9190,100,9190,1,0
A,E,A,1383,100,1383,1,0
A,F,A,7411,100,7411,1,0
A,G,A,7610,100,7610,1,0
A,H,A,9690,100,9690,1,0
A,B,B,7140,100,7140,1,0
B,C,B,6660,100,6660,1,0
B,D,B,12550,100,12550,1,0
B,E,B,7099,100,7099,1,0
B,F,B,1433,100,1433,1,0
B,G,B,6788,100,6788,1,0
B,H,B,13101,100,13101,1,0
A,C,C,7594,100,7594,1,0
B,C,C,6730,100,6730,1,0
C,D,C,6592,100,6592,1,0
C,E,C,7544,100,7544,1,0
C,F,C,7119,100,7119,1,0
C,G,C,1340,100,1340,1,0
C,H,C,7124,100,7124,1,0
A,D,D,9177,100,9177,1,0
B,D,D,12508,100,12508,1,0
C,D,D,6597,100,6597,1,0
D,E,D,9307,100,9307,1,0
D,F,D,12877,100,12877,1,0
D,G,D,6808,100,6808,1,0
D,H,D,1452,100,1452,1,0
A,E,E,1349,100,1349,1,0
B,E,E,7077,100,7077,1,0
C,E,E,7506,100,7506,1,0
D,E,E,9356,100,9356,1,0
E,F,E,7008,100,7008,1,0
E,G,E,7329,100,7329,1,0
E,H,E,9649,100,9649,1,0
A,F,F,7390,100,7390,1,0
B,F,F,1436,100,1436,1,0
C,F,F,7129,100,7129,1,0
D,F,F,12896,100,12896,1,0
E,F,F,7031,100,7031,1,0
F,G,F,6890,100,6890,1,0
F,H,F,13246,100,13246,1,0
A,G,G,7559,100,7559,1,0
B,G,G,6761,100,6761,1,0
C,G,G,1372,100,1372,1,0
D,G,G,6809,100,6809,1,0
E,G,G,7319,100,7319,1,0
F,G,G,6876,100,6876,1,0
G,H,G,7035,100,7035,1,0
A,H,H,9714,100,9714,1,0
B,H,H,13059,100,13059,1,0
C,H,H,7118,100,7118,1,0
D,H,H,1473,100,1473,1,0
E,H,H,9656,100,9656,1,0
F,H,H,13270,100,13270,1,0
G,H,H,7009,100,7009,1,0
A,B,A,7149,100,7149,1,0
A,C,A,7555,100,7555,1,0
A,D,A,9219,100,9219,1,0
A,E,A,1389,100,1389,1,0
A,F,A,7360,100,7360,1,0
A,G,A,7637,100,7637,1,0
A,H,A,9689,100,9689,1,0
A,B,B,7122,100,7122,1,0
B,C,B,6715,100,6715,1,0
B,D,B,12516,100,12516,1,0
B,E,B,7026,100,7026,1,0
B,F,B,1425,100,1425,1,0
B,G,B,6746,100,6746,1,0
B,H,B,13036,100,13036,1,0
A,C,C,7559,100,7559,1,0
B,C,C,6682,100,6682,1,0
C,D,C,6586,100,6586,1,0
C,E,C,7553,100,7553,1,0
C,F,C,7080,100,7080,1,0
C,G,C,1403,100,1403,1,0
C,H,C,7147,100,7147,1,0
A,D,D,9217,100,9217,1,0
B,D,D,12569,100,12569,1,0
C,D,D,6628,100,6628,1,0
D,E,D,9345,100,9345,1,0
D,F,D,12894,100,12894,1,0
D,G,D,6799,100,6799,1,0
D,H,D,1435,100,1435,1,0
A,E,E,1336,100,1336,1,0
B,E,E,7094,100,7094,1,0
C,E,E,7596,100,7596,1,0
D,E,E,9424,100,9424,1,0
E,F,E,7016,100,7016,1,0
E,G,E,7301,100,7301,1,0
E,H,E,9637,100,9637,1,0
A,F,F,7403,100,7403,1,0
B,F,F,1446,100,1446,1,0
C,F,F,7128,100,7128,1,0
D,F,F,12838,100,12838,1,0
E,F,F,7002,100,7002,1,0
F,G,F,6914,100,6914,1,0
F,H,F,13215,100,13215,1,0
A,G,G,7577,100,7577,1,0
B,G,G,6777,100,6777,1,0
C,G,G,1369,100,1369,1,0
D,G,G,6807,100,6807,1,0
E,G,G,7305,100,7305,1,0
F,G,G,6853,100,6853,1,0
G,H,G,7012,100,7012,1,0
A,H,H,9702,100,9702,1,0
B,H,H,12987,100,12987,1,0
C,H,H,7072,100,7072,1,0
D,H,H,1402,100,1402,1,0
E,H,H,9631,100,9631,1,0
F,H,H,13217,100,13217,1,0
G,H,H,7042,100,7042,1,0
A,B,A,7194,100,7194,1,0
A,C,A,7571,100,7571,1,0
A,D,A,9184,100,9184,1,0
A,E,A,1367,100,1367,1,0
A,F,A,7360,100,7360,1,0
A,G,A,7619,100,7619,1,0
A,H,A,9702,100,9702,1,0
A,B,B,7179,100,7179,1,0
B,C,B,6737,100,6737,1,0
B,D,B,12515,100,12515,1,0
B,E,B,7031,100,7031,1,0
B,F,B,1399,100,1399,1,0
B,G,B,6722,100,6722,1,0
B,H,B,13042,100,13042,1,0
A,C,C,7589,100,7589,1,0
B,C,C,6715,100,6715,1,0
C,D,C,6611,100,6611,1,0
C,E,C,7538,100,7538,1,0
C,F,C,7126,100,7126,1,0
C,G,C,1387,100,1387,1,0
C,H,C,7136,100,7136,1,0
A,D,D,9204,100,9204,1,0
B,D,D,12555,100,12555,1,0
C,D,D,6614,100,6614,1,0
D,E,D,9328,100,9328,1,0
D,F,D,12874,100,12874,1,0
D,G,D,6836,100,6836,1,0
D,H,D,1424,100,1424,1,0
A,E,E,1391,100,1391,1,0
B,E,E,7035,100,7035,1,0
C,E,E,7557,100,7557,1,0
D,E,E,9347,100,9347,1,0
E,F,E,7012,100,7012,1,0
E,G,E,7346,100,7346,1,0
E,H,E,9651,100,9651,1,0
A,F,F,7358,100,7358,1,0
B,F,F,1458,100,1458,1,0
C,F,F,7125,100,7125,1,0
D,F,F,12859,100,12859,1,0
E,F,F,7015,100,7015,1,0
F,G,F,6888,100,6888,1,0
F,H,F,13236,100,13236,1,0
A,G,G,7615,100,7615,1,0
B,G,G,6765,100,6765,1,0
C,G,G,1344,100,1344,1,0
D,G,G,6817,100,6817,1,0
E,G,G,7326,100,7326,1,0
F,G,G,6892,100,6892,1,0
G,H,G,7027,100,7027,1,0
A,H,H,9672,100,9672,1,0
B,H,H,13083,100,13083,1,0
C,H,H,7123,100,7123,1,0
D,H,H,1416,100,1416,1,0
E,H,H,9633,100,9633,1,0
F,H,H,13189,100,13189,1,0
G,H,H,7023,100,7023,1,0
A,B,A,7177,100,7177,1,0
A,C,A,7594,100,7594,1,0
A,D,A,9215,100,9215,1,0
A,E,A,1352,100,1352,1,0
A,F,A,7374,100,7374,1,0
A,G,A,7561,100,7561,1,0
A,H,A,9734,100,9734,1,0
A,B,B,7151,100,7151,1,0
B,C,B,6727,100,6727,1,0
B,D,B,12493,100,12493,1,0
B,E,B,6999,100,6999,1,0
B,F,B,1405,100,1405,1,0
B,G,B,6760,100,6760,1,0
B,H,B,13048,100,13048,1,0
A,C,C,7535,100,7535,1,0
B,C,C,6708,100,6708,1,0
C,D,C,6647,100,6647,1,0
C,E,C,7550,100,7550,1,0
C,F,C,7111,100,7111,1,0
C,G,C,1363,100,1363,1,0
C,H,C,7085,100,7085,1,0
A,D,D,9189,100,9189,1,0
B,D,D,12533,100,12533,1,0
C,D,D,6571,100,6571,1,0
D,E,D,9410,100,9410,1,0
D,F,D,12904,100,12904,1,0
D,G,D,6804,100,6804,1,0
D,H,D,1391,100,1391,1,0
A,E,E,1408,100,1408,1,0
B,E,E,7009,100,7009,1,0
C,E,E,7551,100,7551,1,0
D,E,E,9371,100,9371,1,0
E,F,E,7021,100,7021,1,0
E,G,E,7303,100,7303,1,0
E,H,E,9671,100,9671,1,0
A,F,F,7381,100,7381,1,0
B,F,F,1415,100,1415,1,0
C,F,F,7118,100,7118,1,0
D,F,F,12886,100,12886,1,0
E,F,F,6987,100,6987,1,0
F,G,F,6891,100,6891,1,0
F,H,F,13273,100,13273,1,0
A,G,G,7560,100,7560,1,0
B,G,G,6774,100,6774,1,0
C,G,G,1364,100,1364,1,0
D,G,G,6805,100,6805,1,0
E,G,G,7296,100,7296,1,0
F,G,G,6859,100,6859,1,0
G,H,G,7037,100,7037,1,0
A,H,H,9709,100,9709,1,0
B,H,H,13021,100,13021,1,0
C,H,H,7058,100,7058,1,0
D,H,H,1451,100,1451,1,0
E,H,H,9689,100,9689,1,0
F,H,H,13222,100,13222,1,0
G,H,H,7051,100,7051,1,0
A,B,A,7141,100,7141,1,0
A,C,A,7546,100,7546,1,0
A,D,A,9207,100,9207,1,0
A,E,A,1424,100,1424,1,0
A,F,A,7373,100,7373,1,0
A,G,A,7553,100,7553,1,0
A,H,A,9680,100,9680,1,0
A,B,B,7154,100,7154,1,0
B,C,B,6735,100,6735,1,0
B,D,B,12498,100,12498,1,0
B,E,B,7067,100,7067,1,0
B,F,B,1423,100,1423,1,0
B,G,B,6748,100,6748,1,0
B,H,B,13032,100,13032,1,0
A,C,C,7525,100,7525,1,0
B,C,C,6760,100,6760,1,0
C,D,C,6605,100,6605,1,0
C,E,C,7553,100,7553,1,0
C,F,C,7098,100,7098,1,0
C,G,C,1349,100,1349,1,0
C,H,C,7130,100,7130,1,0
A,D,D,9177,100,9177,1,0
B,D,D,12507,100,12507,1,0
C,D,D,6607,100,6607,1,0
D,E,D,9304,100,9304,1,0
D,F,D,12837,100,12837,1,0
D,G,D,6826,100,6826,1,0
D,H,D,1440,100,1440,1,0
A,E,E,1363,100,1363,1,0
B,E,E,7021,100,7021,1,0
C,E,E,7571,100,7571,1,0
D,E,E,9430,100,9430,1,0
E,F,E,6999,100,6999,1,0
E,G,E,7303,100,7303,1,0
E,H,E,9641,100,9641,1,0
A,F,F,7403,100,7403,1,0
B,F,F,1448,100,1448,1,0
C,F,F,7140,100,7140,1,0
D,F,F,12884,100,12884,1,0
E,F,F,6990,100,6990,1,0
F,G,F,6901,100,6901,1,0
F,H,F,13227,100,13227,1,0
A,G,G,7517,100,7517,1,0
B,G,G,6740,100,6740,1,0
C,G,G,1366,100,1366,1,0
D,G,G,6773,100,6773,1,0
E,G,G,7302,100,7302,1,0
F,G,G,6892,100,6892,1,0
G,H,G,7050,100,7050,1,0
A,H,H,9697,100,9697,1,0
B,H,H,13070,100,13070,1,0
C,H,H,7082,100,7082,1,0
D,H,H,1408,100,1408,1,0
E,H,H,9658,100,9658,1,0
F,H,H,13229,100,13229,1,0
G,H,H,7048,100,7048,1,0
A,B,A,7124,100,7124,1,0
A,C,A,7606,100,7606,1,0
A,D,A,9223,100,9223,1,0
A,E,A,1361,100,1361,1,0
A,F,A,7394,100,7394,1,0
A,G,A,7578,100,7578,1,0
A,H,A,9683,100,9683,1,0
A,B,B,7130,100,7130,1,0
B,C,B,6698,100,6698,1,0
B,D,B,12565,100,12565,1,0
B,E,B,7060,100,7060,1,0
B,F,B,1434,100,1434,1,0
B,G,B,6756,100,6756,1,0
B,H,B,13084,100,13084,1,0
A,C,C,7588,100,7588,1,0
B,C,C,6732,100,6732,1,0
C,D,C,6627,100,6627,1,0
C,E,C,7576,100,7576,1,0
C,F,C,7110,100,7110,1,0
C,G,C,1373,100,1373,1,0
C,H,C,7161,100,7161,1,0
A,D,D,9188,100,9188,1,0
B,D,D,12490,100,12490,1,0
C,D,D,6612,100,6612,1,0
D,E,D,9314,100,9314,1,0
D,F,D,12911,100,12911,1,0
D,G,D,6809,100,6809,1,0
D,H,D,1441,100,1441,1,0
A,E,E,1417,100,1417,1,0
B,E,E,7071,100,7071,1,0
C,E,E,7510,100,7510,1,0
D,E,E,9365,100,9365,1,0
E,F,E,6996,100,6996,1,0
E,G,E,7311,100,7311,1,0
E,H,E,9694,100,9694,1,0
A,F,F,7408,100,7408,1,0
B,F,F,1398,100,1398,1,0
C,F,F,7125,100,7125,1,0
D,F,F,12884,100,12884,1,0
E,F,F,7005,100,7005,1,0
F,G,F,6877,100,6877,1,0
F,H,F,13275,100,13275,1,0
A,G,G,7612,100,7612,1,0
B,G,G,6770,100,6770,1,0
C,G,G,1367,100,1367,1,0
D,G,G,6853,100,6853,1,0
E,G,G,7302,100,7302,1,0
F,G,G,6867,100,6867,1,0
G,H,G,7058,100,7058,1,0
A,H,H,9695,100,9695,1,0
B,H,H,13021,100,13021,1,0
C,H,H,7145,100,7145,1,0
D,H,H,1477,100,1477,1,0
E,H,H,9686,100,9686,1,0
F,H,H,13231,100,13231,1,0
G,H,H,7043,100,7043,1,0
A,B,A,7174,100,7174,1,0
A,C,A,7546,100,7546,1,0
A,D,A,9200,100,9200,1,0
A,E,A,1372,100,1372,1,0
A,F,A,7372,100,7372,1,0
A,G,A,7607,100,7607,1,0
A,H,A,9657,100,9657,1,0
A,B,B,7130,100,7130,1,0
B,C,B,6729,100,6729,1,0
B,D,B,12551,100,12551,1,0
B,E,B,7085,100,7085,1,0
B,F,B,1375,100,1375,1,0
B,G,B,6765,100,6765,1,0
B,H,B,13088,100,13088,1,0
A,C,C,7648,100,7648,1,0
B,C,C,6710,100,6710,1,0
C,D,C,6639,100,6639,1,0
C,E,C,7542,100,7542,1,0
C,F,C,7109,100,7109,1,0
C,G,C,1306,100,1306,1,0
C,H,C,7067,100,7067,1,0
A,D,D,9210,100,9210,1,0
B,D,D,12522,100,12522,1,0
C,D,D,6607,100,6607,1,0
D,E,D,9338,100,9338,1,0
D,F,D,12892,100,12892,1,0
D,G,D,6809,100,6809,1,0
D,H,D,1499,100,1499,1,0
A,E,E,1341,100,1341,1,0
B,E,E,7033,100,7033,1,0
C,E,E,7552,100,7552,1,0
D,E,E,9313,100,9313,1,0
E,F,E,7016,100,7016,1,0
E,G,E,7315,100,7315,1,0
E,H,E,9609,100,9609,1,0
A,F,F,7356,100,7356,1,0
B,F,F,1408,100,1408,1,0
C,F,F,7124,100,7124,1,0
D,F,F,12844,100,12844,1,0
E,F,F,7018,100,7018,1,0
F,G,F,6867,100,6867,1,0
F,H,F,13243,100,13243,1,0
A,G,G,7600,100,7600,1,0
B,G,G,6774,100,6774,1,0
C,G,G,1359,100,1359,1,0
D,G,G,6812,100,6812,1,0
E,G,G,7313,100,7313,1,0
F,G,G,6907,100,6907,1,0
G,H,G,7026,100,7026,1,0
A,H,H,9716,100,9716,1,0
B,H,H,13046,100,13046,1,0
C,H,H,7128,100,7128,1,0
D,H,H,1449,100,1449,1,0
E,H,H,9660,100,9660,1,0
F,H,H,13233,100,13233,1,0
G,H,H,7028,100,7028,1,0
A,B,A,7202,100,7202,1,0
A,C,A,7540,100,7540,1,0
A,D,A,9210,100,9210,1,0
A,E,A,1356,100,1356,1,0
A,F,A,7338,100,7338,1,0
A,G,A,7609,100,7609,1,0
A,H,A,9707,100,9707,1,0
A,B,B,7133,100,7133,1,0
B,C,B,6685,100,6685,1,0
B,D,B,12508,100,12508,1,0
B,E,B,7039,100,7039,1,0
B,F,B,1432,100,1432,1,0
B,G,B,6755,100,6755,1,0
B,H,B,13053,100,13053,1,0
A,C,C,7604,100,7604,1,0
B,C,C,6714,100,6714,1,0
C,D,C,6610,100,6610,1,0
C,E,C,7546,100,7546,1,0
C,F,C,7102,100,7102,1,0
C,G,C,1356,100,1356,1,0
C,H,C,7135,100,7135,1,0
A,D,D,9184,100,9184,1,0
B,D,D,12552,100,12552,1,0
C,D,D,6603,100,6603,1,0
D,E,D,9344,100,9344,1,0
D,F,D,12855,100,12855,1,0
D,G,D,6834,100,6834,1,0
D,H,D,1394,100,1394,1,0
A,E,E,1328,100,1328,1,0
B,E,E,6988,100,6988,1,0
C,E,E,7568,100,7568,1,0
D,E,E,9385,100,9385,1,0
E,F,E,7009,100,7009,1,0
E,G,E,7316,100,7316,1,0
E,H,E,9628,100,9628,1,0
A,F,F,7406,100,7406,1,0
B,F,F,1431,100,1431,1,0
C,F,F,7111,100,7111,1,0
D,F,F,12881,100,12881,1,0
E,F,F,7004,100,7004,1,0
F,G,F,6904,100,6904,1,0
F,H,F,13228,100,13228,1,0
A,G,G,7558,100,7558,1,0
B,G,G,6779,100,6779,1,0
C,G,G,1369,100,1369,1,0
D,G,G,6821,100,6821,1,0
E,G,G,7329,100,7329,1,0
F,G,G,6871,100,6871,1,0
G,H,G,7061,100,7061,1,0
A,H,H,9716,100,9716,1,0
B,H,H,13074,100,13074,1,0
C,H,H,7110,100,7110,1,0
D,H,H,1474,100,1474,1,0
E,H,H,9675,100,9675,1,0
F,H,H,13220,100,13220,1,0
G,H,H,6984,100,6984,1,0
A,B,A,7171,100,7171,1,0
A,C,A,7644,100,7644,1,0
A,D,A,9193,100,9193,1,0
A,E,A,1371,100,1371,1,0
A,F,A,7401,100,7401,1,0
A,G,A,7545,100,7545,1,0
A,H,A,9730,100,9730,1,0
A,B,B,7152,100,7152,1,0
B,C,B,6752,100,6752,1,0
B,D,B,12570,100,12570,1,0
B,E,B,7036,100,7036,1,0
B,F,B,1459,100,1459,1,0
B,G,B,6769,100,6769,1,0
B,H,B,13113,100,13113,1,0
A,C,C,7582,100,7582,1,0
B,C,C,6674,100,6674,1,0
C,D,C,6596,100,6596,1,0
C,E,C,7519,100,7519,1,0
C,F,C,7156,100,7156,1,0
C,G,C,1301,100,1301,1,0
C,H,C,7133,100,7133,1,0
A,D,D,9210,100,9210,1,0
B,D,D,12504,100,12504,1,0
C,D,D,6579,100,6579,1,0
D,E,D,9339,100,9339,1,0
D,F,D,12890,100,12890,1,0
D,G,D,6823,100,6823,1,0
D,H,D,1402,100,1402,1,0
A,E,E,1424,100,1424,1,0
B,E,E,7039,100,7039,1,0
C,E,E,7578,100,7578,1,0
D,E,E,9390,100,9390,1,0
E,F,E,7029,100,7029,1,0
E,G,E,7311,100,7311,1,0
E,H,E,9665,100,9665,1,0
A,F,F,7396,100,7396,1,0
B,F,F,1410,100,1410,1,0
C,F,F,7112,100,7112,1,0
D,F,F,12857,100,12857,1,0
E,F,F,7021,100,7021,1,0
F,G,F,6845,100,6845,1,0
F,H,F,13185,100,13185,1,0
A,G,G,7563,100,7563,1,0
B,G,G,6784,100,6784,1,0
C,G,G,1360,100,1360,1,0
D,G,G,6849,100,6849,1,0
E,G,G,7321,100,7321,1,0
F,G,G,6882,100,6882,1,0
G,H,G,7066,100,7066,1,0
A,H,H,9733,100,9733,1,0
B,H,H,13001,100,13001,1,0
C,H,H,7105,100,7105,1,0
D,H,H,1499,100,1499,1,0
E,H,H,9658,100,9658,1,0
F,H,H,13210,100,13210,1,0
G,H,H,7041,100,7041,1,0
A,B,A,7166,100,7166,1,0
A,C,A,7613,100,7613,1,0
A,D,A,9169,100,9169,1,0
A,E,A,1376,100,1376,1,0
A,F,A,7384,100,7384,1,0
A,G,A,7562,100,7562,1,0
A,H,A,9679,100,9679,1,0
A,B,B,7125,100,7125,1,0
B,C,B,6740,100,6740,1,0
B,D,B,12504,100,12504,1,0
B,E,B,7087,100,7087,1,0
B,F,B,1443,100,1443,1,0
B,G,B,6778,100,6778,1,0
B,H,B,13021,100,13021,1,0
A,C,C,7590,100,7590,1,0
B,C,C,6721,100,6721,1,0
C,D,C,6621,100,6621,1,0
C,E,C,7567,100,7567,1,0
C,F,C,7129,100,7129,1,0
C,G,C,1340,100,1340,1,0
C,H,C,7095,100,7095,1,0
A,D,D,9189,100,9189,1,0
B,D,D,12559,100,12559,1,0
C,D,D,6625,100,6625,1,0
D,E,D,9387,100,9387,1,0
D,F,D,12881,100,12881,1,0
D,G,D,6806,100,6806,1,0
D,H,D,1445,100,1445,1,0
A,E,E,1424,100,1424,1,0
B,E,E,7006,100,7006,1,0
C,E,E,7570,100,7570,1,0
D,E,E,9371,100,9371,1,0
E,F,E,7044,100,7044,1,0
E,G,E,7328,100,7328,1,0
E,H,E,9654,100,9654,1,0
A,F,F,7398,100,7398,1,0
B,F,F,1426,100,1426,1,0
C,F,F,7103,100,7103,1,0
D,F,F,12892,100,12892,1,0
E,F,F,7004,100,7004,1,0
F,G,F,6859,100,6859,1,0
F,H,F,13249,100,13249,1,0
A,G,G,7544,100,7544,1,0
B,G,G,6748,100,6748,1,0
C,G,G,1328,100,1328,1,0
D,G,G,6796,100,6796,1,0
E,G,G,7286,100,7286,1,0
F,G,G,6870,100,6870,1,0
G,H,G,6996,100,6996,1,0
A,H,H,9682,100,9682,1,0
B,H,H,13029,100,13029,1,0
C,H,H,7108,100,7108,1,0
D,H,H,1459,100,1459,1,0
E,H,H,9640,100,9640,1,0
F,H,H,13208,100,13208,1,0
G,H,H,7004,100,7004,1,0
A,B,A,7150,100,7150,1,0
A,C,A,7548,100,7548,1,0
A,D,A,9188,100,9188,1,0
A,E,A,1340,100,1340,1,0
A,F,A,7350,100,7350,1,0
A,G,A,7609,100,7609,1,0
A,H,A,9699,100,9699,1,0
A,B,B,7184,100,7184,1,0
B,C,B,6734,100,6734,1,0
B,D,B,12547,100,12547,1,0
B,E,B,7040,100,7040,1,0
B,F,B,1449,100,1449,1,0
B,G,B,6752,100,6752,1,0
B,H,B,13023,100,13023,1,0
A,C,C,7536,100,7536,1,0
B,C,C,6715,100,6715,1,0
C,D,C,6583,100,6583,1,0
C,E,C,7543,100,7543,1,0
C,F,C,7097,100,7097,1,0
C,G,C,1353,100,1353,1,0
C,H,C,7110,100,7110,1,0
A,D,D,9193,100,9193,1,0
B,D,D,12531,100,12531,1,0
C,D,D,6604,100,6604,1,0
D,E,D,9322,100,9322,1,0
D,F,D,12852,100,12852,1,0
D,G,D,6819,100,6819,1,0
D,H,D,1435,100,1435,1,0
A,E,E,1393,100,1393,1,0
B,E,E,7084,100,7084,1,0
C,E,E,7523,100,7523,1,0
D,E,E,9289,100,9289,1,0
E,F,E,6968,100,6968,1,0
E,G,E,7314,100,7314,1,0
E,H,E,9637,100,9637,1,0
A,F,F,7396,100,7396,1,0
B,F,F,1416,100,1416,1,0
C,F,F,7119,100,7119,1,0
D,F,F,12862,100,12862,1,0
E,F,F,7017,100,7017,1,0
F,G,F,6872,100,6872,1,0
F,H,F,13205,100,13205,1,0
A,G,G,7540,100,7540,1,0
B,G,G,6786,100,6786,1,0
C,G,G,1304,100,1304,1,0
D,G,G,6820,100,6820,1,0
E,G,G,7282,100,7282,1,0
F,G,G,6907,100,6907,1,0
G,H,G,7059,100,7059,1,0
A,H,H,9683,100,9683,1,0
B,H,H,13039,100,13039,1,0
C,H,H,7113,100,7113,1,0
D,H,H,1425,100,1425,1,0
E,H,H,9662,100,9662,1,0
F,H,H,13249,100,13249,1,0
G,H,H,7046,100,7046,1,0
A,B,A,7153,100,7153,1,0
A,C,A,7574,100,7574,1,0
A,D,A,9192,100,9192,1,0
A,E,A,1358,100,1358,1,0
A,F,A,7390,100,7390,1,0
A,G,A,7512,100,7512,1,0
A,H,A,9708,100,9708,1,0
A,B,B,7166,100,7166,1,0
B,C,B,6725,100,6725,1,0
B,D,B,12547,100,12547,1,0
B,E,B,7054,100,7054,1,0
B,F,B,1415,100,1415,1,0
B,G,B,6767,100,6767,1,0
B,H,B,13076,100,13076,1,0
A,C,C,7609,100,7609,1,0
B,C,C,6730,100,6730,1,0
C,D,C,6579,100,6579,1,0
C,E,C,7545,100,7545,1,0
C,F,C,7103,100,7103,1,0
C,G,C,1404,100,1404,1,0
C,H,C,7124,100,7124,1,0
A,D,D,9194,100,9194,1,0
B,D,D,12550,100,12550,1,0
C,D,D,6614,100,6614,1,0
D,E,D,9340,100,9340,1,0
D,F,D,12890,100,12890,1,0
D,G,D,6781,100,6781,1,0
D,H,D,1409,100,1409,1,0
A,E,E,1346,100,1346,1,0
B,E,E,7055,100,7055,1,0
C,E,E,7549,100,7549,1,0
D,E,E,9358,100,9358,1,0
E,F,E,7011,100,7011,1,0
E,G,E,7323,100,7323,1,0
E,H,E,9620,100,9620,1,0
A,F,F,7380,100,7380,1,0
B,F,F,1431,100,1431,1,0
C,F,F,7118,100,7118,1,0
D,F,F,12863,100,12863,1,0
E,F,F,7017,100,7017,1,0
F,G,F,6903,100,6903,1,0
F,H,F,13201,100,13201,1,0
A,G,G,7592,100,7592,1,0
B,G,G,6805,100,6805,1,0
C,G,G,1366,100,1366,1,0
D,G,G,6805,100,6805,1,0
E,G,G,7320,100,7320,1,0
F,G,G,6843,100,6843,1,0
G,H,G,7065,100,7065,1,0
A,H,H,9718,100,9718,1,0
B,H,H,13056,100,13056,1,0
C,H,H,7158,100,7158,1,0
D,H,H,1464,100,1464,1,0
E,H,H,9658,100,9658,1,0
F,H,H,13216,100,13216,1,0
G,H,H,7073,100,7073,1,0
A,B,A,7143,100,7143,1,0
A,C,A,7574,100,7574,1,0
A,D,A,9188,100,9188,1,0
A,E,A,1368,100,1368,1,0
A,F,A,7343,100,7343,1,0
A,G,A,7557,100,7557,1,0
A,H,A,9699,100,9699,1,0
A,B,B,7146,100,7146,1,0
B,C,B,6681,100,6681,1,0
B,D,B,12547,100,12547,1,0
B,E,B,7067,100,7067,1,0
B,F,B,1439,100,1439,1,0
B,G,B,6720,100,6720,1,0
B,H,B,13057,100,13057,1,0
A,C,C,7566,100,7566,1,0
B,C,C,6686,100,6686,1,0
C,D,C,6628,100,6628,1,0
C,E,C,7512,100,7512,1,0
C,F,C,7118,100,7118,1,0
C,G,C,1360,100,1360,1,0
C,H,C,7150,100,7150,1,0
A,D,D,9181,100,9181,1,0
B,D,D,12545,100,12545,1,0
C,D,D,6614,100,6614,1,0
D,E,D,9381,100,9381,1,0
D,F,D,12901,100,12901,1,0
D,G,D,6815,100,6815,1,0
D,H,D,1407,100,1407,1,0
A,E,E,1369,100,1369,1,0
B,E,E,7040,100,7040,1,0
C,E,E,7567,100,7567,1,0
D,E,E,9327,100,9327,1,0
E,F,E,6986,100,6986,1,0
E,G,E,7314,100,7314,1,0
E,H,E,9656,100,9656,1,0
A,F,F,7422,100,7422,1,0
B,F,F,1405,100,1405,1,0
C,F,F,7110,100,7110,1,0
D,F,F,12903,100,12903,1,0
E,F,F,7009,100,7009,1,0
F,G,F,6863,100,6863,1,0
F,H,F,13183,100,13183,1,0
A,G,G,7592,100,7592,1,0
B,G,G,6814,100,6814,1,0
C,G,G,1369,100,1369,1,0
D,G,G,6783,100,6783,1,0
E,G,G,7332,100,7332,1,0
F,G,G,6869,100,6869,1,0
G,H,G,7027,100,7027,1,0
A,H,H,9727,100,9727,1,0
B,H,H,13004,100,13004,1,0
C,H,H,7103,100,7103,1,0
D,H,H,1459,100,1459,1,0
E,H,H,9633,100,9633,1,0
F,H,H,13201,100,13201,1,0
G,H,H,7034,100,7034,1,0
A,B,A,7144,100,7144,1,0
A,C,A,7556,100,7556,1,0
A,D,A,9189,100,9189,1,0
A,E,A,1381,100,1381,1,0
A,F,A,7397,100,7397,1,0
A,G,A,7564,100,7564,1,0
A,H,A,9698,100,9698,1,0
A,B,B,7172,100,7172,1,0
B,C,B,6690,100,6690,1,0
B,D,B,12532,100,12532,1,0
B,E,B,7016,100,7016,1,0
B,F,B,1412,100,1412,1,0
B,G,B,6746,100,6746,1,0
B,H,B,13047,100,13047,1,0
A,C,C,7584,100,7584,1,0
B,C,C,6741,100,6741,1,0
C,D,C,6629,100,6629,1,0
C,E,C,7540,100,7540,1,0
C,F,C,7106,100,7106,1,0
C,G,C,1346,100,1346,1,0
C,H,C,7061,100,7061,1,0
A,D,D,9199,100,9199,1,0
B,D,D,12537,100,12537,1,0
C,D,D,6579,100,6579,1,0
D,E,D,9384,100,9384,1,0
D,F,D,12857,100,12857,1,0
D,G,D,6822,100,6822,1,0
D,H,D,1423,100,1423,1,0
A,E,E,1362,100,1362,1,0
B,E,E,7028,100,7028,1,0
C,E,E,7558,100,7558,1,0
D,E,E,9328,100,9328,1,0
E,F,E,7034,100,7034,1,0
E,G,E,7311,100,7311,1,0
E,H,E,9691,100,9691,1,0
A,F,F,7407,100,7407,1,0
B,F,F,1421,100,1421,1,0
C,F,F,7124,100,7124,1,0
D,F,F,12872,100,12872,1,0
E,F,F,7025,100,7025,1,0
F,G,F,6865,100,6865,1,0
F,H,F,13208,100,13208,1,0
A,G,G,7620,100,7620,1,0
B,G,G,6744,100,6744,1,0
C,G,G,1342,100,1342,1,0
D,G,G,6796,100,6796,1,0
E,G,G,7298,100,7298,1,0
F,G,G,6881,100,6881,1,0
G,H,G,7047,100,7047,1,0
A,H,H,9713,100,9713,1,0
B,H,H,13064,100,13064,1,0
C,H,H,7134,100,7134,1,0
D,H,H,1422,100,1422,1,0
E,H,H,9650,100,9650,1,0
F,H,H,13234,100,13234,1,0
G,H,H,7054,100,7054,1,0
A,B,A,7160,100,7160,1,0
A,C,A,7586,100,7586,1,0
A,D,A,9197,100,9197,1,0
A,E,A,1410,100,1410,1,0
A,F,A,7381,100,7381,1,0
A,G,A,7602,100,7602,1,0
A,H,A,9738,100,9738,1,0
A,B,B,7127,100,7127,1,0
B,C,B,6704,100,6704,1,0
B,D,B,12523,100,12523,1,0
B,E,B,7016,100,7016,1,0
B,F,B,1436,100,1436,1,0
B,G,B,6771,100,6771,1,0
B,H,B,13060,100,13060,1,0
A,C,C,7526,100,7526,1,0
B,C,C,6758,100,6758,1,0
C,D,C,6608,100,6608,1,0
C,E,C,7517,100,7517,1,0
C,F,C,7129,100,7129,1,0
C,G,C,1381,100,1381,1,0
C,H,C,7110,100,7110,1,0
A,D,D,9224,100,9224,1,0
B,D,D,12483,100,12483,1,0
C,D,D,6602,100,6602,1,0
D,E,D,9368,100,9368,1,0
D,F,D,12890,100,12890,1,0
D,G,D,6828,100,6828,1,0
D,H,D,1431,100,1431,1,0
A,E,E,1346,100,1346,1,0
B,E,E,7017,100,7017,1,0
C,E,E,7568,100,7568,1,0
D,E,E,9313,100,9313,1,0
E,F,E,6977,100,6977,1,0
E,G,E,7297,100,7297,1,0
E,H,E,9634,100,9634,1,0
A,F,F,7392,100,7392,1,0
B,F,F,1465,100,1465,1,0
C,F,F,7141,100,7141,1,0
D,F,F,12907,100,12907,1,0
E,F,F,7000,100,7000,1,0
F,G,F,6865,100,6865,1,0
F,H,F,13221,100,13221,1,0
A,G,G,7590,100,7590,1,0
B,G,G,6763,100,6763,1,0
C,G,G,1338,100,1338,1,0
D,G,G,6816,100,6816,1,0
E,G,G,7346,100,7346,1,0
F,G,G,6894,100,6894,1,0
G,H,G,7044,100,7044,1,0
A,H,H,9664,100,9664,1,0
B,H,H,13025,100,13025,1,0
C,H,H,7108,100,7108,1,0
D,H,H,1500,100,1500,1,0
E,H,H,9648,100,9648,1,0
F,H,H,13233,100,13233,1,0
G,H,H,7037,100,7037,1,0
A,B,A,7161,100,7161,1,0
A,C,A,7580,100,7580,1,0
A,D,A,9243,100,9243,1,0
A,E,A,1365,100,1365,1,0
A,F,A,7409,100,7409,1,0
A,G,A,7594,100,7594,1,0
A,H,A,9645,100,9645,1,0
A,B,B,7177,100,7177,1,0
B,C,B,6735,100,6735,1,0
B,D,B,12572,100,12572,1,0
B,E,B,7037,100,7037,1,0
B,F,B,1422,100,1422,1,0
B,G,B,6716,100,6716,1,0
B,H,B,13041,100,13041,1,0
A,C,C,7563,100,7563,1,0
B,C,C,6713,100,6713,1,0
C,D,C,6631,100,6631,1,0
C,E,C,7508,100,7508,1,0
C,F,C,7150,100,7150,1,0
C,G,C,1316,100,1316,1,0
C,H,C,7066,100,7066,1,0
A,D,D,9197,100,9197,1,0
B,D,D,12540,100,12540,1,0
C,D,D,6585,100,6585,1,0
D,E,D,9365,100,9365,1,0
D,F,D,12859,100,12859,1,0
D,G,D,6812,100,6812,1,0
D,H,D,1460,100,1460,1,0
A,E,E,1386,100,1386,1,0
B,E,E,7050,100,7050,1,0
C,E,E,7554,100,7554,1,0
D,E,E,9306,100,9306,1,0
E,F,E,7028,100,7028,1,0
E,G,E,7311,100,7311,1,0
E,H,E,9652,100,9652,1,0
A,F,F,7385,100,7385,1,0
B,F,F,1408,100,1408,1,0
C,F,F,7131,100,7131,1,0
D,F,F,12863,100,12863,1,0
E,F,F,6996,100,6996,1,0
F,G,F,6875,100,6875,1,0
F,H,F,13189,100,13189,1,0
A,G,G,7570,100,7570,1,0
B,G,G,6802,100,6802,1,0
C,G,G,1377,100,1377,1,0
D,G,G,6821,100,6821,1,0
E,G,G,7302,100,7302,1,0
F,G,G,6902,100,6902,1,0
G,H,G,7045,100,7045,1,0
A,H,H,9694,100,9694,1,0
B,H,H,13039,100,13039,1,0
C,H,H,7101,100,7101,1,0
D,H,H,1402,100,1402,1,0
E,H,H,9657,100,9657,1,0
F,H,H,13257,100,13257,1,0
G,H,H,7020,100,7020,1,0
A,B,A,7137,100,7137,1,0
A,C,A,7568,100,7568,1,0
A,D,A,9252,100,9252,1,0
A,E,A,1371,100,1371,1,0
A,F,A,7363,100,7363,1,0
A,G,A,7567,100,7567,1,0
A,H,A,9744,100,9744,1,0
A,B,B,7126,100,7126,1,0
B,C,B,6702,100,6702,1,0
B,D,B,12561,100,12561,1,0
B,E,B,7020,100,7020,1,0
B,F,B,1453,100,1453,1,0
B,G,B,6722,100,6722,1,0
B,H,B,13068,100,13068,1,0
A,C,C,7552,100,7552,1,0
B,C,C,6708,100,6708,1,0
C,D,C,6576,100,6576,1,0
C,E,C,7572,100,7572,1,0
C,F,C,7118,100,7118,1,0
C,G,C,1373,100,1373,1,0
C,H,C,7085,100,7085,1,0
A,D,D,9216,100,9216,1,0
B,D,D,12552,100,12552,1,0
C,D,D,6615,100,6615,1,0
D,E,D,9350,100,9350,1,0
D,F,D,12865,100,12865,1,0
D,G,D,6797,100,6797,1,0
D,H,D,1469,100,1469,1,0
A,E,E,1344,100,1344,1,0
B,E,E,7020,100,7020,1,0
C,E,E,7527,100,7527,1,0
D,E,E,9377,100,9377,1,0
E,F,E,6983,100,6983,1,0
E,G,E,7319,100,7319,1,0
E,H,E,9652,100,9652,1,0
A,F,F,7325,100,7325,1,0
B,F,F,1412,100,1412,1,0
C,F,F,7098,100,7098,1,0
D,F,F,12855,100,12855,1,0
E,F,F,7021,100,7021,1,0
F,G,F,6901,100,6901,1,0
F,H,F,13281,100,13281,1,0
A,G,G,7587,100,7587,1,0
B,G,G,6740,100,6740,1,0
C,G,G,1313,100,1313,1,0
D,G,G,6830,100,6830,1,0
E,G,G,7312,100,7312,1,0
F,G,G,6860,100,6860,1,0
G,H,G,7065,100,7065,1,0
A,H,H,9695,100,9695,1,0
B,H,H,13071,100,13071,1,0
C,H,H,7159,100,7159,1,0
D,H,H,1479,100,1479,1,0
E,H,H,9660,100,9660,1,0
F,H,H,13238,100,13238,1,0
G,H,H,7035,100,7035,1,0
A,B,A,7130,100,7130,1,0
A,C,A,7549,100,7549,1,0
A,D,A,9201,100,9201,1,0
A,E,A,1360,100,1360,1,0
A,F,A,7404,100,7404,1,0
A,G,A,7596,100,7596,1,0
A,H,A,9682,100,9682,1,0
A,B,B,7099,100,7099,1,0
B,C,B,6709,100,6709,1,0
B,D,B,12498,100,12498,1,0
B,E,B,7055,100,7055,1,0
B,F,B,1392,100,1392,1,0
B,G,B,6736,100,6736,1,0
B,H,B,12981,100,12981,1,0
A,C,C,7595,100,7595,1,0
B,C,C,6742,100,6742,1,0
C,D,C,6593,100,6593,1,0
C,E,C,7524,100,7524,1,0
C,F,C,7103,100,7103,1,0
C,G,C,1365,100,1365,1,0
C,H,C,7072,100,7072,1,0
A,D,D,9208,100,9208,1,0
B,D,D,12498,100,12498,1,0
C,D,D,6592,100,6592,1,0
D,E,D,9337,100,9337,1,0
D,F,D,12868,100,12868,1,0
D,G,D,6773,100,6773,1,0
D,H,D,1421,100,1421,1,0
A,E,E,1399,100,1399,1,0
B,E,E,7041,100,7041,1,0
C,E,E,7514,100,7514,1,0
D,E,E,9342,100,9342,1,0
E,F,E,6989,100,6989,1,0
E,G,E,7311,100,7311,1,0
E,H,E,9615,100,9615,1,0
A,F,F,7376,100,7376,1,0
B,F,F,1416,100,1416,1,0
C,F,F,7104,100,7104,1,0
D,F,F,12895,100,12895,1,0
E,F,F,7018,100,7018,1,0
F,G,F,6906,100,6906,1,0
F,H,F,13218,100,13218,1,0
A,G,G,7608,100,7608,1,0
B,G,G,6747,100,6747,1,0
C,G,G,1314,100,1314,1,0
D,G,G,6809,100,6809,1,0
E,G,G,7310,100,7310,1,0
F,G,G,6856,100,6856,1,0
G,H,G,7059,100,7059,1,0
A,H,H,9697,100,9697,1,0
B,H,H,13060,100,13060,1,0
C,H,H,7112,100,7112,1,0
D,H,H,1381,100,1381,1,0
E,H,H,9650,100,9650,1,0
F,H,H,13219,100,13219,1,0
G,H,H,7074,100,7074,1,0
A,B,A,7188,100,7188,1,0
A,C,A,7570,100,7570,1,0
A,D,A,9211,100,9211,1,0
A,E,A,1327,100,1327,1,0
A,F,A,7333,100,7333,1,0
A,G,A,7610,100,7610,1,0
A,H,A,9701,100,9701,1,0
A,B,B,7157,100,7157,1,0
B,C,B,6713,100,6713,1,0
B,D,B,12543,100,12543,1,0
B,E,B,7042,100,7042,1,0
B,F,B,1458,100,1458,1,0
B,G,B,6769,100,6769,1,0
B,H,B,13056,100,13056,1,0
A,C,C,7570,100,7570,1,0
B,C,C,6707,100,6707,1,0
C,D,C,6605,100,6605,1,0
C,E,C,7542,100,7542,1,0
C,F,C,7112,100,7112,1,0
C,G,C,1347,100,1347,1,0
C,H,C,7150,100,7150,1,0
A,D,D,9220,100,9220,1,0
B,D,D,12484,100,12484,1,0
C,D,D,6612,100,6612,1,0
D,E,D,9348,100,9348,1,0
D,F,D,12916,100,12916,1,0
D,G,D,6793,100,6793,1,0
D,H,D,1510,100,1510,1,0
A,E,E,1365,100,1365,1,0
B,E,E,7044,100,7044,1,0
C,E,E,7557,100,7557,1,0
D,E,E,9297,100,9297,1,0
E,F,E,7021,100,7021,1,0
E,G,E,7277,100,7277,1,0
E,H,E,9654,100,9654,1,0
A,F,F,7391,100,7391,1,0
B,F,F,1454,100,1454,1,0
C,F,F,7107,100,7107,1,0
D,F,F,12878,100,12878,1,0
E,F,F,6998,100,6998,1,0
F,G,F,6850,100,6850,1,0
F,H,F,13258,100,13258,1,0
A,G,G,7607,100,7607,1,0
B,G,G,6751,100,6751,1,0
C,G,G,1350,100,1350,1,0
D,G,G,6816,100,6816,1,0
E,G,G,7348,100,7348,1,0
F,G,G,6883,100,6883,1,0
G,H,G,7049,100,7049,1,0
A,H,H,9661,100,9661,1,0
B,H,H,13022,100,13022,1,0
C,H,H,7127,100,7127,1,0
D,H,H,1375,100,1375,1,0
E,H,H,9707,100,9707,1,0
F,H,H,13230,100,13230,1,0
G,H,H,7085,100,7085,1,0
A,B,A,7142,100,7142,1,0
A,C,A,7576,100,7576,1,0
A,D,A,9219,100,9219,1,0
A,E,A,1360,100,1360,1,0
A,F,A,7342,100,7342,1,0
A,G,A,7532,100,7532,1,0
A,H,A,9657,100,9657,1,0
A,B,B,7169,100,7169,1,0
B,C,B,6713,100,6713,1,0
B,D,B,12573,100,12573,1,0
B,E,B,7039,100,7039,1,0
B,F,B,1421,100,1421,1,0
B,G,B,6773,100,6773,1,0
B,H,B,13056,100,13056,1,0
A,C,C,7567,100,7567,1,0
B,C,C,6725,100,6725,1,0
C,D,C,6619,100,6619,1,0
C,E,C,7573,100,7573,1,0
C,F,C,7088,100,7088,1,0
C,G,C,1392,100,1392,1,0
C,H,C,7115,100,7115,1,0
A,D,D,9185,100,9185,1,0
B,D,D,12527,100,12527,1,0
C,D,D,6584,100,6584,1,0
D,E,D,9310,100,9310,1,0
D,F,D,12874,100,12874,1,0
D,G,D,6809,100,6809,1,0
D,H,D,1410,100,1410,1,0
A,E,E,1375,100,1375,1,0
B,E,E,7102,100,7102,1,0
C,E,E,7567,100,7567,1,0
D,E,E,9309,100,9309,1,0
E,F,E,6977,100,6977,1,0
E,G,E,7299,100,7299,1,0
E,H,E,9664,100,9664,1,0
A,F,F,7359,100,7359,1,0
B,F,F,1406,100,1406,1,0
C,F,F,7162,100,7162,1,0
D,F,F,12865,100,12865,1,0
E,F,F,6999,100,6999,1,0
F,G,F,6875,100,6875,1,0
F,H,F,13187,100,13187,1,0
A,G,G,7550,100,7550,1,0
B,G,G,6760,100,6760,1,0
C,G,G,1343,100,1343,1,0
D,G,G,6822,100,6822,1,0
E,G,G,7311,100,7311,1,0
F,G,G,6880,100,6880,1,0
G,H,G,7010,100,7010,1,0
A,H,H,9700,100,9700,1,0
B,H,H,13029,100,13029,1,0
C,H,H,7126,100,7126,1,0
D,H,H,1402,100,1402,1,0
E,H,H,9659,100,9659,1,0
F,H,H,13234,100,13234,1,0
G,H,H,7025,100,7025,1,0
A,B,A,7200,100,7200,1,0
A,C,A,7566,100,7566,1,0
A,D,A,9180,100,9180,1,0
A,E,A,1369,100,1369,1,0
A,F,A,7334,100,7334,1,0
A,G,A,7577,100,7577,1,0
A,H,A,9690,100,9690,1,0
A,B,B,7153,100,7153,1,0
B,C,B,6720,100,6720,1,0
B,D,B,12518,100,12518,1,0
B,E,B,7009,100,7009,1,0
B,F,B,1401,100,1401,1,0
B,G,B,6748,100,6748,1,0
B,H,B,13026,100,13026,1,0
A,C,C,7570,100,7570,1,0
B,C,C,6721,100,6721,1,0
C,D,C,6586,100,6586,1,0
C,E,C,7548,100,7548,1,0
C,F,C,7138,100,7138,1,0
C,G,C,1338,100,1338,1,0
C,H,C,7140,100,7140,1,0
A,D,D,9212,100,9212,1,0
B,D,D,12549,100,12549,1,0
C,D,D,6583,100,6583,1,0
D,E,D,9381,100,9381,1,0
D,F,D,12860,100,12860,1,0
D,G,D,6813,100,6813,1,0
D,H,D,1446,100,1446,1,0
A,E,E,1475,100,1475,1,0
B,E,E,7043,100,7043,1,0
C,E,E,7535,100,7535,1,0
D,E,E,9338,100,9338,1,0
E,F,E,6998,100,6998,1,0
E,G,E,7318,100,7318,1,0
E,H,E,9626,100,9626,1,0
A,F,F,7372,100,7372,1,0
B,F,F,1436,100,1436,1,0
C,F,F,7122,100,7122,1,0
D,F,F,12880,100,12880,1,0
E,F,F,7019,100,7019,1,0
F,G,F,6872,100,6872,1,0
F,H,F,13212,100,13212,1,0
A,G,G,7623,100,7623,1,0
B,G,G,6758,100,6758,1,0
C,G,G,1332,100,1332,1,0
D,G,G,6791,100,6791,1,0
E,G,G,7311,100,7311,1,0
F,G,G,6864,100,6864,1,0
G,H,G,7008,100,7008,1,0
A,H,H,9706,100,9706,1,0
B,H,H,13043,100,13043,1,0
C,H,H,7142,100,7142,1,0
D,H,H,1458,100,1458,1,0
E,H,H,9664,100,9664,1,0
F,H,H,13243,100,13243,1,0
G,H,H,7033,100,7033,1,0
A,B,A,7130,100,7130,1,0
A,C,A,7532,100,7532,1,0
A,D,A,9195,100,9195,1,0
A,E,A,1368,100,1368,1,0
A,F,A,7357,100,7357,1,0
A,G,A,7611,100,7611,1,0
A,H,A,9684,100,9684,1,0
A,B,B,7167,100,7167,1,0
B,C,B,6730,100,6730,1,0
B,D,B,12518,100,12518,1,0
B,E,B,7059,100,7059,1,0
B,F,B,1447,100,1447,1,0
B,G,B,6770,100,6770,1,0
B,H,B,13013,100,13013,1,0
A,C,C,7619,100,7619,1,0
B,C,C,6689,100,6689,1,0
C,D,C,6621,100,6621,1,0
C,E,C,7518,100,7518,1,0
C,F,C,7127,100,7127,1,0
C,G,C,1325,100,1325,1,0
C,H,C,7107,100,7107,1,0
A,D,D,9213,100,9213,1,0
B,D,D,12563,100,12563,1,0
C,D,D,6605,100,6605,1,0
D,E,D,9346,100,9346,1,0
D,F,D,12885,100,12885,1,0
D,G,D,6823,100,6823,1,0
D,H,D,1437,100,1437,1,0
A,E,E,1329,100,1329,1,0
B,E,E,7046,100,7046,1,0
C,E,E,7535,100,7535,1,0
D,E,E,9321,100,9321,1,0
E,F,E,7015,100,7015,1,0
E,G,E,7315,100,7315,1,0
E,H,E,9656,100,9656,1,0
A,F,F,7357,100,7357,1,0
B,F,F,1415,100,1415,1,0
C,F,F,7134,100,7134,1,0
D,F,F,12858,100,12858,1,0
E,F,F,7031,100,7031,1,0
F,G,F,6890,100,6890,1,0
F,H,F,13171,100,13171,1,0
A,G,G,7558,100,7558,1,0
B,G,G,6745,100,6745,1,0
C,G,G,1350,100,1350,1,0
D,G,G,6742,100,6742,1,0
E,G,G,7316,100,7316,1,0
F,G,G,6870,100,6870,1,0
G,H,G,7048,100,7048,1,0
A,H,H,9687,100,9687,1,0
B,H,H,13068,100,13068,1,0
C,H,H,7151,100,7151,1,0
D,H,H,1427,100,1427,1,0
E,H,H,9651,100,9651,1,0
F,H,H,13253,100,13253,1,0
G,H,H,7036,100,7036,1,0
A,B,A,7168,100,7168,1,0
A,C,A,7587,100,7587,1,0
A,D,A,9198,100,9198,1,0
A,E,A,1436,100,1436,1,0
A,F,A,7368,100,7368,1,0
A,G,A,7615,100,7615,1,0
A,H,A,9737,100,9737,1,0
A,B,B,7159,100,7159,1,0
B,C,B,6715,100,6715,1,0
B,D,B,12529,100,12529,1,0
B,E,B,7034,100,7034,1,0
B,F,B,1419,100,1419,1,0
B,G,B,6769,100,6769,1,0
B,H,B,13051,100,13051,1,0
A,C,C,7588,100,7588,1,0
B,C,C,6695,100,6695,1,0
C,D,C,6628,100,6628,1,0
C,E,C,7527,100,7527,1,0
C,F,C,7116,100,7116,1,0
C,G,C,1371,100,1371,1,0
C,H,C,7107,100,7107,1,0
A,D,D,9192,100,9192,1,0
B,D,D,12553,100,12553,1,0
C,D,D,6615,100,6615,1,0
D,E,D,9363,100,9363,1,0
D,F,D,12889,100,12889,1,0
D,G,D,6833,100,6833,1,0
D,H,D,1422,100,1422,1,0
A,E,E,1361,100,1361,1,0
B,E,E,7053,100,7053,1,0
C,E,E,7552,100,7552,1,0
D,E,E,9316,100,9316,1,0
E,F,E,7032,100,7032,1,0
E,G,E,7327,100,7327,1,0
E,H,E,9684,100,9684,1,0
A,F,F,7400,100,7400,1,0
B,F,F,1445,100,1445,1,0
C,F,F,7139,100,7139,1,0
D,F,F,12879,100,12879,1,0
E,F,F,7005,100,7005,1,0
F,G,F,6899,100,6899,1,0
F,H,F,13243,100,13243,1,0
A,G,G,7574,100,7574,1,0
B,G,G,6761,100,6761,1,0
C,G,G,1336,100,1336,1,0
D,G,G,6824,100,6824,1,0
E,G,G,7331,100,7331,1,0
F,G,G,6875,100,6875,1,0
G,H,G,6996,100,6996,1,0
A,H,H,9688,100,9688,1,0
B,H,H,13044,100,13044,1,0
C,H,H,7133,100,7133,1,0
D,H,H,1468,100,1468,1,0
E,H,H,9664,100,9664,1,0
F,H,H,13211,100,13211,1,0
G,H,H,7071,100,7071,1,0
A,B,A,7165,100,7165,1,0
A,C,A,7567,100,7567,1,0
A,D,A,9193,100,9193,1,0
A,E,A,1360,100,1360,1,0
A,F,A,7423,100,7423,1,0
A,G,A,7574,100,7574,1,0
A,H,A,9664,100,9664,1,0
A,B,B,7138,100,7138,1,0
B,C,B,6693,100,6693,1,0
B,D,B,12566,100,12566,1,0
B,E,B,7065,100,7065,1,0
B,F,B,1443,100,1443,1,0
B,G,B,6730,100,6730,1,0
B,H,B,13028,100,13028,1,0
A,C,C,7620,100,7620,1,0
B,C,C,6728,100,6728,1,0
C,D,C,6609,100,6609,1,0
C,E,C,7551,100,7551,1,0
C,F,C,7113,100,7113,1,0
C,G,C,1360,100,1360,1,0
C,H,C,7082,100,7082,1,0
A,D,D,9188,100,9188,1,0
B,D,D,12533,100,12533,1,0
C,D,D,6626,100,6626,1,0
D,E,D,9304,100,9304,1,0
D,F,D,12855,100,12855,1,0
D,G,D,6770,100,6770,1,0
D,H,D,1441,100,1441,1,0
A,E,E,1404,100,1404,1,0
B,E,E,6991,100,6991,1,0
C,E,E,7542,100,7542,1,0
D,E,E,9279,100,9279,1,0
E,F,E,6975,100,6975,1,0
E,G,E,7296,100,7296,1,0
E,H,E,9623,100,9623,1,0
A,F,F,7360,100,7360,1,0
B,F,F,1453,100,1453,1,0
C,F,F,7132,100,7132,1,0
D,F,F,12854,100,12854,1,0
E,F,F,6984,100,6984,1,0
F,G,F,6893,100,6893,1,0
F,H,F,13261,100,13261,1,0
A,G,G,7592,100,7592,1,0
B,G,G,6768,100,6768,1,0
C,G,G,1334,100,1334,1,0
D,G,G,6826,100,6826,1,0
E,G,G,7280,100,7280,1,0
F,G,G,6927,100,6927,1,0
G,H,G,7036,100,7036,1,0
A,H,H,9679,100,9679,1,0
B,H,H,13027,100,13027,1,0
C,H,H,7114,100,7114,1,0
D,H,H,1452,100,1452,1,0
E,H,H,9655,100,9655,1,0
F,H,H,13225,100,13225,1,0
G,H,H,7029,100,7029,1,0
A,B,A,7155,100,7155,1,0
A,C,A,7568,100,7568,1,0
A,D,A,9203,100,9203,1,0
A,E,A,1357,100,1357,1,0
A,F,A,7368,100,7368,1,0
A,G,A,7564,100,7564,1,0
A,H,A,9718,100,9718,1,0
A,B,B,7137,100,7137,1,0
B,C,B,6690,100,6690,1,0
B,D,B,12526,100,12526,1,0
B,E,B,7052,100,7052,1,0
B,F,B,1426,100,1426,1,0
B,G,B,6762,100,6762,1,0
B,H,B,13058,100,13058,1,0
A,C,C,7548,100,7548,1,0
B,C,C,6726,100,6726,1,0
C,D,C,6608,100,6608,1,0
C,E,C,7549,100,7549,1,0
C,F,C,7125,100,7125,1,0
C,G,C,1380,100,1380,1,0
C,H,C,7100,100,7100,1,0
A,D,D,9204,100,9204,1,0
B,D,D,12568,100,12568,1,0
C,D,D,6570,100,6570,1,0
D,E,D,9388,100,9388,1,0
D,F,D,12861,100,12861,1,0
D,G,D,6785,100,6785,1,0
D,H,D,1445,100,1445,1,0
A,E,E,1347,100,1347,1,0
B,E,E,7044,100,7044,1,0
C,E,E,7561,100,7561,1,0
D,E,E,9388,100,9388,1,0
E,F,E,6981,100,6981,1,0
E,G,E,7320,100,7320,1,0
E,H,E,9691,100,9691,1,0
A,F,F,7376,100,7376,1,0
B,F,F,1430,100,1430,1,0
C,F,F,7113,100,7113,1,0
D,F,F,12889,100,12889,1,0
E,F,F,6991,100,6991,1,0
F,G,F,6880,100,6880,1,0
F,H,F,13242,100,13242,1,0
A,G,G,7580,100,7580,1,0
B,G,G,6746,100,6746,1,0
C,G,G,1336,100,1336,1,0
D,G,G,6801,100,6801,1,0
E,G,G,7266,100,7266,1,0
F,G,G,6896,100,6896,1,0
G,H,G,7007,100,7007,1,0
A,H,H,9715,100,9715,1,0
B,H,H,13040,100,13040,1,0
C,H,H,7151,100,7151,1,0
D,H,H,1469,100,1469,1,0
E,H,H,9648,100,9648,1,0
F,H,H,13278,100,13278,1,0
G,H,H,7022,100,7022,1,0
A,B,A,7142,100,7142,1,0
A,C,A,7635,100,7635,1,0
A,D,A,9181,100,9181,1,0
A,E,A,1425,100,1425,1,0
A,F,A,7421,100,7421,1,0
A,G,A,7604,100,7604,1,0
A,H,A,9674,100,9674,1,0
A,B,B,7161,100,7161,1,0
B,C,B,6733,100,6733,1,0
B,D,B,12564,100,12564,1,0
B,E,B,7017,100,7017,1,0
B,F,B,1431,100,1431,1,0
B,G,B,6716,100,6716,1,0
B,H,B,13017,100,13017,1,0
A,C,C,7612,100,7612,1,0
B,C,C,6687,100,6687,1,0
C,D,C,6619,100,6619,1,0
C,E,C,7542,100,7542,1,0
C,F,C,7127,100,7127,1,0
C,G,C,1372,100,1372,1,0
C,H,C,7107,100,7107,1,0
A,D,D,9163,100,9163,1,0
B,D,D,12494,100,12494,1,0
C,D,D,6626,100,6626,1,0
D,E,D,9310,100,9310,1,0
D,F,D,12846,100,12846,1,0
D,G,D,6815,100,6815,1,0
D,H,D,1488,100,1488,1,0
A,E,E,1401,100,1401,1,0
B,E,E,6994,100,6994,1,0
C,E,E,7570,100,7570,1,0
D,E,E,9361,100,9361,1,0
E,F,E,7001,100,7001,1,0
E,G,E,7316,100,7316,1,0
E,H,E,9637,100,9637,1,0
A,F,F,7374,100,7374,1,0
B,F,F,1407,100,1407,1,0
C,F,F,7146,100,7146,1,0
D,F,F,12846,100,12846,1,0
E,F,F,7005,100,7005,1,0
F,G,F,6905,100,6905,1,0
F,H,F,13246,100,13246,1,0
A,G,G,7551,100,7551,1,0
B,G,G,6702,100,6702,1,0
C,G,G,1354,100,1354,1,0
D,G,G,6781,100,6781,1,0
E,G,G,7302,100,7302,1,0
F,G,G,6885,100,6885,1,0
G,H,G,7069,100,7069,1,0
A,H,H,9731,100,9731,1,0
B,H,H,13051,100,13051,1,0
C,H,H,7099,100,7099,1,0
D,H,H,1433,100,1433,1,0
E,H,H,9653,100,9653,1,0
F,H,H,13265,100,13265,1,0
G,H,H,7065,100,7065,1,0
A,B,A,7098,100,7098,1,0
A,C,A,7569,100,7569,1,0
A,D,A,9213,100,9213,1,0
A,E,A,1338,100,1338,1,0
A,F,A,7356,100,7356,1,0
A,G,A,7554,100,7554,1,0
A,H,A,9741,100,9741,1,0
A,B,B,7191,100,7191,1,0
B,C,B,6727,100,6727,1,0
B,D,B,12515,100,12515,1,0
B,E,B,7017,100,7017,1,0
B,F,B,1411,100,1411,1,0
B,G,B,6738,100,6738,1,0
B,H,B,13043,100,13043,1,0
A,C,C,7628,100,7628,1,0
B,C,C,6702,100,6702,1,0
C,D,C,6636,100,6636,1,0
C,E,C,7546,100,7546,1,0
C,F,C,7146,100,7146,1,0
C,G,C,1318,100,1318,1,0
C,H,C,7098,100,7098,1,0
A,D,D,9180,100,9180,1,0
B,D,D,12531,100,12531,1,0
C,D,D,6635,100,6635,1,0
D,E,D,9352,100,9352,1,0
D,F,D,12854,100,12854,1,0
D,G,D,6829,100,6829,1,0
D,H,D,1429,100,1429,1,0
A,E,E,1381,100,1381,1,0
B,E,E,7047,100,7047,1,0
C,E,E,7508,100,7508,1,0
D,E,E,9406,100,9406,1,0
E,F,E,7019,100,7019,1,0
E,G,E,7295,100,7295,1,0
E,H,E,9654,100,9654,1,0
A,F,F,7368,100,7368,1,0
B,F,F,1472,100,1472,1,0
C,F,F,7142,100,7142,1,0
D,F,F,12867,100,12867,1,0
E,F,F,7015,100,7015,1,0
F,G,F,6869,100,6869,1,0
F,H,F,13270,100,13270,1,0
A,G,G,7605,100,7605,1,0
B,G,G,6728,100,6728,1,0
C,G,G,1317,100,1317,1,0
D,G,G,6801,100,6801,1,0
E,G,G,7294,100,7294,1,0
F,G,G,6872,100,6872,1,0
G,H,G,7059,100,7059,1,0
A,H,H,9711,100,9711,1,0
B,H,H,13036,100,13036,1,0
C,H,H,7123,100,7123,1,0
D,H,H,1438,100,1438,1,0
E,H,H,9633,100,9633,1,0
F,H,H,13250,100,13250,1,0
G,H,H,7042,100,7042,1,0
A,B,A,7145,100,7145,1,0
A,C,A,7603,100,7603,1,0
A,D,A,9196,100,9196,1,0
A,E,A,1379,100,1379,1,0
A,F,A,7361,100,7361,1,0
A,G,A,7547,100,7547,1,0
A,H,A,9679,100,9679,1,0
A,B,B,7134,100,7134,1,0
B,C,B,6719,100,6719,1,0
B,D,B,12539,100,12539,1,0
B,E,B,7031,100,7031,1,0
B,F,B,1436,100,1436,1,0
B,G,B,6771,100,6771,1,0
B,H,B,13060,100,13060,1,0
A,C,C,7596,100,7596,1,0
B,C,C,6707,100,6707,1,0
C,D,C,6584,100,6584,1,0
C,E,C,7511,100,7511,1,0
C,F,C,7125,100,7125,1,0
C,G,C,1329,100,1329,1,0
C,H,C,7167,100,7167,1,0
A,D,D,9210,100,9210,1,0
B,D,D,12525,100,12525,1,0
C,D,D,6584,100,6584,1,0
D,E,D,9305,100,9305,1,0
D,F,D,12910,100,12910,1,0
D,G,D,6853,100,6853,1,0
D,H,D,1464,100,1464,1,0
A,E,E,1404,100,1404,1,0
B,E,E,7049,100,7049,1,0
C,E,E,7573,100,7573,1,0
D,E,E,9323,100,9323,1,0
E,F,E,7024,100,7024,1,0
E,G,E,7320,100,7320,1,0
E,H,E,9643,100,9643,1,0
A,F,F,7330,100,7330,1,0
B,F,F,1431,100,1431,1,0
C,F,F,7098,100,7098,1,0
D,F,F,12854,100,12854,1,0
E,F,F,7005,100,7005,1,0
F,G,F,6878,100,6878,1,0
F,H,F,13215,100,13215,1,0
A,G,G,7530,100,7530,1,0
B,G,G,6743,100,6743,1,0
C,G,G,1379,100,1379,1,0
D,G,G,6833,100,6833,1,0
E,G,G,7325,100,7325,1,0
F,G,G,6889,100,6889,1,0
G,H,G,7069,100,7069,1,0
A,H,H,9683,100,9683,1,0
B,H,H,13056,100,13056,1,0
C,H,H,7126,100,7126,1,0
D,H,H,1499,100,1499,1,0
E,H,H,9668,100,9668,1,0
F,H,H,13255,100,13255,1,0
G,H,H,7036,100,7036,1,0
A,B,A,7147,100,7147,1,0
A,C,A,7579,100,7579,1,0
A,D,A,9185,100,9185,1,0
A,E,A,1375,100,1375,1,0
A,F,A,7387,100,7387,1,0
A,G,A,7564,100,7564,1,0
A,H,A,9737,100,9737,1,0
A,B,B,7130,100,7130,1,0
B,C,B,6695,100,6695,1,0
B,D,B,12580,100,12580,1,0
B,E,B,7090,100,7090,1,0
B,F,B,1421,100,1421,1,0
B,G,B,6747,100,6747,1,0
B,H,B,13064,100,13064,1,0
A,C,C,7557,100,7557,1,0
B,C,C,6728,100,6728,1,0
C,D,C,6617,100,6617,1,0
C,E,C,7560,100,7560,1,0
C,F,C,7131,100,7131,1,0
C,G,C,1360,100,1360,1,0
C,H,C,7063,100,7063,1,0
A,D,D,9187,100,9187,1,0
B,D,D,12529,100,12529,1,0
C,D,D,6614,100,6614,1,0
D,E,D,9377,100,9377,1,0
D,F,D,12875,100,12875,1,0
D,G,D,6798,100,6798,1,0
D,H,D,1439,100,1439,1,0
A,E,E,1392,100,1392,1,0
B,E,E,7022,100,7022,1,0
C,E,E,7517,100,7517,1,0
D,E,E,9361,100,9361,1,0
E,F,E,7006,100,7006,1,0
E,G,E,7297,100,7297,1,0
E,H,E,9700,100,9700,1,0
A,F,F,7375,100,7375,1,0
B,F,F,1440,100,1440,1,0
C,F,F,7118,100,7118,1,0
D,F,F,12878,100,12878,1,0
E,F,F,6992,100,6992,1,0
F,G,F,6877,100,6877,1,0
F,H,F,13276,100,13276,1,0
A,G,G,7595,100,7595,1,0
B,G,G,6736,100,6736,1,0
C,G,G,1329,100,1329,1,0
D,G,G,6807,100,6807,1,0
E,G,G,7321,100,7321,1,0
F,G,G,6896,100,6896,1,0
G,H,G,7035,100,7035,1,0
A,H,H,9703,100,9703,1,0
B,H,H,13005,100,13005,1,0
C,H,H,7106,100,7106,1,0
D,H,H,1465,100,1465,1,0
E,H,H,9654,100,9654,1,0
F,H,H,13238,100,13238,1,0
G,H,H,7082,100,7082,1,0
A,B,A,7105,100,7105,1,0
A,C,A,7581,100,7581,1,0
A,D,A,9216,100,9216,1,0
A,E,A,1384,100,1384,1,0
A,F,A,7410,100,7410,1,0
A,G,A,7562,100,7562,1,0
A,H,A,9743,100,9743,1,0
A,B,B,7128,100,7128,1,0
B,C,B,6741,100,6741,1,0
B,D,B,12532,100,12532,1,0
B,E,B,7053,100,7053,1,0
B,F,B,1441,100,1441,1,0
B,G,B,6746,100,6746,1,0
B,H,B,13040,100,13040,1,0
A,C,C,7564,100,7564,1,0
B,C,C,6741,100,6741,1,0
C,D,C,6579,100,6579,1,0
C,E,C,7530,100,7530,1,0
C,F,C,7149,100,7149,1,0
C,G,C,1387,100,1387,1,0
C,H,C,7146,100,7146,1,0
A,D,D,9214,100,9214,1,0
B,D,D,12532,100,12532,1,0
C,D,D,6606,100,6606,1,0
D,E,D,9432,100,9432,1,0
D,F,D,12882,100,12882,1,0
D,G,D,6785,100,6785,1,0
D,H,D,1441,100,1441,1,0
A,E,E,1350,100,1350,1,0
B,E,E,7016,100,7016,1,0
C,E,E,7573,100,7573,1,0
D,E,E,9377,100,9377,1,0
E,F,E,6992,100,6992,1,0
E,G,E,7309,100,7309,1,0
E,H,E,9652,100,9652,1,0
A,F,F,7392,100,7392,1,0
B,F,F,1445,100,1445,1,0
C,F,F,7102,100,7102,1,0
D,F,F,12849,100,12849,1,0
E,F,F,6988,100,6988,1,0
F,G,F,6894,100,6894,1,0
F,H,F,13180,100,13180,1,0
A,G,G,7564,100,7564,1,0
B,G,G,6719,100,6719,1,0
C,G,G,1360,100,1360,1,0
D,G,G,6811,100,6811,1,0
E,G,G,7267,100,7267,1,0
F,G,G,6884,100,6884,1,0
G,H,G,7062,100,7062,1,0
A,H,H,9713,100,9713,1,0
B,H,H,13072,100,13072,1,0
C,H,H,7088,100,7088,1,0
D,H,H,1433,100,1433,1,0
E,H,H,9663,100,9663,1,0
F,H,H,13241,100,13241,1,0
G,H,H,7023,100,7023,1,0
A,B,A,7145,100,7145,1,0
A,C,A,7613,100,7613,1,0
A,D,A,9224,100,9224,1,0
A,E,A,1375,100,1375,1,0
A,F,A,7361,100,7361,1,0
A,G,A,7603,100,7603,1,0
A,H,A,9692,100,9692,1,0
A,B,B,7129,100,7129,1,0
B,C,B,6706,100,6706,1,0
B,D,B,12521,100,12521,1,0
B,E,B,7010,100,7010,1,0
B,F,B,1416,100,1416,1,0
B,G,B,6758,100,6758,1,0
B,H,B,13014,100,13014,1,0
A,C,C,7548,100,7548,1,0
B,C,C,6702,100,6702,1,0
C,D,C,6586,100,6586,1,0
C,E,C,7539,100,7539,1,0
C,F,C,7101,100,7101,1,0
C,G,C,1331,100,1331,1,0
C,H,C,7081,100,7081,1,0
A,D,D,9194,100,9194,1,0
B,D,D,12512,100,12512,1,0
C,D,D,6635,100,6635,1,0
D,E,D,9366,100,9366,1,0
D,F,D,12873,100,12873,1,0
D,G,D,6817,100,6817,1,0
D,H,D,1491,100,1491,1,0
A,E,E,1348,100,1348,1,0
B,E,E,7057,100,7057,1,0
C,E,E,7559,100,7559,1,0
D,E,E,9352,100,9352,1,0
E,F,E,7012,100,7012,1,0
E,G,E,7312,100,7312,1,0
E,H,E,9643,100,9643,1,0
A,F,F,7346,100,7346,1,0
B,F,F,1405,100,1405,1,0
C,F,F,7095,100,7095,1,0
D,F,F,12902,100,12902,1,0
E,F,F,6997,100,6997,1,0
F,G,F,6875,100,6875,1,0
F,H,F,13229,100,13229,1,0
A,G,G,7534,100,7534,1,0
B,G,G,6725,100,6725,1,0
C,G,G,1353,100,1353,1,0
D,G,G,6809,100,6809,1,0
E,G,G,7271,100,7271,1,0
F,G,G,6862,100,6862,1,0
G,H,G,7054,100,7054,1,0
A,H,H,9717,100,9717,1,0
B,H,H,13086,100,13086,1,0
C,H,H,7152,100,7152,1,0
D,H,H,1462,100,1462,1,0
E,H,H,9666,100,9666,1,0
F,H,H,13264,100,13264,1,0
G,H,H,7034,100,7034,1,0
A,B,A,7141,100,7141,1,0
A,C,A,7548,100,7548,1,0
A,D,A,9186,100,9186,1,0
A,E,A,1395,100,1395,1,0
A,F,A,7377,100,7377,1,0
A,G,A,7618,100,7618,1,0
A,H,A,9691,100,9691,1,0
A,B,B,7143,100,7143,1,0
B,C,B,6698,100,6698,1,0
B,D,B,12509,100,12509,1,0
B,E,B,7054,100,7054,1,0
B,F,B,1456,100,1456,1,0
B,G,B,6762,100,6762,1,0
B,H,B,13045,100,13045,1,0
A,C,C,7563,100,7563,1,0
B,C,C,6707,100,6707,1,0
C,D,C,6607,100,6607,1,0
C,E,C,7573,100,7573,1,0
C,F,C,7144,100,7144,1,0
C,G,C,1321,100,1321,1,0
C,H,C,7145,100,7145,1,0
A,D,D,9206,100,9206,1,0
B,D,D,12502,100,12502,1,0
C,D,D,6611,100,6611,1,0
D,E,D,9400,100,9400,1,0
D,F,D,12880,100,12880,1,0
D,G,D,6808,100,6808,1,0
D,H,D,1487,100,1487,1,0
A,E,E,1402,100,1402,1,0
B,E,E,7016,100,7016,1,0
C,E,E,7513,100,7513,1,0
D,E,E,9327,100,9327,1,0
E,F,E,7018,100,7018,1,0
E,G,E,7288,100,7288,1,0
E,H,E,9691,100,9691,1,0
A,F,F,7363,100,7363,1,0
B,F,F,1453,100,1453,1,0
C,F,F,7130,100,7130,1,0
D,F,F,12864,100,12864,1,0
E,F,F,7069,100,7069,1,0
F,G,F,6870,100,6870,1,0
F,H,F,13211,100,13211,1,0
A,G,G,7554,100,7554,1,0
B,G,G,6755,100,6755,1,0
C,G,G,1327,100,1327,1,0
D,G,G,6831,100,6831,1,0
E,G,G,7308,100,7308,1,0
F,G,G,6923,100,6923,1,0
G,H,G,7058,100,7058,1,0
A,H,H,9686,100,9686,1,0
B,H,H,13059,100,13059,1,0
C,H,H,7091,100,7091,1,0
D,H,H,1496,100,1496,1,0
E,H,H,9646,100,9646,1,0
F,H,H,13265,100,13265,1,0
G,H,H,7040,100,7040,1,0
A,B,A,7144,100,7144,1,0
A,C,A,7577,100,7577,1,0
A,D,A,9222,100,9222,1,0
A,E,A,1359,100,1359,1,0
A,F,A,7356,100,7356,1,0
A,G,A,7601,100,7601,1,0
A,H,A,9701,100,9701,1,0
A,B,B,7187,100,7187,1,0
B,C,B,6733,100,6733,1,0
B,D,B,12551,100,12551,1,0
B,E,B,7049,100,7049,1,0
B,F,B,1453,100,1453,1,0
B,G,B,6765,100,6765,1,0
B,H,B,13057,100,13057,1,0
A,C,C,7545,100,7545,1,0
B,C,C,6725,100,6725,1,0
C,D,C,6591,100,6591,1,0
C,E,C,7567,100,7567,1,0
C,F,C,7132,100,7132,1,0
C,G,C,1410,100,1410,1,0
C,H,C,7106,100,7106,1,0
A,D,D,9203,100,9203,1,0
B,D,D,12550,100,12550,1,0
C,D,D,6594,100,6594,1,0
D,E,D,9298,100,9298,1,0
D,F,D,12825,100,12825,1,0
D,G,D,6824,100,6824,1,0
D,H,D,1428,100,1428,1,0
A,E,E,1411,100,1411,1,0
B,E,E,7058,100,7058,1,0
C,E,E,7571,100,7571,1,0
D,E,E,9324,100,9324,1,0
E,F,E,7004,100,7004,1,0
E,G,E,7325,100,7325,1,0
E,H,E,9660,100,9660,1,0
A,F,F,7380,100,7380,1,0
B,F,F,1392,100,1392,1,0
C,F,F,7134,100,7134,1,0
D,F,F,12852,100,12852,1,0
E,F,F,7008,100,7008,1,0
F,G,F,6886,100,6886,1,0
F,H,F,13258,100,13258,1,0
A,G,G,7551,100,7551,1,0
B,G,G,6785,100,6785,1,0
C,G,G,1329,100,1329,1,0
D,G,G,6807,100,6807,1,0
E,G,G,7325,100,7325,1,0
F,G,G,6862,100,6862,1,0
G,H,G,7066,100,7066,1,0
A,H,H,9691,100,9691,1,0
B,H,H,13009,100,13009,1,0
C,H,H,7076,100,7076,1,0
D,H,H,1442,100,1442,1,0
E,H,H,9675,100,9675,1,0
F,H,H,13234,100,13234,1,0
G,H,H,7081,100,7081,1,0
A,B,A,7136,100,7136,1,0
A,C,A,7547,100,7547,1,0
A,D,A,9195,100,9195,1,0
A,E,A,1412,100,1412,1,0
A,F,A,7371,100,7371,1,0
A,G,A,7562,100,7562,1,0
A,H,A,9688,100,9688,1,0
A,B,B,7210,100,7210,1,0
B,C,B,6721,100,6721,1,0
B,D,B,12551,100,12551,1,0
B,E,B,7012,100,7012,1,0
B,F,B,1392,100,1392,1,0
B,G,B,6759,100,6759,1,0
B,H,B,13002,100,13002,1,0
A,C,C,7576,100,7576,1,0
B,C,C,6728,100,6728,1,0
C,D,C,6591,100,6591,1,0
C,E,C,7497,100,7497,1,0
C,F,C,7157,100,7157,1,0
C,G,C,1353,100,1353,1,0
C,H,C,7099,100,7099,1,0
A,D,D,9222,100,9222,1,0
B,D,D,12486,100,12486,1,0
C,D,D,6605,100,6605,1,0
D,E,D,9339,100,9339,1,0
D,F,D,12860,100,12860,1,0
D,G,D,6797,100,6797,1,0
D,H,D,1456,100,1456,1,0
A,E,E,1382,100,1382,1,0
B,E,E,7023,100,7023,1,0
C,E,E,7573,100,7573,1,0
D,E,E,9373,100,9373,1,0
E,F,E,7019,100,7019,1,0
E,G,E,7301,100,7301,1,0
E,H,E,9651,100,9651,1,0
A,F,F,7422,100,7422,1,0
B,F,F,1411,100,1411,1,0
C,F,F,7126,100,7126,1,0
D,F,F,12893,100,12893,1,0
E,F,F,6992,100,6992,1,0
F,G,F,6900,100,6900,1,0
F,H,F,13247,100,13247,1,0
A,G,G,7541,100,7541,1,0
B,G,G,6751,100,6751,1,0
C,G,G,1329,100,1329,1,0
D,G,G,6795,100,6795,1,0
E,G,G,7317,100,7317,1,0
F,G,G,6861,100,6861,1,0
G,H,G,7049,100,7049,1,0
A,H,H,9667,100,9667,1,0
B,H,H,13054,100,13054,1,0
C,H,H,7106,100,7106,1,0
D,H,H,1486,100,1486,1,0
E,H,H,9651,100,9651,1,0
F,H,H,13213,100,13213,1,0
G,H,H,7014,100,7014,1,0
A,B,A,7128,100,7128,1,0
A,C,A,7601,100,7601,1,0
A,D,A,9212,100,9212,1,0
A,E,A,1380,100,1380,1,0
A,F,A,7380,100,7380,1,0
A,G,A,7601,100,7601,1,0
A,H,A,9746,100,9746,1,0
A,B,B,7133,100,7133,1,0
B,C,B,6731,100,6731,1,0
B,D,B,12496,100,12496,1,0
B,E,B,7036,100,7036,1,0
B,F,B,1442,100,1442,1,0
B,G,B,6750,100,6750,1,0
B,H,B,13042,100,13042,1,0
A,C,C,7551,100,7551,1,0
B,C,C,6722,100,6722,1,0
C,D,C,6607,100,6607,1,0
C,E,C,7548,100,7548,1,0
C,F,C,7144,100,7144,1,0
C,G,C,1327,100,1327,1,0
C,H,C,7074,100,7074,1,0
A,D,D,9203,100,9203,1,0
B,D,D,12540,100,12540,1,0
C,D,D,6614,100,6614,1,0
D,E,D,9341,100,9341,1,0
D,F,D,12867,100,12867,1,0
D,G,D,6802,100,6802,1,0
D,H,D,1408,100,1408,1,0
A,E,E,1409,100,1409,1,0
B,E,E,7049,100,7049,1,0
C,E,E,7535,100,7535,1,0
D,E,E,9353,100,9353,1,0
E,F,E,6973,100,6973,1,0
E,G,E,7308,100,7308,1,0
E,H,E,9642,100,9642,1,0
A,F,F,7398,100,7398,1,0
B,F,F,1424,100,1424,1,0
C,F,F,7129,100,7129,1,0
D,F,F,12855,100,12855,1,0
E,F,F,6990,100,6990,1,0
F,G,F,6886,100,6886,1,0
F,H,F,13215,100,13215,1,0
A,G,G,7564,100,7564,1,0
B,G,G,6769,100,6769,1,0
C,G,G,1362,100,1362,1,0
D,G,G,6791,100,6791,1,0
E,G,G,7275,100,7275,1,0
F,G,G,6903,100,6903,1,0
G,H,G,7028,100,7028,1,0
A,H,H,9687,100,9687,1,0
B,H,H,13063,100,13063,1,0
C,H,H,7086,100,7086,1,0
D,H,H,1453,100,1453,1,0
E,H,H,9690,100,9690,1,0
F,H,H,13213,100,13213,1,0
G,H,H,7068,100,7068,1,0
A,B,A,7183,100,7183,1,0
A,C,A,7555,100,7555,1,0
A,D,A,9218,100,9218,1,0
A,E,A,1394,100,1394,1,0
A,F,A,7386,100,7386,1,0
A,G,A,7525,100,7525,1,0
A,H,A,9700,100,9700,1,0
A,B,B,7160,100,7160,1,0
B,C,B,6699,100,6699,1,0
B,D,B,12519,100,12519,1,0
B,E,B,7022,100,7022,1,0
B,F,B,1436,100,1436,1,0
B,G,B,6756,100,6756,1,0
B,H,B,13013,100,13013,1,0
A,C,C,7625,100,7625,1,0
B,C,C,6708,100,6708,1,0
C,D,C,6590,100,6590,1,0
C,E,C,7550,100,7550,1,0
C,F,C,7134,100,7134,1,0
C,G,C,1357,100,1357,1,0
C,H,C,7098,100,7098,1,0
A,D,D,9195,100,9195,1,0
B,D,D,12526,100,12526,1,0
C,D,D,6610,100,6610,1,0
D,E,D,9342,100,9342,1,0
D,F,D,12860,100,12860,1,0
D,G,D,6767,100,6767,1,0
D,H,D,1415,100,1415,1,0
A,E,E,1344,100,1344,1,0
B,E,E,7068,100,7068,1,0
C,E,E,7553,100,7553,1,0
D,E,E,9290,100,9290,1,0
E,F,E,7003,100,7003,1,0
E,G,E,7301,100,7301,1,0
E,H,E,9692,100,9692,1,0
A,F,F,7391,100,7391,1,0
B,F,F,1436,100,1436,1,0
C,F,F,7135,100,7135,1,0
D,F,F,12829,100,12829,1,0
E,F,F,7000,100,7000,1,0
F,G,F,6904,100,6904,1,0
F,H,F,13257,100,13257,1,0
A,G,G,7637,100,7637,1,0
B,G,G,6759,100,6759,1,0
C,G,G,1386,100,1386,1,0
D,G,G,6800,100,6800,1,0
E,G,G,7280,100,7280,1,0
F,G,G,6909,100,6909,1,0
G,H,G,7070,100,7070,1,0
A,H,H,9708,100,9708,1,0
B,H,H,13014,100,13014,1,0
C,H,H,7079,100,7079,1,0
D,H,H,1448,100,1448,1,0
E,H,H,9693,100,9693,1,0
F,H,H,13206,100,13206,1,0
G,H,H,7078,100,7078,1,0
A,B,A,7141,100,7141,1,0
A,C,A,7547,100,7547,1,0
A,D,A,9199,100,9199,1,0
A,E,A,1398,100,1398,1,0
A,F,A,7346,100,7346,1,0
A,G,A,7582,100,7582,1,0
A,H,A,9674,100,9674,1,0
A,B,B,7159,100,7159,1,0
B,C,B,6698,100,6698,1,0
B,D,B,12524,100,12524,1,0
B,E,B,7042,100,7042,1,0
B,F,B,1379,100,1379,1,0
B,G,B,6775,100,6775,1,0
B,H,B,13101,100,13101,1,0
A,C,C,7624,100,7624,1,0
B,C,C,6754,100,6754,1,0
C,D,C,6599,100,6599,1,0
C,E,C,7524,100,7524,1,0
C,F,C,7108,100,7108,1,0
C,G,C,1320,100,1320,1,0
C,H,C,7164,100,7164,1,0
A,D,D,9209,100,9209,1,0
B,D,D,12515,100,12515,1,0
C,D,D,6588,100,6588,1,0
D,E,D,9323,100,9323,1,0
D,F,D,12855,100,12855,1,0
D,G,D,6784,100,6784,1,0
D,H,D,1430,100,1430,1,0
A,E,E,1391,100,1391,1,0
B,E,E,7062,100,7062,1,0
C,E,E,7528,100,7528,1,0
D,E,E,9333,100,9333,1,0
E,F,E,6954,100,6954,1,0
E,G,E,7307,100,7307,1,0
E,H,E,9633,100,9633,1,0
A,F,F,7372,100,7372,1,0
B,F,F,1389,100,1389,1,0
C,F,F,7116,100,7116,1,0
D,F,F,12899,100,12899,1,0
E,F,F,6965,100,6965,1,0
F,G,F,6884,100,6884,1,0
F,H,F,13195,100,13195,1,0
A,G,G,7563,100,7563,1,0
B,G,G,6718,100,6718,1,0
C,G,G,1355,100,1355,1,0
D,G,G,6835,100,6835,1,0
E,G,G,7346,100,7346,1,0
F,G,G,6863,100,6863,1,0
G,H,G,7068,100,7068,1,0
A,H,H,9734,100,9734,1,0
B,H,H,13055,100,13055,1,0
C,H,H,7067,100,7067,1,0
D,H,H,1428,100,1428,1,0
E,H,H,9660,100,9660,1,0
F,H,H,13252,100,13252,1,0
G,H,H,7043,100,7043,1,0
A,B,A,7172,100,7172,1,0
A,C,A,7557,100,7557,1,0
A,D,A,9190,100,9190,1,0
A,E,A,1347,100,1347,1,0
A,F,A,7377,100,7377,1,0
A,G,A,7602,100,7602,1,0
A,H,A,9748,100,9748,1,0
A,B,B,7125,100,7125,1,0
B,C,B,6717,100,6717,1,0
B,D,B,12542,100,12542,1,0
B,E,B,7064,100,7064,1,0
B,F,B,1444,100,1444,1,0
B,G,B,6775,100,6775,1,0
B,H,B,13068,100,13068,1,0
A,C,C,7558,100,7558,1,0
B,C,C,6694,100,6694,1,0
C,D,C,6590,100,6590,1,0
C,E,C,7549,100,7549,1,0
C,F,C,7115,100,7115,1,0
C,G,C,1385,100,1385,1,0
C,H,C,7098,100,7098,1,0
A,D,D,9190,100,9190,1,0
B,D,D,12522,100,12522,1,0
C,D,D,6614,100,6614,1,0
D,E,D,9347,100,9347,1,0
D,F,D,12842,100,12842,1,0
D,G,D,6794,100,6794,1,0
D,H,D,1396,100,1396,1,0
A,E,E,1293,100,1293,1,0
B,E,E,7108,100,7108,1,0
C,E,E,7553,100,7553,1,0
D,E,E,9381,100,9381,1,0
E,F,E,7006,100,7006,1,0
E,G,E,7324,100,7324,1,0
E,H,E,9664,100,9664,1,0
A,F,F,7431,100,7431,1,0
B,F,F,1435,100,1435,1,0
C,F,F,7138,100,7138,1,0
D,F,F,12873,100,12873,1,0
E,F,F,6999,100,6999,1,0
F,G,F,6896,100,6896,1,0
F,H,F,13216,100,13216,1,0
A,G,G,7610,100,7610,1,0
B,G,G,6796,100,6796,1,0
C,G,G,1353,100,1353,1,0
D,G,G,6829,100,6829,1,0
E,G,G,7283,100,7283,1,0
F,G,G,6864,100,6864,1,0
G,H,G,7048,100,7048,1,0
A,H,H,9695,100,9695,1,0
B,H,H,13049,100,13049,1,0
C,H,H,7118,100,7118,1,0
D,H,H,1445,100,1445,1,0
E,H,H,9659,100,9659,1,0
F,H,H,13231,100,13231,1,0
G,H,H,7056,100,7056,1,0
A,B,A,7148,100,7148,1,0
A,C,A,7564,100,7564,1,0
A,D,A,9209,100,9209,1,0
A,E,A,1360,100,1360,1,0
A,F,A,7385,100,7385,1,0
A,G,A,7571,100,7571,1,0
A,H,A,9682,100,9682,1,0
A,B,B,7189,100,7189,1,0
B,C,B,6729,100,6729,1,0
B,D,B,12551,100,12551,1,0
B,E,B,7061,100,7061,1,0
B,F,B,1438,100,1438,1,0
B,G,B,6750,100,6750,1,0
B,H,B,13103,100,13103,1,0
A,C,C,7540,100,7540,1,0
B,C,C,6704,100,6704,1,0
C,D,C,6622,100,6622,1,0
C,E,C,7558,100,7558,1,0
C,F,C,7128,100,7128,1,0
C,G,C,1375,100,1375,1,0
C,H,C,7119,100,7119,1,0
A,D,D,9196,100,9196,1,0
B,D,D,12527,100,12527,1,0
C,D,D,6600,100,6600,1,0
D,E,D,9283,100,9283,1,0
D,F,D,12889,100,12889,1,0
D,G,D,6817,100,6817,1,0
D,H,D,1480,100,1480,1,0
A,E,E,1361,100,1361,1,0
B,E,E,7045,100,7045,1,0
C,E,E,7564,100,7564,1,0
D,E,E,9380,100,9380,1,0
E,F,E,7005,100,7005,1,0
E,G,E,7314,100,7314,1,0
E,H,E,9668,100,9668,1,0
A,F,F,7398,100,7398,1,0
B,F,F,1419,100,1419,1,0
C,F,F,7144,100,7144,1,0
D,F,F,12878,100,12878,1,0
E,F,F,7022,100,7022,1,0
F,G,F,6873,100,6873,1,0
F,H,F,13224,100,13224,1,0
A,G,G,7574,100,7574,1,0
B,G,G,6697,100,6697,1,0
C,G,G,1365,100,1365,1,0
D,G,G,6807,100,6807,1,0
E,G,G,7320,100,7320,1,0
F,G,G,6883,100,6883,1,0
G,H,G,7033,100,7033,1,0
A,H,H,9692,100,9692,1,0
B,H,H,13042,100,13042,1,0
C,H,H,7093,100,7093,1,0
D,H,H,1492,100,1492,1,0
E,H,H,9661,100,9661,1,0
F,H,H,13288,100,13288,1,0
G,H,H,7019,100,7019,1,0
A,B,A,7152,100,7152,1,0
A,C,A,7558,100,7558,1,0
A,D,A,9190,100,9190,1,0
A,E,A,1396,100,1396,1,0
A,F,A,7372,100,7372,1,0
A,G,A,7578,100,7578,1,0
A,H,A,9684,100,9684,1,0
A,B,B,7152,100,7152,1,0
B,C,B,6734,100,6734,1,0
B,D,B,12521,100,12521,1,0
B,E,B,7054,100,7054,1,0
B,F,B,1420,100,1420,1,0
B,G,B,6740,100,6740,1,0
B,H,B,13021,100,13021,1,0
A,C,C,7555,100,7555,1,0
B,C,C,6701,100,6701,1,0
C,D,C,6613,100,6613,1,0
C,E,C,7535,100,7535,1,0
C,F,C,7118,100,7118,1,0
C,G,C,1312,100,1312,1,0
C,H,C,7137,100,7137,1,0
A,D,D,9192,100,9192,1,0
B,D,D,12541,100,12541,1,0
C,D,D,6624,100,6624,1,0
D,E,D,9309,100,9309,1,0
D,F,D,12833,100,12833,1,0
D,G,D,6815,100,6815,1,0
D,H,D,1429,100,1429,1,0
A,E,E,1359,100,1359,1,0
B,E,E,7074,100,7074,1,0
C,E,E,7517,100,7517,1,0
D,E,E,9356,100,9356,1,0
E,F,E,6970,100,6970,1,0
E,G,E,7294,100,7294,1,0
E,H,E,9703,100,9703,1,0
A,F,F,7364,100,7364,1,0
B,F,F,1458,100,1458,1,0
C,F,F,7134,100,7134,1,0
D,F,F,12891,100,12891,1,0
E,F,F,6989,100,6989,1,0
F,G,F,6908,100,6908,1,0
F,H,F,13289,100,13289,1,0
A,G,G,7619,100,7619,1,0
B,G,G,6759,100,6759,1,0
C,G,G,1349,100,1349,1,0
D,G,G,6837,100,6837,1,0
E,G,G,7342,100,7342,1,0
F,G,G,6910,100,6910,1,0
G,H,G,7084,100,7084,1,0
A,H,H,9718,100,9718,1,0
B,H,H,13039,100,13039,1,0
C,H,H,7047,100,7047,1,0
D,H,H,1445,100,1445,1,0
E,H,H,9678,100,9678,1,0
F,H,H,13252,100,13252,1,0
G,H,H,7030,100,7030,1,0
A,B,A,7149,100,7149,1,0
A,C,A,7617,100,7617,1,0
A,D,A,9227,100,9227,1,0
A,E,A,1404,100,1404,1,0
A,F,A,7406,100,7406,1,0
A,G,A,7556,100,7556,1,0
A,H,A,9678,100,9678,1,0
A,B,B,7189,100,7189,1,0
B,C,B,6689,100,6689,1,0
B,D,B,12533,100,12533,1,0
B,E,B,7027,100,7027,1,0
B,F,B,1427,100,1427,1,0
B,G,B,6751,100,6751,1,0
B,H,B,13053,100,13053,1,0
A,C,C,7528,100,7528,1,0
B,C,C,6749,100,6749,1,0
C,D,C,6658,100,6658,1,0
C,E,C,7558,100,7558,1,0
C,F,C,7113,100,7113,1,0
C,G,C,1325,100,1325,1,0
C,H,C,7110,100,7110,1,0
A,D,D,9211,100,9211,1,0
B,D,D,12562,100,12562,1,0
C,D,D,6609,100,6609,1,0
D,E,D,9304,100,9304,1,0
D,F,D,12852,100,12852,1,0
D,G,D,6771,100,6771,1,0
D,H,D,1437,100,1437,1,0
A,E,E,1342,100,1342,1,0
B,E,E,7038,100,7038,1,0
C,E,E,7579,100,7579,1,0
D,E,E,9362,100,9362,1,0
E,F,E,6980,100,6980,1,0
E,G,E,7308,100,7308,1,0
E,H,E,9668,100,9668,1,0
A,F,F,7395,100,7395,1,0
B,F,F,1444,100,1444,1,0
C,F,F,7134,100,7134,1,0
D,F,F,12886,100,12886,1,0
E,F,F,6997,100,6997,1,0
F,G,F,6873,100,6873,1,0
F,H,F,13175,100,13175,1,0
A,G,G,7597,100,7597,1,0
B,G,G,6800,100,6800,1,0
C,G,G,1288,100,1288,1,0
D,G,G,6805,100,6805,1,0
E,G,G,7308,100,7308,1,0
F,G,G,6894,100,6894,1,0
G,H,G,7039,100,7039,1,0
A,H,H,9690,100,9690,1,0
B,H,H,13004,100,13004,1,0
C,H,H,7098,100,7098,1,0
D,H,H,1386,100,1386,1,0
E,H,H,9671,100,9671,1,0
F,H,H,13249,100,13249,1,0
G,H,H,7034,100,7034,1,0
A,B,A,7159,100,7159,1,0
A,C,A,7605,100,7605,1,0
A,D,A,9226,100,9226,1,0
A,E,A,1360,100,1360,1,0
A,F,A,7396,100,7396,1,0
A,G,A,7572,100,7572,1,0
A,H,A,9696,100,9696,1,0
A,B,B,7182,100,7182,1,0
B,C,B,6691,100,6691,1,0
B,D,B,12498,100,12498,1,0
B,E,B,7073,100,7073,1,0
B,F,B,1414,100,1414,1,0
B,G,B,6768,100,6768,1,0
B,H,B,13106,100,13106,1,0
A,C,C,7594,100,7594,1,0
B,C,C,6692,100,6692,1,0
C,D,C,6569,100,6569,1,0
C,E,C,7529,100,7529,1,0
C,F,C,7118,100,7118,1,0
C,G,C,1348,100,1348,1,0
C,H,C,7101,100,7101,1,0
A,D,D,9171,100,9171,1,0
B,D,D,12480,100,12480,1,0
C,D,D,6632,100,6632,1,0
D,E,D,9289,100,9289,1,0
D,F,D,12903,100,12903,1,0
D,G,D,6815,100,6815,1,0
D,H,D,1469,100,1469,1,0
A,E,E,1404,100,1404,1,0
B,E,E,7056,100,7056,1,0
C,E,E,7549,100,7549,1,0
D,E,E,9367,100,9367,1,0
E,F,E,7047,100,7047,1,0
E,G,E,7311,100,7311,1,0
E,H,E,9700,100,9700,1,0
A,F,F,7399,100,7399,1,0
B,F,F,1429,100,1429,1,0
C,F,F,7147,100,7147,1,0
D,F,F,12834,100,12834,1,0
E,F,F,6989,100,6989,1,0
F,G,F,6897,100,6897,1,0
F,H,F,13272,100,13272,1,0
A,G,G,7563,100,7563,1,0
B,G,G,6768,100,6768,1,0
C,G,G,1358,100,1358,1,0
D,G,G,6808,100,6808,1,0
E,G,G,7285,100,7285,1,0
F,G,G,6881,100,6881,1,0
G,H,G,7027,100,7027,1,0
A,H,H,9689,100,9689,1,0
B,H,H,13017,100,13017,1,0
C,H,H,7131,100,7131,1,0
D,H,H,1456,100,1456,1,0
E,H,H,9665,100,9665,1,0
F,H,H,13210,100,13210,1,0
G,H,H,7085,100,7085,1,0
A,B,A,7136,100,7136,1,0
A,C,A,7538,100,7538,1,0
A,D,A,9218,100,9218,1,0
A,E,A,1378,100,1378,1,0
A,F,A,7391,100,7391,1,0
A,G,A,7571,100,7571,1,0
A,H,A,9751,100,9751,1,0
A,B,B,7151,100,7151,1,0
B,C,B,6684,100,6684,1,0
B,D,B,12475,100,12475,1,0
B,E,B,7039,100,7039,1,0
B,F,B,1429,100,1429,1,0
B,G,B,6775,100,6775,1,0
B,H,B,13004,100,13004,1,0
A,C,C,7587,100,7587,1,0
B,C,C,6693,100,6693,1,0
C,D,C,6621,100,6621,1,0
C,E,C,7535,100,7535,1,0
C,F,C,7114,100,7114,1,0
C,G,C,1344,100,1344,1,0
C,H,C,7167,100,7167,1,0
A,D,D,9192,100,9192,1,0
B,D,D,12530,100,12530,1,0
C,D,D,6616,100,6616,1,0
D,E,D,9303,100,9303,1,0
D,F,D,12851,100,12851,1,0
D,G,D,6795,100,6795,1,0
D,H,D,1431,100,1431,1,0
A,E,E,1401,100,1401,1,0
B,E,E,7070,100,7070,1,0
C,E,E,7559,100,7559,1,0
D,E,E,9317,100,9317,1,0
E,F,E,7033,100,7033,1,0
E,G,E,7305,100,7305,1,0
E,H,E,9714,100,9714,1,0
A,F,F,7350,100,7350,1,0
B,F,F,1396,100,1396,1,0
C,F,F,7115,100,7115,1,0
D,F,F,12881,100,12881,1,0
E,F,F,7024,100,7024,1,0
F,G,F,6865,100,6865,1,0
F,H,F,13260,100,13260,1,0
A,G,G,7569,100,7569,1,0
B,G,G,6781,100,6781,1,0
C,G,G,1364,100,1364,1,0
D,G,G,6828,100,6828,1,0
E,G,G,7299,100,7299,1,0
F,G,G,6882,100,6882,1,0
G,H,G,7048,100,7048,1,0
A,H,H,9674,100,9674,1,0
B,H,H,13007,100,13007,1,0
C,H,H,7114,100,7114,1,0
D,H,H,1527,100,1527,1,0
E,H,H,9651,100,9651,1,0
F,H,H,13289,100,13289,1,0
G,H,H,7020,100,7020,1,0
A,B,A,7124,100,7124,1,0
A,C,A,7555,100,7555,1,0
A,D,A,9205,100,9205,1,0
A,E,A,1353,100,1353,1,0
A,F,A,7404,100,7404,1,0
A,G,A,7587,100,7587,1,0
A,H,A,9688,100,9688,1,0
A,B,B,7199,100,7199,1,0
B,C,B,6713,100,6713,1,0
B,D,B,12500,100,12500,1,0
B,E,B,7024,100,7024,1,0
B,F,B,1433,100,1433,1,0
B,G,B,6736,100,6736,1,0
B,H,B,13078,100,13078,1,0
A,C,C,7569,100,7569,1,0
B,C,C,6716,100,6716,1,0
C,D,C,6631,100,6631,1,0
C,E,C,7584,100,7584,1,0
C,F,C,7123,100,7123,1,0
C,G,C,1388,100,1388,1,0
C,H,C,7106,100,7106,1,0
A,D,D,9189,100,9189,1,0
B,D,D,12508,100,12508,1,0
C,D,D,6594,100,6594,1,0
D,E,D,9370,100,9370,1,0
D,F,D,12880,100,12880,1,0
D,G,D,6832,100,6832,1,0
D,H,D,1465,100,1465,1,0
A,E,E,1323,100,1323,1,0
B,E,E,7008,100,7008,1,0
C,E,E,7570,100,7570,1,0
D,E,E,9346,100,9346,1,0
E,F,E,7007,100,7007,1,0
E,G,E,7330,100,7330,1,0
E,H,E,9662,100,9662,1,0
A,F,F,7412,100,7412,1,0
B,F,F,1438,100,1438,1,0
C,F,F,7097,100,7097,1,0
D,F,F,12890,100,12890,1,0
E,F,F,7033,100,7033,1,0
F,G,F,6893,100,6893,1,0
F,H,F,13250,100,13250,1,0
A,G,G,7581,100,7581,1,0
B,G,G,6728,100,6728,1,0
C,G,G,1393,100,1393,1,0
D,G,G,6772,100,6772,1,0
E,G,G,7301,100,7301,1,0
F,G,G,6876,100,6876,1,0
G,H,G,7048,100,7048,1,0
A,H,H,9696,100,9696,1,0
B,H,H,13029,100,13029,1,0
C,H,H,7131,100,7131,1,0
D,H,H,1495,100,1495,1,0
E,H,H,9635,100,9635,1,0
F,H,H,13255,100,13255,1,0
G,H,H,7025,100,7025,1,0
A,B,A,7115,100,7115,1,0
A,C,A,7561,100,7561,1,0
A,D,A,9199,100,9199,1,0
A,E,A,1355,100,1355,1,0
A,F,A,7356,100,7356,1,0
A,G,A,7570,100,7570,1,0
A,H,A,9732,100,9732,1,0
A,B,B,7148,100,7148,1,0
B,C,B,6756,100,6756,1,0
B,D,B,12506,100,12506,1,0
B,E,B,7048,100,7048,1,0
B,F,B,1437,100,1437,1,0
B,G,B,6780,100,6780,1,0
B,H,B,12999,100,12999,1,0
A,C,C,7560,100,7560,1,0
B,C,C,6706,100,6706,1,0
C,D,C,6600,100,6600,1,0
C,E,C,7570,100,7570,1,0
C,F,C,7119,100,7119,1,0
C,G,C,1381,100,1381,1,0
C,H,C,7091,100,7091,1,0
A,D,D,9184,100,9184,1,0
B,D,D,12507,100,12507,1,0
C,D,D,6604,100,6604,1,0
D,E,D,9318,100,9318,1,0
D,F,D,12844,100,12844,1,0
D,G,D,6803,100,6803,1,0
D,H,D,1505,100,1505,1,0
A,E,E,1338,100,1338,1,0
B,E,E,7107,100,7107,1,0
C,E,E,7522,100,7522,1,0
D,E,E,9377,100,9377,1,0
E,F,E,7018,100,7018,1,0
E,G,E,7295,100,7295,1,0
E,H,E,9615,100,9615,1,0
A,F,F,7374,100,7374,1,0
B,F,F,1419,100,1419,1,0
C,F,F,7107,100,7107,1,0
D,F,F,12870,100,12870,1,0
E,F,F,6992,100,6992,1,0
F,G,F,6887,100,6887,1,0
F,H,F,13250,100,13250,1,0
A,G,G,7616,100,7616,1,0
B,G,G,6750,100,6750,1,0
C,G,G,1403,100,1403,1,0
D,G,G,6815,100,6815,1,0
E,G,G,7344,100,7344,1,0
F,G,G,6880,100,6880,1,0
G,H,G,7041,100,7041,1,0
A,H,H,9704,100,9704,1,0
B,H,H,13035,100,13035,1,0
C,H,H,7099,100,7099,1,0
D,H,H,1450,100,1450,1,0
E,H,H,9637,100,9637,1,0
F,H,H,13272,100,13272,1,0
G,H,H,7034,100,7034,1,0
A,B,A,7117,100,7117,1,0
A,C,A,7564,100,7564,1,0
A,D,A,9205,100,9205,1,0
A,E,A,1327,100,1327,1,0
A,F,A,7351,100,7351,1,0
A,G,A,7545,100,7545,1,0
A,H,A,9724,100,9724,1,0
A,B,B,7152,100,7152,1,0
B,C,B,6718,100,6718,1,0
B,D,B,12530,100,12530,1,0
B,E,B,7051,100,7051,1,0
B,F,B,1450,100,1450,1,0
B,G,B,6765,100,6765,1,0
B,H,B,13069,100,13069,1,0
A,C,C,7579,100,7579,1,0
B,C,C,6709,100,6709,1,0
C,D,C,6621,100,6621,1,0
C,E,C,7543,100,7543,1,0
C,F,C,7129,100,7129,1,0
C,G,C,1355,100,1355,1,0
C,H,C,7138,100,7138,1,0
A,D,D,9194,100,9194,1,0
B,D,D,12550,100,12550,1,0
C,D,D,6579,100,6579,1,0
D,E,D,9394,100,9394,1,0
D,F,D,12887,100,12887,1,0
D,G,D,6756,100,6756,1,0
D,H,D,1438,100,1438,1,0
A,E,E,1417,100,1417,1,0
B,E,E,7061,100,7061,1,0
C,E,E,7539,100,7539,1,0
D,E,E,9346,100,9346,1,0
E,F,E,7021,100,7021,1,0
E,G,E,7297,100,7297,1,0
E,H,E,9602,100,9602,1,0
A,F,F,7371,100,7371,1,0
B,F,F,1434,100,1434,1,0
C,F,F,7144,100,7144,1,0
D,F,F,12892,100,12892,1,0
E,F,F,7008,100,7008,1,0
F,G,F,6894,100,6894,1,0
F,H,F,13246,100,13246,1,0
A,G,G,7622,100,7622,1,0
B,G,G,6749,100,6749,1,0
C,G,G,1345,100,1345,1,0
D,G,G,6815,100,6815,1,0
E,G,G,7320,100,7320,1,0
F,G,G,6871,100,6871,1,0
G,H,G,7063,100,7063,1,0
A,H,H,9681,100,9681,1,0
B,H,H,13033,100,13033,1,0
C,H,H,7114,100,7114,1,0
D,H,H,1463,100,1463,1,0
E,H,H,9682,100,9682,1,0
F,H,H,13261,100,13261,1,0
G,H,H,7054,100,7054,1,0
A,B,A,7122,100,7122,1,0
A,C,A,7600,100,7600,1,0
A,D,A,9212,100,9212,1,0
A,E,A,1332,100,1332,1,0
A,F,A,7381,100,7381,1,0
A,G,A,7490,100,7490,1,0
A,H,A,9713,100,9713,1,0
A,B,B,7159,100,7159,1,0
B,C,B,6680,100,6680,1,0
B,D,B,12558,100,12558,1,0
B,E,B,7066,100,7066,1,0
B,F,B,1444,100,1444,1,0
B,G,B,6755,100,6755,1,0
B,H,B,13046,100,13046,1,0
A,C,C,7620,100,7620,1,0
B,C,C,6714,100,6714,1,0
C,D,C,6609,100,6609,1,0
C,E,C,7575,100,7575,1,0
C,F,C,7127,100,7127,1,0
C,G,C,1352,100,1352,1,0
C,H,C,7114,100,7114,1,0
A,D,D,9188,100,9188,1,0
B,D,D,12539,100,12539,1,0
C,D,D,6568,100,6568,1,0
D,E,D,9369,100,9369,1,0
D,F,D,12866,100,12866,1,0
D,G,D,6808,100,6808,1,0
D,H,D,1420,100,1420,1,0
A,E,E,1336,100,1336,1,0
B,E,E,7039,100,7039,1,0
C,E,E,7535,100,7535,1,0
D,E,E,9314,100,9314,1,0
E,F,E,7027,100,7027,1,0
E,G,E,7285,100,7285,1,0
E,H,E,9621,100,9621,1,0
A,F,F,7357,100,7357,1,0
B,F,F,1397,100,1397,1,0
C,F,F,7142,100,7142,1,0
D,F,F,12894,100,12894,1,0
E,F,F,7017,100,7017,1,0
F,G,F,6914,100,6914,1,0
F,H,F,13231,100,13231,1,0
A,G,G,7608,100,7608,1,0
B,G,G,6803,100,6803,1,0
C,G,G,1356,100,1356,1,0
D,G,G,6865,100,6865,1,0
E,G,G,7317,100,7317,1,0
F,G,G,6868,100,6868,1,0
G,H,G,7058,100,7058,1,0
A,H,H,9713,100,9713,1,0
B,H,H,13051,100,13051,1,0
C,H,H,7144,100,7144,1,0
D,H,H,1517,100,1517,1,0
E,H,H,9659,100,9659,1,0
F,H,H,13260,100,13260,1,0
G,H,H,7036,100,7036,1,0
A,B,A,7209,100,7209,1,0
A,C,A,7622,100,7622,1,0
A,D,A,9198,100,9198,1,0
A,E,A,1401,100,1401,1,0
A,F,A,7381,100,7381,1,0
A,G,A,7594,100,7594,1,0
A,H,A,9710,100,9710,1,0
A,B,B,7203,100,7203,1,0
B,C,B,6738,100,6738,1,0
B,D,B,12511,100,12511,1,0
B,E,B,7062,100,7062,1,0
B,F,B,1422,100,1422,1,0
B,G,B,6778,100,6778,1,0
B,H,B,13090,100,13090,1,0
A,C,C,7600,100,7600,1,0
B,C,C,6709,100,6709,1,0
C,D,C,6611,100,6611,1,0
C,E,C,7547,100,7547,1,0
C,F,C,7129,100,7129,1,0
C,G,C,1322,100,1322,1,0
C,H,C,7121,100,7121,1,0
A,D,D,9187,100,9187,1,0
B,D,D,12523,100,12523,1,0
C,D,D,6594,100,6594,1,0
D,E,D,9372,100,9372,1,0
D,F,D,12875,100,12875,1,0
D,G,D,6776,100,6776,1,0
D,H,D,1437,100,1437,1,0
A,E,E,1345,100,1345,1,0
B,E,E,7063,100,7063,1,0
C,E,E,7540,100,7540,1,0
D,E,E,9325,100,9325,1,0
E,F,E,6977,100,6977,1,0
E,G,E,7283,100,7283,1,0
E,H,E,9648,100,9648,1,0
A,F,F,7350,100,7350,1,0
B,F,F,1448,100,1448,1,0
C,F,F,7111,100,7111,1,0
D,F,F,12911,100,12911,1,0
E,F,F,7061,100,7061,1,0
F,G,F,6896,100,6896,1,0
F,H,F,13231,100,13231,1,0
A,G,G,7572,100,7572,1,0
B,G,G,6777,100,6777,1,0
C,G,G,1327,100,1327,1,0
D,G,G,6797,100,6797,1,0
E,G,G,7321,100,7321,1,0
F,G,G,6899,100,6899,1,0
G,H,G,7004,100,7004,1,0
A,H,H,9736,100,9736,1,0
B,H,H,13061,100,13061,1,0
C,H,H,7123,100,7123,1,0
D,H,H,1424,100,1424,1,0
E,H,H,9642,100,9642,1,0
F,H,H,13213,100,13213,1,0
G,H,H,7072,100,7072,1,0
A,B,A,7130,100,7130,1,0
A,C,A,7559,100,7559,1,0
A,D,A,9183,100,9183,1,0
A,E,A,1346,100,1346,1,0
A,F,A,7415,100,7415,1,0
A,G,A,7566,100,7566,1,0
A,H,A,9709,100,9709,1,0
A,B,B,7157,100,7157,1,0
B,C,B,6714,100,6714,1,0
B,D,B,12578,100,12578,1,0
B,E,B,7023,100,7023,1,0
B,F,B,1432,100,1432,1,0
B,G,B,6761,100,6761,1,0
B,H,B,13022,100,13022,1,0
A,C,C,7565,100,7565,1,0
B,C,C,6722,100,6722,1,0
C,D,C,6600,100,6600,1,0
C,E,C,7559,100,7559,1,0
C,F,C,7124,100,7124,1,0
C,G,C,1388,100,1388,1,0
C,H,C,7074,100,7074,1,0
A,D,D,9192,100,9192,1,0
B,D,D,12554,100,12554,1,0
C,D,D,6612,100,6612,1,0
D,E,D,9371,100,9371,1,0
D,F,D,12888,100,12888,1,0
D,G,D,6828,100,6828,1,0
D,H,D,1416,100,1416,1,0
A,E,E,1362,100,1362,1,0
B,E,E,7007,100,7007,1,0
C,E,E,7563,100,7563,1,0
D,E,E,9396,100,9396,1,0
E,F,E,7011,100,7011,1,0
E,G,E,7296,100,7296,1,0
E,H,E,9680,100,9680,1,0
A,F,F,7379,100,7379,1,0
B,F,F,1411,100,1411,1,0
C,F,F,7132,100,7132,1,0
D,F,F,12895,100,12895,1,0
E,F,F,6987,100,6987,1,0
F,G,F,6873,100,6873,1,0
F,H,F,13213,100,13213,1,0
A,G,G,7604,100,7604,1,0
B,G,G,6732,100,6732,1,0
C,G,G,1349,100,1349,1,0
D,G,G,6823,100,6823,1,0
E,G,G,7279,100,7279,1,0
F,G,G,6853,100,6853,1,0
G,H,G,7076,100,7076,1,0
A,H,H,9661,100,9661,1,0
B,H,H,13049,100,13049,1,0
C,H,H,7086,100,7086,1,0
D,H,H,1435,100,1435,1,0
E,H,H,9656,100,9656,1,0
F,H,H,13208,100,13208,1,0
G,H,H,7032,100,7032,1,0
A,B,A,7146,100,7146,1,0
A,C,A,7603,100,7603,1,0
A,D,A,9198,100,9198,1,0
A,E,A,1389,100,1389,1,0
A,F,A,7388,100,7388,1,0
A,G,A,7580,100,7580,1,0
A,H,A,9712,100,9712,1,0
A,B,B,7126,100,7126,1,0
B,C,B,6732,100,6732,1,0
B,D,B,12550,100,12550,1,0
B,E,B,7051,100,7051,1,0
B,F,B,1371,100,1371,1,0
B,G,B,6769,100,6769,1,0
B,H,B,13062,100,13062,1,0
A,C,C,7570,100,7570,1,0
B,C,C,6712,100,6712,1,0
C,D,C,6608,100,6608,1,0
C,E,C,7576,100,7576,1,0
C,F,C,7103,100,7103,1,0
C,G,C,1368,100,1368,1,0
C,H,C,7119,100,7119,1,0
A,D,D,9207,100,9207,1,0
B,D,D,12473,100,12473,1,0
C,D,D,6658,100,6658,1,0
D,E,D,9362,100,9362,1,0
D,F,D,12849,100,12849,1,0
D,G,D,6803,100,6803,1,0
D,H,D,1399,100,1399,1,0
A,E,E,1411,100,1411,1,0
B,E,E,7029,100,7029,1,0
C,E,E,7521,100,7521,1,0
D,E,E,9437,100,9437,1,0
E,F,E,6991,100,6991,1,0
E,G,E,7308,100,7308,1,0
E,H,E,9640,100,9640,1,0
A,F,F,7365,100,7365,1,0
B,F,F,1417,100,1417,1,0
C,F,F,7136,100,7136,1,0
D,F,F,12855,100,12855,1,0
E,F,F,7029,100,7029,1,0
F,G,F,6871,100,6871,1,0
F,H,F,13208,100,13208,1,0
A,G,G,7582,100,7582,1,0
B,G,G,6774,100,6774,1,0
C,G,G,1364,100,1364,1,0
D,G,G,6783,100,6783,1,0
E,G,G,7330,100,7330,1,0
F,G,G,6895,100,6895,1,0
G,H,G,7036,100,7036,1,0
A,H,H,9651,100,9651,1,0
B,H,H,13036,100,13036,1,0
C,H,H,7127,100,7127,1,0
D,H,H,1508,100,1508,1,0
E,H,H,9684,100,9684,1,0
F,H,H,13253,100,13253,1,0
G,H,H,7069,100,7069,1,0
A,B,A,7138,100,7138,1,0
A,C,A,7555,100,7555,1,0
A,D,A,9218,100,9218,1,0
A,E,A,1374,100,1374,1,0
A,F,A,7380,100,7380,1,0
A,G,A,7587,100,7587,1,0
A,H,A,9716,100,9716,1,0
A,B,B,7186,100,7186,1,0
B,C,B,6707,100,6707,1,0
B,D,B,12520,100,12520,1,0
B,E,B,7045,100,7045,1,0
B,F,B,1443,100,1443,1,0
B,G,B,6755,100,6755,1,0
B,H,B,13093,100,13093,1,0
A,C,C,7601,100,7601,1,0
B,C,C,6706,100,6706,1,0
C,D,C,6625,100,6625,1,0
C,E,C,7545,100,7545,1,0
C,F,C,7103,100,7103,1,0
C,G,C,1382,100,1382,1,0
C,H,C,7109,100,7109,1,0
A,D,D,9180,100,9180,1,0
B,D,D,12563,100,12563,1,0
C,D,D,6620,100,6620,1,0
D,E,D,9356,100,9356,1,0
D,F,D,12881,100,12881,1,0
D,G,D,6803,100,6803,1,0
D,H,D,1424,100,1424,1,0
A,E,E,1393,100,1393,1,0
B,E,E,7030,100,7030,1,0
C,E,E,7516,100,7516,1,0
D,E,E,9320,100,9320,1,0
E,F,E,7004,100,7004,1,0
E,G,E,7283,100,7283,1,0
E,H,E,9707,100,9707,1,0
A,F,F,7409,100,7409,1,0
B,F,F,1425,100,1425,1,0
C,F,F,7121,100,7121,1,0
D,F,F,12871,100,12871,1,0
E,F,F,6992,100,6992,1,0
F,G,F,6878,100,6878,1,0
F,H,F,13269,100,13269,1,0
A,G,G,7577,100,7577,1,0
B,G,G,6766,100,6766,1,0
C,G,G,1335,100,1335,1,0
D,G,G,6838,100,6838,1,0
E,G,G,7318,100,7318,1,0
F,G,G,6889,100,6889,1,0
G,H,G,7035,100,7035,1,0
A,H,H,9703,100,9703,1,0
B,H,H,13029,100,13029,1,0
C,H,H,7098,100,7098,1,0
D,H,H,1468,100,1468,1,0
E,H,H,9650,100,9650,1,0
F,H,H,13248,100,13248,1,0
G,H,H,7049,100,7049,1,0
A,B,A,7146,100,7146,1,0
A,C,A,7547,100,7547,1,0
A,D,A,9196,100,9196,1,0
A,E,A,1370,100,1370,1,0
A,F,A,7381,100,7381,1,0
A,G,A,7550,100,7550,1,0
A,H,A,9735,100,9735,1,0
A,B,B,7150,100,7150,1,0
B,C,B,6705,100,6705,1,0
B,D,B,12518,100,12518,1,0
B,E,B,7009,100,7009,1,0
B,F,B,1425,100,1425,1,0
B,G,B,6756,100,6756,1,0
B,H,B,13034,100,13034,1,0
A,C,C,7543,100,7543,1,0
B,C,C,6742,100,6742,1,0
C,D,C,6608,100,6608,1,0
C,E,C,7492,100,7492,1,0
C,F,C,7112,100,7112,1,0
C,G,C,1336,100,1336,1,0
C,H,C,7124,100,7124,1,0
A,D,D,9186,100,9186,1,0
B,D,D,12502,100,12502,1,0
C,D,D,6599,100,6599,1,0
D,E,D,9372,100,9372,1,0
D,F,D,12828,100,12828,1,0
D,G,D,6806,100,6806,1,0
D,H,D,1486,100,1486,1,0
A,E,E,1373,100,1373,1,0
B,E,E,7011,100,7011,1,0
C,E,E,7537,100,7537,1,0
D,E,E,9385,100,9385,1,0
E,F,E,7039,100,7039,1,0
E,G,E,7307,100,7307,1,0
E,H,E,9653,100,9653,1,0
A,F,F,7394,100,7394,1,0
B,F,F,1450,100,1450,1,0
C,F,F,7104,100,7104,1,0
D,F,F,12871,100,12871,1,0
E,F,F,7030,100,7030,1,0
F,G,F,6866,100,6866,1,0
F,H,F,13201,100,13201,1,0
A,G,G,7562,100,7562,1,0
B,G,G,6774,100,6774,1,0
C,G,G,1310,100,1310,1,0
D,G,G,6826,100,6826,1,0
E,G,G,7298,100,7298,1,0
F,G,G,6883,100,6883,1,0
G,H,G,7051,100,7051,1,0
A,H,H,9700,100,9700,1,0
B,H,H,13023,100,13023,1,0
C,H,H,7121,100,7121,1,0
D,H,H,1465,100,1465,1,0
E,H,H,9689,100,9689,1,0
F,H,H,13243,100,13243,1,0
G,H,H,7002,100,7002,1,0
A,B,A,7183,100,7183,1,0
A,C,A,7583,100,7583,1,0
A,D,A,9218,100,9218,1,0
A,E,A,1398,100,1398,1,0
A,F,A,7345,100,7345,1,0
A,G,A,7602,100,7602,1,0
A,H,A,9646,100,9646,1,0
A,B,B,7161,100,7161,1,0
B,C,B,6722,100,6722,1,0
B,D,B,12514,100,12514,1,0
B,E,B,7035,100,7035,1,0
B,F,B,1430,100,1430,1,0
B,G,B,6764,100,6764,1,0
B,H,B,13068,100,13068,1,0
A,C,C,7557,100,7557,1,0
B,C,C,6685,100,6685,1,0
C,D,C,6630,100,6630,1,0
C,E,C,7564,100,7564,1,0
C,F,C,7138,100,7138,1,0
C,G,C,1351,100,1351,1,0
C,H,C,7105,100,7105,1,0
A,D,D,9195,100,9195,1,0
B,D,D,12493,100,12493,1,0
C,D,D,6590,100,6590,1,0
D,E,D,9304,100,9304,1,0
D,F,D,12875,100,12875,1,0
D,G,D,6819,100,6819,1,0
D,H,D,1456,100,1456,1,0
A,E,E,1364,100,1364,1,0
B,E,E,7046,100,7046,1,0
C,E,E,7511,100,7511,1,0
D,E,E,9369,100,9369,1,0
E,F,E,6964,100,6964,1,0
E,G,E,7330,100,7330,1,0
E,H,E,9668,100,9668,1,0
A,F,F,7386,100,7386,1,0
B,F,F,1429,100,1429,1,0
C,F,F,7133,100,7133,1,0
D,F,F,12925,100,12925,1,0
E,F,F,6996,100,6996,1,0
F,G,F,6886,100,6886,1,0
F,H,F,13243,100,13243,1,0
A,G,G,7551,100,7551,1,0
B,G,G,6784,100,6784,1,0
C,G,G,1346,100,1346,1,0
D,G,G,6786,100,6786,1,0
E,G,G,7321,100,7321,1,0
F,G,G,6917,100,6917,1,0
G,H,G,7011,100,7011,1,0
A,H,H,9727,100,9727,1,0
B,H,H,13027,100,13027,1,0
C,H,H,7106,100,7106,1,0
D,H,H,1470,100,1470,1,0
E,H,H,9661,100,9661,1,0
F,H,H,13223,100,13223,1,0
G,H,H,7040,100,7040,1,0
A,B,A,7185,100,7185,1,0
A,C,A,7555,100,7555,1,0
A,D,A,9176,100,9176,1,0
A,E,A,1378,100,1378,1,0
A,F,A,7388,100,7388,1,0
A,G,A,7595,100,7595,1,0
A,H,A,9696,100,9696,1,0
A,B,B,7179,100,7179,1,0
B,C,B,6712,100,6712,1,0
B,D,B,12530,100,12530,1,0
B,E,B,7037,100,7037,1,0
B,F,B,1444,100,1444,1,0
B,G,B,6758,100,6758,1,0
B,H,B,13059,100,13059,1,0
A,C,C,7569,100,7569,1,0
B,C,C,6713,100,6713,1,0
C,D,C,6633,100,6633,1,0
C,E,C,7523,100,7523,1,0
C,F,C,7121,100,7121,1,0
C,G,C,1331,100,1331,1,0
C,H,C,7092,100,7092,1,0
A,D,D,9221,100,9221,1,0
B,D,D,12549,100,12549,1,0
C,D,D,6612,100,6612,1,0
D,E,D,9323,100,9323,1,0
D,F,D,12848,100,12848,1,0
D,G,D,6773,100,6773,1,0
D,H,D,1469,100,1469,1,0
A,E,E,1406,100,1406,1,0
B,E,E,7077,100,7077,1,0
C,E,E,7570,100,7570,1,0
D,E,E,9316,100,9316,1,0
E,F,E,6956,100,6956,1,0
E,G,E,7307,100,7307,1,0
E,H,E,9658,100,9658,1,0
A,F,F,7422,100,7422,1,0
B,F,F,1450,100,1450,1,0
C,F,F,7127,100,7127,1,0
D,F,F,12868,100,12868,1,0
E,F,F,6996,100,6996,1,0
F,G,F,6893,100,6893,1,0
F,H,F,13274,100,13274,1,0
A,G,G,7582,100,7582,1,0
B,G,G,6737,100,6737,1,0
C,G,G,1353,100,1353,1,0
D,G,G,6828,100,6828,1,0
E,G,G,7302,100,7302,1,0
F,G,G,6890,100,6890,1,0
G,H,G,7019,100,7019,1,0
A,H,H,9690,100,9690,1,0
B,H,H,13036,100,13036,1,0
C,H,H,7110,100,7110,1,0
D,H,H,1469,100,1469,1,0
E,H,H,9693,100,9693,1,0
F,H,H,13263,100,13263,1,0
G,H,H,7024,100,7024,1,0
A,B,A,7154,100,7154,1,0
A,C,A,7604,100,7604,1,0
A,D,A,9209,100,9209,1,0
A,E,A,1396,100,1396,1,0
A,F,A,7339,100,7339,1,0
A,G,A,7568,100,7568,1,0
A,H,A,9693,100,9693,1,0
A,B,B,7142,100,7142,1,0
B,C,B,6702,100,6702,1,0
B,D,B,12500,100,12500,1,0
B,E,B,7075,100,7075,1,0
B,F,B,1409,100,1409,1,0
B,G,B,6745,100,6745,1,0
B,H,B,13025,100,13025,1,0
A,C,C,7562,100,7562,1,0
B,C,C,6760,100,6760,1,0
C,D,C,6598,100,6598,1,0
C,E,C,7550,100,7550,1,0
C,F,C,7116,100,7116,1,0
C,G,C,1352,100,1352,1,0
C,H,C,7110,100,7110,1,0
A,D,D,9206,100,9206,1,0
B,D,D,12545,100,12545,1,0
C,D,D,6610,100,6610,1,0
D,E,D,9285,100,9285,1,0
D,F,D,12838,100,12838,1,0
D,G,D,6819,100,6819,1,0
D,H,D,1436,100,1436,1,0
A,E,E,1332,100,1332,1,0
B,E,E,7053,100,7053,1,0
C,E,E,7534,100,7534,1,0
D,E,E,9277,100,9277,1,0
E,F,E,7036,100,7036,1,0
E,G,E,7289,100,7289,1,0
E,H,E,9656,100,9656,1,0
A,F,F,7364,100,7364,1,0
B,F,F,1431,100,1431,1,0
C,F,F,7126,100,7126,1,0
D,F,F,12876,100,12876,1,0
E,F,F,7025,100,7025,1,0
F,G,F,6895,100,6895,1,0
F,H,F,13258,100,13258,1,0
A,G,G,7613,100,7613,1,0
B,G,G,6749,100,6749,1,0
C,G,G,1361,100,1361,1,0
D,G,G,6814,100,6814,1,0
E,G,G,7329,100,7329,1,0
F,G,G,6840,100,6840,1,0
G,H,G,7078,100,7078,1,0
A,H,H,9716,100,9716,1,0
B,H,H,13029,100,13029,1,0
C,H,H,7105,100,7105,1,0
D,H,H,1443,100,1443,1,0
E,H,H,9644,100,9644,1,0
F,H,H,13256,100,13256,1,0
G,H,H,7012,100,7012,1,0
A,B,A,7140,100,7140,1,0
A,C,A,7551,100,7551,1,0
A,D,A,9201,100,9201,1,0
A,E,A,1332,100,1332,1,0
A,F,A,7387,100,7387,1,0
A,G,A,7570,100,7570,1,0
A,H,A,9678,100,9678,1,0
A,B,B,7183,100,7183,1,0
B,C,B,6727,100,6727,1,0
B,D,B,12541,100,12541,1,0
B,E,B,7085,100,7085,1,0
B,F,B,1456,100,1456,1,0
B,G,B,6764,100,6764,1,0
B,H,B,13069,100,13069,1,0
A,C,C,7519,100,7519,1,0
B,C,C,6705,100,6705,1,0
C,D,C,6607,100,6607,1,0
C,E,C,7591,100,7591,1,0
C,F,C,7100,100,7100,1,0
C,G,C,1407,100,1407,1,0
C,H,C,7100,100,7100,1,0
A,D,D,9195,100,9195,1,0
B,D,D,12498,100,12498,1,0
C,D,D,6603,100,6603,1,0
D,E,D,9392,100,9392,1,0
D,F,D,12834,100,12834,1,0
D,G,D,6775,100,6775,1,0
D,H,D,1431,100,1431,1,0
A,E,E,1369,100,1369,1,0
B,E,E,7035,100,7035,1,0
C,E,E,7550,100,7550,1,0
D,E,E,9389,100,9389,1,0
E,F,E,7018,100,7018,1,0
E,G,E,7289,100,7289,1,0
E,H,E,9658,100,9658,1,0
A,F,F,7367,100,7367,1,0
B,F,F,1433,100,1433,1,0
C,F,F,7104,100,7104,1,0
D,F,F,12854,100,12854,1,0
E,F,F,7044,100,7044,1,0
F,G,F,6871,100,6871,1,0
F,H,F,13246,100,13246,1,0
A,G,G,7602,100,7602,1,0
B,G,G,6767,100,6767,1,0
C,G,G,1338,100,1338,1,0
D,G,G,6797,100,6797,1,0
E,G,G,7350,100,7350,1,0
F,G,G,6860,100,6860,1,0
G,H,G,7027,100,7027,1,0
A,H,H,9739,100,9739,1,0
B,H,H,13052,100,13052,1,0
C,H,H,7104,100,7104,1,0
D,H,H,1457,100,1457,1,0
E,H,H,9695,100,9695,1,0
F,H,H,13223,100,13223,1,0
G,H,H,7061,100,7061,1,0
A,B,A,7175,100,7175,1,0
A,C,A,7607,100,7607,1,0
A,D,A,9198,100,9198,1,0
A,E,A,1386,100,1386,1,0
A,F,A,7375,100,7375,1,0
A,G,A,7549,100,7549,1,0
A,H,A,9735,100,9735,1,0
A,B,B,7192,100,7192,1,0
B,C,B,6706,100,6706,1,0
B,D,B,12572,100,12572,1,0
B,E,B,7041,100,7041,1,0
B,F,B,1425,100,1425,1,0
B,G,B,6764,100,6764,1,0
B,H,B,13057,100,13057,1,0
A,C,C,7561,100,7561,1,0
B,C,C,6779,100,6779,1,0
C,D,C,6573,100,6573,1,0
C,E,C,7524,100,7524,1,0
C,F,C,7096,100,7096,1,0
C,G,C,1377,100,1377,1,0
C,H,C,7078,100,7078,1,0
A,D,D,9206,100,9206,1,0
B,D,D,12531,100,12531,1,0
C,D,D,6618,100,6618,1,0
D,E,D,9364,100,9364,1,0
D,F,D,12844,100,12844,1,0
D,G,D,6786,100,6786,1,0
D,H,D,1481,100,1481,1,0
A,E,E,1334,100,1334,1,0
B,E,E,7063,100,7063,1,0
C,E,E,7518,100,7518,1,0
D,E,E,9312,100,9312,1,0
E,F,E,7020,100,7020,1,0
E,G,E,7317,100,7317,1,0
E,H,E,9623,100,9623,1,0
A,F,F,7385,100,7385,1,0
B,F,F,1443,100,1443,1,0
C,F,F,7083,100,7083,1,0
D,F,F,12892,100,12892,1,0
E,F,F,7020,100,7020,1,0
F,G,F,6859,100,6859,1,0
F,H,F,13177,100,13177,1,0
A,G,G,7540,100,7540,1,0
B,G,G,6775,100,6775,1,0
C,G,G,1366,100,1366,1,0
D,G,G,6821,100,6821,1,0
E,G,G,7304,100,7304,1,0
F,G,G,6885,100,6885,1,0
G,H,G,7066,100,7066,1,0
A,H,H,9650,100,9650,1,0
B,H,H,13044,100,13044,1,0
C,H,H,7097,100,7097,1,0
D,H,H,1463,100,1463,1,0
E,H,H,9647,100,9647,1,0
F,H,H,13230,100,13230,1,0
G,H,H,7085,100,7085,1,0
A,B,A,7186,100,7186,1,0
A,C,A,7539,100,7539,1,0
A,D,A,9217,100,9217,1,0
A,E,A,1366,100,1366,1,0
A,F,A,7365,100,7365,1,0
A,G,A,7516,100,7516,1,0
A,H,A,9671,100,9671,1,0
A,B,B,7131,100,7131,1,0
B,C,B,6720,100,6720,1,0
B,D,B,12546,100,12546,1,0
B,E,B,7053,100,7053,1,0
B,F,B,1431,100,1431,1,0
B,G,B,6751,100,6751,1,0
B,H,B,13060,100,13060,1,0
A,C,C,7572,100,7572,1,0
B,C,C,6709,100,6709,1,0
C,D,C,6588,100,6588,1,0
C,E,C,7561,100,7561,1,0
C,F,C,7113,100,7113,1,0
C,G,C,1345,100,1345,1,0
C,H,C,7096,100,7096,1,0
A,D,D,9228,100,9228,1,0
B,D,D,12527,100,12527,1,0
C,D,D,6628,100,6628,1,0
D,E,D,9313,100,9313,1,0
D,F,D,12861,100,12861,1,0
D,G,D,6770,100,6770,1,0
D,H,D,1439,100,1439,1,0
A,E,E,1365,100,1365,1,0
B,E,E,7042,100,7042,1,0
C,E,E,7543,100,7543,1,0
D,E,E,9396,100,9396,1,0
E,F,E,7004,100,7004,1,0
E,G,E,7313,100,7313,1,0
E,H,E,9637,100,9637,1,0
A,F,F,7392,100,7392,1,0
B,F,F,1420,100,1420,1,0
C,F,F,7122,100,7122,1,0
D,F,F,12869,100,12869,1,0
E,F,F,7010,100,7010,1,0
F,G,F,6885,100,6885,1,0
F,H,F,13223,100,13223,1,0
A,G,G,7562,100,7562,1,0
B,G,G,6762,100,6762,1,0
C,G,G,1334,100,1334,1,0
D,G,G,6773,100,6773,1,0
E,G,G,7303,100,7303,1,0
F,G,G,6877,100,6877,1,0
G,H,G,7032,100,7032,1,0
A,H,H,9710,100,9710,1,0
B,H,H,13033,100,13033,1,0
C,H,H,7127,100,7127,1,0
D,H,H,1427,100,1427,1,0
E,H,H,9651,100,9651,1,0
F,H,H,13216,100,13216,1,0
G,H,H,7053,100,7053,1,0
A,B,A,7142,100,7142,1,0
A,C,A,7587,100,7587,1,0
A,D,A,9217,100,9217,1,0
A,E,A,1330,100,1330,1,0
A,F,A,7420,100,7420,1,0
A,G,A,7582,100,7582,1,0
A,H,A,9695,100,9695,1,0
A,B,B,7168,100,7168,1,0
B,C,B,6764,100,6764,1,0
B,D,B,12497,100,12497,1,0
B,E,B,7031,100,7031,1,0
B,F,B,1460,100,1460,1,0
B,G,B,6723,100,6723,1,0
B,H,B,13055,100,13055,1,0
A,C,C,7585,100,7585,1,0
B,C,C,6710,100,6710,1,0
C,D,C,6607,100,6607,1,0
C,E,C,7532,100,7532,1,0
C,F,C,7129,100,7129,1,0
C,G,C,1381,100,1381,1,0
C,H,C,7076,100,7076,1,0
A,D,D,9212,100,9212,1,0
B,D,D,12557,100,12557,1,0
C,D,D,6629,100,6629,1,0
D,E,D,9368,100,9368,1,0
D,F,D,12874,100,12874,1,0
D,G,D,6840,100,6840,1,0
D,H,D,1390,100,1390,1,0
A,E,E,1364,100,1364,1,0
B,E,E,6984,100,6984,1,0
C,E,E,7538,100,7538,1,0
D,E,E,9322,100,9322,1,0
E,F,E,7026,100,7026,1,0
E,G,E,7325,100,7325,1,0
E,H,E,9657,100,9657,1,0
A,F,F,7330,100,7330,1,0
B,F,F,1448,100,1448,1,0
C,F,F,7142,100,7142,1,0
D,F,F,12859,100,12859,1,0
E,F,F,7062,100,7062,1,0
F,G,F,6880,100,6880,1,0
F,H,F,13228,100,13228,1,0
A,G,G,7624,100,7624,1,0
B,G,G,6757,100,6757,1,0
C,G,G,1350,100,1350,1,0
D,G,G,6818,100,6818,1,0
E,G,G,7300,100,7300,1,0
F,G,G,6877,100,6877,1,0
G,H,G,7076,100,7076,1,0
A,H,H,9720,100,9720,1,0
B,H,H,13048,100,13048,1,0
C,H,H,7065,100,7065,1,0
D,H,H,1469,100,1469,1,0
E,H,H,9647,100,9647,1,0
F,H,H,13210,100,13210,1,0
G,H,H,7066,100,7066,1,0
A,B,A,7157,100,7157,1,0
A,C,A,7569,100,7569,1,0
A,D,A,9216,100,9216,1,0
A,E,A,1370,100,1370,1,0
A,F,A,7383,100,7383,1,0
A,G,A,7641,100,7641,1,0
A,H,A,9700,100,9700,1,0
A,B,B,7097,100,7097,1,0
B,C,B,6734,100,6734,1,0
B,D,B,12497,100,12497,1,0
B,E,B,7027,100,7027,1,0
B,F,B,1432,100,1432,1,0
B,G,B,6743,100,6743,1,0
B,H,B,13124,100,13124,1,0
A,C,C,7556,100,7556,1,0
B,C,C,6719,100,6719,1,0
C,D,C,6600,100,6600,1,0
C,E,C,7532,100,7532,1,0
C,F,C,7128,100,7128,1,0
C,G,C,1365,100,1365,1,0
C,H,C,7095,100,7095,1,0
A,D,D,9189,100,9189,1,0
B,D,D,12539,100,12539,1,0
C,D,D,6601,100,6601,1,0
D,E,D,9337,100,9337,1,0
D,F,D,12884,100,12884,1,0
D,G,D,6825,100,6825,1,0
D,H,D,1407,100,1407,1,0
A,E,E,1339,100,1339,1,0
B,E,E,7073,100,7073,1,0
C,E,E,7545,100,7545,1,0
D,E,E,9334,100,9334,1,0
E,F,E,6990,100,6990,1,0
E,G,E,7283,100,7283,1,0
E,H,E,9650,100,9650,1,0
A,F,F,7388,100,7388,1,0
B,F,F,1430,100,1430,1,0
C,F,F,7144,100,7144,1,0
D,F,F,12861,100,12861,1,0
E,F,F,6991,100,6991,1,0
F,G,F,6870,100,6870,1,0
F,H,F,13238,100,13238,1,0
A,G,G,7524,100,7524,1,0
B,G,G,6756,100,6756,1,0
C,G,G,1350,100,1350,1,0
D,G,G,6799,100,6799,1,0
E,G,G,7318,100,7318,1,0
F,G,G,6864,100,6864,1,0
G,H,G,7058,100,7058,1,0
A,H,H,9684,100,9684,1,0
B,H,H,13028,100,13028,1,0
C,H,H,7068,100,7068,1,0
D,H,H,1489,100,1489,1,0
E,H,H,9629,100,9629,1,0
F,H,H,13263,100,13263,1,0
G,H,H,7025,100,7025,1,0
A,B,A,7156,100,7156,1,0
A,C,A,7573,100,7573,1,0
A,D,A,9208,100,9208,1,0
A,E,A,1390,100,1390,1,0
A,F,A,7350,100,7350,1,0
A,G,A,7526,100,7526,1,0
A,H,A,9702,100,9702,1,0
A,B,B,7131,100,7131,1,0
B,C,B,6714,100,6714,1,0
B,D,B,12568,100,12568,1,0
B,E,B,7044,100,7044,1,0
B,F,B,1430,100,1430,1,0
B,G,B,6769,100,6769,1,0
B,H,B,13048,100,13048,1,0
A,C,C,7578,100,7578,1,0
B,C,C,6706,100,6706,1,0
C,D,C,6634,100,6634,1,0
C,E,C,7513,100,7513,1,0
C,F,C,7131,100,7131,1,0
C,G,C,1356,100,1356,1,0
C,H,C,7096,100,7096,1,0
A,D,D,9210,100,9210,1,0
B,D,D,12555,100,12555,1,0
C,D,D,6617,100,6617,1,0
D,E,D,9299,100,9299,1,0
D,F,D,12845,100,12845,1,0
D,G,D,6839,100,6839,1,0
D,H,D,1465,100,1465,1,0
A,E,E,1418,100,1418,1,0
B,E,E,7062,100,7062,1,0
C,E,E,7551,100,7551,1,0
D,E,E,9350,100,9350,1,0
E,F,E,6987,100,6987,1,0
E,G,E,7282,100,7282,1,0
E,H,E,9694,100,9694,1,0
A,F,F,7394,100,7394,1,0
B,F,F,1451,100,1451,1,0
C,F,F,7144,100,7144,1,0
D,F,F,12893,100,12893,1,0
E,F,F,6995,100,6995,1,0
F,G,F,6888,100,6888,1,0
F,H,F,13279,100,13279,1,0
A,G,G,7585,100,7585,1,0
B,G,G,6746,100,6746,1,0
C,G,G,1362,100,1362,1,0
D,G,G,6788,100,6788,1,0
E,G,G,7314,100,7314,1,0
F,G,G,6878,100,6878,1,0
G,H,G,7020,100,7020,1,0
A,H,H,9703,100,9703,1,0
B,H,H,13004,100,13004,1,0
C,H,H,7110,100,7110,1,0
D,H,H,1470,100,1470,1,0
E,H,H,9664,100,9664,1,0
F,H,H,13267,100,13267,1,0
G,H,H,7063,100,7063,1,0
A,B,A,7149,100,7149,1,0
A,C,A,7545,100,7545,1,0
A,D,A,9189,100,9189,1,0
A,E,A,1409,100,1409,1,0
A,F,A,7400,100,7400,1,0
A,G,A,7590,100,7590,1,0
A,H,A,9686,100,9686,1,0
A,B,B,7183,100,7183,1,0
B,C,B,6752,100,6752,1,0
B,D,B,12526,100,12526,1,0
B,E,B,7067,100,7067,1,0
B,F,B,1453,100,1453,1,0
B,G,B,6759,100,6759,1,0
B,H,B,12975,100,12975,1,0
A,C,C,7578,100,7578,1,0
B,C,C,6714,100,6714,1,0
C,D,C,6658,100,6658,1,0
C,E,C,7599,100,7599,1,0
C,F,C,7106,100,7106,1,0
C,G,C,1330,100,1330,1,0
C,H,C,7153,100,7153,1,0
A,D,D,9222,100,9222,1,0
B,D,D,12508,100,12508,1,0
C,D,D,6631,100,6631,1,0
D,E,D,9293,100,9293,1,0
D,F,D,12908,100,12908,1,0
D,G,D,6795,100,6795,1,0
D,H,D,1403,100,1403,1,0
A,E,E,1412,100,1412,1,0
B,E,E,7050,100,7050,1,0
C,E,E,7538,100,7538,1,0
D,E,E,9422,100,9422,1,0
E,F,E,7038,100,7038,1,0
E,G,E,7274,100,7274,1,0
E,H,E,9646,100,9646,1,0
A,F,F,7364,100,7364,1,0
B,F,F,1439,100,1439,1,0
C,F,F,7117,100,7117,1,0
D,F,F,12854,100,12854,1,0
E,F,F,7011,100,7011,1,0
F,G,F,6864,100,6864,1,0
F,H,F,13208,100,13208,1,0
A,G,G,7515,100,7515,1,0
B,G,G,6728,100,6728,1,0
C,G,G,1386,100,1386,1,0
D,G,G,6818,100,6818,1,0
E,G,G,7311,100,7311,1,0
F,G,G,6892,100,6892,1,0
G,H,G,7041,100,7041,1,0
A,H,H,9667,100,9667,1,0
B,H,H,13039,100,13039,1,0
C,H,H,7090,100,7090,1,0
D,H,H,1444,100,1444,1,0
E,H,H,9667,100,9667,1,0
F,H,H,13275,100,13275,1,0
G,H,H,7071,100,7071,1,0
A,B,A,7114,100,7114,1,0
A,C,A,7580,100,7580,1,0
A,D,A,9195,100,9195,1,0
A,E,A,1327,100,1327,1,0
A,F,A,7380,100,7380,1,0
A,G,A,7568,100,7568,1,0
A,H,A,9734,100,9734,1,0
A,B,B,7146,100,7146,1,0
B,C,B,6732,100,6732,1,0
B,D,B,12551,100,12551,1,0
B,E,B,7048,100,7048,1,0
B,F,B,1430,100,1430,1,0
B,G,B,6750,100,6750,1,0
B,H,B,13056,100,13056,1,0
A,C,C,7557,100,7557,1,0
B,C,C,6715,100,6715,1,0
C,D,C,6604,100,6604,1,0
C,E,C,7575,100,7575,1,0
C,F,C,7131,100,7131,1,0
C,G,C,1397,100,1397,1,0
C,H,C,7115,100,7115,1,0
A,D,D,9206,100,9206,1,0
B,D,D,12544,100,12544,1,0
C,D,D,6577,100,6577,1,0
D,E,D,9388,100,9388,1,0
D,F,D,12856,100,12856,1,0
D,G,D,6812,100,6812,1,0
D,H,D,1421,100,1421,1,0
A,E,E,1346,100,1346,1,0
B,E,E,7048,100,7048,1,0
C,E,E,7559,100,7559,1,0
D,E,E,9382,100,9382,1,0
E,F,E,7031,100,7031,1,0
E,G,E,7288,100,7288,1,0
E,H,E,9662,100,9662,1,0
A,F,F,7376,100,7376,1,0
B,F,F,1432,100,1432,1,0
C,F,F,7119,100,7119,1,0
D,F,F,12850,100,12850,1,0
E,F,F,6994,100,6994,1,0
F,G,F,6860,100,6860,1,0
F,H,F,13275,100,13275,1,0
A,G,G,7593,100,7593,1,0
B,G,G,6800,100,6800,1,0
C,G,G,1388,100,1388,1,0
D,G,G,6818,100,6818,1,0
E,G,G,7270,100,7270,1,0
F,G,G,6860,100,6860,1,0
G,H,G,7052,100,7052,1,0
A,H,H,9674,100,9674,1,0
B,H,H,13029,100,13029,1,0
C,H,H,7113,100,7113,1,0
D,H,H,1412,100,1412,1,0
E,H,H,9684,100,9684,1,0
F,H,H,13283,100,13283,1,0
G,H,H,7043,100,7043,1,0
A,B,A,7155,100,7155,1,0
A,C,A,7573,100,7573,1,0
A,D,A,9219,100,9219,1,0
A,E,A,1378,100,1378,1,0
A,F,A,7391,100,7391,1,0
A,G,A,7570,100,7570,1,0
A,H,A,9714,100,9714,1,0
A,B,B,7114,100,7114,1,0
B,C,B,6718,100,6718,1,0
B,D,B,12521,100,12521,1,0
B,E,B,7042,100,7042,1,0
B,F,B,1413,100,1413,1,0
B,G,B,6761,100,6761,1,0
B,H,B,13029,100,13029,1,0
A,C,C,7612,100,7612,1,0
B,C,C,6686,100,6686,1,0
C,D,C,6599,100,6599,1,0
C,E,C,7551,100,7551,1,0
C,F,C,7112,100,7112,1,0
C,G,C,1338,100,1338,1,0
C,H,C,7081,100,7081,1,0
A,D,D,9170,100,9170,1,0
B,D,D,12514,100,12514,1,0
C,D,D,6593,100,6593,1,0
D,E,D,9333,100,9333,1,0
D,F,D,12854,100,12854,1,0
D,G,D,6769,100,6769,1,0
D,H,D,1465,100,1465,1,0
A,E,E,1388,100,1388,1,0
B,E,E,7044,100,7044,1,0
C,E,E,7539,100,7539,1,0
D,E,E,9292,100,9292,1,0
E,F,E,7039,100,7039,1,0
E,G,E,7296,100,7296,1,0
E,H,E,9648,100,9648,1,0
A,F,F,7357,100,7357,1,0
B,F,F,1427,100,1427,1,0
C,F,F,7122,100,7122,1,0
D,F,F,12903,100,12903,1,0
E,F,F,6986,100,6986,1,0
F,G,F,6883,100,6883,1,0
F,H,F,13224,100,13224,1,0
A,G,G,7517,100,7517,1,0
B,G,G,6749,100,6749,1,0
C,G,G,1388,100,1388,1,0
D,G,G,6872,100,6872,1,0
E,G,G,7320,100,7320,1,0
F,G,G,6898,100,6898,1,0
G,H,G,7078,100,7078,1,0
A,H,H,9729,100,9729,1,0
B,H,H,13044,100,13044,1,0
C,H,H,7115,100,7115,1,0
D,H,H,1442,100,1442,1,0
E,H,H,9630,100,9630,1,0
F,H,H,13227,100,13227,1,0
G,H,H,7093,100,7093,1,0
A,B,A,7196,100,7196,1,0
A,C,A,7595,100,7595,1,0
A,D,A,9206,100,9206,1,0
A,E,A,1363,100,1363,1,0
A,F,A,7351,100,7351,1,0
A,G,A,7611,100,7611,1,0
A,H,A,9695,100,9695,1,0
A,B,B,7119,100,7119,1,0
B,C,B,6731,100,6731,1,0
B,D,B,12536,100,12536,1,0
B,E,B,7037,100,7037,1,0
B,F,B,1434,100,1434,1,0
B,G,B,6777,100,6777,1,0
B,H,B,13046,100,13046,1,0
A,C,C,7558,100,7558,1,0
B,C,C,6725,100,6725,1,0
C,D,C,6604,100,6604,1,0
C,E,C,7541,100,7541,1,0
C,F,C,7114,100,7114,1,0
C,G,C,1333,100,1333,1,0
C,H,C,7124,100,7124,1,0
A,D,D,9195,100,9195,1,0
B,D,D,12527,100,12527,1,0
C,D,D,6609,100,6609,1,0
D,E,D,9311,100,9311,1,0
D,F,D,12858,100,12858,1,0
D,G,D,6812,100,6812,1,0
D,H,D,1446,100,1446,1,0
A,E,E,1420,100,1420,1,0
B,E,E,7036,100,7036,1,0
C,E,E,7491,100,7491,1,0
D,E,E,9335,100,9335,1,0
E,F,E,7019,100,7019,1,0
E,G,E,7326,100,7326,1,0
E,H,E,9631,100,9631,1,0
A,F,F,7394,100,7394,1,0
B,F,F,1439,100,1439,1,0
C,F,F,7116,100,7116,1,0
D,F,F,12829,100,12829,1,0
E,F,F,6988,100,6988,1,0
F,G,F,6902,100,6902,1,0
F,H,F,13250,100,13250,1,0
A,G,G,7594,100,7594,1,0
B,G,G,6764,100,6764,1,0
C,G,G,1370,100,1370,1,0
D,G,G,6818,100,6818,1,0
E,G,G,7322,100,7322,1,0
F,G,G,6911,100,6911,1,0
G,H,G,7056,100,7056,1,0
A,H,H,9737,100,9737,1,0
B,H,H,13061,100,13061,1,0
C,H,H,7115,100,7115,1,0
D,H,H,1446,100,1446,1,0
E,H,H,9667,100,9667,1,0
F,H,H,13208,100,13208,1,0
G,H,H,7071,100,7071,1,0
A,B,A,7161,100,7161,1,0
A,C,A,7604,100,7604,1,0
A,D,A,9193,100,9193,1,0
A,E,A,1402,100,1402,1,0
A,F,A,7333,100,7333,1,0
A,G,A,7579,100,7579,1,0
A,H,A,9661,100,9661,1,0
A,B,B,7179,100,7179,1,0
B,C,B,6696,100,6696,1,0
B,D,B,12533,100,12533,1,0
B,E,B,7042,100,7042,1,0
B,F,B,1429,100,1429,1,0
B,G,B,6783,100,6783,1,0
B,H,B,13019,100,13019,1,0
A,C,C,7550,100,7550,1,0
B,C,C,6708,100,6708,1,0
C,D,C,6592,100,6592,1,0
C,E,C,7540,100,7540,1,0
C,F,C,7119,100,7119,1,0
C,G,C,1392,100,1392,1,0
C,H,C,7049,100,7049,1,0
A,D,D,9221,100,9221,1,0
B,D,D,12532,100,12532,1,0
C,D,D,6651,100,6651,1,0
D,E,D,9385,100,9385,1,0
D,F,D,12854,100,12854,1,0
D,G,D,6780,100,6780,1,0
D,H,D,1394,100,1394,1,0
A,E,E,1359,100,1359,1,0
B,E,E,7071,100,7071,1,0
C,E,E,7554,100,7554,1,0
D,E,E,9329,100,9329,1,0
E,F,E,7027,100,7027,1,0
E,G,E,7328,100,7328,1,0
E,H,E,9661,100,9661,1,0
A,F,F,7389,100,7389,1,0
B,F,F,1412,100,1412,1,0
C,F,F,7114,100,7114,1,0
D,F,F,12852,100,12852,1,0
E,F,F,7018,100,7018,1,0
F,G,F,6850,100,6850,1,0
F,H,F,13194,100,13194,1,0
A,G,G,7603,100,7603,1,0
B,G,G,6725,100,6725,1,0
C,G,G,1334,100,1334,1,0
D,G,G,6800,100,6800,1,0
E,G,G,7330,100,7330,1,0
F,G,G,6881,100,6881,1,0
G,H,G,7083,100,7083,1,0
A,H,H,9714,100,9714,1,0
B,H,H,13019,100,13019,1,0
C,H,H,7100,100,7100,1,0
D,H,H,1446,100,1446,1,0
E,H,H,9633,100,9633,1,0
F,H,H,13243,100,13243,1,0
G,H,H,7063,100,7063,1,0
A,B,A,7187,100,7187,1,0
A,C,A,7524,100,7524,1,0
A,D,A,9227,100,9227,1,0
A,E,A,1358,100,1358,1,0
A,F,A,7389,100,7389,1,0
A,G,A,7593,100,7593,1,0
A,H,A,9686,100,9686,1,0
A,B,B,7186,100,7186,1,0
B,C,B,6720,100,6720,1,0
B,D,B,12547,100,12547,1,0
B,E,B,7020,100,7020,1,0
B,F,B,1447,100,1447,1,0
B,G,B,6720,100,6720,1,0
B,H,B,13038,100,13038,1,0
A,C,C,7569,100,7569,1,0
B,C,C,6731,100,6731,1,0
C,D,C,6590,100,6590,1,0
C,E,C,7596,100,7596,1,0
C,F,C,7114,100,7114,1,0
C,G,C,1308,100,1308,1,0
C,H,C,7162,100,7162,1,0
A,D,D,9221,100,9221,1,0
B,D,D,12497,100,12497,1,0
C,D,D,6617,100,6617,1,0
D,E,D,9367,100,9367,1,0
D,F,D,12856,100,12856,1,0
D,G,D,6828,100,6828,1,0
D,H,D,1462,100,1462,1,0
A,E,E,1375,100,1375,1,0
B,E,E,7029,100,7029,1,0
C,E,E,7522,100,7522,1,0
D,E,E,9340,100,9340,1,0
E,F,E,6996,100,6996,1,0
E,G,E,7305,100,7305,1,0
E,H,E,9611,100,9611,1,0
A,F,F,7379,100,7379,1,0
B,F,F,1455,100,1455,1,0
C,F,F,7124,100,7124,1,0
D,F,F,12886,100,12886,1,0
E,F,F,6975,100,6975,1,0
F,G,F,6878,100,6878,1,0
F,H,F,13218,100,13218,1,0
A,G,G,7549,100,7549,1,0
B,G,G,6740,100,6740,1,0
C,G,G,1365,100,1365,1,0
D,G,G,6799,100,6799,1,0
E,G,G,7329,100,7329,1,0
F,G,G,6870,100,6870,1,0
G,H,G,7027,100,7027,1,0
A,H,H,9715,100,9715,1,0
B,H,H,13066,100,13066,1,0
C,H,H,7095,100,7095,1,0
D,H,H,1445,100,1445,1,0
E,H,H,9657,100,9657,1,0
F,H,H,13285,100,13285,1,0
G,H,H,7065,100,7065,1,0
A,B,A,7136,100,7136,1,0
A,C,A,7558,100,7558,1,0
A,D,A,9197,100,9197,1,0
A,E,A,1402,100,1402,1,0
A,F,A,7382,100,7382,1,0
A,G,A,7604,100,7604,1,0
A,H,A,9682,100,9682,1,0
A,B,B,7103,100,7103,1,0
B,C,B,6714,100,6714,1,0
B,D,B,12552,100,12552,1,0
B,E,B,7017,100,7017,1,0
B,F,B,1425,100,1425,1,0
B,G,B,6749,100,6749,1,0
B,H,B,13068,100,13068,1,0
A,C,C,7564,100,7564,1,0
B,C,C,6706,100,6706,1,0
C,D,C,6625,100,6625,1,0
C,E,C,7529,100,7529,1,0
C,F,C,7119,100,7119,1,0
C,G,C,1362,100,1362,1,0
C,H,C,7178,100,7178,1,0
A,D,D,9195,100,9195,1,0
B,D,D,12540,100,12540,1,0
C,D,D,6614,100,6614,1,0
D,E,D,9420,100,9420,1,0
D,F,D,12911,100,12911,1,0
D,G,D,6826,100,6826,1,0
D,H,D,1397,100,1397,1,0
A,E,E,1398,100,1398,1,0
B,E,E,7017,100,7017,1,0
C,E,E,7557,100,7557,1,0
D,E,E,9342,100,9342,1,0
E,F,E,6994,100,6994,1,0
E,G,E,7270,100,7270,1,0
E,H,E,9681,100,9681,1,0
A,F,F,7372,100,7372,1,0
B,F,F,1447,100,1447,1,0
C,F,F,7117,100,7117,1,0
D,F,F,12849,100,12849,1,0
E,F,F,6995,100,6995,1,0
F,G,F,6901,100,6901,1,0
F,H,F,13239,100,13239,1,0
A,G,G,7592,100,7592,1,0
B,G,G,6738,100,6738,1,0
C,G,G,1383,100,1383,1,0
D,G,G,6818,100,6818,1,0
E,G,G,7306,100,7306,1,0
F,G,G,6891,100,6891,1,0
G,H,G,7039,100,7039,1,0
A,H,H,9683,100,9683,1,0
B,H,H,13026,100,13026,1,0
C,H,H,7091,100,7091,1,0
D,H,H,1461,100,1461,1,0
E,H,H,9668,100,9668,1,0
F,H,H,13234,100,13234,1,0
G,H,H,7061,100,7061,1,0
A,B,A,7144,100,7144,1,0
A,C,A,7575,100,7575,1,0
A,D,A,9217,100,9217,1,0
A,E,A,1425,100,1425,1,0
A,F,A,7334,100,7334,1,0
A,G,A,7512,100,7512,1,0
A,H,A,9704,100,9704,1,0
A,B,B,7186,100,7186,1,0
B,C,B,6710,100,6710,1,0
B,D,B,12565,100,12565,1,0
B,E,B,7017,100,7017,1,0
B,F,B,1428,100,1428,1,0
B,G,B,6754,100,6754,1,0
B,H,B,13058,100,13058,1,0
A,C,C,7571,100,7571,1,0
B,C,C,6731,100,6731,1,0
C,D,C,6601,100,6601,1,0
C,E,C,7544,100,7544,1,0
C,F,C,7150,100,7150,1,0
C,G,C,1379,100,1379,1,0
C,H,C,7119,100,7119,1,0
A,D,D,9197,100,9197,1,0
B,D,D,12532,100,12532,1,0
C,D,D,6662,100,6662,1,0
D,E,D,9352,100,9352,1,0
D,F,D,12877,100,12877,1,0
D,G,D,6804,100,6804,1,0
D,H,D,1444,100,1444,1,0
A,E,E,1382,100,1382,1,0
B,E,E,7008,100,7008,1,0
C,E,E,7533,100,7533,1,0
D,E,E,9375,100,9375,1,0
E,F,E,6993,100,6993,1,0
E,G,E,7291,100,7291,1,0
E,H,E,9681,100,9681,1,0
A,F,F,7378,100,7378,1,0
B,F,F,1399,100,1399,1,0
C,F,F,7110,100,7110,1,0
D,F,F,12870,100,12870,1,0
E,F,F,6991,100,6991,1,0
F,G,F,6872,100,6872,1,0
F,H,F,13261,100,13261,1,0
A,G,G,7545,100,7545,1,0
B,G,G,6773,100,6773,1,0
C,G,G,1361,100,1361,1,0
D,G,G,6813,100,6813,1,0
E,G,G,7324,100,7324,1,0
F,G,G,6886,100,6886,1,0
G,H,G,7046,100,7046,1,0
A,H,H,9726,100,9726,1,0
B,H,H,13027,100,13027,1,0
C,H,H,7104,100,7104,1,0
D,H,H,1465,100,1465,1,0
E,H,H,9631,100,9631,1,0
F,H,H,13222,100,13222,1,0
G,H,H,7055,100,7055,1,0
A,B,A,7145,100,7145,1,0
A,C,A,7559,100,7559,1,0
A,D,A,9224,100,9224,1,0
A,E,A,1399,100,1399,1,0
A,F,A,7383,100,7383,1,0
A,G,A,7603,100,7603,1,0
A,H,A,9655,100,9655,1,0
A,B,B,7155,100,7155,1,0
B,C,B,6694,100,6694,1,0
B,D,B,12542,100,12542,1,0
B,E,B,7020,100,7020,1,0
B,F,B,1447,100,1447,1,0
B,G,B,6734,100,6734,1,0
B,H,B,13078,100,13078,1,0
A,C,C,7542,100,7542,1,0
B,C,C,6740,100,6740,1,0
C,D,C,6628,100,6628,1,0
C,E,C,7550,100,7550,1,0
C,F,C,7124,100,7124,1,0
C,G,C,1381,100,1381,1,0
C,H,C,7100,100,7100,1,0
A,D,D,9185,100,9185,1,0
B,D,D,12527,100,12527,1,0
C,D,D,6620,100,6620,1,0
D,E,D,9372,100,9372,1,0
D,F,D,12894,100,12894,1,0
D,G,D,6790,100,6790,1,0
D,H,D,1431,100,1431,1,0
A,E,E,1409,100,1409,1,0
B,E,E,7043,100,7043,1,0
C,E,E,7582,100,7582,1,0
D,E,E,9249,100,9249,1,0
E,F,E,6975,100,6975,1,0
E,G,E,7293,100,7293,1,0
E,H,E,9704,100,9704,1,0
A,F,F,7420,100,7420,1,0
B,F,F,1440,100,1440,1,0
C,F,F,7128,100,7128,1,0
D,F,F,12880,100,12880,1,0
E,F,F,6985,100,6985,1,0
F,G,F,6888,100,6888,1,0
F,H,F,13229,100,13229,1,0
A,G,G,7576,100,7576,1,0
B,G,G,6736,100,6736,1,0
C,G,G,1351,100,1351,1,0
D,G,G,6799,100,6799,1,0
E,G,G,7309,100,7309,1,0
F,G,G,6902,100,6902,1,0
G,H,G,7028,100,7028,1,0
A,H,H,9708,100,9708,1,0
B,H,H,13065,100,13065,1,0
C,H,H,7122,100,7122,1,0
D,H,H,1469,100,1469,1,0
E,H,H,9642,100,9642,1,0
F,H,H,13270,100,13270,1,0
G,H,H,7072,100,7072,1,0
A,B,A,7159,100,7159,1,0
A,C,A,7549,100,7549,1,0
A,D,A,9178,100,9178,1,0
A,E,A,1386,100,1386,1,0
A,F,A,7373,100,7373,1,0
A,G,A,7603,100,7603,1,0
A,H,A,9707,100,9707,1,0
A,B,B,7152,100,7152,1,0
B,C,B,6739,100,6739,1,0
B,D,B,12534,100,12534,1,0
B,E,B,7057,100,7057,1,0
B,F,B,1447,100,1447,1,0
B,G,B,6761,100,6761,1,0
B,H,B,13081,100,13081,1,0
A,C,C,7560,100,7560,1,0
B,C,C,6698,100,6698,1,0
C,D,C,6573,100,6573,1,0
C,E,C,7578,100,7578,1,0
C,F,C,7119,100,7119,1,0
C,G,C,1365,100,1365,1,0
C,H,C,7134,100,7134,1,0
A,D,D,9200,100,9200,1,0
B,D,D,12552,100,12552,1,0
C,D,D,6572,100,6572,1,0
D,E,D,9408,100,9408,1,0
D,F,D,12825,100,12825,1,0
D,G,D,6805,100,6805,1,0
D,H,D,1452,100,1452,1,0
A,E,E,1392,100,1392,1,0
B,E,E,7055,100,7055,1,0
C,E,E,7520,100,7520,1,0
D,E,E,9340,100,9340,1,0
E,F,E,7014,100,7014,1,0
E,G,E,7323,100,7323,1,0
E,H,E,9678,100,9678,1,0
A,F,F,7382,100,7382,1,0
B,F,F,1418,100,1418,1,0
C,F,F,7115,100,7115,1,0
D,F,F,12884,100,12884,1,0
E,F,F,7019,100,7019,1,0
F,G,F,6882,100,6882,1,0
F,H,F,13223,100,13223,1,0
A,G,G,7586,100,7586,1,0
B,G,G,6764,100,6764,1,0
C,G,G,1403,100,1403,1,0
D,G,G,6804,100,6804,1,0
E,G,G,7304,100,7304,1,0
F,G,G,6887,100,6887,1,0
G,H,G,7026,100,7026,1,0
A,H,H,9683,100,9683,1,0
B,H,H,13011,100,13011,1,0
C,H,H,7132,100,7132,1,0
D,H,H,1419,100,1419,1,0
E,H,H,9664,100,9664,1,0
F,H,H,13225,100,13225,1,0
G,H,H,7045,100,7045,1,0
A,B,A,7149,100,7149,1,0
A,C,A,7570,100,7570,1,0
A,D,A,9206,100,9206,1,0
A,E,A,1416,100,1416,1,0
A,F,A,7390,100,7390,1,0
A,G,A,7627,100,7627,1,0
A,H,A,9691,100,9691,1,0
A,B,B,7130,100,7130,1,0
B,C,B,6700,100,6700,1,0
B,D,B,12526,100,12526,1,0
B,E,B,7090,100,7090,1,0
B,F,B,1412,100,1412,1,0
B,G,B,6775,100,6775,1,0
B,H,B,13035,100,13035,1,0
A,C,C,7628,100,7628,1,0
B,C,C,6718,100,6718,1,0
C,D,C,6578,100,6578,1,0
C,E,C,7534,100,7534,1,0
C,F,C,7127,100,7127,1,0
C,G,C,1378,100,1378,1,0
C,H,C,7106,100,7106,1,0
A,D,D,9207,100,9207,1,0
B,D,D,12548,100,12548,1,0
C,D,D,6609,100,6609,1,0
D,E,D,9423,100,9423,1,0
D,F,D,12865,100,12865,1,0
D,G,D,6834,100,6834,1,0
D,H,D,1424,100,1424,1,0
A,E,E,1419,100,1419,1,0
B,E,E,7084,100,7084,1,0
C,E,E,7570,100,7570,1,0
D,E,E,9363,100,9363,1,0
E,F,E,7003,100,7003,1,0
E,G,E,7310,100,7310,1,0
E,H,E,9649,100,9649,1,0
A,F,F,7408,100,7408,1,0
B,F,F,1410,100,1410,1,0
C,F,F,7094,100,7094,1,0
D,F,F,12862,100,12862,1,0
E,F,F,7036,100,7036,1,0
F,G,F,6882,100,6882,1,0
F,H,F,13249,100,13249,1,0
A,G,G,7571,100,7571,1,0
B,G,G,6740,100,6740,1,0
C,G,G,1354,100,1354,1,0
D,G,G,6811,100,6811,1,0
E,G,G,7334,100,7334,1,0
F,G,G,6892,100,6892,1,0
G,H,G,7076,100,7076,1,0
A,H,H,9720,100,9720,1,0
B,H,H,13015,100,13015,1,0
C,H,H,7071,100,7071,1,0
D,H,H,1435,100,1435,1,0
E,H,H,9647,100,9647,1,0
F,H,H,13235,100,13235,1,0
G,H,H,7014,100,7014,1,0
A,B,A,7140,100,7140,1,0
A,C,A,7589,100,7589,1,0
A,D,A,9206,100,9206,1,0
A,E,A,1367,100,1367,1,0
A,F,A,7398,100,7398,1,0
A,G,A,7624,100,7624,1,0
A,H,A,9707,100,9707,1,0
A,B,B,7158,100,7158,1,0
B,C,B,6715,100,6715,1,0
B,D,B,12484,100,12484,1,0
B,E,B,7040,100,7040,1,0
B,F,B,1417,100,1417,1,0
B,G,B,6720,100,6720,1,0
B,H,B,13078,100,13078,1,0
A,C,C,7604,100,7604,1,0
B,C,C,6706,100,6706,1,0
C,D,C,6588,100,6588,1,0
C,E,C,7537,100,7537,1,0
C,F,C,7118,100,7118,1,0
C,G,C,1382,100,1382,1,0
C,H,C,7102,100,7102,1,0
A,D,D,9209,100,9209,1,0
B,D,D,12542,100,12542,1,0
C,D,D,6615,100,6615,1,0
D,E,D,9331,100,9331,1,0
D,F,D,12886,100,12886,1,0
D,G,D,6823,100,6823,1,0
D,H,D,1479,100,1479,1,0
A,E,E,1364,100,1364,1,0
B,E,E,7093,100,7093,1,0
C,E,E,7556,100,7556,1,0
D,E,E,9302,100,9302,1,0
E,F,E,7001,100,7001,1,0
E,G,E,7301,100,7301,1,0
E,H,E,9705,100,9705,1,0
A,F,F,7347,100,7347,1,0
B,F,F,1410,100,1410,1,0
C,F,F,7134,100,7134,1,0
D,F,F,12876,100,12876,1,0
E,F,F,6992,100,6992,1,0
F,G,F,6892,100,6892,1,0
F,H,F,13191,100,13191,1,0
A,G,G,7569,100,7569,1,0
B,G,G,6733,100,6733,1,0
C,G,G,1352,100,1352,1,0
D,G,G,6797,100,6797,1,0
E,G,G,7316,100,7316,1,0
F,G,G,6875,100,6875,1,0
G,H,G,7025,100,7025,1,0
A,H,H,9700,100,9700,1,0
B,H,H,13021,100,13021,1,0
C,H,H,7115,100,7115,1,0
D,H,H,1389,100,1389,1,0
E,H,H,9666,100,9666,1,0
F,H,H,13204,100,13204,1,0
G,H,H,7040,100,7040,1,0
A,B,A,7146,100,7146,1,0
A,C,A,7534,100,7534,1,0
A,D,A,9219,100,9219,1,0
A,E,A,1341,100,1341,1,0
A,F,A,7403,100,7403,1,0
A,G,A,7568,100,7568,1,0
A,H,A,9673,100,9673,1,0
A,B,B,7135,100,7135,1,0
B,C,B,6714,100,6714,1,0
B,D,B,12529,100,12529,1,0
B,E,B,7074,100,7074,1,0
B,F,B,1472,100,1472,1,0
B,G,B,6752,100,6752,1,0
B,H,B,13003,100,13003,1,0
A,C,C,7574,100,7574,1,0
B,C,C,6741,100,6741,1,0
C,D,C,6598,100,6598,1,0
C,E,C,7563,100,7563,1,0
C,F,C,7127,100,7127,1,0
C,G,C,1378,100,1378,1,0
C,H,C,7100,100,7100,1,0
A,D,D,9178,100,9178,1,0
B,D,D,12498,100,12498,1,0
C,D,D,6589,100,6589,1,0
D,E,D,9378,100,9378,1,0
D,F,D,12837,100,12837,1,0
D,G,D,6810,100,6810,1,0
D,H,D,1426,100,1426,1,0
A,E,E,1408,100,1408,1,0
B,E,E,7046,100,7046,1,0
C,E,E,7582,100,7582,1,0
D,E,E,9421,100,9421,1,0
E,F,E,6990,100,6990,1,0
E,G,E,7316,100,7316,1,0
E,H,E,9652,100,9652,1,0
A,F,F,7361,100,7361,1,0
B,F,F,1448,100,1448,1,0
C,F,F,7152,100,7152,1,0
D,F,F,12887,100,12887,1,0
E,F,F,7019,100,7019,1,0
F,G,F,6892,100,6892,1,0
F,H,F,13214,100,13214,1,0
A,G,G,7581,100,7581,1,0
B,G,G,6731,100,6731,1,0
C,G,G,1354,100,1354,1,0
D,G,G,6836,100,6836,1,0
E,G,G,7306,100,7306,1,0
F,G,G,6896,100,6896,1,0
G,H,G,7058,100,7058,1,0
A,H,H,9689,100,9689,1,0
B,H,H,13038,100,13038,1,0
C,H,H,7077,100,7077,1,0
D,H,H,1442,100,1442,1,0
E,H,H,9659,100,9659,1,0
F,H,H,13243,100,13243,1,0
G,H,H,7033,100,7033,1,0
A,B,A,7183,100,7183,1,0
A,C,A,7531,100,7531,1,0
A,D,A,9206,100,9206,1,0
A,E,A,1383,100,1383,1,0
A,F,A,7390,100,7390,1,0
A,G,A,7560,100,7560,1,0
A,H,A,9717,100,9717,1,0
A,B,B,7151,100,7151,1,0
B,C,B,6725,100,6725,1,0
B,D,B,12522,100,12522,1,0
B,E,B,7046,100,7046,1,0
B,F,B,1404,100,1404,1,0
B,G,B,6749,100,6749,1,0
B,H,B,13081,100,13081,1,0
A,C,C,7520,100,7520,1,0
B,C,C,6710,100,6710,1,0
C,D,C,6590,100,6590,1,0
C,E,C,7527,100,7527,1,0
C,F,C,7134,100,7134,1,0
C,G,C,1361,100,1361,1,0
C,H,C,7120,100,7120,1,0
A,D,D,9198,100,9198,1,0
B,D,D,12528,100,12528,1,0
C,D,D,6619,100,6619,1,0
D,E,D,9408,100,9408,1,0
D,F,D,12874,100,12874,1,0
D,G,D,6824,100,6824,1,0
D,H,D,1466,100,1466,1,0
A,E,E,1419,100,1419,1,0
B,E,E,7056,100,7056,1,0
C,E,E,7556,100,7556,1,0
D,E,E,9371,100,9371,1,0
E,F,E,6964,100,6964,1,0
E,G,E,7294,100,7294,1,0
E,H,E,9652,100,9652,1,0
A,F,F,7364,100,7364,1,0
B,F,F,1442,100,1442,1,0
C,F,F,7133,100,7133,1,0
D,F,F,12876,100,12876,1,0
E,F,F,6981,100,6981,1,0
F,G,F,6877,100,6877,1,0
F,H,F,13251,100,13251,1,0
A,G,G,7583,100,7583,1,0
B,G,G,6771,100,6771,1,0
C,G,G,1310,100,1310,1,0
D,G,G,6787,100,6787,1,0
E,G,G,7309,100,7309,1,0
F,G,G,6881,100,6881,1,0
G,H,G,7077,100,7077,1,0
A,H,H,9732,100,9732,1,0
B,H,H,13045,100,13045,1,0
C,H,H,7113,100,7113,1,0
D,H,H,1464,100,1464,1,0
E,H,H,9671,100,9671,1,0
F,H,H,13218,100,13218,1,0
G,H,H,7022,100,7022,1,0
A,B,A,7137,100,7137,1,0
A,C,A,7544,100,7544,1,0
A,D,A,9207,100,9207,1,0
A,E,A,1409,100,1409,1,0
A,F,A,7379,100,7379,1,0
A,G,A,7591,100,7591,1,0
A,H,A,9701,100,9701,1,0
A,B,B,7127,100,7127,1,0
B,C,B,6771,100,6771,1,0
B,D,B,12524,100,12524,1,0
B,E,B,7035,100,7035,1,0
B,F,B,1423,100,1423,1,0
B,G,B,6760,100,6760,1,0
B,H,B,13064,100,13064,1,0
A,C,C,7569,100,7569,1,0
B,C,C,6725,100,6725,1,0
C,D,C,6617,100,6617,1,0
C,E,C,7553,100,7553,1,0
C,F,C,7113,100,7113,1,0
C,G,C,1381,100,1381,1,0
C,H,C,7127,100,7127,1,0
A,D,D,9205,100,9205,1,0
B,D,D,12488,100,12488,1,0
C,D,D,6587,100,6587,1,0
D,E,D,9421,100,9421,1,0
D,F,D,12868,100,12868,1,0
D,G,D,6772,100,6772,1,0
D,H,D,1432,100,1432,1,0
A,E,E,1421,100,1421,1,0
B,E,E,7026,100,7026,1,0
C,E,E,7546,100,7546,1,0
D,E,E,9390,100,9390,1,0
E,F,E,6983,100,6983,1,0
E,G,E,7318,100,7318,1,0
E,H,E,9658,100,9658,1,0
A,F,F,7406,100,7406,1,0
B,F,F,1447,100,1447,1,0
C,F,F,7107,100,7107,1,0
D,F,F,12909,100,12909,1,0
E,F,F,7007,100,7007,1,0
F,G,F,6880,100,6880,1,0
F,H,F,13197,100,13197,1,0
A,G,G,7602,100,7602,1,0
B,G,G,6771,100,6771,1,0
C,G,G,1334,100,1334,1,0
D,G,G,6849,100,6849,1,0
E,G,G,7306,100,7306,1,0
F,G,G,6866,100,6866,1,0
G,H,G,7018,100,7018,1,0
A,H,H,9651,100,9651,1,0
B,H,H,13015,100,13015,1,0
C,H,H,7152,100,7152,1,0
D,H,H,1375,100,1375,1,0
E,H,H,9639,100,9639,1,0
F,H,H,13260,100,13260,1,0
G,H,H,7055,100,7055,1,0
A,B,A,7129,100,7129,1,0
A,C,A,7560,100,7560,1,0
A,D,A,9174,100,9174,1,0
A,E,A,1412,100,1412,1,0
A,F,A,7413,100,7413,1,0
A,G,A,7571,100,7571,1,0
A,H,A,9711,100,9711,1,0
A,B,B,7160,100,7160,1,0
B,C,B,6724,100,6724,1,0
B,D,B,12577,100,12577,1,0
B,E,B,7040,100,7040,1,0
B,F,B,1426,100,1426,1,0
B,G,B,6700,100,6700,1,0
B,H,B,13032,100,13032,1,0
A,C,C,7579,100,7579,1,0
B,C,C,6700,100,6700,1,0
C,D,C,6608,100,6608,1,0
C,E,C,7558,100,7558,1,0
C,F,C,7121,100,7121,1,0
C,G,C,1392,100,1392,1,0
C,H,C,7090,100,7090,1,0
A,D,D,9217,100,9217,1,0
B,D,D,12558,100,12558,1,0
C,D,D,6609,100,6609,1,0
D,E,D,9334,100,9334,1,0
D,F,D,12885,100,12885,1,0
D,G,D,6844,100,6844,1,0
D,H,D,1427,100,1427,1,0
A,E,E,1392,100,1392,1,0
B,E,E,7005,100,7005,1,0
C,E,E,7525,100,7525,1,0
D,E,E,9307,100,9307,1,0
E,F,E,7005,100,7005,1,0
E,G,E,7288,100,7288,1,0
E,H,E,9679,100,9679,1,0
A,F,F,7383,100,7383,1,0
B,F,F,1411,100,1411,1,0
C,F,F,7118,100,7118,1,0
D,F,F,12894,100,12894,1,0
E,F,F,7023,100,7023,1,0
F,G,F,6892,100,6892,1,0
F,H,F,13246,100,13246,1,0
A,G,G,7596,100,7596,1,0
B,G,G,6747,100,6747,1,0
C,G,G,1328,100,1328,1,0
D,G,G,6787,100,6787,1,0
E,G,G,7331,100,7331,1,0
F,G,G,6893,100,6893,1,0
G,H,G,7038,100,7038,1,0
A,H,H,9693,100,9693,1,0
B,H,H,13006,100,13006,1,0
C,H,H,7160,100,7160,1,0
D,H,H,1458,100,1458,1,0
E,H,H,9702,100,9702,1,0
F,H,H,13223,100,13223,1,0
G,H,H,7062,100,7062,1,0
A,B,A,7132,100,7132,1,0
A,C,A,7605,100,7605,1,0
A,D,A,9194,100,9194,1,0
A,E,A,1341,100,1341,1,0
A,F,A,7374,100,7374,1,0
A,G,A,7549,100,7549,1,0
A,H,A,9656,100,9656,1,0
A,B,B,7152,100,7152,1,0
B,C,B,6701,100,6701,1,0
B,D,B,12555,100,12555,1,0
B,E,B,7057,100,7057,1,0
B,F,B,1436,100,1436,1,0
B,G,B,6780,100,6780,1,0
B,H,B,13040,100,13040,1,0
A,C,C,7594,100,7594,1,0
B,C,C,6710,100,6710,1,0
C,D,C,6577,100,6577,1,0
C,E,C,7523,100,7523,1,0
C,F,C,7120,100,7120,1,0
C,G,C,1390,100,1390,1,0
C,H,C,7119,100,7119,1,0
A,D,D,9205,100,9205,1,0
B,D,D,12550,100,12550,1,0
C,D,D,6602,100,6602,1,0
D,E,D,9391,100,9391,1,0
D,F,D,12855,100,12855,1,0
D,G,D,6823,100,6823,1,0
D,H,D,1444,100,1444,1,0
A,E,E,1361,100,1361,1,0
B,E,E,7043,100,7043,1,0
C,E,E,7558,100,7558,1,0
D,E,E,9358,100,9358,1,0
E,F,E,7022,100,7022,1,0
E,G,E,7302,100,7302,1,0
E,H,E,9627,100,9627,1,0
A,F,F,7342,100,7342,1,0
B,F,F,1409,100,1409,1,0
C,F,F,7116,100,7116,1,0
D,F,F,12904,100,12904,1,0
E,F,F,7010,100,7010,1,0
F,G,F,6902,100,6902,1,0
F,H,F,13212,100,13212,1,0
A,G,G,7567,100,7567,1,0
B,G,G,6714,100,6714,1,0
C,G,G,1351,100,1351,1,0
D,G,G,6834,100,6834,1,0
E,G,G,7314,100,7314,1,0
F,G,G,6897,100,6897,1,0
G,H,G,7019,100,7019,1,0
A,H,H,9736,100,9736,1,0
B,H,H,13040,100,13040,1,0
C,H,H,7144,100,7144,1,0
D,H,H,1476,100,1476,1,0
E,H,H,9683,100,9683,1,0
F,H,H,13206,100,13206,1,0
G,H,H,7021,100,7021,1,0
A,B,A,7154,100,7154,1,0
A,C,A,7562,100,7562,1,0
A,D,A,9213,100,9213,1,0
A,E,A,1391,100,1391,1,0
A,F,A,7383,100,7383,1,0
A,G,A,7567,100,7567,1,0
A,H,A,9719,100,9719,1,0
A,B,B,7155,100,7155,1,0
B,C,B,6717,100,6717,1,0
B,D,B,12524,100,12524,1,0
B,E,B,7019,100,7019,1,0
B,F,B,1447,100,1447,1,0
B,G,B,6759,100,6759,1,0
B,H,B,13079,100,13079,1,0
A,C,C,7627,100,7627,1,0
B,C,C,6736,100,6736,1,0
C,D,C,6608,100,6608,1,0
C,E,C,7543,100,7543,1,0
C,F,C,7121,100,7121,1,0
C,G,C,1338,100,1338,1,0
C,H,C,7148,100,7148,1,0
A,D,D,9211,100,9211,1,0
B,D,D,12553,100,12553,1,0
C,D,D,6635,100,6635,1,0
D,E,D,9330,100,9330,1,0
D,F,D,12885,100,12885,1,0
D,G,D,6792,100,6792,1,0
D,H,D,1417,100,1417,1,0
A,E,E,1369,100,1369,1,0
B,E,E,7027,100,7027,1,0
C,E,E,7547,100,7547,1,0
D,E,E,9395,100,9395,1,0
E,F,E,7031,100,7031,1,0
E,G,E,7306,100,7306,1,0
E,H,E,9673,100,9673,1,0
A,F,F,7403,100,7403,1,0
B,F,F,1430,100,1430,1,0
C,F,F,7135,100,7135,1,0
D,F,F,12876,100,12876,1,0
E,F,F,7002,100,7002,1,0
F,G,F,6889,100,6889,1,0
F,H,F,13226,100,13226,1,0
A,G,G,7601,100,7601,1,0
B,G,G,6764,100,6764,1,0
C,G,G,1320,100,1320,1,0
D,G,G,6800,100,6800,1,0
E,G,G,7312,100,7312,1,0
F,G,G,6886,100,6886,1,0
G,H,G,7060,100,7060,1,0
A,H,H,9720,100,9720,1,0
B,H,H,13072,100,13072,1,0
C,H,H,7058,100,7058,1,0
D,H,H,1461,100,1461,1,0
E,H,H,9647,100,9647,1,0
F,H,H,13288,100,13288,1,0
G,H,H,7054,100,7054,1,0
A,B,A,7155,100,7155,1,0
A,C,A,7578,100,7578,1,0
A,D,A,9206,100,9206,1,0
A,E,A,1352,100,1352,1,0
A,F,A,7385,100,7385,1,0
A,G,A,7602,100,7602,1,0
A,H,A,9689,100,9689,1,0
A,B,B,7125,100,7125,1,0
B,C,B,6743,100,6743,1,0
B,D,B,12519,100,12519,1,0
B,E,B,7031,100,7031,1,0
B,F,B,1401,100,1401,1,0
B,G,B,6739,100,6739,1,0
B,H,B,13050,100,13050,1,0
A,C,C,7561,100,7561,1,0
B,C,C,6692,100,6692,1,0
C,D,C,6574,100,6574,1,0
C,E,C,7549,100,7549,1,0
C,F,C,7139,100,7139,1,0
C,G,C,1382,100,1382,1,0
C,H,C,7112,100,7112,1,0
A,D,D,9228,100,9228,1,0
B,D,D,12527,100,12527,1,0
C,D,D,6585,100,6585,1,0
D,E,D,9380,100,9380,1,0
D,F,D,12869,100,12869,1,0
D,G,D,6838,100,6838,1,0
D,H,D,1409,100,1409,1,0
A,E,E,1345,100,1345,1,0
B,E,E,7056,100,7056,1,0
C,E,E,7557,100,7557,1,0
D,E,E,9355,100,9355,1,0
E,F,E,7016,100,7016,1,0
E,G,E,7277,100,7277,1,0
E,H,E,9630,100,9630,1,0
A,F,F,7404,100,7404,1,0
B,F,F,1401,100,1401,1,0
C,F,F,7134,100,7134,1,0
D,F,F,12864,100,12864,1,0
E,F,F,6982,100,6982,1,0
F,G,F,6902,100,6902,1,0
F,H,F,13218,100,13218,1,0
A,G,G,7574,100,7574,1,0
B,G,G,6774,100,6774,1,0
C,G,G,1351,100,1351,1,0
D,G,G,6790,100,6790,1,0
E,G,G,7313,100,7313,1,0
F,G,G,6855,100,6855,1,0
G,H,G,7073,100,7073,1,0
A,H,H,9691,100,9691,1,0
B,H,H,13039,100,13039,1,0
C,H,H,7110,100,7110,1,0
D,H,H,1482,100,1482,1,0
E,H,H,9651,100,9651,1,0
F,H,H,13268,100,13268,1,0
G,H,H,7029,100,7029,1,0
A,B,A,7169,100,7169,1,0
A,C,A,7631,100,7631,1,0
A,D,A,9212,100,9212,1,0
A,E,A,1375,100,1375,1,0
A,F,A,7383,100,7383,1,0
A,G,A,7570,100,7570,1,0
A,H,A,9761,100,9761,1,0
A,B,B,7210,100,7210,1,0
B,C,B,6675,100,6675,1,0
B,D,B,12508,100,12508,1,0
B,E,B,6998,100,6998,1,0
B,F,B,1447,100,1447,1,0
B,G,B,6742,100,6742,1,0
B,H,B,12993,100,12993,1,0
A,C,C,7555,100,7555,1,0
B,C,C,6736,100,6736,1,0
C,D,C,6624,100,6624,1,0
C,E,C,7531,100,7531,1,0
C,F,C,7131,100,7131,1,0
C,G,C,1400,100,1400,1,0
C,H,C,7148,100,7148,1,0
A,D,D,9195,100,9195,1,0
B,D,D,12526,100,12526,1,0
C,D,D,6617,100,6617,1,0
D,E,D,9307,100,9307,1,0
D,F,D,12840,100,12840,1,0
D,G,D,6793,100,6793,1,0
D,H,D,1532,100,1532,1,0
A,E,E,1376,100,1376,1,0
B,E,E,7049,100,7049,1,0
C,E,E,7539,100,7539,1,0
D,E,E,9370,100,9370,1,0
E,F,E,6982,100,6982,1,0
E,G,E,7306,100,7306,1,0
E,H,E,9670,100,9670,1,0
A,F,F,7358,100,7358,1,0
B,F,F,1467,100,1467,1,0
C,F,F,7127,100,7127,1,0
D,F,F,12859,100,12859,1,0
E,F,F,7009,100,7009,1,0
F,G,F,6882,100,6882,1,0
F,H,F,13250,100,13250,1,0
A,G,G,7601,100,7601,1,0
B,G,G,6763,100,6763,1,0
C,G,G,1338,100,1338,1,0
D,G,G,6833,100,6833,1,0
E,G,G,7288,100,7288,1,0
F,G,G,6898,100,6898,1,0
G,H,G,7087,100,7087,1,0
A,H,H,9669,100,9669,1,0
B,H,H,12994,100,12994,1,0
C,H,H,7133,100,7133,1,0
D,H,H,1474,100,1474,1,0
E,H,H,9663,100,9663,1,0
F,H,H,13249,100,13249,1,0
G,H,H,7038,100,7038,1,0
A,B,A,7129,100,7129,1,0
A,C,A,7581,100,7581,1,0
A,D,A,9194,100,9194,1,0
A,E,A,1417,100,1417,1,0
A,F,A,7389,100,7389,1,0
A,G,A,7564,100,7564,1,0
A,H,A,9683,100,9683,1,0
A,B,B,7172,100,7172,1,0
B,C,B,6731,100,6731,1,0
B,D,B,12563,100,12563,1,0
B,E,B,7055,100,7055,1,0
B,F,B,1430,100,1430,1,0
B,G,B,6749,100,6749,1,0
B,H,B,13033,100,13033,1,0
A,C,C,7588,100,7588,1,0
B,C,C,6713,100,6713,1,0
C,D,C,6590,100,6590,1,0
C,E,C,7575,100,7575,1,0
C,F,C,7112,100,7112,1,0
C,G,C,1336,100,1336,1,0
C,H,C,7086,100,7086,1,0
A,D,D,9221,100,9221,1,0
B,D,D,12490,100,12490,1,0
C,D,D,6602,100,6602,1,0
D,E,D,9360,100,9360,1,0
D,F,D,12875,100,12875,1,0
D,G,D,6797,100,6797,1,0
D,H,D,1438,100,1438,1,0
A,E,E,1348,100,1348,1,0
B,E,E,7031,100,7031,1,0
C,E,E,7576,100,7576,1,0
D,E,E,9335,100,9335,1,0
E,F,E,7035,100,7035,1,0
E,G,E,7310,100,7310,1,0
E,H,E,9658,100,9658,1,0
A,F,F,7401,100,7401,1,0
B,F,F,1468,100,1468,1,0
C,F,F,7126,100,7126,1,0
D,F,F,12862,100,12862,1,0
E,F,F,7011,100,7011,1,0
F,G,F,6898,100,6898,1,0
F,H,F,13240,100,13240,1,0
A,G,G,7596,100,7596,1,0
B,G,G,6744,100,6744,1,0
C,G,G,1374,100,1374,1,0
D,G,G,6822,100,6822,1,0
E,G,G,7306,100,7306,1,0
F,G,G,6860,100,6860,1,0
G,H,G,7033,100,7033,1,0
A,H,H,9696,100,9696,1,0
B,H,H,13061,100,13061,1,0
C,H,H,7071,100,7071,1,0
D,H,H,1400,100,1400,1,0
E,H,H,9640,100,9640,1,0
F,H,H,13223,100,13223,1,0
G,H,H,7043,100,7043,1,0
A,B,A,7127,100,7127,1,0
A,C,A,7539,100,7539,1,0
A,D,A,9206,100,9206,1,0
A,E,A,1389,100,1389,1,0
A,F,A,7366,100,7366,1,0
A,G,A,7605,100,7605,1,0
A,H,A,9745,100,9745,1,0
A,B,B,7131,100,7131,1,0
B,C,B,6714,100,6714,1,0
B,D,B,12516,100,12516,1,0
B,E,B,7036,100,7036,1,0
B,F,B,1428,100,1428,1,0
B,G,B,6795,100,6795,1,0
B,H,B,13062,100,13062,1,0
A,C,C,7560,100,7560,1,0
B,C,C,6699,100,6699,1,0
C,D,C,6614,100,6614,1,0
C,E,C,7523,100,7523,1,0
C,F,C,7099,100,7099,1,0
C,G,C,1401,100,1401,1,0
C,H,C,7050,100,7050,1,0
A,D,D,9177,100,9177,1,0
B,D,D,12521,100,12521,1,0
C,D,D,6572,100,6572,1,0
D,E,D,9351,100,9351,1,0
D,F,D,12861,100,12861,1,0
D,G,D,6766,100,6766,1,0
D,H,D,1461,100,1461,1,0
A,E,E,1371,100,1371,1,0
B,E,E,7077,100,7077,1,0
C,E,E,7584,100,7584,1,0
D,E,E,9310,100,9310,1,0
E,F,E,6995,100,6995,1,0
E,G,E,7287,100,7287,1,0
E,H,E,9658,100,9658,1,0
A,F,F,7365,100,7365,1,0
B,F,F,1425,100,1425,1,0
C,F,F,7134,100,7134,1,0
D,F,F,12880,100,12880,1,0
E,F,F,7052,100,7052,1,0
F,G,F,6881,100,6881,1,0
F,H,F,13196,100,13196,1,0
A,G,G,7591,100,7591,1,0
B,G,G,6734,100,6734,1,0
C,G,G,1351,100,1351,1,0
D,G,G,6795,100,6795,1,0
E,G,G,7282,100,7282,1,0
F,G,G,6882,100,6882,1,0
G,H,G,7054,100,7054,1,0
A,H,H,9658,100,9658,1,0
B,H,H,13030,100,13030,1,0
C,H,H,7133,100,7133,1,0
D,H,H,1471,100,1471,1,0
E,H,H,9673,100,9673,1,0
F,H,H,13258,100,13258,1,0
G,H,H,7022,100,7022,1,0
A,B,A,7183,100,7183,1,0
A,C,A,7544,100,7544,1,0
A,D,A,9216,100,9216,1,0
A,E,A,1358,100,1358,1,0
A,F,A,7373,100,7373,1,0
A,G,A,7526,100,7526,1,0
A,H,A,9697,100,9697,1,0
A,B,B,7124,100,7124,1,0
B,C,B,6702,100,6702,1,0
B,D,B,12563,100,12563,1,0
B,E,B,7069,100,7069,1,0
B,F,B,1404,100,1404,1,0
B,G,B,6793,100,6793,1,0
B,H,B,13020,100,13020,1,0
A,C,C,7572,100,7572,1,0
B,C,C,6750,100,6750,1,0
C,D,C,6576,100,6576,1,0
C,E,C,7577,100,7577,1,0
C,F,C,7141,100,7141,1,0
C,G,C,1387,100,1387,1,0
C,H,C,7125,100,7125,1,0
A,D,D,9193,100,9193,1,0
B,D,D,12552,100,12552,1,0
C,D,D,6607,100,6607,1,0
D,E,D,9418,100,9418,1,0
D,F,D,12866,100,12866,1,0
D,G,D,6833,100,6833,1,0
D,H,D,1472,100,1472,1,0
A,E,E,1431,100,1431,1,0
B,E,E,7049,100,7049,1,0
C,E,E,7548,100,7548,1,0
D,E,E,9340,100,9340,1,0
E,F,E,7016,100,7016,1,0
E,G,E,7320,100,7320,1,0
E,H,E,9627,100,9627,1,0
A,F,F,7374,100,7374,1,0
B,F,F,1425,100,1425,1,0
C,F,F,7120,100,7120,1,0
D,F,F,12857,100,12857,1,0
E,F,F,6964,100,6964,1,0
F,G,F,6897,100,6897,1,0
F,H,F,13193,100,13193,1,0
A,G,G,7591,100,7591,1,0
B,G,G,6774,100,6774,1,0
C,G,G,1407,100,1407,1,0
D,G,G,6805,100,6805,1,0
E,G,G,7293,100,7293,1,0
F,G,G,6874,100,6874,1,0
G,H,G,7046,100,7046,1,0
A,H,H,9677,100,9677,1,0
B,H,H,13103,100,13103,1,0
C,H,H,7106,100,7106,1,0
D,H,H,1441,100,1441,1,0
E,H,H,9643,100,9643,1,0
F,H,H,13261,100,13261,1,0
G,H,H,7057,100,7057,1,0
A,B,A,7154,100,7154,1,0
A,C,A,7598,100,7598,1,0
A,D,A,9191,100,9191,1,0
A,E,A,1332,100,1332,1,0
A,F,A,7376,100,7376,1,0
A,G,A,7566,100,7566,1,0
A,H,A,9713,100,9713,1,0
A,B,B,7112,100,7112,1,0
B,C,B,6714,100,6714,1,0
B,D,B,12512,100,12512,1,0
B,E,B,7042,100,7042,1,0
B,F,B,1383,100,1383,1,0
B,G,B,6789,100,6789,1,0
B,H,B,13108,100,13108,1,0
A,C,C,7593,100,7593,1,0
B,C,C,6753,100,6753,1,0
C,D,C,6600,100,6600,1,0
C,E,C,7561,100,7561,1,0
C,F,C,7135,100,7135,1,0
C,G,C,1356,100,1356,1,0
C,H,C,7113,100,7113,1,0
A,D,D,9225,100,9225,1,0
B,D,D,12544,100,12544,1,0
C,D,D,6636,100,6636,1,0
D,E,D,9373,100,9373,1,0
D,F,D,12824,100,12824,1,0
D,G,D,6772,100,6772,1,0
D,H,D,1463,100,1463,1,0
A,E,E,1412,100,1412,1,0
B,E,E,7050,100,7050,1,0
C,E,E,7542,100,7542,1,0
D,E,E,9371,100,9371,1,0
E,F,E,7016,100,7016,1,0
E,G,E,7301,100,7301,1,0
E,H,E,9710,100,9710,1,0
A,F,F,7386,100,7386,1,0
B,F,F,1442,100,1442,1,0
C,F,F,7140,100,7140,1,0
D,F,F,12894,100,12894,1,0
E,F,F,6989,100,6989,1,0
F,G,F,6881,100,6881,1,0
F,H,F,13281,100,13281,1,0
A,G,G,7570,100,7570,1,0
B,G,G,6769,100,6769,1,0
C,G,G,1323,100,1323,1,0
D,G,G,6782,100,6782,1,0
E,G,G,7308,100,7308,1,0
F,G,G,6891,100,6891,1,0
G,H,G,7038,100,7038,1,0
A,H,H,9727,100,9727,1,0
B,H,H,13110,100,13110,1,0
C,H,H,7100,100,7100,1,0
D,H,H,1430,100,1430,1,0
E,H,H,9677,100,9677,1,0
F,H,H,13241,100,13241,1,0
G,H,H,7039,100,7039,1,0
A,B,A,7175,100,7175,1,0
A,C,A,7522,100,7522,1,0
A,D,A,9219,100,9219,1,0
A,E,A,1324,100,1324,1,0
A,F,A,7358,100,7358,1,0
A,G,A,7632,100,7632,1,0
A,H,A,9728,100,9728,1,0
A,B,B,7131,100,7131,1,0
B,C,B,6718,100,6718,1,0
B,D,B,12563,100,12563,1,0
B,E,B,7043,100,7043,1,0
B,F,B,1441,100,1441,1,0
B,G,B,6788,100,6788,1,0
B,H,B,13101,100,13101,1,0
A,C,C,7617,100,7617,1,0
B,C,C,6717,100,6717,1,0
C,D,C,6617,100,6617,1,0
C,E,C,7563,100,7563,1,0
C,F,C,7134,100,7134,1,0
C,G,C,1379,100,1379,1,0
C,H,C,7125,100,7125,1,0
A,D,D,9211,100,9211,1,0
B,D,D,12535,100,12535,1,0
C,D,D,6595,100,6595,1,0
D,E,D,9378,100,9378,1,0
D,F,D,12897,100,12897,1,0
D,G,D,6806,100,6806,1,0
D,H,D,1473,100,1473,1,0
A,E,E,1378,100,1378,1,0
B,E,E,7052,100,7052,1,0
C,E,E,7507,100,7507,1,0
D,E,E,9294,100,9294,1,0
E,F,E,6999,100,6999,1,0
E,G,E,7300,100,7300,1,0
E,H,E,9616,100,9616,1,0
A,F,F,7402,100,7402,1,0
B,F,F,1448,100,1448,1,0
C,F,F,7129,100,7129,1,0
D,F,F,12855,100,12855,1,0
E,F,F,6989,100,6989,1,0
F,G,F,6865,100,6865,1,0
F,H,F,13267,100,13267,1,0
A,G,G,7535,100,7535,1,0
B,G,G,6757,100,6757,1,0
C,G,G,1371,100,1371,1,0
D,G,G,6783,100,6783,1,0
E,G,G,7313,100,7313,1,0
F,G,G,6891,100,6891,1,0
G,H,G,6986,100,6986,1,0
A,H,H,9682,100,9682,1,0
B,H,H,13068,100,13068,1,0
C,H,H,7118,100,7118,1,0
D,H,H,1408,100,1408,1,0
E,H,H,9637,100,9637,1,0
F,H,H,13223,100,13223,1,0
G,H,H,7085,100,7085,1,0
A,B,A,7196,100,7196,1,0
A,C,A,7553,100,7553,1,0
A,D,A,9190,100,9190,1,0
A,E,A,1357,100,1357,1,0
A,F,A,7347,100,7347,1,0
A,G,A,7553,100,7553,1,0
A,H,A,9674,100,9674,1,0
A,B,B,7173,100,7173,1,0
B,C,B,6699,100,6699,1,0
B,D,B,12542,100,12542,1,0
B,E,B,7040,100,7040,1,0
B,F,B,1413,100,1413,1,0
B,G,B,6747,100,6747,1,0
B,H,B,13129,100,13129,1,0
A,C,C,7568,100,7568,1,0
B,C,C,6736,100,6736,1,0
C,D,C,6590,100,6590,1,0
C,E,C,7546,100,7546,1,0
C,F,C,7125,100,7125,1,0
C,G,C,1323,100,1323,1,0
C,H,C,7119,100,7119,1,0
A,D,D,9226,100,9226,1,0
B,D,D,12539,100,12539,1,0
C,D,D,6613,100,6613,1,0
D,E,D,9350,100,9350,1,0
D,F,D,12872,100,12872,1,0
D,G,D,6813,100,6813,1,0
D,H,D,1388,100,1388,1,0
A,E,E,1375,100,1375,1,0
B,E,E,7032,100,7032,1,0
C,E,E,7548,100,7548,1,0
D,E,E,9430,100,9430,1,0
E,F,E,7028,100,7028,1,0
E,G,E,7281,100,7281,1,0
E,H,E,9644,100,9644,1,0
A,F,F,7411,100,7411,1,0
B,F,F,1438,100,1438,1,0
C,F,F,7117,100,7117,1,0
D,F,F,12857,100,12857,1,0
E,F,F,7031,100,7031,1,0
F,G,F,6887,100,6887,1,0
F,H,F,13277,100,13277,1,0
A,G,G,7571,100,7571,1,0
B,G,G,6740,100,6740,1,0
C,G,G,1397,100,1397,1,0
D,G,G,6807,100,6807,1,0
E,G,G,7266,100,7266,1,0
F,G,G,6872,100,6872,1,0
G,H,G,7085,100,7085,1,0
A,H,H,9688,100,9688,1,0
B,H,H,13007,100,13007,1,0
C,H,H,7094,100,7094,1,0
D,H,H,1474,100,1474,1,0
E,H,H,9635,100,9635,1,0
F,H,H,13238,100,13238,1,0
G,H,H,7076,100,7076,1,0
A,B,A,7136,100,7136,1,0
A,C,A,7560,100,7560,1,0
A,D,A,9204,100,9204,1,0
A,E,A,1374,100,1374,1,0
A,F,A,7413,100,7413,1,0
A,G,A,7570,100,7570,1,0
A,H,A,9716,100,9716,1,0
A,B,B,7173,100,7173,1,0
B,C,B,6733,100,6733,1,0
B,D,B,12537,100,12537,1,0
B,E,B,7028,100,7028,1,0
B,F,B,1428,100,1428,1,0
B,G,B,6724,100,6724,1,0
B,H,B,13044,100,13044,1,0
A,C,C,7592,100,7592,1,0
B,C,C,6720,100,6720,1,0
C,D,C,6590,100,6590,1,0
C,E,C,7511,100,7511,1,0
C,F,C,7087,100,7087,1,0
C,G,C,1337,100,1337,1,0
C,H,C,7133,100,7133,1,0
A,D,D,9181,100,9181,1,0
B,D,D,12529,100,12529,1,0
C,D,D,6600,100,6600,1,0
D,E,D,9353,100,9353,1,0
D,F,D,12862,100,12862,1,0
D,G,D,6767,100,6767,1,0
D,H,D,1398,100,1398,1,0
A,E,E,1405,100,1405,1,0
B,E,E,7036,100,7036,1,0
C,E,E,7589,100,7589,1,0
D,E,E,9340,100,9340,1,0
E,F,E,7015,100,7015,1,0
E,G,E,7303,100,7303,1,0
E,H,E,9667,100,9667,1,0
A,F,F,7356,100,7356,1,0
B,F,F,1407,100,1407,1,0
C,F,F,7093,100,7093,1,0
D,F,F,12878,100,12878,1,0
E,F,F,6983,100,6983,1,0
F,G,F,6871,100,6871,1,0
F,H,F,13259,100,13259,1,0
A,G,G,7568,100,7568,1,0
B,G,G,6785,100,6785,1,0
C,G,G,1361,100,1361,1,0
D,G,G,6803,100,6803,1,0
E,G,G,7310,100,7310,1,0
F,G,G,6866,100,6866,1,0
G,H,G,7015,100,7015,1,0
A,H,H,9682,100,9682,1,0
B,H,H,13048,100,13048,1,0
C,H,H,7100,100,7100,1,0
D,H,H,1423,100,1423,1,0
E,H,H,9660,100,9660,1,0
F,H,H,13260,100,13260,1,0
G,H,H,7009,100,7009,1,0
A,B,A,7162,100,7162,1,0
A,C,A,7550,100,7550,1,0
A,D,A,9211,100,9211,1,0
A,E,A,1401,100,1401,1,0
A,F,A,7395,100,7395,1,0
A,G,A,7587,100,7587,1,0
A,H,A,9690,100,9690,1,0
A,B,B,7152,100,7152,1,0
B,C,B,6685,100,6685,1,0
B,D,B,12478,100,12478,1,0
B,E,B,7032,100,7032,1,0
B,F,B,1392,100,1392,1,0
B,G,B,6773,100,6773,1,0
B,H,B,13068,100,13068,1,0
A,C,C,7568,100,7568,1,0
B,C,C,6715,100,6715,1,0
C,D,C,6589,100,6589,1,0
C,E,C,7583,100,7583,1,0
C,F,C,7136,100,7136,1,0
C,G,C,1366,100,1366,1,0
C,H,C,7128,100,7128,1,0
A,D,D,9189,100,9189,1,0
B,D,D,12515,100,12515,1,0
C,D,D,6607,100,6607,1,0
D,E,D,9363,100,9363,1,0
D,F,D,12842,100,12842,1,0
D,G,D,6851,100,6851,1,0
D,H,D,1479,100,1479,1,0
A,E,E,1328,100,1328,1,0
B,E,E,7026,100,7026,1,0
C,E,E,7502,100,7502,1,0
D,E,E,9369,100,9369,1,0
E,F,E,6986,100,6986,1,0
E,G,E,7307,100,7307,1,0
E,H,E,9624,100,9624,1,0
A,F,F,7389,100,7389,1,0
B,F,F,1416,100,1416,1,0
C,F,F,7147,100,7147,1,0
D,F,F,12878,100,12878,1,0
E,F,F,7036,100,7036,1,0
F,G,F,6902,100,6902,1,0
F,H,F,13241,100,13241,1,0
A,G,G,7581,100,7581,1,0
B,G,G,6726,100,6726,1,0
C,G,G,1358,100,1358,1,0
D,G,G,6780,100,6780,1,0
E,G,G,7318,100,7318,1,0
F,G,G,6878,100,6878,1,0
G,H,G,7037,100,7037,1,0
A,H,H,9701,100,9701,1,0
B,H,H,13064,100,13064,1,0
C,H,H,7061,100,7061,1,0
D,H,H,1496,100,1496,1,0
E,H,H,9654,100,9654,1,0
F,H,H,13239,100,13239,1,0
G,H,H,7079,100,7079,1,0
A,B,A,7185,100,7185,1,0
A,C,A,7575,100,7575,1,0
A,D,A,9176,100,9176,1,0
A,E,A,1396,100,1396,1,0
A,F,A,7334,100,7334,1,0
A,G,A,7536,100,7536,1,0
A,H,A,9708,100,9708,1,0
A,B,B,7133,100,7133,1,0
B,C,B,6681,100,6681,1,0
B,D,B,12536,100,12536,1,0
B,E,B,7047,100,7047,1,0
B,F,B,1412,100,1412,1,0
B,G,B,6758,100,6758,1,0
B,H,B,13084,100,13084,1,0
A,C,C,7595,100,7595,1,0
B,C,C,6715,100,6715,1,0
C,D,C,6606,100,6606,1,0
C,E,C,7556,100,7556,1,0
C,F,C,7130,100,7130,1,0
C,G,C,1403,100,1403,1,0
C,H,C,7116,100,7116,1,0
A,D,D,9193,100,9193,1,0
B,D,D,12502,100,12502,1,0
C,D,D,6571,100,6571,1,0
D,E,D,9310,100,9310,1,0
D,F,D,12875,100,12875,1,0
D,G,D,6819,100,6819,1,0
D,H,D,1441,100,1441,1,0
A,E,E,1435,100,1435,1,0
B,E,E,6984,100,6984,1,0
C,E,E,7485,100,7485,1,0
D,E,E,9350,100,9350,1,0
E,F,E,6997,100,6997,1,0
E,G,E,7296,100,7296,1,0
E,H,E,9664,100,9664,1,0
A,F,F,7367,100,7367,1,0
B,F,F,1416,100,1416,1,0
C,F,F,7107,100,7107,1,0
D,F,F,12855,100,12855,1,0
E,F,F,6983,100,6983,1,0
F,G,F,6877,100,6877,1,0
F,H,F,13230,100,13230,1,0
A,G,G,7595,100,7595,1,0
B,G,G,6757,100,6757,1,0
C,G,G,1343,100,1343,1,0
D,G,G,6822,100,6822,1,0
E,G,G,7297,100,7297,1,0
F,G,G,6895,100,6895,1,0
G,H,G,7044,100,7044,1,0
A,H,H,9727,100,9727,1,0
B,H,H,13063,100,13063,1,0
C,H,H,7051,100,7051,1,0
D,H,H,1463,100,1463,1,0
E,H,H,9675,100,9675,1,0
F,H,H,13259,100,13259,1,0
G,H,H,7083,100,7083,1,0
A,B,A,7142,100,7142,1,0
A,C,A,7524,100,7524,1,0
A,D,A,9216,100,9216,1,0
A,E,A,1379,100,1379,1,0
A,F,A,7403,100,7403,1,0
A,G,A,7593,100,7593,1,0
A,H,A,9699,100,9699,1,0
A,B,B,7170,100,7170,1,0
B,C,B,6741,100,6741,1,0
B,D,B,12526,100,12526,1,0
B,E,B,7075,100,7075,1,0
B,F,B,1413,100,1413,1,0
B,G,B,6778,100,6778,1,0
B,H,B,13023,100,13023,1,0
A,C,C,7602,100,7602,1,0
B,C,C,6738,100,6738,1,0
C,D,C,6625,100,6625,1,0
C,E,C,7541,100,7541,1,0
C,F,C,7126,100,7126,1,0
C,G,C,1326,100,1326,1,0
C,H,C,7108,100,7108,1,0
A,D,D,9186,100,9186,1,0
B,D,D,12519,100,12519,1,0
C,D,D,6590,100,6590,1,0
D,E,D,9305,100,9305,1,0
D,F,D,12857,100,12857,1,0
D,G,D,6847,100,6847,1,0
D,H,D,1381,100,1381,1,0
A,E,E,1342,100,1342,1,0
B,E,E,7032,100,7032,1,0
C,E,E,7540,100,7540,1,0
D,E,E,9383,100,9383,1,0
E,F,E,7039,100,7039,1,0
E,G,E,7280,100,7280,1,0
E,H,E,9641,100,9641,1,0
A,F,F,7411,100,7411,1,0
B,F,F,1435,100,1435,1,0
C,F,F,7145,100,7145,1,0
D,F,F,12883,100,12883,1,0
E,F,F,7005,100,7005,1,0
F,G,F,6872,100,6872,1,0
F,H,F,13244,100,13244,1,0
A,G,G,7565,100,7565,1,0
B,G,G,6772,100,6772,1,0
C,G,G,1363,100,1363,1,0
D,G,G,6791,100,6791,1,0
E,G,G,7320,100,7320,1,0
F,G,G,6891,100,6891,1,0
G,H,G,7061,100,7061,1,0
A,H,H,9684,100,9684,1,0
B,H,H,13073,100,13073,1,0
C,H,H,7094,100,7094,1,0
D,H,H,1442,100,1442,1,0
E,H,H,9659,100,9659,1,0
F,H,H,13243,100,13243,1,0
G,H,H,7050,100,7050,1,0
A,B,A,7168,100,7168,1,0
A,C,A,7584,100,7584,1,0
A,D,A,9197,100,9197,1,0
A,E,A,1336,100,1336,1,0
A,F,A,7382,100,7382,1,0
A,G,A,7581,100,7581,1,0
A,H,A,9713,100,9713,1,0
A,B,B,7134,100,7134,1,0
B,C,B,6677,100,6677,1,0
B,D,B,12529,100,12529,1,0
B,E,B,6986,100,6986,1,0
B,F,B,1446,100,1446,1,0
B,G,B,6775,100,6775,1,0
B,H,B,13005,100,13005,1,0
A,C,C,7570,100,7570,1,0
B,C,C,6773,100,6773,1,0
C,D,C,6571,100,6571,1,0
C,E,C,7538,100,7538,1,0
C,F,C,7125,100,7125,1,0
C,G,C,1399,100,1399,1,0
C,H,C,7144,100,7144,1,0
A,D,D,9211,100,9211,1,0
B,D,D,12528,100,12528,1,0
C,D,D,6593,100,6593,1,0
D,E,D,9388,100,9388,1,0
D,F,D,12845,100,12845,1,0
D,G,D,6841,100,6841,1,0
D,H,D,1446,100,1446,1,0
A,E,E,1400,100,1400,1,0
B,E,E,7066,100,7066,1,0
C,E,E,7536,100,7536,1,0
D,E,E,9365,100,9365,1,0
E,F,E,7029,100,7029,1,0
E,G,E,7299,100,7299,1,0
E,H,E,9670,100,9670,1,0
A,F,F,7399,100,7399,1,0
B,F,F,1445,100,1445,1,0
C,F,F,7135,100,7135,1,0
D,F,F,12855,100,12855,1,0
E,F,F,6997,100,6997,1,0
F,G,F,6905,100,6905,1,0
F,H,F,13268,100,13268,1,0
A,G,G,7576,100,7576,1,0
B,G,G,6747,100,6747,1,0
C,G,G,1376,100,1376,1,0
D,G,G,6797,100,6797,1,0
E,G,G,7300,100,7300,1,0
F,G,G,6893,100,6893,1,0
G,H,G,7098,100,7098,1,0
A,H,H,9730,100,9730,1,0
B,H,H,13047,100,13047,1,0
C,H,H,7097,100,7097,1,0
D,H,H,1447,100,1447,1,0
E,H,H,9665,100,9665,1,0
F,H,H,13242,100,13242,1,0
G,H,H,7067,100,7067,1,0
A,B,A,7134,100,7134,1,0
A,C,A,7576,100,7576,1,0
A,D,A,9195,100,9195,1,0
A,E,A,1371,100,1371,1,0
A,F,A,7380,100,7380,1,0
A,G,A,7568,100,7568,1,0
A,H,A,9744,100,9744,1,0
A,B,B,7103,100,7103,1,0
B,C,B,6721,100,6721,1,0
B,D,B,12506,100,12506,1,0
B,E,B,7046,100,7046,1,0
B,F,B,1425,100,1425,1,0
B,G,B,6762,100,6762,1,0
B,H,B,13040,100,13040,1,0
A,C,C,7569,100,7569,1,0
B,C,C,6715,100,6715,1,0
C,D,C,6611,100,6611,1,0
C,E,C,7572,100,7572,1,0
C,F,C,7116,100,7116,1,0
C,G,C,1362,100,1362,1,0
C,H,C,7125,100,7125,1,0
A,D,D,9177,100,9177,1,0
B,D,D,12520,100,12520,1,0
C,D,D,6615,100,6615,1,0
D,E,D,9371,100,9371,1,0
D,F,D,12874,100,12874,1,0
D,G,D,6816,100,6816,1,0
D,H,D,1418,100,1418,1,0
A,E,E,1329,100,1329,1,0
B,E,E,7048,100,7048,1,0
C,E,E,7525,100,7525,1,0
D,E,E,9392,100,9392,1,0
E,F,E,7027,100,7027,1,0
E,G,E,7313,100,7313,1,0
E,H,E,9706,100,9706,1,0
A,F,F,7375,100,7375,1,0
B,F,F,1401,100,1401,1,0
C,F,F,7151,100,7151,1,0
D,F,F,12882,100,12882,1,0
E,F,F,7020,100,7020,1,0
F,G,F,6876,100,6876,1,0
F,H,F,13221,100,13221,1,0
A,G,G,7540,100,7540,1,0
B,G,G,6750,100,6750,1,0
C,G,G,1405,100,1405,1,0
D,G,G,6817,100,6817,1,0
E,G,G,7304,100,7304,1,0
F,G,G,6905,100,6905,1,0
G,H,G,7066,100,7066,1,0
A,H,H,9714,100,9714,1,0
B,H,H,13060,100,13060,1,0
C,H,H,7157,100,7157,1,0
D,H,H,1492,100,1492,1,0
E,H,H,9684,100,9684,1,0
F,H,H,13244,100,13244,1,0
G,H,H,7039,100,7039,1,0
A,B,A,7144,100,7144,1,0
A,C,A,7588,100,7588,1,0
A,D,A,9200,100,9200,1,0
A,E,A,1361,100,1361,1,0
A,F,A,7396,100,7396,1,0
A,G,A,7532,100,7532,1,0
A,H,A,9707,100,9707,1,0
A,B,B,7163,100,7163,1,0
B,C,B,6753,100,6753,1,0
B,D,B,12510,100,12510,1,0
B,E,B,7030,100,7030,1,0
B,F,B,1468,100,1468,1,0
B,G,B,6762,100,6762,1,0
B,H,B,13038,100,13038,1,0
A,C,C,7607,100,7607,1,0
B,C,C,6743,100,6743,1,0
C,D,C,6625,100,6625,1,0
C,E,C,7510,100,7510,1,0
C,F,C,7132,100,7132,1,0
C,G,C,1380,100,1380,1,0
C,H,C,7113,100,7113,1,0
A,D,D,9229,100,9229,1,0
B,D,D,12544,100,12544,1,0
C,D,D,6620,100,6620,1,0
D,E,D,9293,100,9293,1,0
D,F,D,12850,100,12850,1,0
D,G,D,6801,100,6801,1,0
D,H,D,1473,100,1473,1,0
A,E,E,1378,100,1378,1,0
B,E,E,7048,100,7048,1,0
C,E,E,7552,100,7552,1,0
D,E,E,9285,100,9285,1,0
E,F,E,6999,100,6999,1,0
E,G,E,7302,100,7302,1,0
E,H,E,9633,100,9633,1,0
A,F,F,7367,100,7367,1,0
B,F,F,1448,100,1448,1,0
C,F,F,7111,100,7111,1,0
D,F,F,12860,100,12860,1,0
E,F,F,6995,100,6995,1,0
F,G,F,6919,100,6919,1,0
F,H,F,13254,100,13254,1,0
A,G,G,7540,100,7540,1,0
B,G,G,6738,100,6738,1,0
C,G,G,1370,100,1370,1,0
D,G,G,6830,100,6830,1,0
E,G,G,7332,100,7332,1,0
F,G,G,6878,100,6878,1,0
G,H,G,7036,100,7036,1,0
A,H,H,9700,100,9700,1,0
B,H,H,13062,100,13062,1,0
C,H,H,7142,100,7142,1,0
D,H,H,1443,100,1443,1,0
E,H,H,9656,100,9656,1,0
F,H,H,13236,100,13236,1,0
G,H,H,7074,100,7074,1,0
A,B,A,7179,100,7179,1,0
A,C,A,7558,100,7558,1,0
A,D,A,9219,100,9219,1,0
A,E,A,1346,100,1346,1,0
A,F,A,7408,100,7408,1,0
A,G,A,7529,100,7529,1,0
A,H,A,9681,100,9681,1,0
A,B,B,7135,100,7135,1,0
B,C,B,6684,100,6684,1,0
B,D,B,12514,100,12514,1,0
B,E,B,7036,100,7036,1,0
B,F,B,1452,100,1452,1,0
B,G,B,6777,100,6777,1,0
B,H,B,13052,100,13052,1,0
A,C,C,7491,100,7491,1,0
B,C,C,6708,100,6708,1,0
C,D,C,6617,100,6617,1,0
C,E,C,7548,100,7548,1,0
C,F,C,7139,100,7139,1,0
C,G,C,1375,100,1375,1,0
C,H,C,7162,100,7162,1,0
A,D,D,9199,100,9199,1,0
B,D,D,12548,100,12548,1,0
C,D,D,6648,100,6648,1,0
D,E,D,9314,100,9314,1,0
D,F,D,12835,100,12835,1,0
D,G,D,6817,100,6817,1,0
D,H,D,1419,100,1419,1,0
A,E,E,1341,100,1341,1,0
B,E,E,7043,100,7043,1,0
C,E,E,7547,100,7547,1,0
D,E,E,9349,100,9349,1,0
E,F,E,6969,100,6969,1,0
E,G,E,7322,100,7322,1,0
E,H,E,9698,100,9698,1,0
A,F,F,7375,100,7375,1,0
B,F,F,1419,100,1419,1,0
C,F,F,7120,100,7120,1,0
D,F,F,12881,100,12881,1,0
E,F,F,6991,100,6991,1,0
F,G,F,6875,100,6875,1,0
F,H,F,13257,100,13257,1,0
A,G,G,7601,100,7601,1,0
B,G,G,6749,100,6749,1,0
C,G,G,1383,100,1383,1,0
D,G,G,6839,100,6839,1,0
E,G,G,7319,100,7319,1,0
F,G,G,6903,100,6903,1,0
G,H,G,7092,100,7092,1,0
A,H,H,9678,100,9678,1,0
B,H,H,12995,100,12995,1,0
C,H,H,7083,100,7083,1,0
D,H,H,1436,100,1436,1,0
E,H,H,9682,100,9682,1,0
F,H,H,13254,100,13254,1,0
G,H,H,7084,100,7084,1,0
A,B,A,7184,100,7184,1,0
A,C,A,7579,100,7579,1,0
A,D,A,9189,100,9189,1,0
A,E,A,1402,100,1402,1,0
A,F,A,7426,100,7426,1,0
A,G,A,7619,100,7619,1,0
A,H,A,9670,100,9670,1,0
A,B,B,7165,100,7165,1,0
B,C,B,6715,100,6715,1,0
B,D,B,12505,100,12505,1,0
B,E,B,7080,100,7080,1,0
B,F,B,1448,100,1448,1,0
B,G,B,6751,100,6751,1,0
B,H,B,13032,100,13032,1,0
A,C,C,7559,100,7559,1,0
B,C,C,6694,100,6694,1,0
C,D,C,6605,100,6605,1,0
C,E,C,7554,100,7554,1,0
C,F,C,7105,100,7105,1,0
C,G,C,1343,100,1343,1,0
C,H,C,7113,100,7113,1,0
A,D,D,9204,100,9204,1,0
B,D,D,12550,100,12550,1,0
C,D,D,6603,100,6603,1,0
D,E,D,9373,100,9373,1,0
D,F,D,12885,100,12885,1,0
D,G,D,6794,100,6794,1,0
D,H,D,1486,100,1486,1,0
A,E,E,1354,100,1354,1,0
B,E,E,7054,100,7054,1,0
C,E,E,7554,100,7554,1,0
D,E,E,9424,100,9424,1,0
E,F,E,6969,100,6969,1,0
E,G,E,7274,100,7274,1,0
E,H,E,9631,100,9631,1,0
A,F,F,7410,100,7410,1,0
B,F,F,1395,100,1395,1,0
C,F,F,7135,100,7135,1,0
D,F,F,12870,100,12870,1,0
E,F,F,6976,100,6976,1,0
F,G,F,6867,100,6867,1,0
F,H,F,13217,100,13217,1,0
A,G,G,7546,100,7546,1,0
B,G,G,6787,100,6787,1,0
C,G,G,1388,100,1388,1,0
D,G,G,6839,100,6839,1,0
E,G,G,7298,100,7298,1,0
F,G,G,6871,100,6871,1,0
G,H,G,7052,100,7052,1,0
A,H,H,9720,100,9720,1,0
B,H,H,13021,100,13021,1,0
C,H,H,7093,100,7093,1,0
D,H,H,1440,100,1440,1,0
E,H,H,9671,100,9671,1,0
F,H,H,13225,100,13225,1,0
G,H,H,7003,100,7003,1,0
A,B,A,7175,100,7175,1,0
A,C,A,7557,100,7557,1,0
A,D,A,9208,100,9208,1,0
A,E,A,1418,100,1418,1,0
A,F,A,7378,100,7378,1,0
A,G,A,7528,100,7528,1,0
A,H,A,9736,100,9736,1,0
A,B,B,7103,100,7103,1,0
B,C,B,6762,100,6762,1,0
B,D,B,12550,100,12550,1,0
B,E,B,7061,100,7061,1,0
B,F,B,1426,100,1426,1,0
B,G,B,6747,100,6747,1,0
B,H,B,13052,100,13052,1,0
A,C,C,7586,100,7586,1,0
B,C,C,6715,100,6715,1,0
C,D,C,6597,100,6597,1,0
C,E,C,7549,100,7549,1,0
C,F,C,7127,100,7127,1,0
C,G,C,1333,100,1333,1,0
C,H,C,7105,100,7105,1,0
A,D,D,9202,100,9202,1,0
B,D,D,12513,100,12513,1,0
C,D,D,6607,100,6607,1,0
D,E,D,9303,100,9303,1,0
D,F,D,12854,100,12854,1,0
D,G,D,6793,100,6793,1,0
D,H,D,1429,100,1429,1,0
A,E,E,1423,100,1423,1,0
B,E,E,7023,100,7023,1,0
C,E,E,7558,100,7558,1,0
D,E,E,9334,100,9334,1,0
E,F,E,6994,100,6994,1,0
E,G,E,7299,100,7299,1,0
E,H,E,9667,100,9667,1,0
A,F,F,7353,100,7353,1,0
B,F,F,1440,100,1440,1,0
C,F,F,7111,100,7111,1,0
D,F,F,12881,100,12881,1,0
E,F,F,7011,100,7011,1,0
F,G,F,6888,100,6888,1,0
F,H,F,13228,100,13228,1,0
A,G,G,7554,100,7554,1,0
B,G,G,6746,100,6746,1,0
C,G,G,1306,100,1306,1,0
D,G,G,6836,100,6836,1,0
E,G,G,7320,100,7320,1,0
F,G,G,6866,100,6866,1,0
G,H,G,7064,100,7064,1,0
A,H,H,9660,100,9660,1,0
B,H,H,13080,100,13080,1,0
C,H,H,7095,100,7095,1,0
D,H,H,1487,100,1487,1,0
E,H,H,9699,100,9699,1,0
F,H,H,13233,100,13233,1,0
G,H,H,7066,100,7066,1,0
A,B,A,7128,100,7128,1,0
A,C,A,7573,100,7573,1,0
A,D,A,9201,100,9201,1,0
A,E,A,1359,100,1359,1,0
A,F,A,7381,100,7381,1,0
A,G,A,7582,100,7582,1,0
A,H,A,9721,100,9721,1,0
A,B,B,7153,100,7153,1,0
B,C,B,6719,100,6719,1,0
B,D,B,12542,100,12542,1,0
B,E,B,7058,100,7058,1,0
B,F,B,1415,100,1415,1,0
B,G,B,6790,100,6790,1,0
B,H,B,13051,100,13051,1,0
A,C,C,7567,100,7567,1,0
B,C,C,6743,100,6743,1,0
C,D,C,6602,100,6602,1,0
C,E,C,7505,100,7505,1,0
C,F,C,7099,100,7099,1,0
C,G,C,1322,100,1322,1,0
C,H,C,7100,100,7100,1,0
A,D,D,9176,100,9176,1,0
B,D,D,12565,100,12565,1,0
C,D,D,6603,100,6603,1,0
D,E,D,9382,100,9382,1,0
D,F,D,12880,100,12880,1,0
D,G,D,6773,100,6773,1,0
D,H,D,1440,100,1440,1,0
A,E,E,1312,100,1312,1,0
B,E,E,7020,100,7020,1,0
C,E,E,7557,100,7557,1,0
D,E,E,9334,100,9334,1,0
E,F,E,7023,100,7023,1,0
E,G,E,7304,100,7304,1,0
E,H,E,9648,100,9648,1,0
A,F,F,7378,100,7378,1,0
B,F,F,1442,100,1442,1,0
C,F,F,7124,100,7124,1,0
D,F,F,12891,100,12891,1,0
E,F,F,6983,100,6983,1,0
F,G,F,6894,100,6894,1,0
F,H,F,13203,100,13203,1,0
A,G,G,7570,100,7570,1,0
B,G,G,6780,100,6780,1,0
C,G,G,1346,100,1346,1,0
D,G,G,6802,100,6802,1,0
E,G,G,7286,100,7286,1,0
F,G,G,6899,100,6899,1,0
G,H,G,7002,100,7002,1,0
A,H,H,9686,100,9686,1,0
B,H,H,13045,100,13045,1,0
C,H,H,7142,100,7142,1,0
D,H,H,1409,100,1409,1,0
E,H,H,9636,100,9636,1,0
F,H,H,13273,100,13273,1,0
G,H,H,7097,100,7097,1,0
A,B,A,7165,100,7165,1,0
A,C,A,7527,100,7527,1,0
A,D,A,9203,100,9203,1,0
A,E,A,1398,100,1398,1,0
A,F,A,7384,100,7384,1,0
A,G,A,7604,100,7604,1,0
A,H,A,9732,100,9732,1,0
A,B,B,7119,100,7119,1,0
B,C,B,6755,100,6755,1,0
B,D,B,12527,100,12527,1,0
B,E,B,7034,100,7034,1,0
B,F,B,1414,100,1414,1,0
B,G,B,6729,100,6729,1,0
B,H,B,13009,100,13009,1,0
A,C,C,7618,100,7618,1,0
B,C,C,6689,100,6689,1,0
C,D,C,6590,100,6590,1,0
C,E,C,7518,100,7518,1,0
C,F,C,7113,100,7113,1,0
C,G,C,1363,100,1363,1,0
C,H,C,7105,100,7105,1,0
A,D,D,9189,100,9189,1,0
B,D,D,12463,100,12463,1,0
C,D,D,6616,100,6616,1,0
D,E,D,9346,100,9346,1,0
D,F,D,12849,100,12849,1,0
D,G,D,6853,100,6853,1,0
D,H,D,1419,100,1419,1,0
A,E,E,1378,100,1378,1,0
B,E,E,7034,100,7034,1,0
C,E,E,7571,100,7571,1,0
D,E,E,9287,100,9287,1,0
E,F,E,6989,100,6989,1,0
E,G,E,7297,100,7297,1,0
E,H,E,9690,100,9690,1,0
A,F,F,7384,100,7384,1,0
B,F,F,1399,100,1399,1,0
C,F,F,7123,100,7123,1,0
D,F,F,12861,100,12861,1,0
E,F,F,6987,100,6987,1,0
F,G,F,6893,100,6893,1,0
F,H,F,13248,100,13248,1,0
A,G,G,7587,100,7587,1,0
B,G,G,6757,100,6757,1,0
C,G,G,1364,100,1364,1,0
D,G,G,6800,100,6800,1,0
E,G,G,7288,100,7288,1,0
F,G,G,6898,100,6898,1,0
G,H,G,7014,100,7014,1,0
A,H,H,9687,100,9687,1,0
B,H,H,13061,100,13061,1,0
C,H,H,7110,100,7110,1,0
D,H,H,1451,100,1451,1,0
E,H,H,9661,100,9661,1,0
F,H,H,13245,100,13245,1,0
G,H,H,7056,100,7056,1,0
A,B,A,7198,100,7198,1,0
A,C,A,7569,100,7569,1,0
A,D,A,9185,100,9185,1,0
A,E,A,1417,100,1417,1,0
A,F,A,7365,100,7365,1,0
A,G,A,7583,100,7583,1,0
A,H,A,9696,100,9696,1,0
A,B,B,7157,100,7157,1,0
B,C,B,6697,100,6697,1,0
B,D,B,12511,100,12511,1,0
B,E,B,7046,100,7046,1,0
B,F,B,1432,100,1432,1,0
B,G,B,6772,100,6772,1,0
B,H,B,13040,100,13040,1,0
A,C,C,7563,100,7563,1,0
B,C,C,6732,100,6732,1,0
C,D,C,6605,100,6605,1,0
C,E,C,7588,100,7588,1,0
C,F,C,7139,100,7139,1,0
C,G,C,1358,100,1358,1,0
C,H,C,7066,100,7066,1,0
A,D,D,9180,100,9180,1,0
B,D,D,12510,100,12510,1,0
C,D,D,6617,100,6617,1,0
D,E,D,9395,100,9395,1,0
D,F,D,12900,100,12900,1,0
D,G,D,6817,100,6817,1,0
D,H,D,1477,100,1477,1,0
A,E,E,1367,100,1367,1,0
B,E,E,6991,100,6991,1,0
C,E,E,7556,100,7556,1,0
D,E,E,9378,100,9378,1,0
E,F,E,7026,100,7026,1,0
E,G,E,7314,100,7314,1,0
E,H,E,9693,100,9693,1,0
A,F,F,7390,100,7390,1,0
B,F,F,1450,100,1450,1,0
C,F,F,7105,100,7105,1,0
D,F,F,12859,100,12859,1,0
E,F,F,6982,100,6982,1,0
F,G,F,6887,100,6887,1,0
F,H,F,13287,100,13287,1,0
A,G,G,7597,100,7597,1,0
B,G,G,6743,100,6743,1,0
C,G,G,1336,100,1336,1,0
D,G,G,6828,100,6828,1,0
E,G,G,7342,100,7342,1,0
F,G,G,6872,100,6872,1,0
G,H,G,7033,100,7033,1,0
A,H,H,9691,100,9691,1,0
B,H,H,13098,100,13098,1,0
C,H,H,7116,100,7116,1,0
D,H,H,1487,100,1487,1,0
E,H,H,9689,100,9689,1,0
F,H,H,13236,100,13236,1,0
G,H,H,7039,100,7039,1,0
A,B,A,7160,100,7160,1,0
A,C,A,7575,100,7575,1,0
A,D,A,9208,100,9208,1,0
A,E,A,1348,100,1348,1,0
A,F,A,7381,100,7381,1,0
A,G,A,7589,100,7589,1,0
A,H,A,9682,100,9682,1,0
A,B,B,7148,100,7148,1,0
B,C,B,6706,100,6706,1,0
B,D,B,12538,100,12538,1,0
B,E,B,7036,100,7036,1,0
B,F,B,1445,100,1445,1,0
B,G,B,6761,100,6761,1,0
B,H,B,13040,100,13040,1,0
A,C,C,7603,100,7603,1,0
B,C,C,6747,100,6747,1,0
C,D,C,6608,100,6608,1,0
C,E,C,7522,100,7522,1,0
C,F,C,7104,100,7104,1,0
C,G,C,1396,100,1396,1,0
C,H,C,7116,100,7116,1,0
A,D,D,9181,100,9181,1,0
B,D,D,12546,100,12546,1,0
C,D,D,6568,100,6568,1,0
D,E,D,9366,100,9366,1,0
D,F,D,12864,100,12864,1,0
D,G,D,6792,100,6792,1,0
D,H,D,1438,100,1438,1,0
A,E,E,1397,100,1397,1,0
B,E,E,7052,100,7052,1,0
C,E,E,7555,100,7555,1,0
D,E,E,9348,100,9348,1,0
E,F,E,7032,100,7032,1,0
E,G,E,7307,100,7307,1,0
E,H,E,9631,100,9631,1,0
A,F,F,7430,100,7430,1,0
B,F,F,1450,100,1450,1,0
C,F,F,7115,100,7115,1,0
D,F,F,12839,100,12839,1,0
E,F,F,7001,100,7001,1,0
F,G,F,6860,100,6860,1,0
F,H,F,13241,100,13241,1,0
A,G,G,7543,100,7543,1,0
B,G,G,6728,100,6728,1,0
C,G,G,1420,100,1420,1,0
D,G,G,6816,100,6816,1,0
E,G,G,7309,100,7309,1,0
F,G,G,6859,100,6859,1,0
G,H,G,7039,100,7039,1,0
A,H,H,9668,100,9668,1,0
B,H,H,13037,100,13037,1,0
C,H,H,7089,100,7089,1,0
D,H,H,1426,100,1426,1,0
E,H,H,9643,100,9643,1,0
F,H,H,13230,100,13230,1,0
G,H,H,7023,100,7023,1,0
A,B,A,7163,100,7163,1,0
A,C,A,7596,100,7596,1,0
A,D,A,9204,100,9204,1,0
A,E,A,1420,100,1420,1,0
A,F,A,7391,100,7391,1,0
A,G,A,7620,100,7620,1,0
A,H,A,9661,100,9661,1,0
A,B,B,7128,100,7128,1,0
B,C,B,6739,100,6739,1,0
B,D,B,12539,100,12539,1,0
B,E,B,7042,100,7042,1,0
B,F,B,1449,100,1449,1,0
B,G,B,6743,100,6743,1,0
B,H,B,13083,100,13083,1,0
A,C,C,7584,100,7584,1,0
B,C,C,6703,100,6703,1,0
C,D,C,6656,100,6656,1,0
C,E,C,7534,100,7534,1,0
C,F,C,7129,100,7129,1,0
C,G,C,1340,100,1340,1,0
C,H,C,7109,100,7109,1,0
A,D,D,9208,100,9208,1,0
B,D,D,12530,100,12530,1,0
C,D,D,6614,100,6614,1,0
D,E,D,9362,100,9362,1,0
D,F,D,12926,100,12926,1,0
D,G,D,6812,100,6812,1,0
D,H,D,1424,100,1424,1,0
A,E,E,1419,100,1419,1,0
B,E,E,7024,100,7024,1,0
C,E,E,7551,100,7551,1,0
D,E,E,9346,100,9346,1,0
E,F,E,6973,100,6973,1,0
E,G,E,7309,100,7309,1,0
E,H,E,9639,100,9639,1,0
A,F,F,7385,100,7385,1,0
B,F,F,1421,100,1421,1,0
C,F,F,7115,100,7115,1,0
D,F,F,12859,100,12859,1,0
E,F,F,7014,100,7014,1,0
F,G,F,6881,100,6881,1,0
F,H,F,13214,100,13214,1,0
A,G,G,7608,100,7608,1,0
B,G,G,6799,100,6799,1,0
C,G,G,1320,100,1320,1,0
D,G,G,6841,100,6841,1,0
E,G,G,7293,100,7293,1,0
F,G,G,6903,100,6903,1,0
G,H,G,7043,100,7043,1,0
A,H,H,9722,100,9722,1,0
B,H,H,13076,100,13076,1,0
C,H,H,7107,100,7107,1,0
D,H,H,1433,100,1433,1,0
E,H,H,9671,100,9671,1,0
F,H,H,13212,100,13212,1,0
G,H,H,7077,100,7077,1,0
A,B,A,7147,100,7147,1,0
A,C,A,7546,100,7546,1,0
A,D,A,9191,100,9191,1,0
A,E,A,1357,100,1357,1,0
A,F,A,7342,100,7342,1,0
A,G,A,7592,100,7592,1,0
A,H,A,9696,100,9696,1,0
A,B,B,7149,100,7149,1,0
B,C,B,6712,100,6712,1,0
B,D,B,12521,100,12521,1,0
B,E,B,7041,100,7041,1,0
B,F,B,1430,100,1430,1,0
B,G,B,6749,100,6749,1,0
B,H,B,13042,100,13042,1,0
A,C,C,7595,100,7595,1,0
B,C,C,6725,100,6725,1,0
C,D,C,6586,100,6586,1,0
C,E,C,7515,100,7515,1,0
C,F,C,7124,100,7124,1,0
C,G,C,1419,100,1419,1,0
C,H,C,7130,100,7130,1,0
A,D,D,9181,100,9181,1,0
B,D,D,12524,100,12524,1,0
C,D,D,6578,100,6578,1,0
D,E,D,9346,100,9346,1,0
D,F,D,12849,100,12849,1,0
D,G,D,6798,100,6798,1,0
D,H,D,1399,100,1399,1,0
A,E,E,1328,100,1328,1,0
B,E,E,7044,100,7044,1,0
C,E,E,7542,100,7542,1,0
D,E,E,9375,100,9375,1,0
E,F,E,6995,100,6995,1,0
E,G,E,7289,100,7289,1,0
E,H,E,9637,100,9637,1,0
A,F,F,7364,100,7364,1,0
B,F,F,1435,100,1435,1,0
C,F,F,7124,100,7124,1,0
D,F,F,12883,100,12883,1,0
E,F,F,7005,100,7005,1,0
F,G,F,6886,100,6886,1,0
F,H,F,13241,100,13241,1,0
A,G,G,7577,100,7577,1,0
B,G,G,6774,100,6774,1,0
C,G,G,1348,100,1348,1,0
D,G,G,6823,100,6823,1,0
E,G,G,7314,100,7314,1,0
F,G,G,6893,100,6893,1,0
G,H,G,7051,100,7051,1,0
A,H,H,9727,100,9727,1,0
B,H,H,13068,100,13068,1,0
C,H,H,7143,100,7143,1,0
D,H,H,1456,100,1456,1,0
E,H,H,9680,100,9680,1,0
F,H,H,13235,100,13235,1,0
G,H,H,7030,100,7030,1,0
A,B,A,7162,100,7162,1,0
A,C,A,7544,100,7544,1,0
A,D,A,9205,100,9205,1,0
A,E,A,1362,100,1362,1,0
A,F,A,7401,100,7401,1,0
A,G,A,7602,100,7602,1,0
A,H,A,9693,100,9693,1,0
A,B,B,7134,100,7134,1,0
B,C,B,6709,100,6709,1,0
B,D,B,12493,100,12493,1,0
B,E,B,7076,100,7076,1,0
B,F,B,1422,100,1422,1,0
B,G,B,6728,100,6728,1,0
B,H,B,13049,100,13049,1,0
A,C,C,7599,100,7599,1,0
B,C,C,6758,100,6758,1,0
C,D,C,6610,100,6610,1,0
C,E,C,7558,100,7558,1,0
C,F,C,7130,100,7130,1,0
C,G,C,1371,100,1371,1,0
C,H,C,7130,100,7130,1,0
A,D,D,9184,100,9184,1,0
B,D,D,12553,100,12553,1,0
C,D,D,6612,100,6612,1,0
D,E,D,9354,100,9354,1,0
D,F,D,12851,100,12851,1,0
D,G,D,6777,100,6777,1,0
D,H,D,1430,100,1430,1,0
A,E,E,1378,100,1378,1,0
B,E,E,7068,100,7068,1,0
C,E,E,7557,100,7557,1,0
D,E,E,9379,100,9379,1,0
E,F,E,7005,100,7005,1,0
E,G,E,7273,100,7273,1,0
E,H,E,9660,100,9660,1,0
A,F,F,7388,100,7388,1,0
B,F,F,1415,100,1415,1,0
C,F,F,7143,100,7143,1,0
D,F,F,12859,100,12859,1,0
E,F,F,6965,100,6965,1,0
F,G,F,6858,100,6858,1,0
F,H,F,13222,100,13222,1,0
A,G,G,7569,100,7569,1,0
B,G,G,6759,100,6759,1,0
C,G,G,1340,100,1340,1,0
D,G,G,6811,100,6811,1,0
E,G,G,7302,100,7302,1,0
F,G,G,6899,100,6899,1,0
G,H,G,7040,100,7040,1,0
A,H,H,9643,100,9643,1,0
B,H,H,12986,100,12986,1,0
C,H,H,7117,100,7117,1,0
D,H,H,1471,100,1471,1,0
E,H,H,9698,100,9698,1,0
F,H,H,13242,100,13242,1,0
G,H,H,7082,100,7082,1,0
A,B,A,7118,100,7118,1,0
A,C,A,7551,100,7551,1,0
A,D,A,9186,100,9186,1,0
A,E,A,1400,100,1400,1,0
A,F,A,7329,100,7329,1,0
A,G,A,7591,100,7591,1,0
A,H,A,9690,100,9690,1,0
A,B,B,7187,100,7187,1,0
B,C,B,6701,100,6701,1,0
B,D,B,12548,100,12548,1,0
B,E,B,7034,100,7034,1,0
B,F,B,1418,100,1418,1,0
B,G,B,6756,100,6756,1,0
B,H,B,13065,100,13065,1,0
A,C,C,7585,100,7585,1,0
B,C,C,6718,100,6718,1,0
C,D,C,6588,100,6588,1,0
C,E,C,7534,100,7534,1,0
C,F,C,7119,100,7119,1,0
C,G,C,1374,100,1374,1,0
C,H,C,7095,100,7095,1,0
A,D,D,9195,100,9195,1,0
B,D,D,12531,100,12531,1,0
C,D,D,6562,100,6562,1,0
D,E,D,9388,100,9388,1,0
D,F,D,12865,100,12865,1,0
D,G,D,6775,100,6775,1,0
D,H,D,1484,100,1484,1,0
A,E,E,1407,100,1407,1,0
B,E,E,7062,100,7062,1,0
C,E,E,7537,100,7537,1,0
D,E,E,9355,100,9355,1,0
E,F,E,6969,100,6969,1,0
E,G,E,7326,100,7326,1,0
E,H,E,9633,100,9633,1,0
A,F,F,7370,100,7370,1,0
B,F,F,1438,100,1438,1,0
C,F,F,7125,100,7125,1,0
D,F,F,12878,100,12878,1,0
E,F,F,6965,100,6965,1,0
F,G,F,6875,100,6875,1,0
F,H,F,13220,100,13220,1,0
A,G,G,7604,100,7604,1,0
B,G,G,6803,100,6803,1,0
C,G,G,1398,100,1398,1,0
D,G,G,6806,100,6806,1,0
E,G,G,7336,100,7336,1,0
F,G,G,6859,100,6859,1,0
G,H,G,7039,100,7039,1,0
A,H,H,9730,100,9730,1,0
B,H,H,13015,100,13015,1,0
C,H,H,7122,100,7122,1,0
D,H,H,1471,100,1471,1,0
E,H,H,9660,100,9660,1,0
F,H,H,13265,100,13265,1,0
G,H,H,7011,100,7011,1,0
A,B,A,7157,100,7157,1,0
A,C,A,7547,100,7547,1,0
A,D,A,9201,100,9201,1,0
A,E,A,1354,100,1354,1,0
A,F,A,7395,100,7395,1,0
A,G,A,7557,100,7557,1,0
A,H,A,9682,100,9682,1,0
A,B,B,7125,100,7125,1,0
B,C,B,6742,100,6742,1,0
B,D,B,12556,100,12556,1,0
B,E,B,7058,100,7058,1,0
B,F,B,1448,100,1448,1,0
B,G,B,6752,100,6752,1,0
B,H,B,12993,100,12993,1,0
A,C,C,7577,100,7577,1,0
B,C,C,6698,100,6698,1,0
C,D,C,6618,100,6618,1,0
C,E,C,7515,100,7515,1,0
C,F,C,7112,100,7112,1,0
C,G,C,1342,100,1342,1,0
C,H,C,7104,100,7104,1,0
A,D,D,9217,100,9217,1,0
B,D,D,12542,100,12542,1,0
C,D,D,6611,100,6611,1,0
D,E,D,9343,100,9343,1,0
D,F,D,12864,100,12864,1,0
D,G,D,6821,100,6821,1,0
D,H,D,1407,100,1407,1,0
A,E,E,1343,100,1343,1,0
B,E,E,7069,100,7069,1,0
C,E,E,7532,100,7532,1,0
D,E,E,9401,100,9401,1,0
E,F,E,6982,100,6982,1,0
E,G,E,7296,100,7296,1,0
E,H,E,9646,100,9646,1,0
A,F,F,7395,100,7395,1,0
B,F,F,1462,100,1462,1,0
C,F,F,7105,100,7105,1,0
D,F,F,12858,100,12858,1,0
E,F,F,7014,100,7014,1,0
F,G,F,6865,100,6865,1,0
F,H,F,13231,100,13231,1,0
A,G,G,7607,100,7607,1,0
B,G,G,6729,100,6729,1,0
C,G,G,1346,100,1346,1,0
D,G,G,6795,100,6795,1,0
E,G,G,7297,100,7297,1,0
F,G,G,6885,100,6885,1,0
G,H,G,7048,100,7048,1,0
A,H,H,9678,100,9678,1,0
B,H,H,13016,100,13016,1,0
C,H,H,7079,100,7079,1,0
D,H,H,1417,100,1417,1,0
E,H,H,9703,100,9703,1,0
F,H,H,13243,100,13243,1,0
G,H,H,7030,100,7030,1,0
A,B,A,7133,100,7133,1,0
A,C,A,7563,100,7563,1,0
A,D,A,9200,100,9200,1,0
A,E,A,1369,100,1369,1,0
A,F,A,7363,100,7363,1,0
A,G,A,7557,100,7557,1,0
A,H,A,9669,100,9669,1,0
A,B,B,7140,100,7140,1,0
B,C,B,6729,100,6729,1,0
B,D,B,12524,100,12524,1,0
B,E,B,7058,100,7058,1,0
B,F,B,1381,100,1381,1,0
B,G,B,6768,100,6768,1,0
B,H,B,13039,100,13039,1,0
A,C,C,7541,100,7541,1,0
B,C,C,6712,100,6712,1,0
C,D,C,6616,100,6616,1,0
C,E,C,7581,100,7581,1,0
C,F,C,7118,100,7118,1,0
C,G,C,1346,100,1346,1,0
C,H,C,7091,100,7091,1,0
A,D,D,9209,100,9209,1,0
B,D,D,12548,100,12548,1,0
C,D,D,6600,100,6600,1,0
D,E,D,9342,100,9342,1,0
D,F,D,12887,100,12887,1,0
D,G,D,6806,100,6806,1,0
D,H,D,1437,100,1437,1,0
A,E,E,1349,100,1349,1,0
B,E,E,7071,100,7071,1,0
C,E,E,7495,100,7495,1,0
D,E,E,9345,100,9345,1,0
E,F,E,7015,100,7015,1,0
E,G,E,7302,100,7302,1,0
E,H,E,9649,100,9649,1,0
A,F,F,7398,100,7398,1,0
B,F,F,1410,100,1410,1,0
C,F,F,7152,100,7152,1,0
D,F,F,12894,100,12894,1,0
E,F,F,7009,100,7009,1,0
F,G,F,6903,100,6903,1,0
F,H,F,13284,100,13284,1,0
A,G,G,7553,100,7553,1,0
B,G,G,6771,100,6771,1,0
C,G,G,1301,100,1301,1,0
D,G,G,6799,100,6799,1,0
E,G,G,7294,100,7294,1,0
F,G,G,6889,100,6889,1,0
G,H,G,7092,100,7092,1,0
A,H,H,9674,100,9674,1,0
B,H,H,13056,100,13056,1,0
C,H,H,7102,100,7102,1,0
D,H,H,1474,100,1474,1,0
E,H,H,9642,100,9642,1,0
F,H,H,13245,100,13245,1,0
G,H,H,7034,100,7034,1,0
A,B,A,7178,100,7178,1,0
A,C,A,7598,100,7598,1,0
A,D,A,9189,100,9189,1,0
A,E,A,1417,100,1417,1,0
A,F,A,7385,100,7385,1,0
A,G,A,7616,100,7616,1,0
A,H,A,9711,100,9711,1,0
A,B,B,7135,100,7135,1,0
B,C,B,6688,100,6688,1,0
B,D,B,12496,100,12496,1,0
B,E,B,7051,100,7051,1,0
B,F,B,1463,100,1463,1,0
B,G,B,6759,100,6759,1,0
B,H,B,13011,100,13011,1,0
A,C,C,7545,100,7545,1,0
B,C,C,6703,100,6703,1,0
C,D,C,6584,100,6584,1,0
C,E,C,7470,100,7470,1,0
C,F,C,7127,100,7127,1,0
C,G,C,1360,100,1360,1,0
C,H,C,7124,100,7124,1,0
A,D,D,9198,100,9198,1,0
B,D,D,12514,100,12514,1,0
C,D,D,6614,100,6614,1,0
D,E,D,9393,100,9393,1,0
D,F,D,12854,100,12854,1,0
D,G,D,6797,100,6797,1,0
D,H,D,1480,100,1480,1,0
A,E,E,1349,100,1349,1,0
B,E,E,7023,100,7023,1,0
C,E,E,7519,100,7519,1,0
D,E,E,9355,100,9355,1,0
E,F,E,6994,100,6994,1,0
E,G,E,7272,100,7272,1,0
E,H,E,9647,100,9647,1,0
A,F,F,7414,100,7414,1,0
B,F,F,1440,100,1440,1,0
C,F,F,7118,100,7118,1,0
D,F,F,12882,100,12882,1,0
E,F,F,7031,100,7031,1,0
F,G,F,6892,100,6892,1,0
F,H,F,13223,100,13223,1,0
A,G,G,7627,100,7627,1,0
B,G,G,6785,100,6785,1,0
C,G,G,1351,100,1351,1,0
D,G,G,6827,100,6827,1,0
E,G,G,7290,100,7290,1,0
F,G,G,6907,100,6907,1,0
G,H,G,7051,100,7051,1,0
A,H,H,9686,100,9686,1,0
B,H,H,13099,100,13099,1,0
C,H,H,7105,100,7105,1,0
D,H,H,1430,100,1430,1,0
E,H,H,9640,100,9640,1,0
F,H,H,13245,100,13245,1,0
G,H,H,7028,100,7028,1,0
A,B,A,7148,100,7148,1,0
A,C,A,7564,100,7564,1,0
A,D,A,9206,100,9206,1,0
A,E,A,1350,100,1350,1,0
A,F,A,7367,100,7367,1,0
A,G,A,7535,100,7535,1,0
A,H,A,9664,100,9664,1,0
A,B,B,7148,100,7148,1,0
B,C,B,6741,100,6741,1,0
B,D,B,12524,100,12524,1,0
B,E,B,7030,100,7030,1,0
B,F,B,1407,100,1407,1,0
B,G,B,6768,100,6768,1,0
B,H,B,13062,100,13062,1,0
A,C,C,7591,100,7591,1,0
B,C,C,6695,100,6695,1,0
C,D,C,6594,100,6594,1,0
C,E,C,7544,100,7544,1,0
C,F,C,7105,100,7105,1,0
C,G,C,1375,100,1375,1,0
C,H,C,7141,100,7141,1,0
A,D,D,9182,100,9182,1,0
B,D,D,12505,100,12505,1,0
C,D,D,6593,100,6593,1,0
D,E,D,9315,100,9315,1,0
D,F,D,12871,100,12871,1,0
D,G,D,6819,100,6819,1,0
D,H,D,1454,100,1454,1,0
A,E,E,1363,100,1363,1,0
B,E,E,7026,100,7026,1,0
C,E,E,7545,100,7545,1,0
D,E,E,9396,100,9396,1,0
E,F,E,7013,100,7013,1,0
E,G,E,7290,100,7290,1,0
E,H,E,9626,100,9626,1,0
A,F,F,7422,100,7422,1,0
B,F,F,1420,100,1420,1,0
C,F,F,7132,100,7132,1,0
D,F,F,12865,100,12865,1,0
E,F,F,7027,100,7027,1,0
F,G,F,6895,100,6895,1,0
F,H,F,13261,100,13261,1,0
A,G,G,7608,100,7608,1,0
B,G,G,6749,100,6749,1,0
C,G,G,1304,100,1304,1,0
D,G,G,6808,100,6808,1,0
E,G,G,7305,100,7305,1,0
F,G,G,6851,100,6851,1,0
G,H,G,7087,100,7087,1,0
A,H,H,9695,100,9695,1,0
B,H,H,13045,100,13045,1,0
C,H,H,7123,100,7123,1,0
D,H,H,1446,100,1446,1,0
E,H,H,9647,100,9647,1,0
F,H,H,13257,100,13257,1,0
G,H,H,7022,100,7022,1,0
A,B,A,7167,100,7167,1,0
A,C,A,7573,100,7573,1,0
A,D,A,9196,100,9196,1,0
A,E,A,1398,100,1398,1,0
A,F,A,7410,100,7410,1,0
A,G,A,7561,100,7561,1,0
A,H,A,9718,100,9718,1,0
A,B,B,7158,100,7158,1,0
B,C,B,6731,100,6731,1,0
B,D,B,12536,100,12536,1,0
B,E,B,7039,100,7039,1,0
B,F,B,1430,100,1430,1,0
B,G,B,6794,100,6794,1,0
B,H,B,13073,100,13073,1,0
A,C,C,7576,100,7576,1,0
B,C,C,6707,100,6707,1,0
C,D,C,6591,100,6591,1,0
C,E,C,7530,100,7530,1,0
C,F,C,7117,100,7117,1,0
C,G,C,1381,100,1381,1,0
C,H,C,7087,100,7087,1,0
A,D,D,9203,100,9203,1,0
B,D,D,12572,100,12572,1,0
C,D,D,6597,100,6597,1,0
D,E,D,9349,100,9349,1,0
D,F,D,12869,100,12869,1,0
D,G,D,6841,100,6841,1,0
D,H,D,1458,100,1458,1,0
A,E,E,1394,100,1394,1,0
B,E,E,7028,100,7028,1,0
C,E,E,7540,100,7540,1,0
D,E,E,9414,100,9414,1,0
E,F,E,6984,100,6984,1,0
E,G,E,7307,100,7307,1,0
E,H,E,9663,100,9663,1,0
A,F,F,7374,100,7374,1,0
B,F,F,1438,100,1438,1,0
C,F,F,7123,100,7123,1,0
D,F,F,12847,100,12847,1,0
E,F,F,7025,100,7025,1,0
F,G,F,6861,100,6861,1,0
F,H,F,13243,100,13243,1,0
A,G,G,7562,100,7562,1,0
B,G,G,6770,100,6770,1,0
C,G,G,1320,100,1320,1,0
D,G,G,6828,100,6828,1,0
E,G,G,7311,100,7311,1,0
F,G,G,6838,100,6838,1,0
G,H,G,7051,100,7051,1,0
A,H,H,9644,100,9644,1,0
B,H,H,13060,100,13060,1,0
C,H,H,7155,100,7155,1,0
D,H,H,1474,100,1474,1,0
E,H,H,9627,100,9627,1,0
F,H,H,13217,100,13217,1,0
G,H,H,7006,100,7006,1,0
A,B,A,7155,100,7155,1,0
A,C,A,7577,100,7577,1,0
A,D,A,9202,100,9202,1,0
A,E,A,1382,100,1382,1,0
A,F,A,7367,100,7367,1,0
A,G,A,7568,100,7568,1,0
A,H,A,9673,100,9673,1,0
A,B,B,7131,100,7131,1,0
B,C,B,6678,100,6678,1,0
B,D,B,12521,100,12521,1,0
B,E,B,7073,100,7073,1,0
B,F,B,1425,100,1425,1,0
B,G,B,6791,100,6791,1,0
B,H,B,13051,100,13051,1,0
A,C,C,7603,100,7603,1,0
B,C,C,6755,100,6755,1,0
C,D,C,6563,100,6563,1,0
C,E,C,7557,100,7557,1,0
C,F,C,7093,100,7093,1,0
C,G,C,1390,100,1390,1,0
C,H,C,7135,100,7135,1,0
A,D,D,9189,100,9189,1,0
B,D,D,12508,100,12508,1,0
C,D,D,6590,100,6590,1,0
D,E,D,9336,100,9336,1,0
D,F,D,12823,100,12823,1,0
D,G,D,6798,100,6798,1,0
D,H,D,1467,100,1467,1,0
A,E,E,1354,100,1354,1,0
B,E,E,7099,100,7099,1,0
C,E,E,7557,100,7557,1,0
D,E,E,9370,100,9370,1,0
E,F,E,6989,100,6989,1,0
E,G,E,7304,100,7304,1,0
E,H,E,9665,100,9665,1,0
A,F,F,7402,100,7402,1,0
B,F,F,1404,100,1404,1,0
C,F,F,7120,100,7120,1,0
D,F,F,12856,100,12856,1,0
E,F,F,6994,100,6994,1,0
F,G,F,6893,100,6893,1,0
F,H,F,13274,100,13274,1,0
A,G,G,7593,100,7593,1,0
B,G,G,6725,100,6725,1,0
C,G,G,1378,100,1378,1,0
D,G,G,6828,100,6828,1,0
E,G,G,7302,100,7302,1,0
F,G,G,6855,100,6855,1,0
G,H,G,7063,100,7063,1,0
A,H,H,9712,100,9712,1,0
B,H,H,12977,100,12977,1,0
C,H,H,7135,100,7135,1,0
D,H,H,1412,100,1412,1,0
E,H,H,9670,100,9670,1,0
F,H,H,13211,100,13211,1,0
G,H,H,7045,100,7045,1,0
A,B,A,7169,100,7169,1,0
A,C,A,7593,100,7593,1,0
A,D,A,9184,100,9184,1,0
A,E,A,1376,100,1376,1,0
A,F,A,7363,100,7363,1,0
A,G,A,7582,100,7582,1,0
A,H,A,9652,100,9652,1,0
A,B,B,7160,100,7160,1,0
B,C,B,6708,100,6708,1,0
B,D,B,12560,100,12560,1,0
B,E,B,7073,100,7073,1,0
B,F,B,1451,100,1451,1,0
B,G,B,6764,100,6764,1,0
B,H,B,13033,100,13033,1,0
A,C,C,7596,100,7596,1,0
B,C,C,6724,100,6724,1,0
C,D,C,6609,100,6609,1,0
C,E,C,7511,100,7511,1,0
C,F,C,7113,100,7113,1,0
C,G,C,1389,100,1389,1,0
C,H,C,7089,100,7089,1,0
A,D,D,9202,100,9202,1,0
B,D,D,12542,100,12542,1,0
C,D,D,6651,100,6651,1,0
D,E,D,9376,100,9376,1,0
D,F,D,12835,100,12835,1,0
D,G,D,6818,100,6818,1,0
D,H,D,1447,100,1447,1,0
A,E,E,1349,100,1349,1,0
B,E,E,7040,100,7040,1,0
C,E,E,7545,100,7545,1,0
D,E,E,9348,100,9348,1,0
E,F,E,7002,100,7002,1,0
E,G,E,7325,100,7325,1,0
E,H,E,9657,100,9657,1,0
A,F,F,7391,100,7391,1,0
B,F,F,1453,100,1453,1,0
C,F,F,7113,100,7113,1,0
D,F,F,12854,100,12854,1,0
E,F,F,6987,100,6987,1,0
F,G,F,6888,100,6888,1,0
F,H,F,13197,100,13197,1,0
A,G,G,7520,100,7520,1,0
B,G,G,6735,100,6735,1,0
C,G,G,1347,100,1347,1,0
D,G,G,6823,100,6823,1,0
E,G,G,7307,100,7307,1,0
F,G,G,6870,100,6870,1,0
G,H,G,7022,100,7022,1,0
A,H,H,9707,100,9707,1,0
B,H,H,13061,100,13061,1,0
C,H,H,7084,100,7084,1,0
D,H,H,1424,100,1424,1,0
E,H,H,9651,100,9651,1,0
F,H,H,13224,100,13224,1,0
G,H,H,7022,100,7022,1,0
A,B,A,7152,100,7152,1,0
A,C,A,7579,100,7579,1,0
A,D,A,9220,100,9220,1,0
A,E,A,1351,100,1351,1,0
A,F,A,7395,100,7395,1,0
A,G,A,7576,100,7576,1,0
A,H,A,9642,100,9642,1,0
A,B,B,7139,100,7139,1,0
B,C,B,6734,100,6734,1,0
B,D,B,12535,100,12535,1,0
B,E,B,7079,100,7079,1,0
B,F,B,1408,100,1408,1,0
B,G,B,6767,100,6767,1,0
B,H,B,12990,100,12990,1,0
A,C,C,7594,100,7594,1,0
B,C,C,6750,100,6750,1,0
C,D,C,6645,100,6645,1,0
C,E,C,7584,100,7584,1,0
C,F,C,7097,100,7097,1,0
C,G,C,1362,100,1362,1,0
C,H,C,7063,100,7063,1,0
A,D,D,9211,100,9211,1,0
B,D,D,12525,100,12525,1,0
C,D,D,6635,100,6635,1,0
D,E,D,9320,100,9320,1,0
D,F,D,12908,100,12908,1,0
D,G,D,6818,100,6818,1,0
D,H,D,1414,100,1414,1,0
A,E,E,1367,100,1367,1,0
B,E,E,7030,100,7030,1,0
C,E,E,7514,100,7514,1,0
D,E,E,9343,100,9343,1,0
E,F,E,7041,100,7041,1,0
E,G,E,7313,100,7313,1,0
E,H,E,9692,100,9692,1,0
A,F,F,7361,100,7361,1,0
B,F,F,1405,100,1405,1,0
C,F,F,7147,100,7147,1,0
D,F,F,12884,100,12884,1,0
E,F,F,7032,100,7032,1,0
F,G,F,6861,100,6861,1,0
F,H,F,13206,100,13206,1,0
A,G,G,7545,100,7545,1,0
B,G,G,6784,100,6784,1,0
C,G,G,1363,100,1363,1,0
D,G,G,6819,100,6819,1,0
E,G,G,7317,100,7317,1,0
F,G,G,6889,100,6889,1,0
G,H,G,7030,100,7030,1,0
A,H,H,9720,100,9720,1,0
B,H,H,13075,100,13075,1,0
C,H,H,7114,100,7114,1,0
D,H,H,1389,100,1389,1,0
E,H,H,9643,100,9643,1,0
F,H,H,13257,100,13257,1,0
G,H,H,7024,100,7024,1,0
A,B,A,7117,100,7117,1,0
A,C,A,7614,100,7614,1,0
A,D,A,9199,100,9199,1,0
A,E,A,1398,100,1398,1,0
A,F,A,7359,100,7359,1,0
A,G,A,7527,100,7527,1,0
A,H,A,9709,100,9709,1,0
A,B,B,7166,100,7166,1,0
B,C,B,6703,100,6703,1,0
B,D,B,12513,100,12513,1,0
B,E,B,7060,100,7060,1,0
B,F,B,1386,100,1386,1,0
B,G,B,6765,100,6765,1,0
B,H,B,13082,100,13082,1,0
A,C,C,7611,100,7611,1,0
B,C,C,6717,100,6717,1,0
C,D,C,6592,100,6592,1,0
C,E,C,7535,100,7535,1,0
C,F,C,7122,100,7122,1,0
C,G,C,1339,100,1339,1,0
C,H,C,7144,100,7144,1,0
A,D,D,9217,100,9217,1,0
B,D,D,12525,100,12525,1,0
C,D,D,6605,100,6605,1,0
D,E,D,9332,100,9332,1,0
D,F,D,12913,100,12913,1,0
D,G,D,6792,100,6792,1,0
D,H,D,1459,100,1459,1,0
A,E,E,1328,100,1328,1,0
B,E,E,7063,100,7063,1,0
C,E,E,7481,100,7481,1,0
D,E,E,9365,100,9365,1,0
E,F,E,6987,100,6987,1,0
E,G,E,7292,100,7292,1,0
E,H,E,9629,100,9629,1,0
A,F,F,7399,100,7399,1,0
B,F,F,1424,100,1424,1,0
C,F,F,7131,100,7131,1,0
D,F,F,12910,100,12910,1,0
E,F,F,7021,100,7021,1,0
F,G,F,6870,100,6870,1,0
F,H,F,13197,100,13197,1,0
A,G,G,7598,100,7598,1,0
B,G,G,6755,100,6755,1,0
C,G,G,1369,100,1369,1,0
D,G,G,6837,100,6837,1,0
E,G,G,7292,100,7292,1,0
F,G,G,6883,100,6883,1,0
G,H,G,7043,100,7043,1,0
A,H,H,9682,100,9682,1,0
B,H,H,13095,100,13095,1,0
C,H,H,7067,100,7067,1,0
D,H,H,1403,100,1403,1,0
E,H,H,9659,100,9659,1,0
F,H,H,13223,100,13223,1,0
G,H,H,7060,100,7060,1,0
A,B,A,7131,100,7131,1,0
A,C,A,7642,100,7642,1,0
A,D,A,9212,100,9212,1,0
A,E,A,1364,100,1364,1,0
A,F,A,7411,100,7411,1,0
A,G,A,7584,100,7584,1,0
A,H,A,9642,100,9642,1,0
A,B,B,7199,100,7199,1,0
B,C,B,6725,100,6725,1,0
B,D,B,12573,100,12573,1,0
B,E,B,7074,100,7074,1,0
B,F,B,1432,100,1432,1,0
B,G,B,6767,100,6767,1,0
B,H,B,13004,100,13004,1,0
A,C,C,7633,100,7633,1,0
B,C,C,6719,100,6719,1,0
C,D,C,6610,100,6610,1,0
C,E,C,7499,100,7499,1,0
C,F,C,7081,100,7081,1,0
C,G,C,1336,100,1336,1,0
C,H,C,7172,100,7172,1,0
A,D,D,9205,100,9205,1,0
B,D,D,12535,100,12535,1,0
C,D,D,6590,100,6590,1,0
D,E,D,9356,100,9356,1,0
D,F,D,12848,100,12848,1,0
D,G,D,6791,100,6791,1,0
D,H,D,1419,100,1419,1,0
A,E,E,1393,100,1393,1,0
B,E,E,7014,100,7014,1,0
C,E,E,7545,100,7545,1,0
D,E,E,9302,100,9302,1,0
E,F,E,7017,100,7017,1,0
E,G,E,7314,100,7314,1,0
E,H,E,9634,100,9634,1,0
A,F,F,7383,100,7383,1,0
B,F,F,1437,100,1437,1,0
C,F,F,7119,100,7119,1,0
D,F,F,12896,100,12896,1,0
E,F,F,6993,100,6993,1,0
F,G,F,6887,100,6887,1,0
F,H,F,13238,100,13238,1,0
A,G,G,7602,100,7602,1,0
B,G,G,6782,100,6782,1,0
C,G,G,1331,100,1331,1,0
D,G,G,6808,100,6808,1,0
E,G,G,7287,100,7287,1,0
F,G,G,6906,100,6906,1,0
G,H,G,7036,100,7036,1,0
A,H,H,9740,100,9740,1,0
B,H,H,13025,100,13025,1,0
C,H,H,7132,100,7132,1,0
D,H,H,1398,100,1398,1,0
E,H,H,9683,100,9683,1,0
F,H,H,13270,100,13270,1,0
G,H,H,7051,100,7051,1,0
A,B,A,7176,100,7176,1,0
A,C,A,7599,100,7599,1,0
A,D,A,9222,100,9222,1,0
A,E,A,1367,100,1367,1,0
A,F,A,7378,100,7378,1,0
A,G,A,7615,100,7615,1,0
A,H,A,9692,100,9692,1,0
A,B,B,7169,100,7169,1,0
B,C,B,6720,100,6720,1,0
B,D,B,12547,100,12547,1,0
B,E,B,7018,100,7018,1,0
B,F,B,1405,100,1405,1,0
B,G,B,6760,100,6760,1,0
B,H,B,13021,100,13021,1,0
A,C,C,7525,100,7525,1,0
B,C,C,6738,100,6738,1,0
C,D,C,6605,100,6605,1,0
C,E,C,7522,100,7522,1,0
C,F,C,7117,100,7117,1,0
C,G,C,1385,100,1385,1,0
C,H,C,7091,100,7091,1,0
A,D,D,9204,100,9204,1,0
B,D,D,12517,100,12517,1,0
C,D,D,6620,100,6620,1,0
D,E,D,9337,100,9337,1,0
D,F,D,12854,100,12854,1,0
D,G,D,6790,100,6790,1,0
D,H,D,1492,100,1492,1,0
A,E,E,1362,100,1362,1,0
B,E,E,7049,100,7049,1,0
C,E,E,7566,100,7566,1,0
D,E,E,9334,100,9334,1,0
E,F,E,6989,100,6989,1,0
E,G,E,7315,100,7315,1,0
E,H,E,9682,100,9682,1,0
A,F,F,7351,100,7351,1,0
B,F,F,1466,100,1466,1,0
C,F,F,7132,100,7132,1,0
D,F,F,12879,100,12879,1,0
E,F,F,6989,100,6989,1,0
F,G,F,6889,100,6889,1,0
F,H,F,13200,100,13200,1,0
A,G,G,7562,100,7562,1,0
B,G,G,6753,100,6753,1,0
C,G,G,1313,100,1313,1,0
D,G,G,6849,100,6849,1,0
E,G,G,7321,100,7321,1,0
F,G,G,6890,100,6890,1,0
G,H,G,7048,100,7048,1,0
A,H,H,9747,100,9747,1,0
B,H,H,13094,100,13094,1,0
C,H,H,7105,100,7105,1,0
D,H,H,1539,100,1539,1,0
E,H,H,9656,100,9656,1,0
F,H,H,13185,100,13185,1,0
G,H,H,7057,100,7057,1,0
A,B,A,7168,100,7168,1,0
A,C,A,7539,100,7539,1,0
A,D,A,9192,100,9192,1,0
A,E,A,1356,100,1356,1,0
A,F,A,7386,100,7386,1,0
A,G,A,7623,100,7623,1,0
A,H,A,9711,100,9711,1,0
A,B,B,7146,100,7146,1,0
B,C,B,6744,100,6744,1,0
B,D,B,12511,100,12511,1,0
B,E,B,7039,100,7039,1,0
B,F,B,1454,100,1454,1,0
B,G,B,6763,100,6763,1,0
B,H,B,13058,100,13058,1,0
A,C,C,7576,100,7576,1,0
B,C,C,6719,100,6719,1,0
C,D,C,6568,100,6568,1,0
C,E,C,7533,100,7533,1,0
C,F,C,7136,100,7136,1,0
C,G,C,1403,100,1403,1,0
C,H,C,7108,100,7108,1,0
A,D,D,9193,100,9193,1,0
B,D,D,12560,100,12560,1,0
C,D,D,6583,100,6583,1,0
D,E,D,9357,100,9357,1,0
D,F,D,12866,100,12866,1,0
D,G,D,6801,100,6801,1,0
D,H,D,1424,100,1424,1,0
A,E,E,1316,100,1316,1,0
B,E,E,7023,100,7023,1,0
C,E,E,7580,100,7580,1,0
D,E,E,9369,100,9369,1,0
E,F,E,7012,100,7012,1,0
E,G,E,7302,100,7302,1,0
E,H,E,9700,100,9700,1,0
A,F,F,7388,100,7388,1,0
B,F,F,1456,100,1456,1,0
C,F,F,7106,100,7106,1,0
D,F,F,12892,100,12892,1,0
E,F,F,7029,100,7029,1,0
F,G,F,6863,100,6863,1,0
F,H,F,13220,100,13220,1,0
A,G,G,7602,100,7602,1,0
B,G,G,6748,100,6748,1,0
C,G,G,1367,100,1367,1,0
D,G,G,6801,100,6801,1,0
E,G,G,7340,100,7340,1,0
F,G,G,6889,100,6889,1,0
G,H,G,7059,100,7059,1,0
A,H,H,9711,100,9711,1,0
B,H,H,13033,100,13033,1,0
C,H,H,7086,100,7086,1,0
D,H,H,1375,100,1375,1,0
E,H,H,9658,100,9658,1,0
F,H,H,13243,100,13243,1,0
G,H,H,7036,100,7036,1,0
A,B,A,7148,100,7148,1,0
A,C,A,7585,100,7585,1,0
A,D,A,9205,100,9205,1,0
A,E,A,1355,100,1355,1,0
A,F,A,7359,100,7359,1,0
A,G,A,7579,100,7579,1,0
A,H,A,9716,100,9716,1,0
A,B,B,7161,100,7161,1,0
B,C,B,6750,100,6750,1,0
B,D,B,12516,100,12516,1,0
B,E,B,7066,100,7066,1,0
B,F,B,1429,100,1429,1,0
B,G,B,6768,100,6768,1,0
B,H,B,13030,100,13030,1,0
A,C,C,7579,100,7579,1,0
B,C,C,6722,100,6722,1,0
C,D,C,6577,100,6577,1,0
C,E,C,7563,100,7563,1,0
C,F,C,7139,100,7139,1,0
C,G,C,1352,100,1352,1,0
C,H,C,7116,100,7116,1,0
A,D,D,9186,100,9186,1,0
B,D,D,12526,100,12526,1,0
C,D,D,6619,100,6619,1,0
D,E,D,9391,100,9391,1,0
D,F,D,12876,100,12876,1,0
D,G,D,6840,100,6840,1,0
D,H,D,1370,100,1370,1,0
A,E,E,1366,100,1366,1,0
B,E,E,7014,100,7014,1,0
C,E,E,7593,100,7593,1,0
D,E,E,9343,100,9343,1,0
E,F,E,6997,100,6997,1,0
E,G,E,7302,100,7302,1,0
E,H,E,9698,100,9698,1,0
A,F,F,7422,100,7422,1,0
B,F,F,1441,100,1441,1,0
C,F,F,7129,100,7129,1,0
D,F,F,12886,100,12886,1,0
E,F,F,6981,100,6981,1,0
F,G,F,6892,100,6892,1,0
F,H,F,13242,100,13242,1,0
A,G,G,7588,100,7588,1,0
B,G,G,6730,100,6730,1,0
C,G,G,1309,100,1309,1,0
D,G,G,6791,100,6791,1,0
E,G,G,7320,100,7320,1,0
F,G,G,6877,100,6877,1,0
G,H,G,7071,100,7071,1,0
A,H,H,9678,100,9678,1,0
B,H,H,13040,100,13040,1,0
C,H,H,7080,100,7080,1,0
D,H,H,1472,100,1472,1,0
E,H,H,9659,100,9659,1,0
F,H,H,13215,100,13215,1,0
G,H,H,7043,100,7043,1,0
A,B,A,7167,100,7167,1,0
A,C,A,7574,100,7574,1,0
A,D,A,9212,100,9212,1,0
A,E,A,1402,100,1402,1,0
A,F,A,7344,100,7344,1,0
A,G,A,7588,100,7588,1,0
A,H,A,9664,100,9664,1,0
A,B,B,7154,100,7154,1,0
B,C,B,6725,100,6725,1,0
B,D,B,12564,100,12564,1,0
B,E,B,7019,100,7019,1,0
B,F,B,1444,100,1444,1,0
B,G,B,6731,100,6731,1,0
B,H,B,13055,100,13055,1,0
A,C,C,7557,100,7557,1,0
B,C,C,6689,100,6689,1,0
C,D,C,6597,100,6597,1,0
C,E,C,7561,100,7561,1,0
C,F,C,7117,100,7117,1,0
C,G,C,1372,100,1372,1,0
C,H,C,7079,100,7079,1,0
A,D,D,9226,100,9226,1,0
B,D,D,12553,100,12553,1,0
C,D,D,6621,100,6621,1,0
D,E,D,9370,100,9370,1,0
D,F,D,12869,100,12869,1,0
D,G,D,6803,100,6803,1,0
D,H,D,1402,100,1402,1,0
A,E,E,1418,100,1418,1,0
B,E,E,7078,100,7078,1,0
C,E,E,7542,100,7542,1,0
D,E,E,9420,100,9420,1,0
E,F,E,7008,100,7008,1,0
E,G,E,7320,100,7320,1,0
E,H,E,9689,100,9689,1,0
A,F,F,7345,100,7345,1,0
B,F,F,1434,100,1434,1,0
C,F,F,7131,100,7131,1,0
D,F,F,12853,100,12853,1,0
E,F,F,6998,100,6998,1,0
F,G,F,6871,100,6871,1,0
F,H,F,13216,100,13216,1,0
A,G,G,7538,100,7538,1,0
B,G,G,6738,100,6738,1,0
C,G,G,1368,100,1368,1,0
D,G,G,6788,100,6788,1,0
E,G,G,7286,100,7286,1,0
F,G,G,6892,100,6892,1,0
G,H,G,7048,100,7048,1,0
A,H,H,9742,100,9742,1,0
B,H,H,13007,100,13007,1,0
C,H,H,7105,100,7105,1,0
D,H,H,1462,100,1462,1,0
E,H,H,9659,100,9659,1,0
F,H,H,13270,100,13270,1,0
G,H,H,7020,100,7020,1,0
A,B,A,7168,100,7168,1,0
A,C,A,7553,100,7553,1,0
A,D,A,9187,100,9187,1,0
A,E,A,1361,100,1361,1,0
A,F,A,7402,100,7402,1,0
A,G,A,7598,100,7598,1,0
A,H,A,9648,100,9648,1,0
A,B,B,7128,100,7128,1,0
B,C,B,6741,100,6741,1,0
B,D,B,12545,100,12545,1,0
B,E,B,7038,100,7038,1,0
B,F,B,1449,100,1449,1,0
B,G,B,6762,100,6762,1,0
B,H,B,13045,100,13045,1,0
A,C,C,7532,100,7532,1,0
B,C,C,6750,100,6750,1,0
C,D,C,6587,100,6587,1,0
C,E,C,7557,100,7557,1,0
C,F,C,7132,100,7132,1,0
C,G,C,1369,100,1369,1,0
C,H,C,7092,100,7092,1,0
A,D,D,9220,100,9220,1,0
B,D,D,12514,100,12514,1,0
C,D,D,6621,100,6621,1,0
D,E,D,9329,100,9329,1,0
D,F,D,12870,100,12870,1,0
D,G,D,6791,100,6791,1,0
D,H,D,1422,100,1422,1,0
A,E,E,1336,100,1336,1,0
B,E,E,7008,100,7008,1,0
C,E,E,7558,100,7558,1,0
D,E,E,9249,100,9249,1,0
E,F,E,7003,100,7003,1,0
E,G,E,7306,100,7306,1,0
E,H,E,9652,100,9652,1,0
A,F,F,7356,100,7356,1,0
B,F,F,1460,100,1460,1,0
C,F,F,7103,100,7103,1,0
D,F,F,12874,100,12874,1,0
E,F,F,6989,100,6989,1,0
F,G,F,6899,100,6899,1,0
F,H,F,13234,100,13234,1,0
A,G,G,7535,100,7535,1,0
B,G,G,6764,100,6764,1,0
C,G,G,1395,100,1395,1,0
D,G,G,6802,100,6802,1,0
E,G,G,7291,100,7291,1,0
F,G,G,6887,100,6887,1,0
G,H,G,7070,100,7070,1,0
A,H,H,9706,100,9706,1,0
B,H,H,13058,100,13058,1,0
C,H,H,7086,100,7086,1,0
D,H,H,1423,100,1423,1,0
E,H,H,9659,100,9659,1,0
F,H,H,13254,100,13254,1,0
G,H,H,7064,100,7064,1,0
A,B,A,7155,100,7155,1,0
A,C,A,7586,100,7586,1,0
A,D,A,9219,100,9219,1,0
A,E,A,1388,100,1388,1,0
A,F,A,7397,100,7397,1,0
A,G,A,7603,100,7603,1,0
A,H,A,9645,100,9645,1,0
A,B,B,7161,100,7161,1,0
B,C,B,6710,100,6710,1,0
B,D,B,12510,100,12510,1,0
B,E,B,7093,100,7093,1,0
B,F,B,1435,100,1435,1,0
B,G,B,6781,100,6781,1,0
B,H,B,13046,100,13046,1,0
A,C,C,7543,100,7543,1,0
B,C,C,6708,100,6708,1,0
C,D,C,6589,100,6589,1,0
C,E,C,7514,100,7514,1,0
C,F,C,7126,100,7126,1,0
C,G,C,1365,100,1365,1,0
C,H,C,7101,100,7101,1,0
A,D,D,9210,100,9210,1,0
B,D,D,12585,100,12585,1,0
C,D,D,6622,100,6622,1,0
D,E,D,9378,100,9378,1,0
D,F,D,12887,100,12887,1,0
D,G,D,6788,100,6788,1,0
D,H,D,1402,100,1402,1,0
A,E,E,1370,100,1370,1,0
B,E,E,7013,100,7013,1,0
C,E,E,7551,100,7551,1,0
D,E,E,9362,100,9362,1,0
E,F,E,7011,100,7011,1,0
E,G,E,7321,100,7321,1,0
E,H,E,9611,100,9611,1,0
A,F,F,7374,100,7374,1,0
B,F,F,1457,100,1457,1,0
C,F,F,7144,100,7144,1,0
D,F,F,12894,100,12894,1,0
E,F,F,6987,100,6987,1,0
F,G,F,6907,100,6907,1,0
F,H,F,13213,100,13213,1,0
A,G,G,7542,100,7542,1,0
B,G,G,6785,100,6785,1,0
C,G,G,1314,100,1314,1,0
D,G,G,6807,100,6807,1,0
E,G,G,7283,100,7283,1,0
F,G,G,6860,100,6860,1,0
G,H,G,7052,100,7052,1,0
A,H,H,9670,100,9670,1,0
B,H,H,13052,100,13052,1,0
C,H,H,7107,100,7107,1,0
D,H,H,1386,100,1386,1,0
E,H,H,9658,100,9658,1,0
F,H,H,13263,100,13263,1,0
G,H,H,7071,100,7071,1,0
A,B,A,7152,100,7152,1,0
A,C,A,7582,100,7582,1,0
A,D,A,9217,100,9217,1,0
A,E,A,1392,100,1392,1,0
A,F,A,7361,100,7361,1,0
A,G,A,7613,100,7613,1,0
A,H,A,9692,100,9692,1,0
A,B,B,7104,100,7104,1,0
B,C,B,6696,100,6696,1,0
B,D,B,12544,100,12544,1,0
B,E,B,7052,100,7052,1,0
B,F,B,1408,100,1408,1,0
B,G,B,6765,100,6765,1,0
B,H,B,13113,100,13113,1,0
A,C,C,7590,100,7590,1,0
B,C,C,6703,100,6703,1,0
C,D,C,6618,100,6618,1,0
C,E,C,7557,100,7557,1,0
C,F,C,7119,100,7119,1,0
C,G,C,1318,100,1318,1,0
C,H,C,7122,100,7122,1,0
A,D,D,9195,100,9195,1,0
B,D,D,12527,100,12527,1,0
C,D,D,6597,100,6597,1,0
D,E,D,9344,100,9344,1,0
D,F,D,12830,100,12830,1,0
D,G,D,6815,100,6815,1,0
D,H,D,1400,100,1400,1,0
A,E,E,1365,100,1365,1,0
B,E,E,7078,100,7078,1,0
C,E,E,7546,100,7546,1,0
D,E,E,9356,100,9356,1,0
E,F,E,7038,100,7038,1,0
E,G,E,7317,100,7317,1,0
E,H,E,9678,100,9678,1,0
A,F,F,7379,100,7379,1,0
B,F,F,1426,100,1426,1,0
C,F,F,7125,100,7125,1,0
D,F,F,12886,100,12886,1,0
E,F,F,7033,100,7033,1,0
F,G,F,6895,100,6895,1,0
F,H,F,13204,100,13204,1,0
A,G,G,7571,100,7571,1,0
B,G,G,6742,100,6742,1,0
C,G,G,1339,100,1339,1,0
D,G,G,6834,100,6834,1,0
E,G,G,7318,100,7318,1,0
F,G,G,6874,100,6874,1,0
G,H,G,7019,100,7019,1,0
A,H,H,9689,100,9689,1,0
B,H,H,13040,100,13040,1,0
C,H,H,7135,100,7135,1,0
D,H,H,1435,100,1435,1,0
E,H,H,9693,100,9693,1,0
F,H,H,13221,100,13221,1,0
G,H,H,7032,100,7032,1,0
A,B,A,7185,100,7185,1,0
A,C,A,7568,100,7568,1,0
A,D,A,9198,100,9198,1,0
A,E,A,1361,100,1361,1,0
A,F,A,7360,100,7360,1,0
A,G,A,7622,100,7622,1,0
A,H,A,9728,100,9728,1,0
A,B,B,7178,100,7178,1,0
B,C,B,6726,100,6726,1,0
B,D,B,12477,100,12477,1,0
B,E,B,7052,100,7052,1,0
B,F,B,1412,100,1412,1,0
B,G,B,6743,100,6743,1,0
B,H,B,13058,100,13058,1,0
A,C,C,7570,100,7570,1,0
B,C,C,6740,100,6740,1,0
C,D,C,6616,100,6616,1,0
C,E,C,7528,100,7528,1,0
C,F,C,7103,100,7103,1,0
C,G,C,1365,100,1365,1,0
C,H,C,7134,100,7134,1,0
A,D,D,9227,100,9227,1,0
B,D,D,12543,100,12543,1,0
C,D,D,6628,100,6628,1,0
D,E,D,9300,100,9300,1,0
D,F,D,12873,100,12873,1,0
D,G,D,6796,100,6796,1,0
D,H,D,1416,100,1416,1,0
A,E,E,1379,100,1379,1,0
B,E,E,7067,100,7067,1,0
C,E,E,7577,100,7577,1,0
D,E,E,9322,100,9322,1,0
E,F,E,6998,100,6998,1,0
E,G,E,7336,100,7336,1,0
E,H,E,9664,100,9664,1,0
A,F,F,7379,100,7379,1,0
B,F,F,1468,100,1468,1,0
C,F,F,7123,100,7123,1,0
D,F,F,12894,100,12894,1,0
E,F,F,6993,100,6993,1,0
F,G,F,6860,100,6860,1,0
F,H,F,13228,100,13228,1,0
A,G,G,7587,100,7587,1,0
B,G,G,6743,100,6743,1,0
C,G,G,1356,100,1356,1,0
D,G,G,6835,100,6835,1,0
E,G,G,7316,100,7316,1,0
F,G,G,6895,100,6895,1,0
G,H,G,7053,100,7053,1,0
A,H,H,9755,100,9755,1,0
B,H,H,13031,100,13031,1,0
C,H,H,7117,100,7117,1,0
D,H,H,1413,100,1413,1,0
E,H,H,9673,100,9673,1,0
F,H,H,13246,100,13246,1,0
G,H,H,7044,100,7044,1,0
A,B,A,7145,100,7145,1,0
A,C,A,7550,100,7550,1,0
A,D,A,9193,100,9193,1,0
A,E,A,1353,100,1353,1,0
A,F,A,7413,100,7413,1,0
A,G,A,7594,100,7594,1,0
A,H,A,9707,100,9707,1,0
A,B,B,7190,100,7190,1,0
B,C,B,6709,100,6709,1,0
B,D,B,12534,100,12534,1,0
B,E,B,7046,100,7046,1,0
B,F,B,1429,100,1429,1,0
B,G,B,6773,100,6773,1,0
B,H,B,13016,100,13016,1,0
A,C,C,7588,100,7588,1,0
B,C,C,6721,100,6721,1,0
C,D,C,6633,100,6633,1,0
C,E,C,7565,100,7565,1,0
C,F,C,7112,100,7112,1,0
C,G,C,1370,100,1370,1,0
C,H,C,7092,100,7092,1,0
A,D,D,9207,100,9207,1,0
B,D,D,12516,100,12516,1,0
C,D,D,6617,100,6617,1,0
D,E,D,9392,100,9392,1,0
D,F,D,12871,100,12871,1,0
D,G,D,6824,100,6824,1,0
D,H,D,1476,100,1476,1,0
A,E,E,1361,100,1361,1,0
B,E,E,7037,100,7037,1,0
C,E,E,7510,100,7510,1,0
D,E,E,9304,100,9304,1,0
E,F,E,6991,100,6991,1,0
E,G,E,7326,100,7326,1,0
E,H,E,9626,100,9626,1,0
A,F,F,7415,100,7415,1,0
B,F,F,1410,100,1410,1,0
C,F,F,7123,100,7123,1,0
D,F,F,12864,100,12864,1,0
E,F,F,7009,100,7009,1,0
F,G,F,6867,100,6867,1,0
F,H,F,13196,100,13196,1,0
A,G,G,7522,100,7522,1,0
B,G,G,6738,100,6738,1,0
C,G,G,1366,100,1366,1,0
D,G,G,6795,100,6795,1,0
E,G,G,7327,100,7327,1,0
F,G,G,6878,100,6878,1,0
G,H,G,7039,100,7039,1,0
A,H,H,9679,100,9679,1,0
B,H,H,13021,100,13021,1,0
C,H,H,7151,100,7151,1,0
D,H,H,1505,100,1505,1,0
E,H,H,9633,100,9633,1,0
F,H,H,13238,100,13238,1,0
G,H,H,7049,100,7049,1,0
A,B,A,7182,100,7182,1,0
A,C,A,7570,100,7570,1,0
A,D,A,9244,100,9244,1,0
A,E,A,1402,100,1402,1,0
A,F,A,7393,100,7393,1,0
A,G,A,7599,100,7599,1,0
A,H,A,9712,100,9712,1,0
A,B,B,7150,100,7150,1,0
B,C,B,6692,100,6692,1,0
B,D,B,12495,100,12495,1,0
B,E,B,7042,100,7042,1,0
B,F,B,1418,100,1418,1,0
B,G,B,6754,100,6754,1,0
B,H,B,13045,100,13045,1,0
A,C,C,7553,100,7553,1,0
B,C,C,6684,100,6684,1,0
C,D,C,6597,100,6597,1,0
C,E,C,7520,100,7520,1,0
C,F,C,7133,100,7133,1,0
C,G,C,1388,100,1388,1,0
C,H,C,7088,100,7088,1,0
A,D,D,9192,100,9192,1,0
B,D,D,12540,100,12540,1,0
C,D,D,6599,100,6599,1,0
D,E,D,9310,100,9310,1,0
D,F,D,12832,100,12832,1,0
D,G,D,6814,100,6814,1,0
D,H,D,1377,100,1377,1,0
A,E,E,1412,100,1412,1,0
B,E,E,7023,100,7023,1,0
C,E,E,7534,100,7534,1,0
D,E,E,9296,100,9296,1,0
E,F,E,6963,100,6963,1,0
E,G,E,7343,100,7343,1,0
E,H,E,9639,100,9639,1,0
A,F,F,7368,100,7368,1,0
B,F,F,1426,100,1426,1,0
C,F,F,7138,100,7138,1,0
D,F,F,12843,100,12843,1,0
E,F,F,7026,100,7026,1,0
F,G,F,6881,100,6881,1,0
F,H,F,13249,100,13249,1,0
A,G,G,7572,100,7572,1,0
B,G,G,6785,100,6785,1,0
C,G,G,1388,100,1388,1,0
D,G,G,6865,100,6865,1,0
E,G,G,7310,100,7310,1,0
F,G,G,6889,100,6889,1,0
G,H,G,7014,100,7014,1,0
A,H,H,9711,100,9711,1,0
B,H,H,13066,100,13066,1,0
C,H,H,7102,100,7102,1,0
D,H,H,1445,100,1445,1,0
E,H,H,9656,100,9656,1,0
F,H,H,13293,100,13293,1,0
G,H,H,7058,100,7058,1,0
A,B,A,7126,100,7126,1,0
A,C,A,7615,100,7615,1,0
A,D,A,9199,100,9199,1,0
A,E,A,1428,100,1428,1,0
A,F,A,7410,100,7410,1,0
A,G,A,7598,100,7598,1,0
A,H,A,9718,100,9718,1,0
A,B,B,7135,100,7135,1,0
B,C,B,6727,100,6727,1,0
B,D,B,12484,100,12484,1,0
B,E,B,6993,100,6993,1,0
B,F,B,1411,100,1411,1,0
B,G,B,6761,100,6761,1,0
B,H,B,13033,100,13033,1,0
A,C,C,7597,100,7597,1,0
B,C,C,6709,100,6709,1,0
C,D,C,6614,100,6614,1,0
C,E,C,7558,100,7558,1,0
C,F,C,7115,100,7115,1,0
C,G,C,1299,100,1299,1,0
C,H,C,7182,100,7182,1,0
A,D,D,9170,100,9170,1,0
B,D,D,12557,100,12557,1,0
C,D,D,6599,100,6599,1,0
D,E,D,9303,100,9303,1,0
D,F,D,12903,100,12903,1,0
D,G,D,6783,100,6783,1,0
D,H,D,1421,100,1421,1,0
A,E,E,1449,100,1449,1,0
B,E,E,7045,100,7045,1,0
C,E,E,7567,100,7567,1,0
D,E,E,9335,100,9335,1,0
E,F,E,7015,100,7015,1,0
E,G,E,7349,100,7349,1,0
E,H,E,9623,100,9623,1,0
A,F,F,7364,100,7364,1,0
B,F,F,1448,100,1448,1,0
C,F,F,7126,100,7126,1,0
D,F,F,12859,100,12859,1,0
E,F,F,7003,100,7003,1,0
F,G,F,6887,100,6887,1,0
F,H,F,13203,100,13203,1,0
A,G,G,7577,100,7577,1,0
B,G,G,6760,100,6760,1,0
C,G,G,1328,100,1328,1,0
D,G,G,6813,100,6813,1,0
E,G,G,7307,100,7307,1,0
F,G,G,6898,100,6898,1,0
G,H,G,7077,100,7077,1,0
A,H,H,9699,100,9699,1,0
B,H,H,13083,100,13083,1,0
C,H,H,7123,100,7123,1,0
D,H,H,1463,100,1463,1,0
E,H,H,9643,100,9643,1,0
F,H,H,13245,100,13245,1,0
G,H,H,7062,100,7062,1,0
A,B,A,7170,100,7170,1,0
A,C,A,7600,100,7600,1,0
A,D,A,9219,100,9219,1,0
A,E,A,1377,100,1377,1,0
A,F,A,7381,100,7381,1,0
A,G,A,7579,100,7579,1,0
A,H,A,9724,100,9724,1,0
A,B,B,7142,100,7142,1,0
B,C,B,6729,100,6729,1,0
B,D,B,12511,100,12511,1,0
B,E,B,7018,100,7018,1,0
B,F,B,1430,100,1430,1,0
B,G,B,6764,100,6764,1,0
B,H,B,13038,100,13038,1,0
A,C,C,7570,100,7570,1,0
B,C,C,6700,100,6700,1,0
C,D,C,6628,100,6628,1,0
C,E,C,7570,100,7570,1,0
C,F,C,7116,100,7116,1,0
C,G,C,1343,100,1343,1,0
C,H,C,7079,100,7079,1,0
A,D,D,9171,100,9171,1,0
B,D,D,12513,100,12513,1,0
C,D,D,6626,100,6626,1,0
D,E,D,9401,100,9401,1,0
D,F,D,12852,100,12852,1,0
D,G,D,6817,100,6817,1,0
D,H,D,1466,100,1466,1,0
A,E,E,1392,100,1392,1,0
B,E,E,7073,100,7073,1,0
C,E,E,7539,100,7539,1,0
D,E,E,9329,100,9329,1,0
E,F,E,7021,100,7021,1,0
E,G,E,7294,100,7294,1,0
E,H,E,9691,100,9691,1,0
A,F,F,7381,100,7381,1,0
B,F,F,1450,100,1450,1,0
C,F,F,7128,100,7128,1,0
D,F,F,12855,100,12855,1,0
E,F,F,7023,100,7023,1,0
F,G,F,6892,100,6892,1,0
F,H,F,13264,100,13264,1,0
A,G,G,7537,100,7537,1,0
B,G,G,6747,100,6747,1,0
C,G,G,1359,100,1359,1,0
D,G,G,6806,100,6806,1,0
E,G,G,7324,100,7324,1,0
F,G,G,6882,100,6882,1,0
G,H,G,6993,100,6993,1,0
A,H,H,9715,100,9715,1,0
B,H,H,13033,100,13033,1,0
C,H,H,7070,100,7070,1,0
D,H,H,1414,100,1414,1,0
E,H,H,9644,100,9644,1,0
F,H,H,13206,100,13206,1,0
G,H,H,7042,100,7042,1,0
A,B,A,7148,100,7148,1,0
A,C,A,7598,100,7598,1,0
A,D,A,9199,100,9199,1,0
A,E,A,1398,100,1398,1,0
A,F,A,7410,100,7410,1,0
A,G,A,7621,100,7621,1,0
A,H,A,9709,100,9709,1,0
A,B,B,7142,100,7142,1,0
B,C,B,6703,100,6703,1,0
B,D,B,12552,100,12552,1,0
B,E,B,7044,100,7044,1,0
B,F,B,1404,100,1404,1,0
B,G,B,6749,100,6749,1,0
B,H,B,13112,100,13112,1,0
A,C,C,7569,100,7569,1,0
B,C,C,6701,100,6701,1,0
C,D,C,6565,100,6565,1,0
C,E,C,7549,100,7549,1,0
C,F,C,7127,100,7127,1,0
C,G,C,1361,100,1361,1,0
C,H,C,7154,100,7154,1,0
A,D,D,9194,100,9194,1,0
B,D,D,12572,100,12572,1,0
C,D,D,6620,100,6620,1,0
D,E,D,9337,100,9337,1,0
D,F,D,12851,100,12851,1,0
D,G,D,6779,100,6779,1,0
D,H,D,1475,100,1475,1,0
A,E,E,1401,100,1401,1,0
B,E,E,7054,100,7054,1,0
C,E,E,7565,100,7565,1,0
D,E,E,9320,100,9320,1,0
E,F,E,7007,100,7007,1,0
E,G,E,7271,100,7271,1,0
E,H,E,9660,100,9660,1,0
A,F,F,7359,100,7359,1,0
B,F,F,1407,100,1407,1,0
C,F,F,7110,100,7110,1,0
D,F,F,12849,100,12849,1,0
E,F,F,6990,100,6990,1,0
F,G,F,6864,100,6864,1,0
F,H,F,13220,100,13220,1,0
A,G,G,7559,100,7559,1,0
B,G,G,6745,100,6745,1,0
C,G,G,1392,100,1392,1,0
D,G,G,6816,100,6816,1,0
E,G,G,7310,100,7310,1,0
F,G,G,6918,100,6918,1,0
G,H,G,7027,100,7027,1,0
A,H,H,9709,100,9709,1,0
B,H,H,13014,100,13014,1,0
C,H,H,7088,100,7088,1,0
D,H,H,1432,100,1432,1,0
E,H,H,9662,100,9662,1,0
F,H,H,13206,100,13206,1,0
G,H,H,7032,100,7032,1,0
A,B,A,7126,100,7126,1,0
A,C,A,7513,100,7513,1,0
A,D,A,9199,100,9199,1,0
A,E,A,1375,100,1375,1,0
A,F,A,7395,100,7395,1,0
A,G,A,7550,100,7550,1,0
A,H,A,9700,100,9700,1,0
A,B,B,7131,100,7131,1,0
B,C,B,6704,100,6704,1,0
B,D,B,12556,100,12556,1,0
B,E,B,7060,100,7060,1,0
B,F,B,1467,100,1467,1,0
B,G,B,6765,100,6765,1,0
B,H,B,13042,100,13042,1,0
A,C,C,7579,100,7579,1,0
B,C,C,6712,100,6712,1,0
C,D,C,6598,100,6598,1,0
C,E,C,7549,100,7549,1,0
C,F,C,7091,100,7091,1,0
C,G,C,1371,100,1371,1,0
C,H,C,7150,100,7150,1,0
A,D,D,9198,100,9198,1,0
B,D,D,12502,100,12502,1,0
C,D,D,6576,100,6576,1,0
D,E,D,9376,100,9376,1,0
D,F,D,12867,100,12867,1,0
D,G,D,6821,100,6821,1,0
D,H,D,1475,100,1475,1,0
A,E,E,1419,100,1419,1,0
B,E,E,7028,100,7028,1,0
C,E,E,7571,100,7571,1,0
D,E,E,9376,100,9376,1,0
E,F,E,7026,100,7026,1,0
E,G,E,7303,100,7303,1,0
E,H,E,9641,100,9641,1,0
A,F,F,7377,100,7377,1,0
B,F,F,1414,100,1414,1,0
C,F,F,7154,100,7154,1,0
D,F,F,12890,100,12890,1,0
E,F,F,6997,100,6997,1,0
F,G,F,6855,100,6855,1,0
F,H,F,13215,100,13215,1,0
A,G,G,7586,100,7586,1,0
B,G,G,6735,100,6735,1,0
C,G,G,1357,100,1357,1,0
D,G,G,6810,100,6810,1,0
E,G,G,7292,100,7292,1,0
F,G,G,6864,100,6864,1,0
G,H,G,7018,100,7018,1,0
A,H,H,9712,100,9712,1,0
B,H,H,13055,100,13055,1,0
C,H,H,7100,100,7100,1,0
D,H,H,1456,100,1456,1,0
E,H,H,9700,100,9700,1,0
F,H,H,13256,100,13256,1,0
G,H,H,7038,100,7038,1,0
A,B,A,7120,100,7120,1,0
A,C,A,7632,100,7632,1,0
A,D,A,9175,100,9175,1,0
A,E,A,1389,100,1389,1,0
A,F,A,7393,100,7393,1,0
A,G,A,7579,100,7579,1,0
A,H,A,9668,100,9668,1,0
A,B,B,7162,100,7162,1,0
B,C,B,6724,100,6724,1,0
B,D,B,12528,100,12528,1,0
B,E,B,7001,100,7001,1,0
B,F,B,1429,100,1429,1,0
B,G,B,6769,100,6769,1,0
B,H,B,13090,100,13090,1,0
A,C,C,7586,100,7586,1,0
B,C,C,6696,100,6696,1,0
C,D,C,6586,100,6586,1,0
C,E,C,7477,100,7477,1,0
C,F,C,7126,100,7126,1,0
C,G,C,1356,100,1356,1,0
C,H,C,7125,100,7125,1,0
A,D,D,9208,100,9208,1,0
B,D,D,12531,100,12531,1,0
C,D,D,6637,100,6637,1,0
D,E,D,9328,100,9328,1,0
D,F,D,12895,100,12895,1,0
D,G,D,6814,100,6814,1,0
D,H,D,1404,100,1404,1,0
A,E,E,1355,100,1355,1,0
B,E,E,7022,100,7022,1,0
C,E,E,7517,100,7517,1,0
D,E,E,9320,100,9320,1,0
E,F,E,7017,100,7017,1,0
E,G,E,7288,100,7288,1,0
E,H,E,9680,100,9680,1,0
A,F,F,7371,100,7371,1,0
B,F,F,1407,100,1407,1,0
C,F,F,7098,100,7098,1,0
D,F,F,12876,100,12876,1,0
E,F,F,7016,100,7016,1,0
F,G,F,6883,100,6883,1,0
F,H,F,13231,100,13231,1,0
A,G,G,7560,100,7560,1,0
B,G,G,6769,100,6769,1,0
C,G,G,1361,100,1361,1,0
D,G,G,6803,100,6803,1,0
E,G,G,7285,100,7285,1,0
F,G,G,6916,100,6916,1,0
G,H,G,7022,100,7022,1,0
A,H,H,9712,100,9712,1,0
B,H,H,13094,100,13094,1,0
C,H,H,7074,100,7074,1,0
D,H,H,1418,100,1418,1,0
E,H,H,9661,100,9661,1,0
F,H,H,13235,100,13235,1,0
G,H,H,7056,100,7056,1,0
A,B,A,7188,100,7188,1,0
A,C,A,7610,100,7610,1,0
A,D,A,9217,100,9217,1,0
A,E,A,1392,100,1392,1,0
A,F,A,7418,100,7418,1,0
A,G,A,7605,100,7605,1,0
A,H,A,9682,100,9682,1,0
A,B,B,7128,100,7128,1,0
B,C,B,6712,100,6712,1,0
B,D,B,12535,100,12535,1,0
B,E,B,7020,100,7020,1,0
B,F,B,1391,100,1391,1,0
B,G,B,6752,100,6752,1,0
B,H,B,13027,100,13027,1,0
A,C,C,7603,100,7603,1,0
B,C,C,6701,100,6701,1,0
C,D,C,6628,100,6628,1,0
C,E,C,7535,100,7535,1,0
C,F,C,7120,100,7120,1,0
C,G,C,1306,100,1306,1,0
C,H,C,7080,100,7080,1,0
A,D,D,9182,100,9182,1,0
B,D,D,12527,100,12527,1,0
C,D,D,6636,100,6636,1,0
D,E,D,9362,100,9362,1,0
D,F,D,12899,100,12899,1,0
D,G,D,6806,100,6806,1,0
D,H,D,1508,100,1508,1,0
A,E,E,1400,100,1400,1,0
B,E,E,7029,100,7029,1,0
C,E,E,7559,100,7559,1,0
D,E,E,9299,100,9299,1,0
E,F,E,6984,100,6984,1,0
E,G,E,7310,100,7310,1,0
E,H,E,9656,100,9656,1,0
A,F,F,7410,100,7410,1,0
B,F,F,1427,100,1427,1,0
C,F,F,7120,100,7120,1,0
D,F,F,12894,100,12894,1,0
E,F,F,7016,100,7016,1,0
F,G,F,6895,100,6895,1,0
F,H,F,13260,100,13260,1,0
A,G,G,7553,100,7553,1,0
B,G,G,6781,100,6781,1,0
C,G,G,1375,100,1375,1,0
D,G,G,6835,100,6835,1,0
E,G,G,7276,100,7276,1,0
F,G,G,6883,100,6883,1,0
G,H,G,7086,100,7086,1,0
A,H,H,9701,100,9701,1,0
B,H,H,13044,100,13044,1,0
C,H,H,7131,100,7131,1,0
D,H,H,1429,100,1429,1,0
E,H,H,9660,100,9660,1,0
F,H,H,13221,100,13221,1,0
G,H,H,7044,100,7044,1,0
A,B,A,7164,100,7164,1,0
A,C,A,7571,100,7571,1,0
A,D,A,9201,100,9201,1,0
A,E,A,1383,100,1383,1,0
A,F,A,7412,100,7412,1,0
A,G,A,7585,100,7585,1,0
A,H,A,9665,100,9665,1,0
A,B,B,7095,100,7095,1,0
B,C,B,6723,100,6723,1,0
B,D,B,12542,100,12542,1,0
B,E,B,6983,100,6983,1,0
B,F,B,1437,100,1437,1,0
B,G,B,6760,100,6760,1,0
B,H,B,13048,100,13048,1,0
A,C,C,7581,100,7581,1,0
B,C,C,6713,100,6713,1,0
C,D,C,6621,100,6621,1,0
C,E,C,7544,100,7544,1,0
C,F,C,7163,100,7163,1,0
C,G,C,1316,100,1316,1,0
C,H,C,7066,100,7066,1,0
A,D,D,9198,100,9198,1,0
B,D,D,12524,100,12524,1,0
C,D,D,6623,100,6623,1,0
D,E,D,9365,100,9365,1,0
D,F,D,12888,100,12888,1,0
D,G,D,6796,100,6796,1,0
D,H,D,1491,100,1491,1,0
A,E,E,1337,100,1337,1,0
B,E,E,6973,100,6973,1,0
C,E,E,7528,100,7528,1,0
D,E,E,9322,100,9322,1,0
E,F,E,7018,100,7018,1,0
E,G,E,7289,100,7289,1,0
E,H,E,9691,100,9691,1,0
A,F,F,7380,100,7380,1,0
B,F,F,1450,100,1450,1,0
C,F,F,7153,100,7153,1,0
D,F,F,12850,100,12850,1,0
E,F,F,6988,100,6988,1,0
F,G,F,6881,100,6881,1,0
F,H,F,13248,100,13248,1,0
A,G,G,7593,100,7593,1,0
B,G,G,6759,100,6759,1,0
C,G,G,1371,100,1371,1,0
D,G,G,6810,100,6810,1,0
E,G,G,7311,100,7311,1,0
F,G,G,6907,100,6907,1,0
G,H,G,7056,100,7056,1,0
A,H,H,9644,100,9644,1,0
B,H,H,13073,100,13073,1,0
C,H,H,7098,100,7098,1,0
D,H,H,1504,100,1504,1,0
E,H,H,9655,100,9655,1,0
F,H,H,13262,100,13262,1,0
G,H,H,7066,100,7066,1,0
A,B,A,7161,100,7161,1,0
A,C,A,7546,100,7546,1,0
A,D,A,9207,100,9207,1,0
A,E,A,1412,100,1412,1,0
A,F,A,7381,100,7381,1,0
A,G,A,7574,100,7574,1,0
A,H,A,9695,100,9695,1,0
A,B,B,7195,100,7195,1,0
B,C,B,6682,100,6682,1,0
B,D,B,12590,100,12590,1,0
B,E,B,7036,100,7036,1,0
B,F,B,1444,100,1444,1,0
B,G,B,6754,100,6754,1,0
B,H,B,13065,100,13065,1,0
A,C,C,7569,100,7569,1,0
B,C,C,6730,100,6730,1,0
C,D,C,6576,100,6576,1,0
C,E,C,7514,100,7514,1,0
C,F,C,7103,100,7103,1,0
C,G,C,1371,100,1371,1,0
C,H,C,7116,100,7116,1,0
A,D,D,9177,100,9177,1,0
B,D,D,12514,100,12514,1,0
C,D,D,6600,100,6600,1,0
D,E,D,9275,100,9275,1,0
D,F,D,12850,100,12850,1,0
D,G,D,6808,100,6808,1,0
D,H,D,1387,100,1387,1,0
A,E,E,1444,100,1444,1,0
B,E,E,7030,100,7030,1,0
C,E,E,7554,100,7554,1,0
D,E,E,9336,100,9336,1,0
E,F,E,6999,100,6999,1,0
E,G,E,7307,100,7307,1,0
E,H,E,9636,100,9636,1,0
A,F,F,7401,100,7401,1,0
B,F,F,1412,100,1412,1,0
C,F,F,7134,100,7134,1,0
D,F,F,12859,100,12859,1,0
E,F,F,6995,100,6995,1,0
F,G,F,6885,100,6885,1,0
F,H,F,13209,100,13209,1,0
A,G,G,7574,100,7574,1,0
B,G,G,6749,100,6749,1,0
C,G,G,1393,100,1393,1,0
D,G,G,6797,100,6797,1,0
E,G,G,7308,100,7308,1,0
F,G,G,6903,100,6903,1,0
G,H,G,7078,100,7078,1,0
A,H,H,9747,100,9747,1,0
B,H,H,13051,100,13051,1,0
C,H,H,7134,100,7134,1,0
D,H,H,1412,100,1412,1,0
E,H,H,9658,100,9658,1,0
F,H,H,13221,100,13221,1,0
G,H,H,7056,100,7056,1,0
A,B,A,7168,100,7168,1,0
A,C,A,7556,100,7556,1,0
A,D,A,9183,100,9183,1,0
A,E,A,1371,100,1371,1,0
A,F,A,7380,100,7380,1,0
A,G,A,7601,100,7601,1,0
A,H,A,9693,100,9693,1,0
A,B,B,7190,100,7190,1,0
B,C,B,6723,100,6723,1,0
B,D,B,12481,100,12481,1,0
B,E,B,7019,100,7019,1,0
B,F,B,1442,100,1442,1,0
B,G,B,6742,100,6742,1,0
B,H,B,13061,100,13061,1,0
A,C,C,7528,100,7528,1,0
B,C,C,6720,100,6720,1,0
C,D,C,6637,100,6637,1,0
C,E,C,7552,100,7552,1,0
C,F,C,7106,100,7106,1,0
C,G,C,1337,100,1337,1,0
C,H,C,7063,100,7063,1,0
A,D,D,9202,100,9202,1,0
B,D,D,12547,100,12547,1,0
C,D,D,6601,100,6601,1,0
D,E,D,9362,100,9362,1,0
D,F,D,12914,100,12914,1,0
D,G,D,6802,100,6802,1,0
D,H,D,1489,100,1489,1,0
A,E,E,1414,100,1414,1,0
B,E,E,7045,100,7045,1,0
C,E,E,7592,100,7592,1,0
D,E,E,9336,100,9336,1,0
E,F,E,6992,100,6992,1,0
E,G,E,7303,100,7303,1,0
E,H,E,9702,100,9702,1,0
A,F,F,7412,100,7412,1,0
B,F,F,1457,100,1457,1,0
C,F,F,7123,100,7123,1,0
D,F,F,12855,100,12855,1,0
E,F,F,6971,100,6971,1,0
F,G,F,6875,100,6875,1,0
F,H,F,13192,100,13192,1,0
A,G,G,7565,100,7565,1,0
B,G,G,6746,100,6746,1,0
C,G,G,1367,100,1367,1,0
D,G,G,6865,100,6865,1,0
E,G,G,7322,100,7322,1,0
F,G,G,6897,100,6897,1,0
G,H,G,7034,100,7034,1,0
A,H,H,9718,100,9718,1,0
B,H,H,13030,100,13030,1,0
C,H,H,7100,100,7100,1,0
D,H,H,1422,100,1422,1,0
E,H,H,9648,100,9648,1,0
F,H,H,13259,100,13259,1,0
G,H,H,7074,100,7074,1,0
A,B,A,7185,100,7185,1,0
A,C,A,7613,100,7613,1,0
A,D,A,9192,100,9192,1,0
A,E,A,1387,100,1387,1,0
A,F,A,7375,100,7375,1,0
A,G,A,7567,100,7567,1,0
A,H,A,9697,100,9697,1,0
A,B,B,7136,100,7136,1,0
B,C,B,6698,100,6698,1,0
B,D,B,12596,100,12596,1,0
B,E,B,7059,100,7059,1,0
B,F,B,1451,100,1451,1,0
B,G,B,6712,100,6712,1,0
B,H,B,13038,100,13038,1,0
A,C,C,7624,100,7624,1,0
B,C,C,6728,100,6728,1,0
C,D,C,6633,100,6633,1,0
C,E,C,7581,100,7581,1,0
C,F,C,7137,100,7137,1,0
C,G,C,1398,100,1398,1,0
C,H,C,7124,100,7124,1,0
A,D,D,9184,100,9184,1,0
B,D,D,12499,100,12499,1,0
C,D,D,6572,100,6572,1,0
D,E,D,9307,100,9307,1,0
D,F,D,12842,100,12842,1,0
D,G,D,6834,100,6834,1,0
D,H,D,1473,100,1473,1,0
A,E,E,1353,100,1353,1,0
B,E,E,7019,100,7019,1,0
C,E,E,7553,100,7553,1,0
D,E,E,9385,100,9385,1,0
E,F,E,6992,100,6992,1,0
E,G,E,7304,100,7304,1,0
E,H,E,9665,100,9665,1,0
A,F,F,7341,100,7341,1,0
B,F,F,1424,100,1424,1,0
C,F,F,7116,100,7116,1,0
D,F,F,12872,100,12872,1,0
E,F,F,7040,100,7040,1,0
F,G,F,6898,100,6898,1,0
F,H,F,13257,100,13257,1,0
A,G,G,7596,100,7596,1,0
B,G,G,6745,100,6745,1,0
C,G,G,1346,100,1346,1,0
D,G,G,6830,100,6830,1,0
E,G,G,7328,100,7328,1,0
F,G,G,6886,100,6886,1,0
G,H,G,7085,100,7085,1,0
A,H,H,9705,100,9705,1,0
B,H,H,13092,100,13092,1,0
C,H,H,7136,100,7136,1,0
D,H,H,1525,100,1525,1,0
E,H,H,9663,100,9663,1,0
F,H,H,13277,100,13277,1,0
G,H,H,7041,100,7041,1,0
A,B,A,7136,100,7136,1,0
A,C,A,7580,100,7580,1,0
A,D,A,9201,100,9201,1,0
A,E,A,1429,100,1429,1,0
A,F,A,7401,100,7401,1,0
A,G,A,7603,100,7603,1,0
A,H,A,9670,100,9670,1,0
A,B,B,7162,100,7162,1,0
B,C,B,6699,100,6699,1,0
B,D,B,12520,100,12520,1,0
B,E,B,7005,100,7005,1,0
B,F,B,1412,100,1412,1,0
B,G,B,6715,100,6715,1,0
B,H,B,13112,100,13112,1,0
A,C,C,7586,100,7586,1,0
B,C,C,6688,100,6688,1,0
C,D,C,6585,100,6585,1,0
C,E,C,7556,100,7556,1,0
C,F,C,7104,100,7104,1,0
C,G,C,1386,100,1386,1,0
C,H,C,7087,100,7087,1,0
A,D,D,9215,100,9215,1,0
B,D,D,12527,100,12527,1,0
C,D,D,6574,100,6574,1,0
D,E,D,9290,100,9290,1,0
D,F,D,12890,100,12890,1,0
D,G,D,6859,100,6859,1,0
D,H,D,1455,100,1455,1,0
A,E,E,1328,100,1328,1,0
B,E,E,7109,100,7109,1,0
C,E,E,7551,100,7551,1,0
D,E,E,9310,100,9310,1,0
E,F,E,6963,100,6963,1,0
E,G,E,7295,100,7295,1,0
E,H,E,9673,100,9673,1,0
A,F,F,7412,100,7412,1,0
B,F,F,1469,100,1469,1,0
C,F,F,7134,100,7134,1,0
D,F,F,12841,100,12841,1,0
E,F,F,7027,100,7027,1,0
F,G,F,6875,100,6875,1,0
F,H,F,13205,100,13205,1,0
A,G,G,7565,100,7565,1,0
B,G,G,6750,100,6750,1,0
C,G,G,1371,100,1371,1,0
D,G,G,6811,100,6811,1,0
E,G,G,7304,100,7304,1,0
F,G,G,6911,100,6911,1,0
G,H,G,7039,100,7039,1,0
A,H,H,9702,100,9702,1,0
B,H,H,13024,100,13024,1,0
C,H,H,7128,100,7128,1,0
D,H,H,1493,100,1493,1,0
E,H,H,9658,100,9658,1,0
F,H,H,13253,100,13253,1,0
G,H,H,7087,100,7087,1,0
A,B,A,7162,100,7162,1,0
A,C,A,7622,100,7622,1,0
A,D,A,9207,100,9207,1,0
A,E,A,1428,100,1428,1,0
A,F,A,7407,100,7407,1,0
A,G,A,7579,100,7579,1,0
A,H,A,9708,100,9708,1,0
A,B,B,7167,100,7167,1,0
B,C,B,6740,100,6740,1,0
B,D,B,12489,100,12489,1,0
B,E,B,7077,100,7077,1,0
B,F,B,1425,100,1425,1,0
B,G,B,6787,100,6787,1,0
B,H,B,13058,100,13058,1,0
A,C,C,7564,100,7564,1,0
B,C,C,6700,100,6700,1,0
C,D,C,6617,100,6617,1,0
C,E,C,7571,100,7571,1,0
C,F,C,7118,100,7118,1,0
C,G,C,1392,100,1392,1,0
C,H,C,7083,100,7083,1,0
A,D,D,9183,100,9183,1,0
B,D,D,12548,100,12548,1,0
C,D,D,6583,100,6583,1,0
D,E,D,9339,100,9339,1,0
D,F,D,12849,100,12849,1,0
D,G,D,6774,100,6774,1,0
D,H,D,1411,100,1411,1,0
A,E,E,1372,100,1372,1,0
B,E,E,7038,100,7038,1,0
C,E,E,7560,100,7560,1,0
D,E,E,9319,100,9319,1,0
E,F,E,7018,100,7018,1,0
E,G,E,7307,100,7307,1,0
E,H,E,9646,100,9646,1,0
A,F,F,7426,100,7426,1,0
B,F,F,1407,100,1407,1,0
C,F,F,7094,100,7094,1,0
D,F,F,12899,100,12899,1,0
E,F,F,6989,100,6989,1,0
F,G,F,6875,100,6875,1,0
F,H,F,13196,100,13196,1,0
A,G,G,7568,100,7568,1,0
B,G,G,6742,100,6742,1,0
C,G,G,1384,100,1384,1,0
D,G,G,6812,100,6812,1,0
E,G,G,7284,100,7284,1,0
F,G,G,6861,100,6861,1,0
G,H,G,7076,100,7076,1,0
A,H,H,9716,100,9716,1,0
B,H,H,13048,100,13048,1,0
C,H,H,7073,100,7073,1,0
D,H,H,1419,100,1419,1,0
E,H,H,9643,100,9643,1,0
F,H,H,13244,100,13244,1,0
G,H,H,7085,100,7085,1,0
A,B,A,7177,100,7177,1,0
A,C,A,7590,100,7590,1,0
A,D,A,9172,100,9172,1,0
A,E,A,1388,100,1388,1,0
A,F,A,7353,100,7353,1,0
A,G,A,7570,100,7570,1,0
A,H,A,9707,100,9707,1,0
A,B,B,7128,100,7128,1,0
B,C,B,6698,100,6698,1,0
B,D,B,12500,100,12500,1,0
B,E,B,7017,100,7017,1,0
B,F,B,1454,100,1454,1,0
B,G,B,6759,100,6759,1,0
B,H,B,12992,100,12992,1,0
A,C,C,7567,100,7567,1,0
B,C,C,6729,100,6729,1,0
C,D,C,6629,100,6629,1,0
C,E,C,7553,100,7553,1,0
C,F,C,7114,100,7114,1,0
C,G,C,1385,100,1385,1,0
C,H,C,7108,100,7108,1,0
A,D,D,9217,100,9217,1,0
B,D,D,12547,100,12547,1,0
C,D,D,6575,100,6575,1,0
D,E,D,9328,100,9328,1,0
D,F,D,12865,100,12865,1,0
D,G,D,6818,100,6818,1,0
D,H,D,1432,100,1432,1,0
A,E,E,1384,100,1384,1,0
B,E,E,7025,100,7025,1,0
C,E,E,7533,100,7533,1,0
D,E,E,9299,100,9299,1,0
E,F,E,7008,100,7008,1,0
E,G,E,7274,100,7274,1,0
E,H,E,9626,100,9626,1,0
A,F,F,7365,100,7365,1,0
B,F,F,1443,100,1443,1,0
C,F,F,7102,100,7102,1,0
D,F,F,12889,100,12889,1,0
E,F,F,7014,100,7014,1,0
F,G,F,6888,100,6888,1,0
F,H,F,13246,100,13246,1,0
A,G,G,7593,100,7593,1,0
B,G,G,6728,100,6728,1,0
C,G,G,1339,100,1339,1,0
D,G,G,6824,100,6824,1,0
E,G,G,7323,100,7323,1,0
F,G,G,6880,100,6880,1,0
G,H,G,7039,100,7039,1,0
A,H,H,9651,100,9651,1,0
B,H,H,13068,100,13068,1,0
C,H,H,7092,100,7092,1,0
D,H,H,1412,100,1412,1,0
E,H,H,9718,100,9718,1,0
F,H,H,13267,100,13267,1,0
G,H,H,7067,100,7067,1,0
A,B,A,7098,100,7098,1,0
A,C,A,7590,100,7590,1,0
A,D,A,9213,100,9213,1,0
A,E,A,1339,100,1339,1,0
A,F,A,7391,100,7391,1,0
A,G,A,7598,100,7598,1,0
A,H,A,9719,100,9719,1,0
A,B,B,7167,100,7167,1,0
B,C,B,6727,100,6727,1,0
B,D,B,12525,100,12525,1,0
B,E,B,7053,100,7053,1,0
B,F,B,1398,100,1398,1,0
B,G,B,6771,100,6771,1,0
B,H,B,13113,100,13113,1,0
A,C,C,7492,100,7492,1,0
B,C,C,6747,100,6747,1,0
C,D,C,6572,100,6572,1,0
C,E,C,7581,100,7581,1,0
C,F,C,7119,100,7119,1,0
C,G,C,1380,100,1380,1,0
C,H,C,7107,100,7107,1,0
A,D,D,9208,100,9208,1,0
B,D,D,12546,100,12546,1,0
C,D,D,6615,100,6615,1,0
D,E,D,9313,100,9313,1,0
D,F,D,12866,100,12866,1,0
D,G,D,6815,100,6815,1,0
D,H,D,1452,100,1452,1,0
A,E,E,1392,100,1392,1,0
B,E,E,7023,100,7023,1,0
C,E,E,7559,100,7559,1,0
D,E,E,9361,100,9361,1,0
E,F,E,6995,100,6995,1,0
E,G,E,7306,100,7306,1,0
E,H,E,9644,100,9644,1,0
A,F,F,7399,100,7399,1,0
B,F,F,1399,100,1399,1,0
C,F,F,7106,100,7106,1,0
D,F,F,12854,100,12854,1,0
E,F,F,7027,100,7027,1,0
F,G,F,6872,100,6872,1,0
F,H,F,13245,100,13245,1,0
A,G,G,7579,100,7579,1,0
B,G,G,6709,100,6709,1,0
C,G,G,1359,100,1359,1,0
D,G,G,6812,100,6812,1,0
E,G,G,7280,100,7280,1,0
F,G,G,6868,100,6868,1,0
G,H,G,7070,100,7070,1,0
A,H,H,9713,100,9713,1,0
B,H,H,13014,100,13014,1,0
C,H,H,7092,100,7092,1,0
D,H,H,1423,100,1423,1,0
E,H,H,9642,100,9642,1,0
F,H,H,13211,100,13211,1,0
G,H,H,7039,100,7039,1,0
A,B,A,7147,100,7147,1,0
A,C,A,7579,100,7579,1,0
A,D,A,9209,100,9209,1,0
A,E,A,1354,100,1354,1,0
A,F,A,7395,100,7395,1,0
A,G,A,7627,100,7627,1,0
A,H,A,9673,100,9673,1,0
A,B,B,7155,100,7155,1,0
B,C,B,6729,100,6729,1,0
B,D,B,12547,100,12547,1,0
B,E,B,7037,100,7037,1,0
B,F,B,1435,100,1435,1,0
B,G,B,6807,100,6807,1,0
B,H,B,13055,100,13055,1,0
A,C,C,7612,100,7612,1,0
B,C,C,6727,100,6727,1,0
C,D,C,6622,100,6622,1,0
C,E,C,7540,100,7540,1,0
C,F,C,7132,100,7132,1,0
C,G,C,1345,100,1345,1,0
C,H,C,7086,100,7086,1,0
A,D,D,9185,100,9185,1,0
B,D,D,12557,100,12557,1,0
C,D,D,6604,100,6604,1,0
D,E,D,9372,100,9372,1,0
D,F,D,12887,100,12887,1,0
D,G,D,6812,100,6812,1,0
D,H,D,1494,100,1494,1,0
A,E,E,1366,100,1366,1,0
B,E,E,7077,100,7077,1,0
C,E,E,7583,100,7583,1,0
D,E,E,9382,100,9382,1,0
E,F,E,7025,100,7025,1,0
E,G,E,7329,100,7329,1,0
E,H,E,9637,100,9637,1,0
A,F,F,7380,100,7380,1,0
B,F,F,1415,100,1415,1,0
C,F,F,7136,100,7136,1,0
D,F,F,12912,100,12912,1,0
E,F,F,6984,100,6984,1,0
F,G,F,6906,100,6906,1,0
F,H,F,13272,100,13272,1,0
A,G,G,7546,100,7546,1,0
B,G,G,6756,100,6756,1,0
C,G,G,1377,100,1377,1,0
D,G,G,6818,100,6818,1,0
E,G,G,7316,100,7316,1,0
F,G,G,6878,100,6878,1,0
G,H,G,7023,100,7023,1,0
A,H,H,9680,100,9680,1,0
B,H,H,13048,100,13048,1,0
C,H,H,7148,100,7148,1,0
D,H,H,1451,100,1451,1,0
E,H,H,9655,100,9655,1,0
F,H,H,13250,100,13250,1,0
G,H,H,7051,100,7051,1,0
A,B,A,7142,100,7142,1,0
A,C,A,7619,100,7619,1,0
A,D,A,9187,100,9187,1,0
A,E,A,1322,100,1322,1,0
A,F,A,7355,100,7355,1,0
A,G,A,7585,100,7585,1,0
A,H,A,9683,100,9683,1,0
A,B,B,7189,100,7189,1,0
B,C,B,6704,100,6704,1,0
B,D,B,12511,100,12511,1,0
B,E,B,7089,100,7089,1,0
B,F,B,1381,100,1381,1,0
B,G,B,6768,100,6768,1,0
B,H,B,13032,100,13032,1,0
A,C,C,7591,100,7591,1,0
B,C,C,6710,100,6710,1,0
C,D,C,6607,100,6607,1,0
C,E,C,7535,100,7535,1,0
C,F,C,7131,100,7131,1,0
C,G,C,1345,100,1345,1,0
C,H,C,7152,100,7152,1,0
A,D,D,9189,100,9189,1,0
B,D,D,12522,100,12522,1,0
C,D,D,6566,100,6566,1,0
D,E,D,9422,100,9422,1,0
D,F,D,12934,100,12934,1,0
D,G,D,6807,100,6807,1,0
D,H,D,1446,100,1446,1,0
A,E,E,1390,100,1390,1,0
B,E,E,7039,100,7039,1,0
C,E,E,7489,100,7489,1,0
D,E,E,9354,100,9354,1,0
E,F,E,6974,100,6974,1,0
E,G,E,7310,100,7310,1,0
E,H,E,9672,100,9672,1,0
A,F,F,7351,100,7351,1,0
B,F,F,1403,100,1403,1,0
C,F,F,7135,100,7135,1,0
D,F,F,12870,100,12870,1,0
E,F,F,6997,100,6997,1,0
F,G,F,6872,100,6872,1,0
F,H,F,13227,100,13227,1,0
A,G,G,7592,100,7592,1,0
B,G,G,6753,100,6753,1,0
C,G,G,1345,100,1345,1,0
D,G,G,6785,100,6785,1,0
E,G,G,7298,100,7298,1,0
F,G,G,6895,100,6895,1,0
G,H,G,7049,100,7049,1,0
A,H,H,9714,100,9714,1,0
B,H,H,12997,100,12997,1,0
C,H,H,7125,100,7125,1,0
D,H,H,1486,100,1486,1,0
E,H,H,9681,100,9681,1,0
F,H,H,13299,100,13299,1,0
G,H,H,7072,100,7072,1,0
A,B,A,7118,100,7118,1,0
A,C,A,7594,100,7594,1,0
A,D,A,9192,100,9192,1,0
A,E,A,1355,100,1355,1,0
A,F,A,7366,100,7366,1,0
A,G,A,7586,100,7586,1,0
A,H,A,9719,100,9719,1,0
A,B,B,7123,100,7123,1,0
B,C,B,6719,100,6719,1,0
B,D,B,12518,100,12518,1,0
B,E,B,7039,100,7039,1,0
B,F,B,1409,100,1409,1,0
B,G,B,6754,100,6754,1,0
B,H,B,13057,100,13057,1,0
A,C,C,7551,100,7551,1,0
B,C,C,6706,100,6706,1,0
C,D,C,6573,100,6573,1,0
C,E,C,7558,100,7558,1,0
C,F,C,7112,100,7112,1,0
C,G,C,1306,100,1306,1,0
C,H,C,7075,100,7075,1,0
A,D,D,9203,100,9203,1,0
B,D,D,12544,100,12544,1,0
C,D,D,6579,100,6579,1,0
D,E,D,9381,100,9381,1,0
D,F,D,12837,100,12837,1,0
D,G,D,6767,100,6767,1,0
D,H,D,1426,100,1426,1,0
A,E,E,1386,100,1386,1,0
B,E,E,7075,100,7075,1,0
C,E,E,7570,100,7570,1,0
D,E,E,9379,100,9379,1,0
E,F,E,7030,100,7030,1,0
E,G,E,7309,100,7309,1,0
E,H,E,9601,100,9601,1,0
A,F,F,7385,100,7385,1,0
B,F,F,1406,100,1406,1,0
C,F,F,7102,100,7102,1,0
D,F,F,12882,100,12882,1,0
E,F,F,6988,100,6988,1,0
F,G,F,6860,100,6860,1,0
F,H,F,13241,100,13241,1,0
A,G,G,7593,100,7593,1,0
B,G,G,6779,100,6779,1,0
C,G,G,1351,100,1351,1,0
D,G,G,6825,100,6825,1,0
E,G,G,7332,100,7332,1,0
F,G,G,6862,100,6862,1,0
G,H,G,7051,100,7051,1,0
A,H,H,9750,100,9750,1,0
B,H,H,12987,100,12987,1,0
C,H,H,7115,100,7115,1,0
D,H,H,1453,100,1453,1,0
E,H,H,9611,100,9611,1,0
F,H,H,13245,100,13245,1,0
G,H,H,7038,100,7038,1,0
A,B,A,7130,100,7130,1,0
A,C,A,7615,100,7615,1,0
A,D,A,9209,100,9209,1,0
A,E,A,1386,100,1386,1,0
A,F,A,7359,100,7359,1,0
A,G,A,7624,100,7624,1,0
A,H,A,9717,100,9717,1,0
A,B,B,7129,100,7129,1,0
B,C,B,6696,100,6696,1,0
B,D,B,12552,100,12552,1,0
B,E,B,7051,100,7051,1,0
B,F,B,1457,100,1457,1,0
B,G,B,6747,100,6747,1,0
B,H,B,13023,100,13023,1,0
A,C,C,7564,100,7564,1,0
B,C,C,6725,100,6725,1,0
C,D,C,6607,100,6607,1,0
C,E,C,7568,100,7568,1,0
C,F,C,7144,100,7144,1,0
C,G,C,1340,100,1340,1,0
C,H,C,7093,100,7093,1,0
A,D,D,9212,100,9212,1,0
B,D,D,12524,100,12524,1,0
C,D,D,6580,100,6580,1,0
D,E,D,9424,100,9424,1,0
D,F,D,12865,100,12865,1,0
D,G,D,6803,100,6803,1,0
D,H,D,1399,100,1399,1,0
A,E,E,1342,100,1342,1,0
B,E,E,7033,100,7033,1,0
C,E,E,7516,100,7516,1,0
D,E,E,9366,100,9366,1,0
E,F,E,7034,100,7034,1,0
E,G,E,7301,100,7301,1,0
E,H,E,9640,100,9640,1,0
A,F,F,7373,100,7373,1,0
B,F,F,1456,100,1456,1,0
C,F,F,7099,100,7099,1,0
D,F,F,12852,100,12852,1,0
E,F,F,7012,100,7012,1,0
F,G,F,6871,100,6871,1,0
F,H,F,13255,100,13255,1,0
A,G,G,7587,100,7587,1,0
B,G,G,6773,100,6773,1,0
C,G,G,1294,100,1294,1,0
D,G,G,6804,100,6804,1,0
E,G,G,7302,100,7302,1,0
F,G,G,6881,100,6881,1,0
G,H,G,7082,100,7082,1,0
A,H,H,9699,100,9699,1,0
B,H,H,13087,100,13087,1,0
C,H,H,7119,100,7119,1,0
D,H,H,1445,100,1445,1,0
E,H,H,9630,100,9630,1,0
F,H,H,13243,100,13243,1,0
G,H,H,7061,100,7061,1,0
A,B,A,7163,100,7163,1,0
A,C,A,7614,100,7614,1,0
A,D,A,9197,100,9197,1,0
A,E,A,1399,100,1399,1,0
A,F,A,7353,100,7353,1,0
A,G,A,7613,100,7613,1,0
A,H,A,9704,100,9704,1,0
A,B,B,7195,100,7195,1,0
B,C,B,6736,100,6736,1,0
B,D,B,12557,100,12557,1,0
B,E,B,7021,100,7021,1,0
B,F,B,1422,100,1422,1,0
B,G,B,6753,100,6753,1,0
B,H,B,13055,100,13055,1,0
A,C,C,7565,100,7565,1,0
B,C,C,6731,100,6731,1,0
C,D,C,6571,100,6571,1,0
C,E,C,7519,100,7519,1,0
C,F,C,7147,100,7147,1,0
C,G,C,1326,100,1326,1,0
C,H,C,7092,100,7092,1,0
A,D,D,9212,100,9212,1,0
B,D,D,12498,100,12498,1,0
C,D,D,6608,100,6608,1,0
D,E,D,9343,100,9343,1,0
D,F,D,12839,100,12839,1,0
D,G,D,6805,100,6805,1,0
D,H,D,1495,100,1495,1,0
A,E,E,1356,100,1356,1,0
B,E,E,7075,100,7075,1,0
C,E,E,7535,100,7535,1,0
D,E,E,9329,100,9329,1,0
E,F,E,6994,100,6994,1,0
E,G,E,7317,100,7317,1,0
E,H,E,9639,100,9639,1,0
A,F,F,7423,100,7423,1,0
B,F,F,1429,100,1429,1,0
C,F,F,7107,100,7107,1,0
D,F,F,12896,100,12896,1,0
E,F,F,6983,100,6983,1,0
F,G,F,6856,100,6856,1,0
F,H,F,13280,100,13280,1,0
A,G,G,7557,100,7557,1,0
B,G,G,6782,100,6782,1,0
C,G,G,1356,100,1356,1,0
D,G,G,6825,100,6825,1,0
E,G,G,7289,100,7289,1,0
F,G,G,6887,100,6887,1,0
G,H,G,7042,100,7042,1,0
A,H,H,9681,100,9681,1,0
B,H,H,13117,100,13117,1,0
C,H,H,7109,100,7109,1,0
D,H,H,1457,100,1457,1,0
E,H,H,9630,100,9630,1,0
F,H,H,13261,100,13261,1,0
G,H,H,7058,100,7058,1,0
A,B,A,7130,100,7130,1,0
A,C,A,7562,100,7562,1,0
A,D,A,9210,100,9210,1,0
A,E,A,1358,100,1358,1,0
A,F,A,7396,100,7396,1,0
A,G,A,7560,100,7560,1,0
A,H,A,9689,100,9689,1,0
A,B,B,7156,100,7156,1,0
B,C,B,6687,100,6687,1,0
B,D,B,12527,100,12527,1,0
B,E,B,7020,100,7020,1,0
B,F,B,1460,100,1460,1,0
B,G,B,6751,100,6751,1,0
B,H,B,13046,100,13046,1,0
A,C,C,7522,100,7522,1,0
B,C,C,6726,100,6726,1,0
C,D,C,6627,100,6627,1,0
C,E,C,7532,100,7532,1,0
C,F,C,7113,100,7113,1,0
C,G,C,1381,100,1381,1,0
C,H,C,7081,100,7081,1,0
A,D,D,9179,100,9179,1,0
B,D,D,12515,100,12515,1,0
C,D,D,6609,100,6609,1,0
D,E,D,9351,100,9351,1,0
D,F,D,12851,100,12851,1,0
D,G,D,6836,100,6836,1,0
D,H,D,1432,100,1432,1,0
A,E,E,1350,100,1350,1,0
B,E,E,7016,100,7016,1,0
C,E,E,7547,100,7547,1,0
D,E,E,9305,100,9305,1,0
E,F,E,6982,100,6982,1,0
E,G,E,7320,100,7320,1,0
E,H,E,9662,100,9662,1,0
A,F,F,7439,100,7439,1,0
B,F,F,1438,100,1438,1,0
C,F,F,7127,100,7127,1,0
D,F,F,12870,100,12870,1,0
E,F,F,7006,100,7006,1,0
F,G,F,6893,100,6893,1,0
F,H,F,13225,100,13225,1,0
A,G,G,7622,100,7622,1,0
B,G,G,6773,100,6773,1,0
C,G,G,1342,100,1342,1,0
D,G,G,6823,100,6823,1,0
E,G,G,7322,100,7322,1,0
F,G,G,6862,100,6862,1,0
G,H,G,7028,100,7028,1,0
A,H,H,9700,100,9700,1,0
B,H,H,13112,100,13112,1,0
C,H,H,7125,100,7125,1,0
D,H,H,1471,100,1471,1,0
E,H,H,9665,100,9665,1,0
F,H,H,13252,100,13252,1,0
G,H,H,7049,100,7049,1,0
A,B,A,7148,100,7148,1,0
A,C,A,7631,100,7631,1,0
A,D,A,9205,100,9205,1,0
A,E,A,1373,100,1373,1,0
A,F,A,7385,100,7385,1,0
A,G,A,7581,100,7581,1,0
A,H,A,9693,100,9693,1,0
A,B,B,7153,100,7153,1,0
B,C,B,6682,100,6682,1,0
B,D,B,12552,100,12552,1,0
B,E,B,7069,100,7069,1,0
B,F,B,1452,100,1452,1,0
B,G,B,6777,100,6777,1,0
B,H,B,13030,100,13030,1,0
A,C,C,7598,100,7598,1,0
B,C,C,6702,100,6702,1,0
C,D,C,6597,100,6597,1,0
C,E,C,7537,100,7537,1,0
C,F,C,7127,100,7127,1,0
C,G,C,1329,100,1329,1,0
C,H,C,7096,100,7096,1,0
A,D,D,9211,100,9211,1,0
B,D,D,12515,100,12515,1,0
C,D,D,6618,100,6618,1,0
D,E,D,9297,100,9297,1,0
D,F,D,12842,100,12842,1,0
D,G,D,6799,100,6799,1,0
D,H,D,1431,100,1431,1,0
A,E,E,1348,100,1348,1,0
B,E,E,7020,100,7020,1,0
C,E,E,7557,100,7557,1,0
D,E,E,9357,100,9357,1,0
E,F,E,7019,100,7019,1,0
E,G,E,7296,100,7296,1,0
E,H,E,9647,100,9647,1,0
A,F,F,7371,100,7371,1,0
B,F,F,1431,100,1431,1,0
C,F,F,7128,100,7128,1,0
D,F,F,12850,100,12850,1,0
E,F,F,7038,100,7038,1,0
F,G,F,6866,100,6866,1,0
F,H,F,13227,100,13227,1,0
A,G,G,7506,100,7506,1,0
B,G,G,6738,100,6738,1,0
C,G,G,1399,100,1399,1,0
D,G,G,6822,100,6822,1,0
E,G,G,7318,100,7318,1,0
F,G,G,6879,100,6879,1,0
G,H,G,7080,100,7080,1,0
A,H,H,9703,100,9703,1,0
B,H,H,12982,100,12982,1,0
C,H,H,7071,100,7071,1,0
D,H,H,1461,100,1461,1,0
E,H,H,9668,100,9668,1,0
F,H,H,13226,100,13226,1,0
G,H,H,7075,100,7075,1,0
A,B,A,7114,100,7114,1,0
A,C,A,7607,100,7607,1,0
A,D,A,9223,100,9223,1,0
A,E,A,1355,100,1355,1,0
A,F,A,7395,100,7395,1,0
A,G,A,7577,100,7577,1,0
A,H,A,9679,100,9679,1,0
A,B,B,7126,100,7126,1,0
B,C,B,6740,100,6740,1,0
B,D,B,12558,100,12558,1,0
B,E,B,7062,100,7062,1,0
B,F,B,1426,100,1426,1,0
B,G,B,6721,100,6721,1,0
B,H,B,13073,100,13073,1,0
A,C,C,7599,100,7599,1,0
B,C,C,6704,100,6704,1,0
C,D,C,6610,100,6610,1,0
C,E,C,7541,100,7541,1,0
C,F,C,7127,100,7127,1,0
C,G,C,1336,100,1336,1,0
C,H,C,7090,100,7090,1,0
A,D,D,9198,100,9198,1,0
B,D,D,12535,100,12535,1,0
C,D,D,6598,100,6598,1,0
D,E,D,9369,100,9369,1,0
D,F,D,12862,100,12862,1,0
D,G,D,6830,100,6830,1,0
D,H,D,1402,100,1402,1,0
A,E,E,1383,100,1383,1,0
B,E,E,7002,100,7002,1,0
C,E,E,7547,100,7547,1,0
D,E,E,9273,100,9273,1,0
E,F,E,6970,100,6970,1,0
E,G,E,7328,100,7328,1,0
E,H,E,9671,100,9671,1,0
A,F,F,7369,100,7369,1,0
B,F,F,1467,100,1467,1,0
C,F,F,7123,100,7123,1,0
D,F,F,12848,100,12848,1,0
E,F,F,6997,100,6997,1,0
F,G,F,6891,100,6891,1,0
F,H,F,13296,100,13296,1,0
A,G,G,7590,100,7590,1,0
B,G,G,6756,100,6756,1,0
C,G,G,1398,100,1398,1,0
D,G,G,6834,100,6834,1,0
E,G,G,7294,100,7294,1,0
F,G,G,6902,100,6902,1,0
G,H,G,7024,100,7024,1,0
A,H,H,9697,100,9697,1,0
B,H,H,13115,100,13115,1,0
C,H,H,7084,100,7084,1,0
D,H,H,1451,100,1451,1,0
E,H,H,9664,100,9664,1,0
F,H,H,13244,100,13244,1,0
G,H,H,7011,100,7011,1,0
A,B,A,7150,100,7150,1,0
A,C,A,7590,100,7590,1,0
A,D,A,9202,100,9202,1,0
A,E,A,1361,100,1361,1,0
A,F,A,7359,100,7359,1,0
A,G,A,7582,100,7582,1,0
A,H,A,9668,100,9668,1,0
A,B,B,7158,100,7158,1,0
B,C,B,6747,100,6747,1,0
B,D,B,12524,100,12524,1,0
B,E,B,7050,100,7050,1,0
B,F,B,1448,100,1448,1,0
B,G,B,6778,100,6778,1,0
B,H,B,13021,100,13021,1,0
A,C,C,7565,100,7565,1,0
B,C,C,6697,100,6697,1,0
C,D,C,6605,100,6605,1,0
C,E,C,7566,100,7566,1,0
C,F,C,7150,100,7150,1,0
C,G,C,1373,100,1373,1,0
C,H,C,7124,100,7124,1,0
A,D,D,9231,100,9231,1,0
B,D,D,12532,100,12532,1,0
C,D,D,6608,100,6608,1,0
D,E,D,9353,100,9353,1,0
D,F,D,12864,100,12864,1,0
D,G,D,6810,100,6810,1,0
D,H,D,1408,100,1408,1,0
A,E,E,1384,100,1384,1,0
B,E,E,7052,100,7052,1,0
C,E,E,7594,100,7594,1,0
D,E,E,9390,100,9390,1,0
E,F,E,7034,100,7034,1,0
E,G,E,7303,100,7303,1,0
E,H,E,9669,100,9669,1,0
A,F,F,7411,100,7411,1,0
B,F,F,1409,100,1409,1,0
C,F,F,7149,100,7149,1,0
D,F,F,12859,100,12859,1,0
E,F,F,6981,100,6981,1,0
F,G,F,6867,100,6867,1,0
F,H,F,13268,100,13268,1,0
A,G,G,7506,100,7506,1,0
B,G,G,6768,100,6768,1,0
C,G,G,1306,100,1306,1,0
D,G,G,6840,100,6840,1,0
E,G,G,7298,100,7298,1,0
F,G,G,6907,100,6907,1,0
G,H,G,7034,100,7034,1,0
A,H,H,9713,100,9713,1,0
B,H,H,13063,100,13063,1,0
C,H,H,7114,100,7114,1,0
D,H,H,1475,100,1475,1,0
E,H,H,9669,100,9669,1,0
F,H,H,13206,100,13206,1,0
G,H,H,7044,100,7044,1,0
A,B,A,7165,100,7165,1,0
A,C,A,7571,100,7571,1,0
A,D,A,9227,100,9227,1,0
A,E,A,1394,100,1394,1,0
A,F,A,7397,100,7397,1,0
A,G,A,7549,100,7549,1,0
A,H,A,9693,100,9693,1,0
A,B,B,7143,100,7143,1,0
B,C,B,6711,100,6711,1,0
B,D,B,12557,100,12557,1,0
B,E,B,6997,100,6997,1,0
B,F,B,1420,100,1420,1,0
B,G,B,6777,100,6777,1,0
B,H,B,13074,100,13074,1,0
A,C,C,7543,100,7543,1,0
B,C,C,6674,100,6674,1,0
C,D,C,6638,100,6638,1,0
C,E,C,7548,100,7548,1,0
C,F,C,7113,100,7113,1,0
C,G,C,1354,100,1354,1,0
C,H,C,7132,100,7132,1,0
A,D,D,9188,100,9188,1,0
B,D,D,12527,100,12527,1,0
C,D,D,6571,100,6571,1,0
D,E,D,9310,100,9310,1,0
D,F,D,12845,100,12845,1,0
D,G,D,6802,100,6802,1,0
D,H,D,1403,100,1403,1,0
A,E,E,1407,100,1407,1,0
B,E,E,7022,100,7022,1,0
C,E,E,7533,100,7533,1,0
D,E,E,9359,100,9359,1,0
E,F,E,7021,100,7021,1,0
E,G,E,7295,100,7295,1,0
E,H,E,9651,100,9651,1,0
A,F,F,7354,100,7354,1,0
B,F,F,1391,100,1391,1,0
C,F,F,7144,100,7144,1,0
D,F,F,12872,100,12872,1,0
E,F,F,7009,100,7009,1,0
F,G,F,6860,100,6860,1,0
F,H,F,13233,100,13233,1,0
A,G,G,7553,100,7553,1,0
B,G,G,6725,100,6725,1,0
C,G,G,1324,100,1324,1,0
D,G,G,6800,100,6800,1,0
E,G,G,7321,100,7321,1,0
F,G,G,6882,100,6882,1,0
G,H,G,7004,100,7004,1,0
A,H,H,9698,100,9698,1,0
B,H,H,13000,100,13000,1,0
C,H,H,7106,100,7106,1,0
D,H,H,1449,100,1449,1,0
E,H,H,9652,100,9652,1,0
F,H,H,13239,100,13239,1,0
G,H,H,7054,100,7054,1,0
A,B,A,7168,100,7168,1,0
A,C,A,7619,100,7619,1,0
A,D,A,9176,100,9176,1,0
A,E,A,1398,100,1398,1,0
A,F,A,7393,100,7393,1,0
A,G,A,7606,100,7606,1,0
A,H,A,9686,100,9686,1,0
A,B,B,7134,100,7134,1,0
B,C,B,6681,100,6681,1,0
B,D,B,12508,100,12508,1,0
B,E,B,7027,100,7027,1,0
B,F,B,1425,100,1425,1,0
B,G,B,6709,100,6709,1,0
B,H,B,13062,100,13062,1,0
A,C,C,7591,100,7591,1,0
B,C,C,6698,100,6698,1,0
C,D,C,6630,100,6630,1,0
C,E,C,7575,100,7575,1,0
C,F,C,7119,100,7119,1,0
C,G,C,1327,100,1327,1,0
C,H,C,7110,100,7110,1,0
A,D,D,9187,100,9187,1,0
B,D,D,12487,100,12487,1,0
C,D,D,6558,100,6558,1,0
D,E,D,9337,100,9337,1,0
D,F,D,12868,100,12868,1,0
D,G,D,6820,100,6820,1,0
D,H,D,1474,100,1474,1,0
A,E,E,1315,100,1315,1,0
B,E,E,7022,100,7022,1,0
C,E,E,7534,100,7534,1,0
D,E,E,9414,100,9414,1,0
E,F,E,7016,100,7016,1,0
E,G,E,7303,100,7303,1,0
E,H,E,9649,100,9649,1,0
A,F,F,7414,100,7414,1,0
B,F,F,1435,100,1435,1,0
C,F,F,7144,100,7144,1,0
D,F,F,12869,100,12869,1,0
E,F,F,7002,100,7002,1,0
F,G,F,6889,100,6889,1,0
F,H,F,13229,100,13229,1,0
A,G,G,7550,100,7550,1,0
B,G,G,6733,100,6733,1,0
C,G,G,1385,100,1385,1,0
D,G,G,6856,100,6856,1,0
E,G,G,7273,100,7273,1,0
F,G,G,6886,100,6886,1,0
G,H,G,7044,100,7044,1,0
A,H,H,9655,100,9655,1,0
B,H,H,13047,100,13047,1,0
C,H,H,7093,100,7093,1,0
D,H,H,1438,100,1438,1,0
E,H,H,9672,100,9672,1,0
F,H,H,13229,100,13229,1,0
G,H,H,7038,100,7038,1,0
A,B,A,7175,100,7175,1,0
A,C,A,7622,100,7622,1,0
A,D,A,9216,100,9216,1,0
A,E,A,1352,100,1352,1,0
A,F,A,7428,100,7428,1,0
A,G,A,7606,100,7606,1,0
A,H,A,9694,100,9694,1,0
A,B,B,7190,100,7190,1,0
B,C,B,6699,100,6699,1,0
B,D,B,12525,100,12525,1,0
B,E,B,7018,100,7018,1,0
B,F,B,1439,100,1439,1,0
B,G,B,6723,100,6723,1,0
B,H,B,13007,100,13007,1,0
A,C,C,7604,100,7604,1,0
B,C,C,6731,100,6731,1,0
C,D,C,6576,100,6576,1,0
C,E,C,7544,100,7544,1,0
C,F,C,7130,100,7130,1,0
C,G,C,1374,100,1374,1,0
C,H,C,7083,100,7083,1,0
A,D,D,9217,100,9217,1,0
B,D,D,12524,100,12524,1,0
C,D,D,6607,100,6607,1,0
D,E,D,9420,100,9420,1,0
D,F,D,12849,100,12849,1,0
D,G,D,6811,100,6811,1,0
D,H,D,1423,100,1423,1,0
A,E,E,1369,100,1369,1,0
B,E,E,7069,100,7069,1,0
C,E,E,7542,100,7542,1,0
D,E,E,9393,100,9393,1,0
E,F,E,7025,100,7025,1,0
E,G,E,7301,100,7301,1,0
E,H,E,9629,100,9629,1,0
A,F,F,7350,100,7350,1,0
B,F,F,1468,100,1468,1,0
C,F,F,7132,100,7132,1,0
D,F,F,12893,100,12893,1,0
E,F,F,6981,100,6981,1,0
F,G,F,6884,100,6884,1,0
F,H,F,13186,100,13186,1,0
A,G,G,7617,100,7617,1,0
B,G,G,6764,100,6764,1,0
C,G,G,1341,100,1341,1,0
D,G,G,6818,100,6818,1,0
E,G,G,7326,100,7326,1,0
F,G,G,6889,100,6889,1,0
G,H,G,6999,100,6999,1,0
A,H,H,9726,100,9726,1,0
B,H,H,13067,100,13067,1,0
C,H,H,7151,100,7151,1,0
D,H,H,1476,100,1476,1,0
E,H,H,9665,100,9665,1,0
F,H,H,13209,100,13209,1,0
G,H,H,7068,100,7068,1,0
A,B,A,7128,100,7128,1,0
A,C,A,7583,100,7583,1,0
A,D,A,9199,100,9199,1,0
A,E,A,1398,100,1398,1,0
A,F,A,7380,100,7380,1,0
A,G,A,7532,100,7532,1,0
A,H,A,9698,100,9698,1,0
A,B,B,7125,100,7125,1,0
B,C,B,6737,100,6737,1,0
B,D,B,12524,100,12524,1,0
B,E,B,7060,100,7060,1,0
B,F,B,1458,100,1458,1,0
B,G,B,6720,100,6720,1,0
B,H,B,13068,100,13068,1,0
A,C,C,7555,100,7555,1,0
B,C,C,6746,100,6746,1,0
C,D,C,6620,100,6620,1,0
C,E,C,7563,100,7563,1,0
C,F,C,7125,100,7125,1,0
C,G,C,1333,100,1333,1,0
C,H,C,7055,100,7055,1,0
A,D,D,9219,100,9219,1,0
B,D,D,12546,100,12546,1,0
C,D,D,6564,100,6564,1,0
D,E,D,9378,100,9378,1,0
D,F,D,12861,100,12861,1,0
D,G,D,6832,100,6832,1,0
D,H,D,1512,100,1512,1,0
A,E,E,1429,100,1429,1,0
B,E,E,7081,100,7081,1,0
C,E,E,7527,100,7527,1,0
D,E,E,9352,100,9352,1,0
E,F,E,7034,100,7034,1,0
E,G,E,7277,100,7277,1,0
E,H,E,9646,100,9646,1,0
A,F,F,7388,100,7388,1,0
B,F,F,1463,100,1463,1,0
C,F,F,7126,100,7126,1,0
D,F,F,12879,100,12879,1,0
E,F,F,6986,100,6986,1,0
F,G,F,6857,100,6857,1,0
F,H,F,13229,100,13229,1,0
A,G,G,7560,100,7560,1,0
B,G,G,6777,100,6777,1,0
C,G,G,1391,100,1391,1,0
D,G,G,6788,100,6788,1,0
E,G,G,7298,100,7298,1,0
F,G,G,6840,100,6840,1,0
G,H,G,7044,100,7044,1,0
A,H,H,9664,100,9664,1,0
B,H,H,13086,100,13086,1,0
C,H,H,7124,100,7124,1,0
D,H,H,1412,100,1412,1,0
E,H,H,9616,100,9616,1,0
F,H,H,13235,100,13235,1,0
G,H,H,7067,100,7067,1,0
A,B,A,7169,100,7169,1,0
A,C,A,7573,100,7573,1,0
A,D,A,9187,100,9187,1,0
A,E,A,1341,100,1341,1,0
A,F,A,7393,100,7393,1,0
A,G,A,7616,100,7616,1,0
A,H,A,9679,100,9679,1,0
A,B,B,7173,100,7173,1,0
B,C,B,6702,100,6702,1,0
B,D,B,12519,100,12519,1,0
B,E,B,7027,100,7027,1,0
B,F,B,1425,100,1425,1,0
B,G,B,6742,100,6742,1,0
B,H,B,13106,100,13106,1,0
A,C,C,7569,100,7569,1,0
B,C,C,6715,100,6715,1,0
C,D,C,6634,100,6634,1,0
C,E,C,7569,100,7569,1,0
C,F,C,7126,100,7126,1,0
C,G,C,1406,100,1406,1,0
C,H,C,7099,100,7099,1,0
A,D,D,9229,100,9229,1,0
B,D,D,12513,100,12513,1,0
C,D,D,6610,100,6610,1,0
D,E,D,9336,100,9336,1,0
D,F,D,12895,100,12895,1,0
D,G,D,6803,100,6803,1,0
D,H,D,1469,100,1469,1,0
A,E,E,1437,100,1437,1,0
B,E,E,7056,100,7056,1,0
C,E,E,7568,100,7568,1,0
D,E,E,9302,100,9302,1,0
E,F,E,7023,100,7023,1,0
E,G,E,7315,100,7315,1,0
E,H,E,9671,100,9671,1,0
A,F,F,7374,100,7374,1,0
B,F,F,1449,100,1449,1,0
C,F,F,7111,100,7111,1,0
D,F,F,12904,100,12904,1,0
E,F,F,6997,100,6997,1,0
F,G,F,6896,100,6896,1,0
F,H,F,13237,100,13237,1,0
A,G,G,7580,100,7580,1,0
B,G,G,6788,100,6788,1,0
C,G,G,1363,100,1363,1,0
D,G,G,6830,100,6830,1,0
E,G,G,7332,100,7332,1,0
F,G,G,6877,100,6877,1,0
G,H,G,7059,100,7059,1,0
A,H,H,9719,100,9719,1,0
B,H,H,13062,100,13062,1,0
C,H,H,7120,100,7120,1,0
D,H,H,1433,100,1433,1,0
E,H,H,9645,100,9645,1,0
F,H,H,13202,100,13202,1,0
G,H,H,7064,100,7064,1,0
A,B,A,7136,100,7136,1,0
A,C,A,7554,100,7554,1,0
A,D,A,9188,100,9188,1,0
A,E,A,1360,100,1360,1,0
A,F,A,7357,100,7357,1,0
A,G,A,7590,100,7590,1,0
A,H,A,9712,100,9712,1,0
A,B,B,7146,100,7146,1,0
B,C,B,6713,100,6713,1,0
B,D,B,12542,100,12542,1,0
B,E,B,7052,100,7052,1,0
B,F,B,1448,100,1448,1,0
B,G,B,6750,100,6750,1,0
B,H,B,13067,100,13067,1,0
A,C,C,7597,100,7597,1,0
B,C,C,6704,100,6704,1,0
C,D,C,6612,100,6612,1,0
C,E,C,7572,100,7572,1,0
C,F,C,7148,100,7148,1,0
C,G,C,1378,100,1378,1,0
C,H,C,7073,100,7073,1,0
A,D,D,9221,100,9221,1,0
B,D,D,12557,100,12557,1,0
C,D,D,6600,100,6600,1,0
D,E,D,9346,100,9346,1,0
D,F,D,12831,100,12831,1,0
D,G,D,6838,100,6838,1,0
D,H,D,1445,100,1445,1,0
A,E,E,1361,100,1361,1,0
B,E,E,7044,100,7044,1,0
C,E,E,7479,100,7479,1,0
D,E,E,9367,100,9367,1,0
E,F,E,7009,100,7009,1,0
E,G,E,7302,100,7302,1,0
E,H,E,9638,100,9638,1,0
A,F,F,7391,100,7391,1,0
B,F,F,1419,100,1419,1,0
C,F,F,7121,100,7121,1,0
D,F,F,12868,100,12868,1,0
E,F,F,7011,100,7011,1,0
F,G,F,6886,100,6886,1,0
F,H,F,13233,100,13233,1,0
A,G,G,7549,100,7549,1,0
B,G,G,6736,100,6736,1,0
C,G,G,1341,100,1341,1,0
D,G,G,6796,100,6796,1,0
E,G,G,7330,100,7330,1,0
F,G,G,6886,100,6886,1,0
G,H,G,7064,100,7064,1,0
A,H,H,9713,100,9713,1,0
B,H,H,13006,100,13006,1,0
C,H,H,7161,100,7161,1,0
D,H,H,1457,100,1457,1,0
E,H,H,9650,100,9650,1,0
F,H,H,13211,100,13211,1,0
G,H,H,7045,100,7045,1,0
A,B,A,7192,100,7192,1,0
A,C,A,7591,100,7591,1,0
A,D,A,9216,100,9216,1,0
A,E,A,1361,100,1361,1,0
A,F,A,7357,100,7357,1,0
A,G,A,7545,100,7545,1,0
A,H,A,9706,100,9706,1,0
A,B,B,7147,100,7147,1,0
B,C,B,6720,100,6720,1,0
B,D,B,12552,100,12552,1,0
B,E,B,7049,100,7049,1,0
B,F,B,1456,100,1456,1,0
B,G,B,6767,100,6767,1,0
B,H,B,13021,100,13021,1,0
A,C,C,7564,100,7564,1,0
B,C,C,6689,100,6689,1,0
C,D,C,6597,100,6597,1,0
C,E,C,7493,100,7493,1,0
C,F,C,7123,100,7123,1,0
C,G,C,1366,100,1366,1,0
C,H,C,7085,100,7085,1,0
A,D,D,9190,100,9190,1,0
B,D,D,12549,100,12549,1,0
C,D,D,6605,100,6605,1,0
D,E,D,9337,100,9337,1,0
D,F,D,12868,100,12868,1,0
D,G,D,6812,100,6812,1,0
D,H,D,1469,100,1469,1,0
A,E,E,1394,100,1394,1,0
B,E,E,7034,100,7034,1,0
C,E,E,7569,100,7569,1,0
D,E,E,9359,100,9359,1,0
E,F,E,6979,100,6979,1,0
E,G,E,7323,100,7323,1,0
E,H,E,9647,100,9647,1,0
A,F,F,7419,100,7419,1,0
B,F,F,1443,100,1443,1,0
C,F,F,7141,100,7141,1,0
D,F,F,12853,100,12853,1,0
E,F,F,6971,100,6971,1,0
F,G,F,6883,100,6883,1,0
F,H,F,13236,100,13236,1,0
A,G,G,7601,100,7601,1,0
B,G,G,6746,100,6746,1,0
C,G,G,1382,100,1382,1,0
D,G,G,6812,100,6812,1,0
E,G,G,7302,100,7302,1,0
F,G,G,6882,100,6882,1,0
G,H,G,7059,100,7059,1,0
A,H,H,9679,100,9679,1,0
B,H,H,13068,100,13068,1,0
C,H,H,7082,100,7082,1,0
D,H,H,1474,100,1474,1,0
E,H,H,9656,100,9656,1,0
F,H,H,13226,100,13226,1,0
G,H,H,7053,100,7053,1,0
A,B,A,7164,100,7164,1,0
A,C,A,7619,100,7619,1,0
A,D,A,9196,100,9196,1,0
A,E,A,1374,100,1374,1,0
A,F,A,7380,100,7380,1,0
A,G,A,7561,100,7561,1,0
A,H,A,9708,100,9708,1,0
A,B,B,7139,100,7139,1,0
B,C,B,6721,100,6721,1,0
B,D,B,12480,100,12480,1,0
B,E,B,7032,100,7032,1,0
B,F,B,1451,100,1451,1,0
B,G,B,6762,100,6762,1,0
B,H,B,13048,100,13048,1,0
A,C,C,7561,100,7561,1,0
B,C,C,6680,100,6680,1,0
C,D,C,6588,100,6588,1,0
C,E,C,7519,100,7519,1,0
C,F,C,7112,100,7112,1,0
C,G,C,1389,100,1389,1,0
C,H,C,7100,100,7100,1,0
A,D,D,9194,100,9194,1,0
B,D,D,12519,100,12519,1,0
C,D,D,6599,100,6599,1,0
D,E,D,9376,100,9376,1,0
D,F,D,12906,100,12906,1,0
D,G,D,6837,100,6837,1,0
D,H,D,1463,100,1463,1,0
A,E,E,1349,100,1349,1,0
B,E,E,7031,100,7031,1,0
C,E,E,7533,100,7533,1,0
D,E,E,9327,100,9327,1,0
E,F,E,7025,100,7025,1,0
E,G,E,7305,100,7305,1,0
E,H,E,9666,100,9666,1,0
A,F,F,7392,100,7392,1,0
B,F,F,1457,100,1457,1,0
C,F,F,7135,100,7135,1,0
D,F,F,12877,100,12877,1,0
E,F,F,6992,100,6992,1,0
F,G,F,6877,100,6877,1,0
F,H,F,13235,100,13235,1,0
A,G,G,7577,100,7577,1,0
B,G,G,6768,100,6768,1,0
C,G,G,1355,100,1355,1,0
D,G,G,6821,100,6821,1,0
E,G,G,7310,100,7310,1,0
F,G,G,6895,100,6895,1,0
G,H,G,7043,100,7043,1,0
A,H,H,9713,100,9713,1,0
B,H,H,13048,100,13048,1,0
C,H,H,7161,100,7161,1,0
D,H,H,1493,100,1493,1,0
E,H,H,9671,100,9671,1,0
F,H,H,13247,100,13247,1,0
G,H,H,7048,100,7048,1,0
A,B,A,7129,100,7129,1,0
A,C,A,7602,100,7602,1,0
A,D,A,9207,100,9207,1,0
A,E,A,1370,100,1370,1,0
A,F,A,7377,100,7377,1,0
A,G,A,7591,100,7591,1,0
A,H,A,9701,100,9701,1,0
A,B,B,7141,100,7141,1,0
B,C,B,6762,100,6762,1,0
B,D,B,12519,100,12519,1,0
B,E,B,7031,100,7031,1,0
B,F,B,1414,100,1414,1,0
B,G,B,6755,100,6755,1,0
B,H,B,13054,100,13054,1,0
A,C,C,7563,100,7563,1,0
B,C,C,6698,100,6698,1,0
C,D,C,6595,100,6595,1,0
C,E,C,7576,100,7576,1,0
C,F,C,7106,100,7106,1,0
C,G,C,1341,100,1341,1,0
C,H,C,7072,100,7072,1,0
A,D,D,9214,100,9214,1,0
B,D,D,12541,100,12541,1,0
C,D,D,6584,100,6584,1,0
D,E,D,9344,100,9344,1,0
D,F,D,12891,100,12891,1,0
D,G,D,6766,100,6766,1,0
D,H,D,1452,100,1452,1,0
A,E,E,1367,100,1367,1,0
B,E,E,7041,100,7041,1,0
C,E,E,7535,100,7535,1,0
D,E,E,9321,100,9321,1,0
E,F,E,6988,100,6988,1,0
E,G,E,7313,100,7313,1,0
E,H,E,9655,100,9655,1,0
A,F,F,7370,100,7370,1,0
B,F,F,1435,100,1435,1,0
C,F,F,7123,100,7123,1,0
D,F,F,12848,100,12848,1,0
E,F,F,7008,100,7008,1,0
F,G,F,6887,100,6887,1,0
F,H,F,13228,100,13228,1,0
A,G,G,7534,100,7534,1,0
B,G,G,6766,100,6766,1,0
C,G,G,1353,100,1353,1,0
D,G,G,6793,100,6793,1,0
E,G,G,7318,100,7318,1,0
F,G,G,6895,100,6895,1,0
G,H,G,7077,100,7077,1,0
A,H,H,9635,100,9635,1,0
B,H,H,13054,100,13054,1,0
C,H,H,7102,100,7102,1,0
D,H,H,1453,100,1453,1,0
E,H,H,9633,100,9633,1,0
F,H,H,13238,100,13238,1,0
G,H,H,7009,100,7009,1,0
A,B,A,7128,100,7128,1,0
A,C,A,7559,100,7559,1,0
A,D,A,9208,100,9208,1,0
A,E,A,1347,100,1347,1,0
A,F,A,7383,100,7383,1,0
A,G,A,7593,100,7593,1,0
A,H,A,9759,100,9759,1,0
A,B,B,7172,100,7172,1,0
B,C,B,6739,100,6739,1,0
B,D,B,12516,100,12516,1,0
B,E,B,7088,100,7088,1,0
B,F,B,1420,100,1420,1,0
B,G,B,6736,100,6736,1,0
B,H,B,12990,100,12990,1,0
A,C,C,7587,100,7587,1,0
B,C,C,6715,100,6715,1,0
C,D,C,6596,100,6596,1,0
C,E,C,7559,100,7559,1,0
C,F,C,7124,100,7124,1,0
C,G,C,1343,100,1343,1,0
C,H,C,7111,100,7111,1,0
A,D,D,9187,100,9187,1,0
B,D,D,12501,100,12501,1,0
C,D,D,6614,100,6614,1,0
D,E,D,9428,100,9428,1,0
D,F,D,12864,100,12864,1,0
D,G,D,6810,100,6810,1,0
D,H,D,1462,100,1462,1,0
A,E,E,1377,100,1377,1,0
B,E,E,7057,100,7057,1,0
C,E,E,7547,100,7547,1,0
D,E,E,9378,100,9378,1,0
E,F,E,6998,100,6998,1,0
E,G,E,7326,100,7326,1,0
E,H,E,9621,100,9621,1,0
A,F,F,7343,100,7343,1,0
B,F,F,1452,100,1452,1,0
C,F,F,7107,100,7107,1,0
D,F,F,12859,100,12859,1,0
E,F,F,7014,100,7014,1,0
F,G,F,6879,100,6879,1,0
F,H,F,13196,100,13196,1,0
A,G,G,7582,100,7582,1,0
B,G,G,6767,100,6767,1,0
C,G,G,1356,100,1356,1,0
D,G,G,6800,100,6800,1,0
E,G,G,7290,100,7290,1,0
F,G,G,6877,100,6877,1,0
G,H,G,7042,100,7042,1,0
A,H,H,9688,100,9688,1,0
B,H,H,13063,100,13063,1,0
C,H,H,7137,100,7137,1,0
D,H,H,1424,100,1424,1,0
E,H,H,9670,100,9670,1,0
F,H,H,13200,100,13200,1,0
G,H,H,7050,100,7050,1,0
A,B,A,7158,100,7158,1,0
A,C,A,7586,100,7586,1,0
A,D,A,9202,100,9202,1,0
A,E,A,1338,100,1338,1,0
A,F,A,7355,100,7355,1,0
A,G,A,7577,100,7577,1,0
A,H,A,9752,100,9752,1,0
A,B,B,7157,100,7157,1,0
B,C,B,6713,100,6713,1,0
B,D,B,12523,100,12523,1,0
B,E,B,7041,100,7041,1,0
B,F,B,1452,100,1452,1,0
B,G,B,6764,100,6764,1,0
B,H,B,13070,100,13070,1,0
A,C,C,7571,100,7571,1,0
B,C,C,6726,100,6726,1,0
C,D,C,6640,100,6640,1,0
C,E,C,7548,100,7548,1,0
C,F,C,7115,100,7115,1,0
C,G,C,1365,100,1365,1,0
C,H,C,7139,100,7139,1,0
A,D,D,9175,100,9175,1,0
B,D,D,12548,100,12548,1,0
C,D,D,6569,100,6569,1,0
D,E,D,9347,100,9347,1,0
D,F,D,12872,100,12872,1,0
D,G,D,6773,100,6773,1,0
D,H,D,1417,100,1417,1,0
A,E,E,1349,100,1349,1,0
B,E,E,7076,100,7076,1,0
C,E,E,7550,100,7550,1,0
D,E,E,9373,100,9373,1,0
E,F,E,6985,100,6985,1,0
E,G,E,7315,100,7315,1,0
E,H,E,9671,100,9671,1,0
A,F,F,7399,100,7399,1,0
B,F,F,1415,100,1415,1,0
C,F,F,7114,100,7114,1,0
D,F,F,12894,100,12894,1,0
E,F,F,7027,100,7027,1,0
F,G,F,6887,100,6887,1,0
F,H,F,13209,100,13209,1,0
A,G,G,7627,100,7627,1,0
B,G,G,6784,100,6784,1,0
C,G,G,1306,100,1306,1,0
D,G,G,6787,100,6787,1,0
E,G,G,7305,100,7305,1,0
F,G,G,6893,100,6893,1,0
G,H,G,7049,100,7049,1,0
A,H,H,9694,100,9694,1,0
B,H,H,13001,100,13001,1,0
C,H,H,7094,100,7094,1,0
D,H,H,1461,100,1461,1,0
E,H,H,9624,100,9624,1,0
F,H,H,13289,100,13289,1,0
G,H,H,7026,100,7026,1,0
A,B,A,7130,100,7130,1,0
A,C,A,7580,100,7580,1,0
A,D,A,9191,100,9191,1,0
A,E,A,1368,100,1368,1,0
A,F,A,7374,100,7374,1,0
A,G,A,7632,100,7632,1,0
A,H,A,9721,100,9721,1,0
A,B,B,7165,100,7165,1,0
B,C,B,6674,100,6674,1,0
B,D,B,12540,100,12540,1,0
B,E,B,6995,100,6995,1,0
B,F,B,1412,100,1412,1,0
B,G,B,6783,100,6783,1,0
B,H,B,13087,100,13087,1,0
A,C,C,7550,100,7550,1,0
B,C,C,6709,100,6709,1,0
C,D,C,6567,100,6567,1,0
C,E,C,7536,100,7536,1,0
C,F,C,7125,100,7125,1,0
C,G,C,1355,100,1355,1,0
C,H,C,7089,100,7089,1,0
A,D,D,9191,100,9191,1,0
B,D,D,12552,100,12552,1,0
C,D,D,6601,100,6601,1,0
D,E,D,9368,100,9368,1,0
D,F,D,12854,100,12854,1,0
D,G,D,6776,100,6776,1,0
D,H,D,1490,100,1490,1,0
A,E,E,1340,100,1340,1,0
B,E,E,7027,100,7027,1,0
C,E,E,7534,100,7534,1,0
D,E,E,9289,100,9289,1,0
E,F,E,7001,100,7001,1,0
E,G,E,7313,100,7313,1,0
E,H,E,9681,100,9681,1,0
A,F,F,7375,100,7375,1,0
B,F,F,1406,100,1406,1,0
C,F,F,7134,100,7134,1,0
D,F,F,12847,100,12847,1,0
E,F,F,7001,100,7001,1,0
F,G,F,6874,100,6874,1,0
F,H,F,13250,100,13250,1,0
A,G,G,7577,100,7577,1,0
B,G,G,6760,100,6760,1,0
C,G,G,1346,100,1346,1,0
D,G,G,6792,100,6792,1,0
E,G,G,7326,100,7326,1,0
F,G,G,6858,100,6858,1,0
G,H,G,7068,100,7068,1,0
A,H,H,9703,100,9703,1,0
B,H,H,13052,100,13052,1,0
C,H,H,7104,100,7104,1,0
D,H,H,1500,100,1500,1,0
E,H,H,9661,100,9661,1,0
F,H,H,13236,100,13236,1,0
G,H,H,7049,100,7049,1,0
A,B,A,7161,100,7161,1,0
A,C,A,7614,100,7614,1,0
A,D,A,9197,100,9197,1,0
A,E,A,1363,100,1363,1,0
A,F,A,7381,100,7381,1,0
A,G,A,7570,100,7570,1,0
A,H,A,9670,100,9670,1,0
A,B,B,7168,100,7168,1,0
B,C,B,6738,100,6738,1,0
B,D,B,12568,100,12568,1,0
B,E,B,7034,100,7034,1,0
B,F,B,1416,100,1416,1,0
B,G,B,6777,100,6777,1,0
B,H,B,13019,100,13019,1,0
A,C,C,7558,100,7558,1,0
B,C,C,6712,100,6712,1,0
C,D,C,6566,100,6566,1,0
C,E,C,7563,100,7563,1,0
C,F,C,7123,100,7123,1,0
C,G,C,1374,100,1374,1,0
C,H,C,7133,100,7133,1,0
A,D,D,9229,100,9229,1,0
B,D,D,12556,100,12556,1,0
C,D,D,6625,100,6625,1,0
D,E,D,9361,100,9361,1,0
D,F,D,12865,100,12865,1,0
D,G,D,6844,100,6844,1,0
D,H,D,1457,100,1457,1,0
A,E,E,1414,100,1414,1,0
B,E,E,7053,100,7053,1,0
C,E,E,7514,100,7514,1,0
D,E,E,9362,100,9362,1,0
E,F,E,6996,100,6996,1,0
E,G,E,7329,100,7329,1,0
E,H,E,9657,100,9657,1,0
A,F,F,7359,100,7359,1,0
B,F,F,1428,100,1428,1,0
C,F,F,7102,100,7102,1,0
D,F,F,12905,100,12905,1,0
E,F,F,7021,100,7021,1,0
F,G,F,6871,100,6871,1,0
F,H,F,13253,100,13253,1,0
A,G,G,7581,100,7581,1,0
B,G,G,6754,100,6754,1,0
C,G,G,1365,100,1365,1,0
D,G,G,6816,100,6816,1,0
E,G,G,7303,100,7303,1,0
F,G,G,6867,100,6867,1,0
G,H,G,7011,100,7011,1,0
A,H,H,9686,100,9686,1,0
B,H,H,13069,100,13069,1,0
C,H,H,7081,100,7081,1,0
D,H,H,1471,100,1471,1,0
E,H,H,9670,100,9670,1,0
F,H,H,13239,100,13239,1,0
G,H,H,7024,100,7024,1,0
A,B,A,7168,100,7168,1,0
A,C,A,7604,100,7604,1,0
A,D,A,9217,100,9217,1,0
A,E,A,1360,100,1360,1,0
A,F,A,7392,100,7392,1,0
A,G,A,7542,100,7542,1,0
A,H,A,9715,100,9715,1,0
A,B,B,7125,100,7125,1,0
B,C,B,6691,100,6691,1,0
B,D,B,12559,100,12559,1,0
B,E,B,7012,100,7012,1,0
B,F,B,1433,100,1433,1,0
B,G,B,6743,100,6743,1,0
B,H,B,13054,100,13054,1,0
A,C,C,7596,100,7596,1,0
B,C,C,6707,100,6707,1,0
C,D,C,6615,100,6615,1,0
C,E,C,7555,100,7555,1,0
C,F,C,7100,100,7100,1,0
C,G,C,1335,100,1335,1,0
C,H,C,7134,100,7134,1,0
A,D,D,9199,100,9199,1,0
B,D,D,12541,100,12541,1,0
C,D,D,6628,100,6628,1,0
D,E,D,9412,100,9412,1,0
D,F,D,12892,100,12892,1,0
D,G,D,6833,100,6833,1,0
D,H,D,1466,100,1466,1,0
A,E,E,1336,100,1336,1,0
B,E,E,7046,100,7046,1,0
C,E,E,7527,100,7527,1,0
D,E,E,9336,100,9336,1,0
E,F,E,7012,100,7012,1,0
E,G,E,7320,100,7320,1,0
E,H,E,9652,100,9652,1,0
A,F,F,7324,100,7324,1,0
B,F,F,1438,100,1438,1,0
C,F,F,7138,100,7138,1,0
D,F,F,12865,100,12865,1,0
E,F,F,7052,100,7052,1,0
F,G,F,6895,100,6895,1,0
F,H,F,13205,100,13205,1,0
A,G,G,7569,100,7569,1,0
B,G,G,6777,100,6777,1,0
C,G,G,1349,100,1349,1,0
D,G,G,6799,100,6799,1,0
E,G,G,7296,100,7296,1,0
F,G,G,6876,100,6876,1,0
G,H,G,7078,100,7078,1,0
A,H,H,9725,100,9725,1,0
B,H,H,13042,100,13042,1,0
C,H,H,7105,100,7105,1,0
D,H,H,1475,100,1475,1,0
E,H,H,9682,100,9682,1,0
F,H,H,13216,100,13216,1,0
G,H,H,7012,100,7012,1,0
A,B,A,7165,100,7165,1,0
A,C,A,7559,100,7559,1,0
A,D,A,9177,100,9177,1,0
A,E,A,1380,100,1380,1,0
A,F,A,7393,100,7393,1,0
A,G,A,7623,100,7623,1,0
A,H,A,9663,100,9663,1,0
A,B,B,7157,100,7157,1,0
B,C,B,6682,100,6682,1,0
B,D,B,12541,100,12541,1,0
B,E,B,7041,100,7041,1,0
B,F,B,1459,100,1459,1,0
B,G,B,6775,100,6775,1,0
B,H,B,13022,100,13022,1,0
A,C,C,7630,100,7630,1,0
B,C,C,6711,100,6711,1,0
C,D,C,6599,100,6599,1,0
C,E,C,7564,100,7564,1,0
C,F,C,7106,100,7106,1,0
C,G,C,1386,100,1386,1,0
C,H,C,7109,100,7109,1,0
A,D,D,9184,100,9184,1,0
B,D,D,12515,100,12515,1,0
C,D,D,6586,100,6586,1,0
D,E,D,9333,100,9333,1,0
D,F,D,12888,100,12888,1,0
D,G,D,6820,100,6820,1,0
D,H,D,1445,100,1445,1,0
A,E,E,1371,100,1371,1,0
B,E,E,7025,100,7025,1,0
C,E,E,7543,100,7543,1,0
D,E,E,9310,100,9310,1,0
E,F,E,7020,100,7020,1,0
E,G,E,7301,100,7301,1,0
E,H,E,9636,100,9636,1,0
A,F,F,7424,100,7424,1,0
B,F,F,1444,100,1444,1,0
C,F,F,7116,100,7116,1,0
D,F,F,12858,100,12858,1,0
E,F,F,6997,100,6997,1,0
F,G,F,6882,100,6882,1,0
F,H,F,13207,100,13207,1,0
A,G,G,7589,100,7589,1,0
B,G,G,6754,100,6754,1,0
C,G,G,1398,100,1398,1,0
D,G,G,6794,100,6794,1,0
E,G,G,7285,100,7285,1,0
F,G,G,6893,100,6893,1,0
G,H,G,7046,100,7046,1,0
A,H,H,9674,100,9674,1,0
B,H,H,13042,100,13042,1,0
C,H,H,7071,100,7071,1,0
D,H,H,1458,100,1458,1,0
E,H,H,9651,100,9651,1,0
F,H,H,13256,100,13256,1,0
G,H,H,7032,100,7032,1,0
A,B,A,7134,100,7134,1,0
A,C,A,7614,100,7614,1,0
A,D,A,9213,100,9213,1,0
A,E,A,1417,100,1417,1,0
A,F,A,7369,100,7369,1,0
A,G,A,7558,100,7558,1,0
A,H,A,9677,100,9677,1,0
A,B,B,7126,100,7126,1,0
B,C,B,6700,100,6700,1,0
B,D,B,12577,100,12577,1,0
B,E,B,7020,100,7020,1,0
B,F,B,1412,100,1412,1,0
B,G,B,6748,100,6748,1,0
B,H,B,13024,100,13024,1,0
A,C,C,7623,100,7623,1,0
B,C,C,6721,100,6721,1,0
C,D,C,6639,100,6639,1,0
C,E,C,7562,100,7562,1,0
C,F,C,7108,100,7108,1,0
C,G,C,1337,100,1337,1,0
C,H,C,7082,100,7082,1,0
A,D,D,9202,100,9202,1,0
B,D,D,12537,100,12537,1,0
C,D,D,6616,100,6616,1,0
D,E,D,9303,100,9303,1,0
D,F,D,12849,100,12849,1,0
D,G,D,6797,100,6797,1,0
D,H,D,1403,100,1403,1,0
A,E,E,1444,100,1444,1,0
B,E,E,7067,100,7067,1,0
C,E,E,7534,100,7534,1,0
D,E,E,9388,100,9388,1,0
E,F,E,6998,100,6998,1,0
E,G,E,7332,100,7332,1,0
E,H,E,9693,100,9693,1,0
A,F,F,7394,100,7394,1,0
B,F,F,1448,100,1448,1,0
C,F,F,7115,100,7115,1,0
D,F,F,12874,100,12874,1,0
E,F,F,7014,100,7014,1,0
F,G,F,6900,100,6900,1,0
F,H,F,13235,100,13235,1,0
A,G,G,7561,100,7561,1,0
B,G,G,6759,100,6759,1,0
C,G,G,1373,100,1373,1,0
D,G,G,6819,100,6819,1,0
E,G,G,7272,100,7272,1,0
F,G,G,6898,100,6898,1,0
G,H,G,7055,100,7055,1,0
A,H,H,9685,100,9685,1,0
B,H,H,13052,100,13052,1,0
C,H,H,7114,100,7114,1,0
D,H,H,1457,100,1457,1,0
E,H,H,9659,100,9659,1,0
F,H,H,13263,100,13263,1,0
G,H,H,7055,100,7055,1,0
A,B,A,7112,100,7112,1,0
A,C,A,7562,100,7562,1,0
A,D,A,9195,100,9195,1,0
A,E,A,1379,100,1379,1,0
A,F,A,7374,100,7374,1,0
A,G,A,7588,100,7588,1,0
A,H,A,9691,100,9691,1,0
A,B,B,7139,100,7139,1,0
B,C,B,6743,100,6743,1,0
B,D,B,12556,100,12556,1,0
B,E,B,7018,100,7018,1,0
B,F,B,1456,100,1456,1,0
B,G,B,6736,100,6736,1,0
B,H,B,13032,100,13032,1,0
A,C,C,7595,100,7595,1,0
B,C,C,6732,100,6732,1,0
C,D,C,6612,100,6612,1,0
C,E,C,7530,100,7530,1,0
C,F,C,7116,100,7116,1,0
C,G,C,1329,100,1329,1,0
C,H,C,7110,100,7110,1,0
A,D,D,9192,100,9192,1,0
B,D,D,12550,100,12550,1,0
C,D,D,6601,100,6601,1,0
D,E,D,9333,100,9333,1,0
D,F,D,12895,100,12895,1,0
D,G,D,6810,100,6810,1,0
D,H,D,1410,100,1410,1,0
A,E,E,1412,100,1412,1,0
B,E,E,7040,100,7040,1,0
C,E,E,7556,100,7556,1,0
D,E,E,9369,100,9369,1,0
E,F,E,7005,100,7005,1,0
E,G,E,7309,100,7309,1,0
E,H,E,9663,100,9663,1,0
A,F,F,7408,100,7408,1,0
B,F,F,1472,100,1472,1,0
C,F,F,7122,100,7122,1,0
D,F,F,12891,100,12891,1,0
E,F,F,7024,100,7024,1,0
F,G,F,6873,100,6873,1,0
F,H,F,13206,100,13206,1,0
A,G,G,7597,100,7597,1,0
B,G,G,6791,100,6791,1,0
C,G,G,1371,100,1371,1,0
D,G,G,6773,100,6773,1,0
E,G,G,7294,100,7294,1,0
F,G,G,6870,100,6870,1,0
G,H,G,7074,100,7074,1,0
A,H,H,9662,100,9662,1,0
B,H,H,13068,100,13068,1,0
C,H,H,7144,100,7144,1,0
D,H,H,1449,100,1449,1,0
E,H,H,9702,100,9702,1,0
F,H,H,13215,100,13215,1,0
G,H,H,7082,100,7082,1,0
A,B,A,7186,100,7186,1,0
A,C,A,7582,100,7582,1,0
A,D,A,9218,100,9218,1,0
A,E,A,1363,100,1363,1,0
A,F,A,7402,100,7402,1,0
A,G,A,7570,100,7570,1,0
A,H,A,9639,100,9639,1,0
A,B,B,7152,100,7152,1,0
B,C,B,6719,100,6719,1,0
B,D,B,12516,100,12516,1,0
B,E,B,7058,100,7058,1,0
B,F,B,1413,100,1413,1,0
B,G,B,6747,100,6747,1,0
B,H,B,13059,100,13059,1,0
A,C,C,7555,100,7555,1,0
B,C,C,6712,100,6712,1,0
C,D,C,6572,100,6572,1,0
C,E,C,7551,100,7551,1,0
C,F,C,7138,100,7138,1,0
C,G,C,1405,100,1405,1,0
C,H,C,7105,100,7105,1,0
A,D,D,9225,100,9225,1,0
B,D,D,12550,100,12550,1,0
C,D,D,6607,100,6607,1,0
D,E,D,9358,100,9358,1,0
D,F,D,12857,100,12857,1,0
D,G,D,6823,100,6823,1,0
D,H,D,1445,100,1445,1,0
A,E,E,1348,100,1348,1,0
B,E,E,7059,100,7059,1,0
C,E,E,7485,100,7485,1,0
D,E,E,9356,100,9356,1,0
E,F,E,6992,100,6992,1,0
E,G,E,7320,100,7320,1,0
E,H,E,9631,100,9631,1,0
A,F,F,7390,100,7390,1,0
B,F,F,1483,100,1483,1,0
C,F,F,7143,100,7143,1,0
D,F,F,12862,100,12862,1,0
E,F,F,6982,100,6982,1,0
F,G,F,6864,100,6864,1,0
F,H,F,13294,100,13294,1,0
A,G,G,7564,100,7564,1,0
B,G,G,6737,100,6737,1,0
C,G,G,1378,100,1378,1,0
D,G,G,6824,100,6824,1,0
E,G,G,7298,100,7298,1,0
F,G,G,6875,100,6875,1,0
G,H,G,7066,100,7066,1,0
A,H,H,9695,100,9695,1,0
B,H,H,13066,100,13066,1,0
C,H,H,7133,100,7133,1,0
D,H,H,1416,100,1416,1,0
E,H,H,9673,100,9673,1,0
F,H,H,13265,100,13265,1,0
G,H,H,7054,100,7054,1,0
A,B,A,7134,100,7134,1,0
A,C,A,7556,100,7556,1,0
A,D,A,9185,100,9185,1,0
A,E,A,1369,100,1369,1,0
A,F,A,7375,100,7375,1,0
A,G,A,7627,100,7627,1,0
A,H,A,9709,100,9709,1,0
A,B,B,7143,100,7143,1,0
B,C,B,6755,100,6755,1,0
B,D,B,12510,100,12510,1,0
B,E,B,7054,100,7054,1,0
B,F,B,1422,100,1422,1,0
B,G,B,6770,100,6770,1,0
B,H,B,13048,100,13048,1,0
A,C,C,7599,100,7599,1,0
B,C,C,6706,100,6706,1,0
C,D,C,6601,100,6601,1,0
C,E,C,7582,100,7582,1,0
C,F,C,7142,100,7142,1,0
C,G,C,1319,100,1319,1,0
C,H,C,7086,100,7086,1,0
A,D,D,9209,100,9209,1,0
B,D,D,12506,100,12506,1,0
C,D,D,6599,100,6599,1,0
D,E,D,9335,100,9335,1,0
D,F,D,12864,100,12864,1,0
D,G,D,6816,100,6816,1,0
D,H,D,1477,100,1477,1,0
A,E,E,1354,100,1354,1,0
B,E,E,7071,100,7071,1,0
C,E,E,7579,100,7579,1,0
D,E,E,9308,100,9308,1,0
E,F,E,6996,100,6996,1,0
E,G,E,7297,100,7297,1,0
E,H,E,9646,100,9646,1,0
A,F,F,7358,100,7358,1,0
B,F,F,1414,100,1414,1,0
C,F,F,7136,100,7136,1,0
D,F,F,12856,100,12856,1,0
E,F,F,7009,100,7009,1,0
F,G,F,6866,100,6866,1,0
F,H,F,13291,100,13291,1,0
A,G,G,7549,100,7549,1,0
B,G,G,6754,100,6754,1,0
C,G,G,1377,100,1377,1,0
D,G,G,6817,100,6817,1,0
E,G,G,7335,100,7335,1,0
F,G,G,6863,100,6863,1,0
G,H,G,7078,100,7078,1,0
A,H,H,9655,100,9655,1,0
B,H,H,13017,100,13017,1,0
C,H,H,7105,100,7105,1,0
D,H,H,1414,100,1414,1,0
E,H,H,9626,100,9626,1,0
F,H,H,13236,100,13236,1,0
G,H,H,6997,100,6997,1,0
A,B,A,7148,100,7148,1,0
A,C,A,7571,100,7571,1,0
A,D,A,9191,100,9191,1,0
A,E,A,1399,100,1399,1,0
A,F,A,7389,100,7389,1,0
A,G,A,7583,100,7583,1,0
A,H,A,9678,100,9678,1,0
A,B,B,7177,100,7177,1,0
B,C,B,6677,100,6677,1,0
B,D,B,12542,100,12542,1,0
B,E,B,7036,100,7036,1,0
B,F,B,1399,100,1399,1,0
B,G,B,6748,100,6748,1,0
B,H,B,13053,100,13053,1,0
A,C,C,7528,100,7528,1,0
B,C,C,6716,100,6716,1,0
C,D,C,6585,100,6585,1,0
C,E,C,7592,100,7592,1,0
C,F,C,7125,100,7125,1,0
C,G,C,1344,100,1344,1,0
C,H,C,7128,100,7128,1,0
A,D,D,9175,100,9175,1,0
B,D,D,12569,100,12569,1,0
C,D,D,6583,100,6583,1,0
D,E,D,9350,100,9350,1,0
D,F,D,12848,100,12848,1,0
D,G,D,6832,100,6832,1,0
D,H,D,1392,100,1392,1,0
A,E,E,1372,100,1372,1,0
B,E,E,7020,100,7020,1,0
C,E,E,7543,100,7543,1,0
D,E,E,9421,100,9421,1,0
E,F,E,7017,100,7017,1,0
E,G,E,7302,100,7302,1,0
E,H,E,9711,100,9711,1,0
A,F,F,7355,100,7355,1,0
B,F,F,1411,100,1411,1,0
C,F,F,7119,100,7119,1,0
D,F,F,12896,100,12896,1,0
E,F,F,7008,100,7008,1,0
F,G,F,6885,100,6885,1,0
F,H,F,13243,100,13243,1,0
A,G,G,7502,100,7502,1,0
B,G,G,6736,100,6736,1,0
C,G,G,1358,100,1358,1,0
D,G,G,6808,100,6808,1,0
E,G,G,7323,100,7323,1,0
F,G,G,6918,100,6918,1,0
G,H,G,7021,100,7021,1,0
A,H,H,9693,100,9693,1,0
B,H,H,13061,100,13061,1,0
C,H,H,7115,100,7115,1,0
D,H,H,1462,100,1462,1,0
E,H,H,9706,100,9706,1,0
F,H,H,13244,100,13244,1,0
G,H,H,7057,100,7057,1,0
A,B,A,7164,100,7164,1,0
A,C,A,7559,100,7559,1,0
A,D,A,9206,100,9206,1,0
A,E,A,1346,100,1346,1,0
A,F,A,7371,100,7371,1,0
A,G,A,7544,100,7544,1,0
A,H,A,9710,100,9710,1,0
A,B,B,7161,100,7161,1,0
B,C,B,6697,100,6697,1,0
B,D,B,12536,100,12536,1,0
B,E,B,7057,100,7057,1,0
B,F,B,1445,100,1445,1,0
B,G,B,6754,100,6754,1,0
B,H,B,13033,100,13033,1,0
A,C,C,7533,100,7533,1,0
B,C,C,6723,100,6723,1,0
C,D,C,6602,100,6602,1,0
C,E,C,7536,100,7536,1,0
C,F,C,7148,100,7148,1,0
C,G,C,1381,100,1381,1,0
C,H,C,7143,100,7143,1,0
A,D,D,9163,100,9163,1,0
B,D,D,12526,100,12526,1,0
C,D,D,6604,100,6604,1,0
D,E,D,9345,100,9345,1,0
D,F,D,12877,100,12877,1,0
D,G,D,6836,100,6836,1,0
D,H,D,1409,100,1409,1,0
A,E,E,1376,100,1376,1,0
B,E,E,7073,100,7073,1,0
C,E,E,7558,100,7558,1,0
D,E,E,9336,100,9336,1,0
E,F,E,7038,100,7038,1,0
E,G,E,7318,100,7318,1,0
E,H,E,9662,100,9662,1,0
A,F,F,7412,100,7412,1,0
B,F,F,1425,100,1425,1,0
C,F,F,7107,100,7107,1,0
D,F,F,12849,100,12849,1,0
E,F,F,6990,100,6990,1,0
F,G,F,6861,100,6861,1,0
F,H,F,13250,100,13250,1,0
A,G,G,7578,100,7578,1,0
B,G,G,6799,100,6799,1,0
C,G,G,1374,100,1374,1,0
D,G,G,6800,100,6800,1,0
E,G,G,7336,100,7336,1,0
F,G,G,6876,100,6876,1,0
G,H,G,7074,100,7074,1,0
A,H,H,9690,100,9690,1,0
B,H,H,13038,100,13038,1,0
C,H,H,7102,100,7102,1,0
D,H,H,1439,100,1439,1,0
E,H,H,9690,100,9690,1,0
F,H,H,13250,100,13250,1,0
G,H,H,7058,100,7058,1,0
A,B,A,7109,100,7109,1,0
A,C,A,7602,100,7602,1,0
A,D,A,9214,100,9214,1,0
A,E,A,1371,100,1371,1,0
A,F,A,7395,100,7395,1,0
A,G,A,7584,100,7584,1,0
A,H,A,9700,100,9700,1,0
A,B,B,7152,100,7152,1,0
B,C,B,6713,100,6713,1,0
B,D,B,12509,100,12509,1,0
B,E,B,7032,100,7032,1,0
B,F,B,1456,100,1456,1,0
B,G,B,6715,100,6715,1,0
B,H,B,13029,100,13029,1,0
A,C,C,7619,100,7619,1,0
B,C,C,6702,100,6702,1,0
C,D,C,6624,100,6624,1,0
C,E,C,7547,100,7547,1,0
C,F,C,7114,100,7114,1,0
C,G,C,1343,100,1343,1,0
C,H,C,7114,100,7114,1,0
A,D,D,9202,100,9202,1,0
B,D,D,12566,100,12566,1,0
C,D,D,6609,100,6609,1,0
D,E,D,9354,100,9354,1,0
D,F,D,12839,100,12839,1,0
D,G,D,6790,100,6790,1,0
D,H,D,1472,100,1472,1,0
A,E,E,1340,100,1340,1,0
B,E,E,7074,100,7074,1,0
C,E,E,7503,100,7503,1,0
D,E,E,9331,100,9331,1,0
E,F,E,7027,100,7027,1,0
E,G,E,7319,100,7319,1,0
E,H,E,9668,100,9668,1,0
A,F,F,7371,100,7371,1,0
B,F,F,1424,100,1424,1,0
C,F,F,7134,100,7134,1,0
D,F,F,12889,100,12889,1,0
E,F,F,7012,100,7012,1,0
F,G,F,6871,100,6871,1,0
F,H,F,13250,100,13250,1,0
A,G,G,7599,100,7599,1,0
B,G,G,6788,100,6788,1,0
C,G,G,1319,100,1319,1,0
D,G,G,6807,100,6807,1,0
E,G,G,7310,100,7310,1,0
F,G,G,6911,100,6911,1,0
G,H,G,7094,100,7094,1,0
A,H,H,9728,100,9728,1,0
B,H,H,13070,100,13070,1,0
C,H,H,7131,100,7131,1,0
D,H,H,1427,100,1427,1,0
E,H,H,9703,100,9703,1,0
F,H,H,13242,100,13242,1,0
G,H,H,7068,100,7068,1,0
A,B,A,7136,100,7136,1,0
A,C,A,7554,100,7554,1,0
A,D,A,9207,100,9207,1,0
A,E,A,1407,100,1407,1,0
A,F,A,7423,100,7423,1,0
A,G,A,7601,100,7601,1,0
A,H,A,9683,100,9683,1,0
A,B,B,7119,100,7119,1,0
B,C,B,6745,100,6745,1,0
B,D,B,12517,100,12517,1,0
B,E,B,7037,100,7037,1,0
B,F,B,1439,100,1439,1,0
B,G,B,6763,100,6763,1,0
B,H,B,13062,100,13062,1,0
A,C,C,7587,100,7587,1,0
B,C,C,6720,100,6720,1,0
C,D,C,6601,100,6601,1,0
C,E,C,7549,100,7549,1,0
C,F,C,7111,100,7111,1,0
C,G,C,1384,100,1384,1,0
C,H,C,7096,100,7096,1,0
A,D,D,9181,100,9181,1,0
B,D,D,12557,100,12557,1,0
C,D,D,6639,100,6639,1,0
D,E,D,9350,100,9350,1,0
D,F,D,12861,100,12861,1,0
D,G,D,6817,100,6817,1,0
D,H,D,1420,100,1420,1,0
A,E,E,1412,100,1412,1,0
B,E,E,7050,100,7050,1,0
C,E,E,7577,100,7577,1,0
D,E,E,9408,100,9408,1,0
E,F,E,7007,100,7007,1,0
E,G,E,7307,100,7307,1,0
E,H,E,9686,100,9686,1,0
A,F,F,7356,100,7356,1,0
B,F,F,1419,100,1419,1,0
C,F,F,7114,100,7114,1,0
D,F,F,12867,100,12867,1,0
E,F,F,6996,100,6996,1,0
F,G,F,6880,100,6880,1,0
F,H,F,13205,100,13205,1,0
A,G,G,7543,100,7543,1,0
B,G,G,6732,100,6732,1,0
C,G,G,1363,100,1363,1,0
D,G,G,6808,100,6808,1,0
E,G,G,7317,100,7317,1,0
F,G,G,6902,100,6902,1,0
G,H,G,7022,100,7022,1,0
A,H,H,9709,100,9709,1,0
B,H,H,13042,100,13042,1,0
C,H,H,7134,100,7134,1,0
D,H,H,1467,100,1467,1,0
E,H,H,9661,100,9661,1,0
F,H,H,13212,100,13212,1,0
G,H,H,7072,100,7072,1,0
A,B,A,7147,100,7147,1,0
A,C,A,7541,100,7541,1,0
A,D,A,9209,100,9209,1,0
A,E,A,1429,100,1429,1,0
A,F,A,7401,100,7401,1,0
A,G,A,7612,100,7612,1,0
A,H,A,9681,100,9681,1,0
A,B,B,7126,100,7126,1,0
B,C,B,6723,100,6723,1,0
B,D,B,12557,100,12557,1,0
B,E,B,7073,100,7073,1,0
B,F,B,1446,100,1446,1,0
B,G,B,6748,100,6748,1,0
B,H,B,13134,100,13134,1,0
A,C,C,7585,100,7585,1,0
B,C,C,6736,100,6736,1,0
C,D,C,6608,100,6608,1,0
C,E,C,7518,100,7518,1,0
C,F,C,7146,100,7146,1,0
C,G,C,1316,100,1316,1,0
C,H,C,7108,100,7108,1,0
A,D,D,9200,100,9200,1,0
B,D,D,12527,100,12527,1,0
C,D,D,6584,100,6584,1,0
D,E,D,9350,100,9350,1,0
D,F,D,12888,100,12888,1,0
D,G,D,6825,100,6825,1,0
D,H,D,1482,100,1482,1,0
A,E,E,1350,100,1350,1,0
B,E,E,7100,100,7100,1,0
C,E,E,7534,100,7534,1,0
D,E,E,9358,100,9358,1,0
E,F,E,7004,100,7004,1,0
E,G,E,7340,100,7340,1,0
E,H,E,9655,100,9655,1,0
A,F,F,7366,100,7366,1,0
B,F,F,1394,100,1394,1,0
C,F,F,7109,100,7109,1,0
D,F,F,12897,100,12897,1,0
E,F,F,6992,100,6992,1,0
F,G,F,6880,100,6880,1,0
F,H,F,13220,100,13220,1,0
A,G,G,7569,100,7569,1,0
B,G,G,6750,100,6750,1,0
C,G,G,1313,100,1313,1,0
D,G,G,6785,100,6785,1,0
E,G,G,7288,100,7288,1,0
F,G,G,6890,100,6890,1,0
G,H,G,7063,100,7063,1,0
A,H,H,9719,100,9719,1,0
B,H,H,12980,100,12980,1,0
C,H,H,7106,100,7106,1,0
D,H,H,1490,100,1490,1,0
E,H,H,9660,100,9660,1,0
F,H,H,13206,100,13206,1,0
G,H,H,7059,100,7059,1,0
A,B,A,7145,100,7145,1,0
A,C,A,7584,100,7584,1,0
A,D,A,9181,100,9181,1,0
A,E,A,1348,100,1348,1,0
A,F,A,7382,100,7382,1,0
A,G,A,7585,100,7585,1,0
A,H,A,9738,100,9738,1,0
A,B,B,7140,100,7140,1,0
B,C,B,6706,100,6706,1,0
B,D,B,12532,100,12532,1,0
B,E,B,7028,100,7028,1,0
B,F,B,1431,100,1431,1,0
B,G,B,6738,100,6738,1,0
B,H,B,12997,100,12997,1,0
A,C,C,7598,100,7598,1,0
B,C,C,6713,100,6713,1,0
C,D,C,6560,100,6560,1,0
C,E,C,7563,100,7563,1,0
C,F,C,7141,100,7141,1,0
C,G,C,1344,100,1344,1,0
C,H,C,7112,100,7112,1,0
A,D,D,9209,100,9209,1,0
B,D,D,12525,100,12525,1,0
C,D,D,6600,100,6600,1,0
D,E,D,9351,100,9351,1,0
D,F,D,12884,100,12884,1,0
D,G,D,6836,100,6836,1,0
D,H,D,1466,100,1466,1,0
A,E,E,1383,100,1383,1,0
B,E,E,7002,100,7002,1,0
C,E,E,7553,100,7553,1,0
D,E,E,9374,100,9374,1,0
E,F,E,7016,100,7016,1,0
E,G,E,7331,100,7331,1,0
E,H,E,9698,100,9698,1,0
A,F,F,7370,100,7370,1,0
B,F,F,1426,100,1426,1,0
C,F,F,7098,100,7098,1,0
D,F,F,12854,100,12854,1,0
E,F,F,6991,100,6991,1,0
F,G,F,6899,100,6899,1,0
F,H,F,13280,100,13280,1,0
A,G,G,7608,100,7608,1,0
B,G,G,6701,100,6701,1,0
C,G,G,1329,100,1329,1,0
D,G,G,6807,100,6807,1,0
E,G,G,7318,100,7318,1,0
F,G,G,6911,100,6911,1,0
G,H,G,7058,100,7058,1,0
A,H,H,9686,100,9686,1,0
B,H,H,13089,100,13089,1,0
C,H,H,7097,100,7097,1,0
D,H,H,1455,100,1455,1,0
E,H,H,9648,100,9648,1,0
F,H,H,13231,100,13231,1,0
G,H,H,7054,100,7054,1,0
A,B,A,7185,100,7185,1,0
A,C,A,7556,100,7556,1,0
A,D,A,9195,100,9195,1,0
A,E,A,1330,100,1330,1,0
A,F,A,7396,100,7396,1,0
A,G,A,7554,100,7554,1,0
A,H,A,9696,100,9696,1,0
A,B,B,7131,100,7131,1,0
B,C,B,6705,100,6705,1,0
B,D,B,12530,100,12530,1,0
B,E,B,7067,100,7067,1,0
B,F,B,1427,100,1427,1,0
B,G,B,6747,100,6747,1,0
B,H,B,13085,100,13085,1,0
A,C,C,7578,100,7578,1,0
B,C,C,6748,100,6748,1,0
C,D,C,6600,100,6600,1,0
C,E,C,7563,100,7563,1,0
C,F,C,7087,100,7087,1,0
C,G,C,1360,100,1360,1,0
C,H,C,7125,100,7125,1,0
A,D,D,9216,100,9216,1,0
B,D,D,12553,100,12553,1,0
C,D,D,6592,100,6592,1,0
D,E,D,9418,100,9418,1,0
D,F,D,12889,100,12889,1,0
D,G,D,6802,100,6802,1,0
D,H,D,1473,100,1473,1,0
A,E,E,1352,100,1352,1,0
B,E,E,7046,100,7046,1,0
C,E,E,7571,100,7571,1,0
D,E,E,9332,100,9332,1,0
E,F,E,7006,100,7006,1,0
E,G,E,7325,100,7325,1,0
E,H,E,9663,100,9663,1,0
A,F,F,7362,100,7362,1,0
B,F,F,1401,100,1401,1,0
C,F,F,7141,100,7141,1,0
D,F,F,12850,100,12850,1,0
E,F,F,7021,100,7021,1,0
F,G,F,6869,100,6869,1,0
F,H,F,13211,100,13211,1,0
A,G,G,7587,100,7587,1,0
B,G,G,6735,100,6735,1,0
C,G,G,1368,100,1368,1,0
D,G,G,6807,100,6807,1,0
E,G,G,7280,100,7280,1,0
F,G,G,6862,100,6862,1,0
G,H,G,7036,100,7036,1,0
A,H,H,9686,100,9686,1,0
B,H,H,13021,100,13021,1,0
C,H,H,7058,100,7058,1,0
D,H,H,1442,100,1442,1,0
E,H,H,9693,100,9693,1,0
F,H,H,13214,100,13214,1,0
G,H,H,7063,100,7063,1,0
A,B,A,7130,100,7130,1,0
A,C,A,7555,100,7555,1,0
A,D,A,9191,100,9191,1,0
A,E,A,1368,100,1368,1,0
A,F,A,7388,100,7388,1,0
A,G,A,7567,100,7567,1,0
A,H,A,9715,100,9715,1,0
A,B,B,7147,100,7147,1,0
B,C,B,6712,100,6712,1,0
B,D,B,12568,100,12568,1,0
B,E,B,7064,100,7064,1,0
B,F,B,1417,100,1417,1,0
B,G,B,6761,100,6761,1,0
B,H,B,13046,100,13046,1,0
A,C,C,7569,100,7569,1,0
B,C,C,6741,100,6741,1,0
C,D,C,6635,100,6635,1,0
C,E,C,7531,100,7531,1,0
C,F,C,7139,100,7139,1,0
C,G,C,1346,100,1346,1,0
C,H,C,7137,100,7137,1,0
A,D,D,9212,100,9212,1,0
B,D,D,12525,100,12525,1,0
C,D,D,6618,100,6618,1,0
D,E,D,9338,100,9338,1,0
D,F,D,12892,100,12892,1,0
D,G,D,6776,100,6776,1,0
D,H,D,1409,100,1409,1,0
A,E,E,1359,100,1359,1,0
B,E,E,7009,100,7009,1,0
C,E,E,7509,100,7509,1,0
D,E,E,9366,100,9366,1,0
E,F,E,6966,100,6966,1,0
E,G,E,7290,100,7290,1,0
E,H,E,9673,100,9673,1,0
A,F,F,7355,100,7355,1,0
B,F,F,1447,100,1447,1,0
C,F,F,7133,100,7133,1,0
D,F,F,12870,100,12870,1,0
E,F,F,6993,100,6993,1,0
F,G,F,6879,100,6879,1,0
F,H,F,13220,100,13220,1,0
A,G,G,7516,100,7516,1,0
B,G,G,6769,100,6769,1,0
C,G,G,1312,100,1312,1,0
D,G,G,6807,100,6807,1,0
E,G,G,7304,100,7304,1,0
F,G,G,6853,100,6853,1,0
G,H,G,7055,100,7055,1,0
A,H,H,9699,100,9699,1,0
B,H,H,13049,100,13049,1,0
C,H,H,7082,100,7082,1,0
D,H,H,1427,100,1427,1,0
E,H,H,9658,100,9658,1,0
F,H,H,13230,100,13230,1,0
G,H,H,7011,100,7011,1,0
A,B,A,7135,100,7135,1,0
A,C,A,7555,100,7555,1,0
A,D,A,9167,100,9167,1,0
A,E,A,1337,100,1337,1,0
A,F,A,7332,100,7332,1,0
A,G,A,7592,100,7592,1,0
A,H,A,9715,100,9715,1,0
A,B,B,7138,100,7138,1,0
B,C,B,6711,100,6711,1,0
B,D,B,12499,100,12499,1,0
B,E,B,7055,100,7055,1,0
B,F,B,1436,100,1436,1,0
B,G,B,6765,100,6765,1,0
B,H,B,12995,100,12995,1,0
A,C,C,7575,100,7575,1,0
B,C,C,6725,100,6725,1,0
C,D,C,6611,100,6611,1,0
C,E,C,7520,100,7520,1,0
C,F,C,7120,100,7120,1,0
C,G,C,1398,100,1398,1,0
C,H,C,7112,100,7112,1,0
A,D,D,9190,100,9190,1,0
B,D,D,12525,100,12525,1,0
C,D,D,6602,100,6602,1,0
D,E,D,9412,100,9412,1,0
D,F,D,12871,100,12871,1,0
D,G,D,6853,100,6853,1,0
D,H,D,1426,100,1426,1,0
A,E,E,1336,100,1336,1,0
B,E,E,7071,100,7071,1,0
C,E,E,7543,100,7543,1,0
D,E,E,9361,100,9361,1,0
E,F,E,6995,100,6995,1,0
E,G,E,7280,100,7280,1,0
E,H,E,9628,100,9628,1,0
A,F,F,7398,100,7398,1,0
B,F,F,1437,100,1437,1,0
C,F,F,7121,100,7121,1,0
D,F,F,12871,100,12871,1,0
E,F,F,7008,100,7008,1,0
F,G,F,6895,100,6895,1,0
F,H,F,13243,100,13243,1,0
A,G,G,7557,100,7557,1,0
B,G,G,6727,100,6727,1,0
C,G,G,1337,100,1337,1,0
D,G,G,6808,100,6808,1,0
E,G,G,7292,100,7292,1,0
F,G,G,6882,100,6882,1,0
G,H,G,7041,100,7041,1,0
A,H,H,9733,100,9733,1,0
B,H,H,13048,100,13048,1,0
C,H,H,7161,100,7161,1,0
D,H,H,1398,100,1398,1,0
E,H,H,9645,100,9645,1,0
F,H,H,13293,100,13293,1,0
G,H,H,7036,100,7036,1,0
A,B,A,7188,100,7188,1,0
A,C,A,7546,100,7546,1,0
A,D,A,9196,100,9196,1,0
A,E,A,1366,100,1366,1,0
A,F,A,7431,100,7431,1,0
A,G,A,7584,100,7584,1,0
A,H,A,9673,100,9673,1,0
A,B,B,7145,100,7145,1,0
B,C,B,6754,100,6754,1,0
B,D,B,12564,100,12564,1,0
B,E,B,7045,100,7045,1,0
B,F,B,1413,100,1413,1,0
B,G,B,6746,100,6746,1,0
B,H,B,13045,100,13045,1,0
A,C,C,7618,100,7618,1,0
B,C,C,6709,100,6709,1,0
C,D,C,6609,100,6609,1,0
C,E,C,7537,100,7537,1,0
C,F,C,7131,100,7131,1,0
C,G,C,1343,100,1343,1,0
C,H,C,7100,100,7100,1,0
A,D,D,9222,100,9222,1,0
B,D,D,12521,100,12521,1,0
C,D,D,6609,100,6609,1,0
D,E,D,9381,100,9381,1,0
D,F,D,12899,100,12899,1,0
D,G,D,6785,100,6785,1,0
D,H,D,1409,100,1409,1,0
A,E,E,1398,100,1398,1,0
B,E,E,7038,100,7038,1,0
C,E,E,7535,100,7535,1,0
D,E,E,9353,100,9353,1,0
E,F,E,7013,100,7013,1,0
E,G,E,7336,100,7336,1,0
E,H,E,9648,100,9648,1,0
A,F,F,7370,100,7370,1,0
B,F,F,1424,100,1424,1,0
C,F,F,7100,100,7100,1,0
D,F,F,12859,100,12859,1,0
E,F,F,7038,100,7038,1,0
F,G,F,6856,100,6856,1,0
F,H,F,13232,100,13232,1,0
A,G,G,7590,100,7590,1,0
B,G,G,6782,100,6782,1,0
C,G,G,1391,100,1391,1,0
D,G,G,6849,100,6849,1,0
E,G,G,7284,100,7284,1,0
F,G,G,6851,100,6851,1,0
G,H,G,6990,100,6990,1,0
A,H,H,9710,100,9710,1,0
B,H,H,13045,100,13045,1,0
C,H,H,7119,100,7119,1,0
D,H,H,1418,100,1418,1,0
E,H,H,9633,100,9633,1,0
F,H,H,13262,100,13262,1,0
G,H,H,7025,100,7025,1,0
A,B,A,7146,100,7146,1,0
A,C,A,7590,100,7590,1,0
A,D,A,9167,100,9167,1,0
A,E,A,1358,100,1358,1,0
A,F,A,7340,100,7340,1,0
A,G,A,7552,100,7552,1,0
A,H,A,9703,100,9703,1,0
A,B,B,7162,100,7162,1,0
B,C,B,6711,100,6711,1,0
B,D,B,12546,100,12546,1,0
B,E,B,7045,100,7045,1,0
B,F,B,1429,100,1429,1,0
B,G,B,6762,100,6762,1,0
B,H,B,13060,100,13060,1,0
A,C,C,7598,100,7598,1,0
B,C,C,6720,100,6720,1,0
C,D,C,6566,100,6566,1,0
C,E,C,7525,100,7525,1,0
C,F,C,7073,100,7073,1,0
C,G,C,1375,100,1375,1,0
C,H,C,7118,100,7118,1,0
A,D,D,9199,100,9199,1,0
B,D,D,12519,100,12519,1,0
C,D,D,6604,100,6604,1,0
D,E,D,9362,100,9362,1,0
D,F,D,12882,100,12882,1,0
D,G,D,6841,100,6841,1,0
D,H,D,1437,100,1437,1,0
A,E,E,1419,100,1419,1,0
B,E,E,7002,100,7002,1,0
C,E,E,7571,100,7571,1,0
D,E,E,9437,100,9437,1,0
E,F,E,6984,100,6984,1,0
E,G,E,7304,100,7304,1,0
E,H,E,9700,100,9700,1,0
A,F,F,7387,100,7387,1,0
B,F,F,1426,100,1426,1,0
C,F,F,7146,100,7146,1,0
D,F,F,12875,100,12875,1,0
E,F,F,7029,100,7029,1,0
F,G,F,6887,100,6887,1,0
F,H,F,13236,100,13236,1,0
A,G,G,7578,100,7578,1,0
B,G,G,6767,100,6767,1,0
C,G,G,1361,100,1361,1,0
D,G,G,6839,100,6839,1,0
E,G,G,7339,100,7339,1,0
F,G,G,6880,100,6880,1,0
G,H,G,7062,100,7062,1,0
A,H,H,9684,100,9684,1,0
B,H,H,13037,100,13037,1,0
C,H,H,7095,100,7095,1,0
D,H,H,1464,100,1464,1,0
E,H,H,9649,100,9649,1,0
F,H,H,13229,100,13229,1,0
G,H,H,7059,100,7059,1,0
A,B,A,7188,100,7188,1,0
A,C,A,7574,100,7574,1,0
A,D,A,9172,100,9172,1,0
A,E,A,1363,100,1363,1,0
A,F,A,7352,100,7352,1,0
A,G,A,7573,100,7573,1,0
A,H,A,9729,100,9729,1,0
A,B,B,7151,100,7151,1,0
B,C,B,6735,100,6735,1,0
B,D,B,12545,100,12545,1,0
B,E,B,7082,100,7082,1,0
B,F,B,1413,100,1413,1,0
B,G,B,6762,100,6762,1,0
B,H,B,13017,100,13017,1,0
A,C,C,7575,100,7575,1,0
B,C,C,6717,100,6717,1,0
C,D,C,6618,100,6618,1,0
C,E,C,7561,100,7561,1,0
C,F,C,7078,100,7078,1,0
C,G,C,1370,100,1370,1,0
C,H,C,7130,100,7130,1,0
A,D,D,9216,100,9216,1,0
B,D,D,12528,100,12528,1,0
C,D,D,6641,100,6641,1,0
D,E,D,9296,100,9296,1,0
D,F,D,12924,100,12924,1,0
D,G,D,6783,100,6783,1,0
D,H,D,1461,100,1461,1,0
A,E,E,1305,100,1305,1,0
B,E,E,7029,100,7029,1,0
C,E,E,7565,100,7565,1,0
D,E,E,9310,100,9310,1,0
E,F,E,7020,100,7020,1,0
E,G,E,7315,100,7315,1,0
E,H,E,9654,100,9654,1,0
A,F,F,7389,100,7389,1,0
B,F,F,1429,100,1429,1,0
C,F,F,7118,100,7118,1,0
D,F,F,12854,100,12854,1,0
E,F,F,7008,100,7008,1,0
F,G,F,6906,100,6906,1,0
F,H,F,13275,100,13275,1,0
A,G,G,7602,100,7602,1,0
B,G,G,6740,100,6740,1,0
C,G,G,1357,100,1357,1,0
D,G,G,6800,100,6800,1,0
E,G,G,7328,100,7328,1,0
F,G,G,6868,100,6868,1,0
G,H,G,7023,100,7023,1,0
A,H,H,9730,100,9730,1,0
B,H,H,13050,100,13050,1,0
C,H,H,7109,100,7109,1,0
D,H,H,1421,100,1421,1,0
E,H,H,9672,100,9672,1,0
F,H,H,13185,100,13185,1,0
G,H,H,7020,100,7020,1,0
A,B,A,7196,100,7196,1,0
A,C,A,7566,100,7566,1,0
A,D,A,9217,100,9217,1,0
A,E,A,1334,100,1334,1,0
A,F,A,7350,100,7350,1,0
A,G,A,7601,100,7601,1,0
A,H,A,9674,100,9674,1,0
A,B,B,7109,100,7109,1,0
B,C,B,6722,100,6722,1,0
B,D,B,12524,100,12524,1,0
B,E,B,7005,100,7005,1,0
B,F,B,1437,100,1437,1,0
B,G,B,6762,100,6762,1,0
B,H,B,13044,100,13044,1,0
A,C,C,7565,100,7565,1,0
B,C,C,6712,100,6712,1,0
C,D,C,6609,100,6609,1,0
C,E,C,7525,100,7525,1,0
C,F,C,7145,100,7145,1,0
C,G,C,1369,100,1369,1,0
C,H,C,7108,100,7108,1,0
A,D,D,9202,100,9202,1,0
B,D,D,12535,100,12535,1,0
C,D,D,6622,100,6622,1,0
D,E,D,9363,100,9363,1,0
D,F,D,12860,100,12860,1,0
D,G,D,6814,100,6814,1,0
D,H,D,1455,100,1455,1,0
A,E,E,1387,100,1387,1,0
B,E,E,7076,100,7076,1,0
C,E,E,7539,100,7539,1,0
D,E,E,9329,100,9329,1,0
E,F,E,6970,100,6970,1,0
E,G,E,7314,100,7314,1,0
E,H,E,9697,100,9697,1,0
A,F,F,7385,100,7385,1,0
B,F,F,1459,100,1459,1,0
C,F,F,7097,100,7097,1,0
D,F,F,12873,100,12873,1,0
E,F,F,7032,100,7032,1,0
F,G,F,6891,100,6891,1,0
F,H,F,13271,100,13271,1,0
A,G,G,7573,100,7573,1,0
B,G,G,6779,100,6779,1,0
C,G,G,1330,100,1330,1,0
D,G,G,6862,100,6862,1,0
E,G,G,7306,100,7306,1,0
F,G,G,6890,100,6890,1,0
G,H,G,7011,100,7011,1,0
A,H,H,9726,100,9726,1,0
B,H,H,13006,100,13006,1,0
C,H,H,7121,100,7121,1,0
D,H,H,1475,100,1475,1,0
E,H,H,9683,100,9683,1,0
F,H,H,13234,100,13234,1,0
G,H,H,7040,100,7040,1,0
A,B,A,7164,100,7164,1,0
A,C,A,7559,100,7559,1,0
A,D,A,9228,100,9228,1,0
A,E,A,1416,100,1416,1,0
A,F,A,7374,100,7374,1,0
A,G,A,7536,100,7536,1,0
A,H,A,9689,100,9689,1,0
A,B,B,7127,100,7127,1,0
B,C,B,6707,100,6707,1,0
B,D,B,12525,100,12525,1,0
B,E,B,7039,100,7039,1,0
B,F,B,1429,100,1429,1,0
B,G,B,6786,100,6786,1,0
B,H,B,13006,100,13006,1,0
A,C,C,7537,100,7537,1,0
B,C,C,6693,100,6693,1,0
C,D,C,6637,100,6637,1,0
C,E,C,7514,100,7514,1,0
C,F,C,7073,100,7073,1,0
C,G,C,1383,100,1383,1,0
C,H,C,7092,100,7092,1,0
A,D,D,9192,100,9192,1,0
B,D,D,12562,100,12562,1,0
C,D,D,6638,100,6638,1,0
D,E,D,9275,100,9275,1,0
D,F,D,12870,100,12870,1,0
D,G,D,6792,100,6792,1,0
D,H,D,1447,100,1447,1,0
A,E,E,1361,100,1361,1,0
B,E,E,7044,100,7044,1,0
C,E,E,7528,100,7528,1,0
D,E,E,9343,100,9343,1,0
E,F,E,7017,100,7017,1,0
E,G,E,7294,100,7294,1,0
E,H,E,9658,100,9658,1,0
A,F,F,7391,100,7391,1,0
B,F,F,1468,100,1468,1,0
C,F,F,7120,100,7120,1,0
D,F,F,12836,100,12836,1,0
E,F,F,7009,100,7009,1,0
F,G,F,6888,100,6888,1,0
F,H,F,13229,100,13229,1,0
A,G,G,7591,100,7591,1,0
B,G,G,6756,100,6756,1,0
C,G,G,1361,100,1361,1,0
D,G,G,6831,100,6831,1,0
E,G,G,7299,100,7299,1,0
F,G,G,6895,100,6895,1,0
G,H,G,7084,100,7084,1,0
A,H,H,9707,100,9707,1,0
B,H,H,13098,100,13098,1,0
C,H,H,7141,100,7141,1,0
D,H,H,1409,100,1409,1,0
E,H,H,9662,100,9662,1,0
F,H,H,13192,100,13192,1,0
G,H,H,7040,100,7040,1,0
A,B,A,7170,100,7170,1,0
A,C,A,7608,100,7608,1,0
A,D,A,9205,100,9205,1,0
A,E,A,1371,100,1371,1,0
A,F,A,7385,100,7385,1,0
A,G,A,7557,100,7557,1,0
A,H,A,9675,100,9675,1,0
A,B,B,7191,100,7191,1,0
B,C,B,6721,100,6721,1,0
B,D,B,12525,100,12525,1,0
B,E,B,7045,100,7045,1,0
B,F,B,1425,100,1425,1,0
B,G,B,6768,100,6768,1,0
B,H,B,13031,100,13031,1,0
A,C,C,7602,100,7602,1,0
B,C,C,6704,100,6704,1,0
C,D,C,6608,100,6608,1,0
C,E,C,7557,100,7557,1,0
C,F,C,7146,100,7146,1,0
C,G,C,1330,100,1330,1,0
C,H,C,7080,100,7080,1,0
A,D,D,9187,100,9187,1,0
B,D,D,12593,100,12593,1,0
C,D,D,6608,100,6608,1,0
D,E,D,9384,100,9384,1,0
D,F,D,12856,100,12856,1,0
D,G,D,6807,100,6807,1,0
D,H,D,1414,100,1414,1,0
A,E,E,1396,100,1396,1,0
B,E,E,7028,100,7028,1,0
C,E,E,7556,100,7556,1,0
D,E,E,9362,100,9362,1,0
E,F,E,6998,100,6998,1,0
E,G,E,7301,100,7301,1,0
E,H,E,9615,100,9615,1,0
A,F,F,7412,100,7412,1,0
B,F,F,1401,100,1401,1,0
C,F,F,7110,100,7110,1,0
D,F,F,12882,100,12882,1,0
E,F,F,6995,100,6995,1,0
F,G,F,6876,100,6876,1,0
F,H,F,13268,100,13268,1,0
A,G,G,7557,100,7557,1,0
B,G,G,6699,100,6699,1,0
C,G,G,1353,100,1353,1,0
D,G,G,6823,100,6823,1,0
E,G,G,7292,100,7292,1,0
F,G,G,6876,100,6876,1,0
G,H,G,7039,100,7039,1,0
A,H,H,9725,100,9725,1,0
B,H,H,13056,100,13056,1,0
C,H,H,7125,100,7125,1,0
D,H,H,1434,100,1434,1,0
E,H,H,9658,100,9658,1,0
F,H,H,13224,100,13224,1,0
G,H,H,7026,100,7026,1,0
A,B,A,7100,100,7100,1,0
A,C,A,7525,100,7525,1,0
A,D,A,9181,100,9181,1,0
A,E,A,1371,100,1371,1,0
A,F,A,7380,100,7380,1,0
A,G,A,7566,100,7566,1,0
A,H,A,9706,100,9706,1,0
A,B,B,7194,100,7194,1,0
B,C,B,6705,100,6705,1,0
B,D,B,12525,100,12525,1,0
B,E,B,7042,100,7042,1,0
B,F,B,1450,100,1450,1,0
B,G,B,6780,100,6780,1,0
B,H,B,13044,100,13044,1,0
A,C,C,7551,100,7551,1,0
B,C,C,6683,100,6683,1,0
C,D,C,6605,100,6605,1,0
C,E,C,7568,100,7568,1,0
C,F,C,7120,100,7120,1,0
C,G,C,1362,100,1362,1,0
C,H,C,7130,100,7130,1,0
A,D,D,9173,100,9173,1,0
B,D,D,12486,100,12486,1,0
C,D,D,6591,100,6591,1,0
D,E,D,9342,100,9342,1,0
D,F,D,12902,100,12902,1,0
D,G,D,6773,100,6773,1,0
D,H,D,1447,100,1447,1,0
A,E,E,1398,100,1398,1,0
B,E,E,7006,100,7006,1,0
C,E,E,7538,100,7538,1,0
D,E,E,9323,100,9323,1,0
E,F,E,7001,100,7001,1,0
E,G,E,7270,100,7270,1,0
E,H,E,9621,100,9621,1,0
A,F,F,7330,100,7330,1,0
B,F,F,1430,100,1430,1,0
C,F,F,7111,100,7111,1,0
D,F,F,12862,100,12862,1,0
E,F,F,6978,100,6978,1,0
F,G,F,6887,100,6887,1,0
F,H,F,13211,100,13211,1,0
A,G,G,7561,100,7561,1,0
B,G,G,6755,100,6755,1,0
C,G,G,1370,100,1370,1,0
D,G,G,6823,100,6823,1,0
E,G,G,7264,100,7264,1,0
F,G,G,6863,100,6863,1,0
G,H,G,7052,100,7052,1,0
A,H,H,9715,100,9715,1,0
B,H,H,13032,100,13032,1,0
C,H,H,7126,100,7126,1,0
D,H,H,1458,100,1458,1,0
E,H,H,9667,100,9667,1,0
F,H,H,13289,100,13289,1,0
G,H,H,7051,100,7051,1,0
A,B,A,7159,100,7159,1,0
A,C,A,7590,100,7590,1,0
A,D,A,9185,100,9185,1,0
A,E,A,1385,100,1385,1,0
A,F,A,7393,100,7393,1,0
A,G,A,7574,100,7574,1,0
A,H,A,9680,100,9680,1,0
A,B,B,7145,100,7145,1,0
B,C,B,6720,100,6720,1,0
B,D,B,12531,100,12531,1,0
B,E,B,7048,100,7048,1,0
B,F,B,1440,100,1440,1,0
B,G,B,6750,100,6750,1,0
B,H,B,13079,100,13079,1,0
A,C,C,7552,100,7552,1,0
B,C,C,6721,100,6721,1,0
C,D,C,6645,100,6645,1,0
C,E,C,7556,100,7556,1,0
C,F,C,7122,100,7122,1,0
C,G,C,1356,100,1356,1,0
C,H,C,7121,100,7121,1,0
A,D,D,9243,100,9243,1,0
B,D,D,12539,100,12539,1,0
C,D,D,6588,100,6588,1,0
D,E,D,9335,100,9335,1,0
D,F,D,12880,100,12880,1,0
D,G,D,6822,100,6822,1,0
D,H,D,1467,100,1467,1,0
A,E,E,1354,100,1354,1,0
B,E,E,7055,100,7055,1,0
C,E,E,7537,100,7537,1,0
D,E,E,9375,100,9375,1,0
E,F,E,7004,100,7004,1,0
E,G,E,7326,100,7326,1,0
E,H,E,9698,100,9698,1,0
A,F,F,7386,100,7386,1,0
B,F,F,1386,100,1386,1,0
C,F,F,7105,100,7105,1,0
D,F,F,12836,100,12836,1,0
E,F,F,6982,100,6982,1,0
F,G,F,6893,100,6893,1,0
F,H,F,13230,100,13230,1,0
A,G,G,7574,100,7574,1,0
B,G,G,6767,100,6767,1,0
C,G,G,1402,100,1402,1,0
D,G,G,6831,100,6831,1,0
E,G,G,7314,100,7314,1,0
F,G,G,6911,100,6911,1,0
G,H,G,7067,100,7067,1,0
A,H,H,9708,100,9708,1,0
B,H,H,13048,100,13048,1,0
C,H,H,7129,100,7129,1,0
D,H,H,1440,100,1440,1,0
E,H,H,9670,100,9670,1,0
F,H,H,13200,100,13200,1,0
G,H,H,7048,100,7048,1,0
A,B,A,7130,100,7130,1,0
A,C,A,7543,100,7543,1,0
A,D,A,9182,100,9182,1,0
A,E,A,1358,100,1358,1,0
A,F,A,7390,100,7390,1,0
A,G,A,7631,100,7631,1,0
A,H,A,9733,100,9733,1,0
A,B,B,7193,100,7193,1,0
B,C,B,6725,100,6725,1,0
B,D,B,12537,100,12537,1,0
B,E,B,7014,100,7014,1,0
B,F,B,1425,100,1425,1,0
B,G,B,6748,100,6748,1,0
B,H,B,13020,100,13020,1,0
A,C,C,7595,100,7595,1,0
B,C,C,6743,100,6743,1,0
C,D,C,6635,100,6635,1,0
C,E,C,7565,100,7565,1,0
C,F,C,7120,100,7120,1,0
C,G,C,1365,100,1365,1,0
C,H,C,7135,100,7135,1,0
A,D,D,9197,100,9197,1,0
B,D,D,12501,100,12501,1,0
C,D,D,6640,100,6640,1,0
D,E,D,9376,100,9376,1,0
D,F,D,12869,100,12869,1,0
D,G,D,6822,100,6822,1,0
D,H,D,1446,100,1446,1,0
A,E,E,1371,100,1371,1,0
B,E,E,7058,100,7058,1,0
C,E,E,7531,100,7531,1,0
D,E,E,9417,100,9417,1,0
E,F,E,7003,100,7003,1,0
E,G,E,7330,100,7330,1,0
E,H,E,9652,100,9652,1,0
A,F,F,7372,100,7372,1,0
B,F,F,1419,100,1419,1,0
C,F,F,7119,100,7119,1,0
D,F,F,12855,100,12855,1,0
E,F,F,7001,100,7001,1,0
F,G,F,6877,100,6877,1,0
F,H,F,13228,100,13228,1,0
A,G,G,7541,100,7541,1,0
B,G,G,6770,100,6770,1,0
C,G,G,1353,100,1353,1,0
D,G,G,6782,100,6782,1,0
E,G,G,7349,100,7349,1,0
F,G,G,6869,100,6869,1,0
G,H,G,7064,100,7064,1,0
A,H,H,9631,100,9631,1,0
B,H,H,13016,100,13016,1,0
C,H,H,7148,100,7148,1,0
D,H,H,1471,100,1471,1,0
E,H,H,9635,100,9635,1,0
F,H,H,13235,100,13235,1,0
G,H,H,7059,100,7059,1,0
A,B,A,7128,100,7128,1,0
A,C,A,7603,100,7603,1,0
A,D,A,9206,100,9206,1,0
A,E,A,1340,100,1340,1,0
A,F,A,7368,100,7368,1,0
A,G,A,7552,100,7552,1,0
A,H,A,9738,100,9738,1,0
A,B,B,7124,100,7124,1,0
B,C,B,6717,100,6717,1,0
B,D,B,12570,100,12570,1,0
B,E,B,7041,100,7041,1,0
B,F,B,1440,100,1440,1,0
B,G,B,6758,100,6758,1,0
B,H,B,13052,100,13052,1,0
A,C,C,7577,100,7577,1,0
B,C,C,6722,100,6722,1,0
C,D,C,6618,100,6618,1,0
C,E,C,7523,100,7523,1,0
C,F,C,7145,100,7145,1,0
C,G,C,1384,100,1384,1,0
C,H,C,7100,100,7100,1,0
A,D,D,9207,100,9207,1,0
B,D,D,12518,100,12518,1,0
C,D,D,6616,100,6616,1,0
D,E,D,9408,100,9408,1,0
D,F,D,12880,100,12880,1,0
D,G,D,6828,100,6828,1,0
D,H,D,1494,100,1494,1,0
A,E,E,1403,100,1403,1,0
B,E,E,7026,100,7026,1,0
C,E,E,7529,100,7529,1,0
D,E,E,9304,100,9304,1,0
E,F,E,6991,100,6991,1,0
E,G,E,7298,100,7298,1,0
E,H,E,9686,100,9686,1,0
A,F,F,7334,100,7334,1,0
B,F,F,1424,100,1424,1,0
C,F,F,7123,100,7123,1,0
D,F,F,12902,100,12902,1,0
E,F,F,7008,100,7008,1,0
F,G,F,6865,100,6865,1,0
F,H,F,13209,100,13209,1,0
A,G,G,7561,100,7561,1,0
B,G,G,6772,100,6772,1,0
C,G,G,1330,100,1330,1,0
D,G,G,6852,100,6852,1,0
E,G,G,7298,100,7298,1,0
F,G,G,6876,100,6876,1,0
G,H,G,7049,100,7049,1,0
A,H,H,9655,100,9655,1,0
B,H,H,13014,100,13014,1,0
C,H,H,7137,100,7137,1,0
D,H,H,1460,100,1460,1,0
E,H,H,9639,100,9639,1,0
F,H,H,13227,100,13227,1,0
G,H,H,7033,100,7033,1,0
A,B,A,7173,100,7173,1,0
A,C,A,7584,100,7584,1,0
A,D,A,9174,100,9174,1,0
A,E,A,1406,100,1406,1,0
A,F,A,7344,100,7344,1,0
A,G,A,7614,100,7614,1,0
A,H,A,9741,100,9741,1,0
A,B,B,7150,100,7150,1,0
B,C,B,6725,100,6725,1,0
B,D,B,12554,100,12554,1,0
B,E,B,7017,100,7017,1,0
B,F,B,1445,100,1445,1,0
B,G,B,6796,100,6796,1,0
B,H,B,13079,100,13079,1,0
A,C,C,7567,100,7567,1,0
B,C,C,6742,100,6742,1,0
C,D,C,6595,100,6595,1,0
C,E,C,7591,100,7591,1,0
C,F,C,7125,100,7125,1,0
C,G,C,1376,100,1376,1,0
C,H,C,7119,100,7119,1,0
A,D,D,9190,100,9190,1,0
B,D,D,12491,100,12491,1,0
C,D,D,6662,100,6662,1,0
D,E,D,9279,100,9279,1,0
D,F,D,12854,100,12854,1,0
D,G,D,6797,100,6797,1,0
D,H,D,1457,100,1457,1,0
A,E,E,1356,100,1356,1,0
B,E,E,7019,100,7019,1,0
C,E,E,7579,100,7579,1,0
D,E,E,9353,100,9353,1,0
E,F,E,7002,100,7002,1,0
E,G,E,7312,100,7312,1,0
E,H,E,9634,100,9634,1,0
A,F,F,7359,100,7359,1,0
B,F,F,1437,100,1437,1,0
C,F,F,7117,100,7117,1,0
D,F,F,12854,100,12854,1,0
E,F,F,7011,100,7011,1,0
F,G,F,6845,100,6845,1,0
F,H,F,13244,100,13244,1,0
A,G,G,7596,100,7596,1,0
B,G,G,6773,100,6773,1,0
C,G,G,1389,100,1389,1,0
D,G,G,6831,100,6831,1,0
E,G,G,7297,100,7297,1,0
F,G,G,6881,100,6881,1,0
G,H,G,7062,100,7062,1,0
A,H,H,9725,100,9725,1,0
B,H,H,12982,100,12982,1,0
C,H,H,7077,100,7077,1,0
D,H,H,1432,100,1432,1,0
E,H,H,9631,100,9631,1,0
F,H,H,13200,100,13200,1,0
G,H,H,7059,100,7059,1,0
A,B,A,7156,100,7156,1,0
A,C,A,7650,100,7650,1,0
A,D,A,9212,100,9212,1,0
A,E,A,1335,100,1335,1,0
A,F,A,7363,100,7363,1,0
A,G,A,7603,100,7603,1,0
A,H,A,9683,100,9683,1,0
A,B,B,7152,100,7152,1,0
B,C,B,6719,100,6719,1,0
B,D,B,12468,100,12468,1,0
B,E,B,7060,100,7060,1,0
B,F,B,1436,100,1436,1,0
B,G,B,6711,100,6711,1,0
B,H,B,13018,100,13018,1,0
A,C,C,7559,100,7559,1,0
B,C,C,6714,100,6714,1,0
C,D,C,6618,100,6618,1,0
C,E,C,7560,100,7560,1,0
C,F,C,7145,100,7145,1,0
C,G,C,1343,100,1343,1,0
C,H,C,7132,100,7132,1,0
A,D,D,9207,100,9207,1,0
B,D,D,12530,100,12530,1,0
C,D,D,6625,100,6625,1,0
D,E,D,9377,100,9377,1,0
D,F,D,12880,100,12880,1,0
D,G,D,6803,100,6803,1,0
D,H,D,1425,100,1425,1,0
A,E,E,1337,100,1337,1,0
B,E,E,7067,100,7067,1,0
C,E,E,7548,100,7548,1,0
D,E,E,9341,100,9341,1,0
E,F,E,7001,100,7001,1,0
E,G,E,7311,100,7311,1,0
E,H,E,9674,100,9674,1,0
A,F,F,7365,100,7365,1,0
B,F,F,1453,100,1453,1,0
C,F,F,7120,100,7120,1,0
D,F,F,12849,100,12849,1,0
E,F,F,7011,100,7011,1,0
F,G,F,6892,100,6892,1,0
F,H,F,13222,100,13222,1,0
A,G,G,7596,100,7596,1,0
B,G,G,6742,100,6742,1,0
C,G,G,1376,100,1376,1,0
D,G,G,6798,100,6798,1,0
E,G,G,7330,100,7330,1,0
F,G,G,6911,100,6911,1,0
G,H,G,7046,100,7046,1,0
A,H,H,9715,100,9715,1,0
B,H,H,13014,100,13014,1,0
C,H,H,7158,100,7158,1,0
D,H,H,1435,100,1435,1,0
E,H,H,9672,100,9672,1,0
F,H,H,13278,100,13278,1,0
G,H,H,7056,100,7056,1,0
A,B,A,7171,100,7171,1,0
A,C,A,7594,100,7594,1,0
A,D,A,9181,100,9181,1,0
A,E,A,1351,100,1351,1,0
A,F,A,7431,100,7431,1,0
A,G,A,7519,100,7519,1,0
A,H,A,9735,100,9735,1,0
A,B,B,7168,100,7168,1,0
B,C,B,6727,100,6727,1,0
B,D,B,12521,100,12521,1,0
B,E,B,7024,100,7024,1,0
B,F,B,1444,100,1444,1,0
B,G,B,6756,100,6756,1,0
B,H,B,13088,100,13088,1,0
A,C,C,7603,100,7603,1,0
B,C,C,6730,100,6730,1,0
C,D,C,6597,100,6597,1,0
C,E,C,7549,100,7549,1,0
C,F,C,7115,100,7115,1,0
C,G,C,1388,100,1388,1,0
C,H,C,7123,100,7123,1,0
A,D,D,9209,100,9209,1,0
B,D,D,12556,100,12556,1,0
C,D,D,6606,100,6606,1,0
D,E,D,9300,100,9300,1,0
D,F,D,12898,100,12898,1,0
D,G,D,6778,100,6778,1,0
D,H,D,1428,100,1428,1,0
A,E,E,1349,100,1349,1,0
B,E,E,7012,100,7012,1,0
C,E,E,7545,100,7545,1,0
D,E,E,9382,100,9382,1,0
E,F,E,7018,100,7018,1,0
E,G,E,7291,100,7291,1,0
E,H,E,9630,100,9630,1,0
A,F,F,7339,100,7339,1,0
B,F,F,1411,100,1411,1,0
C,F,F,7136,100,7136,1,0
D,F,F,12864,100,12864,1,0
E,F,F,6980,100,6980,1,0
F,G,F,6892,100,6892,1,0
F,H,F,13248,100,13248,1,0
A,G,G,7596,100,7596,1,0
B,G,G,6767,100,6767,1,0
C,G,G,1367,100,1367,1,0
D,G,G,6818,100,6818,1,0
E,G,G,7310,100,7310,1,0
F,G,G,6889,100,6889,1,0
G,H,G,7027,100,7027,1,0
A,H,H,9695,100,9695,1,0
B,H,H,13039,100,13039,1,0
C,H,H,7082,100,7082,1,0
D,H,H,1436,100,1436,1,0
E,H,H,9661,100,9661,1,0
F,H,H,13212,100,13212,1,0
G,H,H,7043,100,7043,1,0
A,B,A,7152,100,7152,1,0
A,C,A,7585,100,7585,1,0
A,D,A,9195,100,9195,1,0
A,E,A,1401,100,1401,1,0
A,F,A,7367,100,7367,1,0
A,G,A,7586,100,7586,1,0
A,H,A,9704,100,9704,1,0
A,B,B,7138,100,7138,1,0
B,C,B,6725,100,6725,1,0
B,D,B,12512,100,12512,1,0
B,E,B,7058,100,7058,1,0
B,F,B,1396,100,1396,1,0
B,G,B,6790,100,6790,1,0
B,H,B,13068,100,13068,1,0
A,C,C,7539,100,7539,1,0
B,C,C,6732,100,6732,1,0
C,D,C,6597,100,6597,1,0
C,E,C,7527,100,7527,1,0
C,F,C,7085,100,7085,1,0
C,G,C,1381,100,1381,1,0
C,H,C,7092,100,7092,1,0
A,D,D,9189,100,9189,1,0
B,D,D,12555,100,12555,1,0
C,D,D,6629,100,6629,1,0
D,E,D,9349,100,9349,1,0
D,F,D,12893,100,12893,1,0
D,G,D,6797,100,6797,1,0
D,H,D,1465,100,1465,1,0
A,E,E,1398,100,1398,1,0
B,E,E,7070,100,7070,1,0
C,E,E,7545,100,7545,1,0
D,E,E,9311,100,9311,1,0
E,F,E,7051,100,7051,1,0
E,G,E,7321,100,7321,1,0
E,H,E,9690,100,9690,1,0
A,F,F,7345,100,7345,1,0
B,F,F,1432,100,1432,1,0
C,F,F,7139,100,7139,1,0
D,F,F,12857,100,12857,1,0
E,F,F,7005,100,7005,1,0
F,G,F,6911,100,6911,1,0
F,H,F,13253,100,13253,1,0
A,G,G,7600,100,7600,1,0
B,G,G,6782,100,6782,1,0
C,G,G,1354,100,1354,1,0
D,G,G,6800,100,6800,1,0
E,G,G,7304,100,7304,1,0
F,G,G,6910,100,6910,1,0
G,H,G,7055,100,7055,1,0
A,H,H,9701,100,9701,1,0
B,H,H,13064,100,13064,1,0
C,H,H,7148,100,7148,1,0
D,H,H,1455,100,1455,1,0
E,H,H,9662,100,9662,1,0
F,H,H,13230,100,13230,1,0
G,H,H,7025,100,7025,1,0
A,B,A,7152,100,7152,1,0
A,C,A,7566,100,7566,1,0
A,D,A,9178,100,9178,1,0
A,E,A,1406,100,1406,1,0
A,F,A,7378,100,7378,1,0
A,G,A,7555,100,7555,1,0
A,H,A,9705,100,9705,1,0
A,B,B,7176,100,7176,1,0
B,C,B,6717,100,6717,1,0
B,D,B,12474,100,12474,1,0
B,E,B,7034,100,7034,1,0
B,F,B,1438,100,1438,1,0
B,G,B,6727,100,6727,1,0
B,H,B,13020,100,13020,1,0
A,C,C,7538,100,7538,1,0
B,C,C,6723,100,6723,1,0
C,D,C,6581,100,6581,1,0
C,E,C,7554,100,7554,1,0
C,F,C,7138,100,7138,1,0
C,G,C,1357,100,1357,1,0
C,H,C,7096,100,7096,1,0
A,D,D,9185,100,9185,1,0
B,D,D,12478,100,12478,1,0
C,D,D,6620,100,6620,1,0
D,E,D,9351,100,9351,1,0
D,F,D,12864,100,12864,1,0
D,G,D,6833,100,6833,1,0
D,H,D,1453,100,1453,1,0
A,E,E,1383,100,1383,1,0
B,E,E,7042,100,7042,1,0
C,E,E,7607,100,7607,1,0
D,E,E,9311,100,9311,1,0
E,F,E,7053,100,7053,1,0
E,G,E,7293,100,7293,1,0
E,H,E,9664,100,9664,1,0
A,F,F,7384,100,7384,1,0
B,F,F,1422,100,1422,1,0
C,F,F,7154,100,7154,1,0
D,F,F,12896,100,12896,1,0
E,F,F,7017,100,7017,1,0
F,G,F,6864,100,6864,1,0
F,H,F,13192,100,13192,1,0
A,G,G,7560,100,7560,1,0
B,G,G,6767,100,6767,1,0
C,G,G,1392,100,1392,1,0
D,G,G,6813,100,6813,1,0
E,G,G,7286,100,7286,1,0
F,G,G,6859,100,6859,1,0
G,H,G,7091,100,7091,1,0
A,H,H,9694,100,9694,1,0
B,H,H,13066,100,13066,1,0
C,H,H,7082,100,7082,1,0
D,H,H,1449,100,1449,1,0
E,H,H,9657,100,9657,1,0
F,H,H,13265,100,13265,1,0
G,H,H,7060,100,7060,1,0
A,B,A,7182,100,7182,1,0
A,C,A,7607,100,7607,1,0
A,D,A,9217,100,9217,1,0
A,E,A,1408,100,1408,1,0
A,F,A,7417,100,7417,1,0
A,G,A,7587,100,7587,1,0
A,H,A,9691,100,9691,1,0
A,B,B,7167,100,7167,1,0
B,C,B,6713,100,6713,1,0
B,D,B,12546,100,12546,1,0
B,E,B,7026,100,7026,1,0
B,F,B,1465,100,1465,1,0
B,G,B,6781,100,6781,1,0
B,H,B,13071,100,13071,1,0
A,C,C,7631,100,7631,1,0
B,C,C,6699,100,6699,1,0
C,D,C,6636,100,6636,1,0
C,E,C,7551,100,7551,1,0
C,F,C,7128,100,7128,1,0
C,G,C,1368,100,1368,1,0
C,H,C,7088,100,7088,1,0
A,D,D,9175,100,9175,1,0
B,D,D,12527,100,12527,1,0
C,D,D,6560,100,6560,1,0
D,E,D,9333,100,9333,1,0
D,F,D,12853,100,12853,1,0
D,G,D,6825,100,6825,1,0
D,H,D,1424,100,1424,1,0
A,E,E,1391,100,1391,1,0
B,E,E,7016,100,7016,1,0
C,E,E,7566,100,7566,1,0
D,E,E,9316,100,9316,1,0
E,F,E,6994,100,6994,1,0
E,G,E,7341,100,7341,1,0
E,H,E,9660,100,9660,1,0
A,F,F,7389,100,7389,1,0
B,F,F,1409,100,1409,1,0
C,F,F,7123,100,7123,1,0
D,F,F,12866,100,12866,1,0
E,F,F,7011,100,7011,1,0
F,G,F,6892,100,6892,1,0
F,H,F,13200,100,13200,1,0
A,G,G,7610,100,7610,1,0
B,G,G,6800,100,6800,1,0
C,G,G,1342,100,1342,1,0
D,G,G,6830,100,6830,1,0
E,G,G,7317,100,7317,1,0
F,G,G,6860,100,6860,1,0
G,H,G,7042,100,7042,1,0
A,H,H,9697,100,9697,1,0
B,H,H,13048,100,13048,1,0
C,H,H,7100,100,7100,1,0
D,H,H,1421,100,1421,1,0
E,H,H,9644,100,9644,1,0
F,H,H,13199,100,13199,1,0
G,H,H,7028,100,7028,1,0
A,B,A,7147,100,7147,1,0
A,C,A,7564,100,7564,1,0
A,D,A,9199,100,9199,1,0
A,E,A,1360,100,1360,1,0
A,F,A,7373,100,7373,1,0
A,G,A,7591,100,7591,1,0
A,H,A,9710,100,9710,1,0
A,B,B,7112,100,7112,1,0
B,C,B,6723,100,6723,1,0
B,D,B,12604,100,12604,1,0
B,E,B,7035,100,7035,1,0
B,F,B,1456,100,1456,1,0
B,G,B,6769,100,6769,1,0
B,H,B,13040,100,13040,1,0
A,C,C,7530,100,7530,1,0
B,C,C,6718,100,6718,1,0
C,D,C,6617,100,6617,1,0
C,E,C,7532,100,7532,1,0
C,F,C,7118,100,7118,1,0
C,G,C,1331,100,1331,1,0
C,H,C,7063,100,7063,1,0
A,D,D,9193,100,9193,1,0
B,D,D,12527,100,12527,1,0
C,D,D,6574,100,6574,1,0
D,E,D,9430,100,9430,1,0
D,F,D,12860,100,12860,1,0
D,G,D,6777,100,6777,1,0
D,H,D,1426,100,1426,1,0
A,E,E,1418,100,1418,1,0
B,E,E,7039,100,7039,1,0
C,E,E,7543,100,7543,1,0
D,E,E,9294,100,9294,1,0
E,F,E,7019,100,7019,1,0
E,G,E,7290,100,7290,1,0
E,H,E,9672,100,9672,1,0
A,F,F,7353,100,7353,1,0
B,F,F,1413,100,1413,1,0
C,F,F,7110,100,7110,1,0
D,F,F,12856,100,12856,1,0
E,F,F,6987,100,6987,1,0
F,G,F,6870,100,6870,1,0
F,H,F,13272,100,13272,1,0
A,G,G,7624,100,7624,1,0
B,G,G,6767,100,6767,1,0
C,G,G,1413,100,1413,1,0
D,G,G,6808,100,6808,1,0
E,G,G,7299,100,7299,1,0
F,G,G,6890,100,6890,1,0
G,H,G,7013,100,7013,1,0
A,H,H,9685,100,9685,1,0
B,H,H,13089,100,13089,1,0
C,H,H,7096,100,7096,1,0
D,H,H,1400,100,1400,1,0
E,H,H,9652,100,9652,1,0
F,H,H,13225,100,13225,1,0
G,H,H,7057,100,7057,1,0
A,B,A,7129,100,7129,1,0
A,C,A,7532,100,7532,1,0
A,D,A,9172,100,9172,1,0
A,E,A,1353,100,1353,1,0
A,F,A,7388,100,7388,1,0
A,G,A,7548,100,7548,1,0
A,H,A,9708,100,9708,1,0
A,B,B,7186,100,7186,1,0
B,C,B,6682,100,6682,1,0
B,D,B,12563,100,12563,1,0
B,E,B,7002,100,7002,1,0
B,F,B,1418,100,1418,1,0
B,G,B,6771,100,6771,1,0
B,H,B,13038,100,13038,1,0
A,C,C,7576,100,7576,1,0
B,C,C,6716,100,6716,1,0
C,D,C,6617,100,6617,1,0
C,E,C,7565,100,7565,1,0
C,F,C,7099,100,7099,1,0
C,G,C,1372,100,1372,1,0
C,H,C,7143,100,7143,1,0
A,D,D,9221,100,9221,1,0
B,D,D,12507,100,12507,1,0
C,D,D,6596,100,6596,1,0
D,E,D,9368,100,9368,1,0
D,F,D,12905,100,12905,1,0
D,G,D,6795,100,6795,1,0
D,H,D,1358,100,1358,1,0
A,E,E,1355,100,1355,1,0
B,E,E,7002,100,7002,1,0
C,E,E,7559,100,7559,1,0
D,E,E,9354,100,9354,1,0
E,F,E,7048,100,7048,1,0
E,G,E,7346,100,7346,1,0
E,H,E,9700,100,9700,1,0
A,F,F,7437,100,7437,1,0
B,F,F,1409,100,1409,1,0
C,F,F,7113,100,7113,1,0
D,F,F,12879,100,12879,1,0
E,F,F,6982,100,6982,1,0
F,G,F,6880,100,6880,1,0
F,H,F,13222,100,13222,1,0
A,G,G,7586,100,7586,1,0
B,G,G,6728,100,6728,1,0
C,G,G,1395,100,1395,1,0
D,G,G,6824,100,6824,1,0
E,G,G,7288,100,7288,1,0
F,G,G,6879,100,6879,1,0
G,H,G,7063,100,7063,1,0
A,H,H,9695,100,9695,1,0
B,H,H,13054,100,13054,1,0
C,H,H,7063,100,7063,1,0
D,H,H,1466,100,1466,1,0
E,H,H,9669,100,9669,1,0
F,H,H,13237,100,13237,1,0
G,H,H,7034,100,7034,1,0
A,B,A,7155,100,7155,1,0
A,C,A,7558,100,7558,1,0
A,D,A,9193,100,9193,1,0
A,E,A,1392,100,1392,1,0
A,F,A,7393,100,7393,1,0
A,G,A,7579,100,7579,1,0
A,H,A,9666,100,9666,1,0
A,B,B,7125,100,7125,1,0
B,C,B,6682,100,6682,1,0
B,D,B,12548,100,12548,1,0
B,E,B,7059,100,7059,1,0
B,F,B,1425,100,1425,1,0
B,G,B,6770,100,6770,1,0
B,H,B,13029,100,13029,1,0
A,C,C,7555,100,7555,1,0
B,C,C,6747,100,6747,1,0
C,D,C,6574,100,6574,1,0
C,E,C,7505,100,7505,1,0
C,F,C,7149,100,7149,1,0
C,G,C,1332,100,1332,1,0
C,H,C,7077,100,7077,1,0
A,D,D,9190,100,9190,1,0
B,D,D,12508,100,12508,1,0
C,D,D,6607,100,6607,1,0
D,E,D,9333,100,9333,1,0
D,F,D,12861,100,12861,1,0
D,G,D,6803,100,6803,1,0
D,H,D,1431,100,1431,1,0
A,E,E,1390,100,1390,1,0
B,E,E,7017,100,7017,1,0
C,E,E,7564,100,7564,1,0
D,E,E,9360,100,9360,1,0
E,F,E,7013,100,7013,1,0
E,G,E,7304,100,7304,1,0
E,H,E,9679,100,9679,1,0
A,F,F,7386,100,7386,1,0
B,F,F,1431,100,1431,1,0
C,F,F,7113,100,7113,1,0
D,F,F,12897,100,12897,1,0
E,F,F,7020,100,7020,1,0
F,G,F,6886,100,6886,1,0
F,H,F,13221,100,13221,1,0
A,G,G,7561,100,7561,1,0
B,G,G,6736,100,6736,1,0
C,G,G,1331,100,1331,1,0
D,G,G,6811,100,6811,1,0
E,G,G,7302,100,7302,1,0
F,G,G,6881,100,6881,1,0
G,H,G,7033,100,7033,1,0
A,H,H,9666,100,9666,1,0
B,H,H,13023,100,13023,1,0
C,H,H,7108,100,7108,1,0
D,H,H,1435,100,1435,1,0
E,H,H,9647,100,9647,1,0
F,H,H,13235,100,13235,1,0
G,H,H,7083,100,7083,1,0
A,B,A,7196,100,7196,1,0
A,C,A,7522,100,7522,1,0
A,D,A,9205,100,9205,1,0
A,E,A,1353,100,1353,1,0
A,F,A,7394,100,7394,1,0
A,G,A,7595,100,7595,1,0
A,H,A,9667,100,9667,1,0
A,B,B,7159,100,7159,1,0
B,C,B,6736,100,6736,1,0
B,D,B,12528,100,12528,1,0
B,E,B,7014,100,7014,1,0
B,F,B,1441,100,1441,1,0
B,G,B,6774,100,6774,1,0
B,H,B,13026,100,13026,1,0
A,C,C,7596,100,7596,1,0
B,C,C,6703,100,6703,1,0
C,D,C,6618,100,6618,1,0
C,E,C,7539,100,7539,1,0
C,F,C,7131,100,7131,1,0
C,G,C,1375,100,1375,1,0
C,H,C,7066,100,7066,1,0
A,D,D,9215,100,9215,1,0
B,D,D,12526,100,12526,1,0
C,D,D,6583,100,6583,1,0
D,E,D,9325,100,9325,1,0
D,F,D,12884,100,12884,1,0
D,G,D,6812,100,6812,1,0
D,H,D,1418,100,1418,1,0
A,E,E,1385,100,1385,1,0
B,E,E,7037,100,7037,1,0
C,E,E,7538,100,7538,1,0
D,E,E,9321,100,9321,1,0
E,F,E,6972,100,6972,1,0
E,G,E,7297,100,7297,1,0
E,H,E,9664,100,9664,1,0
A,F,F,7391,100,7391,1,0
B,F,F,1430,100,1430,1,0
C,F,F,7132,100,7132,1,0
D,F,F,12903,100,12903,1,0
E,F,F,7052,100,7052,1,0
F,G,F,6888,100,6888,1,0
F,H,F,13262,100,13262,1,0
A,G,G,7551,100,7551,1,0
B,G,G,6749,100,6749,1,0
C,G,G,1314,100,1314,1,0
D,G,G,6814,100,6814,1,0
E,G,G,7341,100,7341,1,0
F,G,G,6875,100,6875,1,0
G,H,G,7039,100,7039,1,0
A,H,H,9662,100,9662,1,0
B,H,H,13071,100,13071,1,0
C,H,H,7114,100,7114,1,0
D,H,H,1474,100,1474,1,0
E,H,H,9650,100,9650,1,0
F,H,H,13230,100,13230,1,0
G,H,H,7027,100,7027,1,0
A,B,A,7164,100,7164,1,0
A,C,A,7576,100,7576,1,0
A,D,A,9169,100,9169,1,0
A,E,A,1340,100,1340,1,0
A,F,A,7419,100,7419,1,0
A,G,A,7538,100,7538,1,0
A,H,A,9751,100,9751,1,0
A,B,B,7175,100,7175,1,0
B,C,B,6678,100,6678,1,0
B,D,B,12510,100,12510,1,0
B,E,B,7038,100,7038,1,0
B,F,B,1422,100,1422,1,0
B,G,B,6747,100,6747,1,0
B,H,B,13068,100,13068,1,0
A,C,C,7550,100,7550,1,0
B,C,C,6712,100,6712,1,0
C,D,C,6579,100,6579,1,0
C,E,C,7551,100,7551,1,0
C,F,C,7128,100,7128,1,0
C,G,C,1388,100,1388,1,0
C,H,C,7126,100,7126,1,0
A,D,D,9211,100,9211,1,0
B,D,D,12525,100,12525,1,0
C,D,D,6630,100,6630,1,0
D,E,D,9390,100,9390,1,0
D,F,D,12832,100,12832,1,0
D,G,D,6849,100,6849,1,0
D,H,D,1447,100,1447,1,0
A,E,E,1412,100,1412,1,0
B,E,E,7052,100,7052,1,0
C,E,E,7548,100,7548,1,0
D,E,E,9372,100,9372,1,0
E,F,E,6990,100,6990,1,0
E,G,E,7320,100,7320,1,0
E,H,E,9659,100,9659,1,0
A,F,F,7400,100,7400,1,0
B,F,F,1437,100,1437,1,0
C,F,F,7120,100,7120,1,0
D,F,F,12855,100,12855,1,0
E,F,F,6995,100,6995,1,0
F,G,F,6878,100,6878,1,0
F,H,F,13230,100,13230,1,0
A,G,G,7541,100,7541,1,0
B,G,G,6747,100,6747,1,0
C,G,G,1398,100,1398,1,0
D,G,G,6801,100,6801,1,0
E,G,G,7305,100,7305,1,0
F,G,G,6881,100,6881,1,0
G,H,G,7053,100,7053,1,0
A,H,H,9714,100,9714,1,0
B,H,H,13035,100,13035,1,0
C,H,H,7124,100,7124,1,0
D,H,H,1421,100,1421,1,0
E,H,H,9661,100,9661,1,0
F,H,H,13212,100,13212,1,0
G,H,H,7037,100,7037,1,0
A,B,A,7161,100,7161,1,0
A,C,A,7567,100,7567,1,0
A,D,A,9208,100,9208,1,0
A,E,A,1388,100,1388,1,0
A,F,A,7362,100,7362,1,0
A,G,A,7598,100,7598,1,0
A,H,A,9725,100,9725,1,0
A,B,B,7190,100,7190,1,0
B,C,B,6675,100,6675,1,0
B,D,B,12504,100,12504,1,0
B,E,B,6991,100,6991,1,0
B,F,B,1463,100,1463,1,0
B,G,B,6762,100,6762,1,0
B,H,B,13075,100,13075,1,0
A,C,C,7543,100,7543,1,0
B,C,C,6685,100,6685,1,0
C,D,C,6611,100,6611,1,0
C,E,C,7572,100,7572,1,0
C,F,C,7103,100,7103,1,0
C,G,C,1392,100,1392,1,0
C,H,C,7130,100,7130,1,0
A,D,D,9193,100,9193,1,0
B,D,D,12581,100,12581,1,0
C,D,D,6615,100,6615,1,0
D,E,D,9376,100,9376,1,0
D,F,D,12893,100,12893,1,0
D,G,D,6829,100,6829,1,0
D,H,D,1435,100,1435,1,0
A,E,E,1350,100,1350,1,0
B,E,E,7059,100,7059,1,0
C,E,E,7570,100,7570,1,0
D,E,E,9323,100,9323,1,0
E,F,E,6995,100,6995,1,0
E,G,E,7305,100,7305,1,0
E,H,E,9610,100,9610,1,0
A,F,F,7392,100,7392,1,0
B,F,F,1430,100,1430,1,0
C,F,F,7120,100,7120,1,0
D,F,F,12841,100,12841,1,0
E,F,F,6980,100,6980,1,0
F,G,F,6868,100,6868,1,0
F,H,F,13242,100,13242,1,0
A,G,G,7587,100,7587,1,0
B,G,G,6747,100,6747,1,0
C,G,G,1347,100,1347,1,0
D,G,G,6839,100,6839,1,0
E,G,G,7288,100,7288,1,0
F,G,G,6892,100,6892,1,0
G,H,G,7065,100,7065,1,0
A,H,H,9687,100,9687,1,0
B,H,H,13065,100,13065,1,0
C,H,H,7055,100,7055,1,0
D,H,H,1431,100,1431,1,0
E,H,H,9685,100,9685,1,0
F,H,H,13221,100,13221,1,0
G,H,H,7053,100,7053,1,0
A,B,A,7130,100,7130,1,0
A,C,A,7615,100,7615,1,0
A,D,A,9188,100,9188,1,0
A,E,A,1345,100,1345,1,0
A,F,A,7334,100,7334,1,0
A,G,A,7533,100,7533,1,0
A,H,A,9681,100,9681,1,0
A,B,B,7144,100,7144,1,0
B,C,B,6697,100,6697,1,0
B,D,B,12498,100,12498,1,0
B,E,B,7025,100,7025,1,0
B,F,B,1437,100,1437,1,0
B,G,B,6771,100,6771,1,0
B,H,B,13031,100,13031,1,0
A,C,C,7555,100,7555,1,0
B,C,C,6708,100,6708,1,0
C,D,C,6649,100,6649,1,0
C,E,C,7570,100,7570,1,0
C,F,C,7127,100,7127,1,0
C,G,C,1356,100,1356,1,0
C,H,C,7111,100,7111,1,0
A,D,D,9216,100,9216,1,0
B,D,D,12534,100,12534,1,0
C,D,D,6620,100,6620,1,0
D,E,D,9333,100,9333,1,0
D,F,D,12870,100,12870,1,0
D,G,D,6824,100,6824,1,0
D,H,D,1469,100,1469,1,0
A,E,E,1438,100,1438,1,0
B,E,E,7044,100,7044,1,0
C,E,E,7543,100,7543,1,0
D,E,E,9376,100,9376,1,0
E,F,E,6985,100,6985,1,0
E,G,E,7297,100,7297,1,0
E,H,E,9672,100,9672,1,0
A,F,F,7399,100,7399,1,0
B,F,F,1441,100,1441,1,0
C,F,F,7109,100,7109,1,0
D,F,F,12872,100,12872,1,0
E,F,F,6982,100,6982,1,0
F,G,F,6871,100,6871,1,0
F,H,F,13233,100,13233,1,0
A,G,G,7624,100,7624,1,0
B,G,G,6775,100,6775,1,0
C,G,G,1394,100,1394,1,0
D,G,G,6824,100,6824,1,0
E,G,G,7294,100,7294,1,0
F,G,G,6892,100,6892,1,0
G,H,G,7038,100,7038,1,0
A,H,H,9720,100,9720,1,0
B,H,H,13029,100,13029,1,0
C,H,H,7068,100,7068,1,0
D,H,H,1505,100,1505,1,0
E,H,H,9689,100,9689,1,0
F,H,H,13242,100,13242,1,0
G,H,H,7030,100,7030,1,0
A,B,A,7184,100,7184,1,0
A,C,A,7568,100,7568,1,0
A,D,A,9219,100,9219,1,0
A,E,A,1359,100,1359,1,0
A,F,A,7336,100,7336,1,0
A,G,A,7553,100,7553,1,0
A,H,A,9707,100,9707,1,0
A,B,B,7145,100,7145,1,0
B,C,B,6715,100,6715,1,0
B,D,B,12499,100,12499,1,0
B,E,B,7052,100,7052,1,0
B,F,B,1422,100,1422,1,0
B,G,B,6781,100,6781,1,0
B,H,B,13093,100,13093,1,0
A,C,C,7551,100,7551,1,0
B,C,C,6712,100,6712,1,0
C,D,C,6596,100,6596,1,0
C,E,C,7552,100,7552,1,0
C,F,C,7125,100,7125,1,0
C,G,C,1370,100,1370,1,0
C,H,C,7106,100,7106,1,0
A,D,D,9186,100,9186,1,0
B,D,D,12480,100,12480,1,0
C,D,D,6640,100,6640,1,0
D,E,D,9430,100,9430,1,0
D,F,D,12838,100,12838,1,0
D,G,D,6802,100,6802,1,0
D,H,D,1456,100,1456,1,0
A,E,E,1391,100,1391,1,0
B,E,E,7023,100,7023,1,0
C,E,E,7538,100,7538,1,0
D,E,E,9363,100,9363,1,0
E,F,E,7015,100,7015,1,0
E,G,E,7315,100,7315,1,0
E,H,E,9669,100,9669,1,0
A,F,F,7385,100,7385,1,0
B,F,F,1436,100,1436,1,0
C,F,F,7114,100,7114,1,0
D,F,F,12873,100,12873,1,0
E,F,F,7017,100,7017,1,0
F,G,F,6870,100,6870,1,0
F,H,F,13270,100,13270,1,0
A,G,G,7565,100,7565,1,0
B,G,G,6745,100,6745,1,0
C,G,G,1349,100,1349,1,0
D,G,G,6797,100,6797,1,0
E,G,G,7335,100,7335,1,0
F,G,G,6841,100,6841,1,0
G,H,G,7073,100,7073,1,0
A,H,H,9720,100,9720,1,0
B,H,H,13032,100,13032,1,0
C,H,H,7126,100,7126,1,0
D,H,H,1431,100,1431,1,0
E,H,H,9635,100,9635,1,0
F,H,H,13197,100,13197,1,0
G,H,H,7076,100,7076,1,0
A,B,A,7167,100,7167,1,0
A,C,A,7587,100,7587,1,0
A,D,A,9230,100,9230,1,0
A,E,A,1331,100,1331,1,0
A,F,A,7406,100,7406,1,0
A,G,A,7626,100,7626,1,0
A,H,A,9710,100,9710,1,0
A,B,B,7167,100,7167,1,0
B,C,B,6694,100,6694,1,0
B,D,B,12540,100,12540,1,0
B,E,B,7019,100,7019,1,0
B,F,B,1441,100,1441,1,0
B,G,B,6741,100,6741,1,0
B,H,B,13098,100,13098,1,0
A,C,C,7607,100,7607,1,0
B,C,C,6738,100,6738,1,0
C,D,C,6585,100,6585,1,0
C,E,C,7562,100,7562,1,0
C,F,C,7125,100,7125,1,0
C,G,C,1377,100,1377,1,0
C,H,C,7085,100,7085,1,0
A,D,D,9196,100,9196,1,0
B,D,D,12512,100,12512,1,0
C,D,D,6586,100,6586,1,0
D,E,D,9299,100,9299,1,0
D,F,D,12890,100,12890,1,0
D,G,D,6837,100,6837,1,0
D,H,D,1445,100,1445,1,0
A,E,E,1338,100,1338,1,0
B,E,E,7052,100,7052,1,0
C,E,E,7549,100,7549,1,0
D,E,E,9303,100,9303,1,0
E,F,E,6982,100,6982,1,0
E,G,E,7311,100,7311,1,0
E,H,E,9649,100,9649,1,0
A,F,F,7397,100,7397,1,0
B,F,F,1413,100,1413,1,0
C,F,F,7109,100,7109,1,0
D,F,F,12916,100,12916,1,0
E,F,F,6995,100,6995,1,0
F,G,F,6899,100,6899,1,0
F,H,F,13267,100,13267,1,0
A,G,G,7511,100,7511,1,0
B,G,G,6726,100,6726,1,0
C,G,G,1318,100,1318,1,0
D,G,G,6811,100,6811,1,0
E,G,G,7302,100,7302,1,0
F,G,G,6875,100,6875,1,0
G,H,G,7062,100,7062,1,0
A,H,H,9720,100,9720,1,0
B,H,H,13102,100,13102,1,0
C,H,H,7144,100,7144,1,0
D,H,H,1382,100,1382,1,0
E,H,H,9664,100,9664,1,0
F,H,H,13232,100,13232,1,0
G,H,H,7024,100,7024,1,0
A,B,A,7170,100,7170,1,0
A,C,A,7575,100,7575,1,0
A,D,A,9194,100,9194,1,0
A,E,A,1358,100,1358,1,0
A,F,A,7352,100,7352,1,0
A,G,A,7558,100,7558,1,0
A,H,A,9703,100,9703,1,0
A,B,B,7154,100,7154,1,0
B,C,B,6764,100,6764,1,0
B,D,B,12539,100,12539,1,0
B,E,B,7031,100,7031,1,0
B,F,B,1421,100,1421,1,0
B,G,B,6788,100,6788,1,0
B,H,B,13101,100,13101,1,0
A,C,C,7590,100,7590,1,0
B,C,C,6722,100,6722,1,0
C,D,C,6565,100,6565,1,0
C,E,C,7565,100,7565,1,0
C,F,C,7103,100,7103,1,0
C,G,C,1327,100,1327,1,0
C,H,C,7092,100,7092,1,0
A,D,D,9207,100,9207,1,0
B,D,D,12542,100,12542,1,0
C,D,D,6637,100,6637,1,0
D,E,D,9320,100,9320,1,0
D,F,D,12865,100,12865,1,0
D,G,D,6821,100,6821,1,0
D,H,D,1460,100,1460,1,0
A,E,E,1399,100,1399,1,0
B,E,E,7022,100,7022,1,0
C,E,E,7547,100,7547,1,0
D,E,E,9371,100,9371,1,0
E,F,E,7027,100,7027,1,0
E,G,E,7325,100,7325,1,0
E,H,E,9636,100,9636,1,0
A,F,F,7360,100,7360,1,0
B,F,F,1411,100,1411,1,0
C,F,F,7125,100,7125,1,0
D,F,F,12853,100,12853,1,0
E,F,F,7029,100,7029,1,0
F,G,F,6884,100,6884,1,0
F,H,F,13251,100,13251,1,0
A,G,G,7555,100,7555,1,0
B,G,G,6772,100,6772,1,0
C,G,G,1395,100,1395,1,0
D,G,G,6852,100,6852,1,0
E,G,G,7317,100,7317,1,0
F,G,G,6894,100,6894,1,0
G,H,G,7042,100,7042,1,0
A,H,H,9682,100,9682,1,0
B,H,H,13014,100,13014,1,0
C,H,H,7066,100,7066,1,0
D,H,H,1433,100,1433,1,0
E,H,H,9685,100,9685,1,0
F,H,H,13244,100,13244,1,0
G,H,H,7043,100,7043,1,0
A,B,A,7180,100,7180,1,0
A,C,A,7564,100,7564,1,0
A,D,A,9201,100,9201,1,0
A,E,A,1417,100,1417,1,0
A,F,A,7346,100,7346,1,0
A,G,A,7615,100,7615,1,0
A,H,A,9716,100,9716,1,0
A,B,B,7139,100,7139,1,0
B,C,B,6714,100,6714,1,0
B,D,B,12562,100,12562,1,0
B,E,B,7064,100,7064,1,0
B,F,B,1456,100,1456,1,0
B,G,B,6766,100,6766,1,0
B,H,B,12981,100,12981,1,0
A,C,C,7505,100,7505,1,0
B,C,C,6733,100,6733,1,0
C,D,C,6616,100,6616,1,0
C,E,C,7526,100,7526,1,0
C,F,C,7088,100,7088,1,0
C,G,C,1382,100,1382,1,0
C,H,C,7131,100,7131,1,0
A,D,D,9181,100,9181,1,0
B,D,D,12575,100,12575,1,0
C,D,D,6583,100,6583,1,0
D,E,D,9380,100,9380,1,0
D,F,D,12859,100,12859,1,0
D,G,D,6812,100,6812,1,0
D,H,D,1443,100,1443,1,0
A,E,E,1383,100,1383,1,0
B,E,E,7038,100,7038,1,0
C,E,E,7550,100,7550,1,0
D,E,E,9384,100,9384,1,0
E,F,E,7043,100,7043,1,0
E,G,E,7320,100,7320,1,0
E,H,E,9659,100,9659,1,0
A,F,F,7407,100,7407,1,0
B,F,F,1437,100,1437,1,0
C,F,F,7122,100,7122,1,0
D,F,F,12895,100,12895,1,0
E,F,F,7033,100,7033,1,0
F,G,F,6897,100,6897,1,0
F,H,F,13223,100,13223,1,0
A,G,G,7615,100,7615,1,0
B,G,G,6789,100,6789,1,0
C,G,G,1347,100,1347,1,0
D,G,G,6782,100,6782,1,0
E,G,G,7295,100,7295,1,0
F,G,G,6865,100,6865,1,0
G,H,G,7011,100,7011,1,0
A,H,H,9667,100,9667,1,0
B,H,H,13044,100,13044,1,0
C,H,H,7091,100,7091,1,0
D,H,H,1475,100,1475,1,0
E,H,H,9689,100,9689,1,0
F,H,H,13222,100,13222,1,0
G,H,H,7036,100,7036,1,0
A,B,A,7133,100,7133,1,0
A,C,A,7610,100,7610,1,0
A,D,A,9203,100,9203,1,0
A,E,A,1390,100,1390,1,0
A,F,A,7374,100,7374,1,0
A,G,A,7622,100,7622,1,0
A,H,A,9718,100,9718,1,0
A,B,B,7153,100,7153,1,0
B,C,B,6716,100,6716,1,0
B,D,B,12532,100,12532,1,0
B,E,B,7027,100,7027,1,0
B,F,B,1428,100,1428,1,0
B,G,B,6776,100,6776,1,0
B,H,B,13039,100,13039,1,0
A,C,C,7570,100,7570,1,0
B,C,C,6763,100,6763,1,0
C,D,C,6596,100,6596,1,0
C,E,C,7576,100,7576,1,0
C,F,C,7118,100,7118,1,0
C,G,C,1379,100,1379,1,0
C,H,C,7133,100,7133,1,0
A,D,D,9199,100,9199,1,0
B,D,D,12534,100,12534,1,0
C,D,D,6641,100,6641,1,0
D,E,D,9354,100,9354,1,0
D,F,D,12895,100,12895,1,0
D,G,D,6822,100,6822,1,0
D,H,D,1453,100,1453,1,0
A,E,E,1319,100,1319,1,0
B,E,E,7045,100,7045,1,0
C,E,E,7497,100,7497,1,0
D,E,E,9396,100,9396,1,0
E,F,E,7007,100,7007,1,0
E,G,E,7300,100,7300,1,0
E,H,E,9649,100,9649,1,0
A,F,F,7358,100,7358,1,0
B,F,F,1440,100,1440,1,0
C,F,F,7152,100,7152,1,0
D,F,F,12869,100,12869,1,0
E,F,F,7007,100,7007,1,0
F,G,F,6866,100,6866,1,0
F,H,F,13217,100,13217,1,0
A,G,G,7599,100,7599,1,0
B,G,G,6753,100,6753,1,0
C,G,G,1377,100,1377,1,0
D,G,G,6824,100,6824,1,0
E,G,G,7307,100,7307,1,0
F,G,G,6883,100,6883,1,0
G,H,G,7040,100,7040,1,0
A,H,H,9668,100,9668,1,0
B,H,H,13037,100,13037,1,0
C,H,H,7084,100,7084,1,0
D,H,H,1433,100,1433,1,0
E,H,H,9624,100,9624,1,0
F,H,H,13239,100,13239,1,0
G,H,H,7039,100,7039,1,0
A,B,A,7165,100,7165,1,0
A,C,A,7553,100,7553,1,0
A,D,A,9208,100,9208,1,0
A,E,A,1386,100,1386,1,0
A,F,A,7378,100,7378,1,0
A,G,A,7567,100,7567,1,0
A,H,A,9700,100,9700,1,0
A,B,B,7188,100,7188,1,0
B,C,B,6729,100,6729,1,0
B,D,B,12516,100,12516,1,0
B,E,B,7053,100,7053,1,0
B,F,B,1472,100,1472,1,0
B,G,B,6734,100,6734,1,0
B,H,B,13035,100,13035,1,0
A,C,C,7619,100,7619,1,0
B,C,C,6703,100,6703,1,0
C,D,C,6587,100,6587,1,0
C,E,C,7578,100,7578,1,0
C,F,C,7123,100,7123,1,0
C,G,C,1327,100,1327,1,0
C,H,C,7098,100,7098,1,0
A,D,D,9161,100,9161,1,0
B,D,D,12537,100,12537,1,0
C,D,D,6593,100,6593,1,0
D,E,D,9360,100,9360,1,0
D,F,D,12877,100,12877,1,0
D,G,D,6782,100,6782,1,0
D,H,D,1461,100,1461,1,0
A,E,E,1362,100,1362,1,0
B,E,E,7044,100,7044,1,0
C,E,E,7572,100,7572,1,0
D,E,E,9344,100,9344,1,0
E,F,E,7029,100,7029,1,0
E,G,E,7279,100,7279,1,0
E,H,E,9621,100,9621,1,0
A,F,F,7375,100,7375,1,0
B,F,F,1436,100,1436,1,0
C,F,F,7110,100,7110,1,0
D,F,F,12833,100,12833,1,0
E,F,F,6994,100,6994,1,0
F,G,F,6898,100,6898,1,0
F,H,F,13272,100,13272,1,0
A,G,G,7587,100,7587,1,0
B,G,G,6757,100,6757,1,0
C,G,G,1342,100,1342,1,0
D,G,G,6809,100,6809,1,0
E,G,G,7311,100,7311,1,0
F,G,G,6894,100,6894,1,0
G,H,G,7036,100,7036,1,0
A,H,H,9696,100,9696,1,0
B,H,H,13025,100,13025,1,0
C,H,H,7105,100,7105,1,0
D,H,H,1445,100,1445,1,0
E,H,H,9659,100,9659,1,0
F,H,H,13218,100,13218,1,0
G,H,H,7060,100,7060,1,0
A,B,A,7179,100,7179,1,0
A,C,A,7596,100,7596,1,0
A,D,A,9196,100,9196,1,0
A,E,A,1366,100,1366,1,0
A,F,A,7414,100,7414,1,0
A,G,A,7579,100,7579,1,0
A,H,A,9695,100,9695,1,0
A,B,B,7130,100,7130,1,0
B,C,B,6703,100,6703,1,0
B,D,B,12568,100,12568,1,0
B,E,B,7054,100,7054,1,0
B,F,B,1433,100,1433,1,0
B,G,B,6720,100,6720,1,0
B,H,B,13044,100,13044,1,0
A,C,C,7566,100,7566,1,0
B,C,C,6697,100,6697,1,0
C,D,C,6639,100,6639,1,0
C,E,C,7561,100,7561,1,0
C,F,C,7132,100,7132,1,0
C,G,C,1307,100,1307,1,0
C,H,C,7062,100,7062,1,0
A,D,D,9218,100,9218,1,0
B,D,D,12523,100,12523,1,0
C,D,D,6640,100,6640,1,0
D,E,D,9406,100,9406,1,0
D,F,D,12846,100,12846,1,0
D,G,D,6820,100,6820,1,0
D,H,D,1434,100,1434,1,0
A,E,E,1393,100,1393,1,0
B,E,E,7055,100,7055,1,0
C,E,E,7546,100,7546,1,0
D,E,E,9394,100,9394,1,0
E,F,E,7026,100,7026,1,0
E,G,E,7293,100,7293,1,0
E,H,E,9660,100,9660,1,0
A,F,F,7368,100,7368,1,0
B,F,F,1414,100,1414,1,0
C,F,F,7120,100,7120,1,0
D,F,F,12882,100,12882,1,0
E,F,F,6993,100,6993,1,0
F,G,F,6881,100,6881,1,0
F,H,F,13223,100,13223,1,0
A,G,G,7588,100,7588,1,0
B,G,G,6749,100,6749,1,0
C,G,G,1388,100,1388,1,0
D,G,G,6865,100,6865,1,0
E,G,G,7290,100,7290,1,0
F,G,G,6904,100,6904,1,0
G,H,G,7040,100,7040,1,0
A,H,H,9726,100,9726,1,0
B,H,H,13068,100,13068,1,0
C,H,H,7125,100,7125,1,0
D,H,H,1471,100,1471,1,0
E,H,H,9640,100,9640,1,0
F,H,H,13250,100,13250,1,0
G,H,H,7080,100,7080,1,0
A,B,A,7170,100,7170,1,0
A,C,A,7610,100,7610,1,0
A,D,A,9213,100,9213,1,0
A,E,A,1369,100,1369,1,0
A,F,A,7382,100,7382,1,0
A,G,A,7584,100,7584,1,0
A,H,A,9738,100,9738,1,0
A,B,B,7152,100,7152,1,0
B,C,B,6713,100,6713,1,0
B,D,B,12570,100,12570,1,0
B,E,B,7020,100,7020,1,0
B,F,B,1428,100,1428,1,0
B,G,B,6766,100,6766,1,0
B,H,B,13050,100,13050,1,0
A,C,C,7588,100,7588,1,0
B,C,C,6727,100,6727,1,0
C,D,C,6617,100,6617,1,0
C,E,C,7551,100,7551,1,0
C,F,C,7131,100,7131,1,0
C,G,C,1331,100,1331,1,0
C,H,C,7101,100,7101,1,0
A,D,D,9226,100,9226,1,0
B,D,D,12521,100,12521,1,0
C,D,D,6576,100,6576,1,0
D,E,D,9374,100,9374,1,0
D,F,D,12914,100,12914,1,0
D,G,D,6827,100,6827,1,0
D,H,D,1463,100,1463,1,0
A,E,E,1336,100,1336,1,0
B,E,E,7072,100,7072,1,0
C,E,E,7570,100,7570,1,0
D,E,E,9335,100,9335,1,0
E,F,E,7009,100,7009,1,0
E,G,E,7311,100,7311,1,0
E,H,E,9678,100,9678,1,0
A,F,F,7387,100,7387,1,0
B,F,F,1435,100,1435,1,0
C,F,F,7143,100,7143,1,0
D,F,F,12897,100,12897,1,0
E,F,F,7013,100,7013,1,0
F,G,F,6907,100,6907,1,0
F,H,F,13191,100,13191,1,0
A,G,G,7554,100,7554,1,0
B,G,G,6797,100,6797,1,0
C,G,G,1376,100,1376,1,0
D,G,G,6810,100,6810,1,0
E,G,G,7328,100,7328,1,0
F,G,G,6914,100,6914,1,0
G,H,G,7085,100,7085,1,0
A,H,H,9721,100,9721,1,0
B,H,H,13071,100,13071,1,0
C,H,H,7083,100,7083,1,0
D,H,H,1440,100,1440,1,0
E,H,H,9686,100,9686,1,0
F,H,H,13222,100,13222,1,0
G,H,H,7061,100,7061,1,0
A,B,A,7158,100,7158,1,0
A,C,A,7563,100,7563,1,0
A,D,A,9222,100,9222,1,0
A,E,A,1358,100,1358,1,0
A,F,A,7367,100,7367,1,0
A,G,A,7572,100,7572,1,0
A,H,A,9649,100,9649,1,0
A,B,B,7145,100,7145,1,0
B,C,B,6690,100,6690,1,0
B,D,B,12526,100,12526,1,0
B,E,B,7064,100,7064,1,0
B,F,B,1415,100,1415,1,0
B,G,B,6758,100,6758,1,0
B,H,B,13028,100,13028,1,0
A,C,C,7605,100,7605,1,0
B,C,C,6690,100,6690,1,0
C,D,C,6639,100,6639,1,0
C,E,C,7574,100,7574,1,0
C,F,C,7109,100,7109,1,0
C,G,C,1388,100,1388,1,0
C,H,C,7089,100,7089,1,0
A,D,D,9203,100,9203,1,0
B,D,D,12520,100,12520,1,0
C,D,D,6639,100,6639,1,0
D,E,D,9322,100,9322,1,0
D,F,D,12857,100,12857,1,0
D,G,D,6800,100,6800,1,0
D,H,D,1510,100,1510,1,0
A,E,E,1401,100,1401,1,0
B,E,E,7060,100,7060,1,0
C,E,E,7537,100,7537,1,0
D,E,E,9354,100,9354,1,0
E,F,E,7008,100,7008,1,0
E,G,E,7304,100,7304,1,0
E,H,E,9673,100,9673,1,0
A,F,F,7360,100,7360,1,0
B,F,F,1423,100,1423,1,0
C,F,F,7135,100,7135,1,0
D,F,F,12855,100,12855,1,0
E,F,F,7030,100,7030,1,0
F,G,F,6875,100,6875,1,0
F,H,F,13253,100,13253,1,0
A,G,G,7607,100,7607,1,0
B,G,G,6729,100,6729,1,0
C,G,G,1335,100,1335,1,0
D,G,G,6824,100,6824,1,0
E,G,G,7328,100,7328,1,0
F,G,G,6859,100,6859,1,0
G,H,G,7054,100,7054,1,0
A,H,H,9700,100,9700,1,0
B,H,H,13009,100,13009,1,0
C,H,H,7127,100,7127,1,0
D,H,H,1467,100,1467,1,0
E,H,H,9660,100,9660,1,0
F,H,H,13201,100,13201,1,0
G,H,H,7085,100,7085,1,0
A,B,A,7184,100,7184,1,0
A,C,A,7622,100,7622,1,0
A,D,A,9198,100,9198,1,0
A,E,A,1357,100,1357,1,0
A,F,A,7403,100,7403,1,0
A,G,A,7573,100,7573,1,0
A,H,A,9680,100,9680,1,0
A,B,B,7095,100,7095,1,0
B,C,B,6757,100,6757,1,0
B,D,B,12527,100,12527,1,0
B,E,B,7057,100,7057,1,0
B,F,B,1433,100,1433,1,0
B,G,B,6772,100,6772,1,0
B,H,B,13013,100,13013,1,0
A,C,C,7644,100,7644,1,0
B,C,C,6705,100,6705,1,0
C,D,C,6610,100,6610,1,0
C,E,C,7537,100,7537,1,0
C,F,C,7103,100,7103,1,0
C,G,C,1388,100,1388,1,0
C,H,C,7115,100,7115,1,0
A,D,D,9185,100,9185,1,0
B,D,D,12537,100,12537,1,0
C,D,D,6599,100,6599,1,0
D,E,D,9351,100,9351,1,0
D,F,D,12895,100,12895,1,0
D,G,D,6844,100,6844,1,0
D,H,D,1462,100,1462,1,0
A,E,E,1425,100,1425,1,0
B,E,E,7017,100,7017,1,0
C,E,E,7534,100,7534,1,0
D,E,E,9377,100,9377,1,0
E,F,E,7010,100,7010,1,0
E,G,E,7335,100,7335,1,0
E,H,E,9645,100,9645,1,0
A,F,F,7353,100,7353,1,0
B,F,F,1423,100,1423,1,0
C,F,F,7125,100,7125,1,0
D,F,F,12848,100,12848,1,0
E,F,F,6986,100,6986,1,0
F,G,F,6878,100,6878,1,0
F,H,F,13223,100,13223,1,0
A,G,G,7588,100,7588,1,0
B,G,G,6762,100,6762,1,0
C,G,G,1324,100,1324,1,0
D,G,G,6788,100,6788,1,0
E,G,G,7350,100,7350,1,0
F,G,G,6873,100,6873,1,0
G,H,G,7043,100,7043,1,0
A,H,H,9704,100,9704,1,0
B,H,H,12998,100,12998,1,0
C,H,H,7125,100,7125,1,0
D,H,H,1500,100,1500,1,0
E,H,H,9662,100,9662,1,0
F,H,H,13299,100,13299,1,0
G,H,H,7065,100,7065,1,0
A,B,A,7161,100,7161,1,0
A,C,A,7558,100,7558,1,0
A,D,A,9204,100,9204,1,0
A,E,A,1361,100,1361,1,0
A,F,A,7383,100,7383,1,0
A,G,A,7558,100,7558,1,0
A,H,A,9704,100,9704,1,0
A,B,B,7138,100,7138,1,0
B,C,B,6729,100,6729,1,0
B,D,B,12586,100,12586,1,0
B,E,B,7099,100,7099,1,0
B,F,B,1404,100,1404,1,0
B,G,B,6749,100,6749,1,0
B,H,B,12997,100,12997,1,0
A,C,C,7552,100,7552,1,0
B,C,C,6726,100,6726,1,0
C,D,C,6615,100,6615,1,0
C,E,C,7546,100,7546,1,0
C,F,C,7105,100,7105,1,0
C,G,C,1361,100,1361,1,0
C,H,C,7124,100,7124,1,0
A,D,D,9229,100,9229,1,0
B,D,D,12551,100,12551,1,0
C,D,D,6597,100,6597,1,0
D,E,D,9299,100,9299,1,0
D,F,D,12912,100,12912,1,0
D,G,D,6851,100,6851,1,0
D,H,D,1416,100,1416,1,0
A,E,E,1393,100,1393,1,0
B,E,E,7011,100,7011,1,0
C,E,E,7536,100,7536,1,0
D,E,E,9378,100,9378,1,0
E,F,E,7008,100,7008,1,0
E,G,E,7324,100,7324,1,0
E,H,E,9609,100,9609,1,0
A,F,F,7364,100,7364,1,0
B,F,F,1440,100,1440,1,0
C,F,F,7108,100,7108,1,0
D,F,F,12865,100,12865,1,0
E,F,F,6975,100,6975,1,0
F,G,F,6881,100,6881,1,0
F,H,F,13238,100,13238,1,0
A,G,G,7549,100,7549,1,0
B,G,G,6792,100,6792,1,0
C,G,G,1393,100,1393,1,0
D,G,G,6822,100,6822,1,0
E,G,G,7321,100,7321,1,0
F,G,G,6860,100,6860,1,0
G,H,G,7073,100,7073,1,0
A,H,H,9676,100,9676,1,0
B,H,H,13069,100,13069,1,0
C,H,H,7115,100,7115,1,0
D,H,H,1411,100,1411,1,0
E,H,H,9671,100,9671,1,0
F,H,H,13235,100,13235,1,0
G,H,H,7064,100,7064,1,0
A,B,A,7143,100,7143,1,0
A,C,A,7553,100,7553,1,0
A,D,A,9198,100,9198,1,0
A,E,A,1359,100,1359,1,0
A,F,A,7333,100,7333,1,0
A,G,A,7543,100,7543,1,0
A,H,A,9696,100,9696,1,0
A,B,B,7153,100,7153,1,0
B,C,B,6729,100,6729,1,0
B,D,B,12571,100,12571,1,0
B,E,B,7015,100,7015,1,0
B,F,B,1434,100,1434,1,0
B,G,B,6742,100,6742,1,0
B,H,B,13012,100,13012,1,0
A,C,C,7551,100,7551,1,0
B,C,C,6701,100,6701,1,0
C,D,C,6602,100,6602,1,0
C,E,C,7551,100,7551,1,0
C,F,C,7118,100,7118,1,0
C,G,C,1386,100,1386,1,0
C,H,C,7143,100,7143,1,0
A,D,D,9164,100,9164,1,0
B,D,D,12558,100,12558,1,0
C,D,D,6590,100,6590,1,0
D,E,D,9337,100,9337,1,0
D,F,D,12841,100,12841,1,0
D,G,D,6790,100,6790,1,0
D,H,D,1435,100,1435,1,0
A,E,E,1385,100,1385,1,0
B,E,E,7055,100,7055,1,0
C,E,E,7553,100,7553,1,0
D,E,E,9385,100,9385,1,0
E,F,E,7005,100,7005,1,0
E,G,E,7290,100,7290,1,0
E,H,E,9653,100,9653,1,0
A,F,F,7415,100,7415,1,0
B,F,F,1432,100,1432,1,0
C,F,F,7130,100,7130,1,0
D,F,F,12848,100,12848,1,0
E,F,F,7016,100,7016,1,0
F,G,F,6885,100,6885,1,0
F,H,F,13227,100,13227,1,0
A,G,G,7595,100,7595,1,0
B,G,G,6731,100,6731,1,0
C,G,G,1346,100,1346,1,0
D,G,G,6796,100,6796,1,0
E,G,G,7297,100,7297,1,0
F,G,G,6856,100,6856,1,0
G,H,G,7028,100,7028,1,0
A,H,H,9707,100,9707,1,0
B,H,H,13050,100,13050,1,0
C,H,H,7137,100,7137,1,0
D,H,H,1504,100,1504,1,0
E,H,H,9681,100,9681,1,0
F,H,H,13230,100,13230,1,0
G,H,H,7027,100,7027,1,0
A,B,A,7189,100,7189,1,0
A,C,A,7553,100,7553,1,0
A,D,A,9193,100,9193,1,0
A,E,A,1336,100,1336,1,0
A,F,A,7353,100,7353,1,0
A,G,A,7568,100,7568,1,0
A,H,A,9711,100,9711,1,0
A,B,B,7125,100,7125,1,0
B,C,B,6719,100,6719,1,0
B,D,B,12477,100,12477,1,0
B,E,B,7063,100,7063,1,0
B,F,B,1433,100,1433,1,0
B,G,B,6771,100,6771,1,0
B,H,B,13033,100,13033,1,0
A,C,C,7596,100,7596,1,0
B,C,C,6727,100,6727,1,0
C,D,C,6594,100,6594,1,0
C,E,C,7543,100,7543,1,0
C,F,C,7164,100,7164,1,0
C,G,C,1339,100,1339,1,0
C,H,C,7123,100,7123,1,0
A,D,D,9209,100,9209,1,0
B,D,D,12520,100,12520,1,0
C,D,D,6621,100,6621,1,0
D,E,D,9350,100,9350,1,0
D,F,D,12891,100,12891,1,0
D,G,D,6821,100,6821,1,0
D,H,D,1399,100,1399,1,0
A,E,E,1382,100,1382,1,0
B,E,E,7068,100,7068,1,0
C,E,E,7566,100,7566,1,0
D,E,E,9311,100,9311,1,0
E,F,E,7036,100,7036,1,0
E,G,E,7295,100,7295,1,0
E,H,E,9640,100,9640,1,0
A,F,F,7376,100,7376,1,0
B,F,F,1413,100,1413,1,0
C,F,F,7133,100,7133,1,0
D,F,F,12869,100,12869,1,0
E,F,F,6995,100,6995,1,0
F,G,F,6873,100,6873,1,0
F,H,F,13198,100,13198,1,0
A,G,G,7560,100,7560,1,0
B,G,G,6753,100,6753,1,0
C,G,G,1347,100,1347,1,0
D,G,G,6839,100,6839,1,0
E,G,G,7316,100,7316,1,0
F,G,G,6877,100,6877,1,0
G,H,G,7051,100,7051,1,0
A,H,H,9696,100,9696,1,0
B,H,H,13049,100,13049,1,0
C,H,H,7139,100,7139,1,0
D,H,H,1416,100,1416,1,0
E,H,H,9622,100,9622,1,0
F,H,H,13205,100,13205,1,0
G,H,H,7043,100,7043,1,0
A,B,A,7116,100,7116,1,0
A,C,A,7620,100,7620,1,0
A,D,A,9232,100,9232,1,0
A,E,A,1387,100,1387,1,0
A,F,A,7378,100,7378,1,0
A,G,A,7547,100,7547,1,0
A,H,A,9709,100,9709,1,0
A,B,B,7158,100,7158,1,0
B,C,B,6710,100,6710,1,0
B,D,B,12510,100,12510,1,0
B,E,B,7063,100,7063,1,0
B,F,B,1426,100,1426,1,0
B,G,B,6751,100,6751,1,0
B,H,B,13075,100,13075,1,0
A,C,C,7523,100,7523,1,0
B,C,C,6717,100,6717,1,0
C,D,C,6563,100,6563,1,0
C,E,C,7550,100,7550,1,0
C,F,C,7120,100,7120,1,0
C,G,C,1336,100,1336,1,0
C,H,C,7134,100,7134,1,0
A,D,D,9220,100,9220,1,0
B,D,D,12509,100,12509,1,0
C,D,D,6638,100,6638,1,0
D,E,D,9305,100,9305,1,0
D,F,D,12866,100,12866,1,0
D,G,D,6815,100,6815,1,0
D,H,D,1450,100,1450,1,0
A,E,E,1417,100,1417,1,0
B,E,E,7031,100,7031,1,0
C,E,E,7509,100,7509,1,0
D,E,E,9350,100,9350,1,0
E,F,E,6979,100,6979,1,0
E,G,E,7291,100,7291,1,0
E,H,E,9678,100,9678,1,0
A,F,F,7414,100,7414,1,0
B,F,F,1439,100,1439,1,0
C,F,F,7126,100,7126,1,0
D,F,F,12838,100,12838,1,0
E,F,F,7010,100,7010,1,0
F,G,F,6886,100,6886,1,0
F,H,F,13297,100,13297,1,0
A,G,G,7579,100,7579,1,0
B,G,G,6775,100,6775,1,0
C,G,G,1320,100,1320,1,0
D,G,G,6813,100,6813,1,0
E,G,G,7316,100,7316,1,0
F,G,G,6837,100,6837,1,0
G,H,G,7024,100,7024,1,0
A,H,H,9738,100,9738,1,0
B,H,H,13049,100,13049,1,0
C,H,H,7131,100,7131,1,0
D,H,H,1418,100,1418,1,0
E,H,H,9656,100,9656,1,0
F,H,H,13189,100,13189,1,0
G,H,H,7088,100,7088,1,0
A,B,A,7141,100,7141,1,0
A,C,A,7533,100,7533,1,0
A,D,A,9193,100,9193,1,0
A,E,A,1374,100,1374,1,0
A,F,A,7389,100,7389,1,0
A,G,A,7554,100,7554,1,0
A,H,A,9683,100,9683,1,0
A,B,B,7130,100,7130,1,0
B,C,B,6704,100,6704,1,0
B,D,B,12523,100,12523,1,0
B,E,B,7024,100,7024,1,0
B,F,B,1451,100,1451,1,0
B,G,B,6758,100,6758,1,0
B,H,B,13026,100,13026,1,0
A,C,C,7559,100,7559,1,0
B,C,C,6743,100,6743,1,0
C,D,C,6610,100,6610,1,0
C,E,C,7552,100,7552,1,0
C,F,C,7103,100,7103,1,0
C,G,C,1336,100,1336,1,0
C,H,C,7103,100,7103,1,0
A,D,D,9206,100,9206,1,0
B,D,D,12540,100,12540,1,0
C,D,D,6607,100,6607,1,0
D,E,D,9292,100,9292,1,0
D,F,D,12863,100,12863,1,0
D,G,D,6819,100,6819,1,0
D,H,D,1476,100,1476,1,0
A,E,E,1380,100,1380,1,0
B,E,E,7042,100,7042,1,0
C,E,E,7540,100,7540,1,0
D,E,E,9371,100,9371,1,0
E,F,E,6986,100,6986,1,0
E,G,E,7299,100,7299,1,0
E,H,E,9671,100,9671,1,0
A,F,F,7411,100,7411,1,0
B,F,F,1462,100,1462,1,0
C,F,F,7111,100,7111,1,0
D,F,F,12891,100,12891,1,0
E,F,F,6984,100,6984,1,0
F,G,F,6876,100,6876,1,0
F,H,F,13268,100,13268,1,0
A,G,G,7596,100,7596,1,0
B,G,G,6814,100,6814,1,0
C,G,G,1365,100,1365,1,0
D,G,G,6828,100,6828,1,0
E,G,G,7313,100,7313,1,0
F,G,G,6889,100,6889,1,0
G,H,G,7021,100,7021,1,0
A,H,H,9677,100,9677,1,0
B,H,H,13055,100,13055,1,0
C,H,H,7100,100,7100,1,0
D,H,H,1400,100,1400,1,0
E,H,H,9654,100,9654,1,0
F,H,H,13221,100,13221,1,0
G,H,H,7067,100,7067,1,0
A,B,A,7155,100,7155,1,0
A,C,A,7614,100,7614,1,0
A,D,A,9205,100,9205,1,0
A,E,A,1341,100,1341,1,0
A,F,A,7367,100,7367,1,0
A,G,A,7597,100,7597,1,0
A,H,A,9691,100,9691,1,0
A,B,B,7166,100,7166,1,0
B,C,B,6679,100,6679,1,0
B,D,B,12534,100,12534,1,0
B,E,B,7051,100,7051,1,0
B,F,B,1404,100,1404,1,0
B,G,B,6755,100,6755,1,0
B,H,B,13095,100,13095,1,0
A,C,C,7603,100,7603,1,0
B,C,C,6722,100,6722,1,0
C,D,C,6611,100,6611,1,0
C,E,C,7527,100,7527,1,0
C,F,C,7146,100,7146,1,0
C,G,C,1344,100,1344,1,0
C,H,C,7115,100,7115,1,0
A,D,D,9171,100,9171,1,0
B,D,D,12486,100,12486,1,0
C,D,D,6577,100,6577,1,0
D,E,D,9403,100,9403,1,0
D,F,D,12848,100,12848,1,0
D,G,D,6806,100,6806,1,0
D,H,D,1462,100,1462,1,0
A,E,E,1319,100,1319,1,0
B,E,E,7021,100,7021,1,0
C,E,E,7525,100,7525,1,0
D,E,E,9356,100,9356,1,0
E,F,E,7001,100,7001,1,0
E,G,E,7366,100,7366,1,0
E,H,E,9665,100,9665,1,0
A,F,F,7398,100,7398,1,0
B,F,F,1450,100,1450,1,0
C,F,F,7101,100,7101,1,0
D,F,F,12859,100,12859,1,0
E,F,F,6976,100,6976,1,0
F,G,F,6879,100,6879,1,0
F,H,F,13215,100,13215,1,0
A,G,G,7631,100,7631,1,0
B,G,G,6763,100,6763,1,0
C,G,G,1349,100,1349,1,0
D,G,G,6828,100,6828,1,0
E,G,G,7342,100,7342,1,0
F,G,G,6884,100,6884,1,0
G,H,G,7068,100,7068,1,0
A,H,H,9740,100,9740,1,0
B,H,H,13082,100,13082,1,0
C,H,H,7093,100,7093,1,0
D,H,H,1470,100,1470,1,0
E,H,H,9658,100,9658,1,0
F,H,H,13275,100,13275,1,0
G,H,H,7083,100,7083,1,0
A,B,A,7138,100,7138,1,0
A,C,A,7551,100,7551,1,0
A,D,A,9198,100,9198,1,0
A,E,A,1429,100,1429,1,0
A,F,A,7384,100,7384,1,0
A,G,A,7536,100,7536,1,0
A,H,A,9690,100,9690,1,0
A,B,B,7178,100,7178,1,0
B,C,B,6741,100,6741,1,0
B,D,B,12553,100,12553,1,0
B,E,B,7050,100,7050,1,0
B,F,B,1436,100,1436,1,0
B,G,B,6751,100,6751,1,0
B,H,B,13053,100,13053,1,0
A,C,C,7558,100,7558,1,0
B,C,C,6708,100,6708,1,0
C,D,C,6616,100,6616,1,0
C,E,C,7578,100,7578,1,0
C,F,C,7117,100,7117,1,0
C,G,C,1384,100,1384,1,0
C,H,C,7101,100,7101,1,0
A,D,D,9169,100,9169,1,0
B,D,D,12555,100,12555,1,0
C,D,D,6597,100,6597,1,0
D,E,D,9369,100,9369,1,0
D,F,D,12895,100,12895,1,0
D,G,D,6828,100,6828,1,0
D,H,D,1522,100,1522,1,0
A,E,E,1367,100,1367,1,0
B,E,E,7063,100,7063,1,0
C,E,E,7575,100,7575,1,0
D,E,E,9306,100,9306,1,0
E,F,E,6989,100,6989,1,0
E,G,E,7287,100,7287,1,0
E,H,E,9669,100,9669,1,0
A,F,F,7369,100,7369,1,0
B,F,F,1413,100,1413,1,0
C,F,F,7138,100,7138,1,0
D,F,F,12875,100,12875,1,0
E,F,F,7021,100,7021,1,0
F,G,F,6857,100,6857,1,0
F,H,F,13223,100,13223,1,0
A,G,G,7604,100,7604,1,0
B,G,G,6733,100,6733,1,0
C,G,G,1349,100,1349,1,0
D,G,G,6844,100,6844,1,0
E,G,G,7294,100,7294,1,0
F,G,G,6868,100,6868,1,0
G,H,G,7013,100,7013,1,0
A,H,H,9704,100,9704,1,0
B,H,H,12994,100,12994,1,0
C,H,H,7148,100,7148,1,0
D,H,H,1413,100,1413,1,0
E,H,H,9636,100,9636,1,0
F,H,H,13250,100,13250,1,0
G,H,H,7060,100,7060,1,0
A,B,A,7151,100,7151,1,0
A,C,A,7596,100,7596,1,0
A,D,A,9209,100,9209,1,0
A,E,A,1353,100,1353,1,0
A,F,A,7377,100,7377,1,0
A,G,A,7546,100,7546,1,0
A,H,A,9643,100,9643,1,0
A,B,B,7145,100,7145,1,0
B,C,B,6738,100,6738,1,0
B,D,B,12510,100,12510,1,0
B,E,B,7046,100,7046,1,0
B,F,B,1437,100,1437,1,0
B,G,B,6745,100,6745,1,0
B,H,B,13053,100,13053,1,0
A,C,C,7615,100,7615,1,0
B,C,C,6715,100,6715,1,0
C,D,C,6589,100,6589,1,0
C,E,C,7524,100,7524,1,0
C,F,C,7118,100,7118,1,0
C,G,C,1386,100,1386,1,0
C,H,C,7124,100,7124,1,0
A,D,D,9196,100,9196,1,0
B,D,D,12536,100,12536,1,0
C,D,D,6577,100,6577,1,0
D,E,D,9366,100,9366,1,0
D,F,D,12869,100,12869,1,0
D,G,D,6833,100,6833,1,0
D,H,D,1410,100,1410,1,0
A,E,E,1374,100,1374,1,0
B,E,E,7070,100,7070,1,0
C,E,E,7534,100,7534,1,0
D,E,E,9386,100,9386,1,0
E,F,E,7001,100,7001,1,0
E,G,E,7292,100,7292,1,0
E,H,E,9634,100,9634,1,0
A,F,F,7391,100,7391,1,0
B,F,F,1408,100,1408,1,0
C,F,F,7108,100,7108,1,0
D,F,F,12896,100,12896,1,0
E,F,F,7043,100,7043,1,0
F,G,F,6860,100,6860,1,0
F,H,F,13250,100,13250,1,0
A,G,G,7611,100,7611,1,0
B,G,G,6778,100,6778,1,0
C,G,G,1364,100,1364,1,0
D,G,G,6778,100,6778,1,0
E,G,G,7316,100,7316,1,0
F,G,G,6899,100,6899,1,0
G,H,G,7077,100,7077,1,0
A,H,H,9706,100,9706,1,0
B,H,H,13049,100,13049,1,0
C,H,H,7097,100,7097,1,0
D,H,H,1413,100,1413,1,0
E,H,H,9643,100,9643,1,0
F,H,H,13226,100,13226,1,0
G,H,H,7022,100,7022,1,0
A,B,A,7138,100,7138,1,0
A,C,A,7610,100,7610,1,0
A,D,A,9201,100,9201,1,0
A,E,A,1398,100,1398,1,0
A,F,A,7394,100,7394,1,0
A,G,A,7576,100,7576,1,0
A,H,A,9718,100,9718,1,0
A,B,B,7170,100,7170,1,0
B,C,B,6739,100,6739,1,0
B,D,B,12513,100,12513,1,0
B,E,B,7066,100,7066,1,0
B,F,B,1428,100,1428,1,0
B,G,B,6758,100,6758,1,0
B,H,B,12998,100,12998,1,0
A,C,C,7557,100,7557,1,0
B,C,C,6704,100,6704,1,0
C,D,C,6599,100,6599,1,0
C,E,C,7550,100,7550,1,0
C,F,C,7123,100,7123,1,0
C,G,C,1363,100,1363,1,0
C,H,C,7063,100,7063,1,0
A,D,D,9227,100,9227,1,0
B,D,D,12542,100,12542,1,0
C,D,D,6608,100,6608,1,0
D,E,D,9323,100,9323,1,0
D,F,D,12855,100,12855,1,0
D,G,D,6830,100,6830,1,0
D,H,D,1464,100,1464,1,0
A,E,E,1344,100,1344,1,0
B,E,E,7043,100,7043,1,0
C,E,E,7534,100,7534,1,0
D,E,E,9358,100,9358,1,0
E,F,E,6976,100,6976,1,0
E,G,E,7294,100,7294,1,0
E,H,E,9628,100,9628,1,0
A,F,F,7379,100,7379,1,0
B,F,F,1420,100,1420,1,0
C,F,F,7126,100,7126,1,0
D,F,F,12859,100,12859,1,0
E,F,F,7016,100,7016,1,0
F,G,F,6881,100,6881,1,0
F,H,F,13288,100,13288,1,0
A,G,G,7590,100,7590,1,0
B,G,G,6793,100,6793,1,0
C,G,G,1364,100,1364,1,0
D,G,G,6820,100,6820,1,0
E,G,G,7294,100,7294,1,0
F,G,G,6890,100,6890,1,0
G,H,G,7041,100,7041,1,0
A,H,H,9709,100,9709,1,0
B,H,H,13049,100,13049,1,0
C,H,H,7099,100,7099,1,0
D,H,H,1403,100,1403,1,0
E,H,H,9662,100,9662,1,0
F,H,H,13260,100,13260,1,0
G,H,H,7038,100,7038,1,0
A,B,A,7164,100,7164,1,0
A,C,A,7558,100,7558,1,0
A,D,A,9205,100,9205,1,0
A,E,A,1321,100,1321,1,0
A,F,A,7398,100,7398,1,0
A,G,A,7630,100,7630,1,0
A,H,A,9717,100,9717,1,0
A,B,B,7144,100,7144,1,0
B,C,B,6752,100,6752,1,0
B,D,B,12524,100,12524,1,0
B,E,B,7019,100,7019,1,0
B,F,B,1452,100,1452,1,0
B,G,B,6769,100,6769,1,0
B,H,B,13085,100,13085,1,0
A,C,C,7582,100,7582,1,0
B,C,C,6693,100,6693,1,0
C,D,C,6565,100,6565,1,0
C,E,C,7560,100,7560,1,0
C,F,C,7114,100,7114,1,0
C,G,C,1404,100,1404,1,0
C,H,C,7087,100,7087,1,0
A,D,D,9218,100,9218,1,0
B,D,D,12532,100,12532,1,0
C,D,D,6591,100,6591,1,0
D,E,D,9372,100,9372,1,0
D,F,D,12842,100,12842,1,0
D,G,D,6845,100,6845,1,0
D,H,D,1456,100,1456,1,0
A,E,E,1383,100,1383,1,0
B,E,E,7070,100,7070,1,0
C,E,E,7538,100,7538,1,0
D,E,E,9347,100,9347,1,0
E,F,E,7035,100,7035,1,0
E,G,E,7312,100,7312,1,0
E,H,E,9649,100,9649,1,0
A,F,F,7364,100,7364,1,0
B,F,F,1414,100,1414,1,0
C,F,F,7113,100,7113,1,0
D,F,F,12895,100,12895,1,0
E,F,F,7005,100,7005,1,0
F,G,F,6877,100,6877,1,0
F,H,F,13259,100,13259,1,0
A,G,G,7561,100,7561,1,0
B,G,G,6724,100,6724,1,0
C,G,G,1366,100,1366,1,0
D,G,G,6824,100,6824,1,0
E,G,G,7281,100,7281,1,0
F,G,G,6894,100,6894,1,0
G,H,G,7035,100,7035,1,0
A,H,H,9696,100,9696,1,0
B,H,H,12993,100,12993,1,0
C,H,H,7102,100,7102,1,0
D,H,H,1449,100,1449,1,0
E,H,H,9654,100,9654,1,0
F,H,H,13244,100,13244,1,0
G,H,H,7053,100,7053,1,0
A,B,A,7158,100,7158,1,0
A,C,A,7560,100,7560,1,0
A,D,A,9223,100,9223,1,0
A,E,A,1377,100,1377,1,0
A,F,A,7383,100,7383,1,0
A,G,A,7581,100,7581,1,0
A,H,A,9713,100,9713,1,0
A,B,B,7147,100,7147,1,0
B,C,B,6719,100,6719,1,0
B,D,B,12551,100,12551,1,0
B,E,B,7031,100,7031,1,0
B,F,B,1387,100,1387,1,0
B,G,B,6762,100,6762,1,0
B,H,B,13047,100,13047,1,0
A,C,C,7570,100,7570,1,0
B,C,C,6702,100,6702,1,0
C,D,C,6597,100,6597,1,0
C,E,C,7527,100,7527,1,0
C,F,C,7159,100,7159,1,0
C,G,C,1379,100,1379,1,0
C,H,C,7088,100,7088,1,0
A,D,D,9198,100,9198,1,0
B,D,D,12556,100,12556,1,0
C,D,D,6601,100,6601,1,0
D,E,D,9345,100,9345,1,0
D,F,D,12901,100,12901,1,0
D,G,D,6832,100,6832,1,0
D,H,D,1478,100,1478,1,0
A,E,E,1357,100,1357,1,0
B,E,E,7034,100,7034,1,0
C,E,E,7529,100,7529,1,0
D,E,E,9383,100,9383,1,0
E,F,E,6999,100,6999,1,0
E,G,E,7286,100,7286,1,0
E,H,E,9611,100,9611,1,0
A,F,F,7414,100,7414,1,0
B,F,F,1446,100,1446,1,0
C,F,F,7115,100,7115,1,0
D,F,F,12878,100,12878,1,0
E,F,F,6986,100,6986,1,0
F,G,F,6852,100,6852,1,0
F,H,F,13240,100,13240,1,0
A,G,G,7526,100,7526,1,0
B,G,G,6767,100,6767,1,0
C,G,G,1346,100,1346,1,0
D,G,G,6843,100,6843,1,0
E,G,G,7301,100,7301,1,0
F,G,G,6881,100,6881,1,0
G,H,G,7016,100,7016,1,0
A,H,H,9694,100,9694,1,0
B,H,H,13079,100,13079,1,0
C,H,H,7115,100,7115,1,0
D,H,H,1421,100,1421,1,0
E,H,H,9680,100,9680,1,0
F,H,H,13217,100,13217,1,0
G,H,H,7034,100,7034,1,0
A,B,A,7172,100,7172,1,0
A,C,A,7556,100,7556,1,0
A,D,A,9205,100,9205,1,0
A,E,A,1347,100,1347,1,0
A,F,A,7410,100,7410,1,0
A,G,A,7561,100,7561,1,0
A,H,A,9716,100,9716,1,0
A,B,B,7193,100,7193,1,0
B,C,B,6720,100,6720,1,0
B,D,B,12551,100,12551,1,0
B,E,B,7045,100,7045,1,0
B,F,B,1430,100,1430,1,0
B,G,B,6770,100,6770,1,0
B,H,B,13050,100,13050,1,0
A,C,C,7568,100,7568,1,0
B,C,C,6715,100,6715,1,0
C,D,C,6613,100,6613,1,0
C,E,C,7534,100,7534,1,0
C,F,C,7109,100,7109,1,0
C,G,C,1389,100,1389,1,0
C,H,C,7105,100,7105,1,0
A,D,D,9185,100,9185,1,0
B,D,D,12563,100,12563,1,0
C,D,D,6599,100,6599,1,0
D,E,D,9412,100,9412,1,0
D,F,D,12855,100,12855,1,0
D,G,D,6792,100,6792,1,0
D,H,D,1440,100,1440,1,0
A,E,E,1448,100,1448,1,0
B,E,E,7054,100,7054,1,0
C,E,E,7540,100,7540,1,0
D,E,E,9336,100,9336,1,0
E,F,E,7031,100,7031,1,0
E,G,E,7328,100,7328,1,0
E,H,E,9682,100,9682,1,0
A,F,F,7360,100,7360,1,0
B,F,F,1412,100,1412,1,0
C,F,F,7120,100,7120,1,0
D,F,F,12877,100,12877,1,0
E,F,F,6979,100,6979,1,0
F,G,F,6867,100,6867,1,0
F,H,F,13255,100,13255,1,0
A,G,G,7581,100,7581,1,0
B,G,G,6784,100,6784,1,0
C,G,G,1341,100,1341,1,0
D,G,G,6817,100,6817,1,0
E,G,G,7325,100,7325,1,0
F,G,G,6902,100,6902,1,0
G,H,G,7008,100,7008,1,0
A,H,H,9716,100,9716,1,0
B,H,H,13038,100,13038,1,0
C,H,H,7111,100,7111,1,0
D,H,H,1422,100,1422,1,0
E,H,H,9642,100,9642,1,0
F,H,H,13241,100,13241,1,0
G,H,H,7035,100,7035,1,0
A,B,A,7118,100,7118,1,0
A,C,A,7556,100,7556,1,0
A,D,A,9216,100,9216,1,0
A,E,A,1333,100,1333,1,0
A,F,A,7393,100,7393,1,0
A,G,A,7610,100,7610,1,0
A,H,A,9696,100,9696,1,0
A,B,B,7165,100,7165,1,0
B,C,B,6725,100,6725,1,0
B,D,B,12548,100,12548,1,0
B,E,B,7043,100,7043,1,0
B,F,B,1420,100,1420,1,0
B,G,B,6759,100,6759,1,0
B,H,B,13024,100,13024,1,0
A,C,C,7587,100,7587,1,0
B,C,C,6695,100,6695,1,0
C,D,C,6600,100,6600,1,0
C,E,C,7554,100,7554,1,0
C,F,C,7123,100,7123,1,0
C,G,C,1379,100,1379,1,0
C,H,C,7093,100,7093,1,0
A,D,D,9185,100,9185,1,0
B,D,D,12566,100,12566,1,0
C,D,D,6591,100,6591,1,0
D,E,D,9323,100,9323,1,0
D,F,D,12888,100,12888,1,0
D,G,D,6792,100,6792,1,0
D,H,D,1437,100,1437,1,0
A,E,E,1379,100,1379,1,0
B,E,E,7076,100,7076,1,0
C,E,E,7479,100,7479,1,0
D,E,E,9347,100,9347,1,0
E,F,E,7007,100,7007,1,0
E,G,E,7307,100,7307,1,0
E,H,E,9655,100,9655,1,0
A,F,F,7390,100,7390,1,0
B,F,F,1438,100,1438,1,0
C,F,F,7140,100,7140,1,0
D,F,F,12863,100,12863,1,0
E,F,F,6991,100,6991,1,0
F,G,F,6917,100,6917,1,0
F,H,F,13269,100,13269,1,0
A,G,G,7555,100,7555,1,0
B,G,G,6773,100,6773,1,0
C,G,G,1379,100,1379,1,0
D,G,G,6807,100,6807,1,0
E,G,G,7301,100,7301,1,0
F,G,G,6875,100,6875,1,0
G,H,G,7049,100,7049,1,0
A,H,H,9660,100,9660,1,0
B,H,H,13047,100,13047,1,0
C,H,H,7131,100,7131,1,0
D,H,H,1455,100,1455,1,0
E,H,H,9699,100,9699,1,0
F,H,H,13245,100,13245,1,0
G,H,H,7059,100,7059,1,0
A,B,A,7159,100,7159,1,0
A,C,A,7561,100,7561,1,0
A,D,A,9190,100,9190,1,0
A,E,A,1401,100,1401,1,0
A,F,A,7381,100,7381,1,0
A,G,A,7525,100,7525,1,0
A,H,A,9709,100,9709,1,0
A,B,B,7163,100,7163,1,0
B,C,B,6735,100,6735,1,0
B,D,B,12604,100,12604,1,0
B,E,B,7038,100,7038,1,0
B,F,B,1422,100,1422,1,0
B,G,B,6759,100,6759,1,0
B,H,B,13091,100,13091,1,0
A,C,C,7565,100,7565,1,0
B,C,C,6703,100,6703,1,0
C,D,C,6608,100,6608,1,0
C,E,C,7523,100,7523,1,0
C,F,C,7147,100,7147,1,0
C,G,C,1385,100,1385,1,0
C,H,C,7115,100,7115,1,0
A,D,D,9224,100,9224,1,0
B,D,D,12558,100,12558,1,0
C,D,D,6614,100,6614,1,0
D,E,D,9415,100,9415,1,0
D,F,D,12904,100,12904,1,0
D,G,D,6825,100,6825,1,0
D,H,D,1389,100,1389,1,0
A,E,E,1328,100,1328,1,0
B,E,E,7053,100,7053,1,0
C,E,E,7536,100,7536,1,0
D,E,E,9411,100,9411,1,0
E,F,E,7022,100,7022,1,0
E,G,E,7315,100,7315,1,0
E,H,E,9645,100,9645,1,0
A,F,F,7400,100,7400,1,0
B,F,F,1433,100,1433,1,0
C,F,F,7104,100,7104,1,0
D,F,F,12856,100,12856,1,0
E,F,F,7015,100,7015,1,0
F,G,F,6874,100,6874,1,0
F,H,F,13244,100,13244,1,0
A,G,G,7560,100,7560,1,0
B,G,G,6751,100,6751,1,0
C,G,G,1367,100,1367,1,0
D,G,G,6826,100,6826,1,0
E,G,G,7334,100,7334,1,0
F,G,G,6881,100,6881,1,0
G,H,G,7053,100,7053,1,0
A,H,H,9700,100,9700,1,0
B,H,H,13052,100,13052,1,0
C,H,H,7115,100,7115,1,0
D,H,H,1477,100,1477,1,0
E,H,H,9637,100,9637,1,0
F,H,H,13238,100,13238,1,0
G,H,H,7027,100,7027,1,0
A,B,A,7176,100,7176,1,0
A,C,A,7531,100,7531,1,0
A,D,A,9210,100,9210,1,0
A,E,A,1376,100,1376,1,0
A,F,A,7426,100,7426,1,0
A,G,A,7632,100,7632,1,0
A,H,A,9700,100,9700,1,0
A,B,B,7155,100,7155,1,0
B,C,B,6703,100,6703,1,0
B,D,B,12517,100,12517,1,0
B,E,B,7071,100,7071,1,0
B,F,B,1423,100,1423,1,0
B,G,B,6747,100,6747,1,0
B,H,B,13049,100,13049,1,0
A,C,C,7578,100,7578,1,0
B,C,C,6693,100,6693,1,0
C,D,C,6602,100,6602,1,0
C,E,C,7559,100,7559,1,0
C,F,C,7118,100,7118,1,0
C,G,C,1308,100,1308,1,0
C,H,C,7103,100,7103,1,0
A,D,D,9190,100,9190,1,0
B,D,D,12557,100,12557,1,0
C,D,D,6621,100,6621,1,0
D,E,D,9388,100,9388,1,0
D,F,D,12861,100,12861,1,0
D,G,D,6836,100,6836,1,0
D,H,D,1523,100,1523,1,0
A,E,E,1370,100,1370,1,0
B,E,E,7052,100,7052,1,0
C,E,E,7600,100,7600,1,0
D,E,E,9405,100,9405,1,0
E,F,E,7015,100,7015,1,0
E,G,E,7302,100,7302,1,0
E,H,E,9650,100,9650,1,0
A,F,F,7416,100,7416,1,0
B,F,F,1421,100,1421,1,0
C,F,F,7123,100,7123,1,0
D,F,F,12855,100,12855,1,0
E,F,F,6978,100,6978,1,0
F,G,F,6885,100,6885,1,0
F,H,F,13258,100,13258,1,0
A,G,G,7583,100,7583,1,0
B,G,G,6752,100,6752,1,0
C,G,G,1354,100,1354,1,0
D,G,G,6816,100,6816,1,0
E,G,G,7339,100,7339,1,0
F,G,G,6890,100,6890,1,0
G,H,G,7049,100,7049,1,0
A,H,H,9674,100,9674,1,0
B,H,H,13039,100,13039,1,0
C,H,H,7060,100,7060,1,0
D,H,H,1444,100,1444,1,0
E,H,H,9675,100,9675,1,0
F,H,H,13240,100,13240,1,0
G,H,H,7043,100,7043,1,0
A,B,A,7144,100,7144,1,0
A,C,A,7586,100,7586,1,0
A,D,A,9200,100,9200,1,0
A,E,A,1356,100,1356,1,0
A,F,A,7375,100,7375,1,0
A,G,A,7585,100,7585,1,0
A,H,A,9672,100,9672,1,0
A,B,B,7186,100,7186,1,0
B,C,B,6682,100,6682,1,0
B,D,B,12509,100,12509,1,0
B,E,B,7019,100,7019,1,0
B,F,B,1437,100,1437,1,0
B,G,B,6737,100,6737,1,0
B,H,B,13086,100,13086,1,0
A,C,C,7623,100,7623,1,0
B,C,C,6715,100,6715,1,0
C,D,C,6553,100,6553,1,0
C,E,C,7564,100,7564,1,0
C,F,C,7120,100,7120,1,0
C,G,C,1376,100,1376,1,0
C,H,C,7112,100,7112,1,0
A,D,D,9194,100,9194,1,0
B,D,D,12531,100,12531,1,0
C,D,D,6602,100,6602,1,0
D,E,D,9323,100,9323,1,0
D,F,D,12857,100,12857,1,0
D,G,D,6832,100,6832,1,0
D,H,D,1515,100,1515,1,0
A,E,E,1399,100,1399,1,0
B,E,E,7044,100,7044,1,0
C,E,E,7503,100,7503,1,0
D,E,E,9351,100,9351,1,0
E,F,E,7029,100,7029,1,0
E,G,E,7307,100,7307,1,0
E,H,E,9694,100,9694,1,0
A,F,F,7393,100,7393,1,0
B,F,F,1426,100,1426,1,0
C,F,F,7143,100,7143,1,0
D,F,F,12854,100,12854,1,0
E,F,F,7003,100,7003,1,0
F,G,F,6861,100,6861,1,0
F,H,F,13212,100,13212,1,0
A,G,G,7598,100,7598,1,0
B,G,G,6752,100,6752,1,0
C,G,G,1355,100,1355,1,0
D,G,G,6794,100,6794,1,0
E,G,G,7285,100,7285,1,0
F,G,G,6874,100,6874,1,0
G,H,G,7059,100,7059,1,0
A,H,H,9717,100,9717,1,0
B,H,H,13013,100,13013,1,0
C,H,H,7126,100,7126,1,0
D,H,H,1452,100,1452,1,0
E,H,H,9680,100,9680,1,0
F,H,H,13250,100,13250,1,0
G,H,H,7062,100,7062,1,0
A,B,A,7208,100,7208,1,0
A,C,A,7557,100,7557,1,0
A,D,A,9210,100,9210,1,0
A,E,A,1402,100,1402,1,0
A,F,A,7410,100,7410,1,0
A,G,A,7557,100,7557,1,0
A,H,A,9693,100,9693,1,0
A,B,B,7141,100,7141,1,0
B,C,B,6706,100,6706,1,0
B,D,B,12517,100,12517,1,0
B,E,B,7046,100,7046,1,0
B,F,B,1422,100,1422,1,0
B,G,B,6784,100,6784,1,0
B,H,B,13048,100,13048,1,0
A,C,C,7605,100,7605,1,0
B,C,C,6719,100,6719,1,0
C,D,C,6614,100,6614,1,0
C,E,C,7525,100,7525,1,0
C,F,C,7125,100,7125,1,0
C,G,C,1345,100,1345,1,0
C,H,C,7134,100,7134,1,0
A,D,D,9171,100,9171,1,0
B,D,D,12538,100,12538,1,0
C,D,D,6605,100,6605,1,0
D,E,D,9293,100,9293,1,0
D,F,D,12828,100,12828,1,0
D,G,D,6824,100,6824,1,0
D,H,D,1421,100,1421,1,0
A,E,E,1342,100,1342,1,0
B,E,E,7042,100,7042,1,0
C,E,E,7572,100,7572,1,0
D,E,E,9369,100,9369,1,0
E,F,E,7034,100,7034,1,0
E,G,E,7306,100,7306,1,0
E,H,E,9707,100,9707,1,0
A,F,F,7378,100,7378,1,0
B,F,F,1459,100,1459,1,0
C,F,F,7076,100,7076,1,0
D,F,F,12877,100,12877,1,0
E,F,F,7052,100,7052,1,0
F,G,F,6858,100,6858,1,0
F,H,F,13204,100,13204,1,0
A,G,G,7596,100,7596,1,0
B,G,G,6751,100,6751,1,0
C,G,G,1392,100,1392,1,0
D,G,G,6869,100,6869,1,0
E,G,G,7294,100,7294,1,0
F,G,G,6868,100,6868,1,0
G,H,G,7044,100,7044,1,0
A,H,H,9728,100,9728,1,0
B,H,H,13032,100,13032,1,0
C,H,H,7143,100,7143,1,0
D,H,H,1454,100,1454,1,0
E,H,H,9668,100,9668,1,0
F,H,H,13206,100,13206,1,0
G,H,H,7022,100,7022,1,0
A,B,A,7161,100,7161,1,0
A,C,A,7545,100,7545,1,0
A,D,A,9183,100,9183,1,0
A,E,A,1328,100,1328,1,0
A,F,A,7377,100,7377,1,0
A,G,A,7581,100,7581,1,0
A,H,A,9701,100,9701,1,0
A,B,B,7143,100,7143,1,0
B,C,B,6710,100,6710,1,0
B,D,B,12572,100,12572,1,0
B,E,B,7022,100,7022,1,0
B,F,B,1431,100,1431,1,0
B,G,B,6789,100,6789,1,0
B,H,B,13004,100,13004,1,0
A,C,C,7612,100,7612,1,0
B,C,C,6714,100,6714,1,0
C,D,C,6607,100,6607,1,0
C,E,C,7537,100,7537,1,0
C,F,C,7101,100,7101,1,0
C,G,C,1384,100,1384,1,0
C,H,C,7111,100,7111,1,0
A,D,D,9228,100,9228,1,0
B,D,D,12566,100,12566,1,0
C,D,D,6606,100,6606,1,0
D,E,D,9266,100,9266,1,0
D,F,D,12841,100,12841,1,0
D,G,D,6817,100,6817,1,0
D,H,D,1440,100,1440,1,0
A,E,E,1369,100,1369,1,0
B,E,E,7055,100,7055,1,0
C,E,E,7518,100,7518,1,0
D,E,E,9357,100,9357,1,0
E,F,E,6994,100,6994,1,0
E,G,E,7290,100,7290,1,0
E,H,E,9670,100,9670,1,0
A,F,F,7364,100,7364,1,0
B,F,F,1420,100,1420,1,0
C,F,F,7107,100,7107,1,0
D,F,F,12872,100,12872,1,0
E,F,F,7020,100,7020,1,0
F,G,F,6884,100,6884,1,0
F,H,F,13230,100,13230,1,0
A,G,G,7603,100,7603,1,0
B,G,G,6748,100,6748,1,0
C,G,G,1365,100,1365,1,0
D,G,G,6840,100,6840,1,0
E,G,G,7324,100,7324,1,0
F,G,G,6886,100,6886,1,0
G,H,G,7048,100,7048,1,0
A,H,H,9715,100,9715,1,0
B,H,H,13023,100,13023,1,0
C,H,H,7131,100,7131,1,0
D,H,H,1490,100,1490,1,0
E,H,H,9662,100,9662,1,0
F,H,H,13214,100,13214,1,0
G,H,H,7024,100,7024,1,0
A,B,A,7140,100,7140,1,0
A,C,A,7597,100,7597,1,0
A,D,A,9200,100,9200,1,0
A,E,A,1403,100,1403,1,0
A,F,A,7330,100,7330,1,0
A,G,A,7619,100,7619,1,0
A,H,A,9722,100,9722,1,0
A,B,B,7179,100,7179,1,0
B,C,B,6714,100,6714,1,0
B,D,B,12589,100,12589,1,0
B,E,B,7099,100,7099,1,0
B,F,B,1417,100,1417,1,0
B,G,B,6757,100,6757,1,0
B,H,B,12981,100,12981,1,0
A,C,C,7568,100,7568,1,0
B,C,C,6728,100,6728,1,0
C,D,C,6618,100,6618,1,0
C,E,C,7544,100,7544,1,0
C,F,C,7117,100,7117,1,0
C,G,C,1354,100,1354,1,0
C,H,C,7116,100,7116,1,0
A,D,D,9195,100,9195,1,0
B,D,D,12515,100,12515,1,0
C,D,D,6594,100,6594,1,0
D,E,D,9304,100,9304,1,0
D,F,D,12862,100,12862,1,0
D,G,D,6825,100,6825,1,0
D,H,D,1415,100,1415,1,0
A,E,E,1361,100,1361,1,0
B,E,E,7049,100,7049,1,0
C,E,E,7558,100,7558,1,0
D,E,E,9290,100,9290,1,0
E,F,E,6987,100,6987,1,0
E,G,E,7288,100,7288,1,0
E,H,E,9678,100,9678,1,0
A,F,F,7365,100,7365,1,0
B,F,F,1435,100,1435,1,0
C,F,F,7133,100,7133,1,0
D,F,F,12857,100,12857,1,0
E,F,F,7006,100,7006,1,0
F,G,F,6875,100,6875,1,0
F,H,F,13245,100,13245,1,0
A,G,G,7568,100,7568,1,0
B,G,G,6795,100,6795,1,0
C,G,G,1343,100,1343,1,0
D,G,G,6828,100,6828,1,0
E,G,G,7267,100,7267,1,0
F,G,G,6895,100,6895,1,0
G,H,G,7013,100,7013,1,0
A,H,H,9675,100,9675,1,0
B,H,H,13052,100,13052,1,0
C,H,H,7112,100,7112,1,0
D,H,H,1453,100,1453,1,0
E,H,H,9632,100,9632,1,0
F,H,H,13221,100,13221,1,0
G,H,H,7067,100,7067,1,0
A,B,A,7140,100,7140,1,0
A,C,A,7521,100,7521,1,0
A,D,A,9204,100,9204,1,0
A,E,A,1364,100,1364,1,0
A,F,A,7377,100,7377,1,0
A,G,A,7608,100,7608,1,0
A,H,A,9704,100,9704,1,0
A,B,B,7166,100,7166,1,0
B,C,B,6693,100,6693,1,0
B,D,B,12511,100,12511,1,0
B,E,B,7018,100,7018,1,0
B,F,B,1387,100,1387,1,0
B,G,B,6789,100,6789,1,0
B,H,B,13062,100,13062,1,0
A,C,C,7558,100,7558,1,0
B,C,C,6726,100,6726,1,0
C,D,C,6608,100,6608,1,0
C,E,C,7505,100,7505,1,0
C,F,C,7141,100,7141,1,0
C,G,C,1366,100,1366,1,0
C,H,C,7106,100,7106,1,0
A,D,D,9212,100,9212,1,0
B,D,D,12505,100,12505,1,0
C,D,D,6617,100,6617,1,0
D,E,D,9374,100,9374,1,0
D,F,D,12840,100,12840,1,0
D,G,D,6790,100,6790,1,0
D,H,D,1453,100,1453,1,0
A,E,E,1358,100,1358,1,0
B,E,E,7073,100,7073,1,0
C,E,E,7497,100,7497,1,0
D,E,E,9349,100,9349,1,0
E,F,E,7024,100,7024,1,0
E,G,E,7293,100,7293,1,0
E,H,E,9670,100,9670,1,0
A,F,F,7370,100,7370,1,0
B,F,F,1435,100,1435,1,0
C,F,F,7135,100,7135,1,0
D,F,F,12849,100,12849,1,0
E,F,F,7021,100,7021,1,0
F,G,F,6891,100,6891,1,0
F,H,F,13246,100,13246,1,0
A,G,G,7581,100,7581,1,0
B,G,G,6773,100,6773,1,0
C,G,G,1414,100,1414,1,0
D,G,G,6814,100,6814,1,0
E,G,G,7291,100,7291,1,0
F,G,G,6857,100,6857,1,0
G,H,G,7047,100,7047,1,0
A,H,H,9703,100,9703,1,0
B,H,H,13037,100,13037,1,0
C,H,H,7100,100,7100,1,0
D,H,H,1418,100,1418,1,0
E,H,H,9644,100,9644,1,0
F,H,H,13249,100,13249,1,0
G,H,H,7054,100,7054,1,0
A,B,A,7111,100,7111,1,0
A,C,A,7566,100,7566,1,0
A,D,A,9190,100,9190,1,0
A,E,A,1398,100,1398,1,0
A,F,A,7429,100,7429,1,0
A,G,A,7557,100,7557,1,0
A,H,A,9709,100,9709,1,0
A,B,B,7149,100,7149,1,0
B,C,B,6719,100,6719,1,0
B,D,B,12578,100,12578,1,0
B,E,B,7040,100,7040,1,0
B,F,B,1443,100,1443,1,0
B,G,B,6752,100,6752,1,0
B,H,B,13025,100,13025,1,0
A,C,C,7643,100,7643,1,0
B,C,C,6746,100,6746,1,0
C,D,C,6661,100,6661,1,0
C,E,C,7528,100,7528,1,0
C,F,C,7106,100,7106,1,0
C,G,C,1358,100,1358,1,0
C,H,C,7096,100,7096,1,0
A,D,D,9209,100,9209,1,0
B,D,D,12544,100,12544,1,0
C,D,D,6598,100,6598,1,0
D,E,D,9341,100,9341,1,0
D,F,D,12885,100,12885,1,0
D,G,D,6798,100,6798,1,0
D,H,D,1462,100,1462,1,0
A,E,E,1382,100,1382,1,0
B,E,E,7033,100,7033,1,0
C,E,E,7538,100,7538,1,0
D,E,E,9323,100,9323,1,0
E,F,E,7009,100,7009,1,0
E,G,E,7322,100,7322,1,0
E,H,E,9679,100,9679,1,0
A,F,F,7388,100,7388,1,0
B,F,F,1432,100,1432,1,0
C,F,F,7124,100,7124,1,0
D,F,F,12873,100,12873,1,0
E,F,F,7007,100,7007,1,0
F,G,F,6919,100,6919,1,0
F,H,F,13272,100,13272,1,0
A,G,G,7614,100,7614,1,0
B,G,G,6784,100,6784,1,0
C,G,G,1345,100,1345,1,0
D,G,G,6783,100,6783,1,0
E,G,G,7301,100,7301,1,0
F,G,G,6901,100,6901,1,0
G,H,G,7098,100,7098,1,0
A,H,H,9678,100,9678,1,0
B,H,H,13037,100,13037,1,0
C,H,H,7075,100,7075,1,0
D,H,H,1499,100,1499,1,0
E,H,H,9644,100,9644,1,0
F,H,H,13234,100,13234,1,0
G,H,H,7026,100,7026,1,0
A,B,A,7130,100,7130,1,0
A,C,A,7549,100,7549,1,0
A,D,A,9187,100,9187,1,0
A,E,A,1366,100,1366,1,0
A,F,A,7311,100,7311,1,0
A,G,A,7526,100,7526,1,0
A,H,A,9691,100,9691,1,0
A,B,B,7106,100,7106,1,0
B,C,B,6725,100,6725,1,0
B,D,B,12530,100,12530,1,0
B,E,B,7052,100,7052,1,0
B,F,B,1410,100,1410,1,0
B,G,B,6755,100,6755,1,0
B,H,B,13036,100,13036,1,0
A,C,C,7556,100,7556,1,0
B,C,C,6703,100,6703,1,0
C,D,C,6572,100,6572,1,0
C,E,C,7572,100,7572,1,0
C,F,C,7134,100,7134,1,0
C,G,C,1312,100,1312,1,0
C,H,C,7164,100,7164,1,0
A,D,D,9221,100,9221,1,0
B,D,D,12516,100,12516,1,0
C,D,D,6602,100,6602,1,0
D,E,D,9374,100,9374,1,0
D,F,D,12891,100,12891,1,0
D,G,D,6779,100,6779,1,0
D,H,D,1412,100,1412,1,0
A,E,E,1355,100,1355,1,0
B,E,E,7043,100,7043,1,0
C,E,E,7532,100,7532,1,0
D,E,E,9382,100,9382,1,0
E,F,E,6970,100,6970,1,0
E,G,E,7298,100,7298,1,0
E,H,E,9623,100,9623,1,0
A,F,F,7419,100,7419,1,0
B,F,F,1416,100,1416,1,0
C,F,F,7117,100,7117,1,0
D,F,F,12862,100,12862,1,0
E,F,F,7052,100,7052,1,0
F,G,F,6889,100,6889,1,0
F,H,F,13220,100,13220,1,0
A,G,G,7535,100,7535,1,0
B,G,G,6746,100,6746,1,0
C,G,G,1342,100,1342,1,0
D,G,G,6799,100,6799,1,0
E,G,G,7295,100,7295,1,0
F,G,G,6891,100,6891,1,0
G,H,G,7055,100,7055,1,0
A,H,H,9688,100,9688,1,0
B,H,H,13048,100,13048,1,0
C,H,H,7131,100,7131,1,0
D,H,H,1436,100,1436,1,0
E,H,H,9670,100,9670,1,0
F,H,H,13289,100,13289,1,0
G,H,H,7072,100,7072,1,0
A,B,A,7136,100,7136,1,0
A,C,A,7543,100,7543,1,0
A,D,A,9213,100,9213,1,0
A,E,A,1354,100,1354,1,0
A,F,A,7367,100,7367,1,0
A,G,A,7544,100,7544,1,0
A,H,A,9637,100,9637,1,0
A,B,B,7156,100,7156,1,0
B,C,B,6699,100,6699,1,0
B,D,B,12505,100,12505,1,0
B,E,B,7016,100,7016,1,0
B,F,B,1425,100,1425,1,0
B,G,B,6770,100,6770,1,0
B,H,B,13056,100,13056,1,0
A,C,C,7575,100,7575,1,0
B,C,C,6717,100,6717,1,0
C,D,C,6612,100,6612,1,0
C,E,C,7519,100,7519,1,0
C,F,C,7111,100,7111,1,0
C,G,C,1354,100,1354,1,0
C,H,C,7074,100,7074,1,0
A,D,D,9179,100,9179,1,0
B,D,D,12539,100,12539,1,0
C,D,D,6620,100,6620,1,0
D,E,D,9314,100,9314,1,0
D,F,D,12903,100,12903,1,0
D,G,D,6772,100,6772,1,0
D,H,D,1532,100,1532,1,0
A,E,E,1368,100,1368,1,0
B,E,E,7059,100,7059,1,0
C,E,E,7593,100,7593,1,0
D,E,E,9342,100,9342,1,0
E,F,E,7027,100,7027,1,0
E,G,E,7307,100,7307,1,0
E,H,E,9681,100,9681,1,0
A,F,F,7376,100,7376,1,0
B,F,F,1432,100,1432,1,0
C,F,F,7151,100,7151,1,0
D,F,F,12881,100,12881,1,0
E,F,F,7030,100,7030,1,0
F,G,F,6861,100,6861,1,0
F,H,F,13272,100,13272,1,0
A,G,G,7594,100,7594,1,0
B,G,G,6751,100,6751,1,0
C,G,G,1366,100,1366,1,0
D,G,G,6816,100,6816,1,0
E,G,G,7288,100,7288,1,0
F,G,G,6868,100,6868,1,0
G,H,G,7062,100,7062,1,0
A,H,H,9695,100,9695,1,0
B,H,H,13070,100,13070,1,0
C,H,H,7090,100,7090,1,0
D,H,H,1402,100,1402,1,0
E,H,H,9694,100,9694,1,0
F,H,H,13227,100,13227,1,0
G,H,H,7027,100,7027,1,0
A,B,A,7157,100,7157,1,0
A,C,A,7573,100,7573,1,0
A,D,A,9212,100,9212,1,0
A,E,A,1374,100,1374,1,0
A,F,A,7360,100,7360,1,0
A,G,A,7532,100,7532,1,0
A,H,A,9738,100,9738,1,0
A,B,B,7157,100,7157,1,0
B,C,B,6710,100,6710,1,0
B,D,B,12537,100,12537,1,0
B,E,B,7075,100,7075,1,0
B,F,B,1407,100,1407,1,0
B,G,B,6741,100,6741,1,0
B,H,B,12981,100,12981,1,0
A,C,C,7562,100,7562,1,0
B,C,C,6697,100,6697,1,0
C,D,C,6618,100,6618,1,0
C,E,C,7570,100,7570,1,0
C,F,C,7112,100,7112,1,0
C,G,C,1383,100,1383,1,0
C,H,C,7091,100,7091,1,0
A,D,D,9186,100,9186,1,0
B,D,D,12555,100,12555,1,0
C,D,D,6591,100,6591,1,0
D,E,D,9325,100,9325,1,0
D,F,D,12855,100,12855,1,0
D,G,D,6819,100,6819,1,0
D,H,D,1473,100,1473,1,0
A,E,E,1369,100,1369,1,0
B,E,E,7044,100,7044,1,0
C,E,E,7558,100,7558,1,0
D,E,E,9383,100,9383,1,0
E,F,E,7001,100,7001,1,0
E,G,E,7333,100,7333,1,0
E,H,E,9662,100,9662,1,0
A,F,F,7422,100,7422,1,0
B,F,F,1387,100,1387,1,0
C,F,F,7128,100,7128,1,0
D,F,F,12871,100,12871,1,0
E,F,F,7005,100,7005,1,0
F,G,F,6882,100,6882,1,0
F,H,F,13235,100,13235,1,0
A,G,G,7607,100,7607,1,0
B,G,G,6727,100,6727,1,0
C,G,G,1393,100,1393,1,0
D,G,G,6785,100,6785,1,0
E,G,G,7283,100,7283,1,0
F,G,G,6848,100,6848,1,0
G,H,G,7087,100,7087,1,0
A,H,H,9718,100,9718,1,0
B,H,H,13042,100,13042,1,0
C,H,H,7131,100,7131,1,0
D,H,H,1444,100,1444,1,0
E,H,H,9665,100,9665,1,0
F,H,H,13240,100,13240,1,0
G,H,H,7053,100,7053,1,0
A,B,A,7159,100,7159,1,0
A,C,A,7544,100,7544,1,0
A,D,A,9216,100,9216,1,0
A,E,A,1376,100,1376,1,0
A,F,A,7344,100,7344,1,0
A,G,A,7592,100,7592,1,0
A,H,A,9710,100,9710,1,0
A,B,B,7137,100,7137,1,0
B,C,B,6782,100,6782,1,0
B,D,B,12481,100,12481,1,0
B,E,B,7059,100,7059,1,0
B,F,B,1442,100,1442,1,0
B,G,B,6740,100,6740,1,0
B,H,B,12998,100,12998,1,0
A,C,C,7532,100,7532,1,0
B,C,C,6727,100,6727,1,0
C,D,C,6616,100,6616,1,0
C,E,C,7518,100,7518,1,0
C,F,C,7097,100,7097,1,0
C,G,C,1361,100,1361,1,0
C,H,C,7117,100,7117,1,0
A,D,D,9227,100,9227,1,0
B,D,D,12563,100,12563,1,0
C,D,D,6626,100,6626,1,0
D,E,D,9328,100,9328,1,0
D,F,D,12845,100,12845,1,0
D,G,D,6840,100,6840,1,0
D,H,D,1454,100,1454,1,0
A,E,E,1391,100,1391,1,0
B,E,E,7031,100,7031,1,0
C,E,E,7497,100,7497,1,0
D,E,E,9364,100,9364,1,0
E,F,E,7010,100,7010,1,0
E,G,E,7317,100,7317,1,0
E,H,E,9666,100,9666,1,0
A,F,F,7388,100,7388,1,0
B,F,F,1419,100,1419,1,0
C,F,F,7112,100,7112,1,0
D,F,F,12874,100,12874,1,0
E,F,F,6998,100,6998,1,0
F,G,F,6859,100,6859,1,0
F,H,F,13194,100,13194,1,0
A,G,G,7572,100,7572,1,0
B,G,G,6750,100,6750,1,0
C,G,G,1363,100,1363,1,0
D,G,G,6803,100,6803,1,0
E,G,G,7305,100,7305,1,0
F,G,G,6877,100,6877,1,0
G,H,G,7005,100,7005,1,0
A,H,H,9670,100,9670,1,0
B,H,H,13004,100,13004,1,0
C,H,H,7091,100,7091,1,0
D,H,H,1472,100,1472,1,0
E,H,H,9649,100,9649,1,0
F,H,H,13286,100,13286,1,0
G,H,H,7038,100,7038,1,0
A,B,A,7169,100,7169,1,0
A,C,A,7554,100,7554,1,0
A,D,A,9218,100,9218,1,0
A,E,A,1396,100,1396,1,0
A,F,A,7387,100,7387,1,0
A,G,A,7571,100,7571,1,0
A,H,A,9725,100,9725,1,0
A,B,B,7161,100,7161,1,0
B,C,B,6713,100,6713,1,0
B,D,B,12563,100,12563,1,0
B,E,B,7057,100,7057,1,0
B,F,B,1446,100,1446,1,0
B,G,B,6729,100,6729,1,0
B,H,B,13035,100,13035,1,0
A,C,C,7577,100,7577,1,0
B,C,C,6746,100,6746,1,0
C,D,C,6608,100,6608,1,0
C,E,C,7582,100,7582,1,0
C,F,C,7134,100,7134,1,0
C,G,C,1410,100,1410,1,0
C,H,C,7106,100,7106,1,0
A,D,D,9204,100,9204,1,0
B,D,D,12545,100,12545,1,0
C,D,D,6620,100,6620,1,0
D,E,D,9383,100,9383,1,0
D,F,D,12855,100,12855,1,0
D,G,D,6791,100,6791,1,0
D,H,D,1436,100,1436,1,0
A,E,E,1402,100,1402,1,0
B,E,E,7019,100,7019,1,0
C,E,E,7543,100,7543,1,0
D,E,E,9422,100,9422,1,0
E,F,E,7005,100,7005,1,0
E,G,E,7320,100,7320,1,0
E,H,E,9639,100,9639,1,0
A,F,F,7362,100,7362,1,0
B,F,F,1412,100,1412,1,0
C,F,F,7120,100,7120,1,0
D,F,F,12861,100,12861,1,0
E,F,F,7008,100,7008,1,0
F,G,F,6891,100,6891,1,0
F,H,F,13256,100,13256,1,0
A,G,G,7563,100,7563,1,0
B,G,G,6794,100,6794,1,0
C,G,G,1399,100,1399,1,0
D,G,G,6781,100,6781,1,0
E,G,G,7289,100,7289,1,0
F,G,G,6879,100,6879,1,0
G,H,G,7005,100,7005,1,0
A,H,H,9737,100,9737,1,0
B,H,H,13009,100,13009,1,0
C,H,H,7129,100,7129,1,0
D,H,H,1417,100,1417,1,0
E,H,H,9669,100,9669,1,0
F,H,H,13229,100,13229,1,0
G,H,H,7044,100,7044,1,0
A,B,A,7166,100,7166,1,0
A,C,A,7583,100,7583,1,0
A,D,A,9194,100,9194,1,0
A,E,A,1378,100,1378,1,0
A,F,A,7373,100,7373,1,0
A,G,A,7616,100,7616,1,0
A,H,A,9714,100,9714,1,0
A,B,B,7186,100,7186,1,0
B,C,B,6706,100,6706,1,0
B,D,B,12489,100,12489,1,0
B,E,B,7044,100,7044,1,0
B,F,B,1462,100,1462,1,0
B,G,B,6745,100,6745,1,0
B,H,B,13023,100,13023,1,0
A,C,C,7579,100,7579,1,0
B,C,C,6724,100,6724,1,0
C,D,C,6564,100,6564,1,0
C,E,C,7570,100,7570,1,0
C,F,C,7136,100,7136,1,0
C,G,C,1322,100,1322,1,0
C,H,C,7089,100,7089,1,0
A,D,D,9187,100,9187,1,0
B,D,D,12531,100,12531,1,0
C,D,D,6582,100,6582,1,0
D,E,D,9380,100,9380,1,0
D,F,D,12895,100,12895,1,0
D,G,D,6814,100,6814,1,0
D,H,D,1437,100,1437,1,0
A,E,E,1398,100,1398,1,0
B,E,E,7070,100,7070,1,0
C,E,E,7575,100,7575,1,0
D,E,E,9353,100,9353,1,0
E,F,E,6955,100,6955,1,0
E,G,E,7308,100,7308,1,0
E,H,E,9673,100,9673,1,0
A,F,F,7340,100,7340,1,0
B,F,F,1443,100,1443,1,0
C,F,F,7134,100,7134,1,0
D,F,F,12863,100,12863,1,0
E,F,F,7017,100,7017,1,0
F,G,F,6887,100,6887,1,0
F,H,F,13186,100,13186,1,0
A,G,G,7573,100,7573,1,0
B,G,G,6736,100,6736,1,0
C,G,G,1355,100,1355,1,0
D,G,G,6819,100,6819,1,0
E,G,G,7297,100,7297,1,0
F,G,G,6884,100,6884,1,0
G,H,G,7055,100,7055,1,0
A,H,H,9651,100,9651,1,0
B,H,H,13036,100,13036,1,0
C,H,H,7097,100,7097,1,0
D,H,H,1511,100,1511,1,0
E,H,H,9682,100,9682,1,0
F,H,H,13231,100,13231,1,0
G,H,H,7071,100,7071,1,0
A,B,A,7168,100,7168,1,0
A,C,A,7617,100,7617,1,0
A,D,A,9216,100,9216,1,0
A,E,A,1354,100,1354,1,0
A,F,A,7361,100,7361,1,0
A,G,A,7585,100,7585,1,0
A,H,A,9725,100,9725,1,0
A,B,B,7148,100,7148,1,0
B,C,B,6686,100,6686,1,0
B,D,B,12547,100,12547,1,0
B,E,B,7073,100,7073,1,0
B,F,B,1430,100,1430,1,0
B,G,B,6742,100,6742,1,0
B,H,B,13030,100,13030,1,0
A,C,C,7588,100,7588,1,0
B,C,C,6685,100,6685,1,0
C,D,C,6587,100,6587,1,0
C,E,C,7530,100,7530,1,0
C,F,C,7118,100,7118,1,0
C,G,C,1363,100,1363,1,0
C,H,C,7100,100,7100,1,0
A,D,D,9205,100,9205,1,0
B,D,D,12536,100,12536,1,0
C,D,D,6603,100,6603,1,0
D,E,D,9362,100,9362,1,0
D,F,D,12873,100,12873,1,0
D,G,D,6833,100,6833,1,0
D,H,D,1471,100,1471,1,0
A,E,E,1394,100,1394,1,0
B,E,E,7017,100,7017,1,0
C,E,E,7553,100,7553,1,0
D,E,E,9292,100,9292,1,0
E,F,E,6998,100,6998,1,0
E,G,E,7289,100,7289,1,0
E,H,E,9647,100,9647,1,0
A,F,F,7368,100,7368,1,0
B,F,F,1448,100,1448,1,0
C,F,F,7099,100,7099,1,0
D,F,F,12882,100,12882,1,0
E,F,F,7018,100,7018,1,0
F,G,F,6893,100,6893,1,0
F,H,F,13210,100,13210,1,0
A,G,G,7556,100,7556,1,0
B,G,G,6725,100,6725,1,0
C,G,G,1356,100,1356,1,0
D,G,G,6804,100,6804,1,0
E,G,G,7284,100,7284,1,0
F,G,G,6917,100,6917,1,0
G,H,G,7071,100,7071,1,0
A,H,H,9716,100,9716,1,0
B,H,H,13019,100,13019,1,0
C,H,H,7139,100,7139,1,0
D,H,H,1443,100,1443,1,0
E,H,H,9642,100,9642,1,0
F,H,H,13189,100,13189,1,0
G,H,H,7031,100,7031,1,0
A,B,A,7155,100,7155,1,0
A,C,A,7574,100,7574,1,0
A,D,A,9200,100,9200,1,0
A,E,A,1388,100,1388,1,0
A,F,A,7366,100,7366,1,0
A,G,A,7607,100,7607,1,0
A,H,A,9680,100,9680,1,0
A,B,B,7178,100,7178,1,0
B,C,B,6687,100,6687,1,0
B,D,B,12514,100,12514,1,0
B,E,B,7050,100,7050,1,0
B,F,B,1374,100,1374,1,0
B,G,B,6757,100,6757,1,0
B,H,B,13057,100,13057,1,0
A,C,C,7558,100,7558,1,0
B,C,C,6740,100,6740,1,0
C,D,C,6619,100,6619,1,0
C,E,C,7521,100,7521,1,0
C,F,C,7119,100,7119,1,0
C,G,C,1352,100,1352,1,0
C,H,C,7120,100,7120,1,0
A,D,D,9208,100,9208,1,0
B,D,D,12549,100,12549,1,0
C,D,D,6623,100,6623,1,0
D,E,D,9362,100,9362,1,0
D,F,D,12868,100,12868,1,0
D,G,D,6818,100,6818,1,0
D,H,D,1410,100,1410,1,0
A,E,E,1315,100,1315,1,0
B,E,E,7068,100,7068,1,0
C,E,E,7498,100,7498,1,0
D,E,E,9388,100,9388,1,0
E,F,E,6964,100,6964,1,0
E,G,E,7305,100,7305,1,0
E,H,E,9652,100,9652,1,0
A,F,F,7371,100,7371,1,0
B,F,F,1440,100,1440,1,0
C,F,F,7097,100,7097,1,0
D,F,F,12912,100,12912,1,0
E,F,F,7064,100,7064,1,0
F,G,F,6859,100,6859,1,0
F,H,F,13270,100,13270,1,0
A,G,G,7593,100,7593,1,0
B,G,G,6727,100,6727,1,0
C,G,G,1360,100,1360,1,0
D,G,G,6824,100,6824,1,0
E,G,G,7303,100,7303,1,0
F,G,G,6881,100,6881,1,0
G,H,G,7078,100,7078,1,0
A,H,H,9714,100,9714,1,0
B,H,H,13054,100,13054,1,0
C,H,H,7131,100,7131,1,0
D,H,H,1479,100,1479,1,0
E,H,H,9652,100,9652,1,0
F,H,H,13224,100,13224,1,0
G,H,H,7070,100,7070,1,0
A,B,A,7141,100,7141,1,0
A,C,A,7638,100,7638,1,0
A,D,A,9196,100,9196,1,0
A,E,A,1402,100,1402,1,0
A,F,A,7373,100,7373,1,0
A,G,A,7572,100,7572,1,0
A,H,A,9691,100,9691,1,0
A,B,B,7191,100,7191,1,0
B,C,B,6705,100,6705,1,0
B,D,B,12505,100,12505,1,0
B,E,B,7123,100,7123,1,0
B,F,B,1401,100,1401,1,0
B,G,B,6778,100,6778,1,0
B,H,B,13032,100,13032,1,0
A,C,C,7506,100,7506,1,0
B,C,C,6727,100,6727,1,0
C,D,C,6606,100,6606,1,0
C,E,C,7538,100,7538,1,0
C,F,C,7127,100,7127,1,0
C,G,C,1352,100,1352,1,0
C,H,C,7134,100,7134,1,0
A,D,D,9221,100,9221,1,0
B,D,D,12557,100,12557,1,0
C,D,D,6598,100,6598,1,0
D,E,D,9396,100,9396,1,0
D,F,D,12881,100,12881,1,0
D,G,D,6795,100,6795,1,0
D,H,D,1468,100,1468,1,0
A,E,E,1371,100,1371,1,0
B,E,E,7004,100,7004,1,0
C,E,E,7513,100,7513,1,0
D,E,E,9354,100,9354,1,0
E,F,E,6975,100,6975,1,0
E,G,E,7297,100,7297,1,0
E,H,E,9620,100,9620,1,0
A,F,F,7365,100,7365,1,0
B,F,F,1404,100,1404,1,0
C,F,F,7138,100,7138,1,0
D,F,F,12828,100,12828,1,0
E,F,F,7013,100,7013,1,0
F,G,F,6893,100,6893,1,0
F,H,F,13233,100,13233,1,0
A,G,G,7602,100,7602,1,0
B,G,G,6765,100,6765,1,0
C,G,G,1394,100,1394,1,0
D,G,G,6803,100,6803,1,0
E,G,G,7312,100,7312,1,0
F,G,G,6862,100,6862,1,0
G,H,G,7067,100,7067,1,0
A,H,H,9670,100,9670,1,0
B,H,H,13047,100,13047,1,0
C,H,H,7089,100,7089,1,0
D,H,H,1387,100,1387,1,0
E,H,H,9627,100,9627,1,0
F,H,H,13209,100,13209,1,0
G,H,H,7037,100,7037,1,0
A,B,A,7171,100,7171,1,0
A,C,A,7598,100,7598,1,0
A,D,A,9190,100,9190,1,0
A,E,A,1381,100,1381,1,0
A,F,A,7379,100,7379,1,0
A,G,A,7583,100,7583,1,0
A,H,A,9709,100,9709,1,0
A,B,B,7122,100,7122,1,0
B,C,B,6691,100,6691,1,0
B,D,B,12557,100,12557,1,0
B,E,B,7016,100,7016,1,0
B,F,B,1442,100,1442,1,0
B,G,B,6763,100,6763,1,0
B,H,B,13048,100,13048,1,0
A,C,C,7608,100,7608,1,0
B,C,C,6746,100,6746,1,0
C,D,C,6617,100,6617,1,0
C,E,C,7571,100,7571,1,0
C,F,C,7124,100,7124,1,0
C,G,C,1375,100,1375,1,0
C,H,C,7089,100,7089,1,0
A,D,D,9205,100,9205,1,0
B,D,D,12547,100,12547,1,0
C,D,D,6614,100,6614,1,0
D,E,D,9372,100,9372,1,0
D,F,D,12913,100,12913,1,0
D,G,D,6803,100,6803,1,0
D,H,D,1460,100,1460,1,0
A,E,E,1361,100,1361,1,0
B,E,E,7053,100,7053,1,0
C,E,E,7486,100,7486,1,0
D,E,E,9322,100,9322,1,0
E,F,E,7001,100,7001,1,0
E,G,E,7311,100,7311,1,0
E,H,E,9644,100,9644,1,0
A,F,F,7385,100,7385,1,0
B,F,F,1410,100,1410,1,0
C,F,F,7127,100,7127,1,0
D,F,F,12871,100,12871,1,0
E,F,F,7039,100,7039,1,0
F,G,F,6861,100,6861,1,0
F,H,F,13213,100,13213,1,0
A,G,G,7563,100,7563,1,0
B,G,G,6762,100,6762,1,0
C,G,G,1366,100,1366,1,0
D,G,G,6828,100,6828,1,0
E,G,G,7318,100,7318,1,0
F,G,G,6878,100,6878,1,0
G,H,G,7052,100,7052,1,0
A,H,H,9703,100,9703,1,0
B,H,H,13054,100,13054,1,0
C,H,H,7151,100,7151,1,0
D,H,H,1375,100,1375,1,0
E,H,H,9666,100,9666,1,0
F,H,H,13205,100,13205,1,0
G,H,H,7067,100,7067,1,0
A,B,A,7142,100,7142,1,0
A,C,A,7532,100,7532,1,0
A,D,A,9209,100,9209,1,0
A,E,A,1392,100,1392,1,0
A,F,A,7383,100,7383,1,0
A,G,A,7604,100,7604,1,0
A,H,A,9705,100,9705,1,0
A,B,B,7128,100,7128,1,0
B,C,B,6722,100,6722,1,0
B,D,B,12534,100,12534,1,0
B,E,B,7054,100,7054,1,0
B,F,B,1424,100,1424,1,0
B,G,B,6761,100,6761,1,0
B,H,B,13091,100,13091,1,0
A,C,C,7572,100,7572,1,0
B,C,C,6709,100,6709,1,0
C,D,C,6601,100,6601,1,0
C,E,C,7572,100,7572,1,0
C,F,C,7121,100,7121,1,0
C,G,C,1340,100,1340,1,0
C,H,C,7076,100,7076,1,0
A,D,D,9216,100,9216,1,0
B,D,D,12531,100,12531,1,0
C,D,D,6633,100,6633,1,0
D,E,D,9330,100,9330,1,0
D,F,D,12871,100,12871,1,0
D,G,D,6816,100,6816,1,0
D,H,D,1453,100,1453,1,0
A,E,E,1355,100,1355,1,0
B,E,E,7014,100,7014,1,0
C,E,E,7537,100,7537,1,0
D,E,E,9339,100,9339,1,0
E,F,E,6999,100,6999,1,0
E,G,E,7318,100,7318,1,0
E,H,E,9636,100,9636,1,0
A,F,F,7357,100,7357,1,0
B,F,F,1432,100,1432,1,0
C,F,F,7133,100,7133,1,0
D,F,F,12853,100,12853,1,0
E,F,F,6998,100,6998,1,0
F,G,F,6884,100,6884,1,0
F,H,F,13282,100,13282,1,0
A,G,G,7587,100,7587,1,0
B,G,G,6775,100,6775,1,0
C,G,G,1381,100,1381,1,0
D,G,G,6776,100,6776,1,0
E,G,G,7311,100,7311,1,0
F,G,G,6885,100,6885,1,0
G,H,G,7004,100,7004,1,0
A,H,H,9690,100,9690,1,0
B,H,H,13080,100,13080,1,0
C,H,H,7122,100,7122,1,0
D,H,H,1505,100,1505,1,0
E,H,H,9653,100,9653,1,0
F,H,H,13229,100,13229,1,0
G,H,H,7024,100,7024,1,0
A,B,A,7155,100,7155,1,0
A,C,A,7631,100,7631,1,0
A,D,A,9226,100,9226,1,0
A,E,A,1357,100,1357,1,0
A,F,A,7393,100,7393,1,0
A,G,A,7554,100,7554,1,0
A,H,A,9742,100,9742,1,0
A,B,B,7172,100,7172,1,0
B,C,B,6710,100,6710,1,0
B,D,B,12528,100,12528,1,0
B,E,B,7067,100,7067,1,0
B,F,B,1422,100,1422,1,0
B,G,B,6753,100,6753,1,0
B,H,B,13061,100,13061,1,0
A,C,C,7551,100,7551,1,0
B,C,C,6712,100,6712,1,0
C,D,C,6584,100,6584,1,0
C,E,C,7543,100,7543,1,0
C,F,C,7099,100,7099,1,0
C,G,C,1337,100,1337,1,0
C,H,C,7139,100,7139,1,0
A,D,D,9208,100,9208,1,0
B,D,D,12529,100,12529,1,0
C,D,D,6596,100,6596,1,0
D,E,D,9379,100,9379,1,0
D,F,D,12875,100,12875,1,0
D,G,D,6831,100,6831,1,0
D,H,D,1438,100,1438,1,0
A,E,E,1381,100,1381,1,0
B,E,E,7061,100,7061,1,0
C,E,E,7566,100,7566,1,0
D,E,E,9290,100,9290,1,0
E,F,E,6995,100,6995,1,0
E,G,E,7293,100,7293,1,0
E,H,E,9697,100,9697,1,0
A,F,F,7328,100,7328,1,0
B,F,F,1459,100,1459,1,0
C,F,F,7105,100,7105,1,0
D,F,F,12843,100,12843,1,0
E,F,F,7016,100,7016,1,0
F,G,F,6861,100,6861,1,0
F,H,F,13272,100,13272,1,0
A,G,G,7612,100,7612,1,0
B,G,G,6728,100,6728,1,0
C,G,G,1350,100,1350,1,0
D,G,G,6821,100,6821,1,0
E,G,G,7334,100,7334,1,0
F,G,G,6886,100,6886,1,0
G,H,G,7024,100,7024,1,0
A,H,H,9698,100,9698,1,0
B,H,H,12980,100,12980,1,0
C,H,H,7115,100,7115,1,0
D,H,H,1468,100,1468,1,0
E,H,H,9639,100,9639,1,0
F,H,H,13248,100,13248,1,0
G,H,H,7079,100,7079,1,0
A,B,A,7161,100,7161,1,0
A,C,A,7615,100,7615,1,0
A,D,A,9220,100,9220,1,0
A,E,A,1361,100,1361,1,0
A,F,A,7405,100,7405,1,0
A,G,A,7555,100,7555,1,0
A,H,A,9714,100,9714,1,0
A,B,B,7145,100,7145,1,0
B,C,B,6702,100,6702,1,0
B,D,B,12573,100,12573,1,0
B,E,B,7018,100,7018,1,0
B,F,B,1440,100,1440,1,0
B,G,B,6756,100,6756,1,0
B,H,B,13101,100,13101,1,0
A,C,C,7605,100,7605,1,0
B,C,C,6728,100,6728,1,0
C,D,C,6610,100,6610,1,0
C,E,C,7574,100,7574,1,0
C,F,C,7135,100,7135,1,0
C,G,C,1353,100,1353,1,0
C,H,C,7099,100,7099,1,0
A,D,D,9212,100,9212,1,0
B,D,D,12529,100,12529,1,0
C,D,D,6621,100,6621,1,0
D,E,D,9367,100,9367,1,0
D,F,D,12863,100,12863,1,0
D,G,D,6790,100,6790,1,0
D,H,D,1440,100,1440,1,0
A,E,E,1339,100,1339,1,0
B,E,E,7006,100,7006,1,0
C,E,E,7563,100,7563,1,0
D,E,E,9430,100,9430,1,0
E,F,E,7050,100,7050,1,0
E,G,E,7313,100,7313,1,0
E,H,E,9672,100,9672,1,0
A,F,F,7366,100,7366,1,0
B,F,F,1439,100,1439,1,0
C,F,F,7118,100,7118,1,0
D,F,F,12888,100,12888,1,0
E,F,F,7035,100,7035,1,0
F,G,F,6893,100,6893,1,0
F,H,F,13264,100,13264,1,0
A,G,G,7567,100,7567,1,0
B,G,G,6744,100,6744,1,0
C,G,G,1358,100,1358,1,0
D,G,G,6830,100,6830,1,0
E,G,G,7305,100,7305,1,0
F,G,G,6867,100,6867,1,0
G,H,G,7047,100,7047,1,0
A,H,H,9674,100,9674,1,0
B,H,H,13057,100,13057,1,0
C,H,H,7142,100,7142,1,0
D,H,H,1496,100,1496,1,0
E,H,H,9653,100,9653,1,0
F,H,H,13240,100,13240,1,0
G,H,H,7071,100,7071,1,0
A,B,A,7178,100,7178,1,0
A,C,A,7527,100,7527,1,0
A,D,A,9209,100,9209,1,0
A,E,A,1372,100,1372,1,0
A,F,A,7345,100,7345,1,0
A,G,A,7606,100,7606,1,0
A,H,A,9691,100,9691,1,0
A,B,B,7140,100,7140,1,0
B,C,B,6727,100,6727,1,0
B,D,B,12514,100,12514,1,0
B,E,B,7027,100,7027,1,0
B,F,B,1435,100,1435,1,0
B,G,B,6762,100,6762,1,0
B,H,B,13072,100,13072,1,0
A,C,C,7603,100,7603,1,0
B,C,C,6752,100,6752,1,0
C,D,C,6563,100,6563,1,0
C,E,C,7557,100,7557,1,0
C,F,C,7102,100,7102,1,0
C,G,C,1364,100,1364,1,0
C,H,C,7118,100,7118,1,0
A,D,D,9193,100,9193,1,0
B,D,D,12533,100,12533,1,0
C,D,D,6552,100,6552,1,0
D,E,D,9295,100,9295,1,0
D,F,D,12892,100,12892,1,0
D,G,D,6777,100,6777,1,0
D,H,D,1403,100,1403,1,0
A,E,E,1395,100,1395,1,0
B,E,E,7038,100,7038,1,0
C,E,E,7539,100,7539,1,0
D,E,E,9373,100,9373,1,0
E,F,E,7004,100,7004,1,0
E,G,E,7307,100,7307,1,0
E,H,E,9662,100,9662,1,0
A,F,F,7385,100,7385,1,0
B,F,F,1448,100,1448,1,0
C,F,F,7123,100,7123,1,0
D,F,F,12867,100,12867,1,0
E,F,F,6983,100,6983,1,0
F,G,F,6865,100,6865,1,0
F,H,F,13177,100,13177,1,0
A,G,G,7525,100,7525,1,0
B,G,G,6792,100,6792,1,0
C,G,G,1325,100,1325,1,0
D,G,G,6805,100,6805,1,0
E,G,G,7314,100,7314,1,0
F,G,G,6888,100,6888,1,0
G,H,G,7052,100,7052,1,0
A,H,H,9676,100,9676,1,0
B,H,H,13043,100,13043,1,0
C,H,H,7111,100,7111,1,0
D,H,H,1396,100,1396,1,0
E,H,H,9636,100,9636,1,0
F,H,H,13230,100,13230,1,0
G,H,H,7074,100,7074,1,0
A,B,A,7179,100,7179,1,0
A,C,A,7558,100,7558,1,0
A,D,A,9227,100,9227,1,0
A,E,A,1382,100,1382,1,0
A,F,A,7385,100,7385,1,0
A,G,A,7523,100,7523,1,0
A,H,A,9688,100,9688,1,0
A,B,B,7171,100,7171,1,0
B,C,B,6729,100,6729,1,0
B,D,B,12547,100,12547,1,0
B,E,B,7036,100,7036,1,0
B,F,B,1400,100,1400,1,0
B,G,B,6755,100,6755,1,0
B,H,B,13013,100,13013,1,0
A,C,C,7558,100,7558,1,0
B,C,C,6730,100,6730,1,0
C,D,C,6596,100,6596,1,0
C,E,C,7495,100,7495,1,0
C,F,C,7157,100,7157,1,0
C,G,C,1404,100,1404,1,0
C,H,C,7079,100,7079,1,0
A,D,D,9180,100,9180,1,0
B,D,D,12510,100,12510,1,0
C,D,D,6615,100,6615,1,0
D,E,D,9359,100,9359,1,0
D,F,D,12861,100,12861,1,0
D,G,D,6820,100,6820,1,0
D,H,D,1493,100,1493,1,0
A,E,E,1396,100,1396,1,0
B,E,E,7051,100,7051,1,0
C,E,E,7573,100,7573,1,0
D,E,E,9368,100,9368,1,0
E,F,E,7023,100,7023,1,0
E,G,E,7302,100,7302,1,0
E,H,E,9663,100,9663,1,0
A,F,F,7360,100,7360,1,0
B,F,F,1444,100,1444,1,0
C,F,F,7094,100,7094,1,0
D,F,F,12881,100,12881,1,0
E,F,F,6982,100,6982,1,0
F,G,F,6900,100,6900,1,0
F,H,F,13226,100,13226,1,0
A,G,G,7606,100,7606,1,0
B,G,G,6741,100,6741,1,0
C,G,G,1336,100,1336,1,0
D,G,G,6797,100,6797,1,0
E,G,G,7267,100,7267,1,0
F,G,G,6914,100,6914,1,0
G,H,G,7064,100,7064,1,0
A,H,H,9776,100,9776,1,0
B,H,H,13080,100,13080,1,0
C,H,H,7093,100,7093,1,0
D,H,H,1497,100,1497,1,0
E,H,H,9661,100,9661,1,0
F,H,H,13258,100,13258,1,0
G,H,H,7026,100,7026,1,0
A,B,A,7135,100,7135,1,0
A,C,A,7568,100,7568,1,0
A,D,A,9203,100,9203,1,0
A,E,A,1360,100,1360,1,0
A,F,A,7395,100,7395,1,0
A,G,A,7570,100,7570,1,0
A,H,A,9701,100,9701,1,0
A,B,B,7132,100,7132,1,0
B,C,B,6731,100,6731,1,0
B,D,B,12508,100,12508,1,0
B,E,B,6999,100,6999,1,0
B,F,B,1456,100,1456,1,0
B,G,B,6773,100,6773,1,0
B,H,B,13073,100,13073,1,0
A,C,C,7555,100,7555,1,0
B,C,C,6731,100,6731,1,0
C,D,C,6637,100,6637,1,0
C,E,C,7528,100,7528,1,0
C,F,C,7123,100,7123,1,0
C,G,C,1336,100,1336,1,0
C,H,C,7093,100,7093,1,0
A,D,D,9203,100,9203,1,0
B,D,D,12555,100,12555,1,0
C,D,D,6620,100,6620,1,0
D,E,D,9379,100,9379,1,0
D,F,D,12885,100,12885,1,0
D,G,D,6817,100,6817,1,0
D,H,D,1434,100,1434,1,0
A,E,E,1385,100,1385,1,0
B,E,E,7022,100,7022,1,0
C,E,E,7547,100,7547,1,0
D,E,E,9295,100,9295,1,0
E,F,E,6998,100,6998,1,0
E,G,E,7313,100,7313,1,0
E,H,E,9659,100,9659,1,0
A,F,F,7371,100,7371,1,0
B,F,F,1425,100,1425,1,0
C,F,F,7128,100,7128,1,0
D,F,F,12891,100,12891,1,0
E,F,F,6975,100,6975,1,0
F,G,F,6877,100,6877,1,0
F,H,F,13231,100,13231,1,0
A,G,G,7618,100,7618,1,0
B,G,G,6748,100,6748,1,0
C,G,G,1393,100,1393,1,0
D,G,G,6822,100,6822,1,0
E,G,G,7298,100,7298,1,0
F,G,G,6885,100,6885,1,0
G,H,G,7026,100,7026,1,0
A,H,H,9692,100,9692,1,0
B,H,H,12994,100,12994,1,0
C,H,H,7068,100,7068,1,0
D,H,H,1480,100,1480,1,0
E,H,H,9651,100,9651,1,0
F,H,H,13211,100,13211,1,0
G,H,H,7048,100,7048,1,0
A,B,A,7159,100,7159,1,0
A,C,A,7546,100,7546,1,0
A,D,A,9196,100,9196,1,0
A,E,A,1340,100,1340,1,0
A,F,A,7400,100,7400,1,0
A,G,A,7553,100,7553,1,0
A,H,A,9708,100,9708,1,0
A,B,B,7146,100,7146,1,0
B,C,B,6689,100,6689,1,0
B,D,B,12524,100,12524,1,0
B,E,B,7058,100,7058,1,0
B,F,B,1447,100,1447,1,0
B,G,B,6769,100,6769,1,0
B,H,B,13053,100,13053,1,0
A,C,C,7537,100,7537,1,0
B,C,C,6736,100,6736,1,0
C,D,C,6585,100,6585,1,0
C,E,C,7567,100,7567,1,0
C,F,C,7134,100,7134,1,0
C,G,C,1329,100,1329,1,0
C,H,C,7116,100,7116,1,0
A,D,D,9225,100,9225,1,0
B,D,D,12513,100,12513,1,0
C,D,D,6627,100,6627,1,0
D,E,D,9365,100,9365,1,0
D,F,D,12868,100,12868,1,0
D,G,D,6797,100,6797,1,0
D,H,D,1412,100,1412,1,0
A,E,E,1393,100,1393,1,0
B,E,E,7028,100,7028,1,0
C,E,E,7527,100,7527,1,0
D,E,E,9340,100,9340,1,0
E,F,E,6986,100,6986,1,0
E,G,E,7339,100,7339,1,0
E,H,E,9624,100,9624,1,0
A,F,F,7359,100,7359,1,0
B,F,F,1432,100,1432,1,0
C,F,F,7127,100,7127,1,0
D,F,F,12853,100,12853,1,0
E,F,F,6985,100,6985,1,0
F,G,F,6868,100,6868,1,0
F,H,F,13214,100,13214,1,0
A,G,G,7528,100,7528,1,0
B,G,G,6754,100,6754,1,0
C,G,G,1359,100,1359,1,0
D,G,G,6791,100,6791,1,0
E,G,G,7292,100,7292,1,0
F,G,G,6896,100,6896,1,0
G,H,G,7044,100,7044,1,0
A,H,H,9683,100,9683,1,0
B,H,H,12987,100,12987,1,0
C,H,H,7143,100,7143,1,0
D,H,H,1484,100,1484,1,0
E,H,H,9652,100,9652,1,0
F,H,H,13275,100,13275,1,0
G,H,H,7015,100,7015,1,0
A,B,A,7183,100,7183,1,0
A,C,A,7601,100,7601,1,0
A,D,A,9194,100,9194,1,0
A,E,A,1380,100,1380,1,0
A,F,A,7375,100,7375,1,0
A,G,A,7623,100,7623,1,0
A,H,A,9632,100,9632,1,0
A,B,B,7171,100,7171,1,0
B,C,B,6696,100,6696,1,0
B,D,B,12508,100,12508,1,0
B,E,B,7046,100,7046,1,0
B,F,B,1429,100,1429,1,0
B,G,B,6754,100,6754,1,0
B,H,B,13042,100,13042,1,0
A,C,C,7587,100,7587,1,0
B,C,C,6735,100,6735,1,0
C,D,C,6565,100,6565,1,0
C,E,C,7587,100,7587,1,0
C,F,C,7130,100,7130,1,0
C,G,C,1349,100,1349,1,0
C,H,C,7094,100,7094,1,0
A,D,D,9180,100,9180,1,0
B,D,D,12543,100,12543,1,0
C,D,D,6608,100,6608,1,0
D,E,D,9346,100,9346,1,0
D,F,D,12846,100,12846,1,0
D,G,D,6846,100,6846,1,0
D,H,D,1488,100,1488,1,0
A,E,E,1399,100,1399,1,0
B,E,E,7024,100,7024,1,0
C,E,E,7454,100,7454,1,0
D,E,E,9384,100,9384,1,0
E,F,E,7002,100,7002,1,0
E,G,E,7335,100,7335,1,0
E,H,E,9724,100,9724,1,0
A,F,F,7346,100,7346,1,0
B,F,F,1442,100,1442,1,0
C,F,F,7127,100,7127,1,0
D,F,F,12872,100,12872,1,0
E,F,F,7019,100,7019,1,0
F,G,F,6868,100,6868,1,0
F,H,F,13256,100,13256,1,0
A,G,G,7587,100,7587,1,0
B,G,G,6761,100,6761,1,0
C,G,G,1366,100,1366,1,0
D,G,G,6821,100,6821,1,0
E,G,G,7326,100,7326,1,0
F,G,G,6889,100,6889,1,0
G,H,G,7034,100,7034,1,0
A,H,H,9706,100,9706,1,0
B,H,H,13058,100,13058,1,0
C,H,H,7110,100,7110,1,0
D,H,H,1421,100,1421,1,0
E,H,H,9674,100,9674,1,0
F,H,H,13219,100,13219,1,0
G,H,H,7025,100,7025,1,0
A,B,A,7129,100,7129,1,0
A,C,A,7572,100,7572,1,0
A,D,A,9199,100,9199,1,0
A,E,A,1331,100,1331,1,0
A,F,A,7440,100,7440,1,0
A,G,A,7619,100,7619,1,0
A,H,A,9717,100,9717,1,0
A,B,B,7121,100,7121,1,0
B,C,B,6701,100,6701,1,0
B,D,B,12504,100,12504,1,0
B,E,B,7034,100,7034,1,0
B,F,B,1453,100,1453,1,0
B,G,B,6755,100,6755,1,0
B,H,B,12975,100,12975,1,0
A,C,C,7579,100,7579,1,0
B,C,C,6741,100,6741,1,0
C,D,C,6628,100,6628,1,0
C,E,C,7530,100,7530,1,0
C,F,C,7117,100,7117,1,0
C,G,C,1332,100,1332,1,0
C,H,C,7128,100,7128,1,0
A,D,D,9194,100,9194,1,0
B,D,D,12537,100,12537,1,0
C,D,D,6618,100,6618,1,0
D,E,D,9337,100,9337,1,0
D,F,D,12856,100,12856,1,0
D,G,D,6800,100,6800,1,0
D,H,D,1498,100,1498,1,0
A,E,E,1346,100,1346,1,0
B,E,E,7074,100,7074,1,0
C,E,E,7534,100,7534,1,0
D,E,E,9370,100,9370,1,0
E,F,E,6954,100,6954,1,0
E,G,E,7306,100,7306,1,0
E,H,E,9669,100,9669,1,0
A,F,F,7412,100,7412,1,0
B,F,F,1432,100,1432,1,0
C,F,F,7130,100,7130,1,0
D,F,F,12881,100,12881,1,0
E,F,F,7013,100,7013,1,0
F,G,F,6865,100,6865,1,0
F,H,F,13250,100,13250,1,0
A,G,G,7537,100,7537,1,0
B,G,G,6759,100,6759,1,0
C,G,G,1366,100,1366,1,0
D,G,G,6812,100,6812,1,0
E,G,G,7304,100,7304,1,0
F,G,G,6910,100,6910,1,0
G,H,G,7041,100,7041,1,0
A,H,H,9705,100,9705,1,0
B,H,H,13058,100,13058,1,0
C,H,H,7107,100,7107,1,0
D,H,H,1469,100,1469,1,0
E,H,H,9646,100,9646,1,0
F,H,H,13246,100,13246,1,0
G,H,H,7005,100,7005,1,0
A,B,A,7162,100,7162,1,0
A,C,A,7609,100,7609,1,0
A,D,A,9177,100,9177,1,0
A,E,A,1396,100,1396,1,0
A,F,A,7350,100,7350,1,0
A,G,A,7600,100,7600,1,0
A,H,A,9705,100,9705,1,0
A,B,B,7158,100,7158,1,0
B,C,B,6705,100,6705,1,0
B,D,B,12543,100,12543,1,0
B,E,B,6995,100,6995,1,0
B,F,B,1443,100,1443,1,0
B,G,B,6759,100,6759,1,0
B,H,B,13023,100,13023,1,0
A,C,C,7598,100,7598,1,0
B,C,C,6702,100,6702,1,0
C,D,C,6603,100,6603,1,0
C,E,C,7552,100,7552,1,0
C,F,C,7119,100,7119,1,0
C,G,C,1370,100,1370,1,0
C,H,C,7079,100,7079,1,0
A,D,D,9194,100,9194,1,0
B,D,D,12532,100,12532,1,0
C,D,D,6592,100,6592,1,0
D,E,D,9310,100,9310,1,0
D,F,D,12856,100,12856,1,0
D,G,D,6804,100,6804,1,0
D,H,D,1457,100,1457,1,0
A,E,E,1303,100,1303,1,0
B,E,E,7045,100,7045,1,0
C,E,E,7548,100,7548,1,0
D,E,E,9365,100,9365,1,0
E,F,E,6989,100,6989,1,0
E,G,E,7326,100,7326,1,0
E,H,E,9640,100,9640,1,0
A,F,F,7373,100,7373,1,0
B,F,F,1452,100,1452,1,0
C,F,F,7107,100,7107,1,0
D,F,F,12896,100,12896,1,0
E,F,F,6996,100,6996,1,0
F,G,F,6871,100,6871,1,0
F,H,F,13221,100,13221,1,0
A,G,G,7528,100,7528,1,0
B,G,G,6777,100,6777,1,0
C,G,G,1322,100,1322,1,0
D,G,G,6806,100,6806,1,0
E,G,G,7280,100,7280,1,0
F,G,G,6923,100,6923,1,0
G,H,G,7053,100,7053,1,0
A,H,H,9709,100,9709,1,0
B,H,H,12998,100,12998,1,0
C,H,H,7090,100,7090,1,0
D,H,H,1452,100,1452,1,0
E,H,H,9676,100,9676,1,0
F,H,H,13260,100,13260,1,0
G,H,H,7022,100,7022,1,0
A,B,A,7165,100,7165,1,0
A,C,A,7584,100,7584,1,0
A,D,A,9198,100,9198,1,0
A,E,A,1370,100,1370,1,0
A,F,A,7386,100,7386,1,0
A,G,A,7570,100,7570,1,0
A,H,A,9709,100,9709,1,0
A,B,B,7180,100,7180,1,0
B,C,B,6699,100,6699,1,0
B,D,B,12511,100,12511,1,0
B,E,B,7048,100,7048,1,0
B,F,B,1441,100,1441,1,0
B,G,B,6738,100,6738,1,0
B,H,B,13031,100,13031,1,0
A,C,C,7532,100,7532,1,0
B,C,C,6700,100,6700,1,0
C,D,C,6588,100,6588,1,0
C,E,C,7561,100,7561,1,0
C,F,C,7142,100,7142,1,0
C,G,C,1357,100,1357,1,0
C,H,C,7059,100,7059,1,0
A,D,D,9205,100,9205,1,0
B,D,D,12531,100,12531,1,0
C,D,D,6601,100,6601,1,0
D,E,D,9423,100,9423,1,0
D,F,D,12885,100,12885,1,0
D,G,D,6803,100,6803,1,0
D,H,D,1495,100,1495,1,0
A,E,E,1344,100,1344,1,0
B,E,E,7009,100,7009,1,0
C,E,E,7551,100,7551,1,0
D,E,E,9373,100,9373,1,0
E,F,E,7013,100,7013,1,0
E,G,E,7301,100,7301,1,0
E,H,E,9677,100,9677,1,0
A,F,F,7350,100,7350,1,0
B,F,F,1447,100,1447,1,0
C,F,F,7098,100,7098,1,0
D,F,F,12846,100,12846,1,0
E,F,F,7010,100,7010,1,0
F,G,F,6874,100,6874,1,0
F,H,F,13221,100,13221,1,0
A,G,G,7554,100,7554,1,0
B,G,G,6758,100,6758,1,0
C,G,G,1395,100,1395,1,0
D,G,G,6812,100,6812,1,0
E,G,G,7284,100,7284,1,0
F,G,G,6903,100,6903,1,0
G,H,G,7057,100,7057,1,0
A,H,H,9690,100,9690,1,0
B,H,H,13075,100,13075,1,0
C,H,H,7136,100,7136,1,0
D,H,H,1476,100,1476,1,0
E,H,H,9689,100,9689,1,0
F,H,H,13243,100,13243,1,0
G,H,H,7064,100,7064,1,0
A,B,A,7199,100,7199,1,0
A,C,A,7608,100,7608,1,0
A,D,A,9202,100,9202,1,0
A,E,A,1341,100,1341,1,0
A,F,A,7395,100,7395,1,0
A,G,A,7587,100,7587,1,0
A,H,A,9738,100,9738,1,0
A,B,B,7180,100,7180,1,0
B,C,B,6698,100,6698,1,0
B,D,B,12566,100,12566,1,0
B,E,B,7028,100,7028,1,0
B,F,B,1430,100,1430,1,0
B,G,B,6741,100,6741,1,0
B,H,B,13079,100,13079,1,0
A,C,C,7528,100,7528,1,0
B,C,C,6715,100,6715,1,0
C,D,C,6628,100,6628,1,0
C,E,C,7531,100,7531,1,0
C,F,C,7119,100,7119,1,0
C,G,C,1356,100,1356,1,0
C,H,C,7108,100,7108,1,0
A,D,D,9186,100,9186,1,0
B,D,D,12534,100,12534,1,0
C,D,D,6602,100,6602,1,0
D,E,D,9344,100,9344,1,0
D,F,D,12854,100,12854,1,0
D,G,D,6767,100,6767,1,0
D,H,D,1442,100,1442,1,0
A,E,E,1380,100,1380,1,0
B,E,E,7048,100,7048,1,0
C,E,E,7539,100,7539,1,0
D,E,E,9304,100,9304,1,0
E,F,E,7004,100,7004,1,0
E,G,E,7328,100,7328,1,0
E,H,E,9668,100,9668,1,0
A,F,F,7358,100,7358,1,0
B,F,F,1433,100,1433,1,0
C,F,F,7105,100,7105,1,0
D,F,F,12858,100,12858,1,0
E,F,F,7005,100,7005,1,0
F,G,F,6905,100,6905,1,0
F,H,F,13263,100,13263,1,0
A,G,G,7580,100,7580,1,0
B,G,G,6800,100,6800,1,0
C,G,G,1325,100,1325,1,0
D,G,G,6795,100,6795,1,0
E,G,G,7292,100,7292,1,0
F,G,G,6891,100,6891,1,0
G,H,G,7025,100,7025,1,0
A,H,H,9666,100,9666,1,0
B,H,H,13043,100,13043,1,0
C,H,H,7095,100,7095,1,0
D,H,H,1460,100,1460,1,0
E,H,H,9664,100,9664,1,0
F,H,H,13215,100,13215,1,0
G,H,H,7028,100,7028,1,0
A,B,A,7120,100,7120,1,0
A,C,A,7521,100,7521,1,0
A,D,A,9227,100,9227,1,0
A,E,A,1386,100,1386,1,0
A,F,A,7383,100,7383,1,0
A,G,A,7619,100,7619,1,0
A,H,A,9695,100,9695,1,0
A,B,B,7146,100,7146,1,0
B,C,B,6699,100,6699,1,0
B,D,B,12505,100,12505,1,0
B,E,B,7019,100,7019,1,0
B,F,B,1456,100,1456,1,0
B,G,B,6754,100,6754,1,0
B,H,B,13040,100,13040,1,0
A,C,C,7571,100,7571,1,0
B,C,C,6714,100,6714,1,0
C,D,C,6632,100,6632,1,0
C,E,C,7542,100,7542,1,0
C,F,C,7093,100,7093,1,0
C,G,C,1349,100,1349,1,0
C,H,C,7105,100,7105,1,0
A,D,D,9187,100,9187,1,0
B,D,D,12536,100,12536,1,0
C,D,D,6623,100,6623,1,0
D,E,D,9299,100,9299,1,0
D,F,D,12906,100,12906,1,0
D,G,D,6782,100,6782,1,0
D,H,D,1429,100,1429,1,0
A,E,E,1336,100,1336,1,0
B,E,E,7050,100,7050,1,0
C,E,E,7527,100,7527,1,0
D,E,E,9334,100,9334,1,0
E,F,E,7001,100,7001,1,0
E,G,E,7296,100,7296,1,0
E,H,E,9640,100,9640,1,0
A,F,F,7354,100,7354,1,0
B,F,F,1431,100,1431,1,0
C,F,F,7107,100,7107,1,0
D,F,F,12902,100,12902,1,0
E,F,F,7003,100,7003,1,0
F,G,F,6868,100,6868,1,0
F,H,F,13238,100,13238,1,0
A,G,G,7534,100,7534,1,0
B,G,G,6751,100,6751,1,0
C,G,G,1397,100,1397,1,0
D,G,G,6838,100,6838,1,0
E,G,G,7323,100,7323,1,0
F,G,G,6906,100,6906,1,0
G,H,G,7016,100,7016,1,0
A,H,H,9710,100,9710,1,0
B,H,H,13032,100,13032,1,0
C,H,H,7104,100,7104,1,0
D,H,H,1449,100,1449,1,0
E,H,H,9649,100,9649,1,0
F,H,H,13216,100,13216,1,0
G,H,H,7038,100,7038,1,0
A,B,A,7123,100,7123,1,0
A,C,A,7616,100,7616,1,0
A,D,A,9196,100,9196,1,0
A,E,A,1357,100,1357,1,0
A,F,A,7333,100,7333,1,0
A,G,A,7615,100,7615,1,0
A,H,A,9698,100,9698,1,0
A,B,B,7160,100,7160,1,0
B,C,B,6681,100,6681,1,0
B,D,B,12517,100,12517,1,0
B,E,B,7047,100,7047,1,0
B,F,B,1447,100,1447,1,0
B,G,B,6758,100,6758,1,0
B,H,B,13060,100,13060,1,0
A,C,C,7634,100,7634,1,0
B,C,C,6722,100,6722,1,0
C,D,C,6641,100,6641,1,0
C,E,C,7577,100,7577,1,0
C,F,C,7084,100,7084,1,0
C,G,C,1343,100,1343,1,0
C,H,C,7133,100,7133,1,0
A,D,D,9211,100,9211,1,0
B,D,D,12557,100,12557,1,0
C,D,D,6587,100,6587,1,0
D,E,D,9386,100,9386,1,0
D,F,D,12851,100,12851,1,0
D,G,D,6780,100,6780,1,0
D,H,D,1449,100,1449,1,0
A,E,E,1361,100,1361,1,0
B,E,E,7030,100,7030,1,0
C,E,E,7546,100,7546,1,0
D,E,E,9294,100,9294,1,0
E,F,E,7019,100,7019,1,0
E,G,E,7328,100,7328,1,0
E,H,E,9654,100,9654,1,0
A,F,F,7346,100,7346,1,0
B,F,F,1448,100,1448,1,0
C,F,F,7138,100,7138,1,0
D,F,F,12867,100,12867,1,0
E,F,F,7002,100,7002,1,0
F,G,F,6887,100,6887,1,0
F,H,F,13211,100,13211,1,0
A,G,G,7537,100,7537,1,0
B,G,G,6678,100,6678,1,0
C,G,G,1359,100,1359,1,0
D,G,G,6818,100,6818,1,0
E,G,G,7303,100,7303,1,0
F,G,G,6892,100,6892,1,0
G,H,G,7018,100,7018,1,0
A,H,H,9676,100,9676,1,0
B,H,H,13052,100,13052,1,0
C,H,H,7086,100,7086,1,0
D,H,H,1415,100,1415,1,0
E,H,H,9673,100,9673,1,0
F,H,H,13215,100,13215,1,0
G,H,H,7069,100,7069,1,0
A,B,A,7146,100,7146,1,0
A,C,A,7562,100,7562,1,0
A,D,A,9210,100,9210,1,0
A,E,A,1329,100,1329,1,0
A,F,A,7384,100,7384,1,0
A,G,A,7545,100,7545,1,0
A,H,A,9681,100,9681,1,0
A,B,B,7157,100,7157,1,0
B,C,B,6717,100,6717,1,0
B,D,B,12512,100,12512,1,0
B,E,B,7034,100,7034,1,0
B,F,B,1439,100,1439,1,0
B,G,B,6754,100,6754,1,0
B,H,B,13031,100,13031,1,0
A,C,C,7608,100,7608,1,0
B,C,C,6724,100,6724,1,0
C,D,C,6582,100,6582,1,0
C,E,C,7549,100,7549,1,0
C,F,C,7130,100,7130,1,0
C,G,C,1354,100,1354,1,0
C,H,C,7120,100,7120,1,0
A,D,D,9189,100,9189,1,0
B,D,D,12540,100,12540,1,0
C,D,D,6628,100,6628,1,0
D,E,D,9309,100,9309,1,0
D,F,D,12823,100,12823,1,0
D,G,D,6779,100,6779,1,0
D,H,D,1420,100,1420,1,0
A,E,E,1395,100,1395,1,0
B,E,E,7066,100,7066,1,0
C,E,E,7600,100,7600,1,0
D,E,E,9360,100,9360,1,0
E,F,E,6974,100,6974,1,0
E,G,E,7338,100,7338,1,0
E,H,E,9623,100,9623,1,0
A,F,F,7411,100,7411,1,0
B,F,F,1441,100,1441,1,0
C,F,F,7140,100,7140,1,0
D,F,F,12842,100,12842,1,0
E,F,F,7025,100,7025,1,0
F,G,F,6876,100,6876,1,0
F,H,F,13255,100,13255,1,0
A,G,G,7563,100,7563,1,0
B,G,G,6742,100,6742,1,0
C,G,G,1333,100,1333,1,0
D,G,G,6824,100,6824,1,0
E,G,G,7317,100,7317,1,0
F,G,G,6885,100,6885,1,0
G,H,G,7027,100,7027,1,0
A,H,H,9670,100,9670,1,0
B,H,H,13053,100,13053,1,0
C,H,H,7086,100,7086,1,0
D,H,H,1451,100,1451,1,0
E,H,H,9679,100,9679,1,0
F,H,H,13269,100,13269,1,0
G,H,H,7053,100,7053,1,0
A,B,A,7172,100,7172,1,0
A,C,A,7536,100,7536,1,0
A,D,A,9177,100,9177,1,0
A,E,A,1403,100,1403,1,0
A,F,A,7358,100,7358,1,0
A,G,A,7630,100,7630,1,0
A,H,A,9684,100,9684,1,0
A,B,B,7169,100,7169,1,0
B,C,B,6716,100,6716,1,0
B,D,B,12575,100,12575,1,0
B,E,B,7037,100,7037,1,0
B,F,B,1415,100,1415,1,0
B,G,B,6809,100,6809,1,0
B,H,B,13087,100,13087,1,0
A,C,C,7583,100,7583,1,0
B,C,C,6719,100,6719,1,0
C,D,C,6570,100,6570,1,0
C,E,C,7512,100,7512,1,0
C,F,C,7116,100,7116,1,0
C,G,C,1361,100,1361,1,0
C,H,C,7145,100,7145,1,0
A,D,D,9173,100,9173,1,0
B,D,D,12494,100,12494,1,0
C,D,D,6608,100,6608,1,0
D,E,D,9301,100,9301,1,0
D,F,D,12869,100,12869,1,0
D,G,D,6814,100,6814,1,0
D,H,D,1460,100,1460,1,0
A,E,E,1425,100,1425,1,0
B,E,E,7011,100,7011,1,0
C,E,E,7526,100,7526,1,0
D,E,E,9404,100,9404,1,0
E,F,E,7025,100,7025,1,0
E,G,E,7300,100,7300,1,0
E,H,E,9638,100,9638,1,0
A,F,F,7418,100,7418,1,0
B,F,F,1444,100,1444,1,0
C,F,F,7126,100,7126,1,0
D,F,F,12893,100,12893,1,0
E,F,F,6984,100,6984,1,0
F,G,F,6890,100,6890,1,0
F,H,F,13197,100,13197,1,0
A,G,G,7607,100,7607,1,0
B,G,G,6750,100,6750,1,0
C,G,G,1300,100,1300,1,0
D,G,G,6813,100,6813,1,0
E,G,G,7311,100,7311,1,0
F,G,G,6887,100,6887,1,0
G,H,G,7077,100,7077,1,0
A,H,H,9686,100,9686,1,0
B,H,H,13051,100,13051,1,0
C,H,H,7045,100,7045,1,0
D,H,H,1451,100,1451,1,0
E,H,H,9649,100,9649,1,0
F,H,H,13227,100,13227,1,0
G,H,H,7014,100,7014,1,0
A,B,A,7126,100,7126,1,0
A,C,A,7553,100,7553,1,0
A,D,A,9204,100,9204,1,0
A,E,A,1364,100,1364,1,0
A,F,A,7397,100,7397,1,0
A,G,A,7619,100,7619,1,0
A,H,A,9668,100,9668,1,0
A,B,B,7157,100,7157,1,0
B,C,B,6722,100,6722,1,0
B,D,B,12497,100,12497,1,0
B,E,B,7068,100,7068,1,0
B,F,B,1442,100,1442,1,0
B,G,B,6786,100,6786,1,0
B,H,B,12993,100,12993,1,0
A,C,C,7559,100,7559,1,0
B,C,C,6747,100,6747,1,0
C,D,C,6606,100,6606,1,0
C,E,C,7541,100,7541,1,0
C,F,C,7138,100,7138,1,0
C,G,C,1326,100,1326,1,0
C,H,C,7124,100,7124,1,0
A,D,D,9178,100,9178,1,0
B,D,D,12532,100,12532,1,0
C,D,D,6570,100,6570,1,0
D,E,D,9410,100,9410,1,0
D,F,D,12889,100,12889,1,0
D,G,D,6807,100,6807,1,0
D,H,D,1410,100,1410,1,0
A,E,E,1399,100,1399,1,0
B,E,E,7054,100,7054,1,0
C,E,E,7585,100,7585,1,0
D,E,E,9314,100,9314,1,0
E,F,E,7028,100,7028,1,0
E,G,E,7287,100,7287,1,0
E,H,E,9664,100,9664,1,0
A,F,F,7347,100,7347,1,0
B,F,F,1409,100,1409,1,0
C,F,F,7127,100,7127,1,0
D,F,F,12895,100,12895,1,0
E,F,F,6990,100,6990,1,0
F,G,F,6898,100,6898,1,0
F,H,F,13247,100,13247,1,0
A,G,G,7603,100,7603,1,0
B,G,G,6734,100,6734,1,0
C,G,G,1304,100,1304,1,0
D,G,G,6837,100,6837,1,0
E,G,G,7280,100,7280,1,0
F,G,G,6860,100,6860,1,0
G,H,G,7032,100,7032,1,0
A,H,H,9702,100,9702,1,0
B,H,H,13025,100,13025,1,0
C,H,H,7098,100,7098,1,0
D,H,H,1452,100,1452,1,0
E,H,H,9688,100,9688,1,0
F,H,H,13230,100,13230,1,0
G,H,H,7049,100,7049,1,0
A,B,A,7190,100,7190,1,0
A,C,A,7575,100,7575,1,0
A,D,A,9209,100,9209,1,0
A,E,A,1337,100,1337,1,0
A,F,A,7371,100,7371,1,0
A,G,A,7584,100,7584,1,0
A,H,A,9689,100,9689,1,0
A,B,B,7131,100,7131,1,0
B,C,B,6705,100,6705,1,0
B,D,B,12518,100,12518,1,0
B,E,B,7036,100,7036,1,0
B,F,B,1450,100,1450,1,0
B,G,B,6773,100,6773,1,0
B,H,B,13032,100,13032,1,0
A,C,C,7528,100,7528,1,0
B,C,C,6703,100,6703,1,0
C,D,C,6565,100,6565,1,0
C,E,C,7569,100,7569,1,0
C,F,C,7149,100,7149,1,0
C,G,C,1368,100,1368,1,0
C,H,C,7090,100,7090,1,0
A,D,D,9182,100,9182,1,0
B,D,D,12533,100,12533,1,0
C,D,D,6601,100,6601,1,0
D,E,D,9318,100,9318,1,0
D,F,D,12883,100,12883,1,0
D,G,D,6809,100,6809,1,0
D,H,D,1452,100,1452,1,0
A,E,E,1329,100,1329,1,0
B,E,E,7059,100,7059,1,0
C,E,E,7547,100,7547,1,0
D,E,E,9380,100,9380,1,0
E,F,E,7016,100,7016,1,0
E,G,E,7318,100,7318,1,0
E,H,E,9633,100,9633,1,0
A,F,F,7375,100,7375,1,0
B,F,F,1425,100,1425,1,0
C,F,F,7124,100,7124,1,0
D,F,F,12866,100,12866,1,0
E,F,F,6982,100,6982,1,0
F,G,F,6887,100,6887,1,0
F,H,F,13218,100,13218,1,0
A,G,G,7635,100,7635,1,0
B,G,G,6786,100,6786,1,0
C,G,G,1315,100,1315,1,0
D,G,G,6804,100,6804,1,0
E,G,G,7314,100,7314,1,0
F,G,G,6885,100,6885,1,0
G,H,G,7058,100,7058,1,0
A,H,H,9673,100,9673,1,0
B,H,H,13039,100,13039,1,0
C,H,H,7101,100,7101,1,0
D,H,H,1459,100,1459,1,0
E,H,H,9687,100,9687,1,0
F,H,H,13254,100,13254,1,0
G,H,H,7028,100,7028,1,0
A,B,A,7171,100,7171,1,0
A,C,A,7566,100,7566,1,0
A,D,A,9212,100,9212,1,0
A,E,A,1431,100,1431,1,0
A,F,A,7360,100,7360,1,0
A,G,A,7619,100,7619,1,0
A,H,A,9684,100,9684,1,0
A,B,B,7145,100,7145,1,0
B,C,B,6715,100,6715,1,0
B,D,B,12546,100,12546,1,0
B,E,B,7050,100,7050,1,0
B,F,B,1431,100,1431,1,0
B,G,B,6763,100,6763,1,0
B,H,B,13061,100,13061,1,0
A,C,C,7665,100,7665,1,0
B,C,C,6730,100,6730,1,0
C,D,C,6611,100,6611,1,0
C,E,C,7511,100,7511,1,0
C,F,C,7115,100,7115,1,0
C,G,C,1321,100,1321,1,0
C,H,C,7076,100,7076,1,0
A,D,D,9185,100,9185,1,0
B,D,D,12509,100,12509,1,0
C,D,D,6611,100,6611,1,0
D,E,D,9372,100,9372,1,0
D,F,D,12853,100,12853,1,0
D,G,D,6804,100,6804,1,0
D,H,D,1466,100,1466,1,0
A,E,E,1344,100,1344,1,0
B,E,E,7034,100,7034,1,0
C,E,E,7493,100,7493,1,0
D,E,E,9353,100,9353,1,0
E,F,E,7029,100,7029,1,0
E,G,E,7328,100,7328,1,0
E,H,E,9658,100,9658,1,0
A,F,F,7348,100,7348,1,0
B,F,F,1396,100,1396,1,0
C,F,F,7107,100,7107,1,0
D,F,F,12847,100,12847,1,0
E,F,F,7018,100,7018,1,0
F,G,F,6879,100,6879,1,0
F,H,F,13273,100,13273,1,0
A,G,G,7592,100,7592,1,0
B,G,G,6745,100,6745,1,0
C,G,G,1354,100,1354,1,0
D,G,G,6804,100,6804,1,0
E,G,G,7290,100,7290,1,0
F,G,G,6881,100,6881,1,0
G,H,G,7050,100,7050,1,0
A,H,H,9769,100,9769,1,0
B,H,H,13040,100,13040,1,0
C,H,H,7049,100,7049,1,0
D,H,H,1397,100,1397,1,0
E,H,H,9639,100,9639,1,0
F,H,H,13230,100,13230,1,0
G,H,H,7017,100,7017,1,0
A,B,A,7139,100,7139,1,0
A,C,A,7615,100,7615,1,0
A,D,A,9186,100,9186,1,0
A,E,A,1375,100,1375,1,0
A,F,A,7375,100,7375,1,0
A,G,A,7603,100,7603,1,0
A,H,A,9713,100,9713,1,0
A,B,B,7141,100,7141,1,0
B,C,B,6749,100,6749,1,0
B,D,B,12517,100,12517,1,0
B,E,B,7017,100,7017,1,0
B,F,B,1423,100,1423,1,0
B,G,B,6760,100,6760,1,0
B,H,B,13084,100,13084,1,0
A,C,C,7571,100,7571,1,0
B,C,C,6712,100,6712,1,0
C,D,C,6584,100,6584,1,0
C,E,C,7552,100,7552,1,0
C,F,C,7156,100,7156,1,0
C,G,C,1356,100,1356,1,0
C,H,C,7100,100,7100,1,0
A,D,D,9200,100,9200,1,0
B,D,D,12524,100,12524,1,0
C,D,D,6661,100,6661,1,0
D,E,D,9285,100,9285,1,0
D,F,D,12867,100,12867,1,0
D,G,D,6829,100,6829,1,0
D,H,D,1483,100,1483,1,0
A,E,E,1405,100,1405,1,0
B,E,E,7049,100,7049,1,0
C,E,E,7581,100,7581,1,0
D,E,E,9343,100,9343,1,0
E,F,E,7016,100,7016,1,0
E,G,E,7297,100,7297,1,0
E,H,E,9649,100,9649,1,0
A,F,F,7349,100,7349,1,0
B,F,F,1447,100,1447,1,0
C,F,F,7124,100,7124,1,0
D,F,F,12855,100,12855,1,0
E,F,F,6971,100,6971,1,0
F,G,F,6902,100,6902,1,0
F,H,F,13255,100,13255,1,0
A,G,G,7551,100,7551,1,0
B,G,G,6766,100,6766,1,0
C,G,G,1410,100,1410,1,0
D,G,G,6836,100,6836,1,0
E,G,G,7302,100,7302,1,0
F,G,G,6863,100,6863,1,0
G,H,G,7076,100,7076,1,0
A,H,H,9697,100,9697,1,0
B,H,H,12994,100,12994,1,0
C,H,H,7139,100,7139,1,0
D,H,H,1458,100,1458,1,0
E,H,H,9661,100,9661,1,0
F,H,H,13273,100,13273,1,0
G,H,H,7073,100,7073,1,0
A,B,A,7107,100,7107,1,0
A,C,A,7555,100,7555,1,0
A,D,A,9205,100,9205,1,0
A,E,A,1382,100,1382,1,0
A,F,A,7417,100,7417,1,0
A,G,A,7591,100,7591,1,0
A,H,A,9668,100,9668,1,0
A,B,B,7164,100,7164,1,0
B,C,B,6760,100,6760,1,0
B,D,B,12546,100,12546,1,0
B,E,B,7054,100,7054,1,0
B,F,B,1438,100,1438,1,0
B,G,B,6765,100,6765,1,0
B,H,B,13044,100,13044,1,0
A,C,C,7575,100,7575,1,0
B,C,C,6731,100,6731,1,0
C,D,C,6592,100,6592,1,0
C,E,C,7525,100,7525,1,0
C,F,C,7113,100,7113,1,0
C,G,C,1338,100,1338,1,0
C,H,C,7095,100,7095,1,0
A,D,D,9216,100,9216,1,0
B,D,D,12505,100,12505,1,0
C,D,D,6577,100,6577,1,0
D,E,D,9334,100,9334,1,0
D,F,D,12890,100,12890,1,0
D,G,D,6844,100,6844,1,0
D,H,D,1443,100,1443,1,0
A,E,E,1345,100,1345,1,0
B,E,E,7082,100,7082,1,0
C,E,E,7502,100,7502,1,0
D,E,E,9372,100,9372,1,0
E,F,E,7004,100,7004,1,0
E,G,E,7365,100,7365,1,0
E,H,E,9675,100,9675,1,0
A,F,F,7390,100,7390,1,0
B,F,F,1404,100,1404,1,0
C,F,F,7101,100,7101,1,0
D,F,F,12874,100,12874,1,0
E,F,F,7008,100,7008,1,0
F,G,F,6855,100,6855,1,0
F,H,F,13281,100,13281,1,0
A,G,G,7607,100,7607,1,0
B,G,G,6725,100,6725,1,0
C,G,G,1395,100,1395,1,0
D,G,G,6819,100,6819,1,0
E,G,G,7317,100,7317,1,0
F,G,G,6900,100,6900,1,0
G,H,G,7038,100,7038,1,0
A,H,H,9718,100,9718,1,0
B,H,H,13076,100,13076,1,0
C,H,H,7107,100,7107,1,0
D,H,H,1470,100,1470,1,0
E,H,H,9681,100,9681,1,0
F,H,H,13286,100,13286,1,0
G,H,H,7072,100,7072,1,0
A,B,A,7125,100,7125,1,0
A,C,A,7599,100,7599,1,0
A,D,A,9169,100,9169,1,0
A,E,A,1406,100,1406,1,0
A,F,A,7394,100,7394,1,0
A,G,A,7602,100,7602,1,0
A,H,A,9732,100,9732,1,0
A,B,B,7170,100,7170,1,0
B,C,B,6709,100,6709,1,0
B,D,B,12557,100,12557,1,0
B,E,B,7015,100,7015,1,0
B,F,B,1447,100,1447,1,0
B,G,B,6747,100,6747,1,0
B,H,B,13072,100,13072,1,0
A,C,C,7562,100,7562,1,0
B,C,C,6691,100,6691,1,0
C,D,C,6574,100,6574,1,0
C,E,C,7576,100,7576,1,0
C,F,C,7137,100,7137,1,0
C,G,C,1391,100,1391,1,0
C,H,C,7091,100,7091,1,0
A,D,D,9210,100,9210,1,0
B,D,D,12574,100,12574,1,0
C,D,D,6631,100,6631,1,0
D,E,D,9303,100,9303,1,0
D,F,D,12874,100,12874,1,0
D,G,D,6837,100,6837,1,0
D,H,D,1451,100,1451,1,0
A,E,E,1369,100,1369,1,0
B,E,E,7016,100,7016,1,0
C,E,E,7560,100,7560,1,0
D,E,E,9370,100,9370,1,0
E,F,E,7019,100,7019,1,0
E,G,E,7339,100,7339,1,0
E,H,E,9659,100,9659,1,0
A,F,F,7379,100,7379,1,0
B,F,F,1450,100,1450,1,0
C,F,F,7088,100,7088,1,0
D,F,F,12892,100,12892,1,0
E,F,F,7009,100,7009,1,0
F,G,F,6871,100,6871,1,0
F,H,F,13250,100,13250,1,0
A,G,G,7569,100,7569,1,0
B,G,G,6781,100,6781,1,0
C,G,G,1365,100,1365,1,0
D,G,G,6784,100,6784,1,0
E,G,G,7355,100,7355,1,0
F,G,G,6914,100,6914,1,0
G,H,G,7058,100,7058,1,0
A,H,H,9691,100,9691,1,0
B,H,H,13023,100,13023,1,0
C,H,H,7135,100,7135,1,0
D,H,H,1459,100,1459,1,0
E,H,H,9669,100,9669,1,0
F,H,H,13263,100,13263,1,0
G,H,H,7070,100,7070,1,0
A,B,A,7166,100,7166,1,0
A,C,A,7562,100,7562,1,0
A,D,A,9199,100,9199,1,0
A,E,A,1376,100,1376,1,0
A,F,A,7386,100,7386,1,0
A,G,A,7543,100,7543,1,0
A,H,A,9704,100,9704,1,0
A,B,B,7154,100,7154,1,0
B,C,B,6729,100,6729,1,0
B,D,B,12558,100,12558,1,0
B,E,B,7041,100,7041,1,0
B,F,B,1425,100,1425,1,0
B,G,B,6779,100,6779,1,0
B,H,B,13063,100,13063,1,0
A,C,C,7588,100,7588,1,0
B,C,C,6742,100,6742,1,0
C,D,C,6618,100,6618,1,0
C,E,C,7522,100,7522,1,0
C,F,C,7117,100,7117,1,0
C,G,C,1306,100,1306,1,0
C,H,C,7088,100,7088,1,0
A,D,D,9206,100,9206,1,0
B,D,D,12543,100,12543,1,0
C,D,D,6616,100,6616,1,0
D,E,D,9425,100,9425,1,0
D,F,D,12872,100,12872,1,0
D,G,D,6792,100,6792,1,0
D,H,D,1464,100,1464,1,0
A,E,E,1401,100,1401,1,0
B,E,E,7066,100,7066,1,0
C,E,E,7530,100,7530,1,0
D,E,E,9328,100,9328,1,0
E,F,E,7004,100,7004,1,0
E,G,E,7311,100,7311,1,0
E,H,E,9675,100,9675,1,0
A,F,F,7340,100,7340,1,0
B,F,F,1394,100,1394,1,0
C,F,F,7128,100,7128,1,0
D,F,F,12903,100,12903,1,0
E,F,F,7027,100,7027,1,0
F,G,F,6901,100,6901,1,0
F,H,F,13264,100,13264,1,0
A,G,G,7582,100,7582,1,0
B,G,G,6767,100,6767,1,0
C,G,G,1328,100,1328,1,0
D,G,G,6798,100,6798,1,0
E,G,G,7302,100,7302,1,0
F,G,G,6868,100,6868,1,0
G,H,G,7084,100,7084,1,0
A,H,H,9701,100,9701,1,0
B,H,H,13033,100,13033,1,0
C,H,H,7144,100,7144,1,0
D,H,H,1450,100,1450,1,0
E,H,H,9664,100,9664,1,0
F,H,H,13230,100,13230,1,0
G,H,H,7085,100,7085,1,0
A,B,A,7193,100,7193,1,0
A,C,A,7570,100,7570,1,0
A,D,A,9214,100,9214,1,0
A,E,A,1382,100,1382,1,0
A,F,A,7391,100,7391,1,0
A,G,A,7560,100,7560,1,0
A,H,A,9694,100,9694,1,0
A,B,B,7166,100,7166,1,0
B,C,B,6740,100,6740,1,0
B,D,B,12494,100,12494,1,0
B,E,B,7049,100,7049,1,0
B,F,B,1425,100,1425,1,0
B,G,B,6762,100,6762,1,0
B,H,B,13074,100,13074,1,0
A,C,C,7612,100,7612,1,0
B,C,C,6719,100,6719,1,0
C,D,C,6636,100,6636,1,0
C,E,C,7519,100,7519,1,0
C,F,C,7131,100,7131,1,0
C,G,C,1377,100,1377,1,0
C,H,C,7126,100,7126,1,0
A,D,D,9205,100,9205,1,0
B,D,D,12543,100,12543,1,0
C,D,D,6604,100,6604,1,0
D,E,D,9326,100,9326,1,0
D,F,D,12853,100,12853,1,0
D,G,D,6852,100,6852,1,0
D,H,D,1403,100,1403,1,0
A,E,E,1385,100,1385,1,0
B,E,E,7027,100,7027,1,0
C,E,E,7560,100,7560,1,0
D,E,E,9321,100,9321,1,0
E,F,E,6980,100,6980,1,0
E,G,E,7363,100,7363,1,0
E,H,E,9646,100,9646,1,0
A,F,F,7394,100,7394,1,0
B,F,F,1436,100,1436,1,0
C,F,F,7120,100,7120,1,0
D,F,F,12885,100,12885,1,0
E,F,F,6991,100,6991,1,0
F,G,F,6864,100,6864,1,0
F,H,F,13189,100,13189,1,0
A,G,G,7544,100,7544,1,0
B,G,G,6766,100,6766,1,0
C,G,G,1369,100,1369,1,0
D,G,G,6794,100,6794,1,0
E,G,G,7325,100,7325,1,0
F,G,G,6878,100,6878,1,0
G,H,G,7058,100,7058,1,0
A,H,H,9681,100,9681,1,0
B,H,H,13028,100,13028,1,0
C,H,H,7092,100,7092,1,0
D,H,H,1405,100,1405,1,0
E,H,H,9645,100,9645,1,0
F,H,H,13277,100,13277,1,0
G,H,H,7048,100,7048,1,0
A,B,A,7151,100,7151,1,0
A,C,A,7558,100,7558,1,0
A,D,A,9193,100,9193,1,0
A,E,A,1336,100,1336,1,0
A,F,A,7412,100,7412,1,0
A,G,A,7614,100,7614,1,0
A,H,A,9670,100,9670,1,0
A,B,B,7183,100,7183,1,0
B,C,B,6707,100,6707,1,0
B,D,B,12506,100,12506,1,0
B,E,B,7060,100,7060,1,0
B,F,B,1440,100,1440,1,0
B,G,B,6791,100,6791,1,0
B,H,B,13033,100,13033,1,0
A,C,C,7617,100,7617,1,0
B,C,C,6707,100,6707,1,0
C,D,C,6625,100,6625,1,0
C,E,C,7559,100,7559,1,0
C,F,C,7106,100,7106,1,0
C,G,C,1373,100,1373,1,0
C,H,C,7132,100,7132,1,0
A,D,D,9185,100,9185,1,0
B,D,D,12508,100,12508,1,0
C,D,D,6589,100,6589,1,0
D,E,D,9368,100,9368,1,0
D,F,D,12902,100,12902,1,0
D,G,D,6800,100,6800,1,0
D,H,D,1445,100,1445,1,0
A,E,E,1354,100,1354,1,0
B,E,E,7044,100,7044,1,0
C,E,E,7510,100,7510,1,0
D,E,E,9379,100,9379,1,0
E,F,E,7019,100,7019,1,0
E,G,E,7314,100,7314,1,0
E,H,E,9658,100,9658,1,0
A,F,F,7374,100,7374,1,0
B,F,F,1410,100,1410,1,0
C,F,F,7099,100,7099,1,0
D,F,F,12851,100,12851,1,0
E,F,F,7023,100,7023,1,0
F,G,F,6891,100,6891,1,0
F,H,F,13218,100,13218,1,0
A,G,G,7570,100,7570,1,0
B,G,G,6756,100,6756,1,0
C,G,G,1359,100,1359,1,0
D,G,G,6796,100,6796,1,0
E,G,G,7300,100,7300,1,0
F,G,G,6902,100,6902,1,0
G,H,G,7044,100,7044,1,0
A,H,H,9655,100,9655,1,0
B,H,H,13006,100,13006,1,0
C,H,H,7129,100,7129,1,0
D,H,H,1492,100,1492,1,0
E,H,H,9642,100,9642,1,0
F,H,H,13216,100,13216,1,0
G,H,H,7009,100,7009,1,0
A,B,A,7185,100,7185,1,0
A,C,A,7544,100,7544,1,0
A,D,A,9225,100,9225,1,0
A,E,A,1367,100,1367,1,0
A,F,A,7390,100,7390,1,0
A,G,A,7570,100,7570,1,0
A,H,A,9709,100,9709,1,0
A,B,B,7164,100,7164,1,0
B,C,B,6761,100,6761,1,0
B,D,B,12516,100,12516,1,0
B,E,B,7057,100,7057,1,0
B,F,B,1436,100,1436,1,0
B,G,B,6740,100,6740,1,0
B,H,B,13068,100,13068,1,0
A,C,C,7554,100,7554,1,0
B,C,C,6717,100,6717,1,0
C,D,C,6644,100,6644,1,0
C,E,C,7547,100,7547,1,0
C,F,C,7132,100,7132,1,0
C,G,C,1316,100,1316,1,0
C,H,C,7115,100,7115,1,0
A,D,D,9177,100,9177,1,0
B,D,D,12542,100,12542,1,0
C,D,D,6580,100,6580,1,0
D,E,D,9392,100,9392,1,0
D,F,D,12861,100,12861,1,0
D,G,D,6796,100,6796,1,0
D,H,D,1454,100,1454,1,0
A,E,E,1353,100,1353,1,0
B,E,E,7049,100,7049,1,0
C,E,E,7549,100,7549,1,0
D,E,E,9269,100,9269,1,0
E,F,E,6988,100,6988,1,0
E,G,E,7292,100,7292,1,0
E,H,E,9644,100,9644,1,0
A,F,F,7355,100,7355,1,0
B,F,F,1385,100,1385,1,0
C,F,F,7140,100,7140,1,0
D,F,F,12870,100,12870,1,0
E,F,F,7036,100,7036,1,0
F,G,F,6880,100,6880,1,0
F,H,F,13268,100,13268,1,0
A,G,G,7592,100,7592,1,0
B,G,G,6768,100,6768,1,0
C,G,G,1341,100,1341,1,0
D,G,G,6846,100,6846,1,0
E,G,G,7318,100,7318,1,0
F,G,G,6875,100,6875,1,0
G,H,G,7053,100,7053,1,0
A,H,H,9692,100,9692,1,0
B,H,H,13006,100,13006,1,0
C,H,H,7098,100,7098,1,0
D,H,H,1418,100,1418,1,0
E,H,H,9611,100,9611,1,0
F,H,H,13282,100,13282,1,0
G,H,H,7043,100,7043,1,0
A,B,A,7172,100,7172,1,0
A,C,A,7546,100,7546,1,0
A,D,A,9207,100,9207,1,0
A,E,A,1398,100,1398,1,0
A,F,A,7383,100,7383,1,0
A,G,A,7581,100,7581,1,0
A,H,A,9689,100,9689,1,0
A,B,B,7135,100,7135,1,0
B,C,B,6702,100,6702,1,0
B,D,B,12526,100,12526,1,0
B,E,B,7054,100,7054,1,0
B,F,B,1425,100,1425,1,0
B,G,B,6781,100,6781,1,0
B,H,B,13027,100,13027,1,0
A,C,C,7569,100,7569,1,0
B,C,C,6727,100,6727,1,0
C,D,C,6619,100,6619,1,0
C,E,C,7560,100,7560,1,0
C,F,C,7111,100,7111,1,0
C,G,C,1320,100,1320,1,0
C,H,C,7049,100,7049,1,0
A,D,D,9186,100,9186,1,0
B,D,D,12545,100,12545,1,0
C,D,D,6582,100,6582,1,0
D,E,D,9382,100,9382,1,0
D,F,D,12877,100,12877,1,0
D,G,D,6795,100,6795,1,0
D,H,D,1408,100,1408,1,0
A,E,E,1379,100,1379,1,0
B,E,E,7060,100,7060,1,0
C,E,E,7561,100,7561,1,0
D,E,E,9354,100,9354,1,0
E,F,E,7041,100,7041,1,0
E,G,E,7278,100,7278,1,0
E,H,E,9659,100,9659,1,0
A,F,F,7368,100,7368,1,0
B,F,F,1414,100,1414,1,0
C,F,F,7137,100,7137,1,0
D,F,F,12876,100,12876,1,0
E,F,F,6980,100,6980,1,0
F,G,F,6895,100,6895,1,0
F,H,F,13259,100,13259,1,0
A,G,G,7596,100,7596,1,0
B,G,G,6755,100,6755,1,0
C,G,G,1349,100,1349,1,0
D,G,G,6801,100,6801,1,0
E,G,G,7332,100,7332,1,0
F,G,G,6875,100,6875,1,0
G,H,G,7074,100,7074,1,0
A,H,H,9699,100,9699,1,0
B,H,H,13092,100,13092,1,0
C,H,H,7069,100,7069,1,0
D,H,H,1452,100,1452,1,0
E,H,H,9665,100,9665,1,0
F,H,H,13235,100,13235,1,0
G,H,H,7041,100,7041,1,0
A,B,A,7151,100,7151,1,0
A,C,A,7546,100,7546,1,0
A,D,A,9204,100,9204,1,0
A,E,A,1343,100,1343,1,0
A,F,A,7411,100,7411,1,0
A,G,A,7523,100,7523,1,0
A,H,A,9730,100,9730,1,0
A,B,B,7156,100,7156,1,0
B,C,B,6701,100,6701,1,0
B,D,B,12511,100,12511,1,0
B,E,B,7070,100,7070,1,0
B,F,B,1447,100,1447,1,0
B,G,B,6737,100,6737,1,0
B,H,B,12993,100,12993,1,0
A,C,C,7586,100,7586,1,0
B,C,C,6727,100,6727,1,0
C,D,C,6573,100,6573,1,0
C,E,C,7551,100,7551,1,0
C,F,C,7156,100,7156,1,0
C,G,C,1355,100,1355,1,0
C,H,C,7124,100,7124,1,0
A,D,D,9209,100,9209,1,0
B,D,D,12527,100,12527,1,0
C,D,D,6594,100,6594,1,0
D,E,D,9299,100,9299,1,0
D,F,D,12833,100,12833,1,0
D,G,D,6823,100,6823,1,0
D,H,D,1403,100,1403,1,0
A,E,E,1384,100,1384,1,0
B,E,E,7089,100,7089,1,0
C,E,E,7570,100,7570,1,0
D,E,E,9382,100,9382,1,0
E,F,E,7008,100,7008,1,0
E,G,E,7299,100,7299,1,0
E,H,E,9660,100,9660,1,0
A,F,F,7330,100,7330,1,0
B,F,F,1403,100,1403,1,0
C,F,F,7109,100,7109,1,0
D,F,F,12895,100,12895,1,0
E,F,F,7000,100,7000,1,0
F,G,F,6893,100,6893,1,0
F,H,F,13213,100,13213,1,0
A,G,G,7586,100,7586,1,0
B,G,G,6767,100,6767,1,0
C,G,G,1380,100,1380,1,0
D,G,G,6804,100,6804,1,0
E,G,G,7331,100,7331,1,0
F,G,G,6881,100,6881,1,0
G,H,G,7054,100,7054,1,0
A,H,H,9705,100,9705,1,0
B,H,H,13081,100,13081,1,0
C,H,H,7073,100,7073,1,0
D,H,H,1469,100,1469,1,0
E,H,H,9664,100,9664,1,0
F,H,H,13268,100,13268,1,0
G,H,H,7076,100,7076,1,0
A,B,A,7141,100,7141,1,0
A,C,A,7633,100,7633,1,0
A,D,A,9197,100,9197,1,0
A,E,A,1399,100,1399,1,0
A,F,A,7396,100,7396,1,0
A,G,A,7568,100,7568,1,0
A,H,A,9697,100,9697,1,0
A,B,B,7116,100,7116,1,0
B,C,B,6773,100,6773,1,0
B,D,B,12489,100,12489,1,0
B,E,B,7024,100,7024,1,0
B,F,B,1420,100,1420,1,0
B,G,B,6757,100,6757,1,0
B,H,B,13114,100,13114,1,0
A,C,C,7546,100,7546,1,0
B,C,C,6684,100,6684,1,0
C,D,C,6625,100,6625,1,0
C,E,C,7583,100,7583,1,0
C,F,C,7119,100,7119,1,0
C,G,C,1385,100,1385,1,0
C,H,C,7140,100,7140,1,0
A,D,D,9186,100,9186,1,0
B,D,D,12548,100,12548,1,0
C,D,D,6591,100,6591,1,0
D,E,D,9406,100,9406,1,0
D,F,D,12869,100,12869,1,0
D,G,D,6804,100,6804,1,0
D,H,D,1497,100,1497,1,0
A,E,E,1303,100,1303,1,0
B,E,E,7012,100,7012,1,0
C,E,E,7567,100,7567,1,0
D,E,E,9345,100,9345,1,0
E,F,E,7009,100,7009,1,0
E,G,E,7309,100,7309,1,0
E,H,E,9686,100,9686,1,0
A,F,F,7380,100,7380,1,0
B,F,F,1417,100,1417,1,0
C,F,F,7106,100,7106,1,0
D,F,F,12876,100,12876,1,0
E,F,F,6990,100,6990,1,0
F,G,F,6902,100,6902,1,0
F,H,F,13274,100,13274,1,0
A,G,G,7590,100,7590,1,0
B,G,G,6803,100,6803,1,0
C,G,G,1397,100,1397,1,0
D,G,G,6852,100,6852,1,0
E,G,G,7327,100,7327,1,0
F,G,G,6875,100,6875,1,0
G,H,G,7071,100,7071,1,0
A,H,H,9689,100,9689,1,0
B,H,H,13038,100,13038,1,0
C,H,H,7078,100,7078,1,0
D,H,H,1386,100,1386,1,0
E,H,H,9661,100,9661,1,0
F,H,H,13219,100,13219,1,0
G,H,H,7021,100,7021,1,0
A,B,A,7160,100,7160,1,0
A,C,A,7569,100,7569,1,0
A,D,A,9191,100,9191,1,0
A,E,A,1404,100,1404,1,0
A,F,A,7397,100,7397,1,0
A,G,A,7619,100,7619,1,0
A,H,A,9706,100,9706,1,0
A,B,B,7136,100,7136,1,0
B,C,B,6713,100,6713,1,0
B,D,B,12516,100,12516,1,0
B,E,B,7029,100,7029,1,0
B,F,B,1424,100,1424,1,0
B,G,B,6773,100,6773,1,0
B,H,B,13079,100,13079,1,0
A,C,C,7551,100,7551,1,0
B,C,C,6702,100,6702,1,0
C,D,C,6565,100,6565,1,0
C,E,C,7566,100,7566,1,0
C,F,C,7093,100,7093,1,0
C,G,C,1342,100,1342,1,0
C,H,C,7090,100,7090,1,0
A,D,D,9211,100,9211,1,0
B,D,D,12583,100,12583,1,0
C,D,D,6568,100,6568,1,0
D,E,D,9342,100,9342,1,0
D,F,D,12854,100,12854,1,0
D,G,D,6790,100,6790,1,0
D,H,D,1407,100,1407,1,0
A,E,E,1351,100,1351,1,0
B,E,E,7015,100,7015,1,0
C,E,E,7501,100,7501,1,0
D,E,E,9359,100,9359,1,0
E,F,E,7015,100,7015,1,0
E,G,E,7313,100,7313,1,0
E,H,E,9659,100,9659,1,0
A,F,F,7371,100,7371,1,0
B,F,F,1452,100,1452,1,0
C,F,F,7144,100,7144,1,0
D,F,F,12847,100,12847,1,0
E,F,F,7004,100,7004,1,0
F,G,F,6912,100,6912,1,0
F,H,F,13276,100,13276,1,0
A,G,G,7593,100,7593,1,0
B,G,G,6814,100,6814,1,0
C,G,G,1413,100,1413,1,0
D,G,G,6793,100,6793,1,0
E,G,G,7308,100,7308,1,0
F,G,G,6889,100,6889,1,0
G,H,G,7050,100,7050,1,0
A,H,H,9683,100,9683,1,0
B,H,H,13070,100,13070,1,0
C,H,H,7113,100,7113,1,0
D,H,H,1485,100,1485,1,0
E,H,H,9664,100,9664,1,0
F,H,H,13200,100,13200,1,0
G,H,H,7031,100,7031,1,0
A,B,A,7157,100,7157,1,0
A,C,A,7609,100,7609,1,0
A,D,A,9198,100,9198,1,0
A,E,A,1362,100,1362,1,0
A,F,A,7406,100,7406,1,0
A,G,A,7557,100,7557,1,0
A,H,A,9736,100,9736,1,0
A,B,B,7165,100,7165,1,0
B,C,B,6691,100,6691,1,0
B,D,B,12544,100,12544,1,0
B,E,B,7018,100,7018,1,0
B,F,B,1444,100,1444,1,0
B,G,B,6771,100,6771,1,0
B,H,B,13057,100,13057,1,0
A,C,C,7562,100,7562,1,0
B,C,C,6735,100,6735,1,0
C,D,C,6585,100,6585,1,0
C,E,C,7582,100,7582,1,0
C,F,C,7126,100,7126,1,0
C,G,C,1363,100,1363,1,0
C,H,C,7162,100,7162,1,0
A,D,D,9206,100,9206,1,0
B,D,D,12538,100,12538,1,0
C,D,D,6620,100,6620,1,0
D,E,D,9346,100,9346,1,0
D,F,D,12890,100,12890,1,0
D,G,D,6780,100,6780,1,0
D,H,D,1470,100,1470,1,0
A,E,E,1365,100,1365,1,0
B,E,E,7037,100,7037,1,0
C,E,E,7577,100,7577,1,0
D,E,E,9369,100,9369,1,0
E,F,E,6995,100,6995,1,0
E,G,E,7293,100,7293,1,0
E,H,E,9662,100,9662,1,0
A,F,F,7361,100,7361,1,0
B,F,F,1450,100,1450,1,0
C,F,F,7130,100,7130,1,0
D,F,F,12853,100,12853,1,0
E,F,F,6985,100,6985,1,0
F,G,F,6892,100,6892,1,0
F,H,F,13188,100,13188,1,0
A,G,G,7646,100,7646,1,0
B,G,G,6778,100,6778,1,0
C,G,G,1356,100,1356,1,0
D,G,G,6845,100,6845,1,0
E,G,G,7310,100,7310,1,0
F,G,G,6842,100,6842,1,0
G,H,G,7065,100,7065,1,0
A,H,H,9695,100,9695,1,0
B,H,H,13087,100,13087,1,0
C,H,H,7058,100,7058,1,0
D,H,H,1422,100,1422,1,0
E,H,H,9646,100,9646,1,0
F,H,H,13223,100,13223,1,0
G,H,H,7055,100,7055,1,0
A,B,A,7131,100,7131,1,0
A,C,A,7583,100,7583,1,0
A,D,A,9181,100,9181,1,0
A,E,A,1359,100,1359,1,0
A,F,A,7426,100,7426,1,0
A,G,A,7632,100,7632,1,0
A,H,A,9725,100,9725,1,0
A,B,B,7117,100,7117,1,0
B,C,B,6720,100,6720,1,0
B,D,B,12539,100,12539,1,0
B,E,B,7028,100,7028,1,0
B,F,B,1443,100,1443,1,0
B,G,B,6768,100,6768,1,0
B,H,B,13045,100,13045,1,0
A,C,C,7557,100,7557,1,0
B,C,C,6697,100,6697,1,0
C,D,C,6642,100,6642,1,0
C,E,C,7524,100,7524,1,0
C,F,C,7073,100,7073,1,0
C,G,C,1364,100,1364,1,0
C,H,C,7103,100,7103,1,0
A,D,D,9217,100,9217,1,0
B,D,D,12551,100,12551,1,0
C,D,D,6613,100,6613,1,0
D,E,D,9430,100,9430,1,0
D,F,D,12879,100,12879,1,0
D,G,D,6807,100,6807,1,0
D,H,D,1454,100,1454,1,0
A,E,E,1344,100,1344,1,0
B,E,E,7022,100,7022,1,0
C,E,E,7576,100,7576,1,0
D,E,E,9376,100,9376,1,0
E,F,E,7016,100,7016,1,0
E,G,E,7306,100,7306,1,0
E,H,E,9629,100,9629,1,0
A,F,F,7389,100,7389,1,0
B,F,F,1436,100,1436,1,0
C,F,F,7102,100,7102,1,0
D,F,F,12849,100,12849,1,0
E,F,F,7024,100,7024,1,0
F,G,F,6912,100,6912,1,0
F,H,F,13272,100,13272,1,0
A,G,G,7596,100,7596,1,0
B,G,G,6773,100,6773,1,0
C,G,G,1378,100,1378,1,0
D,G,G,6824,100,6824,1,0
E,G,G,7283,100,7283,1,0
F,G,G,6880,100,6880,1,0
G,H,G,7002,100,7002,1,0
A,H,H,9674,100,9674,1,0
B,H,H,13060,100,13060,1,0
C,H,H,7106,100,7106,1,0
D,H,H,1443,100,1443,1,0
E,H,H,9664,100,9664,1,0
F,H,H,13280,100,13280,1,0
G,H,H,7024,100,7024,1,0
A,B,A,7152,100,7152,1,0
A,C,A,7549,100,7549,1,0
A,D,A,9173,100,9173,1,0
A,E,A,1401,100,1401,1,0
A,F,A,7388,100,7388,1,0
A,G,A,7577,100,7577,1,0
A,H,A,9715,100,9715,1,0
A,B,B,7166,100,7166,1,0
B,C,B,6701,100,6701,1,0
B,D,B,12523,100,12523,1,0
B,E,B,7079,100,7079,1,0
B,F,B,1436,100,1436,1,0
B,G,B,6786,100,6786,1,0
B,H,B,13024,100,13024,1,0
A,C,C,7572,100,7572,1,0
B,C,C,6728,100,6728,1,0
C,D,C,6576,100,6576,1,0
C,E,C,7543,100,7543,1,0
C,F,C,7136,100,7136,1,0
C,G,C,1387,100,1387,1,0
C,H,C,7081,100,7081,1,0
A,D,D,9222,100,9222,1,0
B,D,D,12546,100,12546,1,0
C,D,D,6622,100,6622,1,0
D,E,D,9347,100,9347,1,0
D,F,D,12861,100,12861,1,0
D,G,D,6797,100,6797,1,0
D,H,D,1460,100,1460,1,0
A,E,E,1373,100,1373,1,0
B,E,E,7073,100,7073,1,0
C,E,E,7585,100,7585,1,0
D,E,E,9347,100,9347,1,0
E,F,E,6998,100,6998,1,0
E,G,E,7320,100,7320,1,0
E,H,E,9686,100,9686,1,0
A,F,F,7380,100,7380,1,0
B,F,F,1428,100,1428,1,0
C,F,F,7122,100,7122,1,0
D,F,F,12865,100,12865,1,0
E,F,F,6994,100,6994,1,0
F,G,F,6869,100,6869,1,0
F,H,F,13238,100,13238,1,0
A,G,G,7504,100,7504,1,0
B,G,G,6797,100,6797,1,0
C,G,G,1336,100,1336,1,0
D,G,G,6802,100,6802,1,0
E,G,G,7315,100,7315,1,0
F,G,G,6884,100,6884,1,0
G,H,G,7021,100,7021,1,0
A,H,H,9683,100,9683,1,0
B,H,H,13030,100,13030,1,0
C,H,H,7121,100,7121,1,0
D,H,H,1442,100,1442,1,0
E,H,H,9661,100,9661,1,0
F,H,H,13237,100,13237,1,0
G,H,H,7054,100,7054,1,0
A,B,A,7157,100,7157,1,0
A,C,A,7547,100,7547,1,0
A,D,A,9209,100,9209,1,0
A,E,A,1372,100,1372,1,0
A,F,A,7442,100,7442,1,0
A,G,A,7579,100,7579,1,0
A,H,A,9672,100,9672,1,0
A,B,B,7150,100,7150,1,0
B,C,B,6754,100,6754,1,0
B,D,B,12578,100,12578,1,0
B,E,B,7066,100,7066,1,0
B,F,B,1430,100,1430,1,0
B,G,B,6747,100,6747,1,0
B,H,B,13076,100,13076,1,0
A,C,C,7530,100,7530,1,0
B,C,C,6712,100,6712,1,0
C,D,C,6579,100,6579,1,0
C,E,C,7525,100,7525,1,0
C,F,C,7120,100,7120,1,0
C,G,C,1368,100,1368,1,0
C,H,C,7093,100,7093,1,0
A,D,D,9186,100,9186,1,0
B,D,D,12545,100,12545,1,0
C,D,D,6559,100,6559,1,0
D,E,D,9311,100,9311,1,0
D,F,D,12857,100,12857,1,0
D,G,D,6793,100,6793,1,0
D,H,D,1488,100,1488,1,0
A,E,E,1357,100,1357,1,0
B,E,E,7051,100,7051,1,0
C,E,E,7509,100,7509,1,0
D,E,E,9365,100,9365,1,0
E,F,E,7033,100,7033,1,0
E,G,E,7332,100,7332,1,0
E,H,E,9718,100,9718,1,0
A,F,F,7389,100,7389,1,0
B,F,F,1446,100,1446,1,0
C,F,F,7110,100,7110,1,0
D,F,F,12860,100,12860,1,0
E,F,F,6991,100,6991,1,0
F,G,F,6878,100,6878,1,0
F,H,F,13233,100,13233,1,0
A,G,G,7572,100,7572,1,0
B,G,G,6768,100,6768,1,0
C,G,G,1353,100,1353,1,0
D,G,G,6801,100,6801,1,0
E,G,G,7290,100,7290,1,0
F,G,G,6875,100,6875,1,0
G,H,G,7038,100,7038,1,0
A,H,H,9708,100,9708,1,0
B,H,H,13005,100,13005,1,0
C,H,H,7118,100,7118,1,0
D,H,H,1487,100,1487,1,0
E,H,H,9675,100,9675,1,0
F,H,H,13270,100,13270,1,0
G,H,H,7062,100,7062,1,0
A,B,A,7146,100,7146,1,0
A,C,A,7558,100,7558,1,0
A,D,A,9196,100,9196,1,0
A,E,A,1366,100,1366,1,0
A,F,A,7351,100,7351,1,0
A,G,A,7613,100,7613,1,0
A,H,A,9690,100,9690,1,0
A,B,B,7140,100,7140,1,0
B,C,B,6709,100,6709,1,0
B,D,B,12560,100,12560,1,0
B,E,B,7087,100,7087,1,0
B,F,B,1455,100,1455,1,0
B,G,B,6734,100,6734,1,0
B,H,B,13085,100,13085,1,0
A,C,C,7607,100,7607,1,0
B,C,C,6752,100,6752,1,0
C,D,C,6644,100,6644,1,0
C,E,C,7532,100,7532,1,0
C,F,C,7134,100,7134,1,0
C,G,C,1387,100,1387,1,0
C,H,C,7090,100,7090,1,0
A,D,D,9206,100,9206,1,0
B,D,D,12549,100,12549,1,0
C,D,D,6612,100,6612,1,0
D,E,D,9351,100,9351,1,0
D,F,D,12865,100,12865,1,0
D,G,D,6797,100,6797,1,0
D,H,D,1479,100,1479,1,0
A,E,E,1455,100,1455,1,0
B,E,E,7016,100,7016,1,0
C,E,E,7545,100,7545,1,0
D,E,E,9333,100,9333,1,0
E,F,E,7009,100,7009,1,0
E,G,E,7325,100,7325,1,0
E,H,E,9624,100,9624,1,0
A,F,F,7370,100,7370,1,0
B,F,F,1449,100,1449,1,0
C,F,F,7123,100,7123,1,0
D,F,F,12833,100,12833,1,0
E,F,F,7017,100,7017,1,0
F,G,F,6874,100,6874,1,0
F,H,F,13278,100,13278,1,0
A,G,G,7574,100,7574,1,0
B,G,G,6728,100,6728,1,0
C,G,G,1392,100,1392,1,0
D,G,G,6832,100,6832,1,0
E,G,G,7315,100,7315,1,0
F,G,G,6844,100,6844,1,0
G,H,G,7059,100,7059,1,0
A,H,H,9712,100,9712,1,0
B,H,H,13070,100,13070,1,0
C,H,H,7131,100,7131,1,0
D,H,H,1395,100,1395,1,0
E,H,H,9659,100,9659,1,0
F,H,H,13248,100,13248,1,0
G,H,H,7053,100,7053,1,0
A,B,A,7144,100,7144,1,0
A,C,A,7610,100,7610,1,0
A,D,A,9200,100,9200,1,0
A,E,A,1413,100,1413,1,0
A,F,A,7367,100,7367,1,0
A,G,A,7609,100,7609,1,0
A,H,A,9700,100,9700,1,0
A,B,B,7161,100,7161,1,0
B,C,B,6734,100,6734,1,0
B,D,B,12504,100,12504,1,0
B,E,B,7012,100,7012,1,0
B,F,B,1425,100,1425,1,0
B,G,B,6765,100,6765,1,0
B,H,B,13030,100,13030,1,0
A,C,C,7623,100,7623,1,0
B,C,C,6724,100,6724,1,0
C,D,C,6586,100,6586,1,0
C,E,C,7566,100,7566,1,0
C,F,C,7128,100,7128,1,0
C,G,C,1351,100,1351,1,0
C,H,C,7155,100,7155,1,0
A,D,D,9198,100,9198,1,0
B,D,D,12528,100,12528,1,0
C,D,D,6627,100,6627,1,0
D,E,D,9300,100,9300,1,0
D,F,D,12887,100,12887,1,0
D,G,D,6786,100,6786,1,0
D,H,D,1415,100,1415,1,0
A,E,E,1348,100,1348,1,0
B,E,E,7037,100,7037,1,0
C,E,E,7558,100,7558,1,0
D,E,E,9340,100,9340,1,0
E,F,E,6998,100,6998,1,0
E,G,E,7317,100,7317,1,0
E,H,E,9661,100,9661,1,0
A,F,F,7399,100,7399,1,0
B,F,F,1442,100,1442,1,0
C,F,F,7110,100,7110,1,0
D,F,F,12882,100,12882,1,0
E,F,F,6969,100,6969,1,0
F,G,F,6870,100,6870,1,0
F,H,F,13227,100,13227,1,0
A,G,G,7536,100,7536,1,0
B,G,G,6756,100,6756,1,0
C,G,G,1368,100,1368,1,0
D,G,G,6821,100,6821,1,0
E,G,G,7320,100,7320,1,0
F,G,G,6875,100,6875,1,0
G,H,G,7019,100,7019,1,0
A,H,H,9715,100,9715,1,0
B,H,H,13015,100,13015,1,0
C,H,H,7113,100,7113,1,0
D,H,H,1508,100,1508,1,0
E,H,H,9673,100,9673,1,0
F,H,H,13267,100,13267,1,0
G,H,H,7033,100,7033,1,0
A,B,A,7152,100,7152,1,0
A,C,A,7572,100,7572,1,0
A,D,A,9202,100,9202,1,0
A,E,A,1411,100,1411,1,0
A,F,A,7378,100,7378,1,0
A,G,A,7574,100,7574,1,0
A,H,A,9672,100,9672,1,0
A,B,B,7155,100,7155,1,0
B,C,B,6705,100,6705,1,0
B,D,B,12502,100,12502,1,0
B,E,B,7012,100,7012,1,0
B,F,B,1441,100,1441,1,0
B,G,B,6759,100,6759,1,0
B,H,B,13052,100,13052,1,0
A,C,C,7585,100,7585,1,0
B,C,C,6696,100,6696,1,0
C,D,C,6589,100,6589,1,0
C,E,C,7549,100,7549,1,0
C,F,C,7114,100,7114,1,0
C,G,C,1354,100,1354,1,0
C,H,C,7110,100,7110,1,0
A,D,D,9201,100,9201,1,0
B,D,D,12485,100,12485,1,0
C,D,D,6604,100,6604,1,0
D,E,D,9362,100,9362,1,0
D,F,D,12824,100,12824,1,0
D,G,D,6846,100,6846,1,0
D,H,D,1495,100,1495,1,0
A,E,E,1363,100,1363,1,0
B,E,E,7062,100,7062,1,0
C,E,E,7572,100,7572,1,0
D,E,E,9351,100,9351,1,0
E,F,E,6990,100,6990,1,0
E,G,E,7296,100,7296,1,0
E,H,E,9650,100,9650,1,0
A,F,F,7383,100,7383,1,0
B,F,F,1413,100,1413,1,0
C,F,F,7137,100,7137,1,0
D,F,F,12869,100,12869,1,0
E,F,F,7011,100,7011,1,0
F,G,F,6906,100,6906,1,0
F,H,F,13206,100,13206,1,0
A,G,G,7561,100,7561,1,0
B,G,G,6739,100,6739,1,0
C,G,G,1386,100,1386,1,0
D,G,G,6782,100,6782,1,0
E,G,G,7364,100,7364,1,0
F,G,G,6875,100,6875,1,0
G,H,G,7047,100,7047,1,0
A,H,H,9719,100,9719,1,0
B,H,H,13029,100,13029,1,0
C,H,H,7071,100,7071,1,0
D,H,H,1399,100,1399,1,0
E,H,H,9646,100,9646,1,0
F,H,H,13248,100,13248,1,0
G,H,H,7072,100,7072,1,0
A,B,A,7139,100,7139,1,0
A,C,A,7556,100,7556,1,0
A,D,A,9188,100,9188,1,0
A,E,A,1363,100,1363,1,0
A,F,A,7369,100,7369,1,0
A,G,A,7601,100,7601,1,0
A,H,A,9747,100,9747,1,0
A,B,B,7140,100,7140,1,0
B,C,B,6742,100,6742,1,0
B,D,B,12590,100,12590,1,0
B,E,B,7057,100,7057,1,0
B,F,B,1444,100,1444,1,0
B,G,B,6777,100,6777,1,0
B,H,B,13035,100,13035,1,0
A,C,C,7589,100,7589,1,0
B,C,C,6706,100,6706,1,0
C,D,C,6615,100,6615,1,0
C,E,C,7516,100,7516,1,0
C,F,C,7147,100,7147,1,0
C,G,C,1305,100,1305,1,0
C,H,C,7147,100,7147,1,0
A,D,D,9212,100,9212,1,0
B,D,D,12529,100,12529,1,0
C,D,D,6617,100,6617,1,0
D,E,D,9370,100,9370,1,0
D,F,D,12869,100,12869,1,0
D,G,D,6796,100,6796,1,0
D,H,D,1423,100,1423,1,0
A,E,E,1339,100,1339,1,0
B,E,E,7013,100,7013,1,0
C,E,E,7569,100,7569,1,0
D,E,E,9336,100,9336,1,0
E,F,E,7005,100,7005,1,0
E,G,E,7306,100,7306,1,0
E,H,E,9662,100,9662,1,0
A,F,F,7390,100,7390,1,0
B,F,F,1415,100,1415,1,0
C,F,F,7118,100,7118,1,0
D,F,F,12871,100,12871,1,0
E,F,F,7015,100,7015,1,0
F,G,F,6854,100,6854,1,0
F,H,F,13252,100,13252,1,0
A,G,G,7596,100,7596,1,0
B,G,G,6799,100,6799,1,0
C,G,G,1395,100,1395,1,0
D,G,G,6816,100,6816,1,0
E,G,G,7297,100,7297,1,0
F,G,G,6884,100,6884,1,0
G,H,G,7036,100,7036,1,0
A,H,H,9691,100,9691,1,0
B,H,H,13035,100,13035,1,0
C,H,H,7160,100,7160,1,0
D,H,H,1470,100,1470,1,0
E,H,H,9666,100,9666,1,0
F,H,H,13197,100,13197,1,0
G,H,H,7042,100,7042,1,0
A,B,A,7156,100,7156,1,0
A,C,A,7560,100,7560,1,0
A,D,A,9209,100,9209,1,0
A,E,A,1380,100,1380,1,0
A,F,A,7351,100,7351,1,0
A,G,A,7572,100,7572,1,0
A,H,A,9716,100,9716,1,0
A,B,B,7146,100,7146,1,0
B,C,B,6741,100,6741,1,0
B,D,B,12502,100,12502,1,0
B,E,B,7037,100,7037,1,0
B,F,B,1455,100,1455,1,0
B,G,B,6743,100,6743,1,0
B,H,B,13050,100,13050,1,0
A,C,C,7551,100,7551,1,0
B,C,C,6693,100,6693,1,0
C,D,C,6602,100,6602,1,0
C,E,C,7570,100,7570,1,0
C,F,C,7123,100,7123,1,0
C,G,C,1366,100,1366,1,0
C,H,C,7098,100,7098,1,0
A,D,D,9183,100,9183,1,0
B,D,D,12539,100,12539,1,0
C,D,D,6596,100,6596,1,0
D,E,D,9322,100,9322,1,0
D,F,D,12860,100,12860,1,0
D,G,D,6809,100,6809,1,0
D,H,D,1437,100,1437,1,0
A,E,E,1367,100,1367,1,0
B,E,E,7038,100,7038,1,0
C,E,E,7541,100,7541,1,0
D,E,E,9359,100,9359,1,0
E,F,E,6989,100,6989,1,0
E,G,E,7296,100,7296,1,0
E,H,E,9697,100,9697,1,0
A,F,F,7396,100,7396,1,0
B,F,F,1437,100,1437,1,0
C,F,F,7146,100,7146,1,0
D,F,F,12885,100,12885,1,0
E,F,F,7038,100,7038,1,0
F,G,F,6884,100,6884,1,0
F,H,F,13241,100,13241,1,0
A,G,G,7594,100,7594,1,0
B,G,G,6790,100,6790,1,0
C,G,G,1309,100,1309,1,0
D,G,G,6801,100,6801,1,0
E,G,G,7336,100,7336,1,0
F,G,G,6894,100,6894,1,0
G,H,G,7048,100,7048,1,0
A,H,H,9685,100,9685,1,0
B,H,H,13050,100,13050,1,0
C,H,H,7134,100,7134,1,0
D,H,H,1404,100,1404,1,0
E,H,H,9668,100,9668,1,0
F,H,H,13276,100,13276,1,0
G,H,H,7058,100,7058,1,0
A,B,A,7136,100,7136,1,0
A,C,A,7590,100,7590,1,0
A,D,A,9199,100,9199,1,0
A,E,A,1396,100,1396,1,0
A,F,A,7400,100,7400,1,0
A,G,A,7528,100,7528,1,0
A,H,A,9682,100,9682,1,0
A,B,B,7092,100,7092,1,0
B,C,B,6739,100,6739,1,0
B,D,B,12542,100,12542,1,0
B,E,B,7055,100,7055,1,0
B,F,B,1415,100,1415,1,0
B,G,B,6763,100,6763,1,0
B,H,B,13070,100,13070,1,0
A,C,C,7585,100,7585,1,0
B,C,C,6736,100,6736,1,0
C,D,C,6631,100,6631,1,0
C,E,C,7552,100,7552,1,0
C,F,C,7076,100,7076,1,0
C,G,C,1327,100,1327,1,0
C,H,C,7074,100,7074,1,0
A,D,D,9209,100,9209,1,0
B,D,D,12556,100,12556,1,0
C,D,D,6607,100,6607,1,0
D,E,D,9384,100,9384,1,0
D,F,D,12854,100,12854,1,0
D,G,D,6812,100,6812,1,0
D,H,D,1474,100,1474,1,0
A,E,E,1357,100,1357,1,0
B,E,E,7009,100,7009,1,0
C,E,E,7529,100,7529,1,0
D,E,E,9363,100,9363,1,0
E,F,E,7013,100,7013,1,0
E,G,E,7315,100,7315,1,0
E,H,E,9687,100,9687,1,0
A,F,F,7413,100,7413,1,0
B,F,F,1412,100,1412,1,0
C,F,F,7114,100,7114,1,0
D,F,F,12849,100,12849,1,0
E,F,F,7010,100,7010,1,0
F,G,F,6866,100,6866,1,0
F,H,F,13243,100,13243,1,0
A,G,G,7553,100,7553,1,0
B,G,G,6727,100,6727,1,0
C,G,G,1366,100,1366,1,0
D,G,G,6826,100,6826,1,0
E,G,G,7313,100,7313,1,0
F,G,G,6871,100,6871,1,0
G,H,G,7024,100,7024,1,0
A,H,H,9719,100,9719,1,0
B,H,H,13044,100,13044,1,0
C,H,H,7105,100,7105,1,0
D,H,H,1464,100,1464,1,0
E,H,H,9657,100,9657,1,0
F,H,H,13263,100,13263,1,0
G,H,H,7049,100,7049,1,0
A,B,A,7130,100,7130,1,0
A,C,A,7586,100,7586,1,0
A,D,A,9194,100,9194,1,0
A,E,A,1365,100,1365,1,0
A,F,A,7419,100,7419,1,0
A,G,A,7571,100,7571,1,0
A,H,A,9698,100,9698,1,0
A,B,B,7145,100,7145,1,0
B,C,B,6720,100,6720,1,0
B,D,B,12494,100,12494,1,0
B,E,B,7042,100,7042,1,0
B,F,B,1427,100,1427,1,0
B,G,B,6742,100,6742,1,0
B,H,B,13059,100,13059,1,0
A,C,C,7621,100,7621,1,0
B,C,C,6730,100,6730,1,0
C,D,C,6592,100,6592,1,0
C,E,C,7537,100,7537,1,0
C,F,C,7121,100,7121,1,0
C,G,C,1357,100,1357,1,0
C,H,C,7063,100,7063,1,0
A,D,D,9207,100,9207,1,0
B,D,D,12530,100,12530,1,0
C,D,D,6616,100,6616,1,0
D,E,D,9373,100,9373,1,0
D,F,D,12853,100,12853,1,0
D,G,D,6823,100,6823,1,0
D,H,D,1391,100,1391,1,0
A,E,E,1388,100,1388,1,0
B,E,E,7016,100,7016,1,0
C,E,E,7557,100,7557,1,0
D,E,E,9421,100,9421,1,0
E,F,E,6996,100,6996,1,0
E,G,E,7302,100,7302,1,0
E,H,E,9632,100,9632,1,0
A,F,F,7386,100,7386,1,0
B,F,F,1425,100,1425,1,0
C,F,F,7110,100,7110,1,0
D,F,F,12889,100,12889,1,0
E,F,F,6991,100,6991,1,0
F,G,F,6874,100,6874,1,0
F,H,F,13237,100,13237,1,0
A,G,G,7589,100,7589,1,0
B,G,G,6759,100,6759,1,0
C,G,G,1321,100,1321,1,0
D,G,G,6830,100,6830,1,0
E,G,G,7327,100,7327,1,0
F,G,G,6878,100,6878,1,0
G,H,G,7058,100,7058,1,0
A,H,H,9695,100,9695,1,0
B,H,H,13050,100,13050,1,0
C,H,H,7127,100,7127,1,0
D,H,H,1457,100,1457,1,0
E,H,H,9654,100,9654,1,0
F,H,H,13232,100,13232,1,0
G,H,H,7070,100,7070,1,0
A,B,A,7155,100,7155,1,0
A,C,A,7559,100,7559,1,0
A,D,A,9177,100,9177,1,0
A,E,A,1383,100,1383,1,0
A,F,A,7360,100,7360,1,0
A,G,A,7625,100,7625,1,0
A,H,A,9713,100,9713,1,0
A,B,B,7119,100,7119,1,0
B,C,B,6735,100,6735,1,0
B,D,B,12538,100,12538,1,0
B,E,B,7035,100,7035,1,0
B,F,B,1381,100,1381,1,0
B,G,B,6778,100,6778,1,0
B,H,B,13110,100,13110,1,0
A,C,C,7573,100,7573,1,0
B,C,C,6763,100,6763,1,0
C,D,C,6652,100,6652,1,0
C,E,C,7564,100,7564,1,0
C,F,C,7115,100,7115,1,0
C,G,C,1402,100,1402,1,0
C,H,C,7170,100,7170,1,0
A,D,D,9217,100,9217,1,0
B,D,D,12535,100,12535,1,0
C,D,D,6632,100,6632,1,0
D,E,D,9300,100,9300,1,0
D,F,D,12845,100,12845,1,0
D,G,D,6814,100,6814,1,0
D,H,D,1419,100,1419,1,0
A,E,E,1417,100,1417,1,0
B,E,E,7068,100,7068,1,0
C,E,E,7547,100,7547,1,0
D,E,E,9348,100,9348,1,0
E,F,E,6993,100,6993,1,0
E,G,E,7281,100,7281,1,0
E,H,E,9666,100,9666,1,0
A,F,F,7355,100,7355,1,0
B,F,F,1474,100,1474,1,0
C,F,F,7126,100,7126,1,0
D,F,F,12843,100,12843,1,0
E,F,F,6993,100,6993,1,0
F,G,F,6877,100,6877,1,0
F,H,F,13243,100,13243,1,0
A,G,G,7601,100,7601,1,0
B,G,G,6744,100,6744,1,0
C,G,G,1344,100,1344,1,0
D,G,G,6816,100,6816,1,0
E,G,G,7321,100,7321,1,0
F,G,G,6875,100,6875,1,0
G,H,G,7099,100,7099,1,0
A,H,H,9735,100,9735,1,0
B,H,H,12993,100,12993,1,0
C,H,H,7107,100,7107,1,0
D,H,H,1449,100,1449,1,0
E,H,H,9649,100,9649,1,0
F,H,H,13235,100,13235,1,0
G,H,H,7050,100,7050,1,0
A,B,A,7172,100,7172,1,0
A,C,A,7587,100,7587,1,0
A,D,A,9226,100,9226,1,0
A,E,A,1352,100,1352,1,0
A,F,A,7397,100,7397,1,0
A,G,A,7586,100,7586,1,0
A,H,A,9693,100,9693,1,0
A,B,B,7136,100,7136,1,0
B,C,B,6724,100,6724,1,0
B,D,B,12539,100,12539,1,0
B,E,B,6990,100,6990,1,0
B,F,B,1417,100,1417,1,0
B,G,B,6754,100,6754,1,0
B,H,B,12978,100,12978,1,0
A,C,C,7535,100,7535,1,0
B,C,C,6734,100,6734,1,0
C,D,C,6600,100,6600,1,0
C,E,C,7522,100,7522,1,0
C,F,C,7111,100,7111,1,0
C,G,C,1386,100,1386,1,0
C,H,C,7103,100,7103,1,0
A,D,D,9207,100,9207,1,0
B,D,D,12569,100,12569,1,0
C,D,D,6615,100,6615,1,0
D,E,D,9389,100,9389,1,0
D,F,D,12858,100,12858,1,0
D,G,D,6791,100,6791,1,0
D,H,D,1476,100,1476,1,0
A,E,E,1388,100,1388,1,0
B,E,E,7067,100,7067,1,0
C,E,E,7533,100,7533,1,0
D,E,E,9364,100,9364,1,0
E,F,E,7005,100,7005,1,0
E,G,E,7329,100,7329,1,0
E,H,E,9695,100,9695,1,0
A,F,F,7378,100,7378,1,0
B,F,F,1454,100,1454,1,0
C,F,F,7096,100,7096,1,0
D,F,F,12872,100,12872,1,0
E,F,F,7029,100,7029,1,0
F,G,F,6890,100,6890,1,0
F,H,F,13242,100,13242,1,0
A,G,G,7570,100,7570,1,0
B,G,G,6725,100,6725,1,0
C,G,G,1347,100,1347,1,0
D,G,G,6789,100,6789,1,0
E,G,G,7304,100,7304,1,0
F,G,G,6880,100,6880,1,0
G,H,G,7028,100,7028,1,0
A,H,H,9669,100,9669,1,0
B,H,H,13053,100,13053,1,0
C,H,H,7148,100,7148,1,0
D,H,H,1409,100,1409,1,0
E,H,H,9648,100,9648,1,0
F,H,H,13286,100,13286,1,0
G,H,H,7077,100,7077,1,0
A,B,A,7152,100,7152,1,0
A,C,A,7584,100,7584,1,0
A,D,A,9208,100,9208,1,0
A,E,A,1411,100,1411,1,0
A,F,A,7391,100,7391,1,0
A,G,A,7623,100,7623,1,0
A,H,A,9663,100,9663,1,0
A,B,B,7128,100,7128,1,0
B,C,B,6717,100,6717,1,0
B,D,B,12558,100,12558,1,0
B,E,B,7047,100,7047,1,0
B,F,B,1454,100,1454,1,0
B,G,B,6754,100,6754,1,0
B,H,B,13079,100,13079,1,0
A,C,C,7528,100,7528,1,0
B,C,C,6720,100,6720,1,0
C,D,C,6559,100,6559,1,0
C,E,C,7503,100,7503,1,0
C,F,C,7128,100,7128,1,0
C,G,C,1371,100,1371,1,0
C,H,C,7119,100,7119,1,0
A,D,D,9201,100,9201,1,0
B,D,D,12490,100,12490,1,0
C,D,D,6615,100,6615,1,0
D,E,D,9362,100,9362,1,0
D,F,D,12866,100,12866,1,0
D,G,D,6784,100,6784,1,0
D,H,D,1447,100,1447,1,0
A,E,E,1402,100,1402,1,0
B,E,E,7029,100,7029,1,0
C,E,E,7578,100,7578,1,0
D,E,E,9363,100,9363,1,0
E,F,E,7001,100,7001,1,0
E,G,E,7324,100,7324,1,0
E,H,E,9610,100,9610,1,0
A,F,F,7409,100,7409,1,0
B,F,F,1429,100,1429,1,0
C,F,F,7148,100,7148,1,0
D,F,F,12857,100,12857,1,0
E,F,F,7026,100,7026,1,0
F,G,F,6867,100,6867,1,0
F,H,F,13222,100,13222,1,0
A,G,G,7576,100,7576,1,0
B,G,G,6768,100,6768,1,0
C,G,G,1373,100,1373,1,0
D,G,G,6808,100,6808,1,0
E,G,G,7305,100,7305,1,0
F,G,G,6871,100,6871,1,0
G,H,G,7078,100,7078,1,0
A,H,H,9729,100,9729,1,0
B,H,H,13062,100,13062,1,0
C,H,H,7131,100,7131,1,0
D,H,H,1462,100,1462,1,0
E,H,H,9682,100,9682,1,0
F,H,H,13226,100,13226,1,0
G,H,H,7076,100,7076,1,0
A,B,A,7146,100,7146,1,0
A,C,A,7584,100,7584,1,0
A,D,A,9228,100,9228,1,0
A,E,A,1385,100,1385,1,0
A,F,A,7360,100,7360,1,0
A,G,A,7593,100,7593,1,0
A,H,A,9677,100,9677,1,0
A,B,B,7157,100,7157,1,0
B,C,B,6693,100,6693,1,0
B,D,B,12505,100,12505,1,0
B,E,B,7017,100,7017,1,0
B,F,B,1409,100,1409,1,0
B,G,B,6771,100,6771,1,0
B,H,B,13053,100,13053,1,0
A,C,C,7560,100,7560,1,0
B,C,C,6719,100,6719,1,0
C,D,C,6645,100,6645,1,0
C,E,C,7566,100,7566,1,0
C,F,C,7093,100,7093,1,0
C,G,C,1369,100,1369,1,0
C,H,C,7077,100,7077,1,0
A,D,D,9179,100,9179,1,0
B,D,D,12536,100,12536,1,0
C,D,D,6605,100,6605,1,0
D,E,D,9346,100,9346,1,0
D,F,D,12927,100,12927,1,0
D,G,D,6822,100,6822,1,0
D,H,D,1486,100,1486,1,0
A,E,E,1390,100,1390,1,0
B,E,E,7052,100,7052,1,0
C,E,E,7506,100,7506,1,0
D,E,E,9421,100,9421,1,0
E,F,E,7015,100,7015,1,0
E,G,E,7335,100,7335,1,0
E,H,E,9664,100,9664,1,0
A,F,F,7376,100,7376,1,0
B,F,F,1401,100,1401,1,0
C,F,F,7140,100,7140,1,0
D,F,F,12902,100,12902,1,0
E,F,F,6997,100,6997,1,0
F,G,F,6877,100,6877,1,0
F,H,F,13200,100,13200,1,0
A,G,G,7530,100,7530,1,0
B,G,G,6750,100,6750,1,0
C,G,G,1369,100,1369,1,0
D,G,G,6830,100,6830,1,0
E,G,G,7313,100,7313,1,0
F,G,G,6896,100,6896,1,0
G,H,G,7050,100,7050,1,0
A,H,H,9721,100,9721,1,0
B,H,H,13094,100,13094,1,0
C,H,H,7071,100,7071,1,0
D,H,H,1434,100,1434,1,0
E,H,H,9657,100,9657,1,0
F,H,H,13221,100,13221,1,0
G,H,H,7076,100,7076,1,0
A,B,A,7175,100,7175,1,0
A,C,A,7579,100,7579,1,0
A,D,A,9187,100,9187,1,0
A,E,A,1322,100,1322,1,0
A,F,A,7386,100,7386,1,0
A,G,A,7584,100,7584,1,0
A,H,A,9691,100,9691,1,0
A,B,B,7178,100,7178,1,0
B,C,B,6692,100,6692,1,0
B,D,B,12571,100,12571,1,0
B,E,B,6998,100,6998,1,0
B,F,B,1456,100,1456,1,0
B,G,B,6763,100,6763,1,0
B,H,B,13020,100,13020,1,0
A,C,C,7577,100,7577,1,0
B,C,C,6715,100,6715,1,0
C,D,C,6580,100,6580,1,0
C,E,C,7537,100,7537,1,0
C,F,C,7121,100,7121,1,0
C,G,C,1330,100,1330,1,0
C,H,C,7109,100,7109,1,0
A,D,D,9220,100,9220,1,0
B,D,D,12546,100,12546,1,0
C,D,D,6605,100,6605,1,0
D,E,D,9340,100,9340,1,0
D,F,D,12872,100,12872,1,0
D,G,D,6816,100,6816,1,0
D,H,D,1446,100,1446,1,0
A,E,E,1349,100,1349,1,0
B,E,E,7039,100,7039,1,0
C,E,E,7533,100,7533,1,0
D,E,E,9348,100,9348,1,0
E,F,E,6987,100,6987,1,0
E,G,E,7289,100,7289,1,0
E,H,E,9691,100,9691,1,0
A,F,F,7388,100,7388,1,0
B,F,F,1407,100,1407,1,0
C,F,F,7107,100,7107,1,0
D,F,F,12894,100,12894,1,0
E,F,F,7040,100,7040,1,0
F,G,F,6901,100,6901,1,0
F,H,F,13216,100,13216,1,0
A,G,G,7586,100,7586,1,0
B,G,G,6747,100,6747,1,0
C,G,G,1377,100,1377,1,0
D,G,G,6820,100,6820,1,0
E,G,G,7320,100,7320,1,0
F,G,G,6876,100,6876,1,0
G,H,G,7038,100,7038,1,0
A,H,H,9718,100,9718,1,0
B,H,H,13067,100,13067,1,0
C,H,H,7157,100,7157,1,0
D,H,H,1494,100,1494,1,0
E,H,H,9654,100,9654,1,0
F,H,H,13206,100,13206,1,0
G,H,H,7081,100,7081,1,0
A,B,A,7168,100,7168,1,0
A,C,A,7545,100,7545,1,0
A,D,A,9195,100,9195,1,0
A,E,A,1372,100,1372,1,0
A,F,A,7387,100,7387,1,0
A,G,A,7527,100,7527,1,0
A,H,A,9666,100,9666,1,0
A,B,B,7171,100,7171,1,0
B,C,B,6716,100,6716,1,0
B,D,B,12581,100,12581,1,0
B,E,B,7048,100,7048,1,0
B,F,B,1436,100,1436,1,0
B,G,B,6753,100,6753,1,0
B,H,B,13054,100,13054,1,0
A,C,C,7528,100,7528,1,0
B,C,C,6718,100,6718,1,0
C,D,C,6599,100,6599,1,0
C,E,C,7558,100,7558,1,0
C,F,C,7115,100,7115,1,0
C,G,C,1377,100,1377,1,0
C,H,C,7091,100,7091,1,0
A,D,D,9214,100,9214,1,0
B,D,D,12527,100,12527,1,0
C,D,D,6601,100,6601,1,0
D,E,D,9296,100,9296,1,0
D,F,D,12877,100,12877,1,0
D,G,D,6798,100,6798,1,0
D,H,D,1512,100,1512,1,0
A,E,E,1378,100,1378,1,0
B,E,E,7040,100,7040,1,0
C,E,E,7513,100,7513,1,0
D,E,E,9409,100,9409,1,0
E,F,E,7011,100,7011,1,0
E,G,E,7312,100,7312,1,0
E,H,E,9698,100,9698,1,0
A,F,F,7358,100,7358,1,0
B,F,F,1412,100,1412,1,0
C,F,F,7122,100,7122,1,0
D,F,F,12859,100,12859,1,0
E,F,F,7010,100,7010,1,0
F,G,F,6888,100,6888,1,0
F,H,F,13245,100,13245,1,0
A,G,G,7566,100,7566,1,0
B,G,G,6769,100,6769,1,0
C,G,G,1364,100,1364,1,0
D,G,G,6801,100,6801,1,0
E,G,G,7278,100,7278,1,0
F,G,G,6903,100,6903,1,0
G,H,G,7044,100,7044,1,0
A,H,H,9763,100,9763,1,0
B,H,H,13026,100,13026,1,0
C,H,H,7116,100,7116,1,0
D,H,H,1465,100,1465,1,0
E,H,H,9647,100,9647,1,0
F,H,H,13209,100,13209,1,0
G,H,H,7061,100,7061,1,0
A,B,A,7167,100,7167,1,0
A,C,A,7584,100,7584,1,0
A,D,A,9195,100,9195,1,0
A,E,A,1412,100,1412,1,0
A,F,A,7393,100,7393,1,0
A,G,A,7543,100,7543,1,0
A,H,A,9693,100,9693,1,0
A,B,B,7119,100,7119,1,0
B,C,B,6709,100,6709,1,0
B,D,B,12551,100,12551,1,0
B,E,B,7070,100,7070,1,0
B,F,B,1430,100,1430,1,0
B,G,B,6767,100,6767,1,0
B,H,B,13032,100,13032,1,0
A,C,C,7549,100,7549,1,0
B,C,C,6740,100,6740,1,0
C,D,C,6591,100,6591,1,0
C,E,C,7519,100,7519,1,0
C,F,C,7116,100,7116,1,0
C,G,C,1328,100,1328,1,0
C,H,C,7123,100,7123,1,0
A,D,D,9201,100,9201,1,0
B,D,D,12524,100,12524,1,0
C,D,D,6599,100,6599,1,0
D,E,D,9336,100,9336,1,0
D,F,D,12869,100,12869,1,0
D,G,D,6821,100,6821,1,0
D,H,D,1447,100,1447,1,0
A,E,E,1349,100,1349,1,0
B,E,E,7027,100,7027,1,0
C,E,E,7492,100,7492,1,0
D,E,E,9343,100,9343,1,0
E,F,E,6989,100,6989,1,0
E,G,E,7325,100,7325,1,0
E,H,E,9705,100,9705,1,0
A,F,F,7358,100,7358,1,0
B,F,F,1473,100,1473,1,0
C,F,F,7136,100,7136,1,0
D,F,F,12893,100,12893,1,0
E,F,F,7029,100,7029,1,0
F,G,F,6877,100,6877,1,0
F,H,F,13213,100,13213,1,0
A,G,G,7568,100,7568,1,0
B,G,G,6756,100,6756,1,0
C,G,G,1349,100,1349,1,0
D,G,G,6809,100,6809,1,0
E,G,G,7337,100,7337,1,0
F,G,G,6895,100,6895,1,0
G,H,G,7058,100,7058,1,0
A,H,H,9670,100,9670,1,0
B,H,H,13094,100,13094,1,0
C,H,H,7172,100,7172,1,0
D,H,H,1440,100,1440,1,0
E,H,H,9622,100,9622,1,0
F,H,H,13257,100,13257,1,0
G,H,H,7000,100,7000,1,0
A,B,A,7137,100,7137,1,0
A,C,A,7578,100,7578,1,0
A,D,A,9196,100,9196,1,0
A,E,A,1419,100,1419,1,0
A,F,A,7397,100,7397,1,0
A,G,A,7588,100,7588,1,0
A,H,A,9652,100,9652,1,0
A,B,B,7148,100,7148,1,0
B,C,B,6741,100,6741,1,0
B,D,B,12569,100,12569,1,0
B,E,B,7069,100,7069,1,0
B,F,B,1373,100,1373,1,0
B,G,B,6736,100,6736,1,0
B,H,B,12981,100,12981,1,0
A,C,C,7668,100,7668,1,0
B,C,C,6724,100,6724,1,0
C,D,C,6641,100,6641,1,0
C,E,C,7537,100,7537,1,0
C,F,C,7130,100,7130,1,0
C,G,C,1345,100,1345,1,0
C,H,C,7095,100,7095,1,0
A,D,D,9184,100,9184,1,0
B,D,D,12544,100,12544,1,0
C,D,D,6610,100,6610,1,0
D,E,D,9344,100,9344,1,0
D,F,D,12859,100,12859,1,0
D,G,D,6803,100,6803,1,0
D,H,D,1379,100,1379,1,0
A,E,E,1376,100,1376,1,0
B,E,E,7058,100,7058,1,0
C,E,E,7553,100,7553,1,0
D,E,E,9424,100,9424,1,0
E,F,E,6981,100,6981,1,0
E,G,E,7299,100,7299,1,0
E,H,E,9668,100,9668,1,0
A,F,F,7347,100,7347,1,0
B,F,F,1454,100,1454,1,0
C,F,F,7120,100,7120,1,0
D,F,F,12877,100,12877,1,0
E,F,F,7018,100,7018,1,0
F,G,F,6895,100,6895,1,0
F,H,F,13230,100,13230,1,0
A,G,G,7531,100,7531,1,0
B,G,G,6776,100,6776,1,0
C,G,G,1350,100,1350,1,0
D,G,G,6800,100,6800,1,0
E,G,G,7339,100,7339,1,0
F,G,G,6871,100,6871,1,0
G,H,G,7066,100,7066,1,0
A,H,H,9684,100,9684,1,0
B,H,H,13028,100,13028,1,0
C,H,H,7111,100,7111,1,0
D,H,H,1435,100,1435,1,0
E,H,H,9718,100,9718,1,0
F,H,H,13254,100,13254,1,0
G,H,H,7079,100,7079,1,0
A,B,A,7128,100,7128,1,0
A,C,A,7544,100,7544,1,0
A,D,A,9193,100,9193,1,0
A,E,A,1388,100,1388,1,0
A,F,A,7393,100,7393,1,0
A,G,A,7578,100,7578,1,0
A,H,A,9670,100,9670,1,0
A,B,B,7204,100,7204,1,0
B,C,B,6685,100,6685,1,0
B,D,B,12543,100,12543,1,0
B,E,B,7051,100,7051,1,0
B,F,B,1428,100,1428,1,0
B,G,B,6731,100,6731,1,0
B,H,B,13070,100,13070,1,0
A,C,C,7571,100,7571,1,0
B,C,C,6746,100,6746,1,0
C,D,C,6625,100,6625,1,0
C,E,C,7529,100,7529,1,0
C,F,C,7139,100,7139,1,0
C,G,C,1361,100,1361,1,0
C,H,C,7153,100,7153,1,0
A,D,D,9182,100,9182,1,0
B,D,D,12533,100,12533,1,0
C,D,D,6599,100,6599,1,0
D,E,D,9362,100,9362,1,0
D,F,D,12892,100,12892,1,0
D,G,D,6776,100,6776,1,0
D,H,D,1415,100,1415,1,0
A,E,E,1407,100,1407,1,0
B,E,E,7034,100,7034,1,0
C,E,E,7558,100,7558,1,0
D,E,E,9383,100,9383,1,0
E,F,E,7009,100,7009,1,0
E,G,E,7302,100,7302,1,0
E,H,E,9637,100,9637,1,0
A,F,F,7366,100,7366,1,0
B,F,F,1476,100,1476,1,0
C,F,F,7120,100,7120,1,0
D,F,F,12866,100,12866,1,0
E,F,F,7003,100,7003,1,0
F,G,F,6872,100,6872,1,0
F,H,F,13215,100,13215,1,0
A,G,G,7607,100,7607,1,0
B,G,G,6756,100,6756,1,0
C,G,G,1350,100,1350,1,0
D,G,G,6809,100,6809,1,0
E,G,G,7279,100,7279,1,0
F,G,G,6884,100,6884,1,0
G,H,G,7069,100,7069,1,0
A,H,H,9719,100,9719,1,0
B,H,H,13083,100,13083,1,0
C,H,H,7130,100,7130,1,0
D,H,H,1449,100,1449,1,0
E,H,H,9629,100,9629,1,0
F,H,H,13221,100,13221,1,0
G,H,H,7066,100,7066,1,0
A,B,A,7143,100,7143,1,0
A,C,A,7556,100,7556,1,0
A,D,A,9186,100,9186,1,0
A,E,A,1338,100,1338,1,0
A,F,A,7365,100,7365,1,0
A,G,A,7636,100,7636,1,0
A,H,A,9745,100,9745,1,0
A,B,B,7167,100,7167,1,0
B,C,B,6764,100,6764,1,0
B,D,B,12506,100,12506,1,0
B,E,B,7048,100,7048,1,0
B,F,B,1448,100,1448,1,0
B,G,B,6752,100,6752,1,0
B,H,B,13015,100,13015,1,0
A,C,C,7538,100,7538,1,0
B,C,C,6698,100,6698,1,0
C,D,C,6570,100,6570,1,0
C,E,C,7522,100,7522,1,0
C,F,C,7134,100,7134,1,0
C,G,C,1349,100,1349,1,0
C,H,C,7078,100,7078,1,0
A,D,D,9200,100,9200,1,0
B,D,D,12573,100,12573,1,0
C,D,D,6625,100,6625,1,0
D,E,D,9366,100,9366,1,0
D,F,D,12854,100,12854,1,0
D,G,D,6834,100,6834,1,0
D,H,D,1456,100,1456,1,0
A,E,E,1377,100,1377,1,0
B,E,E,7048,100,7048,1,0
C,E,E,7502,100,7502,1,0
D,E,E,9343,100,9343,1,0
E,F,E,6991,100,6991,1,0
E,G,E,7299,100,7299,1,0
E,H,E,9639,100,9639,1,0
A,F,F,7361,100,7361,1,0
B,F,F,1406,100,1406,1,0
C,F,F,7111,100,7111,1,0
D,F,F,12852,100,12852,1,0
E,F,F,7013,100,7013,1,0
F,G,F,6865,100,6865,1,0
F,H,F,13240,100,13240,1,0
A,G,G,7631,100,7631,1,0
B,G,G,6780,100,6780,1,0
C,G,G,1371,100,1371,1,0
D,G,G,6790,100,6790,1,0
E,G,G,7339,100,7339,1,0
F,G,G,6876,100,6876,1,0
G,H,G,7050,100,7050,1,0
A,H,H,9695,100,9695,1,0
B,H,H,13004,100,13004,1,0
C,H,H,7099,100,7099,1,0
D,H,H,1479,100,1479,1,0
E,H,H,9660,100,9660,1,0
F,H,H,13243,100,13243,1,0
G,H,H,7024,100,7024,1,0
A,B,A,7138,100,7138,1,0
A,C,A,7629,100,7629,1,0
A,D,A,9199,100,9199,1,0
A,E,A,1373,100,1373,1,0
A,F,A,7379,100,7379,1,0
A,G,A,7575,100,7575,1,0
A,H,A,9674,100,9674,1,0
A,B,B,7167,100,7167,1,0
B,C,B,6746,100,6746,1,0
B,D,B,12489,100,12489,1,0
B,E,B,7046,100,7046,1,0
B,F,B,1404,100,1404,1,0
B,G,B,6786,100,6786,1,0
B,H,B,13053,100,13053,1,0
A,C,C,7572,100,7572,1,0
B,C,C,6718,100,6718,1,0
C,D,C,6581,100,6581,1,0
C,E,C,7532,100,7532,1,0
C,F,C,7127,100,7127,1,0
C,G,C,1337,100,1337,1,0
C,H,C,7145,100,7145,1,0
A,D,D,9223,100,9223,1,0
B,D,D,12514,100,12514,1,0
C,D,D,6638,100,6638,1,0
D,E,D,9360,100,9360,1,0
D,F,D,12878,100,12878,1,0
D,G,D,6791,100,6791,1,0
D,H,D,1442,100,1442,1,0
A,E,E,1383,100,1383,1,0
B,E,E,7018,100,7018,1,0
C,E,E,7562,100,7562,1,0
D,E,E,9366,100,9366,1,0
E,F,E,7004,100,7004,1,0
E,G,E,7277,100,7277,1,0
E,H,E,9685,100,9685,1,0
A,F,F,7412,100,7412,1,0
B,F,F,1461,100,1461,1,0
C,F,F,7117,100,7117,1,0
D,F,F,12889,100,12889,1,0
E,F,F,6993,100,6993,1,0
F,G,F,6877,100,6877,1,0
F,H,F,13226,100,13226,1,0
A,G,G,7599,100,7599,1,0
B,G,G,6750,100,6750,1,0
C,G,G,1350,100,1350,1,0
D,G,G,6816,100,6816,1,0
E,G,G,7301,100,7301,1,0
F,G,G,6875,100,6875,1,0
G,H,G,7019,100,7019,1,0
A,H,H,9769,100,9769,1,0
B,H,H,13017,100,13017,1,0
C,H,H,7121,100,7121,1,0
D,H,H,1408,100,1408,1,0
E,H,H,9629,100,9629,1,0
F,H,H,13259,100,13259,1,0
G,H,H,7061,100,7061,1,0
A,B,A,7183,100,7183,1,0
A,C,A,7557,100,7557,1,0
A,D,A,9208,100,9208,1,0
A,E,A,1368,100,1368,1,0
A,F,A,7392,100,7392,1,0
A,G,A,7529,100,7529,1,0
A,H,A,9703,100,9703,1,0
A,B,B,7140,100,7140,1,0
B,C,B,6714,100,6714,1,0
B,D,B,12551,100,12551,1,0
B,E,B,7035,100,7035,1,0
B,F,B,1462,100,1462,1,0
B,G,B,6784,100,6784,1,0
B,H,B,13009,100,13009,1,0
A,C,C,7558,100,7558,1,0
B,C,C,6728,100,6728,1,0
C,D,C,6616,100,6616,1,0
C,E,C,7561,100,7561,1,0
C,F,C,7124,100,7124,1,0
C,G,C,1316,100,1316,1,0
C,H,C,7152,100,7152,1,0
A,D,D,9207,100,9207,1,0
B,D,D,12530,100,12530,1,0
C,D,D,6628,100,6628,1,0
D,E,D,9342,100,9342,1,0
D,F,D,12898,100,12898,1,0
D,G,D,6773,100,6773,1,0
D,H,D,1454,100,1454,1,0
A,E,E,1381,100,1381,1,0
B,E,E,7026,100,7026,1,0
C,E,E,7550,100,7550,1,0
D,E,E,9283,100,9283,1,0
E,F,E,7010,100,7010,1,0
E,G,E,7347,100,7347,1,0
E,H,E,9640,100,9640,1,0
A,F,F,7398,100,7398,1,0
B,F,F,1437,100,1437,1,0
C,F,F,7109,100,7109,1,0
D,F,F,12925,100,12925,1,0
E,F,F,7011,100,7011,1,0
F,G,F,6894,100,6894,1,0
F,H,F,13241,100,13241,1,0
A,G,G,7573,100,7573,1,0
B,G,G,6767,100,6767,1,0
C,G,G,1341,100,1341,1,0
D,G,G,6809,100,6809,1,0
E,G,G,7325,100,7325,1,0
F,G,G,6896,100,6896,1,0
G,H,G,7076,100,7076,1,0
A,H,H,9695,100,9695,1,0
B,H,H,13069,100,13069,1,0
C,H,H,7080,100,7080,1,0
D,H,H,1445,100,1445,1,0
E,H,H,9658,100,9658,1,0
F,H,H,13283,100,13283,1,0
G,H,H,7022,100,7022,1,0
A,B,A,7152,100,7152,1,0
A,C,A,7583,100,7583,1,0
A,D,A,9177,100,9177,1,0
A,E,A,1417,100,1417,1,0
A,F,A,7381,100,7381,1,0
A,G,A,7592,100,7592,1,0
A,H,A,9692,100,9692,1,0
A,B,B,7128,100,7128,1,0
B,C,B,6695,100,6695,1,0
B,D,B,12536,100,12536,1,0
B,E,B,7041,100,7041,1,0
B,F,B,1455,100,1455,1,0
B,G,B,6768,100,6768,1,0
B,H,B,13038,100,13038,1,0
A,C,C,7617,100,7617,1,0
B,C,C,6756,100,6756,1,0
C,D,C,6589,100,6589,1,0
C,E,C,7576,100,7576,1,0
C,F,C,7119,100,7119,1,0
C,G,C,1380,100,1380,1,0
C,H,C,7093,100,7093,1,0
A,D,D,9211,100,9211,1,0
B,D,D,12531,100,12531,1,0
C,D,D,6617,100,6617,1,0
D,E,D,9333,100,9333,1,0
D,F,D,12866,100,12866,1,0
D,G,D,6822,100,6822,1,0
D,H,D,1447,100,1447,1,0
A,E,E,1377,100,1377,1,0
B,E,E,7024,100,7024,1,0
C,E,E,7562,100,7562,1,0
D,E,E,9355,100,9355,1,0
E,F,E,7021,100,7021,1,0
E,G,E,7282,100,7282,1,0
E,H,E,9655,100,9655,1,0
A,F,F,7353,100,7353,1,0
B,F,F,1420,100,1420,1,0
C,F,F,7145,100,7145,1,0
D,F,F,12881,100,12881,1,0
E,F,F,7024,100,7024,1,0
F,G,F,6858,100,6858,1,0
F,H,F,13213,100,13213,1,0
A,G,G,7612,100,7612,1,0
B,G,G,6781,100,6781,1,0
C,G,G,1384,100,1384,1,0
D,G,G,6782,100,6782,1,0
E,G,G,7297,100,7297,1,0
F,G,G,6880,100,6880,1,0
G,H,G,7023,100,7023,1,0
A,H,H,9660,100,9660,1,0
B,H,H,13039,100,13039,1,0
C,H,H,7117,100,7117,1,0
D,H,H,1421,100,1421,1,0
E,H,H,9634,100,9634,1,0
F,H,H,13211,100,13211,1,0
G,H,H,7052,100,7052,1,0
A,B,A,7187,100,7187,1,0
A,C,A,7614,100,7614,1,0
A,D,A,9188,100,9188,1,0
A,E,A,1357,100,1357,1,0
A,F,A,7413,100,7413,1,0
A,G,A,7562,100,7562,1,0
A,H,A,9713,100,9713,1,0
A,B,B,7144,100,7144,1,0
B,C,B,6723,100,6723,1,0
B,D,B,12522,100,12522,1,0
B,E,B,7055,100,7055,1,0
B,F,B,1430,100,1430,1,0
B,G,B,6735,100,6735,1,0
B,H,B,13072,100,13072,1,0
A,C,C,7579,100,7579,1,0
B,C,C,6740,100,6740,1,0
C,D,C,6616,100,6616,1,0
C,E,C,7549,100,7549,1,0
C,F,C,7078,100,7078,1,0
C,G,C,1332,100,1332,1,0
C,H,C,7106,100,7106,1,0
A,D,D,9197,100,9197,1,0
B,D,D,12561,100,12561,1,0
C,D,D,6585,100,6585,1,0
D,E,D,9372,100,9372,1,0
D,F,D,12865,100,12865,1,0
D,G,D,6808,100,6808,1,0
D,H,D,1460,100,1460,1,0
A,E,E,1379,100,1379,1,0
B,E,E,7034,100,7034,1,0
C,E,E,7556,100,7556,1,0
D,E,E,9388,100,9388,1,0
E,F,E,6979,100,6979,1,0
E,G,E,7295,100,7295,1,0
E,H,E,9618,100,9618,1,0
A,F,F,7364,100,7364,1,0
B,F,F,1453,100,1453,1,0
C,F,F,7101,100,7101,1,0
D,F,F,12878,100,12878,1,0
E,F,F,7011,100,7011,1,0
F,G,F,6888,100,6888,1,0
F,H,F,13281,100,13281,1,0
A,G,G,7591,100,7591,1,0
B,G,G,6767,100,6767,1,0
C,G,G,1359,100,1359,1,0
D,G,G,6814,100,6814,1,0
E,G,G,7288,100,7288,1,0
F,G,G,6889,100,6889,1,0
G,H,G,7037,100,7037,1,0
A,H,H,9694,100,9694,1,0
B,H,H,13081,100,13081,1,0
C,H,H,7132,100,7132,1,0
D,H,H,1443,100,1443,1,0
E,H,H,9630,100,9630,1,0
F,H,H,13213,100,13213,1,0
G,H,H,7057,100,7057,1,0
A,B,A,7142,100,7142,1,0
A,C,A,7560,100,7560,1,0
A,D,A,9204,100,9204,1,0
A,E,A,1339,100,1339,1,0
A,F,A,7385,100,7385,1,0
A,G,A,7615,100,7615,1,0
A,H,A,9683,100,9683,1,0
A,B,B,7156,100,7156,1,0
B,C,B,6738,100,6738,1,0
B,D,B,12484,100,12484,1,0
B,E,B,7042,100,7042,1,0
B,F,B,1412,100,1412,1,0
B,G,B,6749,100,6749,1,0
B,H,B,13002,100,13002,1,0
A,C,C,7610,100,7610,1,0
B,C,C,6700,100,6700,1,0
C,D,C,6618,100,6618,1,0
C,E,C,7525,100,7525,1,0
C,F,C,7141,100,7141,1,0
C,G,C,1327,100,1327,1,0
C,H,C,7071,100,7071,1,0
A,D,D,9172,100,9172,1,0
B,D,D,12543,100,12543,1,0
C,D,D,6571,100,6571,1,0
D,E,D,9310,100,9310,1,0
D,F,D,12889,100,12889,1,0
D,G,D,6795,100,6795,1,0
D,H,D,1418,100,1418,1,0
A,E,E,1363,100,1363,1,0
B,E,E,7036,100,7036,1,0
C,E,E,7523,100,7523,1,0
D,E,E,9384,100,9384,1,0
E,F,E,6980,100,6980,1,0
E,G,E,7315,100,7315,1,0
E,H,E,9628,100,9628,1,0
A,F,F,7328,100,7328,1,0
B,F,F,1445,100,1445,1,0
C,F,F,7093,100,7093,1,0
D,F,F,12841,100,12841,1,0
E,F,F,6999,100,6999,1,0
F,G,F,6867,100,6867,1,0
F,H,F,13223,100,13223,1,0
A,G,G,7536,100,7536,1,0
B,G,G,6782,100,6782,1,0
C,G,G,1355,100,1355,1,0
D,G,G,6812,100,6812,1,0
E,G,G,7300,100,7300,1,0
F,G,G,6880,100,6880,1,0
G,H,G,7068,100,7068,1,0
A,H,H,9734,100,9734,1,0
B,H,H,13028,100,13028,1,0
C,H,H,7097,100,7097,1,0
D,H,H,1391,100,1391,1,0
E,H,H,9637,100,9637,1,0
F,H,H,13260,100,13260,1,0
G,H,H,7053,100,7053,1,0
A,B,A,7158,100,7158,1,0
A,C,A,7556,100,7556,1,0
A,D,A,9172,100,9172,1,0
A,E,A,1350,100,1350,1,0
A,F,A,7343,100,7343,1,0
A,G,A,7558,100,7558,1,0
A,H,A,9685,100,9685,1,0
A,B,B,7160,100,7160,1,0
B,C,B,6723,100,6723,1,0
B,D,B,12555,100,12555,1,0
B,E,B,7042,100,7042,1,0
B,F,B,1438,100,1438,1,0
B,G,B,6737,100,6737,1,0
B,H,B,13070,100,13070,1,0
A,C,C,7490,100,7490,1,0
B,C,C,6719,100,6719,1,0
C,D,C,6576,100,6576,1,0
C,E,C,7514,100,7514,1,0
C,F,C,7149,100,7149,1,0
C,G,C,1400,100,1400,1,0
C,H,C,7094,100,7094,1,0
A,D,D,9215,100,9215,1,0
B,D,D,12527,100,12527,1,0
C,D,D,6606,100,6606,1,0
D,E,D,9319,100,9319,1,0
D,F,D,12857,100,12857,1,0
D,G,D,6811,100,6811,1,0
D,H,D,1444,100,1444,1,0
A,E,E,1328,100,1328,1,0
B,E,E,7026,100,7026,1,0
C,E,E,7561,100,7561,1,0
D,E,E,9366,100,9366,1,0
E,F,E,6987,100,6987,1,0
E,G,E,7299,100,7299,1,0
E,H,E,9672,100,9672,1,0
A,F,F,7379,100,7379,1,0
B,F,F,1428,100,1428,1,0
C,F,F,7136,100,7136,1,0
D,F,F,12865,100,12865,1,0
E,F,F,7033,100,7033,1,0
F,G,F,6879,100,6879,1,0
F,H,F,13241,100,13241,1,0
A,G,G,7602,100,7602,1,0
B,G,G,6738,100,6738,1,0
C,G,G,1367,100,1367,1,0
D,G,G,6795,100,6795,1,0
E,G,G,7280,100,7280,1,0
F,G,G,6917,100,6917,1,0
G,H,G,7057,100,7057,1,0
A,H,H,9687,100,9687,1,0
B,H,H,13047,100,13047,1,0
C,H,H,7107,100,7107,1,0
D,H,H,1460,100,1460,1,0
E,H,H,9686,100,9686,1,0
F,H,H,13241,100,13241,1,0
G,H,H,7044,100,7044,1,0
A,B,A,7188,100,7188,1,0
A,C,A,7609,100,7609,1,0
A,D,A,9205,100,9205,1,0
A,E,A,1363,100,1363,1,0
A,F,A,7333,100,7333,1,0
A,G,A,7535,100,7535,1,0
A,H,A,9681,100,9681,1,0
A,B,B,7147,100,7147,1,0
B,C,B,6723,100,6723,1,0
B,D,B,12522,100,12522,1,0
B,E,B,7019,100,7019,1,0
B,F,B,1441,100,1441,1,0
B,G,B,6746,100,6746,1,0
B,H,B,13059,100,13059,1,0
A,C,C,7552,100,7552,1,0
B,C,C,6736,100,6736,1,0
C,D,C,6596,100,6596,1,0
C,E,C,7544,100,7544,1,0
C,F,C,7103,100,7103,1,0
C,G,C,1361,100,1361,1,0
C,H,C,7063,100,7063,1,0
A,D,D,9182,100,9182,1,0
B,D,D,12486,100,12486,1,0
C,D,D,6609,100,6609,1,0
D,E,D,9328,100,9328,1,0
D,F,D,12877,100,12877,1,0
D,G,D,6875,100,6875,1,0
D,H,D,1461,100,1461,1,0
A,E,E,1336,100,1336,1,0
B,E,E,7046,100,7046,1,0
C,E,E,7529,100,7529,1,0
D,E,E,9346,100,9346,1,0
E,F,E,6995,100,6995,1,0
E,G,E,7297,100,7297,1,0
E,H,E,9654,100,9654,1,0
A,F,F,7401,100,7401,1,0
B,F,F,1434,100,1434,1,0
C,F,F,7135,100,7135,1,0
D,F,F,12864,100,12864,1,0
E,F,F,6979,100,6979,1,0
F,G,F,6876,100,6876,1,0
F,H,F,13264,100,13264,1,0
A,G,G,7572,100,7572,1,0
B,G,G,6760,100,6760,1,0
C,G,G,1352,100,1352,1,0
D,G,G,6818,100,6818,1,0
E,G,G,7296,100,7296,1,0
F,G,G,6875,100,6875,1,0
G,H,G,7047,100,7047,1,0
A,H,H,9750,100,9750,1,0
B,H,H,13041,100,13041,1,0
C,H,H,7132,100,7132,1,0
D,H,H,1443,100,1443,1,0
E,H,H,9686,100,9686,1,0
F,H,H,13215,100,13215,1,0
G,H,H,7022,100,7022,1,0
A,B,A,7174,100,7174,1,0
A,C,A,7605,100,7605,1,0
A,D,A,9239,100,9239,1,0
A,E,A,1348,100,1348,1,0
A,F,A,7358,100,7358,1,0
A,G,A,7625,100,7625,1,0
A,H,A,9679,100,9679,1,0
A,B,B,7174,100,7174,1,0
B,C,B,6724,100,6724,1,0
B,D,B,12521,100,12521,1,0
B,E,B,7061,100,7061,1,0
B,F,B,1445,100,1445,1,0
B,G,B,6782,100,6782,1,0
B,H,B,13047,100,13047,1,0
A,C,C,7525,100,7525,1,0
B,C,C,6740,100,6740,1,0
C,D,C,6609,100,6609,1,0
C,E,C,7570,100,7570,1,0
C,F,C,7125,100,7125,1,0
C,G,C,1397,100,1397,1,0
C,H,C,7085,100,7085,1,0
A,D,D,9198,100,9198,1,0
B,D,D,12572,100,12572,1,0
C,D,D,6582,100,6582,1,0
D,E,D,9377,100,9377,1,0
D,F,D,12881,100,12881,1,0
D,G,D,6816,100,6816,1,0
D,H,D,1511,100,1511,1,0
A,E,E,1419,100,1419,1,0
B,E,E,7044,100,7044,1,0
C,E,E,7338,100,7338,1,0
D,E,E,9393,100,9393,1,0
E,F,E,7001,100,7001,1,0
E,G,E,7293,100,7293,1,0
E,H,E,9670,100,9670,1,0
A,F,F,7388,100,7388,1,0
B,F,F,1453,100,1453,1,0
C,F,F,7118,100,7118,1,0
D,F,F,12895,100,12895,1,0
E,F,F,7041,100,7041,1,0
F,G,F,6855,100,6855,1,0
F,H,F,13256,100,13256,1,0
A,G,G,7578,100,7578,1,0
B,G,G,6762,100,6762,1,0
C,G,G,1369,100,1369,1,0
D,G,G,6806,100,6806,1,0
E,G,G,7305,100,7305,1,0
F,G,G,6880,100,6880,1,0
G,H,G,7063,100,7063,1,0
A,H,H,9737,100,9737,1,0
B,H,H,13017,100,13017,1,0
C,H,H,7143,100,7143,1,0
D,H,H,1500,100,1500,1,0
E,H,H,9684,100,9684,1,0
F,H,H,13210,100,13210,1,0
G,H,H,7033,100,7033,1,0
A,B,A,7190,100,7190,1,0
A,C,A,7591,100,7591,1,0
A,D,A,9208,100,9208,1,0
A,E,A,1370,100,1370,1,0
A,F,A,7314,100,7314,1,0
A,G,A,7570,100,7570,1,0
A,H,A,9665,100,9665,1,0
A,B,B,7092,100,7092,1,0
B,C,B,6700,100,6700,1,0
B,D,B,12525,100,12525,1,0
B,E,B,7081,100,7081,1,0
B,F,B,1385,100,1385,1,0
B,G,B,6775,100,6775,1,0
B,H,B,13024,100,13024,1,0
A,C,C,7570,100,7570,1,0
B,C,C,6714,100,6714,1,0
C,D,C,6582,100,6582,1,0
C,E,C,7551,100,7551,1,0
C,F,C,7117,100,7117,1,0
C,G,C,1356,100,1356,1,0
C,H,C,7088,100,7088,1,0
A,D,D,9200,100,9200,1,0
B,D,D,12477,100,12477,1,0
C,D,D,6579,100,6579,1,0
D,E,D,9378,100,9378,1,0
D,F,D,12867,100,12867,1,0
D,G,D,6806,100,6806,1,0
D,H,D,1420,100,1420,1,0
A,E,E,1368,100,1368,1,0
B,E,E,7081,100,7081,1,0
C,E,E,7542,100,7542,1,0
D,E,E,9292,100,9292,1,0
E,F,E,6983,100,6983,1,0
E,G,E,7283,100,7283,1,0
E,H,E,9659,100,9659,1,0
A,F,F,7371,100,7371,1,0
B,F,F,1409,100,1409,1,0
C,F,F,7131,100,7131,1,0
D,F,F,12870,100,12870,1,0
E,F,F,7014,100,7014,1,0
F,G,F,6876,100,6876,1,0
F,H,F,13242,100,13242,1,0
A,G,G,7566,100,7566,1,0
B,G,G,6768,100,6768,1,0
C,G,G,1366,100,1366,1,0
D,G,G,6782,100,6782,1,0
E,G,G,7270,100,7270,1,0
F,G,G,6876,100,6876,1,0
G,H,G,7041,100,7041,1,0
A,H,H,9702,100,9702,1,0
B,H,H,13061,100,13061,1,0
C,H,H,7092,100,7092,1,0
D,H,H,1508,100,1508,1,0
E,H,H,9655,100,9655,1,0
F,H,H,13236,100,13236,1,0
G,H,H,7034,100,7034,1,0
A,B,A,7182,100,7182,1,0
A,C,A,7596,100,7596,1,0
A,D,A,9182,100,9182,1,0
A,E,A,1335,100,1335,1,0
A,F,A,7375,100,7375,1,0
A,G,A,7558,100,7558,1,0
A,H,A,9712,100,9712,1,0
A,B,B,7191,100,7191,1,0
B,C,B,6723,100,6723,1,0
B,D,B,12479,100,12479,1,0
B,E,B,7016,100,7016,1,0
B,F,B,1438,100,1438,1,0
B,G,B,6753,100,6753,1,0
B,H,B,13048,100,13048,1,0
A,C,C,7575,100,7575,1,0
B,C,C,6708,100,6708,1,0
C,D,C,6576,100,6576,1,0
C,E,C,7562,100,7562,1,0
C,F,C,7117,100,7117,1,0
C,G,C,1340,100,1340,1,0
C,H,C,7099,100,7099,1,0
A,D,D,9194,100,9194,1,0
B,D,D,12537,100,12537,1,0
C,D,D,6602,100,6602,1,0
D,E,D,9386,100,9386,1,0
D,F,D,12880,100,12880,1,0
D,G,D,6849,100,6849,1,0
D,H,D,1423,100,1423,1,0
A,E,E,1358,100,1358,1,0
B,E,E,7068,100,7068,1,0
C,E,E,7566,100,7566,1,0
D,E,E,9383,100,9383,1,0
E,F,E,6998,100,6998,1,0
E,G,E,7309,100,7309,1,0
E,H,E,9630,100,9630,1,0
A,F,F,7366,100,7366,1,0
B,F,F,1418,100,1418,1,0
C,F,F,7099,100,7099,1,0
D,F,F,12877,100,12877,1,0
E,F,F,7027,100,7027,1,0
F,G,F,6870,100,6870,1,0
F,H,F,13265,100,13265,1,0
A,G,G,7604,100,7604,1,0
B,G,G,6798,100,6798,1,0
C,G,G,1381,100,1381,1,0
D,G,G,6813,100,6813,1,0
E,G,G,7324,100,7324,1,0
F,G,G,6879,100,6879,1,0
G,H,G,7039,100,7039,1,0
A,H,H,9671,100,9671,1,0
B,H,H,13031,100,13031,1,0
C,H,H,7127,100,7127,1,0
D,H,H,1505,100,1505,1,0
E,H,H,9664,100,9664,1,0
F,H,H,13249,100,13249,1,0
G,H,H,7019,100,7019,1,0
A,B,A,7157,100,7157,1,0
A,C,A,7574,100,7574,1,0
A,D,A,9209,100,9209,1,0
A,E,A,1357,100,1357,1,0
A,F,A,7404,100,7404,1,0
A,G,A,7572,100,7572,1,0
A,H,A,9685,100,9685,1,0
A,B,B,7157,100,7157,1,0
B,C,B,6698,100,6698,1,0
B,D,B,12503,100,12503,1,0
B,E,B,7027,100,7027,1,0
B,F,B,1437,100,1437,1,0
B,G,B,6742,100,6742,1,0
B,H,B,13016,100,13016,1,0
A,C,C,7599,100,7599,1,0
B,C,C,6740,100,6740,1,0
C,D,C,6586,100,6586,1,0
C,E,C,7495,100,7495,1,0
C,F,C,7099,100,7099,1,0
C,G,C,1354,100,1354,1,0
C,H,C,7135,100,7135,1,0
A,D,D,9227,100,9227,1,0
B,D,D,12504,100,12504,1,0
C,D,D,6594,100,6594,1,0
D,E,D,9336,100,9336,1,0
D,F,D,12873,100,12873,1,0
D,G,D,6817,100,6817,1,0
D,H,D,1410,100,1410,1,0
A,E,E,1353,100,1353,1,0
B,E,E,7047,100,7047,1,0
C,E,E,7541,100,7541,1,0
D,E,E,9350,100,9350,1,0
E,F,E,6999,100,6999,1,0
E,G,E,7323,100,7323,1,0
E,H,E,9630,100,9630,1,0
A,F,F,7394,100,7394,1,0
B,F,F,1413,100,1413,1,0
C,F,F,7136,100,7136,1,0
D,F,F,12872,100,12872,1,0
E,F,F,6985,100,6985,1,0
F,G,F,6886,100,6886,1,0
F,H,F,13192,100,13192,1,0
A,G,G,7580,100,7580,1,0
B,G,G,6773,100,6773,1,0
C,G,G,1377,100,1377,1,0
D,G,G,6818,100,6818,1,0
E,G,G,7307,100,7307,1,0
F,G,G,6838,100,6838,1,0
G,H,G,7090,100,7090,1,0
A,H,H,9754,100,9754,1,0
B,H,H,13043,100,13043,1,0
C,H,H,7081,100,7081,1,0
D,H,H,1476,100,1476,1,0
E,H,H,9637,100,9637,1,0
F,H,H,13228,100,13228,1,0
G,H,H,7067,100,7067,1,0
A,B,A,7193,100,7193,1,0
A,C,A,7557,100,7557,1,0
A,D,A,9209,100,9209,1,0
A,E,A,1409,100,1409,1,0
A,F,A,7366,100,7366,1,0
A,G,A,7566,100,7566,1,0
A,H,A,9720,100,9720,1,0
A,B,B,7154,100,7154,1,0
B,C,B,6704,100,6704,1,0
B,D,B,12544,100,12544,1,0
B,E,B,7020,100,7020,1,0
B,F,B,1420,100,1420,1,0
B,G,B,6759,100,6759,1,0
B,H,B,13015,100,13015,1,0
A,C,C,7527,100,7527,1,0
B,C,C,6732,100,6732,1,0
C,D,C,6575,100,6575,1,0
C,E,C,7540,100,7540,1,0
C,F,C,7123,100,7123,1,0
C,G,C,1361,100,1361,1,0
C,H,C,7088,100,7088,1,0
A,D,D,9210,100,9210,1,0
B,D,D,12544,100,12544,1,0
C,D,D,6581,100,6581,1,0
D,E,D,9354,100,9354,1,0
D,F,D,12847,100,12847,1,0
D,G,D,6805,100,6805,1,0
D,H,D,1439,100,1439,1,0
A,E,E,1357,100,1357,1,0
B,E,E,7022,100,7022,1,0
C,E,E,7577,100,7577,1,0
D,E,E,9374,100,9374,1,0
E,F,E,6986,100,6986,1,0
E,G,E,7291,100,7291,1,0
E,H,E,9693,100,9693,1,0
A,F,F,7379,100,7379,1,0
B,F,F,1427,100,1427,1,0
C,F,F,7141,100,7141,1,0
D,F,F,12863,100,12863,1,0
E,F,F,7046,100,7046,1,0
F,G,F,6876,100,6876,1,0
F,H,F,13203,100,13203,1,0
A,G,G,7613,100,7613,1,0
B,G,G,6773,100,6773,1,0
C,G,G,1382,100,1382,1,0
D,G,G,6814,100,6814,1,0
E,G,G,7321,100,7321,1,0
F,G,G,6888,100,6888,1,0
G,H,G,7072,100,7072,1,0
A,H,H,9707,100,9707,1,0
B,H,H,13054,100,13054,1,0
C,H,H,7122,100,7122,1,0
D,H,H,1482,100,1482,1,0
E,H,H,9642,100,9642,1,0
F,H,H,13212,100,13212,1,0
G,H,H,7071,100,7071,1,0
A,B,A,7145,100,7145,1,0
A,C,A,7544,100,7544,1,0
A,D,A,9214,100,9214,1,0
A,E,A,1394,100,1394,1,0
A,F,A,7391,100,7391,1,0
A,G,A,7602,100,7602,1,0
A,H,A,9683,100,9683,1,0
A,B,B,7135,100,7135,1,0
B,C,B,6702,100,6702,1,0
B,D,B,12537,100,12537,1,0
B,E,B,7047,100,7047,1,0
B,F,B,1403,100,1403,1,0
B,G,B,6764,100,6764,1,0
B,H,B,13073,100,13073,1,0
A,C,C,7562,100,7562,1,0
B,C,C,6710,100,6710,1,0
C,D,C,6595,100,6595,1,0
C,E,C,7575,100,7575,1,0
C,F,C,7102,100,7102,1,0
C,G,C,1354,100,1354,1,0
C,H,C,7109,100,7109,1,0
A,D,D,9176,100,9176,1,0
B,D,D,12493,100,12493,1,0
C,D,D,6599,100,6599,1,0
D,E,D,9318,100,9318,1,0
D,F,D,12856,100,12856,1,0
D,G,D,6802,100,6802,1,0
D,H,D,1431,100,1431,1,0
A,E,E,1430,100,1430,1,0
B,E,E,7011,100,7011,1,0
C,E,E,7538,100,7538,1,0
D,E,E,9421,100,9421,1,0
E,F,E,6996,100,6996,1,0
E,G,E,7311,100,7311,1,0
E,H,E,9646,100,9646,1,0
A,F,F,7372,100,7372,1,0
B,F,F,1419,100,1419,1,0
C,F,F,7119,100,7119,1,0
D,F,F,12881,100,12881,1,0
E,F,F,7027,100,7027,1,0
F,G,F,6888,100,6888,1,0
F,H,F,13271,100,13271,1,0
A,G,G,7538,100,7538,1,0
B,G,G,6758,100,6758,1,0
C,G,G,1360,100,1360,1,0
D,G,G,6832,100,6832,1,0
E,G,G,7324,100,7324,1,0
F,G,G,6889,100,6889,1,0
G,H,G,7004,100,7004,1,0
A,H,H,9697,100,9697,1,0
B,H,H,13045,100,13045,1,0
C,H,H,7135,100,7135,1,0
D,H,H,1432,100,1432,1,0
E,H,H,9679,100,9679,1,0
F,H,H,13230,100,13230,1,0
G,H,H,7086,100,7086,1,0
A,B,A,7168,100,7168,1,0
A,C,A,7561,100,7561,1,0
A,D,A,9204,100,9204,1,0
A,E,A,1423,100,1423,1,0
A,F,A,7385,100,7385,1,0
A,G,A,7555,100,7555,1,0
A,H,A,9690,100,9690,1,0
A,B,B,7159,100,7159,1,0
B,C,B,6703,100,6703,1,0
B,D,B,12527,100,12527,1,0
B,E,B,7037,100,7037,1,0
B,F,B,1443,100,1443,1,0
B,G,B,6723,100,6723,1,0
B,H,B,13028,100,13028,1,0
A,C,C,7563,100,7563,1,0
B,C,C,6723,100,6723,1,0
C,D,C,6600,100,6600,1,0
C,E,C,7513,100,7513,1,0
C,F,C,7107,100,7107,1,0
C,G,C,1334,100,1334,1,0
C,H,C,7162,100,7162,1,0
A,D,D,9217,100,9217,1,0
B,D,D,12546,100,12546,1,0
C,D,D,6606,100,6606,1,0
D,E,D,9392,100,9392,1,0
D,F,D,12873,100,12873,1,0
D,G,D,6809,100,6809,1,0
D,H,D,1467,100,1467,1,0
A,E,E,1407,100,1407,1,0
B,E,E,7038,100,7038,1,0
C,E,E,7583,100,7583,1,0
D,E,E,9323,100,9323,1,0
E,F,E,6995,100,6995,1,0
E,G,E,7304,100,7304,1,0
E,H,E,9676,100,9676,1,0
A,F,F,7373,100,7373,1,0
B,F,F,1412,100,1412,1,0
C,F,F,7097,100,7097,1,0
D,F,F,12882,100,12882,1,0
E,F,F,7017,100,7017,1,0
F,G,F,6905,100,6905,1,0
F,H,F,13207,100,13207,1,0
A,G,G,7553,100,7553,1,0
B,G,G,6766,100,6766,1,0
C,G,G,1383,100,1383,1,0
D,G,G,6821,100,6821,1,0
E,G,G,7306,100,7306,1,0
F,G,G,6894,100,6894,1,0
G,H,G,7032,100,7032,1,0
A,H,H,9638,100,9638,1,0
B,H,H,13024,100,13024,1,0
C,H,H,7062,100,7062,1,0
D,H,H,1456,100,1456,1,0
E,H,H,9666,100,9666,1,0
F,H,H,13238,100,13238,1,0
G,H,H,7057,100,7057,1,0
A,B,A,7136,100,7136,1,0
A,C,A,7525,100,7525,1,0
A,D,A,9234,100,9234,1,0
A,E,A,1347,100,1347,1,0
A,F,A,7380,100,7380,1,0
A,G,A,7595,100,7595,1,0
A,H,A,9637,100,9637,1,0
A,B,B,7155,100,7155,1,0
B,C,B,6719,100,6719,1,0
B,D,B,12560,100,12560,1,0
B,E,B,7042,100,7042,1,0
B,F,B,1447,100,1447,1,0
B,G,B,6744,100,6744,1,0
B,H,B,13070,100,13070,1,0
A,C,C,7585,100,7585,1,0
B,C,C,6700,100,6700,1,0
C,D,C,6605,100,6605,1,0
C,E,C,7565,100,7565,1,0
C,F,C,7111,100,7111,1,0
C,G,C,1343,100,1343,1,0
C,H,C,7094,100,7094,1,0
A,D,D,9212,100,9212,1,0
B,D,D,12542,100,12542,1,0
C,D,D,6622,100,6622,1,0
D,E,D,9304,100,9304,1,0
D,F,D,12909,100,12909,1,0
D,G,D,6788,100,6788,1,0
D,H,D,1482,100,1482,1,0
A,E,E,1361,100,1361,1,0
B,E,E,7045,100,7045,1,0
C,E,E,7585,100,7585,1,0
D,E,E,9380,100,9380,1,0
E,F,E,7017,100,7017,1,0
E,G,E,7309,100,7309,1,0
E,H,E,9628,100,9628,1,0
A,F,F,7382,100,7382,1,0
B,F,F,1443,100,1443,1,0
C,F,F,7115,100,7115,1,0
D,F,F,12905,100,12905,1,0
E,F,F,6986,100,6986,1,0
F,G,F,6859,100,6859,1,0
F,H,F,13186,100,13186,1,0
A,G,G,7555,100,7555,1,0
B,G,G,6756,100,6756,1,0
C,G,G,1378,100,1378,1,0
D,G,G,6823,100,6823,1,0
E,G,G,7297,100,7297,1,0
F,G,G,6896,100,6896,1,0
G,H,G,7068,100,7068,1,0
A,H,H,9709,100,9709,1,0
B,H,H,13021,100,13021,1,0
C,H,H,7148,100,7148,1,0
D,H,H,1396,100,1396,1,0
E,H,H,9636,100,9636,1,0
F,H,H,13211,100,13211,1,0
G,H,H,7045,100,7045,1,0
A,B,A,7170,100,7170,1,0
A,C,A,7553,100,7553,1,0
A,D,A,9191,100,9191,1,0
A,E,A,1390,100,1390,1,0
A,F,A,7387,100,7387,1,0
A,G,A,7633,100,7633,1,0
A,H,A,9765,100,9765,1,0
A,B,B,7178,100,7178,1,0
B,C,B,6712,100,6712,1,0
B,D,B,12551,100,12551,1,0
B,E,B,7048,100,7048,1,0
B,F,B,1416,100,1416,1,0
B,G,B,6735,100,6735,1,0
B,H,B,13101,100,13101,1,0
A,C,C,7556,100,7556,1,0
B,C,C,6709,100,6709,1,0
C,D,C,6563,100,6563,1,0
C,E,C,7558,100,7558,1,0
C,F,C,7106,100,7106,1,0
C,G,C,1323,100,1323,1,0
C,H,C,7103,100,7103,1,0
A,D,D,9182,100,9182,1,0
B,D,D,12496,100,12496,1,0
C,D,D,6585,100,6585,1,0
D,E,D,9298,100,9298,1,0
D,F,D,12867,100,12867,1,0
D,G,D,6816,100,6816,1,0
D,H,D,1435,100,1435,1,0
A,E,E,1444,100,1444,1,0
B,E,E,7047,100,7047,1,0
C,E,E,7525,100,7525,1,0
D,E,E,9311,100,9311,1,0
E,F,E,7008,100,7008,1,0
E,G,E,7298,100,7298,1,0
E,H,E,9656,100,9656,1,0
A,F,F,7385,100,7385,1,0
B,F,F,1443,100,1443,1,0
C,F,F,7126,100,7126,1,0
D,F,F,12895,100,12895,1,0
E,F,F,7045,100,7045,1,0
F,G,F,6876,100,6876,1,0
F,H,F,13177,100,13177,1,0
A,G,G,7559,100,7559,1,0
B,G,G,6726,100,6726,1,0
C,G,G,1407,100,1407,1,0
D,G,G,6809,100,6809,1,0
E,G,G,7304,100,7304,1,0
F,G,G,6859,100,6859,1,0
G,H,G,7036,100,7036,1,0
A,H,H,9731,100,9731,1,0
B,H,H,13036,100,13036,1,0
C,H,H,7155,100,7155,1,0
D,H,H,1459,100,1459,1,0
E,H,H,9672,100,9672,1,0
F,H,H,13216,100,13216,1,0
G,H,H,7054,100,7054,1,0
A,B,A,7147,100,7147,1,0
A,C,A,7566,100,7566,1,0
A,D,A,9181,100,9181,1,0
A,E,A,1361,100,1361,1,0
A,F,A,7375,100,7375,1,0
A,G,A,7572,100,7572,1,0
A,H,A,9697,100,9697,1,0
A,B,B,7151,100,7151,1,0
B,C,B,6728,100,6728,1,0
B,D,B,12557,100,12557,1,0
B,E,B,7024,100,7024,1,0
B,F,B,1435,100,1435,1,0
B,G,B,6775,100,6775,1,0
B,H,B,13062,100,13062,1,0
A,C,C,7575,100,7575,1,0
B,C,C,6684,100,6684,1,0
C,D,C,6583,100,6583,1,0
C,E,C,7560,100,7560,1,0
C,F,C,7136,100,7136,1,0
C,G,C,1325,100,1325,1,0
C,H,C,7063,100,7063,1,0
A,D,D,9234,100,9234,1,0
B,D,D,12575,100,12575,1,0
C,D,D,6592,100,6592,1,0
D,E,D,9321,100,9321,1,0
D,F,D,12855,100,12855,1,0
D,G,D,6815,100,6815,1,0
D,H,D,1395,100,1395,1,0
A,E,E,1393,100,1393,1,0
B,E,E,7032,100,7032,1,0
C,E,E,7564,100,7564,1,0
D,E,E,9334,100,9334,1,0
E,F,E,7004,100,7004,1,0
E,G,E,7318,100,7318,1,0
E,H,E,9660,100,9660,1,0
A,F,F,7378,100,7378,1,0
B,F,F,1457,100,1457,1,0
C,F,F,7112,100,7112,1,0
D,F,F,12873,100,12873,1,0
E,F,F,6993,100,6993,1,0
F,G,F,6879,100,6879,1,0
F,H,F,13197,100,13197,1,0
A,G,G,7607,100,7607,1,0
B,G,G,6756,100,6756,1,0
C,G,G,1371,100,1371,1,0
D,G,G,6801,100,6801,1,0
E,G,G,7315,100,7315,1,0
F,G,G,6917,100,6917,1,0
G,H,G,7030,100,7030,1,0
A,H,H,9686,100,9686,1,0
B,H,H,13033,100,13033,1,0
C,H,H,7110,100,7110,1,0
D,H,H,1432,100,1432,1,0
E,H,H,9652,100,9652,1,0
F,H,H,13238,100,13238,1,0
G,H,H,7061,100,7061,1,0
A,B,A,7154,100,7154,1,0
A,C,A,7551,100,7551,1,0
A,D,A,9186,100,9186,1,0
A,E,A,1410,100,1410,1,0
A,F,A,7396,100,7396,1,0
A,G,A,7579,100,7579,1,0
A,H,A,9658,100,9658,1,0
A,B,B,7147,100,7147,1,0
B,C,B,6715,100,6715,1,0
B,D,B,12531,100,12531,1,0
B,E,B,7032,100,7032,1,0
B,F,B,1429,100,1429,1,0
B,G,B,6759,100,6759,1,0
B,H,B,13087,100,13087,1,0
A,C,C,7616,100,7616,1,0
B,C,C,6757,100,6757,1,0
C,D,C,6625,100,6625,1,0
C,E,C,7547,100,7547,1,0
C,F,C,7120,100,7120,1,0
C,G,C,1352,100,1352,1,0
C,H,C,7108,100,7108,1,0
A,D,D,9213,100,9213,1,0
B,D,D,12529,100,12529,1,0
C,D,D,6597,100,6597,1,0
D,E,D,9356,100,9356,1,0
D,F,D,12901,100,12901,1,0
D,G,D,6797,100,6797,1,0
D,H,D,1431,100,1431,1,0
A,E,E,1331,100,1331,1,0
B,E,E,7002,100,7002,1,0
C,E,E,7575,100,7575,1,0
D,E,E,9313,100,9313,1,0
E,F,E,6998,100,6998,1,0
E,G,E,7311,100,7311,1,0
E,H,E,9709,100,9709,1,0
A,F,F,7357,100,7357,1,0
B,F,F,1459,100,1459,1,0
C,F,F,7115,100,7115,1,0
D,F,F,12841,100,12841,1,0
E,F,F,7009,100,7009,1,0
F,G,F,6872,100,6872,1,0
F,H,F,13282,100,13282,1,0
A,G,G,7520,100,7520,1,0
B,G,G,6740,100,6740,1,0
C,G,G,1364,100,1364,1,0
D,G,G,6821,100,6821,1,0
E,G,G,7317,100,7317,1,0
F,G,G,6888,100,6888,1,0
G,H,G,7038,100,7038,1,0
A,H,H,9709,100,9709,1,0
B,H,H,13023,100,13023,1,0
C,H,H,7129,100,7129,1,0
D,H,H,1429,100,1429,1,0
E,H,H,9658,100,9658,1,0
F,H,H,13248,100,13248,1,0
G,H,H,7048,100,7048,1,0
A,B,A,7155,100,7155,1,0
A,C,A,7592,100,7592,1,0
A,D,A,9197,100,9197,1,0
A,E,A,1369,100,1369,1,0
A,F,A,7341,100,7341,1,0
A,G,A,7607,100,7607,1,0
A,H,A,9685,100,9685,1,0
A,B,B,7172,100,7172,1,0
B,C,B,6707,100,6707,1,0
B,D,B,12541,100,12541,1,0
B,E,B,7020,100,7020,1,0
B,F,B,1460,100,1460,1,0
B,G,B,6724,100,6724,1,0
B,H,B,13008,100,13008,1,0
A,C,C,7599,100,7599,1,0
B,C,C,6680,100,6680,1,0
C,D,C,6574,100,6574,1,0
C,E,C,7567,100,7567,1,0
C,F,C,7141,100,7141,1,0
C,G,C,1391,100,1391,1,0
C,H,C,7108,100,7108,1,0
A,D,D,9239,100,9239,1,0
B,D,D,12543,100,12543,1,0
C,D,D,6601,100,6601,1,0
D,E,D,9377,100,9377,1,0
D,F,D,12835,100,12835,1,0
D,G,D,6826,100,6826,1,0
D,H,D,1492,100,1492,1,0
A,E,E,1369,100,1369,1,0
B,E,E,7007,100,7007,1,0
C,E,E,7506,100,7506,1,0
D,E,E,9417,100,9417,1,0
E,F,E,7014,100,7014,1,0
E,G,E,7315,100,7315,1,0
E,H,E,9640,100,9640,1,0
A,F,F,7369,100,7369,1,0
B,F,F,1412,100,1412,1,0
C,F,F,7141,100,7141,1,0
D,F,F,12843,100,12843,1,0
E,F,F,7036,100,7036,1,0
F,G,F,6889,100,6889,1,0
F,H,F,13205,100,13205,1,0
A,G,G,7616,100,7616,1,0
B,G,G,6800,100,6800,1,0
C,G,G,1336,100,1336,1,0
D,G,G,6853,100,6853,1,0
E,G,G,7291,100,7291,1,0
F,G,G,6875,100,6875,1,0
G,H,G,7001,100,7001,1,0
A,H,H,9714,100,9714,1,0
B,H,H,13057,100,13057,1,0
C,H,H,7118,100,7118,1,0
D,H,H,1444,100,1444,1,0
E,H,H,9691,100,9691,1,0
F,H,H,13217,100,13217,1,0
G,H,H,7073,100,7073,1,0
A,B,A,7169,100,7169,1,0
A,C,A,7603,100,7603,1,0
A,D,A,9218,100,9218,1,0
A,E,A,1330,100,1330,1,0
A,F,A,7356,100,7356,1,0
A,G,A,7604,100,7604,1,0
A,H,A,9696,100,9696,1,0
A,B,B,7161,100,7161,1,0
B,C,B,6698,100,6698,1,0
B,D,B,12536,100,12536,1,0
B,E,B,7062,100,7062,1,0
B,F,B,1417,100,1417,1,0
B,G,B,6743,100,6743,1,0
B,H,B,13111,100,13111,1,0
A,C,C,7589,100,7589,1,0
B,C,C,6739,100,6739,1,0
C,D,C,6623,100,6623,1,0
C,E,C,7565,100,7565,1,0
C,F,C,7120,100,7120,1,0
C,G,C,1330,100,1330,1,0
C,H,C,7100,100,7100,1,0
A,D,D,9188,100,9188,1,0
B,D,D,12539,100,12539,1,0
C,D,D,6614,100,6614,1,0
D,E,D,9309,100,9309,1,0
D,F,D,12879,100,12879,1,0
D,G,D,6801,100,6801,1,0
D,H,D,1464,100,1464,1,0
A,E,E,1410,100,1410,1,0
B,E,E,7065,100,7065,1,0
C,E,E,7498,100,7498,1,0
D,E,E,9345,100,9345,1,0
E,F,E,6993,100,6993,1,0
E,G,E,7298,100,7298,1,0
E,H,E,9690,100,9690,1,0
A,F,F,7379,100,7379,1,0
B,F,F,1427,100,1427,1,0
C,F,F,7118,100,7118,1,0
D,F,F,12903,100,12903,1,0
E,F,F,7008,100,7008,1,0
F,G,F,6905,100,6905,1,0
F,H,F,13279,100,13279,1,0
A,G,G,7547,100,7547,1,0
B,G,G,6762,100,6762,1,0
C,G,G,1360,100,1360,1,0
D,G,G,6801,100,6801,1,0
E,G,G,7285,100,7285,1,0
F,G,G,6872,100,6872,1,0
G,H,G,7046,100,7046,1,0
A,H,H,9732,100,9732,1,0
B,H,H,13048,100,13048,1,0
C,H,H,7108,100,7108,1,0
D,H,H,1425,100,1425,1,0
E,H,H,9678,100,9678,1,0
F,H,H,13238,100,13238,1,0
G,H,H,7057,100,7057,1,0
A,B,A,7145,100,7145,1,0
A,C,A,7516,100,7516,1,0
A,D,A,9205,100,9205,1,0
A,E,A,1417,100,1417,1,0
A,F,A,7404,100,7404,1,0
A,G,A,7608,100,7608,1,0
A,H,A,9649,100,9649,1,0
A,B,B,7154,100,7154,1,0
B,C,B,6724,100,6724,1,0
B,D,B,12518,100,12518,1,0
B,E,B,7035,100,7035,1,0
B,F,B,1458,100,1458,1,0
B,G,B,6761,100,6761,1,0
B,H,B,12994,100,12994,1,0
A,C,C,7551,100,7551,1,0
B,C,C,6763,100,6763,1,0
C,D,C,6592,100,6592,1,0
C,E,C,7530,100,7530,1,0
C,F,C,7134,100,7134,1,0
C,G,C,1391,100,1391,1,0
C,H,C,7080,100,7080,1,0
A,D,D,9206,100,9206,1,0
B,D,D,12481,100,12481,1,0
C,D,D,6571,100,6571,1,0
D,E,D,9410,100,9410,1,0
D,F,D,12869,100,12869,1,0
D,G,D,6821,100,6821,1,0
D,H,D,1443,100,1443,1,0
A,E,E,1376,100,1376,1,0
B,E,E,7048,100,7048,1,0
C,E,E,7513,100,7513,1,0
D,E,E,9347,100,9347,1,0
E,F,E,7000,100,7000,1,0
E,G,E,7309,100,7309,1,0
E,H,E,9682,100,9682,1,0
A,F,F,7354,100,7354,1,0
B,F,F,1444,100,1444,1,0
C,F,F,7107,100,7107,1,0
D,F,F,12823,100,12823,1,0
E,F,F,6981,100,6981,1,0
F,G,F,6904,100,6904,1,0
F,H,F,13226,100,13226,1,0
A,G,G,7560,100,7560,1,0
B,G,G,6764,100,6764,1,0
C,G,G,1341,100,1341,1,0
D,G,G,6784,100,6784,1,0
E,G,G,7302,100,7302,1,0
F,G,G,6847,100,6847,1,0
G,H,G,7098,100,7098,1,0
A,H,H,9711,100,9711,1,0
B,H,H,13045,100,13045,1,0
C,H,H,7099,100,7099,1,0
D,H,H,1499,100,1499,1,0
E,H,H,9634,100,9634,1,0
F,H,H,13225,100,13225,1,0
G,H,H,7078,100,7078,1,0
A,B,A,7150,100,7150,1,0
A,C,A,7600,100,7600,1,0
A,D,A,9185,100,9185,1,0
A,E,A,1362,100,1362,1,0
A,F,A,7384,100,7384,1,0
A,G,A,7571,100,7571,1,0
A,H,A,9710,100,9710,1,0
A,B,B,7167,100,7167,1,0
B,C,B,6752,100,6752,1,0
B,D,B,12543,100,12543,1,0
B,E,B,7001,100,7001,1,0
B,F,B,1463,100,1463,1,0
B,G,B,6740,100,6740,1,0
B,H,B,13024,100,13024,1,0
A,C,C,7596,100,7596,1,0
B,C,C,6712,100,6712,1,0
C,D,C,6589,100,6589,1,0
C,E,C,7538,100,7538,1,0
C,F,C,7140,100,7140,1,0
C,G,C,1372,100,1372,1,0
C,H,C,7074,100,7074,1,0
A,D,D,9190,100,9190,1,0
B,D,D,12543,100,12543,1,0
C,D,D,6602,100,6602,1,0
D,E,D,9397,100,9397,1,0
D,F,D,12878,100,12878,1,0
D,G,D,6836,100,6836,1,0
D,H,D,1440,100,1440,1,0
A,E,E,1394,100,1394,1,0
B,E,E,7077,100,7077,1,0
C,E,E,7566,100,7566,1,0
D,E,E,9340,100,9340,1,0
E,F,E,7017,100,7017,1,0
E,G,E,7332,100,7332,1,0
E,H,E,9670,100,9670,1,0
A,F,F,7386,100,7386,1,0
B,F,F,1422,100,1422,1,0
C,F,F,7124,100,7124,1,0
D,F,F,12881,100,12881,1,0
E,F,F,6975,100,6975,1,0
F,G,F,6901,100,6901,1,0
F,H,F,13238,100,13238,1,0
A,G,G,7599,100,7599,1,0
B,G,G,6761,100,6761,1,0
C,G,G,1322,100,1322,1,0
D,G,G,6806,100,6806,1,0
E,G,G,7314,100,7314,1,0
F,G,G,6910,100,6910,1,0
G,H,G,7039,100,7039,1,0
A,H,H,9727,100,9727,1,0
B,H,H,13059,100,13059,1,0
C,H,H,7111,100,7111,1,0
D,H,H,1455,100,1455,1,0
E,H,H,9649,100,9649,1,0
F,H,H,13279,100,13279,1,0
G,H,H,7039,100,7039,1,0
A,B,A,7170,100,7170,1,0
A,C,A,7559,100,7559,1,0
A,D,A,9210,100,9210,1,0
A,E,A,1411,100,1411,1,0
A,F,A,7367,100,7367,1,0
A,G,A,7560,100,7560,1,0
A,H,A,9694,100,9694,1,0
A,B,B,7133,100,7133,1,0
B,C,B,6705,100,6705,1,0
B,D,B,12511,100,12511,1,0
B,E,B,7022,100,7022,1,0
B,F,B,1431,100,1431,1,0
B,G,B,6785,100,6785,1,0
B,H,B,13076,100,13076,1,0
A,C,C,7519,100,7519,1,0
B,C,C,6727,100,6727,1,0
C,D,C,6585,100,6585,1,0
C,E,C,7561,100,7561,1,0
C,F,C,7103,100,7103,1,0
C,G,C,1383,100,1383,1,0
C,H,C,7104,100,7104,1,0
A,D,D,9158,100,9158,1,0
B,D,D,12537,100,12537,1,0
C,D,D,6582,100,6582,1,0
D,E,D,9304,100,9304,1,0
D,F,D,12879,100,12879,1,0
D,G,D,6780,100,6780,1,0
D,H,D,1469,100,1469,1,0
A,E,E,1383,100,1383,1,0
B,E,E,7055,100,7055,1,0
C,E,E,7560,100,7560,1,0
D,E,E,9354,100,9354,1,0
E,F,E,7003,100,7003,1,0
E,G,E,7297,100,7297,1,0
E,H,E,9678,100,9678,1,0
A,F,F,7359,100,7359,1,0
B,F,F,1442,100,1442,1,0
C,F,F,7148,100,7148,1,0
D,F,F,12875,100,12875,1,0
E,F,F,6995,100,6995,1,0
F,G,F,6886,100,6886,1,0
F,H,F,13274,100,13274,1,0
A,G,G,7541,100,7541,1,0
B,G,G,6739,100,6739,1,0
C,G,G,1404,100,1404,1,0
D,G,G,6801,100,6801,1,0
E,G,G,7312,100,7312,1,0
F,G,G,6872,100,6872,1,0
G,H,G,7043,100,7043,1,0
A,H,H,9726,100,9726,1,0
B,H,H,13083,100,13083,1,0
C,H,H,7127,100,7127,1,0
D,H,H,1488,100,1488,1,0
E,H,H,9664,100,9664,1,0
F,H,H,13255,100,13255,1,0
G,H,H,7063,100,7063,1,0
A,B,A,7098,100,7098,1,0
A,C,A,7602,100,7602,1,0
A,D,A,9214,100,9214,1,0
A,E,A,1384,100,1384,1,0
A,F,A,7360,100,7360,1,0
A,G,A,7609,100,7609,1,0
A,H,A,9679,100,9679,1,0
A,B,B,7143,100,7143,1,0
B,C,B,6729,100,6729,1,0
B,D,B,12525,100,12525,1,0
B,E,B,7031,100,7031,1,0
B,F,B,1441,100,1441,1,0
B,G,B,6768,100,6768,1,0
B,H,B,13047,100,13047,1,0
A,C,C,7569,100,7569,1,0
B,C,C,6714,100,6714,1,0
C,D,C,6612,100,6612,1,0
C,E,C,7554,100,7554,1,0
C,F,C,7132,100,7132,1,0
C,G,C,1392,100,1392,1,0
C,H,C,7090,100,7090,1,0
A,D,D,9183,100,9183,1,0
B,D,D,12529,100,12529,1,0
C,D,D,6656,100,6656,1,0
D,E,D,9339,100,9339,1,0
D,F,D,12870,100,12870,1,0
D,G,D,6797,100,6797,1,0
D,H,D,1413,100,1413,1,0
A,E,E,1332,100,1332,1,0
B,E,E,7037,100,7037,1,0
C,E,E,7528,100,7528,1,0
D,E,E,9409,100,9409,1,0
E,F,E,6976,100,6976,1,0
E,G,E,7304,100,7304,1,0
E,H,E,9660,100,9660,1,0
A,F,F,7391,100,7391,1,0
B,F,F,1421,100,1421,1,0
C,F,F,7120,100,7120,1,0
D,F,F,12894,100,12894,1,0
E,F,F,7017,100,7017,1,0
F,G,F,6896,100,6896,1,0
F,H,F,13212,100,13212,1,0
A,G,G,7596,100,7596,1,0
B,G,G,6734,100,6734,1,0
C,G,G,1395,100,1395,1,0
D,G,G,6852,100,6852,1,0
E,G,G,7281,100,7281,1,0
F,G,G,6892,100,6892,1,0
G,H,G,7087,100,7087,1,0
A,H,H,9691,100,9691,1,0
B,H,H,13048,100,13048,1,0
C,H,H,7097,100,7097,1,0
D,H,H,1451,100,1451,1,0
E,H,H,9654,100,9654,1,0
F,H,H,13258,100,13258,1,0
G,H,H,7072,100,7072,1,0
A,B,A,7174,100,7174,1,0
A,C,A,7604,100,7604,1,0
A,D,A,9192,100,9192,1,0
A,E,A,1376,100,1376,1,0
A,F,A,7424,100,7424,1,0
A,G,A,7607,100,7607,1,0
A,H,A,9714,100,9714,1,0
A,B,B,7153,100,7153,1,0
B,C,B,6754,100,6754,1,0
B,D,B,12559,100,12559,1,0
B,E,B,7016,100,7016,1,0
B,F,B,1432,100,1432,1,0
B,G,B,6753,100,6753,1,0
B,H,B,13080,100,13080,1,0
A,C,C,7571,100,7571,1,0
B,C,C,6759,100,6759,1,0
C,D,C,6634,100,6634,1,0
C,E,C,7542,100,7542,1,0
C,F,C,7168,100,7168,1,0
C,G,C,1393,100,1393,1,0
C,H,C,7112,100,7112,1,0
A,D,D,9175,100,9175,1,0
B,D,D,12559,100,12559,1,0
C,D,D,6664,100,6664,1,0
D,E,D,9346,100,9346,1,0
D,F,D,12865,100,12865,1,0
D,G,D,6801,100,6801,1,0
D,H,D,1493,100,1493,1,0
A,E,E,1363,100,1363,1,0
B,E,E,7085,100,7085,1,0
C,E,E,7550,100,7550,1,0
D,E,E,9286,100,9286,1,0
E,F,E,7007,100,7007,1,0
E,G,E,7325,100,7325,1,0
E,H,E,9651,100,9651,1,0
A,F,F,7419,100,7419,1,0
B,F,F,1424,100,1424,1,0
C,F,F,7136,100,7136,1,0
D,F,F,12850,100,12850,1,0
E,F,F,6983,100,6983,1,0
F,G,F,6867,100,6867,1,0
F,H,F,13206,100,13206,1,0
A,G,G,7587,100,7587,1,0
B,G,G,6747,100,6747,1,0
C,G,G,1370,100,1370,1,0
D,G,G,6807,100,6807,1,0
E,G,G,7309,100,7309,1,0
F,G,G,6875,100,6875,1,0
G,H,G,7034,100,7034,1,0
A,H,H,9712,100,9712,1,0
B,H,H,13037,100,13037,1,0
C,H,H,7126,100,7126,1,0
D,H,H,1443,100,1443,1,0
E,H,H,9664,100,9664,1,0
F,H,H,13255,100,13255,1,0
G,H,H,7055,100,7055,1,0
A,B,A,7138,100,7138,1,0
A,C,A,7560,100,7560,1,0
A,D,A,9190,100,9190,1,0
A,E,A,1311,100,1311,1,0
A,F,A,7392,100,7392,1,0
A,G,A,7601,100,7601,1,0
A,H,A,9736,100,9736,1,0
A,B,B,7166,100,7166,1,0
B,C,B,6714,100,6714,1,0
B,D,B,12543,100,12543,1,0
B,E,B,7043,100,7043,1,0
B,F,B,1439,100,1439,1,0
B,G,B,6759,100,6759,1,0
B,H,B,13052,100,13052,1,0
A,C,C,7575,100,7575,1,0
B,C,C,6686,100,6686,1,0
C,D,C,6608,100,6608,1,0
C,E,C,7533,100,7533,1,0
C,F,C,7129,100,7129,1,0
C,G,C,1384,100,1384,1,0
C,H,C,7103,100,7103,1,0
A,D,D,9189,100,9189,1,0
B,D,D,12573,100,12573,1,0
C,D,D,6588,100,6588,1,0
D,E,D,9385,100,9385,1,0
D,F,D,12864,100,12864,1,0
D,G,D,6788,100,6788,1,0
D,H,D,1410,100,1410,1,0
A,E,E,1390,100,1390,1,0
B,E,E,7047,100,7047,1,0
C,E,E,7563,100,7563,1,0
D,E,E,9316,100,9316,1,0
E,F,E,7015,100,7015,1,0
E,G,E,7286,100,7286,1,0
E,H,E,9693,100,9693,1,0
A,F,F,7392,100,7392,1,0
B,F,F,1394,100,1394,1,0
C,F,F,7111,100,7111,1,0
D,F,F,12841,100,12841,1,0
E,F,F,7036,100,7036,1,0
F,G,F,6872,100,6872,1,0
F,H,F,13187,100,13187,1,0
A,G,G,7557,100,7557,1,0
B,G,G,6801,100,6801,1,0
C,G,G,1344,100,1344,1,0
D,G,G,6810,100,6810,1,0
E,G,G,7355,100,7355,1,0
F,G,G,6888,100,6888,1,0
G,H,G,7051,100,7051,1,0
A,H,H,9675,100,9675,1,0
B,H,H,13014,100,13014,1,0
C,H,H,7113,100,7113,1,0
D,H,H,1431,100,1431,1,0
E,H,H,9686,100,9686,1,0
F,H,H,13253,100,13253,1,0
G,H,H,7070,100,7070,1,0
A,B,A,7141,100,7141,1,0
A,C,A,7581,100,7581,1,0
A,D,A,9190,100,9190,1,0
A,E,A,1381,100,1381,1,0
A,F,A,7380,100,7380,1,0
A,G,A,7616,100,7616,1,0
A,H,A,9691,100,9691,1,0
A,B,B,7151,100,7151,1,0
B,C,B,6682,100,6682,1,0
B,D,B,12503,100,12503,1,0
B,E,B,7045,100,7045,1,0
B,F,B,1462,100,1462,1,0
B,G,B,6743,100,6743,1,0
B,H,B,13052,100,13052,1,0
A,C,C,7506,100,7506,1,0
B,C,C,6683,100,6683,1,0
C,D,C,6585,100,6585,1,0
C,E,C,7550,100,7550,1,0
C,F,C,7116,100,7116,1,0
C,G,C,1350,100,1350,1,0
C,H,C,7124,100,7124,1,0
A,D,D,9197,100,9197,1,0
B,D,D,12513,100,12513,1,0
C,D,D,6598,100,6598,1,0
D,E,D,9270,100,9270,1,0
D,F,D,12900,100,12900,1,0
D,G,D,6786,100,6786,1,0
D,H,D,1429,100,1429,1,0
A,E,E,1372,100,1372,1,0
B,E,E,7059,100,7059,1,0
C,E,E,7567,100,7567,1,0
D,E,E,9355,100,9355,1,0
E,F,E,7015,100,7015,1,0
E,G,E,7315,100,7315,1,0
E,H,E,9663,100,9663,1,0
A,F,F,7406,100,7406,1,0
B,F,F,1447,100,1447,1,0
C,F,F,7118,100,7118,1,0
D,F,F,12848,100,12848,1,0
E,F,F,6977,100,6977,1,0
F,G,F,6892,100,6892,1,0
F,H,F,13222,100,13222,1,0
A,G,G,7582,100,7582,1,0
B,G,G,6709,100,6709,1,0
C,G,G,1375,100,1375,1,0
D,G,G,6831,100,6831,1,0
E,G,G,7328,100,7328,1,0
F,G,G,6896,100,6896,1,0
G,H,G,7059,100,7059,1,0
A,H,H,9671,100,9671,1,0
B,H,H,13045,100,13045,1,0
C,H,H,7086,100,7086,1,0
D,H,H,1469,100,1469,1,0
E,H,H,9646,100,9646,1,0
F,H,H,13238,100,13238,1,0
G,H,H,7022,100,7022,1,0
A,B,A,7159,100,7159,1,0
A,C,A,7541,100,7541,1,0
A,D,A,9196,100,9196,1,0
A,E,A,1399,100,1399,1,0
A,F,A,7393,100,7393,1,0
A,G,A,7573,100,7573,1,0
A,H,A,9688,100,9688,1,0
A,B,B,7136,100,7136,1,0
B,C,B,6735,100,6735,1,0
B,D,B,12531,100,12531,1,0
B,E,B,7040,100,7040,1,0
B,F,B,1440,100,1440,1,0
B,G,B,6770,100,6770,1,0
B,H,B,13059,100,13059,1,0
A,C,C,7561,100,7561,1,0
B,C,C,6715,100,6715,1,0
C,D,C,6629,100,6629,1,0
C,E,C,7526,100,7526,1,0
C,F,C,7103,100,7103,1,0
C,G,C,1340,100,1340,1,0
C,H,C,7114,100,7114,1,0
A,D,D,9205,100,9205,1,0
B,D,D,12562,100,12562,1,0
C,D,D,6577,100,6577,1,0
D,E,D,9389,100,9389,1,0
D,F,D,12834,100,12834,1,0
D,G,D,6780,100,6780,1,0
D,H,D,1441,100,1441,1,0
A,E,E,1365,100,1365,1,0
B,E,E,7045,100,7045,1,0
C,E,E,7545,100,7545,1,0
D,E,E,9358,100,9358,1,0
E,F,E,6987,100,6987,1,0
E,G,E,7307,100,7307,1,0
E,H,E,9618,100,9618,1,0
A,F,F,7373,100,7373,1,0
B,F,F,1407,100,1407,1,0
C,F,F,7129,100,7129,1,0
D,F,F,12871,100,12871,1,0
E,F,F,7018,100,7018,1,0
F,G,F,6875,100,6875,1,0
F,H,F,13266,100,13266,1,0
A,G,G,7583,100,7583,1,0
B,G,G,6752,100,6752,1,0
C,G,G,1339,100,1339,1,0
D,G,G,6818,100,6818,1,0
E,G,G,7290,100,7290,1,0
F,G,G,6882,100,6882,1,0
G,H,G,7048,100,7048,1,0
A,H,H,9701,100,9701,1,0
B,H,H,13000,100,13000,1,0
C,H,H,7110,100,7110,1,0
D,H,H,1423,100,1423,1,0
E,H,H,9637,100,9637,1,0
F,H,H,13263,100,13263,1,0
G,H,H,7044,100,7044,1,0
A,B,A,7150,100,7150,1,0
A,C,A,7593,100,7593,1,0
A,D,A,9191,100,9191,1,0
A,E,A,1401,100,1401,1,0
A,F,A,7381,100,7381,1,0
A,G,A,7547,100,7547,1,0
A,H,A,9698,100,9698,1,0
A,B,B,7157,100,7157,1,0
B,C,B,6713,100,6713,1,0
B,D,B,12533,100,12533,1,0
B,E,B,7041,100,7041,1,0
B,F,B,1457,100,1457,1,0
B,G,B,6774,100,6774,1,0
B,H,B,13031,100,13031,1,0
A,C,C,7551,100,7551,1,0
B,C,C,6712,100,6712,1,0
C,D,C,6617,100,6617,1,0
C,E,C,7586,100,7586,1,0
C,F,C,7113,100,7113,1,0
C,G,C,1356,100,1356,1,0
C,H,C,7085,100,7085,1,0
A,D,D,9209,100,9209,1,0
B,D,D,12576,100,12576,1,0
C,D,D,6633,100,6633,1,0
D,E,D,9322,100,9322,1,0
D,F,D,12867,100,12867,1,0
D,G,D,6800,100,6800,1,0
D,H,D,1436,100,1436,1,0
A,E,E,1414,100,1414,1,0
B,E,E,7035,100,7035,1,0
C,E,E,7560,100,7560,1,0
D,E,E,9375,100,9375,1,0
E,F,E,7023,100,7023,1,0
E,G,E,7345,100,7345,1,0
E,H,E,9670,100,9670,1,0
A,F,F,7363,100,7363,1,0
B,F,F,1416,100,1416,1,0
C,F,F,7131,100,7131,1,0
D,F,F,12864,100,12864,1,0
E,F,F,7002,100,7002,1,0
F,G,F,6872,100,6872,1,0
F,H,F,13192,100,13192,1,0
A,G,G,7573,100,7573,1,0
B,G,G,6719,100,6719,1,0
C,G,G,1344,100,1344,1,0
D,G,G,6824,100,6824,1,0
E,G,G,7315,100,7315,1,0
F,G,G,6879,100,6879,1,0
G,H,G,7088,100,7088,1,0
A,H,H,9730,100,9730,1,0
B,H,H,13071,100,13071,1,0
C,H,H,7080,100,7080,1,0
D,H,H,1504,100,1504,1,0
E,H,H,9710,100,9710,1,0
F,H,H,13259,100,13259,1,0
G,H,H,7027,100,7027,1,0
A,B,A,7174,100,7174,1,0
A,C,A,7582,100,7582,1,0
A,D,A,9187,100,9187,1,0
A,E,A,1338,100,1338,1,0
A,F,A,7408,100,7408,1,0
A,G,A,7601,100,7601,1,0
A,H,A,9680,100,9680,1,0
A,B,B,7133,100,7133,1,0
B,C,B,6715,100,6715,1,0
B,D,B,12548,100,12548,1,0
B,E,B,7063,100,7063,1,0
B,F,B,1417,100,1417,1,0
B,G,B,6758,100,6758,1,0
B,H,B,12977,100,12977,1,0
A,C,C,7553,100,7553,1,0
B,C,C,6703,100,6703,1,0
C,D,C,6630,100,6630,1,0
C,E,C,7511,100,7511,1,0
C,F,C,7145,100,7145,1,0
C,G,C,1344,100,1344,1,0
C,H,C,7069,100,7069,1,0
A,D,D,9204,100,9204,1,0
B,D,D,12494,100,12494,1,0
C,D,D,6593,100,6593,1,0
D,E,D,9345,100,9345,1,0
D,F,D,12839,100,12839,1,0
D,G,D,6788,100,6788,1,0
D,H,D,1446,100,1446,1,0
A,E,E,1339,100,1339,1,0
B,E,E,6997,100,6997,1,0
C,E,E,7529,100,7529,1,0
D,E,E,9379,100,9379,1,0
E,F,E,7029,100,7029,1,0
E,G,E,7294,100,7294,1,0
E,H,E,9636,100,9636,1,0
A,F,F,7412,100,7412,1,0
B,F,F,1396,100,1396,1,0
C,F,F,7133,100,7133,1,0
D,F,F,12861,100,12861,1,0
E,F,F,6995,100,6995,1,0
F,G,F,6897,100,6897,1,0
F,H,F,13239,100,13239,1,0
A,G,G,7579,100,7579,1,0
B,G,G,6705,100,6705,1,0
C,G,G,1379,100,1379,1,0
D,G,G,6818,100,6818,1,0
E,G,G,7297,100,7297,1,0
F,G,G,6876,100,6876,1,0
G,H,G,7046,100,7046,1,0
A,H,H,9727,100,9727,1,0
B,H,H,13002,100,13002,1,0
C,H,H,7113,100,7113,1,0
D,H,H,1400,100,1400,1,0
E,H,H,9668,100,9668,1,0
F,H,H,13207,100,13207,1,0
G,H,H,7057,100,7057,1,0
A,B,A,7154,100,7154,1,0
A,C,A,7601,100,7601,1,0
A,D,A,9211,100,9211,1,0
A,E,A,1394,100,1394,1,0
A,F,A,7362,100,7362,1,0
A,G,A,7548,100,7548,1,0
A,H,A,9674,100,9674,1,0
A,B,B,7138,100,7138,1,0
B,C,B,6699,100,6699,1,0
B,D,B,12525,100,12525,1,0
B,E,B,7058,100,7058,1,0
B,F,B,1455,100,1455,1,0
B,G,B,6771,100,6771,1,0
B,H,B,13030,100,13030,1,0
A,C,C,7521,100,7521,1,0
B,C,C,6737,100,6737,1,0
C,D,C,6589,100,6589,1,0
C,E,C,7591,100,7591,1,0
C,F,C,7124,100,7124,1,0
C,G,C,1383,100,1383,1,0
C,H,C,7105,100,7105,1,0
A,D,D,9221,100,9221,1,0
B,D,D,12555,100,12555,1,0
C,D,D,6664,100,6664,1,0
D,E,D,9364,100,9364,1,0
D,F,D,12901,100,12901,1,0
D,G,D,6790,100,6790,1,0
D,H,D,1444,100,1444,1,0
A,E,E,1420,100,1420,1,0
B,E,E,7055,100,7055,1,0
C,E,E,7502,100,7502,1,0
D,E,E,9301,100,9301,1,0
E,F,E,7022,100,7022,1,0
E,G,E,7308,100,7308,1,0
E,H,E,9653,100,9653,1,0
A,F,F,7362,100,7362,1,0
B,F,F,1450,100,1450,1,0
C,F,F,7140,100,7140,1,0
D,F,F,12908,100,12908,1,0
E,F,F,6995,100,6995,1,0
F,G,F,6873,100,6873,1,0
F,H,F,13257,100,13257,1,0
A,G,G,7540,100,7540,1,0
B,G,G,6767,100,6767,1,0
C,G,G,1386,100,1386,1,0
D,G,G,6825,100,6825,1,0
E,G,G,7288,100,7288,1,0
F,G,G,6898,100,6898,1,0
G,H,G,7042,100,7042,1,0
A,H,H,9693,100,9693,1,0
B,H,H,13022,100,13022,1,0
C,H,H,7059,100,7059,1,0
D,H,H,1453,100,1453,1,0
E,H,H,9650,100,9650,1,0
F,H,H,13221,100,13221,1,0
G,H,H,7054,100,7054,1,0
A,B,A,7154,100,7154,1,0
A,C,A,7598,100,7598,1,0
A,D,A,9185,100,9185,1,0
A,E,A,1369,100,1369,1,0
A,F,A,7439,100,7439,1,0
A,G,A,7606,100,7606,1,0
A,H,A,9683,100,9683,1,0
A,B,B,7163,100,7163,1,0
B,C,B,6702,100,6702,1,0
B,D,B,12478,100,12478,1,0
B,E,B,7043,100,7043,1,0
B,F,B,1449,100,1449,1,0
B,G,B,6725,100,6725,1,0
B,H,B,13068,100,13068,1,0
A,C,C,7627,100,7627,1,0
B,C,C,6680,100,6680,1,0
C,D,C,6563,100,6563,1,0
C,E,C,7536,100,7536,1,0
C,F,C,7118,100,7118,1,0
C,G,C,1320,100,1320,1,0
C,H,C,7121,100,7121,1,0
A,D,D,9231,100,9231,1,0
B,D,D,12536,100,12536,1,0
C,D,D,6593,100,6593,1,0
D,E,D,9347,100,9347,1,0
D,F,D,12864,100,12864,1,0
D,G,D,6797,100,6797,1,0
D,H,D,1500,100,1500,1,0
A,E,E,1449,100,1449,1,0
B,E,E,7072,100,7072,1,0
C,E,E,7547,100,7547,1,0
D,E,E,9386,100,9386,1,0
E,F,E,7032,100,7032,1,0
E,G,E,7314,100,7314,1,0
E,H,E,9682,100,9682,1,0
A,F,F,7424,100,7424,1,0
B,F,F,1416,100,1416,1,0
C,F,F,7090,100,7090,1,0
D,F,F,12875,100,12875,1,0
E,F,F,6992,100,6992,1,0
F,G,F,6875,100,6875,1,0
F,H,F,13229,100,13229,1,0
A,G,G,7583,100,7583,1,0
B,G,G,6750,100,6750,1,0
C,G,G,1370,100,1370,1,0
D,G,G,6831,100,6831,1,0
E,G,G,7305,100,7305,1,0
F,G,G,6857,100,6857,1,0
G,H,G,7024,100,7024,1,0
A,H,H,9670,100,9670,1,0
B,H,H,13057,100,13057,1,0
C,H,H,7110,100,7110,1,0
D,H,H,1470,100,1470,1,0
E,H,H,9658,100,9658,1,0
F,H,H,13246,100,13246,1,0
G,H,H,7013,100,7013,1,0
A,B,A,7208,100,7208,1,0
A,C,A,7554,100,7554,1,0
A,D,A,9197,100,9197,1,0
A,E,A,1375,100,1375,1,0
A,F,A,7428,100,7428,1,0
A,G,A,7605,100,7605,1,0
A,H,A,9669,100,9669,1,0
A,B,B,7158,100,7158,1,0
B,C,B,6711,100,6711,1,0
B,D,B,12566,100,12566,1,0
B,E,B,7026,100,7026,1,0
B,F,B,1425,100,1425,1,0
B,G,B,6760,100,6760,1,0
B,H,B,13049,100,13049,1,0
A,C,C,7569,100,7569,1,0
B,C,C,6741,100,6741,1,0
C,D,C,6658,100,6658,1,0
C,E,C,7503,100,7503,1,0
C,F,C,7119,100,7119,1,0
C,G,C,1354,100,1354,1,0
C,H,C,7156,100,7156,1,0
A,D,D,9230,100,9230,1,0
B,D,D,12579,100,12579,1,0
C,D,D,6587,100,6587,1,0
D,E,D,9420,100,9420,1,0
D,F,D,12914,100,12914,1,0
D,G,D,6827,100,6827,1,0
D,H,D,1420,100,1420,1,0
A,E,E,1380,100,1380,1,0
B,E,E,7023,100,7023,1,0
C,E,E,7572,100,7572,1,0
D,E,E,9342,100,9342,1,0
E,F,E,7032,100,7032,1,0
E,G,E,7290,100,7290,1,0
E,H,E,9660,100,9660,1,0
A,F,F,7391,100,7391,1,0
B,F,F,1427,100,1427,1,0
C,F,F,7119,100,7119,1,0
D,F,F,12858,100,12858,1,0
E,F,F,7025,100,7025,1,0
F,G,F,6911,100,6911,1,0
F,H,F,13215,100,13215,1,0
A,G,G,7591,100,7591,1,0
B,G,G,6763,100,6763,1,0
C,G,G,1329,100,1329,1,0
D,G,G,6815,100,6815,1,0
E,G,G,7294,100,7294,1,0
F,G,G,6876,100,6876,1,0
G,H,G,7073,100,7073,1,0
A,H,H,9718,100,9718,1,0
B,H,H,13042,100,13042,1,0
C,H,H,7074,100,7074,1,0
D,H,H,1410,100,1410,1,0
E,H,H,9665,100,9665,1,0
F,H,H,13283,100,13283,1,0
G,H,H,7050,100,7050,1,0
A,B,A,7152,100,7152,1,0
A,C,A,7516,100,7516,1,0
A,D,A,9186,100,9186,1,0
A,E,A,1386,100,1386,1,0
A,F,A,7373,100,7373,1,0
A,G,A,7611,100,7611,1,0
A,H,A,9707,100,9707,1,0
A,B,B,7136,100,7136,1,0
B,C,B,6760,100,6760,1,0
B,D,B,12570,100,12570,1,0
B,E,B,7063,100,7063,1,0
B,F,B,1443,100,1443,1,0
B,G,B,6776,100,6776,1,0
B,H,B,13033,100,13033,1,0
A,C,C,7589,100,7589,1,0
B,C,C,6728,100,6728,1,0
C,D,C,6588,100,6588,1,0
C,E,C,7540,100,7540,1,0
C,F,C,7117,100,7117,1,0
C,G,C,1398,100,1398,1,0
C,H,C,7176,100,7176,1,0
A,D,D,9190,100,9190,1,0
B,D,D,12543,100,12543,1,0
C,D,D,6628,100,6628,1,0
D,E,D,9323,100,9323,1,0
D,F,D,12872,100,12872,1,0
D,G,D,6840,100,6840,1,0
D,H,D,1473,100,1473,1,0
A,E,E,1374,100,1374,1,0
B,E,E,7048,100,7048,1,0
C,E,E,7479,100,7479,1,0
D,E,E,9308,100,9308,1,0
E,F,E,7005,100,7005,1,0
E,G,E,7312,100,7312,1,0
E,H,E,9626,100,9626,1,0
A,F,F,7422,100,7422,1,0
B,F,F,1416,100,1416,1,0
C,F,F,7122,100,7122,1,0
D,F,F,12876,100,12876,1,0
E,F,F,7041,100,7041,1,0
F,G,F,6858,100,6858,1,0
F,H,F,13220,100,13220,1,0
A,G,G,7599,100,7599,1,0
B,G,G,6741,100,6741,1,0
C,G,G,1361,100,1361,1,0
D,G,G,6801,100,6801,1,0
E,G,G,7308,100,7308,1,0
F,G,G,6917,100,6917,1,0
G,H,G,7024,100,7024,1,0
A,H,H,9683,100,9683,1,0
B,H,H,13044,100,13044,1,0
C,H,H,7059,100,7059,1,0
D,H,H,1388,100,1388,1,0
E,H,H,9662,100,9662,1,0
F,H,H,13241,100,13241,1,0
G,H,H,7034,100,7034,1,0
A,B,A,7146,100,7146,1,0
A,C,A,7569,100,7569,1,0
A,D,A,9185,100,9185,1,0
A,E,A,1389,100,1389,1,0
A,F,A,7368,100,7368,1,0
A,G,A,7576,100,7576,1,0
A,H,A,9672,100,9672,1,0
A,B,B,7146,100,7146,1,0
B,C,B,6716,100,6716,1,0
B,D,B,12504,100,12504,1,0
B,E,B,7053,100,7053,1,0
B,F,B,1460,100,1460,1,0
B,G,B,6734,100,6734,1,0
B,H,B,13044,100,13044,1,0
A,C,C,7542,100,7542,1,0
B,C,C,6705,100,6705,1,0
C,D,C,6654,100,6654,1,0
C,E,C,7519,100,7519,1,0
C,F,C,7128,100,7128,1,0
C,G,C,1331,100,1331,1,0
C,H,C,7121,100,7121,1,0
A,D,D,9212,100,9212,1,0
B,D,D,12549,100,12549,1,0
C,D,D,6607,100,6607,1,0
D,E,D,9367,100,9367,1,0
D,F,D,12856,100,12856,1,0
D,G,D,6832,100,6832,1,0
D,H,D,1411,100,1411,1,0
A,E,E,1341,100,1341,1,0
B,E,E,7056,100,7056,1,0
C,E,E,7522,100,7522,1,0
D,E,E,9349,100,9349,1,0
E,F,E,6972,100,6972,1,0
E,G,E,7314,100,7314,1,0
E,H,E,9671,100,9671,1,0
A,F,F,7364,100,7364,1,0
B,F,F,1468,100,1468,1,0
C,F,F,7106,100,7106,1,0
D,F,F,12895,100,12895,1,0
E,F,F,7004,100,7004,1,0
F,G,F,6861,100,6861,1,0
F,H,F,13272,100,13272,1,0
A,G,G,7609,100,7609,1,0
B,G,G,6740,100,6740,1,0
C,G,G,1376,100,1376,1,0
D,G,G,6820,100,6820,1,0
E,G,G,7364,100,7364,1,0
F,G,G,6894,100,6894,1,0
G,H,G,7044,100,7044,1,0
A,H,H,9711,100,9711,1,0
B,H,H,13048,100,13048,1,0
C,H,H,7102,100,7102,1,0
D,H,H,1412,100,1412,1,0
E,H,H,9688,100,9688,1,0
F,H,H,13231,100,13231,1,0
G,H,H,7040,100,7040,1,0
A,B,A,7183,100,7183,1,0
A,C,A,7595,100,7595,1,0
A,D,A,9206,100,9206,1,0
A,E,A,1368,100,1368,1,0
A,F,A,7378,100,7378,1,0
A,G,A,7592,100,7592,1,0
A,H,A,9738,100,9738,1,0
A,B,B,7125,100,7125,1,0
B,C,B,6682,100,6682,1,0
B,D,B,12481,100,12481,1,0
B,E,B,7020,100,7020,1,0
B,F,B,1444,100,1444,1,0
B,G,B,6769,100,6769,1,0
B,H,B,12995,100,12995,1,0
A,C,C,7546,100,7546,1,0
B,C,C,6711,100,6711,1,0
C,D,C,6596,100,6596,1,0
C,E,C,7576,100,7576,1,0
C,F,C,7146,100,7146,1,0
C,G,C,1315,100,1315,1,0
C,H,C,7133,100,7133,1,0
A,D,D,9174,100,9174,1,0
B,D,D,12540,100,12540,1,0
C,D,D,6603,100,6603,1,0
D,E,D,9386,100,9386,1,0
D,F,D,12886,100,12886,1,0
D,G,D,6824,100,6824,1,0
D,H,D,1431,100,1431,1,0
A,E,E,1368,100,1368,1,0
B,E,E,7018,100,7018,1,0
C,E,E,7545,100,7545,1,0
D,E,E,9420,100,9420,1,0
E,F,E,7020,100,7020,1,0
E,G,E,7314,100,7314,1,0
E,H,E,9691,100,9691,1,0
A,F,F,7410,100,7410,1,0
B,F,F,1453,100,1453,1,0
C,F,F,7105,100,7105,1,0
D,F,F,12850,100,12850,1,0
E,F,F,6986,100,6986,1,0
F,G,F,6883,100,6883,1,0
F,H,F,13194,100,13194,1,0
A,G,G,7594,100,7594,1,0
B,G,G,6772,100,6772,1,0
C,G,G,1363,100,1363,1,0
D,G,G,6826,100,6826,1,0
E,G,G,7290,100,7290,1,0
F,G,G,6866,100,6866,1,0
G,H,G,7036,100,7036,1,0
A,H,H,9730,100,9730,1,0
B,H,H,13068,100,13068,1,0
C,H,H,7103,100,7103,1,0
D,H,H,1486,100,1486,1,0
E,H,H,9685,100,9685,1,0
F,H,H,13217,100,13217,1,0
G,H,H,7078,100,7078,1,0
A,B,A,7189,100,7189,1,0
A,C,A,7575,100,7575,1,0
A,D,A,9186,100,9186,1,0
A,E,A,1356,100,1356,1,0
A,F,A,7341,100,7341,1,0
A,G,A,7637,100,7637,1,0
A,H,A,9663,100,9663,1,0
A,B,B,7162,100,7162,1,0
B,C,B,6685,100,6685,1,0
B,D,B,12584,100,12584,1,0
B,E,B,7050,100,7050,1,0
B,F,B,1428,100,1428,1,0
B,G,B,6749,100,6749,1,0
B,H,B,13089,100,13089,1,0
A,C,C,7618,100,7618,1,0
B,C,C,6726,100,6726,1,0
C,D,C,6593,100,6593,1,0
C,E,C,7538,100,7538,1,0
C,F,C,7116,100,7116,1,0
C,G,C,1388,100,1388,1,0
C,H,C,7094,100,7094,1,0
A,D,D,9230,100,9230,1,0
B,D,D,12519,100,12519,1,0
C,D,D,6569,100,6569,1,0
D,E,D,9315,100,9315,1,0
D,F,D,12874,100,12874,1,0
D,G,D,6782,100,6782,1,0
D,H,D,1425,100,1425,1,0
A,E,E,1361,100,1361,1,0
B,E,E,7052,100,7052,1,0
C,E,E,7576,100,7576,1,0
D,E,E,9373,100,9373,1,0
E,F,E,7027,100,7027,1,0
E,G,E,7312,100,7312,1,0
E,H,E,9685,100,9685,1,0
A,F,F,7409,100,7409,1,0
B,F,F,1448,100,1448,1,0
C,F,F,7157,100,7157,1,0
D,F,F,12880,100,12880,1,0
E,F,F,7009,100,7009,1,0
F,G,F,6871,100,6871,1,0
F,H,F,13221,100,13221,1,0
A,G,G,7511,100,7511,1,0
B,G,G,6744,100,6744,1,0
C,G,G,1341,100,1341,1,0
D,G,G,6803,100,6803,1,0
E,G,G,7302,100,7302,1,0
F,G,G,6878,100,6878,1,0
G,H,G,6994,100,6994,1,0
A,H,H,9705,100,9705,1,0
B,H,H,13051,100,13051,1,0
C,H,H,7109,100,7109,1,0
D,H,H,1473,100,1473,1,0
E,H,H,9643,100,9643,1,0
F,H,H,13259,100,13259,1,0
G,H,H,7011,100,7011,1,0
A,B,A,7122,100,7122,1,0
A,C,A,7571,100,7571,1,0
A,D,A,9208,100,9208,1,0
A,E,A,1321,100,1321,1,0
A,F,A,7311,100,7311,1,0
A,G,A,7544,100,7544,1,0
A,H,A,9731,100,9731,1,0
A,B,B,7144,100,7144,1,0
B,C,B,6688,100,6688,1,0
B,D,B,12525,100,12525,1,0
B,E,B,7057,100,7057,1,0
B,F,B,1445,100,1445,1,0
B,G,B,6757,100,6757,1,0
B,H,B,13017,100,13017,1,0
A,C,C,7541,100,7541,1,0
B,C,C,6728,100,6728,1,0
C,D,C,6618,100,6618,1,0
C,E,C,7540,100,7540,1,0
C,F,C,7130,100,7130,1,0
C,G,C,1341,100,1341,1,0
C,H,C,7086,100,7086,1,0
A,D,D,9209,100,9209,1,0
B,D,D,12575,100,12575,1,0
C,D,D,6582,100,6582,1,0
D,E,D,9334,100,9334,1,0
D,F,D,12890,100,12890,1,0
D,G,D,6818,100,6818,1,0
D,H,D,1440,100,1440,1,0
A,E,E,1390,100,1390,1,0
B,E,E,7071,100,7071,1,0
C,E,E,7560,100,7560,1,0
D,E,E,9347,100,9347,1,0
E,F,E,7019,100,7019,1,0
E,G,E,7296,100,7296,1,0
E,H,E,9652,100,9652,1,0
A,F,F,7369,100,7369,1,0
B,F,F,1399,100,1399,1,0
C,F,F,7110,100,7110,1,0
D,F,F,12870,100,12870,1,0
E,F,F,7002,100,7002,1,0
F,G,F,6867,100,6867,1,0
F,H,F,13231,100,13231,1,0
A,G,G,7557,100,7557,1,0
B,G,G,6731,100,6731,1,0
C,G,G,1356,100,1356,1,0
D,G,G,6807,100,6807,1,0
E,G,G,7312,100,7312,1,0
F,G,G,6879,100,6879,1,0
G,H,G,7028,100,7028,1,0
A,H,H,9693,100,9693,1,0
B,H,H,13010,100,13010,1,0
C,H,H,7100,100,7100,1,0
D,H,H,1428,100,1428,1,0
E,H,H,9680,100,9680,1,0
F,H,H,13238,100,13238,1,0
G,H,H,7032,100,7032,1,0
A,B,A,7157,100,7157,1,0
A,C,A,7615,100,7615,1,0
A,D,A,9194,100,9194,1,0
A,E,A,1338,100,1338,1,0
A,F,A,7387,100,7387,1,0
A,G,A,7606,100,7606,1,0
A,H,A,9706,100,9706,1,0
A,B,B,7130,100,7130,1,0
B,C,B,6715,100,6715,1,0
B,D,B,12487,100,12487,1,0
B,E,B,7010,100,7010,1,0
B,F,B,1448,100,1448,1,0
B,G,B,6719,100,6719,1,0
B,H,B,13049,100,13049,1,0
A,C,C,7569,100,7569,1,0
B,C,C,6730,100,6730,1,0
C,D,C,6645,100,6645,1,0
C,E,C,7553,100,7553,1,0
C,F,C,7159,100,7159,1,0
C,G,C,1354,100,1354,1,0
C,H,C,7117,100,7117,1,0
A,D,D,9201,100,9201,1,0
B,D,D,12537,100,12537,1,0
C,D,D,6590,100,6590,1,0
D,E,D,9359,100,9359,1,0
D,F,D,12884,100,12884,1,0
D,G,D,6790,100,6790,1,0
D,H,D,1439,100,1439,1,0
A,E,E,1307,100,1307,1,0
B,E,E,7031,100,7031,1,0
C,E,E,7537,100,7537,1,0
D,E,E,9345,100,9345,1,0
E,F,E,7016,100,7016,1,0
E,G,E,7320,100,7320,1,0
E,H,E,9639,100,9639,1,0
A,F,F,7414,100,7414,1,0
B,F,F,1412,100,1412,1,0
C,F,F,7113,100,7113,1,0
D,F,F,12851,100,12851,1,0
E,F,F,7018,100,7018,1,0
F,G,F,6881,100,6881,1,0
F,H,F,13209,100,13209,1,0
A,G,G,7646,100,7646,1,0
B,G,G,6764,100,6764,1,0
C,G,G,1334,100,1334,1,0
D,G,G,6805,100,6805,1,0
E,G,G,7285,100,7285,1,0
F,G,G,6881,100,6881,1,0
G,H,G,7010,100,7010,1,0
A,H,H,9662,100,9662,1,0
B,H,H,13017,100,13017,1,0
C,H,H,7132,100,7132,1,0
D,H,H,1413,100,1413,1,0
E,H,H,9661,100,9661,1,0
F,H,H,13275,100,13275,1,0
G,H,H,7019,100,7019,1,0
A,B,A,7163,100,7163,1,0
A,C,A,7580,100,7580,1,0
A,D,A,9201,100,9201,1,0
A,E,A,1371,100,1371,1,0
A,F,A,7354,100,7354,1,0
A,G,A,7575,100,7575,1,0
A,H,A,9700,100,9700,1,0
A,B,B,7151,100,7151,1,0
B,C,B,6707,100,6707,1,0
B,D,B,12507,100,12507,1,0
B,E,B,7051,100,7051,1,0
B,F,B,1440,100,1440,1,0
B,G,B,6783,100,6783,1,0
B,H,B,13084,100,13084,1,0
A,C,C,7553,100,7553,1,0
B,C,C,6692,100,6692,1,0
C,D,C,6581,100,6581,1,0
C,E,C,7566,100,7566,1,0
C,F,C,7104,100,7104,1,0
C,G,C,1384,100,1384,1,0
C,H,C,7115,100,7115,1,0
A,D,D,9188,100,9188,1,0
B,D,D,12519,100,12519,1,0
C,D,D,6592,100,6592,1,0
D,E,D,9349,100,9349,1,0
D,F,D,12934,100,12934,1,0
D,G,D,6792,100,6792,1,0
D,H,D,1408,100,1408,1,0
A,E,E,1352,100,1352,1,0
B,E,E,7068,100,7068,1,0
C,E,E,7531,100,7531,1,0
D,E,E,9353,100,9353,1,0
E,F,E,6999,100,6999,1,0
E,G,E,7297,100,7297,1,0
E,H,E,9671,100,9671,1,0
A,F,F,7362,100,7362,1,0
B,F,F,1403,100,1403,1,0
C,F,F,7126,100,7126,1,0
D,F,F,12893,100,12893,1,0
E,F,F,7000,100,7000,1,0
F,G,F,6870,100,6870,1,0
F,H,F,13240,100,13240,1,0
A,G,G,7540,100,7540,1,0
B,G,G,6766,100,6766,1,0
C,G,G,1332,100,1332,1,0
D,G,G,6793,100,6793,1,0
E,G,G,7290,100,7290,1,0
F,G,G,6875,100,6875,1,0
G,H,G,7072,100,7072,1,0
A,H,H,9645,100,9645,1,0
B,H,H,13047,100,13047,1,0
C,H,H,7136,100,7136,1,0
D,H,H,1413,100,1413,1,0
E,H,H,9654,100,9654,1,0
F,H,H,13241,100,13241,1,0
G,H,H,7066,100,7066,1,0
A,B,A,7169,100,7169,1,0
A,C,A,7564,100,7564,1,0
A,D,A,9206,100,9206,1,0
A,E,A,1344,100,1344,1,0
A,F,A,7378,100,7378,1,0
A,G,A,7579,100,7579,1,0
A,H,A,9673,100,9673,1,0
A,B,B,7162,100,7162,1,0
B,C,B,6705,100,6705,1,0
B,D,B,12526,100,12526,1,0
B,E,B,7031,100,7031,1,0
B,F,B,1450,100,1450,1,0
B,G,B,6716,100,6716,1,0
B,H,B,13038,100,13038,1,0
A,C,C,7595,100,7595,1,0
B,C,C,6708,100,6708,1,0
C,D,C,6581,100,6581,1,0
C,E,C,7533,100,7533,1,0
C,F,C,7127,100,7127,1,0
C,G,C,1349,100,1349,1,0
C,H,C,7121,100,7121,1,0
A,D,D,9176,100,9176,1,0
B,D,D,12520,100,12520,1,0
C,D,D,6625,100,6625,1,0
D,E,D,9406,100,9406,1,0
D,F,D,12880,100,12880,1,0
D,G,D,6849,100,6849,1,0
D,H,D,1443,100,1443,1,0
A,E,E,1361,100,1361,1,0
B,E,E,7054,100,7054,1,0
C,E,E,7559,100,7559,1,0
D,E,E,9355,100,9355,1,0
E,F,E,7009,100,7009,1,0
E,G,E,7307,100,7307,1,0
E,H,E,9649,100,9649,1,0
A,F,F,7376,100,7376,1,0
B,F,F,1468,100,1468,1,0
C,F,F,7094,100,7094,1,0
D,F,F,12867,100,12867,1,0
E,F,F,7003,100,7003,1,0
F,G,F,6851,100,6851,1,0
F,H,F,13257,100,13257,1,0
A,G,G,7601,100,7601,1,0
B,G,G,6734,100,6734,1,0
C,G,G,1356,100,1356,1,0
D,G,G,6808,100,6808,1,0
E,G,G,7255,100,7255,1,0
F,G,G,6874,100,6874,1,0
G,H,G,7068,100,7068,1,0
A,H,H,9707,100,9707,1,0
B,H,H,13017,100,13017,1,0
C,H,H,7125,100,7125,1,0
D,H,H,1481,100,1481,1,0
E,H,H,9689,100,9689,1,0
F,H,H,13260,100,13260,1,0
G,H,H,7008,100,7008,1,0
A,B,A,7114,100,7114,1,0
A,C,A,7571,100,7571,1,0
A,D,A,9199,100,9199,1,0
A,E,A,1375,100,1375,1,0
A,F,A,7375,100,7375,1,0
A,G,A,7619,100,7619,1,0
A,H,A,9738,100,9738,1,0
A,B,B,7165,100,7165,1,0
B,C,B,6687,100,6687,1,0
B,D,B,12526,100,12526,1,0
B,E,B,7040,100,7040,1,0
B,F,B,1440,100,1440,1,0
B,G,B,6754,100,6754,1,0
B,H,B,13079,100,13079,1,0
A,C,C,7591,100,7591,1,0
B,C,C,6722,100,6722,1,0
C,D,C,6612,100,6612,1,0
C,E,C,7574,100,7574,1,0
C,F,C,7111,100,7111,1,0
C,G,C,1331,100,1331,1,0
C,H,C,7102,100,7102,1,0
A,D,D,9178,100,9178,1,0
B,D,D,12500,100,12500,1,0
C,D,D,6621,100,6621,1,0
D,E,D,9352,100,9352,1,0
D,F,D,12855,100,12855,1,0
D,G,D,6782,100,6782,1,0
D,H,D,1450,100,1450,1,0
A,E,E,1409,100,1409,1,0
B,E,E,7030,100,7030,1,0
C,E,E,7547,100,7547,1,0
D,E,E,9354,100,9354,1,0
E,F,E,7035,100,7035,1,0
E,G,E,7314,100,7314,1,0
E,H,E,9662,100,9662,1,0
A,F,F,7345,100,7345,1,0
B,F,F,1443,100,1443,1,0
C,F,F,7134,100,7134,1,0
D,F,F,12853,100,12853,1,0
E,F,F,7029,100,7029,1,0
F,G,F,6873,100,6873,1,0
F,H,F,13242,100,13242,1,0
A,G,G,7576,100,7576,1,0
B,G,G,6762,100,6762,1,0
C,G,G,1382,100,1382,1,0
D,G,G,6811,100,6811,1,0
E,G,G,7258,100,7258,1,0
F,G,G,6881,100,6881,1,0
G,H,G,7067,100,7067,1,0
A,H,H,9720,100,9720,1,0
B,H,H,13069,100,13069,1,0
C,H,H,7116,100,7116,1,0
D,H,H,1455,100,1455,1,0
E,H,H,9687,100,9687,1,0
F,H,H,13248,100,13248,1,0
G,H,H,7016,100,7016,1,0
A,B,A,7190,100,7190,1,0
A,C,A,7575,100,7575,1,0
A,D,A,9205,100,9205,1,0
A,E,A,1386,100,1386,1,0
A,F,A,7388,100,7388,1,0
A,G,A,7558,100,7558,1,0
A,H,A,9705,100,9705,1,0
A,B,B,7109,100,7109,1,0
B,C,B,6689,100,6689,1,0
B,D,B,12521,100,12521,1,0
B,E,B,7039,100,7039,1,0
B,F,B,1457,100,1457,1,0
B,G,B,6759,100,6759,1,0
B,H,B,13036,100,13036,1,0
A,C,C,7596,100,7596,1,0
B,C,C,6708,100,6708,1,0
C,D,C,6563,100,6563,1,0
C,E,C,7552,100,7552,1,0
C,F,C,7112,100,7112,1,0
C,G,C,1331,100,1331,1,0
C,H,C,7110,100,7110,1,0
A,D,D,9190,100,9190,1,0
B,D,D,12515,100,12515,1,0
C,D,D,6621,100,6621,1,0
D,E,D,9353,100,9353,1,0
D,F,D,12908,100,12908,1,0
D,G,D,6807,100,6807,1,0
D,H,D,1454,100,1454,1,0
A,E,E,1363,100,1363,1,0
B,E,E,7052,100,7052,1,0
C,E,E,7546,100,7546,1,0
D,E,E,9376,100,9376,1,0
E,F,E,7007,100,7007,1,0
E,G,E,7300,100,7300,1,0
E,H,E,9670,100,9670,1,0
A,F,F,7385,100,7385,1,0
B,F,F,1449,100,1449,1,0
C,F,F,7146,100,7146,1,0
D,F,F,12880,100,12880,1,0
E,F,F,6987,100,6987,1,0
F,G,F,6875,100,6875,1,0
F,H,F,13228,100,13228,1,0
A,G,G,7532,100,7532,1,0
B,G,G,6782,100,6782,1,0
C,G,G,1387,100,1387,1,0
D,G,G,6792,100,6792,1,0
E,G,G,7347,100,7347,1,0
F,G,G,6875,100,6875,1,0
G,H,G,7062,100,7062,1,0
A,H,H,9709,100,9709,1,0
B,H,H,12997,100,12997,1,0
C,H,H,7114,100,7114,1,0
D,H,H,1452,100,1452,1,0
E,H,H,9661,100,9661,1,0
F,H,H,13244,100,13244,1,0
G,H,H,7050,100,7050,1,0
A,B,A,7166,100,7166,1,0
A,C,A,7578,100,7578,1,0
A,D,A,9219,100,9219,1,0
A,E,A,1379,100,1379,1,0
A,F,A,7379,100,7379,1,0
A,G,A,7594,100,7594,1,0
A,H,A,9681,100,9681,1,0
A,B,B,7131,100,7131,1,0
B,C,B,6694,100,6694,1,0
B,D,B,12549,100,12549,1,0
B,E,B,7074,100,7074,1,0
B,F,B,1437,100,1437,1,0
B,G,B,6770,100,6770,1,0
B,H,B,13054,100,13054,1,0
A,C,C,7530,100,7530,1,0
B,C,C,6715,100,6715,1,0
C,D,C,6624,100,6624,1,0
C,E,C,7502,100,7502,1,0
C,F,C,7122,100,7122,1,0
C,G,C,1345,100,1345,1,0
C,H,C,7114,100,7114,1,0
A,D,D,9244,100,9244,1,0
B,D,D,12579,100,12579,1,0
C,D,D,6608,100,6608,1,0
D,E,D,9356,100,9356,1,0
D,F,D,12902,100,12902,1,0
D,G,D,6836,100,6836,1,0
D,H,D,1459,100,1459,1,0
A,E,E,1414,100,1414,1,0
B,E,E,7088,100,7088,1,0
C,E,E,7527,100,7527,1,0
D,E,E,9342,100,9342,1,0
E,F,E,6984,100,6984,1,0
E,G,E,7298,100,7298,1,0
E,H,E,9664,100,9664,1,0
A,F,F,7388,100,7388,1,0
B,F,F,1458,100,1458,1,0
C,F,F,7109,100,7109,1,0
D,F,F,12899,100,12899,1,0
E,F,F,7007,100,7007,1,0
F,G,F,6888,100,6888,1,0
F,H,F,13222,100,13222,1,0
A,G,G,7541,100,7541,1,0
B,G,G,6748,100,6748,1,0
C,G,G,1386,100,1386,1,0
D,G,G,6822,100,6822,1,0
E,G,G,7298,100,7298,1,0
F,G,G,6858,100,6858,1,0
G,H,G,7057,100,7057,1,0
A,H,H,9770,100,9770,1,0
B,H,H,13020,100,13020,1,0
C,H,H,7092,100,7092,1,0
D,H,H,1451,100,1451,1,0
E,H,H,9671,100,9671,1,0
F,H,H,13248,100,13248,1,0
G,H,H,7031,100,7031,1,0
A,B,A,7151,100,7151,1,0
A,C,A,7615,100,7615,1,0
A,D,A,9205,100,9205,1,0
A,E,A,1341,100,1341,1,0
A,F,A,7397,100,7397,1,0
A,G,A,7576,100,7576,1,0
A,H,A,9667,100,9667,1,0
A,B,B,7189,100,7189,1,0
B,C,B,6755,100,6755,1,0
B,D,B,12540,100,12540,1,0
B,E,B,7022,100,7022,1,0
B,F,B,1456,100,1456,1,0
B,G,B,6747,100,6747,1,0
B,H,B,13006,100,13006,1,0
A,C,C,7557,100,7557,1,0
B,C,C,6745,100,6745,1,0
C,D,C,6575,100,6575,1,0
C,E,C,7527,100,7527,1,0
C,F,C,7115,100,7115,1,0
C,G,C,1311,100,1311,1,0
C,H,C,7106,100,7106,1,0
A,D,D,9186,100,9186,1,0
B,D,D,12529,100,12529,1,0
C,D,D,6621,100,6621,1,0
D,E,D,9342,100,9342,1,0
D,F,D,12892,100,12892,1,0
D,G,D,6803,100,6803,1,0
D,H,D,1465,100,1465,1,0
A,E,E,1417,100,1417,1,0
B,E,E,7073,100,7073,1,0
C,E,E,7526,100,7526,1,0
D,E,E,9343,100,9343,1,0
E,F,E,7033,100,7033,1,0
E,G,E,7311,100,7311,1,0
E,H,E,9728,100,9728,1,0
A,F,F,7422,100,7422,1,0
B,F,F,1441,100,1441,1,0
C,F,F,7134,100,7134,1,0
D,F,F,12877,100,12877,1,0
E,F,F,7036,100,7036,1,0
F,G,F,6875,100,6875,1,0
F,H,F,13255,100,13255,1,0
A,G,G,7628,100,7628,1,0
B,G,G,6736,100,6736,1,0
C,G,G,1387,100,1387,1,0
D,G,G,6785,100,6785,1,0
E,G,G,7315,100,7315,1,0
F,G,G,6923,100,6923,1,0
G,H,G,7081,100,7081,1,0
A,H,H,9731,100,9731,1,0
B,H,H,13007,100,13007,1,0
C,H,H,7140,100,7140,1,0
D,H,H,1418,100,1418,1,0
E,H,H,9664,100,9664,1,0
F,H,H,13247,100,13247,1,0
G,H,H,7051,100,7051,1,0
A,B,A,7143,100,7143,1,0
A,C,A,7615,100,7615,1,0
A,D,A,9176,100,9176,1,0
A,E,A,1380,100,1380,1,0
A,F,A,7367,100,7367,1,0
A,G,A,7582,100,7582,1,0
A,H,A,9679,100,9679,1,0
A,B,B,7134,100,7134,1,0
B,C,B,6695,100,6695,1,0
B,D,B,12496,100,12496,1,0
B,E,B,7071,100,7071,1,0
B,F,B,1440,100,1440,1,0
B,G,B,6737,100,6737,1,0
B,H,B,13149,100,13149,1,0
A,C,C,7491,100,7491,1,0
B,C,C,6707,100,6707,1,0
C,D,C,6609,100,6609,1,0
C,E,C,7535,100,7535,1,0
C,F,C,7130,100,7130,1,0
C,G,C,1363,100,1363,1,0
C,H,C,7143,100,7143,1,0
A,D,D,9209,100,9209,1,0
B,D,D,12549,100,12549,1,0
C,D,D,6622,100,6622,1,0
D,E,D,9347,100,9347,1,0
D,F,D,12884,100,12884,1,0
D,G,D,6799,100,6799,1,0
D,H,D,1445,100,1445,1,0
A,E,E,1340,100,1340,1,0
B,E,E,7067,100,7067,1,0
C,E,E,7531,100,7531,1,0
D,E,E,9311,100,9311,1,0
E,F,E,6983,100,6983,1,0
E,G,E,7314,100,7314,1,0
E,H,E,9649,100,9649,1,0
A,F,F,7376,100,7376,1,0
B,F,F,1426,100,1426,1,0
C,F,F,7152,100,7152,1,0
D,F,F,12899,100,12899,1,0
E,F,F,7002,100,7002,1,0
F,G,F,6866,100,6866,1,0
F,H,F,13217,100,13217,1,0
A,G,G,7561,100,7561,1,0
B,G,G,6745,100,6745,1,0
C,G,G,1360,100,1360,1,0
D,G,G,6833,100,6833,1,0
E,G,G,7312,100,7312,1,0
F,G,G,6907,100,6907,1,0
G,H,G,7051,100,7051,1,0
A,H,H,9663,100,9663,1,0
B,H,H,13011,100,13011,1,0
C,H,H,7104,100,7104,1,0
D,H,H,1486,100,1486,1,0
E,H,H,9706,100,9706,1,0
F,H,H,13272,100,13272,1,0
G,H,H,7032,100,7032,1,0
A,B,A,7137,100,7137,1,0
A,C,A,7534,100,7534,1,0
A,D,A,9219,100,9219,1,0
A,E,A,1384,100,1384,1,0
A,F,A,7392,100,7392,1,0
A,G,A,7544,100,7544,1,0
A,H,A,9694,100,9694,1,0
A,B,B,7124,100,7124,1,0
B,C,B,6706,100,6706,1,0
B,D,B,12523,100,12523,1,0
B,E,B,7039,100,7039,1,0
B,F,B,1440,100,1440,1,0
B,G,B,6730,100,6730,1,0
B,H,B,13101,100,13101,1,0
A,C,C,7575,100,7575,1,0
B,C,C,6703,100,6703,1,0
C,D,C,6611,100,6611,1,0
C,E,C,7561,100,7561,1,0
C,F,C,7111,100,7111,1,0
C,G,C,1381,100,1381,1,0
C,H,C,7116,100,7116,1,0
A,D,D,9199,100,9199,1,0
B,D,D,12525,100,12525,1,0
C,D,D,6599,100,6599,1,0
D,E,D,9311,100,9311,1,0
D,F,D,12835,100,12835,1,0
D,G,D,6814,100,6814,1,0
D,H,D,1454,100,1454,1,0
A,E,E,1338,100,1338,1,0
B,E,E,6989,100,6989,1,0
C,E,E,7522,100,7522,1,0
D,E,E,9422,100,9422,1,0
E,F,E,6998,100,6998,1,0
E,G,E,7297,100,7297,1,0
E,H,E,9661,100,9661,1,0
A,F,F,7361,100,7361,1,0
B,F,F,1466,100,1466,1,0
C,F,F,7125,100,7125,1,0
D,F,F,12849,100,12849,1,0
E,F,F,6985,100,6985,1,0
F,G,F,6888,100,6888,1,0
F,H,F,13238,100,13238,1,0
A,G,G,7552,100,7552,1,0
B,G,G,6749,100,6749,1,0
C,G,G,1340,100,1340,1,0
D,G,G,6790,100,6790,1,0
E,G,G,7337,100,7337,1,0
F,G,G,6921,100,6921,1,0
G,H,G,7048,100,7048,1,0
A,H,H,9727,100,9727,1,0
B,H,H,13026,100,13026,1,0
C,H,H,7121,100,7121,1,0
D,H,H,1431,100,1431,1,0
E,H,H,9657,100,9657,1,0
F,H,H,13247,100,13247,1,0
G,H,H,7025,100,7025,1,0
A,B,A,7183,100,7183,1,0
A,C,A,7590,100,7590,1,0
A,D,A,9187,100,9187,1,0
A,E,A,1381,100,1381,1,0
A,F,A,7368,100,7368,1,0
A,G,A,7624,100,7624,1,0
A,H,A,9682,100,9682,1,0
A,B,B,7150,100,7150,1,0
B,C,B,6738,100,6738,1,0
B,D,B,12512,100,12512,1,0
B,E,B,7049,100,7049,1,0
B,F,B,1446,100,1446,1,0
B,G,B,6739,100,6739,1,0
B,H,B,13023,100,13023,1,0
A,C,C,7579,100,7579,1,0
B,C,C,6708,100,6708,1,0
C,D,C,6603,100,6603,1,0
C,E,C,7536,100,7536,1,0
C,F,C,7139,100,7139,1,0
C,G,C,1386,100,1386,1,0
C,H,C,7065,100,7065,1,0
A,D,D,9191,100,9191,1,0
B,D,D,12543,100,12543,1,0
C,D,D,6627,100,6627,1,0
D,E,D,9373,100,9373,1,0
D,F,D,12881,100,12881,1,0
D,G,D,6816,100,6816,1,0
D,H,D,1461,100,1461,1,0
A,E,E,1361,100,1361,1,0
B,E,E,7056,100,7056,1,0
C,E,E,7527,100,7527,1,0
D,E,E,9333,100,9333,1,0
E,F,E,7006,100,7006,1,0
E,G,E,7328,100,7328,1,0
E,H,E,9646,100,9646,1,0
A,F,F,7368,100,7368,1,0
B,F,F,1412,100,1412,1,0
C,F,F,7101,100,7101,1,0
D,F,F,12849,100,12849,1,0
E,F,F,6995,100,6995,1,0
F,G,F,6873,100,6873,1,0
F,H,F,13238,100,13238,1,0
A,G,G,7583,100,7583,1,0
B,G,G,6736,100,6736,1,0
C,G,G,1397,100,1397,1,0
D,G,G,6818,100,6818,1,0
E,G,G,7309,100,7309,1,0
F,G,G,6860,100,6860,1,0
G,H,G,7089,100,7089,1,0
A,H,H,9762,100,9762,1,0
B,H,H,13068,100,13068,1,0
C,H,H,7089,100,7089,1,0
D,H,H,1482,100,1482,1,0
E,H,H,9658,100,9658,1,0
F,H,H,13244,100,13244,1,0
G,H,H,7042,100,7042,1,0
A,B,A,7169,100,7169,1,0
A,C,A,7528,100,7528,1,0
A,D,A,9213,100,9213,1,0
A,E,A,1380,100,1380,1,0
A,F,A,7349,100,7349,1,0
A,G,A,7529,100,7529,1,0
A,H,A,9701,100,9701,1,0
A,B,B,7167,100,7167,1,0
B,C,B,6706,100,6706,1,0
B,D,B,12537,100,12537,1,0
B,E,B,7055,100,7055,1,0
B,F,B,1432,100,1432,1,0
B,G,B,6758,100,6758,1,0
B,H,B,13016,100,13016,1,0
A,C,C,7640,100,7640,1,0
B,C,C,6723,100,6723,1,0
C,D,C,6641,100,6641,1,0
C,E,C,7557,100,7557,1,0
C,F,C,7146,100,7146,1,0
C,G,C,1372,100,1372,1,0
C,H,C,7133,100,7133,1,0
A,D,D,9201,100,9201,1,0
B,D,D,12521,100,12521,1,0
C,D,D,6606,100,6606,1,0
D,E,D,9371,100,9371,1,0
D,F,D,12918,100,12918,1,0
D,G,D,6821,100,6821,1,0
D,H,D,1428,100,1428,1,0
A,E,E,1414,100,1414,1,0
B,E,E,7031,100,7031,1,0
C,E,E,7519,100,7519,1,0
D,E,E,9390,100,9390,1,0
E,F,E,7040,100,7040,1,0
E,G,E,7312,100,7312,1,0
E,H,E,9681,100,9681,1,0
A,F,F,7381,100,7381,1,0
B,F,F,1419,100,1419,1,0
C,F,F,7111,100,7111,1,0
D,F,F,12890,100,12890,1,0
E,F,F,7002,100,7002,1,0
F,G,F,6889,100,6889,1,0
F,H,F,13221,100,13221,1,0
A,G,G,7520,100,7520,1,0
B,G,G,6759,100,6759,1,0
C,G,G,1374,100,1374,1,0
D,G,G,6847,100,6847,1,0
E,G,G,7280,100,7280,1,0
F,G,G,6876,100,6876,1,0
G,H,G,7059,100,7059,1,0
A,H,H,9740,100,9740,1,0
B,H,H,13011,100,13011,1,0
C,H,H,7127,100,7127,1,0
D,H,H,1465,100,1465,1,0
E,H,H,9657,100,9657,1,0
F,H,H,13219,100,13219,1,0
G,H,H,7019,100,7019,1,0
A,B,A,7181,100,7181,1,0
A,C,A,7544,100,7544,1,0
A,D,A,9203,100,9203,1,0
A,E,A,1396,100,1396,1,0
A,F,A,7408,100,7408,1,0
A,G,A,7600,100,7600,1,0
A,H,A,9741,100,9741,1,0
A,B,B,7171,100,7171,1,0
B,C,B,6716,100,6716,1,0
B,D,B,12542,100,12542,1,0
B,E,B,7060,100,7060,1,0
B,F,B,1434,100,1434,1,0
B,G,B,6762,100,6762,1,0
B,H,B,13053,100,13053,1,0
A,C,C,7538,100,7538,1,0
B,C,C,6728,100,6728,1,0
C,D,C,6628,100,6628,1,0
C,E,C,7520,100,7520,1,0
C,F,C,7099,100,7099,1,0
C,G,C,1356,100,1356,1,0
C,H,C,7074,100,7074,1,0
A,D,D,9208,100,9208,1,0
B,D,D,12527,100,12527,1,0
C,D,D,6600,100,6600,1,0
D,E,D,9357,100,9357,1,0
D,F,D,12866,100,12866,1,0
D,G,D,6800,100,6800,1,0
D,H,D,1462,100,1462,1,0
A,E,E,1344,100,1344,1,0
B,E,E,7033,100,7033,1,0
C,E,E,7497,100,7497,1,0
D,E,E,9378,100,9378,1,0
E,F,E,7019,100,7019,1,0
E,G,E,7326,100,7326,1,0
E,H,E,9647,100,9647,1,0
A,F,F,7376,100,7376,1,0
B,F,F,1411,100,1411,1,0
C,F,F,7105,100,7105,1,0
D,F,F,12852,100,12852,1,0
E,F,F,7002,100,7002,1,0
F,G,F,6887,100,6887,1,0
F,H,F,13198,100,13198,1,0
A,G,G,7603,100,7603,1,0
B,G,G,6749,100,6749,1,0
C,G,G,1387,100,1387,1,0
D,G,G,6805,100,6805,1,0
E,G,G,7316,100,7316,1,0
F,G,G,6868,100,6868,1,0
G,H,G,7079,100,7079,1,0
A,H,H,9654,100,9654,1,0
B,H,H,13023,100,13023,1,0
C,H,H,7079,100,7079,1,0
D,H,H,1431,100,1431,1,0
E,H,H,9632,100,9632,1,0
F,H,H,13249,100,13249,1,0
G,H,H,7014,100,7014,1,0
A,B,A,7166,100,7166,1,0
A,C,A,7547,100,7547,1,0
A,D,A,9199,100,9199,1,0
A,E,A,1366,100,1366,1,0
A,F,A,7437,100,7437,1,0
A,G,A,7595,100,7595,1,0
A,H,A,9711,100,9711,1,0
A,B,B,7135,100,7135,1,0
B,C,B,6700,100,6700,1,0
B,D,B,12507,100,12507,1,0
B,E,B,7062,100,7062,1,0
B,F,B,1434,100,1434,1,0
B,G,B,6760,100,6760,1,0
B,H,B,12998,100,12998,1,0
A,C,C,7573,100,7573,1,0
B,C,C,6697,100,6697,1,0
C,D,C,6615,100,6615,1,0
C,E,C,7557,100,7557,1,0
C,F,C,7136,100,7136,1,0
C,G,C,1327,100,1327,1,0
C,H,C,7100,100,7100,1,0
A,D,D,9191,100,9191,1,0
B,D,D,12560,100,12560,1,0
C,D,D,6630,100,6630,1,0
D,E,D,9365,100,9365,1,0
D,F,D,12868,100,12868,1,0
D,G,D,6800,100,6800,1,0
D,H,D,1494,100,1494,1,0
A,E,E,1414,100,1414,1,0
B,E,E,7038,100,7038,1,0
C,E,E,7557,100,7557,1,0
D,E,E,9307,100,9307,1,0
E,F,E,7004,100,7004,1,0
E,G,E,7299,100,7299,1,0
E,H,E,9680,100,9680,1,0
A,F,F,7352,100,7352,1,0
B,F,F,1457,100,1457,1,0
C,F,F,7138,100,7138,1,0
D,F,F,12843,100,12843,1,0
E,F,F,7016,100,7016,1,0
F,G,F,6880,100,6880,1,0
F,H,F,13206,100,13206,1,0
A,G,G,7586,100,7586,1,0
B,G,G,6760,100,6760,1,0
C,G,G,1362,100,1362,1,0
D,G,G,6865,100,6865,1,0
E,G,G,7312,100,7312,1,0
F,G,G,6882,100,6882,1,0
G,H,G,7076,100,7076,1,0
A,H,H,9672,100,9672,1,0
B,H,H,13027,100,13027,1,0
C,H,H,7104,100,7104,1,0
D,H,H,1480,100,1480,1,0
E,H,H,9670,100,9670,1,0
F,H,H,13226,100,13226,1,0
G,H,H,7064,100,7064,1,0
A,B,A,7135,100,7135,1,0
A,C,A,7608,100,7608,1,0
A,D,A,9192,100,9192,1,0
A,E,A,1409,100,1409,1,0
A,F,A,7421,100,7421,1,0
A,G,A,7608,100,7608,1,0
A,H,A,9725,100,9725,1,0
A,B,B,7176,100,7176,1,0
B,C,B,6713,100,6713,1,0
B,D,B,12585,100,12585,1,0
B,E,B,7023,100,7023,1,0
B,F,B,1448,100,1448,1,0
B,G,B,6754,100,6754,1,0
B,H,B,13022,100,13022,1,0
A,C,C,7522,100,7522,1,0
B,C,C,6691,100,6691,1,0
C,D,C,6588,100,6588,1,0
C,E,C,7538,100,7538,1,0
C,F,C,7124,100,7124,1,0
C,G,C,1387,100,1387,1,0
C,H,C,7136,100,7136,1,0
A,D,D,9228,100,9228,1,0
B,D,D,12495,100,12495,1,0
C,D,D,6622,100,6622,1,0
D,E,D,9333,100,9333,1,0
D,F,D,12864,100,12864,1,0
D,G,D,6809,100,6809,1,0
D,H,D,1377,100,1377,1,0
A,E,E,1404,100,1404,1,0
B,E,E,7084,100,7084,1,0
C,E,E,7565,100,7565,1,0
D,E,E,9349,100,9349,1,0
E,F,E,6984,100,6984,1,0
E,G,E,7316,100,7316,1,0
E,H,E,9648,100,9648,1,0
A,F,F,7383,100,7383,1,0
B,F,F,1416,100,1416,1,0
C,F,F,7108,100,7108,1,0
D,F,F,12867,100,12867,1,0
E,F,F,6999,100,6999,1,0
F,G,F,6875,100,6875,1,0
F,H,F,13237,100,13237,1,0
A,G,G,7611,100,7611,1,0
B,G,G,6757,100,6757,1,0
C,G,G,1381,100,1381,1,0
D,G,G,6818,100,6818,1,0
E,G,G,7323,100,7323,1,0
F,G,G,6887,100,6887,1,0
G,H,G,6988,100,6988,1,0
A,H,H,9695,100,9695,1,0
B,H,H,13054,100,13054,1,0
C,H,H,7102,100,7102,1,0
D,H,H,1423,100,1423,1,0
E,H,H,9646,100,9646,1,0
F,H,H,13270,100,13270,1,0
G,H,H,7056,100,7056,1,0
A,B,A,7168,100,7168,1,0
A,C,A,7598,100,7598,1,0
A,D,A,9222,100,9222,1,0
A,E,A,1421,100,1421,1,0
A,F,A,7386,100,7386,1,0
A,G,A,7608,100,7608,1,0
A,H,A,9692,100,9692,1,0
A,B,B,7147,100,7147,1,0
B,C,B,6695,100,6695,1,0
B,D,B,12527,100,12527,1,0
B,E,B,7075,100,7075,1,0
B,F,B,1424,100,1424,1,0
B,G,B,6756,100,6756,1,0
B,H,B,13045,100,13045,1,0
A,C,C,7551,100,7551,1,0
B,C,C,6674,100,6674,1,0
C,D,C,6600,100,6600,1,0
C,E,C,7541,100,7541,1,0
C,F,C,7108,100,7108,1,0
C,G,C,1328,100,1328,1,0
C,H,C,7096,100,7096,1,0
A,D,D,9187,100,9187,1,0
B,D,D,12544,100,12544,1,0
C,D,D,6616,100,6616,1,0
D,E,D,9370,100,9370,1,0
D,F,D,12874,100,12874,1,0
D,G,D,6822,100,6822,1,0
D,H,D,1488,100,1488,1,0
A,E,E,1420,100,1420,1,0
B,E,E,7081,100,7081,1,0
C,E,E,7554,100,7554,1,0
D,E,E,9388,100,9388,1,0
E,F,E,6997,100,6997,1,0
E,G,E,7329,100,7329,1,0
E,H,E,9654,100,9654,1,0
A,F,F,7365,100,7365,1,0
B,F,F,1399,100,1399,1,0
C,F,F,7130,100,7130,1,0
D,F,F,12863,100,12863,1,0
E,F,F,7021,100,7021,1,0
F,G,F,6897,100,6897,1,0
F,H,F,13231,100,13231,1,0
A,G,G,7555,100,7555,1,0
B,G,G,6749,100,6749,1,0
C,G,G,1333,100,1333,1,0
D,G,G,6812,100,6812,1,0
E,G,G,7311,100,7311,1,0
F,G,G,6858,100,6858,1,0
G,H,G,7050,100,7050,1,0
A,H,H,9686,100,9686,1,0
B,H,H,12978,100,12978,1,0
C,H,H,7116,100,7116,1,0
D,H,H,1411,100,1411,1,0
E,H,H,9622,100,9622,1,0
F,H,H,13230,100,13230,1,0
G,H,H,7024,100,7024,1,0
A,B,A,7199,100,7199,1,0
A,C,A,7553,100,7553,1,0
A,D,A,9218,100,9218,1,0
A,E,A,1377,100,1377,1,0
A,F,A,7372,100,7372,1,0
A,G,A,7539,100,7539,1,0
A,H,A,9659,100,9659,1,0
A,B,B,7153,100,7153,1,0
B,C,B,6700,100,6700,1,0
B,D,B,12530,100,12530,1,0
B,E,B,7060,100,7060,1,0
B,F,B,1444,100,1444,1,0
B,G,B,6764,100,6764,1,0
B,H,B,13004,100,13004,1,0
A,C,C,7618,100,7618,1,0
B,C,C,6721,100,6721,1,0
C,D,C,6630,100,6630,1,0
C,E,C,7575,100,7575,1,0
C,F,C,7125,100,7125,1,0
C,G,C,1352,100,1352,1,0
C,H,C,7096,100,7096,1,0
A,D,D,9202,100,9202,1,0
B,D,D,12487,100,12487,1,0
C,D,D,6614,100,6614,1,0
D,E,D,9307,100,9307,1,0
D,F,D,12904,100,12904,1,0
D,G,D,6819,100,6819,1,0
D,H,D,1399,100,1399,1,0
A,E,E,1369,100,1369,1,0
B,E,E,7051,100,7051,1,0
C,E,E,7502,100,7502,1,0
D,E,E,9333,100,9333,1,0
E,F,E,6995,100,6995,1,0
E,G,E,7301,100,7301,1,0
E,H,E,9609,100,9609,1,0
A,F,F,7382,100,7382,1,0
B,F,F,1406,100,1406,1,0
C,F,F,7129,100,7129,1,0
D,F,F,12877,100,12877,1,0
E,F,F,7010,100,7010,1,0
F,G,F,6874,100,6874,1,0
F,H,F,13243,100,13243,1,0
A,G,G,7603,100,7603,1,0
B,G,G,6736,100,6736,1,0
C,G,G,1351,100,1351,1,0
D,G,G,6834,100,6834,1,0
E,G,G,7299,100,7299,1,0
F,G,G,6902,100,6902,1,0
G,H,G,7062,100,7062,1,0
A,H,H,9724,100,9724,1,0
B,H,H,13090,100,13090,1,0
C,H,H,7059,100,7059,1,0
D,H,H,1394,100,1394,1,0
E,H,H,9672,100,9672,1,0
F,H,H,13231,100,13231,1,0
G,H,H,7061,100,7061,1,0
A,B,A,7153,100,7153,1,0
A,C,A,7523,100,7523,1,0
A,D,A,9190,100,9190,1,0
A,E,A,1398,100,1398,1,0
A,F,A,7410,100,7410,1,0
A,G,A,7599,100,7599,1,0
A,H,A,9707,100,9707,1,0
A,B,B,7171,100,7171,1,0
B,C,B,6727,100,6727,1,0
B,D,B,12508,100,12508,1,0
B,E,B,7057,100,7057,1,0
B,F,B,1439,100,1439,1,0
B,G,B,6776,100,6776,1,0
B,H,B,13114,100,13114,1,0
A,C,C,7576,100,7576,1,0
B,C,C,6696,100,6696,1,0
C,D,C,6617,100,6617,1,0
C,E,C,7544,100,7544,1,0
C,F,C,7097,100,7097,1,0
C,G,C,1358,100,1358,1,0
C,H,C,7110,100,7110,1,0
A,D,D,9204,100,9204,1,0
B,D,D,12504,100,12504,1,0
C,D,D,6639,100,6639,1,0
D,E,D,9320,100,9320,1,0
D,F,D,12890,100,12890,1,0
D,G,D,6821,100,6821,1,0
D,H,D,1446,100,1446,1,0
A,E,E,1404,100,1404,1,0
B,E,E,7021,100,7021,1,0
C,E,E,7495,100,7495,1,0
D,E,E,9437,100,9437,1,0
E,F,E,6986,100,6986,1,0
E,G,E,7295,100,7295,1,0
E,H,E,9644,100,9644,1,0
A,F,F,7379,100,7379,1,0
B,F,F,1407,100,1407,1,0
C,F,F,7123,100,7123,1,0
D,F,F,12851,100,12851,1,0
E,F,F,7012,100,7012,1,0
F,G,F,6875,100,6875,1,0
F,H,F,13215,100,13215,1,0
A,G,G,7583,100,7583,1,0
B,G,G,6728,100,6728,1,0
C,G,G,1373,100,1373,1,0
D,G,G,6795,100,6795,1,0
E,G,G,7306,100,7306,1,0
F,G,G,6902,100,6902,1,0
G,H,G,7036,100,7036,1,0
A,H,H,9725,100,9725,1,0
B,H,H,13034,100,13034,1,0
C,H,H,7131,100,7131,1,0
D,H,H,1424,100,1424,1,0
E,H,H,9660,100,9660,1,0
F,H,H,13231,100,13231,1,0
G,H,H,7041,100,7041,1,0
A,B,A,7171,100,7171,1,0
A,C,A,7545,100,7545,1,0
A,D,A,9186,100,9186,1,0
A,E,A,1382,100,1382,1,0
A,F,A,7417,100,7417,1,0
A,G,A,7585,100,7585,1,0
A,H,A,9740,100,9740,1,0
A,B,B,7136,100,7136,1,0
B,C,B,6697,100,6697,1,0
B,D,B,12533,100,12533,1,0
B,E,B,7052,100,7052,1,0
B,F,B,1428,100,1428,1,0
B,G,B,6764,100,6764,1,0
B,H,B,13074,100,13074,1,0
A,C,C,7552,100,7552,1,0
B,C,C,6728,100,6728,1,0
C,D,C,6600,100,6600,1,0
C,E,C,7511,100,7511,1,0
C,F,C,7111,100,7111,1,0
C,G,C,1326,100,1326,1,0
C,H,C,7098,100,7098,1,0
A,D,D,9209,100,9209,1,0
B,D,D,12544,100,12544,1,0
C,D,D,6593,100,6593,1,0
D,E,D,9364,100,9364,1,0
D,F,D,12890,100,12890,1,0
D,G,D,6862,100,6862,1,0
D,H,D,1484,100,1484,1,0
A,E,E,1438,100,1438,1,0
B,E,E,7021,100,7021,1,0
C,E,E,7568,100,7568,1,0
D,E,E,9355,100,9355,1,0
E,F,E,7005,100,7005,1,0
E,G,E,7284,100,7284,1,0
E,H,E,9656,100,9656,1,0
A,F,F,7365,100,7365,1,0
B,F,F,1440,100,1440,1,0
C,F,F,7115,100,7115,1,0
D,F,F,12833,100,12833,1,0
E,F,F,7020,100,7020,1,0
F,G,F,6864,100,6864,1,0
F,H,F,13222,100,13222,1,0
A,G,G,7562,100,7562,1,0
B,G,G,6740,100,6740,1,0
C,G,G,1338,100,1338,1,0
D,G,G,6812,100,6812,1,0
E,G,G,7317,100,7317,1,0
F,G,G,6899,100,6899,1,0
G,H,G,7011,100,7011,1,0
A,H,H,9727,100,9727,1,0
B,H,H,13034,100,13034,1,0
C,H,H,7126,100,7126,1,0
D,H,H,1453,100,1453,1,0
E,H,H,9686,100,9686,1,0
F,H,H,13243,100,13243,1,0
G,H,H,7065,100,7065,1,0
A,B,A,7116,100,7116,1,0
A,C,A,7613,100,7613,1,0
A,D,A,9204,100,9204,1,0
A,E,A,1348,100,1348,1,0
A,F,A,7379,100,7379,1,0
A,G,A,7564,100,7564,1,0
A,H,A,9715,100,9715,1,0
A,B,B,7132,100,7132,1,0
B,C,B,6681,100,6681,1,0
B,D,B,12510,100,12510,1,0
B,E,B,7060,100,7060,1,0
B,F,B,1416,100,1416,1,0
B,G,B,6731,100,6731,1,0
B,H,B,13023,100,13023,1,0
A,C,C,7549,100,7549,1,0
B,C,C,6716,100,6716,1,0
C,D,C,6615,100,6615,1,0
C,E,C,7574,100,7574,1,0
C,F,C,7135,100,7135,1,0
C,G,C,1356,100,1356,1,0
C,H,C,7133,100,7133,1,0
A,D,D,9218,100,9218,1,0
B,D,D,12548,100,12548,1,0
C,D,D,6611,100,6611,1,0
D,E,D,9274,100,9274,1,0
D,F,D,12868,100,12868,1,0
D,G,D,6809,100,6809,1,0
D,H,D,1457,100,1457,1,0
A,E,E,1501,100,1501,1,0
B,E,E,7044,100,7044,1,0
C,E,E,7523,100,7523,1,0
D,E,E,9327,100,9327,1,0
E,F,E,7006,100,7006,1,0
E,G,E,7302,100,7302,1,0
E,H,E,9659,100,9659,1,0
A,F,F,7349,100,7349,1,0
B,F,F,1443,100,1443,1,0
C,F,F,7122,100,7122,1,0
D,F,F,12857,100,12857,1,0
E,F,F,6991,100,6991,1,0
F,G,F,6882,100,6882,1,0
F,H,F,13250,100,13250,1,0
A,G,G,7527,100,7527,1,0
B,G,G,6722,100,6722,1,0
C,G,G,1348,100,1348,1,0
D,G,G,6820,100,6820,1,0
E,G,G,7319,100,7319,1,0
F,G,G,6895,100,6895,1,0
G,H,G,7072,100,7072,1,0
A,H,H,9690,100,9690,1,0
B,H,H,13031,100,13031,1,0
C,H,H,7084,100,7084,1,0
D,H,H,1437,100,1437,1,0
E,H,H,9687,100,9687,1,0
F,H,H,13235,100,13235,1,0
G,H,H,7054,100,7054,1,0
A,B,A,7146,100,7146,1,0
A,C,A,7668,100,7668,1,0
A,D,A,9189,100,9189,1,0
A,E,A,1362,100,1362,1,0
A,F,A,7379,100,7379,1,0
A,G,A,7586,100,7586,1,0
A,H,A,9734,100,9734,1,0
A,B,B,7142,100,7142,1,0
B,C,B,6761,100,6761,1,0
B,D,B,12535,100,12535,1,0
B,E,B,7090,100,7090,1,0
B,F,B,1425,100,1425,1,0
B,G,B,6778,100,6778,1,0
B,H,B,13000,100,13000,1,0
A,C,C,7552,100,7552,1,0
B,C,C,6715,100,6715,1,0
C,D,C,6613,100,6613,1,0
C,E,C,7546,100,7546,1,0
C,F,C,7131,100,7131,1,0
C,G,C,1362,100,1362,1,0
C,H,C,7092,100,7092,1,0
A,D,D,9195,100,9195,1,0
B,D,D,12533,100,12533,1,0
C,D,D,6605,100,6605,1,0
D,E,D,9391,100,9391,1,0
D,F,D,12890,100,12890,1,0
D,G,D,6818,100,6818,1,0
D,H,D,1397,100,1397,1,0
A,E,E,1405,100,1405,1,0
B,E,E,7027,100,7027,1,0
C,E,E,7554,100,7554,1,0
D,E,E,9306,100,9306,1,0
E,F,E,6961,100,6961,1,0
E,G,E,7294,100,7294,1,0
E,H,E,9675,100,9675,1,0
A,F,F,7360,100,7360,1,0
B,F,F,1422,100,1422,1,0
C,F,F,7117,100,7117,1,0
D,F,F,12864,100,12864,1,0
E,F,F,7023,100,7023,1,0
F,G,F,6904,100,6904,1,0
F,H,F,13229,100,13229,1,0
A,G,G,7582,100,7582,1,0
B,G,G,6769,100,6769,1,0
C,G,G,1386,100,1386,1,0
D,G,G,6819,100,6819,1,0
E,G,G,7286,100,7286,1,0
F,G,G,6864,100,6864,1,0
G,H,G,7031,100,7031,1,0
A,H,H,9661,100,9661,1,0
B,H,H,13036,100,13036,1,0
C,H,H,7068,100,7068,1,0
D,H,H,1437,100,1437,1,0
E,H,H,9677,100,9677,1,0
F,H,H,13247,100,13247,1,0
G,H,H,7039,100,7039,1,0
A,B,A,7147,100,7147,1,0
A,C,A,7534,100,7534,1,0
A,D,A,9212,100,9212,1,0
A,E,A,1409,100,1409,1,0
A,F,A,7394,100,7394,1,0
A,G,A,7599,100,7599,1,0
A,H,A,9726,100,9726,1,0
A,B,B,7160,100,7160,1,0
B,C,B,6710,100,6710,1,0
B,D,B,12583,100,12583,1,0
B,E,B,7057,100,7057,1,0
B,F,B,1451,100,1451,1,0
B,G,B,6760,100,6760,1,0
B,H,B,13060,100,13060,1,0
A,C,C,7585,100,7585,1,0
B,C,C,6742,100,6742,1,0
C,D,C,6620,100,6620,1,0
C,E,C,7562,100,7562,1,0
C,F,C,7118,100,7118,1,0
C,G,C,1374,100,1374,1,0
C,H,C,7086,100,7086,1,0
A,D,D,9203,100,9203,1,0
B,D,D,12535,100,12535,1,0
C,D,D,6571,100,6571,1,0
D,E,D,9321,100,9321,1,0
D,F,D,12856,100,12856,1,0
D,G,D,6782,100,6782,1,0
D,H,D,1416,100,1416,1,0
A,E,E,1357,100,1357,1,0
B,E,E,7010,100,7010,1,0
C,E,E,7507,100,7507,1,0
D,E,E,9352,100,9352,1,0
E,F,E,7005,100,7005,1,0
E,G,E,7297,100,7297,1,0
E,H,E,9621,100,9621,1,0
A,F,F,7371,100,7371,1,0
B,F,F,1426,100,1426,1,0
C,F,F,7122,100,7122,1,0
D,F,F,12855,100,12855,1,0
E,F,F,7005,100,7005,1,0
F,G,F,6897,100,6897,1,0
F,H,F,13275,100,13275,1,0
A,G,G,7575,100,7575,1,0
B,G,G,6772,100,6772,1,0
C,G,G,1378,100,1378,1,0
D,G,G,6793,100,6793,1,0
E,G,G,7286,100,7286,1,0
F,G,G,6870,100,6870,1,0
G,H,G,7036,100,7036,1,0
A,H,H,9731,100,9731,1,0
B,H,H,13004,100,13004,1,0
C,H,H,7091,100,7091,1,0
D,H,H,1408,100,1408,1,0
E,H,H,9656,100,9656,1,0
F,H,H,13229,100,13229,1,0
G,H,H,7061,100,7061,1,0
A,B,A,7179,100,7179,1,0
A,C,A,7537,100,7537,1,0
A,D,A,9175,100,9175,1,0
A,E,A,1406,100,1406,1,0
A,F,A,7377,100,7377,1,0
A,G,A,7595,100,7595,1,0
A,H,A,9656,100,9656,1,0
A,B,B,7116,100,7116,1,0
B,C,B,6723,100,6723,1,0
B,D,B,12532,100,12532,1,0
B,E,B,7037,100,7037,1,0
B,F,B,1448,100,1448,1,0
B,G,B,6777,100,6777,1,0
B,H,B,13018,100,13018,1,0
A,C,C,7575,100,7575,1,0
B,C,C,6726,100,6726,1,0
C,D,C,6605,100,6605,1,0
C,E,C,7570,100,7570,1,0
C,F,C,7129,100,7129,1,0
C,G,C,1395,100,1395,1,0
C,H,C,7095,100,7095,1,0
A,D,D,9193,100,9193,1,0
B,D,D,12556,100,12556,1,0
C,D,D,6600,100,6600,1,0
D,E,D,9371,100,9371,1,0
D,F,D,12825,100,12825,1,0
D,G,D,6808,100,6808,1,0
D,H,D,1502,100,1502,1,0
A,E,E,1311,100,1311,1,0
B,E,E,7070,100,7070,1,0
C,E,E,7570,100,7570,1,0
D,E,E,9358,100,9358,1,0
E,F,E,7029,100,7029,1,0
E,G,E,7300,100,7300,1,0
E,H,E,9652,100,9652,1,0
A,F,F,7357,100,7357,1,0
B,F,F,1419,100,1419,1,0
C,F,F,7118,100,7118,1,0
D,F,F,12910,100,12910,1,0
E,F,F,7012,100,7012,1,0
F,G,F,6895,100,6895,1,0
F,H,F,13255,100,13255,1,0
A,G,G,7568,100,7568,1,0
B,G,G,6773,100,6773,1,0
C,G,G,1347,100,1347,1,0
D,G,G,6836,100,6836,1,0
E,G,G,7292,100,7292,1,0
F,G,G,6868,100,6868,1,0
G,H,G,7042,100,7042,1,0
A,H,H,9709,100,9709,1,0
B,H,H,13033,100,13033,1,0
C,H,H,7085,100,7085,1,0
D,H,H,1413,100,1413,1,0
E,H,H,9671,100,9671,1,0
F,H,H,13270,100,13270,1,0
G,H,H,7067,100,7067,1,0
A,B,A,7162,100,7162,1,0
A,C,A,7544,100,7544,1,0
A,D,A,9176,100,9176,1,0
A,E,A,1336,100,1336,1,0
A,F,A,7378,100,7378,1,0
A,G,A,7599,100,7599,1,0
A,H,A,9714,100,9714,1,0
A,B,B,7119,100,7119,1,0
B,C,B,6709,100,6709,1,0
B,D,B,12587,100,12587,1,0
B,E,B,7062,100,7062,1,0
B,F,B,1435,100,1435,1,0
B,G,B,6784,100,6784,1,0
B,H,B,13000,100,13000,1,0
A,C,C,7574,100,7574,1,0
B,C,C,6705,100,6705,1,0
C,D,C,6602,100,6602,1,0
C,E,C,7553,100,7553,1,0
C,F,C,7142,100,7142,1,0
C,G,C,1398,100,1398,1,0
C,H,C,7108,100,7108,1,0
A,D,D,9183,100,9183,1,0
B,D,D,12557,100,12557,1,0
C,D,D,6593,100,6593,1,0
D,E,D,9321,100,9321,1,0
D,F,D,12862,100,12862,1,0
D,G,D,6821,100,6821,1,0
D,H,D,1443,100,1443,1,0
A,E,E,1307,100,1307,1,0
B,E,E,7002,100,7002,1,0
C,E,E,7553,100,7553,1,0
D,E,E,9364,100,9364,1,0
E,F,E,6997,100,6997,1,0
E,G,E,7305,100,7305,1,0
E,H,E,9627,100,9627,1,0
A,F,F,7353,100,7353,1,0
B,F,F,1444,100,1444,1,0
C,F,F,7118,100,7118,1,0
D,F,F,12844,100,12844,1,0
E,F,F,7013,100,7013,1,0
F,G,F,6872,100,6872,1,0
F,H,F,13234,100,13234,1,0
A,G,G,7560,100,7560,1,0
B,G,G,6752,100,6752,1,0
C,G,G,1363,100,1363,1,0
D,G,G,6817,100,6817,1,0
E,G,G,7286,100,7286,1,0
F,G,G,6875,100,6875,1,0
G,H,G,7019,100,7019,1,0
A,H,H,9692,100,9692,1,0
B,H,H,13063,100,13063,1,0
C,H,H,7136,100,7136,1,0
D,H,H,1453,100,1453,1,0
E,H,H,9665,100,9665,1,0
F,H,H,13226,100,13226,1,0
G,H,H,7034,100,7034,1,0
A,B,A,7125,100,7125,1,0
A,C,A,7543,100,7543,1,0
A,D,A,9194,100,9194,1,0
A,E,A,1372,100,1372,1,0
A,F,A,7393,100,7393,1,0
A,G,A,7554,100,7554,1,0
A,H,A,9702,100,9702,1,0
A,B,B,7150,100,7150,1,0
B,C,B,6731,100,6731,1,0
B,D,B,12510,100,12510,1,0
B,E,B,7069,100,7069,1,0
B,F,B,1436,100,1436,1,0
B,G,B,6731,100,6731,1,0
B,H,B,13064,100,13064,1,0
A,C,C,7546,100,7546,1,0
B,C,C,6731,100,6731,1,0
C,D,C,6590,100,6590,1,0
C,E,C,7535,100,7535,1,0
C,F,C,7129,100,7129,1,0
C,G,C,1356,100,1356,1,0
C,H,C,7101,100,7101,1,0
A,D,D,9208,100,9208,1,0
B,D,D,12547,100,12547,1,0
C,D,D,6586,100,6586,1,0
D,E,D,9347,100,9347,1,0
D,F,D,12876,100,12876,1,0
D,G,D,6828,100,6828,1,0
D,H,D,1435,100,1435,1,0
A,E,E,1375,100,1375,1,0
B,E,E,7032,100,7032,1,0
C,E,E,7547,100,7547,1,0
D,E,E,9325,100,9325,1,0
E,F,E,7002,100,7002,1,0
E,G,E,7294,100,7294,1,0
E,H,E,9616,100,9616,1,0
A,F,F,7376,100,7376,1,0
B,F,F,1453,100,1453,1,0
C,F,F,7114,100,7114,1,0
D,F,F,12911,100,12911,1,0
E,F,F,7014,100,7014,1,0
F,G,F,6879,100,6879,1,0
F,H,F,13219,100,13219,1,0
A,G,G,7595,100,7595,1,0
B,G,G,6748,100,6748,1,0
C,G,G,1347,100,1347,1,0
D,G,G,6765,100,6765,1,0
E,G,G,7321,100,7321,1,0
F,G,G,6902,100,6902,1,0
G,H,G,7060,100,7060,1,0
A,H,H,9715,100,9715,1,0
B,H,H,13007,100,13007,1,0
C,H,H,7145,100,7145,1,0
D,H,H,1465,100,1465,1,0
E,H,H,9642,100,9642,1,0
F,H,H,13231,100,13231,1,0
G,H,H,7039,100,7039,1,0
A,B,A,7095,100,7095,1,0
A,C,A,7596,100,7596,1,0
A,D,A,9212,100,9212,1,0
A,E,A,1403,100,1403,1,0
A,F,A,7382,100,7382,1,0
A,G,A,7582,100,7582,1,0
A,H,A,9683,100,9683,1,0
A,B,B,7138,100,7138,1,0
B,C,B,6753,100,6753,1,0
B,D,B,12520,100,12520,1,0
B,E,B,7048,100,7048,1,0
B,F,B,1417,100,1417,1,0
B,G,B,6763,100,6763,1,0
B,H,B,13059,100,13059,1,0
A,C,C,7579,100,7579,1,0
B,C,C,6692,100,6692,1,0
C,D,C,6625,100,6625,1,0
C,E,C,7558,100,7558,1,0
C,F,C,7112,100,7112,1,0
C,G,C,1348,100,1348,1,0
C,H,C,7122,100,7122,1,0
A,D,D,9238,100,9238,1,0
B,D,D,12488,100,12488,1,0
C,D,D,6603,100,6603,1,0
D,E,D,9316,100,9316,1,0
D,F,D,12828,100,12828,1,0
D,G,D,6800,100,6800,1,0
D,H,D,1447,100,1447,1,0
A,E,E,1448,100,1448,1,0
B,E,E,7063,100,7063,1,0
C,E,E,7549,100,7549,1,0
D,E,E,9325,100,9325,1,0
E,F,E,7023,100,7023,1,0
E,G,E,7311,100,7311,1,0
E,H,E,9727,100,9727,1,0
A,F,F,7405,100,7405,1,0
B,F,F,1437,100,1437,1,0
C,F,F,7111,100,7111,1,0
D,F,F,12862,100,12862,1,0
E,F,F,7027,100,7027,1,0
F,G,F,6875,100,6875,1,0
F,H,F,13188,100,13188,1,0
A,G,G,7600,100,7600,1,0
B,G,G,6740,100,6740,1,0
C,G,G,1407,100,1407,1,0
D,G,G,6816,100,6816,1,0
E,G,G,7306,100,7306,1,0
F,G,G,6877,100,6877,1,0
G,H,G,7027,100,7027,1,0
A,H,H,9714,100,9714,1,0
B,H,H,13050,100,13050,1,0
C,H,H,7123,100,7123,1,0
D,H,H,1430,100,1430,1,0
E,H,H,9640,100,9640,1,0
F,H,H,13268,100,13268,1,0
G,H,H,7065,100,7065,1,0
A,B,A,7187,100,7187,1,0
A,C,A,7568,100,7568,1,0
A,D,A,9194,100,9194,1,0
A,E,A,1367,100,1367,1,0
A,F,A,7388,100,7388,1,0
A,G,A,7597,100,7597,1,0
A,H,A,9669,100,9669,1,0
A,B,B,7119,100,7119,1,0
B,C,B,6712,100,6712,1,0
B,D,B,12547,100,12547,1,0
B,E,B,7091,100,7091,1,0
B,F,B,1456,100,1456,1,0
B,G,B,6782,100,6782,1,0
B,H,B,13035,100,13035,1,0
A,C,C,7596,100,7596,1,0
B,C,C,6708,100,6708,1,0
C,D,C,6586,100,6586,1,0
C,E,C,7524,100,7524,1,0
C,F,C,7113,100,7113,1,0
C,G,C,1374,100,1374,1,0
C,H,C,7136,100,7136,1,0
A,D,D,9196,100,9196,1,0
B,D,D,12568,100,12568,1,0
C,D,D,6605,100,6605,1,0
D,E,D,9396,100,9396,1,0
D,F,D,12832,100,12832,1,0
D,G,D,6802,100,6802,1,0
D,H,D,1444,100,1444,1,0
A,E,E,1387,100,1387,1,0
B,E,E,7119,100,7119,1,0
C,E,E,7577,100,7577,1,0
D,E,E,9390,100,9390,1,0
E,F,E,7018,100,7018,1,0
E,G,E,7292,100,7292,1,0
E,H,E,9668,100,9668,1,0
A,F,F,7369,100,7369,1,0
B,F,F,1435,100,1435,1,0
C,F,F,7116,100,7116,1,0
D,F,F,12873,100,12873,1,0
E,F,F,6988,100,6988,1,0
F,G,F,6874,100,6874,1,0
F,H,F,13274,100,13274,1,0
A,G,G,7605,100,7605,1,0
B,G,G,6794,100,6794,1,0
C,G,G,1341,100,1341,1,0
D,G,G,6790,100,6790,1,0
E,G,G,7288,100,7288,1,0
F,G,G,6870,100,6870,1,0
G,H,G,7044,100,7044,1,0
A,H,H,9665,100,9665,1,0
B,H,H,13037,100,13037,1,0
C,H,H,7096,100,7096,1,0
D,H,H,1430,100,1430,1,0
E,H,H,9668,100,9668,1,0
F,H,H,13211,100,13211,1,0
G,H,H,7053,100,7053,1,0
A,B,A,7139,100,7139,1,0
A,C,A,7564,100,7564,1,0
A,D,A,9207,100,9207,1,0
A,E,A,1372,100,1372,1,0
A,F,A,7407,100,7407,1,0
A,G,A,7569,100,7569,1,0
A,H,A,9699,100,9699,1,0
A,B,B,7166,100,7166,1,0
B,C,B,6686,100,6686,1,0
B,D,B,12543,100,12543,1,0
B,E,B,7038,100,7038,1,0
B,F,B,1421,100,1421,1,0
B,G,B,6772,100,6772,1,0
B,H,B,13034,100,13034,1,0
A,C,C,7593,100,7593,1,0
B,C,C,6709,100,6709,1,0
C,D,C,6617,100,6617,1,0
C,E,C,7561,100,7561,1,0
C,F,C,7093,100,7093,1,0
C,G,C,1366,100,1366,1,0
C,H,C,7087,100,7087,1,0
A,D,D,9214,100,9214,1,0
B,D,D,12498,100,12498,1,0
C,D,D,6614,100,6614,1,0
D,E,D,9414,100,9414,1,0
D,F,D,12860,100,12860,1,0
D,G,D,6855,100,6855,1,0
D,H,D,1461,100,1461,1,0
A,E,E,1369,100,1369,1,0
B,E,E,7049,100,7049,1,0
C,E,E,7525,100,7525,1,0
D,E,E,9386,100,9386,1,0
E,F,E,6998,100,6998,1,0
E,G,E,7259,100,7259,1,0
E,H,E,9604,100,9604,1,0
A,F,F,7369,100,7369,1,0
B,F,F,1446,100,1446,1,0
C,F,F,7105,100,7105,1,0
D,F,F,12867,100,12867,1,0
E,F,F,7008,100,7008,1,0
F,G,F,6882,100,6882,1,0
F,H,F,13201,100,13201,1,0
A,G,G,7569,100,7569,1,0
B,G,G,6747,100,6747,1,0
C,G,G,1341,100,1341,1,0
D,G,G,6831,100,6831,1,0
E,G,G,7318,100,7318,1,0
F,G,G,6859,100,6859,1,0
G,H,G,7068,100,7068,1,0
A,H,H,9735,100,9735,1,0
B,H,H,13052,100,13052,1,0
C,H,H,7110,100,7110,1,0
D,H,H,1444,100,1444,1,0
E,H,H,9665,100,9665,1,0
F,H,H,13215,100,13215,1,0
G,H,H,7061,100,7061,1,0
A,B,A,7139,100,7139,1,0
A,C,A,7615,100,7615,1,0
A,D,A,9191,100,9191,1,0
A,E,A,1383,100,1383,1,0
A,F,A,7344,100,7344,1,0
A,G,A,7605,100,7605,1,0
A,H,A,9720,100,9720,1,0
A,B,B,7139,100,7139,1,0
B,C,B,6713,100,6713,1,0
B,D,B,12541,100,12541,1,0
B,E,B,7051,100,7051,1,0
B,F,B,1431,100,1431,1,0
B,G,B,6742,100,6742,1,0
B,H,B,13065,100,13065,1,0
A,C,C,7547,100,7547,1,0
B,C,C,6727,100,6727,1,0
C,D,C,6593,100,6593,1,0
C,E,C,7529,100,7529,1,0
C,F,C,7111,100,7111,1,0
C,G,C,1398,100,1398,1,0
C,H,C,7088,100,7088,1,0
A,D,D,9202,100,9202,1,0
B,D,D,12560,100,12560,1,0
C,D,D,6615,100,6615,1,0
D,E,D,9332,100,9332,1,0
D,F,D,12899,100,12899,1,0
D,G,D,6821,100,6821,1,0
D,H,D,1423,100,1423,1,0
A,E,E,1402,100,1402,1,0
B,E,E,7000,100,7000,1,0
C,E,E,7526,100,7526,1,0
D,E,E,9325,100,9325,1,0
E,F,E,6981,100,6981,1,0
E,G,E,7303,100,7303,1,0
E,H,E,9637,100,9637,1,0
A,F,F,7347,100,7347,1,0
B,F,F,1421,100,1421,1,0
C,F,F,7140,100,7140,1,0
D,F,F,12884,100,12884,1,0
E,F,F,6994,100,6994,1,0
F,G,F,6877,100,6877,1,0
F,H,F,13207,100,13207,1,0
A,G,G,7555,100,7555,1,0
B,G,G,6784,100,6784,1,0
C,G,G,1343,100,1343,1,0
D,G,G,6811,100,6811,1,0
E,G,G,7347,100,7347,1,0
F,G,G,6881,100,6881,1,0
G,H,G,7047,100,7047,1,0
A,H,H,9715,100,9715,1,0
B,H,H,13080,100,13080,1,0
C,H,H,7105,100,7105,1,0
D,H,H,1507,100,1507,1,0
E,H,H,9677,100,9677,1,0
F,H,H,13236,100,13236,1,0
G,H,H,7066,100,7066,1,0
A,B,A,7168,100,7168,1,0
A,C,A,7552,100,7552,1,0
A,D,A,9200,100,9200,1,0
A,E,A,1421,100,1421,1,0
A,F,A,7367,100,7367,1,0
A,G,A,7547,100,7547,1,0
A,H,A,9742,100,9742,1,0
A,B,B,7186,100,7186,1,0
B,C,B,6751,100,6751,1,0
B,D,B,12551,100,12551,1,0
B,E,B,7053,100,7053,1,0
B,F,B,1400,100,1400,1,0
B,G,B,6785,100,6785,1,0
B,H,B,13045,100,13045,1,0
A,C,C,7571,100,7571,1,0
B,C,C,6708,100,6708,1,0
C,D,C,6581,100,6581,1,0
C,E,C,7528,100,7528,1,0
C,F,C,7098,100,7098,1,0
C,G,C,1362,100,1362,1,0
C,H,C,7154,100,7154,1,0
A,D,D,9185,100,9185,1,0
B,D,D,12519,100,12519,1,0
C,D,D,6617,100,6617,1,0
D,E,D,9380,100,9380,1,0
D,F,D,12863,100,12863,1,0
D,G,D,6823,100,6823,1,0
D,H,D,1425,100,1425,1,0
A,E,E,1329,100,1329,1,0
B,E,E,7042,100,7042,1,0
C,E,E,7546,100,7546,1,0
D,E,E,9388,100,9388,1,0
E,F,E,7007,100,7007,1,0
E,G,E,7305,100,7305,1,0
E,H,E,9643,100,9643,1,0
A,F,F,7386,100,7386,1,0
B,F,F,1457,100,1457,1,0
C,F,F,7115,100,7115,1,0
D,F,F,12866,100,12866,1,0
E,F,F,6995,100,6995,1,0
F,G,F,6852,100,6852,1,0
F,H,F,13259,100,13259,1,0
A,G,G,7600,100,7600,1,0
B,G,G,6773,100,6773,1,0
C,G,G,1398,100,1398,1,0
D,G,G,6865,100,6865,1,0
E,G,G,7311,100,7311,1,0
F,G,G,6873,100,6873,1,0
G,H,G,7039,100,7039,1,0
A,H,H,9723,100,9723,1,0
B,H,H,13030,100,13030,1,0
C,H,H,7155,100,7155,1,0
D,H,H,1483,100,1483,1,0
E,H,H,9682,100,9682,1,0
F,H,H,13237,100,13237,1,0
G,H,H,7077,100,7077,1,0
A,B,A,7122,100,7122,1,0
A,C,A,7540,100,7540,1,0
A,D,A,9192,100,9192,1,0
A,E,A,1352,100,1352,1,0
A,F,A,7421,100,7421,1,0
A,G,A,7616,100,7616,1,0
A,H,A,9721,100,9721,1,0
A,B,B,7163,100,7163,1,0
B,C,B,6738,100,6738,1,0
B,D,B,12559,100,12559,1,0
B,E,B,7020,100,7020,1,0
B,F,B,1405,100,1405,1,0
B,G,B,6773,100,6773,1,0
B,H,B,13006,100,13006,1,0
A,C,C,7546,100,7546,1,0
B,C,C,6760,100,6760,1,0
C,D,C,6599,100,6599,1,0
C,E,C,7559,100,7559,1,0
C,F,C,7130,100,7130,1,0
C,G,C,1341,100,1341,1,0
C,H,C,7128,100,7128,1,0
A,D,D,9180,100,9180,1,0
B,D,D,12539,100,12539,1,0
C,D,D,6635,100,6635,1,0
D,E,D,9343,100,9343,1,0
D,F,D,12855,100,12855,1,0
D,G,D,6804,100,6804,1,0
D,H,D,1436,100,1436,1,0
A,E,E,1391,100,1391,1,0
B,E,E,7018,100,7018,1,0
C,E,E,7533,100,7533,1,0
D,E,E,9364,100,9364,1,0
E,F,E,7025,100,7025,1,0
E,G,E,7320,100,7320,1,0
E,H,E,9677,100,9677,1,0
A,F,F,7365,100,7365,1,0
B,F,F,1404,100,1404,1,0
C,F,F,7127,100,7127,1,0
D,F,F,12847,100,12847,1,0
E,F,F,7003,100,7003,1,0
F,G,F,6912,100,6912,1,0
F,H,F,13255,100,13255,1,0
A,G,G,7620,100,7620,1,0
B,G,G,6781,100,6781,1,0
C,G,G,1356,100,1356,1,0
D,G,G,6808,100,6808,1,0
E,G,G,7336,100,7336,1,0
F,G,G,6907,100,6907,1,0
G,H,G,7052,100,7052,1,0
A,H,H,9695,100,9695,1,0
B,H,H,13067,100,13067,1,0
C,H,H,7104,100,7104,1,0
D,H,H,1454,100,1454,1,0
E,H,H,9678,100,9678,1,0
F,H,H,13224,100,13224,1,0
G,H,H,7039,100,7039,1,0
A,B,A,7150,100,7150,1,0
A,C,A,7548,100,7548,1,0
A,D,A,9202,100,9202,1,0
A,E,A,1405,100,1405,1,0
A,F,A,7351,100,7351,1,0
A,G,A,7597,100,7597,1,0
A,H,A,9686,100,9686,1,0
A,B,B,7161,100,7161,1,0
B,C,B,6720,100,6720,1,0
B,D,B,12565,100,12565,1,0
B,E,B,7059,100,7059,1,0
B,F,B,1440,100,1440,1,0
B,G,B,6733,100,6733,1,0
B,H,B,13047,100,13047,1,0
A,C,C,7608,100,7608,1,0
B,C,C,6730,100,6730,1,0
C,D,C,6648,100,6648,1,0
C,E,C,7544,100,7544,1,0
C,F,C,7124,100,7124,1,0
C,G,C,1334,100,1334,1,0
C,H,C,7103,100,7103,1,0
A,D,D,9206,100,9206,1,0
B,D,D,12517,100,12517,1,0
C,D,D,6599,100,6599,1,0
D,E,D,9304,100,9304,1,0
D,F,D,12909,100,12909,1,0
D,G,D,6836,100,6836,1,0
D,H,D,1421,100,1421,1,0
A,E,E,1384,100,1384,1,0
B,E,E,7044,100,7044,1,0
C,E,E,7569,100,7569,1,0
D,E,E,9353,100,9353,1,0
E,F,E,6968,100,6968,1,0
E,G,E,7347,100,7347,1,0
E,H,E,9727,100,9727,1,0
A,F,F,7358,100,7358,1,0
B,F,F,1432,100,1432,1,0
C,F,F,7110,100,7110,1,0
D,F,F,12862,100,12862,1,0
E,F,F,7036,100,7036,1,0
F,G,F,6892,100,6892,1,0
F,H,F,13271,100,13271,1,0
A,G,G,7615,100,7615,1,0
B,G,G,6778,100,6778,1,0
C,G,G,1389,100,1389,1,0
D,G,G,6804,100,6804,1,0
E,G,G,7325,100,7325,1,0
F,G,G,6864,100,6864,1,0
G,H,G,7064,100,7064,1,0
A,H,H,9688,100,9688,1,0
B,H,H,13116,100,13116,1,0
C,H,H,7118,100,7118,1,0
D,H,H,1449,100,1449,1,0
E,H,H,9626,100,9626,1,0
F,H,H,13211,100,13211,1,0
G,H,H,7044,100,7044,1,0
A,B,A,7181,100,7181,1,0
A,C,A,7519,100,7519,1,0
A,D,A,9209,100,9209,1,0
A,E,A,1429,100,1429,1,0
A,F,A,7377,100,7377,1,0
A,G,A,7591,100,7591,1,0
A,H,A,9671,100,9671,1,0
A,B,B,7129,100,7129,1,0
B,C,B,6683,100,6683,1,0
B,D,B,12583,100,12583,1,0
B,E,B,7028,100,7028,1,0
B,F,B,1442,100,1442,1,0
B,G,B,6764,100,6764,1,0
B,H,B,13059,100,13059,1,0
A,C,C,7631,100,7631,1,0
B,C,C,6723,100,6723,1,0
C,D,C,6619,100,6619,1,0
C,E,C,7567,100,7567,1,0
C,F,C,7084,100,7084,1,0
C,G,C,1397,100,1397,1,0
C,H,C,7132,100,7132,1,0
A,D,D,9182,100,9182,1,0
B,D,D,12508,100,12508,1,0
C,D,D,6585,100,6585,1,0
D,E,D,9377,100,9377,1,0
D,F,D,12830,100,12830,1,0
D,G,D,6799,100,6799,1,0
D,H,D,1440,100,1440,1,0
A,E,E,1394,100,1394,1,0
B,E,E,7021,100,7021,1,0
C,E,E,7531,100,7531,1,0
D,E,E,9281,100,9281,1,0
E,F,E,7014,100,7014,1,0
E,G,E,7309,100,7309,1,0
E,H,E,9654,100,9654,1,0
A,F,F,7422,100,7422,1,0
B,F,F,1412,100,1412,1,0
C,F,F,7129,100,7129,1,0
D,F,F,12880,100,12880,1,0
E,F,F,7022,100,7022,1,0
F,G,F,6872,100,6872,1,0
F,H,F,13264,100,13264,1,0
A,G,G,7502,100,7502,1,0
B,G,G,6783,100,6783,1,0
C,G,G,1385,100,1385,1,0
D,G,G,6807,100,6807,1,0
E,G,G,7298,100,7298,1,0
F,G,G,6875,100,6875,1,0
G,H,G,7059,100,7059,1,0
A,H,H,9720,100,9720,1,0
B,H,H,13035,100,13035,1,0
C,H,H,7138,100,7138,1,0
D,H,H,1465,100,1465,1,0
E,H,H,9663,100,9663,1,0
F,H,H,13257,100,13257,1,0
G,H,H,7059,100,7059,1,0
A,B,A,7113,100,7113,1,0
A,C,A,7585,100,7585,1,0
A,D,A,9187,100,9187,1,0
A,E,A,1346,100,1346,1,0
A,F,A,7380,100,7380,1,0
A,G,A,7595,100,7595,1,0
A,H,A,9673,100,9673,1,0
A,B,B,7148,100,7148,1,0
B,C,B,6750,100,6750,1,0
B,D,B,12520,100,12520,1,0
B,E,B,7032,100,7032,1,0
B,F,B,1437,100,1437,1,0
B,G,B,6760,100,6760,1,0
B,H,B,13049,100,13049,1,0
A,C,C,7595,100,7595,1,0
B,C,C,6721,100,6721,1,0
C,D,C,6636,100,6636,1,0
C,E,C,7582,100,7582,1,0
C,F,C,7123,100,7123,1,0
C,G,C,1328,100,1328,1,0
C,H,C,7130,100,7130,1,0
A,D,D,9184,100,9184,1,0
B,D,D,12508,100,12508,1,0
C,D,D,6629,100,6629,1,0
D,E,D,9377,100,9377,1,0
D,F,D,12886,100,12886,1,0
D,G,D,6802,100,6802,1,0
D,H,D,1467,100,1467,1,0
A,E,E,1361,100,1361,1,0
B,E,E,7046,100,7046,1,0
C,E,E,7565,100,7565,1,0
D,E,E,9360,100,9360,1,0
E,F,E,7014,100,7014,1,0
E,G,E,7297,100,7297,1,0
E,H,E,9636,100,9636,1,0
A,F,F,7422,100,7422,1,0
B,F,F,1410,100,1410,1,0
C,F,F,7173,100,7173,1,0
D,F,F,12874,100,12874,1,0
E,F,F,7003,100,7003,1,0
F,G,F,6870,100,6870,1,0
F,H,F,13219,100,13219,1,0
A,G,G,7540,100,7540,1,0
B,G,G,6774,100,6774,1,0
C,G,G,1355,100,1355,1,0
D,G,G,6788,100,6788,1,0
E,G,G,7325,100,7325,1,0
F,G,G,6873,100,6873,1,0
G,H,G,7046,100,7046,1,0
A,H,H,9687,100,9687,1,0
B,H,H,13042,100,13042,1,0
C,H,H,7131,100,7131,1,0
D,H,H,1431,100,1431,1,0
E,H,H,9633,100,9633,1,0
F,H,H,13244,100,13244,1,0
G,H,H,7064,100,7064,1,0
A,B,A,7164,100,7164,1,0
A,C,A,7647,100,7647,1,0
A,D,A,9211,100,9211,1,0
A,E,A,1361,100,1361,1,0
A,F,A,7338,100,7338,1,0
A,G,A,7606,100,7606,1,0
A,H,A,9706,100,9706,1,0
A,B,B,7153,100,7153,1,0
B,C,B,6723,100,6723,1,0
B,D,B,12550,100,12550,1,0
B,E,B,7047,100,7047,1,0
B,F,B,1403,100,1403,1,0
B,G,B,6782,100,6782,1,0
B,H,B,13149,100,13149,1,0
A,C,C,7585,100,7585,1,0
B,C,C,6729,100,6729,1,0
C,D,C,6616,100,6616,1,0
C,E,C,7474,100,7474,1,0
C,F,C,7115,100,7115,1,0
C,G,C,1328,100,1328,1,0
C,H,C,7109,100,7109,1,0
A,D,D,9190,100,9190,1,0
B,D,D,12555,100,12555,1,0
C,D,D,6602,100,6602,1,0
D,E,D,9411,100,9411,1,0
D,F,D,12874,100,12874,1,0
D,G,D,6789,100,6789,1,0
D,H,D,1461,100,1461,1,0
A,E,E,1418,100,1418,1,0
B,E,E,7048,100,7048,1,0
C,E,E,7542,100,7542,1,0
D,E,E,9336,100,9336,1,0
E,F,E,6981,100,6981,1,0
E,G,E,7290,100,7290,1,0
E,H,E,9668,100,9668,1,0
A,F,F,7347,100,7347,1,0
B,F,F,1432,100,1432,1,0
C,F,F,7125,100,7125,1,0
D,F,F,12853,100,12853,1,0
E,F,F,7001,100,7001,1,0
F,G,F,6881,100,6881,1,0
F,H,F,13211,100,13211,1,0
A,G,G,7574,100,7574,1,0
B,G,G,6727,100,6727,1,0
C,G,G,1407,100,1407,1,0
D,G,G,6802,100,6802,1,0
E,G,G,7324,100,7324,1,0
F,G,G,6866,100,6866,1,0
G,H,G,7073,100,7073,1,0
A,H,H,9705,100,9705,1,0
B,H,H,13029,100,13029,1,0
C,H,H,7144,100,7144,1,0
D,H,H,1432,100,1432,1,0
E,H,H,9647,100,9647,1,0
F,H,H,13254,100,13254,1,0
G,H,H,7065,100,7065,1,0
A,B,A,7159,100,7159,1,0
A,C,A,7577,100,7577,1,0
A,D,A,9196,100,9196,1,0
A,E,A,1332,100,1332,1,0
A,F,A,7383,100,7383,1,0
A,G,A,7576,100,7576,1,0
A,H,A,9718,100,9718,1,0
A,B,B,7153,100,7153,1,0
B,C,B,6745,100,6745,1,0
B,D,B,12491,100,12491,1,0
B,E,B,7060,100,7060,1,0
B,F,B,1423,100,1423,1,0
B,G,B,6748,100,6748,1,0
B,H,B,13076,100,13076,1,0
A,C,C,7578,100,7578,1,0
B,C,C,6681,100,6681,1,0
C,D,C,6601,100,6601,1,0
C,E,C,7543,100,7543,1,0
C,F,C,7146,100,7146,1,0
C,G,C,1397,100,1397,1,0
C,H,C,7071,100,7071,1,0
A,D,D,9190,100,9190,1,0
B,D,D,12566,100,12566,1,0
C,D,D,6566,100,6566,1,0
D,E,D,9302,100,9302,1,0
D,F,D,12890,100,12890,1,0
D,G,D,6788,100,6788,1,0
D,H,D,1467,100,1467,1,0
A,E,E,1342,100,1342,1,0
B,E,E,7040,100,7040,1,0
C,E,E,7527,100,7527,1,0
D,E,E,9343,100,9343,1,0
E,F,E,6999,100,6999,1,0
E,G,E,7315,100,7315,1,0
E,H,E,9651,100,9651,1,0
A,F,F,7354,100,7354,1,0
B,F,F,1429,100,1429,1,0
C,F,F,7122,100,7122,1,0
D,F,F,12853,100,12853,1,0
E,F,F,7006,100,7006,1,0
F,G,F,6869,100,6869,1,0
F,H,F,13258,100,13258,1,0
A,G,G,7586,100,7586,1,0
B,G,G,6772,100,6772,1,0
C,G,G,1358,100,1358,1,0
D,G,G,6800,100,6800,1,0
E,G,G,7321,100,7321,1,0
F,G,G,6860,100,6860,1,0
G,H,G,7051,100,7051,1,0
A,H,H,9664,100,9664,1,0
B,H,H,12999,100,12999,1,0
C,H,H,7071,100,7071,1,0
D,H,H,1415,100,1415,1,0
E,H,H,9664,100,9664,1,0
F,H,H,13255,100,13255,1,0
G,H,H,7024,100,7024,1,0
A,B,A,7156,100,7156,1,0
A,C,A,7586,100,7586,1,0
A,D,A,9184,100,9184,1,0
A,E,A,1364,100,1364,1,0
A,F,A,7378,100,7378,1,0
A,G,A,7607,100,7607,1,0
A,H,A,9646,100,9646,1,0
A,B,B,7157,100,7157,1,0
B,C,B,6699,100,6699,1,0
B,D,B,12513,100,12513,1,0
B,E,B,7061,100,7061,1,0
B,F,B,1432,100,1432,1,0
B,G,B,6764,100,6764,1,0
B,H,B,13025,100,13025,1,0
A,C,C,7609,100,7609,1,0
B,C,C,6766,100,6766,1,0
C,D,C,6615,100,6615,1,0
C,E,C,7523,100,7523,1,0
C,F,C,7150,100,7150,1,0
C,G,C,1419,100,1419,1,0
C,H,C,7080,100,7080,1,0
A,D,D,9220,100,9220,1,0
B,D,D,12562,100,12562,1,0
C,D,D,6622,100,6622,1,0
D,E,D,9362,100,9362,1,0
D,F,D,12882,100,12882,1,0
D,G,D,6836,100,6836,1,0
D,H,D,1431,100,1431,1,0
A,E,E,1340,100,1340,1,0
B,E,E,7056,100,7056,1,0
C,E,E,7565,100,7565,1,0
D,E,E,9348,100,9348,1,0
E,F,E,6987,100,6987,1,0
E,G,E,7320,100,7320,1,0
E,H,E,9635,100,9635,1,0
A,F,F,7356,100,7356,1,0
B,F,F,1447,100,1447,1,0
C,F,F,7142,100,7142,1,0
D,F,F,12861,100,12861,1,0
E,F,F,7002,100,7002,1,0
F,G,F,6890,100,6890,1,0
F,H,F,13190,100,13190,1,0
A,G,G,7610,100,7610,1,0
B,G,G,6823,100,6823,1,0
C,G,G,1374,100,1374,1,0
D,G,G,6813,100,6813,1,0
E,G,G,7295,100,7295,1,0
F,G,G,6885,100,6885,1,0
G,H,G,7082,100,7082,1,0
A,H,H,9719,100,9719,1,0
B,H,H,13002,100,13002,1,0
C,H,H,7078,100,7078,1,0
D,H,H,1416,100,1416,1,0
E,H,H,9658,100,9658,1,0
F,H,H,13235,100,13235,1,0
G,H,H,7011,100,7011,1,0
A,B,A,7134,100,7134,1,0
A,C,A,7610,100,7610,1,0
A,D,A,9205,100,9205,1,0
A,E,A,1360,100,1360,1,0
A,F,A,7371,100,7371,1,0
A,G,A,7571,100,7571,1,0
A,H,A,9711,100,9711,1,0
A,B,B,7184,100,7184,1,0
B,C,B,6711,100,6711,1,0
B,D,B,12502,100,12502,1,0
B,E,B,7058,100,7058,1,0
B,F,B,1457,100,1457,1,0
B,G,B,6747,100,6747,1,0
B,H,B,13071,100,13071,1,0
A,C,C,7590,100,7590,1,0
B,C,C,6687,100,6687,1,0
C,D,C,6608,100,6608,1,0
C,E,C,7578,100,7578,1,0
C,F,C,7139,100,7139,1,0
C,G,C,1382,100,1382,1,0
C,H,C,7101,100,7101,1,0
A,D,D,9209,100,9209,1,0
B,D,D,12521,100,12521,1,0
C,D,D,6616,100,6616,1,0
D,E,D,9307,100,9307,1,0
D,F,D,12881,100,12881,1,0
D,G,D,6800,100,6800,1,0
D,H,D,1499,100,1499,1,0
A,E,E,1357,100,1357,1,0
B,E,E,7043,100,7043,1,0
C,E,E,7552,100,7552,1,0
D,E,E,9418,100,9418,1,0
E,F,E,6999,100,6999,1,0
E,G,E,7295,100,7295,1,0
E,H,E,9676,100,9676,1,0
A,F,F,7392,100,7392,1,0
B,F,F,1420,100,1420,1,0
C,F,F,7134,100,7134,1,0
D,F,F,12860,100,12860,1,0
E,F,F,6998,100,6998,1,0
F,G,F,6888,100,6888,1,0
F,H,F,13206,100,13206,1,0
A,G,G,7616,100,7616,1,0
B,G,G,6767,100,6767,1,0
C,G,G,1333,100,1333,1,0
D,G,G,6779,100,6779,1,0
E,G,G,7332,100,7332,1,0
F,G,G,6886,100,6886,1,0
G,H,G,7028,100,7028,1,0
A,H,H,9707,100,9707,1,0
B,H,H,13040,100,13040,1,0
C,H,H,7118,100,7118,1,0
D,H,H,1406,100,1406,1,0
E,H,H,9654,100,9654,1,0
F,H,H,13196,100,13196,1,0
G,H,H,7018,100,7018,1,0
A,B,A,7127,100,7127,1,0
A,C,A,7571,100,7571,1,0
A,D,A,9204,100,9204,1,0
A,E,A,1353,100,1353,1,0
A,F,A,7398,100,7398,1,0
A,G,A,7587,100,7587,1,0
A,H,A,9704,100,9704,1,0
A,B,B,7170,100,7170,1,0
B,C,B,6741,100,6741,1,0
B,D,B,12509,100,12509,1,0
B,E,B,6983,100,6983,1,0
B,F,B,1405,100,1405,1,0
B,G,B,6742,100,6742,1,0
B,H,B,13085,100,13085,1,0
A,C,C,7546,100,7546,1,0
B,C,C,6740,100,6740,1,0
C,D,C,6615,100,6615,1,0
C,E,C,7597,100,7597,1,0
C,F,C,7119,100,7119,1,0
C,G,C,1380,100,1380,1,0
C,H,C,7120,100,7120,1,0
A,D,D,9203,100,9203,1,0
B,D,D,12524,100,12524,1,0
C,D,D,6590,100,6590,1,0
D,E,D,9331,100,9331,1,0
D,F,D,12914,100,12914,1,0
D,G,D,6815,100,6815,1,0
D,H,D,1428,100,1428,1,0
A,E,E,1362,100,1362,1,0
B,E,E,7042,100,7042,1,0
C,E,E,7584,100,7584,1,0
D,E,E,9290,100,9290,1,0
E,F,E,6988,100,6988,1,0
E,G,E,7302,100,7302,1,0
E,H,E,9659,100,9659,1,0
A,F,F,7370,100,7370,1,0
B,F,F,1447,100,1447,1,0
C,F,F,7140,100,7140,1,0
D,F,F,12862,100,12862,1,0
E,F,F,6990,100,6990,1,0
F,G,F,6894,100,6894,1,0
F,H,F,13219,100,13219,1,0
A,G,G,7548,100,7548,1,0
B,G,G,6799,100,6799,1,0
C,G,G,1332,100,1332,1,0
D,G,G,6820,100,6820,1,0
E,G,G,7298,100,7298,1,0
F,G,G,6892,100,6892,1,0
G,H,G,7074,100,7074,1,0
A,H,H,9706,100,9706,1,0
B,H,H,13067,100,13067,1,0
C,H,H,7132,100,7132,1,0
D,H,H,1469,100,1469,1,0
E,H,H,9650,100,9650,1,0
F,H,H,13200,100,13200,1,0
G,H,H,7074,100,7074,1,0
A,B,A,7184,100,7184,1,0
A,C,A,7577,100,7577,1,0
A,D,A,9194,100,9194,1,0
A,E,A,1371,100,1371,1,0
A,F,A,7342,100,7342,1,0
A,G,A,7590,100,7590,1,0
A,H,A,9671,100,9671,1,0
A,B,B,7136,100,7136,1,0
B,C,B,6726,100,6726,1,0
B,D,B,12519,100,12519,1,0
B,E,B,7044,100,7044,1,0
B,F,B,1447,100,1447,1,0
B,G,B,6765,100,6765,1,0
B,H,B,13022,100,13022,1,0
A,C,C,7601,100,7601,1,0
B,C,C,6725,100,6725,1,0
C,D,C,6619,100,6619,1,0
C,E,C,7520,100,7520,1,0
C,F,C,7091,100,7091,1,0
C,G,C,1381,100,1381,1,0
C,H,C,7118,100,7118,1,0
A,D,D,9206,100,9206,1,0
B,D,D,12566,100,12566,1,0
C,D,D,6587,100,6587,1,0
D,E,D,9316,100,9316,1,0
D,F,D,12879,100,12879,1,0
D,G,D,6853,100,6853,1,0
D,H,D,1483,100,1483,1,0
A,E,E,1384,100,1384,1,0
B,E,E,7060,100,7060,1,0
C,E,E,7556,100,7556,1,0
D,E,E,9352,100,9352,1,0
E,F,E,6998,100,6998,1,0
E,G,E,7312,100,7312,1,0
E,H,E,9682,100,9682,1,0
A,F,F,7392,100,7392,1,0
B,F,F,1410,100,1410,1,0
C,F,F,7131,100,7131,1,0
D,F,F,12873,100,12873,1,0
E,F,F,6991,100,6991,1,0
F,G,F,6867,100,6867,1,0
F,H,F,13227,100,13227,1,0
A,G,G,7555,100,7555,1,0
B,G,G,6731,100,6731,1,0
C,G,G,1373,100,1373,1,0
D,G,G,6776,100,6776,1,0
E,G,G,7289,100,7289,1,0
F,G,G,6896,100,6896,1,0
G,H,G,7053,100,7053,1,0
A,H,H,9664,100,9664,1,0
B,H,H,12982,100,12982,1,0
C,H,H,7152,100,7152,1,0
D,H,H,1424,100,1424,1,0
E,H,H,9678,100,9678,1,0
F,H,H,13249,100,13249,1,0
G,H,H,7063,100,7063,1,0
A,B,A,7154,100,7154,1,0
A,C,A,7600,100,7600,1,0
A,D,A,9172,100,9172,1,0
A,E,A,1379,100,1379,1,0
A,F,A,7366,100,7366,1,0
A,G,A,7570,100,7570,1,0
A,H,A,9684,100,9684,1,0
A,B,B,7167,100,7167,1,0
B,C,B,6736,100,6736,1,0
B,D,B,12516,100,12516,1,0
B,E,B,7038,100,7038,1,0
B,F,B,1442,100,1442,1,0
B,G,B,6724,100,6724,1,0
B,H,B,13082,100,13082,1,0
A,C,C,7569,100,7569,1,0
B,C,C,6726,100,6726,1,0
C,D,C,6621,100,6621,1,0
C,E,C,7545,100,7545,1,0
C,F,C,7130,100,7130,1,0
C,G,C,1370,100,1370,1,0
C,H,C,7119,100,7119,1,0
A,D,D,9214,100,9214,1,0
B,D,D,12504,100,12504,1,0
C,D,D,6639,100,6639,1,0
D,E,D,9303,100,9303,1,0
D,F,D,12862,100,12862,1,0
D,G,D,6787,100,6787,1,0
D,H,D,1421,100,1421,1,0
A,E,E,1376,100,1376,1,0
B,E,E,7046,100,7046,1,0
C,E,E,7542,100,7542,1,0
D,E,E,9290,100,9290,1,0
E,F,E,7045,100,7045,1,0
E,G,E,7320,100,7320,1,0
E,H,E,9616,100,9616,1,0
A,F,F,7369,100,7369,1,0
B,F,F,1465,100,1465,1,0
C,F,F,7141,100,7141,1,0
D,F,F,12834,100,12834,1,0
E,F,F,6994,100,6994,1,0
F,G,F,6885,100,6885,1,0
F,H,F,13255,100,13255,1,0
A,G,G,7581,100,7581,1,0
B,G,G,6775,100,6775,1,0
C,G,G,1376,100,1376,1,0
D,G,G,6839,100,6839,1,0
E,G,G,7305,100,7305,1,0
F,G,G,6875,100,6875,1,0
G,H,G,7045,100,7045,1,0
A,H,H,9684,100,9684,1,0
B,H,H,13057,100,13057,1,0
C,H,H,7045,100,7045,1,0
D,H,H,1431,100,1431,1,0
E,H,H,9652,100,9652,1,0
F,H,H,13239,100,13239,1,0
G,H,H,7073,100,7073,1,0
A,B,A,7126,100,7126,1,0
A,C,A,7558,100,7558,1,0
A,D,A,9212,100,9212,1,0
A,E,A,1353,100,1353,1,0
A,F,A,7350,100,7350,1,0
A,G,A,7561,100,7561,1,0
A,H,A,9689,100,9689,1,0
A,B,B,7210,100,7210,1,0
B,C,B,6734,100,6734,1,0
B,D,B,12477,100,12477,1,0
B,E,B,7048,100,7048,1,0
B,F,B,1440,100,1440,1,0
B,G,B,6727,100,6727,1,0
B,H,B,13015,100,13015,1,0
A,C,C,7593,100,7593,1,0
B,C,C,6741,100,6741,1,0
C,D,C,6636,100,6636,1,0
C,E,C,7576,100,7576,1,0
C,F,C,7140,100,7140,1,0
C,G,C,1351,100,1351,1,0
C,H,C,7101,100,7101,1,0
A,D,D,9190,100,9190,1,0
B,D,D,12537,100,12537,1,0
C,D,D,6589,100,6589,1,0
D,E,D,9410,100,9410,1,0
D,F,D,12894,100,12894,1,0
D,G,D,6795,100,6795,1,0
D,H,D,1435,100,1435,1,0
A,E,E,1403,100,1403,1,0
B,E,E,7051,100,7051,1,0
C,E,E,7545,100,7545,1,0
D,E,E,9358,100,9358,1,0
E,F,E,6989,100,6989,1,0
E,G,E,7331,100,7331,1,0
E,H,E,9659,100,9659,1,0
A,F,F,7405,100,7405,1,0
B,F,F,1461,100,1461,1,0
C,F,F,7122,100,7122,1,0
D,F,F,12864,100,12864,1,0
E,F,F,7022,100,7022,1,0
F,G,F,6911,100,6911,1,0
F,H,F,13255,100,13255,1,0
A,G,G,7588,100,7588,1,0
B,G,G,6756,100,6756,1,0
C,G,G,1420,100,1420,1,0
D,G,G,6799,100,6799,1,0
E,G,G,7311,100,7311,1,0
F,G,G,6883,100,6883,1,0
G,H,G,6992,100,6992,1,0
A,H,H,9672,100,9672,1,0
B,H,H,13110,100,13110,1,0
C,H,H,7140,100,7140,1,0
D,H,H,1425,100,1425,1,0
E,H,H,9684,100,9684,1,0
F,H,H,13278,100,13278,1,0
G,H,H,7046,100,7046,1,0
A,B,A,7184,100,7184,1,0
A,C,A,7569,100,7569,1,0
A,D,A,9197,100,9197,1,0
A,E,A,1379,100,1379,1,0
A,F,A,7385,100,7385,1,0
A,G,A,7602,100,7602,1,0
A,H,A,9735,100,9735,1,0
A,B,B,7199,100,7199,1,0
B,C,B,6741,100,6741,1,0
B,D,B,12512,100,12512,1,0
B,E,B,7058,100,7058,1,0
B,F,B,1411,100,1411,1,0
B,G,B,6758,100,6758,1,0
B,H,B,12999,100,12999,1,0
A,C,C,7622,100,7622,1,0
B,C,C,6731,100,6731,1,0
C,D,C,6616,100,6616,1,0
C,E,C,7576,100,7576,1,0
C,F,C,7131,100,7131,1,0
C,G,C,1346,100,1346,1,0
C,H,C,7098,100,7098,1,0
A,D,D,9205,100,9205,1,0
B,D,D,12486,100,12486,1,0
C,D,D,6600,100,6600,1,0
D,E,D,9316,100,9316,1,0
D,F,D,12866,100,12866,1,0
D,G,D,6851,100,6851,1,0
D,H,D,1495,100,1495,1,0
A,E,E,1339,100,1339,1,0
B,E,E,7031,100,7031,1,0
C,E,E,7545,100,7545,1,0
D,E,E,9420,100,9420,1,0
E,F,E,6992,100,6992,1,0
E,G,E,7311,100,7311,1,0
E,H,E,9640,100,9640,1,0
A,F,F,7338,100,7338,1,0
B,F,F,1432,100,1432,1,0
C,F,F,7138,100,7138,1,0
D,F,F,12853,100,12853,1,0
E,F,F,6983,100,6983,1,0
F,G,F,6872,100,6872,1,0
F,H,F,13261,100,13261,1,0
A,G,G,7583,100,7583,1,0
B,G,G,6754,100,6754,1,0
C,G,G,1380,100,1380,1,0
D,G,G,6823,100,6823,1,0
E,G,G,7290,100,7290,1,0
F,G,G,6872,100,6872,1,0
G,H,G,7054,100,7054,1,0
A,H,H,9707,100,9707,1,0
B,H,H,13078,100,13078,1,0
C,H,H,7114,100,7114,1,0
D,H,H,1470,100,1470,1,0
E,H,H,9656,100,9656,1,0
F,H,H,13253,100,13253,1,0
G,H,H,7034,100,7034,1,0
A,B,A,7134,100,7134,1,0
A,C,A,7600,100,7600,1,0
A,D,A,9222,100,9222,1,0
A,E,A,1377,100,1377,1,0
A,F,A,7378,100,7378,1,0
A,G,A,7608,100,7608,1,0
A,H,A,9723,100,9723,1,0
A,B,B,7112,100,7112,1,0
B,C,B,6710,100,6710,1,0
B,D,B,12567,100,12567,1,0
B,E,B,7060,100,7060,1,0
B,F,B,1425,100,1425,1,0
B,G,B,6744,100,6744,1,0
B,H,B,13101,100,13101,1,0
A,C,C,7555,100,7555,1,0
B,C,C,6712,100,6712,1,0
C,D,C,6608,100,6608,1,0
C,E,C,7548,100,7548,1,0
C,F,C,7103,100,7103,1,0
C,G,C,1397,100,1397,1,0
C,H,C,7117,100,7117,1,0
A,D,D,9205,100,9205,1,0
B,D,D,12526,100,12526,1,0
C,D,D,6634,100,6634,1,0
D,E,D,9314,100,9314,1,0
D,F,D,12855,100,12855,1,0
D,G,D,6851,100,6851,1,0
D,H,D,1454,100,1454,1,0
A,E,E,1398,100,1398,1,0
B,E,E,7030,100,7030,1,0
C,E,E,7504,100,7504,1,0
D,E,E,9255,100,9255,1,0
E,F,E,7019,100,7019,1,0
E,G,E,7310,100,7310,1,0
E,H,E,9677,100,9677,1,0
A,F,F,7399,100,7399,1,0
B,F,F,1394,100,1394,1,0
C,F,F,7155,100,7155,1,0
D,F,F,12891,100,12891,1,0
E,F,F,7047,100,7047,1,0
F,G,F,6873,100,6873,1,0
F,H,F,13268,100,13268,1,0
A,G,G,7587,100,7587,1,0
B,G,G,6710,100,6710,1,0
C,G,G,1315,100,1315,1,0
D,G,G,6838,100,6838,1,0
E,G,G,7303,100,7303,1,0
F,G,G,6906,100,6906,1,0
G,H,G,7051,100,7051,1,0
A,H,H,9710,100,9710,1,0
B,H,H,13054,100,13054,1,0
C,H,H,7134,100,7134,1,0
D,H,H,1427,100,1427,1,0
E,H,H,9659,100,9659,1,0
F,H,H,13242,100,13242,1,0
G,H,H,7020,100,7020,1,0
A,B,A,7146,100,7146,1,0
A,C,A,7559,100,7559,1,0
A,D,A,9190,100,9190,1,0
A,E,A,1334,100,1334,1,0
A,F,A,7368,100,7368,1,0
A,G,A,7630,100,7630,1,0
A,H,A,9740,100,9740,1,0
A,B,B,7197,100,7197,1,0
B,C,B,6753,100,6753,1,0
B,D,B,12523,100,12523,1,0
B,E,B,7038,100,7038,1,0
B,F,B,1436,100,1436,1,0
B,G,B,6731,100,6731,1,0
B,H,B,13126,100,13126,1,0
A,C,C,7548,100,7548,1,0
B,C,C,6690,100,6690,1,0
C,D,C,6577,100,6577,1,0
C,E,C,7538,100,7538,1,0
C,F,C,7124,100,7124,1,0
C,G,C,1343,100,1343,1,0
C,H,C,7077,100,7077,1,0
A,D,D,9208,100,9208,1,0
B,D,D,12518,100,12518,1,0
C,D,D,6600,100,6600,1,0
D,E,D,9333,100,9333,1,0
D,F,D,12867,100,12867,1,0
D,G,D,6841,100,6841,1,0
D,H,D,1479,100,1479,1,0
A,E,E,1399,100,1399,1,0
B,E,E,7044,100,7044,1,0
C,E,E,7538,100,7538,1,0
D,E,E,9358,100,9358,1,0
E,F,E,6988,100,6988,1,0
E,G,E,7302,100,7302,1,0
E,H,E,9670,100,9670,1,0
A,F,F,7372,100,7372,1,0
B,F,F,1448,100,1448,1,0
C,F,F,7120,100,7120,1,0
D,F,F,12909,100,12909,1,0
E,F,F,7007,100,7007,1,0
F,G,F,6876,100,6876,1,0
F,H,F,13235,100,13235,1,0
A,G,G,7559,100,7559,1,0
B,G,G,6780,100,6780,1,0
C,G,G,1336,100,1336,1,0
D,G,G,6818,100,6818,1,0
E,G,G,7302,100,7302,1,0
F,G,G,6864,100,6864,1,0
G,H,G,7049,100,7049,1,0
A,H,H,9692,100,9692,1,0
B,H,H,13067,100,13067,1,0
C,H,H,7103,100,7103,1,0
D,H,H,1421,100,1421,1,0
E,H,H,9622,100,9622,1,0
F,H,H,13232,100,13232,1,0
G,H,H,7049,100,7049,1,0
A,B,A,7151,100,7151,1,0
A,C,A,7618,100,7618,1,0
A,D,A,9195,100,9195,1,0
A,E,A,1362,100,1362,1,0
A,F,A,7380,100,7380,1,0
A,G,A,7622,100,7622,1,0
A,H,A,9673,100,9673,1,0
A,B,B,7171,100,7171,1,0
B,C,B,6705,100,6705,1,0
B,D,B,12535,100,12535,1,0
B,E,B,7084,100,7084,1,0
B,F,B,1434,100,1434,1,0
B,G,B,6760,100,6760,1,0
B,H,B,13084,100,13084,1,0
A,C,C,7536,100,7536,1,0
B,C,C,6718,100,6718,1,0
C,D,C,6585,100,6585,1,0
C,E,C,7572,100,7572,1,0
C,F,C,7130,100,7130,1,0
C,G,C,1343,100,1343,1,0
C,H,C,7135,100,7135,1,0
A,D,D,9198,100,9198,1,0
B,D,D,12513,100,12513,1,0
C,D,D,6597,100,6597,1,0
D,E,D,9413,100,9413,1,0
D,F,D,12856,100,12856,1,0
D,G,D,6795,100,6795,1,0
D,H,D,1438,100,1438,1,0
A,E,E,1422,100,1422,1,0
B,E,E,7014,100,7014,1,0
C,E,E,7545,100,7545,1,0
D,E,E,9310,100,9310,1,0
E,F,E,7030,100,7030,1,0
E,G,E,7312,100,7312,1,0
E,H,E,9668,100,9668,1,0
A,F,F,7386,100,7386,1,0
B,F,F,1397,100,1397,1,0
C,F,F,7173,100,7173,1,0
D,F,F,12854,100,12854,1,0
E,F,F,7024,100,7024,1,0
F,G,F,6869,100,6869,1,0
F,H,F,13268,100,13268,1,0
A,G,G,7578,100,7578,1,0
B,G,G,6774,100,6774,1,0
C,G,G,1368,100,1368,1,0
D,G,G,6787,100,6787,1,0
E,G,G,7308,100,7308,1,0
F,G,G,6891,100,6891,1,0
G,H,G,7032,100,7032,1,0
A,H,H,9713,100,9713,1,0
B,H,H,13065,100,13065,1,0
C,H,H,7059,100,7059,1,0
D,H,H,1436,100,1436,1,0
E,H,H,9658,100,9658,1,0
F,H,H,13276,100,13276,1,0
G,H,H,7022,100,7022,1,0
A,B,A,7146,100,7146,1,0
A,C,A,7545,100,7545,1,0
A,D,A,9169,100,9169,1,0
A,E,A,1348,100,1348,1,0
A,F,A,7357,100,7357,1,0
A,G,A,7601,100,7601,1,0
A,H,A,9649,100,9649,1,0
A,B,B,7189,100,7189,1,0
B,C,B,6699,100,6699,1,0
B,D,B,12557,100,12557,1,0
B,E,B,7042,100,7042,1,0
B,F,B,1408,100,1408,1,0
B,G,B,6742,100,6742,1,0
B,H,B,13048,100,13048,1,0
A,C,C,7575,100,7575,1,0
B,C,C,6725,100,6725,1,0
C,D,C,6645,100,6645,1,0
C,E,C,7549,100,7549,1,0
C,F,C,7136,100,7136,1,0
C,G,C,1332,100,1332,1,0
C,H,C,7081,100,7081,1,0
A,D,D,9207,100,9207,1,0
B,D,D,12500,100,12500,1,0
C,D,D,6616,100,6616,1,0
D,E,D,9360,100,9360,1,0
D,F,D,12861,100,12861,1,0
D,G,D,6793,100,6793,1,0
D,H,D,1426,100,1426,1,0
A,E,E,1345,100,1345,1,0
B,E,E,7022,100,7022,1,0
C,E,E,7508,100,7508,1,0
D,E,E,9267,100,9267,1,0
E,F,E,7005,100,7005,1,0
E,G,E,7308,100,7308,1,0
E,H,E,9702,100,9702,1,0
A,F,F,7388,100,7388,1,0
B,F,F,1412,100,1412,1,0
C,F,F,7104,100,7104,1,0
D,F,F,12869,100,12869,1,0
E,F,F,7021,100,7021,1,0
F,G,F,6878,100,6878,1,0
F,H,F,13220,100,13220,1,0
A,G,G,7598,100,7598,1,0
B,G,G,6772,100,6772,1,0
C,G,G,1399,100,1399,1,0
D,G,G,6835,100,6835,1,0
E,G,G,7313,100,7313,1,0
F,G,G,6879,100,6879,1,0
G,H,G,7034,100,7034,1,0
A,H,H,9705,100,9705,1,0
B,H,H,12997,100,12997,1,0
C,H,H,7091,100,7091,1,0
D,H,H,1443,100,1443,1,0
E,H,H,9658,100,9658,1,0
F,H,H,13226,100,13226,1,0
G,H,H,7070,100,7070,1,0
A,B,A,7126,100,7126,1,0
A,C,A,7528,100,7528,1,0
A,D,A,9200,100,9200,1,0
A,E,A,1386,100,1386,1,0
A,F,A,7388,100,7388,1,0
A,G,A,7601,100,7601,1,0
A,H,A,9745,100,9745,1,0
A,B,B,7160,100,7160,1,0
B,C,B,6710,100,6710,1,0
B,D,B,12560,100,12560,1,0
B,E,B,7063,100,7063,1,0
B,F,B,1403,100,1403,1,0
B,G,B,6760,100,6760,1,0
B,H,B,13024,100,13024,1,0
A,C,C,7622,100,7622,1,0
B,C,C,6707,100,6707,1,0
C,D,C,6616,100,6616,1,0
C,E,C,7533,100,7533,1,0
C,F,C,7099,100,7099,1,0
C,G,C,1361,100,1361,1,0
C,H,C,7157,100,7157,1,0
A,D,D,9189,100,9189,1,0
B,D,D,12502,100,12502,1,0
C,D,D,6600,100,6600,1,0
D,E,D,9318,100,9318,1,0
D,F,D,12874,100,12874,1,0
D,G,D,6817,100,6817,1,0
D,H,D,1413,100,1413,1,0
A,E,E,1385,100,1385,1,0
B,E,E,7059,100,7059,1,0
C,E,E,7549,100,7549,1,0
D,E,E,9372,100,9372,1,0
E,F,E,7010,100,7010,1,0
E,G,E,7288,100,7288,1,0
E,H,E,9686,100,9686,1,0
A,F,F,7371,100,7371,1,0
B,F,F,1399,100,1399,1,0
C,F,F,7118,100,7118,1,0
D,F,F,12904,100,12904,1,0
E,F,F,7010,100,7010,1,0
F,G,F,6887,100,6887,1,0
F,H,F,13207,100,13207,1,0
A,G,G,7583,100,7583,1,0
B,G,G,6784,100,6784,1,0
C,G,G,1336,100,1336,1,0
D,G,G,6801,100,6801,1,0
E,G,G,7337,100,7337,1,0
F,G,G,6894,100,6894,1,0
G,H,G,7020,100,7020,1,0
A,H,H,9740,100,9740,1,0
B,H,H,13044,100,13044,1,0
C,H,H,7119,100,7119,1,0
D,H,H,1428,100,1428,1,0
E,H,H,9688,100,9688,1,0
F,H,H,13280,100,13280,1,0
G,H,H,7073,100,7073,1,0
A,B,A,7176,100,7176,1,0
A,C,A,7580,100,7580,1,0
A,D,A,9197,100,9197,1,0
A,E,A,1361,100,1361,1,0
A,F,A,7407,100,7407,1,0
A,G,A,7587,100,7587,1,0
A,H,A,9710,100,9710,1,0
A,B,B,7114,100,7114,1,0
B,C,B,6737,100,6737,1,0
B,D,B,12528,100,12528,1,0
B,E,B,7047,100,7047,1,0
B,F,B,1427,100,1427,1,0
B,G,B,6733,100,6733,1,0
B,H,B,13042,100,13042,1,0
A,C,C,7552,100,7552,1,0
B,C,C,6738,100,6738,1,0
C,D,C,6602,100,6602,1,0
C,E,C,7553,100,7553,1,0
C,F,C,7140,100,7140,1,0
C,G,C,1319,100,1319,1,0
C,H,C,7130,100,7130,1,0
A,D,D,9164,100,9164,1,0
B,D,D,12533,100,12533,1,0
C,D,D,6617,100,6617,1,0
D,E,D,9298,100,9298,1,0
D,F,D,12855,100,12855,1,0
D,G,D,6838,100,6838,1,0
D,H,D,1410,100,1410,1,0
A,E,E,1369,100,1369,1,0
B,E,E,7017,100,7017,1,0
C,E,E,7517,100,7517,1,0
D,E,E,9313,100,9313,1,0
E,F,E,6969,100,6969,1,0
E,G,E,7301,100,7301,1,0
E,H,E,9667,100,9667,1,0
A,F,F,7362,100,7362,1,0
B,F,F,1431,100,1431,1,0
C,F,F,7127,100,7127,1,0
D,F,F,12902,100,12902,1,0
E,F,F,7001,100,7001,1,0
F,G,F,6894,100,6894,1,0
F,H,F,13274,100,13274,1,0
A,G,G,7531,100,7531,1,0
B,G,G,6736,100,6736,1,0
C,G,G,1346,100,1346,1,0
D,G,G,6781,100,6781,1,0
E,G,G,7360,100,7360,1,0
F,G,G,6883,100,6883,1,0
G,H,G,7024,100,7024,1,0
A,H,H,9713,100,9713,1,0
B,H,H,13061,100,13061,1,0
C,H,H,7144,100,7144,1,0
D,H,H,1412,100,1412,1,0
E,H,H,9684,100,9684,1,0
F,H,H,13255,100,13255,1,0
G,H,H,7030,100,7030,1,0
A,B,A,7147,100,7147,1,0
A,C,A,7561,100,7561,1,0
A,D,A,9193,100,9193,1,0
A,E,A,1354,100,1354,1,0
A,F,A,7320,100,7320,1,0
A,G,A,7616,100,7616,1,0
A,H,A,9656,100,9656,1,0
A,B,B,7126,100,7126,1,0
B,C,B,6685,100,6685,1,0
B,D,B,12546,100,12546,1,0
B,E,B,7038,100,7038,1,0
B,F,B,1395,100,1395,1,0
B,G,B,6776,100,6776,1,0
B,H,B,12999,100,12999,1,0
A,C,C,7601,100,7601,1,0
B,C,C,6685,100,6685,1,0
C,D,C,6588,100,6588,1,0
C,E,C,7566,100,7566,1,0
C,F,C,7129,100,7129,1,0
C,G,C,1391,100,1391,1,0
C,H,C,7112,100,7112,1,0
A,D,D,9176,100,9176,1,0
B,D,D,12494,100,12494,1,0
C,D,D,6630,100,6630,1,0
D,E,D,9392,100,9392,1,0
D,F,D,12852,100,12852,1,0
D,G,D,6815,100,6815,1,0
D,H,D,1448,100,1448,1,0
A,E,E,1414,100,1414,1,0
B,E,E,7056,100,7056,1,0
C,E,E,7556,100,7556,1,0
D,E,E,9322,100,9322,1,0
E,F,E,7009,100,7009,1,0
E,G,E,7305,100,7305,1,0
E,H,E,9671,100,9671,1,0
A,F,F,7389,100,7389,1,0
B,F,F,1388,100,1388,1,0
C,F,F,7143,100,7143,1,0
D,F,F,12863,100,12863,1,0
E,F,F,6999,100,6999,1,0
F,G,F,6886,100,6886,1,0
F,H,F,13228,100,13228,1,0
A,G,G,7560,100,7560,1,0
B,G,G,6751,100,6751,1,0
C,G,G,1322,100,1322,1,0
D,G,G,6794,100,6794,1,0
E,G,G,7313,100,7313,1,0
F,G,G,6890,100,6890,1,0
G,H,G,7036,100,7036,1,0
A,H,H,9728,100,9728,1,0
B,H,H,13031,100,13031,1,0
C,H,H,7122,100,7122,1,0
D,H,H,1499,100,1499,1,0
E,H,H,9677,100,9677,1,0
F,H,H,13226,100,13226,1,0
G,H,H,7042,100,7042,1,0
A,B,A,7119,100,7119,1,0
A,C,A,7610,100,7610,1,0
A,D,A,9198,100,9198,1,0
A,E,A,1343,100,1343,1,0
A,F,A,7352,100,7352,1,0
A,G,A,7543,100,7543,1,0
A,H,A,9680,100,9680,1,0
A,B,B,7188,100,7188,1,0
B,C,B,6751,100,6751,1,0
B,D,B,12504,100,12504,1,0
B,E,B,7042,100,7042,1,0
B,F,B,1446,100,1446,1,0
B,G,B,6755,100,6755,1,0
B,H,B,13066,100,13066,1,0
A,C,C,7600,100,7600,1,0
B,C,C,6725,100,6725,1,0
C,D,C,6600,100,6600,1,0
C,E,C,7586,100,7586,1,0
C,F,C,7093,100,7093,1,0
C,G,C,1368,100,1368,1,0
C,H,C,7081,100,7081,1,0
A,D,D,9219,100,9219,1,0
B,D,D,12562,100,12562,1,0
C,D,D,6588,100,6588,1,0
D,E,D,9367,100,9367,1,0
D,F,D,12861,100,12861,1,0
D,G,D,6822,100,6822,1,0
D,H,D,1496,100,1496,1,0
A,E,E,1289,100,1289,1,0
B,E,E,7075,100,7075,1,0
C,E,E,7509,100,7509,1,0
D,E,E,9287,100,9287,1,0
E,F,E,7004,100,7004,1,0
E,G,E,7299,100,7299,1,0
E,H,E,9699,100,9699,1,0
A,F,F,7387,100,7387,1,0
B,F,F,1419,100,1419,1,0
C,F,F,7119,100,7119,1,0
D,F,F,12875,100,12875,1,0
E,F,F,6992,100,6992,1,0
F,G,F,6869,100,6869,1,0
F,H,F,13241,100,13241,1,0
A,G,G,7599,100,7599,1,0
B,G,G,6779,100,6779,1,0
C,G,G,1380,100,1380,1,0
D,G,G,6796,100,6796,1,0
E,G,G,7329,100,7329,1,0
F,G,G,6883,100,6883,1,0
G,H,G,7051,100,7051,1,0
A,H,H,9694,100,9694,1,0
B,H,H,12985,100,12985,1,0
C,H,H,7110,100,7110,1,0
D,H,H,1413,100,1413,1,0
E,H,H,9675,100,9675,1,0
F,H,H,13235,100,13235,1,0
G,H,H,7024,100,7024,1,0
A,B,A,7157,100,7157,1,0
A,C,A,7539,100,7539,1,0
A,D,A,9212,100,9212,1,0
A,E,A,1380,100,1380,1,0
A,F,A,7377,100,7377,1,0
A,G,A,7578,100,7578,1,0
A,H,A,9691,100,9691,1,0
A,B,B,7180,100,7180,1,0
B,C,B,6751,100,6751,1,0
B,D,B,12542,100,12542,1,0
B,E,B,7004,100,7004,1,0
B,F,B,1431,100,1431,1,0
B,G,B,6759,100,6759,1,0
B,H,B,13037,100,13037,1,0
A,C,C,7554,100,7554,1,0
B,C,C,6713,100,6713,1,0
C,D,C,6599,100,6599,1,0
C,E,C,7554,100,7554,1,0
C,F,C,7144,100,7144,1,0
C,G,C,1381,100,1381,1,0
C,H,C,7118,100,7118,1,0
A,D,D,9216,100,9216,1,0
B,D,D,12548,100,12548,1,0
C,D,D,6607,100,6607,1,0
D,E,D,9368,100,9368,1,0
D,F,D,12853,100,12853,1,0
D,G,D,6799,100,6799,1,0
D,H,D,1467,100,1467,1,0
A,E,E,1379,100,1379,1,0
B,E,E,6998,100,6998,1,0
C,E,E,7548,100,7548,1,0
D,E,E,9347,100,9347,1,0
E,F,E,6995,100,6995,1,0
E,G,E,7317,100,7317,1,0
E,H,E,9669,100,9669,1,0
A,F,F,7367,100,7367,1,0
B,F,F,1416,100,1416,1,0
C,F,F,7109,100,7109,1,0
D,F,F,12853,100,12853,1,0
E,F,F,6997,100,6997,1,0
F,G,F,6879,100,6879,1,0
F,H,F,13227,100,13227,1,0
A,G,G,7569,100,7569,1,0
B,G,G,6766,100,6766,1,0
C,G,G,1351,100,1351,1,0
D,G,G,6816,100,6816,1,0
E,G,G,7312,100,7312,1,0
F,G,G,6876,100,6876,1,0
G,H,G,7053,100,7053,1,0
A,H,H,9660,100,9660,1,0
B,H,H,13071,100,13071,1,0
C,H,H,7146,100,7146,1,0
D,H,H,1425,100,1425,1,0
E,H,H,9629,100,9629,1,0
F,H,H,13243,100,13243,1,0
G,H,H,7017,100,7017,1,0
A,B,A,7166,100,7166,1,0
A,C,A,7509,100,7509,1,0
A,D,A,9197,100,9197,1,0
A,E,A,1408,100,1408,1,0
A,F,A,7404,100,7404,1,0
A,G,A,7602,100,7602,1,0
A,H,A,9664,100,9664,1,0
A,B,B,7118,100,7118,1,0
B,C,B,6728,100,6728,1,0
B,D,B,12590,100,12590,1,0
B,E,B,7036,100,7036,1,0
B,F,B,1426,100,1426,1,0
B,G,B,6720,100,6720,1,0
B,H,B,13027,100,13027,1,0
A,C,C,7541,100,7541,1,0
B,C,C,6691,100,6691,1,0
C,D,C,6598,100,6598,1,0
C,E,C,7506,100,7506,1,0
C,F,C,7108,100,7108,1,0
C,G,C,1410,100,1410,1,0
C,H,C,7051,100,7051,1,0
A,D,D,9217,100,9217,1,0
B,D,D,12529,100,12529,1,0
C,D,D,6557,100,6557,1,0
D,E,D,9342,100,9342,1,0
D,F,D,12848,100,12848,1,0
D,G,D,6803,100,6803,1,0
D,H,D,1473,100,1473,1,0
A,E,E,1353,100,1353,1,0
B,E,E,7032,100,7032,1,0
C,E,E,7508,100,7508,1,0
D,E,E,9389,100,9389,1,0
E,F,E,7024,100,7024,1,0
E,G,E,7298,100,7298,1,0
E,H,E,9634,100,9634,1,0
A,F,F,7345,100,7345,1,0
B,F,F,1436,100,1436,1,0
C,F,F,7134,100,7134,1,0
D,F,F,12890,100,12890,1,0
E,F,F,6994,100,6994,1,0
F,G,F,6873,100,6873,1,0
F,H,F,13191,100,13191,1,0
A,G,G,7552,100,7552,1,0
B,G,G,6780,100,6780,1,0
C,G,G,1360,100,1360,1,0
D,G,G,6797,100,6797,1,0
E,G,G,7280,100,7280,1,0
F,G,G,6909,100,6909,1,0
G,H,G,6993,100,6993,1,0
A,H,H,9731,100,9731,1,0
B,H,H,13046,100,13046,1,0
C,H,H,7128,100,7128,1,0
D,H,H,1440,100,1440,1,0
E,H,H,9657,100,9657,1,0
F,H,H,13238,100,13238,1,0
G,H,H,7035,100,7035,1,0
A,B,A,7115,100,7115,1,0
A,C,A,7556,100,7556,1,0
A,D,A,9193,100,9193,1,0
A,E,A,1414,100,1414,1,0
A,F,A,7378,100,7378,1,0
A,G,A,7561,100,7561,1,0
A,H,A,9691,100,9691,1,0
A,B,B,7123,100,7123,1,0
B,C,B,6724,100,6724,1,0
B,D,B,12538,100,12538,1,0
B,E,B,7014,100,7014,1,0
B,F,B,1428,100,1428,1,0
B,G,B,6781,100,6781,1,0
B,H,B,13051,100,13051,1,0
A,C,C,7558,100,7558,1,0
B,C,C,6690,100,6690,1,0
C,D,C,6617,100,6617,1,0
C,E,C,7539,100,7539,1,0
C,F,C,7148,100,7148,1,0
C,G,C,1367,100,1367,1,0
C,H,C,7078,100,7078,1,0
A,D,D,9199,100,9199,1,0
B,D,D,12534,100,12534,1,0
C,D,D,6570,100,6570,1,0
D,E,D,9318,100,9318,1,0
D,F,D,12889,100,12889,1,0
D,G,D,6840,100,6840,1,0
D,H,D,1398,100,1398,1,0
A,E,E,1412,100,1412,1,0
B,E,E,7041,100,7041,1,0
C,E,E,7556,100,7556,1,0
D,E,E,9328,100,9328,1,0
E,F,E,7002,100,7002,1,0
E,G,E,7289,100,7289,1,0
E,H,E,9616,100,9616,1,0
A,F,F,7386,100,7386,1,0
B,F,F,1426,100,1426,1,0
C,F,F,7109,100,7109,1,0
D,F,F,12900,100,12900,1,0
E,F,F,7012,100,7012,1,0
F,G,F,6905,100,6905,1,0
F,H,F,13247,100,13247,1,0
A,G,G,7596,100,7596,1,0
B,G,G,6727,100,6727,1,0
C,G,G,1328,100,1328,1,0
D,G,G,6787,100,6787,1,0
E,G,G,7309,100,7309,1,0
F,G,G,6910,100,6910,1,0
G,H,G,7036,100,7036,1,0
A,H,H,9716,100,9716,1,0
B,H,H,13070,100,13070,1,0
C,H,H,7051,100,7051,1,0
D,H,H,1451,100,1451,1,0
E,H,H,9670,100,9670,1,0
F,H,H,13245,100,13245,1,0
G,H,H,7058,100,7058,1,0
A,B,A,7132,100,7132,1,0
A,C,A,7543,100,7543,1,0
A,D,A,9198,100,9198,1,0
A,E,A,1390,100,1390,1,0
A,F,A,7349,100,7349,1,0
A,G,A,7582,100,7582,1,0
A,H,A,9725,100,9725,1,0
A,B,B,7172,100,7172,1,0
B,C,B,6714,100,6714,1,0
B,D,B,12554,100,12554,1,0
B,E,B,7003,100,7003,1,0
B,F,B,1429,100,1429,1,0
B,G,B,6768,100,6768,1,0
B,H,B,13053,100,13053,1,0
A,C,C,7566,100,7566,1,0
B,C,C,6725,100,6725,1,0
C,D,C,6616,100,6616,1,0
C,E,C,7541,100,7541,1,0
C,F,C,7131,100,7131,1,0
C,G,C,1354,100,1354,1,0
C,H,C,7107,100,7107,1,0
A,D,D,9215,100,9215,1,0
B,D,D,12578,100,12578,1,0
C,D,D,6615,100,6615,1,0
D,E,D,9361,100,9361,1,0
D,F,D,12897,100,12897,1,0
D,G,D,6773,100,6773,1,0
D,H,D,1461,100,1461,1,0
A,E,E,1320,100,1320,1,0
B,E,E,7009,100,7009,1,0
C,E,E,7552,100,7552,1,0
D,E,E,9290,100,9290,1,0
E,F,E,6979,100,6979,1,0
E,G,E,7321,100,7321,1,0
E,H,E,9656,100,9656,1,0
A,F,F,7364,100,7364,1,0
B,F,F,1446,100,1446,1,0
C,F,F,7107,100,7107,1,0
D,F,F,12905,100,12905,1,0
E,F,F,6997,100,6997,1,0
F,G,F,6859,100,6859,1,0
F,H,F,13206,100,13206,1,0
A,G,G,7597,100,7597,1,0
B,G,G,6779,100,6779,1,0
C,G,G,1380,100,1380,1,0
D,G,G,6786,100,6786,1,0
E,G,G,7304,100,7304,1,0
F,G,G,6890,100,6890,1,0
G,H,G,7064,100,7064,1,0
A,H,H,9651,100,9651,1,0
B,H,H,12987,100,12987,1,0
C,H,H,7089,100,7089,1,0
D,H,H,1415,100,1415,1,0
E,H,H,9676,100,9676,1,0
F,H,H,13206,100,13206,1,0
G,H,H,7039,100,7039,1,0
A,B,A,7138,100,7138,1,0
A,C,A,7561,100,7561,1,0
A,D,A,9222,100,9222,1,0
A,E,A,1391,100,1391,1,0
A,F,A,7386,100,7386,1,0
A,G,A,7526,100,7526,1,0
A,H,A,9693,100,9693,1,0
A,B,B,7152,100,7152,1,0
B,C,B,6727,100,6727,1,0
B,D,B,12515,100,12515,1,0
B,E,B,7036,100,7036,1,0
B,F,B,1408,100,1408,1,0
B,G,B,6740,100,6740,1,0
B,H,B,13009,100,13009,1,0
A,C,C,7572,100,7572,1,0
B,C,C,6730,100,6730,1,0
C,D,C,6608,100,6608,1,0
C,E,C,7544,100,7544,1,0
C,F,C,7131,100,7131,1,0
C,G,C,1395,100,1395,1,0
C,H,C,7089,100,7089,1,0
A,D,D,9186,100,9186,1,0
B,D,D,12495,100,12495,1,0
C,D,D,6604,100,6604,1,0
D,E,D,9309,100,9309,1,0
D,F,D,12881,100,12881,1,0
D,G,D,6793,100,6793,1,0
D,H,D,1397,100,1397,1,0
A,E,E,1397,100,1397,1,0
B,E,E,7040,100,7040,1,0
C,E,E,7578,100,7578,1,0
D,E,E,9315,100,9315,1,0
E,F,E,7016,100,7016,1,0
E,G,E,7318,100,7318,1,0
E,H,E,9686,100,9686,1,0
A,F,F,7390,100,7390,1,0
B,F,F,1409,100,1409,1,0
C,F,F,7110,100,7110,1,0
D,F,F,12849,100,12849,1,0
E,F,F,7033,100,7033,1,0
F,G,F,6870,100,6870,1,0
F,H,F,13207,100,13207,1,0
A,G,G,7602,100,7602,1,0
B,G,G,6738,100,6738,1,0
C,G,G,1358,100,1358,1,0
D,G,G,6820,100,6820,1,0
E,G,G,7316,100,7316,1,0
F,G,G,6870,100,6870,1,0
G,H,G,7039,100,7039,1,0
A,H,H,9687,100,9687,1,0
B,H,H,13006,100,13006,1,0
C,H,H,7084,100,7084,1,0
D,H,H,1458,100,1458,1,0
E,H,H,9650,100,9650,1,0
F,H,H,13236,100,13236,1,0
G,H,H,7034,100,7034,1,0
A,B,A,7158,100,7158,1,0
A,C,A,7556,100,7556,1,0
A,D,A,9227,100,9227,1,0
A,E,A,1385,100,1385,1,0
A,F,A,7439,100,7439,1,0
A,G,A,7601,100,7601,1,0
A,H,A,9715,100,9715,1,0
A,B,B,7095,100,7095,1,0
B,C,B,6733,100,6733,1,0
B,D,B,12542,100,12542,1,0
B,E,B,7030,100,7030,1,0
B,F,B,1430,100,1430,1,0
B,G,B,6764,100,6764,1,0
B,H,B,13052,100,13052,1,0
A,C,C,7521,100,7521,1,0
B,C,C,6716,100,6716,1,0
C,D,C,6618,100,6618,1,0
C,E,C,7527,100,7527,1,0
C,F,C,7086,100,7086,1,0
C,G,C,1314,100,1314,1,0
C,H,C,7094,100,7094,1,0
A,D,D,9240,100,9240,1,0
B,D,D,12519,100,12519,1,0
C,D,D,6620,100,6620,1,0
D,E,D,9316,100,9316,1,0
D,F,D,12846,100,12846,1,0
D,G,D,6818,100,6818,1,0
D,H,D,1473,100,1473,1,0
A,E,E,1353,100,1353,1,0
B,E,E,7096,100,7096,1,0
C,E,E,7533,100,7533,1,0
D,E,E,9447,100,9447,1,0
E,F,E,6966,100,6966,1,0
E,G,E,7349,100,7349,1,0
E,H,E,9678,100,9678,1,0
A,F,F,7388,100,7388,1,0
B,F,F,1438,100,1438,1,0
C,F,F,7110,100,7110,1,0
D,F,F,12881,100,12881,1,0
E,F,F,7000,100,7000,1,0
F,G,F,6901,100,6901,1,0
F,H,F,13221,100,13221,1,0
A,G,G,7532,100,7532,1,0
B,G,G,6728,100,6728,1,0
C,G,G,1383,100,1383,1,0
D,G,G,6815,100,6815,1,0
E,G,G,7311,100,7311,1,0
F,G,G,6863,100,6863,1,0
G,H,G,7010,100,7010,1,0
A,H,H,9689,100,9689,1,0
B,H,H,13037,100,13037,1,0
C,H,H,7125,100,7125,1,0
D,H,H,1396,100,1396,1,0
E,H,H,9676,100,9676,1,0
F,H,H,13228,100,13228,1,0
G,H,H,7046,100,7046,1,0
A,B,A,7146,100,7146,1,0
A,C,A,7568,100,7568,1,0
A,D,A,9222,100,9222,1,0
A,E,A,1395,100,1395,1,0
A,F,A,7401,100,7401,1,0
A,G,A,7628,100,7628,1,0
A,H,A,9707,100,9707,1,0
A,B,B,7143,100,7143,1,0
B,C,B,6698,100,6698,1,0
B,D,B,12544,100,12544,1,0
B,E,B,7067,100,7067,1,0
B,F,B,1428,100,1428,1,0
B,G,B,6725,100,6725,1,0
B,H,B,12975,100,12975,1,0
A,C,C,7604,100,7604,1,0
B,C,C,6704,100,6704,1,0
C,D,C,6630,100,6630,1,0
C,E,C,7547,100,7547,1,0
C,F,C,7127,100,7127,1,0
C,G,C,1374,100,1374,1,0
C,H,C,7113,100,7113,1,0
A,D,D,9244,100,9244,1,0
B,D,D,12512,100,12512,1,0
C,D,D,6564,100,6564,1,0
D,E,D,9323,100,9323,1,0
D,F,D,12864,100,12864,1,0
D,G,D,6794,100,6794,1,0
D,H,D,1364,100,1364,1,0
A,E,E,1402,100,1402,1,0
B,E,E,7035,100,7035,1,0
C,E,E,7541,100,7541,1,0
D,E,E,9394,100,9394,1,0
E,F,E,7028,100,7028,1,0
E,G,E,7292,100,7292,1,0
E,H,E,9676,100,9676,1,0
A,F,F,7374,100,7374,1,0
B,F,F,1446,100,1446,1,0
C,F,F,7115,100,7115,1,0
D,F,F,12860,100,12860,1,0
E,F,F,7072,100,7072,1,0
F,G,F,6867,100,6867,1,0
F,H,F,13177,100,13177,1,0
A,G,G,7596,100,7596,1,0
B,G,G,6727,100,6727,1,0
C,G,G,1421,100,1421,1,0
D,G,G,6805,100,6805,1,0
E,G,G,7325,100,7325,1,0
F,G,G,6895,100,6895,1,0
G,H,G,7041,100,7041,1,0
A,H,H,9739,100,9739,1,0
B,H,H,13073,100,13073,1,0
C,H,H,7119,100,7119,1,0
D,H,H,1433,100,1433,1,0
E,H,H,9646,100,9646,1,0
F,H,H,13223,100,13223,1,0
G,H,H,7024,100,7024,1,0
A,B,A,7144,100,7144,1,0
A,C,A,7609,100,7609,1,0
A,D,A,9187,100,9187,1,0
A,E,A,1363,100,1363,1,0
A,F,A,7363,100,7363,1,0
A,G,A,7603,100,7603,1,0
A,H,A,9692,100,9692,1,0
A,B,B,7162,100,7162,1,0
B,C,B,6720,100,6720,1,0
B,D,B,12508,100,12508,1,0
B,E,B,7062,100,7062,1,0
B,F,B,1455,100,1455,1,0
B,G,B,6765,100,6765,1,0
B,H,B,13020,100,13020,1,0
A,C,C,7620,100,7620,1,0
B,C,C,6736,100,6736,1,0
C,D,C,6564,100,6564,1,0
C,E,C,7567,100,7567,1,0
C,F,C,7126,100,7126,1,0
C,G,C,1377,100,1377,1,0
C,H,C,7108,100,7108,1,0
A,D,D,9198,100,9198,1,0
B,D,D,12526,100,12526,1,0
C,D,D,6615,100,6615,1,0
D,E,D,9349,100,9349,1,0
D,F,D,12872,100,12872,1,0
D,G,D,6774,100,6774,1,0
D,H,D,1423,100,1423,1,0
A,E,E,1353,100,1353,1,0
B,E,E,7026,100,7026,1,0
C,E,E,7540,100,7540,1,0
D,E,E,9327,100,9327,1,0
E,F,E,6989,100,6989,1,0
E,G,E,7318,100,7318,1,0
E,H,E,9664,100,9664,1,0
A,F,F,7366,100,7366,1,0
B,F,F,1447,100,1447,1,0
C,F,F,7123,100,7123,1,0
D,F,F,12866,100,12866,1,0
E,F,F,7035,100,7035,1,0
F,G,F,6902,100,6902,1,0
F,H,F,13260,100,13260,1,0
A,G,G,7567,100,7567,1,0
B,G,G,6733,100,6733,1,0
C,G,G,1317,100,1317,1,0
D,G,G,6807,100,6807,1,0
E,G,G,7284,100,7284,1,0
F,G,G,6860,100,6860,1,0
G,H,G,7050,100,7050,1,0
A,H,H,9663,100,9663,1,0
B,H,H,13011,100,13011,1,0
C,H,H,7143,100,7143,1,0
D,H,H,1421,100,1421,1,0
E,H,H,9662,100,9662,1,0
F,H,H,13248,100,13248,1,0
G,H,H,7084,100,7084,1,0
A,B,A,7136,100,7136,1,0
A,C,A,7524,100,7524,1,0
A,D,A,9190,100,9190,1,0
A,E,A,1421,100,1421,1,0
A,F,A,7351,100,7351,1,0
A,G,A,7599,100,7599,1,0
A,H,A,9702,100,9702,1,0
A,B,B,7151,100,7151,1,0
B,C,B,6744,100,6744,1,0
B,D,B,12497,100,12497,1,0
B,E,B,7038,100,7038,1,0
B,F,B,1447,100,1447,1,0
B,G,B,6751,100,6751,1,0
B,H,B,13003,100,13003,1,0
A,C,C,7582,100,7582,1,0
B,C,C,6706,100,6706,1,0
C,D,C,6577,100,6577,1,0
C,E,C,7547,100,7547,1,0
C,F,C,7129,100,7129,1,0
C,G,C,1356,100,1356,1,0
C,H,C,7067,100,7067,1,0
A,D,D,9233,100,9233,1,0
B,D,D,12552,100,12552,1,0
C,D,D,6576,100,6576,1,0
D,E,D,9384,100,9384,1,0
D,F,D,12871,100,12871,1,0
D,G,D,6845,100,6845,1,0
D,H,D,1416,100,1416,1,0
A,E,E,1372,100,1372,1,0
B,E,E,7031,100,7031,1,0
C,E,E,7539,100,7539,1,0
D,E,E,9346,100,9346,1,0
E,F,E,7016,100,7016,1,0
E,G,E,7306,100,7306,1,0
E,H,E,9605,100,9605,1,0
A,F,F,7411,100,7411,1,0
B,F,F,1421,100,1421,1,0
C,F,F,7145,100,7145,1,0
D,F,F,12874,100,12874,1,0
E,F,F,7062,100,7062,1,0
F,G,F,6889,100,6889,1,0
F,H,F,13256,100,13256,1,0
A,G,G,7577,100,7577,1,0
B,G,G,6749,100,6749,1,0
C,G,G,1331,100,1331,1,0
D,G,G,6793,100,6793,1,0
E,G,G,7346,100,7346,1,0
F,G,G,6891,100,6891,1,0
G,H,G,7012,100,7012,1,0
A,H,H,9664,100,9664,1,0
B,H,H,12985,100,12985,1,0
C,H,H,7092,100,7092,1,0
D,H,H,1447,100,1447,1,0
E,H,H,9644,100,9644,1,0
F,H,H,13257,100,13257,1,0
G,H,H,7053,100,7053,1,0
A,B,A,7130,100,7130,1,0
A,C,A,7622,100,7622,1,0
A,D,A,9211,100,9211,1,0
A,E,A,1387,100,1387,1,0
A,F,A,7380,100,7380,1,0
A,G,A,7584,100,7584,1,0
A,H,A,9745,100,9745,1,0
A,B,B,7160,100,7160,1,0
B,C,B,6719,100,6719,1,0
B,D,B,12550,100,12550,1,0
B,E,B,7072,100,7072,1,0
B,F,B,1397,100,1397,1,0
B,G,B,6768,100,6768,1,0
B,H,B,13029,100,13029,1,0
A,C,C,7573,100,7573,1,0
B,C,C,6722,100,6722,1,0
C,D,C,6614,100,6614,1,0
C,E,C,7538,100,7538,1,0
C,F,C,7141,100,7141,1,0
C,G,C,1346,100,1346,1,0
C,H,C,7154,100,7154,1,0
A,D,D,9181,100,9181,1,0
B,D,D,12534,100,12534,1,0
C,D,D,6613,100,6613,1,0
D,E,D,9385,100,9385,1,0
D,F,D,12839,100,12839,1,0
D,G,D,6775,100,6775,1,0
D,H,D,1499,100,1499,1,0
A,E,E,1366,100,1366,1,0
B,E,E,7085,100,7085,1,0
C,E,E,7533,100,7533,1,0
D,E,E,9352,100,9352,1,0
E,F,E,6959,100,6959,1,0
E,G,E,7303,100,7303,1,0
E,H,E,9724,100,9724,1,0
A,F,F,7394,100,7394,1,0
B,F,F,1473,100,1473,1,0
C,F,F,7117,100,7117,1,0
D,F,F,12874,100,12874,1,0
E,F,F,7019,100,7019,1,0
F,G,F,6876,100,6876,1,0
F,H,F,13250,100,13250,1,0
A,G,G,7618,100,7618,1,0
B,G,G,6765,100,6765,1,0
C,G,G,1344,100,1344,1,0
D,G,G,6799,100,6799,1,0
E,G,G,7344,100,7344,1,0
F,G,G,6869,100,6869,1,0
G,H,G,7071,100,7071,1,0
A,H,H,9669,100,9669,1,0
B,H,H,13044,100,13044,1,0
C,H,H,7083,100,7083,1,0
D,H,H,1474,100,1474,1,0
E,H,H,9689,100,9689,1,0
F,H,H,13251,100,13251,1,0
G,H,H,7078,100,7078,1,0
A,B,A,7161,100,7161,1,0
A,C,A,7645,100,7645,1,0
A,D,A,9168,100,9168,1,0
A,E,A,1377,100,1377,1,0
A,F,A,7369,100,7369,1,0
A,G,A,7619,100,7619,1,0
A,H,A,9688,100,9688,1,0
A,B,B,7115,100,7115,1,0
B,C,B,6750,100,6750,1,0
B,D,B,12557,100,12557,1,0
B,E,B,7032,100,7032,1,0
B,F,B,1418,100,1418,1,0
B,G,B,6764,100,6764,1,0
B,H,B,13036,100,13036,1,0
A,C,C,7630,100,7630,1,0
B,C,C,6728,100,6728,1,0
C,D,C,6623,100,6623,1,0
C,E,C,7500,100,7500,1,0
C,F,C,7122,100,7122,1,0
C,G,C,1352,100,1352,1,0
C,H,C,7115,100,7115,1,0
A,D,D,9217,100,9217,1,0
B,D,D,12502,100,12502,1,0
C,D,D,6620,100,6620,1,0
D,E,D,9382,100,9382,1,0
D,F,D,12863,100,12863,1,0
D,G,D,6773,100,6773,1,0
D,H,D,1421,100,1421,1,0
A,E,E,1395,100,1395,1,0
B,E,E,7037,100,7037,1,0
C,E,E,7574,100,7574,1,0
D,E,E,9419,100,9419,1,0
E,F,E,6998,100,6998,1,0
E,G,E,7310,100,7310,1,0
E,H,E,9689,100,9689,1,0
A,F,F,7404,100,7404,1,0
B,F,F,1422,100,1422,1,0
C,F,F,7125,100,7125,1,0
D,F,F,12864,100,12864,1,0
E,F,F,7029,100,7029,1,0
F,G,F,6881,100,6881,1,0
F,H,F,13251,100,13251,1,0
A,G,G,7623,100,7623,1,0
B,G,G,6723,100,6723,1,0
C,G,G,1320,100,1320,1,0
D,G,G,6800,100,6800,1,0
E,G,G,7299,100,7299,1,0
F,G,G,6874,100,6874,1,0
G,H,G,7073,100,7073,1,0
A,H,H,9710,100,9710,1,0
B,H,H,13015,100,13015,1,0
C,H,H,7137,100,7137,1,0
D,H,H,1456,100,1456,1,0
E,H,H,9682,100,9682,1,0
F,H,H,13268,100,13268,1,0
G,H,H,7036,100,7036,1,0
A,B,A,7156,100,7156,1,0
A,C,A,7575,100,7575,1,0
A,D,A,9191,100,9191,1,0
A,E,A,1363,100,1363,1,0
A,F,A,7385,100,7385,1,0
A,G,A,7592,100,7592,1,0
A,H,A,9707,100,9707,1,0
A,B,B,7157,100,7157,1,0
B,C,B,6698,100,6698,1,0
B,D,B,12554,100,12554,1,0
B,E,B,7065,100,7065,1,0
B,F,B,1433,100,1433,1,0
B,G,B,6770,100,6770,1,0
B,H,B,13019,100,13019,1,0
A,C,C,7540,100,7540,1,0
B,C,C,6716,100,6716,1,0
C,D,C,6562,100,6562,1,0
C,E,C,7534,100,7534,1,0
C,F,C,7125,100,7125,1,0
C,G,C,1336,100,1336,1,0
C,H,C,7110,100,7110,1,0
A,D,D,9205,100,9205,1,0
B,D,D,12546,100,12546,1,0
C,D,D,6605,100,6605,1,0
D,E,D,9365,100,9365,1,0
D,F,D,12855,100,12855,1,0
D,G,D,6840,100,6840,1,0
D,H,D,1499,100,1499,1,0
A,E,E,1373,100,1373,1,0
B,E,E,7003,100,7003,1,0
C,E,E,7530,100,7530,1,0
D,E,E,9354,100,9354,1,0
E,F,E,7004,100,7004,1,0
E,G,E,7320,100,7320,1,0
E,H,E,9650,100,9650,1,0
A,F,F,7408,100,7408,1,0
B,F,F,1437,100,1437,1,0
C,F,F,7110,100,7110,1,0
D,F,F,12835,100,12835,1,0
E,F,F,7008,100,7008,1,0
F,G,F,6855,100,6855,1,0
F,H,F,13255,100,13255,1,0
A,G,G,7589,100,7589,1,0
B,G,G,6793,100,6793,1,0
C,G,G,1365,100,1365,1,0
D,G,G,6806,100,6806,1,0
E,G,G,7293,100,7293,1,0
F,G,G,6877,100,6877,1,0
G,H,G,7051,100,7051,1,0
A,H,H,9700,100,9700,1,0
B,H,H,13034,100,13034,1,0
C,H,H,7132,100,7132,1,0
D,H,H,1450,100,1450,1,0
E,H,H,9679,100,9679,1,0
F,H,H,13224,100,13224,1,0
G,H,H,7081,100,7081,1,0
A,B,A,7143,100,7143,1,0
A,C,A,7586,100,7586,1,0
A,D,A,9185,100,9185,1,0
A,E,A,1366,100,1366,1,0
A,F,A,7323,100,7323,1,0
A,G,A,7609,100,7609,1,0
A,H,A,9669,100,9669,1,0
A,B,B,7168,100,7168,1,0
B,C,B,6695,100,6695,1,0
B,D,B,12527,100,12527,1,0
B,E,B,7065,100,7065,1,0
B,F,B,1373,100,1373,1,0
B,G,B,6733,100,6733,1,0
B,H,B,13025,100,13025,1,0
A,C,C,7525,100,7525,1,0
B,C,C,6684,100,6684,1,0
C,D,C,6627,100,6627,1,0
C,E,C,7543,100,7543,1,0
C,F,C,7111,100,7111,1,0
C,G,C,1362,100,1362,1,0
C,H,C,7106,100,7106,1,0
A,D,D,9188,100,9188,1,0
B,D,D,12531,100,12531,1,0
C,D,D,6587,100,6587,1,0
D,E,D,9398,100,9398,1,0
D,F,D,12873,100,12873,1,0
D,G,D,6828,100,6828,1,0
D,H,D,1433,100,1433,1,0
A,E,E,1353,100,1353,1,0
B,E,E,7049,100,7049,1,0
C,E,E,7545,100,7545,1,0
D,E,E,9379,100,9379,1,0
E,F,E,7010,100,7010,1,0
E,G,E,7295,100,7295,1,0
E,H,E,9681,100,9681,1,0
A,F,F,7372,100,7372,1,0
B,F,F,1416,100,1416,1,0
C,F,F,7116,100,7116,1,0
D,F,F,12901,100,12901,1,0
E,F,F,7039,100,7039,1,0
F,G,F,6890,100,6890,1,0
F,H,F,13219,100,13219,1,0
A,G,G,7550,100,7550,1,0
B,G,G,6746,100,6746,1,0
C,G,G,1379,100,1379,1,0
D,G,G,6813,100,6813,1,0
E,G,G,7327,100,7327,1,0
F,G,G,6859,100,6859,1,0
G,H,G,7016,100,7016,1,0
A,H,H,9709,100,9709,1,0
B,H,H,13068,100,13068,1,0
C,H,H,7089,100,7089,1,0
D,H,H,1427,100,1427,1,0
E,H,H,9697,100,9697,1,0
F,H,H,13261,100,13261,1,0
G,H,H,7097,100,7097,1,0
A,B,A,7157,100,7157,1,0
A,C,A,7544,100,7544,1,0
A,D,A,9217,100,9217,1,0
A,E,A,1357,100,1357,1,0
A,F,A,7330,100,7330,1,0
A,G,A,7613,100,7613,1,0
A,H,A,9683,100,9683,1,0
A,B,B,7142,100,7142,1,0
B,C,B,6703,100,6703,1,0
B,D,B,12536,100,12536,1,0
B,E,B,7033,100,7033,1,0
B,F,B,1468,100,1468,1,0
B,G,B,6776,100,6776,1,0
B,H,B,13070,100,13070,1,0
A,C,C,7660,100,7660,1,0
B,C,C,6740,100,6740,1,0
C,D,C,6589,100,6589,1,0
C,E,C,7551,100,7551,1,0
C,F,C,7136,100,7136,1,0
C,G,C,1345,100,1345,1,0
C,H,C,7123,100,7123,1,0
A,D,D,9189,100,9189,1,0
B,D,D,12530,100,12530,1,0
C,D,D,6611,100,6611,1,0
D,E,D,9363,100,9363,1,0
D,F,D,12851,100,12851,1,0
D,G,D,6850,100,6850,1,0
D,H,D,1407,100,1407,1,0
A,E,E,1369,100,1369,1,0
B,E,E,7051,100,7051,1,0
C,E,E,7509,100,7509,1,0
D,E,E,9294,100,9294,1,0
E,F,E,7004,100,7004,1,0
E,G,E,7310,100,7310,1,0
E,H,E,9630,100,9630,1,0
A,F,F,7392,100,7392,1,0
B,F,F,1427,100,1427,1,0
C,F,F,7142,100,7142,1,0
D,F,F,12899,100,12899,1,0
E,F,F,6995,100,6995,1,0
F,G,F,6902,100,6902,1,0
F,H,F,13250,100,13250,1,0
A,G,G,7595,100,7595,1,0
B,G,G,6761,100,6761,1,0
C,G,G,1338,100,1338,1,0
D,G,G,6770,100,6770,1,0
E,G,G,7325,100,7325,1,0
F,G,G,6859,100,6859,1,0
G,H,G,7034,100,7034,1,0
A,H,H,9698,100,9698,1,0
B,H,H,13052,100,13052,1,0
C,H,H,7131,100,7131,1,0
D,H,H,1433,100,1433,1,0
E,H,H,9650,100,9650,1,0
F,H,H,13256,100,13256,1,0
G,H,H,7053,100,7053,1,0
A,B,A,7142,100,7142,1,0
A,C,A,7586,100,7586,1,0
A,D,A,9213,100,9213,1,0
A,E,A,1365,100,1365,1,0
A,F,A,7352,100,7352,1,0
A,G,A,7581,100,7581,1,0
A,H,A,9665,100,9665,1,0
A,B,B,7166,100,7166,1,0
B,C,B,6738,100,6738,1,0
B,D,B,12497,100,12497,1,0
B,E,B,7060,100,7060,1,0
B,F,B,1443,100,1443,1,0
B,G,B,6774,100,6774,1,0
B,H,B,13039,100,13039,1,0
A,C,C,7540,100,7540,1,0
B,C,C,6730,100,6730,1,0
C,D,C,6639,100,6639,1,0
C,E,C,7551,100,7551,1,0
C,F,C,7095,100,7095,1,0
C,G,C,1393,100,1393,1,0
C,H,C,7123,100,7123,1,0
A,D,D,9207,100,9207,1,0
B,D,D,12524,100,12524,1,0
C,D,D,6591,100,6591,1,0
D,E,D,9301,100,9301,1,0
D,F,D,12913,100,12913,1,0
D,G,D,6835,100,6835,1,0
D,H,D,1455,100,1455,1,0
A,E,E,1333,100,1333,1,0
B,E,E,7026,100,7026,1,0
C,E,E,7507,100,7507,1,0
D,E,E,9343,100,9343,1,0
E,F,E,6998,100,6998,1,0
E,G,E,7307,100,7307,1,0
E,H,E,9728,100,9728,1,0
A,F,F,7385,100,7385,1,0
B,F,F,1432,100,1432,1,0
C,F,F,7118,100,7118,1,0
D,F,F,12865,100,12865,1,0
E,F,F,7010,100,7010,1,0
F,G,F,6901,100,6901,1,0
F,H,F,13203,100,13203,1,0
A,G,G,7604,100,7604,1,0
B,G,G,6764,100,6764,1,0
C,G,G,1367,100,1367,1,0
D,G,G,6827,100,6827,1,0
E,G,G,7315,100,7315,1,0
F,G,G,6885,100,6885,1,0
G,H,G,7025,100,7025,1,0
A,H,H,9692,100,9692,1,0
B,H,H,13046,100,13046,1,0
C,H,H,7072,100,7072,1,0
D,H,H,1460,100,1460,1,0
E,H,H,9619,100,9619,1,0
F,H,H,13231,100,13231,1,0
G,H,H,7053,100,7053,1,0
A,B,A,7199,100,7199,1,0
A,C,A,7569,100,7569,1,0
A,D,A,9230,100,9230,1,0
A,E,A,1399,100,1399,1,0
A,F,A,7380,100,7380,1,0
A,G,A,7552,100,7552,1,0
A,H,A,9682,100,9682,1,0
A,B,B,7152,100,7152,1,0
B,C,B,6757,100,6757,1,0
B,D,B,12503,100,12503,1,0
B,E,B,7039,100,7039,1,0
B,F,B,1421,100,1421,1,0
B,G,B,6739,100,6739,1,0
B,H,B,13053,100,13053,1,0
A,C,C,7583,100,7583,1,0
B,C,C,6707,100,6707,1,0
C,D,C,6575,100,6575,1,0
C,E,C,7544,100,7544,1,0
C,F,C,7115,100,7115,1,0
C,G,C,1325,100,1325,1,0
C,H,C,7109,100,7109,1,0
A,D,D,9229,100,9229,1,0
B,D,D,12529,100,12529,1,0
C,D,D,6582,100,6582,1,0
D,E,D,9381,100,9381,1,0
D,F,D,12859,100,12859,1,0
D,G,D,6836,100,6836,1,0
D,H,D,1398,100,1398,1,0
A,E,E,1354,100,1354,1,0
B,E,E,7073,100,7073,1,0
C,E,E,7532,100,7532,1,0
D,E,E,9402,100,9402,1,0
E,F,E,7004,100,7004,1,0
E,G,E,7323,100,7323,1,0
E,H,E,9642,100,9642,1,0
A,F,F,7385,100,7385,1,0
B,F,F,1413,100,1413,1,0
C,F,F,7122,100,7122,1,0
D,F,F,12874,100,12874,1,0
E,F,F,7003,100,7003,1,0
F,G,F,6904,100,6904,1,0
F,H,F,13194,100,13194,1,0
A,G,G,7567,100,7567,1,0
B,G,G,6769,100,6769,1,0
C,G,G,1349,100,1349,1,0
D,G,G,6809,100,6809,1,0
E,G,G,7305,100,7305,1,0
F,G,G,6847,100,6847,1,0
G,H,G,7062,100,7062,1,0
A,H,H,9730,100,9730,1,0
B,H,H,13046,100,13046,1,0
C,H,H,7117,100,7117,1,0
D,H,H,1450,100,1450,1,0
E,H,H,9636,100,9636,1,0
F,H,H,13240,100,13240,1,0
G,H,H,7055,100,7055,1,0
A,B,A,7145,100,7145,1,0
A,C,A,7581,100,7581,1,0
A,D,A,9176,100,9176,1,0
A,E,A,1363,100,1363,1,0
A,F,A,7400,100,7400,1,0
A,G,A,7561,100,7561,1,0
A,H,A,9700,100,9700,1,0
A,B,B,7154,100,7154,1,0
B,C,B,6733,100,6733,1,0
B,D,B,12552,100,12552,1,0
B,E,B,7060,100,7060,1,0
B,F,B,1469,100,1469,1,0
B,G,B,6786,100,6786,1,0
B,H,B,13124,100,13124,1,0
A,C,C,7559,100,7559,1,0
B,C,C,6698,100,6698,1,0
C,D,C,6632,100,6632,1,0
C,E,C,7529,100,7529,1,0
C,F,C,7105,100,7105,1,0
C,G,C,1329,100,1329,1,0
C,H,C,7113,100,7113,1,0
A,D,D,9206,100,9206,1,0
B,D,D,12529,100,12529,1,0
C,D,D,6590,100,6590,1,0
D,E,D,9320,100,9320,1,0
D,F,D,12851,100,12851,1,0
D,G,D,6798,100,6798,1,0
D,H,D,1466,100,1466,1,0
A,E,E,1391,100,1391,1,0
B,E,E,7051,100,7051,1,0
C,E,E,7539,100,7539,1,0
D,E,E,9383,100,9383,1,0
E,F,E,6975,100,6975,1,0
E,G,E,7305,100,7305,1,0
E,H,E,9639,100,9639,1,0
A,F,F,7387,100,7387,1,0
B,F,F,1436,100,1436,1,0
C,F,F,7124,100,7124,1,0
D,F,F,12870,100,12870,1,0
E,F,F,6990,100,6990,1,0
F,G,F,6913,100,6913,1,0
F,H,F,13257,100,13257,1,0
A,G,G,7594,100,7594,1,0
B,G,G,6745,100,6745,1,0
C,G,G,1369,100,1369,1,0
D,G,G,6815,100,6815,1,0
E,G,G,7316,100,7316,1,0
F,G,G,6863,100,6863,1,0
G,H,G,7069,100,7069,1,0
A,H,H,9714,100,9714,1,0
B,H,H,13004,100,13004,1,0
C,H,H,7094,100,7094,1,0
D,H,H,1427,100,1427,1,0
E,H,H,9692,100,9692,1,0
F,H,H,13253,100,13253,1,0
G,H,H,7062,100,7062,1,0
A,B,A,7159,100,7159,1,0
A,C,A,7597,100,7597,1,0
A,D,A,9176,100,9176,1,0
A,E,A,1394,100,1394,1,0
A,F,A,7361,100,7361,1,0
A,G,A,7609,100,7609,1,0
A,H,A,9731,100,9731,1,0
A,B,B,7149,100,7149,1,0
B,C,B,6746,100,6746,1,0
B,D,B,12522,100,12522,1,0
B,E,B,7059,100,7059,1,0
B,F,B,1412,100,1412,1,0
B,G,B,6767,100,6767,1,0
B,H,B,12996,100,12996,1,0
A,C,C,7594,100,7594,1,0
B,C,C,6749,100,6749,1,0
C,D,C,6565,100,6565,1,0
C,E,C,7548,100,7548,1,0
C,F,C,7130,100,7130,1,0
C,G,C,1391,100,1391,1,0
C,H,C,7087,100,7087,1,0
A,D,D,9204,100,9204,1,0
B,D,D,12559,100,12559,1,0
C,D,D,6602,100,6602,1,0
D,E,D,9314,100,9314,1,0
D,F,D,12909,100,12909,1,0
D,G,D,6796,100,6796,1,0
D,H,D,1440,100,1440,1,0
A,E,E,1383,100,1383,1,0
B,E,E,7033,100,7033,1,0
C,E,E,7538,100,7538,1,0
D,E,E,9408,100,9408,1,0
E,F,E,7029,100,7029,1,0
E,G,E,7296,100,7296,1,0
E,H,E,9639,100,9639,1,0
A,F,F,7352,100,7352,1,0
B,F,F,1449,100,1449,1,0
C,F,F,7108,100,7108,1,0
D,F,F,12836,100,12836,1,0
E,F,F,7039,100,7039,1,0
F,G,F,6875,100,6875,1,0
F,H,F,13210,100,13210,1,0
A,G,G,7556,100,7556,1,0
B,G,G,6810,100,6810,1,0
C,G,G,1347,100,1347,1,0
D,G,G,6823,100,6823,1,0
E,G,G,7320,100,7320,1,0
F,G,G,6863,100,6863,1,0
G,H,G,7074,100,7074,1,0
A,H,H,9672,100,9672,1,0
B,H,H,13055,100,13055,1,0
C,H,H,7058,100,7058,1,0
D,H,H,1474,100,1474,1,0
E,H,H,9658,100,9658,1,0
F,H,H,13221,100,13221,1,0
G,H,H,7020,100,7020,1,0
A,B,A,7143,100,7143,1,0
A,C,A,7550,100,7550,1,0
A,D,A,9176,100,9176,1,0
A,E,A,1331,100,1331,1,0
A,F,A,7398,100,7398,1,0
A,G,A,7548,100,7548,1,0
A,H,A,9726,100,9726,1,0
A,B,B,7141,100,7141,1,0
B,C,B,6729,100,6729,1,0
B,D,B,12520,100,12520,1,0
B,E,B,7039,100,7039,1,0
B,F,B,1430,100,1430,1,0
B,G,B,6783,100,6783,1,0
B,H,B,13074,100,13074,1,0
A,C,C,7625,100,7625,1,0
B,C,C,6738,100,6738,1,0
C,D,C,6557,100,6557,1,0
C,E,C,7537,100,7537,1,0
C,F,C,7125,100,7125,1,0
C,G,C,1363,100,1363,1,0
C,H,C,7084,100,7084,1,0
A,D,D,9195,100,9195,1,0
B,D,D,12512,100,12512,1,0
C,D,D,6614,100,6614,1,0
D,E,D,9390,100,9390,1,0
D,F,D,12898,100,12898,1,0
D,G,D,6818,100,6818,1,0
D,H,D,1466,100,1466,1,0
A,E,E,1344,100,1344,1,0
B,E,E,7025,100,7025,1,0
C,E,E,7580,100,7580,1,0
D,E,E,9360,100,9360,1,0
E,F,E,7027,100,7027,1,0
E,G,E,7281,100,7281,1,0
E,H,E,9677,100,9677,1,0
A,F,F,7349,100,7349,1,0
B,F,F,1412,100,1412,1,0
C,F,F,7124,100,7124,1,0
D,F,F,12862,100,12862,1,0
E,F,F,6988,100,6988,1,0
F,G,F,6886,100,6886,1,0
F,H,F,13269,100,13269,1,0
A,G,G,7541,100,7541,1,0
B,G,G,6769,100,6769,1,0
C,G,G,1347,100,1347,1,0
D,G,G,6806,100,6806,1,0
E,G,G,7316,100,7316,1,0
F,G,G,6847,100,6847,1,0
G,H,G,7016,100,7016,1,0
A,H,H,9713,100,9713,1,0
B,H,H,13076,100,13076,1,0
C,H,H,7133,100,7133,1,0
D,H,H,1453,100,1453,1,0
E,H,H,9628,100,9628,1,0
F,H,H,13254,100,13254,1,0
G,H,H,7035,100,7035,1,0
A,B,A,7154,100,7154,1,0
A,C,A,7599,100,7599,1,0
A,D,A,9196,100,9196,1,0
A,E,A,1391,100,1391,1,0
A,F,A,7382,100,7382,1,0
A,G,A,7557,100,7557,1,0
A,H,A,9699,100,9699,1,0
A,B,B,7154,100,7154,1,0
B,C,B,6712,100,6712,1,0
B,D,B,12567,100,12567,1,0
B,E,B,7017,100,7017,1,0
B,F,B,1433,100,1433,1,0
B,G,B,6771,100,6771,1,0
B,H,B,13031,100,13031,1,0
A,C,C,7563,100,7563,1,0
B,C,C,6717,100,6717,1,0
C,D,C,6615,100,6615,1,0
C,E,C,7531,100,7531,1,0
C,F,C,7116,100,7116,1,0
C,G,C,1336,100,1336,1,0
C,H,C,7078,100,7078,1,0
A,D,D,9183,100,9183,1,0
B,D,D,12530,100,12530,1,0
C,D,D,6583,100,6583,1,0
D,E,D,9307,100,9307,1,0
D,F,D,12888,100,12888,1,0
D,G,D,6823,100,6823,1,0
D,H,D,1499,100,1499,1,0
A,E,E,1362,100,1362,1,0
B,E,E,7026,100,7026,1,0
C,E,E,7521,100,7521,1,0
D,E,E,9343,100,9343,1,0
E,F,E,7007,100,7007,1,0
E,G,E,7304,100,7304,1,0
E,H,E,9687,100,9687,1,0
A,F,F,7415,100,7415,1,0
B,F,F,1436,100,1436,1,0
C,F,F,7107,100,7107,1,0
D,F,F,12893,100,12893,1,0
E,F,F,7040,100,7040,1,0
F,G,F,6861,100,6861,1,0
F,H,F,13275,100,13275,1,0
A,G,G,7578,100,7578,1,0
B,G,G,6751,100,6751,1,0
C,G,G,1356,100,1356,1,0
D,G,G,6820,100,6820,1,0
E,G,G,7315,100,7315,1,0
F,G,G,6869,100,6869,1,0
G,H,G,7044,100,7044,1,0
A,H,H,9676,100,9676,1,0
B,H,H,13051,100,13051,1,0
C,H,H,7058,100,7058,1,0
D,H,H,1504,100,1504,1,0
E,H,H,9701,100,9701,1,0
F,H,H,13236,100,13236,1,0
G,H,H,7051,100,7051,1,0
A,B,A,7134,100,7134,1,0
A,C,A,7602,100,7602,1,0
A,D,A,9225,100,9225,1,0
A,E,A,1381,100,1381,1,0
A,F,A,7393,100,7393,1,0
A,G,A,7571,100,7571,1,0
A,H,A,9730,100,9730,1,0
A,B,B,7153,100,7153,1,0
B,C,B,6720,100,6720,1,0
B,D,B,12518,100,12518,1,0
B,E,B,7023,100,7023,1,0
B,F,B,1441,100,1441,1,0
B,G,B,6766,100,6766,1,0
B,H,B,13004,100,13004,1,0
A,C,C,7570,100,7570,1,0
B,C,C,6708,100,6708,1,0
C,D,C,6638,100,6638,1,0
C,E,C,7594,100,7594,1,0
C,F,C,7134,100,7134,1,0
C,G,C,1356,100,1356,1,0
C,H,C,7102,100,7102,1,0
A,D,D,9190,100,9190,1,0
B,D,D,12573,100,12573,1,0
C,D,D,6586,100,6586,1,0
D,E,D,9376,100,9376,1,0
D,F,D,12905,100,12905,1,0
D,G,D,6797,100,6797,1,0
D,H,D,1445,100,1445,1,0
A,E,E,1432,100,1432,1,0
B,E,E,7044,100,7044,1,0
C,E,E,7577,100,7577,1,0
D,E,E,9374,100,9374,1,0
E,F,E,6992,100,6992,1,0
E,G,E,7314,100,7314,1,0
E,H,E,9651,100,9651,1,0
A,F,F,7421,100,7421,1,0
B,F,F,1445,100,1445,1,0
C,F,F,7127,100,7127,1,0
D,F,F,12855,100,12855,1,0
E,F,F,6992,100,6992,1,0
F,G,F,6896,100,6896,1,0
F,H,F,13275,100,13275,1,0
A,G,G,7613,100,7613,1,0
B,G,G,6726,100,6726,1,0
C,G,G,1330,100,1330,1,0
D,G,G,6801,100,6801,1,0
E,G,G,7284,100,7284,1,0
F,G,G,6863,100,6863,1,0
G,H,G,7067,100,7067,1,0
A,H,H,9746,100,9746,1,0
B,H,H,13063,100,13063,1,0
C,H,H,7094,100,7094,1,0
D,H,H,1449,100,1449,1,0
E,H,H,9696,100,9696,1,0
F,H,H,13236,100,13236,1,0
G,H,H,7067,100,7067,1,0
A,B,A,7141,100,7141,1,0
A,C,A,7596,100,7596,1,0
A,D,A,9179,100,9179,1,0
A,E,A,1361,100,1361,1,0
A,F,A,7354,100,7354,1,0
A,G,A,7604,100,7604,1,0
A,H,A,9666,100,9666,1,0
A,B,B,7184,100,7184,1,0
B,C,B,6723,100,6723,1,0
B,D,B,12562,100,12562,1,0
B,E,B,7068,100,7068,1,0
B,F,B,1434,100,1434,1,0
B,G,B,6773,100,6773,1,0
B,H,B,13091,100,13091,1,0
A,C,C,7599,100,7599,1,0
B,C,C,6726,100,6726,1,0
C,D,C,6618,100,6618,1,0
C,E,C,7545,100,7545,1,0
C,F,C,7128,100,7128,1,0
C,G,C,1343,100,1343,1,0
C,H,C,7116,100,7116,1,0
A,D,D,9185,100,9185,1,0
B,D,D,12575,100,12575,1,0
C,D,D,6587,100,6587,1,0
D,E,D,9310,100,9310,1,0
D,F,D,12884,100,12884,1,0
D,G,D,6819,100,6819,1,0
D,H,D,1447,100,1447,1,0
A,E,E,1407,100,1407,1,0
B,E,E,7028,100,7028,1,0
C,E,E,7540,100,7540,1,0
D,E,E,9411,100,9411,1,0
E,F,E,6973,100,6973,1,0
E,G,E,7311,100,7311,1,0
E,H,E,9727,100,9727,1,0
A,F,F,7390,100,7390,1,0
B,F,F,1426,100,1426,1,0
C,F,F,7120,100,7120,1,0
D,F,F,12869,100,12869,1,0
E,F,F,6999,100,6999,1,0
F,G,F,6873,100,6873,1,0
F,H,F,13268,100,13268,1,0
A,G,G,7572,100,7572,1,0
B,G,G,6736,100,6736,1,0
C,G,G,1341,100,1341,1,0
D,G,G,6818,100,6818,1,0
E,G,G,7289,100,7289,1,0
F,G,G,6880,100,6880,1,0
G,H,G,7094,100,7094,1,0
A,H,H,9687,100,9687,1,0
B,H,H,13062,100,13062,1,0
C,H,H,7097,100,7097,1,0
D,H,H,1462,100,1462,1,0
E,H,H,9665,100,9665,1,0
F,H,H,13289,100,13289,1,0
G,H,H,7038,100,7038,1,0
A,B,A,7166,100,7166,1,0
A,C,A,7570,100,7570,1,0
A,D,A,9186,100,9186,1,0
A,E,A,1358,100,1358,1,0
A,F,A,7386,100,7386,1,0
A,G,A,7527,100,7527,1,0
A,H,A,9664,100,9664,1,0
A,B,B,7209,100,7209,1,0
B,C,B,6750,100,6750,1,0
B,D,B,12503,100,12503,1,0
B,E,B,7059,100,7059,1,0
B,F,B,1446,100,1446,1,0
B,G,B,6760,100,6760,1,0
B,H,B,13070,100,13070,1,0
A,C,C,7553,100,7553,1,0
B,C,C,6747,100,6747,1,0
C,D,C,6647,100,6647,1,0
C,E,C,7557,100,7557,1,0
C,F,C,7104,100,7104,1,0
C,G,C,1341,100,1341,1,0
C,H,C,7098,100,7098,1,0
A,D,D,9196,100,9196,1,0
B,D,D,12527,100,12527,1,0
C,D,D,6589,100,6589,1,0
D,E,D,9392,100,9392,1,0
D,F,D,12865,100,12865,1,0
D,G,D,6851,100,6851,1,0
D,H,D,1480,100,1480,1,0
A,E,E,1369,100,1369,1,0
B,E,E,7052,100,7052,1,0
C,E,E,7522,100,7522,1,0
D,E,E,9279,100,9279,1,0
E,F,E,6989,100,6989,1,0
E,G,E,7290,100,7290,1,0
E,H,E,9646,100,9646,1,0
A,F,F,7358,100,7358,1,0
B,F,F,1449,100,1449,1,0
C,F,F,7117,100,7117,1,0
D,F,F,12844,100,12844,1,0
E,F,F,7033,100,7033,1,0
F,G,F,6873,100,6873,1,0
F,H,F,13210,100,13210,1,0
A,G,G,7571,100,7571,1,0
B,G,G,6754,100,6754,1,0
C,G,G,1378,100,1378,1,0
D,G,G,6790,100,6790,1,0
E,G,G,7312,100,7312,1,0
F,G,G,6883,100,6883,1,0
G,H,G,7075,100,7075,1,0
A,H,H,9691,100,9691,1,0
B,H,H,13034,100,13034,1,0
C,H,H,7062,100,7062,1,0
D,H,H,1401,100,1401,1,0
E,H,H,9675,100,9675,1,0
F,H,H,13248,100,13248,1,0
G,H,H,7051,100,7051,1,0
A,B,A,7156,100,7156,1,0
A,C,A,7562,100,7562,1,0
A,D,A,9188,100,9188,1,0
A,E,A,1340,100,1340,1,0
A,F,A,7387,100,7387,1,0
A,G,A,7537,100,7537,1,0
A,H,A,9710,100,9710,1,0
A,B,B,7176,100,7176,1,0
B,C,B,6729,100,6729,1,0
B,D,B,12545,100,12545,1,0
B,E,B,7028,100,7028,1,0
B,F,B,1422,100,1422,1,0
B,G,B,6770,100,6770,1,0
B,H,B,13029,100,13029,1,0
A,C,C,7574,100,7574,1,0
B,C,C,6713,100,6713,1,0
C,D,C,6598,100,6598,1,0
C,E,C,7492,100,7492,1,0
C,F,C,7119,100,7119,1,0
C,G,C,1371,100,1371,1,0
C,H,C,7139,100,7139,1,0
A,D,D,9213,100,9213,1,0
B,D,D,12549,100,12549,1,0
C,D,D,6636,100,6636,1,0
D,E,D,9341,100,9341,1,0
D,F,D,12851,100,12851,1,0
D,G,D,6813,100,6813,1,0
D,H,D,1432,100,1432,1,0
A,E,E,1406,100,1406,1,0
B,E,E,7070,100,7070,1,0
C,E,E,7545,100,7545,1,0
D,E,E,9320,100,9320,1,0
E,F,E,7018,100,7018,1,0
E,G,E,7321,100,7321,1,0
E,H,E,9692,100,9692,1,0
A,F,F,7412,100,7412,1,0
B,F,F,1401,100,1401,1,0
C,F,F,7116,100,7116,1,0
D,F,F,12869,100,12869,1,0
E,F,F,6988,100,6988,1,0
F,G,F,6880,100,6880,1,0
F,H,F,13232,100,13232,1,0
A,G,G,7599,100,7599,1,0
B,G,G,6719,100,6719,1,0
C,G,G,1341,100,1341,1,0
D,G,G,6818,100,6818,1,0
E,G,G,7317,100,7317,1,0
F,G,G,6896,100,6896,1,0
G,H,G,7077,100,7077,1,0
A,H,H,9687,100,9687,1,0
B,H,H,13064,100,13064,1,0
C,H,H,7132,100,7132,1,0
D,H,H,1421,100,1421,1,0
E,H,H,9654,100,9654,1,0
F,H,H,13236,100,13236,1,0
G,H,H,7076,100,7076,1,0
A,B,A,7192,100,7192,1,0
A,C,A,7549,100,7549,1,0
A,D,A,9189,100,9189,1,0
A,E,A,1385,100,1385,1,0
A,F,A,7333,100,7333,1,0
A,G,A,7608,100,7608,1,0
A,H,A,9702,100,9702,1,0
A,B,B,7157,100,7157,1,0
B,C,B,6739,100,6739,1,0
B,D,B,12521,100,12521,1,0
B,E,B,7025,100,7025,1,0
B,F,B,1441,100,1441,1,0
B,G,B,6771,100,6771,1,0
B,H,B,13030,100,13030,1,0
A,C,C,7579,100,7579,1,0
B,C,C,6700,100,6700,1,0
C,D,C,6601,100,6601,1,0
C,E,C,7536,100,7536,1,0
C,F,C,7126,100,7126,1,0
C,G,C,1325,100,1325,1,0
C,H,C,7092,100,7092,1,0
A,D,D,9184,100,9184,1,0
B,D,D,12522,100,12522,1,0
C,D,D,6545,100,6545,1,0
D,E,D,9362,100,9362,1,0
D,F,D,12892,100,12892,1,0
D,G,D,6801,100,6801,1,0
D,H,D,1403,100,1403,1,0
A,E,E,1378,100,1378,1,0
B,E,E,7012,100,7012,1,0
C,E,E,7551,100,7551,1,0
D,E,E,9361,100,9361,1,0
E,F,E,7004,100,7004,1,0
E,G,E,7295,100,7295,1,0
E,H,E,9644,100,9644,1,0
A,F,F,7383,100,7383,1,0
B,F,F,1445,100,1445,1,0
C,F,F,7126,100,7126,1,0
D,F,F,12859,100,12859,1,0
E,F,F,7020,100,7020,1,0
F,G,F,6908,100,6908,1,0
F,H,F,13201,100,13201,1,0
A,G,G,7581,100,7581,1,0
B,G,G,6751,100,6751,1,0
C,G,G,1357,100,1357,1,0
D,G,G,6801,100,6801,1,0
E,G,G,7301,100,7301,1,0
F,G,G,6875,100,6875,1,0
G,H,G,7077,100,7077,1,0
A,H,H,9699,100,9699,1,0
B,H,H,13047,100,13047,1,0
C,H,H,7067,100,7067,1,0
D,H,H,1443,100,1443,1,0
E,H,H,9671,100,9671,1,0
F,H,H,13214,100,13214,1,0
G,H,H,7049,100,7049,1,0
A,B,A,7128,100,7128,1,0
A,C,A,7624,100,7624,1,0
A,D,A,9206,100,9206,1,0
A,E,A,1373,100,1373,1,0
A,F,A,7371,100,7371,1,0
A,G,A,7547,100,7547,1,0
A,H,A,9724,100,9724,1,0
A,B,B,7119,100,7119,1,0
B,C,B,6714,100,6714,1,0
B,D,B,12517,100,12517,1,0
B,E,B,7033,100,7033,1,0
B,F,B,1451,100,1451,1,0
B,G,B,6749,100,6749,1,0
B,H,B,13034,100,13034,1,0
A,C,C,7585,100,7585,1,0
B,C,C,6694,100,6694,1,0
C,D,C,6622,100,6622,1,0
C,E,C,7507,100,7507,1,0
C,F,C,7127,100,7127,1,0
C,G,C,1362,100,1362,1,0
C,H,C,7107,100,7107,1,0
A,D,D,9174,100,9174,1,0
B,D,D,12519,100,12519,1,0
C,D,D,6589,100,6589,1,0
D,E,D,9328,100,9328,1,0
D,F,D,12893,100,12893,1,0
D,G,D,6836,100,6836,1,0
D,H,D,1443,100,1443,1,0
A,E,E,1357,100,1357,1,0
B,E,E,7043,100,7043,1,0
C,E,E,7540,100,7540,1,0
D,E,E,9419,100,9419,1,0
E,F,E,7030,100,7030,1,0
E,G,E,7297,100,7297,1,0
E,H,E,9695,100,9695,1,0
A,F,F,7364,100,7364,1,0
B,F,F,1436,100,1436,1,0
C,F,F,7121,100,7121,1,0
D,F,F,12857,100,12857,1,0
E,F,F,7001,100,7001,1,0
F,G,F,6864,100,6864,1,0
F,H,F,13183,100,13183,1,0
A,G,G,7599,100,7599,1,0
B,G,G,6749,100,6749,1,0
C,G,G,1340,100,1340,1,0
D,G,G,6821,100,6821,1,0
E,G,G,7301,100,7301,1,0
F,G,G,6872,100,6872,1,0
G,H,G,7050,100,7050,1,0
A,H,H,9718,100,9718,1,0
B,H,H,13022,100,13022,1,0
C,H,H,7144,100,7144,1,0
D,H,H,1417,100,1417,1,0
E,H,H,9661,100,9661,1,0
F,H,H,13242,100,13242,1,0
G,H,H,7058,100,7058,1,0
A,B,A,7194,100,7194,1,0
A,C,A,7580,100,7580,1,0
A,D,A,9189,100,9189,1,0
A,E,A,1392,100,1392,1,0
A,F,A,7403,100,7403,1,0
A,G,A,7611,100,7611,1,0
A,H,A,9669,100,9669,1,0
A,B,B,7133,100,7133,1,0
B,C,B,6688,100,6688,1,0
B,D,B,12541,100,12541,1,0
B,E,B,7050,100,7050,1,0
B,F,B,1434,100,1434,1,0
B,G,B,6750,100,6750,1,0
B,H,B,13036,100,13036,1,0
A,C,C,7570,100,7570,1,0
B,C,C,6705,100,6705,1,0
C,D,C,6625,100,6625,1,0
C,E,C,7525,100,7525,1,0
C,F,C,7123,100,7123,1,0
C,G,C,1363,100,1363,1,0
C,H,C,7144,100,7144,1,0
A,D,D,9206,100,9206,1,0
B,D,D,12579,100,12579,1,0
C,D,D,6628,100,6628,1,0
D,E,D,9382,100,9382,1,0
D,F,D,12861,100,12861,1,0
D,G,D,6841,100,6841,1,0
D,H,D,1461,100,1461,1,0
A,E,E,1428,100,1428,1,0
B,E,E,7017,100,7017,1,0
C,E,E,7501,100,7501,1,0
D,E,E,9340,100,9340,1,0
E,F,E,6977,100,6977,1,0
E,G,E,7293,100,7293,1,0
E,H,E,9653,100,9653,1,0
A,F,F,7395,100,7395,1,0
B,F,F,1401,100,1401,1,0
C,F,F,7116,100,7116,1,0
D,F,F,12910,100,12910,1,0
E,F,F,6996,100,6996,1,0
F,G,F,6879,100,6879,1,0
F,H,F,13189,100,13189,1,0
A,G,G,7592,100,7592,1,0
B,G,G,6759,100,6759,1,0
C,G,G,1406,100,1406,1,0
D,G,G,6805,100,6805,1,0
E,G,G,7322,100,7322,1,0
F,G,G,6885,100,6885,1,0
G,H,G,7012,100,7012,1,0
A,H,H,9713,100,9713,1,0
B,H,H,13073,100,13073,1,0
C,H,H,7126,100,7126,1,0
D,H,H,1467,100,1467,1,0
E,H,H,9677,100,9677,1,0
F,H,H,13233,100,13233,1,0
G,H,H,7074,100,7074,1,0
A,B,A,7178,100,7178,1,0
A,C,A,7525,100,7525,1,0
A,D,A,9220,100,9220,1,0
A,E,A,1375,100,1375,1,0
A,F,A,7372,100,7372,1,0
A,G,A,7541,100,7541,1,0
A,H,A,9711,100,9711,1,0
A,B,B,7177,100,7177,1,0
B,C,B,6760,100,6760,1,0
B,D,B,12541,100,12541,1,0
B,E,B,7030,100,7030,1,0
B,F,B,1409,100,1409,1,0
B,G,B,6761,100,6761,1,0
B,H,B,13012,100,13012,1,0
A,C,C,7560,100,7560,1,0
B,C,C,6702,100,6702,1,0
C,D,C,6577,100,6577,1,0
C,E,C,7543,100,7543,1,0
C,F,C,7118,100,7118,1,0
C,G,C,1408,100,1408,1,0
C,H,C,7098,100,7098,1,0
A,D,D,9190,100,9190,1,0
B,D,D,12529,100,12529,1,0
C,D,D,6592,100,6592,1,0
D,E,D,9403,100,9403,1,0
D,F,D,12892,100,12892,1,0
D,G,D,6785,100,6785,1,0
D,H,D,1480,100,1480,1,0
A,E,E,1402,100,1402,1,0
B,E,E,7069,100,7069,1,0
C,E,E,7545,100,7545,1,0
D,E,E,9327,100,9327,1,0
E,F,E,6978,100,6978,1,0
E,G,E,7281,100,7281,1,0
E,H,E,9672,100,9672,1,0
A,F,F,7352,100,7352,1,0
B,F,F,1430,100,1430,1,0
C,F,F,7110,100,7110,1,0
D,F,F,12881,100,12881,1,0
E,F,F,7012,100,7012,1,0
F,G,F,6886,100,6886,1,0
F,H,F,13230,100,13230,1,0
A,G,G,7572,100,7572,1,0
B,G,G,6759,100,6759,1,0
C,G,G,1308,100,1308,1,0
D,G,G,6802,100,6802,1,0
E,G,G,7301,100,7301,1,0
F,G,G,6894,100,6894,1,0
G,H,G,7077,100,7077,1,0
A,H,H,9725,100,9725,1,0
B,H,H,13018,100,13018,1,0
C,H,H,7081,100,7081,1,0
D,H,H,1468,100,1468,1,0
E,H,H,9656,100,9656,1,0
F,H,H,13255,100,13255,1,0
G,H,H,7073,100,7073,1,0
A,B,A,7168,100,7168,1,0
A,C,A,7623,100,7623,1,0
A,D,A,9189,100,9189,1,0
A,E,A,1373,100,1373,1,0
A,F,A,7364,100,7364,1,0
A,G,A,7585,100,7585,1,0
A,H,A,9709,100,9709,1,0
A,B,B,7157,100,7157,1,0
B,C,B,6762,100,6762,1,0
B,D,B,12526,100,12526,1,0
B,E,B,7082,100,7082,1,0
B,F,B,1441,100,1441,1,0
B,G,B,6751,100,6751,1,0
B,H,B,13053,100,13053,1,0
A,C,C,7610,100,7610,1,0
B,C,C,6681,100,6681,1,0
C,D,C,6587,100,6587,1,0
C,E,C,7492,100,7492,1,0
C,F,C,7105,100,7105,1,0
C,G,C,1379,100,1379,1,0
C,H,C,7084,100,7084,1,0
A,D,D,9199,100,9199,1,0
B,D,D,12490,100,12490,1,0
C,D,D,6594,100,6594,1,0
D,E,D,9303,100,9303,1,0
D,F,D,12851,100,12851,1,0
D,G,D,6807,100,6807,1,0
D,H,D,1410,100,1410,1,0
A,E,E,1368,100,1368,1,0
B,E,E,7069,100,7069,1,0
C,E,E,7557,100,7557,1,0
D,E,E,9361,100,9361,1,0
E,F,E,7043,100,7043,1,0
E,G,E,7306,100,7306,1,0
E,H,E,9687,100,9687,1,0
A,F,F,7366,100,7366,1,0
B,F,F,1424,100,1424,1,0
C,F,F,7140,100,7140,1,0
D,F,F,12914,100,12914,1,0
E,F,F,6997,100,6997,1,0
F,G,F,6908,100,6908,1,0
F,H,F,13263,100,13263,1,0
A,G,G,7557,100,7557,1,0
B,G,G,6742,100,6742,1,0
C,G,G,1319,100,1319,1,0
D,G,G,6818,100,6818,1,0
E,G,G,7317,100,7317,1,0
F,G,G,6878,100,6878,1,0
G,H,G,7016,100,7016,1,0
A,H,H,9698,100,9698,1,0
B,H,H,12963,100,12963,1,0
C,H,H,7131,100,7131,1,0
D,H,H,1466,100,1466,1,0
E,H,H,9640,100,9640,1,0
F,H,H,13247,100,13247,1,0
G,H,H,7035,100,7035,1,0
A,B,A,7138,100,7138,1,0
A,C,A,7606,100,7606,1,0
A,D,A,9193,100,9193,1,0
A,E,A,1354,100,1354,1,0
A,F,A,7391,100,7391,1,0
A,G,A,7600,100,7600,1,0
A,H,A,9668,100,9668,1,0
A,B,B,7194,100,7194,1,0
B,C,B,6702,100,6702,1,0
B,D,B,12549,100,12549,1,0
B,E,B,6992,100,6992,1,0
B,F,B,1452,100,1452,1,0
B,G,B,6746,100,6746,1,0
B,H,B,13003,100,13003,1,0
A,C,C,7592,100,7592,1,0
B,C,C,6713,100,6713,1,0
C,D,C,6580,100,6580,1,0
C,E,C,7584,100,7584,1,0
C,F,C,7143,100,7143,1,0
C,G,C,1382,100,1382,1,0
C,H,C,7133,100,7133,1,0
A,D,D,9185,100,9185,1,0
B,D,D,12496,100,12496,1,0
C,D,D,6602,100,6602,1,0
D,E,D,9303,100,9303,1,0
D,F,D,12890,100,12890,1,0
D,G,D,6814,100,6814,1,0
D,H,D,1426,100,1426,1,0
A,E,E,1376,100,1376,1,0
B,E,E,7037,100,7037,1,0
C,E,E,7566,100,7566,1,0
D,E,E,9292,100,9292,1,0
E,F,E,6999,100,6999,1,0
E,G,E,7300,100,7300,1,0
E,H,E,9650,100,9650,1,0
A,F,F,7397,100,7397,1,0
B,F,F,1463,100,1463,1,0
C,F,F,7135,100,7135,1,0
D,F,F,12855,100,12855,1,0
E,F,F,6997,100,6997,1,0
F,G,F,6886,100,6886,1,0
F,H,F,13276,100,13276,1,0
A,G,G,7577,100,7577,1,0
B,G,G,6757,100,6757,1,0
C,G,G,1406,100,1406,1,0
D,G,G,6773,100,6773,1,0
E,G,G,7315,100,7315,1,0
F,G,G,6896,100,6896,1,0
G,H,G,7050,100,7050,1,0
A,H,H,9705,100,9705,1,0
B,H,H,12963,100,12963,1,0
C,H,H,7128,100,7128,1,0
D,H,H,1400,100,1400,1,0
E,H,H,9664,100,9664,1,0
F,H,H,13250,100,13250,1,0
G,H,H,7030,100,7030,1,0
A,B,A,7158,100,7158,1,0
A,C,A,7578,100,7578,1,0
A,D,A,9191,100,9191,1,0
A,E,A,1352,100,1352,1,0
A,F,A,7378,100,7378,1,0
A,G,A,7597,100,7597,1,0
A,H,A,9737,100,9737,1,0
A,B,B,7124,100,7124,1,0
B,C,B,6693,100,6693,1,0
B,D,B,12493,100,12493,1,0
B,E,B,7016,100,7016,1,0
B,F,B,1412,100,1412,1,0
B,G,B,6748,100,6748,1,0
B,H,B,13007,100,13007,1,0
A,C,C,7560,100,7560,1,0
B,C,C,6706,100,6706,1,0
C,D,C,6582,100,6582,1,0
C,E,C,7569,100,7569,1,0
C,F,C,7111,100,7111,1,0
C,G,C,1389,100,1389,1,0
C,H,C,7130,100,7130,1,0
A,D,D,9201,100,9201,1,0
B,D,D,12521,100,12521,1,0
C,D,D,6596,100,6596,1,0
D,E,D,9330,100,9330,1,0
D,F,D,12833,100,12833,1,0
D,G,D,6817,100,6817,1,0
D,H,D,1446,100,1446,1,0
A,E,E,1408,100,1408,1,0
B,E,E,7013,100,7013,1,0
C,E,E,7551,100,7551,1,0
D,E,E,9399,100,9399,1,0
E,F,E,7016,100,7016,1,0
E,G,E,7317,100,7317,1,0
E,H,E,9680,100,9680,1,0
A,F,F,7385,100,7385,1,0
B,F,F,1434,100,1434,1,0
C,F,F,7130,100,7130,1,0
D,F,F,12875,100,12875,1,0
E,F,F,7046,100,7046,1,0
F,G,F,6896,100,6896,1,0
F,H,F,13264,100,13264,1,0
A,G,G,7590,100,7590,1,0
B,G,G,6757,100,6757,1,0
C,G,G,1356,100,1356,1,0
D,G,G,6817,100,6817,1,0
E,G,G,7336,100,7336,1,0
F,G,G,6877,100,6877,1,0
G,H,G,7104,100,7104,1,0
A,H,H,9724,100,9724,1,0
B,H,H,13086,100,13086,1,0
C,H,H,7135,100,7135,1,0
D,H,H,1453,100,1453,1,0
E,H,H,9661,100,9661,1,0
F,H,H,13234,100,13234,1,0
G,H,H,7013,100,7013,1,0
A,B,A,7164,100,7164,1,0
A,C,A,7567,100,7567,1,0
A,D,A,9199,100,9199,1,0
A,E,A,1389,100,1389,1,0
A,F,A,7372,100,7372,1,0
A,G,A,7622,100,7622,1,0
A,H,A,9703,100,9703,1,0
A,B,B,7126,100,7126,1,0
B,C,B,6741,100,6741,1,0
B,D,B,12549,100,12549,1,0
B,E,B,7028,100,7028,1,0
B,F,B,1429,100,1429,1,0
B,G,B,6753,100,6753,1,0
B,H,B,12995,100,12995,1,0
A,C,C,7537,100,7537,1,0
B,C,C,6718,100,6718,1,0
C,D,C,6605,100,6605,1,0
C,E,C,7586,100,7586,1,0
C,F,C,7119,100,7119,1,0
C,G,C,1391,100,1391,1,0
C,H,C,7162,100,7162,1,0
A,D,D,9211,100,9211,1,0
B,D,D,12520,100,12520,1,0
C,D,D,6587,100,6587,1,0
D,E,D,9321,100,9321,1,0
D,F,D,12853,100,12853,1,0
D,G,D,6769,100,6769,1,0
D,H,D,1466,100,1466,1,0
A,E,E,1430,100,1430,1,0
B,E,E,6994,100,6994,1,0
C,E,E,7532,100,7532,1,0
D,E,E,9352,100,9352,1,0
E,F,E,7018,100,7018,1,0
E,G,E,7315,100,7315,1,0
E,H,E,9698,100,9698,1,0
A,F,F,7362,100,7362,1,0
B,F,F,1408,100,1408,1,0
C,F,F,7144,100,7144,1,0
D,F,F,12876,100,12876,1,0
E,F,F,7021,100,7021,1,0
F,G,F,6894,100,6894,1,0
F,H,F,13245,100,13245,1,0
A,G,G,7560,100,7560,1,0
B,G,G,6782,100,6782,1,0
C,G,G,1358,100,1358,1,0
D,G,G,6798,100,6798,1,0
E,G,G,7329,100,7329,1,0
F,G,G,6911,100,6911,1,0
G,H,G,7024,100,7024,1,0
A,H,H,9697,100,9697,1,0
B,H,H,13032,100,13032,1,0
C,H,H,7139,100,7139,1,0
D,H,H,1408,100,1408,1,0
E,H,H,9657,100,9657,1,0
F,H,H,13226,100,13226,1,0
G,H,H,7043,100,7043,1,0
A,B,A,7141,100,7141,1,0
A,C,A,7584,100,7584,1,0
A,D,A,9184,100,9184,1,0
A,E,A,1359,100,1359,1,0
A,F,A,7368,100,7368,1,0
A,G,A,7605,100,7605,1,0
A,H,A,9681,100,9681,1,0
A,B,B,7144,100,7144,1,0
B,C,B,6725,100,6725,1,0
B,D,B,12544,100,12544,1,0
B,E,B,7023,100,7023,1,0
B,F,B,1452,100,1452,1,0
B,G,B,6744,100,6744,1,0
B,H,B,13055,100,13055,1,0
A,C,C,7587,100,7587,1,0
B,C,C,6722,100,6722,1,0
C,D,C,6608,100,6608,1,0
C,E,C,7562,100,7562,1,0
C,F,C,7112,100,7112,1,0
C,G,C,1360,100,1360,1,0
C,H,C,7080,100,7080,1,0
A,D,D,9181,100,9181,1,0
B,D,D,12476,100,12476,1,0
C,D,D,6604,100,6604,1,0
D,E,D,9319,100,9319,1,0
D,F,D,12894,100,12894,1,0
D,G,D,6838,100,6838,1,0
D,H,D,1482,100,1482,1,0
A,E,E,1357,100,1357,1,0
B,E,E,7033,100,7033,1,0
C,E,E,7527,100,7527,1,0
D,E,E,9343,100,9343,1,0
E,F,E,6962,100,6962,1,0
E,G,E,7310,100,7310,1,0
E,H,E,9638,100,9638,1,0
A,F,F,7350,100,7350,1,0
B,F,F,1441,100,1441,1,0
C,F,F,7126,100,7126,1,0
D,F,F,12870,100,12870,1,0
E,F,F,7019,100,7019,1,0
F,G,F,6886,100,6886,1,0
F,H,F,13205,100,13205,1,0
A,G,G,7568,100,7568,1,0
B,G,G,6766,100,6766,1,0
C,G,G,1374,100,1374,1,0
D,G,G,6822,100,6822,1,0
E,G,G,7317,100,7317,1,0
F,G,G,6895,100,6895,1,0
G,H,G,7002,100,7002,1,0
A,H,H,9710,100,9710,1,0
B,H,H,13034,100,13034,1,0
C,H,H,7112,100,7112,1,0
D,H,H,1444,100,1444,1,0
E,H,H,9652,100,9652,1,0
F,H,H,13259,100,13259,1,0
G,H,H,7047,100,7047,1,0
A,B,A,7143,100,7143,1,0
A,C,A,7557,100,7557,1,0
A,D,A,9211,100,9211,1,0
A,E,A,1377,100,1377,1,0
A,F,A,7385,100,7385,1,0
A,G,A,7626,100,7626,1,0
A,H,A,9698,100,9698,1,0
A,B,B,7150,100,7150,1,0
B,C,B,6700,100,6700,1,0
B,D,B,12550,100,12550,1,0
B,E,B,7039,100,7039,1,0
B,F,B,1437,100,1437,1,0
B,G,B,6749,100,6749,1,0
B,H,B,13075,100,13075,1,0
A,C,C,7617,100,7617,1,0
B,C,C,6700,100,6700,1,0
C,D,C,6636,100,6636,1,0
C,E,C,7553,100,7553,1,0
C,F,C,7164,100,7164,1,0
C,G,C,1347,100,1347,1,0
C,H,C,7114,100,7114,1,0
A,D,D,9178,100,9178,1,0
B,D,D,12558,100,12558,1,0
C,D,D,6606,100,6606,1,0
D,E,D,9344,100,9344,1,0
D,F,D,12866,100,12866,1,0
D,G,D,6826,100,6826,1,0
D,H,D,1504,100,1504,1,0
A,E,E,1340,100,1340,1,0
B,E,E,7066,100,7066,1,0
C,E,E,7532,100,7532,1,0
D,E,E,9387,100,9387,1,0
E,F,E,7023,100,7023,1,0
E,G,E,7310,100,7310,1,0
E,H,E,9634,100,9634,1,0
A,F,F,7375,100,7375,1,0
B,F,F,1426,100,1426,1,0
C,F,F,7147,100,7147,1,0
D,F,F,12862,100,12862,1,0
E,F,F,6980,100,6980,1,0
F,G,F,6891,100,6891,1,0
F,H,F,13280,100,13280,1,0
A,G,G,7545,100,7545,1,0
B,G,G,6743,100,6743,1,0
C,G,G,1374,100,1374,1,0
D,G,G,6826,100,6826,1,0
E,G,G,7314,100,7314,1,0
F,G,G,6866,100,6866,1,0
G,H,G,7068,100,7068,1,0
A,H,H,9680,100,9680,1,0
B,H,H,13044,100,13044,1,0
C,H,H,7089,100,7089,1,0
D,H,H,1451,100,1451,1,0
E,H,H,9681,100,9681,1,0
F,H,H,13267,100,13267,1,0
G,H,H,7087,100,7087,1,0
A,B,A,7162,100,7162,1,0
A,C,A,7590,100,7590,1,0
A,D,A,9243,100,9243,1,0
A,E,A,1345,100,1345,1,0
A,F,A,7422,100,7422,1,0
A,G,A,7610,100,7610,1,0
A,H,A,9689,100,9689,1,0
A,B,B,7142,100,7142,1,0
B,C,B,6727,100,6727,1,0
B,D,B,12583,100,12583,1,0
B,E,B,7041,100,7041,1,0
B,F,B,1422,100,1422,1,0
B,G,B,6755,100,6755,1,0
B,H,B,13061,100,13061,1,0
A,C,C,7564,100,7564,1,0
B,C,C,6715,100,6715,1,0
C,D,C,6645,100,6645,1,0
C,E,C,7548,100,7548,1,0
C,F,C,7126,100,7126,1,0
C,G,C,1382,100,1382,1,0
C,H,C,7078,100,7078,1,0
A,D,D,9209,100,9209,1,0
B,D,D,12547,100,12547,1,0
C,D,D,6604,100,6604,1,0
D,E,D,9361,100,9361,1,0
D,F,D,12864,100,12864,1,0
D,G,D,6776,100,6776,1,0
D,H,D,1457,100,1457,1,0
A,E,E,1342,100,1342,1,0
B,E,E,7026,100,7026,1,0
C,E,E,7568,100,7568,1,0
D,E,E,9310,100,9310,1,0
E,F,E,7014,100,7014,1,0
E,G,E,7326,100,7326,1,0
E,H,E,9652,100,9652,1,0
A,F,F,7376,100,7376,1,0
B,F,F,1441,100,1441,1,0
C,F,F,7114,100,7114,1,0
D,F,F,12844,100,12844,1,0
E,F,F,6975,100,6975,1,0
F,G,F,6885,100,6885,1,0
F,H,F,13217,100,13217,1,0
A,G,G,7582,100,7582,1,0
B,G,G,6786,100,6786,1,0
C,G,G,1363,100,1363,1,0
D,G,G,6839,100,6839,1,0
E,G,G,7307,100,7307,1,0
F,G,G,6862,100,6862,1,0
G,H,G,7078,100,7078,1,0
A,H,H,9688,100,9688,1,0
B,H,H,13071,100,13071,1,0
C,H,H,7167,100,7167,1,0
D,H,H,1427,100,1427,1,0
E,H,H,9664,100,9664,1,0
F,H,H,13303,100,13303,1,0
G,H,H,7045,100,7045,1,0
A,B,A,7184,100,7184,1,0
A,C,A,7575,100,7575,1,0
A,D,A,9188,100,9188,1,0
A,E,A,1336,100,1336,1,0
A,F,A,7419,100,7419,1,0
A,G,A,7596,100,7596,1,0
A,H,A,9694,100,9694,1,0
A,B,B,7171,100,7171,1,0
B,C,B,6703,100,6703,1,0
B,D,B,12545,100,12545,1,0
B,E,B,6999,100,6999,1,0
B,F,B,1387,100,1387,1,0
B,G,B,6762,100,6762,1,0
B,H,B,13055,100,13055,1,0
A,C,C,7558,100,7558,1,0
B,C,C,6716,100,6716,1,0
C,D,C,6618,100,6618,1,0
C,E,C,7583,100,7583,1,0
C,F,C,7125,100,7125,1,0
C,G,C,1358,100,1358,1,0
C,H,C,7124,100,7124,1,0
A,D,D,9200,100,9200,1,0
B,D,D,12520,100,12520,1,0
C,D,D,6614,100,6614,1,0
D,E,D,9361,100,9361,1,0
D,F,D,12839,100,12839,1,0
D,G,D,6818,100,6818,1,0
D,H,D,1441,100,1441,1,0
A,E,E,1355,100,1355,1,0
B,E,E,7035,100,7035,1,0
C,E,E,7527,100,7527,1,0
D,E,E,9359,100,9359,1,0
E,F,E,7004,100,7004,1,0
E,G,E,7314,100,7314,1,0
E,H,E,9671,100,9671,1,0
A,F,F,7400,100,7400,1,0
B,F,F,1448,100,1448,1,0
C,F,F,7123,100,7123,1,0
D,F,F,12885,100,12885,1,0
E,F,F,7026,100,7026,1,0
F,G,F,6898,100,6898,1,0
F,H,F,13277,100,13277,1,0
A,G,G,7569,100,7569,1,0
B,G,G,6760,100,6760,1,0
C,G,G,1369,100,1369,1,0
D,G,G,6829,100,6829,1,0
E,G,G,7294,100,7294,1,0
F,G,G,6893,100,6893,1,0
G,H,G,7062,100,7062,1,0
A,H,H,9699,100,9699,1,0
B,H,H,13040,100,13040,1,0
C,H,H,7141,100,7141,1,0
D,H,H,1466,100,1466,1,0
E,H,H,9636,100,9636,1,0
F,H,H,13235,100,13235,1,0
G,H,H,7058,100,7058,1,0
A,B,A,7188,100,7188,1,0
A,C,A,7627,100,7627,1,0
A,D,A,9218,100,9218,1,0
A,E,A,1359,100,1359,1,0
A,F,A,7367,100,7367,1,0
A,G,A,7605,100,7605,1,0
A,H,A,9698,100,9698,1,0
A,B,B,7147,100,7147,1,0
B,C,B,6734,100,6734,1,0
B,D,B,12543,100,12543,1,0
B,E,B,7003,100,7003,1,0
B,F,B,1406,100,1406,1,0
B,G,B,6724,100,6724,1,0
B,H,B,13105,100,13105,1,0
A,C,C,7535,100,7535,1,0
B,C,C,6717,100,6717,1,0
C,D,C,6640,100,6640,1,0
C,E,C,7551,100,7551,1,0
C,F,C,7122,100,7122,1,0
C,G,C,1398,100,1398,1,0
C,H,C,7070,100,7070,1,0
A,D,D,9180,100,9180,1,0
B,D,D,12529,100,12529,1,0
C,D,D,6557,100,6557,1,0
D,E,D,9325,100,9325,1,0
D,F,D,12886,100,12886,1,0
D,G,D,6814,100,6814,1,0
D,H,D,1425,100,1425,1,0
A,E,E,1402,100,1402,1,0
B,E,E,7008,100,7008,1,0
C,E,E,7566,100,7566,1,0
D,E,E,9328,100,9328,1,0
E,F,E,7029,100,7029,1,0
E,G,E,7317,100,7317,1,0
E,H,E,9683,100,9683,1,0
A,F,F,7431,100,7431,1,0
B,F,F,1453,100,1453,1,0
C,F,F,7143,100,7143,1,0
D,F,F,12842,100,12842,1,0
E,F,F,7027,100,7027,1,0
F,G,F,6897,100,6897,1,0
F,H,F,13229,100,13229,1,0
A,G,G,7576,100,7576,1,0
B,G,G,6784,100,6784,1,0
C,G,G,1311,100,1311,1,0
D,G,G,6808,100,6808,1,0
E,G,G,7325,100,7325,1,0
F,G,G,6881,100,6881,1,0
G,H,G,7040,100,7040,1,0
A,H,H,9662,100,9662,1,0
B,H,H,13059,100,13059,1,0
C,H,H,7102,100,7102,1,0
D,H,H,1433,100,1433,1,0
E,H,H,9642,100,9642,1,0
F,H,H,13239,100,13239,1,0
G,H,H,7037,100,7037,1,0
A,B,A,7117,100,7117,1,0
A,C,A,7589,100,7589,1,0
A,D,A,9226,100,9226,1,0
A,E,A,1402,100,1402,1,0
A,F,A,7351,100,7351,1,0
A,G,A,7593,100,7593,1,0
A,H,A,9704,100,9704,1,0
A,B,B,7146,100,7146,1,0
B,C,B,6735,100,6735,1,0
B,D,B,12514,100,12514,1,0
B,E,B,7030,100,7030,1,0
B,F,B,1452,100,1452,1,0
B,G,B,6756,100,6756,1,0
B,H,B,13058,100,13058,1,0
A,C,C,7596,100,7596,1,0
B,C,C,6727,100,6727,1,0
C,D,C,6643,100,6643,1,0
C,E,C,7563,100,7563,1,0
C,F,C,7119,100,7119,1,0
C,G,C,1367,100,1367,1,0
C,H,C,7103,100,7103,1,0
A,D,D,9204,100,9204,1,0
B,D,D,12539,100,12539,1,0
C,D,D,6609,100,6609,1,0
D,E,D,9386,100,9386,1,0
D,F,D,12868,100,12868,1,0
D,G,D,6760,100,6760,1,0
D,H,D,1424,100,1424,1,0
A,E,E,1445,100,1445,1,0
B,E,E,7070,100,7070,1,0
C,E,E,7552,100,7552,1,0
D,E,E,9315,100,9315,1,0
E,F,E,7026,100,7026,1,0
E,G,E,7308,100,7308,1,0
E,H,E,9677,100,9677,1,0
A,F,F,7398,100,7398,1,0
B,F,F,1434,100,1434,1,0
C,F,F,7124,100,7124,1,0
D,F,F,12875,100,12875,1,0
E,F,F,7011,100,7011,1,0
F,G,F,6887,100,6887,1,0
F,H,F,13243,100,13243,1,0
A,G,G,7511,100,7511,1,0
B,G,G,6729,100,6729,1,0
C,G,G,1394,100,1394,1,0
D,G,G,6793,100,6793,1,0
E,G,G,7334,100,7334,1,0
F,G,G,6849,100,6849,1,0
G,H,G,7028,100,7028,1,0
A,H,H,9711,100,9711,1,0
B,H,H,13057,100,13057,1,0
C,H,H,7148,100,7148,1,0
D,H,H,1401,100,1401,1,0
E,H,H,9623,100,9623,1,0
F,H,H,13215,100,13215,1,0
G,H,H,7025,100,7025,1,0
A,B,A,7136,100,7136,1,0
A,C,A,7643,100,7643,1,0
A,D,A,9191,100,9191,1,0
A,E,A,1400,100,1400,1,0
A,F,A,7394,100,7394,1,0
A,G,A,7521,100,7521,1,0
A,H,A,9700,100,9700,1,0
A,B,B,7145,100,7145,1,0
B,C,B,6686,100,6686,1,0
B,D,B,12555,100,12555,1,0
B,E,B,7100,100,7100,1,0
B,F,B,1433,100,1433,1,0
B,G,B,6772,100,6772,1,0
B,H,B,13026,100,13026,1,0
A,C,C,7567,100,7567,1,0
B,C,C,6746,100,6746,1,0
C,D,C,6585,100,6585,1,0
C,E,C,7559,100,7559,1,0
C,F,C,7113,100,7113,1,0
C,G,C,1329,100,1329,1,0
C,H,C,7098,100,7098,1,0
A,D,D,9188,100,9188,1,0
B,D,D,12562,100,12562,1,0
C,D,D,6623,100,6623,1,0
D,E,D,9349,100,9349,1,0
D,F,D,12927,100,12927,1,0
D,G,D,6868,100,6868,1,0
D,H,D,1471,100,1471,1,0
A,E,E,1372,100,1372,1,0
B,E,E,7048,100,7048,1,0
C,E,E,7555,100,7555,1,0
D,E,E,9312,100,9312,1,0
E,F,E,6964,100,6964,1,0
E,G,E,7318,100,7318,1,0
E,H,E,9693,100,9693,1,0
A,F,F,7386,100,7386,1,0
B,F,F,1488,100,1488,1,0
C,F,F,7124,100,7124,1,0
D,F,F,12899,100,12899,1,0
E,F,F,6998,100,6998,1,0
F,G,F,6893,100,6893,1,0
F,H,F,13258,100,13258,1,0
A,G,G,7564,100,7564,1,0
B,G,G,6741,100,6741,1,0
C,G,G,1345,100,1345,1,0
D,G,G,6838,100,6838,1,0
E,G,G,7319,100,7319,1,0
F,G,G,6851,100,6851,1,0
G,H,G,7070,100,7070,1,0
A,H,H,9673,100,9673,1,0
B,H,H,13019,100,13019,1,0
C,H,H,7132,100,7132,1,0
D,H,H,1450,100,1450,1,0
E,H,H,9642,100,9642,1,0
F,H,H,13239,100,13239,1,0
G,H,H,7029,100,7029,1,0
A,B,A,7166,100,7166,1,0
A,C,A,7561,100,7561,1,0
A,D,A,9207,100,9207,1,0
A,E,A,1385,100,1385,1,0
A,F,A,7392,100,7392,1,0
A,G,A,7570,100,7570,1,0
A,H,A,9667,100,9667,1,0
A,B,B,7152,100,7152,1,0
B,C,B,6728,100,6728,1,0
B,D,B,12543,100,12543,1,0
B,E,B,7018,100,7018,1,0
B,F,B,1440,100,1440,1,0
B,G,B,6762,100,6762,1,0
B,H,B,13051,100,13051,1,0
A,C,C,7556,100,7556,1,0
B,C,C,6735,100,6735,1,0
C,D,C,6585,100,6585,1,0
C,E,C,7534,100,7534,1,0
C,F,C,7101,100,7101,1,0
C,G,C,1384,100,1384,1,0
C,H,C,7128,100,7128,1,0
A,D,D,9213,100,9213,1,0
B,D,D,12496,100,12496,1,0
C,D,D,6589,100,6589,1,0
D,E,D,9368,100,9368,1,0
D,F,D,12869,100,12869,1,0
D,G,D,6828,100,6828,1,0
D,H,D,1403,100,1403,1,0
A,E,E,1402,100,1402,1,0
B,E,E,7066,100,7066,1,0
C,E,E,7516,100,7516,1,0
D,E,E,9394,100,9394,1,0
E,F,E,7034,100,7034,1,0
E,G,E,7302,100,7302,1,0
E,H,E,9648,100,9648,1,0
A,F,F,7411,100,7411,1,0
B,F,F,1432,100,1432,1,0
C,F,F,7116,100,7116,1,0
D,F,F,12887,100,12887,1,0
E,F,F,7005,100,7005,1,0
F,G,F,6872,100,6872,1,0
F,H,F,13265,100,13265,1,0
A,G,G,7608,100,7608,1,0
B,G,G,6747,100,6747,1,0
C,G,G,1312,100,1312,1,0
D,G,G,6816,100,6816,1,0
E,G,G,7280,100,7280,1,0
F,G,G,6884,100,6884,1,0
G,H,G,7049,100,7049,1,0
A,H,H,9719,100,9719,1,0
B,H,H,13041,100,13041,1,0
C,H,H,7109,100,7109,1,0
D,H,H,1462,100,1462,1,0
E,H,H,9635,100,9635,1,0
F,H,H,13200,100,13200,1,0
G,H,H,7041,100,7041,1,0
A,B,A,7155,100,7155,1,0
A,C,A,7569,100,7569,1,0
A,D,A,9233,100,9233,1,0
A,E,A,1358,100,1358,1,0
A,F,A,7378,100,7378,1,0
A,G,A,7578,100,7578,1,0
A,H,A,9683,100,9683,1,0
A,B,B,7151,100,7151,1,0
B,C,B,6740,100,6740,1,0
B,D,B,12530,100,12530,1,0
B,E,B,7035,100,7035,1,0
B,F,B,1466,100,1466,1,0
B,G,B,6779,100,6779,1,0
B,H,B,13079,100,13079,1,0
A,C,C,7580,100,7580,1,0
B,C,C,6727,100,6727,1,0
C,D,C,6623,100,6623,1,0
C,E,C,7531,100,7531,1,0
C,F,C,7120,100,7120,1,0
C,G,C,1323,100,1323,1,0
C,H,C,7108,100,7108,1,0
A,D,D,9183,100,9183,1,0
B,D,D,12554,100,12554,1,0
C,D,D,6617,100,6617,1,0
D,E,D,9373,100,9373,1,0
D,F,D,12887,100,12887,1,0
D,G,D,6855,100,6855,1,0
D,H,D,1463,100,1463,1,0
A,E,E,1359,100,1359,1,0
B,E,E,7063,100,7063,1,0
C,E,E,7551,100,7551,1,0
D,E,E,9306,100,9306,1,0
E,F,E,7002,100,7002,1,0
E,G,E,7320,100,7320,1,0
E,H,E,9705,100,9705,1,0
A,F,F,7415,100,7415,1,0
B,F,F,1413,100,1413,1,0
C,F,F,7119,100,7119,1,0
D,F,F,12880,100,12880,1,0
E,F,F,6997,100,6997,1,0
F,G,F,6897,100,6897,1,0
F,H,F,13248,100,13248,1,0
A,G,G,7561,100,7561,1,0
B,G,G,6742,100,6742,1,0
C,G,G,1337,100,1337,1,0
D,G,G,6788,100,6788,1,0
E,G,G,7334,100,7334,1,0
F,G,G,6885,100,6885,1,0
G,H,G,7043,100,7043,1,0
A,H,H,9672,100,9672,1,0
B,H,H,13017,100,13017,1,0
C,H,H,7094,100,7094,1,0
D,H,H,1421,100,1421,1,0
E,H,H,9650,100,9650,1,0
F,H,H,13286,100,13286,1,0
G,H,H,7079,100,7079,1,0
A,B,A,7209,100,7209,1,0
A,C,A,7570,100,7570,1,0
A,D,A,9216,100,9216,1,0
A,E,A,1348,100,1348,1,0
A,F,A,7407,100,7407,1,0
A,G,A,7595,100,7595,1,0
A,H,A,9698,100,9698,1,0
A,B,B,7138,100,7138,1,0
B,C,B,6731,100,6731,1,0
B,D,B,12501,100,12501,1,0
B,E,B,7062,100,7062,1,0
B,F,B,1443,100,1443,1,0
B,G,B,6758,100,6758,1,0
B,H,B,12996,100,12996,1,0
A,C,C,7565,100,7565,1,0
B,C,C,6739,100,6739,1,0
C,D,C,6574,100,6574,1,0
C,E,C,7526,100,7526,1,0
C,F,C,7131,100,7131,1,0
C,G,C,1349,100,1349,1,0
C,H,C,7121,100,7121,1,0
A,D,D,9182,100,9182,1,0
B,D,D,12498,100,12498,1,0
C,D,D,6636,100,6636,1,0
D,E,D,9392,100,9392,1,0
D,F,D,12899,100,12899,1,0
D,G,D,6824,100,6824,1,0
D,H,D,1472,100,1472,1,0
A,E,E,1386,100,1386,1,0
B,E,E,7011,100,7011,1,0
C,E,E,7560,100,7560,1,0
D,E,E,9369,100,9369,1,0
E,F,E,7005,100,7005,1,0
E,G,E,7316,100,7316,1,0
E,H,E,9673,100,9673,1,0
A,F,F,7378,100,7378,1,0
B,F,F,1435,100,1435,1,0
C,F,F,7120,100,7120,1,0
D,F,F,12896,100,12896,1,0
E,F,F,7003,100,7003,1,0
F,G,F,6896,100,6896,1,0
F,H,F,13256,100,13256,1,0
A,G,G,7618,100,7618,1,0
B,G,G,6732,100,6732,1,0
C,G,G,1363,100,1363,1,0
D,G,G,6792,100,6792,1,0
E,G,G,7288,100,7288,1,0
F,G,G,6884,100,6884,1,0
G,H,G,7047,100,7047,1,0
A,H,H,9713,100,9713,1,0
B,H,H,13026,100,13026,1,0
C,H,H,7060,100,7060,1,0
D,H,H,1443,100,1443,1,0
E,H,H,9682,100,9682,1,0
F,H,H,13225,100,13225,1,0
G,H,H,7066,100,7066,1,0
A,B,A,7172,100,7172,1,0
A,C,A,7581,100,7581,1,0
A,D,A,9190,100,9190,1,0
A,E,A,1354,100,1354,1,0
A,F,A,7369,100,7369,1,0
A,G,A,7607,100,7607,1,0
A,H,A,9660,100,9660,1,0
A,B,B,7138,100,7138,1,0
B,C,B,6695,100,6695,1,0
B,D,B,12560,100,12560,1,0
B,E,B,7067,100,7067,1,0
B,F,B,1438,100,1438,1,0
B,G,B,6774,100,6774,1,0
B,H,B,13095,100,13095,1,0
A,C,C,7590,100,7590,1,0
B,C,C,6701,100,6701,1,0
C,D,C,6600,100,6600,1,0
C,E,C,7533,100,7533,1,0
C,F,C,7119,100,7119,1,0
C,G,C,1351,100,1351,1,0
C,H,C,7069,100,7069,1,0
A,D,D,9213,100,9213,1,0
B,D,D,12580,100,12580,1,0
C,D,D,6605,100,6605,1,0
D,E,D,9354,100,9354,1,0
D,F,D,12826,100,12826,1,0
D,G,D,6810,100,6810,1,0
D,H,D,1455,100,1455,1,0
A,E,E,1383,100,1383,1,0
B,E,E,7090,100,7090,1,0
C,E,E,7545,100,7545,1,0
D,E,E,9360,100,9360,1,0
E,F,E,7026,100,7026,1,0
E,G,E,7305,100,7305,1,0
E,H,E,9694,100,9694,1,0
A,F,F,7341,100,7341,1,0
B,F,F,1391,100,1391,1,0
C,F,F,7139,100,7139,1,0
D,F,F,12855,100,12855,1,0
E,F,F,7006,100,7006,1,0
F,G,F,6894,100,6894,1,0
F,H,F,13202,100,13202,1,0
A,G,G,7585,100,7585,1,0
B,G,G,6788,100,6788,1,0
C,G,G,1363,100,1363,1,0
D,G,G,6853,100,6853,1,0
E,G,G,7321,100,7321,1,0
F,G,G,6876,100,6876,1,0
G,H,G,7064,100,7064,1,0
A,H,H,9667,100,9667,1,0
B,H,H,13029,100,13029,1,0
C,H,H,7110,100,7110,1,0
D,H,H,1465,100,1465,1,0
E,H,H,9651,100,9651,1,0
F,H,H,13260,100,13260,1,0
G,H,H,7054,100,7054,1,0
A,B,A,7182,100,7182,1,0
A,C,A,7591,100,7591,1,0
A,D,A,9190,100,9190,1,0
A,E,A,1361,100,1361,1,0
A,F,A,7335,100,7335,1,0
A,G,A,7577,100,7577,1,0
A,H,A,9697,100,9697,1,0
A,B,B,7139,100,7139,1,0
B,C,B,6699,100,6699,1,0
B,D,B,12518,100,12518,1,0
B,E,B,7075,100,7075,1,0
B,F,B,1445,100,1445,1,0
B,G,B,6769,100,6769,1,0
B,H,B,13026,100,13026,1,0
A,C,C,7513,100,7513,1,0
B,C,C,6700,100,6700,1,0
C,D,C,6616,100,6616,1,0
C,E,C,7564,100,7564,1,0
C,F,C,7122,100,7122,1,0
C,G,C,1374,100,1374,1,0
C,H,C,7112,100,7112,1,0
A,D,D,9225,100,9225,1,0
B,D,D,12512,100,12512,1,0
C,D,D,6618,100,6618,1,0
D,E,D,9412,100,9412,1,0
D,F,D,12880,100,12880,1,0
D,G,D,6795,100,6795,1,0
D,H,D,1435,100,1435,1,0
A,E,E,1391,100,1391,1,0
B,E,E,7062,100,7062,1,0
C,E,E,7554,100,7554,1,0
D,E,E,9404,100,9404,1,0
E,F,E,6997,100,6997,1,0
E,G,E,7301,100,7301,1,0
E,H,E,9681,100,9681,1,0
A,F,F,7438,100,7438,1,0
B,F,F,1450,100,1450,1,0
C,F,F,7117,100,7117,1,0
D,F,F,12873,100,12873,1,0
E,F,F,6968,100,6968,1,0
F,G,F,6855,100,6855,1,0
F,H,F,13242,100,13242,1,0
A,G,G,7593,100,7593,1,0
B,G,G,6746,100,6746,1,0
C,G,G,1339,100,1339,1,0
D,G,G,6808,100,6808,1,0
E,G,G,7305,100,7305,1,0
F,G,G,6892,100,6892,1,0
G,H,G,7096,100,7096,1,0
A,H,H,9725,100,9725,1,0
B,H,H,13098,100,13098,1,0
C,H,H,7145,100,7145,1,0
D,H,H,1494,100,1494,1,0
E,H,H,9662,100,9662,1,0
F,H,H,13252,100,13252,1,0
G,H,H,7019,100,7019,1,0
A,B,A,7113,100,7113,1,0
A,C,A,7617,100,7617,1,0
A,D,A,9197,100,9197,1,0
A,E,A,1365,100,1365,1,0
A,F,A,7315,100,7315,1,0
A,G,A,7575,100,7575,1,0
A,H,A,9629,100,9629,1,0
A,B,B,7152,100,7152,1,0
B,C,B,6724,100,6724,1,0
B,D,B,12535,100,12535,1,0
B,E,B,7046,100,7046,1,0
B,F,B,1389,100,1389,1,0
B,G,B,6769,100,6769,1,0
B,H,B,13036,100,13036,1,0
A,C,C,7605,100,7605,1,0
B,C,C,6700,100,6700,1,0
C,D,C,6581,100,6581,1,0
C,E,C,7543,100,7543,1,0
C,F,C,7097,100,7097,1,0
C,G,C,1368,100,1368,1,0
C,H,C,7096,100,7096,1,0
A,D,D,9201,100,9201,1,0
B,D,D,12491,100,12491,1,0
C,D,D,6640,100,6640,1,0
D,E,D,9273,100,9273,1,0
D,F,D,12865,100,12865,1,0
D,G,D,6803,100,6803,1,0
D,H,D,1412,100,1412,1,0
A,E,E,1413,100,1413,1,0
B,E,E,7047,100,7047,1,0
C,E,E,7568,100,7568,1,0
D,E,E,9320,100,9320,1,0
E,F,E,7017,100,7017,1,0
E,G,E,7338,100,7338,1,0
E,H,E,9649,100,9649,1,0
A,F,F,7375,100,7375,1,0
B,F,F,1425,100,1425,1,0
C,F,F,7152,100,7152,1,0
D,F,F,12880,100,12880,1,0
E,F,F,7009,100,7009,1,0
F,G,F,6874,100,6874,1,0
F,H,F,13247,100,13247,1,0
A,G,G,7562,100,7562,1,0
B,G,G,6816,100,6816,1,0
C,G,G,1359,100,1359,1,0
D,G,G,6816,100,6816,1,0
E,G,G,7308,100,7308,1,0
F,G,G,6881,100,6881,1,0
G,H,G,7046,100,7046,1,0
A,H,H,9700,100,9700,1,0
B,H,H,13005,100,13005,1,0
C,H,H,7075,100,7075,1,0
D,H,H,1434,100,1434,1,0
E,H,H,9673,100,9673,1,0
F,H,H,13240,100,13240,1,0
G,H,H,7024,100,7024,1,0
A,B,A,7184,100,7184,1,0
A,C,A,7537,100,7537,1,0
A,D,A,9187,100,9187,1,0
A,E,A,1357,100,1357,1,0
A,F,A,7367,100,7367,1,0
A,G,A,7575,100,7575,1,0
A,H,A,9689,100,9689,1,0
A,B,B,7133,100,7133,1,0
B,C,B,6704,100,6704,1,0
B,D,B,12512,100,12512,1,0
B,E,B,7035,100,7035,1,0
B,F,B,1444,100,1444,1,0
B,G,B,6742,100,6742,1,0
B,H,B,13024,100,13024,1,0
A,C,C,7551,100,7551,1,0
B,C,C,6700,100,6700,1,0
C,D,C,6585,100,6585,1,0
C,E,C,7584,100,7584,1,0
C,F,C,7132,100,7132,1,0
C,G,C,1388,100,1388,1,0
C,H,C,7102,100,7102,1,0
A,D,D,9207,100,9207,1,0
B,D,D,12514,100,12514,1,0
C,D,D,6619,100,6619,1,0
D,E,D,9297,100,9297,1,0
D,F,D,12889,100,12889,1,0
D,G,D,6812,100,6812,1,0
D,H,D,1434,100,1434,1,0
A,E,E,1365,100,1365,1,0
B,E,E,7055,100,7055,1,0
C,E,E,7563,100,7563,1,0
D,E,E,9300,100,9300,1,0
E,F,E,7001,100,7001,1,0
E,G,E,7330,100,7330,1,0
E,H,E,9652,100,9652,1,0
A,F,F,7368,100,7368,1,0
B,F,F,1420,100,1420,1,0
C,F,F,7107,100,7107,1,0
D,F,F,12866,100,12866,1,0
E,F,F,7039,100,7039,1,0
F,G,F,6893,100,6893,1,0
F,H,F,13218,100,13218,1,0
A,G,G,7606,100,7606,1,0
B,G,G,6758,100,6758,1,0
C,G,G,1356,100,1356,1,0
D,G,G,6797,100,6797,1,0
E,G,G,7346,100,7346,1,0
F,G,G,6894,100,6894,1,0
G,H,G,7058,100,7058,1,0
A,H,H,9724,100,9724,1,0
B,H,H,13054,100,13054,1,0
C,H,H,7055,100,7055,1,0
D,H,H,1461,100,1461,1,0
E,H,H,9667,100,9667,1,0
F,H,H,13237,100,13237,1,0
G,H,H,7017,100,7017,1,0
A,B,A,7127,100,7127,1,0
A,C,A,7555,100,7555,1,0
A,D,A,9210,100,9210,1,0
A,E,A,1388,100,1388,1,0
A,F,A,7378,100,7378,1,0
A,G,A,7526,100,7526,1,0
A,H,A,9674,100,9674,1,0
A,B,B,7189,100,7189,1,0
B,C,B,6732,100,6732,1,0
B,D,B,12563,100,12563,1,0
B,E,B,7050,100,7050,1,0
B,F,B,1440,100,1440,1,0
B,G,B,6758,100,6758,1,0
B,H,B,13086,100,13086,1,0
A,C,C,7539,100,7539,1,0
B,C,C,6716,100,6716,1,0
C,D,C,6563,100,6563,1,0
C,E,C,7551,100,7551,1,0
C,F,C,7132,100,7132,1,0
C,G,C,1364,100,1364,1,0
C,H,C,7101,100,7101,1,0
A,D,D,9199,100,9199,1,0
B,D,D,12512,100,12512,1,0
C,D,D,6620,100,6620,1,0
D,E,D,9407,100,9407,1,0
D,F,D,12903,100,12903,1,0
D,G,D,6803,100,6803,1,0
D,H,D,1446,100,1446,1,0
A,E,E,1385,100,1385,1,0
B,E,E,7041,100,7041,1,0
C,E,E,7518,100,7518,1,0
D,E,E,9400,100,9400,1,0
E,F,E,7016,100,7016,1,0
E,G,E,7293,100,7293,1,0
E,H,E,9668,100,9668,1,0
A,F,F,7364,100,7364,1,0
B,F,F,1452,100,1452,1,0
C,F,F,7126,100,7126,1,0
D,F,F,12846,100,12846,1,0
E,F,F,7007,100,7007,1,0
F,G,F,6877,100,6877,1,0
F,H,F,13281,100,13281,1,0
A,G,G,7623,100,7623,1,0
B,G,G,6769,100,6769,1,0
C,G,G,1359,100,1359,1,0
D,G,G,6800,100,6800,1,0
E,G,G,7318,100,7318,1,0
F,G,G,6890,100,6890,1,0
G,H,G,7024,100,7024,1,0
A,H,H,9695,100,9695,1,0
B,H,H,13099,100,13099,1,0
C,H,H,7062,100,7062,1,0
D,H,H,1421,100,1421,1,0
E,H,H,9649,100,9649,1,0
F,H,H,13255,100,13255,1,0
G,H,H,7006,100,7006,1,0
A,B,A,7137,100,7137,1,0
A,C,A,7583,100,7583,1,0
A,D,A,9223,100,9223,1,0
A,E,A,1368,100,1368,1,0
A,F,A,7377,100,7377,1,0
A,G,A,7543,100,7543,1,0
A,H,A,9689,100,9689,1,0
A,B,B,7148,100,7148,1,0
B,C,B,6746,100,6746,1,0
B,D,B,12527,100,12527,1,0
B,E,B,7027,100,7027,1,0
B,F,B,1463,100,1463,1,0
B,G,B,6769,100,6769,1,0
B,H,B,13042,100,13042,1,0
A,C,C,7572,100,7572,1,0
B,C,C,6726,100,6726,1,0
C,D,C,6627,100,6627,1,0
C,E,C,7547,100,7547,1,0
C,F,C,7111,100,7111,1,0
C,G,C,1381,100,1381,1,0
C,H,C,7125,100,7125,1,0
A,D,D,9199,100,9199,1,0
B,D,D,12537,100,12537,1,0
C,D,D,6618,100,6618,1,0
D,E,D,9374,100,9374,1,0
D,F,D,12883,100,12883,1,0
D,G,D,6814,100,6814,1,0
D,H,D,1423,100,1423,1,0
A,E,E,1325,100,1325,1,0
B,E,E,7009,100,7009,1,0
C,E,E,7581,100,7581,1,0
D,E,E,9314,100,9314,1,0
E,F,E,7013,100,7013,1,0
E,G,E,7291,100,7291,1,0
E,H,E,9642,100,9642,1,0
A,F,F,7413,100,7413,1,0
B,F,F,1435,100,1435,1,0
C,F,F,7089,100,7089,1,0
D,F,F,12880,100,12880,1,0
E,F,F,6985,100,6985,1,0
F,G,F,6859,100,6859,1,0
F,H,F,13233,100,13233,1,0
A,G,G,7593,100,7593,1,0
B,G,G,6765,100,6765,1,0
C,G,G,1381,100,1381,1,0
D,G,G,6840,100,6840,1,0
E,G,G,7304,100,7304,1,0
F,G,G,6885,100,6885,1,0
G,H,G,7022,100,7022,1,0
A,H,H,9686,100,9686,1,0
B,H,H,13040,100,13040,1,0
C,H,H,7117,100,7117,1,0
D,H,H,1414,100,1414,1,0
E,H,H,9631,100,9631,1,0
F,H,H,13285,100,13285,1,0
G,H,H,7024,100,7024,1,0
A,B,A,7138,100,7138,1,0
A,C,A,7584,100,7584,1,0
A,D,A,9213,100,9213,1,0
A,E,A,1417,100,1417,1,0
A,F,A,7405,100,7405,1,0
A,G,A,7577,100,7577,1,0
A,H,A,9697,100,9697,1,0
A,B,B,7166,100,7166,1,0
B,C,B,6742,100,6742,1,0
B,D,B,12530,100,12530,1,0
B,E,B,7029,100,7029,1,0
B,F,B,1427,100,1427,1,0
B,G,B,6756,100,6756,1,0
B,H,B,13062,100,13062,1,0
A,C,C,7543,100,7543,1,0
B,C,C,6690,100,6690,1,0
C,D,C,6601,100,6601,1,0
C,E,C,7508,100,7508,1,0
C,F,C,7095,100,7095,1,0
C,G,C,1405,100,1405,1,0
C,H,C,7102,100,7102,1,0
A,D,D,9211,100,9211,1,0
B,D,D,12554,100,12554,1,0
C,D,D,6571,100,6571,1,0
D,E,D,9415,100,9415,1,0
D,F,D,12885,100,12885,1,0
D,G,D,6819,100,6819,1,0
D,H,D,1401,100,1401,1,0
A,E,E,1405,100,1405,1,0
B,E,E,7058,100,7058,1,0
C,E,E,7497,100,7497,1,0
D,E,E,9394,100,9394,1,0
E,F,E,6987,100,6987,1,0
E,G,E,7315,100,7315,1,0
E,H,E,9682,100,9682,1,0
A,F,F,7357,100,7357,1,0
B,F,F,1450,100,1450,1,0
C,F,F,7128,100,7128,1,0
D,F,F,12867,100,12867,1,0
E,F,F,6997,100,6997,1,0
F,G,F,6872,100,6872,1,0
F,H,F,13232,100,13232,1,0
A,G,G,7570,100,7570,1,0
B,G,G,6780,100,6780,1,0
C,G,G,1345,100,1345,1,0
D,G,G,6870,100,6870,1,0
E,G,G,7312,100,7312,1,0
F,G,G,6911,100,6911,1,0
G,H,G,6993,100,6993,1,0
A,H,H,9643,100,9643,1,0
B,H,H,13061,100,13061,1,0
C,H,H,7116,100,7116,1,0
D,H,H,1458,100,1458,1,0
E,H,H,9666,100,9666,1,0
F,H,H,13259,100,13259,1,0
G,H,H,7072,100,7072,1,0
A,B,A,7198,100,7198,1,0
A,C,A,7605,100,7605,1,0
A,D,A,9196,100,9196,1,0
A,E,A,1375,100,1375,1,0
A,F,A,7390,100,7390,1,0
A,G,A,7600,100,7600,1,0
A,H,A,9663,100,9663,1,0
A,B,B,7176,100,7176,1,0
B,C,B,6735,100,6735,1,0
B,D,B,12506,100,12506,1,0
B,E,B,7086,100,7086,1,0
B,F,B,1427,100,1427,1,0
B,G,B,6758,100,6758,1,0
B,H,B,13036,100,13036,1,0
A,C,C,7552,100,7552,1,0
B,C,C,6719,100,6719,1,0
C,D,C,6595,100,6595,1,0
C,E,C,7550,100,7550,1,0
C,F,C,7122,100,7122,1,0
C,G,C,1351,100,1351,1,0
C,H,C,7105,100,7105,1,0
A,D,D,9203,100,9203,1,0
B,D,D,12527,100,12527,1,0
C,D,D,6591,100,6591,1,0
D,E,D,9380,100,9380,1,0
D,F,D,12838,100,12838,1,0
D,G,D,6823,100,6823,1,0
D,H,D,1523,100,1523,1,0
A,E,E,1323,100,1323,1,0
B,E,E,7048,100,7048,1,0
C,E,E,7570,100,7570,1,0
D,E,E,9289,100,9289,1,0
E,F,E,6983,100,6983,1,0
E,G,E,7321,100,7321,1,0
E,H,E,9686,100,9686,1,0
A,F,F,7346,100,7346,1,0
B,F,F,1464,100,1464,1,0
C,F,F,7124,100,7124,1,0
D,F,F,12849,100,12849,1,0
E,F,F,6963,100,6963,1,0
F,G,F,6906,100,6906,1,0
F,H,F,13281,100,13281,1,0
A,G,G,7619,100,7619,1,0
B,G,G,6757,100,6757,1,0
C,G,G,1397,100,1397,1,0
D,G,G,6801,100,6801,1,0
E,G,G,7292,100,7292,1,0
F,G,G,6871,100,6871,1,0
G,H,G,7065,100,7065,1,0
A,H,H,9725,100,9725,1,0
B,H,H,13081,100,13081,1,0
C,H,H,7079,100,7079,1,0
D,H,H,1500,100,1500,1,0
E,H,H,9671,100,9671,1,0
F,H,H,13187,100,13187,1,0
G,H,H,7067,100,7067,1,0
A,B,A,7122,100,7122,1,0
A,C,A,7605,100,7605,1,0
A,D,A,9181,100,9181,1,0
A,E,A,1350,100,1350,1,0
A,F,A,7342,100,7342,1,0
A,G,A,7616,100,7616,1,0
A,H,A,9738,100,9738,1,0
A,B,B,7169,100,7169,1,0
B,C,B,6714,100,6714,1,0
B,D,B,12507,100,12507,1,0
B,E,B,7084,100,7084,1,0
B,F,B,1433,100,1433,1,0
B,G,B,6779,100,6779,1,0
B,H,B,13060,100,13060,1,0
A,C,C,7543,100,7543,1,0
B,C,C,6754,100,6754,1,0
C,D,C,6585,100,6585,1,0
C,E,C,7600,100,7600,1,0
C,F,C,7146,100,7146,1,0
C,G,C,1349,100,1349,1,0
C,H,C,7111,100,7111,1,0
A,D,D,9195,100,9195,1,0
B,D,D,12510,100,12510,1,0
C,D,D,6615,100,6615,1,0
D,E,D,9343,100,9343,1,0
D,F,D,12864,100,12864,1,0
D,G,D,6784,100,6784,1,0
D,H,D,1383,100,1383,1,0
A,E,E,1394,100,1394,1,0
B,E,E,7013,100,7013,1,0
C,E,E,7531,100,7531,1,0
D,E,E,9360,100,9360,1,0
E,F,E,6986,100,6986,1,0
E,G,E,7296,100,7296,1,0
E,H,E,9657,100,9657,1,0
A,F,F,7435,100,7435,1,0
B,F,F,1408,100,1408,1,0
C,F,F,7131,100,7131,1,0
D,F,F,12853,100,12853,1,0
E,F,F,7010,100,7010,1,0
F,G,F,6860,100,6860,1,0
F,H,F,13228,100,13228,1,0
A,G,G,7565,100,7565,1,0
B,G,G,6757,100,6757,1,0
C,G,G,1349,100,1349,1,0
D,G,G,6825,100,6825,1,0
E,G,G,7300,100,7300,1,0
F,G,G,6880,100,6880,1,0
G,H,G,6990,100,6990,1,0
A,H,H,9651,100,9651,1,0
B,H,H,13013,100,13013,1,0
C,H,H,7151,100,7151,1,0
D,H,H,1477,100,1477,1,0
E,H,H,9660,100,9660,1,0
F,H,H,13254,100,13254,1,0
G,H,H,7039,100,7039,1,0
A,B,A,7139,100,7139,1,0
A,C,A,7556,100,7556,1,0
A,D,A,9194,100,9194,1,0
A,E,A,1361,100,1361,1,0
A,F,A,7361,100,7361,1,0
A,G,A,7597,100,7597,1,0
A,H,A,9730,100,9730,1,0
A,B,B,7163,100,7163,1,0
B,C,B,6709,100,6709,1,0
B,D,B,12537,100,12537,1,0
B,E,B,7037,100,7037,1,0
B,F,B,1448,100,1448,1,0
B,G,B,6771,100,6771,1,0
B,H,B,13026,100,13026,1,0
A,C,C,7594,100,7594,1,0
B,C,C,6709,100,6709,1,0
C,D,C,6610,100,6610,1,0
C,E,C,7539,100,7539,1,0
C,F,C,7132,100,7132,1,0
C,G,C,1384,100,1384,1,0
C,H,C,7124,100,7124,1,0
A,D,D,9238,100,9238,1,0
B,D,D,12561,100,12561,1,0
C,D,D,6591,100,6591,1,0
D,E,D,9406,100,9406,1,0
D,F,D,12881,100,12881,1,0
D,G,D,6776,100,6776,1,0
D,H,D,1466,100,1466,1,0
A,E,E,1358,100,1358,1,0
B,E,E,7056,100,7056,1,0
C,E,E,7539,100,7539,1,0
D,E,E,9335,100,9335,1,0
E,F,E,6989,100,6989,1,0
E,G,E,7312,100,7312,1,0
E,H,E,9662,100,9662,1,0
A,F,F,7395,100,7395,1,0
B,F,F,1415,100,1415,1,0
C,F,F,7107,100,7107,1,0
D,F,F,12877,100,12877,1,0
E,F,F,6962,100,6962,1,0
F,G,F,6888,100,6888,1,0
F,H,F,13209,100,13209,1,0
A,G,G,7581,100,7581,1,0
B,G,G,6731,100,6731,1,0
C,G,G,1384,100,1384,1,0
D,G,G,6770,100,6770,1,0
E,G,G,7311,100,7311,1,0
F,G,G,6901,100,6901,1,0
G,H,G,7067,100,7067,1,0
A,H,H,9680,100,9680,1,0
B,H,H,13027,100,13027,1,0
C,H,H,7128,100,7128,1,0
D,H,H,1428,100,1428,1,0
E,H,H,9666,100,9666,1,0
F,H,H,13262,100,13262,1,0
G,H,H,7051,100,7051,1,0
A,B,A,7163,100,7163,1,0
A,C,A,7571,100,7571,1,0
A,D,A,9198,100,9198,1,0
A,E,A,1409,100,1409,1,0
A,F,A,7374,100,7374,1,0
A,G,A,7588,100,7588,1,0
A,H,A,9690,100,9690,1,0
A,B,B,7148,100,7148,1,0
B,C,B,6757,100,6757,1,0
B,D,B,12474,100,12474,1,0
B,E,B,7030,100,7030,1,0
B,F,B,1454,100,1454,1,0
B,G,B,6720,100,6720,1,0
B,H,B,13058,100,13058,1,0
A,C,C,7617,100,7617,1,0
B,C,C,6712,100,6712,1,0
C,D,C,6618,100,6618,1,0
C,E,C,7548,100,7548,1,0
C,F,C,7141,100,7141,1,0
C,G,C,1356,100,1356,1,0
C,H,C,7136,100,7136,1,0
A,D,D,9229,100,9229,1,0
B,D,D,12550,100,12550,1,0
C,D,D,6608,100,6608,1,0
D,E,D,9363,100,9363,1,0
D,F,D,12903,100,12903,1,0
D,G,D,6770,100,6770,1,0
D,H,D,1465,100,1465,1,0
A,E,E,1311,100,1311,1,0
B,E,E,7037,100,7037,1,0
C,E,E,7566,100,7566,1,0
D,E,E,9347,100,9347,1,0
E,F,E,6990,100,6990,1,0
E,G,E,7308,100,7308,1,0
E,H,E,9621,100,9621,1,0
A,F,F,7398,100,7398,1,0
B,F,F,1422,100,1422,1,0
C,F,F,7118,100,7118,1,0
D,F,F,12868,100,12868,1,0
E,F,F,6996,100,6996,1,0
F,G,F,6889,100,6889,1,0
F,H,F,13267,100,13267,1,0
A,G,G,7634,100,7634,1,0
B,G,G,6747,100,6747,1,0
C,G,G,1349,100,1349,1,0
D,G,G,6781,100,6781,1,0
E,G,G,7334,100,7334,1,0
F,G,G,6870,100,6870,1,0
G,H,G,7039,100,7039,1,0
A,H,H,9698,100,9698,1,0
B,H,H,13034,100,13034,1,0
C,H,H,7117,100,7117,1,0
D,H,H,1451,100,1451,1,0
E,H,H,9685,100,9685,1,0
F,H,H,13258,100,13258,1,0
G,H,H,7055,100,7055,1,0
A,B,A,7164,100,7164,1,0
A,C,A,7548,100,7548,1,0
A,D,A,9210,100,9210,1,0
A,E,A,1361,100,1361,1,0
A,F,A,7385,100,7385,1,0
A,G,A,7549,100,7549,1,0
A,H,A,9679,100,9679,1,0
A,B,B,7131,100,7131,1,0
B,C,B,6727,100,6727,1,0
B,D,B,12561,100,12561,1,0
B,E,B,7020,100,7020,1,0
B,F,B,1441,100,1441,1,0
B,G,B,6776,100,6776,1,0
B,H,B,13090,100,13090,1,0
A,C,C,7622,100,7622,1,0
B,C,C,6736,100,6736,1,0
C,D,C,6583,100,6583,1,0
C,E,C,7575,100,7575,1,0
C,F,C,7104,100,7104,1,0
C,G,C,1378,100,1378,1,0
C,H,C,7117,100,7117,1,0
A,D,D,9209,100,9209,1,0
B,D,D,12510,100,12510,1,0
C,D,D,6618,100,6618,1,0
D,E,D,9380,100,9380,1,0
D,F,D,12910,100,12910,1,0
D,G,D,6797,100,6797,1,0
D,H,D,1443,100,1443,1,0
A,E,E,1396,100,1396,1,0
B,E,E,7074,100,7074,1,0
C,E,E,7560,100,7560,1,0
D,E,E,9311,100,9311,1,0
E,F,E,7033,100,7033,1,0
E,G,E,7296,100,7296,1,0
E,H,E,9650,100,9650,1,0
A,F,F,7396,100,7396,1,0
B,F,F,1414,100,1414,1,0
C,F,F,7126,100,7126,1,0
D,F,F,12884,100,12884,1,0
E,F,F,7009,100,7009,1,0
F,G,F,6910,100,6910,1,0
F,H,F,13211,100,13211,1,0
A,G,G,7596,100,7596,1,0
B,G,G,6772,100,6772,1,0
C,G,G,1369,100,1369,1,0
D,G,G,6818,100,6818,1,0
E,G,G,7329,100,7329,1,0
F,G,G,6859,100,6859,1,0
G,H,G,7059,100,7059,1,0
A,H,H,9720,100,9720,1,0
B,H,H,13043,100,13043,1,0
C,H,H,7124,100,7124,1,0
D,H,H,1412,100,1412,1,0
E,H,H,9639,100,9639,1,0
F,H,H,13243,100,13243,1,0
G,H,H,7031,100,7031,1,0
A,B,A,7161,100,7161,1,0
A,C,A,7610,100,7610,1,0
A,D,A,9189,100,9189,1,0
A,E,A,1384,100,1384,1,0
A,F,A,7342,100,7342,1,0
A,G,A,7584,100,7584,1,0
A,H,A,9651,100,9651,1,0
A,B,B,7147,100,7147,1,0
B,C,B,6773,100,6773,1,0
B,D,B,12538,100,12538,1,0
B,E,B,7048,100,7048,1,0
B,F,B,1429,100,1429,1,0
B,G,B,6734,100,6734,1,0
B,H,B,13101,100,13101,1,0
A,C,C,7590,100,7590,1,0
B,C,C,6725,100,6725,1,0
C,D,C,6598,100,6598,1,0
C,E,C,7541,100,7541,1,0
C,F,C,7134,100,7134,1,0
C,G,C,1344,100,1344,1,0
C,H,C,7125,100,7125,1,0
A,D,D,9217,100,9217,1,0
B,D,D,12522,100,12522,1,0
C,D,D,6577,100,6577,1,0
D,E,D,9285,100,9285,1,0
D,F,D,12857,100,12857,1,0
D,G,D,6800,100,6800,1,0
D,H,D,1493,100,1493,1,0
A,E,E,1397,100,1397,1,0
B,E,E,7049,100,7049,1,0
C,E,E,7510,100,7510,1,0
D,E,E,9310,100,9310,1,0
E,F,E,6984,100,6984,1,0
E,G,E,7291,100,7291,1,0
E,H,E,9725,100,9725,1,0
A,F,F,7377,100,7377,1,0
B,F,F,1453,100,1453,1,0
C,F,F,7103,100,7103,1,0
D,F,F,12862,100,12862,1,0
E,F,F,6986,100,6986,1,0
F,G,F,6843,100,6843,1,0
F,H,F,13236,100,13236,1,0
A,G,G,7575,100,7575,1,0
B,G,G,6767,100,6767,1,0
C,G,G,1334,100,1334,1,0
D,G,G,6799,100,6799,1,0
E,G,G,7286,100,7286,1,0
F,G,G,6850,100,6850,1,0
G,H,G,7030,100,7030,1,0
A,H,H,9709,100,9709,1,0
B,H,H,13018,100,13018,1,0
C,H,H,7108,100,7108,1,0
D,H,H,1415,100,1415,1,0
E,H,H,9665,100,9665,1,0
F,H,H,13265,100,13265,1,0
G,H,H,7077,100,7077,1,0
A,B,A,7189,100,7189,1,0
A,C,A,7603,100,7603,1,0
A,D,A,9203,100,9203,1,0
A,E,A,1401,100,1401,1,0
A,F,A,7350,100,7350,1,0
A,G,A,7552,100,7552,1,0
A,H,A,9683,100,9683,1,0
A,B,B,7148,100,7148,1,0
B,C,B,6731,100,6731,1,0
B,D,B,12558,100,12558,1,0
B,E,B,7061,100,7061,1,0
B,F,B,1416,100,1416,1,0
B,G,B,6756,100,6756,1,0
B,H,B,13034,100,13034,1,0
A,C,C,7522,100,7522,1,0
B,C,C,6685,100,6685,1,0
C,D,C,6599,100,6599,1,0
C,E,C,7560,100,7560,1,0
C,F,C,7130,100,7130,1,0
C,G,C,1357,100,1357,1,0
C,H,C,7140,100,7140,1,0
A,D,D,9180,100,9180,1,0
B,D,D,12524,100,12524,1,0
C,D,D,6571,100,6571,1,0
D,E,D,9314,100,9314,1,0
D,F,D,12865,100,12865,1,0
D,G,D,6797,100,6797,1,0
D,H,D,1429,100,1429,1,0
A,E,E,1382,100,1382,1,0
B,E,E,7028,100,7028,1,0
C,E,E,7573,100,7573,1,0
D,E,E,9364,100,9364,1,0
E,F,E,6961,100,6961,1,0
E,G,E,7316,100,7316,1,0
E,H,E,9676,100,9676,1,0
A,F,F,7373,100,7373,1,0
B,F,F,1451,100,1451,1,0
C,F,F,7130,100,7130,1,0
D,F,F,12876,100,12876,1,0
E,F,F,6991,100,6991,1,0
F,G,F,6895,100,6895,1,0
F,H,F,13213,100,13213,1,0
A,G,G,7508,100,7508,1,0
B,G,G,6800,100,6800,1,0
C,G,G,1334,100,1334,1,0
D,G,G,6806,100,6806,1,0
E,G,G,7303,100,7303,1,0
F,G,G,6856,100,6856,1,0
G,H,G,7059,100,7059,1,0
A,H,H,9748,100,9748,1,0
B,H,H,13067,100,13067,1,0
C,H,H,7097,100,7097,1,0
D,H,H,1450,100,1450,1,0
E,H,H,9642,100,9642,1,0
F,H,H,13252,100,13252,1,0
G,H,H,7043,100,7043,1,0
A,B,A,7179,100,7179,1,0
A,C,A,7590,100,7590,1,0
A,D,A,9208,100,9208,1,0
A,E,A,1365,100,1365,1,0
A,F,A,7396,100,7396,1,0
A,G,A,7605,100,7605,1,0
A,H,A,9696,100,9696,1,0
A,B,B,7149,100,7149,1,0
B,C,B,6738,100,6738,1,0
B,D,B,12541,100,12541,1,0
B,E,B,7033,100,7033,1,0
B,F,B,1446,100,1446,1,0
B,G,B,6762,100,6762,1,0
B,H,B,13046,100,13046,1,0
A,C,C,7591,100,7591,1,0
B,C,C,6738,100,6738,1,0
C,D,C,6570,100,6570,1,0
C,E,C,7528,100,7528,1,0
C,F,C,7121,100,7121,1,0
C,G,C,1366,100,1366,1,0
C,H,C,7103,100,7103,1,0
A,D,D,9224,100,9224,1,0
B,D,D,12519,100,12519,1,0
C,D,D,6576,100,6576,1,0
D,E,D,9328,100,9328,1,0
D,F,D,12910,100,12910,1,0
D,G,D,6827,100,6827,1,0
D,H,D,1467,100,1467,1,0
A,E,E,1449,100,1449,1,0
B,E,E,7006,100,7006,1,0
C,E,E,7568,100,7568,1,0
D,E,E,9390,100,9390,1,0
E,F,E,7009,100,7009,1,0
E,G,E,7291,100,7291,1,0
E,H,E,9627,100,9627,1,0
A,F,F,7372,100,7372,1,0
B,F,F,1397,100,1397,1,0
C,F,F,7123,100,7123,1,0
D,F,F,12888,100,12888,1,0
E,F,F,7015,100,7015,1,0
F,G,F,6900,100,6900,1,0
F,H,F,13255,100,13255,1,0
A,G,G,7559,100,7559,1,0
B,G,G,6744,100,6744,1,0
C,G,G,1330,100,1330,1,0
D,G,G,6857,100,6857,1,0
E,G,G,7328,100,7328,1,0
F,G,G,6893,100,6893,1,0
G,H,G,7044,100,7044,1,0
A,H,H,9660,100,9660,1,0
B,H,H,13005,100,13005,1,0
C,H,H,7090,100,7090,1,0
D,H,H,1419,100,1419,1,0
E,H,H,9665,100,9665,1,0
F,H,H,13262,100,13262,1,0
G,H,H,7082,100,7082,1,0
A,B,A,7202,100,7202,1,0
A,C,A,7543,100,7543,1,0
A,D,A,9172,100,9172,1,0
A,E,A,1395,100,1395,1,0
A,F,A,7379,100,7379,1,0
A,G,A,7563,100,7563,1,0
A,H,A,9702,100,9702,1,0
A,B,B,7186,100,7186,1,0
B,C,B,6716,100,6716,1,0
B,D,B,12560,100,12560,1,0
B,E,B,7050,100,7050,1,0
B,F,B,1375,100,1375,1,0
B,G,B,6759,100,6759,1,0
B,H,B,12995,100,12995,1,0
A,C,C,7596,100,7596,1,0
B,C,C,6707,100,6707,1,0
C,D,C,6593,100,6593,1,0
C,E,C,7563,100,7563,1,0
C,F,C,7130,100,7130,1,0
C,G,C,1387,100,1387,1,0
C,H,C,7148,100,7148,1,0
A,D,D,9169,100,9169,1,0
B,D,D,12500,100,12500,1,0
C,D,D,6607,100,6607,1,0
D,E,D,9411,100,9411,1,0
D,F,D,12866,100,12866,1,0
D,G,D,6792,100,6792,1,0
D,H,D,1445,100,1445,1,0
A,E,E,1399,100,1399,1,0
B,E,E,7055,100,7055,1,0
C,E,E,7553,100,7553,1,0
D,E,E,9328,100,9328,1,0
E,F,E,7013,100,7013,1,0
E,G,E,7309,100,7309,1,0
E,H,E,9656,100,9656,1,0
A,F,F,7416,100,7416,1,0
B,F,F,1444,100,1444,1,0
C,F,F,7131,100,7131,1,0
D,F,F,12857,100,12857,1,0
E,F,F,7016,100,7016,1,0
F,G,F,6878,100,6878,1,0
F,H,F,13243,100,13243,1,0
A,G,G,7540,100,7540,1,0
B,G,G,6749,100,6749,1,0
C,G,G,1321,100,1321,1,0
D,G,G,6791,100,6791,1,0
E,G,G,7309,100,7309,1,0
F,G,G,6892,100,6892,1,0
G,H,G,7063,100,7063,1,0
A,H,H,9695,100,9695,1,0
B,H,H,13007,100,13007,1,0
C,H,H,7090,100,7090,1,0
D,H,H,1464,100,1464,1,0
E,H,H,9659,100,9659,1,0
F,H,H,13233,100,13233,1,0
G,H,H,7066,100,7066,1,0
A,B,A,7134,100,7134,1,0
A,C,A,7616,100,7616,1,0
A,D,A,9205,100,9205,1,0
A,E,A,1330,100,1330,1,0
A,F,A,7418,100,7418,1,0
A,G,A,7631,100,7631,1,0
A,H,A,9701,100,9701,1,0
A,B,B,7148,100,7148,1,0
B,C,B,6698,100,6698,1,0
B,D,B,12544,100,12544,1,0
B,E,B,7063,100,7063,1,0
B,F,B,1432,100,1432,1,0
B,G,B,6750,100,6750,1,0
B,H,B,13043,100,13043,1,0
A,C,C,7597,100,7597,1,0
B,C,C,6722,100,6722,1,0
C,D,C,6605,100,6605,1,0
C,E,C,7591,100,7591,1,0
C,F,C,7118,100,7118,1,0
C,G,C,1370,100,1370,1,0
C,H,C,7097,100,7097,1,0
A,D,D,9198,100,9198,1,0
B,D,D,12527,100,12527,1,0
C,D,D,6616,100,6616,1,0
D,E,D,9353,100,9353,1,0
D,F,D,12910,100,12910,1,0
D,G,D,6799,100,6799,1,0
D,H,D,1408,100,1408,1,0
A,E,E,1410,100,1410,1,0
B,E,E,7026,100,7026,1,0
C,E,E,7520,100,7520,1,0
D,E,E,9394,100,9394,1,0
E,F,E,6970,100,6970,1,0
E,G,E,7279,100,7279,1,0
E,H,E,9705,100,9705,1,0
A,F,F,7360,100,7360,1,0
B,F,F,1441,100,1441,1,0
C,F,F,7111,100,7111,1,0
D,F,F,12906,100,12906,1,0
E,F,F,7071,100,7071,1,0
F,G,F,6869,100,6869,1,0
F,H,F,13270,100,13270,1,0
A,G,G,7613,100,7613,1,0
B,G,G,6761,100,6761,1,0
C,G,G,1339,100,1339,1,0
D,G,G,6812,100,6812,1,0
E,G,G,7303,100,7303,1,0
F,G,G,6883,100,6883,1,0
G,H,G,7049,100,7049,1,0
A,H,H,9663,100,9663,1,0
B,H,H,13048,100,13048,1,0
C,H,H,7112,100,7112,1,0
D,H,H,1465,100,1465,1,0
E,H,H,9637,100,9637,1,0
F,H,H,13213,100,13213,1,0
G,H,H,7044,100,7044,1,0
A,B,A,7147,100,7147,1,0
A,C,A,7579,100,7579,1,0
A,D,A,9200,100,9200,1,0
A,E,A,1391,100,1391,1,0
A,F,A,7398,100,7398,1,0
A,G,A,7634,100,7634,1,0
A,H,A,9692,100,9692,1,0
A,B,B,7154,100,7154,1,0
B,C,B,6697,100,6697,1,0
B,D,B,12536,100,12536,1,0
B,E,B,7027,100,7027,1,0
B,F,B,1418,100,1418,1,0
B,G,B,6764,100,6764,1,0
B,H,B,13058,100,13058,1,0
A,C,C,7665,100,7665,1,0
B,C,C,6708,100,6708,1,0
C,D,C,6585,100,6585,1,0
C,E,C,7559,100,7559,1,0
C,F,C,7137,100,7137,1,0
C,G,C,1382,100,1382,1,0
C,H,C,7120,100,7120,1,0
A,D,D,9180,100,9180,1,0
B,D,D,12550,100,12550,1,0
C,D,D,6608,100,6608,1,0
D,E,D,9376,100,9376,1,0
D,F,D,12870,100,12870,1,0
D,G,D,6824,100,6824,1,0
D,H,D,1437,100,1437,1,0
A,E,E,1368,100,1368,1,0
B,E,E,7052,100,7052,1,0
C,E,E,7577,100,7577,1,0
D,E,E,9348,100,9348,1,0
E,F,E,7015,100,7015,1,0
E,G,E,7323,100,7323,1,0
E,H,E,9664,100,9664,1,0
A,F,F,7406,100,7406,1,0
B,F,F,1396,100,1396,1,0
C,F,F,7126,100,7126,1,0
D,F,F,12867,100,12867,1,0
E,F,F,7010,100,7010,1,0
F,G,F,6861,100,6861,1,0
F,H,F,13285,100,13285,1,0
A,G,G,7591,100,7591,1,0
B,G,G,6753,100,6753,1,0
C,G,G,1403,100,1403,1,0
D,G,G,6811,100,6811,1,0
E,G,G,7309,100,7309,1,0
F,G,G,6875,100,6875,1,0
G,H,G,7063,100,7063,1,0
A,H,H,9691,100,9691,1,0
B,H,H,13024,100,13024,1,0
C,H,H,7124,100,7124,1,0
D,H,H,1431,100,1431,1,0
E,H,H,9665,100,9665,1,0
F,H,H,13197,100,13197,1,0
G,H,H,7025,100,7025,1,0
A,B,A,7144,100,7144,1,0
A,C,A,7539,100,7539,1,0
A,D,A,9194,100,9194,1,0
A,E,A,1355,100,1355,1,0
A,F,A,7363,100,7363,1,0
A,G,A,7498,100,7498,1,0
A,H,A,9680,100,9680,1,0
A,B,B,7133,100,7133,1,0
B,C,B,6702,100,6702,1,0
B,D,B,12494,100,12494,1,0
B,E,B,7056,100,7056,1,0
B,F,B,1415,100,1415,1,0
B,G,B,6756,100,6756,1,0
B,H,B,13033,100,13033,1,0
A,C,C,7547,100,7547,1,0
B,C,C,6708,100,6708,1,0
C,D,C,6592,100,6592,1,0
C,E,C,7569,100,7569,1,0
C,F,C,7121,100,7121,1,0
C,G,C,1361,100,1361,1,0
C,H,C,7103,100,7103,1,0
A,D,D,9190,100,9190,1,0
B,D,D,12503,100,12503,1,0
C,D,D,6595,100,6595,1,0
D,E,D,9354,100,9354,1,0
D,F,D,12880,100,12880,1,0
D,G,D,6821,100,6821,1,0
D,H,D,1420,100,1420,1,0
A,E,E,1361,100,1361,1,0
B,E,E,7084,100,7084,1,0
C,E,E,7585,100,7585,1,0
D,E,E,9357,100,9357,1,0
E,F,E,6988,100,6988,1,0
E,G,E,7310,100,7310,1,0
E,H,E,9632,100,9632,1,0
A,F,F,7385,100,7385,1,0
B,F,F,1426,100,1426,1,0
C,F,F,7141,100,7141,1,0
D,F,F,12868,100,12868,1,0
E,F,F,6995,100,6995,1,0
F,G,F,6908,100,6908,1,0
F,H,F,13198,100,13198,1,0
A,G,G,7596,100,7596,1,0
B,G,G,6755,100,6755,1,0
C,G,G,1349,100,1349,1,0
D,G,G,6835,100,6835,1,0
E,G,G,7340,100,7340,1,0
F,G,G,6885,100,6885,1,0
G,H,G,7042,100,7042,1,0
A,H,H,9691,100,9691,1,0
B,H,H,13027,100,13027,1,0
C,H,H,7111,100,7111,1,0
D,H,H,1464,100,1464,1,0
E,H,H,9671,100,9671,1,0
F,H,H,13211,100,13211,1,0
G,H,H,7029,100,7029,1,0
A,B,A,7161,100,7161,1,0
A,C,A,7602,100,7602,1,0
A,D,A,9190,100,9190,1,0
A,E,A,1410,100,1410,1,0
A,F,A,7386,100,7386,1,0
A,G,A,7580,100,7580,1,0
A,H,A,9703,100,9703,1,0
A,B,B,7142,100,7142,1,0
B,C,B,6736,100,6736,1,0
B,D,B,12536,100,12536,1,0
B,E,B,7026,100,7026,1,0
B,F,B,1424,100,1424,1,0
B,G,B,6764,100,6764,1,0
B,H,B,13044,100,13044,1,0
A,C,C,7631,100,7631,1,0
B,C,C,6728,100,6728,1,0
C,D,C,6614,100,6614,1,0
C,E,C,7531,100,7531,1,0
C,F,C,7135,100,7135,1,0
C,G,C,1343,100,1343,1,0
C,H,C,7139,100,7139,1,0
A,D,D,9224,100,9224,1,0
B,D,D,12565,100,12565,1,0
C,D,D,6592,100,6592,1,0
D,E,D,9418,100,9418,1,0
D,F,D,12843,100,12843,1,0
D,G,D,6813,100,6813,1,0
D,H,D,1445,100,1445,1,0
A,E,E,1356,100,1356,1,0
B,E,E,7043,100,7043,1,0
C,E,E,7543,100,7543,1,0
D,E,E,9349,100,9349,1,0
E,F,E,6994,100,6994,1,0
E,G,E,7289,100,7289,1,0
E,H,E,9650,100,9650,1,0
A,F,F,7420,100,7420,1,0
B,F,F,1428,100,1428,1,0
C,F,F,7148,100,7148,1,0
D,F,F,12837,100,12837,1,0
E,F,F,6975,100,6975,1,0
F,G,F,6886,100,6886,1,0
F,H,F,13229,100,13229,1,0
A,G,G,7568,100,7568,1,0
B,G,G,6718,100,6718,1,0
C,G,G,1387,100,1387,1,0
D,G,G,6807,100,6807,1,0
E,G,G,7338,100,7338,1,0
F,G,G,6870,100,6870,1,0
G,H,G,7059,100,7059,1,0
A,H,H,9721,100,9721,1,0
B,H,H,13064,100,13064,1,0
C,H,H,7152,100,7152,1,0
D,H,H,1454,100,1454,1,0
E,H,H,9646,100,9646,1,0
F,H,H,13218,100,13218,1,0
G,H,H,7060,100,7060,1,0
A,B,A,7130,100,7130,1,0
A,C,A,7571,100,7571,1,0
A,D,A,9201,100,9201,1,0
A,E,A,1335,100,1335,1,0
A,F,A,7342,100,7342,1,0
A,G,A,7561,100,7561,1,0
A,H,A,9716,100,9716,1,0
A,B,B,7196,100,7196,1,0
B,C,B,6689,100,6689,1,0
B,D,B,12548,100,12548,1,0
B,E,B,7034,100,7034,1,0
B,F,B,1425,100,1425,1,0
B,G,B,6776,100,6776,1,0
B,H,B,13035,100,13035,1,0
A,C,C,7608,100,7608,1,0
B,C,C,6713,100,6713,1,0
C,D,C,6605,100,6605,1,0
C,E,C,7570,100,7570,1,0
C,F,C,7119,100,7119,1,0
C,G,C,1340,100,1340,1,0
C,H,C,7057,100,7057,1,0
A,D,D,9242,100,9242,1,0
B,D,D,12500,100,12500,1,0
C,D,D,6644,100,6644,1,0
D,E,D,9310,100,9310,1,0
D,F,D,12853,100,12853,1,0
D,G,D,6785,100,6785,1,0
D,H,D,1432,100,1432,1,0
A,E,E,1331,100,1331,1,0
B,E,E,7018,100,7018,1,0
C,E,E,7523,100,7523,1,0
D,E,E,9367,100,9367,1,0
E,F,E,7003,100,7003,1,0
E,G,E,7319,100,7319,1,0
E,H,E,9727,100,9727,1,0
A,F,F,7370,100,7370,1,0
B,F,F,1434,100,1434,1,0
C,F,F,7122,100,7122,1,0
D,F,F,12880,100,12880,1,0
E,F,F,6996,100,6996,1,0
F,G,F,6872,100,6872,1,0
F,H,F,13271,100,13271,1,0
A,G,G,7610,100,7610,1,0
B,G,G,6794,100,6794,1,0
C,G,G,1361,100,1361,1,0
D,G,G,6790,100,6790,1,0
E,G,G,7303,100,7303,1,0
F,G,G,6882,100,6882,1,0
G,H,G,7041,100,7041,1,0
A,H,H,9694,100,9694,1,0
B,H,H,13037,100,13037,1,0
C,H,H,7083,100,7083,1,0
D,H,H,1517,100,1517,1,0
E,H,H,9671,100,9671,1,0
F,H,H,13242,100,13242,1,0
G,H,H,7066,100,7066,1,0
A,B,A,7171,100,7171,1,0
A,C,A,7626,100,7626,1,0
A,D,A,9198,100,9198,1,0
A,E,A,1401,100,1401,1,0
A,F,A,7386,100,7386,1,0
A,G,A,7595,100,7595,1,0
A,H,A,9711,100,9711,1,0
A,B,B,7156,100,7156,1,0
B,C,B,6710,100,6710,1,0
B,D,B,12517,100,12517,1,0
B,E,B,7061,100,7061,1,0
B,F,B,1407,100,1407,1,0
B,G,B,6734,100,6734,1,0
B,H,B,13023,100,13023,1,0
A,C,C,7555,100,7555,1,0
B,C,C,6737,100,6737,1,0
C,D,C,6600,100,6600,1,0
C,E,C,7524,100,7524,1,0
C,F,C,7120,100,7120,1,0
C,G,C,1299,100,1299,1,0
C,H,C,7065,100,7065,1,0
A,D,D,9190,100,9190,1,0
B,D,D,12566,100,12566,1,0
C,D,D,6598,100,6598,1,0
D,E,D,9324,100,9324,1,0
D,F,D,12869,100,12869,1,0
D,G,D,6784,100,6784,1,0
D,H,D,1469,100,1469,1,0
A,E,E,1379,100,1379,1,0
B,E,E,7068,100,7068,1,0
C,E,E,7536,100,7536,1,0
D,E,E,9369,100,9369,1,0
E,F,E,7010,100,7010,1,0
E,G,E,7289,100,7289,1,0
E,H,E,9684,100,9684,1,0
A,F,F,7373,100,7373,1,0
B,F,F,1426,100,1426,1,0
C,F,F,7122,100,7122,1,0
D,F,F,12857,100,12857,1,0
E,F,F,7010,100,7010,1,0
F,G,F,6889,100,6889,1,0
F,H,F,13209,100,13209,1,0
A,G,G,7551,100,7551,1,0
B,G,G,6771,100,6771,1,0
C,G,G,1318,100,1318,1,0
D,G,G,6852,100,6852,1,0
E,G,G,7305,100,7305,1,0
F,G,G,6901,100,6901,1,0
G,H,G,7028,100,7028,1,0
A,H,H,9721,100,9721,1,0
B,H,H,13064,100,13064,1,0
C,H,H,7115,100,7115,1,0
D,H,H,1401,100,1401,1,0
E,H,H,9652,100,9652,1,0
F,H,H,13251,100,13251,1,0
G,H,H,7061,100,7061,1,0
A,B,A,7142,100,7142,1,0
A,C,A,7548,100,7548,1,0
A,D,A,9185,100,9185,1,0
A,E,A,1369,100,1369,1,0
A,F,A,7359,100,7359,1,0
A,G,A,7607,100,7607,1,0
A,H,A,9679,100,9679,1,0
A,B,B,7178,100,7178,1,0
B,C,B,6733,100,6733,1,0
B,D,B,12532,100,12532,1,0
B,E,B,7007,100,7007,1,0
B,F,B,1416,100,1416,1,0
B,G,B,6797,100,6797,1,0
B,H,B,13082,100,13082,1,0
A,C,C,7572,100,7572,1,0
B,C,C,6778,100,6778,1,0
C,D,C,6609,100,6609,1,0
C,E,C,7515,100,7515,1,0
C,F,C,7103,100,7103,1,0
C,G,C,1367,100,1367,1,0
C,H,C,7103,100,7103,1,0
A,D,D,9216,100,9216,1,0
B,D,D,12502,100,12502,1,0
C,D,D,6630,100,6630,1,0
D,E,D,9363,100,9363,1,0
D,F,D,12872,100,12872,1,0
D,G,D,6812,100,6812,1,0
D,H,D,1510,100,1510,1,0
A,E,E,1323,100,1323,1,0
B,E,E,7028,100,7028,1,0
C,E,E,7503,100,7503,1,0
D,E,E,9293,100,9293,1,0
E,F,E,6996,100,6996,1,0
E,G,E,7328,100,7328,1,0
E,H,E,9660,100,9660,1,0
A,F,F,7340,100,7340,1,0
B,F,F,1407,100,1407,1,0
C,F,F,7122,100,7122,1,0
D,F,F,12859,100,12859,1,0
E,F,F,7006,100,7006,1,0
F,G,F,6905,100,6905,1,0
F,H,F,13226,100,13226,1,0
A,G,G,7617,100,7617,1,0
B,G,G,6786,100,6786,1,0
C,G,G,1356,100,1356,1,0
D,G,G,6793,100,6793,1,0
E,G,G,7330,100,7330,1,0
F,G,G,6864,100,6864,1,0
G,H,G,7030,100,7030,1,0
A,H,H,9721,100,9721,1,0
B,H,H,13051,100,13051,1,0
C,H,H,7143,100,7143,1,0
D,H,H,1402,100,1402,1,0
E,H,H,9670,100,9670,1,0
F,H,H,13232,100,13232,1,0
G,H,H,7038,100,7038,1,0
A,B,A,7167,100,7167,1,0
A,C,A,7611,100,7611,1,0
A,D,A,9190,100,9190,1,0
A,E,A,1411,100,1411,1,0
A,F,A,7367,100,7367,1,0
A,G,A,7588,100,7588,1,0
A,H,A,9722,100,9722,1,0
A,B,B,7124,100,7124,1,0
B,C,B,6697,100,6697,1,0
B,D,B,12479,100,12479,1,0
B,E,B,7066,100,7066,1,0
B,F,B,1439,100,1439,1,0
B,G,B,6789,100,6789,1,0
B,H,B,13060,100,13060,1,0
A,C,C,7585,100,7585,1,0
B,C,C,6732,100,6732,1,0
C,D,C,6577,100,6577,1,0
C,E,C,7574,100,7574,1,0
C,F,C,7097,100,7097,1,0
C,G,C,1367,100,1367,1,0
C,H,C,7080,100,7080,1,0
A,D,D,9212,100,9212,1,0
B,D,D,12552,100,12552,1,0
C,D,D,6624,100,6624,1,0
D,E,D,9374,100,9374,1,0
D,F,D,12823,100,12823,1,0
D,G,D,6815,100,6815,1,0
D,H,D,1424,100,1424,1,0
A,E,E,1391,100,1391,1,0
B,E,E,7079,100,7079,1,0
C,E,E,7583,100,7583,1,0
D,E,E,9344,100,9344,1,0
E,F,E,6998,100,6998,1,0
E,G,E,7339,100,7339,1,0
E,H,E,9667,100,9667,1,0
A,F,F,7350,100,7350,1,0
B,F,F,1463,100,1463,1,0
C,F,F,7123,100,7123,1,0
D,F,F,12885,100,12885,1,0
E,F,F,7009,100,7009,1,0
F,G,F,6859,100,6859,1,0
F,H,F,13218,100,13218,1,0
A,G,G,7600,100,7600,1,0
B,G,G,6722,100,6722,1,0
C,G,G,1351,100,1351,1,0
D,G,G,6806,100,6806,1,0
E,G,G,7340,100,7340,1,0
F,G,G,6889,100,6889,1,0
G,H,G,7044,100,7044,1,0
A,H,H,9736,100,9736,1,0
B,H,H,13018,100,13018,1,0
C,H,H,7135,100,7135,1,0
D,H,H,1458,100,1458,1,0
E,H,H,9695,100,9695,1,0
F,H,H,13280,100,13280,1,0
G,H,H,7041,100,7041,1,0
A,B,A,7158,100,7158,1,0
A,C,A,7599,100,7599,1,0
A,D,A,9187,100,9187,1,0
A,E,A,1336,100,1336,1,0
A,F,A,7359,100,7359,1,0
A,G,A,7637,100,7637,1,0
A,H,A,9724,100,9724,1,0
A,B,B,7108,100,7108,1,0
B,C,B,6706,100,6706,1,0
B,D,B,12520,100,12520,1,0
B,E,B,7035,100,7035,1,0
B,F,B,1409,100,1409,1,0
B,G,B,6756,100,6756,1,0
B,H,B,13061,100,13061,1,0
A,C,C,7522,100,7522,1,0
B,C,C,6747,100,6747,1,0
C,D,C,6570,100,6570,1,0
C,E,C,7560,100,7560,1,0
C,F,C,7126,100,7126,1,0
C,G,C,1352,100,1352,1,0
C,H,C,7124,100,7124,1,0
A,D,D,9193,100,9193,1,0
B,D,D,12557,100,12557,1,0
C,D,D,6603,100,6603,1,0
D,E,D,9408,100,9408,1,0
D,F,D,12871,100,12871,1,0
D,G,D,6834,100,6834,1,0
D,H,D,1480,100,1480,1,0
A,E,E,1410,100,1410,1,0
B,E,E,7086,100,7086,1,0
C,E,E,7550,100,7550,1,0
D,E,E,9320,100,9320,1,0
E,F,E,7021,100,7021,1,0
E,G,E,7324,100,7324,1,0
E,H,E,9655,100,9655,1,0
A,F,F,7456,100,7456,1,0
B,F,F,1456,100,1456,1,0
C,F,F,7127,100,7127,1,0
D,F,F,12898,100,12898,1,0
E,F,F,7017,100,7017,1,0
F,G,F,6872,100,6872,1,0
F,H,F,13285,100,13285,1,0
A,G,G,7605,100,7605,1,0
B,G,G,6749,100,6749,1,0
C,G,G,1379,100,1379,1,0
D,G,G,6828,100,6828,1,0
E,G,G,7287,100,7287,1,0
F,G,G,6875,100,6875,1,0
G,H,G,7052,100,7052,1,0
A,H,H,9711,100,9711,1,0
B,H,H,13030,100,13030,1,0
C,H,H,7107,100,7107,1,0
D,H,H,1469,100,1469,1,0
E,H,H,9673,100,9673,1,0
F,H,H,13224,100,13224,1,0
G,H,H,7019,100,7019,1,0
A,B,A,7155,100,7155,1,0
A,C,A,7529,100,7529,1,0
A,D,A,9184,100,9184,1,0
A,E,A,1391,100,1391,1,0
A,F,A,7369,100,7369,1,0
A,G,A,7623,100,7623,1,0
A,H,A,9700,100,9700,1,0
A,B,B,7144,100,7144,1,0
B,C,B,6736,100,6736,1,0
B,D,B,12589,100,12589,1,0
B,E,B,7027,100,7027,1,0
B,F,B,1431,100,1431,1,0
B,G,B,6799,100,6799,1,0
B,H,B,13072,100,13072,1,0
A,C,C,7606,100,7606,1,0
B,C,C,6686,100,6686,1,0
C,D,C,6623,100,6623,1,0
C,E,C,7558,100,7558,1,0
C,F,C,7117,100,7117,1,0
C,G,C,1387,100,1387,1,0
C,H,C,7120,100,7120,1,0
A,D,D,9202,100,9202,1,0
B,D,D,12536,100,12536,1,0
C,D,D,6602,100,6602,1,0
D,E,D,9349,100,9349,1,0
D,F,D,12869,100,12869,1,0
D,G,D,6844,100,6844,1,0
D,H,D,1418,100,1418,1,0
A,E,E,1363,100,1363,1,0
B,E,E,7083,100,7083,1,0
C,E,E,7536,100,7536,1,0
D,E,E,9379,100,9379,1,0
E,F,E,7007,100,7007,1,0
E,G,E,7341,100,7341,1,0
E,H,E,9660,100,9660,1,0
A,F,F,7391,100,7391,1,0
B,F,F,1471,100,1471,1,0
C,F,F,7127,100,7127,1,0
D,F,F,12836,100,12836,1,0
E,F,F,6994,100,6994,1,0
F,G,F,6885,100,6885,1,0
F,H,F,13279,100,13279,1,0
A,G,G,7586,100,7586,1,0
B,G,G,6724,100,6724,1,0
C,G,G,1361,100,1361,1,0
D,G,G,6816,100,6816,1,0
E,G,G,7303,100,7303,1,0
F,G,G,6899,100,6899,1,0
G,H,G,7048,100,7048,1,0
A,H,H,9677,100,9677,1,0
B,H,H,13065,100,13065,1,0
C,H,H,7135,100,7135,1,0
D,H,H,1419,100,1419,1,0
E,H,H,9626,100,9626,1,0
F,H,H,13267,100,13267,1,0
G,H,H,7071,100,7071,1,0
A,B,A,7147,100,7147,1,0
A,C,A,7558,100,7558,1,0
A,D,A,9207,100,9207,1,0
A,E,A,1398,100,1398,1,0
A,F,A,7371,100,7371,1,0
A,G,A,7633,100,7633,1,0
A,H,A,9685,100,9685,1,0
A,B,B,7178,100,7178,1,0
B,C,B,6702,100,6702,1,0
B,D,B,12533,100,12533,1,0
B,E,B,6996,100,6996,1,0
B,F,B,1383,100,1383,1,0
B,G,B,6754,100,6754,1,0
B,H,B,13061,100,13061,1,0
A,C,C,7580,100,7580,1,0
B,C,C,6711,100,6711,1,0
C,D,C,6581,100,6581,1,0
C,E,C,7577,100,7577,1,0
C,F,C,7116,100,7116,1,0
C,G,C,1401,100,1401,1,0
C,H,C,7126,100,7126,1,0
A,D,D,9165,100,9165,1,0
B,D,D,12517,100,12517,1,0
C,D,D,6615,100,6615,1,0
D,E,D,9351,100,9351,1,0
D,F,D,12869,100,12869,1,0
D,G,D,6813,100,6813,1,0
D,H,D,1426,100,1426,1,0
A,E,E,1398,100,1398,1,0
B,E,E,7023,100,7023,1,0
C,E,E,7561,100,7561,1,0
D,E,E,9335,100,9335,1,0
E,F,E,7006,100,7006,1,0
E,G,E,7293,100,7293,1,0
E,H,E,9652,100,9652,1,0
A,F,F,7359,100,7359,1,0
B,F,F,1422,100,1422,1,0
C,F,F,7127,100,7127,1,0
D,F,F,12880,100,12880,1,0
E,F,F,7009,100,7009,1,0
F,G,F,6901,100,6901,1,0
F,H,F,13189,100,13189,1,0
A,G,G,7577,100,7577,1,0
B,G,G,6763,100,6763,1,0
C,G,G,1330,100,1330,1,0
D,G,G,6818,100,6818,1,0
E,G,G,7310,100,7310,1,0
F,G,G,6918,100,6918,1,0
G,H,G,7049,100,7049,1,0
A,H,H,9718,100,9718,1,0
B,H,H,13044,100,13044,1,0
C,H,H,7094,100,7094,1,0
D,H,H,1487,100,1487,1,0
E,H,H,9664,100,9664,1,0
F,H,H,13224,100,13224,1,0
G,H,H,7024,100,7024,1,0
A,B,A,7129,100,7129,1,0
A,C,A,7589,100,7589,1,0
A,D,A,9191,100,9191,1,0
A,E,A,1378,100,1378,1,0
A,F,A,7379,100,7379,1,0
A,G,A,7607,100,7607,1,0
A,H,A,9736,100,9736,1,0
A,B,B,7161,100,7161,1,0
B,C,B,6724,100,6724,1,0
B,D,B,12503,100,12503,1,0
B,E,B,7021,100,7021,1,0
B,F,B,1440,100,1440,1,0
B,G,B,6769,100,6769,1,0
B,H,B,13019,100,13019,1,0
A,C,C,7547,100,7547,1,0
B,C,C,6716,100,6716,1,0
C,D,C,6622,100,6622,1,0
C,E,C,7578,100,7578,1,0
C,F,C,7132,100,7132,1,0
C,G,C,1351,100,1351,1,0
C,H,C,7116,100,7116,1,0
A,D,D,9202,100,9202,1,0
B,D,D,12542,100,12542,1,0
C,D,D,6602,100,6602,1,0
D,E,D,9325,100,9325,1,0
D,F,D,12861,100,12861,1,0
D,G,D,6836,100,6836,1,0
D,H,D,1421,100,1421,1,0
A,E,E,1322,100,1322,1,0
B,E,E,7070,100,7070,1,0
C,E,E,7504,100,7504,1,0
D,E,E,9366,100,9366,1,0
E,F,E,7007,100,7007,1,0
E,G,E,7330,100,7330,1,0
E,H,E,9648,100,9648,1,0
A,F,F,7356,100,7356,1,0
B,F,F,1420,100,1420,1,0
C,F,F,7108,100,7108,1,0
D,F,F,12858,100,12858,1,0
E,F,F,7016,100,7016,1,0
F,G,F,6856,100,6856,1,0
F,H,F,13221,100,13221,1,0
A,G,G,7535,100,7535,1,0
B,G,G,6748,100,6748,1,0
C,G,G,1359,100,1359,1,0
D,G,G,6814,100,6814,1,0
E,G,G,7340,100,7340,1,0
F,G,G,6860,100,6860,1,0
G,H,G,7035,100,7035,1,0
A,H,H,9685,100,9685,1,0
B,H,H,13022,100,13022,1,0
C,H,H,7130,100,7130,1,0
D,H,H,1416,100,1416,1,0
E,H,H,9682,100,9682,1,0
F,H,H,13262,100,13262,1,0
G,H,H,7038,100,7038,1,0
A,B,A,7175,100,7175,1,0
A,C,A,7533,100,7533,1,0
A,D,A,9206,100,9206,1,0
A,E,A,1395,100,1395,1,0
A,F,A,7405,100,7405,1,0
A,G,A,7610,100,7610,1,0
A,H,A,9686,100,9686,1,0
A,B,B,7129,100,7129,1,0
B,C,B,6725,100,6725,1,0
B,D,B,12565,100,12565,1,0
B,E,B,7044,100,7044,1,0
B,F,B,1392,100,1392,1,0
B,G,B,6766,100,6766,1,0
B,H,B,13081,100,13081,1,0
A,C,C,7582,100,7582,1,0
B,C,C,6714,100,6714,1,0
C,D,C,6646,100,6646,1,0
C,E,C,7523,100,7523,1,0
C,F,C,7128,100,7128,1,0
C,G,C,1365,100,1365,1,0
C,H,C,7076,100,7076,1,0
A,D,D,9195,100,9195,1,0
B,D,D,12553,100,12553,1,0
C,D,D,6596,100,6596,1,0
D,E,D,9376,100,9376,1,0
D,F,D,12826,100,12826,1,0
D,G,D,6833,100,6833,1,0
D,H,D,1423,100,1423,1,0
A,E,E,1386,100,1386,1,0
B,E,E,7030,100,7030,1,0
C,E,E,7509,100,7509,1,0
D,E,E,9323,100,9323,1,0
E,F,E,7003,100,7003,1,0
E,G,E,7320,100,7320,1,0
E,H,E,9635,100,9635,1,0
A,F,F,7402,100,7402,1,0
B,F,F,1410,100,1410,1,0
C,F,F,7125,100,7125,1,0
D,F,F,12876,100,12876,1,0
E,F,F,7040,100,7040,1,0
F,G,F,6847,100,6847,1,0
F,H,F,13241,100,13241,1,0
A,G,G,7558,100,7558,1,0
B,G,G,6760,100,6760,1,0
C,G,G,1349,100,1349,1,0
D,G,G,6844,100,6844,1,0
E,G,G,7302,100,7302,1,0
F,G,G,6883,100,6883,1,0
G,H,G,7058,100,7058,1,0
A,H,H,9674,100,9674,1,0
B,H,H,13052,100,13052,1,0
C,H,H,7104,100,7104,1,0
D,H,H,1461,100,1461,1,0
E,H,H,9643,100,9643,1,0
F,H,H,13221,100,13221,1,0
G,H,H,7048,100,7048,1,0
A,B,A,7154,100,7154,1,0
A,C,A,7607,100,7607,1,0
A,D,A,9200,100,9200,1,0
A,E,A,1338,100,1338,1,0
A,F,A,7370,100,7370,1,0
A,G,A,7588,100,7588,1,0
A,H,A,9700,100,9700,1,0
A,B,B,7178,100,7178,1,0
B,C,B,6756,100,6756,1,0
B,D,B,12532,100,12532,1,0
B,E,B,7016,100,7016,1,0
B,F,B,1455,100,1455,1,0
B,G,B,6752,100,6752,1,0
B,H,B,13088,100,13088,1,0
A,C,C,7589,100,7589,1,0
B,C,C,6696,100,6696,1,0
C,D,C,6607,100,6607,1,0
C,E,C,7541,100,7541,1,0
C,F,C,7128,100,7128,1,0
C,G,C,1306,100,1306,1,0
C,H,C,7154,100,7154,1,0
A,D,D,9227,100,9227,1,0
B,D,D,12493,100,12493,1,0
C,D,D,6591,100,6591,1,0
D,E,D,9324,100,9324,1,0
D,F,D,12877,100,12877,1,0
D,G,D,6792,100,6792,1,0
D,H,D,1445,100,1445,1,0
A,E,E,1366,100,1366,1,0
B,E,E,7020,100,7020,1,0
C,E,E,7534,100,7534,1,0
D,E,E,9290,100,9290,1,0
E,F,E,7016,100,7016,1,0
E,G,E,7289,100,7289,1,0
E,H,E,9672,100,9672,1,0
A,F,F,7412,100,7412,1,0
B,F,F,1433,100,1433,1,0
C,F,F,7105,100,7105,1,0
D,F,F,12888,100,12888,1,0
E,F,F,7031,100,7031,1,0
F,G,F,6891,100,6891,1,0
F,H,F,13215,100,13215,1,0
A,G,G,7585,100,7585,1,0
B,G,G,6781,100,6781,1,0
C,G,G,1323,100,1323,1,0
D,G,G,6826,100,6826,1,0
E,G,G,7325,100,7325,1,0
F,G,G,6865,100,6865,1,0
G,H,G,7081,100,7081,1,0
A,H,H,9769,100,9769,1,0
B,H,H,12997,100,12997,1,0
C,H,H,7067,100,7067,1,0
D,H,H,1470,100,1470,1,0
E,H,H,9641,100,9641,1,0
F,H,H,13230,100,13230,1,0
G,H,H,7051,100,7051,1,0
A,B,A,7148,100,7148,1,0
A,C,A,7620,100,7620,1,0
A,D,A,9195,100,9195,1,0
A,E,A,1412,100,1412,1,0
A,F,A,7352,100,7352,1,0
A,G,A,7568,100,7568,1,0
A,H,A,9702,100,9702,1,0
A,B,B,7155,100,7155,1,0
B,C,B,6756,100,6756,1,0
B,D,B,12532,100,12532,1,0
B,E,B,7028,100,7028,1,0
B,F,B,1443,100,1443,1,0
B,G,B,6754,100,6754,1,0
B,H,B,13041,100,13041,1,0
A,C,C,7584,100,7584,1,0
B,C,C,6732,100,6732,1,0
C,D,C,6574,100,6574,1,0
C,E,C,7524,100,7524,1,0
C,F,C,7097,100,7097,1,0
C,G,C,1308,100,1308,1,0
C,H,C,7128,100,7128,1,0
A,D,D,9228,100,9228,1,0
B,D,D,12579,100,12579,1,0
C,D,D,6610,100,6610,1,0
D,E,D,9338,100,9338,1,0
D,F,D,12858,100,12858,1,0
D,G,D,6817,100,6817,1,0
D,H,D,1419,100,1419,1,0
A,E,E,1303,100,1303,1,0
B,E,E,7047,100,7047,1,0
C,E,E,7574,100,7574,1,0
D,E,E,9315,100,9315,1,0
E,F,E,7030,100,7030,1,0
E,G,E,7315,100,7315,1,0
E,H,E,9660,100,9660,1,0
A,F,F,7377,100,7377,1,0
B,F,F,1434,100,1434,1,0
C,F,F,7110,100,7110,1,0
D,F,F,12868,100,12868,1,0
E,F,F,6994,100,6994,1,0
F,G,F,6893,100,6893,1,0
F,H,F,13195,100,13195,1,0
A,G,G,7571,100,7571,1,0
B,G,G,6771,100,6771,1,0
C,G,G,1360,100,1360,1,0
D,G,G,6804,100,6804,1,0
E,G,G,7305,100,7305,1,0
F,G,G,6896,100,6896,1,0
G,H,G,7039,100,7039,1,0
A,H,H,9661,100,9661,1,0
B,H,H,13020,100,13020,1,0
C,H,H,7118,100,7118,1,0
D,H,H,1424,100,1424,1,0
E,H,H,9688,100,9688,1,0
F,H,H,13210,100,13210,1,0
G,H,H,7085,100,7085,1,0
A,B,A,7146,100,7146,1,0
A,C,A,7598,100,7598,1,0
A,D,A,9180,100,9180,1,0
A,E,A,1391,100,1391,1,0
A,F,A,7391,100,7391,1,0
A,G,A,7609,100,7609,1,0
A,H,A,9759,100,9759,1,0
A,B,B,7149,100,7149,1,0
B,C,B,6679,100,6679,1,0
B,D,B,12556,100,12556,1,0
B,E,B,7072,100,7072,1,0
B,F,B,1450,100,1450,1,0
B,G,B,6769,100,6769,1,0
B,H,B,13058,100,13058,1,0
A,C,C,7623,100,7623,1,0
B,C,C,6736,100,6736,1,0
C,D,C,6641,100,6641,1,0
C,E,C,7546,100,7546,1,0
C,F,C,7126,100,7126,1,0
C,G,C,1374,100,1374,1,0
C,H,C,7130,100,7130,1,0
A,D,D,9195,100,9195,1,0
B,D,D,12516,100,12516,1,0
C,D,D,6607,100,6607,1,0
D,E,D,9311,100,9311,1,0
D,F,D,12893,100,12893,1,0
D,G,D,6821,100,6821,1,0
D,H,D,1416,100,1416,1,0
A,E,E,1346,100,1346,1,0
B,E,E,7052,100,7052,1,0
C,E,E,7561,100,7561,1,0
D,E,E,9374,100,9374,1,0
E,F,E,7034,100,7034,1,0
E,G,E,7312,100,7312,1,0
E,H,E,9679,100,9679,1,0
A,F,F,7438,100,7438,1,0
B,F,F,1457,100,1457,1,0
C,F,F,7120,100,7120,1,0
D,F,F,12863,100,12863,1,0
E,F,F,6992,100,6992,1,0
F,G,F,6897,100,6897,1,0
F,H,F,13252,100,13252,1,0
A,G,G,7584,100,7584,1,0
B,G,G,6702,100,6702,1,0
C,G,G,1347,100,1347,1,0
D,G,G,6796,100,6796,1,0
E,G,G,7301,100,7301,1,0
F,G,G,6897,100,6897,1,0
G,H,G,7048,100,7048,1,0
A,H,H,9664,100,9664,1,0
B,H,H,13047,100,13047,1,0
C,H,H,7078,100,7078,1,0
D,H,H,1443,100,1443,1,0
E,H,H,9653,100,9653,1,0
F,H,H,13234,100,13234,1,0
G,H,H,7019,100,7019,1,0
A,B,A,7174,100,7174,1,0
A,C,A,7581,100,7581,1,0
A,D,A,9233,100,9233,1,0
A,E,A,1344,100,1344,1,0
A,F,A,7341,100,7341,1,0
A,G,A,7526,100,7526,1,0
A,H,A,9702,100,9702,1,0
A,B,B,7091,100,7091,1,0
B,C,B,6697,100,6697,1,0
B,D,B,12521,100,12521,1,0
B,E,B,7016,100,7016,1,0
B,F,B,1436,100,1436,1,0
B,G,B,6778,100,6778,1,0
B,H,B,13080,100,13080,1,0
A,C,C,7594,100,7594,1,0
B,C,C,6739,100,6739,1,0
C,D,C,6629,100,6629,1,0
C,E,C,7531,100,7531,1,0
C,F,C,7126,100,7126,1,0
C,G,C,1356,100,1356,1,0
C,H,C,7142,100,7142,1,0
A,D,D,9221,100,9221,1,0
B,D,D,12508,100,12508,1,0
C,D,D,6584,100,6584,1,0
D,E,D,9406,100,9406,1,0
D,F,D,12860,100,12860,1,0
D,G,D,6776,100,6776,1,0
D,H,D,1505,100,1505,1,0
A,E,E,1379,100,1379,1,0
B,E,E,7059,100,7059,1,0
C,E,E,7546,100,7546,1,0
D,E,E,9367,100,9367,1,0
E,F,E,6982,100,6982,1,0
E,G,E,7299,100,7299,1,0
E,H,E,9644,100,9644,1,0
A,F,F,7350,100,7350,1,0
B,F,F,1404,100,1404,1,0
C,F,F,7109,100,7109,1,0
D,F,F,12913,100,12913,1,0
E,F,F,6985,100,6985,1,0
F,G,F,6883,100,6883,1,0
F,H,F,13259,100,13259,1,0
A,G,G,7575,100,7575,1,0
B,G,G,6816,100,6816,1,0
C,G,G,1410,100,1410,1,0
D,G,G,6799,100,6799,1,0
E,G,G,7321,100,7321,1,0
F,G,G,6863,100,6863,1,0
G,H,G,7047,100,7047,1,0
A,H,H,9661,100,9661,1,0
B,H,H,13038,100,13038,1,0
C,H,H,7146,100,7146,1,0
D,H,H,1440,100,1440,1,0
E,H,H,9650,100,9650,1,0
F,H,H,13211,100,13211,1,0
G,H,H,7031,100,7031,1,0
A,B,A,7146,100,7146,1,0
A,C,A,7570,100,7570,1,0
A,D,A,9207,100,9207,1,0
A,E,A,1390,100,1390,1,0
A,F,A,7359,100,7359,1,0
A,G,A,7597,100,7597,1,0
A,H,A,9670,100,9670,1,0
A,B,B,7139,100,7139,1,0
B,C,B,6725,100,6725,1,0
B,D,B,12557,100,12557,1,0
B,E,B,7012,100,7012,1,0
B,F,B,1466,100,1466,1,0
B,G,B,6735,100,6735,1,0
B,H,B,13082,100,13082,1,0
A,C,C,7573,100,7573,1,0
B,C,C,6704,100,6704,1,0
C,D,C,6607,100,6607,1,0
C,E,C,7559,100,7559,1,0
C,F,C,7096,100,7096,1,0
C,G,C,1349,100,1349,1,0
C,H,C,7135,100,7135,1,0
A,D,D,9209,100,9209,1,0
B,D,D,12509,100,12509,1,0
C,D,D,6634,100,6634,1,0
D,E,D,9370,100,9370,1,0
D,F,D,12901,100,12901,1,0
D,G,D,6821,100,6821,1,0
D,H,D,1466,100,1466,1,0
A,E,E,1403,100,1403,1,0
B,E,E,7055,100,7055,1,0
C,E,E,7528,100,7528,1,0
D,E,E,9334,100,9334,1,0
E,F,E,7003,100,7003,1,0
E,G,E,7319,100,7319,1,0
E,H,E,9644,100,9644,1,0
A,F,F,7412,100,7412,1,0
B,F,F,1467,100,1467,1,0
C,F,F,7120,100,7120,1,0
D,F,F,12862,100,12862,1,0
E,F,F,7000,100,7000,1,0
F,G,F,6881,100,6881,1,0
F,H,F,13256,100,13256,1,0
A,G,G,7568,100,7568,1,0
B,G,G,6764,100,6764,1,0
C,G,G,1378,100,1378,1,0
D,G,G,6799,100,6799,1,0
E,G,G,7309,100,7309,1,0
F,G,G,6868,100,6868,1,0
G,H,G,6993,100,6993,1,0
A,H,H,9666,100,9666,1,0
B,H,H,13017,100,13017,1,0
C,H,H,7079,100,7079,1,0
D,H,H,1403,100,1403,1,0
E,H,H,9634,100,9634,1,0
F,H,H,13270,100,13270,1,0
G,H,H,7032,100,7032,1,0
A,B,A,7153,100,7153,1,0
A,C,A,7605,100,7605,1,0
A,D,A,9211,100,9211,1,0
A,E,A,1384,100,1384,1,0
A,F,A,7333,100,7333,1,0
A,G,A,7607,100,7607,1,0
A,H,A,9688,100,9688,1,0
A,B,B,7129,100,7129,1,0
B,C,B,6763,100,6763,1,0
B,D,B,12551,100,12551,1,0
B,E,B,7034,100,7034,1,0
B,F,B,1420,100,1420,1,0
B,G,B,6764,100,6764,1,0
B,H,B,13058,100,13058,1,0
A,C,C,7580,100,7580,1,0
B,C,C,6713,100,6713,1,0
C,D,C,6643,100,6643,1,0
C,E,C,7538,100,7538,1,0
C,F,C,7095,100,7095,1,0
C,G,C,1322,100,1322,1,0
C,H,C,7115,100,7115,1,0
A,D,D,9171,100,9171,1,0
B,D,D,12549,100,12549,1,0
C,D,D,6599,100,6599,1,0
D,E,D,9303,100,9303,1,0
D,F,D,12883,100,12883,1,0
D,G,D,6826,100,6826,1,0
D,H,D,1437,100,1437,1,0
A,E,E,1346,100,1346,1,0
B,E,E,7065,100,7065,1,0
C,E,E,7540,100,7540,1,0
D,E,E,9353,100,9353,1,0
E,F,E,7004,100,7004,1,0
E,G,E,7300,100,7300,1,0
E,H,E,9611,100,9611,1,0
A,F,F,7360,100,7360,1,0
B,F,F,1436,100,1436,1,0
C,F,F,7174,100,7174,1,0
D,F,F,12875,100,12875,1,0
E,F,F,6986,100,6986,1,0
F,G,F,6877,100,6877,1,0
F,H,F,13261,100,13261,1,0
A,G,G,7588,100,7588,1,0
B,G,G,6753,100,6753,1,0
C,G,G,1369,100,1369,1,0
D,G,G,6807,100,6807,1,0
E,G,G,7329,100,7329,1,0
F,G,G,6919,100,6919,1,0
G,H,G,7079,100,7079,1,0
A,H,H,9683,100,9683,1,0
B,H,H,13021,100,13021,1,0
C,H,H,7118,100,7118,1,0
D,H,H,1405,100,1405,1,0
E,H,H,9662,100,9662,1,0
F,H,H,13283,100,13283,1,0
G,H,H,7071,100,7071,1,0
A,B,A,7154,100,7154,1,0
A,C,A,7535,100,7535,1,0
A,D,A,9195,100,9195,1,0
A,E,A,1365,100,1365,1,0
A,F,A,7394,100,7394,1,0
A,G,A,7564,100,7564,1,0
A,H,A,9704,100,9704,1,0
A,B,B,7144,100,7144,1,0
B,C,B,6712,100,6712,1,0
B,D,B,12495,100,12495,1,0
B,E,B,7070,100,7070,1,0
B,F,B,1436,100,1436,1,0
B,G,B,6735,100,6735,1,0
B,H,B,13036,100,13036,1,0
A,C,C,7561,100,7561,1,0
B,C,C,6717,100,6717,1,0
C,D,C,6614,100,6614,1,0
C,E,C,7555,100,7555,1,0
C,F,C,7104,100,7104,1,0
C,G,C,1393,100,1393,1,0
C,H,C,7111,100,7111,1,0
A,D,D,9212,100,9212,1,0
B,D,D,12547,100,12547,1,0
C,D,D,6618,100,6618,1,0
D,E,D,9361,100,9361,1,0
D,F,D,12851,100,12851,1,0
D,G,D,6842,100,6842,1,0
D,H,D,1407,100,1407,1,0
A,E,E,1354,100,1354,1,0
B,E,E,7068,100,7068,1,0
C,E,E,7547,100,7547,1,0
D,E,E,9272,100,9272,1,0
E,F,E,7019,100,7019,1,0
E,G,E,7314,100,7314,1,0
E,H,E,9684,100,9684,1,0
A,F,F,7395,100,7395,1,0
B,F,F,1406,100,1406,1,0
C,F,F,7120,100,7120,1,0
D,F,F,12874,100,12874,1,0
E,F,F,7010,100,7010,1,0
F,G,F,6875,100,6875,1,0
F,H,F,13208,100,13208,1,0
A,G,G,7560,100,7560,1,0
B,G,G,6807,100,6807,1,0
C,G,G,1341,100,1341,1,0
D,G,G,6840,100,6840,1,0
E,G,G,7297,100,7297,1,0
F,G,G,6902,100,6902,1,0
G,H,G,7016,100,7016,1,0
A,H,H,9714,100,9714,1,0
B,H,H,13060,100,13060,1,0
C,H,H,7130,100,7130,1,0
D,H,H,1421,100,1421,1,0
E,H,H,9671,100,9671,1,0
F,H,H,13230,100,13230,1,0
G,H,H,7056,100,7056,1,0
A,B,A,7140,100,7140,1,0
A,C,A,7583,100,7583,1,0
A,D,A,9199,100,9199,1,0
A,E,A,1362,100,1362,1,0
A,F,A,7374,100,7374,1,0
A,G,A,7552,100,7552,1,0
A,H,A,9716,100,9716,1,0
A,B,B,7122,100,7122,1,0
B,C,B,6713,100,6713,1,0
B,D,B,12516,100,12516,1,0
B,E,B,7081,100,7081,1,0
B,F,B,1426,100,1426,1,0
B,G,B,6742,100,6742,1,0
B,H,B,13055,100,13055,1,0
A,C,C,7584,100,7584,1,0
B,C,C,6712,100,6712,1,0
C,D,C,6574,100,6574,1,0
C,E,C,7570,100,7570,1,0
C,F,C,7116,100,7116,1,0
C,G,C,1347,100,1347,1,0
C,H,C,7116,100,7116,1,0
A,D,D,9193,100,9193,1,0
B,D,D,12537,100,12537,1,0
C,D,D,6635,100,6635,1,0
D,E,D,9334,100,9334,1,0
D,F,D,12890,100,12890,1,0
D,G,D,6804,100,6804,1,0
D,H,D,1438,100,1438,1,0
A,E,E,1341,100,1341,1,0
B,E,E,7004,100,7004,1,0
C,E,E,7575,100,7575,1,0
D,E,E,9322,100,9322,1,0
E,F,E,6989,100,6989,1,0
E,G,E,7306,100,7306,1,0
E,H,E,9636,100,9636,1,0
A,F,F,7376,100,7376,1,0
B,F,F,1403,100,1403,1,0
C,F,F,7128,100,7128,1,0
D,F,F,12861,100,12861,1,0
E,F,F,6990,100,6990,1,0
F,G,F,6878,100,6878,1,0
F,H,F,13243,100,13243,1,0
A,G,G,7597,100,7597,1,0
B,G,G,6759,100,6759,1,0
C,G,G,1416,100,1416,1,0
D,G,G,6782,100,6782,1,0
E,G,G,7284,100,7284,1,0
F,G,G,6891,100,6891,1,0
G,H,G,7066,100,7066,1,0
A,H,H,9689,100,9689,1,0
B,H,H,13073,100,13073,1,0
C,H,H,7089,100,7089,1,0
D,H,H,1489,100,1489,1,0
E,H,H,9678,100,9678,1,0
F,H,H,13264,100,13264,1,0
G,H,H,7084,100,7084,1,0
A,B,A,7150,100,7150,1,0
A,C,A,7542,100,7542,1,0
A,D,A,9182,100,9182,1,0
A,E,A,1383,100,1383,1,0
A,F,A,7368,100,7368,1,0
A,G,A,7634,100,7634,1,0
A,H,A,9683,100,9683,1,0
A,B,B,7145,100,7145,1,0
B,C,B,6782,100,6782,1,0
B,D,B,12543,100,12543,1,0
B,E,B,7034,100,7034,1,0
B,F,B,1446,100,1446,1,0
B,G,B,6746,100,6746,1,0
B,H,B,13043,100,13043,1,0
A,C,C,7665,100,7665,1,0
B,C,C,6748,100,6748,1,0
C,D,C,6590,100,6590,1,0
C,E,C,7576,100,7576,1,0
C,F,C,7115,100,7115,1,0
C,G,C,1372,100,1372,1,0
C,H,C,7097,100,7097,1,0
A,D,D,9173,100,9173,1,0
B,D,D,12531,100,12531,1,0
C,D,D,6608,100,6608,1,0
D,E,D,9384,100,9384,1,0
D,F,D,12860,100,12860,1,0
D,G,D,6784,100,6784,1,0
D,H,D,1445,100,1445,1,0
A,E,E,1321,100,1321,1,0
B,E,E,7075,100,7075,1,0
C,E,E,7557,100,7557,1,0
D,E,E,9335,100,9335,1,0
E,F,E,7015,100,7015,1,0
E,G,E,7308,100,7308,1,0
E,H,E,9685,100,9685,1,0
A,F,F,7359,100,7359,1,0
B,F,F,1436,100,1436,1,0
C,F,F,7106,100,7106,1,0
D,F,F,12855,100,12855,1,0
E,F,F,7065,100,7065,1,0
F,G,F,6887,100,6887,1,0
F,H,F,13265,100,13265,1,0
A,G,G,7582,100,7582,1,0
B,G,G,6745,100,6745,1,0
C,G,G,1356,100,1356,1,0
D,G,G,6810,100,6810,1,0
E,G,G,7319,100,7319,1,0
F,G,G,6852,100,6852,1,0
G,H,G,7067,100,7067,1,0
A,H,H,9646,100,9646,1,0
B,H,H,13054,100,13054,1,0
C,H,H,7131,100,7131,1,0
D,H,H,1427,100,1427,1,0
E,H,H,9637,100,9637,1,0
F,H,H,13230,100,13230,1,0
G,H,H,7056,100,7056,1,0
A,B,A,7161,100,7161,1,0
A,C,A,7605,100,7605,1,0
A,D,A,9182,100,9182,1,0
A,E,A,1366,100,1366,1,0
A,F,A,7388,100,7388,1,0
A,G,A,7576,100,7576,1,0
A,H,A,9688,100,9688,1,0
A,B,B,7171,100,7171,1,0
B,C,B,6757,100,6757,1,0
B,D,B,12485,100,12485,1,0
B,E,B,7055,100,7055,1,0
B,F,B,1429,100,1429,1,0
B,G,B,6748,100,6748,1,0
B,H,B,13133,100,13133,1,0
A,C,C,7556,100,7556,1,0
B,C,C,6686,100,6686,1,0
C,D,C,6647,100,6647,1,0
C,E,C,7534,100,7534,1,0
C,F,C,7121,100,7121,1,0
C,G,C,1390,100,1390,1,0
C,H,C,7133,100,7133,1,0
A,D,D,9214,100,9214,1,0
B,D,D,12524,100,12524,1,0
C,D,D,6593,100,6593,1,0
D,E,D,9332,100,9332,1,0
D,F,D,12882,100,12882,1,0
D,G,D,6809,100,6809,1,0
D,H,D,1416,100,1416,1,0
A,E,E,1403,100,1403,1,0
B,E,E,7041,100,7041,1,0
C,E,E,7554,100,7554,1,0
D,E,E,9334,100,9334,1,0
E,F,E,7010,100,7010,1,0
E,G,E,7295,100,7295,1,0
E,H,E,9641,100,9641,1,0
A,F,F,7354,100,7354,1,0
B,F,F,1457,100,1457,1,0
C,F,F,7124,100,7124,1,0
D,F,F,12864,100,12864,1,0
E,F,F,7039,100,7039,1,0
F,G,F,6889,100,6889,1,0
F,H,F,13252,100,13252,1,0
A,G,G,7601,100,7601,1,0
B,G,G,6747,100,6747,1,0
C,G,G,1363,100,1363,1,0
D,G,G,6855,100,6855,1,0
E,G,G,7261,100,7261,1,0
F,G,G,6874,100,6874,1,0
G,H,G,7078,100,7078,1,0
A,H,H,9713,100,9713,1,0
B,H,H,12975,100,12975,1,0
C,H,H,7159,100,7159,1,0
D,H,H,1440,100,1440,1,0
E,H,H,9686,100,9686,1,0
F,H,H,13230,100,13230,1,0
G,H,H,7024,100,7024,1,0
A,B,A,7148,100,7148,1,0
A,C,A,7529,100,7529,1,0
A,D,A,9191,100,9191,1,0
A,E,A,1362,100,1362,1,0
A,F,A,7373,100,7373,1,0
A,G,A,7618,100,7618,1,0
A,H,A,9712,100,9712,1,0
A,B,B,7140,100,7140,1,0
B,C,B,6679,100,6679,1,0
B,D,B,12528,100,12528,1,0
B,E,B,7010,100,7010,1,0
B,F,B,1437,100,1437,1,0
B,G,B,6756,100,6756,1,0
B,H,B,13081,100,13081,1,0
A,C,C,7580,100,7580,1,0
B,C,C,6727,100,6727,1,0
C,D,C,6615,100,6615,1,0
C,E,C,7545,100,7545,1,0
C,F,C,7115,100,7115,1,0
C,G,C,1340,100,1340,1,0
C,H,C,7122,100,7122,1,0
A,D,D,9201,100,9201,1,0
B,D,D,12566,100,12566,1,0
C,D,D,6580,100,6580,1,0
D,E,D,9319,100,9319,1,0
D,F,D,12890,100,12890,1,0
D,G,D,6790,100,6790,1,0
D,H,D,1434,100,1434,1,0
A,E,E,1354,100,1354,1,0
B,E,E,7063,100,7063,1,0
C,E,E,7522,100,7522,1,0
D,E,E,9275,100,9275,1,0
E,F,E,6998,100,6998,1,0
E,G,E,7310,100,7310,1,0
E,H,E,9638,100,9638,1,0
A,F,F,7399,100,7399,1,0
B,F,F,1469,100,1469,1,0
C,F,F,7117,100,7117,1,0
D,F,F,12892,100,12892,1,0
E,F,F,7024,100,7024,1,0
F,G,F,6888,100,6888,1,0
F,H,F,13190,100,13190,1,0
A,G,G,7590,100,7590,1,0
B,G,G,6712,100,6712,1,0
C,G,G,1322,100,1322,1,0
D,G,G,6808,100,6808,1,0
E,G,G,7280,100,7280,1,0
F,G,G,6910,100,6910,1,0
G,H,G,7049,100,7049,1,0
A,H,H,9711,100,9711,1,0
B,H,H,13096,100,13096,1,0
C,H,H,7146,100,7146,1,0
D,H,H,1432,100,1432,1,0
E,H,H,9667,100,9667,1,0
F,H,H,13298,100,13298,1,0
G,H,H,7055,100,7055,1,0
A,B,A,7140,100,7140,1,0
A,C,A,7571,100,7571,1,0
A,D,A,9187,100,9187,1,0
A,E,A,1345,100,1345,1,0
A,F,A,7391,100,7391,1,0
A,G,A,7586,100,7586,1,0
A,H,A,9718,100,9718,1,0
A,B,B,7126,100,7126,1,0
B,C,B,6754,100,6754,1,0
B,D,B,12510,100,12510,1,0
B,E,B,7012,100,7012,1,0
B,F,B,1418,100,1418,1,0
B,G,B,6779,100,6779,1,0
B,H,B,13084,100,13084,1,0
A,C,C,7534,100,7534,1,0
B,C,C,6713,100,6713,1,0
C,D,C,6615,100,6615,1,0
C,E,C,7519,100,7519,1,0
C,F,C,7136,100,7136,1,0
C,G,C,1329,100,1329,1,0
C,H,C,7118,100,7118,1,0
A,D,D,9187,100,9187,1,0
B,D,D,12575,100,12575,1,0
C,D,D,6599,100,6599,1,0
D,E,D,9417,100,9417,1,0
D,F,D,12835,100,12835,1,0
D,G,D,6795,100,6795,1,0
D,H,D,1497,100,1497,1,0
A,E,E,1444,100,1444,1,0
B,E,E,7082,100,7082,1,0
C,E,E,7545,100,7545,1,0
D,E,E,9340,100,9340,1,0
E,F,E,6977,100,6977,1,0
E,G,E,7331,100,7331,1,0
E,H,E,9660,100,9660,1,0
A,F,F,7381,100,7381,1,0
B,F,F,1414,100,1414,1,0
C,F,F,7125,100,7125,1,0
D,F,F,12878,100,12878,1,0
E,F,F,7019,100,7019,1,0
F,G,F,6864,100,6864,1,0
F,H,F,13276,100,13276,1,0
A,G,G,7571,100,7571,1,0
B,G,G,6777,100,6777,1,0
C,G,G,1355,100,1355,1,0
D,G,G,6801,100,6801,1,0
E,G,G,7290,100,7290,1,0
F,G,G,6884,100,6884,1,0
G,H,G,7073,100,7073,1,0
A,H,H,9672,100,9672,1,0
B,H,H,13080,100,13080,1,0
C,H,H,7130,100,7130,1,0
D,H,H,1477,100,1477,1,0
E,H,H,9661,100,9661,1,0
F,H,H,13270,100,13270,1,0
G,H,H,7051,100,7051,1,0
A,B,A,7107,100,7107,1,0
A,C,A,7571,100,7571,1,0
A,D,A,9198,100,9198,1,0
A,E,A,1388,100,1388,1,0
A,F,A,7387,100,7387,1,0
A,G,A,7594,100,7594,1,0
A,H,A,9664,100,9664,1,0
A,B,B,7162,100,7162,1,0
B,C,B,6706,100,6706,1,0
B,D,B,12556,100,12556,1,0
B,E,B,7084,100,7084,1,0
B,F,B,1454,100,1454,1,0
B,G,B,6735,100,6735,1,0
B,H,B,13012,100,13012,1,0
A,C,C,7616,100,7616,1,0
B,C,C,6760,100,6760,1,0
C,D,C,6639,100,6639,1,0
C,E,C,7569,100,7569,1,0
C,F,C,7155,100,7155,1,0
C,G,C,1400,100,1400,1,0
C,H,C,7125,100,7125,1,0
A,D,D,9198,100,9198,1,0
B,D,D,12513,100,12513,1,0
C,D,D,6625,100,6625,1,0
D,E,D,9344,100,9344,1,0
D,F,D,12908,100,12908,1,0
D,G,D,6760,100,6760,1,0
D,H,D,1418,100,1418,1,0
A,E,E,1390,100,1390,1,0
B,E,E,6997,100,6997,1,0
C,E,E,7515,100,7515,1,0
D,E,E,9325,100,9325,1,0
E,F,E,6996,100,6996,1,0
E,G,E,7314,100,7314,1,0
E,H,E,9644,100,9644,1,0
A,F,F,7357,100,7357,1,0
B,F,F,1426,100,1426,1,0
C,F,F,7139,100,7139,1,0
D,F,F,12856,100,12856,1,0
E,F,F,7002,100,7002,1,0
F,G,F,6873,100,6873,1,0
F,H,F,13195,100,13195,1,0
A,G,G,7605,100,7605,1,0
B,G,G,6747,100,6747,1,0
C,G,G,1339,100,1339,1,0
D,G,G,6825,100,6825,1,0
E,G,G,7305,100,7305,1,0
F,G,G,6856,100,6856,1,0
G,H,G,7037,100,7037,1,0
A,H,H,9660,100,9660,1,0
B,H,H,13041,100,13041,1,0
C,H,H,7129,100,7129,1,0
D,H,H,1482,100,1482,1,0
E,H,H,9651,100,9651,1,0
F,H,H,13218,100,13218,1,0
G,H,H,7062,100,7062,1,0
A,B,A,7175,100,7175,1,0
A,C,A,7516,100,7516,1,0
A,D,A,9200,100,9200,1,0
A,E,A,1352,100,1352,1,0
A,F,A,7391,100,7391,1,0
A,G,A,7616,100,7616,1,0
A,H,A,9656,100,9656,1,0
A,B,B,7097,100,7097,1,0
B,C,B,6714,100,6714,1,0
B,D,B,12540,100,12540,1,0
B,E,B,7017,100,7017,1,0
B,F,B,1459,100,1459,1,0
B,G,B,6776,100,6776,1,0
B,H,B,12970,100,12970,1,0
A,C,C,7600,100,7600,1,0
B,C,C,6746,100,6746,1,0
C,D,C,6592,100,6592,1,0
C,E,C,7512,100,7512,1,0
C,F,C,7115,100,7115,1,0
C,G,C,1373,100,1373,1,0
C,H,C,7116,100,7116,1,0
A,D,D,9182,100,9182,1,0
B,D,D,12568,100,12568,1,0
C,D,D,6596,100,6596,1,0
D,E,D,9343,100,9343,1,0
D,F,D,12846,100,12846,1,0
D,G,D,6792,100,6792,1,0
D,H,D,1415,100,1415,1,0
A,E,E,1379,100,1379,1,0
B,E,E,7075,100,7075,1,0
C,E,E,7540,100,7540,1,0
D,E,E,9354,100,9354,1,0
E,F,E,7017,100,7017,1,0
E,G,E,7323,100,7323,1,0
E,H,E,9649,100,9649,1,0
A,F,F,7362,100,7362,1,0
B,F,F,1411,100,1411,1,0
C,F,F,7120,100,7120,1,0
D,F,F,12901,100,12901,1,0
E,F,F,7033,100,7033,1,0
F,G,F,6886,100,6886,1,0
F,H,F,13230,100,13230,1,0
A,G,G,7557,100,7557,1,0
B,G,G,6751,100,6751,1,0
C,G,G,1343,100,1343,1,0
D,G,G,6830,100,6830,1,0
E,G,G,7322,100,7322,1,0
F,G,G,6905,100,6905,1,0
G,H,G,7051,100,7051,1,0
A,H,H,9721,100,9721,1,0
B,H,H,13004,100,13004,1,0
C,H,H,7143,100,7143,1,0
D,H,H,1422,100,1422,1,0
E,H,H,9630,100,9630,1,0
F,H,H,13199,100,13199,1,0
G,H,H,7025,100,7025,1,0
A,B,A,7158,100,7158,1,0
A,C,A,7591,100,7591,1,0
A,D,A,9202,100,9202,1,0
A,E,A,1334,100,1334,1,0
A,F,A,7367,100,7367,1,0
A,G,A,7599,100,7599,1,0
A,H,A,9759,100,9759,1,0
A,B,B,7157,100,7157,1,0
B,C,B,6684,100,6684,1,0
B,D,B,12512,100,12512,1,0
B,E,B,7086,100,7086,1,0
B,F,B,1418,100,1418,1,0
B,G,B,6773,100,6773,1,0
B,H,B,13032,100,13032,1,0
A,C,C,7627,100,7627,1,0
B,C,C,6710,100,6710,1,0
C,D,C,6597,100,6597,1,0
C,E,C,7540,100,7540,1,0
C,F,C,7109,100,7109,1,0
C,G,C,1372,100,1372,1,0
C,H,C,7086,100,7086,1,0
A,D,D,9205,100,9205,1,0
B,D,D,12535,100,12535,1,0
C,D,D,6593,100,6593,1,0
D,E,D,9328,100,9328,1,0
D,F,D,12892,100,12892,1,0
D,G,D,6780,100,6780,1,0
D,H,D,1467,100,1467,1,0
A,E,E,1344,100,1344,1,0
B,E,E,7005,100,7005,1,0
C,E,E,7583,100,7583,1,0
D,E,E,9353,100,9353,1,0
E,F,E,7023,100,7023,1,0
E,G,E,7299,100,7299,1,0
E,H,E,9652,100,9652,1,0
A,F,F,7367,100,7367,1,0
B,F,F,1468,100,1468,1,0
C,F,F,7123,100,7123,1,0
D,F,F,12849,100,12849,1,0
E,F,F,7025,100,7025,1,0
F,G,F,6840,100,6840,1,0
F,H,F,13296,100,13296,1,0
A,G,G,7590,100,7590,1,0
B,G,G,6773,100,6773,1,0
C,G,G,1376,100,1376,1,0
D,G,G,6785,100,6785,1,0
E,G,G,7310,100,7310,1,0
F,G,G,6882,100,6882,1,0
G,H,G,7058,100,7058,1,0
A,H,H,9709,100,9709,1,0
B,H,H,13044,100,13044,1,0
C,H,H,7122,100,7122,1,0
D,H,H,1485,100,1485,1,0
E,H,H,9636,100,9636,1,0
F,H,H,13227,100,13227,1,0
G,H,H,7033,100,7033,1,0
A,B,A,7181,100,7181,1,0
A,C,A,7574,100,7574,1,0
A,D,A,9214,100,9214,1,0
A,E,A,1364,100,1364,1,0
A,F,A,7410,100,7410,1,0
A,G,A,7606,100,7606,1,0
A,H,A,9702,100,9702,1,0
A,B,B,7097,100,7097,1,0
B,C,B,6702,100,6702,1,0
B,D,B,12543,100,12543,1,0
B,E,B,7030,100,7030,1,0
B,F,B,1428,100,1428,1,0
B,G,B,6752,100,6752,1,0
B,H,B,13087,100,13087,1,0
A,C,C,7578,100,7578,1,0
B,C,C,6727,100,6727,1,0
C,D,C,6636,100,6636,1,0
C,E,C,7561,100,7561,1,0
C,F,C,7104,100,7104,1,0
C,G,C,1330,100,1330,1,0
C,H,C,7152,100,7152,1,0
A,D,D,9190,100,9190,1,0
B,D,D,12542,100,12542,1,0
C,D,D,6580,100,6580,1,0
D,E,D,9418,100,9418,1,0
D,F,D,12865,100,12865,1,0
D,G,D,6870,100,6870,1,0
D,H,D,1387,100,1387,1,0
A,E,E,1354,100,1354,1,0
B,E,E,7079,100,7079,1,0
C,E,E,7566,100,7566,1,0
D,E,E,9380,100,9380,1,0
E,F,E,6990,100,6990,1,0
E,G,E,7294,100,7294,1,0
E,H,E,9650,100,9650,1,0
A,F,F,7357,100,7357,1,0
B,F,F,1448,100,1448,1,0
C,F,F,7109,100,7109,1,0
D,F,F,12841,100,12841,1,0
E,F,F,7009,100,7009,1,0
F,G,F,6852,100,6852,1,0
F,H,F,13245,100,13245,1,0
A,G,G,7599,100,7599,1,0
B,G,G,6797,100,6797,1,0
C,G,G,1392,100,1392,1,0
D,G,G,6816,100,6816,1,0
E,G,G,7304,100,7304,1,0
F,G,G,6878,100,6878,1,0
G,H,G,6986,100,6986,1,0
A,H,H,9694,100,9694,1,0
B,H,H,13048,100,13048,1,0
C,H,H,7112,100,7112,1,0
D,H,H,1445,100,1445,1,0
E,H,H,9636,100,9636,1,0
F,H,H,13248,100,13248,1,0
G,H,H,7065,100,7065,1,0
A,B,A,7151,100,7151,1,0
A,C,A,7574,100,7574,1,0
A,D,A,9208,100,9208,1,0
A,E,A,1346,100,1346,1,0
A,F,A,7338,100,7338,1,0
A,G,A,7557,100,7557,1,0
A,H,A,9694,100,9694,1,0
A,B,B,7181,100,7181,1,0
B,C,B,6733,100,6733,1,0
B,D,B,12530,100,12530,1,0
B,E,B,7051,100,7051,1,0
B,F,B,1440,100,1440,1,0
B,G,B,6765,100,6765,1,0
B,H,B,13047,100,13047,1,0
A,C,C,7572,100,7572,1,0
B,C,C,6704,100,6704,1,0
C,D,C,6589,100,6589,1,0
C,E,C,7577,100,7577,1,0
C,F,C,7108,100,7108,1,0
C,G,C,1391,100,1391,1,0
C,H,C,7105,100,7105,1,0
A,D,D,9194,100,9194,1,0
B,D,D,12565,100,12565,1,0
C,D,D,6619,100,6619,1,0
D,E,D,9334,100,9334,1,0
D,F,D,12865,100,12865,1,0
D,G,D,6818,100,6818,1,0
D,H,D,1546,100,1546,1,0
A,E,E,1340,100,1340,1,0
B,E,E,7081,100,7081,1,0
C,E,E,7551,100,7551,1,0
D,E,E,9329,100,9329,1,0
E,F,E,7018,100,7018,1,0
E,G,E,7308,100,7308,1,0
E,H,E,9676,100,9676,1,0
A,F,F,7444,100,7444,1,0
B,F,F,1431,100,1431,1,0
C,F,F,7118,100,7118,1,0
D,F,F,12863,100,12863,1,0
E,F,F,7009,100,7009,1,0
F,G,F,6865,100,6865,1,0
F,H,F,13218,100,13218,1,0
A,G,G,7604,100,7604,1,0
B,G,G,6745,100,6745,1,0
C,G,G,1343,100,1343,1,0
D,G,G,6833,100,6833,1,0
E,G,G,7303,100,7303,1,0
F,G,G,6885,100,6885,1,0
G,H,G,7027,100,7027,1,0
A,H,H,9730,100,9730,1,0
B,H,H,13057,100,13057,1,0
C,H,H,7095,100,7095,1,0
D,H,H,1425,100,1425,1,0
E,H,H,9657,100,9657,1,0
F,H,H,13262,100,13262,1,0
G,H,H,7058,100,7058,1,0
A,B,A,7152,100,7152,1,0
A,C,A,7571,100,7571,1,0
A,D,A,9227,100,9227,1,0
A,E,A,1332,100,1332,1,0
A,F,A,7379,100,7379,1,0
A,G,A,7593,100,7593,1,0
A,H,A,9698,100,9698,1,0
A,B,B,7158,100,7158,1,0
B,C,B,6744,100,6744,1,0
B,D,B,12547,100,12547,1,0
B,E,B,7028,100,7028,1,0
B,F,B,1404,100,1404,1,0
B,G,B,6736,100,6736,1,0
B,H,B,13079,100,13079,1,0
A,C,C,7554,100,7554,1,0
B,C,C,6712,100,6712,1,0
C,D,C,6581,100,6581,1,0
C,E,C,7496,100,7496,1,0
C,F,C,7143,100,7143,1,0
C,G,C,1356,100,1356,1,0
C,H,C,7155,100,7155,1,0
A,D,D,9213,100,9213,1,0
B,D,D,12554,100,12554,1,0
C,D,D,6607,100,6607,1,0
D,E,D,9418,100,9418,1,0
D,F,D,12853,100,12853,1,0
D,G,D,6855,100,6855,1,0
D,H,D,1450,100,1450,1,0
A,E,E,1373,100,1373,1,0
B,E,E,7040,100,7040,1,0
C,E,E,7534,100,7534,1,0
D,E,E,9375,100,9375,1,0
E,F,E,6966,100,6966,1,0
E,G,E,7315,100,7315,1,0
E,H,E,9698,100,9698,1,0
A,F,F,7396,100,7396,1,0
B,F,F,1427,100,1427,1,0
C,F,F,7096,100,7096,1,0
D,F,F,12849,100,12849,1,0
E,F,F,7009,100,7009,1,0
F,G,F,6871,100,6871,1,0
F,H,F,13218,100,13218,1,0
A,G,G,7562,100,7562,1,0
B,G,G,6742,100,6742,1,0
C,G,G,1349,100,1349,1,0
D,G,G,6807,100,6807,1,0
E,G,G,7321,100,7321,1,0
F,G,G,6895,100,6895,1,0
G,H,G,7038,100,7038,1,0
A,H,H,9688,100,9688,1,0
B,H,H,13045,100,13045,1,0
C,H,H,7116,100,7116,1,0
D,H,H,1503,100,1503,1,0
E,H,H,9663,100,9663,1,0
F,H,H,13213,100,13213,1,0
G,H,H,7043,100,7043,1,0
A,B,A,7142,100,7142,1,0
A,C,A,7587,100,7587,1,0
A,D,A,9204,100,9204,1,0
A,E,A,1352,100,1352,1,0
A,F,A,7386,100,7386,1,0
A,G,A,7571,100,7571,1,0
A,H,A,9711,100,9711,1,0
A,B,B,7178,100,7178,1,0
B,C,B,6711,100,6711,1,0
B,D,B,12508,100,12508,1,0
B,E,B,7017,100,7017,1,0
B,F,B,1440,100,1440,1,0
B,G,B,6766,100,6766,1,0
B,H,B,13066,100,13066,1,0
A,C,C,7547,100,7547,1,0
B,C,C,6761,100,6761,1,0
C,D,C,6567,100,6567,1,0
C,E,C,7539,100,7539,1,0
C,F,C,7135,100,7135,1,0
C,G,C,1373,100,1373,1,0
C,H,C,7120,100,7120,1,0
A,D,D,9189,100,9189,1,0
B,D,D,12501,100,12501,1,0
C,D,D,6577,100,6577,1,0
D,E,D,9372,100,9372,1,0
D,F,D,12864,100,12864,1,0
D,G,D,6782,100,6782,1,0
D,H,D,1453,100,1453,1,0
A,E,E,1361,100,1361,1,0
B,E,E,7022,100,7022,1,0
C,E,E,7563,100,7563,1,0
D,E,E,9369,100,9369,1,0
E,F,E,7001,100,7001,1,0
E,G,E,7289,100,7289,1,0
E,H,E,9656,100,9656,1,0
A,F,F,7414,100,7414,1,0
B,F,F,1450,100,1450,1,0
C,F,F,7121,100,7121,1,0
D,F,F,12888,100,12888,1,0
E,F,F,7006,100,7006,1,0
F,G,F,6874,100,6874,1,0
F,H,F,13255,100,13255,1,0
A,G,G,7596,100,7596,1,0
B,G,G,6754,100,6754,1,0
C,G,G,1309,100,1309,1,0
D,G,G,6853,100,6853,1,0
E,G,G,7291,100,7291,1,0
F,G,G,6871,100,6871,1,0
G,H,G,7034,100,7034,1,0
A,H,H,9685,100,9685,1,0
B,H,H,13048,100,13048,1,0
C,H,H,7108,100,7108,1,0
D,H,H,1448,100,1448,1,0
E,H,H,9679,100,9679,1,0
F,H,H,13245,100,13245,1,0
G,H,H,7054,100,7054,1,0
A,B,A,7154,100,7154,1,0
A,C,A,7562,100,7562,1,0
A,D,A,9209,100,9209,1,0
A,E,A,1370,100,1370,1,0
A,F,A,7384,100,7384,1,0
A,G,A,7611,100,7611,1,0
A,H,A,9653,100,9653,1,0
A,B,B,7170,100,7170,1,0
B,C,B,6750,100,6750,1,0
B,D,B,12508,100,12508,1,0
B,E,B,7017,100,7017,1,0
B,F,B,1440,100,1440,1,0
B,G,B,6750,100,6750,1,0
B,H,B,13098,100,13098,1,0
A,C,C,7536,100,7536,1,0
B,C,C,6746,100,6746,1,0
C,D,C,6615,100,6615,1,0
C,E,C,7558,100,7558,1,0
C,F,C,7119,100,7119,1,0
C,G,C,1381,100,1381,1,0
C,H,C,7147,100,7147,1,0
A,D,D,9199,100,9199,1,0
B,D,D,12548,100,12548,1,0
C,D,D,6630,100,6630,1,0
D,E,D,9411,100,9411,1,0
D,F,D,12852,100,12852,1,0
D,G,D,6789,100,6789,1,0
D,H,D,1459,100,1459,1,0
A,E,E,1386,100,1386,1,0
B,E,E,7015,100,7015,1,0
C,E,E,7598,100,7598,1,0
D,E,E,9320,100,9320,1,0
E,F,E,7017,100,7017,1,0
E,G,E,7342,100,7342,1,0
E,H,E,9718,100,9718,1,0
A,F,F,7367,100,7367,1,0
B,F,F,1489,100,1489,1,0
C,F,F,7112,100,7112,1,0
D,F,F,12887,100,12887,1,0
E,F,F,6976,100,6976,1,0
F,G,F,6887,100,6887,1,0
F,H,F,13291,100,13291,1,0
A,G,G,7555,100,7555,1,0
B,G,G,6757,100,6757,1,0
C,G,G,1353,100,1353,1,0
D,G,G,6797,100,6797,1,0
E,G,G,7313,100,7313,1,0
F,G,G,6885,100,6885,1,0
G,H,G,7056,100,7056,1,0
A,H,H,9758,100,9758,1,0
B,H,H,12999,100,12999,1,0
C,H,H,7110,100,7110,1,0
D,H,H,1442,100,1442,1,0
E,H,H,9645,100,9645,1,0
F,H,H,13244,100,13244,1,0
G,H,H,7032,100,7032,1,0
A,B,A,7185,100,7185,1,0
A,C,A,7548,100,7548,1,0
A,D,A,9218,100,9218,1,0
A,E,A,1347,100,1347,1,0
A,F,A,7378,100,7378,1,0
A,G,A,7540,100,7540,1,0
A,H,A,9710,100,9710,1,0
A,B,B,7138,100,7138,1,0
B,C,B,6690,100,6690,1,0
B,D,B,12560,100,12560,1,0
B,E,B,7029,100,7029,1,0
B,F,B,1441,100,1441,1,0
B,G,B,6785,100,6785,1,0
B,H,B,13088,100,13088,1,0
A,C,C,7607,100,7607,1,0
B,C,C,6719,100,6719,1,0
C,D,C,6627,100,6627,1,0
C,E,C,7529,100,7529,1,0
C,F,C,7094,100,7094,1,0
C,G,C,1361,100,1361,1,0
C,H,C,7089,100,7089,1,0
A,D,D,9214,100,9214,1,0
B,D,D,12527,100,12527,1,0
C,D,D,6604,100,6604,1,0
D,E,D,9395,100,9395,1,0
D,F,D,12891,100,12891,1,0
D,G,D,6796,100,6796,1,0
D,H,D,1395,100,1395,1,0
A,E,E,1358,100,1358,1,0
B,E,E,7035,100,7035,1,0
C,E,E,7545,100,7545,1,0
D,E,E,9372,100,9372,1,0
E,F,E,7003,100,7003,1,0
E,G,E,7308,100,7308,1,0
E,H,E,9655,100,9655,1,0
A,F,F,7381,100,7381,1,0
B,F,F,1433,100,1433,1,0
C,F,F,7141,100,7141,1,0
D,F,F,12831,100,12831,1,0
E,F,F,6993,100,6993,1,0
F,G,F,6885,100,6885,1,0
F,H,F,13256,100,13256,1,0
A,G,G,7609,100,7609,1,0
B,G,G,6731,100,6731,1,0
C,G,G,1331,100,1331,1,0
D,G,G,6807,100,6807,1,0
E,G,G,7339,100,7339,1,0
F,G,G,6895,100,6895,1,0
G,H,G,7006,100,7006,1,0
A,H,H,9685,100,9685,1,0
B,H,H,13072,100,13072,1,0
C,H,H,7114,100,7114,1,0
D,H,H,1458,100,1458,1,0
E,H,H,9651,100,9651,1,0
F,H,H,13233,100,13233,1,0
G,H,H,7070,100,7070,1,0
A,B,A,7149,100,7149,1,0
A,C,A,7589,100,7589,1,0
A,D,A,9201,100,9201,1,0
A,E,A,1362,100,1362,1,0
A,F,A,7397,100,7397,1,0
A,G,A,7581,100,7581,1,0
A,H,A,9686,100,9686,1,0
A,B,B,7145,100,7145,1,0
B,C,B,6705,100,6705,1,0
B,D,B,12514,100,12514,1,0
B,E,B,7065,100,7065,1,0
B,F,B,1428,100,1428,1,0
B,G,B,6765,100,6765,1,0
B,H,B,13011,100,13011,1,0
A,C,C,7567,100,7567,1,0
B,C,C,6748,100,6748,1,0
C,D,C,6618,100,6618,1,0
C,E,C,7560,100,7560,1,0
C,F,C,7115,100,7115,1,0
C,G,C,1378,100,1378,1,0
C,H,C,7130,100,7130,1,0
A,D,D,9216,100,9216,1,0
B,D,D,12534,100,12534,1,0
C,D,D,6582,100,6582,1,0
D,E,D,9354,100,9354,1,0
D,F,D,12851,100,12851,1,0
D,G,D,6822,100,6822,1,0
D,H,D,1454,100,1454,1,0
A,E,E,1403,100,1403,1,0
B,E,E,7073,100,7073,1,0
C,E,E,7551,100,7551,1,0
D,E,E,9274,100,9274,1,0
E,F,E,6985,100,6985,1,0
E,G,E,7306,100,7306,1,0
E,H,E,9660,100,9660,1,0
A,F,F,7375,100,7375,1,0
B,F,F,1456,100,1456,1,0
C,F,F,7126,100,7126,1,0
D,F,F,12873,100,12873,1,0
E,F,F,7008,100,7008,1,0
F,G,F,6886,100,6886,1,0
F,H,F,13268,100,13268,1,0
A,G,G,7536,100,7536,1,0
B,G,G,6744,100,6744,1,0
C,G,G,1390,100,1390,1,0
D,G,G,6824,100,6824,1,0
E,G,G,7301,100,7301,1,0
F,G,G,6875,100,6875,1,0
G,H,G,7037,100,7037,1,0
A,H,H,9666,100,9666,1,0
B,H,H,13003,100,13003,1,0
C,H,H,7066,100,7066,1,0
D,H,H,1490,100,1490,1,0
E,H,H,9621,100,9621,1,0
F,H,H,13237,100,13237,1,0
G,H,H,7046,100,7046,1,0
A,B,A,7137,100,7137,1,0
A,C,A,7581,100,7581,1,0
A,D,A,9197,100,9197,1,0
A,E,A,1379,100,1379,1,0
A,F,A,7385,100,7385,1,0
A,G,A,7567,100,7567,1,0
A,H,A,9714,100,9714,1,0
A,B,B,7133,100,7133,1,0
B,C,B,6727,100,6727,1,0
B,D,B,12547,100,12547,1,0
B,E,B,7073,100,7073,1,0
B,F,B,1470,100,1470,1,0
B,G,B,6775,100,6775,1,0
B,H,B,13075,100,13075,1,0
A,C,C,7597,100,7597,1,0
B,C,C,6743,100,6743,1,0
C,D,C,6619,100,6619,1,0
C,E,C,7612,100,7612,1,0
C,F,C,7127,100,7127,1,0
C,G,C,1370,100,1370,1,0
C,H,C,7109,100,7109,1,0
A,D,D,9170,100,9170,1,0
B,D,D,12507,100,12507,1,0
C,D,D,6617,100,6617,1,0
D,E,D,9382,100,9382,1,0
D,F,D,12851,100,12851,1,0
D,G,D,6819,100,6819,1,0
D,H,D,1389,100,1389,1,0
A,E,E,1379,100,1379,1,0
B,E,E,7023,100,7023,1,0
C,E,E,7542,100,7542,1,0
D,E,E,9320,100,9320,1,0
E,F,E,6978,100,6978,1,0
E,G,E,7328,100,7328,1,0
E,H,E,9634,100,9634,1,0
A,F,F,7394,100,7394,1,0
B,F,F,1451,100,1451,1,0
C,F,F,7117,100,7117,1,0
D,F,F,12837,100,12837,1,0
E,F,F,6999,100,6999,1,0
F,G,F,6860,100,6860,1,0
F,H,F,13234,100,13234,1,0
A,G,G,7602,100,7602,1,0
B,G,G,6761,100,6761,1,0
C,G,G,1362,100,1362,1,0
D,G,G,6811,100,6811,1,0
E,G,G,7298,100,7298,1,0
F,G,G,6875,100,6875,1,0
G,H,G,7053,100,7053,1,0
A,H,H,9718,100,9718,1,0
B,H,H,13037,100,13037,1,0
C,H,H,7139,100,7139,1,0
D,H,H,1411,100,1411,1,0
E,H,H,9679,100,9679,1,0
F,H,H,13253,100,13253,1,0
G,H,H,7073,100,7073,1,0
A,B,A,7120,100,7120,1,0
A,C,A,7595,100,7595,1,0
A,D,A,9194,100,9194,1,0
A,E,A,1421,100,1421,1,0
A,F,A,7342,100,7342,1,0
A,G,A,7595,100,7595,1,0
A,H,A,9692,100,9692,1,0
A,B,B,7174,100,7174,1,0
B,C,B,6755,100,6755,1,0
B,D,B,12531,100,12531,1,0
B,E,B,7067,100,7067,1,0
B,F,B,1421,100,1421,1,0
B,G,B,6736,100,6736,1,0
B,H,B,13066,100,13066,1,0
A,C,C,7583,100,7583,1,0
B,C,C,6703,100,6703,1,0
C,D,C,6569,100,6569,1,0
C,E,C,7564,100,7564,1,0
C,F,C,7137,100,7137,1,0
C,G,C,1365,100,1365,1,0
C,H,C,7101,100,7101,1,0
A,D,D,9206,100,9206,1,0
B,D,D,12540,100,12540,1,0
C,D,D,6640,100,6640,1,0
D,E,D,9376,100,9376,1,0
D,F,D,12882,100,12882,1,0
D,G,D,6760,100,6760,1,0
D,H,D,1438,100,1438,1,0
A,E,E,1339,100,1339,1,0
B,E,E,7073,100,7073,1,0
C,E,E,7565,100,7565,1,0
D,E,E,9369,100,9369,1,0
E,F,E,6989,100,6989,1,0
E,G,E,7303,100,7303,1,0
E,H,E,9670,100,9670,1,0
A,F,F,7367,100,7367,1,0
B,F,F,1427,100,1427,1,0
C,F,F,7125,100,7125,1,0
D,F,F,12852,100,12852,1,0
E,F,F,7023,100,7023,1,0
F,G,F,6898,100,6898,1,0
F,H,F,13210,100,13210,1,0
A,G,G,7523,100,7523,1,0
B,G,G,6756,100,6756,1,0
C,G,G,1406,100,1406,1,0
D,G,G,6793,100,6793,1,0
E,G,G,7325,100,7325,1,0
F,G,G,6869,100,6869,1,0
G,H,G,7010,100,7010,1,0
A,H,H,9702,100,9702,1,0
B,H,H,13047,100,13047,1,0
C,H,H,7129,100,7129,1,0
D,H,H,1437,100,1437,1,0
E,H,H,9656,100,9656,1,0
F,H,H,13228,100,13228,1,0
G,H,H,7042,100,7042,1,0
A,B,A,7112,100,7112,1,0
A,C,A,7551,100,7551,1,0
A,D,A,9212,100,9212,1,0
A,E,A,1368,100,1368,1,0
A,F,A,7382,100,7382,1,0
A,G,A,7566,100,7566,1,0
A,H,A,9754,100,9754,1,0
A,B,B,7151,100,7151,1,0
B,C,B,6682,100,6682,1,0
B,D,B,12534,100,12534,1,0
B,E,B,7029,100,7029,1,0
B,F,B,1423,100,1423,1,0
B,G,B,6768,100,6768,1,0
B,H,B,13085,100,13085,1,0
A,C,C,7548,100,7548,1,0
B,C,C,6726,100,6726,1,0
C,D,C,6610,100,6610,1,0
C,E,C,7533,100,7533,1,0
C,F,C,7114,100,7114,1,0
C,G,C,1329,100,1329,1,0
C,H,C,7172,100,7172,1,0
A,D,D,9184,100,9184,1,0
B,D,D,12532,100,12532,1,0
C,D,D,6622,100,6622,1,0
D,E,D,9352,100,9352,1,0
D,F,D,12853,100,12853,1,0
D,G,D,6773,100,6773,1,0
D,H,D,1479,100,1479,1,0
A,E,E,1352,100,1352,1,0
B,E,E,7033,100,7033,1,0
C,E,E,7539,100,7539,1,0
D,E,E,9339,100,9339,1,0
E,F,E,6978,100,6978,1,0
E,G,E,7315,100,7315,1,0
E,H,E,9643,100,9643,1,0
A,F,F,7360,100,7360,1,0
B,F,F,1417,100,1417,1,0
C,F,F,7132,100,7132,1,0
D,F,F,12857,100,12857,1,0
E,F,F,7010,100,7010,1,0
F,G,F,6857,100,6857,1,0
F,H,F,13215,100,13215,1,0
A,G,G,7556,100,7556,1,0
B,G,G,6731,100,6731,1,0
C,G,G,1380,100,1380,1,0
D,G,G,6839,100,6839,1,0
E,G,G,7307,100,7307,1,0
F,G,G,6882,100,6882,1,0
G,H,G,7041,100,7041,1,0
A,H,H,9715,100,9715,1,0
B,H,H,13064,100,13064,1,0
C,H,H,7128,100,7128,1,0
D,H,H,1378,100,1378,1,0
E,H,H,9657,100,9657,1,0
F,H,H,13216,100,13216,1,0
G,H,H,7033,100,7033,1,0
A,B,A,7121,100,7121,1,0
A,C,A,7550,100,7550,1,0
A,D,A,9200,100,9200,1,0
A,E,A,1363,100,1363,1,0
A,F,A,7380,100,7380,1,0
A,G,A,7573,100,7573,1,0
A,H,A,9689,100,9689,1,0
A,B,B,7146,100,7146,1,0
B,C,B,6704,100,6704,1,0
B,D,B,12507,100,12507,1,0
B,E,B,7042,100,7042,1,0
B,F,B,1455,100,1455,1,0
B,G,B,6761,100,6761,1,0
B,H,B,12996,100,12996,1,0
A,C,C,7588,100,7588,1,0
B,C,C,6725,100,6725,1,0
C,D,C,6566,100,6566,1,0
C,E,C,7534,100,7534,1,0
C,F,C,7128,100,7128,1,0
C,G,C,1344,100,1344,1,0
C,H,C,7110,100,7110,1,0
A,D,D,9181,100,9181,1,0
B,D,D,12520,100,12520,1,0
C,D,D,6606,100,6606,1,0
D,E,D,9318,100,9318,1,0
D,F,D,12918,100,12918,1,0
D,G,D,6811,100,6811,1,0
D,H,D,1408,100,1408,1,0
A,E,E,1372,100,1372,1,0
B,E,E,7049,100,7049,1,0
C,E,E,7550,100,7550,1,0
D,E,E,9339,100,9339,1,0
E,F,E,6971,100,6971,1,0
E,G,E,7302,100,7302,1,0
E,H,E,9666,100,9666,1,0
A,F,F,7412,100,7412,1,0
B,F,F,1490,100,1490,1,0
C,F,F,7114,100,7114,1,0
D,F,F,12900,100,12900,1,0
E,F,F,7029,100,7029,1,0
F,G,F,6885,100,6885,1,0
F,H,F,13263,100,13263,1,0
A,G,G,7566,100,7566,1,0
B,G,G,6733,100,6733,1,0
C,G,G,1347,100,1347,1,0
D,G,G,6790,100,6790,1,0
E,G,G,7281,100,7281,1,0
F,G,G,6885,100,6885,1,0
G,H,G,7048,100,7048,1,0
A,H,H,9709,100,9709,1,0
B,H,H,13095,100,13095,1,0
C,H,H,7111,100,7111,1,0
D,H,H,1470,100,1470,1,0
E,H,H,9691,100,9691,1,0
F,H,H,13280,100,13280,1,0
G,H,H,7061,100,7061,1,0
A,B,A,7157,100,7157,1,0
A,C,A,7622,100,7622,1,0
A,D,A,9207,100,9207,1,0
A,E,A,1355,100,1355,1,0
A,F,A,7393,100,7393,1,0
A,G,A,7614,100,7614,1,0
A,H,A,9671,100,9671,1,0
A,B,B,7147,100,7147,1,0
B,C,B,6698,100,6698,1,0
B,D,B,12524,100,12524,1,0
B,E,B,7040,100,7040,1,0
B,F,B,1412,100,1412,1,0
B,G,B,6734,100,6734,1,0
B,H,B,13051,100,13051,1,0
A,C,C,7562,100,7562,1,0
B,C,C,6704,100,6704,1,0
C,D,C,6611,100,6611,1,0
C,E,C,7507,100,7507,1,0
C,F,C,7112,100,7112,1,0
C,G,C,1361,100,1361,1,0
C,H,C,7139,100,7139,1,0
A,D,D,9201,100,9201,1,0
B,D,D,12504,100,12504,1,0
C,D,D,6622,100,6622,1,0
D,E,D,9386,100,9386,1,0
D,F,D,12890,100,12890,1,0
D,G,D,6803,100,6803,1,0
D,H,D,1437,100,1437,1,0
A,E,E,1354,100,1354,1,0
B,E,E,7056,100,7056,1,0
C,E,E,7552,100,7552,1,0
D,E,E,9324,100,9324,1,0
E,F,E,6995,100,6995,1,0
E,G,E,7320,100,7320,1,0
E,H,E,9634,100,9634,1,0
A,F,F,7354,100,7354,1,0
B,F,F,1453,100,1453,1,0
C,F,F,7138,100,7138,1,0
D,F,F,12863,100,12863,1,0
E,F,F,7010,100,7010,1,0
F,G,F,6874,100,6874,1,0
F,H,F,13240,100,13240,1,0
A,G,G,7589,100,7589,1,0
B,G,G,6784,100,6784,1,0
C,G,G,1343,100,1343,1,0
D,G,G,6796,100,6796,1,0
E,G,G,7319,100,7319,1,0
F,G,G,6907,100,6907,1,0
G,H,G,7048,100,7048,1,0
A,H,H,9692,100,9692,1,0
B,H,H,13093,100,13093,1,0
C,H,H,7139,100,7139,1,0
D,H,H,1469,100,1469,1,0
E,H,H,9674,100,9674,1,0
F,H,H,13224,100,13224,1,0
G,H,H,7045,100,7045,1,0
A,B,A,7112,100,7112,1,0
A,C,A,7556,100,7556,1,0
A,D,A,9206,100,9206,1,0
A,E,A,1404,100,1404,1,0
A,F,A,7314,100,7314,1,0
A,G,A,7603,100,7603,1,0
A,H,A,9726,100,9726,1,0
A,B,B,7133,100,7133,1,0
B,C,B,6713,100,6713,1,0
B,D,B,12559,100,12559,1,0
B,E,B,7048,100,7048,1,0
B,F,B,1475,100,1475,1,0
B,G,B,6771,100,6771,1,0
B,H,B,13064,100,13064,1,0
A,C,C,7555,100,7555,1,0
B,C,C,6685,100,6685,1,0
C,D,C,6621,100,6621,1,0
C,E,C,7547,100,7547,1,0
C,F,C,7151,100,7151,1,0
C,G,C,1350,100,1350,1,0
C,H,C,7105,100,7105,1,0
A,D,D,9203,100,9203,1,0
B,D,D,12546,100,12546,1,0
C,D,D,6618,100,6618,1,0
D,E,D,9401,100,9401,1,0
D,F,D,12889,100,12889,1,0
D,G,D,6794,100,6794,1,0
D,H,D,1455,100,1455,1,0
A,E,E,1352,100,1352,1,0
B,E,E,7077,100,7077,1,0
C,E,E,7579,100,7579,1,0
D,E,E,9306,100,9306,1,0
E,F,E,6999,100,6999,1,0
E,G,E,7298,100,7298,1,0
E,H,E,9672,100,9672,1,0
A,F,F,7371,100,7371,1,0
B,F,F,1488,100,1488,1,0
C,F,F,7111,100,7111,1,0
D,F,F,12852,100,12852,1,0
E,F,F,6974,100,6974,1,0
F,G,F,6881,100,6881,1,0
F,H,F,13192,100,13192,1,0
A,G,G,7540,100,7540,1,0
B,G,G,6745,100,6745,1,0
C,G,G,1337,100,1337,1,0
D,G,G,6803,100,6803,1,0
E,G,G,7314,100,7314,1,0
F,G,G,6857,100,6857,1,0
G,H,G,6995,100,6995,1,0
A,H,H,9737,100,9737,1,0
B,H,H,13022,100,13022,1,0
C,H,H,7134,100,7134,1,0
D,H,H,1507,100,1507,1,0
E,H,H,9649,100,9649,1,0
F,H,H,13229,100,13229,1,0
G,H,H,7072,100,7072,1,0
A,B,A,7161,100,7161,1,0
A,C,A,7644,100,7644,1,0
A,D,A,9194,100,9194,1,0
A,E,A,1325,100,1325,1,0
A,F,A,7383,100,7383,1,0
A,G,A,7609,100,7609,1,0
A,H,A,9756,100,9756,1,0
A,B,B,7131,100,7131,1,0
B,C,B,6724,100,6724,1,0
B,D,B,12551,100,12551,1,0
B,E,B,7031,100,7031,1,0
B,F,B,1443,100,1443,1,0
B,G,B,6754,100,6754,1,0
B,H,B,13007,100,13007,1,0
A,C,C,7570,100,7570,1,0
B,C,C,6773,100,6773,1,0
C,D,C,6612,100,6612,1,0
C,E,C,7563,100,7563,1,0
C,F,C,7104,100,7104,1,0
C,G,C,1359,100,1359,1,0
C,H,C,7090,100,7090,1,0
A,D,D,9181,100,9181,1,0
B,D,D,12501,100,12501,1,0
C,D,D,6576,100,6576,1,0
D,E,D,9430,100,9430,1,0
D,F,D,12914,100,12914,1,0
D,G,D,6805,100,6805,1,0
D,H,D,1433,100,1433,1,0
A,E,E,1319,100,1319,1,0
B,E,E,7037,100,7037,1,0
C,E,E,7543,100,7543,1,0
D,E,E,9366,100,9366,1,0
E,F,E,6998,100,6998,1,0
E,G,E,7289,100,7289,1,0
E,H,E,9693,100,9693,1,0
A,F,F,7392,100,7392,1,0
B,F,F,1430,100,1430,1,0
C,F,F,7128,100,7128,1,0
D,F,F,12870,100,12870,1,0
E,F,F,7026,100,7026,1,0
F,G,F,6871,100,6871,1,0
F,H,F,13258,100,13258,1,0
A,G,G,7610,100,7610,1,0
B,G,G,6763,100,6763,1,0
C,G,G,1363,100,1363,1,0
D,G,G,6813,100,6813,1,0
E,G,G,7329,100,7329,1,0
F,G,G,6894,100,6894,1,0
G,H,G,7024,100,7024,1,0
A,H,H,9676,100,9676,1,0
B,H,H,13034,100,13034,1,0
C,H,H,7068,100,7068,1,0
D,H,H,1470,100,1470,1,0
E,H,H,9662,100,9662,1,0
F,H,H,13248,100,13248,1,0
G,H,H,7020,100,7020,1,0
A,B,A,7173,100,7173,1,0
A,C,A,7649,100,7649,1,0
A,D,A,9186,100,9186,1,0
A,E,A,1373,100,1373,1,0
A,F,A,7394,100,7394,1,0
A,G,A,7613,100,7613,1,0
A,H,A,9723,100,9723,1,0
A,B,B,7126,100,7126,1,0
B,C,B,6713,100,6713,1,0
B,D,B,12538,100,12538,1,0
B,E,B,7082,100,7082,1,0
B,F,B,1449,100,1449,1,0
B,G,B,6778,100,6778,1,0
B,H,B,12999,100,12999,1,0
A,C,C,7537,100,7537,1,0
B,C,C,6685,100,6685,1,0
C,D,C,6570,100,6570,1,0
C,E,C,7528,100,7528,1,0
C,F,C,7121,100,7121,1,0
C,G,C,1367,100,1367,1,0
C,H,C,7080,100,7080,1,0
A,D,D,9220,100,9220,1,0
B,D,D,12520,100,12520,1,0
C,D,D,6628,100,6628,1,0
D,E,D,9342,100,9342,1,0
D,F,D,12842,100,12842,1,0
D,G,D,6788,100,6788,1,0
D,H,D,1411,100,1411,1,0
A,E,E,1392,100,1392,1,0
B,E,E,7052,100,7052,1,0
C,E,E,7563,100,7563,1,0
D,E,E,9341,100,9341,1,0
E,F,E,6980,100,6980,1,0
E,G,E,7314,100,7314,1,0
E,H,E,9616,100,9616,1,0
A,F,F,7414,100,7414,1,0
B,F,F,1450,100,1450,1,0
C,F,F,7109,100,7109,1,0
D,F,F,12847,100,12847,1,0
E,F,F,7018,100,7018,1,0
F,G,F,6869,100,6869,1,0
F,H,F,13268,100,13268,1,0
A,G,G,7616,100,7616,1,0
B,G,G,6789,100,6789,1,0
C,G,G,1371,100,1371,1,0
D,G,G,6794,100,6794,1,0
E,G,G,7290,100,7290,1,0
F,G,G,6877,100,6877,1,0
G,H,G,7049,100,7049,1,0
A,H,H,9699,100,9699,1,0
B,H,H,13053,100,13053,1,0
C,H,H,7116,100,7116,1,0
D,H,H,1425,100,1425,1,0
E,H,H,9646,100,9646,1,0
F,H,H,13270,100,13270,1,0
G,H,H,7040,100,7040,1,0
A,B,A,7166,100,7166,1,0
A,C,A,7577,100,7577,1,0
A,D,A,9203,100,9203,1,0
A,E,A,1361,100,1361,1,0
A,F,A,7384,100,7384,1,0
A,G,A,7615,100,7615,1,0
A,H,A,9716,100,9716,1,0
A,B,B,7130,100,7130,1,0
B,C,B,6699,100,6699,1,0
B,D,B,12526,100,12526,1,0
B,E,B,7045,100,7045,1,0
B,F,B,1421,100,1421,1,0
B,G,B,6764,100,6764,1,0
B,H,B,13055,100,13055,1,0
A,C,C,7610,100,7610,1,0
B,C,C,6733,100,6733,1,0
C,D,C,6610,100,6610,1,0
C,E,C,7533,100,7533,1,0
C,F,C,7124,100,7124,1,0
C,G,C,1372,100,1372,1,0
C,H,C,7104,100,7104,1,0
A,D,D,9202,100,9202,1,0
B,D,D,12521,100,12521,1,0
C,D,D,6599,100,6599,1,0
D,E,D,9364,100,9364,1,0
D,F,D,12923,100,12923,1,0
D,G,D,6836,100,6836,1,0
D,H,D,1429,100,1429,1,0
A,E,E,1401,100,1401,1,0
B,E,E,7045,100,7045,1,0
C,E,E,7576,100,7576,1,0
D,E,E,9306,100,9306,1,0
E,F,E,7007,100,7007,1,0
E,G,E,7303,100,7303,1,0
E,H,E,9669,100,9669,1,0
A,F,F,7366,100,7366,1,0
B,F,F,1419,100,1419,1,0
C,F,F,7146,100,7146,1,0
D,F,F,12848,100,12848,1,0
E,F,F,6988,100,6988,1,0
F,G,F,6902,100,6902,1,0
F,H,F,13273,100,13273,1,0
A,G,G,7557,100,7557,1,0
B,G,G,6718,100,6718,1,0
C,G,G,1381,100,1381,1,0
D,G,G,6788,100,6788,1,0
E,G,G,7320,100,7320,1,0
F,G,G,6875,100,6875,1,0
G,H,G,7056,100,7056,1,0
A,H,H,9710,100,9710,1,0
B,H,H,13074,100,13074,1,0
C,H,H,7131,100,7131,1,0
D,H,H,1451,100,1451,1,0
E,H,H,9649,100,9649,1,0
F,H,H,13243,100,13243,1,0
G,H,H,7053,100,7053,1,0
A,B,A,7127,100,7127,1,0
A,C,A,7605,100,7605,1,0
A,D,A,9190,100,9190,1,0
A,E,A,1346,100,1346,1,0
A,F,A,7338,100,7338,1,0
A,G,A,7538,100,7538,1,0
A,H,A,9707,100,9707,1,0
A,B,B,7119,100,7119,1,0
B,C,B,6726,100,6726,1,0
B,D,B,12491,100,12491,1,0
B,E,B,7047,100,7047,1,0
B,F,B,1444,100,1444,1,0
B,G,B,6764,100,6764,1,0
B,H,B,12991,100,12991,1,0
A,C,C,7558,100,7558,1,0
B,C,C,6744,100,6744,1,0
C,D,C,6589,100,6589,1,0
C,E,C,7519,100,7519,1,0
C,F,C,7137,100,7137,1,0
C,G,C,1373,100,1373,1,0
C,H,C,7106,100,7106,1,0
A,D,D,9216,100,9216,1,0
B,D,D,12527,100,12527,1,0
C,D,D,6635,100,6635,1,0
D,E,D,9298,100,9298,1,0
D,F,D,12884,100,12884,1,0
D,G,D,6839,100,6839,1,0
D,H,D,1414,100,1414,1,0
A,E,E,1418,100,1418,1,0
B,E,E,7023,100,7023,1,0
C,E,E,7529,100,7529,1,0
D,E,E,9464,100,9464,1,0
E,F,E,6994,100,6994,1,0
E,G,E,7297,100,7297,1,0
E,H,E,9646,100,9646,1,0
A,F,F,7402,100,7402,1,0
B,F,F,1394,100,1394,1,0
C,F,F,7120,100,7120,1,0
D,F,F,12878,100,12878,1,0
E,F,F,7016,100,7016,1,0
F,G,F,6897,100,6897,1,0
F,H,F,13223,100,13223,1,0
A,G,G,7538,100,7538,1,0
B,G,G,6735,100,6735,1,0
C,G,G,1359,100,1359,1,0
D,G,G,6793,100,6793,1,0
E,G,G,7301,100,7301,1,0
F,G,G,6894,100,6894,1,0
G,H,G,7071,100,7071,1,0
A,H,H,9696,100,9696,1,0
B,H,H,13048,100,13048,1,0
C,H,H,7128,100,7128,1,0
D,H,H,1437,100,1437,1,0
E,H,H,9664,100,9664,1,0
F,H,H,13219,100,13219,1,0
G,H,H,7050,100,7050,1,0
A,B,A,7120,100,7120,1,0
A,C,A,7565,100,7565,1,0
A,D,A,9186,100,9186,1,0
A,E,A,1353,100,1353,1,0
A,F,A,7373,100,7373,1,0
A,G,A,7547,100,7547,1,0
A,H,A,9698,100,9698,1,0
A,B,B,7146,100,7146,1,0
B,C,B,6735,100,6735,1,0
B,D,B,12518,100,12518,1,0
B,E,B,6993,100,6993,1,0
B,F,B,1435,100,1435,1,0
B,G,B,6779,100,6779,1,0
B,H,B,13062,100,13062,1,0
A,C,C,7550,100,7550,1,0
B,C,C,6737,100,6737,1,0
C,D,C,6615,100,6615,1,0
C,E,C,7559,100,7559,1,0
C,F,C,7093,100,7093,1,0
C,G,C,1383,100,1383,1,0
C,H,C,7078,100,7078,1,0
A,D,D,9191,100,9191,1,0
B,D,D,12512,100,12512,1,0
C,D,D,6575,100,6575,1,0
D,E,D,9312,100,9312,1,0
D,F,D,12894,100,12894,1,0
D,G,D,6809,100,6809,1,0
D,H,D,1463,100,1463,1,0
A,E,E,1340,100,1340,1,0
B,E,E,7029,100,7029,1,0
C,E,E,7497,100,7497,1,0
D,E,E,9339,100,9339,1,0
E,F,E,6998,100,6998,1,0
E,G,E,7347,100,7347,1,0
E,H,E,9686,100,9686,1,0
A,F,F,7408,100,7408,1,0
B,F,F,1411,100,1411,1,0
C,F,F,7130,100,7130,1,0
D,F,F,12894,100,12894,1,0
E,F,F,7001,100,7001,1,0
F,G,F,6901,100,6901,1,0
F,H,F,13239,100,13239,1,0
A,G,G,7562,100,7562,1,0
B,G,G,6762,100,6762,1,0
C,G,G,1349,100,1349,1,0
D,G,G,6816,100,6816,1,0
E,G,G,7281,100,7281,1,0
F,G,G,6902,100,6902,1,0
G,H,G,7052,100,7052,1,0
A,H,H,9691,100,9691,1,0
B,H,H,13031,100,13031,1,0
C,H,H,7108,100,7108,1,0
D,H,H,1395,100,1395,1,0
E,H,H,9638,100,9638,1,0
F,H,H,13213,100,13213,1,0
G,H,H,7071,100,7071,1,0
A,B,A,7147,100,7147,1,0
A,C,A,7555,100,7555,1,0
A,D,A,9222,100,9222,1,0
A,E,A,1415,100,1415,1,0
A,F,A,7351,100,7351,1,0
A,G,A,7601,100,7601,1,0
A,H,A,9651,100,9651,1,0
A,B,B,7170,100,7170,1,0
B,C,B,6693,100,6693,1,0
B,D,B,12517,100,12517,1,0
B,E,B,7066,100,7066,1,0
B,F,B,1431,100,1431,1,0
B,G,B,6771,100,6771,1,0
B,H,B,13047,100,13047,1,0
A,C,C,7617,100,7617,1,0
B,C,C,6726,100,6726,1,0
C,D,C,6641,100,6641,1,0
C,E,C,7521,100,7521,1,0
C,F,C,7100,100,7100,1,0
C,G,C,1387,100,1387,1,0
C,H,C,7182,100,7182,1,0
A,D,D,9189,100,9189,1,0
B,D,D,12523,100,12523,1,0
C,D,D,6602,100,6602,1,0
D,E,D,9410,100,9410,1,0
D,F,D,12884,100,12884,1,0
D,G,D,6798,100,6798,1,0
D,H,D,1418,100,1418,1,0
A,E,E,1376,100,1376,1,0
B,E,E,7041,100,7041,1,0
C,E,E,7537,100,7537,1,0
D,E,E,9377,100,9377,1,0
E,F,E,6988,100,6988,1,0
E,G,E,7303,100,7303,1,0
E,H,E,9643,100,9643,1,0
A,F,F,7446,100,7446,1,0
B,F,F,1435,100,1435,1,0
C,F,F,7106,100,7106,1,0
D,F,F,12896,100,12896,1,0
E,F,F,7031,100,7031,1,0
F,G,F,6850,100,6850,1,0
F,H,F,13237,100,13237,1,0
A,G,G,7593,100,7593,1,0
B,G,G,6785,100,6785,1,0
C,G,G,1367,100,1367,1,0
D,G,G,6781,100,6781,1,0
E,G,G,7286,100,7286,1,0
F,G,G,6886,100,6886,1,0
G,H,G,7044,100,7044,1,0
A,H,H,9696,100,9696,1,0
B,H,H,13021,100,13021,1,0
C,H,H,7113,100,7113,1,0
D,H,H,1467,100,1467,1,0
E,H,H,9656,100,9656,1,0
F,H,H,13198,100,13198,1,0
G,H,H,7028,100,7028,1,0
A,B,A,7140,100,7140,1,0
A,C,A,7630,100,7630,1,0
A,D,A,9194,100,9194,1,0
A,E,A,1348,100,1348,1,0
A,F,A,7421,100,7421,1,0
A,G,A,7614,100,7614,1,0
A,H,A,9685,100,9685,1,0
A,B,B,7151,100,7151,1,0
B,C,B,6696,100,6696,1,0
B,D,B,12552,100,12552,1,0
B,E,B,7042,100,7042,1,0
B,F,B,1418,100,1418,1,0
B,G,B,6776,100,6776,1,0
B,H,B,13043,100,13043,1,0
A,C,C,7530,100,7530,1,0
B,C,C,6718,100,6718,1,0
C,D,C,6593,100,6593,1,0
C,E,C,7513,100,7513,1,0
C,F,C,7133,100,7133,1,0
C,G,C,1327,100,1327,1,0
C,H,C,7119,100,7119,1,0
A,D,D,9202,100,9202,1,0
B,D,D,12552,100,12552,1,0
C,D,D,6615,100,6615,1,0
D,E,D,9337,100,9337,1,0
D,F,D,12885,100,12885,1,0
D,G,D,6813,100,6813,1,0
D,H,D,1494,100,1494,1,0
A,E,E,1319,100,1319,1,0
B,E,E,7050,100,7050,1,0
C,E,E,7553,100,7553,1,0
D,E,E,9343,100,9343,1,0
E,F,E,7014,100,7014,1,0
E,G,E,7341,100,7341,1,0
E,H,E,9664,100,9664,1,0
A,F,F,7350,100,7350,1,0
B,F,F,1421,100,1421,1,0
C,F,F,7107,100,7107,1,0
D,F,F,12880,100,12880,1,0
E,F,F,6996,100,6996,1,0
F,G,F,6879,100,6879,1,0
F,H,F,13221,100,13221,1,0
A,G,G,7572,100,7572,1,0
B,G,G,6777,100,6777,1,0
C,G,G,1332,100,1332,1,0
D,G,G,6791,100,6791,1,0
E,G,G,7278,100,7278,1,0
F,G,G,6837,100,6837,1,0
G,H,G,7094,100,7094,1,0
A,H,H,9645,100,9645,1,0
B,H,H,13041,100,13041,1,0
C,H,H,7064,100,7064,1,0
D,H,H,1505,100,1505,1,0
E,H,H,9674,100,9674,1,0
F,H,H,13232,100,13232,1,0
G,H,H,7039,100,7039,1,0
A,B,A,7182,100,7182,1,0
A,C,A,7633,100,7633,1,0
A,D,A,9195,100,9195,1,0
A,E,A,1381,100,1381,1,0
A,F,A,7394,100,7394,1,0
A,G,A,7507,100,7507,1,0
A,H,A,9684,100,9684,1,0
A,B,B,7136,100,7136,1,0
B,C,B,6694,100,6694,1,0
B,D,B,12559,100,12559,1,0
B,E,B,7080,100,7080,1,0
B,F,B,1445,100,1445,1,0
B,G,B,6762,100,6762,1,0
B,H,B,13098,100,13098,1,0
A,C,C,7564,100,7564,1,0
B,C,C,6681,100,6681,1,0
C,D,C,6618,100,6618,1,0
C,E,C,7568,100,7568,1,0
C,F,C,7122,100,7122,1,0
C,G,C,1397,100,1397,1,0
C,H,C,7114,100,7114,1,0
A,D,D,9185,100,9185,1,0
B,D,D,12535,100,12535,1,0
C,D,D,6570,100,6570,1,0
D,E,D,9322,100,9322,1,0
D,F,D,12865,100,12865,1,0
D,G,D,6821,100,6821,1,0
D,H,D,1439,100,1439,1,0
A,E,E,1390,100,1390,1,0
B,E,E,7068,100,7068,1,0
C,E,E,7513,100,7513,1,0
D,E,E,9287,100,9287,1,0
E,F,E,6976,100,6976,1,0
E,G,E,7299,100,7299,1,0
E,H,E,9702,100,9702,1,0
A,F,F,7345,100,7345,1,0
B,F,F,1488,100,1488,1,0
C,F,F,7117,100,7117,1,0
D,F,F,12835,100,12835,1,0
E,F,F,6989,100,6989,1,0
F,G,F,6888,100,6888,1,0
F,H,F,13203,100,13203,1,0
A,G,G,7559,100,7559,1,0
B,G,G,6768,100,6768,1,0
C,G,G,1360,100,1360,1,0
D,G,G,6832,100,6832,1,0
E,G,G,7317,100,7317,1,0
F,G,G,6870,100,6870,1,0
G,H,G,7043,100,7043,1,0
A,H,H,9730,100,9730,1,0
B,H,H,13031,100,13031,1,0
C,H,H,7075,100,7075,1,0
D,H,H,1484,100,1484,1,0
E,H,H,9652,100,9652,1,0
F,H,H,13243,100,13243,1,0
G,H,H,7048,100,7048,1,0
A,B,A,7134,100,7134,1,0
A,C,A,7575,100,7575,1,0
A,D,A,9223,100,9223,1,0
A,E,A,1378,100,1378,1,0
A,F,A,7394,100,7394,1,0
A,G,A,7526,100,7526,1,0
A,H,A,9686,100,9686,1,0
A,B,B,7143,100,7143,1,0
B,C,B,6714,100,6714,1,0
B,D,B,12570,100,12570,1,0
B,E,B,7018,100,7018,1,0
B,F,B,1432,100,1432,1,0
B,G,B,6751,100,6751,1,0
B,H,B,13068,100,13068,1,0
A,C,C,7647,100,7647,1,0
B,C,C,6721,100,6721,1,0
C,D,C,6644,100,6644,1,0
C,E,C,7526,100,7526,1,0
C,F,C,7138,100,7138,1,0
C,G,C,1333,100,1333,1,0
C,H,C,7087,100,7087,1,0
A,D,D,9195,100,9195,1,0
B,D,D,12561,100,12561,1,0
C,D,D,6595,100,6595,1,0
D,E,D,9408,100,9408,1,0
D,F,D,12859,100,12859,1,0
D,G,D,6798,100,6798,1,0
D,H,D,1466,100,1466,1,0
A,E,E,1396,100,1396,1,0
B,E,E,7095,100,7095,1,0
C,E,E,7540,100,7540,1,0
D,E,E,9360,100,9360,1,0
E,F,E,6997,100,6997,1,0
E,G,E,7320,100,7320,1,0
E,H,E,9698,100,9698,1,0
A,F,F,7410,100,7410,1,0
B,F,F,1446,100,1446,1,0
C,F,F,7098,100,7098,1,0
D,F,F,12866,100,12866,1,0
E,F,F,6984,100,6984,1,0
F,G,F,6855,100,6855,1,0
F,H,F,13193,100,13193,1,0
A,G,G,7582,100,7582,1,0
B,G,G,6793,100,6793,1,0
C,G,G,1366,100,1366,1,0
D,G,G,6816,100,6816,1,0
E,G,G,7298,100,7298,1,0
F,G,G,6877,100,6877,1,0
G,H,G,7008,100,7008,1,0
A,H,H,9672,100,9672,1,0
B,H,H,13037,100,13037,1,0
C,H,H,7139,100,7139,1,0
D,H,H,1382,100,1382,1,0
E,H,H,9611,100,9611,1,0
F,H,H,13206,100,13206,1,0
G,H,H,7058,100,7058,1,0
A,B,A,7179,100,7179,1,0
A,C,A,7622,100,7622,1,0
A,D,A,9184,100,9184,1,0
A,E,A,1347,100,1347,1,0
A,F,A,7423,100,7423,1,0
A,G,A,7619,100,7619,1,0
A,H,A,9704,100,9704,1,0
A,B,B,7099,100,7099,1,0
B,C,B,6771,100,6771,1,0
B,D,B,12543,100,12543,1,0
B,E,B,7065,100,7065,1,0
B,F,B,1422,100,1422,1,0
B,G,B,6720,100,6720,1,0
B,H,B,13120,100,13120,1,0
A,C,C,7632,100,7632,1,0
B,C,C,6773,100,6773,1,0
C,D,C,6575,100,6575,1,0
C,E,C,7530,100,7530,1,0
C,F,C,7111,100,7111,1,0
C,G,C,1361,100,1361,1,0
C,H,C,7117,100,7117,1,0
A,D,D,9210,100,9210,1,0
B,D,D,12556,100,12556,1,0
C,D,D,6610,100,6610,1,0
D,E,D,9374,100,9374,1,0
D,F,D,12875,100,12875,1,0
D,G,D,6797,100,6797,1,0
D,H,D,1436,100,1436,1,0
A,E,E,1322,100,1322,1,0
B,E,E,7022,100,7022,1,0
C,E,E,7534,100,7534,1,0
D,E,E,9372,100,9372,1,0
E,F,E,6992,100,6992,1,0
E,G,E,7312,100,7312,1,0
E,H,E,9729,100,9729,1,0
A,F,F,7393,100,7393,1,0
B,F,F,1449,100,1449,1,0
C,F,F,7138,100,7138,1,0
D,F,F,12876,100,12876,1,0
E,F,F,7009,100,7009,1,0
F,G,F,6870,100,6870,1,0
F,H,F,13199,100,13199,1,0
A,G,G,7555,100,7555,1,0
B,G,G,6725,100,6725,1,0
C,G,G,1371,100,1371,1,0
D,G,G,6788,100,6788,1,0
E,G,G,7298,100,7298,1,0
F,G,G,6844,100,6844,1,0
G,H,G,7027,100,7027,1,0
A,H,H,9730,100,9730,1,0
B,H,H,13048,100,13048,1,0
C,H,H,7105,100,7105,1,0
D,H,H,1473,100,1473,1,0
E,H,H,9674,100,9674,1,0
F,H,H,13272,100,13272,1,0
G,H,H,7040,100,7040,1,0
A,B,A,7136,100,7136,1,0
A,C,A,7573,100,7573,1,0
A,D,A,9221,100,9221,1,0
A,E,A,1375,100,1375,1,0
A,F,A,7372,100,7372,1,0
A,G,A,7576,100,7576,1,0
A,H,A,9700,100,9700,1,0
A,B,B,7185,100,7185,1,0
B,C,B,6692,100,6692,1,0
B,D,B,12537,100,12537,1,0
B,E,B,7059,100,7059,1,0
B,F,B,1448,100,1448,1,0
B,G,B,6771,100,6771,1,0
B,H,B,13057,100,13057,1,0
A,C,C,7530,100,7530,1,0
B,C,C,6697,100,6697,1,0
C,D,C,6617,100,6617,1,0
C,E,C,7567,100,7567,1,0
C,F,C,7134,100,7134,1,0
C,G,C,1382,100,1382,1,0
C,H,C,7150,100,7150,1,0
A,D,D,9211,100,9211,1,0
B,D,D,12508,100,12508,1,0
C,D,D,6602,100,6602,1,0
D,E,D,9356,100,9356,1,0
D,F,D,12907,100,12907,1,0
D,G,D,6766,100,6766,1,0
D,H,D,1466,100,1466,1,0
A,E,E,1343,100,1343,1,0
B,E,E,7040,100,7040,1,0
C,E,E,7556,100,7556,1,0
D,E,E,9344,100,9344,1,0
E,F,E,7018,100,7018,1,0
E,G,E,7325,100,7325,1,0
E,H,E,9694,100,9694,1,0
A,F,F,7418,100,7418,1,0
B,F,F,1441,100,1441,1,0
C,F,F,7141,100,7141,1,0
D,F,F,12870,100,12870,1,0
E,F,F,7062,100,7062,1,0
F,G,F,6886,100,6886,1,0
F,H,F,13241,100,13241,1,0
A,G,G,7602,100,7602,1,0
B,G,G,6749,100,6749,1,0
C,G,G,1322,100,1322,1,0
D,G,G,6796,100,6796,1,0
E,G,G,7318,100,7318,1,0
F,G,G,6887,100,6887,1,0
G,H,G,7006,100,7006,1,0
A,H,H,9682,100,9682,1,0
B,H,H,13066,100,13066,1,0
C,H,H,7146,100,7146,1,0
D,H,H,1466,100,1466,1,0
E,H,H,9676,100,9676,1,0
F,H,H,13230,100,13230,1,0
G,H,H,7044,100,7044,1,0
A,B,A,7180,100,7180,1,0
A,C,A,7545,100,7545,1,0
A,D,A,9220,100,9220,1,0
A,E,A,1357,100,1357,1,0
A,F,A,7420,100,7420,1,0
A,G,A,7545,100,7545,1,0
A,H,A,9659,100,9659,1,0
A,B,B,7189,100,7189,1,0
B,C,B,6722,100,6722,1,0
B,D,B,12547,100,12547,1,0
B,E,B,7060,100,7060,1,0
B,F,B,1449,100,1449,1,0
B,G,B,6738,100,6738,1,0
B,H,B,13025,100,13025,1,0
A,C,C,7585,100,7585,1,0
B,C,C,6691,100,6691,1,0
C,D,C,6610,100,6610,1,0
C,E,C,7512,100,7512,1,0
C,F,C,7135,100,7135,1,0
C,G,C,1361,100,1361,1,0
C,H,C,7109,100,7109,1,0
A,D,D,9237,100,9237,1,0
B,D,D,12559,100,12559,1,0
C,D,D,6585,100,6585,1,0
D,E,D,9416,100,9416,1,0
D,F,D,12879,100,12879,1,0
D,G,D,6780,100,6780,1,0
D,H,D,1435,100,1435,1,0
A,E,E,1352,100,1352,1,0
B,E,E,7007,100,7007,1,0
C,E,E,7525,100,7525,1,0
D,E,E,9372,100,9372,1,0
E,F,E,6985,100,6985,1,0
E,G,E,7294,100,7294,1,0
E,H,E,9644,100,9644,1,0
A,F,F,7391,100,7391,1,0
B,F,F,1407,100,1407,1,0
C,F,F,7129,100,7129,1,0
D,F,F,12872,100,12872,1,0
E,F,F,7007,100,7007,1,0
F,G,F,6917,100,6917,1,0
F,H,F,13242,100,13242,1,0
A,G,G,7565,100,7565,1,0
B,G,G,6741,100,6741,1,0
C,G,G,1374,100,1374,1,0
D,G,G,6813,100,6813,1,0
E,G,G,7311,100,7311,1,0
F,G,G,6860,100,6860,1,0
G,H,G,7041,100,7041,1,0
A,H,H,9732,100,9732,1,0
B,H,H,13040,100,13040,1,0
C,H,H,7086,100,7086,1,0
D,H,H,1489,100,1489,1,0
E,H,H,9664,100,9664,1,0
F,H,H,13239,100,13239,1,0
G,H,H,7032,100,7032,1,0
A,B,A,7148,100,7148,1,0
A,C,A,7545,100,7545,1,0
A,D,A,9204,100,9204,1,0
A,E,A,1409,100,1409,1,0
A,F,A,7391,100,7391,1,0
A,G,A,7565,100,7565,1,0
A,H,A,9694,100,9694,1,0
A,B,B,7145,100,7145,1,0
B,C,B,6686,100,6686,1,0
B,D,B,12512,100,12512,1,0
B,E,B,7058,100,7058,1,0
B,F,B,1421,100,1421,1,0
B,G,B,6755,100,6755,1,0
B,H,B,13021,100,13021,1,0
A,C,C,7546,100,7546,1,0
B,C,C,6722,100,6722,1,0
C,D,C,6610,100,6610,1,0
C,E,C,7577,100,7577,1,0
C,F,C,7112,100,7112,1,0
C,G,C,1342,100,1342,1,0
C,H,C,7112,100,7112,1,0
A,D,D,9184,100,9184,1,0
B,D,D,12572,100,12572,1,0
C,D,D,6625,100,6625,1,0
D,E,D,9347,100,9347,1,0
D,F,D,12833,100,12833,1,0
D,G,D,6815,100,6815,1,0
D,H,D,1436,100,1436,1,0
A,E,E,1369,100,1369,1,0
B,E,E,7032,100,7032,1,0
C,E,E,7556,100,7556,1,0
D,E,E,9329,100,9329,1,0
E,F,E,7006,100,7006,1,0
E,G,E,7342,100,7342,1,0
E,H,E,9708,100,9708,1,0
A,F,F,7377,100,7377,1,0
B,F,F,1441,100,1441,1,0
C,F,F,7137,100,7137,1,0
D,F,F,12884,100,12884,1,0
E,F,F,7001,100,7001,1,0
F,G,F,6879,100,6879,1,0
F,H,F,13232,100,13232,1,0
A,G,G,7609,100,7609,1,0
B,G,G,6761,100,6761,1,0
C,G,G,1390,100,1390,1,0
D,G,G,6790,100,6790,1,0
E,G,G,7303,100,7303,1,0
F,G,G,6884,100,6884,1,0
G,H,G,7027,100,7027,1,0
A,H,H,9713,100,9713,1,0
B,H,H,13044,100,13044,1,0
C,H,H,7089,100,7089,1,0
D,H,H,1442,100,1442,1,0
E,H,H,9670,100,9670,1,0
F,H,H,13222,100,13222,1,0
G,H,H,7028,100,7028,1,0
A,B,A,7162,100,7162,1,0
A,C,A,7609,100,7609,1,0
A,D,A,9179,100,9179,1,0
A,E,A,1363,100,1363,1,0
A,F,A,7394,100,7394,1,0
A,G,A,7600,100,7600,1,0
A,H,A,9709,100,9709,1,0
A,B,B,7158,100,7158,1,0
B,C,B,6743,100,6743,1,0
B,D,B,12517,100,12517,1,0
B,E,B,7034,100,7034,1,0
B,F,B,1432,100,1432,1,0
B,G,B,6722,100,6722,1,0
B,H,B,13027,100,13027,1,0
A,C,C,7603,100,7603,1,0
B,C,C,6702,100,6702,1,0
C,D,C,6605,100,6605,1,0
C,E,C,7537,100,7537,1,0
C,F,C,7084,100,7084,1,0
C,G,C,1336,100,1336,1,0
C,H,C,7142,100,7142,1,0
A,D,D,9218,100,9218,1,0
B,D,D,12555,100,12555,1,0
C,D,D,6620,100,6620,1,0
D,E,D,9327,100,9327,1,0
D,F,D,12909,100,12909,1,0
D,G,D,6796,100,6796,1,0
D,H,D,1441,100,1441,1,0
A,E,E,1391,100,1391,1,0
B,E,E,7054,100,7054,1,0
C,E,E,7579,100,7579,1,0
D,E,E,9394,100,9394,1,0
E,F,E,7005,100,7005,1,0
E,G,E,7320,100,7320,1,0
E,H,E,9626,100,9626,1,0
A,F,F,7387,100,7387,1,0
B,F,F,1450,100,1450,1,0
C,F,F,7133,100,7133,1,0
D,F,F,12861,100,12861,1,0
E,F,F,7009,100,7009,1,0
F,G,F,6887,100,6887,1,0
F,H,F,13213,100,13213,1,0
A,G,G,7598,100,7598,1,0
B,G,G,6767,100,6767,1,0
C,G,G,1340,100,1340,1,0
D,G,G,6833,100,6833,1,0
E,G,G,7286,100,7286,1,0
F,G,G,6894,100,6894,1,0
G,H,G,7022,100,7022,1,0
A,H,H,9670,100,9670,1,0
B,H,H,13014,100,13014,1,0
C,H,H,7115,100,7115,1,0
D,H,H,1494,100,1494,1,0
E,H,H,9635,100,9635,1,0
F,H,H,13263,100,13263,1,0
G,H,H,7059,100,7059,1,0
A,B,A,7143,100,7143,1,0
A,C,A,7572,100,7572,1,0
A,D,A,9202,100,9202,1,0
A,E,A,1365,100,1365,1,0
A,F,A,7367,100,7367,1,0
A,G,A,7564,100,7564,1,0
A,H,A,9714,100,9714,1,0
A,B,B,7156,100,7156,1,0
B,C,B,6712,100,6712,1,0
B,D,B,12548,100,12548,1,0
B,E,B,7034,100,7034,1,0
B,F,B,1443,100,1443,1,0
B,G,B,6785,100,6785,1,0
B,H,B,13057,100,13057,1,0
A,C,C,7571,100,7571,1,0
B,C,C,6711,100,6711,1,0
C,D,C,6572,100,6572,1,0
C,E,C,7599,100,7599,1,0
C,F,C,7097,100,7097,1,0
C,G,C,1330,100,1330,1,0
C,H,C,7112,100,7112,1,0
A,D,D,9187,100,9187,1,0
B,D,D,12541,100,12541,1,0
C,D,D,6615,100,6615,1,0
D,E,D,9325,100,9325,1,0
D,F,D,12884,100,12884,1,0
D,G,D,6825,100,6825,1,0
D,H,D,1496,100,1496,1,0
A,E,E,1372,100,1372,1,0
B,E,E,7045,100,7045,1,0
C,E,E,7580,100,7580,1,0
D,E,E,9358,100,9358,1,0
E,F,E,6982,100,6982,1,0
E,G,E,7296,100,7296,1,0
E,H,E,9633,100,9633,1,0
A,F,F,7356,100,7356,1,0
B,F,F,1443,100,1443,1,0
C,F,F,7125,100,7125,1,0
D,F,F,12867,100,12867,1,0
E,F,F,7019,100,7019,1,0
F,G,F,6905,100,6905,1,0
F,H,F,13251,100,13251,1,0
A,G,G,7593,100,7593,1,0
B,G,G,6769,100,6769,1,0
C,G,G,1341,100,1341,1,0
D,G,G,6805,100,6805,1,0
E,G,G,7298,100,7298,1,0
F,G,G,6849,100,6849,1,0
G,H,G,7082,100,7082,1,0
A,H,H,9722,100,9722,1,0
B,H,H,13052,100,13052,1,0
C,H,H,7112,100,7112,1,0
D,H,H,1456,100,1456,1,0
E,H,H,9663,100,9663,1,0
F,H,H,13276,100,13276,1,0
G,H,H,7002,100,7002,1,0
A,B,A,7162,100,7162,1,0
A,C,A,7614,100,7614,1,0
A,D,A,9195,100,9195,1,0
A,E,A,1378,100,1378,1,0
A,F,A,7383,100,7383,1,0
A,G,A,7604,100,7604,1,0
A,H,A,9718,100,9718,1,0
A,B,B,7125,100,7125,1,0
B,C,B,6713,100,6713,1,0
B,D,B,12544,100,12544,1,0
B,E,B,7074,100,7074,1,0
B,F,B,1426,100,1426,1,0
B,G,B,6773,100,6773,1,0
B,H,B,13092,100,13092,1,0
A,C,C,7575,100,7575,1,0
B,C,C,6739,100,6739,1,0
C,D,C,6597,100,6597,1,0
C,E,C,7555,100,7555,1,0
C,F,C,7121,100,7121,1,0
C,G,C,1338,100,1338,1,0
C,H,C,7146,100,7146,1,0
A,D,D,9185,100,9185,1,0
B,D,D,12519,100,12519,1,0
C,D,D,6594,100,6594,1,0
D,E,D,9328,100,9328,1,0
D,F,D,12901,100,12901,1,0
D,G,D,6779,100,6779,1,0
D,H,D,1418,100,1418,1,0
A,E,E,1376,100,1376,1,0
B,E,E,7065,100,7065,1,0
C,E,E,7505,100,7505,1,0
D,E,E,9357,100,9357,1,0
E,F,E,6951,100,6951,1,0
E,G,E,7295,100,7295,1,0
E,H,E,9639,100,9639,1,0
A,F,F,7446,100,7446,1,0
B,F,F,1419,100,1419,1,0
C,F,F,7129,100,7129,1,0
D,F,F,12883,100,12883,1,0
E,F,F,7013,100,7013,1,0
F,G,F,6883,100,6883,1,0
F,H,F,13250,100,13250,1,0
A,G,G,7520,100,7520,1,0
B,G,G,6740,100,6740,1,0
C,G,G,1312,100,1312,1,0
D,G,G,6835,100,6835,1,0
E,G,G,7284,100,7284,1,0
F,G,G,6860,100,6860,1,0
G,H,G,7046,100,7046,1,0
A,H,H,9673,100,9673,1,0
B,H,H,13036,100,13036,1,0
C,H,H,7095,100,7095,1,0
D,H,H,1455,100,1455,1,0
E,H,H,9637,100,9637,1,0
F,H,H,13243,100,13243,1,0
G,H,H,7051,100,7051,1,0
A,B,A,7174,100,7174,1,0
A,C,A,7572,100,7572,1,0
A,D,A,9180,100,9180,1,0
A,E,A,1343,100,1343,1,0
A,F,A,7394,100,7394,1,0
A,G,A,7588,100,7588,1,0
A,H,A,9716,100,9716,1,0
A,B,B,7170,100,7170,1,0
B,C,B,6695,100,6695,1,0
B,D,B,12583,100,12583,1,0
B,E,B,7028,100,7028,1,0
B,F,B,1427,100,1427,1,0
B,G,B,6746,100,6746,1,0
B,H,B,13068,100,13068,1,0
A,C,C,7619,100,7619,1,0
B,C,C,6695,100,6695,1,0
C,D,C,6600,100,6600,1,0
C,E,C,7492,100,7492,1,0
C,F,C,7143,100,7143,1,0
C,G,C,1375,100,1375,1,0
C,H,C,7135,100,7135,1,0
A,D,D,9190,100,9190,1,0
B,D,D,12521,100,12521,1,0
C,D,D,6598,100,6598,1,0
D,E,D,9387,100,9387,1,0
D,F,D,12899,100,12899,1,0
D,G,D,6818,100,6818,1,0
D,H,D,1432,100,1432,1,0
A,E,E,1391,100,1391,1,0
B,E,E,7058,100,7058,1,0
C,E,E,7552,100,7552,1,0
D,E,E,9340,100,9340,1,0
E,F,E,6984,100,6984,1,0
E,G,E,7311,100,7311,1,0
E,H,E,9667,100,9667,1,0
A,F,F,7369,100,7369,1,0
B,F,F,1405,100,1405,1,0
C,F,F,7125,100,7125,1,0
D,F,F,12860,100,12860,1,0
E,F,F,6994,100,6994,1,0
F,G,F,6914,100,6914,1,0
F,H,F,13236,100,13236,1,0
A,G,G,7621,100,7621,1,0
B,G,G,6737,100,6737,1,0
C,G,G,1349,100,1349,1,0
D,G,G,6818,100,6818,1,0
E,G,G,7300,100,7300,1,0
F,G,G,6892,100,6892,1,0
G,H,G,7005,100,7005,1,0
A,H,H,9707,100,9707,1,0
B,H,H,13083,100,13083,1,0
C,H,H,7078,100,7078,1,0
D,H,H,1451,100,1451,1,0
E,H,H,9642,100,9642,1,0
F,H,H,13229,100,13229,1,0
G,H,H,7083,100,7083,1,0
A,B,A,7146,100,7146,1,0
A,C,A,7581,100,7581,1,0
A,D,A,9216,100,9216,1,0
A,E,A,1376,100,1376,1,0
A,F,A,7394,100,7394,1,0
A,G,A,7588,100,7588,1,0
A,H,A,9703,100,9703,1,0
A,B,B,7160,100,7160,1,0
B,C,B,6746,100,6746,1,0
B,D,B,12540,100,12540,1,0
B,E,B,7085,100,7085,1,0
B,F,B,1467,100,1467,1,0
B,G,B,6748,100,6748,1,0
B,H,B,13045,100,13045,1,0
A,C,C,7593,100,7593,1,0
B,C,C,6767,100,6767,1,0
C,D,C,6580,100,6580,1,0
C,E,C,7553,100,7553,1,0
C,F,C,7109,100,7109,1,0
C,G,C,1379,100,1379,1,0
C,H,C,7100,100,7100,1,0
A,D,D,9211,100,9211,1,0
B,D,D,12530,100,12530,1,0
C,D,D,6589,100,6589,1,0
D,E,D,9370,100,9370,1,0
D,F,D,12848,100,12848,1,0
D,G,D,6837,100,6837,1,0
D,H,D,1491,100,1491,1,0
A,E,E,1373,100,1373,1,0
B,E,E,7059,100,7059,1,0
C,E,E,7545,100,7545,1,0
D,E,E,9349,100,9349,1,0
E,F,E,6975,100,6975,1,0
E,G,E,7313,100,7313,1,0
E,H,E,9670,100,9670,1,0
A,F,F,7411,100,7411,1,0
B,F,F,1432,100,1432,1,0
C,F,F,7153,100,7153,1,0
D,F,F,12892,100,12892,1,0
E,F,F,6982,100,6982,1,0
F,G,F,6883,100,6883,1,0
F,H,F,13255,100,13255,1,0
A,G,G,7506,100,7506,1,0
B,G,G,6794,100,6794,1,0
C,G,G,1377,100,1377,1,0
D,G,G,6802,100,6802,1,0
E,G,G,7325,100,7325,1,0
F,G,G,6858,100,6858,1,0
G,H,G,7071,100,7071,1,0
A,H,H,9682,100,9682,1,0
B,H,H,13027,100,13027,1,0
C,H,H,7116,100,7116,1,0
D,H,H,1453,100,1453,1,0
E,H,H,9694,100,9694,1,0
F,H,H,13243,100,13243,1,0
G,H,H,7025,100,7025,1,0
A,B,A,7177,100,7177,1,0
A,C,A,7571,100,7571,1,0
A,D,A,9200,100,9200,1,0
A,E,A,1413,100,1413,1,0
A,F,A,7366,100,7366,1,0
A,G,A,7545,100,7545,1,0
A,H,A,9671,100,9671,1,0
A,B,B,7195,100,7195,1,0
B,C,B,6714,100,6714,1,0
B,D,B,12527,100,12527,1,0
B,E,B,6999,100,6999,1,0
B,F,B,1474,100,1474,1,0
B,G,B,6764,100,6764,1,0
B,H,B,13021,100,13021,1,0
A,C,C,7557,100,7557,1,0
B,C,C,6713,100,6713,1,0
C,D,C,6611,100,6611,1,0
C,E,C,7565,100,7565,1,0
C,F,C,7113,100,7113,1,0
C,G,C,1344,100,1344,1,0
C,H,C,7131,100,7131,1,0
A,D,D,9197,100,9197,1,0
B,D,D,12525,100,12525,1,0
C,D,D,6601,100,6601,1,0
D,E,D,9318,100,9318,1,0
D,F,D,12861,100,12861,1,0
D,G,D,6825,100,6825,1,0
D,H,D,1466,100,1466,1,0
A,E,E,1363,100,1363,1,0
B,E,E,7043,100,7043,1,0
C,E,E,7601,100,7601,1,0
D,E,E,9306,100,9306,1,0
E,F,E,7023,100,7023,1,0
E,G,E,7306,100,7306,1,0
E,H,E,9640,100,9640,1,0
A,F,F,7329,100,7329,1,0
B,F,F,1455,100,1455,1,0
C,F,F,7157,100,7157,1,0
D,F,F,12893,100,12893,1,0
E,F,F,7006,100,7006,1,0
F,G,F,6881,100,6881,1,0
F,H,F,13189,100,13189,1,0
A,G,G,7571,100,7571,1,0
B,G,G,6801,100,6801,1,0
C,G,G,1391,100,1391,1,0
D,G,G,6813,100,6813,1,0
E,G,G,7311,100,7311,1,0
F,G,G,6875,100,6875,1,0
G,H,G,7031,100,7031,1,0
A,H,H,9687,100,9687,1,0
B,H,H,13107,100,13107,1,0
C,H,H,7074,100,7074,1,0
D,H,H,1455,100,1455,1,0
E,H,H,9671,100,9671,1,0
F,H,H,13254,100,13254,1,0
G,H,H,7000,100,7000,1,0
A,B,A,7178,100,7178,1,0
A,C,A,7557,100,7557,1,0
A,D,A,9195,100,9195,1,0
A,E,A,1326,100,1326,1,0
A,F,A,7386,100,7386,1,0
A,G,A,7611,100,7611,1,0
A,H,A,9654,100,9654,1,0
A,B,B,7174,100,7174,1,0
B,C,B,6741,100,6741,1,0
B,D,B,12520,100,12520,1,0
B,E,B,7053,100,7053,1,0
B,F,B,1418,100,1418,1,0
B,G,B,6742,100,6742,1,0
B,H,B,13035,100,13035,1,0
A,C,C,7583,100,7583,1,0
B,C,C,6698,100,6698,1,0
C,D,C,6633,100,6633,1,0
C,E,C,7540,100,7540,1,0
C,F,C,7103,100,7103,1,0
C,G,C,1384,100,1384,1,0
C,H,C,7163,100,7163,1,0
A,D,D,9209,100,9209,1,0
B,D,D,12488,100,12488,1,0
C,D,D,6590,100,6590,1,0
D,E,D,9408,100,9408,1,0
D,F,D,12832,100,12832,1,0
D,G,D,6838,100,6838,1,0
D,H,D,1400,100,1400,1,0
A,E,E,1368,100,1368,1,0
B,E,E,7061,100,7061,1,0
C,E,E,7555,100,7555,1,0
D,E,E,9281,100,9281,1,0
E,F,E,6949,100,6949,1,0
E,G,E,7294,100,7294,1,0
E,H,E,9658,100,9658,1,0
A,F,F,7329,100,7329,1,0
B,F,F,1462,100,1462,1,0
C,F,F,7140,100,7140,1,0
D,F,F,12885,100,12885,1,0
E,F,F,7019,100,7019,1,0
F,G,F,6877,100,6877,1,0
F,H,F,13220,100,13220,1,0
A,G,G,7573,100,7573,1,0
B,G,G,6734,100,6734,1,0
C,G,G,1317,100,1317,1,0
D,G,G,6837,100,6837,1,0
E,G,G,7335,100,7335,1,0
F,G,G,6909,100,6909,1,0
G,H,G,7040,100,7040,1,0
A,H,H,9667,100,9667,1,0
B,H,H,13085,100,13085,1,0
C,H,H,7126,100,7126,1,0
D,H,H,1393,100,1393,1,0
E,H,H,9662,100,9662,1,0
F,H,H,13249,100,13249,1,0
G,H,H,7051,100,7051,1,0
A,B,A,7160,100,7160,1,0
A,C,A,7604,100,7604,1,0
A,D,A,9224,100,9224,1,0
A,E,A,1403,100,1403,1,0
A,F,A,7411,100,7411,1,0
A,G,A,7559,100,7559,1,0
A,H,A,9660,100,9660,1,0
A,B,B,7126,100,7126,1,0
B,C,B,6704,100,6704,1,0
B,D,B,12522,100,12522,1,0
B,E,B,7038,100,7038,1,0
B,F,B,1435,100,1435,1,0
B,G,B,6759,100,6759,1,0
B,H,B,13040,100,13040,1,0
A,C,C,7553,100,7553,1,0
B,C,C,6713,100,6713,1,0
C,D,C,6579,100,6579,1,0
C,E,C,7558,100,7558,1,0
C,F,C,7123,100,7123,1,0
C,G,C,1362,100,1362,1,0
C,H,C,7142,100,7142,1,0
A,D,D,9189,100,9189,1,0
B,D,D,12528,100,12528,1,0
C,D,D,6607,100,6607,1,0
D,E,D,9363,100,9363,1,0
D,F,D,12909,100,12909,1,0
D,G,D,6812,100,6812,1,0
D,H,D,1420,100,1420,1,0
A,E,E,1332,100,1332,1,0
B,E,E,7087,100,7087,1,0
C,E,E,7558,100,7558,1,0
D,E,E,9320,100,9320,1,0
E,F,E,7001,100,7001,1,0
E,G,E,7309,100,7309,1,0
E,H,E,9645,100,9645,1,0
A,F,F,7341,100,7341,1,0
B,F,F,1445,100,1445,1,0
C,F,F,7119,100,7119,1,0
D,F,F,12846,100,12846,1,0
E,F,F,7021,100,7021,1,0
F,G,F,6892,100,6892,1,0
F,H,F,13251,100,13251,1,0
A,G,G,7578,100,7578,1,0
B,G,G,6796,100,6796,1,0
C,G,G,1381,100,1381,1,0
D,G,G,6803,100,6803,1,0
E,G,G,7310,100,7310,1,0
F,G,G,6875,100,6875,1,0
G,H,G,7019,100,7019,1,0
A,H,H,9678,100,9678,1,0
B,H,H,13067,100,13067,1,0
C,H,H,7114,100,7114,1,0
D,H,H,1477,100,1477,1,0
E,H,H,9643,100,9643,1,0
F,H,H,13190,100,13190,1,0
G,H,H,7057,100,7057,1,0
A,B,A,7136,100,7136,1,0
A,C,A,7610,100,7610,1,0
A,D,A,9219,100,9219,1,0
A,E,A,1363,100,1363,1,0
A,F,A,7370,100,7370,1,0
A,G,A,7562,100,7562,1,0
A,H,A,9642,100,9642,1,0
A,B,B,7177,100,7177,1,0
B,C,B,6724,100,6724,1,0
B,D,B,12604,100,12604,1,0
B,E,B,7016,100,7016,1,0
B,F,B,1452,100,1452,1,0
B,G,B,6759,100,6759,1,0
B,H,B,13038,100,13038,1,0
A,C,C,7560,100,7560,1,0
B,C,C,6712,100,6712,1,0
C,D,C,6607,100,6607,1,0
C,E,C,7575,100,7575,1,0
C,F,C,7112,100,7112,1,0
C,G,C,1362,100,1362,1,0
C,H,C,7140,100,7140,1,0
A,D,D,9203,100,9203,1,0
B,D,D,12540,100,12540,1,0
C,D,D,6617,100,6617,1,0
D,E,D,9354,100,9354,1,0
D,F,D,12869,100,12869,1,0
D,G,D,6854,100,6854,1,0
D,H,D,1521,100,1521,1,0
A,E,E,1373,100,1373,1,0
B,E,E,7019,100,7019,1,0
C,E,E,7549,100,7549,1,0
D,E,E,9336,100,9336,1,0
E,F,E,7001,100,7001,1,0
E,G,E,7290,100,7290,1,0
E,H,E,9707,100,9707,1,0
A,F,F,7365,100,7365,1,0
B,F,F,1436,100,1436,1,0
C,F,F,7111,100,7111,1,0
D,F,F,12855,100,12855,1,0
E,F,F,7022,100,7022,1,0
F,G,F,6902,100,6902,1,0
F,H,F,13282,100,13282,1,0
A,G,G,7601,100,7601,1,0
B,G,G,6744,100,6744,1,0
C,G,G,1397,100,1397,1,0
D,G,G,6835,100,6835,1,0
E,G,G,7297,100,7297,1,0
F,G,G,6894,100,6894,1,0
G,H,G,7019,100,7019,1,0
A,H,H,9708,100,9708,1,0
B,H,H,13076,100,13076,1,0
C,H,H,7115,100,7115,1,0
D,H,H,1436,100,1436,1,0
E,H,H,9639,100,9639,1,0
F,H,H,13232,100,13232,1,0
G,H,H,7008,100,7008,1,0
A,B,A,7173,100,7173,1,0
A,C,A,7561,100,7561,1,0
A,D,A,9218,100,9218,1,0
A,E,A,1348,100,1348,1,0
A,F,A,7335,100,7335,1,0
A,G,A,7545,100,7545,1,0
A,H,A,9681,100,9681,1,0
A,B,B,7177,100,7177,1,0
B,C,B,6706,100,6706,1,0
B,D,B,12588,100,12588,1,0
B,E,B,7016,100,7016,1,0
B,F,B,1477,100,1477,1,0
B,G,B,6732,100,6732,1,0
B,H,B,13047,100,13047,1,0
A,C,C,7606,100,7606,1,0
B,C,C,6719,100,6719,1,0
C,D,C,6591,100,6591,1,0
C,E,C,7512,100,7512,1,0
C,F,C,7124,100,7124,1,0
C,G,C,1369,100,1369,1,0
C,H,C,7154,100,7154,1,0
A,D,D,9206,100,9206,1,0
B,D,D,12538,100,12538,1,0
C,D,D,6567,100,6567,1,0
D,E,D,9365,100,9365,1,0
D,F,D,12842,100,12842,1,0
D,G,D,6807,100,6807,1,0
D,H,D,1441,100,1441,1,0
A,E,E,1348,100,1348,1,0
B,E,E,7066,100,7066,1,0
C,E,E,7556,100,7556,1,0
D,E,E,9372,100,9372,1,0
E,F,E,7011,100,7011,1,0
E,G,E,7299,100,7299,1,0
E,H,E,9659,100,9659,1,0
A,F,F,7376,100,7376,1,0
B,F,F,1428,100,1428,1,0
C,F,F,7134,100,7134,1,0
D,F,F,12868,100,12868,1,0
E,F,F,7010,100,7010,1,0
F,G,F,6898,100,6898,1,0
F,H,F,13250,100,13250,1,0
A,G,G,7551,100,7551,1,0
B,G,G,6772,100,6772,1,0
C,G,G,1369,100,1369,1,0
D,G,G,6790,100,6790,1,0
E,G,G,7312,100,7312,1,0
F,G,G,6864,100,6864,1,0
G,H,G,7068,100,7068,1,0
A,H,H,9678,100,9678,1,0
B,H,H,13068,100,13068,1,0
C,H,H,7124,100,7124,1,0
D,H,H,1382,100,1382,1,0
E,H,H,9638,100,9638,1,0
F,H,H,13208,100,13208,1,0
G,H,H,7023,100,7023,1,0
A,B,A,7134,100,7134,1,0
A,C,A,7572,100,7572,1,0
A,D,A,9214,100,9214,1,0
A,E,A,1329,100,1329,1,0
A,F,A,7379,100,7379,1,0
A,G,A,7560,100,7560,1,0
A,H,A,9730,100,9730,1,0
A,B,B,7190,100,7190,1,0
B,C,B,6770,100,6770,1,0
B,D,B,12512,100,12512,1,0
B,E,B,7068,100,7068,1,0
B,F,B,1417,100,1417,1,0
B,G,B,6755,100,6755,1,0
B,H,B,13030,100,13030,1,0
A,C,C,7585,100,7585,1,0
B,C,C,6721,100,6721,1,0
C,D,C,6565,100,6565,1,0
C,E,C,7528,100,7528,1,0
C,F,C,7129,100,7129,1,0
C,G,C,1361,100,1361,1,0
C,H,C,7080,100,7080,1,0
A,D,D,9173,100,9173,1,0
B,D,D,12521,100,12521,1,0
C,D,D,6614,100,6614,1,0
D,E,D,9311,100,9311,1,0
D,F,D,12847,100,12847,1,0
D,G,D,6841,100,6841,1,0
D,H,D,1461,100,1461,1,0
A,E,E,1382,100,1382,1,0
B,E,E,7084,100,7084,1,0
C,E,E,7585,100,7585,1,0
D,E,E,9369,100,9369,1,0
E,F,E,7005,100,7005,1,0
E,G,E,7305,100,7305,1,0
E,H,E,9685,100,9685,1,0
A,F,F,7381,100,7381,1,0
B,F,F,1431,100,1431,1,0
C,F,F,7143,100,7143,1,0
D,F,F,12879,100,12879,1,0
E,F,F,7005,100,7005,1,0
F,G,F,6854,100,6854,1,0
F,H,F,13243,100,13243,1,0
A,G,G,7561,100,7561,1,0
B,G,G,6751,100,6751,1,0
C,G,G,1376,100,1376,1,0
D,G,G,6795,100,6795,1,0
E,G,G,7290,100,7290,1,0
F,G,G,6867,100,6867,1,0
G,H,G,6994,100,6994,1,0
A,H,H,9649,100,9649,1,0
B,H,H,13035,100,13035,1,0
C,H,H,7062,100,7062,1,0
D,H,H,1430,100,1430,1,0
E,H,H,9650,100,9650,1,0
F,H,H,13205,100,13205,1,0
G,H,H,7053,100,7053,1,0
A,B,A,7161,100,7161,1,0
A,C,A,7630,100,7630,1,0
A,D,A,9195,100,9195,1,0
A,E,A,1354,100,1354,1,0
A,F,A,7426,100,7426,1,0
A,G,A,7601,100,7601,1,0
A,H,A,9714,100,9714,1,0
A,B,B,7163,100,7163,1,0
B,C,B,6716,100,6716,1,0
B,D,B,12572,100,12572,1,0
B,E,B,7026,100,7026,1,0
B,F,B,1441,100,1441,1,0
B,G,B,6772,100,6772,1,0
B,H,B,13149,100,13149,1,0
A,C,C,7566,100,7566,1,0
B,C,C,6741,100,6741,1,0
C,D,C,6586,100,6586,1,0
C,E,C,7500,100,7500,1,0
C,F,C,7120,100,7120,1,0
C,G,C,1334,100,1334,1,0
C,H,C,7124,100,7124,1,0
A,D,D,9198,100,9198,1,0
B,D,D,12553,100,12553,1,0
C,D,D,6601,100,6601,1,0
D,E,D,9363,100,9363,1,0
D,F,D,12889,100,12889,1,0
D,G,D,6783,100,6783,1,0
D,H,D,1408,100,1408,1,0
A,E,E,1420,100,1420,1,0
B,E,E,7046,100,7046,1,0
C,E,E,7595,100,7595,1,0
D,E,E,9420,100,9420,1,0
E,F,E,6978,100,6978,1,0
E,G,E,7335,100,7335,1,0
E,H,E,9654,100,9654,1,0
A,F,F,7359,100,7359,1,0
B,F,F,1410,100,1410,1,0
C,F,F,7105,100,7105,1,0
D,F,F,12890,100,12890,1,0
E,F,F,6981,100,6981,1,0
F,G,F,6882,100,6882,1,0
F,H,F,13248,100,13248,1,0
A,G,G,7569,100,7569,1,0
B,G,G,6786,100,6786,1,0
C,G,G,1397,100,1397,1,0
D,G,G,6835,100,6835,1,0
E,G,G,7302,100,7302,1,0
F,G,G,6864,100,6864,1,0
G,H,G,7046,100,7046,1,0
A,H,H,9696,100,9696,1,0
B,H,H,13048,100,13048,1,0
C,H,H,7135,100,7135,1,0
D,H,H,1430,100,1430,1,0
E,H,H,9695,100,9695,1,0
F,H,H,13213,100,13213,1,0
G,H,H,7084,100,7084,1,0
A,B,A,7130,100,7130,1,0
A,C,A,7558,100,7558,1,0
A,D,A,9207,100,9207,1,0
A,E,A,1365,100,1365,1,0
A,F,A,7389,100,7389,1,0
A,G,A,7573,100,7573,1,0
A,H,A,9655,100,9655,1,0
A,B,B,7148,100,7148,1,0
B,C,B,6714,100,6714,1,0
B,D,B,12518,100,12518,1,0
B,E,B,7032,100,7032,1,0
B,F,B,1453,100,1453,1,0
B,G,B,6767,100,6767,1,0
B,H,B,13024,100,13024,1,0
A,C,C,7590,100,7590,1,0
B,C,C,6685,100,6685,1,0
C,D,C,6616,100,6616,1,0
C,E,C,7547,100,7547,1,0
C,F,C,7093,100,7093,1,0
C,G,C,1353,100,1353,1,0
C,H,C,7108,100,7108,1,0
A,D,D,9219,100,9219,1,0
B,D,D,12521,100,12521,1,0
C,D,D,6624,100,6624,1,0
D,E,D,9340,100,9340,1,0
D,F,D,12877,100,12877,1,0
D,G,D,6796,100,6796,1,0
D,H,D,1426,100,1426,1,0
A,E,E,1366,100,1366,1,0
B,E,E,7002,100,7002,1,0
C,E,E,7534,100,7534,1,0
D,E,E,9304,100,9304,1,0
E,F,E,6994,100,6994,1,0
E,G,E,7320,100,7320,1,0
E,H,E,9631,100,9631,1,0
A,F,F,7376,100,7376,1,0
B,F,F,1453,100,1453,1,0
C,F,F,7090,100,7090,1,0
D,F,F,12910,100,12910,1,0
E,F,F,7010,100,7010,1,0
F,G,F,6881,100,6881,1,0
F,H,F,13208,100,13208,1,0
A,G,G,7607,100,7607,1,0
B,G,G,6781,100,6781,1,0
C,G,G,1356,100,1356,1,0
D,G,G,6787,100,6787,1,0
E,G,G,7305,100,7305,1,0
F,G,G,6872,100,6872,1,0
G,H,G,7064,100,7064,1,0
A,H,H,9670,100,9670,1,0
B,H,H,13034,100,13034,1,0
C,H,H,7128,100,7128,1,0
D,H,H,1408,100,1408,1,0
E,H,H,9637,100,9637,1,0
F,H,H,13223,100,13223,1,0
G,H,H,7070,100,7070,1,0
A,B,A,7148,100,7148,1,0
A,C,A,7612,100,7612,1,0
A,D,A,9197,100,9197,1,0
A,E,A,1398,100,1398,1,0
A,F,A,7336,100,7336,1,0
A,G,A,7579,100,7579,1,0
A,H,A,9711,100,9711,1,0
A,B,B,7138,100,7138,1,0
B,C,B,6771,100,6771,1,0
B,D,B,12522,100,12522,1,0
B,E,B,7057,100,7057,1,0
B,F,B,1440,100,1440,1,0
B,G,B,6747,100,6747,1,0
B,H,B,13011,100,13011,1,0
A,C,C,7644,100,7644,1,0
B,C,C,6734,100,6734,1,0
C,D,C,6582,100,6582,1,0
C,E,C,7530,100,7530,1,0
C,F,C,7125,100,7125,1,0
C,G,C,1368,100,1368,1,0
C,H,C,7081,100,7081,1,0
A,D,D,9223,100,9223,1,0
B,D,D,12545,100,12545,1,0
C,D,D,6596,100,6596,1,0
D,E,D,9350,100,9350,1,0
D,F,D,12876,100,12876,1,0
D,G,D,6805,100,6805,1,0
D,H,D,1419,100,1419,1,0
A,E,E,1350,100,1350,1,0
B,E,E,7044,100,7044,1,0
C,E,E,7537,100,7537,1,0
D,E,E,9363,100,9363,1,0
E,F,E,7040,100,7040,1,0
E,G,E,7313,100,7313,1,0
E,H,E,9680,100,9680,1,0
A,F,F,7412,100,7412,1,0
B,F,F,1444,100,1444,1,0
C,F,F,7141,100,7141,1,0
D,F,F,12848,100,12848,1,0
E,F,F,7021,100,7021,1,0
F,G,F,6859,100,6859,1,0
F,H,F,13243,100,13243,1,0
A,G,G,7526,100,7526,1,0
B,G,G,6777,100,6777,1,0
C,G,G,1304,100,1304,1,0
D,G,G,6773,100,6773,1,0
E,G,G,7280,100,7280,1,0
F,G,G,6891,100,6891,1,0
G,H,G,7048,100,7048,1,0
A,H,H,9642,100,9642,1,0
B,H,H,13038,100,13038,1,0
C,H,H,7081,100,7081,1,0
D,H,H,1445,100,1445,1,0
E,H,H,9638,100,9638,1,0
F,H,H,13201,100,13201,1,0
G,H,H,7046,100,7046,1,0
A,B,A,7136,100,7136,1,0
A,C,A,7569,100,7569,1,0
A,D,A,9204,100,9204,1,0
A,E,A,1359,100,1359,1,0
A,F,A,7353,100,7353,1,0
A,G,A,7585,100,7585,1,0
A,H,A,9654,100,9654,1,0
A,B,B,7176,100,7176,1,0
B,C,B,6718,100,6718,1,0
B,D,B,12531,100,12531,1,0
B,E,B,7044,100,7044,1,0
B,F,B,1401,100,1401,1,0
B,G,B,6775,100,6775,1,0
B,H,B,13059,100,13059,1,0
A,C,C,7564,100,7564,1,0
B,C,C,6708,100,6708,1,0
C,D,C,6624,100,6624,1,0
C,E,C,7512,100,7512,1,0
C,F,C,7134,100,7134,1,0
C,G,C,1356,100,1356,1,0
C,H,C,7098,100,7098,1,0
A,D,D,9194,100,9194,1,0
B,D,D,12525,100,12525,1,0
C,D,D,6632,100,6632,1,0
D,E,D,9386,100,9386,1,0
D,F,D,12892,100,12892,1,0
D,G,D,6787,100,6787,1,0
D,H,D,1469,100,1469,1,0
A,E,E,1391,100,1391,1,0
B,E,E,7049,100,7049,1,0
C,E,E,7547,100,7547,1,0
D,E,E,9355,100,9355,1,0
E,F,E,7011,100,7011,1,0
E,G,E,7301,100,7301,1,0
E,H,E,9623,100,9623,1,0
A,F,F,7353,100,7353,1,0
B,F,F,1434,100,1434,1,0
C,F,F,7103,100,7103,1,0
D,F,F,12888,100,12888,1,0
E,F,F,7010,100,7010,1,0
F,G,F,6886,100,6886,1,0
F,H,F,13207,100,13207,1,0
A,G,G,7602,100,7602,1,0
B,G,G,6841,100,6841,1,0
C,G,G,1338,100,1338,1,0
D,G,G,6819,100,6819,1,0
E,G,G,7308,100,7308,1,0
F,G,G,6887,100,6887,1,0
G,H,G,7037,100,7037,1,0
A,H,H,9726,100,9726,1,0
B,H,H,13098,100,13098,1,0
C,H,H,7086,100,7086,1,0
D,H,H,1444,100,1444,1,0
E,H,H,9672,100,9672,1,0
F,H,H,13267,100,13267,1,0
G,H,H,7041,100,7041,1,0
A,B,A,7147,100,7147,1,0
A,C,A,7547,100,7547,1,0
A,D,A,9180,100,9180,1,0
A,E,A,1369,100,1369,1,0
A,F,A,7351,100,7351,1,0
A,G,A,7611,100,7611,1,0
A,H,A,9686,100,9686,1,0
A,B,B,7190,100,7190,1,0
B,C,B,6744,100,6744,1,0
B,D,B,12543,100,12543,1,0
B,E,B,7051,100,7051,1,0
B,F,B,1436,100,1436,1,0
B,G,B,6774,100,6774,1,0
B,H,B,13048,100,13048,1,0
A,C,C,7599,100,7599,1,0
B,C,C,6701,100,6701,1,0
C,D,C,6579,100,6579,1,0
C,E,C,7517,100,7517,1,0
C,F,C,7111,100,7111,1,0
C,G,C,1326,100,1326,1,0
C,H,C,7119,100,7119,1,0
A,D,D,9202,100,9202,1,0
B,D,D,12560,100,12560,1,0
C,D,D,6602,100,6602,1,0
D,E,D,9395,100,9395,1,0
D,F,D,12914,100,12914,1,0
D,G,D,6804,100,6804,1,0
D,H,D,1431,100,1431,1,0
A,E,E,1415,100,1415,1,0
B,E,E,7036,100,7036,1,0
C,E,E,7516,100,7516,1,0
D,E,E,9370,100,9370,1,0
E,F,E,7020,100,7020,1,0
E,G,E,7297,100,7297,1,0
E,H,E,9656,100,9656,1,0
A,F,F,7357,100,7357,1,0
B,F,F,1403,100,1403,1,0
C,F,F,7123,100,7123,1,0
D,F,F,12869,100,12869,1,0
E,F,F,7012,100,7012,1,0
F,G,F,6888,100,6888,1,0
F,H,F,13217,100,13217,1,0
A,G,G,7596,100,7596,1,0
B,G,G,6769,100,6769,1,0
C,G,G,1344,100,1344,1,0
D,G,G,6844,100,6844,1,0
E,G,G,7316,100,7316,1,0
F,G,G,6872,100,6872,1,0
G,H,G,7037,100,7037,1,0
A,H,H,9646,100,9646,1,0
B,H,H,13044,100,13044,1,0
C,H,H,7103,100,7103,1,0
D,H,H,1434,100,1434,1,0
E,H,H,9647,100,9647,1,0
F,H,H,13243,100,13243,1,0
G,H,H,7069,100,7069,1,0
A,B,A,7145,100,7145,1,0
A,C,A,7563,100,7563,1,0
A,D,A,9193,100,9193,1,0
A,E,A,1436,100,1436,1,0
A,F,A,7376,100,7376,1,0
A,G,A,7568,100,7568,1,0
A,H,A,9724,100,9724,1,0
A,B,B,7173,100,7173,1,0
B,C,B,6752,100,6752,1,0
B,D,B,12547,100,12547,1,0
B,E,B,7013,100,7013,1,0
B,F,B,1435,100,1435,1,0
B,G,B,6770,100,6770,1,0
B,H,B,13031,100,13031,1,0
A,C,C,7623,100,7623,1,0
B,C,C,6720,100,6720,1,0
C,D,C,6637,100,6637,1,0
C,E,C,7537,100,7537,1,0
C,F,C,7119,100,7119,1,0
C,G,C,1346,100,1346,1,0
C,H,C,7117,100,7117,1,0
A,D,D,9198,100,9198,1,0
B,D,D,12536,100,12536,1,0
C,D,D,6582,100,6582,1,0
D,E,D,9343,100,9343,1,0
D,F,D,12853,100,12853,1,0
D,G,D,6808,100,6808,1,0
D,H,D,1439,100,1439,1,0
A,E,E,1348,100,1348,1,0
B,E,E,7061,100,7061,1,0
C,E,E,7554,100,7554,1,0
D,E,E,9319,100,9319,1,0
E,F,E,7030,100,7030,1,0
E,G,E,7286,100,7286,1,0
E,H,E,9633,100,9633,1,0
A,F,F,7406,100,7406,1,0
B,F,F,1431,100,1431,1,0
C,F,F,7109,100,7109,1,0
D,F,F,12885,100,12885,1,0
E,F,F,7002,100,7002,1,0
F,G,F,6883,100,6883,1,0
F,H,F,13269,100,13269,1,0
A,G,G,7570,100,7570,1,0
B,G,G,6771,100,6771,1,0
C,G,G,1362,100,1362,1,0
D,G,G,6835,100,6835,1,0
E,G,G,7305,100,7305,1,0
F,G,G,6873,100,6873,1,0
G,H,G,7047,100,7047,1,0
A,H,H,9679,100,9679,1,0
B,H,H,13021,100,13021,1,0
C,H,H,7092,100,7092,1,0
D,H,H,1426,100,1426,1,0
E,H,H,9701,100,9701,1,0
F,H,H,13225,100,13225,1,0
G,H,H,7044,100,7044,1,0
A,B,A,7169,100,7169,1,0
A,C,A,7577,100,7577,1,0
A,D,A,9199,100,9199,1,0
A,E,A,1359,100,1359,1,0
A,F,A,7355,100,7355,1,0
A,G,A,7599,100,7599,1,0
A,H,A,9729,100,9729,1,0
A,B,B,7132,100,7132,1,0
B,C,B,6744,100,6744,1,0
B,D,B,12505,100,12505,1,0
B,E,B,7061,100,7061,1,0
B,F,B,1410,100,1410,1,0
B,G,B,6716,100,6716,1,0
B,H,B,13069,100,13069,1,0
A,C,C,7599,100,7599,1,0
B,C,C,6727,100,6727,1,0
C,D,C,6563,100,6563,1,0
C,E,C,7494,100,7494,1,0
C,F,C,7093,100,7093,1,0
C,G,C,1407,100,1407,1,0
C,H,C,7172,100,7172,1,0
A,D,D,9195,100,9195,1,0
B,D,D,12540,100,12540,1,0
C,D,D,6620,100,6620,1,0
D,E,D,9363,100,9363,1,0
D,F,D,12869,100,12869,1,0
D,G,D,6824,100,6824,1,0
D,H,D,1415,100,1415,1,0
A,E,E,1398,100,1398,1,0
B,E,E,7075,100,7075,1,0
C,E,E,7518,100,7518,1,0
D,E,E,9290,100,9290,1,0
E,F,E,6986,100,6986,1,0
E,G,E,7335,100,7335,1,0
E,H,E,9665,100,9665,1,0
A,F,F,7376,100,7376,1,0
B,F,F,1432,100,1432,1,0
C,F,F,7116,100,7116,1,0
D,F,F,12838,100,12838,1,0
E,F,F,7005,100,7005,1,0
F,G,F,6853,100,6853,1,0
F,H,F,13287,100,13287,1,0
A,G,G,7593,100,7593,1,0
B,G,G,6758,100,6758,1,0
C,G,G,1337,100,1337,1,0
D,G,G,6803,100,6803,1,0
E,G,G,7312,100,7312,1,0
F,G,G,6855,100,6855,1,0
G,H,G,7071,100,7071,1,0
A,H,H,9700,100,9700,1,0
B,H,H,13051,100,13051,1,0
C,H,H,7121,100,7121,1,0
D,H,H,1508,100,1508,1,0
E,H,H,9686,100,9686,1,0
F,H,H,13270,100,13270,1,0
G,H,H,7053,100,7053,1,0
A,B,A,7154,100,7154,1,0
A,C,A,7562,100,7562,1,0
A,D,A,9189,100,9189,1,0
A,E,A,1342,100,1342,1,0
A,F,A,7380,100,7380,1,0
A,G,A,7615,100,7615,1,0
A,H,A,9674,100,9674,1,0
A,B,B,7151,100,7151,1,0
B,C,B,6703,100,6703,1,0
B,D,B,12508,100,12508,1,0
B,E,B,7052,100,7052,1,0
B,F,B,1427,100,1427,1,0
B,G,B,6738,100,6738,1,0
B,H,B,13016,100,13016,1,0
A,C,C,7599,100,7599,1,0
B,C,C,6712,100,6712,1,0
C,D,C,6658,100,6658,1,0
C,E,C,7545,100,7545,1,0
C,F,C,7098,100,7098,1,0
C,G,C,1384,100,1384,1,0
C,H,C,7125,100,7125,1,0
A,D,D,9199,100,9199,1,0
B,D,D,12504,100,12504,1,0
C,D,D,6622,100,6622,1,0
D,E,D,9343,100,9343,1,0
D,F,D,12864,100,12864,1,0
D,G,D,6788,100,6788,1,0
D,H,D,1490,100,1490,1,0
A,E,E,1365,100,1365,1,0
B,E,E,7070,100,7070,1,0
C,E,E,7530,100,7530,1,0
D,E,E,9328,100,9328,1,0
E,F,E,6996,100,6996,1,0
E,G,E,7330,100,7330,1,0
E,H,E,9636,100,9636,1,0
A,F,F,7370,100,7370,1,0
B,F,F,1483,100,1483,1,0
C,F,F,7095,100,7095,1,0
D,F,F,12833,100,12833,1,0
E,F,F,6992,100,6992,1,0
F,G,F,6904,100,6904,1,0
F,H,F,13218,100,13218,1,0
A,G,G,7547,100,7547,1,0
B,G,G,6751,100,6751,1,0
C,G,G,1354,100,1354,1,0
D,G,G,6824,100,6824,1,0
E,G,G,7332,100,7332,1,0
F,G,G,6872,100,6872,1,0
G,H,G,7069,100,7069,1,0
A,H,H,9655,100,9655,1,0
B,H,H,13076,100,13076,1,0
C,H,H,7126,100,7126,1,0
D,H,H,1424,100,1424,1,0
E,H,H,9636,100,9636,1,0
F,H,H,13224,100,13224,1,0
G,H,H,7076,100,7076,1,0
A,B,A,7188,100,7188,1,0
A,C,A,7552,100,7552,1,0
A,D,A,9203,100,9203,1,0
A,E,A,1352,100,1352,1,0
A,F,A,7356,100,7356,1,0
A,G,A,7627,100,7627,1,0
A,H,A,9671,100,9671,1,0
A,B,B,7168,100,7168,1,0
B,C,B,6721,100,6721,1,0
B,D,B,12549,100,12549,1,0
B,E,B,7046,100,7046,1,0
B,F,B,1382,100,1382,1,0
B,G,B,6733,100,6733,1,0
B,H,B,12996,100,12996,1,0
A,C,C,7591,100,7591,1,0
B,C,C,6744,100,6744,1,0
C,D,C,6583,100,6583,1,0
C,E,C,7550,100,7550,1,0
C,F,C,7124,100,7124,1,0
C,G,C,1344,100,1344,1,0
C,H,C,7104,100,7104,1,0
A,D,D,9198,100,9198,1,0
B,D,D,12520,100,12520,1,0
C,D,D,6641,100,6641,1,0
D,E,D,9385,100,9385,1,0
D,F,D,12848,100,12848,1,0
D,G,D,6821,100,6821,1,0
D,H,D,1457,100,1457,1,0
A,E,E,1402,100,1402,1,0
B,E,E,7108,100,7108,1,0
C,E,E,7540,100,7540,1,0
D,E,E,9396,100,9396,1,0
E,F,E,7027,100,7027,1,0
E,G,E,7310,100,7310,1,0
E,H,E,9649,100,9649,1,0
A,F,F,7372,100,7372,1,0
B,F,F,1453,100,1453,1,0
C,F,F,7133,100,7133,1,0
D,F,F,12885,100,12885,1,0
E,F,F,7039,100,7039,1,0
F,G,F,6889,100,6889,1,0
F,H,F,13266,100,13266,1,0
A,G,G,7599,100,7599,1,0
B,G,G,6747,100,6747,1,0
C,G,G,1381,100,1381,1,0
D,G,G,6795,100,6795,1,0
E,G,G,7332,100,7332,1,0
F,G,G,6897,100,6897,1,0
G,H,G,7063,100,7063,1,0
A,H,H,9720,100,9720,1,0
B,H,H,13048,100,13048,1,0
C,H,H,7097,100,7097,1,0
D,H,H,1421,100,1421,1,0
E,H,H,9604,100,9604,1,0
F,H,H,13216,100,13216,1,0
G,H,H,7056,100,7056,1,0
A,B,A,7138,100,7138,1,0
A,C,A,7630,100,7630,1,0
A,D,A,9194,100,9194,1,0
A,E,A,1395,100,1395,1,0
A,F,A,7387,100,7387,1,0
A,G,A,7523,100,7523,1,0
A,H,A,9745,100,9745,1,0
A,B,B,7144,100,7144,1,0
B,C,B,6711,100,6711,1,0
B,D,B,12520,100,12520,1,0
B,E,B,7058,100,7058,1,0
B,F,B,1415,100,1415,1,0
B,G,B,6749,100,6749,1,0
B,H,B,13061,100,13061,1,0
A,C,C,7552,100,7552,1,0
B,C,C,6709,100,6709,1,0
C,D,C,6608,100,6608,1,0
C,E,C,7552,100,7552,1,0
C,F,C,7134,100,7134,1,0
C,G,C,1365,100,1365,1,0
C,H,C,7133,100,7133,1,0
A,D,D,9205,100,9205,1,0
B,D,D,12522,100,12522,1,0
C,D,D,6618,100,6618,1,0
D,E,D,9344,100,9344,1,0
D,F,D,12840,100,12840,1,0
D,G,D,6773,100,6773,1,0
D,H,D,1462,100,1462,1,0
A,E,E,1354,100,1354,1,0
B,E,E,7020,100,7020,1,0
C,E,E,7561,100,7561,1,0
D,E,E,9326,100,9326,1,0
E,F,E,7031,100,7031,1,0
E,G,E,7299,100,7299,1,0
E,H,E,9648,100,9648,1,0
A,F,F,7363,100,7363,1,0
B,F,F,1414,100,1414,1,0
C,F,F,7108,100,7108,1,0
D,F,F,12884,100,12884,1,0
E,F,F,6995,100,6995,1,0
F,G,F,6861,100,6861,1,0
F,H,F,13264,100,13264,1,0
A,G,G,7588,100,7588,1,0
B,G,G,6733,100,6733,1,0
C,G,G,1355,100,1355,1,0
D,G,G,6806,100,6806,1,0
E,G,G,7294,100,7294,1,0
F,G,G,6859,100,6859,1,0
G,H,G,7040,100,7040,1,0
A,H,H,9681,100,9681,1,0
B,H,H,13015,100,13015,1,0
C,H,H,7105,100,7105,1,0
D,H,H,1473,100,1473,1,0
E,H,H,9647,100,9647,1,0
F,H,H,13234,100,13234,1,0
G,H,H,7059,100,7059,1,0
A,B,A,7180,100,7180,1,0
A,C,A,7605,100,7605,1,0
A,D,A,9172,100,9172,1,0
A,E,A,1390,100,1390,1,0
A,F,A,7383,100,7383,1,0
A,G,A,7585,100,7585,1,0
A,H,A,9664,100,9664,1,0
A,B,B,7214,100,7214,1,0
B,C,B,6729,100,6729,1,0
B,D,B,12515,100,12515,1,0
B,E,B,7067,100,7067,1,0
B,F,B,1438,100,1438,1,0
B,G,B,6758,100,6758,1,0
B,H,B,13062,100,13062,1,0
A,C,C,7561,100,7561,1,0
B,C,C,6712,100,6712,1,0
C,D,C,6583,100,6583,1,0
C,E,C,7546,100,7546,1,0
C,F,C,7142,100,7142,1,0
C,G,C,1382,100,1382,1,0
C,H,C,7109,100,7109,1,0
A,D,D,9227,100,9227,1,0
B,D,D,12525,100,12525,1,0
C,D,D,6594,100,6594,1,0
D,E,D,9421,100,9421,1,0
D,F,D,12899,100,12899,1,0
D,G,D,6786,100,6786,1,0
D,H,D,1448,100,1448,1,0
A,E,E,1369,100,1369,1,0
B,E,E,6973,100,6973,1,0
C,E,E,7491,100,7491,1,0
D,E,E,9352,100,9352,1,0
E,F,E,7012,100,7012,1,0
E,G,E,7329,100,7329,1,0
E,H,E,9684,100,9684,1,0
A,F,F,7350,100,7350,1,0
B,F,F,1445,100,1445,1,0
C,F,F,7119,100,7119,1,0
D,F,F,12899,100,12899,1,0
E,F,F,7014,100,7014,1,0
F,G,F,6881,100,6881,1,0
F,H,F,13241,100,13241,1,0
A,G,G,7619,100,7619,1,0
B,G,G,6734,100,6734,1,0
C,G,G,1366,100,1366,1,0
D,G,G,6806,100,6806,1,0
E,G,G,7335,100,7335,1,0
F,G,G,6903,100,6903,1,0
G,H,G,7046,100,7046,1,0
A,H,H,9691,100,9691,1,0
B,H,H,13067,100,13067,1,0
C,H,H,7132,100,7132,1,0
D,H,H,1505,100,1505,1,0
E,H,H,9710,100,9710,1,0
F,H,H,13235,100,13235,1,0
G,H,H,7060,100,7060,1,0
A,B,A,7137,100,7137,1,0
A,C,A,7629,100,7629,1,0
A,D,A,9206,100,9206,1,0
A,E,A,1365,100,1365,1,0
A,F,A,7392,100,7392,1,0
A,G,A,7571,100,7571,1,0
A,H,A,9689,100,9689,1,0
A,B,B,7158,100,7158,1,0
B,C,B,6723,100,6723,1,0
B,D,B,12533,100,12533,1,0
B,E,B,7027,100,7027,1,0
B,F,B,1437,100,1437,1,0
B,G,B,6748,100,6748,1,0
B,H,B,13088,100,13088,1,0
A,C,C,7552,100,7552,1,0
B,C,C,6735,100,6735,1,0
C,D,C,6584,100,6584,1,0
C,E,C,7521,100,7521,1,0
C,F,C,7128,100,7128,1,0
C,G,C,1324,100,1324,1,0
C,H,C,7106,100,7106,1,0
A,D,D,9203,100,9203,1,0
B,D,D,12490,100,12490,1,0
C,D,D,6622,100,6622,1,0
D,E,D,9323,100,9323,1,0
D,F,D,12857,100,12857,1,0
D,G,D,6817,100,6817,1,0
D,H,D,1423,100,1423,1,0
A,E,E,1375,100,1375,1,0
B,E,E,7046,100,7046,1,0
C,E,E,7576,100,7576,1,0
D,E,E,9387,100,9387,1,0
E,F,E,7003,100,7003,1,0
E,G,E,7316,100,7316,1,0
E,H,E,9680,100,9680,1,0
A,F,F,7412,100,7412,1,0
B,F,F,1433,100,1433,1,0
C,F,F,7153,100,7153,1,0
D,F,F,12869,100,12869,1,0
E,F,F,7035,100,7035,1,0
F,G,F,6882,100,6882,1,0
F,H,F,13218,100,13218,1,0
A,G,G,7547,100,7547,1,0
B,G,G,6764,100,6764,1,0
C,G,G,1355,100,1355,1,0
D,G,G,6833,100,6833,1,0
E,G,G,7286,100,7286,1,0
F,G,G,6907,100,6907,1,0
G,H,G,7056,100,7056,1,0
A,H,H,9702,100,9702,1,0
B,H,H,13051,100,13051,1,0
C,H,H,7127,100,7127,1,0
D,H,H,1471,100,1471,1,0
E,H,H,9684,100,9684,1,0
F,H,H,13209,100,13209,1,0
G,H,H,7028,100,7028,1,0
A,B,A,7146,100,7146,1,0
A,C,A,7564,100,7564,1,0
A,D,A,9198,100,9198,1,0
A,E,A,1336,100,1336,1,0
A,F,A,7322,100,7322,1,0
A,G,A,7583,100,7583,1,0
A,H,A,9678,100,9678,1,0
A,B,B,7153,100,7153,1,0
B,C,B,6713,100,6713,1,0
B,D,B,12515,100,12515,1,0
B,E,B,7050,100,7050,1,0
B,F,B,1442,100,1442,1,0
B,G,B,6762,100,6762,1,0
B,H,B,13062,100,13062,1,0
A,C,C,7628,100,7628,1,0
B,C,C,6713,100,6713,1,0
C,D,C,6595,100,6595,1,0
C,E,C,7591,100,7591,1,0
C,F,C,7127,100,7127,1,0
C,G,C,1293,100,1293,1,0
C,H,C,7182,100,7182,1,0
A,D,D,9207,100,9207,1,0
B,D,D,12570,100,12570,1,0
C,D,D,6578,100,6578,1,0
D,E,D,9383,100,9383,1,0
D,F,D,12869,100,12869,1,0
D,G,D,6801,100,6801,1,0
D,H,D,1414,100,1414,1,0
A,E,E,1412,100,1412,1,0
B,E,E,7098,100,7098,1,0
C,E,E,7531,100,7531,1,0
D,E,E,9347,100,9347,1,0
E,F,E,7008,100,7008,1,0
E,G,E,7323,100,7323,1,0
E,H,E,9640,100,9640,1,0
A,F,F,7390,100,7390,1,0
B,F,F,1396,100,1396,1,0
C,F,F,7138,100,7138,1,0
D,F,F,12860,100,12860,1,0
E,F,F,6990,100,6990,1,0
F,G,F,6867,100,6867,1,0
F,H,F,13190,100,13190,1,0
A,G,G,7604,100,7604,1,0
B,G,G,6823,100,6823,1,0
C,G,G,1351,100,1351,1,0
D,G,G,6788,100,6788,1,0
E,G,G,7330,100,7330,1,0
F,G,G,6883,100,6883,1,0
G,H,G,7073,100,7073,1,0
A,H,H,9697,100,9697,1,0
B,H,H,13056,100,13056,1,0
C,H,H,7146,100,7146,1,0
D,H,H,1473,100,1473,1,0
E,H,H,9712,100,9712,1,0
F,H,H,13241,100,13241,1,0
G,H,H,7025,100,7025,1,0
A,B,A,7135,100,7135,1,0
A,C,A,7552,100,7552,1,0
A,D,A,9221,100,9221,1,0
A,E,A,1348,100,1348,1,0
A,F,A,7413,100,7413,1,0
A,G,A,7606,100,7606,1,0
A,H,A,9699,100,9699,1,0
A,B,B,7171,100,7171,1,0
B,C,B,6698,100,6698,1,0
B,D,B,12508,100,12508,1,0
B,E,B,7030,100,7030,1,0
B,F,B,1421,100,1421,1,0
B,G,B,6741,100,6741,1,0
B,H,B,13054,100,13054,1,0
A,C,C,7553,100,7553,1,0
B,C,C,6738,100,6738,1,0
C,D,C,6592,100,6592,1,0
C,E,C,7547,100,7547,1,0
C,F,C,7099,100,7099,1,0
C,G,C,1344,100,1344,1,0
C,H,C,7111,100,7111,1,0
A,D,D,9208,100,9208,1,0
B,D,D,12530,100,12530,1,0
C,D,D,6664,100,6664,1,0
D,E,D,9351,100,9351,1,0
D,F,D,12872,100,12872,1,0
D,G,D,6779,100,6779,1,0
D,H,D,1435,100,1435,1,0
A,E,E,1397,100,1397,1,0
B,E,E,7023,100,7023,1,0
C,E,E,7549,100,7549,1,0
D,E,E,9387,100,9387,1,0
E,F,E,7011,100,7011,1,0
E,G,E,7305,100,7305,1,0
E,H,E,9730,100,9730,1,0
A,F,F,7408,100,7408,1,0
B,F,F,1447,100,1447,1,0
C,F,F,7149,100,7149,1,0
D,F,F,12903,100,12903,1,0
E,F,F,6977,100,6977,1,0
F,G,F,6918,100,6918,1,0
F,H,F,13228,100,13228,1,0
A,G,G,7583,100,7583,1,0
B,G,G,6745,100,6745,1,0
C,G,G,1382,100,1382,1,0
D,G,G,6837,100,6837,1,0
E,G,G,7314,100,7314,1,0
F,G,G,6895,100,6895,1,0
G,H,G,7077,100,7077,1,0
A,H,H,9743,100,9743,1,0
B,H,H,13043,100,13043,1,0
C,H,H,7119,100,7119,1,0
D,H,H,1456,100,1456,1,0
E,H,H,9687,100,9687,1,0
F,H,H,13231,100,13231,1,0
G,H,H,7049,100,7049,1,0
A,B,A,7157,100,7157,1,0
A,C,A,7572,100,7572,1,0
A,D,A,9209,100,9209,1,0
A,E,A,1374,100,1374,1,0
A,F,A,7413,100,7413,1,0
A,G,A,7612,100,7612,1,0
A,H,A,9699,100,9699,1,0
A,B,B,7138,100,7138,1,0
B,C,B,6714,100,6714,1,0
B,D,B,12575,100,12575,1,0
B,E,B,7048,100,7048,1,0
B,F,B,1428,100,1428,1,0
B,G,B,6768,100,6768,1,0
B,H,B,13060,100,13060,1,0
A,C,C,7545,100,7545,1,0
B,C,C,6724,100,6724,1,0
C,D,C,6564,100,6564,1,0
C,E,C,7550,100,7550,1,0
C,F,C,7107,100,7107,1,0
C,G,C,1335,100,1335,1,0
C,H,C,7134,100,7134,1,0
A,D,D,9196,100,9196,1,0
B,D,D,12544,100,12544,1,0
C,D,D,6620,100,6620,1,0
D,E,D,9384,100,9384,1,0
D,F,D,12892,100,12892,1,0
D,G,D,6812,100,6812,1,0
D,H,D,1431,100,1431,1,0
A,E,E,1424,100,1424,1,0
B,E,E,7013,100,7013,1,0
C,E,E,7569,100,7569,1,0
D,E,E,9333,100,9333,1,0
E,F,E,7014,100,7014,1,0
E,G,E,7305,100,7305,1,0
E,H,E,9650,100,9650,1,0
A,F,F,7363,100,7363,1,0
B,F,F,1414,100,1414,1,0
C,F,F,7109,100,7109,1,0
D,F,F,12847,100,12847,1,0
E,F,F,7003,100,7003,1,0
F,G,F,6872,100,6872,1,0
F,H,F,13219,100,13219,1,0
A,G,G,7572,100,7572,1,0
B,G,G,6720,100,6720,1,0
C,G,G,1348,100,1348,1,0
D,G,G,6797,100,6797,1,0
E,G,G,7289,100,7289,1,0
F,G,G,6874,100,6874,1,0
G,H,G,7080,100,7080,1,0
A,H,H,9748,100,9748,1,0
B,H,H,13002,100,13002,1,0
C,H,H,7140,100,7140,1,0
D,H,H,1445,100,1445,1,0
E,H,H,9649,100,9649,1,0
F,H,H,13228,100,13228,1,0
G,H,H,7024,100,7024,1,0
A,B,A,7148,100,7148,1,0
A,C,A,7576,100,7576,1,0
A,D,A,9212,100,9212,1,0
A,E,A,1429,100,1429,1,0
A,F,A,7409,100,7409,1,0
A,G,A,7580,100,7580,1,0
A,H,A,9718,100,9718,1,0
A,B,B,7170,100,7170,1,0
B,C,B,6707,100,6707,1,0
B,D,B,12517,100,12517,1,0
B,E,B,7081,100,7081,1,0
B,F,B,1392,100,1392,1,0
B,G,B,6764,100,6764,1,0
B,H,B,12990,100,12990,1,0
A,C,C,7590,100,7590,1,0
B,C,C,6727,100,6727,1,0
C,D,C,6579,100,6579,1,0
C,E,C,7527,100,7527,1,0
C,F,C,7106,100,7106,1,0
C,G,C,1363,100,1363,1,0
C,H,C,7121,100,7121,1,0
A,D,D,9202,100,9202,1,0
B,D,D,12553,100,12553,1,0
C,D,D,6620,100,6620,1,0
D,E,D,9330,100,9330,1,0
D,F,D,12898,100,12898,1,0
D,G,D,6823,100,6823,1,0
D,H,D,1491,100,1491,1,0
A,E,E,1341,100,1341,1,0
B,E,E,7095,100,7095,1,0
C,E,E,7561,100,7561,1,0
D,E,E,9384,100,9384,1,0
E,F,E,7015,100,7015,1,0
E,G,E,7343,100,7343,1,0
E,H,E,9647,100,9647,1,0
A,F,F,7381,100,7381,1,0
B,F,F,1430,100,1430,1,0
C,F,F,7114,100,7114,1,0
D,F,F,12867,100,12867,1,0
E,F,F,6998,100,6998,1,0
F,G,F,6863,100,6863,1,0
F,H,F,13255,100,13255,1,0
A,G,G,7588,100,7588,1,0
B,G,G,6734,100,6734,1,0
C,G,G,1360,100,1360,1,0
D,G,G,6806,100,6806,1,0
E,G,G,7294,100,7294,1,0
F,G,G,6902,100,6902,1,0
G,H,G,7036,100,7036,1,0
A,H,H,9702,100,9702,1,0
B,H,H,13036,100,13036,1,0
C,H,H,7131,100,7131,1,0
D,H,H,1395,100,1395,1,0
E,H,H,9660,100,9660,1,0
F,H,H,13221,100,13221,1,0
G,H,H,7021,100,7021,1,0
A,B,A,7150,100,7150,1,0
A,C,A,7549,100,7549,1,0
A,D,A,9204,100,9204,1,0
A,E,A,1408,100,1408,1,0
A,F,A,7431,100,7431,1,0
A,G,A,7574,100,7574,1,0
A,H,A,9667,100,9667,1,0
A,B,B,7166,100,7166,1,0
B,C,B,6706,100,6706,1,0
B,D,B,12484,100,12484,1,0
B,E,B,7027,100,7027,1,0
B,F,B,1423,100,1423,1,0
B,G,B,6712,100,6712,1,0
B,H,B,13070,100,13070,1,0
A,C,C,7640,100,7640,1,0
B,C,C,6690,100,6690,1,0
C,D,C,6623,100,6623,1,0
C,E,C,7538,100,7538,1,0
C,F,C,7149,100,7149,1,0
C,G,C,1355,100,1355,1,0
C,H,C,7122,100,7122,1,0
A,D,D,9182,100,9182,1,0
B,D,D,12543,100,12543,1,0
C,D,D,6598,100,6598,1,0
D,E,D,9326,100,9326,1,0
D,F,D,12907,100,12907,1,0
D,G,D,6862,100,6862,1,0
D,H,D,1475,100,1475,1,0
A,E,E,1363,100,1363,1,0
B,E,E,7085,100,7085,1,0
C,E,E,7578,100,7578,1,0
D,E,E,9437,100,9437,1,0
E,F,E,6999,100,6999,1,0
E,G,E,7304,100,7304,1,0
E,H,E,9652,100,9652,1,0
A,F,F,7388,100,7388,1,0
B,F,F,1413,100,1413,1,0
C,F,F,7115,100,7115,1,0
D,F,F,12913,100,12913,1,0
E,F,F,7007,100,7007,1,0
F,G,F,6894,100,6894,1,0
F,H,F,13247,100,13247,1,0
A,G,G,7619,100,7619,1,0
B,G,G,6779,100,6779,1,0
C,G,G,1338,100,1338,1,0
D,G,G,6787,100,6787,1,0
E,G,G,7300,100,7300,1,0
F,G,G,6893,100,6893,1,0
G,H,G,7036,100,7036,1,0
A,H,H,9680,100,9680,1,0
B,H,H,13042,100,13042,1,0
C,H,H,7090,100,7090,1,0
D,H,H,1400,100,1400,1,0
E,H,H,9687,100,9687,1,0
F,H,H,13243,100,13243,1,0
G,H,H,7059,100,7059,1,0
A,B,A,7179,100,7179,1,0
A,C,A,7559,100,7559,1,0
A,D,A,9226,100,9226,1,0
A,E,A,1352,100,1352,1,0
A,F,A,7380,100,7380,1,0
A,G,A,7528,100,7528,1,0
A,H,A,9730,100,9730,1,0
A,B,B,7163,100,7163,1,0
B,C,B,6692,100,6692,1,0
B,D,B,12528,100,12528,1,0
B,E,B,7017,100,7017,1,0
B,F,B,1429,100,1429,1,0
B,G,B,6727,100,6727,1,0
B,H,B,13055,100,13055,1,0
A,C,C,7622,100,7622,1,0
B,C,C,6738,100,6738,1,0
C,D,C,6607,100,6607,1,0
C,E,C,7558,100,7558,1,0
C,F,C,7117,100,7117,1,0
C,G,C,1362,100,1362,1,0
C,H,C,7113,100,7113,1,0
A,D,D,9176,100,9176,1,0
B,D,D,12545,100,12545,1,0
C,D,D,6594,100,6594,1,0
D,E,D,9332,100,9332,1,0
D,F,D,12855,100,12855,1,0
D,G,D,6821,100,6821,1,0
D,H,D,1474,100,1474,1,0
A,E,E,1385,100,1385,1,0
B,E,E,7067,100,7067,1,0
C,E,E,7547,100,7547,1,0
D,E,E,9323,100,9323,1,0
E,F,E,6969,100,6969,1,0
E,G,E,7297,100,7297,1,0
E,H,E,9633,100,9633,1,0
A,F,F,7374,100,7374,1,0
B,F,F,1407,100,1407,1,0
C,F,F,7102,100,7102,1,0
D,F,F,12839,100,12839,1,0
E,F,F,6982,100,6982,1,0
F,G,F,6881,100,6881,1,0
F,H,F,13194,100,13194,1,0
A,G,G,7589,100,7589,1,0
B,G,G,6729,100,6729,1,0
C,G,G,1343,100,1343,1,0
D,G,G,6789,100,6789,1,0
E,G,G,7304,100,7304,1,0
F,G,G,6843,100,6843,1,0
G,H,G,7022,100,7022,1,0
A,H,H,9692,100,9692,1,0
B,H,H,13031,100,13031,1,0
C,H,H,7058,100,7058,1,0
D,H,H,1437,100,1437,1,0
E,H,H,9650,100,9650,1,0
F,H,H,13226,100,13226,1,0
G,H,H,7016,100,7016,1,0
A,B,A,7152,100,7152,1,0
A,C,A,7577,100,7577,1,0
A,D,A,9212,100,9212,1,0
A,E,A,1381,100,1381,1,0
A,F,A,7335,100,7335,1,0
A,G,A,7519,100,7519,1,0
A,H,A,9696,100,9696,1,0
A,B,B,7149,100,7149,1,0
B,C,B,6704,100,6704,1,0
B,D,B,12560,100,12560,1,0
B,E,B,7044,100,7044,1,0
B,F,B,1444,100,1444,1,0
B,G,B,6737,100,6737,1,0
B,H,B,12992,100,12992,1,0
A,C,C,7598,100,7598,1,0
B,C,C,6738,100,6738,1,0
C,D,C,6588,100,6588,1,0
C,E,C,7564,100,7564,1,0
C,F,C,7129,100,7129,1,0
C,G,C,1374,100,1374,1,0
C,H,C,7096,100,7096,1,0
A,D,D,9165,100,9165,1,0
B,D,D,12507,100,12507,1,0
C,D,D,6622,100,6622,1,0
D,E,D,9365,100,9365,1,0
D,F,D,12884,100,12884,1,0
D,G,D,6819,100,6819,1,0
D,H,D,1469,100,1469,1,0
A,E,E,1394,100,1394,1,0
B,E,E,7046,100,7046,1,0
C,E,E,7540,100,7540,1,0
D,E,E,9307,100,9307,1,0
E,F,E,6994,100,6994,1,0
E,G,E,7306,100,7306,1,0
E,H,E,9702,100,9702,1,0
A,F,F,7378,100,7378,1,0
B,F,F,1450,100,1450,1,0
C,F,F,7122,100,7122,1,0
D,F,F,12889,100,12889,1,0
E,F,F,7006,100,7006,1,0
F,G,F,6861,100,6861,1,0
F,H,F,13223,100,13223,1,0
A,G,G,7607,100,7607,1,0
B,G,G,6725,100,6725,1,0
C,G,G,1359,100,1359,1,0
D,G,G,6803,100,6803,1,0
E,G,G,7328,100,7328,1,0
F,G,G,6879,100,6879,1,0
G,H,G,7049,100,7049,1,0
A,H,H,9714,100,9714,1,0
B,H,H,13027,100,13027,1,0
C,H,H,7105,100,7105,1,0
D,H,H,1434,100,1434,1,0
E,H,H,9630,100,9630,1,0
F,H,H,13232,100,13232,1,0
G,H,H,7016,100,7016,1,0
A,B,A,7167,100,7167,1,0
A,C,A,7607,100,7607,1,0
A,D,A,9209,100,9209,1,0
A,E,A,1355,100,1355,1,0
A,F,A,7384,100,7384,1,0
A,G,A,7557,100,7557,1,0
A,H,A,9702,100,9702,1,0
A,B,B,7189,100,7189,1,0
B,C,B,6698,100,6698,1,0
B,D,B,12540,100,12540,1,0
B,E,B,7006,100,7006,1,0
B,F,B,1430,100,1430,1,0
B,G,B,6753,100,6753,1,0
B,H,B,13046,100,13046,1,0
A,C,C,7545,100,7545,1,0
B,C,C,6720,100,6720,1,0
C,D,C,6630,100,6630,1,0
C,E,C,7525,100,7525,1,0
C,F,C,7133,100,7133,1,0
C,G,C,1332,100,1332,1,0
C,H,C,7155,100,7155,1,0
A,D,D,9211,100,9211,1,0
B,D,D,12540,100,12540,1,0
C,D,D,6611,100,6611,1,0
D,E,D,9354,100,9354,1,0
D,F,D,12890,100,12890,1,0
D,G,D,6834,100,6834,1,0
D,H,D,1378,100,1378,1,0
A,E,E,1390,100,1390,1,0
B,E,E,7070,100,7070,1,0
C,E,E,7542,100,7542,1,0
D,E,E,9367,100,9367,1,0
E,F,E,6989,100,6989,1,0
E,G,E,7320,100,7320,1,0
E,H,E,9631,100,9631,1,0
A,F,F,7348,100,7348,1,0
B,F,F,1436,100,1436,1,0
C,F,F,7109,100,7109,1,0
D,F,F,12900,100,12900,1,0
E,F,F,7026,100,7026,1,0
F,G,F,6887,100,6887,1,0
F,H,F,13216,100,13216,1,0
A,G,G,7587,100,7587,1,0
B,G,G,6785,100,6785,1,0
C,G,G,1378,100,1378,1,0
D,G,G,6791,100,6791,1,0
E,G,G,7325,100,7325,1,0
F,G,G,6910,100,6910,1,0
G,H,G,7027,100,7027,1,0
A,H,H,9693,100,9693,1,0
B,H,H,13076,100,13076,1,0
C,H,H,7107,100,7107,1,0
D,H,H,1437,100,1437,1,0
E,H,H,9668,100,9668,1,0
F,H,H,13235,100,13235,1,0
G,H,H,7049,100,7049,1,0
A,B,A,7151,100,7151,1,0
A,C,A,7599,100,7599,1,0
A,D,A,9217,100,9217,1,0
A,E,A,1357,100,1357,1,0
A,F,A,7371,100,7371,1,0
A,G,A,7615,100,7615,1,0
A,H,A,9696,100,9696,1,0
A,B,B,7145,100,7145,1,0
B,C,B,6716,100,6716,1,0
B,D,B,12490,100,12490,1,0
B,E,B,7037,100,7037,1,0
B,F,B,1425,100,1425,1,0
B,G,B,6738,100,6738,1,0
B,H,B,13039,100,13039,1,0
A,C,C,7548,100,7548,1,0
B,C,C,6758,100,6758,1,0
C,D,C,6577,100,6577,1,0
C,E,C,7533,100,7533,1,0
C,F,C,7119,100,7119,1,0
C,G,C,1374,100,1374,1,0
C,H,C,7101,100,7101,1,0
A,D,D,9226,100,9226,1,0
B,D,D,12517,100,12517,1,0
C,D,D,6619,100,6619,1,0
D,E,D,9295,100,9295,1,0
D,F,D,12830,100,12830,1,0
D,G,D,6794,100,6794,1,0
D,H,D,1410,100,1410,1,0
A,E,E,1369,100,1369,1,0
B,E,E,7026,100,7026,1,0
C,E,E,7561,100,7561,1,0
D,E,E,9335,100,9335,1,0
E,F,E,6980,100,6980,1,0
E,G,E,7311,100,7311,1,0
E,H,E,9691,100,9691,1,0
A,F,F,7397,100,7397,1,0
B,F,F,1452,100,1452,1,0
C,F,F,7117,100,7117,1,0
D,F,F,12892,100,12892,1,0
E,F,F,6996,100,6996,1,0
F,G,F,6891,100,6891,1,0
F,H,F,13186,100,13186,1,0
A,G,G,7572,100,7572,1,0
B,G,G,6748,100,6748,1,0
C,G,G,1304,100,1304,1,0
D,G,G,6837,100,6837,1,0
E,G,G,7272,100,7272,1,0
F,G,G,6876,100,6876,1,0
G,H,G,6998,100,6998,1,0
A,H,H,9699,100,9699,1,0
B,H,H,13023,100,13023,1,0
C,H,H,7072,100,7072,1,0
D,H,H,1417,100,1417,1,0
E,H,H,9682,100,9682,1,0
F,H,H,13219,100,13219,1,0
G,H,H,7075,100,7075,1,0
A,B,A,7200,100,7200,1,0
A,C,A,7551,100,7551,1,0
A,D,A,9190,100,9190,1,0
A,E,A,1349,100,1349,1,0
A,F,A,7395,100,7395,1,0
A,G,A,7594,100,7594,1,0
A,H,A,9693,100,9693,1,0
A,B,B,7101,100,7101,1,0
B,C,B,6709,100,6709,1,0
B,D,B,12520,100,12520,1,0
B,E,B,6999,100,6999,1,0
B,F,B,1424,100,1424,1,0
B,G,B,6764,100,6764,1,0
B,H,B,13040,100,13040,1,0
A,C,C,7576,100,7576,1,0
B,C,C,6766,100,6766,1,0
C,D,C,6619,100,6619,1,0
C,E,C,7581,100,7581,1,0
C,F,C,7104,100,7104,1,0
C,G,C,1336,100,1336,1,0
C,H,C,7105,100,7105,1,0
A,D,D,9225,100,9225,1,0
B,D,D,12542,100,12542,1,0
C,D,D,6594,100,6594,1,0
D,E,D,9328,100,9328,1,0
D,F,D,12888,100,12888,1,0
D,G,D,6778,100,6778,1,0
D,H,D,1439,100,1439,1,0
A,E,E,1387,100,1387,1,0
B,E,E,7003,100,7003,1,0
C,E,E,7535,100,7535,1,0
D,E,E,9331,100,9331,1,0
E,F,E,6985,100,6985,1,0
E,G,E,7293,100,7293,1,0
E,H,E,9652,100,9652,1,0
A,F,F,7357,100,7357,1,0
B,F,F,1448,100,1448,1,0
C,F,F,7114,100,7114,1,0
D,F,F,12881,100,12881,1,0
E,F,F,6992,100,6992,1,0
F,G,F,6909,100,6909,1,0
F,H,F,13207,100,13207,1,0
A,G,G,7592,100,7592,1,0
B,G,G,6783,100,6783,1,0
C,G,G,1376,100,1376,1,0
D,G,G,6828,100,6828,1,0
E,G,G,7298,100,7298,1,0
F,G,G,6876,100,6876,1,0
G,H,G,7033,100,7033,1,0
A,H,H,9680,100,9680,1,0
B,H,H,13068,100,13068,1,0
C,H,H,7094,100,7094,1,0
D,H,H,1454,100,1454,1,0
E,H,H,9664,100,9664,1,0
F,H,H,13220,100,13220,1,0
G,H,H,7019,100,7019,1,0
A,B,A,7159,100,7159,1,0
A,C,A,7599,100,7599,1,0
A,D,A,9190,100,9190,1,0
A,E,A,1374,100,1374,1,0
A,F,A,7348,100,7348,1,0
A,G,A,7577,100,7577,1,0
A,H,A,9755,100,9755,1,0
A,B,B,7126,100,7126,1,0
B,C,B,6718,100,6718,1,0
B,D,B,12547,100,12547,1,0
B,E,B,7042,100,7042,1,0
B,F,B,1453,100,1453,1,0
B,G,B,6741,100,6741,1,0
B,H,B,13046,100,13046,1,0
A,C,C,7567,100,7567,1,0
B,C,C,6748,100,6748,1,0
C,D,C,6628,100,6628,1,0
C,E,C,7557,100,7557,1,0
C,F,C,7121,100,7121,1,0
C,G,C,1349,100,1349,1,0
C,H,C,7063,100,7063,1,0
A,D,D,9178,100,9178,1,0
B,D,D,12485,100,12485,1,0
C,D,D,6617,100,6617,1,0
D,E,D,9328,100,9328,1,0
D,F,D,12890,100,12890,1,0
D,G,D,6782,100,6782,1,0
D,H,D,1407,100,1407,1,0
A,E,E,1340,100,1340,1,0
B,E,E,7029,100,7029,1,0
C,E,E,7542,100,7542,1,0
D,E,E,9275,100,9275,1,0
E,F,E,6997,100,6997,1,0
E,G,E,7315,100,7315,1,0
E,H,E,9660,100,9660,1,0
A,F,F,7385,100,7385,1,0
B,F,F,1414,100,1414,1,0
C,F,F,7116,100,7116,1,0
D,F,F,12870,100,12870,1,0
E,F,F,7069,100,7069,1,0
F,G,F,6868,100,6868,1,0
F,H,F,13235,100,13235,1,0
A,G,G,7625,100,7625,1,0
B,G,G,6755,100,6755,1,0
C,G,G,1367,100,1367,1,0
D,G,G,6810,100,6810,1,0
E,G,G,7301,100,7301,1,0
F,G,G,6864,100,6864,1,0
G,H,G,7064,100,7064,1,0
A,H,H,9708,100,9708,1,0
B,H,H,13030,100,13030,1,0
C,H,H,7127,100,7127,1,0
D,H,H,1437,100,1437,1,0
E,H,H,9691,100,9691,1,0
F,H,H,13211,100,13211,1,0
G,H,H,7069,100,7069,1,0
A,B,A,7109,100,7109,1,0
A,C,A,7562,100,7562,1,0
A,D,A,9176,100,9176,1,0
A,E,A,1343,100,1343,1,0
A,F,A,7377,100,7377,1,0
A,G,A,7537,100,7537,1,0
A,H,A,9689,100,9689,1,0
A,B,B,7142,100,7142,1,0
B,C,B,6693,100,6693,1,0
B,D,B,12572,100,12572,1,0
B,E,B,7048,100,7048,1,0
B,F,B,1425,100,1425,1,0
B,G,B,6769,100,6769,1,0
B,H,B,13068,100,13068,1,0
A,C,C,7561,100,7561,1,0
B,C,C,6705,100,6705,1,0
C,D,C,6621,100,6621,1,0
C,E,C,7554,100,7554,1,0
C,F,C,7106,100,7106,1,0
C,G,C,1360,100,1360,1,0
C,H,C,7102,100,7102,1,0
A,D,D,9212,100,9212,1,0
B,D,D,12537,100,12537,1,0
C,D,D,6605,100,6605,1,0
D,E,D,9431,100,9431,1,0
D,F,D,12894,100,12894,1,0
D,G,D,6814,100,6814,1,0
D,H,D,1480,100,1480,1,0
A,E,E,1361,100,1361,1,0
B,E,E,7014,100,7014,1,0
C,E,E,7553,100,7553,1,0
D,E,E,9290,100,9290,1,0
E,F,E,7046,100,7046,1,0
E,G,E,7303,100,7303,1,0
E,H,E,9691,100,9691,1,0
A,F,F,7436,100,7436,1,0
B,F,F,1411,100,1411,1,0
C,F,F,7121,100,7121,1,0
D,F,F,12874,100,12874,1,0
E,F,F,7034,100,7034,1,0
F,G,F,6900,100,6900,1,0
F,H,F,13240,100,13240,1,0
A,G,G,7596,100,7596,1,0
B,G,G,6743,100,6743,1,0
C,G,G,1378,100,1378,1,0
D,G,G,6787,100,6787,1,0
E,G,G,7321,100,7321,1,0
F,G,G,6884,100,6884,1,0
G,H,G,7053,100,7053,1,0
A,H,H,9720,100,9720,1,0
B,H,H,13076,100,13076,1,0
C,H,H,7101,100,7101,1,0
D,H,H,1471,100,1471,1,0
E,H,H,9673,100,9673,1,0
F,H,H,13237,100,13237,1,0
G,H,H,7055,100,7055,1,0
A,B,A,7128,100,7128,1,0
A,C,A,7546,100,7546,1,0
A,D,A,9179,100,9179,1,0
A,E,A,1359,100,1359,1,0
A,F,A,7376,100,7376,1,0
A,G,A,7592,100,7592,1,0
A,H,A,9703,100,9703,1,0
A,B,B,7146,100,7146,1,0
B,C,B,6741,100,6741,1,0
B,D,B,12510,100,12510,1,0
B,E,B,7042,100,7042,1,0
B,F,B,1436,100,1436,1,0
B,G,B,6756,100,6756,1,0
B,H,B,13023,100,13023,1,0
A,C,C,7541,100,7541,1,0
B,C,C,6744,100,6744,1,0
C,D,C,6645,100,6645,1,0
C,E,C,7571,100,7571,1,0
C,F,C,7121,100,7121,1,0
C,G,C,1317,100,1317,1,0
C,H,C,7095,100,7095,1,0
A,D,D,9198,100,9198,1,0
B,D,D,12537,100,12537,1,0
C,D,D,6595,100,6595,1,0
D,E,D,9417,100,9417,1,0
D,F,D,12871,100,12871,1,0
D,G,D,6825,100,6825,1,0
D,H,D,1421,100,1421,1,0
A,E,E,1421,100,1421,1,0
B,E,E,7063,100,7063,1,0
C,E,E,7526,100,7526,1,0
D,E,E,9364,100,9364,1,0
E,F,E,7027,100,7027,1,0
E,G,E,7307,100,7307,1,0
E,H,E,9634,100,9634,1,0
A,F,F,7383,100,7383,1,0
B,F,F,1411,100,1411,1,0
C,F,F,7117,100,7117,1,0
D,F,F,12881,100,12881,1,0
E,F,F,7000,100,7000,1,0
F,G,F,6884,100,6884,1,0
F,H,F,13247,100,13247,1,0
A,G,G,7568,100,7568,1,0
B,G,G,6742,100,6742,1,0
C,G,G,1361,100,1361,1,0
D,G,G,6781,100,6781,1,0
E,G,G,7312,100,7312,1,0
F,G,G,6891,100,6891,1,0
G,H,G,7078,100,7078,1,0
A,H,H,9669,100,9669,1,0
B,H,H,13072,100,13072,1,0
C,H,H,7061,100,7061,1,0
D,H,H,1499,100,1499,1,0
E,H,H,9629,100,9629,1,0
F,H,H,13205,100,13205,1,0
G,H,H,7048,100,7048,1,0
A,B,A,7165,100,7165,1,0
A,C,A,7607,100,7607,1,0
A,D,A,9202,100,9202,1,0
A,E,A,1377,100,1377,1,0
A,F,A,7379,100,7379,1,0
A,G,A,7582,100,7582,1,0
A,H,A,9711,100,9711,1,0
A,B,B,7178,100,7178,1,0
B,C,B,6716,100,6716,1,0
B,D,B,12503,100,12503,1,0
B,E,B,7016,100,7016,1,0
B,F,B,1412,100,1412,1,0
B,G,B,6778,100,6778,1,0
B,H,B,13088,100,13088,1,0
A,C,C,7582,100,7582,1,0
B,C,C,6733,100,6733,1,0
C,D,C,6601,100,6601,1,0
C,E,C,7586,100,7586,1,0
C,F,C,7112,100,7112,1,0
C,G,C,1367,100,1367,1,0
C,H,C,7117,100,7117,1,0
A,D,D,9180,100,9180,1,0
B,D,D,12508,100,12508,1,0
C,D,D,6578,100,6578,1,0
D,E,D,9300,100,9300,1,0
D,F,D,12883,100,12883,1,0
D,G,D,6844,100,6844,1,0
D,H,D,1419,100,1419,1,0
A,E,E,1331,100,1331,1,0
B,E,E,7055,100,7055,1,0
C,E,E,7527,100,7527,1,0
D,E,E,9380,100,9380,1,0
E,F,E,6989,100,6989,1,0
E,G,E,7308,100,7308,1,0
E,H,E,9652,100,9652,1,0
A,F,F,7401,100,7401,1,0
B,F,F,1445,100,1445,1,0
C,F,F,7125,100,7125,1,0
D,F,F,12837,100,12837,1,0
E,F,F,7019,100,7019,1,0
F,G,F,6879,100,6879,1,0
F,H,F,13211,100,13211,1,0
A,G,G,7605,100,7605,1,0
B,G,G,6739,100,6739,1,0
C,G,G,1363,100,1363,1,0
D,G,G,6816,100,6816,1,0
E,G,G,7317,100,7317,1,0
F,G,G,6867,100,6867,1,0
G,H,G,7046,100,7046,1,0
A,H,H,9680,100,9680,1,0
B,H,H,13042,100,13042,1,0
C,H,H,7088,100,7088,1,0
D,H,H,1482,100,1482,1,0
E,H,H,9681,100,9681,1,0
F,H,H,13242,100,13242,1,0
G,H,H,7066,100,7066,1,0
A,B,A,7134,100,7134,1,0
A,C,A,7601,100,7601,1,0
A,D,A,9195,100,9195,1,0
A,E,A,1373,100,1373,1,0
A,F,A,7345,100,7345,1,0
A,G,A,7633,100,7633,1,0
A,H,A,9702,100,9702,1,0
A,B,B,7195,100,7195,1,0
B,C,B,6724,100,6724,1,0
B,D,B,12527,100,12527,1,0
B,E,B,7040,100,7040,1,0
B,F,B,1407,100,1407,1,0
B,G,B,6752,100,6752,1,0
B,H,B,13059,100,13059,1,0
A,C,C,7573,100,7573,1,0
B,C,C,6709,100,6709,1,0
C,D,C,6611,100,6611,1,0
C,E,C,7533,100,7533,1,0
C,F,C,7125,100,7125,1,0
C,G,C,1344,100,1344,1,0
C,H,C,7059,100,7059,1,0
A,D,D,9185,100,9185,1,0
B,D,D,12519,100,12519,1,0
C,D,D,6604,100,6604,1,0
D,E,D,9324,100,9324,1,0
D,F,D,12859,100,12859,1,0
D,G,D,6804,100,6804,1,0
D,H,D,1439,100,1439,1,0
A,E,E,1471,100,1471,1,0
B,E,E,6982,100,6982,1,0
C,E,E,7491,100,7491,1,0
D,E,E,9372,100,9372,1,0
E,F,E,7008,100,7008,1,0
E,G,E,7304,100,7304,1,0
E,H,E,9622,100,9622,1,0
A,F,F,7335,100,7335,1,0
B,F,F,1460,100,1460,1,0
C,F,F,7133,100,7133,1,0
D,F,F,12856,100,12856,1,0
E,F,F,6970,100,6970,1,0
F,G,F,6866,100,6866,1,0
F,H,F,13249,100,13249,1,0
A,G,G,7566,100,7566,1,0
B,G,G,6756,100,6756,1,0
C,G,G,1346,100,1346,1,0
D,G,G,6796,100,6796,1,0
E,G,G,7329,100,7329,1,0
F,G,G,6908,100,6908,1,0
G,H,G,7083,100,7083,1,0
A,H,H,9702,100,9702,1,0
B,H,H,13030,100,13030,1,0
C,H,H,7077,100,7077,1,0
D,H,H,1475,100,1475,1,0
E,H,H,9660,100,9660,1,0
F,H,H,13214,100,13214,1,0
G,H,H,7046,100,7046,1,0
A,B,A,7145,100,7145,1,0
A,C,A,7594,100,7594,1,0
A,D,A,9201,100,9201,1,0
A,E,A,1377,100,1377,1,0
A,F,A,7393,100,7393,1,0
A,G,A,7596,100,7596,1,0
A,H,A,9717,100,9717,1,0
A,B,B,7156,100,7156,1,0
B,C,B,6735,100,6735,1,0
B,D,B,12573,100,12573,1,0
B,E,B,7050,100,7050,1,0
B,F,B,1440,100,1440,1,0
B,G,B,6761,100,6761,1,0
B,H,B,13088,100,13088,1,0
A,C,C,7613,100,7613,1,0
B,C,C,6731,100,6731,1,0
C,D,C,6622,100,6622,1,0
C,E,C,7565,100,7565,1,0
C,F,C,7124,100,7124,1,0
C,G,C,1344,100,1344,1,0
C,H,C,7079,100,7079,1,0
A,D,D,9163,100,9163,1,0
B,D,D,12562,100,12562,1,0
C,D,D,6613,100,6613,1,0
D,E,D,9351,100,9351,1,0
D,F,D,12891,100,12891,1,0
D,G,D,6783,100,6783,1,0
D,H,D,1463,100,1463,1,0
A,E,E,1390,100,1390,1,0
B,E,E,7031,100,7031,1,0
C,E,E,7540,100,7540,1,0
D,E,E,9383,100,9383,1,0
E,F,E,6993,100,6993,1,0
E,G,E,7294,100,7294,1,0
E,H,E,9634,100,9634,1,0
A,F,F,7426,100,7426,1,0
B,F,F,1457,100,1457,1,0
C,F,F,7111,100,7111,1,0
D,F,F,12863,100,12863,1,0
E,F,F,6997,100,6997,1,0
F,G,F,6912,100,6912,1,0
F,H,F,13274,100,13274,1,0
A,G,G,7580,100,7580,1,0
B,G,G,6757,100,6757,1,0
C,G,G,1378,100,1378,1,0
D,G,G,6793,100,6793,1,0
E,G,G,7270,100,7270,1,0
F,G,G,6885,100,6885,1,0
G,H,G,7063,100,7063,1,0
A,H,H,9660,100,9660,1,0
B,H,H,13044,100,13044,1,0
C,H,H,7066,100,7066,1,0
D,H,H,1389,100,1389,1,0
E,H,H,9631,100,9631,1,0
F,H,H,13229,100,13229,1,0
G,H,H,7022,100,7022,1,0
A,B,A,7163,100,7163,1,0
A,C,A,7531,100,7531,1,0
A,D,A,9209,100,9209,1,0
A,E,A,1370,100,1370,1,0
A,F,A,7349,100,7349,1,0
A,G,A,7630,100,7630,1,0
A,H,A,9705,100,9705,1,0
A,B,B,7139,100,7139,1,0
B,C,B,6699,100,6699,1,0
B,D,B,12525,100,12525,1,0
B,E,B,7109,100,7109,1,0
B,F,B,1441,100,1441,1,0
B,G,B,6786,100,6786,1,0
B,H,B,13060,100,13060,1,0
A,C,C,7564,100,7564,1,0
B,C,C,6712,100,6712,1,0
C,D,C,6599,100,6599,1,0
C,E,C,7526,100,7526,1,0
C,F,C,7103,100,7103,1,0
C,G,C,1339,100,1339,1,0
C,H,C,7098,100,7098,1,0
A,D,D,9188,100,9188,1,0
B,D,D,12515,100,12515,1,0
C,D,D,6605,100,6605,1,0
D,E,D,9368,100,9368,1,0
D,F,D,12904,100,12904,1,0
D,G,D,6836,100,6836,1,0
D,H,D,1441,100,1441,1,0
A,E,E,1319,100,1319,1,0
B,E,E,7041,100,7041,1,0
C,E,E,7569,100,7569,1,0
D,E,E,9297,100,9297,1,0
E,F,E,7020,100,7020,1,0
E,G,E,7320,100,7320,1,0
E,H,E,9644,100,9644,1,0
A,F,F,7420,100,7420,1,0
B,F,F,1427,100,1427,1,0
C,F,F,7120,100,7120,1,0
D,F,F,12847,100,12847,1,0
E,F,F,7005,100,7005,1,0
F,G,F,6880,100,6880,1,0
F,H,F,13225,100,13225,1,0
A,G,G,7528,100,7528,1,0
B,G,G,6788,100,6788,1,0
C,G,G,1361,100,1361,1,0
D,G,G,6836,100,6836,1,0
E,G,G,7298,100,7298,1,0
F,G,G,6888,100,6888,1,0
G,H,G,7069,100,7069,1,0
A,H,H,9713,100,9713,1,0
B,H,H,13018,100,13018,1,0
C,H,H,7094,100,7094,1,0
D,H,H,1481,100,1481,1,0
E,H,H,9673,100,9673,1,0
F,H,H,13283,100,13283,1,0
G,H,H,7019,100,7019,1,0
A,B,A,7170,100,7170,1,0
A,C,A,7559,100,7559,1,0
A,D,A,9214,100,9214,1,0
A,E,A,1377,100,1377,1,0
A,F,A,7374,100,7374,1,0
A,G,A,7598,100,7598,1,0
A,H,A,9696,100,9696,1,0
A,B,B,7189,100,7189,1,0
B,C,B,6725,100,6725,1,0
B,D,B,12494,100,12494,1,0
B,E,B,7061,100,7061,1,0
B,F,B,1436,100,1436,1,0
B,G,B,6746,100,6746,1,0
B,H,B,13096,100,13096,1,0
A,C,C,7555,100,7555,1,0
B,C,C,6715,100,6715,1,0
C,D,C,6582,100,6582,1,0
C,E,C,7538,100,7538,1,0
C,F,C,7126,100,7126,1,0
C,G,C,1341,100,1341,1,0
C,H,C,7081,100,7081,1,0
A,D,D,9201,100,9201,1,0
B,D,D,12524,100,12524,1,0
C,D,D,6606,100,6606,1,0
D,E,D,9392,100,9392,1,0
D,F,D,12868,100,12868,1,0
D,G,D,6803,100,6803,1,0
D,H,D,1466,100,1466,1,0
A,E,E,1355,100,1355,1,0
B,E,E,7067,100,7067,1,0
C,E,E,7574,100,7574,1,0
D,E,E,9394,100,9394,1,0
E,F,E,7000,100,7000,1,0
E,G,E,7328,100,7328,1,0
E,H,E,9648,100,9648,1,0
A,F,F,7368,100,7368,1,0
B,F,F,1421,100,1421,1,0
C,F,F,7124,100,7124,1,0
D,F,F,12899,100,12899,1,0
E,F,F,6974,100,6974,1,0
F,G,F,6914,100,6914,1,0
F,H,F,13210,100,13210,1,0
A,G,G,7535,100,7535,1,0
B,G,G,6767,100,6767,1,0
C,G,G,1349,100,1349,1,0
D,G,G,6814,100,6814,1,0
E,G,G,7316,100,7316,1,0
F,G,G,6886,100,6886,1,0
G,H,G,6981,100,6981,1,0
A,H,H,9669,100,9669,1,0
B,H,H,13048,100,13048,1,0
C,H,H,7127,100,7127,1,0
D,H,H,1470,100,1470,1,0
E,H,H,9689,100,9689,1,0
F,H,H,13217,100,13217,1,0
G,H,H,7043,100,7043,1,0
A,B,A,7165,100,7165,1,0
A,C,A,7559,100,7559,1,0
A,D,A,9220,100,9220,1,0
A,E,A,1336,100,1336,1,0
A,F,A,7339,100,7339,1,0
A,G,A,7603,100,7603,1,0
A,H,A,9723,100,9723,1,0
A,B,B,7169,100,7169,1,0
B,C,B,6697,100,6697,1,0
B,D,B,12533,100,12533,1,0
B,E,B,7095,100,7095,1,0
B,F,B,1440,100,1440,1,0
B,G,B,6785,100,6785,1,0
B,H,B,13036,100,13036,1,0
A,C,C,7591,100,7591,1,0
B,C,C,6760,100,6760,1,0
C,D,C,6583,100,6583,1,0
C,E,C,7565,100,7565,1,0
C,F,C,7139,100,7139,1,0
C,G,C,1378,100,1378,1,0
C,H,C,7117,100,7117,1,0
A,D,D,9202,100,9202,1,0
B,D,D,12565,100,12565,1,0
C,D,D,6592,100,6592,1,0
D,E,D,9289,100,9289,1,0
D,F,D,12847,100,12847,1,0
D,G,D,6805,100,6805,1,0
D,H,D,1403,100,1403,1,0
A,E,E,1431,100,1431,1,0
B,E,E,7041,100,7041,1,0
C,E,E,7525,100,7525,1,0
D,E,E,9422,100,9422,1,0
E,F,E,6984,100,6984,1,0
E,G,E,7295,100,7295,1,0
E,H,E,9622,100,9622,1,0
A,F,F,7391,100,7391,1,0
B,F,F,1453,100,1453,1,0
C,F,F,7089,100,7089,1,0
D,F,F,12866,100,12866,1,0
E,F,F,7024,100,7024,1,0
F,G,F,6895,100,6895,1,0
F,H,F,13251,100,13251,1,0
A,G,G,7619,100,7619,1,0
B,G,G,6749,100,6749,1,0
C,G,G,1386,100,1386,1,0
D,G,G,6810,100,6810,1,0
E,G,G,7302,100,7302,1,0
F,G,G,6848,100,6848,1,0
G,H,G,7057,100,7057,1,0
A,H,H,9695,100,9695,1,0
B,H,H,13011,100,13011,1,0
C,H,H,7108,100,7108,1,0
D,H,H,1482,100,1482,1,0
E,H,H,9651,100,9651,1,0
F,H,H,13256,100,13256,1,0
G,H,H,7024,100,7024,1,0
A,B,A,7183,100,7183,1,0
A,C,A,7546,100,7546,1,0
A,D,A,9218,100,9218,1,0
A,E,A,1339,100,1339,1,0
A,F,A,7379,100,7379,1,0
A,G,A,7551,100,7551,1,0
A,H,A,9670,100,9670,1,0
A,B,B,7133,100,7133,1,0
B,C,B,6706,100,6706,1,0
B,D,B,12531,100,12531,1,0
B,E,B,7057,100,7057,1,0
B,F,B,1412,100,1412,1,0
B,G,B,6751,100,6751,1,0
B,H,B,13027,100,13027,1,0
A,C,C,7567,100,7567,1,0
B,C,C,6761,100,6761,1,0
C,D,C,6577,100,6577,1,0
C,E,C,7573,100,7573,1,0
C,F,C,7137,100,7137,1,0
C,G,C,1379,100,1379,1,0
C,H,C,7093,100,7093,1,0
A,D,D,9164,100,9164,1,0
B,D,D,12517,100,12517,1,0
C,D,D,6556,100,6556,1,0
D,E,D,9319,100,9319,1,0
D,F,D,12849,100,12849,1,0
D,G,D,6838,100,6838,1,0
D,H,D,1394,100,1394,1,0
A,E,E,1369,100,1369,1,0
B,E,E,7033,100,7033,1,0
C,E,E,7548,100,7548,1,0
D,E,E,9361,100,9361,1,0
E,F,E,7005,100,7005,1,0
E,G,E,7307,100,7307,1,0
E,H,E,9667,100,9667,1,0
A,F,F,7364,100,7364,1,0
B,F,F,1444,100,1444,1,0
C,F,F,7097,100,7097,1,0
D,F,F,12876,100,12876,1,0
E,F,F,7009,100,7009,1,0
F,G,F,6911,100,6911,1,0
F,H,F,13221,100,13221,1,0
A,G,G,7601,100,7601,1,0
B,G,G,6805,100,6805,1,0
C,G,G,1351,100,1351,1,0
D,G,G,6831,100,6831,1,0
E,G,G,7318,100,7318,1,0
F,G,G,6891,100,6891,1,0
G,H,G,7018,100,7018,1,0
A,H,H,9680,100,9680,1,0
B,H,H,13038,100,13038,1,0
C,H,H,7102,100,7102,1,0
D,H,H,1470,100,1470,1,0
E,H,H,9656,100,9656,1,0
F,H,H,13245,100,13245,1,0
G,H,H,7021,100,7021,1,0
A,B,A,7124,100,7124,1,0
A,C,A,7567,100,7567,1,0
A,D,A,9213,100,9213,1,0
A,E,A,1380,100,1380,1,0
A,F,A,7377,100,7377,1,0
A,G,A,7539,100,7539,1,0
A,H,A,9701,100,9701,1,0
A,B,B,7145,100,7145,1,0
B,C,B,6729,100,6729,1,0
B,D,B,12507,100,12507,1,0
B,E,B,7032,100,7032,1,0
B,F,B,1429,100,1429,1,0
B,G,B,6766,100,6766,1,0
B,H,B,13057,100,13057,1,0
A,C,C,7570,100,7570,1,0
B,C,C,6699,100,6699,1,0
C,D,C,6587,100,6587,1,0
C,E,C,7543,100,7543,1,0
C,F,C,7144,100,7144,1,0
C,G,C,1373,100,1373,1,0
C,H,C,7066,100,7066,1,0
A,D,D,9202,100,9202,1,0
B,D,D,12532,100,12532,1,0
C,D,D,6570,100,6570,1,0
D,E,D,9415,100,9415,1,0
D,F,D,12846,100,12846,1,0
D,G,D,6835,100,6835,1,0
D,H,D,1477,100,1477,1,0
A,E,E,1471,100,1471,1,0
B,E,E,7029,100,7029,1,0
C,E,E,7531,100,7531,1,0
D,E,E,9288,100,9288,1,0
E,F,E,6980,100,6980,1,0
E,G,E,7296,100,7296,1,0
E,H,E,9629,100,9629,1,0
A,F,F,7415,100,7415,1,0
B,F,F,1414,100,1414,1,0
C,F,F,7120,100,7120,1,0
D,F,F,12836,100,12836,1,0
E,F,F,7021,100,7021,1,0
F,G,F,6866,100,6866,1,0
F,H,F,13226,100,13226,1,0
A,G,G,7595,100,7595,1,0
B,G,G,6750,100,6750,1,0
C,G,G,1376,100,1376,1,0
D,G,G,6829,100,6829,1,0
E,G,G,7311,100,7311,1,0
F,G,G,6856,100,6856,1,0
G,H,G,7027,100,7027,1,0
A,H,H,9680,100,9680,1,0
B,H,H,13064,100,13064,1,0
C,H,H,7150,100,7150,1,0
D,H,H,1499,100,1499,1,0
E,H,H,9651,100,9651,1,0
F,H,H,13238,100,13238,1,0
G,H,H,7053,100,7053,1,0
A,B,A,7188,100,7188,1,0
A,C,A,7598,100,7598,1,0
A,D,A,9205,100,9205,1,0
A,E,A,1409,100,1409,1,0
A,F,A,7350,100,7350,1,0
A,G,A,7605,100,7605,1,0
A,H,A,9671,100,9671,1,0
A,B,B,7129,100,7129,1,0
B,C,B,6733,100,6733,1,0
B,D,B,12500,100,12500,1,0
B,E,B,7057,100,7057,1,0
B,F,B,1407,100,1407,1,0
B,G,B,6746,100,6746,1,0
B,H,B,13033,100,13033,1,0
A,C,C,7575,100,7575,1,0
B,C,C,6701,100,6701,1,0
C,D,C,6629,100,6629,1,0
C,E,C,7574,100,7574,1,0
C,F,C,7120,100,7120,1,0
C,G,C,1388,100,1388,1,0
C,H,C,7076,100,7076,1,0
A,D,D,9195,100,9195,1,0
B,D,D,12532,100,12532,1,0
C,D,D,6572,100,6572,1,0
D,E,D,9335,100,9335,1,0
D,F,D,12842,100,12842,1,0
D,G,D,6826,100,6826,1,0
D,H,D,1442,100,1442,1,0
A,E,E,1336,100,1336,1,0
B,E,E,7099,100,7099,1,0
C,E,E,7591,100,7591,1,0
D,E,E,9362,100,9362,1,0
E,F,E,7024,100,7024,1,0
E,G,E,7301,100,7301,1,0
E,H,E,9686,100,9686,1,0
A,F,F,7391,100,7391,1,0
B,F,F,1448,100,1448,1,0
C,F,F,7123,100,7123,1,0
D,F,F,12876,100,12876,1,0
E,F,F,7000,100,7000,1,0
F,G,F,6918,100,6918,1,0
F,H,F,13274,100,13274,1,0
A,G,G,7613,100,7613,1,0
B,G,G,6766,100,6766,1,0
C,G,G,1364,100,1364,1,0
D,G,G,6795,100,6795,1,0
E,G,G,7312,100,7312,1,0
F,G,G,6868,100,6868,1,0
G,H,G,7079,100,7079,1,0
A,H,H,9712,100,9712,1,0
B,H,H,13014,100,13014,1,0
C,H,H,7079,100,7079,1,0
D,H,H,1454,100,1454,1,0
E,H,H,9658,100,9658,1,0
F,H,H,13241,100,13241,1,0
G,H,H,7064,100,7064,1,0
A,B,A,7125,100,7125,1,0
A,C,A,7613,100,7613,1,0
A,D,A,9186,100,9186,1,0
A,E,A,1422,100,1422,1,0
A,F,A,7380,100,7380,1,0
A,G,A,7594,100,7594,1,0
A,H,A,9706,100,9706,1,0
A,B,B,7192,100,7192,1,0
B,C,B,6699,100,6699,1,0
B,D,B,12495,100,12495,1,0
B,E,B,7061,100,7061,1,0
B,F,B,1421,100,1421,1,0
B,G,B,6739,100,6739,1,0
B,H,B,13041,100,13041,1,0
A,C,C,7560,100,7560,1,0
B,C,C,6746,100,6746,1,0
C,D,C,6632,100,6632,1,0
C,E,C,7547,100,7547,1,0
C,F,C,7107,100,7107,1,0
C,G,C,1377,100,1377,1,0
C,H,C,7091,100,7091,1,0
A,D,D,9209,100,9209,1,0
B,D,D,12541,100,12541,1,0
C,D,D,6653,100,6653,1,0
D,E,D,9326,100,9326,1,0
D,F,D,12863,100,12863,1,0
D,G,D,6788,100,6788,1,0
D,H,D,1443,100,1443,1,0
A,E,E,1319,100,1319,1,0
B,E,E,7029,100,7029,1,0
C,E,E,7525,100,7525,1,0
D,E,E,9339,100,9339,1,0
E,F,E,6999,100,6999,1,0
E,G,E,7313,100,7313,1,0
E,H,E,9660,100,9660,1,0
A,F,F,7386,100,7386,1,0
B,F,F,1424,100,1424,1,0
C,F,F,7138,100,7138,1,0
D,F,F,12863,100,12863,1,0
E,F,F,7008,100,7008,1,0
F,G,F,6865,100,6865,1,0
F,H,F,13242,100,13242,1,0
A,G,G,7608,100,7608,1,0
B,G,G,6740,100,6740,1,0
C,G,G,1371,100,1371,1,0
D,G,G,6825,100,6825,1,0
E,G,G,7316,100,7316,1,0
F,G,G,6865,100,6865,1,0
G,H,G,7029,100,7029,1,0
A,H,H,9743,100,9743,1,0
B,H,H,13069,100,13069,1,0
C,H,H,7133,100,7133,1,0
D,H,H,1487,100,1487,1,0
E,H,H,9660,100,9660,1,0
F,H,H,13270,100,13270,1,0
G,H,H,7036,100,7036,1,0
A,B,A,7154,100,7154,1,0
A,C,A,7545,100,7545,1,0
A,D,A,9195,100,9195,1,0
A,E,A,1406,100,1406,1,0
A,F,A,7357,100,7357,1,0
A,G,A,7610,100,7610,1,0
A,H,A,9725,100,9725,1,0
A,B,B,7144,100,7144,1,0
B,C,B,6704,100,6704,1,0
B,D,B,12552,100,12552,1,0
B,E,B,7021,100,7021,1,0
B,F,B,1415,100,1415,1,0
B,G,B,6764,100,6764,1,0
B,H,B,13095,100,13095,1,0
A,C,C,7559,100,7559,1,0
B,C,C,6687,100,6687,1,0
C,D,C,6632,100,6632,1,0
C,E,C,7549,100,7549,1,0
C,F,C,7119,100,7119,1,0
C,G,C,1356,100,1356,1,0
C,H,C,7118,100,7118,1,0
A,D,D,9216,100,9216,1,0
B,D,D,12543,100,12543,1,0
C,D,D,6607,100,6607,1,0
D,E,D,9331,100,9331,1,0
D,F,D,12903,100,12903,1,0
D,G,D,6807,100,6807,1,0
D,H,D,1449,100,1449,1,0
A,E,E,1431,100,1431,1,0
B,E,E,6967,100,6967,1,0
C,E,E,7553,100,7553,1,0
D,E,E,9325,100,9325,1,0
E,F,E,6983,100,6983,1,0
E,G,E,7320,100,7320,1,0
E,H,E,9648,100,9648,1,0
A,F,F,7343,100,7343,1,0
B,F,F,1396,100,1396,1,0
C,F,F,7127,100,7127,1,0
D,F,F,12847,100,12847,1,0
E,F,F,7008,100,7008,1,0
F,G,F,6898,100,6898,1,0
F,H,F,13227,100,13227,1,0
A,G,G,7616,100,7616,1,0
B,G,G,6702,100,6702,1,0
C,G,G,1367,100,1367,1,0
D,G,G,6842,100,6842,1,0
E,G,G,7257,100,7257,1,0
F,G,G,6914,100,6914,1,0
G,H,G,7059,100,7059,1,0
A,H,H,9672,100,9672,1,0
B,H,H,13056,100,13056,1,0
C,H,H,7112,100,7112,1,0
D,H,H,1435,100,1435,1,0
E,H,H,9633,100,9633,1,0
F,H,H,13252,100,13252,1,0
G,H,H,7059,100,7059,1,0
A,B,A,7171,100,7171,1,0
A,C,A,7560,100,7560,1,0
A,D,A,9196,100,9196,1,0
A,E,A,1402,100,1402,1,0
A,F,A,7392,100,7392,1,0
A,G,A,7557,100,7557,1,0
A,H,A,9709,100,9709,1,0
A,B,B,7142,100,7142,1,0
B,C,B,6689,100,6689,1,0
B,D,B,12533,100,12533,1,0
B,E,B,7007,100,7007,1,0
B,F,B,1425,100,1425,1,0
B,G,B,6717,100,6717,1,0
B,H,B,13058,100,13058,1,0
A,C,C,7601,100,7601,1,0
B,C,C,6730,100,6730,1,0
C,D,C,6610,100,6610,1,0
C,E,C,7597,100,7597,1,0
C,F,C,7137,100,7137,1,0
C,G,C,1406,100,1406,1,0
C,H,C,7124,100,7124,1,0
A,D,D,9198,100,9198,1,0
B,D,D,12542,100,12542,1,0
C,D,D,6589,100,6589,1,0
D,E,D,9354,100,9354,1,0
D,F,D,12908,100,12908,1,0
D,G,D,6820,100,6820,1,0
D,H,D,1414,100,1414,1,0
A,E,E,1444,100,1444,1,0
B,E,E,7062,100,7062,1,0
C,E,E,7567,100,7567,1,0
D,E,E,9325,100,9325,1,0
E,F,E,6968,100,6968,1,0
E,G,E,7282,100,7282,1,0
E,H,E,9626,100,9626,1,0
A,F,F,7417,100,7417,1,0
B,F,F,1445,100,1445,1,0
C,F,F,7104,100,7104,1,0
D,F,F,12837,100,12837,1,0
E,F,F,6986,100,6986,1,0
F,G,F,6877,100,6877,1,0
F,H,F,13218,100,13218,1,0
A,G,G,7570,100,7570,1,0
B,G,G,6754,100,6754,1,0
C,G,G,1391,100,1391,1,0
D,G,G,6823,100,6823,1,0
E,G,G,7317,100,7317,1,0
F,G,G,6871,100,6871,1,0
G,H,G,7043,100,7043,1,0
A,H,H,9678,100,9678,1,0
B,H,H,13088,100,13088,1,0
C,H,H,7114,100,7114,1,0
D,H,H,1445,100,1445,1,0
E,H,H,9641,100,9641,1,0
F,H,H,13257,100,13257,1,0
G,H,H,7030,100,7030,1,0
A,B,A,7130,100,7130,1,0
A,C,A,7523,100,7523,1,0
A,D,A,9200,100,9200,1,0
A,E,A,1398,100,1398,1,0
A,F,A,7386,100,7386,1,0
A,G,A,7604,100,7604,1,0
A,H,A,9698,100,9698,1,0
A,B,B,7182,100,7182,1,0
B,C,B,6723,100,6723,1,0
B,D,B,12512,100,12512,1,0
B,E,B,7061,100,7061,1,0
B,F,B,1441,100,1441,1,0
B,G,B,6768,100,6768,1,0
B,H,B,13020,100,13020,1,0
A,C,C,7573,100,7573,1,0
B,C,C,6760,100,6760,1,0
C,D,C,6599,100,6599,1,0
C,E,C,7537,100,7537,1,0
C,F,C,7130,100,7130,1,0
C,G,C,1327,100,1327,1,0
C,H,C,7078,100,7078,1,0
A,D,D,9203,100,9203,1,0
B,D,D,12504,100,12504,1,0
C,D,D,6586,100,6586,1,0
D,E,D,9360,100,9360,1,0
D,F,D,12891,100,12891,1,0
D,G,D,6806,100,6806,1,0
D,H,D,1409,100,1409,1,0
A,E,E,1371,100,1371,1,0
B,E,E,7045,100,7045,1,0
C,E,E,7498,100,7498,1,0
D,E,E,9339,100,9339,1,0
E,F,E,7023,100,7023,1,0
E,G,E,7305,100,7305,1,0
E,H,E,9662,100,9662,1,0
A,F,F,7371,100,7371,1,0
B,F,F,1432,100,1432,1,0
C,F,F,7111,100,7111,1,0
D,F,F,12876,100,12876,1,0
E,F,F,7000,100,7000,1,0
F,G,F,6849,100,6849,1,0
F,H,F,13235,100,13235,1,0
A,G,G,7584,100,7584,1,0
B,G,G,6784,100,6784,1,0
C,G,G,1386,100,1386,1,0
D,G,G,6777,100,6777,1,0
E,G,G,7317,100,7317,1,0
F,G,G,6907,100,6907,1,0
G,H,G,7032,100,7032,1,0
A,H,H,9690,100,9690,1,0
B,H,H,13083,100,13083,1,0
C,H,H,7131,100,7131,1,0
D,H,H,1424,100,1424,1,0
E,H,H,9680,100,9680,1,0
F,H,H,13228,100,13228,1,0
G,H,H,7064,100,7064,1,0
A,B,A,7130,100,7130,1,0
A,C,A,7578,100,7578,1,0
A,D,A,9197,100,9197,1,0
A,E,A,1380,100,1380,1,0
A,F,A,7404,100,7404,1,0
A,G,A,7579,100,7579,1,0
A,H,A,9719,100,9719,1,0
A,B,B,7186,100,7186,1,0
B,C,B,6714,100,6714,1,0
B,D,B,12573,100,12573,1,0
B,E,B,7039,100,7039,1,0
B,F,B,1449,100,1449,1,0
B,G,B,6791,100,6791,1,0
B,H,B,13021,100,13021,1,0
A,C,C,7569,100,7569,1,0
B,C,C,6702,100,6702,1,0
C,D,C,6627,100,6627,1,0
C,E,C,7538,100,7538,1,0
C,F,C,7107,100,7107,1,0
C,G,C,1397,100,1397,1,0
C,H,C,7123,100,7123,1,0
A,D,D,9185,100,9185,1,0
B,D,D,12536,100,12536,1,0
C,D,D,6614,100,6614,1,0
D,E,D,9300,100,9300,1,0
D,F,D,12908,100,12908,1,0
D,G,D,6790,100,6790,1,0
D,H,D,1452,100,1452,1,0
A,E,E,1361,100,1361,1,0
B,E,E,6988,100,6988,1,0
C,E,E,7534,100,7534,1,0
D,E,E,9364,100,9364,1,0
E,F,E,6979,100,6979,1,0
E,G,E,7319,100,7319,1,0
E,H,E,9651,100,9651,1,0
A,F,F,7358,100,7358,1,0
B,F,F,1447,100,1447,1,0
C,F,F,7145,100,7145,1,0
D,F,F,12870,100,12870,1,0
E,F,F,7033,100,7033,1,0
F,G,F,6887,100,6887,1,0
F,H,F,13287,100,13287,1,0
A,G,G,7573,100,7573,1,0
B,G,G,6779,100,6779,1,0
C,G,G,1351,100,1351,1,0
D,G,G,6846,100,6846,1,0
E,G,G,7299,100,7299,1,0
F,G,G,6894,100,6894,1,0
G,H,G,7065,100,7065,1,0
A,H,H,9717,100,9717,1,0
B,H,H,13027,100,13027,1,0
C,H,H,7140,100,7140,1,0
D,H,H,1435,100,1435,1,0
E,H,H,9679,100,9679,1,0
F,H,H,13232,100,13232,1,0
G,H,H,7032,100,7032,1,0
A,B,A,7176,100,7176,1,0
A,C,A,7544,100,7544,1,0
A,D,A,9223,100,9223,1,0
A,E,A,1342,100,1342,1,0
A,F,A,7367,100,7367,1,0
A,G,A,7567,100,7567,1,0
A,H,A,9710,100,9710,1,0
A,B,B,7157,100,7157,1,0
B,C,B,6704,100,6704,1,0
B,D,B,12539,100,12539,1,0
B,E,B,7033,100,7033,1,0
B,F,B,1399,100,1399,1,0
B,G,B,6733,100,6733,1,0
B,H,B,13047,100,13047,1,0
A,C,C,7584,100,7584,1,0
B,C,C,6715,100,6715,1,0
C,D,C,6572,100,6572,1,0
C,E,C,7543,100,7543,1,0
C,F,C,7140,100,7140,1,0
C,G,C,1395,100,1395,1,0
C,H,C,7101,100,7101,1,0
A,D,D,9196,100,9196,1,0
B,D,D,12551,100,12551,1,0
C,D,D,6586,100,6586,1,0
D,E,D,9370,100,9370,1,0
D,F,D,12869,100,12869,1,0
D,G,D,6786,100,6786,1,0
D,H,D,1428,100,1428,1,0
A,E,E,1407,100,1407,1,0
B,E,E,7079,100,7079,1,0
C,E,E,7604,100,7604,1,0
D,E,E,9371,100,9371,1,0
E,F,E,7004,100,7004,1,0
E,G,E,7290,100,7290,1,0
E,H,E,9684,100,9684,1,0
A,F,F,7390,100,7390,1,0
B,F,F,1445,100,1445,1,0
C,F,F,7143,100,7143,1,0
D,F,F,12911,100,12911,1,0
E,F,F,6995,100,6995,1,0
F,G,F,6896,100,6896,1,0
F,H,F,13243,100,13243,1,0
A,G,G,7536,100,7536,1,0
B,G,G,6763,100,6763,1,0
C,G,G,1352,100,1352,1,0
D,G,G,6824,100,6824,1,0
E,G,G,7295,100,7295,1,0
F,G,G,6882,100,6882,1,0
G,H,G,7056,100,7056,1,0
A,H,H,9740,100,9740,1,0
B,H,H,13085,100,13085,1,0
C,H,H,7111,100,7111,1,0
D,H,H,1448,100,1448,1,0
E,H,H,9634,100,9634,1,0
F,H,H,13253,100,13253,1,0
G,H,H,7041,100,7041,1,0
A,B,A,7183,100,7183,1,0
A,C,A,7565,100,7565,1,0
A,D,A,9185,100,9185,1,0
A,E,A,1356,100,1356,1,0
A,F,A,7419,100,7419,1,0
A,G,A,7614,100,7614,1,0
A,H,A,9629,100,9629,1,0
A,B,B,7149,100,7149,1,0
B,C,B,6738,100,6738,1,0
B,D,B,12506,100,12506,1,0
B,E,B,7060,100,7060,1,0
B,F,B,1435,100,1435,1,0
B,G,B,6732,100,6732,1,0
B,H,B,13087,100,13087,1,0
A,C,C,7578,100,7578,1,0
B,C,C,6698,100,6698,1,0
C,D,C,6624,100,6624,1,0
C,E,C,7528,100,7528,1,0
C,F,C,7122,100,7122,1,0
C,G,C,1337,100,1337,1,0
C,H,C,7096,100,7096,1,0
A,D,D,9192,100,9192,1,0
B,D,D,12533,100,12533,1,0
C,D,D,6611,100,6611,1,0
D,E,D,9428,100,9428,1,0
D,F,D,12882,100,12882,1,0
D,G,D,6794,100,6794,1,0
D,H,D,1430,100,1430,1,0
A,E,E,1412,100,1412,1,0
B,E,E,7035,100,7035,1,0
C,E,E,7489,100,7489,1,0
D,E,E,9293,100,9293,1,0
E,F,E,7001,100,7001,1,0
E,G,E,7304,100,7304,1,0
E,H,E,9653,100,9653,1,0
A,F,F,7412,100,7412,1,0
B,F,F,1450,100,1450,1,0
C,F,F,7109,100,7109,1,0
D,F,F,12839,100,12839,1,0
E,F,F,7019,100,7019,1,0
F,G,F,6870,100,6870,1,0
F,H,F,13221,100,13221,1,0
A,G,G,7557,100,7557,1,0
B,G,G,6766,100,6766,1,0
C,G,G,1351,100,1351,1,0
D,G,G,6844,100,6844,1,0
E,G,G,7323,100,7323,1,0
F,G,G,6876,100,6876,1,0
G,H,G,7028,100,7028,1,0
A,H,H,9776,100,9776,1,0
B,H,H,13057,100,13057,1,0
C,H,H,7103,100,7103,1,0
D,H,H,1450,100,1450,1,0
E,H,H,9681,100,9681,1,0
F,H,H,13255,100,13255,1,0
G,H,H,7055,100,7055,1,0
A,B,A,7169,100,7169,1,0
A,C,A,7613,100,7613,1,0
A,D,A,9206,100,9206,1,0
A,E,A,1364,100,1364,1,0
A,F,A,7380,100,7380,1,0
A,G,A,7572,100,7572,1,0
A,H,A,9693,100,9693,1,0
A,B,B,7149,100,7149,1,0
B,C,B,6753,100,6753,1,0
B,D,B,12569,100,12569,1,0
B,E,B,7008,100,7008,1,0
B,F,B,1419,100,1419,1,0
B,G,B,6751,100,6751,1,0
B,H,B,13018,100,13018,1,0
A,C,C,7589,100,7589,1,0
B,C,C,6701,100,6701,1,0
C,D,C,6625,100,6625,1,0
C,E,C,7555,100,7555,1,0
C,F,C,7114,100,7114,1,0
C,G,C,1310,100,1310,1,0
C,H,C,7073,100,7073,1,0
A,D,D,9214,100,9214,1,0
B,D,D,12551,100,12551,1,0
C,D,D,6579,100,6579,1,0
D,E,D,9364,100,9364,1,0
D,F,D,12919,100,12919,1,0
D,G,D,6825,100,6825,1,0
D,H,D,1481,100,1481,1,0
A,E,E,1398,100,1398,1,0
B,E,E,7058,100,7058,1,0
C,E,E,7560,100,7560,1,0
D,E,E,9386,100,9386,1,0
E,F,E,6996,100,6996,1,0
E,G,E,7317,100,7317,1,0
E,H,E,9659,100,9659,1,0
A,F,F,7432,100,7432,1,0
B,F,F,1411,100,1411,1,0
C,F,F,7122,100,7122,1,0
D,F,F,12867,100,12867,1,0
E,F,F,7001,100,7001,1,0
F,G,F,6888,100,6888,1,0
F,H,F,13223,100,13223,1,0
A,G,G,7602,100,7602,1,0
B,G,G,6763,100,6763,1,0
C,G,G,1315,100,1315,1,0
D,G,G,6812,100,6812,1,0
E,G,G,7303,100,7303,1,0
F,G,G,6881,100,6881,1,0
G,H,G,7059,100,7059,1,0
A,H,H,9717,100,9717,1,0
B,H,H,13055,100,13055,1,0
C,H,H,7084,100,7084,1,0
D,H,H,1407,100,1407,1,0
E,H,H,9685,100,9685,1,0
F,H,H,13189,100,13189,1,0
G,H,H,7008,100,7008,1,0
A,B,A,7166,100,7166,1,0
A,C,A,7525,100,7525,1,0
A,D,A,9191,100,9191,1,0
A,E,A,1354,100,1354,1,0
A,F,A,7375,100,7375,1,0
A,G,A,7569,100,7569,1,0
A,H,A,9706,100,9706,1,0
A,B,B,7149,100,7149,1,0
B,C,B,6728,100,6728,1,0
B,D,B,12553,100,12553,1,0
B,E,B,7048,100,7048,1,0
B,F,B,1449,100,1449,1,0
B,G,B,6780,100,6780,1,0
B,H,B,12996,100,12996,1,0
A,C,C,7569,100,7569,1,0
B,C,C,6716,100,6716,1,0
C,D,C,6635,100,6635,1,0
C,E,C,7494,100,7494,1,0
C,F,C,7140,100,7140,1,0
C,G,C,1361,100,1361,1,0
C,H,C,7107,100,7107,1,0
A,D,D,9200,100,9200,1,0
B,D,D,12532,100,12532,1,0
C,D,D,6613,100,6613,1,0
D,E,D,9333,100,9333,1,0
D,F,D,12854,100,12854,1,0
D,G,D,6822,100,6822,1,0
D,H,D,1485,100,1485,1,0
A,E,E,1365,100,1365,1,0
B,E,E,7043,100,7043,1,0
C,E,E,7574,100,7574,1,0
D,E,E,9417,100,9417,1,0
E,F,E,6999,100,6999,1,0
E,G,E,7309,100,7309,1,0
E,H,E,9652,100,9652,1,0
A,F,F,7390,100,7390,1,0
B,F,F,1455,100,1455,1,0
C,F,F,7120,100,7120,1,0
D,F,F,12879,100,12879,1,0
E,F,F,6979,100,6979,1,0
F,G,F,6870,100,6870,1,0
F,H,F,13263,100,13263,1,0
A,G,G,7596,100,7596,1,0
B,G,G,6728,100,6728,1,0
C,G,G,1373,100,1373,1,0
D,G,G,6822,100,6822,1,0
E,G,G,7314,100,7314,1,0
F,G,G,6893,100,6893,1,0
G,H,G,7058,100,7058,1,0
A,H,H,9724,100,9724,1,0
B,H,H,13089,100,13089,1,0
C,H,H,7092,100,7092,1,0
D,H,H,1466,100,1466,1,0
E,H,H,9647,100,9647,1,0
F,H,H,13226,100,13226,1,0
G,H,H,7070,100,7070,1,0
A,B,A,7135,100,7135,1,0
A,C,A,7589,100,7589,1,0
A,D,A,9192,100,9192,1,0
A,E,A,1348,100,1348,1,0
A,F,A,7363,100,7363,1,0
A,G,A,7561,100,7561,1,0
A,H,A,9743,100,9743,1,0
A,B,B,7155,100,7155,1,0
B,C,B,6763,100,6763,1,0
B,D,B,12531,100,12531,1,0
B,E,B,7057,100,7057,1,0
B,F,B,1409,100,1409,1,0
B,G,B,6746,100,6746,1,0
B,H,B,13043,100,13043,1,0
A,C,C,7602,100,7602,1,0
B,C,C,6703,100,6703,1,0
C,D,C,6574,100,6574,1,0
C,E,C,7586,100,7586,1,0
C,F,C,7106,100,7106,1,0
C,G,C,1362,100,1362,1,0
C,H,C,7100,100,7100,1,0
A,D,D,9190,100,9190,1,0
B,D,D,12517,100,12517,1,0
C,D,D,6611,100,6611,1,0
D,E,D,9366,100,9366,1,0
D,F,D,12860,100,12860,1,0
D,G,D,6818,100,6818,1,0
D,H,D,1383,100,1383,1,0
A,E,E,1328,100,1328,1,0
B,E,E,7062,100,7062,1,0
C,E,E,7535,100,7535,1,0
D,E,E,9293,100,9293,1,0
E,F,E,6987,100,6987,1,0
E,G,E,7328,100,7328,1,0
E,H,E,9653,100,9653,1,0
A,F,F,7376,100,7376,1,0
B,F,F,1423,100,1423,1,0
C,F,F,7093,100,7093,1,0
D,F,F,12844,100,12844,1,0
E,F,F,6991,100,6991,1,0
F,G,F,6882,100,6882,1,0
F,H,F,13233,100,13233,1,0
A,G,G,7572,100,7572,1,0
B,G,G,6802,100,6802,1,0
C,G,G,1398,100,1398,1,0
D,G,G,6783,100,6783,1,0
E,G,G,7317,100,7317,1,0
F,G,G,6871,100,6871,1,0
G,H,G,7047,100,7047,1,0
A,H,H,9715,100,9715,1,0
B,H,H,13028,100,13028,1,0
C,H,H,7117,100,7117,1,0
D,H,H,1395,100,1395,1,0
E,H,H,9664,100,9664,1,0
F,H,H,13236,100,13236,1,0
G,H,H,7070,100,7070,1,0
A,B,A,7155,100,7155,1,0
A,C,A,7563,100,7563,1,0
A,D,A,9207,100,9207,1,0
A,E,A,1357,100,1357,1,0
A,F,A,7373,100,7373,1,0
A,G,A,7574,100,7574,1,0
A,H,A,9714,100,9714,1,0
A,B,B,7160,100,7160,1,0
B,C,B,6719,100,6719,1,0
B,D,B,12511,100,12511,1,0
B,E,B,7043,100,7043,1,0
B,F,B,1423,100,1423,1,0
B,G,B,6706,100,6706,1,0
B,H,B,13053,100,13053,1,0
A,C,C,7603,100,7603,1,0
B,C,C,6724,100,6724,1,0
C,D,C,6607,100,6607,1,0
C,E,C,7561,100,7561,1,0
C,F,C,7111,100,7111,1,0
C,G,C,1327,100,1327,1,0
C,H,C,7161,100,7161,1,0
A,D,D,9177,100,9177,1,0
B,D,D,12511,100,12511,1,0
C,D,D,6601,100,6601,1,0
D,E,D,9379,100,9379,1,0
D,F,D,12834,100,12834,1,0
D,G,D,6760,100,6760,1,0
D,H,D,1438,100,1438,1,0
A,E,E,1403,100,1403,1,0
B,E,E,6984,100,6984,1,0
C,E,E,7583,100,7583,1,0
D,E,E,9371,100,9371,1,0
E,F,E,7008,100,7008,1,0
E,G,E,7307,100,7307,1,0
E,H,E,9654,100,9654,1,0
A,F,F,7378,100,7378,1,0
B,F,F,1426,100,1426,1,0
C,F,F,7114,100,7114,1,0
D,F,F,12867,100,12867,1,0
E,F,F,6980,100,6980,1,0
F,G,F,6883,100,6883,1,0
F,H,F,13265,100,13265,1,0
A,G,G,7572,100,7572,1,0
B,G,G,6767,100,6767,1,0
C,G,G,1321,100,1321,1,0
D,G,G,6780,100,6780,1,0
E,G,G,7255,100,7255,1,0
F,G,G,6878,100,6878,1,0
G,H,G,7007,100,7007,1,0
A,H,H,9715,100,9715,1,0
B,H,H,13011,100,13011,1,0
C,H,H,7124,100,7124,1,0
D,H,H,1444,100,1444,1,0
E,H,H,9636,100,9636,1,0
F,H,H,13245,100,13245,1,0
G,H,H,7064,100,7064,1,0
A,B,A,7102,100,7102,1,0
A,C,A,7545,100,7545,1,0
A,D,A,9198,100,9198,1,0
A,E,A,1420,100,1420,1,0
A,F,A,7333,100,7333,1,0
A,G,A,7577,100,7577,1,0
A,H,A,9672,100,9672,1,0
A,B,B,7123,100,7123,1,0
B,C,B,6726,100,6726,1,0
B,D,B,12505,100,12505,1,0
B,E,B,7042,100,7042,1,0
B,F,B,1438,100,1438,1,0
B,G,B,6774,100,6774,1,0
B,H,B,13062,100,13062,1,0
A,C,C,7570,100,7570,1,0
B,C,C,6744,100,6744,1,0
C,D,C,6634,100,6634,1,0
C,E,C,7591,100,7591,1,0
C,F,C,7142,100,7142,1,0
C,G,C,1337,100,1337,1,0
C,H,C,7151,100,7151,1,0
A,D,D,9192,100,9192,1,0
B,D,D,12491,100,12491,1,0
C,D,D,6600,100,6600,1,0
D,E,D,9369,100,9369,1,0
D,F,D,12882,100,12882,1,0
D,G,D,6830,100,6830,1,0
D,H,D,1501,100,1501,1,0
A,E,E,1339,100,1339,1,0
B,E,E,7080,100,7080,1,0
C,E,E,7542,100,7542,1,0
D,E,E,9370,100,9370,1,0
E,F,E,7034,100,7034,1,0
E,G,E,7332,100,7332,1,0
E,H,E,9694,100,9694,1,0
A,F,F,7386,100,7386,1,0
B,F,F,1430,100,1430,1,0
C,F,F,7110,100,7110,1,0
D,F,F,12896,100,12896,1,0
E,F,F,7029,100,7029,1,0
F,G,F,6867,100,6867,1,0
F,H,F,13211,100,13211,1,0
A,G,G,7565,100,7565,1,0
B,G,G,6761,100,6761,1,0
C,G,G,1310,100,1310,1,0
D,G,G,6791,100,6791,1,0
E,G,G,7310,100,7310,1,0
F,G,G,6868,100,6868,1,0
G,H,G,7074,100,7074,1,0
A,H,H,9697,100,9697,1,0
B,H,H,13056,100,13056,1,0
C,H,H,7072,100,7072,1,0
D,H,H,1449,100,1449,1,0
E,H,H,9681,100,9681,1,0
F,H,H,13246,100,13246,1,0
G,H,H,7055,100,7055,1,0
A,B,A,7160,100,7160,1,0
A,C,A,7569,100,7569,1,0
A,D,A,9185,100,9185,1,0
A,E,A,1367,100,1367,1,0
A,F,A,7382,100,7382,1,0
A,G,A,7572,100,7572,1,0
A,H,A,9716,100,9716,1,0
A,B,B,7149,100,7149,1,0
B,C,B,6700,100,6700,1,0
B,D,B,12522,100,12522,1,0
B,E,B,7048,100,7048,1,0
B,F,B,1439,100,1439,1,0
B,G,B,6792,100,6792,1,0
B,H,B,13047,100,13047,1,0
A,C,C,7547,100,7547,1,0
B,C,C,6716,100,6716,1,0
C,D,C,6623,100,6623,1,0
C,E,C,7536,100,7536,1,0
C,F,C,7137,100,7137,1,0
C,G,C,1352,100,1352,1,0
C,H,C,7104,100,7104,1,0
A,D,D,9223,100,9223,1,0
B,D,D,12534,100,12534,1,0
C,D,D,6567,100,6567,1,0
D,E,D,9348,100,9348,1,0
D,F,D,12832,100,12832,1,0
D,G,D,6806,100,6806,1,0
D,H,D,1445,100,1445,1,0
A,E,E,1349,100,1349,1,0
B,E,E,7022,100,7022,1,0
C,E,E,7623,100,7623,1,0
D,E,E,9320,100,9320,1,0
E,F,E,7009,100,7009,1,0
E,G,E,7291,100,7291,1,0
E,H,E,9651,100,9651,1,0
A,F,F,7384,100,7384,1,0
B,F,F,1451,100,1451,1,0
C,F,F,7106,100,7106,1,0
D,F,F,12861,100,12861,1,0
E,F,F,7000,100,7000,1,0
F,G,F,6902,100,6902,1,0
F,H,F,13217,100,13217,1,0
A,G,G,7555,100,7555,1,0
B,G,G,6782,100,6782,1,0
C,G,G,1384,100,1384,1,0
D,G,G,6825,100,6825,1,0
E,G,G,7304,100,7304,1,0
F,G,G,6880,100,6880,1,0
G,H,G,7050,100,7050,1,0
A,H,H,9664,100,9664,1,0
B,H,H,13023,100,13023,1,0
C,H,H,7139,100,7139,1,0
D,H,H,1469,100,1469,1,0
E,H,H,9658,100,9658,1,0
F,H,H,13246,100,13246,1,0
G,H,H,7004,100,7004,1,0
A,B,A,7158,100,7158,1,0
A,C,A,7614,100,7614,1,0
A,D,A,9221,100,9221,1,0
A,E,A,1356,100,1356,1,0
A,F,A,7346,100,7346,1,0
A,G,A,7564,100,7564,1,0
A,H,A,9690,100,9690,1,0
A,B,B,7148,100,7148,1,0
B,C,B,6723,100,6723,1,0
B,D,B,12553,100,12553,1,0
B,E,B,7026,100,7026,1,0
B,F,B,1448,100,1448,1,0
B,G,B,6747,100,6747,1,0
B,H,B,13050,100,13050,1,0
A,C,C,7523,100,7523,1,0
B,C,C,6687,100,6687,1,0
C,D,C,6594,100,6594,1,0
C,E,C,7570,100,7570,1,0
C,F,C,7113,100,7113,1,0
C,G,C,1370,100,1370,1,0
C,H,C,7131,100,7131,1,0
A,D,D,9194,100,9194,1,0
B,D,D,12539,100,12539,1,0
C,D,D,6579,100,6579,1,0
D,E,D,9394,100,9394,1,0
D,F,D,12887,100,12887,1,0
D,G,D,6802,100,6802,1,0
D,H,D,1403,100,1403,1,0
A,E,E,1381,100,1381,1,0
B,E,E,7058,100,7058,1,0
C,E,E,7517,100,7517,1,0
D,E,E,9367,100,9367,1,0
E,F,E,6997,100,6997,1,0
E,G,E,7310,100,7310,1,0
E,H,E,9694,100,9694,1,0
A,F,F,7362,100,7362,1,0
B,F,F,1453,100,1453,1,0
C,F,F,7122,100,7122,1,0
D,F,F,12889,100,12889,1,0
E,F,F,7017,100,7017,1,0
F,G,F,6867,100,6867,1,0
F,H,F,13203,100,13203,1,0
A,G,G,7590,100,7590,1,0
B,G,G,6778,100,6778,1,0
C,G,G,1367,100,1367,1,0
D,G,G,6831,100,6831,1,0
E,G,G,7299,100,7299,1,0
F,G,G,6878,100,6878,1,0
G,H,G,7083,100,7083,1,0
A,H,H,9651,100,9651,1,0
B,H,H,13049,100,13049,1,0
C,H,H,7100,100,7100,1,0
D,H,H,1490,100,1490,1,0
E,H,H,9647,100,9647,1,0
F,H,H,13231,100,13231,1,0
G,H,H,7054,100,7054,1,0
A,B,A,7213,100,7213,1,0
A,C,A,7491,100,7491,1,0
A,D,A,9219,100,9219,1,0
A,E,A,1396,100,1396,1,0
A,F,A,7393,100,7393,1,0
A,G,A,7631,100,7631,1,0
A,H,A,9713,100,9713,1,0
A,B,B,7178,100,7178,1,0
B,C,B,6716,100,6716,1,0
B,D,B,12546,100,12546,1,0
B,E,B,7058,100,7058,1,0
B,F,B,1452,100,1452,1,0
B,G,B,6775,100,6775,1,0
B,H,B,13015,100,13015,1,0
A,C,C,7545,100,7545,1,0
B,C,C,6730,100,6730,1,0
C,D,C,6623,100,6623,1,0
C,E,C,7558,100,7558,1,0
C,F,C,7115,100,7115,1,0
C,G,C,1349,100,1349,1,0
C,H,C,7101,100,7101,1,0
A,D,D,9220,100,9220,1,0
B,D,D,12521,100,12521,1,0
C,D,D,6621,100,6621,1,0
D,E,D,9361,100,9361,1,0
D,F,D,12845,100,12845,1,0
D,G,D,6805,100,6805,1,0
D,H,D,1485,100,1485,1,0
A,E,E,1319,100,1319,1,0
B,E,E,7020,100,7020,1,0
C,E,E,7542,100,7542,1,0
D,E,E,9392,100,9392,1,0
E,F,E,7004,100,7004,1,0
E,G,E,7334,100,7334,1,0
E,H,E,9628,100,9628,1,0
A,F,F,7364,100,7364,1,0
B,F,F,1411,100,1411,1,0
C,F,F,7133,100,7133,1,0
D,F,F,12909,100,12909,1,0
E,F,F,7003,100,7003,1,0
F,G,F,6906,100,6906,1,0
F,H,F,13254,100,13254,1,0
A,G,G,7616,100,7616,1,0
B,G,G,6706,100,6706,1,0
C,G,G,1366,100,1366,1,0
D,G,G,6834,100,6834,1,0
E,G,G,7325,100,7325,1,0
F,G,G,6862,100,6862,1,0
G,H,G,7054,100,7054,1,0
A,H,H,9748,100,9748,1,0
B,H,H,12986,100,12986,1,0
C,H,H,7106,100,7106,1,0
D,H,H,1405,100,1405,1,0
E,H,H,9619,100,9619,1,0
F,H,H,13228,100,13228,1,0
G,H,H,7052,100,7052,1,0
A,B,A,7170,100,7170,1,0
A,C,A,7531,100,7531,1,0
A,D,A,9210,100,9210,1,0
A,E,A,1369,100,1369,1,0
A,F,A,7391,100,7391,1,0
A,G,A,7539,100,7539,1,0
A,H,A,9729,100,9729,1,0
A,B,B,7170,100,7170,1,0
B,C,B,6739,100,6739,1,0
B,D,B,12517,100,12517,1,0
B,E,B,7043,100,7043,1,0
B,F,B,1417,100,1417,1,0
B,G,B,6772,100,6772,1,0
B,H,B,13021,100,13021,1,0
A,C,C,7527,100,7527,1,0
B,C,C,6712,100,6712,1,0
C,D,C,6599,100,6599,1,0
C,E,C,7547,100,7547,1,0
C,F,C,7128,100,7128,1,0
C,G,C,1388,100,1388,1,0
C,H,C,7071,100,7071,1,0
A,D,D,9200,100,9200,1,0
B,D,D,12555,100,12555,1,0
C,D,D,6581,100,6581,1,0
D,E,D,9351,100,9351,1,0
D,F,D,12841,100,12841,1,0
D,G,D,6833,100,6833,1,0
D,H,D,1484,100,1484,1,0
A,E,E,1399,100,1399,1,0
B,E,E,7036,100,7036,1,0
C,E,E,7583,100,7583,1,0
D,E,E,9381,100,9381,1,0
E,F,E,6993,100,6993,1,0
E,G,E,7307,100,7307,1,0
E,H,E,9626,100,9626,1,0
A,F,F,7376,100,7376,1,0
B,F,F,1432,100,1432,1,0
C,F,F,7105,100,7105,1,0
D,F,F,12844,100,12844,1,0
E,F,F,6988,100,6988,1,0
F,G,F,6876,100,6876,1,0
F,H,F,13242,100,13242,1,0
A,G,G,7527,100,7527,1,0
B,G,G,6730,100,6730,1,0
C,G,G,1378,100,1378,1,0
D,G,G,6808,100,6808,1,0
E,G,G,7305,100,7305,1,0
F,G,G,6883,100,6883,1,0
G,H,G,7030,100,7030,1,0
A,H,H,9724,100,9724,1,0
B,H,H,13059,100,13059,1,0
C,H,H,7130,100,7130,1,0
D,H,H,1438,100,1438,1,0
E,H,H,9670,100,9670,1,0
F,H,H,13233,100,13233,1,0
G,H,H,7033,100,7033,1,0
A,B,A,7152,100,7152,1,0
A,C,A,7575,100,7575,1,0
A,D,A,9193,100,9193,1,0
A,E,A,1422,100,1422,1,0
A,F,A,7401,100,7401,1,0
A,G,A,7575,100,7575,1,0
A,H,A,9729,100,9729,1,0
A,B,B,7133,100,7133,1,0
B,C,B,6724,100,6724,1,0
B,D,B,12543,100,12543,1,0
B,E,B,7031,100,7031,1,0
B,F,B,1475,100,1475,1,0
B,G,B,6743,100,6743,1,0
B,H,B,13021,100,13021,1,0
A,C,C,7579,100,7579,1,0
B,C,C,6771,100,6771,1,0
C,D,C,6582,100,6582,1,0
C,E,C,7572,100,7572,1,0
C,F,C,7106,100,7106,1,0
C,G,C,1392,100,1392,1,0
C,H,C,7092,100,7092,1,0
A,D,D,9189,100,9189,1,0
B,D,D,12569,100,12569,1,0
C,D,D,6623,100,6623,1,0
D,E,D,9411,100,9411,1,0
D,F,D,12869,100,12869,1,0
D,G,D,6780,100,6780,1,0
D,H,D,1392,100,1392,1,0
A,E,E,1370,100,1370,1,0
B,E,E,7005,100,7005,1,0
C,E,E,7591,100,7591,1,0
D,E,E,9347,100,9347,1,0
E,F,E,7006,100,7006,1,0
E,G,E,7291,100,7291,1,0
E,H,E,9675,100,9675,1,0
A,F,F,7385,100,7385,1,0
B,F,F,1409,100,1409,1,0
C,F,F,7118,100,7118,1,0
D,F,F,12877,100,12877,1,0
E,F,F,6996,100,6996,1,0
F,G,F,6894,100,6894,1,0
F,H,F,13250,100,13250,1,0
A,G,G,7577,100,7577,1,0
B,G,G,6760,100,6760,1,0
C,G,G,1315,100,1315,1,0
D,G,G,6837,100,6837,1,0
E,G,G,7286,100,7286,1,0
F,G,G,6884,100,6884,1,0
G,H,G,7029,100,7029,1,0
A,H,H,9703,100,9703,1,0
B,H,H,13049,100,13049,1,0
C,H,H,7130,100,7130,1,0
D,H,H,1418,100,1418,1,0
E,H,H,9649,100,9649,1,0
F,H,H,13219,100,13219,1,0
G,H,H,7059,100,7059,1,0
A,B,A,7180,100,7180,1,0
A,C,A,7595,100,7595,1,0
A,D,A,9225,100,9225,1,0
A,E,A,1378,100,1378,1,0
A,F,A,7397,100,7397,1,0
A,G,A,7632,100,7632,1,0
A,H,A,9703,100,9703,1,0
A,B,B,7112,100,7112,1,0
B,C,B,6739,100,6739,1,0
B,D,B,12524,100,12524,1,0
B,E,B,7011,100,7011,1,0
B,F,B,1444,100,1444,1,0
B,G,B,6774,100,6774,1,0
B,H,B,13030,100,13030,1,0
A,C,C,7608,100,7608,1,0
B,C,C,6725,100,6725,1,0
C,D,C,6596,100,6596,1,0
C,E,C,7556,100,7556,1,0
C,F,C,7084,100,7084,1,0
C,G,C,1390,100,1390,1,0
C,H,C,7093,100,7093,1,0
A,D,D,9204,100,9204,1,0
B,D,D,12556,100,12556,1,0
C,D,D,6587,100,6587,1,0
D,E,D,9303,100,9303,1,0
D,F,D,12852,100,12852,1,0
D,G,D,6821,100,6821,1,0
D,H,D,1471,100,1471,1,0
A,E,E,1402,100,1402,1,0
B,E,E,7022,100,7022,1,0
C,E,E,7538,100,7538,1,0
D,E,E,9340,100,9340,1,0
E,F,E,6995,100,6995,1,0
E,G,E,7296,100,7296,1,0
E,H,E,9658,100,9658,1,0
A,F,F,7365,100,7365,1,0
B,F,F,1466,100,1466,1,0
C,F,F,7132,100,7132,1,0
D,F,F,12842,100,12842,1,0
E,F,F,7020,100,7020,1,0
F,G,F,6902,100,6902,1,0
F,H,F,13238,100,13238,1,0
A,G,G,7596,100,7596,1,0
B,G,G,6754,100,6754,1,0
C,G,G,1344,100,1344,1,0
D,G,G,6788,100,6788,1,0
E,G,G,7297,100,7297,1,0
F,G,G,6860,100,6860,1,0
G,H,G,7070,100,7070,1,0
A,H,H,9678,100,9678,1,0
B,H,H,13052,100,13052,1,0
C,H,H,7098,100,7098,1,0
D,H,H,1381,100,1381,1,0
E,H,H,9647,100,9647,1,0
F,H,H,13178,100,13178,1,0
G,H,H,7045,100,7045,1,0
A,B,A,7146,100,7146,1,0
A,C,A,7553,100,7553,1,0
A,D,A,9197,100,9197,1,0
A,E,A,1331,100,1331,1,0
A,F,A,7385,100,7385,1,0
A,G,A,7533,100,7533,1,0
A,H,A,9692,100,9692,1,0
A,B,B,7104,100,7104,1,0
B,C,B,6720,100,6720,1,0
B,D,B,12531,100,12531,1,0
B,E,B,7007,100,7007,1,0
B,F,B,1424,100,1424,1,0
B,G,B,6749,100,6749,1,0
B,H,B,13028,100,13028,1,0
A,C,C,7532,100,7532,1,0
B,C,C,6692,100,6692,1,0
C,D,C,6593,100,6593,1,0
C,E,C,7567,100,7567,1,0
C,F,C,7109,100,7109,1,0
C,G,C,1407,100,1407,1,0
C,H,C,7147,100,7147,1,0
A,D,D,9190,100,9190,1,0
B,D,D,12531,100,12531,1,0
C,D,D,6593,100,6593,1,0
D,E,D,9327,100,9327,1,0
D,F,D,12833,100,12833,1,0
D,G,D,6826,100,6826,1,0
D,H,D,1432,100,1432,1,0
A,E,E,1385,100,1385,1,0
B,E,E,7084,100,7084,1,0
C,E,E,7566,100,7566,1,0
D,E,E,9301,100,9301,1,0
E,F,E,7017,100,7017,1,0
E,G,E,7330,100,7330,1,0
E,H,E,9669,100,9669,1,0
A,F,F,7429,100,7429,1,0
B,F,F,1407,100,1407,1,0
C,F,F,7146,100,7146,1,0
D,F,F,12875,100,12875,1,0
E,F,F,6980,100,6980,1,0
F,G,F,6882,100,6882,1,0
F,H,F,13240,100,13240,1,0
A,G,G,7580,100,7580,1,0
B,G,G,6755,100,6755,1,0
C,G,G,1382,100,1382,1,0
D,G,G,6798,100,6798,1,0
E,G,G,7314,100,7314,1,0
F,G,G,6895,100,6895,1,0
G,H,G,7018,100,7018,1,0
A,H,H,9673,100,9673,1,0
B,H,H,13072,100,13072,1,0
C,H,H,7058,100,7058,1,0
D,H,H,1430,100,1430,1,0
E,H,H,9616,100,9616,1,0
F,H,H,13245,100,13245,1,0
G,H,H,7040,100,7040,1,0
A,B,A,7144,100,7144,1,0
A,C,A,7546,100,7546,1,0
A,D,A,9206,100,9206,1,0
A,E,A,1369,100,1369,1,0
A,F,A,7392,100,7392,1,0
A,G,A,7581,100,7581,1,0
A,H,A,9648,100,9648,1,0
A,B,B,7162,100,7162,1,0
B,C,B,6738,100,6738,1,0
B,D,B,12512,100,12512,1,0
B,E,B,7037,100,7037,1,0
B,F,B,1421,100,1421,1,0
B,G,B,6762,100,6762,1,0
B,H,B,13044,100,13044,1,0
A,C,C,7617,100,7617,1,0
B,C,C,6705,100,6705,1,0
C,D,C,6605,100,6605,1,0
C,E,C,7521,100,7521,1,0
C,F,C,7125,100,7125,1,0
C,G,C,1363,100,1363,1,0
C,H,C,7081,100,7081,1,0
A,D,D,9202,100,9202,1,0
B,D,D,12532,100,12532,1,0
C,D,D,6638,100,6638,1,0
D,E,D,9408,100,9408,1,0
D,F,D,12898,100,12898,1,0
D,G,D,6775,100,6775,1,0
D,H,D,1442,100,1442,1,0
A,E,E,1312,100,1312,1,0
B,E,E,7041,100,7041,1,0
C,E,E,7556,100,7556,1,0
D,E,E,9331,100,9331,1,0
E,F,E,7001,100,7001,1,0
E,G,E,7296,100,7296,1,0
E,H,E,9621,100,9621,1,0
A,F,F,7423,100,7423,1,0
B,F,F,1403,100,1403,1,0
C,F,F,7130,100,7130,1,0
D,F,F,12868,100,12868,1,0
E,F,F,7014,100,7014,1,0
F,G,F,6894,100,6894,1,0
F,H,F,13216,100,13216,1,0
A,G,G,7578,100,7578,1,0
B,G,G,6738,100,6738,1,0
C,G,G,1339,100,1339,1,0
D,G,G,6808,100,6808,1,0
E,G,G,7322,100,7322,1,0
F,G,G,6888,100,6888,1,0
G,H,G,7072,100,7072,1,0
A,H,H,9716,100,9716,1,0
B,H,H,13011,100,13011,1,0
C,H,H,7107,100,7107,1,0
D,H,H,1434,100,1434,1,0
E,H,H,9639,100,9639,1,0
F,H,H,13258,100,13258,1,0
G,H,H,7058,100,7058,1,0
A,B,A,7188,100,7188,1,0
A,C,A,7560,100,7560,1,0
A,D,A,9199,100,9199,1,0
A,E,A,1402,100,1402,1,0
A,F,A,7367,100,7367,1,0
A,G,A,7619,100,7619,1,0
A,H,A,9706,100,9706,1,0
A,B,B,7129,100,7129,1,0
B,C,B,6745,100,6745,1,0
B,D,B,12517,100,12517,1,0
B,E,B,7109,100,7109,1,0
B,F,B,1417,100,1417,1,0
B,G,B,6727,100,6727,1,0
B,H,B,13014,100,13014,1,0
A,C,C,7577,100,7577,1,0
B,C,C,6726,100,6726,1,0
C,D,C,6562,100,6562,1,0
C,E,C,7541,100,7541,1,0
C,F,C,7086,100,7086,1,0
C,G,C,1381,100,1381,1,0
C,H,C,7121,100,7121,1,0
A,D,D,9230,100,9230,1,0
B,D,D,12525,100,12525,1,0
C,D,D,6599,100,6599,1,0
D,E,D,9368,100,9368,1,0
D,F,D,12877,100,12877,1,0
D,G,D,6773,100,6773,1,0
D,H,D,1475,100,1475,1,0
A,E,E,1397,100,1397,1,0
B,E,E,7045,100,7045,1,0
C,E,E,7520,100,7520,1,0
D,E,E,9341,100,9341,1,0
E,F,E,7027,100,7027,1,0
E,G,E,7314,100,7314,1,0
E,H,E,9651,100,9651,1,0
A,F,F,7347,100,7347,1,0
B,F,F,1458,100,1458,1,0
C,F,F,7128,100,7128,1,0
D,F,F,12879,100,12879,1,0
E,F,F,7020,100,7020,1,0
F,G,F,6883,100,6883,1,0
F,H,F,13223,100,13223,1,0
A,G,G,7514,100,7514,1,0
B,G,G,6767,100,6767,1,0
C,G,G,1406,100,1406,1,0
D,G,G,6809,100,6809,1,0
E,G,G,7299,100,7299,1,0
F,G,G,6896,100,6896,1,0
G,H,G,7064,100,7064,1,0
A,H,H,9683,100,9683,1,0
B,H,H,13039,100,13039,1,0
C,H,H,7128,100,7128,1,0
D,H,H,1511,100,1511,1,0
E,H,H,9659,100,9659,1,0
F,H,H,13276,100,13276,1,0
G,H,H,7022,100,7022,1,0
A,B,A,7176,100,7176,1,0
A,C,A,7568,100,7568,1,0
A,D,A,9208,100,9208,1,0
A,E,A,1378,100,1378,1,0
A,F,A,7359,100,7359,1,0
A,G,A,7563,100,7563,1,0
A,H,A,9707,100,9707,1,0
A,B,B,7151,100,7151,1,0
B,C,B,6692,100,6692,1,0
B,D,B,12524,100,12524,1,0
B,E,B,7022,100,7022,1,0
B,F,B,1458,100,1458,1,0
B,G,B,6729,100,6729,1,0
B,H,B,13025,100,13025,1,0
A,C,C,7555,100,7555,1,0
B,C,C,6706,100,6706,1,0
C,D,C,6639,100,6639,1,0
C,E,C,7533,100,7533,1,0
C,F,C,7151,100,7151,1,0
C,G,C,1339,100,1339,1,0
C,H,C,7106,100,7106,1,0
A,D,D,9191,100,9191,1,0
B,D,D,12543,100,12543,1,0
C,D,D,6598,100,6598,1,0
D,E,D,9307,100,9307,1,0
D,F,D,12834,100,12834,1,0
D,G,D,6784,100,6784,1,0
D,H,D,1432,100,1432,1,0
A,E,E,1332,100,1332,1,0
B,E,E,7079,100,7079,1,0
C,E,E,7571,100,7571,1,0
D,E,E,9342,100,9342,1,0
E,F,E,6989,100,6989,1,0
E,G,E,7327,100,7327,1,0
E,H,E,9685,100,9685,1,0
A,F,F,7376,100,7376,1,0
B,F,F,1458,100,1458,1,0
C,F,F,7131,100,7131,1,0
D,F,F,12867,100,12867,1,0
E,F,F,7020,100,7020,1,0
F,G,F,6878,100,6878,1,0
F,H,F,13274,100,13274,1,0
A,G,G,7559,100,7559,1,0
B,G,G,6756,100,6756,1,0
C,G,G,1341,100,1341,1,0
D,G,G,6807,100,6807,1,0
E,G,G,7317,100,7317,1,0
F,G,G,6895,100,6895,1,0
G,H,G,7044,100,7044,1,0
A,H,H,9708,100,9708,1,0
B,H,H,13040,100,13040,1,0
C,H,H,7161,100,7161,1,0
D,H,H,1451,100,1451,1,0
E,H,H,9669,100,9669,1,0
F,H,H,13232,100,13232,1,0
G,H,H,7085,100,7085,1,0
A,B,A,7147,100,7147,1,0
A,C,A,7558,100,7558,1,0
A,D,A,9204,100,9204,1,0
A,E,A,1347,100,1347,1,0
A,F,A,7366,100,7366,1,0
A,G,A,7564,100,7564,1,0
A,H,A,9671,100,9671,1,0
A,B,B,7172,100,7172,1,0
B,C,B,6725,100,6725,1,0
B,D,B,12512,100,12512,1,0
B,E,B,7051,100,7051,1,0
B,F,B,1435,100,1435,1,0
B,G,B,6781,100,6781,1,0
B,H,B,13061,100,13061,1,0
A,C,C,7623,100,7623,1,0
B,C,C,6724,100,6724,1,0
C,D,C,6641,100,6641,1,0
C,E,C,7543,100,7543,1,0
C,F,C,7110,100,7110,1,0
C,G,C,1327,100,1327,1,0
C,H,C,7121,100,7121,1,0
A,D,D,9209,100,9209,1,0
B,D,D,12493,100,12493,1,0
C,D,D,6643,100,6643,1,0
D,E,D,9376,100,9376,1,0
D,F,D,12891,100,12891,1,0
D,G,D,6802,100,6802,1,0
D,H,D,1415,100,1415,1,0
A,E,E,1383,100,1383,1,0
B,E,E,7017,100,7017,1,0
C,E,E,7515,100,7515,1,0
D,E,E,9412,100,9412,1,0
E,F,E,6992,100,6992,1,0
E,G,E,7326,100,7326,1,0
E,H,E,9690,100,9690,1,0
A,F,F,7413,100,7413,1,0
B,F,F,1416,100,1416,1,0
C,F,F,7140,100,7140,1,0
D,F,F,12872,100,12872,1,0
E,F,F,7025,100,7025,1,0
F,G,F,6887,100,6887,1,0
F,H,F,13276,100,13276,1,0
A,G,G,7592,100,7592,1,0
B,G,G,6749,100,6749,1,0
C,G,G,1388,100,1388,1,0
D,G,G,6780,100,6780,1,0
E,G,G,7316,100,7316,1,0
F,G,G,6885,100,6885,1,0
G,H,G,7033,100,7033,1,0
A,H,H,9702,100,9702,1,0
B,H,H,13025,100,13025,1,0
C,H,H,7110,100,7110,1,0
D,H,H,1434,100,1434,1,0
E,H,H,9671,100,9671,1,0
F,H,H,13233,100,13233,1,0
G,H,H,7078,100,7078,1,0
A,B,A,7111,100,7111,1,0
A,C,A,7624,100,7624,1,0
A,D,A,9223,100,9223,1,0
A,E,A,1369,100,1369,1,0
A,F,A,7343,100,7343,1,0
A,G,A,7612,100,7612,1,0
A,H,A,9656,100,9656,1,0
A,B,B,7203,100,7203,1,0
B,C,B,6714,100,6714,1,0
B,D,B,12517,100,12517,1,0
B,E,B,7054,100,7054,1,0
B,F,B,1456,100,1456,1,0
B,G,B,6742,100,6742,1,0
B,H,B,13112,100,13112,1,0
A,C,C,7589,100,7589,1,0
B,C,C,6734,100,6734,1,0
C,D,C,6610,100,6610,1,0
C,E,C,7511,100,7511,1,0
C,F,C,7136,100,7136,1,0
C,G,C,1368,100,1368,1,0
C,H,C,7084,100,7084,1,0
A,D,D,9204,100,9204,1,0
B,D,D,12557,100,12557,1,0
C,D,D,6598,100,6598,1,0
D,E,D,9394,100,9394,1,0
D,F,D,12907,100,12907,1,0
D,G,D,6756,100,6756,1,0
D,H,D,1468,100,1468,1,0
A,E,E,1386,100,1386,1,0
B,E,E,7043,100,7043,1,0
C,E,E,7480,100,7480,1,0
D,E,E,9383,100,9383,1,0
E,F,E,7037,100,7037,1,0
E,G,E,7324,100,7324,1,0
E,H,E,9631,100,9631,1,0
A,F,F,7371,100,7371,1,0
B,F,F,1420,100,1420,1,0
C,F,F,7136,100,7136,1,0
D,F,F,12879,100,12879,1,0
E,F,F,7026,100,7026,1,0
F,G,F,6884,100,6884,1,0
F,H,F,13261,100,13261,1,0
A,G,G,7603,100,7603,1,0
B,G,G,6762,100,6762,1,0
C,G,G,1316,100,1316,1,0
D,G,G,6783,100,6783,1,0
E,G,G,7292,100,7292,1,0
F,G,G,6855,100,6855,1,0
G,H,G,7022,100,7022,1,0
A,H,H,9646,100,9646,1,0
B,H,H,13024,100,13024,1,0
C,H,H,7092,100,7092,1,0
D,H,H,1447,100,1447,1,0
E,H,H,9656,100,9656,1,0
F,H,H,13217,100,13217,1,0
G,H,H,7056,100,7056,1,0
A,B,A,7138,100,7138,1,0
A,C,A,7571,100,7571,1,0
A,D,A,9199,100,9199,1,0
A,E,A,1339,100,1339,1,0
A,F,A,7368,100,7368,1,0
A,G,A,7571,100,7571,1,0
A,H,A,9715,100,9715,1,0
A,B,B,7139,100,7139,1,0
B,C,B,6726,100,6726,1,0
B,D,B,12587,100,12587,1,0
B,E,B,7065,100,7065,1,0
B,F,B,1444,100,1444,1,0
B,G,B,6751,100,6751,1,0
B,H,B,13025,100,13025,1,0
A,C,C,7595,100,7595,1,0
B,C,C,6735,100,6735,1,0
C,D,C,6606,100,6606,1,0
C,E,C,7561,100,7561,1,0
C,F,C,7121,100,7121,1,0
C,G,C,1348,100,1348,1,0
C,H,C,7081,100,7081,1,0
A,D,D,9207,100,9207,1,0
B,D,D,12502,100,12502,1,0
C,D,D,6609,100,6609,1,0
D,E,D,9394,100,9394,1,0
D,F,D,12894,100,12894,1,0
D,G,D,6817,100,6817,1,0
D,H,D,1484,100,1484,1,0
A,E,E,1385,100,1385,1,0
B,E,E,7097,100,7097,1,0
C,E,E,7505,100,7505,1,0
D,E,E,9380,100,9380,1,0
E,F,E,7048,100,7048,1,0
E,G,E,7316,100,7316,1,0
E,H,E,9650,100,9650,1,0
A,F,F,7352,100,7352,1,0
B,F,F,1419,100,1419,1,0
C,F,F,7120,100,7120,1,0
D,F,F,12873,100,12873,1,0
E,F,F,6992,100,6992,1,0
F,G,F,6892,100,6892,1,0
F,H,F,13214,100,13214,1,0
A,G,G,7538,100,7538,1,0
B,G,G,6756,100,6756,1,0
C,G,G,1369,100,1369,1,0
D,G,G,6797,100,6797,1,0
E,G,G,7335,100,7335,1,0
F,G,G,6847,100,6847,1,0
G,H,G,7049,100,7049,1,0
A,H,H,9671,100,9671,1,0
B,H,H,13041,100,13041,1,0
C,H,H,7111,100,7111,1,0
D,H,H,1443,100,1443,1,0
E,H,H,9670,100,9670,1,0
F,H,H,13233,100,13233,1,0
G,H,H,7061,100,7061,1,0
A,B,A,7114,100,7114,1,0
A,C,A,7548,100,7548,1,0
A,D,A,9198,100,9198,1,0
A,E,A,1363,100,1363,1,0
A,F,A,7420,100,7420,1,0
A,G,A,7614,100,7614,1,0
A,H,A,9700,100,9700,1,0
A,B,B,7142,100,7142,1,0
B,C,B,6723,100,6723,1,0
B,D,B,12569,100,12569,1,0
B,E,B,7055,100,7055,1,0
B,F,B,1454,100,1454,1,0
B,G,B,6757,100,6757,1,0
B,H,B,13087,100,13087,1,0
A,C,C,7575,100,7575,1,0
B,C,C,6724,100,6724,1,0
C,D,C,6568,100,6568,1,0
C,E,C,7551,100,7551,1,0
C,F,C,7112,100,7112,1,0
C,G,C,1381,100,1381,1,0
C,H,C,7069,100,7069,1,0
A,D,D,9194,100,9194,1,0
B,D,D,12523,100,12523,1,0
C,D,D,6602,100,6602,1,0
D,E,D,9359,100,9359,1,0
D,F,D,12905,100,12905,1,0
D,G,D,6788,100,6788,1,0
D,H,D,1377,100,1377,1,0
A,E,E,1329,100,1329,1,0
B,E,E,7058,100,7058,1,0
C,E,E,7566,100,7566,1,0
D,E,E,9376,100,9376,1,0
E,F,E,7028,100,7028,1,0
E,G,E,7289,100,7289,1,0
E,H,E,9662,100,9662,1,0
A,F,F,7413,100,7413,1,0
B,F,F,1436,100,1436,1,0
C,F,F,7103,100,7103,1,0
D,F,F,12863,100,12863,1,0
E,F,F,7013,100,7013,1,0
F,G,F,6869,100,6869,1,0
F,H,F,13254,100,13254,1,0
A,G,G,7531,100,7531,1,0
B,G,G,6779,100,6779,1,0
C,G,G,1351,100,1351,1,0
D,G,G,6786,100,6786,1,0
E,G,G,7305,100,7305,1,0
F,G,G,6880,100,6880,1,0
G,H,G,7055,100,7055,1,0
A,H,H,9665,100,9665,1,0
B,H,H,13024,100,13024,1,0
C,H,H,7130,100,7130,1,0
D,H,H,1436,100,1436,1,0
E,H,H,9645,100,9645,1,0
F,H,H,13275,100,13275,1,0
G,H,H,7085,100,7085,1,0
A,B,A,7172,100,7172,1,0
A,C,A,7553,100,7553,1,0
A,D,A,9226,100,9226,1,0
A,E,A,1391,100,1391,1,0
A,F,A,7446,100,7446,1,0
A,G,A,7631,100,7631,1,0
A,H,A,9742,100,9742,1,0
A,B,B,7162,100,7162,1,0
B,C,B,6698,100,6698,1,0
B,D,B,12530,100,12530,1,0
B,E,B,7069,100,7069,1,0
B,F,B,1435,100,1435,1,0
B,G,B,6780,100,6780,1,0
B,H,B,13032,100,13032,1,0
A,C,C,7580,100,7580,1,0
B,C,C,6699,100,6699,1,0
C,D,C,6590,100,6590,1,0
C,E,C,7530,100,7530,1,0
C,F,C,7106,100,7106,1,0
C,G,C,1369,100,1369,1,0
C,H,C,7057,100,7057,1,0
A,D,D,9203,100,9203,1,0
B,D,D,12573,100,12573,1,0
C,D,D,6595,100,6595,1,0
D,E,D,9350,100,9350,1,0
D,F,D,12879,100,12879,1,0
D,G,D,6843,100,6843,1,0
D,H,D,1403,100,1403,1,0
A,E,E,1307,100,1307,1,0
B,E,E,7029,100,7029,1,0
C,E,E,7527,100,7527,1,0
D,E,E,9335,100,9335,1,0
E,F,E,7011,100,7011,1,0
E,G,E,7320,100,7320,1,0
E,H,E,9675,100,9675,1,0
A,F,F,7334,100,7334,1,0
B,F,F,1450,100,1450,1,0
C,F,F,7104,100,7104,1,0
D,F,F,12894,100,12894,1,0
E,F,F,7036,100,7036,1,0
F,G,F,6886,100,6886,1,0
F,H,F,13211,100,13211,1,0
A,G,G,7578,100,7578,1,0
B,G,G,6762,100,6762,1,0
C,G,G,1329,100,1329,1,0
D,G,G,6868,100,6868,1,0
E,G,G,7309,100,7309,1,0
F,G,G,6913,100,6913,1,0
G,H,G,7076,100,7076,1,0
A,H,H,9680,100,9680,1,0
B,H,H,13046,100,13046,1,0
C,H,H,7136,100,7136,1,0
D,H,H,1442,100,1442,1,0
E,H,H,9663,100,9663,1,0
F,H,H,13254,100,13254,1,0
G,H,H,7028,100,7028,1,0
A,B,A,7162,100,7162,1,0
A,C,A,7635,100,7635,1,0
A,D,A,9200,100,9200,1,0
A,E,A,1360,100,1360,1,0
A,F,A,7391,100,7391,1,0
A,G,A,7568,100,7568,1,0
A,H,A,9691,100,9691,1,0
A,B,B,7143,100,7143,1,0
B,C,B,6706,100,6706,1,0
B,D,B,12565,100,12565,1,0
B,E,B,7083,100,7083,1,0
B,F,B,1389,100,1389,1,0
B,G,B,6758,100,6758,1,0
B,H,B,13035,100,13035,1,0
A,C,C,7554,100,7554,1,0
B,C,C,6759,100,6759,1,0
C,D,C,6605,100,6605,1,0
C,E,C,7555,100,7555,1,0
C,F,C,7114,100,7114,1,0
C,G,C,1409,100,1409,1,0
C,H,C,7150,100,7150,1,0
A,D,D,9211,100,9211,1,0
B,D,D,12550,100,12550,1,0
C,D,D,6620,100,6620,1,0
D,E,D,9361,100,9361,1,0
D,F,D,12895,100,12895,1,0
D,G,D,6798,100,6798,1,0
D,H,D,1441,100,1441,1,0
A,E,E,1397,100,1397,1,0
B,E,E,7009,100,7009,1,0
C,E,E,7558,100,7558,1,0
D,E,E,9375,100,9375,1,0
E,F,E,7041,100,7041,1,0
E,G,E,7299,100,7299,1,0
E,H,E,9644,100,9644,1,0
A,F,F,7358,100,7358,1,0
B,F,F,1439,100,1439,1,0
C,F,F,7129,100,7129,1,0
D,F,F,12896,100,12896,1,0
E,F,F,7031,100,7031,1,0
F,G,F,6879,100,6879,1,0
F,H,F,13229,100,13229,1,0
A,G,G,7583,100,7583,1,0
B,G,G,6776,100,6776,1,0
C,G,G,1322,100,1322,1,0
D,G,G,6807,100,6807,1,0
E,G,G,7302,100,7302,1,0
F,G,G,6898,100,6898,1,0
G,H,G,7043,100,7043,1,0
A,H,H,9688,100,9688,1,0
B,H,H,13076,100,13076,1,0
C,H,H,7118,100,7118,1,0
D,H,H,1440,100,1440,1,0
E,H,H,9669,100,9669,1,0
F,H,H,13216,100,13216,1,0
G,H,H,7044,100,7044,1,0
A,B,A,7155,100,7155,1,0
A,C,A,7608,100,7608,1,0
A,D,A,9197,100,9197,1,0
A,E,A,1354,100,1354,1,0
A,F,A,7401,100,7401,1,0
A,G,A,7561,100,7561,1,0
A,H,A,9731,100,9731,1,0
A,B,B,7144,100,7144,1,0
B,C,B,6725,100,6725,1,0
B,D,B,12523,100,12523,1,0
B,E,B,7007,100,7007,1,0
B,F,B,1428,100,1428,1,0
B,G,B,6729,100,6729,1,0
B,H,B,13013,100,13013,1,0
A,C,C,7623,100,7623,1,0
B,C,C,6752,100,6752,1,0
C,D,C,6580,100,6580,1,0
C,E,C,7538,100,7538,1,0
C,F,C,7136,100,7136,1,0
C,G,C,1369,100,1369,1,0
C,H,C,7139,100,7139,1,0
A,D,D,9238,100,9238,1,0
B,D,D,12557,100,12557,1,0
C,D,D,6591,100,6591,1,0
D,E,D,9391,100,9391,1,0
D,F,D,12864,100,12864,1,0
D,G,D,6795,100,6795,1,0
D,H,D,1438,100,1438,1,0
A,E,E,1365,100,1365,1,0
B,E,E,6994,100,6994,1,0
C,E,E,7507,100,7507,1,0
D,E,E,9393,100,9393,1,0
E,F,E,7001,100,7001,1,0
E,G,E,7306,100,7306,1,0
E,H,E,9620,100,9620,1,0
A,F,F,7415,100,7415,1,0
B,F,F,1415,100,1415,1,0
C,F,F,7116,100,7116,1,0
D,F,F,12852,100,12852,1,0
E,F,F,7001,100,7001,1,0
F,G,F,6890,100,6890,1,0
F,H,F,13218,100,13218,1,0
A,G,G,7608,100,7608,1,0
B,G,G,6730,100,6730,1,0
C,G,G,1350,100,1350,1,0
D,G,G,6821,100,6821,1,0
E,G,G,7327,100,7327,1,0
F,G,G,6891,100,6891,1,0
G,H,G,7033,100,7033,1,0
A,H,H,9676,100,9676,1,0
B,H,H,13085,100,13085,1,0
C,H,H,7099,100,7099,1,0
D,H,H,1418,100,1418,1,0
E,H,H,9655,100,9655,1,0
F,H,H,13189,100,13189,1,0
G,H,H,7051,100,7051,1,0
A,B,A,7138,100,7138,1,0
A,C,A,7604,100,7604,1,0
A,D,A,9191,100,9191,1,0
A,E,A,1357,100,1357,1,0
A,F,A,7366,100,7366,1,0
A,G,A,7610,100,7610,1,0
A,H,A,9703,100,9703,1,0
A,B,B,7150,100,7150,1,0
B,C,B,6721,100,6721,1,0
B,D,B,12536,100,12536,1,0
B,E,B,7059,100,7059,1,0
B,F,B,1425,100,1425,1,0
B,G,B,6781,100,6781,1,0
B,H,B,13071,100,13071,1,0
A,C,C,7527,100,7527,1,0
B,C,C,6718,100,6718,1,0
C,D,C,6591,100,6591,1,0
C,E,C,7525,100,7525,1,0
C,F,C,7108,100,7108,1,0
C,G,C,1391,100,1391,1,0
C,H,C,7145,100,7145,1,0
A,D,D,9188,100,9188,1,0
B,D,D,12537,100,12537,1,0
C,D,D,6585,100,6585,1,0
D,E,D,9362,100,9362,1,0
D,F,D,12861,100,12861,1,0
D,G,D,6796,100,6796,1,0
D,H,D,1506,100,1506,1,0
A,E,E,1373,100,1373,1,0
B,E,E,7070,100,7070,1,0
C,E,E,7525,100,7525,1,0
D,E,E,9353,100,9353,1,0
E,F,E,7010,100,7010,1,0
E,G,E,7309,100,7309,1,0
E,H,E,9641,100,9641,1,0
A,F,F,7401,100,7401,1,0
B,F,F,1453,100,1453,1,0
C,F,F,7117,100,7117,1,0
D,F,F,12910,100,12910,1,0
E,F,F,7030,100,7030,1,0
F,G,F,6859,100,6859,1,0
F,H,F,13211,100,13211,1,0
A,G,G,7589,100,7589,1,0
B,G,G,6760,100,6760,1,0
C,G,G,1347,100,1347,1,0
D,G,G,6801,100,6801,1,0
E,G,G,7290,100,7290,1,0
F,G,G,6866,100,6866,1,0
G,H,G,7009,100,7009,1,0
A,H,H,9680,100,9680,1,0
B,H,H,13107,100,13107,1,0
C,H,H,7089,100,7089,1,0
D,H,H,1426,100,1426,1,0
E,H,H,9659,100,9659,1,0
F,H,H,13266,100,13266,1,0
G,H,H,7062,100,7062,1,0
A,B,A,7168,100,7168,1,0
A,C,A,7668,100,7668,1,0
A,D,A,9219,100,9219,1,0
A,E,A,1417,100,1417,1,0
A,F,A,7383,100,7383,1,0
A,G,A,7561,100,7561,1,0
A,H,A,9712,100,9712,1,0
A,B,B,7129,100,7129,1,0
B,C,B,6722,100,6722,1,0
B,D,B,12533,100,12533,1,0
B,E,B,7038,100,7038,1,0
B,F,B,1441,100,1441,1,0
B,G,B,6749,100,6749,1,0
B,H,B,13052,100,13052,1,0
A,C,C,7539,100,7539,1,0
B,C,C,6684,100,6684,1,0
C,D,C,6639,100,6639,1,0
C,E,C,7549,100,7549,1,0
C,F,C,7132,100,7132,1,0
C,G,C,1355,100,1355,1,0
C,H,C,7104,100,7104,1,0
A,D,D,9193,100,9193,1,0
B,D,D,12519,100,12519,1,0
C,D,D,6577,100,6577,1,0
D,E,D,9435,100,9435,1,0
D,F,D,12879,100,12879,1,0
D,G,D,6809,100,6809,1,0
D,H,D,1403,100,1403,1,0
A,E,E,1361,100,1361,1,0
B,E,E,7026,100,7026,1,0
C,E,E,7530,100,7530,1,0
D,E,E,9390,100,9390,1,0
E,F,E,6955,100,6955,1,0
E,G,E,7365,100,7365,1,0
E,H,E,9662,100,9662,1,0
A,F,F,7345,100,7345,1,0
B,F,F,1404,100,1404,1,0
C,F,F,7127,100,7127,1,0
D,F,F,12858,100,12858,1,0
E,F,F,6988,100,6988,1,0
F,G,F,6876,100,6876,1,0
F,H,F,13251,100,13251,1,0
A,G,G,7546,100,7546,1,0
B,G,G,6718,100,6718,1,0
C,G,G,1377,100,1377,1,0
D,G,G,6842,100,6842,1,0
E,G,G,7293,100,7293,1,0
F,G,G,6917,100,6917,1,0
G,H,G,7068,100,7068,1,0
A,H,H,9728,100,9728,1,0
B,H,H,13027,100,13027,1,0
C,H,H,7146,100,7146,1,0
D,H,H,1430,100,1430,1,0
E,H,H,9636,100,9636,1,0
F,H,H,13199,100,13199,1,0
G,H,H,7047,100,7047,1,0
A,B,A,7171,100,7171,1,0
A,C,A,7587,100,7587,1,0
A,D,A,9190,100,9190,1,0
A,E,A,1403,100,1403,1,0
A,F,A,7335,100,7335,1,0
A,G,A,7587,100,7587,1,0
A,H,A,9685,100,9685,1,0
A,B,B,7153,100,7153,1,0
B,C,B,6716,100,6716,1,0
B,D,B,12540,100,12540,1,0
B,E,B,7039,100,7039,1,0
B,F,B,1433,100,1433,1,0
B,G,B,6779,100,6779,1,0
B,H,B,13013,100,13013,1,0
A,C,C,7541,100,7541,1,0
B,C,C,6713,100,6713,1,0
C,D,C,6590,100,6590,1,0
C,E,C,7513,100,7513,1,0
C,F,C,7123,100,7123,1,0
C,G,C,1371,100,1371,1,0
C,H,C,7114,100,7114,1,0
A,D,D,9202,100,9202,1,0
B,D,D,12567,100,12567,1,0
C,D,D,6588,100,6588,1,0
D,E,D,9353,100,9353,1,0
D,F,D,12871,100,12871,1,0
D,G,D,6799,100,6799,1,0
D,H,D,1454,100,1454,1,0
A,E,E,1449,100,1449,1,0
B,E,E,7054,100,7054,1,0
C,E,E,7578,100,7578,1,0
D,E,E,9378,100,9378,1,0
E,F,E,7011,100,7011,1,0
E,G,E,7329,100,7329,1,0
E,H,E,9678,100,9678,1,0
A,F,F,7353,100,7353,1,0
B,F,F,1466,100,1466,1,0
C,F,F,7121,100,7121,1,0
D,F,F,12891,100,12891,1,0
E,F,F,7016,100,7016,1,0
F,G,F,6864,100,6864,1,0
F,H,F,13205,100,13205,1,0
A,G,G,7600,100,7600,1,0
B,G,G,6734,100,6734,1,0
C,G,G,1390,100,1390,1,0
D,G,G,6791,100,6791,1,0
E,G,G,7308,100,7308,1,0
F,G,G,6875,100,6875,1,0
G,H,G,7037,100,7037,1,0
A,H,H,9701,100,9701,1,0
B,H,H,13060,100,13060,1,0
C,H,H,7134,100,7134,1,0
D,H,H,1440,100,1440,1,0
E,H,H,9676,100,9676,1,0
F,H,H,13243,100,13243,1,0
G,H,H,7057,100,7057,1,0
A,B,A,7166,100,7166,1,0
A,C,A,7614,100,7614,1,0
A,D,A,9206,100,9206,1,0
A,E,A,1392,100,1392,1,0
A,F,A,7335,100,7335,1,0
A,G,A,7589,100,7589,1,0
A,H,A,9716,100,9716,1,0
A,B,B,7174,100,7174,1,0
B,C,B,6695,100,6695,1,0
B,D,B,12525,100,12525,1,0
B,E,B,7055,100,7055,1,0
B,F,B,1466,100,1466,1,0
B,G,B,6764,100,6764,1,0
B,H,B,12997,100,12997,1,0
A,C,C,7569,100,7569,1,0
B,C,C,6684,100,6684,1,0
C,D,C,6585,100,6585,1,0
C,E,C,7571,100,7571,1,0
C,F,C,7109,100,7109,1,0
C,G,C,1357,100,1357,1,0
C,H,C,7131,100,7131,1,0
A,D,D,9190,100,9190,1,0
B,D,D,12556,100,12556,1,0
C,D,D,6611,100,6611,1,0
D,E,D,9331,100,9331,1,0
D,F,D,12859,100,12859,1,0
D,G,D,6798,100,6798,1,0
D,H,D,1486,100,1486,1,0
A,E,E,1413,100,1413,1,0
B,E,E,7027,100,7027,1,0
C,E,E,7525,100,7525,1,0
D,E,E,9314,100,9314,1,0
E,F,E,7035,100,7035,1,0
E,G,E,7283,100,7283,1,0
E,H,E,9698,100,9698,1,0
A,F,F,7364,100,7364,1,0
B,F,F,1404,100,1404,1,0
C,F,F,7114,100,7114,1,0
D,F,F,12904,100,12904,1,0
E,F,F,6989,100,6989,1,0
F,G,F,6880,100,6880,1,0
F,H,F,13202,100,13202,1,0
A,G,G,7615,100,7615,1,0
B,G,G,6771,100,6771,1,0
C,G,G,1353,100,1353,1,0
D,G,G,6802,100,6802,1,0
E,G,G,7330,100,7330,1,0
F,G,G,6890,100,6890,1,0
G,H,G,7050,100,7050,1,0
A,H,H,9686,100,9686,1,0
B,H,H,13064,100,13064,1,0
C,H,H,7080,100,7080,1,0
D,H,H,1419,100,1419,1,0
E,H,H,9664,100,9664,1,0
F,H,H,13249,100,13249,1,0
G,H,H,7074,100,7074,1,0
A,B,A,7188,100,7188,1,0
A,C,A,7607,100,7607,1,0
A,D,A,9173,100,9173,1,0
A,E,A,1371,100,1371,1,0
A,F,A,7410,100,7410,1,0
A,G,A,7625,100,7625,1,0
A,H,A,9697,100,9697,1,0
A,B,B,7163,100,7163,1,0
B,C,B,6718,100,6718,1,0
B,D,B,12554,100,12554,1,0
B,E,B,7102,100,7102,1,0
B,F,B,1433,100,1433,1,0
B,G,B,6762,100,6762,1,0
B,H,B,13002,100,13002,1,0
A,C,C,7599,100,7599,1,0
B,C,C,6725,100,6725,1,0
C,D,C,6566,100,6566,1,0
C,E,C,7506,100,7506,1,0
C,F,C,7117,100,7117,1,0
C,G,C,1357,100,1357,1,0
C,H,C,7076,100,7076,1,0
A,D,D,9217,100,9217,1,0
B,D,D,12520,100,12520,1,0
C,D,D,6614,100,6614,1,0
D,E,D,9342,100,9342,1,0
D,F,D,12866,100,12866,1,0
D,G,D,6787,100,6787,1,0
D,H,D,1438,100,1438,1,0
A,E,E,1339,100,1339,1,0
B,E,E,7055,100,7055,1,0
C,E,E,7532,100,7532,1,0
D,E,E,9338,100,9338,1,0
E,F,E,6966,100,6966,1,0
E,G,E,7302,100,7302,1,0
E,H,E,9683,100,9683,1,0
A,F,F,7380,100,7380,1,0
B,F,F,1446,100,1446,1,0
C,F,F,7110,100,7110,1,0
D,F,F,12883,100,12883,1,0
E,F,F,7061,100,7061,1,0
F,G,F,6889,100,6889,1,0
F,H,F,13269,100,13269,1,0
A,G,G,7508,100,7508,1,0
B,G,G,6768,100,6768,1,0
C,G,G,1294,100,1294,1,0
D,G,G,6813,100,6813,1,0
E,G,G,7318,100,7318,1,0
F,G,G,6878,100,6878,1,0
G,H,G,7101,100,7101,1,0
A,H,H,9705,100,9705,1,0
B,H,H,12971,100,12971,1,0
C,H,H,7105,100,7105,1,0
D,H,H,1503,100,1503,1,0
E,H,H,9671,100,9671,1,0
F,H,H,13211,100,13211,1,0
G,H,H,7072,100,7072,1,0
A,B,A,7161,100,7161,1,0
A,C,A,7561,100,7561,1,0
A,D,A,9199,100,9199,1,0
A,E,A,1393,100,1393,1,0
A,F,A,7342,100,7342,1,0
A,G,A,7585,100,7585,1,0
A,H,A,9717,100,9717,1,0
A,B,B,7210,100,7210,1,0
B,C,B,6738,100,6738,1,0
B,D,B,12511,100,12511,1,0
B,E,B,7018,100,7018,1,0
B,F,B,1442,100,1442,1,0
B,G,B,6771,100,6771,1,0
B,H,B,13016,100,13016,1,0
A,C,C,7597,100,7597,1,0
B,C,C,6716,100,6716,1,0
C,D,C,6564,100,6564,1,0
C,E,C,7551,100,7551,1,0
C,F,C,7119,100,7119,1,0
C,G,C,1333,100,1333,1,0
C,H,C,7133,100,7133,1,0
A,D,D,9180,100,9180,1,0
B,D,D,12534,100,12534,1,0
C,D,D,6580,100,6580,1,0
D,E,D,9395,100,9395,1,0
D,F,D,12884,100,12884,1,0
D,G,D,6796,100,6796,1,0
D,H,D,1454,100,1454,1,0
A,E,E,1346,100,1346,1,0
B,E,E,7047,100,7047,1,0
C,E,E,7555,100,7555,1,0
D,E,E,9343,100,9343,1,0
E,F,E,7000,100,7000,1,0
E,G,E,7323,100,7323,1,0
E,H,E,9639,100,9639,1,0
A,F,F,7400,100,7400,1,0
B,F,F,1420,100,1420,1,0
C,F,F,7124,100,7124,1,0
D,F,F,12863,100,12863,1,0
E,F,F,7008,100,7008,1,0
F,G,F,6879,100,6879,1,0
F,H,F,13233,100,13233,1,0
A,G,G,7546,100,7546,1,0
B,G,G,6749,100,6749,1,0
C,G,G,1381,100,1381,1,0
D,G,G,6828,100,6828,1,0
E,G,G,7313,100,7313,1,0
F,G,G,6851,100,6851,1,0
G,H,G,7069,100,7069,1,0
A,H,H,9780,100,9780,1,0
B,H,H,13049,100,13049,1,0
C,H,H,7088,100,7088,1,0
D,H,H,1474,100,1474,1,0
E,H,H,9648,100,9648,1,0
F,H,H,13213,100,13213,1,0
G,H,H,7056,100,7056,1,0
A,B,A,7147,100,7147,1,0
A,C,A,7601,100,7601,1,0
A,D,A,9186,100,9186,1,0
A,E,A,1412,100,1412,1,0
A,F,A,7374,100,7374,1,0
A,G,A,7570,100,7570,1,0
A,H,A,9733,100,9733,1,0
A,B,B,7128,100,7128,1,0
B,C,B,6701,100,6701,1,0
B,D,B,12510,100,12510,1,0
B,E,B,7031,100,7031,1,0
B,F,B,1414,100,1414,1,0
B,G,B,6741,100,6741,1,0
B,H,B,13043,100,13043,1,0
A,C,C,7601,100,7601,1,0
B,C,C,6718,100,6718,1,0
C,D,C,6607,100,6607,1,0
C,E,C,7538,100,7538,1,0
C,F,C,7118,100,7118,1,0
C,G,C,1319,100,1319,1,0
C,H,C,7170,100,7170,1,0
A,D,D,9197,100,9197,1,0
B,D,D,12540,100,12540,1,0
C,D,D,6596,100,6596,1,0
D,E,D,9386,100,9386,1,0
D,F,D,12886,100,12886,1,0
D,G,D,6810,100,6810,1,0
D,H,D,1484,100,1484,1,0
A,E,E,1386,100,1386,1,0
B,E,E,7093,100,7093,1,0
C,E,E,7560,100,7560,1,0
D,E,E,9367,100,9367,1,0
E,F,E,7004,100,7004,1,0
E,G,E,7304,100,7304,1,0
E,H,E,9641,100,9641,1,0
A,F,F,7407,100,7407,1,0
B,F,F,1443,100,1443,1,0
C,F,F,7140,100,7140,1,0
D,F,F,12858,100,12858,1,0
E,F,F,6997,100,6997,1,0
F,G,F,6875,100,6875,1,0
F,H,F,13228,100,13228,1,0
A,G,G,7540,100,7540,1,0
B,G,G,6754,100,6754,1,0
C,G,G,1395,100,1395,1,0
D,G,G,6811,100,6811,1,0
E,G,G,7291,100,7291,1,0
F,G,G,6881,100,6881,1,0
G,H,G,7038,100,7038,1,0
A,H,H,9698,100,9698,1,0
B,H,H,13073,100,13073,1,0
C,H,H,7119,100,7119,1,0
D,H,H,1423,100,1423,1,0
E,H,H,9636,100,9636,1,0
F,H,H,13203,100,13203,1,0
G,H,H,7043,100,7043,1,0
A,B,A,7188,100,7188,1,0
A,C,A,7555,100,7555,1,0
A,D,A,9190,100,9190,1,0
A,E,A,1360,100,1360,1,0
A,F,A,7407,100,7407,1,0
A,G,A,7559,100,7559,1,0
A,H,A,9706,100,9706,1,0
A,B,B,7165,100,7165,1,0
B,C,B,6719,100,6719,1,0
B,D,B,12534,100,12534,1,0
B,E,B,7057,100,7057,1,0
B,F,B,1444,100,1444,1,0
B,G,B,6771,100,6771,1,0
B,H,B,13084,100,13084,1,0
A,C,C,7611,100,7611,1,0
B,C,C,6730,100,6730,1,0
C,D,C,6622,100,6622,1,0
C,E,C,7489,100,7489,1,0
C,F,C,7105,100,7105,1,0
C,G,C,1333,100,1333,1,0
C,H,C,7081,100,7081,1,0
A,D,D,9210,100,9210,1,0
B,D,D,12548,100,12548,1,0
C,D,D,6611,100,6611,1,0
D,E,D,9346,100,9346,1,0
D,F,D,12885,100,12885,1,0
D,G,D,6803,100,6803,1,0
D,H,D,1451,100,1451,1,0
A,E,E,1388,100,1388,1,0
B,E,E,7048,100,7048,1,0
C,E,E,7516,100,7516,1,0
D,E,E,9273,100,9273,1,0
E,F,E,7019,100,7019,1,0
E,G,E,7340,100,7340,1,0
E,H,E,9650,100,9650,1,0
A,F,F,7388,100,7388,1,0
B,F,F,1448,100,1448,1,0
C,F,F,7140,100,7140,1,0
D,F,F,12876,100,12876,1,0
E,F,F,6990,100,6990,1,0
F,G,F,6893,100,6893,1,0
F,H,F,13277,100,13277,1,0
A,G,G,7629,100,7629,1,0
B,G,G,6781,100,6781,1,0
C,G,G,1367,100,1367,1,0
D,G,G,6801,100,6801,1,0
E,G,G,7284,100,7284,1,0
F,G,G,6887,100,6887,1,0
G,H,G,7028,100,7028,1,0
A,H,H,9681,100,9681,1,0
B,H,H,13051,100,13051,1,0
C,H,H,7135,100,7135,1,0
D,H,H,1413,100,1413,1,0
E,H,H,9644,100,9644,1,0
F,H,H,13226,100,13226,1,0
G,H,H,7070,100,7070,1,0
A,B,A,7177,100,7177,1,0
A,C,A,7576,100,7576,1,0
A,D,A,9194,100,9194,1,0
A,E,A,1331,100,1331,1,0
A,F,A,7405,100,7405,1,0
A,G,A,7564,100,7564,1,0
A,H,A,9728,100,9728,1,0
A,B,B,7170,100,7170,1,0
B,C,B,6694,100,6694,1,0
B,D,B,12523,100,12523,1,0
B,E,B,7033,100,7033,1,0
B,F,B,1419,100,1419,1,0
B,G,B,6733,100,6733,1,0
B,H,B,13091,100,13091,1,0
A,C,C,7623,100,7623,1,0
B,C,C,6738,100,6738,1,0
C,D,C,6625,100,6625,1,0
C,E,C,7552,100,7552,1,0
C,F,C,7115,100,7115,1,0
C,G,C,1365,100,1365,1,0
C,H,C,7136,100,7136,1,0
A,D,D,9175,100,9175,1,0
B,D,D,12521,100,12521,1,0
C,D,D,6603,100,6603,1,0
D,E,D,9325,100,9325,1,0
D,F,D,12874,100,12874,1,0
D,G,D,6796,100,6796,1,0
D,H,D,1442,100,1442,1,0
A,E,E,1299,100,1299,1,0
B,E,E,7093,100,7093,1,0
C,E,E,7545,100,7545,1,0
D,E,E,9379,100,9379,1,0
E,F,E,7021,100,7021,1,0
E,G,E,7302,100,7302,1,0
E,H,E,9690,100,9690,1,0
A,F,F,7392,100,7392,1,0
B,F,F,1440,100,1440,1,0
C,F,F,7105,100,7105,1,0
D,F,F,12867,100,12867,1,0
E,F,F,7002,100,7002,1,0
F,G,F,6868,100,6868,1,0
F,H,F,13234,100,13234,1,0
A,G,G,7571,100,7571,1,0
B,G,G,6719,100,6719,1,0
C,G,G,1390,100,1390,1,0
D,G,G,6813,100,6813,1,0
E,G,G,7279,100,7279,1,0
F,G,G,6859,100,6859,1,0
G,H,G,7070,100,7070,1,0
A,H,H,9689,100,9689,1,0
B,H,H,13063,100,13063,1,0
C,H,H,7108,100,7108,1,0
D,H,H,1493,100,1493,1,0
E,H,H,9656,100,9656,1,0
F,H,H,13287,100,13287,1,0
G,H,H,7071,100,7071,1,0
A,B,A,7149,100,7149,1,0
A,C,A,7615,100,7615,1,0
A,D,A,9176,100,9176,1,0
A,E,A,1379,100,1379,1,0
A,F,A,7373,100,7373,1,0
A,G,A,7614,100,7614,1,0
A,H,A,9699,100,9699,1,0
A,B,B,7119,100,7119,1,0
B,C,B,6735,100,6735,1,0
B,D,B,12548,100,12548,1,0
B,E,B,7019,100,7019,1,0
B,F,B,1439,100,1439,1,0
B,G,B,6764,100,6764,1,0
B,H,B,13012,100,13012,1,0
A,C,C,7575,100,7575,1,0
B,C,C,6707,100,6707,1,0
C,D,C,6639,100,6639,1,0
C,E,C,7546,100,7546,1,0
C,F,C,7107,100,7107,1,0
C,G,C,1394,100,1394,1,0
C,H,C,7132,100,7132,1,0
A,D,D,9205,100,9205,1,0
B,D,D,12554,100,12554,1,0
C,D,D,6609,100,6609,1,0
D,E,D,9343,100,9343,1,0
D,F,D,12831,100,12831,1,0
D,G,D,6785,100,6785,1,0
D,H,D,1390,100,1390,1,0
A,E,E,1418,100,1418,1,0
B,E,E,7038,100,7038,1,0
C,E,E,7514,100,7514,1,0
D,E,E,9390,100,9390,1,0
E,F,E,7021,100,7021,1,0
E,G,E,7326,100,7326,1,0
E,H,E,9637,100,9637,1,0
A,F,F,7357,100,7357,1,0
B,F,F,1431,100,1431,1,0
C,F,F,7107,100,7107,1,0
D,F,F,12885,100,12885,1,0
E,F,F,6997,100,6997,1,0
F,G,F,6875,100,6875,1,0
F,H,F,13235,100,13235,1,0
A,G,G,7553,100,7553,1,0
B,G,G,6734,100,6734,1,0
C,G,G,1365,100,1365,1,0
D,G,G,6767,100,6767,1,0
E,G,G,7307,100,7307,1,0
F,G,G,6860,100,6860,1,0
G,H,G,7048,100,7048,1,0
A,H,H,9709,100,9709,1,0
B,H,H,13062,100,13062,1,0
C,H,H,7095,100,7095,1,0
D,H,H,1491,100,1491,1,0
E,H,H,9695,100,9695,1,0
F,H,H,13254,100,13254,1,0
G,H,H,7077,100,7077,1,0
A,B,A,7192,100,7192,1,0
A,C,A,7593,100,7593,1,0
A,D,A,9172,100,9172,1,0
A,E,A,1382,100,1382,1,0
A,F,A,7393,100,7393,1,0
A,G,A,7558,100,7558,1,0
A,H,A,9698,100,9698,1,0
A,B,B,7155,100,7155,1,0
B,C,B,6724,100,6724,1,0
B,D,B,12508,100,12508,1,0
B,E,B,7015,100,7015,1,0
B,F,B,1422,100,1422,1,0
B,G,B,6755,100,6755,1,0
B,H,B,13052,100,13052,1,0
A,C,C,7603,100,7603,1,0
B,C,C,6713,100,6713,1,0
C,D,C,6595,100,6595,1,0
C,E,C,7533,100,7533,1,0
C,F,C,7113,100,7113,1,0
C,G,C,1349,100,1349,1,0
C,H,C,7092,100,7092,1,0
A,D,D,9201,100,9201,1,0
B,D,D,12511,100,12511,1,0
C,D,D,6593,100,6593,1,0
D,E,D,9411,100,9411,1,0
D,F,D,12890,100,12890,1,0
D,G,D,6801,100,6801,1,0
D,H,D,1448,100,1448,1,0
A,E,E,1383,100,1383,1,0
B,E,E,7047,100,7047,1,0
C,E,E,7540,100,7540,1,0
D,E,E,9337,100,9337,1,0
E,F,E,7016,100,7016,1,0
E,G,E,7338,100,7338,1,0
E,H,E,9659,100,9659,1,0
A,F,F,7342,100,7342,1,0
B,F,F,1442,100,1442,1,0
C,F,F,7116,100,7116,1,0
D,F,F,12860,100,12860,1,0
E,F,F,7019,100,7019,1,0
F,G,F,6879,100,6879,1,0
F,H,F,13264,100,13264,1,0
A,G,G,7557,100,7557,1,0
B,G,G,6781,100,6781,1,0
C,G,G,1336,100,1336,1,0
D,G,G,6777,100,6777,1,0
E,G,G,7319,100,7319,1,0
F,G,G,6881,100,6881,1,0
G,H,G,7019,100,7019,1,0
A,H,H,9697,100,9697,1,0
B,H,H,13032,100,13032,1,0
C,H,H,7086,100,7086,1,0
D,H,H,1449,100,1449,1,0
E,H,H,9617,100,9617,1,0
F,H,H,13269,100,13269,1,0
G,H,H,7062,100,7062,1,0
A,B,A,7134,100,7134,1,0
A,C,A,7580,100,7580,1,0
A,D,A,9214,100,9214,1,0
A,E,A,1389,100,1389,1,0
A,F,A,7350,100,7350,1,0
A,G,A,7634,100,7634,1,0
A,H,A,9759,100,9759,1,0
A,B,B,7155,100,7155,1,0
B,C,B,6711,100,6711,1,0
B,D,B,12513,100,12513,1,0
B,E,B,7047,100,7047,1,0
B,F,B,1417,100,1417,1,0
B,G,B,6784,100,6784,1,0
B,H,B,13018,100,13018,1,0
A,C,C,7580,100,7580,1,0
B,C,C,6719,100,6719,1,0
C,D,C,6592,100,6592,1,0
C,E,C,7554,100,7554,1,0
C,F,C,7124,100,7124,1,0
C,G,C,1365,100,1365,1,0
C,H,C,7093,100,7093,1,0
A,D,D,9201,100,9201,1,0
B,D,D,12550,100,12550,1,0
C,D,D,6588,100,6588,1,0
D,E,D,9307,100,9307,1,0
D,F,D,12889,100,12889,1,0
D,G,D,6821,100,6821,1,0
D,H,D,1456,100,1456,1,0
A,E,E,1401,100,1401,1,0
B,E,E,7038,100,7038,1,0
C,E,E,7569,100,7569,1,0
D,E,E,9311,100,9311,1,0
E,F,E,6995,100,6995,1,0
E,G,E,7329,100,7329,1,0
E,H,E,9612,100,9612,1,0
A,F,F,7444,100,7444,1,0
B,F,F,1428,100,1428,1,0
C,F,F,7104,100,7104,1,0
D,F,F,12888,100,12888,1,0
E,F,F,6988,100,6988,1,0
F,G,F,6875,100,6875,1,0
F,H,F,13251,100,13251,1,0
A,G,G,7590,100,7590,1,0
B,G,G,6731,100,6731,1,0
C,G,G,1328,100,1328,1,0
D,G,G,6827,100,6827,1,0
E,G,G,7311,100,7311,1,0
F,G,G,6871,100,6871,1,0
G,H,G,7049,100,7049,1,0
A,H,H,9657,100,9657,1,0
B,H,H,13057,100,13057,1,0
C,H,H,7115,100,7115,1,0
D,H,H,1395,100,1395,1,0
E,H,H,9679,100,9679,1,0
F,H,H,13214,100,13214,1,0
G,H,H,7029,100,7029,1,0
A,B,A,7157,100,7157,1,0
A,C,A,7548,100,7548,1,0
A,D,A,9217,100,9217,1,0
A,E,A,1363,100,1363,1,0
A,F,A,7370,100,7370,1,0
A,G,A,7619,100,7619,1,0
A,H,A,9707,100,9707,1,0
A,B,B,7209,100,7209,1,0
B,C,B,6699,100,6699,1,0
B,D,B,12523,100,12523,1,0
B,E,B,7086,100,7086,1,0
B,F,B,1392,100,1392,1,0
B,G,B,6725,100,6725,1,0
B,H,B,13070,100,13070,1,0
A,C,C,7569,100,7569,1,0
B,C,C,6721,100,6721,1,0
C,D,C,6570,100,6570,1,0
C,E,C,7558,100,7558,1,0
C,F,C,7118,100,7118,1,0
C,G,C,1324,100,1324,1,0
C,H,C,7107,100,7107,1,0
A,D,D,9199,100,9199,1,0
B,D,D,12505,100,12505,1,0
C,D,D,6596,100,6596,1,0
D,E,D,9321,100,9321,1,0
D,F,D,12895,100,12895,1,0
D,G,D,6837,100,6837,1,0
D,H,D,1439,100,1439,1,0
A,E,E,1378,100,1378,1,0
B,E,E,7053,100,7053,1,0
C,E,E,7578,100,7578,1,0
D,E,E,9308,100,9308,1,0
E,F,E,6989,100,6989,1,0
E,G,E,7295,100,7295,1,0
E,H,E,9634,100,9634,1,0
A,F,F,7372,100,7372,1,0
B,F,F,1405,100,1405,1,0
C,F,F,7109,100,7109,1,0
D,F,F,12856,100,12856,1,0
E,F,F,7019,100,7019,1,0
F,G,F,6867,100,6867,1,0
F,H,F,13190,100,13190,1,0
A,G,G,7571,100,7571,1,0
B,G,G,6794,100,6794,1,0
C,G,G,1374,100,1374,1,0
D,G,G,6806,100,6806,1,0
E,G,G,7295,100,7295,1,0
F,G,G,6874,100,6874,1,0
G,H,G,7042,100,7042,1,0
A,H,H,9726,100,9726,1,0
B,H,H,13058,100,13058,1,0
C,H,H,7104,100,7104,1,0
D,H,H,1451,100,1451,1,0
E,H,H,9657,100,9657,1,0
F,H,H,13223,100,13223,1,0
G,H,H,7073,100,7073,1,0
A,B,A,7154,100,7154,1,0
A,C,A,7564,100,7564,1,0
A,D,A,9188,100,9188,1,0
A,E,A,1371,100,1371,1,0
A,F,A,7386,100,7386,1,0
A,G,A,7534,100,7534,1,0
A,H,A,9649,100,9649,1,0
A,B,B,7153,100,7153,1,0
B,C,B,6729,100,6729,1,0
B,D,B,12551,100,12551,1,0
B,E,B,7044,100,7044,1,0
B,F,B,1418,100,1418,1,0
B,G,B,6738,100,6738,1,0
B,H,B,12979,100,12979,1,0
A,C,C,7564,100,7564,1,0
B,C,C,6716,100,6716,1,0
C,D,C,6624,100,6624,1,0
C,E,C,7544,100,7544,1,0
C,F,C,7083,100,7083,1,0
C,G,C,1380,100,1380,1,0
C,H,C,7119,100,7119,1,0
A,D,D,9202,100,9202,1,0
B,D,D,12532,100,12532,1,0
C,D,D,6619,100,6619,1,0
D,E,D,9412,100,9412,1,0
D,F,D,12890,100,12890,1,0
D,G,D,6825,100,6825,1,0
D,H,D,1431,100,1431,1,0
A,E,E,1382,100,1382,1,0
B,E,E,7010,100,7010,1,0
C,E,E,7541,100,7541,1,0
D,E,E,9375,100,9375,1,0
E,F,E,6988,100,6988,1,0
E,G,E,7312,100,7312,1,0
E,H,E,9626,100,9626,1,0
A,F,F,7426,100,7426,1,0
B,F,F,1434,100,1434,1,0
C,F,F,7138,100,7138,1,0
D,F,F,12850,100,12850,1,0
E,F,F,7003,100,7003,1,0
F,G,F,6887,100,6887,1,0
F,H,F,13258,100,13258,1,0
A,G,G,7613,100,7613,1,0
B,G,G,6764,100,6764,1,0
C,G,G,1355,100,1355,1,0
D,G,G,6788,100,6788,1,0
E,G,G,7324,100,7324,1,0
F,G,G,6863,100,6863,1,0
G,H,G,7042,100,7042,1,0
A,H,H,9699,100,9699,1,0
B,H,H,13025,100,13025,1,0
C,H,H,7112,100,7112,1,0
D,H,H,1462,100,1462,1,0
E,H,H,9675,100,9675,1,0
F,H,H,13202,100,13202,1,0
G,H,H,7038,100,7038,1,0
A,B,A,7160,100,7160,1,0
A,C,A,7582,100,7582,1,0
A,D,A,9186,100,9186,1,0
A,E,A,1359,100,1359,1,0
A,F,A,7388,100,7388,1,0
A,G,A,7612,100,7612,1,0
A,H,A,9741,100,9741,1,0
A,B,B,7174,100,7174,1,0
B,C,B,6738,100,6738,1,0
B,D,B,12568,100,12568,1,0
B,E,B,7042,100,7042,1,0
B,F,B,1443,100,1443,1,0
B,G,B,6724,100,6724,1,0
B,H,B,13056,100,13056,1,0
A,C,C,7581,100,7581,1,0
B,C,C,6743,100,6743,1,0
C,D,C,6605,100,6605,1,0
C,E,C,7535,100,7535,1,0
C,F,C,7116,100,7116,1,0
C,G,C,1342,100,1342,1,0
C,H,C,7084,100,7084,1,0
A,D,D,9170,100,9170,1,0
B,D,D,12500,100,12500,1,0
C,D,D,6570,100,6570,1,0
D,E,D,9336,100,9336,1,0
D,F,D,12892,100,12892,1,0
D,G,D,6820,100,6820,1,0
D,H,D,1434,100,1434,1,0
A,E,E,1392,100,1392,1,0
B,E,E,7031,100,7031,1,0
C,E,E,7555,100,7555,1,0
D,E,E,9347,100,9347,1,0
E,F,E,6991,100,6991,1,0
E,G,E,7318,100,7318,1,0
E,H,E,9682,100,9682,1,0
A,F,F,7376,100,7376,1,0
B,F,F,1422,100,1422,1,0
C,F,F,7107,100,7107,1,0
D,F,F,12863,100,12863,1,0
E,F,F,7003,100,7003,1,0
F,G,F,6905,100,6905,1,0
F,H,F,13245,100,13245,1,0
A,G,G,7562,100,7562,1,0
B,G,G,6747,100,6747,1,0
C,G,G,1337,100,1337,1,0
D,G,G,6812,100,6812,1,0
E,G,G,7325,100,7325,1,0
F,G,G,6877,100,6877,1,0
G,H,G,7042,100,7042,1,0
A,H,H,9708,100,9708,1,0
B,H,H,13029,100,13029,1,0
C,H,H,7115,100,7115,1,0
D,H,H,1485,100,1485,1,0
E,H,H,9645,100,9645,1,0
F,H,H,13188,100,13188,1,0
G,H,H,7032,100,7032,1,0
A,B,A,7159,100,7159,1,0
A,C,A,7564,100,7564,1,0
A,D,A,9205,100,9205,1,0
A,E,A,1357,100,1357,1,0
A,F,A,7404,100,7404,1,0
A,G,A,7539,100,7539,1,0
A,H,A,9718,100,9718,1,0
A,B,B,7184,100,7184,1,0
B,C,B,6711,100,6711,1,0
B,D,B,12559,100,12559,1,0
B,E,B,7057,100,7057,1,0
B,F,B,1401,100,1401,1,0
B,G,B,6753,100,6753,1,0
B,H,B,13028,100,13028,1,0
A,C,C,7600,100,7600,1,0
B,C,C,6718,100,6718,1,0
C,D,C,6586,100,6586,1,0
C,E,C,7509,100,7509,1,0
C,F,C,7140,100,7140,1,0
C,G,C,1351,100,1351,1,0
C,H,C,7123,100,7123,1,0
A,D,D,9216,100,9216,1,0
B,D,D,12524,100,12524,1,0
C,D,D,6602,100,6602,1,0
D,E,D,9361,100,9361,1,0
D,F,D,12883,100,12883,1,0
D,G,D,6826,100,6826,1,0
D,H,D,1459,100,1459,1,0
A,E,E,1347,100,1347,1,0
B,E,E,7026,100,7026,1,0
C,E,E,7561,100,7561,1,0
D,E,E,9344,100,9344,1,0
E,F,E,6995,100,6995,1,0
E,G,E,7331,100,7331,1,0
E,H,E,9705,100,9705,1,0
A,F,F,7376,100,7376,1,0
B,F,F,1431,100,1431,1,0
C,F,F,7112,100,7112,1,0
D,F,F,12856,100,12856,1,0
E,F,F,7003,100,7003,1,0
F,G,F,6853,100,6853,1,0
F,H,F,13274,100,13274,1,0
A,G,G,7610,100,7610,1,0
B,G,G,6725,100,6725,1,0
C,G,G,1414,100,1414,1,0
D,G,G,6823,100,6823,1,0
E,G,G,7300,100,7300,1,0
F,G,G,6894,100,6894,1,0
G,H,G,7081,100,7081,1,0
A,H,H,9686,100,9686,1,0
B,H,H,13011,100,13011,1,0
C,H,H,7128,100,7128,1,0
D,H,H,1423,100,1423,1,0
E,H,H,9652,100,9652,1,0
F,H,H,13230,100,13230,1,0
G,H,H,7024,100,7024,1,0
A,B,A,7126,100,7126,1,0
A,C,A,7573,100,7573,1,0
A,D,A,9213,100,9213,1,0
A,E,A,1339,100,1339,1,0
A,F,A,7384,100,7384,1,0
A,G,A,7610,100,7610,1,0
A,H,A,9733,100,9733,1,0
A,B,B,7143,100,7143,1,0
B,C,B,6752,100,6752,1,0
B,D,B,12559,100,12559,1,0
B,E,B,7044,100,7044,1,0
B,F,B,1418,100,1418,1,0
B,G,B,6734,100,6734,1,0
B,H,B,13016,100,13016,1,0
A,C,C,7562,100,7562,1,0
B,C,C,6731,100,6731,1,0
C,D,C,6574,100,6574,1,0
C,E,C,7524,100,7524,1,0
C,F,C,7127,100,7127,1,0
C,G,C,1400,100,1400,1,0
C,H,C,7099,100,7099,1,0
A,D,D,9192,100,9192,1,0
B,D,D,12514,100,12514,1,0
C,D,D,6623,100,6623,1,0
D,E,D,9399,100,9399,1,0
D,F,D,12842,100,12842,1,0
D,G,D,6767,100,6767,1,0
D,H,D,1436,100,1436,1,0
A,E,E,1391,100,1391,1,0
B,E,E,7018,100,7018,1,0
C,E,E,7506,100,7506,1,0
D,E,E,9417,100,9417,1,0
E,F,E,7034,100,7034,1,0
E,G,E,7284,100,7284,1,0
E,H,E,9666,100,9666,1,0
A,F,F,7381,100,7381,1,0
B,F,F,1431,100,1431,1,0
C,F,F,7113,100,7113,1,0
D,F,F,12891,100,12891,1,0
E,F,F,6998,100,6998,1,0
F,G,F,6851,100,6851,1,0
F,H,F,13244,100,13244,1,0
A,G,G,7581,100,7581,1,0
B,G,G,6774,100,6774,1,0
C,G,G,1367,100,1367,1,0
D,G,G,6837,100,6837,1,0
E,G,G,7304,100,7304,1,0
F,G,G,6888,100,6888,1,0
G,H,G,7038,100,7038,1,0
A,H,H,9664,100,9664,1,0
B,H,H,13015,100,13015,1,0
C,H,H,7112,100,7112,1,0
D,H,H,1467,100,1467,1,0
E,H,H,9654,100,9654,1,0
F,H,H,13237,100,13237,1,0
G,H,H,7037,100,7037,1,0
A,B,A,7174,100,7174,1,0
A,C,A,7555,100,7555,1,0
A,D,A,9189,100,9189,1,0
A,E,A,1375,100,1375,1,0
A,F,A,7406,100,7406,1,0
A,G,A,7620,100,7620,1,0
A,H,A,9684,100,9684,1,0
A,B,B,7147,100,7147,1,0
B,C,B,6735,100,6735,1,0
B,D,B,12555,100,12555,1,0
B,E,B,7066,100,7066,1,0
B,F,B,1441,100,1441,1,0
B,G,B,6716,100,6716,1,0
B,H,B,13025,100,13025,1,0
A,C,C,7556,100,7556,1,0
B,C,C,6755,100,6755,1,0
C,D,C,6620,100,6620,1,0
C,E,C,7546,100,7546,1,0
C,F,C,7103,100,7103,1,0
C,G,C,1382,100,1382,1,0
C,H,C,7130,100,7130,1,0
A,D,D,9207,100,9207,1,0
B,D,D,12503,100,12503,1,0
C,D,D,6597,100,6597,1,0
D,E,D,9323,100,9323,1,0
D,F,D,12855,100,12855,1,0
D,G,D,6814,100,6814,1,0
D,H,D,1485,100,1485,1,0
A,E,E,1363,100,1363,1,0
B,E,E,7050,100,7050,1,0
C,E,E,7498,100,7498,1,0
D,E,E,9383,100,9383,1,0
E,F,E,7016,100,7016,1,0
E,G,E,7310,100,7310,1,0
E,H,E,9665,100,9665,1,0
A,F,F,7401,100,7401,1,0
B,F,F,1447,100,1447,1,0
C,F,F,7134,100,7134,1,0
D,F,F,12849,100,12849,1,0
E,F,F,7054,100,7054,1,0
F,G,F,6900,100,6900,1,0
F,H,F,13190,100,13190,1,0
A,G,G,7573,100,7573,1,0
B,G,G,6760,100,6760,1,0
C,G,G,1378,100,1378,1,0
D,G,G,6810,100,6810,1,0
E,G,G,7302,100,7302,1,0
F,G,G,6883,100,6883,1,0
G,H,G,7032,100,7032,1,0
A,H,H,9713,100,9713,1,0
B,H,H,13072,100,13072,1,0
C,H,H,7131,100,7131,1,0
D,H,H,1432,100,1432,1,0
E,H,H,9645,100,9645,1,0
F,H,H,13230,100,13230,1,0
G,H,H,7014,100,7014,1,0
A,B,A,7153,100,7153,1,0
A,C,A,7571,100,7571,1,0
A,D,A,9210,100,9210,1,0
A,E,A,1368,100,1368,1,0
A,F,A,7348,100,7348,1,0
A,G,A,7541,100,7541,1,0
A,H,A,9712,100,9712,1,0
A,B,B,7154,100,7154,1,0
B,C,B,6729,100,6729,1,0
B,D,B,12500,100,12500,1,0
B,E,B,7051,100,7051,1,0
B,F,B,1432,100,1432,1,0
B,G,B,6778,100,6778,1,0
B,H,B,12991,100,12991,1,0
A,C,C,7569,100,7569,1,0
B,C,C,6738,100,6738,1,0
C,D,C,6608,100,6608,1,0
C,E,C,7531,100,7531,1,0
C,F,C,7106,100,7106,1,0
C,G,C,1330,100,1330,1,0
C,H,C,7056,100,7056,1,0
A,D,D,9214,100,9214,1,0
B,D,D,12532,100,12532,1,0
C,D,D,6635,100,6635,1,0
D,E,D,9392,100,9392,1,0
D,F,D,12888,100,12888,1,0
D,G,D,6832,100,6832,1,0
D,H,D,1415,100,1415,1,0
A,E,E,1354,100,1354,1,0
B,E,E,7063,100,7063,1,0
C,E,E,7573,100,7573,1,0
D,E,E,9315,100,9315,1,0
E,F,E,7016,100,7016,1,0
E,G,E,7308,100,7308,1,0
E,H,E,9659,100,9659,1,0
A,F,F,7383,100,7383,1,0
B,F,F,1488,100,1488,1,0
C,F,F,7096,100,7096,1,0
D,F,F,12899,100,12899,1,0
E,F,F,7027,100,7027,1,0
F,G,F,6908,100,6908,1,0
F,H,F,13175,100,13175,1,0
A,G,G,7584,100,7584,1,0
B,G,G,6732,100,6732,1,0
C,G,G,1304,100,1304,1,0
D,G,G,6839,100,6839,1,0
E,G,G,7312,100,7312,1,0
F,G,G,6862,100,6862,1,0
G,H,G,7049,100,7049,1,0
A,H,H,9686,100,9686,1,0
B,H,H,13015,100,13015,1,0
C,H,H,7151,100,7151,1,0
D,H,H,1419,100,1419,1,0
E,H,H,9690,100,9690,1,0
F,H,H,13211,100,13211,1,0
G,H,H,7044,100,7044,1,0
A,B,A,7172,100,7172,1,0
A,C,A,7555,100,7555,1,0
A,D,A,9181,100,9181,1,0
A,E,A,1392,100,1392,1,0
A,F,A,7391,100,7391,1,0
A,G,A,7582,100,7582,1,0
A,H,A,9720,100,9720,1,0
A,B,B,7149,100,7149,1,0
B,C,B,6734,100,6734,1,0
B,D,B,12525,100,12525,1,0
B,E,B,7054,100,7054,1,0
B,F,B,1425,100,1425,1,0
B,G,B,6773,100,6773,1,0
B,H,B,13025,100,13025,1,0
A,C,C,7551,100,7551,1,0
B,C,C,6724,100,6724,1,0
C,D,C,6643,100,6643,1,0
C,E,C,7513,100,7513,1,0
C,F,C,7096,100,7096,1,0
C,G,C,1341,100,1341,1,0
C,H,C,7112,100,7112,1,0
A,D,D,9197,100,9197,1,0
B,D,D,12514,100,12514,1,0
C,D,D,6615,100,6615,1,0
D,E,D,9328,100,9328,1,0
D,F,D,12895,100,12895,1,0
D,G,D,6833,100,6833,1,0
D,H,D,1463,100,1463,1,0
A,E,E,1440,100,1440,1,0
B,E,E,7035,100,7035,1,0
C,E,E,7491,100,7491,1,0
D,E,E,9376,100,9376,1,0
E,F,E,6989,100,6989,1,0
E,G,E,7310,100,7310,1,0
E,H,E,9645,100,9645,1,0
A,F,F,7350,100,7350,1,0
B,F,F,1472,100,1472,1,0
C,F,F,7124,100,7124,1,0
D,F,F,12879,100,12879,1,0
E,F,F,7016,100,7016,1,0
F,G,F,6876,100,6876,1,0
F,H,F,13202,100,13202,1,0
A,G,G,7619,100,7619,1,0
B,G,G,6749,100,6749,1,0
C,G,G,1374,100,1374,1,0
D,G,G,6806,100,6806,1,0
E,G,G,7282,100,7282,1,0
F,G,G,6894,100,6894,1,0
G,H,G,7064,100,7064,1,0
A,H,H,9664,100,9664,1,0
B,H,H,13019,100,13019,1,0
C,H,H,7088,100,7088,1,0
D,H,H,1445,100,1445,1,0
E,H,H,9671,100,9671,1,0
F,H,H,13251,100,13251,1,0
G,H,H,7048,100,7048,1,0
A,B,A,7172,100,7172,1,0
A,C,A,7616,100,7616,1,0
A,D,A,9199,100,9199,1,0
A,E,A,1359,100,1359,1,0
A,F,A,7373,100,7373,1,0
A,G,A,7571,100,7571,1,0
A,H,A,9730,100,9730,1,0
A,B,B,7147,100,7147,1,0
B,C,B,6714,100,6714,1,0
B,D,B,12492,100,12492,1,0
B,E,B,7067,100,7067,1,0
B,F,B,1452,100,1452,1,0
B,G,B,6781,100,6781,1,0
B,H,B,13003,100,13003,1,0
A,C,C,7574,100,7574,1,0
B,C,C,6719,100,6719,1,0
C,D,C,6601,100,6601,1,0
C,E,C,7505,100,7505,1,0
C,F,C,7116,100,7116,1,0
C,G,C,1358,100,1358,1,0
C,H,C,7130,100,7130,1,0
A,D,D,9182,100,9182,1,0
B,D,D,12553,100,12553,1,0
C,D,D,6667,100,6667,1,0
D,E,D,9412,100,9412,1,0
D,F,D,12857,100,12857,1,0
D,G,D,6810,100,6810,1,0
D,H,D,1440,100,1440,1,0
A,E,E,1348,100,1348,1,0
B,E,E,7079,100,7079,1,0
C,E,E,7540,100,7540,1,0
D,E,E,9375,100,9375,1,0
E,F,E,7024,100,7024,1,0
E,G,E,7303,100,7303,1,0
E,H,E,9666,100,9666,1,0
A,F,F,7391,100,7391,1,0
B,F,F,1424,100,1424,1,0
C,F,F,7159,100,7159,1,0
D,F,F,12896,100,12896,1,0
E,F,F,7031,100,7031,1,0
F,G,F,6852,100,6852,1,0
F,H,F,13277,100,13277,1,0
A,G,G,7621,100,7621,1,0
B,G,G,6805,100,6805,1,0
C,G,G,1351,100,1351,1,0
D,G,G,6801,100,6801,1,0
E,G,G,7293,100,7293,1,0
F,G,G,6875,100,6875,1,0
G,H,G,7069,100,7069,1,0
A,H,H,9680,100,9680,1,0
B,H,H,13086,100,13086,1,0
C,H,H,7126,100,7126,1,0
D,H,H,1468,100,1468,1,0
E,H,H,9652,100,9652,1,0
F,H,H,13260,100,13260,1,0
G,H,H,7013,100,7013,1,0
A,B,A,7155,100,7155,1,0
A,C,A,7549,100,7549,1,0
A,D,A,9185,100,9185,1,0
A,E,A,1391,100,1391,1,0
A,F,A,7423,100,7423,1,0
A,G,A,7502,100,7502,1,0
A,H,A,9702,100,9702,1,0
A,B,B,7171,100,7171,1,0
B,C,B,6684,100,6684,1,0
B,D,B,12531,100,12531,1,0
B,E,B,7053,100,7053,1,0
B,F,B,1445,100,1445,1,0
B,G,B,6755,100,6755,1,0
B,H,B,13031,100,13031,1,0
A,C,C,7599,100,7599,1,0
B,C,C,6727,100,6727,1,0
C,D,C,6585,100,6585,1,0
C,E,C,7565,100,7565,1,0
C,F,C,7132,100,7132,1,0
C,G,C,1316,100,1316,1,0
C,H,C,7056,100,7056,1,0
A,D,D,9209,100,9209,1,0
B,D,D,12521,100,12521,1,0
C,D,D,6613,100,6613,1,0
D,E,D,9361,100,9361,1,0
D,F,D,12855,100,12855,1,0
D,G,D,6839,100,6839,1,0
D,H,D,1396,100,1396,1,0
A,E,E,1342,100,1342,1,0
B,E,E,7015,100,7015,1,0
C,E,E,7525,100,7525,1,0
D,E,E,9386,100,9386,1,0
E,F,E,7009,100,7009,1,0
E,G,E,7301,100,7301,1,0
E,H,E,9680,100,9680,1,0
A,F,F,7418,100,7418,1,0
B,F,F,1448,100,1448,1,0
C,F,F,7095,100,7095,1,0
D,F,F,12873,100,12873,1,0
E,F,F,6997,100,6997,1,0
F,G,F,6875,100,6875,1,0
F,H,F,13251,100,13251,1,0
A,G,G,7576,100,7576,1,0
B,G,G,6744,100,6744,1,0
C,G,G,1374,100,1374,1,0
D,G,G,6846,100,6846,1,0
E,G,G,7325,100,7325,1,0
F,G,G,6888,100,6888,1,0
G,H,G,7024,100,7024,1,0
A,H,H,9698,100,9698,1,0
B,H,H,13085,100,13085,1,0
C,H,H,7091,100,7091,1,0
D,H,H,1382,100,1382,1,0
E,H,H,9683,100,9683,1,0
F,H,H,13239,100,13239,1,0
G,H,H,7025,100,7025,1,0
A,B,A,7178,100,7178,1,0
A,C,A,7539,100,7539,1,0
A,D,A,9176,100,9176,1,0
A,E,A,1385,100,1385,1,0
A,F,A,7379,100,7379,1,0
A,G,A,7596,100,7596,1,0
A,H,A,9704,100,9704,1,0
A,B,B,7156,100,7156,1,0
B,C,B,6705,100,6705,1,0
B,D,B,12509,100,12509,1,0
B,E,B,7037,100,7037,1,0
B,F,B,1441,100,1441,1,0
B,G,B,6761,100,6761,1,0
B,H,B,12994,100,12994,1,0
A,C,C,7604,100,7604,1,0
B,C,C,6721,100,6721,1,0
C,D,C,6582,100,6582,1,0
C,E,C,7536,100,7536,1,0
C,F,C,7132,100,7132,1,0
C,G,C,1341,100,1341,1,0
C,H,C,7109,100,7109,1,0
A,D,D,9203,100,9203,1,0
B,D,D,12537,100,12537,1,0
C,D,D,6617,100,6617,1,0
D,E,D,9365,100,9365,1,0
D,F,D,12874,100,12874,1,0
D,G,D,6801,100,6801,1,0
D,H,D,1426,100,1426,1,0
A,E,E,1352,100,1352,1,0
B,E,E,7009,100,7009,1,0
C,E,E,7521,100,7521,1,0
D,E,E,9403,100,9403,1,0
E,F,E,7005,100,7005,1,0
E,G,E,7304,100,7304,1,0
E,H,E,9665,100,9665,1,0
A,F,F,7367,100,7367,1,0
B,F,F,1419,100,1419,1,0
C,F,F,7118,100,7118,1,0
D,F,F,12855,100,12855,1,0
E,F,F,7013,100,7013,1,0
F,G,F,6862,100,6862,1,0
F,H,F,13274,100,13274,1,0
A,G,G,7623,100,7623,1,0
B,G,G,6793,100,6793,1,0
C,G,G,1305,100,1305,1,0
D,G,G,6810,100,6810,1,0
E,G,G,7308,100,7308,1,0
F,G,G,6895,100,6895,1,0
G,H,G,7045,100,7045,1,0
A,H,H,9724,100,9724,1,0
B,H,H,13065,100,13065,1,0
C,H,H,7110,100,7110,1,0
D,H,H,1487,100,1487,1,0
E,H,H,9674,100,9674,1,0
F,H,H,13244,100,13244,1,0
G,H,H,7035,100,7035,1,0
A,B,A,7138,100,7138,1,0
A,C,A,7530,100,7530,1,0
A,D,A,9201,100,9201,1,0
A,E,A,1420,100,1420,1,0
A,F,A,7375,100,7375,1,0
A,G,A,7615,100,7615,1,0
A,H,A,9674,100,9674,1,0
A,B,B,7159,100,7159,1,0
B,C,B,6723,100,6723,1,0
B,D,B,12562,100,12562,1,0
B,E,B,7064,100,7064,1,0
B,F,B,1450,100,1450,1,0
B,G,B,6771,100,6771,1,0
B,H,B,12990,100,12990,1,0
A,C,C,7558,100,7558,1,0
B,C,C,6711,100,6711,1,0
C,D,C,6637,100,6637,1,0
C,E,C,7527,100,7527,1,0
C,F,C,7099,100,7099,1,0
C,G,C,1391,100,1391,1,0
C,H,C,7094,100,7094,1,0
A,D,D,9208,100,9208,1,0
B,D,D,12513,100,12513,1,0
C,D,D,6640,100,6640,1,0
D,E,D,9351,100,9351,1,0
D,F,D,12865,100,12865,1,0
D,G,D,6790,100,6790,1,0
D,H,D,1482,100,1482,1,0
A,E,E,1357,100,1357,1,0
B,E,E,7050,100,7050,1,0
C,E,E,7586,100,7586,1,0
D,E,E,9330,100,9330,1,0
E,F,E,6964,100,6964,1,0
E,G,E,7285,100,7285,1,0
E,H,E,9662,100,9662,1,0
A,F,F,7410,100,7410,1,0
B,F,F,1459,100,1459,1,0
C,F,F,7120,100,7120,1,0
D,F,F,12853,100,12853,1,0
E,F,F,6994,100,6994,1,0
F,G,F,6872,100,6872,1,0
F,H,F,13194,100,13194,1,0
A,G,G,7613,100,7613,1,0
B,G,G,6794,100,6794,1,0
C,G,G,1347,100,1347,1,0
D,G,G,6795,100,6795,1,0
E,G,G,7258,100,7258,1,0
F,G,G,6906,100,6906,1,0
G,H,G,7039,100,7039,1,0
A,H,H,9725,100,9725,1,0
B,H,H,12995,100,12995,1,0
C,H,H,7104,100,7104,1,0
D,H,H,1436,100,1436,1,0
E,H,H,9693,100,9693,1,0
F,H,H,13218,100,13218,1,0
G,H,H,7096,100,7096,1,0
A,B,A,7172,100,7172,1,0
A,C,A,7558,100,7558,1,0
A,D,A,9218,100,9218,1,0
A,E,A,1385,100,1385,1,0
A,F,A,7426,100,7426,1,0
A,G,A,7595,100,7595,1,0
A,H,A,9652,100,9652,1,0
A,B,B,7100,100,7100,1,0
B,C,B,6726,100,6726,1,0
B,D,B,12525,100,12525,1,0
B,E,B,7032,100,7032,1,0
B,F,B,1417,100,1417,1,0
B,G,B,6762,100,6762,1,0
B,H,B,13004,100,13004,1,0
A,C,C,7597,100,7597,1,0
B,C,C,6756,100,6756,1,0
C,D,C,6628,100,6628,1,0
C,E,C,7562,100,7562,1,0
C,F,C,7129,100,7129,1,0
C,G,C,1341,100,1341,1,0
C,H,C,7147,100,7147,1,0
A,D,D,9194,100,9194,1,0
B,D,D,12503,100,12503,1,0
C,D,D,6607,100,6607,1,0
D,E,D,9378,100,9378,1,0
D,F,D,12850,100,12850,1,0
D,G,D,6811,100,6811,1,0
D,H,D,1486,100,1486,1,0
A,E,E,1393,100,1393,1,0
B,E,E,7086,100,7086,1,0
C,E,E,7522,100,7522,1,0
D,E,E,9329,100,9329,1,0
E,F,E,6980,100,6980,1,0
E,G,E,7286,100,7286,1,0
E,H,E,9649,100,9649,1,0
A,F,F,7394,100,7394,1,0
B,F,F,1414,100,1414,1,0
C,F,F,7139,100,7139,1,0
D,F,F,12912,100,12912,1,0
E,F,F,7012,100,7012,1,0
F,G,F,6891,100,6891,1,0
F,H,F,13226,100,13226,1,0
A,G,G,7603,100,7603,1,0
B,G,G,6722,100,6722,1,0
C,G,G,1310,100,1310,1,0
D,G,G,6794,100,6794,1,0
E,G,G,7332,100,7332,1,0
F,G,G,6879,100,6879,1,0
G,H,G,7042,100,7042,1,0
A,H,H,9700,100,9700,1,0
B,H,H,13013,100,13013,1,0
C,H,H,7081,100,7081,1,0
D,H,H,1395,100,1395,1,0
E,H,H,9660,100,9660,1,0
F,H,H,13278,100,13278,1,0
G,H,H,7039,100,7039,1,0
A,B,A,7152,100,7152,1,0
A,C,A,7593,100,7593,1,0
A,D,A,9179,100,9179,1,0
A,E,A,1355,100,1355,1,0
A,F,A,7348,100,7348,1,0
A,G,A,7610,100,7610,1,0
A,H,A,9656,100,9656,1,0
A,B,B,7134,100,7134,1,0
B,C,B,6726,100,6726,1,0
B,D,B,12539,100,12539,1,0
B,E,B,7061,100,7061,1,0
B,F,B,1425,100,1425,1,0
B,G,B,6720,100,6720,1,0
B,H,B,13024,100,13024,1,0
A,C,C,7634,100,7634,1,0
B,C,C,6708,100,6708,1,0
C,D,C,6588,100,6588,1,0
C,E,C,7569,100,7569,1,0
C,F,C,7116,100,7116,1,0
C,G,C,1316,100,1316,1,0
C,H,C,7138,100,7138,1,0
A,D,D,9201,100,9201,1,0
B,D,D,12522,100,12522,1,0
C,D,D,6597,100,6597,1,0
D,E,D,9359,100,9359,1,0
D,F,D,12908,100,12908,1,0
D,G,D,6803,100,6803,1,0
D,H,D,1408,100,1408,1,0
A,E,E,1344,100,1344,1,0
B,E,E,6967,100,6967,1,0
C,E,E,7534,100,7534,1,0
D,E,E,9430,100,9430,1,0
E,F,E,6967,100,6967,1,0
E,G,E,7296,100,7296,1,0
E,H,E,9648,100,9648,1,0
A,F,F,7424,100,7424,1,0
B,F,F,1461,100,1461,1,0
C,F,F,7108,100,7108,1,0
D,F,F,12875,100,12875,1,0
E,F,F,6989,100,6989,1,0
F,G,F,6894,100,6894,1,0
F,H,F,13267,100,13267,1,0
A,G,G,7589,100,7589,1,0
B,G,G,6776,100,6776,1,0
C,G,G,1351,100,1351,1,0
D,G,G,6783,100,6783,1,0
E,G,G,7304,100,7304,1,0
F,G,G,6896,100,6896,1,0
G,H,G,7053,100,7053,1,0
A,H,H,9645,100,9645,1,0
B,H,H,13065,100,13065,1,0
C,H,H,7110,100,7110,1,0
D,H,H,1473,100,1473,1,0
E,H,H,9642,100,9642,1,0
F,H,H,13254,100,13254,1,0
G,H,H,7050,100,7050,1,0
A,B,A,7157,100,7157,1,0
A,C,A,7590,100,7590,1,0
A,D,A,9219,100,9219,1,0
A,E,A,1384,100,1384,1,0
A,F,A,7381,100,7381,1,0
A,G,A,7566,100,7566,1,0
A,H,A,9751,100,9751,1,0
A,B,B,7149,100,7149,1,0
B,C,B,6707,100,6707,1,0
B,D,B,12523,100,12523,1,0
B,E,B,7032,100,7032,1,0
B,F,B,1457,100,1457,1,0
B,G,B,6771,100,6771,1,0
B,H,B,13062,100,13062,1,0
A,C,C,7571,100,7571,1,0
B,C,C,6690,100,6690,1,0
C,D,C,6616,100,6616,1,0
C,E,C,7544,100,7544,1,0
C,F,C,7097,100,7097,1,0
C,G,C,1392,100,1392,1,0
C,H,C,7161,100,7161,1,0
A,D,D,9218,100,9218,1,0
B,D,D,12529,100,12529,1,0
C,D,D,6598,100,6598,1,0
D,E,D,9361,100,9361,1,0
D,F,D,12872,100,12872,1,0
D,G,D,6834,100,6834,1,0
D,H,D,1434,100,1434,1,0
A,E,E,1375,100,1375,1,0
B,E,E,7062,100,7062,1,0
C,E,E,7524,100,7524,1,0
D,E,E,9312,100,9312,1,0
E,F,E,7020,100,7020,1,0
E,G,E,7320,100,7320,1,0
E,H,E,9658,100,9658,1,0
A,F,F,7401,100,7401,1,0
B,F,F,1386,100,1386,1,0
C,F,F,7119,100,7119,1,0
D,F,F,12896,100,12896,1,0
E,F,F,7027,100,7027,1,0
F,G,F,6878,100,6878,1,0
F,H,F,13229,100,13229,1,0
A,G,G,7604,100,7604,1,0
B,G,G,6749,100,6749,1,0
C,G,G,1346,100,1346,1,0
D,G,G,6824,100,6824,1,0
E,G,G,7326,100,7326,1,0
F,G,G,6894,100,6894,1,0
G,H,G,7073,100,7073,1,0
A,H,H,9661,100,9661,1,0
B,H,H,13061,100,13061,1,0
C,H,H,7081,100,7081,1,0
D,H,H,1424,100,1424,1,0
E,H,H,9660,100,9660,1,0
F,H,H,13286,100,13286,1,0
G,H,H,7072,100,7072,1,0
A,B,A,7159,100,7159,1,0
A,C,A,7584,100,7584,1,0
A,D,A,9194,100,9194,1,0
A,E,A,1363,100,1363,1,0
A,F,A,7367,100,7367,1,0
A,G,A,7553,100,7553,1,0
A,H,A,9669,100,9669,1,0
A,B,B,7182,100,7182,1,0
B,C,B,6727,100,6727,1,0
B,D,B,12529,100,12529,1,0
B,E,B,7067,100,7067,1,0
B,F,B,1450,100,1450,1,0
B,G,B,6768,100,6768,1,0
B,H,B,13046,100,13046,1,0
A,C,C,7593,100,7593,1,0
B,C,C,6742,100,6742,1,0
C,D,C,6624,100,6624,1,0
C,E,C,7530,100,7530,1,0
C,F,C,7124,100,7124,1,0
C,G,C,1367,100,1367,1,0
C,H,C,7093,100,7093,1,0
A,D,D,9222,100,9222,1,0
B,D,D,12550,100,12550,1,0
C,D,D,6591,100,6591,1,0
D,E,D,9344,100,9344,1,0
D,F,D,12883,100,12883,1,0
D,G,D,6815,100,6815,1,0
D,H,D,1420,100,1420,1,0
A,E,E,1374,100,1374,1,0
B,E,E,7034,100,7034,1,0
C,E,E,7539,100,7539,1,0
D,E,E,9343,100,9343,1,0
E,F,E,7016,100,7016,1,0
E,G,E,7307,100,7307,1,0
E,H,E,9666,100,9666,1,0
A,F,F,7446,100,7446,1,0
B,F,F,1436,100,1436,1,0
C,F,F,7122,100,7122,1,0
D,F,F,12886,100,12886,1,0
E,F,F,6996,100,6996,1,0
F,G,F,6867,100,6867,1,0
F,H,F,13253,100,13253,1,0
A,G,G,7575,100,7575,1,0
B,G,G,6755,100,6755,1,0
C,G,G,1361,100,1361,1,0
D,G,G,6778,100,6778,1,0
E,G,G,7304,100,7304,1,0
F,G,G,6902,100,6902,1,0
G,H,G,7011,100,7011,1,0
A,H,H,9712,100,9712,1,0
B,H,H,13015,100,13015,1,0
C,H,H,7118,100,7118,1,0
D,H,H,1469,100,1469,1,0
E,H,H,9666,100,9666,1,0
F,H,H,13254,100,13254,1,0
G,H,H,7073,100,7073,1,0
A,B,A,7161,100,7161,1,0
A,C,A,7559,100,7559,1,0
A,D,A,9188,100,9188,1,0
A,E,A,1372,100,1372,1,0
A,F,A,7376,100,7376,1,0
A,G,A,7605,100,7605,1,0
A,H,A,9713,100,9713,1,0
A,B,B,7148,100,7148,1,0
B,C,B,6744,100,6744,1,0
B,D,B,12500,100,12500,1,0
B,E,B,7028,100,7028,1,0
B,F,B,1446,100,1446,1,0
B,G,B,6772,100,6772,1,0
B,H,B,13070,100,13070,1,0
A,C,C,7537,100,7537,1,0
B,C,C,6730,100,6730,1,0
C,D,C,6627,100,6627,1,0
C,E,C,7563,100,7563,1,0
C,F,C,7104,100,7104,1,0
C,G,C,1400,100,1400,1,0
C,H,C,7135,100,7135,1,0
A,D,D,9207,100,9207,1,0
B,D,D,12532,100,12532,1,0
C,D,D,6621,100,6621,1,0
D,E,D,9380,100,9380,1,0
D,F,D,12860,100,12860,1,0
D,G,D,6780,100,6780,1,0
D,H,D,1458,100,1458,1,0
A,E,E,1398,100,1398,1,0
B,E,E,7077,100,7077,1,0
C,E,E,7535,100,7535,1,0
D,E,E,9427,100,9427,1,0
E,F,E,7002,100,7002,1,0
E,G,E,7308,100,7308,1,0
E,H,E,9634,100,9634,1,0
A,F,F,7390,100,7390,1,0
B,F,F,1459,100,1459,1,0
C,F,F,7116,100,7116,1,0
D,F,F,12870,100,12870,1,0
E,F,F,7009,100,7009,1,0
F,G,F,6879,100,6879,1,0
F,H,F,13215,100,13215,1,0
A,G,G,7536,100,7536,1,0
B,G,G,6750,100,6750,1,0
C,G,G,1420,100,1420,1,0
D,G,G,6823,100,6823,1,0
E,G,G,7299,100,7299,1,0
F,G,G,6884,100,6884,1,0
G,H,G,7045,100,7045,1,0
A,H,H,9736,100,9736,1,0
B,H,H,13089,100,13089,1,0
C,H,H,7098,100,7098,1,0
D,H,H,1435,100,1435,1,0
E,H,H,9679,100,9679,1,0
F,H,H,13276,100,13276,1,0
G,H,H,7048,100,7048,1,0
A,B,A,7169,100,7169,1,0
A,C,A,7617,100,7617,1,0
A,D,A,9187,100,9187,1,0
A,E,A,1420,100,1420,1,0
A,F,A,7388,100,7388,1,0
A,G,A,7558,100,7558,1,0
A,H,A,9652,100,9652,1,0
A,B,B,7161,100,7161,1,0
B,C,B,6704,100,6704,1,0
B,D,B,12540,100,12540,1,0
B,E,B,7034,100,7034,1,0
B,F,B,1430,100,1430,1,0
B,G,B,6796,100,6796,1,0
B,H,B,13060,100,13060,1,0
A,C,C,7632,100,7632,1,0
B,C,C,6731,100,6731,1,0
C,D,C,6620,100,6620,1,0
C,E,C,7555,100,7555,1,0
C,F,C,7116,100,7116,1,0
C,G,C,1342,100,1342,1,0
C,H,C,7124,100,7124,1,0
A,D,D,9190,100,9190,1,0
B,D,D,12538,100,12538,1,0
C,D,D,6581,100,6581,1,0
D,E,D,9400,100,9400,1,0
D,F,D,12890,100,12890,1,0
D,G,D,6824,100,6824,1,0
D,H,D,1434,100,1434,1,0
A,E,E,1403,100,1403,1,0
B,E,E,7007,100,7007,1,0
C,E,E,7531,100,7531,1,0
D,E,E,9321,100,9321,1,0
E,F,E,7004,100,7004,1,0
E,G,E,7335,100,7335,1,0
E,H,E,9638,100,9638,1,0
A,F,F,7368,100,7368,1,0
B,F,F,1473,100,1473,1,0
C,F,F,7142,100,7142,1,0
D,F,F,12874,100,12874,1,0
E,F,F,6999,100,6999,1,0
F,G,F,6890,100,6890,1,0
F,H,F,13245,100,13245,1,0
A,G,G,7584,100,7584,1,0
B,G,G,6719,100,6719,1,0
C,G,G,1346,100,1346,1,0
D,G,G,6839,100,6839,1,0
E,G,G,7300,100,7300,1,0
F,G,G,6867,100,6867,1,0
G,H,G,7040,100,7040,1,0
A,H,H,9662,100,9662,1,0
B,H,H,13049,100,13049,1,0
C,H,H,7143,100,7143,1,0
D,H,H,1427,100,1427,1,0
E,H,H,9656,100,9656,1,0
F,H,H,13237,100,13237,1,0
G,H,H,7019,100,7019,1,0
A,B,A,7139,100,7139,1,0
A,C,A,7591,100,7591,1,0
A,D,A,9217,100,9217,1,0
A,E,A,1419,100,1419,1,0
A,F,A,7356,100,7356,1,0
A,G,A,7558,100,7558,1,0
A,H,A,9691,100,9691,1,0
A,B,B,7129,100,7129,1,0
B,C,B,6719,100,6719,1,0
B,D,B,12494,100,12494,1,0
B,E,B,7070,100,7070,1,0
B,F,B,1422,100,1422,1,0
B,G,B,6745,100,6745,1,0
B,H,B,13030,100,13030,1,0
A,C,C,7589,100,7589,1,0
B,C,C,6728,100,6728,1,0
C,D,C,6575,100,6575,1,0
C,E,C,7572,100,7572,1,0
C,F,C,7127,100,7127,1,0
C,G,C,1327,100,1327,1,0
C,H,C,7124,100,7124,1,0
A,D,D,9212,100,9212,1,0
B,D,D,12559,100,12559,1,0
C,D,D,6618,100,6618,1,0
D,E,D,9360,100,9360,1,0
D,F,D,12821,100,12821,1,0
D,G,D,6807,100,6807,1,0
D,H,D,1419,100,1419,1,0
A,E,E,1336,100,1336,1,0
B,E,E,7026,100,7026,1,0
C,E,E,7532,100,7532,1,0
D,E,E,9338,100,9338,1,0
E,F,E,6995,100,6995,1,0
E,G,E,7307,100,7307,1,0
E,H,E,9632,100,9632,1,0
A,F,F,7370,100,7370,1,0
B,F,F,1436,100,1436,1,0
C,F,F,7123,100,7123,1,0
D,F,F,12876,100,12876,1,0
E,F,F,6986,100,6986,1,0
F,G,F,6893,100,6893,1,0
F,H,F,13245,100,13245,1,0
A,G,G,7600,100,7600,1,0
B,G,G,6727,100,6727,1,0
C,G,G,1361,100,1361,1,0
D,G,G,6846,100,6846,1,0
E,G,G,7313,100,7313,1,0
F,G,G,6871,100,6871,1,0
G,H,G,7040,100,7040,1,0
A,H,H,9683,100,9683,1,0
B,H,H,13054,100,13054,1,0
C,H,H,7097,100,7097,1,0
D,H,H,1467,100,1467,1,0
E,H,H,9688,100,9688,1,0
F,H,H,13222,100,13222,1,0
G,H,H,7024,100,7024,1,0
A,B,A,7159,100,7159,1,0
A,C,A,7615,100,7615,1,0
A,D,A,9209,100,9209,1,0
A,E,A,1361,100,1361,1,0
A,F,A,7371,100,7371,1,0
A,G,A,7613,100,7613,1,0
A,H,A,9668,100,9668,1,0
A,B,B,7131,100,7131,1,0
B,C,B,6718,100,6718,1,0
B,D,B,12516,100,12516,1,0
B,E,B,7051,100,7051,1,0
B,F,B,1429,100,1429,1,0
B,G,B,6796,100,6796,1,0
B,H,B,13055,100,13055,1,0
A,C,C,7544,100,7544,1,0
B,C,C,6720,100,6720,1,0
C,D,C,6631,100,6631,1,0
C,E,C,7554,100,7554,1,0
C,F,C,7119,100,7119,1,0
C,G,C,1356,100,1356,1,0
C,H,C,7100,100,7100,1,0
A,D,D,9189,100,9189,1,0
B,D,D,12532,100,12532,1,0
C,D,D,6634,100,6634,1,0
D,E,D,9332,100,9332,1,0
D,F,D,12895,100,12895,1,0
D,G,D,6815,100,6815,1,0
D,H,D,1486,100,1486,1,0
A,E,E,1382,100,1382,1,0
B,E,E,7055,100,7055,1,0
C,E,E,7535,100,7535,1,0
D,E,E,9306,100,9306,1,0
E,F,E,7030,100,7030,1,0
E,G,E,7304,100,7304,1,0
E,H,E,9658,100,9658,1,0
A,F,F,7350,100,7350,1,0
B,F,F,1419,100,1419,1,0
C,F,F,7122,100,7122,1,0
D,F,F,12832,100,12832,1,0
E,F,F,7009,100,7009,1,0
F,G,F,6860,100,6860,1,0
F,H,F,13224,100,13224,1,0
A,G,G,7582,100,7582,1,0
B,G,G,6733,100,6733,1,0
C,G,G,1388,100,1388,1,0
D,G,G,6821,100,6821,1,0
E,G,G,7297,100,7297,1,0
F,G,G,6891,100,6891,1,0
G,H,G,7022,100,7022,1,0
A,H,H,9715,100,9715,1,0
B,H,H,13026,100,13026,1,0
C,H,H,7093,100,7093,1,0
D,H,H,1443,100,1443,1,0
E,H,H,9665,100,9665,1,0
F,H,H,13252,100,13252,1,0
G,H,H,7021,100,7021,1,0
A,B,A,7148,100,7148,1,0
A,C,A,7625,100,7625,1,0
A,D,A,9198,100,9198,1,0
A,E,A,1331,100,1331,1,0
A,F,A,7420,100,7420,1,0
A,G,A,7623,100,7623,1,0
A,H,A,9690,100,9690,1,0
A,B,B,7165,100,7165,1,0
B,C,B,6715,100,6715,1,0
B,D,B,12546,100,12546,1,0
B,E,B,7042,100,7042,1,0
B,F,B,1446,100,1446,1,0
B,G,B,6753,100,6753,1,0
B,H,B,13055,100,13055,1,0
A,C,C,7560,100,7560,1,0
B,C,C,6715,100,6715,1,0
C,D,C,6600,100,6600,1,0
C,E,C,7549,100,7549,1,0
C,F,C,7124,100,7124,1,0
C,G,C,1336,100,1336,1,0
C,H,C,7124,100,7124,1,0
A,D,D,9189,100,9189,1,0
B,D,D,12515,100,12515,1,0
C,D,D,6600,100,6600,1,0
D,E,D,9297,100,9297,1,0
D,F,D,12875,100,12875,1,0
D,G,D,6815,100,6815,1,0
D,H,D,1451,100,1451,1,0
A,E,E,1352,100,1352,1,0
B,E,E,7042,100,7042,1,0
C,E,E,7542,100,7542,1,0
D,E,E,9401,100,9401,1,0
E,F,E,6992,100,6992,1,0
E,G,E,7297,100,7297,1,0
E,H,E,9691,100,9691,1,0
A,F,F,7356,100,7356,1,0
B,F,F,1403,100,1403,1,0
C,F,F,7109,100,7109,1,0
D,F,F,12857,100,12857,1,0
E,F,F,7062,100,7062,1,0
F,G,F,6913,100,6913,1,0
F,H,F,13228,100,13228,1,0
A,G,G,7561,100,7561,1,0
B,G,G,6779,100,6779,1,0
C,G,G,1369,100,1369,1,0
D,G,G,6830,100,6830,1,0
E,G,G,7310,100,7310,1,0
F,G,G,6898,100,6898,1,0
G,H,G,7059,100,7059,1,0
A,H,H,9716,100,9716,1,0
B,H,H,13076,100,13076,1,0
C,H,H,7103,100,7103,1,0
D,H,H,1475,100,1475,1,0
E,H,H,9631,100,9631,1,0
F,H,H,13231,100,13231,1,0
G,H,H,7059,100,7059,1,0
A,B,A,7126,100,7126,1,0
A,C,A,7610,100,7610,1,0
A,D,A,9190,100,9190,1,0
A,E,A,1337,100,1337,1,0
A,F,A,7377,100,7377,1,0
A,G,A,7583,100,7583,1,0
A,H,A,9724,100,9724,1,0
A,B,B,7145,100,7145,1,0
B,C,B,6694,100,6694,1,0
B,D,B,12505,100,12505,1,0
B,E,B,7050,100,7050,1,0
B,F,B,1383,100,1383,1,0
B,G,B,6750,100,6750,1,0
B,H,B,12996,100,12996,1,0
A,C,C,7569,100,7569,1,0
B,C,C,6700,100,6700,1,0
C,D,C,6608,100,6608,1,0
C,E,C,7566,100,7566,1,0
C,F,C,7118,100,7118,1,0
C,G,C,1401,100,1401,1,0
C,H,C,7133,100,7133,1,0
A,D,D,9216,100,9216,1,0
B,D,D,12568,100,12568,1,0
C,D,D,6616,100,6616,1,0
D,E,D,9291,100,9291,1,0
D,F,D,12898,100,12898,1,0
D,G,D,6820,100,6820,1,0
D,H,D,1448,100,1448,1,0
A,E,E,1378,100,1378,1,0
B,E,E,7018,100,7018,1,0
C,E,E,7540,100,7540,1,0
D,E,E,9359,100,9359,1,0
E,F,E,7026,100,7026,1,0
E,G,E,7340,100,7340,1,0
E,H,E,9664,100,9664,1,0
A,F,F,7361,100,7361,1,0
B,F,F,1462,100,1462,1,0
C,F,F,7142,100,7142,1,0
D,F,F,12867,100,12867,1,0
E,F,F,7026,100,7026,1,0
F,G,F,6867,100,6867,1,0
F,H,F,13198,100,13198,1,0
A,G,G,7541,100,7541,1,0
B,G,G,6793,100,6793,1,0
C,G,G,1348,100,1348,1,0
D,G,G,6812,100,6812,1,0
E,G,G,7308,100,7308,1,0
F,G,G,6905,100,6905,1,0
G,H,G,7068,100,7068,1,0
A,H,H,9662,100,9662,1,0
B,H,H,13036,100,13036,1,0
C,H,H,7114,100,7114,1,0
D,H,H,1396,100,1396,1,0
E,H,H,9656,100,9656,1,0
F,H,H,13244,100,13244,1,0
G,H,H,7040,100,7040,1,0
A,B,A,7144,100,7144,1,0
A,C,A,7605,100,7605,1,0
A,D,A,9207,100,9207,1,0
A,E,A,1383,100,1383,1,0
A,F,A,7378,100,7378,1,0
A,G,A,7614,100,7614,1,0
A,H,A,9725,100,9725,1,0
A,B,B,7194,100,7194,1,0
B,C,B,6698,100,6698,1,0
B,D,B,12543,100,12543,1,0
B,E,B,7094,100,7094,1,0
B,F,B,1412,100,1412,1,0
B,G,B,6730,100,6730,1,0
B,H,B,13002,100,13002,1,0
A,C,C,7573,100,7573,1,0
B,C,C,6701,100,6701,1,0
C,D,C,6595,100,6595,1,0
C,E,C,7557,100,7557,1,0
C,F,C,7127,100,7127,1,0
C,G,C,1378,100,1378,1,0
C,H,C,7081,100,7081,1,0
A,D,D,9193,100,9193,1,0
B,D,D,12553,100,12553,1,0
C,D,D,6629,100,6629,1,0
D,E,D,9336,100,9336,1,0
D,F,D,12891,100,12891,1,0
D,G,D,6780,100,6780,1,0
D,H,D,1485,100,1485,1,0
A,E,E,1418,100,1418,1,0
B,E,E,7045,100,7045,1,0
C,E,E,7540,100,7540,1,0
D,E,E,9321,100,9321,1,0
E,F,E,6992,100,6992,1,0
E,G,E,7317,100,7317,1,0
E,H,E,9627,100,9627,1,0
A,F,F,7419,100,7419,1,0
B,F,F,1420,100,1420,1,0
C,F,F,7129,100,7129,1,0
D,F,F,12841,100,12841,1,0
E,F,F,6989,100,6989,1,0
F,G,F,6879,100,6879,1,0
F,H,F,13231,100,13231,1,0
A,G,G,7563,100,7563,1,0
B,G,G,6754,100,6754,1,0
C,G,G,1373,100,1373,1,0
D,G,G,6809,100,6809,1,0
E,G,G,7297,100,7297,1,0
F,G,G,6877,100,6877,1,0
G,H,G,7072,100,7072,1,0
A,H,H,9706,100,9706,1,0
B,H,H,13009,100,13009,1,0
C,H,H,7092,100,7092,1,0
D,H,H,1444,100,1444,1,0
E,H,H,9662,100,9662,1,0
F,H,H,13256,100,13256,1,0
G,H,H,7072,100,7072,1,0
A,B,A,7142,100,7142,1,0
A,C,A,7627,100,7627,1,0
A,D,A,9195,100,9195,1,0
A,E,A,1333,100,1333,1,0
A,F,A,7394,100,7394,1,0
A,G,A,7515,100,7515,1,0
A,H,A,9655,100,9655,1,0
A,B,B,7188,100,7188,1,0
B,C,B,6731,100,6731,1,0
B,D,B,12542,100,12542,1,0
B,E,B,7027,100,7027,1,0
B,F,B,1435,100,1435,1,0
B,G,B,6760,100,6760,1,0
B,H,B,13028,100,13028,1,0
A,C,C,7594,100,7594,1,0
B,C,C,6716,100,6716,1,0
C,D,C,6634,100,6634,1,0
C,E,C,7563,100,7563,1,0
C,F,C,7137,100,7137,1,0
C,G,C,1333,100,1333,1,0
C,H,C,7132,100,7132,1,0
A,D,D,9193,100,9193,1,0
B,D,D,12515,100,12515,1,0
C,D,D,6614,100,6614,1,0
D,E,D,9391,100,9391,1,0
D,F,D,12866,100,12866,1,0
D,G,D,6802,100,6802,1,0
D,H,D,1479,100,1479,1,0
A,E,E,1335,100,1335,1,0
B,E,E,7025,100,7025,1,0
C,E,E,7517,100,7517,1,0
D,E,E,9379,100,9379,1,0
E,F,E,7039,100,7039,1,0
E,G,E,7300,100,7300,1,0
E,H,E,9670,100,9670,1,0
A,F,F,7387,100,7387,1,0
B,F,F,1425,100,1425,1,0
C,F,F,7103,100,7103,1,0
D,F,F,12881,100,12881,1,0
E,F,F,6982,100,6982,1,0
F,G,F,6876,100,6876,1,0
F,H,F,13235,100,13235,1,0
A,G,G,7545,100,7545,1,0
B,G,G,6706,100,6706,1,0
C,G,G,1346,100,1346,1,0
D,G,G,6801,100,6801,1,0
E,G,G,7284,100,7284,1,0
F,G,G,6873,100,6873,1,0
G,H,G,7005,100,7005,1,0
A,H,H,9662,100,9662,1,0
B,H,H,13032,100,13032,1,0
C,H,H,7142,100,7142,1,0
D,H,H,1438,100,1438,1,0
E,H,H,9667,100,9667,1,0
F,H,H,13248,100,13248,1,0
G,H,H,7009,100,7009,1,0
A,B,A,7126,100,7126,1,0
A,C,A,7548,100,7548,1,0
A,D,A,9222,100,9222,1,0
A,E,A,1329,100,1329,1,0
A,F,A,7403,100,7403,1,0
A,G,A,7581,100,7581,1,0
A,H,A,9741,100,9741,1,0
A,B,B,7139,100,7139,1,0
B,C,B,6711,100,6711,1,0
B,D,B,12547,100,12547,1,0
B,E,B,7045,100,7045,1,0
B,F,B,1445,100,1445,1,0
B,G,B,6768,100,6768,1,0
B,H,B,13052,100,13052,1,0
A,C,C,7617,100,7617,1,0
B,C,C,6727,100,6727,1,0
C,D,C,6590,100,6590,1,0
C,E,C,7586,100,7586,1,0
C,F,C,7127,100,7127,1,0
C,G,C,1327,100,1327,1,0
C,H,C,7115,100,7115,1,0
A,D,D,9188,100,9188,1,0
B,D,D,12527,100,12527,1,0
C,D,D,6598,100,6598,1,0
D,E,D,9354,100,9354,1,0
D,F,D,12862,100,12862,1,0
D,G,D,6828,100,6828,1,0
D,H,D,1449,100,1449,1,0
A,E,E,1350,100,1350,1,0
B,E,E,7007,100,7007,1,0
C,E,E,7563,100,7563,1,0
D,E,E,9380,100,9380,1,0
E,F,E,6969,100,6969,1,0
E,G,E,7346,100,7346,1,0
E,H,E,9628,100,9628,1,0
A,F,F,7389,100,7389,1,0
B,F,F,1420,100,1420,1,0
C,F,F,7135,100,7135,1,0
D,F,F,12868,100,12868,1,0
E,F,F,7008,100,7008,1,0
F,G,F,6912,100,6912,1,0
F,H,F,13264,100,13264,1,0
A,G,G,7567,100,7567,1,0
B,G,G,6722,100,6722,1,0
C,G,G,1369,100,1369,1,0
D,G,G,6790,100,6790,1,0
E,G,G,7284,100,7284,1,0
F,G,G,6885,100,6885,1,0
G,H,G,7027,100,7027,1,0
A,H,H,9698,100,9698,1,0
B,H,H,13075,100,13075,1,0
C,H,H,7117,100,7117,1,0
D,H,H,1453,100,1453,1,0
E,H,H,9668,100,9668,1,0
F,H,H,13258,100,13258,1,0
G,H,H,7049,100,7049,1,0
A,B,A,7147,100,7147,1,0
A,C,A,7597,100,7597,1,0
A,D,A,9200,100,9200,1,0
A,E,A,1366,100,1366,1,0
A,F,A,7391,100,7391,1,0
A,G,A,7591,100,7591,1,0
A,H,A,9724,100,9724,1,0
A,B,B,7195,100,7195,1,0
B,C,B,6756,100,6756,1,0
B,D,B,12541,100,12541,1,0
B,E,B,7040,100,7040,1,0
B,F,B,1433,100,1433,1,0
B,G,B,6744,100,6744,1,0
B,H,B,13038,100,13038,1,0
A,C,C,7590,100,7590,1,0
B,C,C,6720,100,6720,1,0
C,D,C,6628,100,6628,1,0
C,E,C,7552,100,7552,1,0
C,F,C,7119,100,7119,1,0
C,G,C,1408,100,1408,1,0
C,H,C,7094,100,7094,1,0
A,D,D,9221,100,9221,1,0
B,D,D,12517,100,12517,1,0
C,D,D,6629,100,6629,1,0
D,E,D,9368,100,9368,1,0
D,F,D,12868,100,12868,1,0
D,G,D,6804,100,6804,1,0
D,H,D,1422,100,1422,1,0
A,E,E,1364,100,1364,1,0
B,E,E,7027,100,7027,1,0
C,E,E,7536,100,7536,1,0
D,E,E,9343,100,9343,1,0
E,F,E,6982,100,6982,1,0
E,G,E,7288,100,7288,1,0
E,H,E,9676,100,9676,1,0
A,F,F,7393,100,7393,1,0
B,F,F,1417,100,1417,1,0
C,F,F,7118,100,7118,1,0
D,F,F,12892,100,12892,1,0
E,F,F,6991,100,6991,1,0
F,G,F,6894,100,6894,1,0
F,H,F,13206,100,13206,1,0
A,G,G,7612,100,7612,1,0
B,G,G,6716,100,6716,1,0
C,G,G,1360,100,1360,1,0
D,G,G,6816,100,6816,1,0
E,G,G,7309,100,7309,1,0
F,G,G,6891,100,6891,1,0
G,H,G,7061,100,7061,1,0
A,H,H,9687,100,9687,1,0
B,H,H,12993,100,12993,1,0
C,H,H,7117,100,7117,1,0
D,H,H,1402,100,1402,1,0
E,H,H,9646,100,9646,1,0
F,H,H,13210,100,13210,1,0
G,H,H,7054,100,7054,1,0
A,B,A,7162,100,7162,1,0
A,C,A,7593,100,7593,1,0
A,D,A,9204,100,9204,1,0
A,E,A,1356,100,1356,1,0
A,F,A,7377,100,7377,1,0
A,G,A,7571,100,7571,1,0
A,H,A,9704,100,9704,1,0
A,B,B,7139,100,7139,1,0
B,C,B,6692,100,6692,1,0
B,D,B,12545,100,12545,1,0
B,E,B,7027,100,7027,1,0
B,F,B,1374,100,1374,1,0
B,G,B,6759,100,6759,1,0
B,H,B,13122,100,13122,1,0
A,C,C,7551,100,7551,1,0
B,C,C,6700,100,6700,1,0
C,D,C,6638,100,6638,1,0
C,E,C,7566,100,7566,1,0
C,F,C,7125,100,7125,1,0
C,G,C,1339,100,1339,1,0
C,H,C,7105,100,7105,1,0
A,D,D,9197,100,9197,1,0
B,D,D,12526,100,12526,1,0
C,D,D,6582,100,6582,1,0
D,E,D,9351,100,9351,1,0
D,F,D,12851,100,12851,1,0
D,G,D,6837,100,6837,1,0
D,H,D,1476,100,1476,1,0
A,E,E,1405,100,1405,1,0
B,E,E,7071,100,7071,1,0
C,E,E,7519,100,7519,1,0
D,E,E,9396,100,9396,1,0
E,F,E,7020,100,7020,1,0
E,G,E,7300,100,7300,1,0
E,H,E,9692,100,9692,1,0
A,F,F,7424,100,7424,1,0
B,F,F,1435,100,1435,1,0
C,F,F,7126,100,7126,1,0
D,F,F,12854,100,12854,1,0
E,F,F,6995,100,6995,1,0
F,G,F,6890,100,6890,1,0
F,H,F,13242,100,13242,1,0
A,G,G,7567,100,7567,1,0
B,G,G,6748,100,6748,1,0
C,G,G,1349,100,1349,1,0
D,G,G,6761,100,6761,1,0
E,G,G,7310,100,7310,1,0
F,G,G,6860,100,6860,1,0
G,H,G,7032,100,7032,1,0
A,H,H,9683,100,9683,1,0
B,H,H,13044,100,13044,1,0
C,H,H,7133,100,7133,1,0
D,H,H,1439,100,1439,1,0
E,H,H,9650,100,9650,1,0
F,H,H,13275,100,13275,1,0
G,H,H,7040,100,7040,1,0
A,B,A,7156,100,7156,1,0
A,C,A,7544,100,7544,1,0
A,D,A,9191,100,9191,1,0
A,E,A,1353,100,1353,1,0
A,F,A,7374,100,7374,1,0
A,G,A,7615,100,7615,1,0
A,H,A,9747,100,9747,1,0
A,B,B,7182,100,7182,1,0
B,C,B,6675,100,6675,1,0
B,D,B,12542,100,12542,1,0
B,E,B,7041,100,7041,1,0
B,F,B,1443,100,1443,1,0
B,G,B,6779,100,6779,1,0
B,H,B,13084,100,13084,1,0
A,C,C,7612,100,7612,1,0
B,C,C,6708,100,6708,1,0
C,D,C,6602,100,6602,1,0
C,E,C,7534,100,7534,1,0
C,F,C,7088,100,7088,1,0
C,G,C,1336,100,1336,1,0
C,H,C,7121,100,7121,1,0
A,D,D,9179,100,9179,1,0
B,D,D,12549,100,12549,1,0
C,D,D,6589,100,6589,1,0
D,E,D,9351,100,9351,1,0
D,F,D,12901,100,12901,1,0
D,G,D,6803,100,6803,1,0
D,H,D,1465,100,1465,1,0
A,E,E,1367,100,1367,1,0
B,E,E,7024,100,7024,1,0
C,E,E,7545,100,7545,1,0
D,E,E,9389,100,9389,1,0
E,F,E,6990,100,6990,1,0
E,G,E,7302,100,7302,1,0
E,H,E,9672,100,9672,1,0
A,F,F,7369,100,7369,1,0
B,F,F,1415,100,1415,1,0
C,F,F,7097,100,7097,1,0
D,F,F,12863,100,12863,1,0
E,F,F,7003,100,7003,1,0
F,G,F,6906,100,6906,1,0
F,H,F,13237,100,13237,1,0
A,G,G,7618,100,7618,1,0
B,G,G,6757,100,6757,1,0
C,G,G,1348,100,1348,1,0
D,G,G,6804,100,6804,1,0
E,G,G,7325,100,7325,1,0
F,G,G,6910,100,6910,1,0
G,H,G,7032,100,7032,1,0
A,H,H,9683,100,9683,1,0
B,H,H,12997,100,12997,1,0
C,H,H,7114,100,7114,1,0
D,H,H,1413,100,1413,1,0
E,H,H,9666,100,9666,1,0
F,H,H,13257,100,13257,1,0
G,H,H,7052,100,7052,1,0
A,B,A,7181,100,7181,1,0
A,C,A,7587,100,7587,1,0
A,D,A,9225,100,9225,1,0
A,E,A,1401,100,1401,1,0
A,F,A,7385,100,7385,1,0
A,G,A,7611,100,7611,1,0
A,H,A,9669,100,9669,1,0
A,B,B,7133,100,7133,1,0
B,C,B,6746,100,6746,1,0
B,D,B,12543,100,12543,1,0
B,E,B,7043,100,7043,1,0
B,F,B,1415,100,1415,1,0
B,G,B,6760,100,6760,1,0
B,H,B,13031,100,13031,1,0
A,C,C,7626,100,7626,1,0
B,C,C,6713,100,6713,1,0
C,D,C,6630,100,6630,1,0
C,E,C,7566,100,7566,1,0
C,F,C,7111,100,7111,1,0
C,G,C,1338,100,1338,1,0
C,H,C,7099,100,7099,1,0
A,D,D,9202,100,9202,1,0
B,D,D,12528,100,12528,1,0
C,D,D,6545,100,6545,1,0
D,E,D,9349,100,9349,1,0
D,F,D,12839,100,12839,1,0
D,G,D,6843,100,6843,1,0
D,H,D,1432,100,1432,1,0
A,E,E,1329,100,1329,1,0
B,E,E,7060,100,7060,1,0
C,E,E,7531,100,7531,1,0
D,E,E,9353,100,9353,1,0
E,F,E,6994,100,6994,1,0
E,G,E,7303,100,7303,1,0
E,H,E,9646,100,9646,1,0
A,F,F,7391,100,7391,1,0
B,F,F,1415,100,1415,1,0
C,F,F,7122,100,7122,1,0
D,F,F,12860,100,12860,1,0
E,F,F,6987,100,6987,1,0
F,G,F,6892,100,6892,1,0
F,H,F,13240,100,13240,1,0
A,G,G,7564,100,7564,1,0
B,G,G,6754,100,6754,1,0
C,G,G,1369,100,1369,1,0
D,G,G,6787,100,6787,1,0
E,G,G,7294,100,7294,1,0
F,G,G,6902,100,6902,1,0
G,H,G,7021,100,7021,1,0
A,H,H,9697,100,9697,1,0
B,H,H,13054,100,13054,1,0
C,H,H,7128,100,7128,1,0
D,H,H,1464,100,1464,1,0
E,H,H,9668,100,9668,1,0
F,H,H,13234,100,13234,1,0
G,H,H,7036,100,7036,1,0
A,B,A,7116,100,7116,1,0
A,C,A,7578,100,7578,1,0
A,D,A,9211,100,9211,1,0
A,E,A,1346,100,1346,1,0
A,F,A,7346,100,7346,1,0
A,G,A,7603,100,7603,1,0
A,H,A,9713,100,9713,1,0
A,B,B,7189,100,7189,1,0
B,C,B,6773,100,6773,1,0
B,D,B,12537,100,12537,1,0
B,E,B,7013,100,7013,1,0
B,F,B,1439,100,1439,1,0
B,G,B,6738,100,6738,1,0
B,H,B,13054,100,13054,1,0
A,C,C,7543,100,7543,1,0
B,C,C,6700,100,6700,1,0
C,D,C,6607,100,6607,1,0
C,E,C,7555,100,7555,1,0
C,F,C,7109,100,7109,1,0
C,G,C,1335,100,1335,1,0
C,H,C,7073,100,7073,1,0
A,D,D,9158,100,9158,1,0
B,D,D,12510,100,12510,1,0
C,D,D,6612,100,6612,1,0
D,E,D,9336,100,9336,1,0
D,F,D,12849,100,12849,1,0
D,G,D,6804,100,6804,1,0
D,H,D,1458,100,1458,1,0
A,E,E,1335,100,1335,1,0
B,E,E,7093,100,7093,1,0
C,E,E,7533,100,7533,1,0
D,E,E,9363,100,9363,1,0
E,F,E,6984,100,6984,1,0
E,G,E,7365,100,7365,1,0
E,H,E,9628,100,9628,1,0
A,F,F,7346,100,7346,1,0
B,F,F,1424,100,1424,1,0
C,F,F,7136,100,7136,1,0
D,F,F,12858,100,12858,1,0
E,F,F,7021,100,7021,1,0
F,G,F,6902,100,6902,1,0
F,H,F,13250,100,13250,1,0
A,G,G,7594,100,7594,1,0
B,G,G,6795,100,6795,1,0
C,G,G,1351,100,1351,1,0
D,G,G,6851,100,6851,1,0
E,G,G,7284,100,7284,1,0
F,G,G,6860,100,6860,1,0
G,H,G,7044,100,7044,1,0
A,H,H,9649,100,9649,1,0
B,H,H,13046,100,13046,1,0
C,H,H,7112,100,7112,1,0
D,H,H,1423,100,1423,1,0
E,H,H,9685,100,9685,1,0
F,H,H,13207,100,13207,1,0
G,H,H,7059,100,7059,1,0
A,B,A,7172,100,7172,1,0
A,C,A,7576,100,7576,1,0
A,D,A,9205,100,9205,1,0
A,E,A,1375,100,1375,1,0
A,F,A,7383,100,7383,1,0
A,G,A,7572,100,7572,1,0
A,H,A,9749,100,9749,1,0
A,B,B,7177,100,7177,1,0
B,C,B,6699,100,6699,1,0
B,D,B,12586,100,12586,1,0
B,E,B,7046,100,7046,1,0
B,F,B,1407,100,1407,1,0
B,G,B,6764,100,6764,1,0
B,H,B,13030,100,13030,1,0
A,C,C,7572,100,7572,1,0
B,C,C,6702,100,6702,1,0
C,D,C,6567,100,6567,1,0
C,E,C,7527,100,7527,1,0
C,F,C,7132,100,7132,1,0
C,G,C,1336,100,1336,1,0
C,H,C,7122,100,7122,1,0
A,D,D,9174,100,9174,1,0
B,D,D,12566,100,12566,1,0
C,D,D,6585,100,6585,1,0
D,E,D,9432,100,9432,1,0
D,F,D,12892,100,12892,1,0
D,G,D,6812,100,6812,1,0
D,H,D,1374,100,1374,1,0
A,E,E,1379,100,1379,1,0
B,E,E,6973,100,6973,1,0
C,E,E,7553,100,7553,1,0
D,E,E,9285,100,9285,1,0
E,F,E,6968,100,6968,1,0
E,G,E,7330,100,7330,1,0
E,H,E,9617,100,9617,1,0
A,F,F,7414,100,7414,1,0
B,F,F,1418,100,1418,1,0
C,F,F,7110,100,7110,1,0
D,F,F,12869,100,12869,1,0
E,F,F,6975,100,6975,1,0
F,G,F,6878,100,6878,1,0
F,H,F,13233,100,13233,1,0
A,G,G,7567,100,7567,1,0
B,G,G,6765,100,6765,1,0
C,G,G,1320,100,1320,1,0
D,G,G,6776,100,6776,1,0
E,G,G,7318,100,7318,1,0
F,G,G,6891,100,6891,1,0
G,H,G,7079,100,7079,1,0
A,H,H,9712,100,9712,1,0
B,H,H,13070,100,13070,1,0
C,H,H,7143,100,7143,1,0
D,H,H,1417,100,1417,1,0
E,H,H,9646,100,9646,1,0
F,H,H,13239,100,13239,1,0
G,H,H,7061,100,7061,1,0
A,B,A,7137,100,7137,1,0
A,C,A,7551,100,7551,1,0
A,D,A,9191,100,9191,1,0
A,E,A,1343,100,1343,1,0
A,F,A,7360,100,7360,1,0
A,G,A,7588,100,7588,1,0
A,H,A,9686,100,9686,1,0
A,B,B,7183,100,7183,1,0
B,C,B,6727,100,6727,1,0
B,D,B,12548,100,12548,1,0
B,E,B,7024,100,7024,1,0
B,F,B,1472,100,1472,1,0
B,G,B,6716,100,6716,1,0
B,H,B,13000,100,13000,1,0
A,C,C,7591,100,7591,1,0
B,C,C,6722,100,6722,1,0
C,D,C,6597,100,6597,1,0
C,E,C,7573,100,7573,1,0
C,F,C,7111,100,7111,1,0
C,G,C,1382,100,1382,1,0
C,H,C,7081,100,7081,1,0
A,D,D,9202,100,9202,1,0
B,D,D,12505,100,12505,1,0
C,D,D,6643,100,6643,1,0
D,E,D,9376,100,9376,1,0
D,F,D,12866,100,12866,1,0
D,G,D,6788,100,6788,1,0
D,H,D,1439,100,1439,1,0
A,E,E,1362,100,1362,1,0
B,E,E,7086,100,7086,1,0
C,E,E,7572,100,7572,1,0
D,E,E,9363,100,9363,1,0
E,F,E,6977,100,6977,1,0
E,G,E,7313,100,7313,1,0
E,H,E,9602,100,9602,1,0
A,F,F,7415,100,7415,1,0
B,F,F,1418,100,1418,1,0
C,F,F,7115,100,7115,1,0
D,F,F,12876,100,12876,1,0
E,F,F,7026,100,7026,1,0
F,G,F,6893,100,6893,1,0
F,H,F,13233,100,13233,1,0
A,G,G,7559,100,7559,1,0
B,G,G,6766,100,6766,1,0
C,G,G,1407,100,1407,1,0
D,G,G,6809,100,6809,1,0
E,G,G,7322,100,7322,1,0
F,G,G,6902,100,6902,1,0
G,H,G,7057,100,7057,1,0
A,H,H,9711,100,9711,1,0
B,H,H,13040,100,13040,1,0
C,H,H,7133,100,7133,1,0
D,H,H,1470,100,1470,1,0
E,H,H,9628,100,9628,1,0
F,H,H,13235,100,13235,1,0
G,H,H,7041,100,7041,1,0
A,B,A,7120,100,7120,1,0
A,C,A,7525,100,7525,1,0
A,D,A,9209,100,9209,1,0
A,E,A,1399,100,1399,1,0
A,F,A,7413,100,7413,1,0
A,G,A,7566,100,7566,1,0
A,H,A,9744,100,9744,1,0
A,B,B,7123,100,7123,1,0
B,C,B,6735,100,6735,1,0
B,D,B,12468,100,12468,1,0
B,E,B,7062,100,7062,1,0
B,F,B,1430,100,1430,1,0
B,G,B,6775,100,6775,1,0
B,H,B,13078,100,13078,1,0
A,C,C,7562,100,7562,1,0
B,C,C,6713,100,6713,1,0
C,D,C,6622,100,6622,1,0
C,E,C,7557,100,7557,1,0
C,F,C,7094,100,7094,1,0
C,G,C,1335,100,1335,1,0
C,H,C,7105,100,7105,1,0
A,D,D,9216,100,9216,1,0
B,D,D,12556,100,12556,1,0
C,D,D,6595,100,6595,1,0
D,E,D,9378,100,9378,1,0
D,F,D,12838,100,12838,1,0
D,G,D,6828,100,6828,1,0
D,H,D,1454,100,1454,1,0
A,E,E,1369,100,1369,1,0
B,E,E,7055,100,7055,1,0
C,E,E,7553,100,7553,1,0
D,E,E,9392,100,9392,1,0
E,F,E,7019,100,7019,1,0
E,G,E,7329,100,7329,1,0
E,H,E,9641,100,9641,1,0
A,F,F,7374,100,7374,1,0
B,F,F,1423,100,1423,1,0
C,F,F,7096,100,7096,1,0
D,F,F,12869,100,12869,1,0
E,F,F,7006,100,7006,1,0
F,G,F,6900,100,6900,1,0
F,H,F,13203,100,13203,1,0
A,G,G,7603,100,7603,1,0
B,G,G,6744,100,6744,1,0
C,G,G,1367,100,1367,1,0
D,G,G,6811,100,6811,1,0
E,G,G,7300,100,7300,1,0
F,G,G,6870,100,6870,1,0
G,H,G,7074,100,7074,1,0
A,H,H,9660,100,9660,1,0
B,H,H,13070,100,13070,1,0
C,H,H,7106,100,7106,1,0
D,H,H,1446,100,1446,1,0
E,H,H,9669,100,9669,1,0
F,H,H,13198,100,13198,1,0
G,H,H,7053,100,7053,1,0
A,B,A,7180,100,7180,1,0
A,C,A,7566,100,7566,1,0
A,D,A,9187,100,9187,1,0
A,E,A,1395,100,1395,1,0
A,F,A,7351,100,7351,1,0
A,G,A,7594,100,7594,1,0
A,H,A,9726,100,9726,1,0
A,B,B,7149,100,7149,1,0
B,C,B,6717,100,6717,1,0
B,D,B,12536,100,12536,1,0
B,E,B,7039,100,7039,1,0
B,F,B,1470,100,1470,1,0
B,G,B,6745,100,6745,1,0
B,H,B,13108,100,13108,1,0
A,C,C,7560,100,7560,1,0
B,C,C,6706,100,6706,1,0
C,D,C,6581,100,6581,1,0
C,E,C,7492,100,7492,1,0
C,F,C,7121,100,7121,1,0
C,G,C,1308,100,1308,1,0
C,H,C,7040,100,7040,1,0
A,D,D,9210,100,9210,1,0
B,D,D,12522,100,12522,1,0
C,D,D,6596,100,6596,1,0
D,E,D,9390,100,9390,1,0
D,F,D,12852,100,12852,1,0
D,G,D,6821,100,6821,1,0
D,H,D,1467,100,1467,1,0
A,E,E,1393,100,1393,1,0
B,E,E,7053,100,7053,1,0
C,E,E,7599,100,7599,1,0
D,E,E,9416,100,9416,1,0
E,F,E,6970,100,6970,1,0
E,G,E,7324,100,7324,1,0
E,H,E,9653,100,9653,1,0
A,F,F,7443,100,7443,1,0
B,F,F,1426,100,1426,1,0
C,F,F,7117,100,7117,1,0
D,F,F,12910,100,12910,1,0
E,F,F,7034,100,7034,1,0
F,G,F,6869,100,6869,1,0
F,H,F,13221,100,13221,1,0
A,G,G,7591,100,7591,1,0
B,G,G,6765,100,6765,1,0
C,G,G,1347,100,1347,1,0
D,G,G,6788,100,6788,1,0
E,G,G,7331,100,7331,1,0
F,G,G,6896,100,6896,1,0
G,H,G,7030,100,7030,1,0
A,H,H,9706,100,9706,1,0
B,H,H,12992,100,12992,1,0
C,H,H,7139,100,7139,1,0
D,H,H,1426,100,1426,1,0
E,H,H,9685,100,9685,1,0
F,H,H,13266,100,13266,1,0
G,H,H,7020,100,7020,1,0
A,B,A,7152,100,7152,1,0
A,C,A,7585,100,7585,1,0
A,D,A,9176,100,9176,1,0
A,E,A,1407,100,1407,1,0
A,F,A,7394,100,7394,1,0
A,G,A,7598,100,7598,1,0
A,H,A,9716,100,9716,1,0
A,B,B,7141,100,7141,1,0
B,C,B,6684,100,6684,1,0
B,D,B,12528,100,12528,1,0
B,E,B,7042,100,7042,1,0
B,F,B,1441,100,1441,1,0
B,G,B,6760,100,6760,1,0
B,H,B,13070,100,13070,1,0
A,C,C,7603,100,7603,1,0
B,C,C,6725,100,6725,1,0
C,D,C,6589,100,6589,1,0
C,E,C,7543,100,7543,1,0
C,F,C,7130,100,7130,1,0
C,G,C,1405,100,1405,1,0
C,H,C,7125,100,7125,1,0
A,D,D,9191,100,9191,1,0
B,D,D,12497,100,12497,1,0
C,D,D,6625,100,6625,1,0
D,E,D,9430,100,9430,1,0
D,F,D,12859,100,12859,1,0
D,G,D,6833,100,6833,1,0
D,H,D,1438,100,1438,1,0
A,E,E,1387,100,1387,1,0
B,E,E,7095,100,7095,1,0
C,E,E,7543,100,7543,1,0
D,E,E,9255,100,9255,1,0
E,F,E,6999,100,6999,1,0
E,G,E,7296,100,7296,1,0
E,H,E,9616,100,9616,1,0
A,F,F,7374,100,7374,1,0
B,F,F,1443,100,1443,1,0
C,F,F,7114,100,7114,1,0
D,F,F,12848,100,12848,1,0
E,F,F,7030,100,7030,1,0
F,G,F,6894,100,6894,1,0
F,H,F,13260,100,13260,1,0
A,G,G,7551,100,7551,1,0
B,G,G,6782,100,6782,1,0
C,G,G,1363,100,1363,1,0
D,G,G,6808,100,6808,1,0
E,G,G,7313,100,7313,1,0
F,G,G,6907,100,6907,1,0
G,H,G,7027,100,7027,1,0
A,H,H,9697,100,9697,1,0
B,H,H,13104,100,13104,1,0
C,H,H,7143,100,7143,1,0
D,H,H,1410,100,1410,1,0
E,H,H,9665,100,9665,1,0
F,H,H,13234,100,13234,1,0
G,H,H,7055,100,7055,1,0
A,B,A,7128,100,7128,1,0
A,C,A,7572,100,7572,1,0
A,D,A,9200,100,9200,1,0
A,E,A,1408,100,1408,1,0
A,F,A,7403,100,7403,1,0
A,G,A,7578,100,7578,1,0
A,H,A,9719,100,9719,1,0
A,B,B,7155,100,7155,1,0
B,C,B,6685,100,6685,1,0
B,D,B,12526,100,12526,1,0
B,E,B,6998,100,6998,1,0
B,F,B,1449,100,1449,1,0
B,G,B,6794,100,6794,1,0
B,H,B,13053,100,13053,1,0
A,C,C,7588,100,7588,1,0
B,C,C,6730,100,6730,1,0
C,D,C,6622,100,6622,1,0
C,E,C,7565,100,7565,1,0
C,F,C,7128,100,7128,1,0
C,G,C,1338,100,1338,1,0
C,H,C,7098,100,7098,1,0
A,D,D,9211,100,9211,1,0
B,D,D,12548,100,12548,1,0
C,D,D,6603,100,6603,1,0
D,E,D,9395,100,9395,1,0
D,F,D,12851,100,12851,1,0
D,G,D,6847,100,6847,1,0
D,H,D,1473,100,1473,1,0
A,E,E,1385,100,1385,1,0
B,E,E,7060,100,7060,1,0
C,E,E,7533,100,7533,1,0
D,E,E,9344,100,9344,1,0
E,F,E,7022,100,7022,1,0
E,G,E,7310,100,7310,1,0
E,H,E,9665,100,9665,1,0
A,F,F,7412,100,7412,1,0
B,F,F,1436,100,1436,1,0
C,F,F,7131,100,7131,1,0
D,F,F,12899,100,12899,1,0
E,F,F,7000,100,7000,1,0
F,G,F,6860,100,6860,1,0
F,H,F,13213,100,13213,1,0
A,G,G,7594,100,7594,1,0
B,G,G,6776,100,6776,1,0
C,G,G,1367,100,1367,1,0
D,G,G,6791,100,6791,1,0
E,G,G,7301,100,7301,1,0
F,G,G,6889,100,6889,1,0
G,H,G,7073,100,7073,1,0
A,H,H,9708,100,9708,1,0
B,H,H,13033,100,13033,1,0
C,H,H,7091,100,7091,1,0
D,H,H,1447,100,1447,1,0
E,H,H,9659,100,9659,1,0
F,H,H,13289,100,13289,1,0
G,H,H,7053,100,7053,1,0
A,B,A,7148,100,7148,1,0
A,C,A,7571,100,7571,1,0
A,D,A,9190,100,9190,1,0
A,E,A,1387,100,1387,1,0
A,F,A,7429,100,7429,1,0
A,G,A,7591,100,7591,1,0
A,H,A,9682,100,9682,1,0
A,B,B,7173,100,7173,1,0
B,C,B,6701,100,6701,1,0
B,D,B,12547,100,12547,1,0
B,E,B,7027,100,7027,1,0
B,F,B,1418,100,1418,1,0
B,G,B,6768,100,6768,1,0
B,H,B,13043,100,13043,1,0
A,C,C,7549,100,7549,1,0
B,C,C,6711,100,6711,1,0
C,D,C,6599,100,6599,1,0
C,E,C,7558,100,7558,1,0
C,F,C,7107,100,7107,1,0
C,G,C,1333,100,1333,1,0
C,H,C,7107,100,7107,1,0
A,D,D,9222,100,9222,1,0
B,D,D,12552,100,12552,1,0
C,D,D,6605,100,6605,1,0
D,E,D,9407,100,9407,1,0
D,F,D,12866,100,12866,1,0
D,G,D,6788,100,6788,1,0
D,H,D,1464,100,1464,1,0
A,E,E,1376,100,1376,1,0
B,E,E,7055,100,7055,1,0
C,E,E,7479,100,7479,1,0
D,E,E,9347,100,9347,1,0
E,F,E,7038,100,7038,1,0
E,G,E,7316,100,7316,1,0
E,H,E,9667,100,9667,1,0
A,F,F,7321,100,7321,1,0
B,F,F,1388,100,1388,1,0
C,F,F,7141,100,7141,1,0
D,F,F,12872,100,12872,1,0
E,F,F,6994,100,6994,1,0
F,G,F,6902,100,6902,1,0
F,H,F,13204,100,13204,1,0
A,G,G,7522,100,7522,1,0
B,G,G,6747,100,6747,1,0
C,G,G,1373,100,1373,1,0
D,G,G,6821,100,6821,1,0
E,G,G,7258,100,7258,1,0
F,G,G,6895,100,6895,1,0
G,H,G,7053,100,7053,1,0
A,H,H,9698,100,9698,1,0
B,H,H,13038,100,13038,1,0
C,H,H,7099,100,7099,1,0
D,H,H,1423,100,1423,1,0
E,H,H,9665,100,9665,1,0
F,H,H,13236,100,13236,1,0
G,H,H,7056,100,7056,1,0
A,B,A,7153,100,7153,1,0
A,C,A,7574,100,7574,1,0
A,D,A,9184,100,9184,1,0
A,E,A,1386,100,1386,1,0
A,F,A,7385,100,7385,1,0
A,G,A,7579,100,7579,1,0
A,H,A,9634,100,9634,1,0
A,B,B,7141,100,7141,1,0
B,C,B,6779,100,6779,1,0
B,D,B,12484,100,12484,1,0
B,E,B,7042,100,7042,1,0
B,F,B,1427,100,1427,1,0
B,G,B,6746,100,6746,1,0
B,H,B,13024,100,13024,1,0
A,C,C,7598,100,7598,1,0
B,C,C,6730,100,6730,1,0
C,D,C,6572,100,6572,1,0
C,E,C,7497,100,7497,1,0
C,F,C,7139,100,7139,1,0
C,G,C,1385,100,1385,1,0
C,H,C,7124,100,7124,1,0
A,D,D,9185,100,9185,1,0
B,D,D,12528,100,12528,1,0
C,D,D,6602,100,6602,1,0
D,E,D,9363,100,9363,1,0
D,F,D,12837,100,12837,1,0
D,G,D,6788,100,6788,1,0
D,H,D,1490,100,1490,1,0
A,E,E,1436,100,1436,1,0
B,E,E,7017,100,7017,1,0
C,E,E,7517,100,7517,1,0
D,E,E,9325,100,9325,1,0
E,F,E,7008,100,7008,1,0
E,G,E,7325,100,7325,1,0
E,H,E,9651,100,9651,1,0
A,F,F,7340,100,7340,1,0
B,F,F,1411,100,1411,1,0
C,F,F,7121,100,7121,1,0
D,F,F,12865,100,12865,1,0
E,F,F,7013,100,7013,1,0
F,G,F,6884,100,6884,1,0
F,H,F,13244,100,13244,1,0
A,G,G,7614,100,7614,1,0
B,G,G,6723,100,6723,1,0
C,G,G,1328,100,1328,1,0
D,G,G,6781,100,6781,1,0
E,G,G,7298,100,7298,1,0
F,G,G,6839,100,6839,1,0
G,H,G,7044,100,7044,1,0
A,H,H,9697,100,9697,1,0
B,H,H,13035,100,13035,1,0
C,H,H,7115,100,7115,1,0
D,H,H,1489,100,1489,1,0
E,H,H,9630,100,9630,1,0
F,H,H,13203,100,13203,1,0
G,H,H,7051,100,7051,1,0
A,B,A,7169,100,7169,1,0
A,C,A,7584,100,7584,1,0
A,D,A,9179,100,9179,1,0
A,E,A,1385,100,1385,1,0
A,F,A,7344,100,7344,1,0
A,G,A,7608,100,7608,1,0
A,H,A,9696,100,9696,1,0
A,B,B,7178,100,7178,1,0
B,C,B,6705,100,6705,1,0
B,D,B,12549,100,12549,1,0
B,E,B,7029,100,7029,1,0
B,F,B,1391,100,1391,1,0
B,G,B,6769,100,6769,1,0
B,H,B,13045,100,13045,1,0
A,C,C,7586,100,7586,1,0
B,C,C,6690,100,6690,1,0
C,D,C,6619,100,6619,1,0
C,E,C,7532,100,7532,1,0
C,F,C,7119,100,7119,1,0
C,G,C,1384,100,1384,1,0
C,H,C,7117,100,7117,1,0
A,D,D,9204,100,9204,1,0
B,D,D,12550,100,12550,1,0
C,D,D,6590,100,6590,1,0
D,E,D,9377,100,9377,1,0
D,F,D,12853,100,12853,1,0
D,G,D,6821,100,6821,1,0
D,H,D,1460,100,1460,1,0
A,E,E,1371,100,1371,1,0
B,E,E,7047,100,7047,1,0
C,E,E,7559,100,7559,1,0
D,E,E,9388,100,9388,1,0
E,F,E,6995,100,6995,1,0
E,G,E,7288,100,7288,1,0
E,H,E,9691,100,9691,1,0
A,F,F,7413,100,7413,1,0
B,F,F,1412,100,1412,1,0
C,F,F,7084,100,7084,1,0
D,F,F,12869,100,12869,1,0
E,F,F,7006,100,7006,1,0
F,G,F,6891,100,6891,1,0
F,H,F,13272,100,13272,1,0
A,G,G,7563,100,7563,1,0
B,G,G,6755,100,6755,1,0
C,G,G,1387,100,1387,1,0
D,G,G,6827,100,6827,1,0
E,G,G,7328,100,7328,1,0
F,G,G,6894,100,6894,1,0
G,H,G,7011,100,7011,1,0
A,H,H,9712,100,9712,1,0
B,H,H,13024,100,13024,1,0
C,H,H,7106,100,7106,1,0
D,H,H,1476,100,1476,1,0
E,H,H,9652,100,9652,1,0
F,H,H,13233,100,13233,1,0
G,H,H,7044,100,7044,1,0
A,B,A,7165,100,7165,1,0
A,C,A,7559,100,7559,1,0
A,D,A,9208,100,9208,1,0
A,E,A,1357,100,1357,1,0
A,F,A,7311,100,7311,1,0
A,G,A,7567,100,7567,1,0
A,H,A,9710,100,9710,1,0
A,B,B,7131,100,7131,1,0
B,C,B,6713,100,6713,1,0
B,D,B,12544,100,12544,1,0
B,E,B,7039,100,7039,1,0
B,F,B,1449,100,1449,1,0
B,G,B,6759,100,6759,1,0
B,H,B,13027,100,13027,1,0
A,C,C,7600,100,7600,1,0
B,C,C,6711,100,6711,1,0
C,D,C,6585,100,6585,1,0
C,E,C,7567,100,7567,1,0
C,F,C,7125,100,7125,1,0
C,G,C,1368,100,1368,1,0
C,H,C,7137,100,7137,1,0
A,D,D,9207,100,9207,1,0
B,D,D,12578,100,12578,1,0
C,D,D,6604,100,6604,1,0
D,E,D,9403,100,9403,1,0
D,F,D,12869,100,12869,1,0
D,G,D,6781,100,6781,1,0
D,H,D,1446,100,1446,1,0
A,E,E,1325,100,1325,1,0
B,E,E,7000,100,7000,1,0
C,E,E,7577,100,7577,1,0
D,E,E,9419,100,9419,1,0
E,F,E,6997,100,6997,1,0
E,G,E,7300,100,7300,1,0
E,H,E,9668,100,9668,1,0
A,F,F,7419,100,7419,1,0
B,F,F,1426,100,1426,1,0
C,F,F,7126,100,7126,1,0
D,F,F,12892,100,12892,1,0
E,F,F,7021,100,7021,1,0
F,G,F,6896,100,6896,1,0
F,H,F,13198,100,13198,1,0
A,G,G,7572,100,7572,1,0
B,G,G,6746,100,6746,1,0
C,G,G,1330,100,1330,1,0
D,G,G,6800,100,6800,1,0
E,G,G,7257,100,7257,1,0
F,G,G,6898,100,6898,1,0
G,H,G,7050,100,7050,1,0
A,H,H,9713,100,9713,1,0
B,H,H,13069,100,13069,1,0
C,H,H,7106,100,7106,1,0
D,H,H,1473,100,1473,1,0
E,H,H,9667,100,9667,1,0
F,H,H,13234,100,13234,1,0
G,H,H,7048,100,7048,1,0
A,B,A,7160,100,7160,1,0
A,C,A,7548,100,7548,1,0
A,D,A,9205,100,9205,1,0
A,E,A,1374,100,1374,1,0
A,F,A,7379,100,7379,1,0
A,G,A,7599,100,7599,1,0
A,H,A,9717,100,9717,1,0
A,B,B,7204,100,7204,1,0
B,C,B,6735,100,6735,1,0
B,D,B,12510,100,12510,1,0
B,E,B,7087,100,7087,1,0
B,F,B,1418,100,1418,1,0
B,G,B,6775,100,6775,1,0
B,H,B,13058,100,13058,1,0
A,C,C,7553,100,7553,1,0
B,C,C,6711,100,6711,1,0
C,D,C,6607,100,6607,1,0
C,E,C,7523,100,7523,1,0
C,F,C,7146,100,7146,1,0
C,G,C,1364,100,1364,1,0
C,H,C,7119,100,7119,1,0
A,D,D,9210,100,9210,1,0
B,D,D,12563,100,12563,1,0
C,D,D,6586,100,6586,1,0
D,E,D,9355,100,9355,1,0
D,F,D,12838,100,12838,1,0
D,G,D,6802,100,6802,1,0
D,H,D,1459,100,1459,1,0
A,E,E,1381,100,1381,1,0
B,E,E,7018,100,7018,1,0
C,E,E,7538,100,7538,1,0
D,E,E,9370,100,9370,1,0
E,F,E,6990,100,6990,1,0
E,G,E,7310,100,7310,1,0
E,H,E,9655,100,9655,1,0
A,F,F,7378,100,7378,1,0
B,F,F,1418,100,1418,1,0
C,F,F,7135,100,7135,1,0
D,F,F,12908,100,12908,1,0
E,F,F,6965,100,6965,1,0
F,G,F,6907,100,6907,1,0
F,H,F,13224,100,13224,1,0
A,G,G,7598,100,7598,1,0
B,G,G,6764,100,6764,1,0
C,G,G,1384,100,1384,1,0
D,G,G,6805,100,6805,1,0
E,G,G,7323,100,7323,1,0
F,G,G,6903,100,6903,1,0
G,H,G,7026,100,7026,1,0
A,H,H,9698,100,9698,1,0
B,H,H,13038,100,13038,1,0
C,H,H,7087,100,7087,1,0
D,H,H,1445,100,1445,1,0
E,H,H,9626,100,9626,1,0
F,H,H,13238,100,13238,1,0
G,H,H,7025,100,7025,1,0
A,B,A,7142,100,7142,1,0
A,C,A,7576,100,7576,1,0
A,D,A,9244,100,9244,1,0
A,E,A,1398,100,1398,1,0
A,F,A,7373,100,7373,1,0
A,G,A,7601,100,7601,1,0
A,H,A,9662,100,9662,1,0
A,B,B,7180,100,7180,1,0
B,C,B,6718,100,6718,1,0
B,D,B,12524,100,12524,1,0
B,E,B,7029,100,7029,1,0
B,F,B,1426,100,1426,1,0
B,G,B,6740,100,6740,1,0
B,H,B,13016,100,13016,1,0
A,C,C,7594,100,7594,1,0
B,C,C,6731,100,6731,1,0
C,D,C,6591,100,6591,1,0
C,E,C,7596,100,7596,1,0
C,F,C,7096,100,7096,1,0
C,G,C,1344,100,1344,1,0
C,H,C,7124,100,7124,1,0
A,D,D,9224,100,9224,1,0
B,D,D,12537,100,12537,1,0
C,D,D,6631,100,6631,1,0
D,E,D,9406,100,9406,1,0
D,F,D,12899,100,12899,1,0
D,G,D,6843,100,6843,1,0
D,H,D,1452,100,1452,1,0
A,E,E,1362,100,1362,1,0
B,E,E,7081,100,7081,1,0
C,E,E,7576,100,7576,1,0
D,E,E,9334,100,9334,1,0
E,F,E,7008,100,7008,1,0
E,G,E,7294,100,7294,1,0
E,H,E,9670,100,9670,1,0
A,F,F,7355,100,7355,1,0
B,F,F,1407,100,1407,1,0
C,F,F,7127,100,7127,1,0
D,F,F,12895,100,12895,1,0
E,F,F,7019,100,7019,1,0
F,G,F,6881,100,6881,1,0
F,H,F,13245,100,13245,1,0
A,G,G,7553,100,7553,1,0
B,G,G,6765,100,6765,1,0
C,G,G,1363,100,1363,1,0
D,G,G,6789,100,6789,1,0
E,G,G,7305,100,7305,1,0
F,G,G,6903,100,6903,1,0
G,H,G,7054,100,7054,1,0
A,H,H,9703,100,9703,1,0
B,H,H,13032,100,13032,1,0
C,H,H,7102,100,7102,1,0
D,H,H,1456,100,1456,1,0
E,H,H,9684,100,9684,1,0
F,H,H,13217,100,13217,1,0
G,H,H,7078,100,7078,1,0
A,B,A,7180,100,7180,1,0
A,C,A,7581,100,7581,1,0
A,D,A,9198,100,9198,1,0
A,E,A,1335,100,1335,1,0
A,F,A,7388,100,7388,1,0
A,G,A,7617,100,7617,1,0
A,H,A,9696,100,9696,1,0
A,B,B,7147,100,7147,1,0
B,C,B,6734,100,6734,1,0
B,D,B,12499,100,12499,1,0
B,E,B,7036,100,7036,1,0
B,F,B,1422,100,1422,1,0
B,G,B,6745,100,6745,1,0
B,H,B,13055,100,13055,1,0
A,C,C,7619,100,7619,1,0
B,C,C,6729,100,6729,1,0
C,D,C,6585,100,6585,1,0
C,E,C,7506,100,7506,1,0
C,F,C,7137,100,7137,1,0
C,G,C,1359,100,1359,1,0
C,H,C,7074,100,7074,1,0
A,D,D,9170,100,9170,1,0
B,D,D,12502,100,12502,1,0
C,D,D,6590,100,6590,1,0
D,E,D,9328,100,9328,1,0
D,F,D,12880,100,12880,1,0
D,G,D,6825,100,6825,1,0
D,H,D,1368,100,1368,1,0
A,E,E,1387,100,1387,1,0
B,E,E,7050,100,7050,1,0
C,E,E,7516,100,7516,1,0
D,E,E,9393,100,9393,1,0
E,F,E,7002,100,7002,1,0
E,G,E,7302,100,7302,1,0
E,H,E,9649,100,9649,1,0
A,F,F,7415,100,7415,1,0
B,F,F,1417,100,1417,1,0
C,F,F,7121,100,7121,1,0
D,F,F,12841,100,12841,1,0
E,F,F,7014,100,7014,1,0
F,G,F,6882,100,6882,1,0
F,H,F,13188,100,13188,1,0
A,G,G,7600,100,7600,1,0
B,G,G,6739,100,6739,1,0
C,G,G,1320,100,1320,1,0
D,G,G,6835,100,6835,1,0
E,G,G,7311,100,7311,1,0
F,G,G,6887,100,6887,1,0
G,H,G,7017,100,7017,1,0
A,H,H,9684,100,9684,1,0
B,H,H,13040,100,13040,1,0
C,H,H,7094,100,7094,1,0
D,H,H,1458,100,1458,1,0
E,H,H,9636,100,9636,1,0
F,H,H,13238,100,13238,1,0
G,H,H,7067,100,7067,1,0
A,B,A,7144,100,7144,1,0
A,C,A,7516,100,7516,1,0
A,D,A,9176,100,9176,1,0
A,E,A,1363,100,1363,1,0
A,F,A,7395,100,7395,1,0
A,G,A,7601,100,7601,1,0
A,H,A,9645,100,9645,1,0
A,B,B,7146,100,7146,1,0
B,C,B,6738,100,6738,1,0
B,D,B,12529,100,12529,1,0
B,E,B,7082,100,7082,1,0
B,F,B,1417,100,1417,1,0
B,G,B,6778,100,6778,1,0
B,H,B,13091,100,13091,1,0
A,C,C,7578,100,7578,1,0
B,C,C,6702,100,6702,1,0
C,D,C,6608,100,6608,1,0
C,E,C,7527,100,7527,1,0
C,F,C,7126,100,7126,1,0
C,G,C,1336,100,1336,1,0
C,H,C,7099,100,7099,1,0
A,D,D,9201,100,9201,1,0
B,D,D,12562,100,12562,1,0
C,D,D,6616,100,6616,1,0
D,E,D,9351,100,9351,1,0
D,F,D,12890,100,12890,1,0
D,G,D,6809,100,6809,1,0
D,H,D,1446,100,1446,1,0
A,E,E,1365,100,1365,1,0
B,E,E,7026,100,7026,1,0
C,E,E,7546,100,7546,1,0
D,E,E,9387,100,9387,1,0
E,F,E,6990,100,6990,1,0
E,G,E,7312,100,7312,1,0
E,H,E,9658,100,9658,1,0
A,F,F,7398,100,7398,1,0
B,F,F,1417,100,1417,1,0
C,F,F,7145,100,7145,1,0
D,F,F,12875,100,12875,1,0
E,F,F,7003,100,7003,1,0
F,G,F,6886,100,6886,1,0
F,H,F,13231,100,13231,1,0
A,G,G,7602,100,7602,1,0
B,G,G,6747,100,6747,1,0
C,G,G,1329,100,1329,1,0
D,G,G,6795,100,6795,1,0
E,G,G,7314,100,7314,1,0
F,G,G,6872,100,6872,1,0
G,H,G,7073,100,7073,1,0
A,H,H,9735,100,9735,1,0
B,H,H,13076,100,13076,1,0
C,H,H,7124,100,7124,1,0
D,H,H,1446,100,1446,1,0
E,H,H,9625,100,9625,1,0
F,H,H,13220,100,13220,1,0
G,H,H,7048,100,7048,1,0
A,B,A,7185,100,7185,1,0
A,C,A,7604,100,7604,1,0
A,D,A,9212,100,9212,1,0
A,E,A,1385,100,1385,1,0
A,F,A,7409,100,7409,1,0
A,G,A,7602,100,7602,1,0
A,H,A,9668,100,9668,1,0
A,B,B,7165,100,7165,1,0
B,C,B,6722,100,6722,1,0
B,D,B,12581,100,12581,1,0
B,E,B,7054,100,7054,1,0
B,F,B,1413,100,1413,1,0
B,G,B,6772,100,6772,1,0
B,H,B,13018,100,13018,1,0
A,C,C,7559,100,7559,1,0
B,C,C,6709,100,6709,1,0
C,D,C,6629,100,6629,1,0
C,E,C,7519,100,7519,1,0
C,F,C,7143,100,7143,1,0
C,G,C,1338,100,1338,1,0
C,H,C,7136,100,7136,1,0
A,D,D,9203,100,9203,1,0
B,D,D,12493,100,12493,1,0
C,D,D,6621,100,6621,1,0
D,E,D,9404,100,9404,1,0
D,F,D,12885,100,12885,1,0
D,G,D,6820,100,6820,1,0
D,H,D,1488,100,1488,1,0
A,E,E,1400,100,1400,1,0
B,E,E,7069,100,7069,1,0
C,E,E,7514,100,7514,1,0
D,E,E,9395,100,9395,1,0
E,F,E,7011,100,7011,1,0
E,G,E,7306,100,7306,1,0
E,H,E,9705,100,9705,1,0
A,F,F,7347,100,7347,1,0
B,F,F,1440,100,1440,1,0
C,F,F,7117,100,7117,1,0
D,F,F,12887,100,12887,1,0
E,F,F,7009,100,7009,1,0
F,G,F,6889,100,6889,1,0
F,H,F,13224,100,13224,1,0
A,G,G,7617,100,7617,1,0
B,G,G,6801,100,6801,1,0
C,G,G,1336,100,1336,1,0
D,G,G,6839,100,6839,1,0
E,G,G,7355,100,7355,1,0
F,G,G,6879,100,6879,1,0
G,H,G,7011,100,7011,1,0
A,H,H,9690,100,9690,1,0
B,H,H,13030,100,13030,1,0
C,H,H,7129,100,7129,1,0
D,H,H,1459,100,1459,1,0
E,H,H,9659,100,9659,1,0
F,H,H,13230,100,13230,1,0
G,H,H,7055,100,7055,1,0
A,B,A,7145,100,7145,1,0
A,C,A,7604,100,7604,1,0
A,D,A,9185,100,9185,1,0
A,E,A,1394,100,1394,1,0
A,F,A,7367,100,7367,1,0
A,G,A,7551,100,7551,1,0
A,H,A,9662,100,9662,1,0
A,B,B,7169,100,7169,1,0
B,C,B,6705,100,6705,1,0
B,D,B,12559,100,12559,1,0
B,E,B,7063,100,7063,1,0
B,F,B,1431,100,1431,1,0
B,G,B,6761,100,6761,1,0
B,H,B,13068,100,13068,1,0
A,C,C,7643,100,7643,1,0
B,C,C,6729,100,6729,1,0
C,D,C,6570,100,6570,1,0
C,E,C,7570,100,7570,1,0
C,F,C,7120,100,7120,1,0
C,G,C,1395,100,1395,1,0
C,H,C,7115,100,7115,1,0
A,D,D,9224,100,9224,1,0
B,D,D,12528,100,12528,1,0
C,D,D,6587,100,6587,1,0
D,E,D,9422,100,9422,1,0
D,F,D,12879,100,12879,1,0
D,G,D,6774,100,6774,1,0
D,H,D,1416,100,1416,1,0
A,E,E,1437,100,1437,1,0
B,E,E,6983,100,6983,1,0
C,E,E,7541,100,7541,1,0
D,E,E,9419,100,9419,1,0
E,F,E,6987,100,6987,1,0
E,G,E,7294,100,7294,1,0
E,H,E,9611,100,9611,1,0
A,F,F,7341,100,7341,1,0
B,F,F,1441,100,1441,1,0
C,F,F,7116,100,7116,1,0
D,F,F,12844,100,12844,1,0
E,F,F,7008,100,7008,1,0
F,G,F,6893,100,6893,1,0
F,H,F,13230,100,13230,1,0
A,G,G,7601,100,7601,1,0
B,G,G,6743,100,6743,1,0
C,G,G,1387,100,1387,1,0
D,G,G,6831,100,6831,1,0
E,G,G,7308,100,7308,1,0
F,G,G,6869,100,6869,1,0
G,H,G,7028,100,7028,1,0
A,H,H,9683,100,9683,1,0
B,H,H,13014,100,13014,1,0
C,H,H,7111,100,7111,1,0
D,H,H,1498,100,1498,1,0
E,H,H,9673,100,9673,1,0
F,H,H,13238,100,13238,1,0
G,H,H,7061,100,7061,1,0
A,B,A,7164,100,7164,1,0
A,C,A,7566,100,7566,1,0
A,D,A,9190,100,9190,1,0
A,E,A,1352,100,1352,1,0
A,F,A,7403,100,7403,1,0
A,G,A,7593,100,7593,1,0
A,H,A,9705,100,9705,1,0
A,B,B,7170,100,7170,1,0
B,C,B,6762,100,6762,1,0
B,D,B,12540,100,12540,1,0
B,E,B,7054,100,7054,1,0
B,F,B,1421,100,1421,1,0
B,G,B,6769,100,6769,1,0
B,H,B,13041,100,13041,1,0
A,C,C,7588,100,7588,1,0
B,C,C,6727,100,6727,1,0
C,D,C,6592,100,6592,1,0
C,E,C,7548,100,7548,1,0
C,F,C,7105,100,7105,1,0
C,G,C,1391,100,1391,1,0
C,H,C,7132,100,7132,1,0
A,D,D,9181,100,9181,1,0
B,D,D,12527,100,12527,1,0
C,D,D,6591,100,6591,1,0
D,E,D,9297,100,9297,1,0
D,F,D,12870,100,12870,1,0
D,G,D,6784,100,6784,1,0
D,H,D,1437,100,1437,1,0
A,E,E,1383,100,1383,1,0
B,E,E,7038,100,7038,1,0
C,E,E,7541,100,7541,1,0
D,E,E,9316,100,9316,1,0
E,F,E,7024,100,7024,1,0
E,G,E,7315,100,7315,1,0
E,H,E,9644,100,9644,1,0
A,F,F,7383,100,7383,1,0
B,F,F,1414,100,1414,1,0
C,F,F,7110,100,7110,1,0
D,F,F,12868,100,12868,1,0
E,F,F,6990,100,6990,1,0
F,G,F,6893,100,6893,1,0
F,H,F,13282,100,13282,1,0
A,G,G,7568,100,7568,1,0
B,G,G,6754,100,6754,1,0
C,G,G,1404,100,1404,1,0
D,G,G,6807,100,6807,1,0
E,G,G,7331,100,7331,1,0
F,G,G,6864,100,6864,1,0
G,H,G,7048,100,7048,1,0
A,H,H,9709,100,9709,1,0
B,H,H,13038,100,13038,1,0
C,H,H,7062,100,7062,1,0
D,H,H,1408,100,1408,1,0
E,H,H,9646,100,9646,1,0
F,H,H,13263,100,13263,1,0
G,H,H,7049,100,7049,1,0
A,B,A,7197,100,7197,1,0
A,C,A,7547,100,7547,1,0
A,D,A,9190,100,9190,1,0
A,E,A,1374,100,1374,1,0
A,F,A,7323,100,7323,1,0
A,G,A,7568,100,7568,1,0
A,H,A,9711,100,9711,1,0
A,B,B,7145,100,7145,1,0
B,C,B,6698,100,6698,1,0
B,D,B,12558,100,12558,1,0
B,E,B,7029,100,7029,1,0
B,F,B,1391,100,1391,1,0
B,G,B,6764,100,6764,1,0
B,H,B,13051,100,13051,1,0
A,C,C,7585,100,7585,1,0
B,C,C,6730,100,6730,1,0
C,D,C,6607,100,6607,1,0
C,E,C,7541,100,7541,1,0
C,F,C,7131,100,7131,1,0
C,G,C,1380,100,1380,1,0
C,H,C,7119,100,7119,1,0
A,D,D,9227,100,9227,1,0
B,D,D,12495,100,12495,1,0
C,D,D,6651,100,6651,1,0
D,E,D,9369,100,9369,1,0
D,F,D,12884,100,12884,1,0
D,G,D,6763,100,6763,1,0
D,H,D,1475,100,1475,1,0
A,E,E,1334,100,1334,1,0
B,E,E,7052,100,7052,1,0
C,E,E,7566,100,7566,1,0
D,E,E,9430,100,9430,1,0
E,F,E,6983,100,6983,1,0
E,G,E,7326,100,7326,1,0
E,H,E,9698,100,9698,1,0
A,F,F,7379,100,7379,1,0
B,F,F,1441,100,1441,1,0
C,F,F,7109,100,7109,1,0
D,F,F,12857,100,12857,1,0
E,F,F,7025,100,7025,1,0
F,G,F,6893,100,6893,1,0
F,H,F,13263,100,13263,1,0
A,G,G,7617,100,7617,1,0
B,G,G,6733,100,6733,1,0
C,G,G,1356,100,1356,1,0
D,G,G,6807,100,6807,1,0
E,G,G,7318,100,7318,1,0
F,G,G,6896,100,6896,1,0
G,H,G,7040,100,7040,1,0
A,H,H,9671,100,9671,1,0
B,H,H,13017,100,13017,1,0
C,H,H,7117,100,7117,1,0
D,H,H,1544,100,1544,1,0
E,H,H,9707,100,9707,1,0
F,H,H,13270,100,13270,1,0
G,H,H,7047,100,7047,1,0
A,B,A,7166,100,7166,1,0
A,C,A,7583,100,7583,1,0
A,D,A,9209,100,9209,1,0
A,E,A,1377,100,1377,1,0
A,F,A,7366,100,7366,1,0
A,G,A,7582,100,7582,1,0
A,H,A,9652,100,9652,1,0
A,B,B,7109,100,7109,1,0
B,C,B,6717,100,6717,1,0
B,D,B,12547,100,12547,1,0
B,E,B,7074,100,7074,1,0
B,F,B,1452,100,1452,1,0
B,G,B,6745,100,6745,1,0
B,H,B,13064,100,13064,1,0
A,C,C,7596,100,7596,1,0
B,C,C,6682,100,6682,1,0
C,D,C,6646,100,6646,1,0
C,E,C,7509,100,7509,1,0
C,F,C,7103,100,7103,1,0
C,G,C,1365,100,1365,1,0
C,H,C,7135,100,7135,1,0
A,D,D,9177,100,9177,1,0
B,D,D,12542,100,12542,1,0
C,D,D,6631,100,6631,1,0
D,E,D,9347,100,9347,1,0
D,F,D,12846,100,12846,1,0
D,G,D,6821,100,6821,1,0
D,H,D,1417,100,1417,1,0
A,E,E,1382,100,1382,1,0
B,E,E,7049,100,7049,1,0
C,E,E,7550,100,7550,1,0
D,E,E,9350,100,9350,1,0
E,F,E,7024,100,7024,1,0
E,G,E,7321,100,7321,1,0
E,H,E,9631,100,9631,1,0
A,F,F,7407,100,7407,1,0
B,F,F,1427,100,1427,1,0
C,F,F,7110,100,7110,1,0
D,F,F,12867,100,12867,1,0
E,F,F,7006,100,7006,1,0
F,G,F,6902,100,6902,1,0
F,H,F,13179,100,13179,1,0
A,G,G,7577,100,7577,1,0
B,G,G,6754,100,6754,1,0
C,G,G,1321,100,1321,1,0
D,G,G,6839,100,6839,1,0
E,G,G,7306,100,7306,1,0
F,G,G,6842,100,6842,1,0
G,H,G,7021,100,7021,1,0
A,H,H,9712,100,9712,1,0
B,H,H,13017,100,13017,1,0
C,H,H,7081,100,7081,1,0
D,H,H,1458,100,1458,1,0
E,H,H,9667,100,9667,1,0
F,H,H,13254,100,13254,1,0
G,H,H,7024,100,7024,1,0
A,B,A,7134,100,7134,1,0
A,C,A,7587,100,7587,1,0
A,D,A,9224,100,9224,1,0
A,E,A,1409,100,1409,1,0
A,F,A,7367,100,7367,1,0
A,G,A,7514,100,7514,1,0
A,H,A,9679,100,9679,1,0
A,B,B,7105,100,7105,1,0
B,C,B,6690,100,6690,1,0
B,D,B,12521,100,12521,1,0
B,E,B,7052,100,7052,1,0
B,F,B,1420,100,1420,1,0
B,G,B,6766,100,6766,1,0
B,H,B,13112,100,13112,1,0
A,C,C,7537,100,7537,1,0
B,C,C,6715,100,6715,1,0
C,D,C,6579,100,6579,1,0
C,E,C,7540,100,7540,1,0
C,F,C,7121,100,7121,1,0
C,G,C,1361,100,1361,1,0
C,H,C,7146,100,7146,1,0
A,D,D,9208,100,9208,1,0
B,D,D,12563,100,12563,1,0
C,D,D,6602,100,6602,1,0
D,E,D,9329,100,9329,1,0
D,F,D,12915,100,12915,1,0
D,G,D,6822,100,6822,1,0
D,H,D,1443,100,1443,1,0
A,E,E,1384,100,1384,1,0
B,E,E,7052,100,7052,1,0
C,E,E,7553,100,7553,1,0
D,E,E,9318,100,9318,1,0
E,F,E,7018,100,7018,1,0
E,G,E,7326,100,7326,1,0
E,H,E,9646,100,9646,1,0
A,F,F,7377,100,7377,1,0
B,F,F,1431,100,1431,1,0
C,F,F,7114,100,7114,1,0
D,F,F,12833,100,12833,1,0
E,F,F,6986,100,6986,1,0
F,G,F,6893,100,6893,1,0
F,H,F,13274,100,13274,1,0
A,G,G,7586,100,7586,1,0
B,G,G,6758,100,6758,1,0
C,G,G,1352,100,1352,1,0
D,G,G,6837,100,6837,1,0
E,G,G,7310,100,7310,1,0
F,G,G,6881,100,6881,1,0
G,H,G,7074,100,7074,1,0
A,H,H,9692,100,9692,1,0
B,H,H,13028,100,13028,1,0
C,H,H,7123,100,7123,1,0
D,H,H,1427,100,1427,1,0
E,H,H,9662,100,9662,1,0
F,H,H,13242,100,13242,1,0
G,H,H,7085,100,7085,1,0
A,B,A,7148,100,7148,1,0
A,C,A,7605,100,7605,1,0
A,D,A,9206,100,9206,1,0
A,E,A,1408,100,1408,1,0
A,F,A,7391,100,7391,1,0
A,G,A,7550,100,7550,1,0
A,H,A,9684,100,9684,1,0
A,B,B,7170,100,7170,1,0
B,C,B,6700,100,6700,1,0
B,D,B,12548,100,12548,1,0
B,E,B,7003,100,7003,1,0
B,F,B,1432,100,1432,1,0
B,G,B,6791,100,6791,1,0
B,H,B,13027,100,13027,1,0
A,C,C,7532,100,7532,1,0
B,C,C,6757,100,6757,1,0
C,D,C,6564,100,6564,1,0
C,E,C,7560,100,7560,1,0
C,F,C,7099,100,7099,1,0
C,G,C,1370,100,1370,1,0
C,H,C,7174,100,7174,1,0
A,D,D,9197,100,9197,1,0
B,D,D,12509,100,12509,1,0
C,D,D,6601,100,6601,1,0
D,E,D,9388,100,9388,1,0
D,F,D,12872,100,12872,1,0
D,G,D,6814,100,6814,1,0
D,H,D,1384,100,1384,1,0
A,E,E,1345,100,1345,1,0
B,E,E,7068,100,7068,1,0
C,E,E,7569,100,7569,1,0
D,E,E,9326,100,9326,1,0
E,F,E,6999,100,6999,1,0
E,G,E,7310,100,7310,1,0
E,H,E,9650,100,9650,1,0
A,F,F,7402,100,7402,1,0
B,F,F,1448,100,1448,1,0
C,F,F,7116,100,7116,1,0
D,F,F,12859,100,12859,1,0
E,F,F,6997,100,6997,1,0
F,G,F,6878,100,6878,1,0
F,H,F,13198,100,13198,1,0
A,G,G,7526,100,7526,1,0
B,G,G,6754,100,6754,1,0
C,G,G,1364,100,1364,1,0
D,G,G,6806,100,6806,1,0
E,G,G,7309,100,7309,1,0
F,G,G,6904,100,6904,1,0
G,H,G,7029,100,7029,1,0
A,H,H,9776,100,9776,1,0
B,H,H,13027,100,13027,1,0
C,H,H,7078,100,7078,1,0
D,H,H,1453,100,1453,1,0
E,H,H,9646,100,9646,1,0
F,H,H,13232,100,13232,1,0
G,H,H,7010,100,7010,1,0
A,B,A,7132,100,7132,1,0
A,C,A,7564,100,7564,1,0
A,D,A,9196,100,9196,1,0
A,E,A,1341,100,1341,1,0
A,F,A,7410,100,7410,1,0
A,G,A,7615,100,7615,1,0
A,H,A,9649,100,9649,1,0
A,B,B,7119,100,7119,1,0
B,C,B,6684,100,6684,1,0
B,D,B,12519,100,12519,1,0
B,E,B,7059,100,7059,1,0
B,F,B,1414,100,1414,1,0
B,G,B,6775,100,6775,1,0
B,H,B,13092,100,13092,1,0
A,C,C,7630,100,7630,1,0
B,C,C,6716,100,6716,1,0
C,D,C,6581,100,6581,1,0
C,E,C,7548,100,7548,1,0
C,F,C,7118,100,7118,1,0
C,G,C,1325,100,1325,1,0
C,H,C,7127,100,7127,1,0
A,D,D,9211,100,9211,1,0
B,D,D,12549,100,12549,1,0
C,D,D,6639,100,6639,1,0
D,E,D,9406,100,9406,1,0
D,F,D,12849,100,12849,1,0
D,G,D,6821,100,6821,1,0
D,H,D,1451,100,1451,1,0
A,E,E,1369,100,1369,1,0
B,E,E,7044,100,7044,1,0
C,E,E,7539,100,7539,1,0
D,E,E,9315,100,9315,1,0
E,F,E,7000,100,7000,1,0
E,G,E,7286,100,7286,1,0
E,H,E,9621,100,9621,1,0
A,F,F,7368,100,7368,1,0
B,F,F,1449,100,1449,1,0
C,F,F,7100,100,7100,1,0
D,F,F,12861,100,12861,1,0
E,F,F,6994,100,6994,1,0
F,G,F,6871,100,6871,1,0
F,H,F,13245,100,13245,1,0
A,G,G,7566,100,7566,1,0
B,G,G,6736,100,6736,1,0
C,G,G,1373,100,1373,1,0
D,G,G,6784,100,6784,1,0
E,G,G,7285,100,7285,1,0
F,G,G,6894,100,6894,1,0
G,H,G,7049,100,7049,1,0
A,H,H,9681,100,9681,1,0
B,H,H,13062,100,13062,1,0
C,H,H,7117,100,7117,1,0
D,H,H,1479,100,1479,1,0
E,H,H,9645,100,9645,1,0
F,H,H,13230,100,13230,1,0
G,H,H,7048,100,7048,1,0
A,B,A,7185,100,7185,1,0
A,C,A,7585,100,7585,1,0
A,D,A,9187,100,9187,1,0
A,E,A,1365,100,1365,1,0
A,F,A,7361,100,7361,1,0
A,G,A,7590,100,7590,1,0
A,H,A,9723,100,9723,1,0
A,B,B,7153,100,7153,1,0
B,C,B,6725,100,6725,1,0
B,D,B,12539,100,12539,1,0
B,E,B,7064,100,7064,1,0
B,F,B,1439,100,1439,1,0
B,G,B,6762,100,6762,1,0
B,H,B,13040,100,13040,1,0
A,C,C,7563,100,7563,1,0
B,C,C,6723,100,6723,1,0
C,D,C,6608,100,6608,1,0
C,E,C,7554,100,7554,1,0
C,F,C,7125,100,7125,1,0
C,G,C,1316,100,1316,1,0
C,H,C,7092,100,7092,1,0
A,D,D,9175,100,9175,1,0
B,D,D,12557,100,12557,1,0
C,D,D,6597,100,6597,1,0
D,E,D,9372,100,9372,1,0
D,F,D,12884,100,12884,1,0
D,G,D,6808,100,6808,1,0
D,H,D,1485,100,1485,1,0
A,E,E,1419,100,1419,1,0
B,E,E,7065,100,7065,1,0
C,E,E,7503,100,7503,1,0
D,E,E,9394,100,9394,1,0
E,F,E,6951,100,6951,1,0
E,G,E,7310,100,7310,1,0
E,H,E,9701,100,9701,1,0
A,F,F,7384,100,7384,1,0
B,F,F,1433,100,1433,1,0
C,F,F,7119,100,7119,1,0
D,F,F,12900,100,12900,1,0
E,F,F,7022,100,7022,1,0
F,G,F,6870,100,6870,1,0
F,H,F,13251,100,13251,1,0
A,G,G,7604,100,7604,1,0
B,G,G,6738,100,6738,1,0
C,G,G,1360,100,1360,1,0
D,G,G,6794,100,6794,1,0
E,G,G,7322,100,7322,1,0
F,G,G,6885,100,6885,1,0
G,H,G,7076,100,7076,1,0
A,H,H,9722,100,9722,1,0
B,H,H,13061,100,13061,1,0
C,H,H,7117,100,7117,1,0
D,H,H,1445,100,1445,1,0
E,H,H,9654,100,9654,1,0
F,H,H,13236,100,13236,1,0
G,H,H,7082,100,7082,1,0
A,B,A,7149,100,7149,1,0
A,C,A,7559,100,7559,1,0
A,D,A,9205,100,9205,1,0
A,E,A,1383,100,1383,1,0
A,F,A,7371,100,7371,1,0
A,G,A,7566,100,7566,1,0
A,H,A,9678,100,9678,1,0
A,B,B,7168,100,7168,1,0
B,C,B,6724,100,6724,1,0
B,D,B,12533,100,12533,1,0
B,E,B,7027,100,7027,1,0
B,F,B,1443,100,1443,1,0
B,G,B,6759,100,6759,1,0
B,H,B,13054,100,13054,1,0
A,C,C,7554,100,7554,1,0
B,C,C,6717,100,6717,1,0
C,D,C,6600,100,6600,1,0
C,E,C,7503,100,7503,1,0
C,F,C,7123,100,7123,1,0
C,G,C,1401,100,1401,1,0
C,H,C,7132,100,7132,1,0
A,D,D,9185,100,9185,1,0
B,D,D,12504,100,12504,1,0
C,D,D,6605,100,6605,1,0
D,E,D,9435,100,9435,1,0
D,F,D,12856,100,12856,1,0
D,G,D,6804,100,6804,1,0
D,H,D,1377,100,1377,1,0
A,E,E,1340,100,1340,1,0
B,E,E,7037,100,7037,1,0
C,E,E,7557,100,7557,1,0
D,E,E,9342,100,9342,1,0
E,F,E,7009,100,7009,1,0
E,G,E,7307,100,7307,1,0
E,H,E,9649,100,9649,1,0
A,F,F,7391,100,7391,1,0
B,F,F,1425,100,1425,1,0
C,F,F,7109,100,7109,1,0
D,F,F,12855,100,12855,1,0
E,F,F,6978,100,6978,1,0
F,G,F,6866,100,6866,1,0
F,H,F,13280,100,13280,1,0
A,G,G,7511,100,7511,1,0
B,G,G,6761,100,6761,1,0
C,G,G,1353,100,1353,1,0
D,G,G,6814,100,6814,1,0
E,G,G,7279,100,7279,1,0
F,G,G,6867,100,6867,1,0
G,H,G,7049,100,7049,1,0
A,H,H,9654,100,9654,1,0
B,H,H,13036,100,13036,1,0
C,H,H,7089,100,7089,1,0
D,H,H,1477,100,1477,1,0
E,H,H,9627,100,9627,1,0
F,H,H,13217,100,13217,1,0
G,H,H,7039,100,7039,1,0
A,B,A,7142,100,7142,1,0
A,C,A,7583,100,7583,1,0
A,D,A,9213,100,9213,1,0
A,E,A,1371,100,1371,1,0
A,F,A,7391,100,7391,1,0
A,G,A,7612,100,7612,1,0
A,H,A,9681,100,9681,1,0
A,B,B,7147,100,7147,1,0
B,C,B,6684,100,6684,1,0
B,D,B,12546,100,12546,1,0
B,E,B,7025,100,7025,1,0
B,F,B,1407,100,1407,1,0
B,G,B,6760,100,6760,1,0
B,H,B,13038,100,13038,1,0
A,C,C,7538,100,7538,1,0
B,C,C,6720,100,6720,1,0
C,D,C,6618,100,6618,1,0
C,E,C,7493,100,7493,1,0
C,F,C,7099,100,7099,1,0
C,G,C,1363,100,1363,1,0
C,H,C,7147,100,7147,1,0
A,D,D,9173,100,9173,1,0
B,D,D,12529,100,12529,1,0
C,D,D,6641,100,6641,1,0
D,E,D,9382,100,9382,1,0
D,F,D,12845,100,12845,1,0
D,G,D,6773,100,6773,1,0
D,H,D,1490,100,1490,1,0
A,E,E,1313,100,1313,1,0
B,E,E,7011,100,7011,1,0
C,E,E,7533,100,7533,1,0
D,E,E,9319,100,9319,1,0
E,F,E,6994,100,6994,1,0
E,G,E,7297,100,7297,1,0
E,H,E,9621,100,9621,1,0
A,F,F,7402,100,7402,1,0
B,F,F,1423,100,1423,1,0
C,F,F,7124,100,7124,1,0
D,F,F,12861,100,12861,1,0
E,F,F,7006,100,7006,1,0
F,G,F,6890,100,6890,1,0
F,H,F,13239,100,13239,1,0
A,G,G,7588,100,7588,1,0
B,G,G,6750,100,6750,1,0
C,G,G,1390,100,1390,1,0
D,G,G,6826,100,6826,1,0
E,G,G,7314,100,7314,1,0
F,G,G,6877,100,6877,1,0
G,H,G,7042,100,7042,1,0
A,H,H,9654,100,9654,1,0
B,H,H,13062,100,13062,1,0
C,H,H,7136,100,7136,1,0
D,H,H,1446,100,1446,1,0
E,H,H,9693,100,9693,1,0
F,H,H,13279,100,13279,1,0
G,H,H,7062,100,7062,1,0
A,B,A,7140,100,7140,1,0
A,C,A,7513,100,7513,1,0
A,D,A,9220,100,9220,1,0
A,E,A,1366,100,1366,1,0
A,F,A,7392,100,7392,1,0
A,G,A,7592,100,7592,1,0
A,H,A,9711,100,9711,1,0
A,B,B,7138,100,7138,1,0
B,C,B,6685,100,6685,1,0
B,D,B,12560,100,12560,1,0
B,E,B,7054,100,7054,1,0
B,F,B,1449,100,1449,1,0
B,G,B,6723,100,6723,1,0
B,H,B,13083,100,13083,1,0
A,C,C,7575,100,7575,1,0
B,C,C,6709,100,6709,1,0
C,D,C,6562,100,6562,1,0
C,E,C,7562,100,7562,1,0
C,F,C,7096,100,7096,1,0
C,G,C,1357,100,1357,1,0
C,H,C,7119,100,7119,1,0
A,D,D,9213,100,9213,1,0
B,D,D,12527,100,12527,1,0
C,D,D,6614,100,6614,1,0
D,E,D,9374,100,9374,1,0
D,F,D,12902,100,12902,1,0
D,G,D,6809,100,6809,1,0
D,H,D,1440,100,1440,1,0
A,E,E,1391,100,1391,1,0
B,E,E,7070,100,7070,1,0
C,E,E,7540,100,7540,1,0
D,E,E,9426,100,9426,1,0
E,F,E,7037,100,7037,1,0
E,G,E,7295,100,7295,1,0
E,H,E,9639,100,9639,1,0
A,F,F,7361,100,7361,1,0
B,F,F,1412,100,1412,1,0
C,F,F,7099,100,7099,1,0
D,F,F,12835,100,12835,1,0
E,F,F,7029,100,7029,1,0
F,G,F,6875,100,6875,1,0
F,H,F,13222,100,13222,1,0
A,G,G,7619,100,7619,1,0
B,G,G,6765,100,6765,1,0
C,G,G,1293,100,1293,1,0
D,G,G,6814,100,6814,1,0
E,G,G,7327,100,7327,1,0
F,G,G,6877,100,6877,1,0
G,H,G,7035,100,7035,1,0
A,H,H,9688,100,9688,1,0
B,H,H,13013,100,13013,1,0
C,H,H,7117,100,7117,1,0
D,H,H,1431,100,1431,1,0
E,H,H,9622,100,9622,1,0
F,H,H,13228,100,13228,1,0
G,H,H,7022,100,7022,1,0
A,B,A,7145,100,7145,1,0
A,C,A,7603,100,7603,1,0
A,D,A,9203,100,9203,1,0
A,E,A,1400,100,1400,1,0
A,F,A,7395,100,7395,1,0
A,G,A,7601,100,7601,1,0
A,H,A,9718,100,9718,1,0
A,B,B,7168,100,7168,1,0
B,C,B,6743,100,6743,1,0
B,D,B,12521,100,12521,1,0
B,E,B,7033,100,7033,1,0
B,F,B,1443,100,1443,1,0
B,G,B,6754,100,6754,1,0
B,H,B,13046,100,13046,1,0
A,C,C,7603,100,7603,1,0
B,C,C,6727,100,6727,1,0
C,D,C,6609,100,6609,1,0
C,E,C,7529,100,7529,1,0
C,F,C,7107,100,7107,1,0
C,G,C,1378,100,1378,1,0
C,H,C,7116,100,7116,1,0
A,D,D,9210,100,9210,1,0
B,D,D,12565,100,12565,1,0
C,D,D,6590,100,6590,1,0
D,E,D,9370,100,9370,1,0
D,F,D,12866,100,12866,1,0
D,G,D,6830,100,6830,1,0
D,H,D,1471,100,1471,1,0
A,E,E,1359,100,1359,1,0
B,E,E,7067,100,7067,1,0
C,E,E,7534,100,7534,1,0
D,E,E,9328,100,9328,1,0
E,F,E,7014,100,7014,1,0
E,G,E,7323,100,7323,1,0
E,H,E,9640,100,9640,1,0
A,F,F,7387,100,7387,1,0
B,F,F,1382,100,1382,1,0
C,F,F,7107,100,7107,1,0
D,F,F,12863,100,12863,1,0
E,F,F,6998,100,6998,1,0
F,G,F,6895,100,6895,1,0
F,H,F,13272,100,13272,1,0
A,G,G,7552,100,7552,1,0
B,G,G,6734,100,6734,1,0
C,G,G,1379,100,1379,1,0
D,G,G,6851,100,6851,1,0
E,G,G,7316,100,7316,1,0
F,G,G,6891,100,6891,1,0
G,H,G,7018,100,7018,1,0
A,H,H,9687,100,9687,1,0
B,H,H,13086,100,13086,1,0
C,H,H,7144,100,7144,1,0
D,H,H,1471,100,1471,1,0
E,H,H,9672,100,9672,1,0
F,H,H,13205,100,13205,1,0
G,H,H,7048,100,7048,1,0
A,B,A,7137,100,7137,1,0
A,C,A,7553,100,7553,1,0
A,D,A,9183,100,9183,1,0
A,E,A,1371,100,1371,1,0
A,F,A,7396,100,7396,1,0
A,G,A,7575,100,7575,1,0
A,H,A,9713,100,9713,1,0
A,B,B,7100,100,7100,1,0
B,C,B,6705,100,6705,1,0
B,D,B,12545,100,12545,1,0
B,E,B,7038,100,7038,1,0
B,F,B,1425,100,1425,1,0
B,G,B,6765,100,6765,1,0
B,H,B,13040,100,13040,1,0
A,C,C,7547,100,7547,1,0
B,C,C,6731,100,6731,1,0
C,D,C,6563,100,6563,1,0
C,E,C,7551,100,7551,1,0
C,F,C,7127,100,7127,1,0
C,G,C,1336,100,1336,1,0
C,H,C,7117,100,7117,1,0
A,D,D,9204,100,9204,1,0
B,D,D,12552,100,12552,1,0
C,D,D,6618,100,6618,1,0
D,E,D,9343,100,9343,1,0
D,F,D,12871,100,12871,1,0
D,G,D,6770,100,6770,1,0
D,H,D,1450,100,1450,1,0
A,E,E,1355,100,1355,1,0
B,E,E,7053,100,7053,1,0
C,E,E,7501,100,7501,1,0
D,E,E,9437,100,9437,1,0
E,F,E,7026,100,7026,1,0
E,G,E,7326,100,7326,1,0
E,H,E,9666,100,9666,1,0
A,F,F,7437,100,7437,1,0
B,F,F,1417,100,1417,1,0
C,F,F,7117,100,7117,1,0
D,F,F,12866,100,12866,1,0
E,F,F,6997,100,6997,1,0
F,G,F,6870,100,6870,1,0
F,H,F,13230,100,13230,1,0
A,G,G,7554,100,7554,1,0
B,G,G,6779,100,6779,1,0
C,G,G,1383,100,1383,1,0
D,G,G,6834,100,6834,1,0
E,G,G,7297,100,7297,1,0
F,G,G,6880,100,6880,1,0
G,H,G,7010,100,7010,1,0
A,H,H,9720,100,9720,1,0
B,H,H,13098,100,13098,1,0
C,H,H,7081,100,7081,1,0
D,H,H,1417,100,1417,1,0
E,H,H,9670,100,9670,1,0
F,H,H,13236,100,13236,1,0
G,H,H,7053,100,7053,1,0
A,B,A,7145,100,7145,1,0
A,C,A,7508,100,7508,1,0
A,D,A,9180,100,9180,1,0
A,E,A,1356,100,1356,1,0
A,F,A,7401,100,7401,1,0
A,G,A,7610,100,7610,1,0
A,H,A,9714,100,9714,1,0
A,B,B,7161,100,7161,1,0
B,C,B,6706,100,6706,1,0
B,D,B,12556,100,12556,1,0
B,E,B,7050,100,7050,1,0
B,F,B,1417,100,1417,1,0
B,G,B,6764,100,6764,1,0
B,H,B,13089,100,13089,1,0
A,C,C,7513,100,7513,1,0
B,C,C,6706,100,6706,1,0
C,D,C,6606,100,6606,1,0
C,E,C,7500,100,7500,1,0
C,F,C,7117,100,7117,1,0
C,G,C,1394,100,1394,1,0
C,H,C,7109,100,7109,1,0
A,D,D,9206,100,9206,1,0
B,D,D,12509,100,12509,1,0
C,D,D,6577,100,6577,1,0
D,E,D,9303,100,9303,1,0
D,F,D,12866,100,12866,1,0
D,G,D,6823,100,6823,1,0
D,H,D,1421,100,1421,1,0
A,E,E,1403,100,1403,1,0
B,E,E,7043,100,7043,1,0
C,E,E,7585,100,7585,1,0
D,E,E,9385,100,9385,1,0
E,F,E,6999,100,6999,1,0
E,G,E,7289,100,7289,1,0
E,H,E,9660,100,9660,1,0
A,F,F,7353,100,7353,1,0
B,F,F,1418,100,1418,1,0
C,F,F,7137,100,7137,1,0
D,F,F,12860,100,12860,1,0
E,F,F,7008,100,7008,1,0
F,G,F,6880,100,6880,1,0
F,H,F,13230,100,13230,1,0
A,G,G,7598,100,7598,1,0
B,G,G,6750,100,6750,1,0
C,G,G,1341,100,1341,1,0
D,G,G,6785,100,6785,1,0
E,G,G,7310,100,7310,1,0
F,G,G,6915,100,6915,1,0
G,H,G,7081,100,7081,1,0
A,H,H,9702,100,9702,1,0
B,H,H,12997,100,12997,1,0
C,H,H,7130,100,7130,1,0
D,H,H,1388,100,1388,1,0
E,H,H,9626,100,9626,1,0
F,H,H,13189,100,13189,1,0
G,H,H,7090,100,7090,1,0
A,B,A,7163,100,7163,1,0
A,C,A,7543,100,7543,1,0
A,D,A,9205,100,9205,1,0
A,E,A,1376,100,1376,1,0
A,F,A,7375,100,7375,1,0
A,G,A,7584,100,7584,1,0
A,H,A,9677,100,9677,1,0
A,B,B,7176,100,7176,1,0
B,C,B,6723,100,6723,1,0
B,D,B,12485,100,12485,1,0
B,E,B,7033,100,7033,1,0
B,F,B,1416,100,1416,1,0
B,G,B,6747,100,6747,1,0
B,H,B,13052,100,13052,1,0
A,C,C,7506,100,7506,1,0
B,C,C,6752,100,6752,1,0
C,D,C,6587,100,6587,1,0
C,E,C,7538,100,7538,1,0
C,F,C,7101,100,7101,1,0
C,G,C,1351,100,1351,1,0
C,H,C,7098,100,7098,1,0
A,D,D,9237,100,9237,1,0
B,D,D,12578,100,12578,1,0
C,D,D,6620,100,6620,1,0
D,E,D,9333,100,9333,1,0
D,F,D,12869,100,12869,1,0
D,G,D,6828,100,6828,1,0
D,H,D,1429,100,1429,1,0
A,E,E,1397,100,1397,1,0
B,E,E,7060,100,7060,1,0
C,E,E,7539,100,7539,1,0
D,E,E,9273,100,9273,1,0
E,F,E,6984,100,6984,1,0
E,G,E,7348,100,7348,1,0
E,H,E,9618,100,9618,1,0
A,F,F,7347,100,7347,1,0
B,F,F,1449,100,1449,1,0
C,F,F,7146,100,7146,1,0
D,F,F,12873,100,12873,1,0
E,F,F,6991,100,6991,1,0
F,G,F,6865,100,6865,1,0
F,H,F,13205,100,13205,1,0
A,G,G,7566,100,7566,1,0
B,G,G,6766,100,6766,1,0
C,G,G,1314,100,1314,1,0
D,G,G,6828,100,6828,1,0
E,G,G,7316,100,7316,1,0
F,G,G,6890,100,6890,1,0
G,H,G,7060,100,7060,1,0
A,H,H,9688,100,9688,1,0
B,H,H,13057,100,13057,1,0
C,H,H,7136,100,7136,1,0
D,H,H,1437,100,1437,1,0
E,H,H,9670,100,9670,1,0
F,H,H,13280,100,13280,1,0
G,H,H,7048,100,7048,1,0
A,B,A,7163,100,7163,1,0
A,C,A,7577,100,7577,1,0
A,D,A,9200,100,9200,1,0
A,E,A,1387,100,1387,1,0
A,F,A,7348,100,7348,1,0
A,G,A,7589,100,7589,1,0
A,H,A,9629,100,9629,1,0
A,B,B,7190,100,7190,1,0
B,C,B,6684,100,6684,1,0
B,D,B,12518,100,12518,1,0
B,E,B,7025,100,7025,1,0
B,F,B,1471,100,1471,1,0
B,G,B,6744,100,6744,1,0
B,H,B,13022,100,13022,1,0
A,C,C,7558,100,7558,1,0
B,C,C,6664,100,6664,1,0
C,D,C,6625,100,6625,1,0
C,E,C,7538,100,7538,1,0
C,F,C,7120,100,7120,1,0
C,G,C,1347,100,1347,1,0
C,H,C,7064,100,7064,1,0
A,D,D,9201,100,9201,1,0
B,D,D,12525,100,12525,1,0
C,D,D,6614,100,6614,1,0
D,E,D,9320,100,9320,1,0
D,F,D,12853,100,12853,1,0
D,G,D,6794,100,6794,1,0
D,H,D,1452,100,1452,1,0
A,E,E,1356,100,1356,1,0
B,E,E,7031,100,7031,1,0
C,E,E,7527,100,7527,1,0
D,E,E,9320,100,9320,1,0
E,F,E,7037,100,7037,1,0
E,G,E,7308,100,7308,1,0
E,H,E,9668,100,9668,1,0
A,F,F,7386,100,7386,1,0
B,F,F,1450,100,1450,1,0
C,F,F,7084,100,7084,1,0
D,F,F,12862,100,12862,1,0
E,F,F,7018,100,7018,1,0
F,G,F,6879,100,6879,1,0
F,H,F,13237,100,13237,1,0
A,G,G,7567,100,7567,1,0
B,G,G,6747,100,6747,1,0
C,G,G,1368,100,1368,1,0
D,G,G,6794,100,6794,1,0
E,G,G,7319,100,7319,1,0
F,G,G,6853,100,6853,1,0
G,H,G,7022,100,7022,1,0
A,H,H,9695,100,9695,1,0
B,H,H,13059,100,13059,1,0
C,H,H,7130,100,7130,1,0
D,H,H,1409,100,1409,1,0
E,H,H,9661,100,9661,1,0
F,H,H,13248,100,13248,1,0
G,H,H,7022,100,7022,1,0
A,B,A,7150,100,7150,1,0
A,C,A,7566,100,7566,1,0
A,D,A,9219,100,9219,1,0
A,E,A,1339,100,1339,1,0
A,F,A,7360,100,7360,1,0
A,G,A,7534,100,7534,1,0
A,H,A,9692,100,9692,1,0
A,B,B,7132,100,7132,1,0
B,C,B,6704,100,6704,1,0
B,D,B,12518,100,12518,1,0
B,E,B,7074,100,7074,1,0
B,F,B,1413,100,1413,1,0
B,G,B,6741,100,6741,1,0
B,H,B,12993,100,12993,1,0
A,C,C,7540,100,7540,1,0
B,C,C,6715,100,6715,1,0
C,D,C,6572,100,6572,1,0
C,E,C,7543,100,7543,1,0
C,F,C,7117,100,7117,1,0
C,G,C,1364,100,1364,1,0
C,H,C,7117,100,7117,1,0
A,D,D,9220,100,9220,1,0
B,D,D,12551,100,12551,1,0
C,D,D,6578,100,6578,1,0
D,E,D,9367,100,9367,1,0
D,F,D,12884,100,12884,1,0
D,G,D,6824,100,6824,1,0
D,H,D,1446,100,1446,1,0
A,E,E,1304,100,1304,1,0
B,E,E,7076,100,7076,1,0
C,E,E,7572,100,7572,1,0
D,E,E,9337,100,9337,1,0
E,F,E,6989,100,6989,1,0
E,G,E,7295,100,7295,1,0
E,H,E,9660,100,9660,1,0
A,F,F,7358,100,7358,1,0
B,F,F,1454,100,1454,1,0
C,F,F,7135,100,7135,1,0
D,F,F,12862,100,12862,1,0
E,F,F,6999,100,6999,1,0
F,G,F,6885,100,6885,1,0
F,H,F,13241,100,13241,1,0
A,G,G,7583,100,7583,1,0
B,G,G,6775,100,6775,1,0
C,G,G,1342,100,1342,1,0
D,G,G,6787,100,6787,1,0
E,G,G,7287,100,7287,1,0
F,G,G,6877,100,6877,1,0
G,H,G,7059,100,7059,1,0
A,H,H,9703,100,9703,1,0
B,H,H,13048,100,13048,1,0
C,H,H,7103,100,7103,1,0
D,H,H,1477,100,1477,1,0
E,H,H,9650,100,9650,1,0
F,H,H,13206,100,13206,1,0
G,H,H,7024,100,7024,1,0
A,B,A,7109,100,7109,1,0
A,C,A,7556,100,7556,1,0
A,D,A,9217,100,9217,1,0
A,E,A,1402,100,1402,1,0
A,F,A,7387,100,7387,1,0
A,G,A,7590,100,7590,1,0
A,H,A,9723,100,9723,1,0
A,B,B,7138,100,7138,1,0
B,C,B,6683,100,6683,1,0
B,D,B,12484,100,12484,1,0
B,E,B,7070,100,7070,1,0
B,F,B,1447,100,1447,1,0
B,G,B,6736,100,6736,1,0
B,H,B,13030,100,13030,1,0
A,C,C,7583,100,7583,1,0
B,C,C,6725,100,6725,1,0
C,D,C,6584,100,6584,1,0
C,E,C,7549,100,7549,1,0
C,F,C,7098,100,7098,1,0
C,G,C,1360,100,1360,1,0
C,H,C,7085,100,7085,1,0
A,D,D,9208,100,9208,1,0
B,D,D,12490,100,12490,1,0
C,D,D,6618,100,6618,1,0
D,E,D,9369,100,9369,1,0
D,F,D,12854,100,12854,1,0
D,G,D,6820,100,6820,1,0
D,H,D,1434,100,1434,1,0
A,E,E,1371,100,1371,1,0
B,E,E,7009,100,7009,1,0
C,E,E,7542,100,7542,1,0
D,E,E,9412,100,9412,1,0
E,F,E,7014,100,7014,1,0
E,G,E,7305,100,7305,1,0
E,H,E,9682,100,9682,1,0
A,F,F,7416,100,7416,1,0
B,F,F,1426,100,1426,1,0
C,F,F,7124,100,7124,1,0
D,F,F,12873,100,12873,1,0
E,F,F,7014,100,7014,1,0
F,G,F,6872,100,6872,1,0
F,H,F,13197,100,13197,1,0
A,G,G,7600,100,7600,1,0
B,G,G,6769,100,6769,1,0
C,G,G,1337,100,1337,1,0
D,G,G,6813,100,6813,1,0
E,G,G,7288,100,7288,1,0
F,G,G,6867,100,6867,1,0
G,H,G,7028,100,7028,1,0
A,H,H,9719,100,9719,1,0
B,H,H,13075,100,13075,1,0
C,H,H,7125,100,7125,1,0
D,H,H,1443,100,1443,1,0
E,H,H,9689,100,9689,1,0
F,H,H,13234,100,13234,1,0
G,H,H,7063,100,7063,1,0
A,B,A,7173,100,7173,1,0
A,C,A,7561,100,7561,1,0
A,D,A,9197,100,9197,1,0
A,E,A,1389,100,1389,1,0
A,F,A,7360,100,7360,1,0
A,G,A,7615,100,7615,1,0
A,H,A,9701,100,9701,1,0
A,B,B,7175,100,7175,1,0
B,C,B,6735,100,6735,1,0
B,D,B,12516,100,12516,1,0
B,E,B,7012,100,7012,1,0
B,F,B,1418,100,1418,1,0
B,G,B,6762,100,6762,1,0
B,H,B,13022,100,13022,1,0
A,C,C,7538,100,7538,1,0
B,C,C,6683,100,6683,1,0
C,D,C,6601,100,6601,1,0
C,E,C,7568,100,7568,1,0
C,F,C,7123,100,7123,1,0
C,G,C,1354,100,1354,1,0
C,H,C,7124,100,7124,1,0
A,D,D,9202,100,9202,1,0
B,D,D,12522,100,12522,1,0
C,D,D,6602,100,6602,1,0
D,E,D,9322,100,9322,1,0
D,F,D,12903,100,12903,1,0
D,G,D,6796,100,6796,1,0
D,H,D,1403,100,1403,1,0
A,E,E,1373,100,1373,1,0
B,E,E,7050,100,7050,1,0
C,E,E,7517,100,7517,1,0
D,E,E,9334,100,9334,1,0
E,F,E,6993,100,6993,1,0
E,G,E,7288,100,7288,1,0
E,H,E,9678,100,9678,1,0
A,F,F,7369,100,7369,1,0
B,F,F,1468,100,1468,1,0
C,F,F,7114,100,7114,1,0
D,F,F,12893,100,12893,1,0
E,F,F,6995,100,6995,1,0
F,G,F,6860,100,6860,1,0
F,H,F,13224,100,13224,1,0
A,G,G,7585,100,7585,1,0
B,G,G,6778,100,6778,1,0
C,G,G,1397,100,1397,1,0
D,G,G,6788,100,6788,1,0
E,G,G,7284,100,7284,1,0
F,G,G,6906,100,6906,1,0
G,H,G,7055,100,7055,1,0
A,H,H,9724,100,9724,1,0
B,H,H,12991,100,12991,1,0
C,H,H,7140,100,7140,1,0
D,H,H,1453,100,1453,1,0
E,H,H,9684,100,9684,1,0
F,H,H,13244,100,13244,1,0
G,H,H,7046,100,7046,1,0
A,B,A,7160,100,7160,1,0
A,C,A,7564,100,7564,1,0
A,D,A,9173,100,9173,1,0
A,E,A,1390,100,1390,1,0
A,F,A,7376,100,7376,1,0
A,G,A,7568,100,7568,1,0
A,H,A,9717,100,9717,1,0
A,B,B,7142,100,7142,1,0
B,C,B,6731,100,6731,1,0
B,D,B,12542,100,12542,1,0
B,E,B,7029,100,7029,1,0
B,F,B,1430,100,1430,1,0
B,G,B,6777,100,6777,1,0
B,H,B,13022,100,13022,1,0
A,C,C,7603,100,7603,1,0
B,C,C,6694,100,6694,1,0
C,D,C,6629,100,6629,1,0
C,E,C,7568,100,7568,1,0
C,F,C,7140,100,7140,1,0
C,G,C,1346,100,1346,1,0
C,H,C,7084,100,7084,1,0
A,D,D,9178,100,9178,1,0
B,D,D,12542,100,12542,1,0
C,D,D,6614,100,6614,1,0
D,E,D,9315,100,9315,1,0
D,F,D,12865,100,12865,1,0
D,G,D,6836,100,6836,1,0
D,H,D,1410,100,1410,1,0
A,E,E,1338,100,1338,1,0
B,E,E,7059,100,7059,1,0
C,E,E,7554,100,7554,1,0
D,E,E,9342,100,9342,1,0
E,F,E,6981,100,6981,1,0
E,G,E,7306,100,7306,1,0
E,H,E,9649,100,9649,1,0
A,F,F,7379,100,7379,1,0
B,F,F,1409,100,1409,1,0
C,F,F,7147,100,7147,1,0
D,F,F,12851,100,12851,1,0
E,F,F,7036,100,7036,1,0
F,G,F,6894,100,6894,1,0
F,H,F,13253,100,13253,1,0
A,G,G,7569,100,7569,1,0
B,G,G,6727,100,6727,1,0
C,G,G,1323,100,1323,1,0
D,G,G,6794,100,6794,1,0
E,G,G,7325,100,7325,1,0
F,G,G,6851,100,6851,1,0
G,H,G,7054,100,7054,1,0
A,H,H,9705,100,9705,1,0
B,H,H,13061,100,13061,1,0
C,H,H,7108,100,7108,1,0
D,H,H,1437,100,1437,1,0
E,H,H,9637,100,9637,1,0
F,H,H,13230,100,13230,1,0
G,H,H,7027,100,7027,1,0
A,B,A,7140,100,7140,1,0
A,C,A,7547,100,7547,1,0
A,D,A,9208,100,9208,1,0
A,E,A,1340,100,1340,1,0
A,F,A,7369,100,7369,1,0
A,G,A,7565,100,7565,1,0
A,H,A,9738,100,9738,1,0
A,B,B,7164,100,7164,1,0
B,C,B,6730,100,6730,1,0
B,D,B,12504,100,12504,1,0
B,E,B,7071,100,7071,1,0
B,F,B,1446,100,1446,1,0
B,G,B,6776,100,6776,1,0
B,H,B,13004,100,13004,1,0
A,C,C,7551,100,7551,1,0
B,C,C,6696,100,6696,1,0
C,D,C,6655,100,6655,1,0
C,E,C,7536,100,7536,1,0
C,F,C,7123,100,7123,1,0
C,G,C,1350,100,1350,1,0
C,H,C,7098,100,7098,1,0
A,D,D,9222,100,9222,1,0
B,D,D,12485,100,12485,1,0
C,D,D,6601,100,6601,1,0
D,E,D,9352,100,9352,1,0
D,F,D,12889,100,12889,1,0
D,G,D,6832,100,6832,1,0
D,H,D,1492,100,1492,1,0
A,E,E,1361,100,1361,1,0
B,E,E,7043,100,7043,1,0
C,E,E,7546,100,7546,1,0
D,E,E,9381,100,9381,1,0
E,F,E,7001,100,7001,1,0
E,G,E,7310,100,7310,1,0
E,H,E,9702,100,9702,1,0
A,F,F,7374,100,7374,1,0
B,F,F,1428,100,1428,1,0
C,F,F,7101,100,7101,1,0
D,F,F,12870,100,12870,1,0
E,F,F,7030,100,7030,1,0
F,G,F,6913,100,6913,1,0
F,H,F,13211,100,13211,1,0
A,G,G,7568,100,7568,1,0
B,G,G,6786,100,6786,1,0
C,G,G,1341,100,1341,1,0
D,G,G,6804,100,6804,1,0
E,G,G,7317,100,7317,1,0
F,G,G,6893,100,6893,1,0
G,H,G,7041,100,7041,1,0
A,H,H,9709,100,9709,1,0
B,H,H,13044,100,13044,1,0
C,H,H,7067,100,7067,1,0
D,H,H,1429,100,1429,1,0
E,H,H,9703,100,9703,1,0
F,H,H,13243,100,13243,1,0
G,H,H,7022,100,7022,1,0
A,B,A,7111,100,7111,1,0
A,C,A,7553,100,7553,1,0
A,D,A,9209,100,9209,1,0
A,E,A,1379,100,1379,1,0
A,F,A,7364,100,7364,1,0
A,G,A,7567,100,7567,1,0
A,H,A,9699,100,9699,1,0
A,B,B,7136,100,7136,1,0
B,C,B,6719,100,6719,1,0
B,D,B,12524,100,12524,1,0
B,E,B,7003,100,7003,1,0
B,F,B,1436,100,1436,1,0
B,G,B,6747,100,6747,1,0
B,H,B,13030,100,13030,1,0
A,C,C,7557,100,7557,1,0
B,C,C,6717,100,6717,1,0
C,D,C,6604,100,6604,1,0
C,E,C,7520,100,7520,1,0
C,F,C,7108,100,7108,1,0
C,G,C,1356,100,1356,1,0
C,H,C,7109,100,7109,1,0
A,D,D,9188,100,9188,1,0
B,D,D,12502,100,12502,1,0
C,D,D,6587,100,6587,1,0
D,E,D,9316,100,9316,1,0
D,F,D,12869,100,12869,1,0
D,G,D,6844,100,6844,1,0
D,H,D,1451,100,1451,1,0
A,E,E,1341,100,1341,1,0
B,E,E,7046,100,7046,1,0
C,E,E,7554,100,7554,1,0
D,E,E,9384,100,9384,1,0
E,F,E,6973,100,6973,1,0
E,G,E,7299,100,7299,1,0
E,H,E,9682,100,9682,1,0
A,F,F,7422,100,7422,1,0
B,F,F,1455,100,1455,1,0
C,F,F,7109,100,7109,1,0
D,F,F,12877,100,12877,1,0
E,F,F,7030,100,7030,1,0
F,G,F,6874,100,6874,1,0
F,H,F,13267,100,13267,1,0
A,G,G,7594,100,7594,1,0
B,G,G,6744,100,6744,1,0
C,G,G,1318,100,1318,1,0
D,G,G,6843,100,6843,1,0
E,G,G,7287,100,7287,1,0
F,G,G,6851,100,6851,1,0
G,H,G,7033,100,7033,1,0
A,H,H,9649,100,9649,1,0
B,H,H,13064,100,13064,1,0
C,H,H,7127,100,7127,1,0
D,H,H,1437,100,1437,1,0
E,H,H,9655,100,9655,1,0
F,H,H,13235,100,13235,1,0
G,H,H,7025,100,7025,1,0
A,B,A,7146,100,7146,1,0
A,C,A,7550,100,7550,1,0
A,D,A,9226,100,9226,1,0
A,E,A,1370,100,1370,1,0
A,F,A,7377,100,7377,1,0
A,G,A,7597,100,7597,1,0
A,H,A,9673,100,9673,1,0
A,B,B,7155,100,7155,1,0
B,C,B,6707,100,6707,1,0
B,D,B,12478,100,12478,1,0
B,E,B,7045,100,7045,1,0
B,F,B,1410,100,1410,1,0
B,G,B,6752,100,6752,1,0
B,H,B,13031,100,13031,1,0
A,C,C,7541,100,7541,1,0
B,C,C,6752,100,6752,1,0
C,D,C,6604,100,6604,1,0
C,E,C,7539,100,7539,1,0
C,F,C,7126,100,7126,1,0
C,G,C,1331,100,1331,1,0
C,H,C,7118,100,7118,1,0
A,D,D,9191,100,9191,1,0
B,D,D,12568,100,12568,1,0
C,D,D,6596,100,6596,1,0
D,E,D,9347,100,9347,1,0
D,F,D,12856,100,12856,1,0
D,G,D,6780,100,6780,1,0
D,H,D,1460,100,1460,1,0
A,E,E,1404,100,1404,1,0
B,E,E,7010,100,7010,1,0
C,E,E,7545,100,7545,1,0
D,E,E,9327,100,9327,1,0
E,F,E,7008,100,7008,1,0
E,G,E,7326,100,7326,1,0
E,H,E,9675,100,9675,1,0
A,F,F,7330,100,7330,1,0
B,F,F,1452,100,1452,1,0
C,F,F,7116,100,7116,1,0
D,F,F,12852,100,12852,1,0
E,F,F,7006,100,7006,1,0
F,G,F,6894,100,6894,1,0
F,H,F,13238,100,13238,1,0
A,G,G,7615,100,7615,1,0
B,G,G,6817,100,6817,1,0
C,G,G,1394,100,1394,1,0
D,G,G,6798,100,6798,1,0
E,G,G,7333,100,7333,1,0
F,G,G,6884,100,6884,1,0
G,H,G,7076,100,7076,1,0
A,H,H,9673,100,9673,1,0
B,H,H,13030,100,13030,1,0
C,H,H,7114,100,7114,1,0
D,H,H,1398,100,1398,1,0
E,H,H,9652,100,9652,1,0
F,H,H,13203,100,13203,1,0
G,H,H,7072,100,7072,1,0
A,B,A,7128,100,7128,1,0
A,C,A,7588,100,7588,1,0
A,D,A,9201,100,9201,1,0
A,E,A,1331,100,1331,1,0
A,F,A,7363,100,7363,1,0
A,G,A,7597,100,7597,1,0
A,H,A,9675,100,9675,1,0
A,B,B,7139,100,7139,1,0
B,C,B,6704,100,6704,1,0
B,D,B,12571,100,12571,1,0
B,E,B,7049,100,7049,1,0
B,F,B,1444,100,1444,1,0
B,G,B,6767,100,6767,1,0
B,H,B,13083,100,13083,1,0
A,C,C,7532,100,7532,1,0
B,C,C,6719,100,6719,1,0
C,D,C,6563,100,6563,1,0
C,E,C,7564,100,7564,1,0
C,F,C,7125,100,7125,1,0
C,G,C,1409,100,1409,1,0
C,H,C,7066,100,7066,1,0
A,D,D,9185,100,9185,1,0
B,D,D,12531,100,12531,1,0
C,D,D,6593,100,6593,1,0
D,E,D,9364,100,9364,1,0
D,F,D,12863,100,12863,1,0
D,G,D,6816,100,6816,1,0
D,H,D,1432,100,1432,1,0
A,E,E,1480,100,1480,1,0
B,E,E,7075,100,7075,1,0
C,E,E,7578,100,7578,1,0
D,E,E,9383,100,9383,1,0
E,F,E,7016,100,7016,1,0
E,G,E,7290,100,7290,1,0
E,H,E,9621,100,9621,1,0
A,F,F,7359,100,7359,1,0
B,F,F,1420,100,1420,1,0
C,F,F,7106,100,7106,1,0
D,F,F,12876,100,12876,1,0
E,F,F,6988,100,6988,1,0
F,G,F,6891,100,6891,1,0
F,H,F,13251,100,13251,1,0
A,G,G,7588,100,7588,1,0
B,G,G,6769,100,6769,1,0
C,G,G,1361,100,1361,1,0
D,G,G,6816,100,6816,1,0
E,G,G,7284,100,7284,1,0
F,G,G,6867,100,6867,1,0
G,H,G,7056,100,7056,1,0
A,H,H,9704,100,9704,1,0
B,H,H,13038,100,13038,1,0
C,H,H,7098,100,7098,1,0
D,H,H,1443,100,1443,1,0
E,H,H,9655,100,9655,1,0
F,H,H,13226,100,13226,1,0
G,H,H,7014,100,7014,1,0
A,B,A,7157,100,7157,1,0
A,C,A,7557,100,7557,1,0
A,D,A,9207,100,9207,1,0
A,E,A,1401,100,1401,1,0
A,F,A,7381,100,7381,1,0
A,G,A,7514,100,7514,1,0
A,H,A,9733,100,9733,1,0
A,B,B,7145,100,7145,1,0
B,C,B,6760,100,6760,1,0
B,D,B,12550,100,12550,1,0
B,E,B,7056,100,7056,1,0
B,F,B,1399,100,1399,1,0
B,G,B,6775,100,6775,1,0
B,H,B,12999,100,12999,1,0
A,C,C,7576,100,7576,1,0
B,C,C,6755,100,6755,1,0
C,D,C,6589,100,6589,1,0
C,E,C,7565,100,7565,1,0
C,F,C,7115,100,7115,1,0
C,G,C,1395,100,1395,1,0
C,H,C,7117,100,7117,1,0
A,D,D,9183,100,9183,1,0
B,D,D,12544,100,12544,1,0
C,D,D,6597,100,6597,1,0
D,E,D,9378,100,9378,1,0
D,F,D,12828,100,12828,1,0
D,G,D,6776,100,6776,1,0
D,H,D,1430,100,1430,1,0
A,E,E,1365,100,1365,1,0
B,E,E,7059,100,7059,1,0
C,E,E,7527,100,7527,1,0
D,E,E,9335,100,9335,1,0
E,F,E,6996,100,6996,1,0
E,G,E,7309,100,7309,1,0
E,H,E,9699,100,9699,1,0
A,F,F,7376,100,7376,1,0
B,F,F,1439,100,1439,1,0
C,F,F,7122,100,7122,1,0
D,F,F,12875,100,12875,1,0
E,F,F,7016,100,7016,1,0
F,G,F,6874,100,6874,1,0
F,H,F,13240,100,13240,1,0
A,G,G,7613,100,7613,1,0
B,G,G,6768,100,6768,1,0
C,G,G,1391,100,1391,1,0
D,G,G,6807,100,6807,1,0
E,G,G,7310,100,7310,1,0
F,G,G,6878,100,6878,1,0
G,H,G,7069,100,7069,1,0
A,H,H,9720,100,9720,1,0
B,H,H,13089,100,13089,1,0
C,H,H,7086,100,7086,1,0
D,H,H,1463,100,1463,1,0
E,H,H,9677,100,9677,1,0
F,H,H,13234,100,13234,1,0
G,H,H,7072,100,7072,1,0
A,B,A,7165,100,7165,1,0
A,C,A,7552,100,7552,1,0
A,D,A,9203,100,9203,1,0
A,E,A,1361,100,1361,1,0
A,F,A,7429,100,7429,1,0
A,G,A,7602,100,7602,1,0
A,H,A,9711,100,9711,1,0
A,B,B,7121,100,7121,1,0
B,C,B,6733,100,6733,1,0
B,D,B,12551,100,12551,1,0
B,E,B,7077,100,7077,1,0
B,F,B,1457,100,1457,1,0
B,G,B,6769,100,6769,1,0
B,H,B,13095,100,13095,1,0
A,C,C,7555,100,7555,1,0
B,C,C,6719,100,6719,1,0
C,D,C,6617,100,6617,1,0
C,E,C,7505,100,7505,1,0
C,F,C,7088,100,7088,1,0
C,G,C,1366,100,1366,1,0
C,H,C,7137,100,7137,1,0
A,D,D,9158,100,9158,1,0
B,D,D,12530,100,12530,1,0
C,D,D,6610,100,6610,1,0
D,E,D,9351,100,9351,1,0
D,F,D,12885,100,12885,1,0
D,G,D,6797,100,6797,1,0
D,H,D,1451,100,1451,1,0
A,E,E,1396,100,1396,1,0
B,E,E,7014,100,7014,1,0
C,E,E,7530,100,7530,1,0
D,E,E,9339,100,9339,1,0
E,F,E,7000,100,7000,1,0
E,G,E,7326,100,7326,1,0
E,H,E,9668,100,9668,1,0
A,F,F,7377,100,7377,1,0
B,F,F,1453,100,1453,1,0
C,F,F,7111,100,7111,1,0
D,F,F,12856,100,12856,1,0
E,F,F,7031,100,7031,1,0
F,G,F,6887,100,6887,1,0
F,H,F,13229,100,13229,1,0
A,G,G,7573,100,7573,1,0
B,G,G,6790,100,6790,1,0
C,G,G,1313,100,1313,1,0
D,G,G,6818,100,6818,1,0
E,G,G,7305,100,7305,1,0
F,G,G,6904,100,6904,1,0
G,H,G,7057,100,7057,1,0
A,H,H,9729,100,9729,1,0
B,H,H,13061,100,13061,1,0
C,H,H,7088,100,7088,1,0
D,H,H,1436,100,1436,1,0
E,H,H,9679,100,9679,1,0
F,H,H,13244,100,13244,1,0
G,H,H,7033,100,7033,1,0
A,B,A,7114,100,7114,1,0
A,C,A,7541,100,7541,1,0
A,D,A,9220,100,9220,1,0
A,E,A,1357,100,1357,1,0
A,F,A,7394,100,7394,1,0
A,G,A,7575,100,7575,1,0
A,H,A,9702,100,9702,1,0
A,B,B,7163,100,7163,1,0
B,C,B,6719,100,6719,1,0
B,D,B,12543,100,12543,1,0
B,E,B,7048,100,7048,1,0
B,F,B,1416,100,1416,1,0
B,G,B,6754,100,6754,1,0
B,H,B,13046,100,13046,1,0
A,C,C,7589,100,7589,1,0
B,C,C,6740,100,6740,1,0
C,D,C,6643,100,6643,1,0
C,E,C,7548,100,7548,1,0
C,F,C,7099,100,7099,1,0
C,G,C,1379,100,1379,1,0
C,H,C,7133,100,7133,1,0
A,D,D,9214,100,9214,1,0
B,D,D,12556,100,12556,1,0
C,D,D,6632,100,6632,1,0
D,E,D,9319,100,9319,1,0
D,F,D,12887,100,12887,1,0
D,G,D,6812,100,6812,1,0
D,H,D,1418,100,1418,1,0
A,E,E,1375,100,1375,1,0
B,E,E,7034,100,7034,1,0
C,E,E,7520,100,7520,1,0
D,E,E,9317,100,9317,1,0
E,F,E,7020,100,7020,1,0
E,G,E,7305,100,7305,1,0
E,H,E,9692,100,9692,1,0
A,F,F,7382,100,7382,1,0
B,F,F,1408,100,1408,1,0
C,F,F,7122,100,7122,1,0
D,F,F,12876,100,12876,1,0
E,F,F,7001,100,7001,1,0
F,G,F,6878,100,6878,1,0
F,H,F,13226,100,13226,1,0
A,G,G,7577,100,7577,1,0
B,G,G,6786,100,6786,1,0
C,G,G,1341,100,1341,1,0
D,G,G,6856,100,6856,1,0
E,G,G,7295,100,7295,1,0
F,G,G,6875,100,6875,1,0
G,H,G,7048,100,7048,1,0
A,H,H,9709,100,9709,1,0
B,H,H,13065,100,13065,1,0
C,H,H,7099,100,7099,1,0
D,H,H,1427,100,1427,1,0
E,H,H,9644,100,9644,1,0
F,H,H,13244,100,13244,1,0
G,H,H,7055,100,7055,1,0
A,B,A,7188,100,7188,1,0
A,C,A,7597,100,7597,1,0
A,D,A,9197,100,9197,1,0
A,E,A,1425,100,1425,1,0
A,F,A,7346,100,7346,1,0
A,G,A,7573,100,7573,1,0
A,H,A,9732,100,9732,1,0
A,B,B,7146,100,7146,1,0
B,C,B,6737,100,6737,1,0
B,D,B,12547,100,12547,1,0
B,E,B,7067,100,7067,1,0
B,F,B,1395,100,1395,1,0
B,G,B,6750,100,6750,1,0
B,H,B,13053,100,13053,1,0
A,C,C,7580,100,7580,1,0
B,C,C,6690,100,6690,1,0
C,D,C,6575,100,6575,1,0
C,E,C,7542,100,7542,1,0
C,F,C,7118,100,7118,1,0
C,G,C,1338,100,1338,1,0
C,H,C,7115,100,7115,1,0
A,D,D,9203,100,9203,1,0
B,D,D,12533,100,12533,1,0
C,D,D,6609,100,6609,1,0
D,E,D,9303,100,9303,1,0
D,F,D,12884,100,12884,1,0
D,G,D,6786,100,6786,1,0
D,H,D,1417,100,1417,1,0
A,E,E,1358,100,1358,1,0
B,E,E,7011,100,7011,1,0
C,E,E,7538,100,7538,1,0
D,E,E,9320,100,9320,1,0
E,F,E,6980,100,6980,1,0
E,G,E,7297,100,7297,1,0
E,H,E,9623,100,9623,1,0
A,F,F,7369,100,7369,1,0
B,F,F,1443,100,1443,1,0
C,F,F,7131,100,7131,1,0
D,F,F,12895,100,12895,1,0
E,F,F,7009,100,7009,1,0
F,G,F,6901,100,6901,1,0
F,H,F,13248,100,13248,1,0
A,G,G,7623,100,7623,1,0
B,G,G,6782,100,6782,1,0
C,G,G,1381,100,1381,1,0
D,G,G,6805,100,6805,1,0
E,G,G,7300,100,7300,1,0
F,G,G,6874,100,6874,1,0
G,H,G,7039,100,7039,1,0
A,H,H,9679,100,9679,1,0
B,H,H,13031,100,13031,1,0
C,H,H,7136,100,7136,1,0
D,H,H,1474,100,1474,1,0
E,H,H,9670,100,9670,1,0
F,H,H,13263,100,13263,1,0
G,H,H,7064,100,7064,1,0
A,B,A,7179,100,7179,1,0
A,C,A,7553,100,7553,1,0
A,D,A,9194,100,9194,1,0
A,E,A,1401,100,1401,1,0
A,F,A,7410,100,7410,1,0
A,G,A,7622,100,7622,1,0
A,H,A,9680,100,9680,1,0
A,B,B,7138,100,7138,1,0
B,C,B,6725,100,6725,1,0
B,D,B,12516,100,12516,1,0
B,E,B,7003,100,7003,1,0
B,F,B,1428,100,1428,1,0
B,G,B,6757,100,6757,1,0
B,H,B,13043,100,13043,1,0
A,C,C,7540,100,7540,1,0
B,C,C,6694,100,6694,1,0
C,D,C,6599,100,6599,1,0
C,E,C,7546,100,7546,1,0
C,F,C,7094,100,7094,1,0
C,G,C,1382,100,1382,1,0
C,H,C,7106,100,7106,1,0
A,D,D,9190,100,9190,1,0
B,D,D,12475,100,12475,1,0
C,D,D,6545,100,6545,1,0
D,E,D,9349,100,9349,1,0
D,F,D,12891,100,12891,1,0
D,G,D,6819,100,6819,1,0
D,H,D,1462,100,1462,1,0
A,E,E,1399,100,1399,1,0
B,E,E,7057,100,7057,1,0
C,E,E,7585,100,7585,1,0
D,E,E,9370,100,9370,1,0
E,F,E,7011,100,7011,1,0
E,G,E,7326,100,7326,1,0
E,H,E,9653,100,9653,1,0
A,F,F,7378,100,7378,1,0
B,F,F,1411,100,1411,1,0
C,F,F,7127,100,7127,1,0
D,F,F,12862,100,12862,1,0
E,F,F,6984,100,6984,1,0
F,G,F,6868,100,6868,1,0
F,H,F,13202,100,13202,1,0
A,G,G,7528,100,7528,1,0
B,G,G,6746,100,6746,1,0
C,G,G,1314,100,1314,1,0
D,G,G,6830,100,6830,1,0
E,G,G,7284,100,7284,1,0
F,G,G,6908,100,6908,1,0
G,H,G,7026,100,7026,1,0
A,H,H,9703,100,9703,1,0
B,H,H,13016,100,13016,1,0
C,H,H,7132,100,7132,1,0
D,H,H,1445,100,1445,1,0
E,H,H,9663,100,9663,1,0
F,H,H,13214,100,13214,1,0
G,H,H,7005,100,7005,1,0
A,B,A,7187,100,7187,1,0
A,C,A,7560,100,7560,1,0
A,D,A,9202,100,9202,1,0
A,E,A,1402,100,1402,1,0
A,F,A,7373,100,7373,1,0
A,G,A,7602,100,7602,1,0
A,H,A,9706,100,9706,1,0
A,B,B,7126,100,7126,1,0
B,C,B,6692,100,6692,1,0
B,D,B,12547,100,12547,1,0
B,E,B,7067,100,7067,1,0
B,F,B,1440,100,1440,1,0
B,G,B,6771,100,6771,1,0
B,H,B,13044,100,13044,1,0
A,C,C,7559,100,7559,1,0
B,C,C,6728,100,6728,1,0
C,D,C,6582,100,6582,1,0
C,E,C,7569,100,7569,1,0
C,F,C,7145,100,7145,1,0
C,G,C,1368,100,1368,1,0
C,H,C,7125,100,7125,1,0
A,D,D,9228,100,9228,1,0
B,D,D,12563,100,12563,1,0
C,D,D,6563,100,6563,1,0
D,E,D,9378,100,9378,1,0
D,F,D,12884,100,12884,1,0
D,G,D,6801,100,6801,1,0
D,H,D,1418,100,1418,1,0
A,E,E,1379,100,1379,1,0
B,E,E,7034,100,7034,1,0
C,E,E,7517,100,7517,1,0
D,E,E,9347,100,9347,1,0
E,F,E,6982,100,6982,1,0
E,G,E,7326,100,7326,1,0
E,H,E,9710,100,9710,1,0
A,F,F,7402,100,7402,1,0
B,F,F,1454,100,1454,1,0
C,F,F,7112,100,7112,1,0
D,F,F,12891,100,12891,1,0
E,F,F,6992,100,6992,1,0
F,G,F,6890,100,6890,1,0
F,H,F,13248,100,13248,1,0
A,G,G,7581,100,7581,1,0
B,G,G,6761,100,6761,1,0
C,G,G,1389,100,1389,1,0
D,G,G,6806,100,6806,1,0
E,G,G,7308,100,7308,1,0
F,G,G,6901,100,6901,1,0
G,H,G,7039,100,7039,1,0
A,H,H,9716,100,9716,1,0
B,H,H,13035,100,13035,1,0
C,H,H,7096,100,7096,1,0
D,H,H,1467,100,1467,1,0
E,H,H,9653,100,9653,1,0
F,H,H,13263,100,13263,1,0
G,H,H,7028,100,7028,1,0
A,B,A,7136,100,7136,1,0
A,C,A,7524,100,7524,1,0
A,D,A,9197,100,9197,1,0
A,E,A,1333,100,1333,1,0
A,F,A,7409,100,7409,1,0
A,G,A,7620,100,7620,1,0
A,H,A,9659,100,9659,1,0
A,B,B,7167,100,7167,1,0
B,C,B,6718,100,6718,1,0
B,D,B,12511,100,12511,1,0
B,E,B,7010,100,7010,1,0
B,F,B,1420,100,1420,1,0
B,G,B,6758,100,6758,1,0
B,H,B,13036,100,13036,1,0
A,C,C,7562,100,7562,1,0
B,C,C,6676,100,6676,1,0
C,D,C,6607,100,6607,1,0
C,E,C,7538,100,7538,1,0
C,F,C,7093,100,7093,1,0
C,G,C,1362,100,1362,1,0
C,H,C,7085,100,7085,1,0
A,D,D,9200,100,9200,1,0
B,D,D,12534,100,12534,1,0
C,D,D,6601,100,6601,1,0
D,E,D,9350,100,9350,1,0
D,F,D,12923,100,12923,1,0
D,G,D,6759,100,6759,1,0
D,H,D,1479,100,1479,1,0
A,E,E,1344,100,1344,1,0
B,E,E,7003,100,7003,1,0
C,E,E,7549,100,7549,1,0
D,E,E,9345,100,9345,1,0
E,F,E,6985,100,6985,1,0
E,G,E,7314,100,7314,1,0
E,H,E,9675,100,9675,1,0
A,F,F,7376,100,7376,1,0
B,F,F,1449,100,1449,1,0
C,F,F,7121,100,7121,1,0
D,F,F,12885,100,12885,1,0
E,F,F,7000,100,7000,1,0
F,G,F,6871,100,6871,1,0
F,H,F,13285,100,13285,1,0
A,G,G,7613,100,7613,1,0
B,G,G,6728,100,6728,1,0
C,G,G,1364,100,1364,1,0
D,G,G,6806,100,6806,1,0
E,G,G,7295,100,7295,1,0
F,G,G,6887,100,6887,1,0
G,H,G,7039,100,7039,1,0
A,H,H,9680,100,9680,1,0
B,H,H,13040,100,13040,1,0
C,H,H,7125,100,7125,1,0
D,H,H,1481,100,1481,1,0
E,H,H,9664,100,9664,1,0
F,H,H,13257,100,13257,1,0
G,H,H,7077,100,7077,1,0
A,B,A,7128,100,7128,1,0
A,C,A,7571,100,7571,1,0
A,D,A,9213,100,9213,1,0
A,E,A,1384,100,1384,1,0
A,F,A,7362,100,7362,1,0
A,G,A,7527,100,7527,1,0
A,H,A,9694,100,9694,1,0
A,B,B,7142,100,7142,1,0
B,C,B,6735,100,6735,1,0
B,D,B,12550,100,12550,1,0
B,E,B,7046,100,7046,1,0
B,F,B,1422,100,1422,1,0
B,G,B,6737,100,6737,1,0
B,H,B,13090,100,13090,1,0
A,C,C,7586,100,7586,1,0
B,C,C,6718,100,6718,1,0
C,D,C,6654,100,6654,1,0
C,E,C,7508,100,7508,1,0
C,F,C,7135,100,7135,1,0
C,G,C,1353,100,1353,1,0
C,H,C,7152,100,7152,1,0
A,D,D,9191,100,9191,1,0
B,D,D,12523,100,12523,1,0
C,D,D,6614,100,6614,1,0
D,E,D,9323,100,9323,1,0
D,F,D,12850,100,12850,1,0
D,G,D,6788,100,6788,1,0
D,H,D,1413,100,1413,1,0
A,E,E,1353,100,1353,1,0
B,E,E,7050,100,7050,1,0
C,E,E,7545,100,7545,1,0
D,E,E,9294,100,9294,1,0
E,F,E,6989,100,6989,1,0
E,G,E,7286,100,7286,1,0
E,H,E,9659,100,9659,1,0
A,F,F,7352,100,7352,1,0
B,F,F,1444,100,1444,1,0
C,F,F,7117,100,7117,1,0
D,F,F,12866,100,12866,1,0
E,F,F,7016,100,7016,1,0
F,G,F,6883,100,6883,1,0
F,H,F,13257,100,13257,1,0
A,G,G,7595,100,7595,1,0
B,G,G,6737,100,6737,1,0
C,G,G,1381,100,1381,1,0
D,G,G,6835,100,6835,1,0
E,G,G,7328,100,7328,1,0
F,G,G,6878,100,6878,1,0
G,H,G,7025,100,7025,1,0
A,H,H,9673,100,9673,1,0
B,H,H,13055,100,13055,1,0
C,H,H,7108,100,7108,1,0
D,H,H,1434,100,1434,1,0
E,H,H,9665,100,9665,1,0
F,H,H,13230,100,13230,1,0
G,H,H,7014,100,7014,1,0
A,B,A,7182,100,7182,1,0
A,C,A,7619,100,7619,1,0
A,D,A,9203,100,9203,1,0
A,E,A,1417,100,1417,1,0
A,F,A,7399,100,7399,1,0
A,G,A,7608,100,7608,1,0
A,H,A,9755,100,9755,1,0
A,B,B,7180,100,7180,1,0
B,C,B,6697,100,6697,1,0
B,D,B,12569,100,12569,1,0
B,E,B,7056,100,7056,1,0
B,F,B,1429,100,1429,1,0
B,G,B,6755,100,6755,1,0
B,H,B,13033,100,13033,1,0
A,C,C,7598,100,7598,1,0
B,C,C,6684,100,6684,1,0
C,D,C,6630,100,6630,1,0
C,E,C,7536,100,7536,1,0
C,F,C,7105,100,7105,1,0
C,G,C,1393,100,1393,1,0
C,H,C,7076,100,7076,1,0
A,D,D,9224,100,9224,1,0
B,D,D,12495,100,12495,1,0
C,D,D,6604,100,6604,1,0
D,E,D,9354,100,9354,1,0
D,F,D,12836,100,12836,1,0
D,G,D,6789,100,6789,1,0
D,H,D,1426,100,1426,1,0
A,E,E,1353,100,1353,1,0
B,E,E,7038,100,7038,1,0
C,E,E,7568,100,7568,1,0
D,E,E,9336,100,9336,1,0
E,F,E,7016,100,7016,1,0
E,G,E,7321,100,7321,1,0
E,H,E,9643,100,9643,1,0
A,F,F,7412,100,7412,1,0
B,F,F,1406,100,1406,1,0
C,F,F,7116,100,7116,1,0
D,F,F,12865,100,12865,1,0
E,F,F,7024,100,7024,1,0
F,G,F,6894,100,6894,1,0
F,H,F,13234,100,13234,1,0
A,G,G,7611,100,7611,1,0
B,G,G,6768,100,6768,1,0
C,G,G,1373,100,1373,1,0
D,G,G,6820,100,6820,1,0
E,G,G,7305,100,7305,1,0
F,G,G,6889,100,6889,1,0
G,H,G,7033,100,7033,1,0
A,H,H,9662,100,9662,1,0
B,H,H,13052,100,13052,1,0
C,H,H,7108,100,7108,1,0
D,H,H,1435,100,1435,1,0
E,H,H,9650,100,9650,1,0
F,H,H,13247,100,13247,1,0
G,H,H,7043,100,7043,1,0
A,B,A,7185,100,7185,1,0
A,C,A,7590,100,7590,1,0
A,D,A,9209,100,9209,1,0
A,E,A,1397,100,1397,1,0
A,F,A,7363,100,7363,1,0
A,G,A,7611,100,7611,1,0
A,H,A,9687,100,9687,1,0
A,B,B,7173,100,7173,1,0
B,C,B,6733,100,6733,1,0
B,D,B,12495,100,12495,1,0
B,E,B,7042,100,7042,1,0
B,F,B,1390,100,1390,1,0
B,G,B,6778,100,6778,1,0
B,H,B,13080,100,13080,1,0
A,C,C,7591,100,7591,1,0
B,C,C,6739,100,6739,1,0
C,D,C,6589,100,6589,1,0
C,E,C,7555,100,7555,1,0
C,F,C,7130,100,7130,1,0
C,G,C,1361,100,1361,1,0
C,H,C,7078,100,7078,1,0
A,D,D,9205,100,9205,1,0
B,D,D,12546,100,12546,1,0
C,D,D,6598,100,6598,1,0
D,E,D,9361,100,9361,1,0
D,F,D,12897,100,12897,1,0
D,G,D,6844,100,6844,1,0
D,H,D,1478,100,1478,1,0
A,E,E,1405,100,1405,1,0
B,E,E,7018,100,7018,1,0
C,E,E,7545,100,7545,1,0
D,E,E,9372,100,9372,1,0
E,F,E,6985,100,6985,1,0
E,G,E,7336,100,7336,1,0
E,H,E,9658,100,9658,1,0
A,F,F,7387,100,7387,1,0
B,F,F,1419,100,1419,1,0
C,F,F,7146,100,7146,1,0
D,F,F,12905,100,12905,1,0
E,F,F,6981,100,6981,1,0
F,G,F,6892,100,6892,1,0
F,H,F,13238,100,13238,1,0
A,G,G,7554,100,7554,1,0
B,G,G,6770,100,6770,1,0
C,G,G,1356,100,1356,1,0
D,G,G,6800,100,6800,1,0
E,G,G,7311,100,7311,1,0
F,G,G,6849,100,6849,1,0
G,H,G,7039,100,7039,1,0
A,H,H,9663,100,9663,1,0
B,H,H,13006,100,13006,1,0
C,H,H,7104,100,7104,1,0
D,H,H,1413,100,1413,1,0
E,H,H,9645,100,9645,1,0
F,H,H,13193,100,13193,1,0
G,H,H,7045,100,7045,1,0
A,B,A,7158,100,7158,1,0
A,C,A,7606,100,7606,1,0
A,D,A,9191,100,9191,1,0
A,E,A,1378,100,1378,1,0
A,F,A,7427,100,7427,1,0
A,G,A,7593,100,7593,1,0
A,H,A,9672,100,9672,1,0
A,B,B,7143,100,7143,1,0
B,C,B,6733,100,6733,1,0
B,D,B,12530,100,12530,1,0
B,E,B,7053,100,7053,1,0
B,F,B,1415,100,1415,1,0
B,G,B,6780,100,6780,1,0
B,H,B,13031,100,13031,1,0
A,C,C,7505,100,7505,1,0
B,C,C,6680,100,6680,1,0
C,D,C,6618,100,6618,1,0
C,E,C,7521,100,7521,1,0
C,F,C,7130,100,7130,1,0
C,G,C,1362,100,1362,1,0
C,H,C,7090,100,7090,1,0
A,D,D,9204,100,9204,1,0
B,D,D,12519,100,12519,1,0
C,D,D,6629,100,6629,1,0
D,E,D,9362,100,9362,1,0
D,F,D,12853,100,12853,1,0
D,G,D,6823,100,6823,1,0
D,H,D,1392,100,1392,1,0
A,E,E,1325,100,1325,1,0
B,E,E,7071,100,7071,1,0
C,E,E,7548,100,7548,1,0
D,E,E,9302,100,9302,1,0
E,F,E,7027,100,7027,1,0
E,G,E,7312,100,7312,1,0
E,H,E,9640,100,9640,1,0
A,F,F,7381,100,7381,1,0
B,F,F,1432,100,1432,1,0
C,F,F,7121,100,7121,1,0
D,F,F,12855,100,12855,1,0
E,F,F,6989,100,6989,1,0
F,G,F,6865,100,6865,1,0
F,H,F,13251,100,13251,1,0
A,G,G,7590,100,7590,1,0
B,G,G,6788,100,6788,1,0
C,G,G,1369,100,1369,1,0
D,G,G,6828,100,6828,1,0
E,G,G,7305,100,7305,1,0
F,G,G,6881,100,6881,1,0
G,H,G,7040,100,7040,1,0
A,H,H,9708,100,9708,1,0
B,H,H,13050,100,13050,1,0
C,H,H,7146,100,7146,1,0
D,H,H,1429,100,1429,1,0
E,H,H,9658,100,9658,1,0
F,H,H,13228,100,13228,1,0
G,H,H,7042,100,7042,1,0
A,B,A,7127,100,7127,1,0
A,C,A,7564,100,7564,1,0
A,D,A,9200,100,9200,1,0
A,E,A,1361,100,1361,1,0
A,F,A,7407,100,7407,1,0
A,G,A,7585,100,7585,1,0
A,H,A,9701,100,9701,1,0
A,B,B,7158,100,7158,1,0
B,C,B,6698,100,6698,1,0
B,D,B,12514,100,12514,1,0
B,E,B,7071,100,7071,1,0
B,F,B,1416,100,1416,1,0
B,G,B,6770,100,6770,1,0
B,H,B,13017,100,13017,1,0
A,C,C,7520,100,7520,1,0
B,C,C,6707,100,6707,1,0
C,D,C,6607,100,6607,1,0
C,E,C,7533,100,7533,1,0
C,F,C,7134,100,7134,1,0
C,G,C,1329,100,1329,1,0
C,H,C,7108,100,7108,1,0
A,D,D,9190,100,9190,1,0
B,D,D,12527,100,12527,1,0
C,D,D,6632,100,6632,1,0
D,E,D,9387,100,9387,1,0
D,F,D,12888,100,12888,1,0
D,G,D,6795,100,6795,1,0
D,H,D,1430,100,1430,1,0
A,E,E,1351,100,1351,1,0
B,E,E,7008,100,7008,1,0
C,E,E,7545,100,7545,1,0
D,E,E,9283,100,9283,1,0
E,F,E,7027,100,7027,1,0
E,G,E,7300,100,7300,1,0
E,H,E,9654,100,9654,1,0
A,F,F,7324,100,7324,1,0
B,F,F,1416,100,1416,1,0
C,F,F,7116,100,7116,1,0
D,F,F,12831,100,12831,1,0
E,F,F,6990,100,6990,1,0
F,G,F,6892,100,6892,1,0
F,H,F,13176,100,13176,1,0
A,G,G,7597,100,7597,1,0
B,G,G,6766,100,6766,1,0
C,G,G,1409,100,1409,1,0
D,G,G,6818,100,6818,1,0
E,G,G,7300,100,7300,1,0
F,G,G,6875,100,6875,1,0
G,H,G,7076,100,7076,1,0
A,H,H,9642,100,9642,1,0
B,H,H,12983,100,12983,1,0
C,H,H,7099,100,7099,1,0
D,H,H,1433,100,1433,1,0
E,H,H,9664,100,9664,1,0
F,H,H,13264,100,13264,1,0
G,H,H,7008,100,7008,1,0
A,B,A,7179,100,7179,1,0
A,C,A,7630,100,7630,1,0
A,D,A,9216,100,9216,1,0
A,E,A,1359,100,1359,1,0
A,F,A,7387,100,7387,1,0
A,G,A,7544,100,7544,1,0
A,H,A,9661,100,9661,1,0
A,B,B,7161,100,7161,1,0
B,C,B,6764,100,6764,1,0
B,D,B,12558,100,12558,1,0
B,E,B,7049,100,7049,1,0
B,F,B,1418,100,1418,1,0
B,G,B,6759,100,6759,1,0
B,H,B,13041,100,13041,1,0
A,C,C,7551,100,7551,1,0
B,C,C,6719,100,6719,1,0
C,D,C,6617,100,6617,1,0
C,E,C,7581,100,7581,1,0
C,F,C,7113,100,7113,1,0
C,G,C,1367,100,1367,1,0
C,H,C,7100,100,7100,1,0
A,D,D,9184,100,9184,1,0
B,D,D,12525,100,12525,1,0
C,D,D,6591,100,6591,1,0
D,E,D,9370,100,9370,1,0
D,F,D,12892,100,12892,1,0
D,G,D,6827,100,6827,1,0
D,H,D,1502,100,1502,1,0
A,E,E,1343,100,1343,1,0
B,E,E,7050,100,7050,1,0
C,E,E,7577,100,7577,1,0
D,E,E,9326,100,9326,1,0
E,F,E,7011,100,7011,1,0
E,G,E,7349,100,7349,1,0
E,H,E,9660,100,9660,1,0
A,F,F,7364,100,7364,1,0
B,F,F,1416,100,1416,1,0
C,F,F,7142,100,7142,1,0
D,F,F,12875,100,12875,1,0
E,F,F,6981,100,6981,1,0
F,G,F,6868,100,6868,1,0
F,H,F,13187,100,13187,1,0
A,G,G,7523,100,7523,1,0
B,G,G,6770,100,6770,1,0
C,G,G,1331,100,1331,1,0
D,G,G,6792,100,6792,1,0
E,G,G,7329,100,7329,1,0
F,G,G,6873,100,6873,1,0
G,H,G,7095,100,7095,1,0
A,H,H,9668,100,9668,1,0
B,H,H,13057,100,13057,1,0
C,H,H,7129,100,7129,1,0
D,H,H,1375,100,1375,1,0
E,H,H,9656,100,9656,1,0
F,H,H,13213,100,13213,1,0
G,H,H,7019,100,7019,1,0
A,B,A,7113,100,7113,1,0
A,C,A,7573,100,7573,1,0
A,D,A,9196,100,9196,1,0
A,E,A,1397,100,1397,1,0
A,F,A,7372,100,7372,1,0
A,G,A,7610,100,7610,1,0
A,H,A,9689,100,9689,1,0
A,B,B,7196,100,7196,1,0
B,C,B,6741,100,6741,1,0
B,D,B,12549,100,12549,1,0
B,E,B,7038,100,7038,1,0
B,F,B,1447,100,1447,1,0
B,G,B,6737,100,6737,1,0
B,H,B,13060,100,13060,1,0
A,C,C,7591,100,7591,1,0
B,C,C,6729,100,6729,1,0
C,D,C,6607,100,6607,1,0
C,E,C,7528,100,7528,1,0
C,F,C,7131,100,7131,1,0
C,G,C,1330,100,1330,1,0
C,H,C,7080,100,7080,1,0
A,D,D,9186,100,9186,1,0
B,D,D,12572,100,12572,1,0
C,D,D,6623,100,6623,1,0
D,E,D,9302,100,9302,1,0
D,F,D,12914,100,12914,1,0
D,G,D,6799,100,6799,1,0
D,H,D,1455,100,1455,1,0
A,E,E,1367,100,1367,1,0
B,E,E,7043,100,7043,1,0
C,E,E,7537,100,7537,1,0
D,E,E,9381,100,9381,1,0
E,F,E,7006,100,7006,1,0
E,G,E,7315,100,7315,1,0
E,H,E,9614,100,9614,1,0
A,F,F,7373,100,7373,1,0
B,F,F,1453,100,1453,1,0
C,F,F,7114,100,7114,1,0
D,F,F,12901,100,12901,1,0
E,F,F,7009,100,7009,1,0
F,G,F,6895,100,6895,1,0
F,H,F,13252,100,13252,1,0
A,G,G,7596,100,7596,1,0
B,G,G,6769,100,6769,1,0
C,G,G,1337,100,1337,1,0
D,G,G,6814,100,6814,1,0
E,G,G,7315,100,7315,1,0
F,G,G,6913,100,6913,1,0
G,H,G,7038,100,7038,1,0
A,H,H,9694,100,9694,1,0
B,H,H,13045,100,13045,1,0
C,H,H,7100,100,7100,1,0
D,H,H,1445,100,1445,1,0
E,H,H,9674,100,9674,1,0
F,H,H,13267,100,13267,1,0
G,H,H,7042,100,7042,1,0
A,B,A,7177,100,7177,1,0
A,C,A,7622,100,7622,1,0
A,D,A,9186,100,9186,1,0
A,E,A,1372,100,1372,1,0
A,F,A,7355,100,7355,1,0
A,G,A,7582,100,7582,1,0
A,H,A,9663,100,9663,1,0
A,B,B,7137,100,7137,1,0
B,C,B,6735,100,6735,1,0
B,D,B,12584,100,12584,1,0
B,E,B,7089,100,7089,1,0
B,F,B,1443,100,1443,1,0
B,G,B,6763,100,6763,1,0
B,H,B,13027,100,13027,1,0
A,C,C,7586,100,7586,1,0
B,C,C,6742,100,6742,1,0
C,D,C,6627,100,6627,1,0
C,E,C,7546,100,7546,1,0
C,F,C,7098,100,7098,1,0
C,G,C,1341,100,1341,1,0
C,H,C,7131,100,7131,1,0
A,D,D,9202,100,9202,1,0
B,D,D,12547,100,12547,1,0
C,D,D,6627,100,6627,1,0
D,E,D,9365,100,9365,1,0
D,F,D,12867,100,12867,1,0
D,G,D,6827,100,6827,1,0
D,H,D,1410,100,1410,1,0
A,E,E,1303,100,1303,1,0
B,E,E,7056,100,7056,1,0
C,E,E,7544,100,7544,1,0
D,E,E,9325,100,9325,1,0
E,F,E,6964,100,6964,1,0
E,G,E,7322,100,7322,1,0
E,H,E,9634,100,9634,1,0
A,F,F,7390,100,7390,1,0
B,F,F,1445,100,1445,1,0
C,F,F,7089,100,7089,1,0
D,F,F,12850,100,12850,1,0
E,F,F,7023,100,7023,1,0
F,G,F,6872,100,6872,1,0
F,H,F,13240,100,13240,1,0
A,G,G,7548,100,7548,1,0
B,G,G,6785,100,6785,1,0
C,G,G,1361,100,1361,1,0
D,G,G,6844,100,6844,1,0
E,G,G,7311,100,7311,1,0
F,G,G,6888,100,6888,1,0
G,H,G,7026,100,7026,1,0
A,H,H,9700,100,9700,1,0
B,H,H,13035,100,13035,1,0
C,H,H,7096,100,7096,1,0
D,H,H,1453,100,1453,1,0
E,H,H,9661,100,9661,1,0
F,H,H,13239,100,13239,1,0
G,H,H,7053,100,7053,1,0
A,B,A,7136,100,7136,1,0
A,C,A,7598,100,7598,1,0
A,D,A,9207,100,9207,1,0
A,E,A,1380,100,1380,1,0
A,F,A,7373,100,7373,1,0
A,G,A,7594,100,7594,1,0
A,H,A,9663,100,9663,1,0
A,B,B,7137,100,7137,1,0
B,C,B,6743,100,6743,1,0
B,D,B,12523,100,12523,1,0
B,E,B,7059,100,7059,1,0
B,F,B,1414,100,1414,1,0
B,G,B,6758,100,6758,1,0
B,H,B,13044,100,13044,1,0
A,C,C,7551,100,7551,1,0
B,C,C,6731,100,6731,1,0
C,D,C,6653,100,6653,1,0
C,E,C,7562,100,7562,1,0
C,F,C,7129,100,7129,1,0
C,G,C,1323,100,1323,1,0
C,H,C,7123,100,7123,1,0
A,D,D,9197,100,9197,1,0
B,D,D,12557,100,12557,1,0
C,D,D,6602,100,6602,1,0
D,E,D,9325,100,9325,1,0
D,F,D,12862,100,12862,1,0
D,G,D,6814,100,6814,1,0
D,H,D,1358,100,1358,1,0
A,E,E,1381,100,1381,1,0
B,E,E,7068,100,7068,1,0
C,E,E,7507,100,7507,1,0
D,E,E,9321,100,9321,1,0
E,F,E,7033,100,7033,1,0
E,G,E,7307,100,7307,1,0
E,H,E,9684,100,9684,1,0
A,F,F,7377,100,7377,1,0
B,F,F,1441,100,1441,1,0
C,F,F,7131,100,7131,1,0
D,F,F,12877,100,12877,1,0
E,F,F,7010,100,7010,1,0
F,G,F,6868,100,6868,1,0
F,H,F,13258,100,13258,1,0
A,G,G,7581,100,7581,1,0
B,G,G,6797,100,6797,1,0
C,G,G,1374,100,1374,1,0
D,G,G,6801,100,6801,1,0
E,G,G,7318,100,7318,1,0
F,G,G,6875,100,6875,1,0
G,H,G,7062,100,7062,1,0
A,H,H,9700,100,9700,1,0
B,H,H,13004,100,13004,1,0
C,H,H,7137,100,7137,1,0
D,H,H,1486,100,1486,1,0
E,H,H,9663,100,9663,1,0
F,H,H,13216,100,13216,1,0
G,H,H,7032,100,7032,1,0
A,B,A,7114,100,7114,1,0
A,C,A,7561,100,7561,1,0
A,D,A,9196,100,9196,1,0
A,E,A,1366,100,1366,1,0
A,F,A,7345,100,7345,1,0
A,G,A,7625,100,7625,1,0
A,H,A,9679,100,9679,1,0
A,B,B,7175,100,7175,1,0
B,C,B,6689,100,6689,1,0
B,D,B,12560,100,12560,1,0
B,E,B,7038,100,7038,1,0
B,F,B,1437,100,1437,1,0
B,G,B,6766,100,6766,1,0
B,H,B,13137,100,13137,1,0
A,C,C,7569,100,7569,1,0
B,C,C,6677,100,6677,1,0
C,D,C,6629,100,6629,1,0
C,E,C,7571,100,7571,1,0
C,F,C,7121,100,7121,1,0
C,G,C,1340,100,1340,1,0
C,H,C,7168,100,7168,1,0
A,D,D,9193,100,9193,1,0
B,D,D,12498,100,12498,1,0
C,D,D,6654,100,6654,1,0
D,E,D,9351,100,9351,1,0
D,F,D,12883,100,12883,1,0
D,G,D,6843,100,6843,1,0
D,H,D,1459,100,1459,1,0
A,E,E,1411,100,1411,1,0
B,E,E,7031,100,7031,1,0
C,E,E,7496,100,7496,1,0
D,E,E,9390,100,9390,1,0
E,F,E,6994,100,6994,1,0
E,G,E,7302,100,7302,1,0
E,H,E,9649,100,9649,1,0
A,F,F,7348,100,7348,1,0
B,F,F,1418,100,1418,1,0
C,F,F,7105,100,7105,1,0
D,F,F,12884,100,12884,1,0
E,F,F,7016,100,7016,1,0
F,G,F,6868,100,6868,1,0
F,H,F,13242,100,13242,1,0
A,G,G,7572,100,7572,1,0
B,G,G,6761,100,6761,1,0
C,G,G,1342,100,1342,1,0
D,G,G,6819,100,6819,1,0
E,G,G,7279,100,7279,1,0
F,G,G,6907,100,6907,1,0
G,H,G,7011,100,7011,1,0
A,H,H,9661,100,9661,1,0
B,H,H,13046,100,13046,1,0
C,H,H,7038,100,7038,1,0
D,H,H,1454,100,1454,1,0
E,H,H,9650,100,9650,1,0
F,H,H,13255,100,13255,1,0
G,H,H,7069,100,7069,1,0
A,B,A,7145,100,7145,1,0
A,C,A,7548,100,7548,1,0
A,D,A,9200,100,9200,1,0
A,E,A,1401,100,1401,1,0
A,F,A,7367,100,7367,1,0
A,G,A,7582,100,7582,1,0
A,H,A,9632,100,9632,1,0
A,B,B,7157,100,7157,1,0
B,C,B,6727,100,6727,1,0
B,D,B,12580,100,12580,1,0
B,E,B,7034,100,7034,1,0
B,F,B,1424,100,1424,1,0
B,G,B,6779,100,6779,1,0
B,H,B,13058,100,13058,1,0
A,C,C,7589,100,7589,1,0
B,C,C,6747,100,6747,1,0
C,D,C,6622,100,6622,1,0
C,E,C,7574,100,7574,1,0
C,F,C,7093,100,7093,1,0
C,G,C,1379,100,1379,1,0
C,H,C,7142,100,7142,1,0
A,D,D,9206,100,9206,1,0
B,D,D,12533,100,12533,1,0
C,D,D,6598,100,6598,1,0
D,E,D,9372,100,9372,1,0
D,F,D,12832,100,12832,1,0
D,G,D,6797,100,6797,1,0
D,H,D,1403,100,1403,1,0
A,E,E,1401,100,1401,1,0
B,E,E,7022,100,7022,1,0
C,E,E,7557,100,7557,1,0
D,E,E,9362,100,9362,1,0
E,F,E,6985,100,6985,1,0
E,G,E,7328,100,7328,1,0
E,H,E,9697,100,9697,1,0
A,F,F,7374,100,7374,1,0
B,F,F,1425,100,1425,1,0
C,F,F,7113,100,7113,1,0
D,F,F,12889,100,12889,1,0
E,F,F,6995,100,6995,1,0
F,G,F,6896,100,6896,1,0
F,H,F,13237,100,13237,1,0
A,G,G,7587,100,7587,1,0
B,G,G,6754,100,6754,1,0
C,G,G,1301,100,1301,1,0
D,G,G,6799,100,6799,1,0
E,G,G,7288,100,7288,1,0
F,G,G,6841,100,6841,1,0
G,H,G,7050,100,7050,1,0
A,H,H,9688,100,9688,1,0
B,H,H,13049,100,13049,1,0
C,H,H,7100,100,7100,1,0
D,H,H,1465,100,1465,1,0
E,H,H,9639,100,9639,1,0
F,H,H,13257,100,13257,1,0
G,H,H,7040,100,7040,1,0
A,B,A,7140,100,7140,1,0
A,C,A,7560,100,7560,1,0
A,D,A,9218,100,9218,1,0
A,E,A,1367,100,1367,1,0
A,F,A,7396,100,7396,1,0
A,G,A,7521,100,7521,1,0
A,H,A,9691,100,9691,1,0
A,B,B,7136,100,7136,1,0
B,C,B,6749,100,6749,1,0
B,D,B,12537,100,12537,1,0
B,E,B,7060,100,7060,1,0
B,F,B,1426,100,1426,1,0
B,G,B,6720,100,6720,1,0
B,H,B,13011,100,13011,1,0
A,C,C,7585,100,7585,1,0
B,C,C,6740,100,6740,1,0
C,D,C,6636,100,6636,1,0
C,E,C,7536,100,7536,1,0
C,F,C,7109,100,7109,1,0
C,G,C,1374,100,1374,1,0
C,H,C,7101,100,7101,1,0
A,D,D,9224,100,9224,1,0
B,D,D,12578,100,12578,1,0
C,D,D,6624,100,6624,1,0
D,E,D,9356,100,9356,1,0
D,F,D,12835,100,12835,1,0
D,G,D,6839,100,6839,1,0
D,H,D,1485,100,1485,1,0
A,E,E,1382,100,1382,1,0
B,E,E,7039,100,7039,1,0
C,E,E,7566,100,7566,1,0
D,E,E,9327,100,9327,1,0
E,F,E,6997,100,6997,1,0
E,G,E,7296,100,7296,1,0
E,H,E,9686,100,9686,1,0
A,F,F,7393,100,7393,1,0
B,F,F,1458,100,1458,1,0
C,F,F,7143,100,7143,1,0
D,F,F,12862,100,12862,1,0
E,F,F,6995,100,6995,1,0
F,G,F,6891,100,6891,1,0
F,H,F,13223,100,13223,1,0
A,G,G,7586,100,7586,1,0
B,G,G,6739,100,6739,1,0
C,G,G,1381,100,1381,1,0
D,G,G,6830,100,6830,1,0
E,G,G,7313,100,7313,1,0
F,G,G,6882,100,6882,1,0
G,H,G,7094,100,7094,1,0
A,H,H,9669,100,9669,1,0
B,H,H,13049,100,13049,1,0
C,H,H,7130,100,7130,1,0
D,H,H,1420,100,1420,1,0
E,H,H,9657,100,9657,1,0
F,H,H,13265,100,13265,1,0
G,H,H,7055,100,7055,1,0
A,B,A,7168,100,7168,1,0
A,C,A,7561,100,7561,1,0
A,D,A,9211,100,9211,1,0
A,E,A,1399,100,1399,1,0
A,F,A,7339,100,7339,1,0
A,G,A,7610,100,7610,1,0
A,H,A,9707,100,9707,1,0
A,B,B,7132,100,7132,1,0
B,C,B,6704,100,6704,1,0
B,D,B,12543,100,12543,1,0
B,E,B,7038,100,7038,1,0
B,F,B,1468,100,1468,1,0
B,G,B,6761,100,6761,1,0
B,H,B,13070,100,13070,1,0
A,C,C,7617,100,7617,1,0
B,C,C,6701,100,6701,1,0
C,D,C,6604,100,6604,1,0
C,E,C,7556,100,7556,1,0
C,F,C,7143,100,7143,1,0
C,G,C,1398,100,1398,1,0
C,H,C,7108,100,7108,1,0
A,D,D,9212,100,9212,1,0
B,D,D,12557,100,12557,1,0
C,D,D,6585,100,6585,1,0
D,E,D,9365,100,9365,1,0
D,F,D,12845,100,12845,1,0
D,G,D,6843,100,6843,1,0
D,H,D,1454,100,1454,1,0
A,E,E,1363,100,1363,1,0
B,E,E,7031,100,7031,1,0
C,E,E,7503,100,7503,1,0
D,E,E,9389,100,9389,1,0
E,F,E,6951,100,6951,1,0
E,G,E,7300,100,7300,1,0
E,H,E,9631,100,9631,1,0
A,F,F,7412,100,7412,1,0
B,F,F,1434,100,1434,1,0
C,F,F,7121,100,7121,1,0
D,F,F,12850,100,12850,1,0
E,F,F,6965,100,6965,1,0
F,G,F,6896,100,6896,1,0
F,H,F,13233,100,13233,1,0
A,G,G,7541,100,7541,1,0
B,G,G,6736,100,6736,1,0
C,G,G,1336,100,1336,1,0
D,G,G,6797,100,6797,1,0
E,G,G,7306,100,7306,1,0
F,G,G,6860,100,6860,1,0
G,H,G,7021,100,7021,1,0
A,H,H,9734,100,9734,1,0
B,H,H,13065,100,13065,1,0
C,H,H,7126,100,7126,1,0
D,H,H,1445,100,1445,1,0
E,H,H,9675,100,9675,1,0
F,H,H,13257,100,13257,1,0
G,H,H,7051,100,7051,1,0
A,B,A,7182,100,7182,1,0
A,C,A,7619,100,7619,1,0
A,D,A,9197,100,9197,1,0
A,E,A,1362,100,1362,1,0
A,F,A,7342,100,7342,1,0
A,G,A,7550,100,7550,1,0
A,H,A,9735,100,9735,1,0
A,B,B,7162,100,7162,1,0
B,C,B,6717,100,6717,1,0
B,D,B,12527,100,12527,1,0
B,E,B,7009,100,7009,1,0
B,F,B,1423,100,1423,1,0
B,G,B,6762,100,6762,1,0
B,H,B,13083,100,13083,1,0
A,C,C,7558,100,7558,1,0
B,C,C,6712,100,6712,1,0
C,D,C,6618,100,6618,1,0
C,E,C,7536,100,7536,1,0
C,F,C,7123,100,7123,1,0
C,G,C,1396,100,1396,1,0
C,H,C,7158,100,7158,1,0
A,D,D,9205,100,9205,1,0
B,D,D,12521,100,12521,1,0
C,D,D,6583,100,6583,1,0
D,E,D,9344,100,9344,1,0
D,F,D,12807,100,12807,1,0
D,G,D,6797,100,6797,1,0
D,H,D,1502,100,1502,1,0
A,E,E,1444,100,1444,1,0
B,E,E,7031,100,7031,1,0
C,E,E,7548,100,7548,1,0
D,E,E,9364,100,9364,1,0
E,F,E,7030,100,7030,1,0
E,G,E,7338,100,7338,1,0
E,H,E,9675,100,9675,1,0
A,F,F,7383,100,7383,1,0
B,F,F,1430,100,1430,1,0
C,F,F,7115,100,7115,1,0
D,F,F,12872,100,12872,1,0
E,F,F,7006,100,7006,1,0
F,G,F,6895,100,6895,1,0
F,H,F,13217,100,13217,1,0
A,G,G,7594,100,7594,1,0
B,G,G,6788,100,6788,1,0
C,G,G,1345,100,1345,1,0
D,G,G,6800,100,6800,1,0
E,G,G,7327,100,7327,1,0
F,G,G,6876,100,6876,1,0
G,H,G,7043,100,7043,1,0
A,H,H,9725,100,9725,1,0
B,H,H,13048,100,13048,1,0
C,H,H,7123,100,7123,1,0
D,H,H,1442,100,1442,1,0
E,H,H,9649,100,9649,1,0
F,H,H,13229,100,13229,1,0
G,H,H,7054,100,7054,1,0
A,B,A,7156,100,7156,1,0
A,C,A,7635,100,7635,1,0
A,D,A,9224,100,9224,1,0
A,E,A,1400,100,1400,1,0
A,F,A,7383,100,7383,1,0
A,G,A,7617,100,7617,1,0
A,H,A,9648,100,9648,1,0
A,B,B,7148,100,7148,1,0
B,C,B,6721,100,6721,1,0
B,D,B,12562,100,12562,1,0
B,E,B,7034,100,7034,1,0
B,F,B,1406,100,1406,1,0
B,G,B,6759,100,6759,1,0
B,H,B,13060,100,13060,1,0
A,C,C,7561,100,7561,1,0
B,C,C,6721,100,6721,1,0
C,D,C,6608,100,6608,1,0
C,E,C,7567,100,7567,1,0
C,F,C,7146,100,7146,1,0
C,G,C,1363,100,1363,1,0
C,H,C,7104,100,7104,1,0
A,D,D,9215,100,9215,1,0
B,D,D,12519,100,12519,1,0
C,D,D,6618,100,6618,1,0
D,E,D,9400,100,9400,1,0
D,F,D,12911,100,12911,1,0
D,G,D,6799,100,6799,1,0
D,H,D,1456,100,1456,1,0
A,E,E,1384,100,1384,1,0
B,E,E,7041,100,7041,1,0
C,E,E,7517,100,7517,1,0
D,E,E,9352,100,9352,1,0
E,F,E,6970,100,6970,1,0
E,G,E,7341,100,7341,1,0
E,H,E,9646,100,9646,1,0
A,F,F,7354,100,7354,1,0
B,F,F,1423,100,1423,1,0
C,F,F,7113,100,7113,1,0
D,F,F,12861,100,12861,1,0
E,F,F,6977,100,6977,1,0
F,G,F,6887,100,6887,1,0
F,H,F,13219,100,13219,1,0
A,G,G,7543,100,7543,1,0
B,G,G,6791,100,6791,1,0
C,G,G,1340,100,1340,1,0
D,G,G,6833,100,6833,1,0
E,G,G,7338,100,7338,1,0
F,G,G,6870,100,6870,1,0
G,H,G,7030,100,7030,1,0
A,H,H,9683,100,9683,1,0
B,H,H,13081,100,13081,1,0
C,H,H,7113,100,7113,1,0
D,H,H,1398,100,1398,1,0
E,H,H,9690,100,9690,1,0
F,H,H,13222,100,13222,1,0
G,H,H,7056,100,7056,1,0
A,B,A,7148,100,7148,1,0
A,C,A,7552,100,7552,1,0
A,D,A,9245,100,9245,1,0
A,E,A,1429,100,1429,1,0
A,F,A,7435,100,7435,1,0
A,G,A,7557,100,7557,1,0
A,H,A,9718,100,9718,1,0
A,B,B,7158,100,7158,1,0
B,C,B,6720,100,6720,1,0
B,D,B,12511,100,12511,1,0
B,E,B,7067,100,7067,1,0
B,F,B,1435,100,1435,1,0
B,G,B,6772,100,6772,1,0
B,H,B,13056,100,13056,1,0
A,C,C,7563,100,7563,1,0
B,C,C,6716,100,6716,1,0
C,D,C,6608,100,6608,1,0
C,E,C,7538,100,7538,1,0
C,F,C,7099,100,7099,1,0
C,G,C,1391,100,1391,1,0
C,H,C,7094,100,7094,1,0
A,D,D,9189,100,9189,1,0
B,D,D,12538,100,12538,1,0
C,D,D,6597,100,6597,1,0
D,E,D,9375,100,9375,1,0
D,F,D,12886,100,12886,1,0
D,G,D,6841,100,6841,1,0
D,H,D,1454,100,1454,1,0
A,E,E,1377,100,1377,1,0
B,E,E,7002,100,7002,1,0
C,E,E,7554,100,7554,1,0
D,E,E,9381,100,9381,1,0
E,F,E,7021,100,7021,1,0
E,G,E,7301,100,7301,1,0
E,H,E,9623,100,9623,1,0
A,F,F,7391,100,7391,1,0
B,F,F,1420,100,1420,1,0
C,F,F,7118,100,7118,1,0
D,F,F,12904,100,12904,1,0
E,F,F,7016,100,7016,1,0
F,G,F,6886,100,6886,1,0
F,H,F,13232,100,13232,1,0
A,G,G,7603,100,7603,1,0
B,G,G,6788,100,6788,1,0
C,G,G,1321,100,1321,1,0
D,G,G,6807,100,6807,1,0
E,G,G,7305,100,7305,1,0
F,G,G,6844,100,6844,1,0
G,H,G,7068,100,7068,1,0
A,H,H,9699,100,9699,1,0
B,H,H,13071,100,13071,1,0
C,H,H,7123,100,7123,1,0
D,H,H,1433,100,1433,1,0
E,H,H,9659,100,9659,1,0
F,H,H,13231,100,13231,1,0
G,H,H,7051,100,7051,1,0
A,B,A,7148,100,7148,1,0
A,C,A,7562,100,7562,1,0
A,D,A,9177,100,9177,1,0
A,E,A,1340,100,1340,1,0
A,F,A,7357,100,7357,1,0
A,G,A,7565,100,7565,1,0
A,H,A,9743,100,9743,1,0
A,B,B,7121,100,7121,1,0
B,C,B,6702,100,6702,1,0
B,D,B,12515,100,12515,1,0
B,E,B,7001,100,7001,1,0
B,F,B,1425,100,1425,1,0
B,G,B,6748,100,6748,1,0
B,H,B,13030,100,13030,1,0
A,C,C,7618,100,7618,1,0
B,C,C,6755,100,6755,1,0
C,D,C,6599,100,6599,1,0
C,E,C,7528,100,7528,1,0
C,F,C,7135,100,7135,1,0
C,G,C,1374,100,1374,1,0
C,H,C,7115,100,7115,1,0
A,D,D,9182,100,9182,1,0
B,D,D,12543,100,12543,1,0
C,D,D,6635,100,6635,1,0
D,E,D,9366,100,9366,1,0
D,F,D,12855,100,12855,1,0
D,G,D,6814,100,6814,1,0
D,H,D,1486,100,1486,1,0
A,E,E,1351,100,1351,1,0
B,E,E,7037,100,7037,1,0
C,E,E,7543,100,7543,1,0
D,E,E,9287,100,9287,1,0
E,F,E,6986,100,6986,1,0
E,G,E,7307,100,7307,1,0
E,H,E,9646,100,9646,1,0
A,F,F,7394,100,7394,1,0
B,F,F,1433,100,1433,1,0
C,F,F,7126,100,7126,1,0
D,F,F,12855,100,12855,1,0
E,F,F,7046,100,7046,1,0
F,G,F,6861,100,6861,1,0
F,H,F,13203,100,13203,1,0
A,G,G,7595,100,7595,1,0
B,G,G,6760,100,6760,1,0
C,G,G,1358,100,1358,1,0
D,G,G,6835,100,6835,1,0
E,G,G,7318,100,7318,1,0
F,G,G,6859,100,6859,1,0
G,H,G,7065,100,7065,1,0
A,H,H,9740,100,9740,1,0
B,H,H,13087,100,13087,1,0
C,H,H,7093,100,7093,1,0
D,H,H,1475,100,1475,1,0
E,H,H,9632,100,9632,1,0
F,H,H,13234,100,13234,1,0
G,H,H,7071,100,7071,1,0
A,B,A,7153,100,7153,1,0
A,C,A,7575,100,7575,1,0
A,D,A,9174,100,9174,1,0
A,E,A,1357,100,1357,1,0
A,F,A,7374,100,7374,1,0
A,G,A,7519,100,7519,1,0
A,H,A,9705,100,9705,1,0
A,B,B,7184,100,7184,1,0
B,C,B,6708,100,6708,1,0
B,D,B,12478,100,12478,1,0
B,E,B,7069,100,7069,1,0
B,F,B,1441,100,1441,1,0
B,G,B,6769,100,6769,1,0
B,H,B,13048,100,13048,1,0
A,C,C,7570,100,7570,1,0
B,C,C,6705,100,6705,1,0
C,D,C,6604,100,6604,1,0
C,E,C,7536,100,7536,1,0
C,F,C,7134,100,7134,1,0
C,G,C,1393,100,1393,1,0
C,H,C,7084,100,7084,1,0
A,D,D,9209,100,9209,1,0
B,D,D,12532,100,12532,1,0
C,D,D,6587,100,6587,1,0
D,E,D,9421,100,9421,1,0
D,F,D,12895,100,12895,1,0
D,G,D,6803,100,6803,1,0
D,H,D,1417,100,1417,1,0
A,E,E,1338,100,1338,1,0
B,E,E,7019,100,7019,1,0
C,E,E,7518,100,7518,1,0
D,E,E,9328,100,9328,1,0
E,F,E,7012,100,7012,1,0
E,G,E,7296,100,7296,1,0
E,H,E,9649,100,9649,1,0
A,F,F,7367,100,7367,1,0
B,F,F,1418,100,1418,1,0
C,F,F,7133,100,7133,1,0
D,F,F,12864,100,12864,1,0
E,F,F,6981,100,6981,1,0
F,G,F,6878,100,6878,1,0
F,H,F,13230,100,13230,1,0
A,G,G,7574,100,7574,1,0
B,G,G,6753,100,6753,1,0
C,G,G,1347,100,1347,1,0
D,G,G,6778,100,6778,1,0
E,G,G,7335,100,7335,1,0
F,G,G,6880,100,6880,1,0
G,H,G,7066,100,7066,1,0
A,H,H,9658,100,9658,1,0
B,H,H,13039,100,13039,1,0
C,H,H,7101,100,7101,1,0
D,H,H,1438,100,1438,1,0
E,H,H,9658,100,9658,1,0
F,H,H,13231,100,13231,1,0
G,H,H,7035,100,7035,1,0
A,B,A,7176,100,7176,1,0
A,C,A,7622,100,7622,1,0
A,D,A,9176,100,9176,1,0
A,E,A,1395,100,1395,1,0
A,F,A,7374,100,7374,1,0
A,G,A,7546,100,7546,1,0
A,H,A,9690,100,9690,1,0
A,B,B,7138,100,7138,1,0
B,C,B,6706,100,6706,1,0
B,D,B,12549,100,12549,1,0
B,E,B,7039,100,7039,1,0
B,F,B,1437,100,1437,1,0
B,G,B,6730,100,6730,1,0
B,H,B,13054,100,13054,1,0
A,C,C,7624,100,7624,1,0
B,C,C,6747,100,6747,1,0
C,D,C,6568,100,6568,1,0
C,E,C,7548,100,7548,1,0
C,F,C,7102,100,7102,1,0
C,G,C,1340,100,1340,1,0
C,H,C,7157,100,7157,1,0
A,D,D,9193,100,9193,1,0
B,D,D,12558,100,12558,1,0
C,D,D,6616,100,6616,1,0
D,E,D,9381,100,9381,1,0
D,F,D,12850,100,12850,1,0
D,G,D,6789,100,6789,1,0
D,H,D,1475,100,1475,1,0
A,E,E,1354,100,1354,1,0
B,E,E,7024,100,7024,1,0
C,E,E,7554,100,7554,1,0
D,E,E,9288,100,9288,1,0
E,F,E,6966,100,6966,1,0
E,G,E,7314,100,7314,1,0
E,H,E,9611,100,9611,1,0
A,F,F,7372,100,7372,1,0
B,F,F,1411,100,1411,1,0
C,F,F,7132,100,7132,1,0
D,F,F,12892,100,12892,1,0
E,F,F,6995,100,6995,1,0
F,G,F,6871,100,6871,1,0
F,H,F,13215,100,13215,1,0
A,G,G,7614,100,7614,1,0
B,G,G,6751,100,6751,1,0
C,G,G,1389,100,1389,1,0
D,G,G,6806,100,6806,1,0
E,G,G,7271,100,7271,1,0
F,G,G,6902,100,6902,1,0
G,H,G,7059,100,7059,1,0
A,H,H,9675,100,9675,1,0
B,H,H,13030,100,13030,1,0
C,H,H,7115,100,7115,1,0
D,H,H,1456,100,1456,1,0
E,H,H,9654,100,9654,1,0
F,H,H,13226,100,13226,1,0
G,H,H,7084,100,7084,1,0
A,B,A,7151,100,7151,1,0
A,C,A,7600,100,7600,1,0
A,D,A,9202,100,9202,1,0
A,E,A,1421,100,1421,1,0
A,F,A,7362,100,7362,1,0
A,G,A,7586,100,7586,1,0
A,H,A,9670,100,9670,1,0
A,B,B,7130,100,7130,1,0
B,C,B,6710,100,6710,1,0
B,D,B,12511,100,12511,1,0
B,E,B,7065,100,7065,1,0
B,F,B,1379,100,1379,1,0
B,G,B,6774,100,6774,1,0
B,H,B,13008,100,13008,1,0
A,C,C,7561,100,7561,1,0
B,C,C,6718,100,6718,1,0
C,D,C,6564,100,6564,1,0
C,E,C,7559,100,7559,1,0
C,F,C,7140,100,7140,1,0
C,G,C,1336,100,1336,1,0
C,H,C,7102,100,7102,1,0
A,D,D,9191,100,9191,1,0
B,D,D,12514,100,12514,1,0
C,D,D,6587,100,6587,1,0
D,E,D,9310,100,9310,1,0
D,F,D,12900,100,12900,1,0
D,G,D,6797,100,6797,1,0
D,H,D,1458,100,1458,1,0
A,E,E,1501,100,1501,1,0
B,E,E,7035,100,7035,1,0
C,E,E,7550,100,7550,1,0
D,E,E,9331,100,9331,1,0
E,F,E,7005,100,7005,1,0
E,G,E,7302,100,7302,1,0
E,H,E,9656,100,9656,1,0
A,F,F,7396,100,7396,1,0
B,F,F,1423,100,1423,1,0
C,F,F,7132,100,7132,1,0
D,F,F,12853,100,12853,1,0
E,F,F,6997,100,6997,1,0
F,G,F,6908,100,6908,1,0
F,H,F,13224,100,13224,1,0
A,G,G,7608,100,7608,1,0
B,G,G,6719,100,6719,1,0
C,G,G,1325,100,1325,1,0
D,G,G,6804,100,6804,1,0
E,G,G,7315,100,7315,1,0
F,G,G,6894,100,6894,1,0
G,H,G,7057,100,7057,1,0
A,H,H,9660,100,9660,1,0
B,H,H,13016,100,13016,1,0
C,H,H,7129,100,7129,1,0
D,H,H,1460,100,1460,1,0
E,H,H,9667,100,9667,1,0
F,H,H,13204,100,13204,1,0
G,H,H,7049,100,7049,1,0
A,B,A,7146,100,7146,1,0
A,C,A,7592,100,7592,1,0
A,D,A,9216,100,9216,1,0
A,E,A,1358,100,1358,1,0
A,F,A,7378,100,7378,1,0
A,G,A,7601,100,7601,1,0
A,H,A,9697,100,9697,1,0
A,B,B,7168,100,7168,1,0
B,C,B,6704,100,6704,1,0
B,D,B,12554,100,12554,1,0
B,E,B,7039,100,7039,1,0
B,F,B,1426,100,1426,1,0
B,G,B,6747,100,6747,1,0
B,H,B,13060,100,13060,1,0
A,C,C,7541,100,7541,1,0
B,C,C,6719,100,6719,1,0
C,D,C,6618,100,6618,1,0
C,E,C,7550,100,7550,1,0
C,F,C,7116,100,7116,1,0
C,G,C,1359,100,1359,1,0
C,H,C,7141,100,7141,1,0
A,D,D,9226,100,9226,1,0
B,D,D,12527,100,12527,1,0
C,D,D,6600,100,6600,1,0
D,E,D,9366,100,9366,1,0
D,F,D,12900,100,12900,1,0
D,G,D,6805,100,6805,1,0
D,H,D,1426,100,1426,1,0
A,E,E,1403,100,1403,1,0
B,E,E,7031,100,7031,1,0
C,E,E,7562,100,7562,1,0
D,E,E,9361,100,9361,1,0
E,F,E,6973,100,6973,1,0
E,G,E,7316,100,7316,1,0
E,H,E,9642,100,9642,1,0
A,F,F,7377,100,7377,1,0
B,F,F,1439,100,1439,1,0
C,F,F,7127,100,7127,1,0
D,F,F,12866,100,12866,1,0
E,F,F,7000,100,7000,1,0
F,G,F,6874,100,6874,1,0
F,H,F,13270,100,13270,1,0
A,G,G,7585,100,7585,1,0
B,G,G,6774,100,6774,1,0
C,G,G,1351,100,1351,1,0
D,G,G,6828,100,6828,1,0
E,G,G,7280,100,7280,1,0
F,G,G,6863,100,6863,1,0
G,H,G,7030,100,7030,1,0
A,H,H,9704,100,9704,1,0
B,H,H,12995,100,12995,1,0
C,H,H,7113,100,7113,1,0
D,H,H,1467,100,1467,1,0
E,H,H,9662,100,9662,1,0
F,H,H,13249,100,13249,1,0
G,H,H,7079,100,7079,1,0
A,B,A,7186,100,7186,1,0
A,C,A,7559,100,7559,1,0
A,D,A,9190,100,9190,1,0
A,E,A,1358,100,1358,1,0
A,F,A,7395,100,7395,1,0
A,G,A,7565,100,7565,1,0
A,H,A,9694,100,9694,1,0
A,B,B,7092,100,7092,1,0
B,C,B,6763,100,6763,1,0
B,D,B,12583,100,12583,1,0
B,E,B,7012,100,7012,1,0
B,F,B,1433,100,1433,1,0
B,G,B,6755,100,6755,1,0
B,H,B,13055,100,13055,1,0
A,C,C,7552,100,7552,1,0
B,C,C,6700,100,6700,1,0
C,D,C,6640,100,6640,1,0
C,E,C,7575,100,7575,1,0
C,F,C,7120,100,7120,1,0
C,G,C,1372,100,1372,1,0
C,H,C,7093,100,7093,1,0
A,D,D,9209,100,9209,1,0
B,D,D,12535,100,12535,1,0
C,D,D,6579,100,6579,1,0
D,E,D,9376,100,9376,1,0
D,F,D,12878,100,12878,1,0
D,G,D,6819,100,6819,1,0
D,H,D,1443,100,1443,1,0
A,E,E,1410,100,1410,1,0
B,E,E,7002,100,7002,1,0
C,E,E,7558,100,7558,1,0
D,E,E,9419,100,9419,1,0
E,F,E,6995,100,6995,1,0
E,G,E,7312,100,7312,1,0
E,H,E,9697,100,9697,1,0
A,F,F,7375,100,7375,1,0
B,F,F,1456,100,1456,1,0
C,F,F,7139,100,7139,1,0
D,F,F,12881,100,12881,1,0
E,F,F,6989,100,6989,1,0
F,G,F,6886,100,6886,1,0
F,H,F,13242,100,13242,1,0
A,G,G,7569,100,7569,1,0
B,G,G,6746,100,6746,1,0
C,G,G,1341,100,1341,1,0
D,G,G,6785,100,6785,1,0
E,G,G,7297,100,7297,1,0
F,G,G,6875,100,6875,1,0
G,H,G,7077,100,7077,1,0
A,H,H,9738,100,9738,1,0
B,H,H,13017,100,13017,1,0
C,H,H,7105,100,7105,1,0
D,H,H,1395,100,1395,1,0
E,H,H,9672,100,9672,1,0
F,H,H,13258,100,13258,1,0
G,H,H,7068,100,7068,1,0
A,B,A,7130,100,7130,1,0
A,C,A,7513,100,7513,1,0
A,D,A,9209,100,9209,1,0
A,E,A,1392,100,1392,1,0
A,F,A,7366,100,7366,1,0
A,G,A,7616,100,7616,1,0
A,H,A,9690,100,9690,1,0
A,B,B,7174,100,7174,1,0
B,C,B,6708,100,6708,1,0
B,D,B,12536,100,12536,1,0
B,E,B,7019,100,7019,1,0
B,F,B,1448,100,1448,1,0
B,G,B,6780,100,6780,1,0
B,H,B,13049,100,13049,1,0
A,C,C,7553,100,7553,1,0
B,C,C,6713,100,6713,1,0
C,D,C,6631,100,6631,1,0
C,E,C,7591,100,7591,1,0
C,F,C,7101,100,7101,1,0
C,G,C,1322,100,1322,1,0
C,H,C,7071,100,7071,1,0
A,D,D,9188,100,9188,1,0
B,D,D,12530,100,12530,1,0
C,D,D,6613,100,6613,1,0
D,E,D,9356,100,9356,1,0
D,F,D,12878,100,12878,1,0
D,G,D,6766,100,6766,1,0
D,H,D,1466,100,1466,1,0
A,E,E,1438,100,1438,1,0
B,E,E,7034,100,7034,1,0
C,E,E,7567,100,7567,1,0
D,E,E,9323,100,9323,1,0
E,F,E,6978,100,6978,1,0
E,G,E,7304,100,7304,1,0
E,H,E,9645,100,9645,1,0
A,F,F,7364,100,7364,1,0
B,F,F,1396,100,1396,1,0
C,F,F,7104,100,7104,1,0
D,F,F,12856,100,12856,1,0
E,F,F,7007,100,7007,1,0
F,G,F,6891,100,6891,1,0
F,H,F,13190,100,13190,1,0
A,G,G,7572,100,7572,1,0
B,G,G,6790,100,6790,1,0
C,G,G,1371,100,1371,1,0
D,G,G,6804,100,6804,1,0
E,G,G,7305,100,7305,1,0
F,G,G,6863,100,6863,1,0
G,H,G,7011,100,7011,1,0
A,H,H,9728,100,9728,1,0
B,H,H,13027,100,13027,1,0
C,H,H,7058,100,7058,1,0
D,H,H,1504,100,1504,1,0
E,H,H,9661,100,9661,1,0
F,H,H,13232,100,13232,1,0
G,H,H,7074,100,7074,1,0
A,B,A,7160,100,7160,1,0
A,C,A,7529,100,7529,1,0
A,D,A,9208,100,9208,1,0
A,E,A,1350,100,1350,1,0
A,F,A,7380,100,7380,1,0
A,G,A,7594,100,7594,1,0
A,H,A,9675,100,9675,1,0
A,B,B,7139,100,7139,1,0
B,C,B,6695,100,6695,1,0
B,D,B,12514,100,12514,1,0
B,E,B,7058,100,7058,1,0
B,F,B,1429,100,1429,1,0
B,G,B,6760,100,6760,1,0
B,H,B,13042,100,13042,1,0
A,C,C,7577,100,7577,1,0
B,C,C,6703,100,6703,1,0
C,D,C,6581,100,6581,1,0
C,E,C,7553,100,7553,1,0
C,F,C,7108,100,7108,1,0
C,G,C,1321,100,1321,1,0
C,H,C,7101,100,7101,1,0
A,D,D,9199,100,9199,1,0
B,D,D,12535,100,12535,1,0
C,D,D,6590,100,6590,1,0
D,E,D,9417,100,9417,1,0
D,F,D,12862,100,12862,1,0
D,G,D,6786,100,6786,1,0
D,H,D,1439,100,1439,1,0
A,E,E,1342,100,1342,1,0
B,E,E,7041,100,7041,1,0
C,E,E,7589,100,7589,1,0
D,E,E,9319,100,9319,1,0
E,F,E,7022,100,7022,1,0
E,G,E,7313,100,7313,1,0
E,H,E,9648,100,9648,1,0
A,F,F,7384,100,7384,1,0
B,F,F,1443,100,1443,1,0
C,F,F,7119,100,7119,1,0
D,F,F,12867,100,12867,1,0
E,F,F,7006,100,7006,1,0
F,G,F,6903,100,6903,1,0
F,H,F,13267,100,13267,1,0
A,G,G,7520,100,7520,1,0
B,G,G,6741,100,6741,1,0
C,G,G,1347,100,1347,1,0
D,G,G,6810,100,6810,1,0
E,G,G,7277,100,7277,1,0
F,G,G,6882,100,6882,1,0
G,H,G,7059,100,7059,1,0
A,H,H,9687,100,9687,1,0
B,H,H,13063,100,13063,1,0
C,H,H,7115,100,7115,1,0
D,H,H,1461,100,1461,1,0
E,H,H,9635,100,9635,1,0
F,H,H,13238,100,13238,1,0
G,H,H,7055,100,7055,1,0
A,B,A,7142,100,7142,1,0
A,C,A,7576,100,7576,1,0
A,D,A,9202,100,9202,1,0
A,E,A,1378,100,1378,1,0
A,F,A,7375,100,7375,1,0
A,G,A,7534,100,7534,1,0
A,H,A,9697,100,9697,1,0
A,B,B,7174,100,7174,1,0
B,C,B,6746,100,6746,1,0
B,D,B,12529,100,12529,1,0
B,E,B,7071,100,7071,1,0
B,F,B,1471,100,1471,1,0
B,G,B,6766,100,6766,1,0
B,H,B,13074,100,13074,1,0
A,C,C,7581,100,7581,1,0
B,C,C,6703,100,6703,1,0
C,D,C,6607,100,6607,1,0
C,E,C,7531,100,7531,1,0
C,F,C,7157,100,7157,1,0
C,G,C,1336,100,1336,1,0
C,H,C,7126,100,7126,1,0
A,D,D,9220,100,9220,1,0
B,D,D,12490,100,12490,1,0
C,D,D,6633,100,6633,1,0
D,E,D,9364,100,9364,1,0
D,F,D,12861,100,12861,1,0
D,G,D,6840,100,6840,1,0
D,H,D,1468,100,1468,1,0
A,E,E,1418,100,1418,1,0
B,E,E,7034,100,7034,1,0
C,E,E,7502,100,7502,1,0
D,E,E,9334,100,9334,1,0
E,F,E,6995,100,6995,1,0
E,G,E,7306,100,7306,1,0
E,H,E,9704,100,9704,1,0
A,F,F,7368,100,7368,1,0
B,F,F,1446,100,1446,1,0
C,F,F,7113,100,7113,1,0
D,F,F,12891,100,12891,1,0
E,F,F,7029,100,7029,1,0
F,G,F,6892,100,6892,1,0
F,H,F,13238,100,13238,1,0
A,G,G,7557,100,7557,1,0
B,G,G,6750,100,6750,1,0
C,G,G,1312,100,1312,1,0
D,G,G,6789,100,6789,1,0
E,G,G,7310,100,7310,1,0
F,G,G,6867,100,6867,1,0
G,H,G,7060,100,7060,1,0
A,H,H,9719,100,9719,1,0
B,H,H,13096,100,13096,1,0
C,H,H,7133,100,7133,1,0
D,H,H,1464,100,1464,1,0
E,H,H,9689,100,9689,1,0
F,H,H,13249,100,13249,1,0
G,H,H,7003,100,7003,1,0
A,B,A,7147,100,7147,1,0
A,C,A,7571,100,7571,1,0
A,D,A,9206,100,9206,1,0
A,E,A,1381,100,1381,1,0
A,F,A,7409,100,7409,1,0
A,G,A,7609,100,7609,1,0
A,H,A,9691,100,9691,1,0
A,B,B,7170,100,7170,1,0
B,C,B,6719,100,6719,1,0
B,D,B,12553,100,12553,1,0
B,E,B,7028,100,7028,1,0
B,F,B,1410,100,1410,1,0
B,G,B,6735,100,6735,1,0
B,H,B,13049,100,13049,1,0
A,C,C,7576,100,7576,1,0
B,C,C,6704,100,6704,1,0
C,D,C,6602,100,6602,1,0
C,E,C,7531,100,7531,1,0
C,F,C,7119,100,7119,1,0
C,G,C,1377,100,1377,1,0
C,H,C,7110,100,7110,1,0
A,D,D,9206,100,9206,1,0
B,D,D,12553,100,12553,1,0
C,D,D,6606,100,6606,1,0
D,E,D,9332,100,9332,1,0
D,F,D,12891,100,12891,1,0
D,G,D,6824,100,6824,1,0
D,H,D,1450,100,1450,1,0
A,E,E,1315,100,1315,1,0
B,E,E,7057,100,7057,1,0
C,E,E,7554,100,7554,1,0
D,E,E,9325,100,9325,1,0
E,F,E,6993,100,6993,1,0
E,G,E,7326,100,7326,1,0
E,H,E,9698,100,9698,1,0
A,F,F,7395,100,7395,1,0
B,F,F,1430,100,1430,1,0
C,F,F,7159,100,7159,1,0
D,F,F,12877,100,12877,1,0
E,F,F,7031,100,7031,1,0
F,G,F,6897,100,6897,1,0
F,H,F,13212,100,13212,1,0
A,G,G,7548,100,7548,1,0
B,G,G,6730,100,6730,1,0
C,G,G,1357,100,1357,1,0
D,G,G,6817,100,6817,1,0
E,G,G,7326,100,7326,1,0
F,G,G,6882,100,6882,1,0
G,H,G,7060,100,7060,1,0
A,H,H,9713,100,9713,1,0
B,H,H,13023,100,13023,1,0
C,H,H,7100,100,7100,1,0
D,H,H,1423,100,1423,1,0
E,H,H,9649,100,9649,1,0
F,H,H,13206,100,13206,1,0
G,H,H,7062,100,7062,1,0
A,B,A,7155,100,7155,1,0
A,C,A,7590,100,7590,1,0
A,D,A,9179,100,9179,1,0
A,E,A,1361,100,1361,1,0
A,F,A,7320,100,7320,1,0
A,G,A,7490,100,7490,1,0
A,H,A,9708,100,9708,1,0
A,B,B,7139,100,7139,1,0
B,C,B,6691,100,6691,1,0
B,D,B,12497,100,12497,1,0
B,E,B,7038,100,7038,1,0
B,F,B,1402,100,1402,1,0
B,G,B,6790,100,6790,1,0
B,H,B,13038,100,13038,1,0
A,C,C,7563,100,7563,1,0
B,C,C,6713,100,6713,1,0
C,D,C,6590,100,6590,1,0
C,E,C,7574,100,7574,1,0
C,F,C,7073,100,7073,1,0
C,G,C,1384,100,1384,1,0
C,H,C,7099,100,7099,1,0
A,D,D,9216,100,9216,1,0
B,D,D,12507,100,12507,1,0
C,D,D,6607,100,6607,1,0
D,E,D,9377,100,9377,1,0
D,F,D,12923,100,12923,1,0
D,G,D,6777,100,6777,1,0
D,H,D,1458,100,1458,1,0
A,E,E,1363,100,1363,1,0
B,E,E,7014,100,7014,1,0
C,E,E,7545,100,7545,1,0
D,E,E,9368,100,9368,1,0
E,F,E,6976,100,6976,1,0
E,G,E,7336,100,7336,1,0
E,H,E,9615,100,9615,1,0
A,F,F,7419,100,7419,1,0
B,F,F,1430,100,1430,1,0
C,F,F,7096,100,7096,1,0
D,F,F,12867,100,12867,1,0
E,F,F,6998,100,6998,1,0
F,G,F,6889,100,6889,1,0
F,H,F,13251,100,13251,1,0
A,G,G,7528,100,7528,1,0
B,G,G,6765,100,6765,1,0
C,G,G,1353,100,1353,1,0
D,G,G,6806,100,6806,1,0
E,G,G,7294,100,7294,1,0
F,G,G,6897,100,6897,1,0
G,H,G,7060,100,7060,1,0
A,H,H,9702,100,9702,1,0
B,H,H,12987,100,12987,1,0
C,H,H,7089,100,7089,1,0
D,H,H,1474,100,1474,1,0
E,H,H,9683,100,9683,1,0
F,H,H,13223,100,13223,1,0
G,H,H,7035,100,7035,1,0
A,B,A,7170,100,7170,1,0
A,C,A,7603,100,7603,1,0
A,D,A,9217,100,9217,1,0
A,E,A,1391,100,1391,1,0
A,F,A,7378,100,7378,1,0
A,G,A,7630,100,7630,1,0
A,H,A,9662,100,9662,1,0
A,B,B,7147,100,7147,1,0
B,C,B,6712,100,6712,1,0
B,D,B,12534,100,12534,1,0
B,E,B,7027,100,7027,1,0
B,F,B,1447,100,1447,1,0
B,G,B,6759,100,6759,1,0
B,H,B,13050,100,13050,1,0
A,C,C,7541,100,7541,1,0
B,C,C,6707,100,6707,1,0
C,D,C,6602,100,6602,1,0
C,E,C,7519,100,7519,1,0
C,F,C,7099,100,7099,1,0
C,G,C,1399,100,1399,1,0
C,H,C,7117,100,7117,1,0
A,D,D,9165,100,9165,1,0
B,D,D,12537,100,12537,1,0
C,D,D,6600,100,6600,1,0
D,E,D,9375,100,9375,1,0
D,F,D,12863,100,12863,1,0
D,G,D,6792,100,6792,1,0
D,H,D,1463,100,1463,1,0
A,E,E,1419,100,1419,1,0
B,E,E,7044,100,7044,1,0
C,E,E,7538,100,7538,1,0
D,E,E,9396,100,9396,1,0
E,F,E,6971,100,6971,1,0
E,G,E,7308,100,7308,1,0
E,H,E,9646,100,9646,1,0
A,F,F,7376,100,7376,1,0
B,F,F,1410,100,1410,1,0
C,F,F,7106,100,7106,1,0
D,F,F,12885,100,12885,1,0
E,F,F,7013,100,7013,1,0
F,G,F,6895,100,6895,1,0
F,H,F,13233,100,13233,1,0
A,G,G,7608,100,7608,1,0
B,G,G,6785,100,6785,1,0
C,G,G,1369,100,1369,1,0
D,G,G,6799,100,6799,1,0
E,G,G,7303,100,7303,1,0
F,G,G,6883,100,6883,1,0
G,H,G,7087,100,7087,1,0
A,H,H,9674,100,9674,1,0
B,H,H,13049,100,13049,1,0
C,H,H,7148,100,7148,1,0
D,H,H,1409,100,1409,1,0
E,H,H,9681,100,9681,1,0
F,H,H,13258,100,13258,1,0
G,H,H,7056,100,7056,1,0
A,B,A,7182,100,7182,1,0
A,C,A,7546,100,7546,1,0
A,D,A,9218,100,9218,1,0
A,E,A,1358,100,1358,1,0
A,F,A,7388,100,7388,1,0
A,G,A,7527,100,7527,1,0
A,H,A,9691,100,9691,1,0
A,B,B,7148,100,7148,1,0
B,C,B,6718,100,6718,1,0
B,D,B,12523,100,12523,1,0
B,E,B,7036,100,7036,1,0
B,F,B,1412,100,1412,1,0
B,G,B,6763,100,6763,1,0
B,H,B,13050,100,13050,1,0
A,C,C,7607,100,7607,1,0
B,C,C,6749,100,6749,1,0
C,D,C,6620,100,6620,1,0
C,E,C,7559,100,7559,1,0
C,F,C,7116,100,7116,1,0
C,G,C,1403,100,1403,1,0
C,H,C,7110,100,7110,1,0
A,D,D,9199,100,9199,1,0
B,D,D,12490,100,12490,1,0
C,D,D,6587,100,6587,1,0
D,E,D,9337,100,9337,1,0
D,F,D,12843,100,12843,1,0
D,G,D,6842,100,6842,1,0
D,H,D,1455,100,1455,1,0
A,E,E,1368,100,1368,1,0
B,E,E,7061,100,7061,1,0
C,E,E,7562,100,7562,1,0
D,E,E,9372,100,9372,1,0
E,F,E,7012,100,7012,1,0
E,G,E,7313,100,7313,1,0
E,H,E,9697,100,9697,1,0
A,F,F,7401,100,7401,1,0
B,F,F,1447,100,1447,1,0
C,F,F,7136,100,7136,1,0
D,F,F,12871,100,12871,1,0
E,F,F,7028,100,7028,1,0
F,G,F,6888,100,6888,1,0
F,H,F,13232,100,13232,1,0
A,G,G,7527,100,7527,1,0
B,G,G,6779,100,6779,1,0
C,G,G,1384,100,1384,1,0
D,G,G,6802,100,6802,1,0
E,G,G,7317,100,7317,1,0
F,G,G,6875,100,6875,1,0
G,H,G,7037,100,7037,1,0
A,H,H,9713,100,9713,1,0
B,H,H,13036,100,13036,1,0
C,H,H,7134,100,7134,1,0
D,H,H,1382,100,1382,1,0
E,H,H,9669,100,9669,1,0
F,H,H,13253,100,13253,1,0
G,H,H,7086,100,7086,1,0
A,B,A,7141,100,7141,1,0
A,C,A,7564,100,7564,1,0
A,D,A,9218,100,9218,1,0
A,E,A,1380,100,1380,1,0
A,F,A,7397,100,7397,1,0
A,G,A,7589,100,7589,1,0
A,H,A,9681,100,9681,1,0
A,B,B,7177,100,7177,1,0
B,C,B,6725,100,6725,1,0
B,D,B,12497,100,12497,1,0
B,E,B,7032,100,7032,1,0
B,F,B,1430,100,1430,1,0
B,G,B,6795,100,6795,1,0
B,H,B,13056,100,13056,1,0
A,C,C,7585,100,7585,1,0
B,C,C,6762,100,6762,1,0
C,D,C,6608,100,6608,1,0
C,E,C,7534,100,7534,1,0
C,F,C,7101,100,7101,1,0
C,G,C,1338,100,1338,1,0
C,H,C,7101,100,7101,1,0
A,D,D,9220,100,9220,1,0
B,D,D,12499,100,12499,1,0
C,D,D,6607,100,6607,1,0
D,E,D,9401,100,9401,1,0
D,F,D,12843,100,12843,1,0
D,G,D,6821,100,6821,1,0
D,H,D,1416,100,1416,1,0
A,E,E,1365,100,1365,1,0
B,E,E,7019,100,7019,1,0
C,E,E,7571,100,7571,1,0
D,E,E,9310,100,9310,1,0
E,F,E,7005,100,7005,1,0
E,G,E,7314,100,7314,1,0
E,H,E,9679,100,9679,1,0
A,F,F,7377,100,7377,1,0
B,F,F,1397,100,1397,1,0
C,F,F,7139,100,7139,1,0
D,F,F,12914,100,12914,1,0
E,F,F,6998,100,6998,1,0
F,G,F,6878,100,6878,1,0
F,H,F,13248,100,13248,1,0
A,G,G,7569,100,7569,1,0
B,G,G,6735,100,6735,1,0
C,G,G,1353,100,1353,1,0
D,G,G,6794,100,6794,1,0
E,G,G,7305,100,7305,1,0
F,G,G,6866,100,6866,1,0
G,H,G,7032,100,7032,1,0
A,H,H,9659,100,9659,1,0
B,H,H,13083,100,13083,1,0
C,H,H,7111,100,7111,1,0
D,H,H,1463,100,1463,1,0
E,H,H,9629,100,9629,1,0
F,H,H,13226,100,13226,1,0
G,H,H,7049,100,7049,1,0
A,B,A,7160,100,7160,1,0
A,C,A,7555,100,7555,1,0
A,D,A,9192,100,9192,1,0
A,E,A,1409,100,1409,1,0
A,F,A,7385,100,7385,1,0
A,G,A,7584,100,7584,1,0
A,H,A,9729,100,9729,1,0
A,B,B,7155,100,7155,1,0
B,C,B,6704,100,6704,1,0
B,D,B,12524,100,12524,1,0
B,E,B,7080,100,7080,1,0
B,F,B,1425,100,1425,1,0
B,G,B,6755,100,6755,1,0
B,H,B,13087,100,13087,1,0
A,C,C,7586,100,7586,1,0
B,C,C,6722,100,6722,1,0
C,D,C,6609,100,6609,1,0
C,E,C,7539,100,7539,1,0
C,F,C,7107,100,7107,1,0
C,G,C,1312,100,1312,1,0
C,H,C,7121,100,7121,1,0
A,D,D,9195,100,9195,1,0
B,D,D,12545,100,12545,1,0
C,D,D,6594,100,6594,1,0
D,E,D,9400,100,9400,1,0
D,F,D,12886,100,12886,1,0
D,G,D,6840,100,6840,1,0
D,H,D,1400,100,1400,1,0
A,E,E,1385,100,1385,1,0
B,E,E,7048,100,7048,1,0
C,E,E,7537,100,7537,1,0
D,E,E,9304,100,9304,1,0
E,F,E,7019,100,7019,1,0
E,G,E,7327,100,7327,1,0
E,H,E,9668,100,9668,1,0
A,F,F,7406,100,7406,1,0
B,F,F,1440,100,1440,1,0
C,F,F,7125,100,7125,1,0
D,F,F,12869,100,12869,1,0
E,F,F,6973,100,6973,1,0
F,G,F,6874,100,6874,1,0
F,H,F,13243,100,13243,1,0
A,G,G,7593,100,7593,1,0
B,G,G,6785,100,6785,1,0
C,G,G,1391,100,1391,1,0
D,G,G,6812,100,6812,1,0
E,G,G,7329,100,7329,1,0
F,G,G,6892,100,6892,1,0
G,H,G,7021,100,7021,1,0
A,H,H,9645,100,9645,1,0
B,H,H,13049,100,13049,1,0
C,H,H,7105,100,7105,1,0
D,H,H,1414,100,1414,1,0
E,H,H,9677,100,9677,1,0
F,H,H,13252,100,13252,1,0
G,H,H,7049,100,7049,1,0
A,B,A,7128,100,7128,1,0
A,C,A,7556,100,7556,1,0
A,D,A,9206,100,9206,1,0
A,E,A,1365,100,1365,1,0
A,F,A,7383,100,7383,1,0
A,G,A,7544,100,7544,1,0
A,H,A,9685,100,9685,1,0
A,B,B,7123,100,7123,1,0
B,C,B,6695,100,6695,1,0
B,D,B,12539,100,12539,1,0
B,E,B,7091,100,7091,1,0
B,F,B,1427,100,1427,1,0
B,G,B,6735,100,6735,1,0
B,H,B,13033,100,13033,1,0
A,C,C,7553,100,7553,1,0
B,C,C,6701,100,6701,1,0
C,D,C,6592,100,6592,1,0
C,E,C,7543,100,7543,1,0
C,F,C,7140,100,7140,1,0
C,G,C,1405,100,1405,1,0
C,H,C,7102,100,7102,1,0
A,D,D,9210,100,9210,1,0
B,D,D,12492,100,12492,1,0
C,D,D,6614,100,6614,1,0
D,E,D,9346,100,9346,1,0
D,F,D,12859,100,12859,1,0
D,G,D,6821,100,6821,1,0
D,H,D,1441,100,1441,1,0
A,E,E,1407,100,1407,1,0
B,E,E,7054,100,7054,1,0
C,E,E,7551,100,7551,1,0
D,E,E,9383,100,9383,1,0
E,F,E,7054,100,7054,1,0
E,G,E,7303,100,7303,1,0
E,H,E,9693,100,9693,1,0
A,F,F,7418,100,7418,1,0
B,F,F,1438,100,1438,1,0
C,F,F,7133,100,7133,1,0
D,F,F,12859,100,12859,1,0
E,F,F,7016,100,7016,1,0
F,G,F,6865,100,6865,1,0
F,H,F,13209,100,13209,1,0
A,G,G,7596,100,7596,1,0
B,G,G,6731,100,6731,1,0
C,G,G,1373,100,1373,1,0
D,G,G,6806,100,6806,1,0
E,G,G,7284,100,7284,1,0
F,G,G,6903,100,6903,1,0
G,H,G,7011,100,7011,1,0
A,H,H,9671,100,9671,1,0
B,H,H,13017,100,13017,1,0
C,H,H,7103,100,7103,1,0
D,H,H,1471,100,1471,1,0
E,H,H,9702,100,9702,1,0
F,H,H,13253,100,13253,1,0
G,H,H,7073,100,7073,1,0
A,B,A,7127,100,7127,1,0
A,C,A,7619,100,7619,1,0
A,D,A,9191,100,9191,1,0
A,E,A,1349,100,1349,1,0
A,F,A,7350,100,7350,1,0
A,G,A,7552,100,7552,1,0
A,H,A,9710,100,9710,1,0
A,B,B,7194,100,7194,1,0
B,C,B,6707,100,6707,1,0
B,D,B,12499,100,12499,1,0
B,E,B,7050,100,7050,1,0
B,F,B,1449,100,1449,1,0
B,G,B,6741,100,6741,1,0
B,H,B,13018,100,13018,1,0
A,C,C,7589,100,7589,1,0
B,C,C,6718,100,6718,1,0
C,D,C,6629,100,6629,1,0
C,E,C,7531,100,7531,1,0
C,F,C,7140,100,7140,1,0
C,G,C,1381,100,1381,1,0
C,H,C,7129,100,7129,1,0
A,D,D,9203,100,9203,1,0
B,D,D,12546,100,12546,1,0
C,D,D,6584,100,6584,1,0
D,E,D,9287,100,9287,1,0
D,F,D,12854,100,12854,1,0
D,G,D,6825,100,6825,1,0
D,H,D,1466,100,1466,1,0
A,E,E,1394,100,1394,1,0
B,E,E,7040,100,7040,1,0
C,E,E,7566,100,7566,1,0
D,E,E,9342,100,9342,1,0
E,F,E,6970,100,6970,1,0
E,G,E,7283,100,7283,1,0
E,H,E,9607,100,9607,1,0
A,F,F,7379,100,7379,1,0
B,F,F,1446,100,1446,1,0
C,F,F,7084,100,7084,1,0
D,F,F,12866,100,12866,1,0
E,F,F,7005,100,7005,1,0
F,G,F,6886,100,6886,1,0
F,H,F,13250,100,13250,1,0
A,G,G,7586,100,7586,1,0
B,G,G,6781,100,6781,1,0
C,G,G,1356,100,1356,1,0
D,G,G,6813,100,6813,1,0
E,G,G,7296,100,7296,1,0
F,G,G,6903,100,6903,1,0
G,H,G,7049,100,7049,1,0
A,H,H,9693,100,9693,1,0
B,H,H,13076,100,13076,1,0
C,H,H,7075,100,7075,1,0
D,H,H,1441,100,1441,1,0
E,H,H,9657,100,9657,1,0
F,H,H,13201,100,13201,1,0
G,H,H,7075,100,7075,1,0
A,B,A,7144,100,7144,1,0
A,C,A,7600,100,7600,1,0
A,D,A,9204,100,9204,1,0
A,E,A,1398,100,1398,1,0
A,F,A,7378,100,7378,1,0
A,G,A,7622,100,7622,1,0
A,H,A,9732,100,9732,1,0
A,B,B,7126,100,7126,1,0
B,C,B,6719,100,6719,1,0
B,D,B,12563,100,12563,1,0
B,E,B,7052,100,7052,1,0
B,F,B,1449,100,1449,1,0
B,G,B,6768,100,6768,1,0
B,H,B,13009,100,13009,1,0
A,C,C,7562,100,7562,1,0
B,C,C,6727,100,6727,1,0
C,D,C,6564,100,6564,1,0
C,E,C,7577,100,7577,1,0
C,F,C,7139,100,7139,1,0
C,G,C,1381,100,1381,1,0
C,H,C,7090,100,7090,1,0
A,D,D,9223,100,9223,1,0
B,D,D,12539,100,12539,1,0
C,D,D,6644,100,6644,1,0
D,E,D,9346,100,9346,1,0
D,F,D,12873,100,12873,1,0
D,G,D,6805,100,6805,1,0
D,H,D,1477,100,1477,1,0
A,E,E,1366,100,1366,1,0
B,E,E,7057,100,7057,1,0
C,E,E,7552,100,7552,1,0
D,E,E,9343,100,9343,1,0
E,F,E,7013,100,7013,1,0
E,G,E,7304,100,7304,1,0
E,H,E,9646,100,9646,1,0
A,F,F,7330,100,7330,1,0
B,F,F,1447,100,1447,1,0
C,F,F,7126,100,7126,1,0
D,F,F,12855,100,12855,1,0
E,F,F,7036,100,7036,1,0
F,G,F,6843,100,6843,1,0
F,H,F,13205,100,13205,1,0
A,G,G,7568,100,7568,1,0
B,G,G,6736,100,6736,1,0
C,G,G,1388,100,1388,1,0
D,G,G,6800,100,6800,1,0
E,G,G,7338,100,7338,1,0
F,G,G,6880,100,6880,1,0
G,H,G,7044,100,7044,1,0
A,H,H,9644,100,9644,1,0
B,H,H,13044,100,13044,1,0
C,H,H,7109,100,7109,1,0
D,H,H,1499,100,1499,1,0
E,H,H,9650,100,9650,1,0
F,H,H,13257,100,13257,1,0
G,H,H,7046,100,7046,1,0
A,B,A,7158,100,7158,1,0
A,C,A,7593,100,7593,1,0
A,D,A,9202,100,9202,1,0
A,E,A,1369,100,1369,1,0
A,F,A,7390,100,7390,1,0
A,G,A,7534,100,7534,1,0
A,H,A,9711,100,9711,1,0
A,B,B,7124,100,7124,1,0
B,C,B,6715,100,6715,1,0
B,D,B,12528,100,12528,1,0
B,E,B,7041,100,7041,1,0
B,F,B,1418,100,1418,1,0
B,G,B,6763,100,6763,1,0
B,H,B,13031,100,13031,1,0
A,C,C,7602,100,7602,1,0
B,C,C,6734,100,6734,1,0
C,D,C,6630,100,6630,1,0
C,E,C,7493,100,7493,1,0
C,F,C,7116,100,7116,1,0
C,G,C,1337,100,1337,1,0
C,H,C,7093,100,7093,1,0
A,D,D,9222,100,9222,1,0
B,D,D,12543,100,12543,1,0
C,D,D,6614,100,6614,1,0
D,E,D,9340,100,9340,1,0
D,F,D,12854,100,12854,1,0
D,G,D,6844,100,6844,1,0
D,H,D,1432,100,1432,1,0
A,E,E,1398,100,1398,1,0
B,E,E,7032,100,7032,1,0
C,E,E,7569,100,7569,1,0
D,E,E,9299,100,9299,1,0
E,F,E,6961,100,6961,1,0
E,G,E,7316,100,7316,1,0
E,H,E,9615,100,9615,1,0
A,F,F,7366,100,7366,1,0
B,F,F,1471,100,1471,1,0
C,F,F,7126,100,7126,1,0
D,F,F,12848,100,12848,1,0
E,F,F,7011,100,7011,1,0
F,G,F,6877,100,6877,1,0
F,H,F,13233,100,13233,1,0
A,G,G,7592,100,7592,1,0
B,G,G,6744,100,6744,1,0
C,G,G,1388,100,1388,1,0
D,G,G,6818,100,6818,1,0
E,G,G,7303,100,7303,1,0
F,G,G,6879,100,6879,1,0
G,H,G,7055,100,7055,1,0
A,H,H,9658,100,9658,1,0
B,H,H,13057,100,13057,1,0
C,H,H,7095,100,7095,1,0
D,H,H,1431,100,1431,1,0
E,H,H,9703,100,9703,1,0
F,H,H,13201,100,13201,1,0
G,H,H,7058,100,7058,1,0
A,B,A,7174,100,7174,1,0
A,C,A,7565,100,7565,1,0
A,D,A,9226,100,9226,1,0
A,E,A,1392,100,1392,1,0
A,F,A,7375,100,7375,1,0
A,G,A,7606,100,7606,1,0
A,H,A,9721,100,9721,1,0
A,B,B,7129,100,7129,1,0
B,C,B,6722,100,6722,1,0
B,D,B,12508,100,12508,1,0
B,E,B,7023,100,7023,1,0
B,F,B,1392,100,1392,1,0
B,G,B,6789,100,6789,1,0
B,H,B,13027,100,13027,1,0
A,C,C,7522,100,7522,1,0
B,C,C,6712,100,6712,1,0
C,D,C,6553,100,6553,1,0
C,E,C,7524,100,7524,1,0
C,F,C,7115,100,7115,1,0
C,G,C,1375,100,1375,1,0
C,H,C,7130,100,7130,1,0
A,D,D,9199,100,9199,1,0
B,D,D,12543,100,12543,1,0
C,D,D,6601,100,6601,1,0
D,E,D,9298,100,9298,1,0
D,F,D,12891,100,12891,1,0
D,G,D,6786,100,6786,1,0
D,H,D,1452,100,1452,1,0
A,E,E,1431,100,1431,1,0
B,E,E,7006,100,7006,1,0
C,E,E,7542,100,7542,1,0
D,E,E,9318,100,9318,1,0
E,F,E,7001,100,7001,1,0
E,G,E,7343,100,7343,1,0
E,H,E,9641,100,9641,1,0
A,F,F,7407,100,7407,1,0
B,F,F,1436,100,1436,1,0
C,F,F,7130,100,7130,1,0
D,F,F,12856,100,12856,1,0
E,F,F,6979,100,6979,1,0
F,G,F,6891,100,6891,1,0
F,H,F,13257,100,13257,1,0
A,G,G,7574,100,7574,1,0
B,G,G,6760,100,6760,1,0
C,G,G,1353,100,1353,1,0
D,G,G,6807,100,6807,1,0
E,G,G,7268,100,7268,1,0
F,G,G,6883,100,6883,1,0
G,H,G,7038,100,7038,1,0
A,H,H,9711,100,9711,1,0
B,H,H,13034,100,13034,1,0
C,H,H,7089,100,7089,1,0
D,H,H,1515,100,1515,1,0
E,H,H,9658,100,9658,1,0
F,H,H,13233,100,13233,1,0
G,H,H,7014,100,7014,1,0
A,B,A,7168,100,7168,1,0
A,C,A,7599,100,7599,1,0
A,D,A,9200,100,9200,1,0
A,E,A,1369,100,1369,1,0
A,F,A,7385,100,7385,1,0
A,G,A,7596,100,7596,1,0
A,H,A,9689,100,9689,1,0
A,B,B,7131,100,7131,1,0
B,C,B,6724,100,6724,1,0
B,D,B,12512,100,12512,1,0
B,E,B,7061,100,7061,1,0
B,F,B,1435,100,1435,1,0
B,G,B,6754,100,6754,1,0
B,H,B,13038,100,13038,1,0
A,C,C,7535,100,7535,1,0
B,C,C,6694,100,6694,1,0
C,D,C,6624,100,6624,1,0
C,E,C,7567,100,7567,1,0
C,F,C,7099,100,7099,1,0
C,G,C,1350,100,1350,1,0
C,H,C,7088,100,7088,1,0
A,D,D,9198,100,9198,1,0
B,D,D,12526,100,12526,1,0
C,D,D,6651,100,6651,1,0
D,E,D,9349,100,9349,1,0
D,F,D,12870,100,12870,1,0
D,G,D,6836,100,6836,1,0
D,H,D,1523,100,1523,1,0
A,E,E,1350,100,1350,1,0
B,E,E,7049,100,7049,1,0
C,E,E,7526,100,7526,1,0
D,E,E,9307,100,9307,1,0
E,F,E,7023,100,7023,1,0
E,G,E,7305,100,7305,1,0
E,H,E,9645,100,9645,1,0
A,F,F,7399,100,7399,1,0
B,F,F,1433,100,1433,1,0
C,F,F,7113,100,7113,1,0
D,F,F,12864,100,12864,1,0
E,F,F,6988,100,6988,1,0
F,G,F,6879,100,6879,1,0
F,H,F,13212,100,13212,1,0
A,G,G,7629,100,7629,1,0
B,G,G,6789,100,6789,1,0
C,G,G,1397,100,1397,1,0
D,G,G,6831,100,6831,1,0
E,G,G,7297,100,7297,1,0
F,G,G,6878,100,6878,1,0
G,H,G,7074,100,7074,1,0
A,H,H,9743,100,9743,1,0
B,H,H,13021,100,13021,1,0
C,H,H,7081,100,7081,1,0
D,H,H,1466,100,1466,1,0
E,H,H,9664,100,9664,1,0
F,H,H,13231,100,13231,1,0
G,H,H,7040,100,7040,1,0
A,B,A,7203,100,7203,1,0
A,C,A,7559,100,7559,1,0
A,D,A,9211,100,9211,1,0
A,E,A,1378,100,1378,1,0
A,F,A,7416,100,7416,1,0
A,G,A,7608,100,7608,1,0
A,H,A,9642,100,9642,1,0
A,B,B,7185,100,7185,1,0
B,C,B,6681,100,6681,1,0
B,D,B,12573,100,12573,1,0
B,E,B,7052,100,7052,1,0
B,F,B,1445,100,1445,1,0
B,G,B,6767,100,6767,1,0
B,H,B,13095,100,13095,1,0
A,C,C,7568,100,7568,1,0
B,C,C,6738,100,6738,1,0
C,D,C,6564,100,6564,1,0
C,E,C,7529,100,7529,1,0
C,F,C,7138,100,7138,1,0
C,G,C,1357,100,1357,1,0
C,H,C,7096,100,7096,1,0
A,D,D,9195,100,9195,1,0
B,D,D,12553,100,12553,1,0
C,D,D,6635,100,6635,1,0
D,E,D,9406,100,9406,1,0
D,F,D,12865,100,12865,1,0
D,G,D,6800,100,6800,1,0
D,H,D,1461,100,1461,1,0
A,E,E,1413,100,1413,1,0
B,E,E,7038,100,7038,1,0
C,E,E,7497,100,7497,1,0
D,E,E,9353,100,9353,1,0
E,F,E,6962,100,6962,1,0
E,G,E,7306,100,7306,1,0
E,H,E,9631,100,9631,1,0
A,F,F,7388,100,7388,1,0
B,F,F,1419,100,1419,1,0
C,F,F,7102,100,7102,1,0
D,F,F,12909,100,12909,1,0
E,F,F,7031,100,7031,1,0
F,G,F,6881,100,6881,1,0
F,H,F,13235,100,13235,1,0
A,G,G,7609,100,7609,1,0
B,G,G,6739,100,6739,1,0
C,G,G,1319,100,1319,1,0
D,G,G,6831,100,6831,1,0
E,G,G,7270,100,7270,1,0
F,G,G,6874,100,6874,1,0
G,H,G,7082,100,7082,1,0
A,H,H,9702,100,9702,1,0
B,H,H,13012,100,13012,1,0
C,H,H,7077,100,7077,1,0
D,H,H,1452,100,1452,1,0
E,H,H,9638,100,9638,1,0
F,H,H,13288,100,13288,1,0
G,H,H,7071,100,7071,1,0
A,B,A,7142,100,7142,1,0
A,C,A,7668,100,7668,1,0
A,D,A,9195,100,9195,1,0
A,E,A,1364,100,1364,1,0
A,F,A,7363,100,7363,1,0
A,G,A,7618,100,7618,1,0
A,H,A,9662,100,9662,1,0
A,B,B,7145,100,7145,1,0
B,C,B,6715,100,6715,1,0
B,D,B,12524,100,12524,1,0
B,E,B,7058,100,7058,1,0
B,F,B,1423,100,1423,1,0
B,G,B,6755,100,6755,1,0
B,H,B,12991,100,12991,1,0
A,C,C,7541,100,7541,1,0
B,C,C,6706,100,6706,1,0
C,D,C,6625,100,6625,1,0
C,E,C,7535,100,7535,1,0
C,F,C,7116,100,7116,1,0
C,G,C,1366,100,1366,1,0
C,H,C,7119,100,7119,1,0
A,D,D,9183,100,9183,1,0
B,D,D,12541,100,12541,1,0
C,D,D,6604,100,6604,1,0
D,E,D,9367,100,9367,1,0
D,F,D,12850,100,12850,1,0
D,G,D,6828,100,6828,1,0
D,H,D,1436,100,1436,1,0
A,E,E,1384,100,1384,1,0
B,E,E,7067,100,7067,1,0
C,E,E,7566,100,7566,1,0
D,E,E,9373,100,9373,1,0
E,F,E,7004,100,7004,1,0
E,G,E,7302,100,7302,1,0
E,H,E,9672,100,9672,1,0
A,F,F,7356,100,7356,1,0
B,F,F,1466,100,1466,1,0
C,F,F,7121,100,7121,1,0
D,F,F,12873,100,12873,1,0
E,F,F,7011,100,7011,1,0
F,G,F,6892,100,6892,1,0
F,H,F,13203,100,13203,1,0
A,G,G,7623,100,7623,1,0
B,G,G,6762,100,6762,1,0
C,G,G,1355,100,1355,1,0
D,G,G,6777,100,6777,1,0
E,G,G,7314,100,7314,1,0
F,G,G,6896,100,6896,1,0
G,H,G,7061,100,7061,1,0
A,H,H,9726,100,9726,1,0
B,H,H,13065,100,13065,1,0
C,H,H,7093,100,7093,1,0
D,H,H,1446,100,1446,1,0
E,H,H,9653,100,9653,1,0
F,H,H,13247,100,13247,1,0
G,H,H,7026,100,7026,1,0
A,B,A,7161,100,7161,1,0
A,C,A,7578,100,7578,1,0
A,D,A,9222,100,9222,1,0
A,E,A,1359,100,1359,1,0
A,F,A,7350,100,7350,1,0
A,G,A,7546,100,7546,1,0
A,H,A,9707,100,9707,1,0
A,B,B,7103,100,7103,1,0
B,C,B,6736,100,6736,1,0
B,D,B,12505,100,12505,1,0
B,E,B,7039,100,7039,1,0
B,F,B,1400,100,1400,1,0
B,G,B,6749,100,6749,1,0
B,H,B,13026,100,13026,1,0
A,C,C,7540,100,7540,1,0
B,C,C,6704,100,6704,1,0
C,D,C,6572,100,6572,1,0
C,E,C,7513,100,7513,1,0
C,F,C,7119,100,7119,1,0
C,G,C,1361,100,1361,1,0
C,H,C,7149,100,7149,1,0
A,D,D,9202,100,9202,1,0
B,D,D,12539,100,12539,1,0
C,D,D,6616,100,6616,1,0
D,E,D,9368,100,9368,1,0
D,F,D,12888,100,12888,1,0
D,G,D,6824,100,6824,1,0
D,H,D,1399,100,1399,1,0
A,E,E,1403,100,1403,1,0
B,E,E,6991,100,6991,1,0
C,E,E,7565,100,7565,1,0
D,E,E,9344,100,9344,1,0
E,F,E,6994,100,6994,1,0
E,G,E,7296,100,7296,1,0
E,H,E,9674,100,9674,1,0
A,F,F,7456,100,7456,1,0
B,F,F,1397,100,1397,1,0
C,F,F,7102,100,7102,1,0
D,F,F,12866,100,12866,1,0
E,F,F,7001,100,7001,1,0
F,G,F,6889,100,6889,1,0
F,H,F,13252,100,13252,1,0
A,G,G,7559,100,7559,1,0
B,G,G,6775,100,6775,1,0
C,G,G,1356,100,1356,1,0
D,G,G,6834,100,6834,1,0
E,G,G,7330,100,7330,1,0
F,G,G,6910,100,6910,1,0
G,H,G,7072,100,7072,1,0
A,H,H,9769,100,9769,1,0
B,H,H,13064,100,13064,1,0
C,H,H,7134,100,7134,1,0
D,H,H,1399,100,1399,1,0
E,H,H,9659,100,9659,1,0
F,H,H,13266,100,13266,1,0
G,H,H,7084,100,7084,1,0
A,B,A,7172,100,7172,1,0
A,C,A,7559,100,7559,1,0
A,D,A,9185,100,9185,1,0
A,E,A,1390,100,1390,1,0
A,F,A,7385,100,7385,1,0
A,G,A,7535,100,7535,1,0
A,H,A,9683,100,9683,1,0
A,B,B,7158,100,7158,1,0
B,C,B,6701,100,6701,1,0
B,D,B,12537,100,12537,1,0
B,E,B,7009,100,7009,1,0
B,F,B,1379,100,1379,1,0
B,G,B,6720,100,6720,1,0
B,H,B,13068,100,13068,1,0
A,C,C,7537,100,7537,1,0
B,C,C,6746,100,6746,1,0
C,D,C,6617,100,6617,1,0
C,E,C,7557,100,7557,1,0
C,F,C,7126,100,7126,1,0
C,G,C,1364,100,1364,1,0
C,H,C,7109,100,7109,1,0
A,D,D,9171,100,9171,1,0
B,D,D,12562,100,12562,1,0
C,D,D,6577,100,6577,1,0
D,E,D,9306,100,9306,1,0
D,F,D,12909,100,12909,1,0
D,G,D,6797,100,6797,1,0
D,H,D,1495,100,1495,1,0
A,E,E,1350,100,1350,1,0
B,E,E,7014,100,7014,1,0
C,E,E,7504,100,7504,1,0
D,E,E,9340,100,9340,1,0
E,F,E,7007,100,7007,1,0
E,G,E,7304,100,7304,1,0
E,H,E,9664,100,9664,1,0
A,F,F,7382,100,7382,1,0
B,F,F,1457,100,1457,1,0
C,F,F,7099,100,7099,1,0
D,F,F,12890,100,12890,1,0
E,F,F,7001,100,7001,1,0
F,G,F,6897,100,6897,1,0
F,H,F,13243,100,13243,1,0
A,G,G,7593,100,7593,1,0
B,G,G,6754,100,6754,1,0
C,G,G,1377,100,1377,1,0
D,G,G,6810,100,6810,1,0
E,G,G,7301,100,7301,1,0
F,G,G,6890,100,6890,1,0
G,H,G,7054,100,7054,1,0
A,H,H,9681,100,9681,1,0
B,H,H,13034,100,13034,1,0
C,H,H,7086,100,7086,1,0
D,H,H,1412,100,1412,1,0
E,H,H,9630,100,9630,1,0
F,H,H,13216,100,13216,1,0
G,H,H,7043,100,7043,1,0
A,B,A,7166,100,7166,1,0
A,C,A,7584,100,7584,1,0
A,D,A,9225,100,9225,1,0
A,E,A,1373,100,1373,1,0
A,F,A,7351,100,7351,1,0
A,G,A,7579,100,7579,1,0
A,H,A,9694,100,9694,1,0
A,B,B,7120,100,7120,1,0
B,C,B,6698,100,6698,1,0
B,D,B,12527,100,12527,1,0
B,E,B,7027,100,7027,1,0
B,F,B,1421,100,1421,1,0
B,G,B,6786,100,6786,1,0
B,H,B,13033,100,13033,1,0
A,C,C,7576,100,7576,1,0
B,C,C,6743,100,6743,1,0
C,D,C,6599,100,6599,1,0
C,E,C,7545,100,7545,1,0
C,F,C,7108,100,7108,1,0
C,G,C,1372,100,1372,1,0
C,H,C,7142,100,7142,1,0
A,D,D,9212,100,9212,1,0
B,D,D,12562,100,12562,1,0
C,D,D,6585,100,6585,1,0
D,E,D,9386,100,9386,1,0
D,F,D,12888,100,12888,1,0
D,G,D,6830,100,6830,1,0
D,H,D,1374,100,1374,1,0
A,E,E,1340,100,1340,1,0
B,E,E,7000,100,7000,1,0
C,E,E,7554,100,7554,1,0
D,E,E,9346,100,9346,1,0
E,F,E,7002,100,7002,1,0
E,G,E,7335,100,7335,1,0
E,H,E,9672,100,9672,1,0
A,F,F,7360,100,7360,1,0
B,F,F,1454,100,1454,1,0
C,F,F,7120,100,7120,1,0
D,F,F,12857,100,12857,1,0
E,F,F,6977,100,6977,1,0
F,G,F,6869,100,6869,1,0
F,H,F,13244,100,13244,1,0
A,G,G,7567,100,7567,1,0
B,G,G,6774,100,6774,1,0
C,G,G,1372,100,1372,1,0
D,G,G,6817,100,6817,1,0
E,G,G,7321,100,7321,1,0
F,G,G,6889,100,6889,1,0
G,H,G,7060,100,7060,1,0
A,H,H,9728,100,9728,1,0
B,H,H,13019,100,13019,1,0
C,H,H,7132,100,7132,1,0
D,H,H,1497,100,1497,1,0
E,H,H,9667,100,9667,1,0
F,H,H,13209,100,13209,1,0
G,H,H,7043,100,7043,1,0
A,B,A,7130,100,7130,1,0
A,C,A,7578,100,7578,1,0
A,D,A,9225,100,9225,1,0
A,E,A,1379,100,1379,1,0
A,F,A,7351,100,7351,1,0
A,G,A,7625,100,7625,1,0
A,H,A,9711,100,9711,1,0
A,B,B,7145,100,7145,1,0
B,C,B,6738,100,6738,1,0
B,D,B,12478,100,12478,1,0
B,E,B,7038,100,7038,1,0
B,F,B,1463,100,1463,1,0
B,G,B,6736,100,6736,1,0
B,H,B,13074,100,13074,1,0
A,C,C,7619,100,7619,1,0
B,C,C,6748,100,6748,1,0
C,D,C,6618,100,6618,1,0
C,E,C,7557,100,7557,1,0
C,F,C,7119,100,7119,1,0
C,G,C,1349,100,1349,1,0
C,H,C,7118,100,7118,1,0
A,D,D,9203,100,9203,1,0
B,D,D,12528,100,12528,1,0
C,D,D,6569,100,6569,1,0
D,E,D,9413,100,9413,1,0
D,F,D,12892,100,12892,1,0
D,G,D,6804,100,6804,1,0
D,H,D,1440,100,1440,1,0
A,E,E,1408,100,1408,1,0
B,E,E,7009,100,7009,1,0
C,E,E,7593,100,7593,1,0
D,E,E,9335,100,9335,1,0
E,F,E,6989,100,6989,1,0
E,G,E,7305,100,7305,1,0
E,H,E,9645,100,9645,1,0
A,F,F,7364,100,7364,1,0
B,F,F,1430,100,1430,1,0
C,F,F,7107,100,7107,1,0
D,F,F,12911,100,12911,1,0
E,F,F,6993,100,6993,1,0
F,G,F,6887,100,6887,1,0
F,H,F,13272,100,13272,1,0
A,G,G,7506,100,7506,1,0
B,G,G,6779,100,6779,1,0
C,G,G,1375,100,1375,1,0
D,G,G,6790,100,6790,1,0
E,G,G,7322,100,7322,1,0
F,G,G,6880,100,6880,1,0
G,H,G,7074,100,7074,1,0
A,H,H,9759,100,9759,1,0
B,H,H,13018,100,13018,1,0
C,H,H,7106,100,7106,1,0
D,H,H,1504,100,1504,1,0
E,H,H,9642,100,9642,1,0
F,H,H,13224,100,13224,1,0
G,H,H,7058,100,7058,1,0
A,B,A,7139,100,7139,1,0
A,C,A,7553,100,7553,1,0
A,D,A,9201,100,9201,1,0
A,E,A,1345,100,1345,1,0
A,F,A,7401,100,7401,1,0
A,G,A,7576,100,7576,1,0
A,H,A,9712,100,9712,1,0
A,B,B,7152,100,7152,1,0
B,C,B,6724,100,6724,1,0
B,D,B,12485,100,12485,1,0
B,E,B,7043,100,7043,1,0
B,F,B,1440,100,1440,1,0
B,G,B,6723,100,6723,1,0
B,H,B,13032,100,13032,1,0
A,C,C,7579,100,7579,1,0
B,C,C,6706,100,6706,1,0
C,D,C,6593,100,6593,1,0
C,E,C,7546,100,7546,1,0
C,F,C,7124,100,7124,1,0
C,G,C,1381,100,1381,1,0
C,H,C,7120,100,7120,1,0
A,D,D,9207,100,9207,1,0
B,D,D,12530,100,12530,1,0
C,D,D,6586,100,6586,1,0
D,E,D,9326,100,9326,1,0
D,F,D,12893,100,12893,1,0
D,G,D,6810,100,6810,1,0
D,H,D,1495,100,1495,1,0
A,E,E,1342,100,1342,1,0
B,E,E,7047,100,7047,1,0
C,E,E,7499,100,7499,1,0
D,E,E,9347,100,9347,1,0
E,F,E,7000,100,7000,1,0
E,G,E,7295,100,7295,1,0
E,H,E,9697,100,9697,1,0
A,F,F,7401,100,7401,1,0
B,F,F,1457,100,1457,1,0
C,F,F,7127,100,7127,1,0
D,F,F,12853,100,12853,1,0
E,F,F,7046,100,7046,1,0
F,G,F,6899,100,6899,1,0
F,H,F,13177,100,13177,1,0
A,G,G,7538,100,7538,1,0
B,G,G,6740,100,6740,1,0
C,G,G,1361,100,1361,1,0
D,G,G,6833,100,6833,1,0
E,G,G,7283,100,7283,1,0
F,G,G,6865,100,6865,1,0
G,H,G,7064,100,7064,1,0
A,H,H,9714,100,9714,1,0
B,H,H,13057,100,13057,1,0
C,H,H,7129,100,7129,1,0
D,H,H,1474,100,1474,1,0
E,H,H,9638,100,9638,1,0
F,H,H,13199,100,13199,1,0
G,H,H,7061,100,7061,1,0
A,B,A,7194,100,7194,1,0
A,C,A,7528,100,7528,1,0
A,D,A,9195,100,9195,1,0
A,E,A,1344,100,1344,1,0
A,F,A,7375,100,7375,1,0
A,G,A,7538,100,7538,1,0
A,H,A,9702,100,9702,1,0
A,B,B,7153,100,7153,1,0
B,C,B,6724,100,6724,1,0
B,D,B,12552,100,12552,1,0
B,E,B,7053,100,7053,1,0
B,F,B,1434,100,1434,1,0
B,G,B,6742,100,6742,1,0
B,H,B,13060,100,13060,1,0
A,C,C,7579,100,7579,1,0
B,C,C,6711,100,6711,1,0
C,D,C,6591,100,6591,1,0
C,E,C,7526,100,7526,1,0
C,F,C,7096,100,7096,1,0
C,G,C,1324,100,1324,1,0
C,H,C,7136,100,7136,1,0
A,D,D,9202,100,9202,1,0
B,D,D,12563,100,12563,1,0
C,D,D,6629,100,6629,1,0
D,E,D,9287,100,9287,1,0
D,F,D,12899,100,12899,1,0
D,G,D,6811,100,6811,1,0
D,H,D,1410,100,1410,1,0
A,E,E,1357,100,1357,1,0
B,E,E,7026,100,7026,1,0
C,E,E,7537,100,7537,1,0
D,E,E,9351,100,9351,1,0
E,F,E,6993,100,6993,1,0
E,G,E,7297,100,7297,1,0
E,H,E,9602,100,9602,1,0
A,F,F,7364,100,7364,1,0
B,F,F,1420,100,1420,1,0
C,F,F,7147,100,7147,1,0
D,F,F,12868,100,12868,1,0
E,F,F,7047,100,7047,1,0
F,G,F,6896,100,6896,1,0
F,H,F,13237,100,13237,1,0
A,G,G,7595,100,7595,1,0
B,G,G,6767,100,6767,1,0
C,G,G,1370,100,1370,1,0
D,G,G,6808,100,6808,1,0
E,G,G,7289,100,7289,1,0
F,G,G,6891,100,6891,1,0
G,H,G,7045,100,7045,1,0
A,H,H,9731,100,9731,1,0
B,H,H,12986,100,12986,1,0
C,H,H,7132,100,7132,1,0
D,H,H,1465,100,1465,1,0
E,H,H,9646,100,9646,1,0
F,H,H,13229,100,13229,1,0
G,H,H,7042,100,7042,1,0
A,B,A,7160,100,7160,1,0
A,C,A,7608,100,7608,1,0
A,D,A,9190,100,9190,1,0
A,E,A,1368,100,1368,1,0
A,F,A,7391,100,7391,1,0
A,G,A,7550,100,7550,1,0
A,H,A,9697,100,9697,1,0
A,B,B,7144,100,7144,1,0
B,C,B,6739,100,6739,1,0
B,D,B,12534,100,12534,1,0
B,E,B,7068,100,7068,1,0
B,F,B,1444,100,1444,1,0
B,G,B,6765,100,6765,1,0
B,H,B,13029,100,13029,1,0
A,C,C,7551,100,7551,1,0
B,C,C,6705,100,6705,1,0
C,D,C,6587,100,6587,1,0
C,E,C,7523,100,7523,1,0
C,F,C,7127,100,7127,1,0
C,G,C,1368,100,1368,1,0
C,H,C,7082,100,7082,1,0
A,D,D,9211,100,9211,1,0
B,D,D,12485,100,12485,1,0
C,D,D,6614,100,6614,1,0
D,E,D,9397,100,9397,1,0
D,F,D,12871,100,12871,1,0
D,G,D,6762,100,6762,1,0
D,H,D,1420,100,1420,1,0
A,E,E,1339,100,1339,1,0
B,E,E,7042,100,7042,1,0
C,E,E,7550,100,7550,1,0
D,E,E,9326,100,9326,1,0
E,F,E,7015,100,7015,1,0
E,G,E,7296,100,7296,1,0
E,H,E,9646,100,9646,1,0
A,F,F,7411,100,7411,1,0
B,F,F,1420,100,1420,1,0
C,F,F,7109,100,7109,1,0
D,F,F,12880,100,12880,1,0
E,F,F,7023,100,7023,1,0
F,G,F,6872,100,6872,1,0
F,H,F,13252,100,13252,1,0
A,G,G,7562,100,7562,1,0
B,G,G,6776,100,6776,1,0
C,G,G,1398,100,1398,1,0
D,G,G,6816,100,6816,1,0
E,G,G,7315,100,7315,1,0
F,G,G,6862,100,6862,1,0
G,H,G,7094,100,7094,1,0
A,H,H,9654,100,9654,1,0
B,H,H,12992,100,12992,1,0
C,H,H,7063,100,7063,1,0
D,H,H,1458,100,1458,1,0
E,H,H,9670,100,9670,1,0
F,H,H,13237,100,13237,1,0
G,H,H,7059,100,7059,1,0
A,B,A,7142,100,7142,1,0
A,C,A,7579,100,7579,1,0
A,D,A,9201,100,9201,1,0
A,E,A,1375,100,1375,1,0
A,F,A,7373,100,7373,1,0
A,G,A,7594,100,7594,1,0
A,H,A,9674,100,9674,1,0
A,B,B,7166,100,7166,1,0
B,C,B,6755,100,6755,1,0
B,D,B,12500,100,12500,1,0
B,E,B,7051,100,7051,1,0
B,F,B,1452,100,1452,1,0
B,G,B,6756,100,6756,1,0
B,H,B,13027,100,13027,1,0
A,C,C,7569,100,7569,1,0
B,C,C,6689,100,6689,1,0
C,D,C,6608,100,6608,1,0
C,E,C,7546,100,7546,1,0
C,F,C,7097,100,7097,1,0
C,G,C,1384,100,1384,1,0
C,H,C,7092,100,7092,1,0
A,D,D,9211,100,9211,1,0
B,D,D,12501,100,12501,1,0
C,D,D,6594,100,6594,1,0
D,E,D,9336,100,9336,1,0
D,F,D,12856,100,12856,1,0
D,G,D,6800,100,6800,1,0
D,H,D,1426,100,1426,1,0
A,E,E,1341,100,1341,1,0
B,E,E,7022,100,7022,1,0
C,E,E,7454,100,7454,1,0
D,E,E,9311,100,9311,1,0
E,F,E,6973,100,6973,1,0
E,G,E,7338,100,7338,1,0
E,H,E,9695,100,9695,1,0
A,F,F,7444,100,7444,1,0
B,F,F,1451,100,1451,1,0
C,F,F,7089,100,7089,1,0
D,F,F,12846,100,12846,1,0
E,F,F,7006,100,7006,1,0
F,G,F,6900,100,6900,1,0
F,H,F,13172,100,13172,1,0
A,G,G,7562,100,7562,1,0
B,G,G,6775,100,6775,1,0
C,G,G,1363,100,1363,1,0
D,G,G,6783,100,6783,1,0
E,G,G,7299,100,7299,1,0
F,G,G,6883,100,6883,1,0
G,H,G,7085,100,7085,1,0
A,H,H,9681,100,9681,1,0
B,H,H,13063,100,13063,1,0
C,H,H,7126,100,7126,1,0
D,H,H,1499,100,1499,1,0
E,H,H,9661,100,9661,1,0
F,H,H,13209,100,13209,1,0
G,H,H,7039,100,7039,1,0
A,B,A,7156,100,7156,1,0
A,C,A,7554,100,7554,1,0
A,D,A,9174,100,9174,1,0
A,E,A,1376,100,1376,1,0
A,F,A,7381,100,7381,1,0
A,G,A,7576,100,7576,1,0
A,H,A,9735,100,9735,1,0
A,B,B,7146,100,7146,1,0
B,C,B,6740,100,6740,1,0
B,D,B,12498,100,12498,1,0
B,E,B,7051,100,7051,1,0
B,F,B,1432,100,1432,1,0
B,G,B,6742,100,6742,1,0
B,H,B,13062,100,13062,1,0
A,C,C,7557,100,7557,1,0
B,C,C,6746,100,6746,1,0
C,D,C,6623,100,6623,1,0
C,E,C,7527,100,7527,1,0
C,F,C,7131,100,7131,1,0
C,G,C,1380,100,1380,1,0
C,H,C,7113,100,7113,1,0
A,D,D,9203,100,9203,1,0
B,D,D,12514,100,12514,1,0
C,D,D,6626,100,6626,1,0
D,E,D,9403,100,9403,1,0
D,F,D,12828,100,12828,1,0
D,G,D,6801,100,6801,1,0
D,H,D,1408,100,1408,1,0
A,E,E,1331,100,1331,1,0
B,E,E,7045,100,7045,1,0
C,E,E,7567,100,7567,1,0
D,E,E,9272,100,9272,1,0
E,F,E,6998,100,6998,1,0
E,G,E,7321,100,7321,1,0
E,H,E,9638,100,9638,1,0
A,F,F,7359,100,7359,1,0
B,F,F,1439,100,1439,1,0
C,F,F,7123,100,7123,1,0
D,F,F,12907,100,12907,1,0
E,F,F,7039,100,7039,1,0
F,G,F,6902,100,6902,1,0
F,H,F,13226,100,13226,1,0
A,G,G,7587,100,7587,1,0
B,G,G,6720,100,6720,1,0
C,G,G,1369,100,1369,1,0
D,G,G,6812,100,6812,1,0
E,G,G,7280,100,7280,1,0
F,G,G,6906,100,6906,1,0
G,H,G,7046,100,7046,1,0
A,H,H,9688,100,9688,1,0
B,H,H,13097,100,13097,1,0
C,H,H,7106,100,7106,1,0
D,H,H,1463,100,1463,1,0
E,H,H,9662,100,9662,1,0
F,H,H,13213,100,13213,1,0
G,H,H,7035,100,7035,1,0
A,B,A,7130,100,7130,1,0
A,C,A,7561,100,7561,1,0
A,D,A,9196,100,9196,1,0
A,E,A,1376,100,1376,1,0
A,F,A,7375,100,7375,1,0
A,G,A,7571,100,7571,1,0
A,H,A,9689,100,9689,1,0
A,B,B,7154,100,7154,1,0
B,C,B,6727,100,6727,1,0
B,D,B,12535,100,12535,1,0
B,E,B,7058,100,7058,1,0
B,F,B,1456,100,1456,1,0
B,G,B,6741,100,6741,1,0
B,H,B,13034,100,13034,1,0
A,C,C,7561,100,7561,1,0
B,C,C,6702,100,6702,1,0
C,D,C,6605,100,6605,1,0
C,E,C,7511,100,7511,1,0
C,F,C,7123,100,7123,1,0
C,G,C,1367,100,1367,1,0
C,H,C,7074,100,7074,1,0
A,D,D,9188,100,9188,1,0
B,D,D,12500,100,12500,1,0
C,D,D,6616,100,6616,1,0
D,E,D,9309,100,9309,1,0
D,F,D,12856,100,12856,1,0
D,G,D,6803,100,6803,1,0
D,H,D,1454,100,1454,1,0
A,E,E,1384,100,1384,1,0
B,E,E,7043,100,7043,1,0
C,E,E,7522,100,7522,1,0
D,E,E,9317,100,9317,1,0
E,F,E,7007,100,7007,1,0
E,G,E,7302,100,7302,1,0
E,H,E,9652,100,9652,1,0
A,F,F,7398,100,7398,1,0
B,F,F,1434,100,1434,1,0
C,F,F,7103,100,7103,1,0
D,F,F,12869,100,12869,1,0
E,F,F,6974,100,6974,1,0
F,G,F,6886,100,6886,1,0
F,H,F,13237,100,13237,1,0
A,G,G,7593,100,7593,1,0
B,G,G,6735,100,6735,1,0
C,G,G,1380,100,1380,1,0
D,G,G,6858,100,6858,1,0
E,G,G,7301,100,7301,1,0
F,G,G,6896,100,6896,1,0
G,H,G,7042,100,7042,1,0
A,H,H,9681,100,9681,1,0
B,H,H,13093,100,13093,1,0
C,H,H,7141,100,7141,1,0
D,H,H,1455,100,1455,1,0
E,H,H,9647,100,9647,1,0
F,H,H,13223,100,13223,1,0
G,H,H,7056,100,7056,1,0
A,B,A,7142,100,7142,1,0
A,C,A,7580,100,7580,1,0
A,D,A,9181,100,9181,1,0
A,E,A,1418,100,1418,1,0
A,F,A,7362,100,7362,1,0
A,G,A,7566,100,7566,1,0
A,H,A,9730,100,9730,1,0
A,B,B,7149,100,7149,1,0
B,C,B,6735,100,6735,1,0
B,D,B,12560,100,12560,1,0
B,E,B,7012,100,7012,1,0
B,F,B,1421,100,1421,1,0
B,G,B,6778,100,6778,1,0
B,H,B,13028,100,13028,1,0
A,C,C,7594,100,7594,1,0
B,C,C,6678,100,6678,1,0
C,D,C,6565,100,6565,1,0
C,E,C,7534,100,7534,1,0
C,F,C,7123,100,7123,1,0
C,G,C,1381,100,1381,1,0
C,H,C,7090,100,7090,1,0
A,D,D,9199,100,9199,1,0
B,D,D,12541,100,12541,1,0
C,D,D,6586,100,6586,1,0
D,E,D,9370,100,9370,1,0
D,F,D,12844,100,12844,1,0
D,G,D,6802,100,6802,1,0
D,H,D,1439,100,1439,1,0
A,E,E,1440,100,1440,1,0
B,E,E,7062,100,7062,1,0
C,E,E,7555,100,7555,1,0
D,E,E,9357,100,9357,1,0
E,F,E,7029,100,7029,1,0
E,G,E,7329,100,7329,1,0
E,H,E,9692,100,9692,1,0
A,F,F,7411,100,7411,1,0
B,F,F,1425,100,1425,1,0
C,F,F,7138,100,7138,1,0
D,F,F,12893,100,12893,1,0
E,F,F,6999,100,6999,1,0
F,G,F,6890,100,6890,1,0
F,H,F,13207,100,13207,1,0
A,G,G,7599,100,7599,1,0
B,G,G,6765,100,6765,1,0
C,G,G,1353,100,1353,1,0
D,G,G,6816,100,6816,1,0
E,G,G,7309,100,7309,1,0
F,G,G,6869,100,6869,1,0
G,H,G,7047,100,7047,1,0
A,H,H,9713,100,9713,1,0
B,H,H,13076,100,13076,1,0
C,H,H,7118,100,7118,1,0
D,H,H,1470,100,1470,1,0
E,H,H,9646,100,9646,1,0
F,H,H,13238,100,13238,1,0
G,H,H,7038,100,7038,1,0
A,B,A,7141,100,7141,1,0
A,C,A,7553,100,7553,1,0
A,D,A,9205,100,9205,1,0
A,E,A,1353,100,1353,1,0
A,F,A,7419,100,7419,1,0
A,G,A,7588,100,7588,1,0
A,H,A,9728,100,9728,1,0
A,B,B,7152,100,7152,1,0
B,C,B,6724,100,6724,1,0
B,D,B,12516,100,12516,1,0
B,E,B,7028,100,7028,1,0
B,F,B,1401,100,1401,1,0
B,G,B,6754,100,6754,1,0
B,H,B,13030,100,13030,1,0
A,C,C,7571,100,7571,1,0
B,C,C,6703,100,6703,1,0
C,D,C,6606,100,6606,1,0
C,E,C,7560,100,7560,1,0
C,F,C,7121,100,7121,1,0
C,G,C,1375,100,1375,1,0
C,H,C,7092,100,7092,1,0
A,D,D,9191,100,9191,1,0
B,D,D,12497,100,12497,1,0
C,D,D,6603,100,6603,1,0
D,E,D,9332,100,9332,1,0
D,F,D,12897,100,12897,1,0
D,G,D,6814,100,6814,1,0
D,H,D,1442,100,1442,1,0
A,E,E,1431,100,1431,1,0
B,E,E,7034,100,7034,1,0
C,E,E,7541,100,7541,1,0
D,E,E,9365,100,9365,1,0
E,F,E,6981,100,6981,1,0
E,G,E,7316,100,7316,1,0
E,H,E,9627,100,9627,1,0
A,F,F,7358,100,7358,1,0
B,F,F,1453,100,1453,1,0
C,F,F,7093,100,7093,1,0
D,F,F,12857,100,12857,1,0
E,F,F,6992,100,6992,1,0
F,G,F,6894,100,6894,1,0
F,H,F,13201,100,13201,1,0
A,G,G,7595,100,7595,1,0
B,G,G,6792,100,6792,1,0
C,G,G,1351,100,1351,1,0
D,G,G,6785,100,6785,1,0
E,G,G,7316,100,7316,1,0
F,G,G,6889,100,6889,1,0
G,H,G,7019,100,7019,1,0
A,H,H,9658,100,9658,1,0
B,H,H,13030,100,13030,1,0
C,H,H,7108,100,7108,1,0
D,H,H,1465,100,1465,1,0
E,H,H,9658,100,9658,1,0
F,H,H,13245,100,13245,1,0
G,H,H,7067,100,7067,1,0
A,B,A,7166,100,7166,1,0
A,C,A,7591,100,7591,1,0
A,D,A,9209,100,9209,1,0
A,E,A,1395,100,1395,1,0
A,F,A,7382,100,7382,1,0
A,G,A,7568,100,7568,1,0
A,H,A,9743,100,9743,1,0
A,B,B,7154,100,7154,1,0
B,C,B,6752,100,6752,1,0
B,D,B,12506,100,12506,1,0
B,E,B,7071,100,7071,1,0
B,F,B,1426,100,1426,1,0
B,G,B,6739,100,6739,1,0
B,H,B,13058,100,13058,1,0
A,C,C,7580,100,7580,1,0
B,C,C,6701,100,6701,1,0
C,D,C,6645,100,6645,1,0
C,E,C,7572,100,7572,1,0
C,F,C,7145,100,7145,1,0
C,G,C,1393,100,1393,1,0
C,H,C,7101,100,7101,1,0
A,D,D,9194,100,9194,1,0
B,D,D,12546,100,12546,1,0
C,D,D,6628,100,6628,1,0
D,E,D,9383,100,9383,1,0
D,F,D,12899,100,12899,1,0
D,G,D,6823,100,6823,1,0
D,H,D,1431,100,1431,1,0
A,E,E,1349,100,1349,1,0
B,E,E,7049,100,7049,1,0
C,E,E,7542,100,7542,1,0
D,E,E,9386,100,9386,1,0
E,F,E,6995,100,6995,1,0
E,G,E,7298,100,7298,1,0
E,H,E,9656,100,9656,1,0
A,F,F,7358,100,7358,1,0
B,F,F,1396,100,1396,1,0
C,F,F,7127,100,7127,1,0
D,F,F,12906,100,12906,1,0
E,F,F,7001,100,7001,1,0
F,G,F,6879,100,6879,1,0
F,H,F,13213,100,13213,1,0
A,G,G,7602,100,7602,1,0
B,G,G,6761,100,6761,1,0
C,G,G,1340,100,1340,1,0
D,G,G,6842,100,6842,1,0
E,G,G,7322,100,7322,1,0
F,G,G,6862,100,6862,1,0
G,H,G,7037,100,7037,1,0
A,H,H,9706,100,9706,1,0
B,H,H,13030,100,13030,1,0
C,H,H,7067,100,7067,1,0
D,H,H,1446,100,1446,1,0
E,H,H,9654,100,9654,1,0
F,H,H,13244,100,13244,1,0
G,H,H,7058,100,7058,1,0
A,B,A,7119,100,7119,1,0
A,C,A,7537,100,7537,1,0
A,D,A,9210,100,9210,1,0
A,E,A,1361,100,1361,1,0
A,F,A,7385,100,7385,1,0
A,G,A,7594,100,7594,1,0
A,H,A,9725,100,9725,1,0
A,B,B,7156,100,7156,1,0
B,C,B,6686,100,6686,1,0
B,D,B,12475,100,12475,1,0
B,E,B,7057,100,7057,1,0
B,F,B,1434,100,1434,1,0
B,G,B,6749,100,6749,1,0
B,H,B,13042,100,13042,1,0
A,C,C,7620,100,7620,1,0
B,C,C,6700,100,6700,1,0
C,D,C,6622,100,6622,1,0
C,E,C,7539,100,7539,1,0
C,F,C,7116,100,7116,1,0
C,G,C,1368,100,1368,1,0
C,H,C,7091,100,7091,1,0
A,D,D,9188,100,9188,1,0
B,D,D,12560,100,12560,1,0
C,D,D,6616,100,6616,1,0
D,E,D,9432,100,9432,1,0
D,F,D,12871,100,12871,1,0
D,G,D,6803,100,6803,1,0
D,H,D,1456,100,1456,1,0
A,E,E,1413,100,1413,1,0
B,E,E,7082,100,7082,1,0
C,E,E,7591,100,7591,1,0
D,E,E,9420,100,9420,1,0
E,F,E,6986,100,6986,1,0
E,G,E,7318,100,7318,1,0
E,H,E,9694,100,9694,1,0
A,F,F,7403,100,7403,1,0
B,F,F,1422,100,1422,1,0
C,F,F,7141,100,7141,1,0
D,F,F,12865,100,12865,1,0
E,F,F,6977,100,6977,1,0
F,G,F,6895,100,6895,1,0
F,H,F,13205,100,13205,1,0
A,G,G,7616,100,7616,1,0
B,G,G,6759,100,6759,1,0
C,G,G,1321,100,1321,1,0
D,G,G,6800,100,6800,1,0
E,G,G,7325,100,7325,1,0
F,G,G,6895,100,6895,1,0
G,H,G,7037,100,7037,1,0
A,H,H,9687,100,9687,1,0
B,H,H,13023,100,13023,1,0
C,H,H,7100,100,7100,1,0
D,H,H,1466,100,1466,1,0
E,H,H,9663,100,9663,1,0
F,H,H,13216,100,13216,1,0
G,H,H,7044,100,7044,1,0
A,B,A,7135,100,7135,1,0
A,C,A,7569,100,7569,1,0
A,D,A,9180,100,9180,1,0
A,E,A,1380,100,1380,1,0
A,F,A,7389,100,7389,1,0
A,G,A,7556,100,7556,1,0
A,H,A,9702,100,9702,1,0
A,B,B,7166,100,7166,1,0
B,C,B,6716,100,6716,1,0
B,D,B,12530,100,12530,1,0
B,E,B,7055,100,7055,1,0
B,F,B,1426,100,1426,1,0
B,G,B,6747,100,6747,1,0
B,H,B,13016,100,13016,1,0
A,C,C,7604,100,7604,1,0
B,C,C,6700,100,6700,1,0
C,D,C,6615,100,6615,1,0
C,E,C,7575,100,7575,1,0
C,F,C,7107,100,7107,1,0
C,G,C,1317,100,1317,1,0
C,H,C,7146,100,7146,1,0
A,D,D,9188,100,9188,1,0
B,D,D,12548,100,12548,1,0
C,D,D,6608,100,6608,1,0
D,E,D,9361,100,9361,1,0
D,F,D,12853,100,12853,1,0
D,G,D,6810,100,6810,1,0
D,H,D,1483,100,1483,1,0
A,E,E,1383,100,1383,1,0
B,E,E,7026,100,7026,1,0
C,E,E,7568,100,7568,1,0
D,E,E,9352,100,9352,1,0
E,F,E,7013,100,7013,1,0
E,G,E,7299,100,7299,1,0
E,H,E,9661,100,9661,1,0
A,F,F,7383,100,7383,1,0
B,F,F,1394,100,1394,1,0
C,F,F,7100,100,7100,1,0
D,F,F,12891,100,12891,1,0
E,F,F,7029,100,7029,1,0
F,G,F,6885,100,6885,1,0
F,H,F,13278,100,13278,1,0
A,G,G,7623,100,7623,1,0
B,G,G,6745,100,6745,1,0
C,G,G,1396,100,1396,1,0
D,G,G,6853,100,6853,1,0
E,G,G,7301,100,7301,1,0
F,G,G,6878,100,6878,1,0
G,H,G,7036,100,7036,1,0
A,H,H,9685,100,9685,1,0
B,H,H,13062,100,13062,1,0
C,H,H,7075,100,7075,1,0
D,H,H,1446,100,1446,1,0
E,H,H,9646,100,9646,1,0
F,H,H,13224,100,13224,1,0
G,H,H,7090,100,7090,1,0
A,B,A,7135,100,7135,1,0
A,C,A,7568,100,7568,1,0
A,D,A,9203,100,9203,1,0
A,E,A,1362,100,1362,1,0
A,F,A,7394,100,7394,1,0
A,G,A,7600,100,7600,1,0
A,H,A,9682,100,9682,1,0
A,B,B,7165,100,7165,1,0
B,C,B,6743,100,6743,1,0
B,D,B,12523,100,12523,1,0
B,E,B,7038,100,7038,1,0
B,F,B,1398,100,1398,1,0
B,G,B,6738,100,6738,1,0
B,H,B,13025,100,13025,1,0
A,C,C,7573,100,7573,1,0
B,C,C,6742,100,6742,1,0
C,D,C,6623,100,6623,1,0
C,E,C,7559,100,7559,1,0
C,F,C,7114,100,7114,1,0
C,G,C,1340,100,1340,1,0
C,H,C,7099,100,7099,1,0
A,D,D,9191,100,9191,1,0
B,D,D,12568,100,12568,1,0
C,D,D,6591,100,6591,1,0
D,E,D,9307,100,9307,1,0
D,F,D,12870,100,12870,1,0
D,G,D,6800,100,6800,1,0
D,H,D,1479,100,1479,1,0
A,E,E,1377,100,1377,1,0
B,E,E,7059,100,7059,1,0
C,E,E,7547,100,7547,1,0
D,E,E,9370,100,9370,1,0
E,F,E,6994,100,6994,1,0
E,G,E,7326,100,7326,1,0
E,H,E,9691,100,9691,1,0
A,F,F,7385,100,7385,1,0
B,F,F,1471,100,1471,1,0
C,F,F,7111,100,7111,1,0
D,F,F,12852,100,12852,1,0
E,F,F,6997,100,6997,1,0
F,G,F,6858,100,6858,1,0
F,H,F,13224,100,13224,1,0
A,G,G,7584,100,7584,1,0
B,G,G,6761,100,6761,1,0
C,G,G,1395,100,1395,1,0
D,G,G,6807,100,6807,1,0
E,G,G,7302,100,7302,1,0
F,G,G,6862,100,6862,1,0
G,H,G,7026,100,7026,1,0
A,H,H,9705,100,9705,1,0
B,H,H,13060,100,13060,1,0
C,H,H,7119,100,7119,1,0
D,H,H,1452,100,1452,1,0
E,H,H,9633,100,9633,1,0
F,H,H,13233,100,13233,1,0
G,H,H,7053,100,7053,1,0
A,B,A,7123,100,7123,1,0
A,C,A,7577,100,7577,1,0
A,D,A,9194,100,9194,1,0
A,E,A,1368,100,1368,1,0
A,F,A,7332,100,7332,1,0
A,G,A,7540,100,7540,1,0
A,H,A,9646,100,9646,1,0
A,B,B,7116,100,7116,1,0
B,C,B,6696,100,6696,1,0
B,D,B,12509,100,12509,1,0
B,E,B,7024,100,7024,1,0
B,F,B,1420,100,1420,1,0
B,G,B,6796,100,6796,1,0
B,H,B,13074,100,13074,1,0
A,C,C,7551,100,7551,1,0
B,C,C,6722,100,6722,1,0
C,D,C,6631,100,6631,1,0
C,E,C,7560,100,7560,1,0
C,F,C,7142,100,7142,1,0
C,G,C,1336,100,1336,1,0
C,H,C,7117,100,7117,1,0
A,D,D,9195,100,9195,1,0
B,D,D,12531,100,12531,1,0
C,D,D,6613,100,6613,1,0
D,E,D,9312,100,9312,1,0
D,F,D,12925,100,12925,1,0
D,G,D,6807,100,6807,1,0
D,H,D,1458,100,1458,1,0
A,E,E,1365,100,1365,1,0
B,E,E,7052,100,7052,1,0
C,E,E,7591,100,7591,1,0
D,E,E,9378,100,9378,1,0
E,F,E,6998,100,6998,1,0
E,G,E,7308,100,7308,1,0
E,H,E,9675,100,9675,1,0
A,F,F,7343,100,7343,1,0
B,F,F,1464,100,1464,1,0
C,F,F,7114,100,7114,1,0
D,F,F,12869,100,12869,1,0
E,F,F,7010,100,7010,1,0
F,G,F,6895,100,6895,1,0
F,H,F,13261,100,13261,1,0
A,G,G,7547,100,7547,1,0
B,G,G,6749,100,6749,1,0
C,G,G,1380,100,1380,1,0
D,G,G,6811,100,6811,1,0
E,G,G,7315,100,7315,1,0
F,G,G,6898,100,6898,1,0
G,H,G,7041,100,7041,1,0
A,H,H,9698,100,9698,1,0
B,H,H,13067,100,13067,1,0
C,H,H,7098,100,7098,1,0
D,H,H,1408,100,1408,1,0
E,H,H,9680,100,9680,1,0
F,H,H,13236,100,13236,1,0
G,H,H,7034,100,7034,1,0
A,B,A,7160,100,7160,1,0
A,C,A,7581,100,7581,1,0
A,D,A,9206,100,9206,1,0
A,E,A,1386,100,1386,1,0
A,F,A,7392,100,7392,1,0
A,G,A,7619,100,7619,1,0
A,H,A,9656,100,9656,1,0
A,B,B,7150,100,7150,1,0
B,C,B,6679,100,6679,1,0
B,D,B,12503,100,12503,1,0
B,E,B,7080,100,7080,1,0
B,F,B,1467,100,1467,1,0
B,G,B,6736,100,6736,1,0
B,H,B,12994,100,12994,1,0
A,C,C,7578,100,7578,1,0
B,C,C,6714,100,6714,1,0
C,D,C,6622,100,6622,1,0
C,E,C,7507,100,7507,1,0
C,F,C,7104,100,7104,1,0
C,G,C,1392,100,1392,1,0
C,H,C,7072,100,7072,1,0
A,D,D,9210,100,9210,1,0
B,D,D,12542,100,12542,1,0
C,D,D,6604,100,6604,1,0
D,E,D,9354,100,9354,1,0
D,F,D,12886,100,12886,1,0
D,G,D,6828,100,6828,1,0
D,H,D,1457,100,1457,1,0
A,E,E,1424,100,1424,1,0
B,E,E,7014,100,7014,1,0
C,E,E,7555,100,7555,1,0
D,E,E,9387,100,9387,1,0
E,F,E,7004,100,7004,1,0
E,G,E,7365,100,7365,1,0
E,H,E,9676,100,9676,1,0
A,F,F,7368,100,7368,1,0
B,F,F,1416,100,1416,1,0
C,F,F,7112,100,7112,1,0
D,F,F,12856,100,12856,1,0
E,F,F,6978,100,6978,1,0
F,G,F,6884,100,6884,1,0
F,H,F,13185,100,13185,1,0
A,G,G,7584,100,7584,1,0
B,G,G,6784,100,6784,1,0
C,G,G,1357,100,1357,1,0
D,G,G,6789,100,6789,1,0
E,G,G,7307,100,7307,1,0
F,G,G,6882,100,6882,1,0
G,H,G,7050,100,7050,1,0
A,H,H,9658,100,9658,1,0
B,H,H,13019,100,13019,1,0
C,H,H,7126,100,7126,1,0
D,H,H,1438,100,1438,1,0
E,H,H,9681,100,9681,1,0
F,H,H,13235,100,13235,1,0
G,H,H,7026,100,7026,1,0
A,B,A,7148,100,7148,1,0
A,C,A,7559,100,7559,1,0
A,D,A,9201,100,9201,1,0
A,E,A,1392,100,1392,1,0
A,F,A,7368,100,7368,1,0
A,G,A,7565,100,7565,1,0
A,H,A,9716,100,9716,1,0
A,B,B,7195,100,7195,1,0
B,C,B,6732,100,6732,1,0
B,D,B,12517,100,12517,1,0
B,E,B,7031,100,7031,1,0
B,F,B,1448,100,1448,1,0
B,G,B,6746,100,6746,1,0
B,H,B,13021,100,13021,1,0
A,C,C,7584,100,7584,1,0
B,C,C,6712,100,6712,1,0
C,D,C,6609,100,6609,1,0
C,E,C,7508,100,7508,1,0
C,F,C,7146,100,7146,1,0
C,G,C,1396,100,1396,1,0
C,H,C,7104,100,7104,1,0
A,D,D,9182,100,9182,1,0
B,D,D,12533,100,12533,1,0
C,D,D,6636,100,6636,1,0
D,E,D,9370,100,9370,1,0
D,F,D,12866,100,12866,1,0
D,G,D,6826,100,6826,1,0
D,H,D,1391,100,1391,1,0
A,E,E,1349,100,1349,1,0
B,E,E,7018,100,7018,1,0
C,E,E,7533,100,7533,1,0
D,E,E,9363,100,9363,1,0
E,F,E,7005,100,7005,1,0
E,G,E,7314,100,7314,1,0
E,H,E,9640,100,9640,1,0
A,F,F,7439,100,7439,1,0
B,F,F,1419,100,1419,1,0
C,F,F,7114,100,7114,1,0
D,F,F,12859,100,12859,1,0
E,F,F,7008,100,7008,1,0
F,G,F,6876,100,6876,1,0
F,H,F,13208,100,13208,1,0
A,G,G,7599,100,7599,1,0
B,G,G,6745,100,6745,1,0
C,G,G,1367,100,1367,1,0
D,G,G,6790,100,6790,1,0
E,G,G,7308,100,7308,1,0
F,G,G,6882,100,6882,1,0
G,H,G,7050,100,7050,1,0
A,H,H,9728,100,9728,1,0
B,H,H,13063,100,13063,1,0
C,H,H,7115,100,7115,1,0
D,H,H,1446,100,1446,1,0
E,H,H,9653,100,9653,1,0
F,H,H,13258,100,13258,1,0
G,H,H,7025,100,7025,1,0
A,B,A,7141,100,7141,1,0
A,C,A,7604,100,7604,1,0
A,D,A,9211,100,9211,1,0
A,E,A,1382,100,1382,1,0
A,F,A,7374,100,7374,1,0
A,G,A,7595,100,7595,1,0
A,H,A,9725,100,9725,1,0
A,B,B,7138,100,7138,1,0
B,C,B,6747,100,6747,1,0
B,D,B,12487,100,12487,1,0
B,E,B,7062,100,7062,1,0
B,F,B,1420,100,1420,1,0
B,G,B,6759,100,6759,1,0
B,H,B,13036,100,13036,1,0
A,C,C,7515,100,7515,1,0
B,C,C,6706,100,6706,1,0
C,D,C,6632,100,6632,1,0
C,E,C,7600,100,7600,1,0
C,F,C,7145,100,7145,1,0
C,G,C,1337,100,1337,1,0
C,H,C,7178,100,7178,1,0
A,D,D,9182,100,9182,1,0
B,D,D,12506,100,12506,1,0
C,D,D,6619,100,6619,1,0
D,E,D,9399,100,9399,1,0
D,F,D,12855,100,12855,1,0
D,G,D,6811,100,6811,1,0
D,H,D,1428,100,1428,1,0
A,E,E,1419,100,1419,1,0
B,E,E,7051,100,7051,1,0
C,E,E,7497,100,7497,1,0
D,E,E,9347,100,9347,1,0
E,F,E,6992,100,6992,1,0
E,G,E,7301,100,7301,1,0
E,H,E,9682,100,9682,1,0
A,F,F,7385,100,7385,1,0
B,F,F,1434,100,1434,1,0
C,F,F,7125,100,7125,1,0
D,F,F,12862,100,12862,1,0
E,F,F,6998,100,6998,1,0
F,G,F,6894,100,6894,1,0
F,H,F,13261,100,13261,1,0
A,G,G,7620,100,7620,1,0
B,G,G,6781,100,6781,1,0
C,G,G,1362,100,1362,1,0
D,G,G,6819,100,6819,1,0
E,G,G,7298,100,7298,1,0
F,G,G,6898,100,6898,1,0
G,H,G,7061,100,7061,1,0
A,H,H,9717,100,9717,1,0
B,H,H,13068,100,13068,1,0
C,H,H,7123,100,7123,1,0
D,H,H,1423,100,1423,1,0
E,H,H,9640,100,9640,1,0
F,H,H,13252,100,13252,1,0
G,H,H,7064,100,7064,1,0
A,B,A,7191,100,7191,1,0
A,C,A,7585,100,7585,1,0
A,D,A,9194,100,9194,1,0
A,E,A,1346,100,1346,1,0
A,F,A,7393,100,7393,1,0
A,G,A,7573,100,7573,1,0
A,H,A,9689,100,9689,1,0
A,B,B,7121,100,7121,1,0
B,C,B,6715,100,6715,1,0
B,D,B,12540,100,12540,1,0
B,E,B,7035,100,7035,1,0
B,F,B,1454,100,1454,1,0
B,G,B,6736,100,6736,1,0
B,H,B,13102,100,13102,1,0
A,C,C,7568,100,7568,1,0
B,C,C,6729,100,6729,1,0
C,D,C,6616,100,6616,1,0
C,E,C,7564,100,7564,1,0
C,F,C,7107,100,7107,1,0
C,G,C,1352,100,1352,1,0
C,H,C,7110,100,7110,1,0
A,D,D,9198,100,9198,1,0
B,D,D,12513,100,12513,1,0
C,D,D,6591,100,6591,1,0
D,E,D,9377,100,9377,1,0
D,F,D,12914,100,12914,1,0
D,G,D,6818,100,6818,1,0
D,H,D,1440,100,1440,1,0
A,E,E,1365,100,1365,1,0
B,E,E,7043,100,7043,1,0
C,E,E,7603,100,7603,1,0
D,E,E,9360,100,9360,1,0
E,F,E,7016,100,7016,1,0
E,G,E,7307,100,7307,1,0
E,H,E,9666,100,9666,1,0
A,F,F,7423,100,7423,1,0
B,F,F,1406,100,1406,1,0
C,F,F,7125,100,7125,1,0
D,F,F,12900,100,12900,1,0
E,F,F,7014,100,7014,1,0
F,G,F,6895,100,6895,1,0
F,H,F,13202,100,13202,1,0
A,G,G,7588,100,7588,1,0
B,G,G,6739,100,6739,1,0
C,G,G,1315,100,1315,1,0
D,G,G,6804,100,6804,1,0
E,G,G,7284,100,7284,1,0
F,G,G,6842,100,6842,1,0
G,H,G,7057,100,7057,1,0
A,H,H,9715,100,9715,1,0
B,H,H,13064,100,13064,1,0
C,H,H,7108,100,7108,1,0
D,H,H,1494,100,1494,1,0
E,H,H,9640,100,9640,1,0
F,H,H,13253,100,13253,1,0
G,H,H,7066,100,7066,1,0
A,B,A,7141,100,7141,1,0
A,C,A,7587,100,7587,1,0
A,D,A,9212,100,9212,1,0
A,E,A,1392,100,1392,1,0
A,F,A,7360,100,7360,1,0
A,G,A,7613,100,7613,1,0
A,H,A,9745,100,9745,1,0
A,B,B,7155,100,7155,1,0
B,C,B,6709,100,6709,1,0
B,D,B,12573,100,12573,1,0
B,E,B,7043,100,7043,1,0
B,F,B,1416,100,1416,1,0
B,G,B,6741,100,6741,1,0
B,H,B,13039,100,13039,1,0
A,C,C,7549,100,7549,1,0
B,C,C,6685,100,6685,1,0
C,D,C,6602,100,6602,1,0
C,E,C,7520,100,7520,1,0
C,F,C,7155,100,7155,1,0
C,G,C,1370,100,1370,1,0
C,H,C,7078,100,7078,1,0
A,D,D,9189,100,9189,1,0
B,D,D,12513,100,12513,1,0
C,D,D,6635,100,6635,1,0
D,E,D,9318,100,9318,1,0
D,F,D,12888,100,12888,1,0
D,G,D,6835,100,6835,1,0
D,H,D,1475,100,1475,1,0
A,E,E,1347,100,1347,1,0
B,E,E,7049,100,7049,1,0
C,E,E,7518,100,7518,1,0
D,E,E,9383,100,9383,1,0
E,F,E,6971,100,6971,1,0
E,G,E,7289,100,7289,1,0
E,H,E,9641,100,9641,1,0
A,F,F,7398,100,7398,1,0
B,F,F,1431,100,1431,1,0
C,F,F,7113,100,7113,1,0
D,F,F,12893,100,12893,1,0
E,F,F,7006,100,7006,1,0
F,G,F,6886,100,6886,1,0
F,H,F,13196,100,13196,1,0
A,G,G,7613,100,7613,1,0
B,G,G,6744,100,6744,1,0
C,G,G,1360,100,1360,1,0
D,G,G,6861,100,6861,1,0
E,G,G,7325,100,7325,1,0
F,G,G,6864,100,6864,1,0
G,H,G,7077,100,7077,1,0
A,H,H,9769,100,9769,1,0
B,H,H,12992,100,12992,1,0
C,H,H,7070,100,7070,1,0
D,H,H,1502,100,1502,1,0
E,H,H,9660,100,9660,1,0
F,H,H,13241,100,13241,1,0
G,H,H,7058,100,7058,1,0
A,B,A,7131,100,7131,1,0
A,C,A,7590,100,7590,1,0
A,D,A,9198,100,9198,1,0
A,E,A,1351,100,1351,1,0
A,F,A,7350,100,7350,1,0
A,G,A,7614,100,7614,1,0
A,H,A,9702,100,9702,1,0
A,B,B,7155,100,7155,1,0
B,C,B,6719,100,6719,1,0
B,D,B,12509,100,12509,1,0
B,E,B,7059,100,7059,1,0
B,F,B,1441,100,1441,1,0
B,G,B,6766,100,6766,1,0
B,H,B,13044,100,13044,1,0
A,C,C,7631,100,7631,1,0
B,C,C,6746,100,6746,1,0
C,D,C,6634,100,6634,1,0
C,E,C,7543,100,7543,1,0
C,F,C,7091,100,7091,1,0
C,G,C,1390,100,1390,1,0
C,H,C,7138,100,7138,1,0
A,D,D,9187,100,9187,1,0
B,D,D,12553,100,12553,1,0
C,D,D,6602,100,6602,1,0
D,E,D,9365,100,9365,1,0
D,F,D,12866,100,12866,1,0
D,G,D,6797,100,6797,1,0
D,H,D,1445,100,1445,1,0
A,E,E,1342,100,1342,1,0
B,E,E,7068,100,7068,1,0
C,E,E,7539,100,7539,1,0
D,E,E,9361,100,9361,1,0
E,F,E,6953,100,6953,1,0
E,G,E,7299,100,7299,1,0
E,H,E,9646,100,9646,1,0
A,F,F,7373,100,7373,1,0
B,F,F,1419,100,1419,1,0
C,F,F,7120,100,7120,1,0
D,F,F,12858,100,12858,1,0
E,F,F,7020,100,7020,1,0
F,G,F,6856,100,6856,1,0
F,H,F,13194,100,13194,1,0
A,G,G,7616,100,7616,1,0
B,G,G,6757,100,6757,1,0
C,G,G,1398,100,1398,1,0
D,G,G,6803,100,6803,1,0
E,G,G,7317,100,7317,1,0
F,G,G,6926,100,6926,1,0
G,H,G,7024,100,7024,1,0
A,H,H,9713,100,9713,1,0
B,H,H,13035,100,13035,1,0
C,H,H,7114,100,7114,1,0
D,H,H,1437,100,1437,1,0
E,H,H,9663,100,9663,1,0
F,H,H,13213,100,13213,1,0
G,H,H,7091,100,7091,1,0
A,B,A,7147,100,7147,1,0
A,C,A,7583,100,7583,1,0
A,D,A,9199,100,9199,1,0
A,E,A,1375,100,1375,1,0
A,F,A,7394,100,7394,1,0
A,G,A,7593,100,7593,1,0
A,H,A,9729,100,9729,1,0
A,B,B,7103,100,7103,1,0
B,C,B,6745,100,6745,1,0
B,D,B,12543,100,12543,1,0
B,E,B,7058,100,7058,1,0
B,F,B,1454,100,1454,1,0
B,G,B,6738,100,6738,1,0
B,H,B,13006,100,13006,1,0
A,C,C,7543,100,7543,1,0
B,C,C,6721,100,6721,1,0
C,D,C,6613,100,6613,1,0
C,E,C,7562,100,7562,1,0
C,F,C,7121,100,7121,1,0
C,G,C,1380,100,1380,1,0
C,H,C,7071,100,7071,1,0
A,D,D,9211,100,9211,1,0
B,D,D,12528,100,12528,1,0
C,D,D,6609,100,6609,1,0
D,E,D,9349,100,9349,1,0
D,F,D,12853,100,12853,1,0
D,G,D,6817,100,6817,1,0
D,H,D,1437,100,1437,1,0
A,E,E,1412,100,1412,1,0
B,E,E,7069,100,7069,1,0
C,E,E,7530,100,7530,1,0
D,E,E,9353,100,9353,1,0
E,F,E,6988,100,6988,1,0
E,G,E,7318,100,7318,1,0
E,H,E,9652,100,9652,1,0
A,F,F,7394,100,7394,1,0
B,F,F,1430,100,1430,1,0
C,F,F,7135,100,7135,1,0
D,F,F,12875,100,12875,1,0
E,F,F,6983,100,6983,1,0
F,G,F,6919,100,6919,1,0
F,H,F,13230,100,13230,1,0
A,G,G,7604,100,7604,1,0
B,G,G,6756,100,6756,1,0
C,G,G,1376,100,1376,1,0
D,G,G,6803,100,6803,1,0
E,G,G,7313,100,7313,1,0
F,G,G,6883,100,6883,1,0
G,H,G,7007,100,7007,1,0
A,H,H,9695,100,9695,1,0
B,H,H,12971,100,12971,1,0
C,H,H,7145,100,7145,1,0
D,H,H,1414,100,1414,1,0
E,H,H,9659,100,9659,1,0
F,H,H,13249,100,13249,1,0
G,H,H,7009,100,7009,1,0
A,B,A,7170,100,7170,1,0
A,C,A,7645,100,7645,1,0
A,D,A,9202,100,9202,1,0
A,E,A,1365,100,1365,1,0
A,F,A,7427,100,7427,1,0
A,G,A,7600,100,7600,1,0
A,H,A,9683,100,9683,1,0
A,B,B,7176,100,7176,1,0
B,C,B,6708,100,6708,1,0
B,D,B,12513,100,12513,1,0
B,E,B,7080,100,7080,1,0
B,F,B,1423,100,1423,1,0
B,G,B,6787,100,6787,1,0
B,H,B,13023,100,13023,1,0
A,C,C,7580,100,7580,1,0
B,C,C,6756,100,6756,1,0
C,D,C,6604,100,6604,1,0
C,E,C,7564,100,7564,1,0
C,F,C,7096,100,7096,1,0
C,G,C,1360,100,1360,1,0
C,H,C,7095,100,7095,1,0
A,D,D,9207,100,9207,1,0
B,D,D,12489,100,12489,1,0
C,D,D,6600,100,6600,1,0
D,E,D,9331,100,9331,1,0
D,F,D,12868,100,12868,1,0
D,G,D,6782,100,6782,1,0
D,H,D,1462,100,1462,1,0
A,E,E,1355,100,1355,1,0
B,E,E,7016,100,7016,1,0
C,E,E,7554,100,7554,1,0
D,E,E,9281,100,9281,1,0
E,F,E,6988,100,6988,1,0
E,G,E,7310,100,7310,1,0
E,H,E,9633,100,9633,1,0
A,F,F,7373,100,7373,1,0
B,F,F,1436,100,1436,1,0
C,F,F,7104,100,7104,1,0
D,F,F,12852,100,12852,1,0
E,F,F,6971,100,6971,1,0
F,G,F,6892,100,6892,1,0
F,H,F,13251,100,13251,1,0
A,G,G,7522,100,7522,1,0
B,G,G,6743,100,6743,1,0
C,G,G,1366,100,1366,1,0
D,G,G,6818,100,6818,1,0
E,G,G,7338,100,7338,1,0
F,G,G,6878,100,6878,1,0
G,H,G,7027,100,7027,1,0
A,H,H,9691,100,9691,1,0
B,H,H,13031,100,13031,1,0
C,H,H,7114,100,7114,1,0
D,H,H,1444,100,1444,1,0
E,H,H,9635,100,9635,1,0
F,H,H,13223,100,13223,1,0
G,H,H,7039,100,7039,1,0
A,B,A,7180,100,7180,1,0
A,C,A,7534,100,7534,1,0
A,D,A,9228,100,9228,1,0
A,E,A,1380,100,1380,1,0
A,F,A,7442,100,7442,1,0
A,G,A,7598,100,7598,1,0
A,H,A,9724,100,9724,1,0
A,B,B,7133,100,7133,1,0
B,C,B,6710,100,6710,1,0
B,D,B,12559,100,12559,1,0
B,E,B,7034,100,7034,1,0
B,F,B,1447,100,1447,1,0
B,G,B,6766,100,6766,1,0
B,H,B,13051,100,13051,1,0
A,C,C,7564,100,7564,1,0
B,C,C,6737,100,6737,1,0
C,D,C,6639,100,6639,1,0
C,E,C,7540,100,7540,1,0
C,F,C,7128,100,7128,1,0
C,G,C,1342,100,1342,1,0
C,H,C,7125,100,7125,1,0
A,D,D,9198,100,9198,1,0
B,D,D,12520,100,12520,1,0
C,D,D,6616,100,6616,1,0
D,E,D,9318,100,9318,1,0
D,F,D,12860,100,12860,1,0
D,G,D,6795,100,6795,1,0
D,H,D,1447,100,1447,1,0
A,E,E,1416,100,1416,1,0
B,E,E,7059,100,7059,1,0
C,E,E,7560,100,7560,1,0
D,E,E,9353,100,9353,1,0
E,F,E,7010,100,7010,1,0
E,G,E,7307,100,7307,1,0
E,H,E,9642,100,9642,1,0
A,F,F,7419,100,7419,1,0
B,F,F,1453,100,1453,1,0
C,F,F,7103,100,7103,1,0
D,F,F,12860,100,12860,1,0
E,F,F,6971,100,6971,1,0
F,G,F,6852,100,6852,1,0
F,H,F,13237,100,13237,1,0
A,G,G,7573,100,7573,1,0
B,G,G,6758,100,6758,1,0
C,G,G,1351,100,1351,1,0
D,G,G,6827,100,6827,1,0
E,G,G,7329,100,7329,1,0
F,G,G,6891,100,6891,1,0
G,H,G,7062,100,7062,1,0
A,H,H,9703,100,9703,1,0
B,H,H,12993,100,12993,1,0
C,H,H,7161,100,7161,1,0
D,H,H,1407,100,1407,1,0
E,H,H,9661,100,9661,1,0
F,H,H,13240,100,13240,1,0
G,H,H,7056,100,7056,1,0
A,B,A,7125,100,7125,1,0
A,C,A,7608,100,7608,1,0
A,D,A,9210,100,9210,1,0
A,E,A,1344,100,1344,1,0
A,F,A,7440,100,7440,1,0
A,G,A,7620,100,7620,1,0
A,H,A,9689,100,9689,1,0
A,B,B,7195,100,7195,1,0
B,C,B,6723,100,6723,1,0
B,D,B,12536,100,12536,1,0
B,E,B,7061,100,7061,1,0
B,F,B,1427,100,1427,1,0
B,G,B,6752,100,6752,1,0
B,H,B,13008,100,13008,1,0
A,C,C,7586,100,7586,1,0
B,C,C,6706,100,6706,1,0
C,D,C,6608,100,6608,1,0
C,E,C,7537,100,7537,1,0
C,F,C,7097,100,7097,1,0
C,G,C,1372,100,1372,1,0
C,H,C,7120,100,7120,1,0
A,D,D,9188,100,9188,1,0
B,D,D,12503,100,12503,1,0
C,D,D,6587,100,6587,1,0
D,E,D,9378,100,9378,1,0
D,F,D,12840,100,12840,1,0
D,G,D,6786,100,6786,1,0
D,H,D,1511,100,1511,1,0
A,E,E,1349,100,1349,1,0
B,E,E,7022,100,7022,1,0
C,E,E,7548,100,7548,1,0
D,E,E,9361,100,9361,1,0
E,F,E,6997,100,6997,1,0
E,G,E,7279,100,7279,1,0
E,H,E,9662,100,9662,1,0
A,F,F,7386,100,7386,1,0
B,F,F,1442,100,1442,1,0
C,F,F,7127,100,7127,1,0
D,F,F,12854,100,12854,1,0
E,F,F,7005,100,7005,1,0
F,G,F,6889,100,6889,1,0
F,H,F,13237,100,13237,1,0
A,G,G,7594,100,7594,1,0
B,G,G,6755,100,6755,1,0
C,G,G,1323,100,1323,1,0
D,G,G,6839,100,6839,1,0
E,G,G,7323,100,7323,1,0
F,G,G,6865,100,6865,1,0
G,H,G,7077,100,7077,1,0
A,H,H,9689,100,9689,1,0
B,H,H,13019,100,13019,1,0
C,H,H,7130,100,7130,1,0
D,H,H,1423,100,1423,1,0
E,H,H,9675,100,9675,1,0
F,H,H,13187,100,13187,1,0
G,H,H,7050,100,7050,1,0
A,B,A,7126,100,7126,1,0
A,C,A,7528,100,7528,1,0
A,D,A,9184,100,9184,1,0
A,E,A,1361,100,1361,1,0
A,F,A,7376,100,7376,1,0
A,G,A,7606,100,7606,1,0
A,H,A,9662,100,9662,1,0
A,B,B,7160,100,7160,1,0
B,C,B,6696,100,6696,1,0
B,D,B,12504,100,12504,1,0
B,E,B,7073,100,7073,1,0
B,F,B,1422,100,1422,1,0
B,G,B,6758,100,6758,1,0
B,H,B,13108,100,13108,1,0
A,C,C,7604,100,7604,1,0
B,C,C,6748,100,6748,1,0
C,D,C,6629,100,6629,1,0
C,E,C,7547,100,7547,1,0
C,F,C,7120,100,7120,1,0
C,G,C,1388,100,1388,1,0
C,H,C,7066,100,7066,1,0
A,D,D,9212,100,9212,1,0
B,D,D,12523,100,12523,1,0
C,D,D,6604,100,6604,1,0
D,E,D,9385,100,9385,1,0
D,F,D,12916,100,12916,1,0
D,G,D,6772,100,6772,1,0
D,H,D,1486,100,1486,1,0
A,E,E,1378,100,1378,1,0
B,E,E,7044,100,7044,1,0
C,E,E,7563,100,7563,1,0
D,E,E,9358,100,9358,1,0
E,F,E,7016,100,7016,1,0
E,G,E,7327,100,7327,1,0
E,H,E,9656,100,9656,1,0
A,F,F,7384,100,7384,1,0
B,F,F,1436,100,1436,1,0
C,F,F,7119,100,7119,1,0
D,F,F,12849,100,12849,1,0
E,F,F,6979,100,6979,1,0
F,G,F,6901,100,6901,1,0
F,H,F,13237,100,13237,1,0
A,G,G,7558,100,7558,1,0
B,G,G,6802,100,6802,1,0
C,G,G,1340,100,1340,1,0
D,G,G,6795,100,6795,1,0
E,G,G,7284,100,7284,1,0
F,G,G,6912,100,6912,1,0
G,H,G,7039,100,7039,1,0
A,H,H,9700,100,9700,1,0
B,H,H,13039,100,13039,1,0
C,H,H,7105,100,7105,1,0
D,H,H,1439,100,1439,1,0
E,H,H,9659,100,9659,1,0
F,H,H,13249,100,13249,1,0
G,H,H,7034,100,7034,1,0
A,B,A,7165,100,7165,1,0
A,C,A,7597,100,7597,1,0
A,D,A,9218,100,9218,1,0
A,E,A,1395,100,1395,1,0
A,F,A,7396,100,7396,1,0
A,G,A,7527,100,7527,1,0
A,H,A,9634,100,9634,1,0
A,B,B,7143,100,7143,1,0
B,C,B,6762,100,6762,1,0
B,D,B,12528,100,12528,1,0
B,E,B,7027,100,7027,1,0
B,F,B,1420,100,1420,1,0
B,G,B,6776,100,6776,1,0
B,H,B,13057,100,13057,1,0
A,C,C,7617,100,7617,1,0
B,C,C,6706,100,6706,1,0
C,D,C,6603,100,6603,1,0
C,E,C,7560,100,7560,1,0
C,F,C,7146,100,7146,1,0
C,G,C,1332,100,1332,1,0
C,H,C,7102,100,7102,1,0
A,D,D,9210,100,9210,1,0
B,D,D,12538,100,12538,1,0
C,D,D,6612,100,6612,1,0
D,E,D,9430,100,9430,1,0
D,F,D,12883,100,12883,1,0
D,G,D,6836,100,6836,1,0
D,H,D,1438,100,1438,1,0
A,E,E,1382,100,1382,1,0
B,E,E,7026,100,7026,1,0
C,E,E,7578,100,7578,1,0
D,E,E,9324,100,9324,1,0
E,F,E,7029,100,7029,1,0
E,G,E,7306,100,7306,1,0
E,H,E,9684,100,9684,1,0
A,F,F,7324,100,7324,1,0
B,F,F,1457,100,1457,1,0
C,F,F,7127,100,7127,1,0
D,F,F,12881,100,12881,1,0
E,F,F,7035,100,7035,1,0
F,G,F,6889,100,6889,1,0
F,H,F,13200,100,13200,1,0
A,G,G,7623,100,7623,1,0
B,G,G,6776,100,6776,1,0
C,G,G,1378,100,1378,1,0
D,G,G,6827,100,6827,1,0
E,G,G,7321,100,7321,1,0
F,G,G,6879,100,6879,1,0
G,H,G,7057,100,7057,1,0
A,H,H,9671,100,9671,1,0
B,H,H,12992,100,12992,1,0
C,H,H,7084,100,7084,1,0
D,H,H,1444,100,1444,1,0
E,H,H,9645,100,9645,1,0
F,H,H,13219,100,13219,1,0
G,H,H,7064,100,7064,1,0
A,B,A,7172,100,7172,1,0
A,C,A,7558,100,7558,1,0
A,D,A,9208,100,9208,1,0
A,E,A,1415,100,1415,1,0
A,F,A,7361,100,7361,1,0
A,G,A,7548,100,7548,1,0
A,H,A,9677,100,9677,1,0
A,B,B,7103,100,7103,1,0
B,C,B,6685,100,6685,1,0
B,D,B,12570,100,12570,1,0
B,E,B,7046,100,7046,1,0
B,F,B,1441,100,1441,1,0
B,G,B,6739,100,6739,1,0
B,H,B,13047,100,13047,1,0
A,C,C,7562,100,7562,1,0
B,C,C,6719,100,6719,1,0
C,D,C,6606,100,6606,1,0
C,E,C,7564,100,7564,1,0
C,F,C,7128,100,7128,1,0
C,G,C,1346,100,1346,1,0
C,H,C,7150,100,7150,1,0
A,D,D,9201,100,9201,1,0
B,D,D,12558,100,12558,1,0
C,D,D,6654,100,6654,1,0
D,E,D,9415,100,9415,1,0
D,F,D,12839,100,12839,1,0
D,G,D,6808,100,6808,1,0
D,H,D,1406,100,1406,1,0
A,E,E,1362,100,1362,1,0
B,E,E,7037,100,7037,1,0
C,E,E,7563,100,7563,1,0
D,E,E,9367,100,9367,1,0
E,F,E,7004,100,7004,1,0
E,G,E,7319,100,7319,1,0
E,H,E,9636,100,9636,1,0
A,F,F,7352,100,7352,1,0
B,F,F,1415,100,1415,1,0
C,F,F,7126,100,7126,1,0
D,F,F,12852,100,12852,1,0
E,F,F,7009,100,7009,1,0
F,G,F,6894,100,6894,1,0
F,H,F,13229,100,13229,1,0
A,G,G,7550,100,7550,1,0
B,G,G,6753,100,6753,1,0
C,G,G,1317,100,1317,1,0
D,G,G,6821,100,6821,1,0
E,G,G,7290,100,7290,1,0
F,G,G,6915,100,6915,1,0
G,H,G,7070,100,7070,1,0
A,H,H,9675,100,9675,1,0
B,H,H,13064,100,13064,1,0
C,H,H,7137,100,7137,1,0
D,H,H,1490,100,1490,1,0
E,H,H,9651,100,9651,1,0
F,H,H,13221,100,13221,1,0
G,H,H,7035,100,7035,1,0
A,B,A,7137,100,7137,1,0
A,C,A,7612,100,7612,1,0
A,D,A,9202,100,9202,1,0
A,E,A,1350,100,1350,1,0
A,F,A,7368,100,7368,1,0
A,G,A,7581,100,7581,1,0
A,H,A,9700,100,9700,1,0
A,B,B,7182,100,7182,1,0
B,C,B,6732,100,6732,1,0
B,D,B,12536,100,12536,1,0
B,E,B,7031,100,7031,1,0
B,F,B,1432,100,1432,1,0
B,G,B,6752,100,6752,1,0
B,H,B,13102,100,13102,1,0
A,C,C,7518,100,7518,1,0
B,C,C,6723,100,6723,1,0
C,D,C,6612,100,6612,1,0
C,E,C,7562,100,7562,1,0
C,F,C,7115,100,7115,1,0
C,G,C,1361,100,1361,1,0
C,H,C,7119,100,7119,1,0
A,D,D,9170,100,9170,1,0
B,D,D,12530,100,12530,1,0
C,D,D,6601,100,6601,1,0
D,E,D,9312,100,9312,1,0
D,F,D,12902,100,12902,1,0
D,G,D,6781,100,6781,1,0
D,H,D,1431,100,1431,1,0
A,E,E,1437,100,1437,1,0
B,E,E,7032,100,7032,1,0
C,E,E,7615,100,7615,1,0
D,E,E,9333,100,9333,1,0
E,F,E,7001,100,7001,1,0
E,G,E,7307,100,7307,1,0
E,H,E,9623,100,9623,1,0
A,F,F,7371,100,7371,1,0
B,F,F,1408,100,1408,1,0
C,F,F,7099,100,7099,1,0
D,F,F,12861,100,12861,1,0
E,F,F,6975,100,6975,1,0
F,G,F,6878,100,6878,1,0
F,H,F,13210,100,13210,1,0
A,G,G,7561,100,7561,1,0
B,G,G,6805,100,6805,1,0
C,G,G,1391,100,1391,1,0
D,G,G,6805,100,6805,1,0
E,G,G,7306,100,7306,1,0
F,G,G,6895,100,6895,1,0
G,H,G,7024,100,7024,1,0
A,H,H,9663,100,9663,1,0
B,H,H,13055,100,13055,1,0
C,H,H,7125,100,7125,1,0
D,H,H,1452,100,1452,1,0
E,H,H,9677,100,9677,1,0
F,H,H,13188,100,13188,1,0
G,H,H,7029,100,7029,1,0
A,B,A,7148,100,7148,1,0
A,C,A,7579,100,7579,1,0
A,D,A,9199,100,9199,1,0
A,E,A,1360,100,1360,1,0
A,F,A,7365,100,7365,1,0
A,G,A,7589,100,7589,1,0
A,H,A,9698,100,9698,1,0
A,B,B,7125,100,7125,1,0
B,C,B,6704,100,6704,1,0
B,D,B,12518,100,12518,1,0
B,E,B,7039,100,7039,1,0
B,F,B,1419,100,1419,1,0
B,G,B,6785,100,6785,1,0
B,H,B,13093,100,13093,1,0
A,C,C,7580,100,7580,1,0
B,C,C,6694,100,6694,1,0
C,D,C,6593,100,6593,1,0
C,E,C,7567,100,7567,1,0
C,F,C,7114,100,7114,1,0
C,G,C,1336,100,1336,1,0
C,H,C,7079,100,7079,1,0
A,D,D,9203,100,9203,1,0
B,D,D,12498,100,12498,1,0
C,D,D,6594,100,6594,1,0
D,E,D,9305,100,9305,1,0
D,F,D,12910,100,12910,1,0
D,G,D,6837,100,6837,1,0
D,H,D,1415,100,1415,1,0
A,E,E,1350,100,1350,1,0
B,E,E,7080,100,7080,1,0
C,E,E,7553,100,7553,1,0
D,E,E,9351,100,9351,1,0
E,F,E,6988,100,6988,1,0
E,G,E,7294,100,7294,1,0
E,H,E,9640,100,9640,1,0
A,F,F,7402,100,7402,1,0
B,F,F,1420,100,1420,1,0
C,F,F,7126,100,7126,1,0
D,F,F,12865,100,12865,1,0
E,F,F,7011,100,7011,1,0
F,G,F,6894,100,6894,1,0
F,H,F,13204,100,13204,1,0
A,G,G,7572,100,7572,1,0
B,G,G,6790,100,6790,1,0
C,G,G,1385,100,1385,1,0
D,G,G,6820,100,6820,1,0
E,G,G,7316,100,7316,1,0
F,G,G,6891,100,6891,1,0
G,H,G,7066,100,7066,1,0
A,H,H,9692,100,9692,1,0
B,H,H,13057,100,13057,1,0
C,H,H,7120,100,7120,1,0
D,H,H,1416,100,1416,1,0
E,H,H,9659,100,9659,1,0
F,H,H,13239,100,13239,1,0
G,H,H,7018,100,7018,1,0
A,B,A,7179,100,7179,1,0
A,C,A,7601,100,7601,1,0
A,D,A,9223,100,9223,1,0
A,E,A,1360,100,1360,1,0
A,F,A,7421,100,7421,1,0
A,G,A,7578,100,7578,1,0
A,H,A,9701,100,9701,1,0
A,B,B,7152,100,7152,1,0
B,C,B,6740,100,6740,1,0
B,D,B,12527,100,12527,1,0
B,E,B,7034,100,7034,1,0
B,F,B,1389,100,1389,1,0
B,G,B,6762,100,6762,1,0
B,H,B,12993,100,12993,1,0
A,C,C,7613,100,7613,1,0
B,C,C,6705,100,6705,1,0
C,D,C,6619,100,6619,1,0
C,E,C,7563,100,7563,1,0
C,F,C,7117,100,7117,1,0
C,G,C,1376,100,1376,1,0
C,H,C,7112,100,7112,1,0
A,D,D,9202,100,9202,1,0
B,D,D,12532,100,12532,1,0
C,D,D,6609,100,6609,1,0
D,E,D,9397,100,9397,1,0
D,F,D,12865,100,12865,1,0
D,G,D,6788,100,6788,1,0
D,H,D,1439,100,1439,1,0
A,E,E,1353,100,1353,1,0
B,E,E,7055,100,7055,1,0
C,E,E,7534,100,7534,1,0
D,E,E,9313,100,9313,1,0
E,F,E,6992,100,6992,1,0
E,G,E,7355,100,7355,1,0
E,H,E,9675,100,9675,1,0
A,F,F,7356,100,7356,1,0
B,F,F,1394,100,1394,1,0
C,F,F,7100,100,7100,1,0
D,F,F,12823,100,12823,1,0
E,F,F,7004,100,7004,1,0
F,G,F,6906,100,6906,1,0
F,H,F,13280,100,13280,1,0
A,G,G,7568,100,7568,1,0
B,G,G,6740,100,6740,1,0
C,G,G,1421,100,1421,1,0
D,G,G,6832,100,6832,1,0
E,G,G,7318,100,7318,1,0
F,G,G,6906,100,6906,1,0
G,H,G,7050,100,7050,1,0
A,H,H,9696,100,9696,1,0
B,H,H,13068,100,13068,1,0
C,H,H,7121,100,7121,1,0
D,H,H,1433,100,1433,1,0
E,H,H,9683,100,9683,1,0
F,H,H,13233,100,13233,1,0
G,H,H,7006,100,7006,1,0
A,B,A,7151,100,7151,1,0
A,C,A,7588,100,7588,1,0
A,D,A,9185,100,9185,1,0
A,E,A,1362,100,1362,1,0
A,F,A,7346,100,7346,1,0
A,G,A,7578,100,7578,1,0
A,H,A,9721,100,9721,1,0
A,B,B,7142,100,7142,1,0
B,C,B,6724,100,6724,1,0
B,D,B,12529,100,12529,1,0
B,E,B,7039,100,7039,1,0
B,F,B,1373,100,1373,1,0
B,G,B,6770,100,6770,1,0
B,H,B,13002,100,13002,1,0
A,C,C,7627,100,7627,1,0
B,C,C,6748,100,6748,1,0
C,D,C,6615,100,6615,1,0
C,E,C,7540,100,7540,1,0
C,F,C,7129,100,7129,1,0
C,G,C,1364,100,1364,1,0
C,H,C,7092,100,7092,1,0
A,D,D,9189,100,9189,1,0
B,D,D,12568,100,12568,1,0
C,D,D,6586,100,6586,1,0
D,E,D,9359,100,9359,1,0
D,F,D,12880,100,12880,1,0
D,G,D,6840,100,6840,1,0
D,H,D,1441,100,1441,1,0
A,E,E,1419,100,1419,1,0
B,E,E,7009,100,7009,1,0
C,E,E,7580,100,7580,1,0
D,E,E,9380,100,9380,1,0
E,F,E,7024,100,7024,1,0
E,G,E,7313,100,7313,1,0
E,H,E,9667,100,9667,1,0
A,F,F,7368,100,7368,1,0
B,F,F,1406,100,1406,1,0
C,F,F,7140,100,7140,1,0
D,F,F,12850,100,12850,1,0
E,F,F,6991,100,6991,1,0
F,G,F,6879,100,6879,1,0
F,H,F,13213,100,13213,1,0
A,G,G,7537,100,7537,1,0
B,G,G,6755,100,6755,1,0
C,G,G,1359,100,1359,1,0
D,G,G,6832,100,6832,1,0
E,G,G,7293,100,7293,1,0
F,G,G,6868,100,6868,1,0
G,H,G,7073,100,7073,1,0
A,H,H,9775,100,9775,1,0
B,H,H,13039,100,13039,1,0
C,H,H,7101,100,7101,1,0
D,H,H,1450,100,1450,1,0
E,H,H,9670,100,9670,1,0
F,H,H,13234,100,13234,1,0
G,H,H,7040,100,7040,1,0
A,B,A,7157,100,7157,1,0
A,C,A,7553,100,7553,1,0
A,D,A,9196,100,9196,1,0
A,E,A,1340,100,1340,1,0
A,F,A,7401,100,7401,1,0
A,G,A,7599,100,7599,1,0
A,H,A,9674,100,9674,1,0
A,B,B,7182,100,7182,1,0
B,C,B,6737,100,6737,1,0
B,D,B,12567,100,12567,1,0
B,E,B,7069,100,7069,1,0
B,F,B,1420,100,1420,1,0
B,G,B,6751,100,6751,1,0
B,H,B,13089,100,13089,1,0
A,C,C,7545,100,7545,1,0
B,C,C,6717,100,6717,1,0
C,D,C,6648,100,6648,1,0
C,E,C,7524,100,7524,1,0
C,F,C,7106,100,7106,1,0
C,G,C,1329,100,1329,1,0
C,H,C,7110,100,7110,1,0
A,D,D,9201,100,9201,1,0
B,D,D,12545,100,12545,1,0
C,D,D,6639,100,6639,1,0
D,E,D,9392,100,9392,1,0
D,F,D,12865,100,12865,1,0
D,G,D,6809,100,6809,1,0
D,H,D,1402,100,1402,1,0
A,E,E,1352,100,1352,1,0
B,E,E,7043,100,7043,1,0
C,E,E,7518,100,7518,1,0
D,E,E,9281,100,9281,1,0
E,F,E,7012,100,7012,1,0
E,G,E,7306,100,7306,1,0
E,H,E,9696,100,9696,1,0
A,F,F,7372,100,7372,1,0
B,F,F,1404,100,1404,1,0
C,F,F,7132,100,7132,1,0
D,F,F,12884,100,12884,1,0
E,F,F,6995,100,6995,1,0
F,G,F,6884,100,6884,1,0
F,H,F,13222,100,13222,1,0
A,G,G,7629,100,7629,1,0
B,G,G,6761,100,6761,1,0
C,G,G,1402,100,1402,1,0
D,G,G,6841,100,6841,1,0
E,G,G,7317,100,7317,1,0
F,G,G,6867,100,6867,1,0
G,H,G,7048,100,7048,1,0
A,H,H,9716,100,9716,1,0
B,H,H,13044,100,13044,1,0
C,H,H,7126,100,7126,1,0
D,H,H,1382,100,1382,1,0
E,H,H,9695,100,9695,1,0
F,H,H,13226,100,13226,1,0
G,H,H,7057,100,7057,1,0
A,B,A,7114,100,7114,1,0
A,C,A,7582,100,7582,1,0
A,D,A,9207,100,9207,1,0
A,E,A,1374,100,1374,1,0
A,F,A,7363,100,7363,1,0
A,G,A,7573,100,7573,1,0
A,H,A,9719,100,9719,1,0
A,B,B,7161,100,7161,1,0
B,C,B,6700,100,6700,1,0
B,D,B,12468,100,12468,1,0
B,E,B,7055,100,7055,1,0
B,F,B,1417,100,1417,1,0
B,G,B,6773,100,6773,1,0
B,H,B,13055,100,13055,1,0
A,C,C,7576,100,7576,1,0
B,C,C,6719,100,6719,1,0
C,D,C,6580,100,6580,1,0
C,E,C,7575,100,7575,1,0
C,F,C,7115,100,7115,1,0
C,G,C,1342,100,1342,1,0
C,H,C,7124,100,7124,1,0
A,D,D,9176,100,9176,1,0
B,D,D,12473,100,12473,1,0
C,D,D,6603,100,6603,1,0
D,E,D,9292,100,9292,1,0
D,F,D,12881,100,12881,1,0
D,G,D,6820,100,6820,1,0
D,H,D,1416,100,1416,1,0
A,E,E,1372,100,1372,1,0
B,E,E,7080,100,7080,1,0
C,E,E,7527,100,7527,1,0
D,E,E,9385,100,9385,1,0
E,F,E,7079,100,7079,1,0
E,G,E,7347,100,7347,1,0
E,H,E,9655,100,9655,1,0
A,F,F,7391,100,7391,1,0
B,F,F,1448,100,1448,1,0
C,F,F,7113,100,7113,1,0
D,F,F,12911,100,12911,1,0
E,F,F,7005,100,7005,1,0
F,G,F,6863,100,6863,1,0
F,H,F,13264,100,13264,1,0
A,G,G,7569,100,7569,1,0
B,G,G,6759,100,6759,1,0
C,G,G,1336,100,1336,1,0
D,G,G,6800,100,6800,1,0
E,G,G,7294,100,7294,1,0
F,G,G,6891,100,6891,1,0
G,H,G,7054,100,7054,1,0
A,H,H,9729,100,9729,1,0
B,H,H,13086,100,13086,1,0
C,H,H,7145,100,7145,1,0
D,H,H,1442,100,1442,1,0
E,H,H,9661,100,9661,1,0
F,H,H,13231,100,13231,1,0
G,H,H,7022,100,7022,1,0
A,B,A,7128,100,7128,1,0
A,C,A,7552,100,7552,1,0
A,D,A,9239,100,9239,1,0
A,E,A,1335,100,1335,1,0
A,F,A,7394,100,7394,1,0
A,G,A,7610,100,7610,1,0
A,H,A,9718,100,9718,1,0
A,B,B,7157,100,7157,1,0
B,C,B,6704,100,6704,1,0
B,D,B,12542,100,12542,1,0
B,E,B,7028,100,7028,1,0
B,F,B,1431,100,1431,1,0
B,G,B,6757,100,6757,1,0
B,H,B,13060,100,13060,1,0
A,C,C,7579,100,7579,1,0
B,C,C,6732,100,6732,1,0
C,D,C,6585,100,6585,1,0
C,E,C,7512,100,7512,1,0
C,F,C,7141,100,7141,1,0
C,G,C,1374,100,1374,1,0
C,H,C,7101,100,7101,1,0
A,D,D,9180,100,9180,1,0
B,D,D,12517,100,12517,1,0
C,D,D,6592,100,6592,1,0
D,E,D,9344,100,9344,1,0
D,F,D,12910,100,12910,1,0
D,G,D,6777,100,6777,1,0
D,H,D,1486,100,1486,1,0
A,E,E,1399,100,1399,1,0
B,E,E,7045,100,7045,1,0
C,E,E,7534,100,7534,1,0
D,E,E,9324,100,9324,1,0
E,F,E,6994,100,6994,1,0
E,G,E,7302,100,7302,1,0
E,H,E,9657,100,9657,1,0
A,F,F,7376,100,7376,1,0
B,F,F,1433,100,1433,1,0
C,F,F,7107,100,7107,1,0
D,F,F,12867,100,12867,1,0
E,F,F,6978,100,6978,1,0
F,G,F,6872,100,6872,1,0
F,H,F,13270,100,13270,1,0
A,G,G,7554,100,7554,1,0
B,G,G,6760,100,6760,1,0
C,G,G,1347,100,1347,1,0
D,G,G,6813,100,6813,1,0
E,G,G,7303,100,7303,1,0
F,G,G,6884,100,6884,1,0
G,H,G,7032,100,7032,1,0
A,H,H,9703,100,9703,1,0
B,H,H,13039,100,13039,1,0
C,H,H,7094,100,7094,1,0
D,H,H,1444,100,1444,1,0
E,H,H,9674,100,9674,1,0
F,H,H,13283,100,13283,1,0
G,H,H,7082,100,7082,1,0
A,B,A,7171,100,7171,1,0
A,C,A,7546,100,7546,1,0
A,D,A,9201,100,9201,1,0
A,E,A,1381,100,1381,1,0
A,F,A,7394,100,7394,1,0
A,G,A,7519,100,7519,1,0
A,H,A,9746,100,9746,1,0
A,B,B,7168,100,7168,1,0
B,C,B,6699,100,6699,1,0
B,D,B,12526,100,12526,1,0
B,E,B,7094,100,7094,1,0
B,F,B,1454,100,1454,1,0
B,G,B,6787,100,6787,1,0
B,H,B,13037,100,13037,1,0
A,C,C,7579,100,7579,1,0
B,C,C,6697,100,6697,1,0
C,D,C,6627,100,6627,1,0
C,E,C,7581,100,7581,1,0
C,F,C,7115,100,7115,1,0
C,G,C,1340,100,1340,1,0
C,H,C,7074,100,7074,1,0
A,D,D,9206,100,9206,1,0
B,D,D,12554,100,12554,1,0
C,D,D,6616,100,6616,1,0
D,E,D,9361,100,9361,1,0
D,F,D,12861,100,12861,1,0
D,G,D,6824,100,6824,1,0
D,H,D,1448,100,1448,1,0
A,E,E,1346,100,1346,1,0
B,E,E,7028,100,7028,1,0
C,E,E,7557,100,7557,1,0
D,E,E,9344,100,9344,1,0
E,F,E,7021,100,7021,1,0
E,G,E,7329,100,7329,1,0
E,H,E,9617,100,9617,1,0
A,F,F,7378,100,7378,1,0
B,F,F,1451,100,1451,1,0
C,F,F,7140,100,7140,1,0
D,F,F,12849,100,12849,1,0
E,F,F,7019,100,7019,1,0
F,G,F,6862,100,6862,1,0
F,H,F,13221,100,13221,1,0
A,G,G,7558,100,7558,1,0
B,G,G,6766,100,6766,1,0
C,G,G,1309,100,1309,1,0
D,G,G,6811,100,6811,1,0
E,G,G,7284,100,7284,1,0
F,G,G,6881,100,6881,1,0
G,H,G,7077,100,7077,1,0
A,H,H,9681,100,9681,1,0
B,H,H,13019,100,13019,1,0
C,H,H,7137,100,7137,1,0
D,H,H,1483,100,1483,1,0
E,H,H,9659,100,9659,1,0
F,H,H,13222,100,13222,1,0
G,H,H,7052,100,7052,1,0
A,B,A,7198,100,7198,1,0
A,C,A,7543,100,7543,1,0
A,D,A,9187,100,9187,1,0
A,E,A,1356,100,1356,1,0
A,F,A,7349,100,7349,1,0
A,G,A,7549,100,7549,1,0
A,H,A,9671,100,9671,1,0
A,B,B,7167,100,7167,1,0
B,C,B,6712,100,6712,1,0
B,D,B,12510,100,12510,1,0
B,E,B,7023,100,7023,1,0
B,F,B,1439,100,1439,1,0
B,G,B,6774,100,6774,1,0
B,H,B,13064,100,13064,1,0
A,C,C,7553,100,7553,1,0
B,C,C,6758,100,6758,1,0
C,D,C,6638,100,6638,1,0
C,E,C,7515,100,7515,1,0
C,F,C,7131,100,7131,1,0
C,G,C,1367,100,1367,1,0
C,H,C,7152,100,7152,1,0
A,D,D,9208,100,9208,1,0
B,D,D,12525,100,12525,1,0
C,D,D,6610,100,6610,1,0
D,E,D,9283,100,9283,1,0
D,F,D,12860,100,12860,1,0
D,G,D,6823,100,6823,1,0
D,H,D,1471,100,1471,1,0
A,E,E,1434,100,1434,1,0
B,E,E,7099,100,7099,1,0
C,E,E,7539,100,7539,1,0
D,E,E,9379,100,9379,1,0
E,F,E,7029,100,7029,1,0
E,G,E,7296,100,7296,1,0
E,H,E,9650,100,9650,1,0
A,F,F,7358,100,7358,1,0
B,F,F,1411,100,1411,1,0
C,F,F,7141,100,7141,1,0
D,F,F,12883,100,12883,1,0
E,F,F,7029,100,7029,1,0
F,G,F,6869,100,6869,1,0
F,H,F,13229,100,13229,1,0
A,G,G,7610,100,7610,1,0
B,G,G,6741,100,6741,1,0
C,G,G,1328,100,1328,1,0
D,G,G,6788,100,6788,1,0
E,G,G,7300,100,7300,1,0
F,G,G,6895,100,6895,1,0
G,H,G,7023,100,7023,1,0
A,H,H,9747,100,9747,1,0
B,H,H,13040,100,13040,1,0
C,H,H,7100,100,7100,1,0
D,H,H,1402,100,1402,1,0
E,H,H,9678,100,9678,1,0
F,H,H,13255,100,13255,1,0
G,H,H,7064,100,7064,1,0
