a,b,master,dist_mm,quality_percent,raw_mm,ok,fail
A,B,A,3689,100,3689,1,0
A,C,A,9334,100,9334,1,0
A,D,A,9269,100,9269,1,0
A,E,A,1423,100,1423,1,0
A,F,A,3525,100,3525,1,0
A,G,A,9546,100,9546,1,0
A,H,A,9438,100,9438,1,0
A,B,B,3633,100,3633,1,0
B,C,B,6810,100,6810,1,0
B,D,B,5953,100,5953,1,0
B,E,B,4290,100,4290,1,0
B,F,B,1374,100,1374,1,0
B,G,B,7191,100,7191,1,0
B,H,B,6235,100,6235,1,0
A,C,C,9273,100,9273,1,0
B,C,C,6717,100,6717,1,0
C,D,C,8729,100,8729,1,0
C,E,C,9817,100,9817,1,0
C,F,C,7187,100,7187,1,0
C,G,C,1618,100,1618,1,0
C,H,C,9026,100,9026,1,0
A,D,D,9266,100,9266,1,0
B,D,D,5951,100,5951,1,0
C,D,D,8732,100,8732,1,0
D,E,D,9754,100,9754,1,0
D,F,D,6342,100,6342,1,0
D,G,D,9256,100,9256,1,0
D,H,D,1447,100,1447,1,0
A,E,E,1468,100,1468,1,0
B,E,E,4306,100,4306,1,0
C,E,E,9833,100,9833,1,0
D,E,E,9787,100,9787,1,0
E,F,E,3710,100,3710,1,0
E,G,E,9934,100,9934,1,0
E,H,E,9673,100,9673,1,0
A,F,F,3518,100,3518,1,0
B,F,F,1409,100,1409,1,0
C,F,F,7199,100,7199,1,0
D,F,F,6357,100,6357,1,0
E,F,F,3696,100,3696,1,0
F,G,F,7376,100,7376,1,0
F,H,F,6299,100,6299,1,0
A,G,G,9593,100,9593,1,0
B,G,G,7198,100,7198,1,0
C,G,G,1574,100,1574,1,0
D,G,G,9224,100,9224,1,0
E,G,G,9956,100,9956,1,0
F,G,G,7379,100,7379,1,0
G,H,G,9354,100,9354,1,0
A,H,H,9443,100,9443,1,0
B,H,H,6259,100,6259,1,0
C,H,H,9030,100,9030,1,0
D,H,H,1460,100,1460,1,0
E,H,H,9667,100,9667,1,0
F,H,H,6265,100,6265,1,0
G,H,H,9298,100,9298,1,0
A,B,A,3639,100,3639,1,0
A,C,A,9268,100,9268,1,0
A,D,A,9283,100,9283,1,0
A,E,A,1450,100,1450,1,0
A,F,A,3484,100,3484,1,0
A,G,A,9622,100,9622,1,0
A,H,A,9385,100,9385,1,0
A,B,B,3652,100,3652,1,0
B,C,B,6739,100,6739,1,0
B,D,B,5931,100,5931,1,0
B,E,B,4353,100,4353,1,0
B,F,B,1442,100,1442,1,0
B,G,B,7199,100,7199,1,0
B,H,B,6197,100,6197,1,0
A,C,C,9301,100,9301,1,0
B,C,C,6702,100,6702,1,0
C,D,C,8717,100,8717,1,0
C,E,C,9805,100,9805,1,0
C,F,C,7226,100,7226,1,0
C,G,C,1546,100,1546,1,0
C,H,C,9019,100,9019,1,0
A,D,D,9283,100,9283,1,0
B,D,D,5928,100,5928,1,0
C,D,D,8730,100,8730,1,0
D,E,D,9759,100,9759,1,0
D,F,D,6365,100,6365,1,0
D,G,D,9217,100,9217,1,0
D,H,D,1421,100,1421,1,0
A,E,E,1444,100,1444,1,0
B,E,E,4312,100,4312,1,0
C,E,E,9843,100,9843,1,0
D,E,E,9688,100,9688,1,0
E,F,E,3706,100,3706,1,0
E,G,E,9911,100,9911,1,0
E,H,E,9626,100,9626,1,0
A,F,F,3510,100,3510,1,0
B,F,F,1411,100,1411,1,0
C,F,F,7183,100,7183,1,0
D,F,F,6336,100,6336,1,0
E,F,F,3655,100,3655,1,0
F,G,F,7352,100,7352,1,0
F,H,F,6245,100,6245,1,0
A,G,G,9621,100,9621,1,0
B,G,G,7180,100,7180,1,0
C,G,G,1525,100,1525,1,0
D,G,G,9214,100,9214,1,0
E,G,G,9920,100,9920,1,0
F,G,G,7385,100,7385,1,0
G,H,G,9310,100,9310,1,0
A,H,H,9390,100,9390,1,0
B,H,H,6231,100,6231,1,0
C,H,H,9074,100,9074,1,0
D,H,H,1371,100,1371,1,0
E,H,H,9654,100,9654,1,0
F,H,H,6305,100,6305,1,0
G,H,H,9337,100,9337,1,0
A,B,A,3600,100,3600,1,0
A,C,A,9277,100,9277,1,0
A,D,A,9273,100,9273,1,0
A,E,A,1450,100,1450,1,0
A,F,A,3524,100,3524,1,0
A,G,A,9585,100,9585,1,0
A,H,A,9353,100,9353,1,0
A,B,B,3640,100,3640,1,0
B,C,B,6777,100,6777,1,0
B,D,B,5914,100,5914,1,0
B,E,B,4329,100,4329,1,0
B,F,B,1391,100,1391,1,0
B,G,B,7168,100,7168,1,0
B,H,B,6149,100,6149,1,0
A,C,C,9284,100,9284,1,0
B,C,C,6755,100,6755,1,0
C,D,C,8696,100,8696,1,0
C,E,C,9800,100,9800,1,0
C,F,C,7186,100,7186,1,0
C,G,C,1587,100,1587,1,0
C,H,C,9050,100,9050,1,0
A,D,D,9264,100,9264,1,0
B,D,D,5957,100,5957,1,0
C,D,D,8685,100,8685,1,0
D,E,D,9734,100,9734,1,0
D,F,D,6338,100,6338,1,0
D,G,D,9249,100,9249,1,0
D,H,D,1444,100,1444,1,0
A,E,E,1447,100,1447,1,0
B,E,E,4294,100,4294,1,0
C,E,E,9797,100,9797,1,0
D,E,E,9668,100,9668,1,0
E,F,E,3738,100,3738,1,0
E,G,E,9914,100,9914,1,0
E,H,E,9661,100,9661,1,0
A,F,F,3500,100,3500,1,0
B,F,F,1429,100,1429,1,0
C,F,F,7197,100,7197,1,0
D,F,F,6393,100,6393,1,0
E,F,F,3701,100,3701,1,0
F,G,F,7351,100,7351,1,0
F,H,F,6281,100,6281,1,0
A,G,G,9553,100,9553,1,0
B,G,G,7200,100,7200,1,0
C,G,G,1620,100,1620,1,0
D,G,G,9213,100,9213,1,0
E,G,G,9931,100,9931,1,0
F,G,G,7372,100,7372,1,0
G,H,G,9348,100,9348,1,0
A,H,H,9440,100,9440,1,0
B,H,H,6223,100,6223,1,0
C,H,H,9056,100,9056,1,0
D,H,H,1446,100,1446,1,0
E,H,H,9639,100,9639,1,0
F,H,H,6282,100,6282,1,0
G,H,H,9315,100,9315,1,0
A,B,A,3642,100,3642,1,0
A,C,A,9355,100,9355,1,0
A,D,A,9281,100,9281,1,0
A,E,A,1437,100,1437,1,0
A,F,A,3541,100,3541,1,0
A,G,A,9599,100,9599,1,0
A,H,A,9391,100,9391,1,0
A,B,B,3669,100,3669,1,0
B,C,B,6744,100,6744,1,0
B,D,B,6015,100,6015,1,0
B,E,B,4333,100,4333,1,0
B,F,B,1413,100,1413,1,0
B,G,B,7172,100,7172,1,0
B,H,B,6261,100,6261,1,0
A,C,C,9294,100,9294,1,0
B,C,C,6732,100,6732,1,0
C,D,C,8749,100,8749,1,0
C,E,C,9844,100,9844,1,0
C,F,C,7200,100,7200,1,0
C,G,C,1612,100,1612,1,0
C,H,C,9030,100,9030,1,0
A,D,D,9260,100,9260,1,0
B,D,D,5929,100,5929,1,0
C,D,D,8719,100,8719,1,0
D,E,D,9698,100,9698,1,0
D,F,D,6376,100,6376,1,0
D,G,D,9219,100,9219,1,0
D,H,D,1426,100,1426,1,0
A,E,E,1427,100,1427,1,0
B,E,E,4263,100,4263,1,0
C,E,E,9805,100,9805,1,0
D,E,E,9749,100,9749,1,0
E,F,E,3680,100,3680,1,0
E,G,E,9908,100,9908,1,0
E,H,E,9643,100,9643,1,0
A,F,F,3566,100,3566,1,0
B,F,F,1427,100,1427,1,0
C,F,F,7197,100,7197,1,0
D,F,F,6367,100,6367,1,0
E,F,F,3681,100,3681,1,0
F,G,F,7355,100,7355,1,0
F,H,F,6315,100,6315,1,0
A,G,G,9591,100,9591,1,0
B,G,G,7201,100,7201,1,0
C,G,G,1535,100,1535,1,0
D,G,G,9227,100,9227,1,0
E,G,G,9904,100,9904,1,0
F,G,G,7381,100,7381,1,0
G,H,G,9364,100,9364,1,0
A,H,H,9423,100,9423,1,0
B,H,H,6138,100,6138,1,0
C,H,H,9037,100,9037,1,0
D,H,H,1417,100,1417,1,0
E,H,H,9671,100,9671,1,0
F,H,H,6285,100,6285,1,0
G,H,H,9341,100,9341,1,0
A,B,A,3650,100,3650,1,0
A,C,A,9309,100,9309,1,0
A,D,A,9278,100,9278,1,0
A,E,A,1446,100,1446,1,0
A,F,A,3498,100,3498,1,0
A,G,A,9565,100,9565,1,0
A,H,A,9445,100,9445,1,0
A,B,B,3653,100,3653,1,0
B,C,B,6739,100,6739,1,0
B,D,B,5968,100,5968,1,0
B,E,B,4275,100,4275,1,0
B,F,B,1407,100,1407,1,0
B,G,B,7191,100,7191,1,0
B,H,B,6229,100,6229,1,0
A,C,C,9272,100,9272,1,0
B,C,C,6735,100,6735,1,0
C,D,C,8684,100,8684,1,0
C,E,C,9860,100,9860,1,0
C,F,C,7206,100,7206,1,0
C,G,C,1570,100,1570,1,0
C,H,C,9020,100,9020,1,0
A,D,D,9271,100,9271,1,0
B,D,D,5968,100,5968,1,0
C,D,D,8742,100,8742,1,0
D,E,D,9795,100,9795,1,0
D,F,D,6370,100,6370,1,0
D,G,D,9188,100,9188,1,0
D,H,D,1391,100,1391,1,0
A,E,E,1448,100,1448,1,0
B,E,E,4286,100,4286,1,0
C,E,E,9774,100,9774,1,0
D,E,E,9718,100,9718,1,0
E,F,E,3687,100,3687,1,0
E,G,E,9942,100,9942,1,0
E,H,E,9674,100,9674,1,0
A,F,F,3529,100,3529,1,0
B,F,F,1419,100,1419,1,0
C,F,F,7197,100,7197,1,0
D,F,F,6339,100,6339,1,0
E,F,F,3711,100,3711,1,0
F,G,F,7365,100,7365,1,0
F,H,F,6279,100,6279,1,0
A,G,G,9578,100,9578,1,0
B,G,G,7216,100,7216,1,0
C,G,G,1602,100,1602,1,0
D,G,G,9229,100,9229,1,0
E,G,G,9898,100,9898,1,0
F,G,G,7370,100,7370,1,0
G,H,G,9312,100,9312,1,0
A,H,H,9385,100,9385,1,0
B,H,H,6193,100,6193,1,0
C,H,H,9030,100,9030,1,0
D,H,H,1409,100,1409,1,0
E,H,H,9662,100,9662,1,0
F,H,H,6290,100,6290,1,0
G,H,H,9358,100,9358,1,0
A,B,A,3661,100,3661,1,0
A,C,A,9294,100,9294,1,0
A,D,A,9264,100,9264,1,0
A,E,A,1418,100,1418,1,0
A,F,A,3509,100,3509,1,0
A,G,A,9563,100,9563,1,0
A,H,A,9429,100,9429,1,0
A,B,B,3676,100,3676,1,0
B,C,B,6740,100,6740,1,0
B,D,B,5976,100,5976,1,0
B,E,B,4299,100,4299,1,0
B,F,B,1375,100,1375,1,0
B,G,B,7173,100,7173,1,0
B,H,B,6174,100,6174,1,0
A,C,C,9337,100,9337,1,0
B,C,C,6694,100,6694,1,0
C,D,C,8711,100,8711,1,0
C,E,C,9837,100,9837,1,0
C,F,C,7214,100,7214,1,0
C,G,C,1570,100,1570,1,0
C,H,C,9012,100,9012,1,0
A,D,D,9288,100,9288,1,0
B,D,D,6007,100,6007,1,0
C,D,D,8681,100,8681,1,0
D,E,D,9756,100,9756,1,0
D,F,D,6384,100,6384,1,0
D,G,D,9276,100,9276,1,0
D,H,D,1491,100,1491,1,0
A,E,E,1475,100,1475,1,0
B,E,E,4269,100,4269,1,0
C,E,E,9847,100,9847,1,0
D,E,E,9674,100,9674,1,0
E,F,E,3663,100,3663,1,0
E,G,E,9941,100,9941,1,0
E,H,E,9675,100,9675,1,0
A,F,F,3518,100,3518,1,0
B,F,F,1421,100,1421,1,0
C,F,F,7207,100,7207,1,0
D,F,F,6360,100,6360,1,0
E,F,F,3690,100,3690,1,0
F,G,F,7378,100,7378,1,0
F,H,F,6286,100,6286,1,0
A,G,G,9588,100,9588,1,0
B,G,G,7224,100,7224,1,0
C,G,G,1562,100,1562,1,0
D,G,G,9213,100,9213,1,0
E,G,G,9954,100,9954,1,0
F,G,G,7344,100,7344,1,0
G,H,G,9311,100,9311,1,0
A,H,H,9389,100,9389,1,0
B,H,H,6228,100,6228,1,0
C,H,H,9018,100,9018,1,0
D,H,H,1408,100,1408,1,0
E,H,H,9661,100,9661,1,0
F,H,H,6298,100,6298,1,0
G,H,H,9281,100,9281,1,0
A,B,A,3660,100,3660,1,0
A,C,A,9323,100,9323,1,0
A,D,A,9278,100,9278,1,0
A,E,A,1445,100,1445,1,0
A,F,A,3513,100,3513,1,0
A,G,A,9601,100,9601,1,0
A,H,A,9388,100,9388,1,0
A,B,B,3631,100,3631,1,0
B,C,B,6727,100,6727,1,0
B,D,B,5927,100,5927,1,0
B,E,B,4326,100,4326,1,0
B,F,B,1404,100,1404,1,0
B,G,B,7205,100,7205,1,0
B,H,B,6205,100,6205,1,0
A,C,C,9328,100,9328,1,0
B,C,C,6666,100,6666,1,0
C,D,C,8720,100,8720,1,0
C,E,C,9822,100,9822,1,0
C,F,C,7228,100,7228,1,0
C,G,C,1570,100,1570,1,0
C,H,C,9061,100,9061,1,0
A,D,D,9252,100,9252,1,0
B,D,D,5907,100,5907,1,0
C,D,D,8777,100,8777,1,0
D,E,D,9788,100,9788,1,0
D,F,D,6361,100,6361,1,0
D,G,D,9225,100,9225,1,0
D,H,D,1391,100,1391,1,0
A,E,E,1382,100,1382,1,0
B,E,E,4372,100,4372,1,0
C,E,E,9781,100,9781,1,0
D,E,E,9802,100,9802,1,0
E,F,E,3719,100,3719,1,0
E,G,E,9907,100,9907,1,0
E,H,E,9675,100,9675,1,0
A,F,F,3525,100,3525,1,0
B,F,F,1405,100,1405,1,0
C,F,F,7229,100,7229,1,0
D,F,F,6348,100,6348,1,0
E,F,F,3730,100,3730,1,0
F,G,F,7349,100,7349,1,0
F,H,F,6258,100,6258,1,0
A,G,G,9577,100,9577,1,0
B,G,G,7206,100,7206,1,0
C,G,G,1628,100,1628,1,0
D,G,G,9239,100,9239,1,0
E,G,G,9932,100,9932,1,0
F,G,G,7360,100,7360,1,0
G,H,G,9317,100,9317,1,0
A,H,H,9416,100,9416,1,0
B,H,H,6222,100,6222,1,0
C,H,H,9035,100,9035,1,0
D,H,H,1423,100,1423,1,0
E,H,H,9629,100,9629,1,0
F,H,H,6297,100,6297,1,0
G,H,H,9307,100,9307,1,0
A,B,A,3650,100,3650,1,0
A,C,A,9287,100,9287,1,0
A,D,A,9256,100,9256,1,0
A,E,A,1417,100,1417,1,0
A,F,A,3514,100,3514,1,0
A,G,A,9619,100,9619,1,0
A,H,A,9397,100,9397,1,0
A,B,B,3623,100,3623,1,0
B,C,B,6722,100,6722,1,0
B,D,B,5995,100,5995,1,0
B,E,B,4289,100,4289,1,0
B,F,B,1384,100,1384,1,0
B,G,B,7193,100,7193,1,0
B,H,B,6205,100,6205,1,0
A,C,C,9320,100,9320,1,0
B,C,C,6745,100,6745,1,0
C,D,C,8680,100,8680,1,0
C,E,C,9872,100,9872,1,0
C,F,C,7194,100,7194,1,0
C,G,C,1546,100,1546,1,0
C,H,C,9001,100,9001,1,0
A,D,D,9240,100,9240,1,0
B,D,D,5915,100,5915,1,0
C,D,D,8742,100,8742,1,0
D,E,D,9761,100,9761,1,0
D,F,D,6363,100,6363,1,0
D,G,D,9264,100,9264,1,0
D,H,D,1415,100,1415,1,0
A,E,E,1499,100,1499,1,0
B,E,E,4287,100,4287,1,0
C,E,E,9829,100,9829,1,0
D,E,E,9752,100,9752,1,0
E,F,E,3662,100,3662,1,0
E,G,E,9949,100,9949,1,0
E,H,E,9661,100,9661,1,0
A,F,F,3515,100,3515,1,0
B,F,F,1413,100,1413,1,0
C,F,F,7228,100,7228,1,0
D,F,F,6317,100,6317,1,0
E,F,F,3733,100,3733,1,0
F,G,F,7397,100,7397,1,0
F,H,F,6280,100,6280,1,0
A,G,G,9557,100,9557,1,0
B,G,G,7167,100,7167,1,0
C,G,G,1587,100,1587,1,0
D,G,G,9210,100,9210,1,0
E,G,G,9936,100,9936,1,0
F,G,G,7352,100,7352,1,0
G,H,G,9308,100,9308,1,0
A,H,H,9411,100,9411,1,0
B,H,H,6172,100,6172,1,0
C,H,H,9024,100,9024,1,0
D,H,H,1423,100,1423,1,0
E,H,H,9652,100,9652,1,0
F,H,H,6316,100,6316,1,0
G,H,H,9321,100,9321,1,0
A,B,A,3619,100,3619,1,0
A,C,A,9324,100,9324,1,0
A,D,A,9271,100,9271,1,0
A,E,A,1404,100,1404,1,0
A,F,A,3545,100,3545,1,0
A,G,A,9546,100,9546,1,0
A,H,A,9383,100,9383,1,0
A,B,B,3613,100,3613,1,0
B,C,B,6759,100,6759,1,0
B,D,B,5974,100,5974,1,0
B,E,B,4320,100,4320,1,0
B,F,B,1410,100,1410,1,0
B,G,B,7213,100,7213,1,0
B,H,B,6149,100,6149,1,0
A,C,C,9274,100,9274,1,0
B,C,C,6754,100,6754,1,0
C,D,C,8767,100,8767,1,0
C,E,C,9861,100,9861,1,0
C,F,C,7234,100,7234,1,0
C,G,C,1556,100,1556,1,0
C,H,C,9014,100,9014,1,0
A,D,D,9281,100,9281,1,0
B,D,D,5946,100,5946,1,0
C,D,D,8735,100,8735,1,0
D,E,D,9715,100,9715,1,0
D,F,D,6332,100,6332,1,0
D,G,D,9247,100,9247,1,0
D,H,D,1410,100,1410,1,0
A,E,E,1458,100,1458,1,0
B,E,E,4351,100,4351,1,0
C,E,E,9793,100,9793,1,0
D,E,E,9732,100,9732,1,0
E,F,E,3744,100,3744,1,0
E,G,E,9949,100,9949,1,0
E,H,E,9627,100,9627,1,0
A,F,F,3582,100,3582,1,0
B,F,F,1399,100,1399,1,0
C,F,F,7198,100,7198,1,0
D,F,F,6362,100,6362,1,0
E,F,F,3731,100,3731,1,0
F,G,F,7325,100,7325,1,0
F,H,F,6276,100,6276,1,0
A,G,G,9587,100,9587,1,0
B,G,G,7156,100,7156,1,0
C,G,G,1530,100,1530,1,0
D,G,G,9225,100,9225,1,0
E,G,G,9930,100,9930,1,0
F,G,G,7347,100,7347,1,0
G,H,G,9331,100,9331,1,0
A,H,H,9408,100,9408,1,0
B,H,H,6209,100,6209,1,0
C,H,H,9036,100,9036,1,0
D,H,H,1435,100,1435,1,0
E,H,H,9637,100,9637,1,0
F,H,H,6272,100,6272,1,0
G,H,H,9365,100,9365,1,0
A,B,A,3624,100,3624,1,0
A,C,A,9292,100,9292,1,0
A,D,A,9262,100,9262,1,0
A,E,A,1403,100,1403,1,0
A,F,A,3465,100,3465,1,0
A,G,A,9593,100,9593,1,0
A,H,A,9434,100,9434,1,0
A,B,B,3655,100,3655,1,0
B,C,B,6765,100,6765,1,0
B,D,B,5986,100,5986,1,0
B,E,B,4321,100,4321,1,0
B,F,B,1417,100,1417,1,0
B,G,B,7175,100,7175,1,0
B,H,B,6239,100,6239,1,0
A,C,C,9293,100,9293,1,0
B,C,C,6743,100,6743,1,0
C,D,C,8748,100,8748,1,0
C,E,C,9799,100,9799,1,0
C,F,C,7215,100,7215,1,0
C,G,C,1587,100,1587,1,0
C,H,C,9081,100,9081,1,0
A,D,D,9279,100,9279,1,0
B,D,D,5904,100,5904,1,0
C,D,D,8716,100,8716,1,0
D,E,D,9747,100,9747,1,0
D,F,D,6325,100,6325,1,0
D,G,D,9271,100,9271,1,0
D,H,D,1420,100,1420,1,0
A,E,E,1467,100,1467,1,0
B,E,E,4289,100,4289,1,0
C,E,E,9824,100,9824,1,0
D,E,E,9718,100,9718,1,0
E,F,E,3696,100,3696,1,0
E,G,E,9892,100,9892,1,0
E,H,E,9634,100,9634,1,0
A,F,F,3496,100,3496,1,0
B,F,F,1432,100,1432,1,0
C,F,F,7195,100,7195,1,0
D,F,F,6373,100,6373,1,0
E,F,F,3694,100,3694,1,0
F,G,F,7345,100,7345,1,0
F,H,F,6287,100,6287,1,0
A,G,G,9600,100,9600,1,0
B,G,G,7202,100,7202,1,0
C,G,G,1569,100,1569,1,0
D,G,G,9228,100,9228,1,0
E,G,G,9924,100,9924,1,0
F,G,G,7363,100,7363,1,0
G,H,G,9344,100,9344,1,0
A,H,H,9377,100,9377,1,0
B,H,H,6219,100,6219,1,0
C,H,H,9047,100,9047,1,0
D,H,H,1402,100,1402,1,0
E,H,H,9682,100,9682,1,0
F,H,H,6208,100,6208,1,0
G,H,H,9302,100,9302,1,0
A,B,A,3634,100,3634,1,0
A,C,A,9280,100,9280,1,0
A,D,A,9262,100,9262,1,0
A,E,A,1449,100,1449,1,0
A,F,A,3528,100,3528,1,0
A,G,A,9602,100,9602,1,0
A,H,A,9376,100,9376,1,0
A,B,B,3637,100,3637,1,0
B,C,B,6721,100,6721,1,0
B,D,B,5913,100,5913,1,0
B,E,B,4297,100,4297,1,0
B,F,B,1435,100,1435,1,0
B,G,B,7160,100,7160,1,0
B,H,B,6215,100,6215,1,0
A,C,C,9311,100,9311,1,0
B,C,C,6726,100,6726,1,0
C,D,C,8711,100,8711,1,0
C,E,C,9840,100,9840,1,0
C,F,C,7204,100,7204,1,0
C,G,C,1554,100,1554,1,0
C,H,C,9058,100,9058,1,0
A,D,D,9249,100,9249,1,0
B,D,D,5960,100,5960,1,0
C,D,D,8723,100,8723,1,0
D,E,D,9678,100,9678,1,0
D,F,D,6367,100,6367,1,0
D,G,D,9248,100,9248,1,0
D,H,D,1415,100,1415,1,0
A,E,E,1447,100,1447,1,0
B,E,E,4309,100,4309,1,0
C,E,E,9827,100,9827,1,0
D,E,E,9703,100,9703,1,0
E,F,E,3708,100,3708,1,0
E,G,E,9913,100,9913,1,0
E,H,E,9694,100,9694,1,0
A,F,F,3548,100,3548,1,0
B,F,F,1426,100,1426,1,0
C,F,F,7232,100,7232,1,0
D,F,F,6334,100,6334,1,0
E,F,F,3685,100,3685,1,0
F,G,F,7341,100,7341,1,0
F,H,F,6308,100,6308,1,0
A,G,G,9556,100,9556,1,0
B,G,G,7199,100,7199,1,0
C,G,G,1583,100,1583,1,0
D,G,G,9262,100,9262,1,0
E,G,G,9914,100,9914,1,0
F,G,G,7364,100,7364,1,0
G,H,G,9285,100,9285,1,0
A,H,H,9394,100,9394,1,0
B,H,H,6199,100,6199,1,0
C,H,H,9037,100,9037,1,0
D,H,H,1444,100,1444,1,0
E,H,H,9669,100,9669,1,0
F,H,H,6279,100,6279,1,0
G,H,H,9323,100,9323,1,0
A,B,A,3637,100,3637,1,0
A,C,A,9286,100,9286,1,0
A,D,A,9265,100,9265,1,0
A,E,A,1439,100,1439,1,0
A,F,A,3538,100,3538,1,0
A,G,A,9632,100,9632,1,0
A,H,A,9423,100,9423,1,0
A,B,B,3619,100,3619,1,0
B,C,B,6725,100,6725,1,0
B,D,B,5963,100,5963,1,0
B,E,B,4330,100,4330,1,0
B,F,B,1402,100,1402,1,0
B,G,B,7192,100,7192,1,0
B,H,B,6193,100,6193,1,0
A,C,C,9285,100,9285,1,0
B,C,C,6778,100,6778,1,0
C,D,C,8693,100,8693,1,0
C,E,C,9816,100,9816,1,0
C,F,C,7204,100,7204,1,0
C,G,C,1603,100,1603,1,0
C,H,C,9044,100,9044,1,0
A,D,D,9252,100,9252,1,0
B,D,D,5959,100,5959,1,0
C,D,D,8740,100,8740,1,0
D,E,D,9683,100,9683,1,0
D,F,D,6347,100,6347,1,0
D,G,D,9213,100,9213,1,0
D,H,D,1422,100,1422,1,0
A,E,E,1473,100,1473,1,0
B,E,E,4274,100,4274,1,0
C,E,E,9836,100,9836,1,0
D,E,E,9739,100,9739,1,0
E,F,E,3676,100,3676,1,0
E,G,E,9925,100,9925,1,0
E,H,E,9611,100,9611,1,0
A,F,F,3531,100,3531,1,0
B,F,F,1394,100,1394,1,0
C,F,F,7200,100,7200,1,0
D,F,F,6331,100,6331,1,0
E,F,F,3696,100,3696,1,0
F,G,F,7357,100,7357,1,0
F,H,F,6281,100,6281,1,0
A,G,G,9632,100,9632,1,0
B,G,G,7189,100,7189,1,0
C,G,G,1555,100,1555,1,0
D,G,G,9263,100,9263,1,0
E,G,G,9931,100,9931,1,0
F,G,G,7359,100,7359,1,0
G,H,G,9348,100,9348,1,0
A,H,H,9431,100,9431,1,0
B,H,H,6145,100,6145,1,0
C,H,H,9046,100,9046,1,0
D,H,H,1423,100,1423,1,0
E,H,H,9658,100,9658,1,0
F,H,H,6316,100,6316,1,0
G,H,H,9352,100,9352,1,0
A,B,A,3640,100,3640,1,0
A,C,A,9297,100,9297,1,0
A,D,A,9280,100,9280,1,0
A,E,A,1435,100,1435,1,0
A,F,A,3545,100,3545,1,0
A,G,A,9590,100,9590,1,0
A,H,A,9391,100,9391,1,0
A,B,B,3595,100,3595,1,0
B,C,B,6781,100,6781,1,0
B,D,B,5988,100,5988,1,0
B,E,B,4342,100,4342,1,0
B,F,B,1398,100,1398,1,0
B,G,B,7175,100,7175,1,0
B,H,B,6196,100,6196,1,0
A,C,C,9310,100,9310,1,0
B,C,C,6736,100,6736,1,0
C,D,C,8728,100,8728,1,0
C,E,C,9838,100,9838,1,0
C,F,C,7200,100,7200,1,0
C,G,C,1547,100,1547,1,0
C,H,C,9049,100,9049,1,0
A,D,D,9269,100,9269,1,0
B,D,D,5982,100,5982,1,0
C,D,D,8721,100,8721,1,0
D,E,D,9745,100,9745,1,0
D,F,D,6372,100,6372,1,0
D,G,D,9203,100,9203,1,0
D,H,D,1388,100,1388,1,0
A,E,E,1404,100,1404,1,0
B,E,E,4304,100,4304,1,0
C,E,E,9738,100,9738,1,0
D,E,E,9774,100,9774,1,0
E,F,E,3717,100,3717,1,0
E,G,E,9905,100,9905,1,0
E,H,E,9668,100,9668,1,0
A,F,F,3521,100,3521,1,0
B,F,F,1409,100,1409,1,0
C,F,F,7210,100,7210,1,0
D,F,F,6337,100,6337,1,0
E,F,F,3707,100,3707,1,0
F,G,F,7371,100,7371,1,0
F,H,F,6291,100,6291,1,0
A,G,G,9594,100,9594,1,0
B,G,G,7182,100,7182,1,0
C,G,G,1600,100,1600,1,0
D,G,G,9238,100,9238,1,0
E,G,G,9942,100,9942,1,0
F,G,G,7353,100,7353,1,0
G,H,G,9295,100,9295,1,0
A,H,H,9379,100,9379,1,0
B,H,H,6164,100,6164,1,0
C,H,H,9053,100,9053,1,0
D,H,H,1375,100,1375,1,0
E,H,H,9655,100,9655,1,0
F,H,H,6291,100,6291,1,0
G,H,H,9337,100,9337,1,0
A,B,A,3632,100,3632,1,0
A,C,A,9275,100,9275,1,0
A,D,A,9304,100,9304,1,0
A,E,A,1442,100,1442,1,0
A,F,A,3498,100,3498,1,0
A,G,A,9618,100,9618,1,0
A,H,A,9430,100,9430,1,0
A,B,B,3647,100,3647,1,0
B,C,B,6717,100,6717,1,0
B,D,B,5940,100,5940,1,0
B,E,B,4356,100,4356,1,0
B,F,B,1371,100,1371,1,0
B,G,B,7199,100,7199,1,0
B,H,B,6217,100,6217,1,0
A,C,C,9258,100,9258,1,0
B,C,C,6736,100,6736,1,0
C,D,C,8759,100,8759,1,0
C,E,C,9852,100,9852,1,0
C,F,C,7232,100,7232,1,0
C,G,C,1563,100,1563,1,0
C,H,C,9020,100,9020,1,0
A,D,D,9262,100,9262,1,0
B,D,D,5974,100,5974,1,0
C,D,D,8716,100,8716,1,0
D,E,D,9696,100,9696,1,0
D,F,D,6352,100,6352,1,0
D,G,D,9241,100,9241,1,0
D,H,D,1378,100,1378,1,0
A,E,E,1460,100,1460,1,0
B,E,E,4286,100,4286,1,0
C,E,E,9815,100,9815,1,0
D,E,E,9685,100,9685,1,0
E,F,E,3703,100,3703,1,0
E,G,E,9894,100,9894,1,0
E,H,E,9693,100,9693,1,0
A,F,F,3492,100,3492,1,0
B,F,F,1442,100,1442,1,0
C,F,F,7195,100,7195,1,0
D,F,F,6338,100,6338,1,0
E,F,F,3764,100,3764,1,0
F,G,F,7359,100,7359,1,0
F,H,F,6304,100,6304,1,0
A,G,G,9615,100,9615,1,0
B,G,G,7189,100,7189,1,0
C,G,G,1583,100,1583,1,0
D,G,G,9217,100,9217,1,0
E,G,G,9912,100,9912,1,0
F,G,G,7355,100,7355,1,0
G,H,G,9305,100,9305,1,0
A,H,H,9423,100,9423,1,0
B,H,H,6179,100,6179,1,0
C,H,H,9053,100,9053,1,0
D,H,H,1396,100,1396,1,0
E,H,H,9648,100,9648,1,0
F,H,H,6256,100,6256,1,0
G,H,H,9298,100,9298,1,0
A,B,A,3606,100,3606,1,0
A,C,A,9335,100,9335,1,0
A,D,A,9270,100,9270,1,0
A,E,A,1417,100,1417,1,0
A,F,A,3531,100,3531,1,0
A,G,A,9615,100,9615,1,0
A,H,A,9433,100,9433,1,0
A,B,B,3625,100,3625,1,0
B,C,B,6776,100,6776,1,0
B,D,B,5935,100,5935,1,0
B,E,B,4310,100,4310,1,0
B,F,B,1422,100,1422,1,0
B,G,B,7213,100,7213,1,0
B,H,B,6212,100,6212,1,0
A,C,C,9322,100,9322,1,0
B,C,C,6767,100,6767,1,0
C,D,C,8694,100,8694,1,0
C,E,C,9833,100,9833,1,0
C,F,C,7204,100,7204,1,0
C,G,C,1624,100,1624,1,0
C,H,C,9038,100,9038,1,0
A,D,D,9277,100,9277,1,0
B,D,D,5967,100,5967,1,0
C,D,D,8745,100,8745,1,0
D,E,D,9683,100,9683,1,0
D,F,D,6328,100,6328,1,0
D,G,D,9273,100,9273,1,0
D,H,D,1436,100,1436,1,0
A,E,E,1475,100,1475,1,0
B,E,E,4282,100,4282,1,0
C,E,E,9835,100,9835,1,0
D,E,E,9757,100,9757,1,0
E,F,E,3689,100,3689,1,0
E,G,E,9939,100,9939,1,0
E,H,E,9623,100,9623,1,0
A,F,F,3549,100,3549,1,0
B,F,F,1393,100,1393,1,0
C,F,F,7205,100,7205,1,0
D,F,F,6344,100,6344,1,0
E,F,F,3679,100,3679,1,0
F,G,F,7346,100,7346,1,0
F,H,F,6228,100,6228,1,0
A,G,G,9622,100,9622,1,0
B,G,G,7239,100,7239,1,0
C,G,G,1582,100,1582,1,0
D,G,G,9243,100,9243,1,0
E,G,G,9907,100,9907,1,0
F,G,G,7390,100,7390,1,0
G,H,G,9317,100,9317,1,0
A,H,H,9413,100,9413,1,0
B,H,H,6254,100,6254,1,0
C,H,H,9019,100,9019,1,0
D,H,H,1410,100,1410,1,0
E,H,H,9643,100,9643,1,0
F,H,H,6263,100,6263,1,0
G,H,H,9298,100,9298,1,0
A,B,A,3667,100,3667,1,0
A,C,A,9269,100,9269,1,0
A,D,A,9281,100,9281,1,0
A,E,A,1442,100,1442,1,0
A,F,A,3541,100,3541,1,0
A,G,A,9634,100,9634,1,0
A,H,A,9397,100,9397,1,0
A,B,B,3645,100,3645,1,0
B,C,B,6740,100,6740,1,0
B,D,B,5951,100,5951,1,0
B,E,B,4288,100,4288,1,0
B,F,B,1398,100,1398,1,0
B,G,B,7178,100,7178,1,0
B,H,B,6206,100,6206,1,0
A,C,C,9277,100,9277,1,0
B,C,C,6726,100,6726,1,0
C,D,C,8744,100,8744,1,0
C,E,C,9842,100,9842,1,0
C,F,C,7192,100,7192,1,0
C,G,C,1575,100,1575,1,0
C,H,C,9060,100,9060,1,0
A,D,D,9306,100,9306,1,0
B,D,D,5944,100,5944,1,0
C,D,D,8674,100,8674,1,0
D,E,D,9768,100,9768,1,0
D,F,D,6376,100,6376,1,0
D,G,D,9237,100,9237,1,0
D,H,D,1434,100,1434,1,0
A,E,E,1461,100,1461,1,0
B,E,E,4309,100,4309,1,0
C,E,E,9834,100,9834,1,0
D,E,E,9755,100,9755,1,0
E,F,E,3687,100,3687,1,0
E,G,E,9924,100,9924,1,0
E,H,E,9641,100,9641,1,0
A,F,F,3527,100,3527,1,0
B,F,F,1415,100,1415,1,0
C,F,F,7208,100,7208,1,0
D,F,F,6376,100,6376,1,0
E,F,F,3684,100,3684,1,0
F,G,F,7351,100,7351,1,0
F,H,F,6266,100,6266,1,0
A,G,G,9591,100,9591,1,0
B,G,G,7228,100,7228,1,0
C,G,G,1582,100,1582,1,0
D,G,G,9239,100,9239,1,0
E,G,G,9918,100,9918,1,0
F,G,G,7365,100,7365,1,0
G,H,G,9350,100,9350,1,0
A,H,H,9422,100,9422,1,0
B,H,H,6213,100,6213,1,0
C,H,H,9056,100,9056,1,0
D,H,H,1397,100,1397,1,0
E,H,H,9647,100,9647,1,0
F,H,H,6281,100,6281,1,0
G,H,H,9310,100,9310,1,0
A,B,A,3651,100,3651,1,0
A,C,A,9268,100,9268,1,0
A,D,A,9274,100,9274,1,0
A,E,A,1414,100,1414,1,0
A,F,A,3516,100,3516,1,0
A,G,A,9596,100,9596,1,0
A,H,A,9376,100,9376,1,0
A,B,B,3642,100,3642,1,0
B,C,B,6721,100,6721,1,0
B,D,B,5957,100,5957,1,0
B,E,B,4331,100,4331,1,0
B,F,B,1404,100,1404,1,0
B,G,B,7235,100,7235,1,0
B,H,B,6218,100,6218,1,0
A,C,C,9312,100,9312,1,0
B,C,C,6751,100,6751,1,0
C,D,C,8726,100,8726,1,0
C,E,C,9803,100,9803,1,0
C,F,C,7219,100,7219,1,0
C,G,C,1555,100,1555,1,0
C,H,C,9054,100,9054,1,0
A,D,D,9281,100,9281,1,0
B,D,D,5996,100,5996,1,0
C,D,D,8711,100,8711,1,0
D,E,D,9761,100,9761,1,0
D,F,D,6356,100,6356,1,0
D,G,D,9246,100,9246,1,0
D,H,D,1412,100,1412,1,0
A,E,E,1474,100,1474,1,0
B,E,E,4322,100,4322,1,0
C,E,E,9806,100,9806,1,0
D,E,E,9753,100,9753,1,0
E,F,E,3700,100,3700,1,0
E,G,E,9928,100,9928,1,0
E,H,E,9628,100,9628,1,0
A,F,F,3515,100,3515,1,0
B,F,F,1404,100,1404,1,0
C,F,F,7187,100,7187,1,0
D,F,F,6324,100,6324,1,0
E,F,F,3717,100,3717,1,0
F,G,F,7339,100,7339,1,0
F,H,F,6263,100,6263,1,0
A,G,G,9597,100,9597,1,0
B,G,G,7213,100,7213,1,0
C,G,G,1568,100,1568,1,0
D,G,G,9245,100,9245,1,0
E,G,G,9930,100,9930,1,0
F,G,G,7365,100,7365,1,0
G,H,G,9340,100,9340,1,0
A,H,H,9398,100,9398,1,0
B,H,H,6227,100,6227,1,0
C,H,H,9074,100,9074,1,0
D,H,H,1467,100,1467,1,0
E,H,H,9633,100,9633,1,0
F,H,H,6241,100,6241,1,0
G,H,H,9300,100,9300,1,0
A,B,A,3640,100,3640,1,0
A,C,A,9336,100,9336,1,0
A,D,A,9276,100,9276,1,0
A,E,A,1462,100,1462,1,0
A,F,A,3588,100,3588,1,0
A,G,A,9615,100,9615,1,0
A,H,A,9395,100,9395,1,0
A,B,B,3658,100,3658,1,0
B,C,B,6762,100,6762,1,0
B,D,B,5949,100,5949,1,0
B,E,B,4329,100,4329,1,0
B,F,B,1429,100,1429,1,0
B,G,B,7212,100,7212,1,0
B,H,B,6154,100,6154,1,0
A,C,C,9298,100,9298,1,0
B,C,C,6750,100,6750,1,0
C,D,C,8700,100,8700,1,0
C,E,C,9810,100,9810,1,0
C,F,C,7197,100,7197,1,0
C,G,C,1619,100,1619,1,0
C,H,C,9101,100,9101,1,0
A,D,D,9267,100,9267,1,0
B,D,D,5923,100,5923,1,0
C,D,D,8715,100,8715,1,0
D,E,D,9795,100,9795,1,0
D,F,D,6367,100,6367,1,0
D,G,D,9223,100,9223,1,0
D,H,D,1405,100,1405,1,0
A,E,E,1417,100,1417,1,0
B,E,E,4314,100,4314,1,0
C,E,E,9813,100,9813,1,0
D,E,E,9655,100,9655,1,0
E,F,E,3704,100,3704,1,0
E,G,E,9937,100,9937,1,0
E,H,E,9661,100,9661,1,0
A,F,F,3516,100,3516,1,0
B,F,F,1384,100,1384,1,0
C,F,F,7205,100,7205,1,0
D,F,F,6345,100,6345,1,0
E,F,F,3690,100,3690,1,0
F,G,F,7379,100,7379,1,0
F,H,F,6247,100,6247,1,0
A,G,G,9616,100,9616,1,0
B,G,G,7202,100,7202,1,0
C,G,G,1577,100,1577,1,0
D,G,G,9258,100,9258,1,0
E,G,G,9924,100,9924,1,0
F,G,G,7376,100,7376,1,0
G,H,G,9335,100,9335,1,0
A,H,H,9396,100,9396,1,0
B,H,H,6208,100,6208,1,0
C,H,H,9039,100,9039,1,0
D,H,H,1449,100,1449,1,0
E,H,H,9623,100,9623,1,0
F,H,H,6297,100,6297,1,0
G,H,H,9280,100,9280,1,0
A,B,A,3629,100,3629,1,0
A,C,A,9262,100,9262,1,0
A,D,A,9287,100,9287,1,0
A,E,A,1395,100,1395,1,0
A,F,A,3560,100,3560,1,0
A,G,A,9592,100,9592,1,0
A,H,A,9400,100,9400,1,0
A,B,B,3675,100,3675,1,0
B,C,B,6732,100,6732,1,0
B,D,B,5937,100,5937,1,0
B,E,B,4294,100,4294,1,0
B,F,B,1395,100,1395,1,0
B,G,B,7210,100,7210,1,0
B,H,B,6147,100,6147,1,0
A,C,C,9305,100,9305,1,0
B,C,C,6737,100,6737,1,0
C,D,C,8729,100,8729,1,0
C,E,C,9843,100,9843,1,0
C,F,C,7218,100,7218,1,0
C,G,C,1589,100,1589,1,0
C,H,C,9060,100,9060,1,0
A,D,D,9287,100,9287,1,0
B,D,D,5974,100,5974,1,0
C,D,D,8729,100,8729,1,0
D,E,D,9694,100,9694,1,0
D,F,D,6368,100,6368,1,0
D,G,D,9256,100,9256,1,0
D,H,D,1432,100,1432,1,0
A,E,E,1447,100,1447,1,0
B,E,E,4276,100,4276,1,0
C,E,E,9835,100,9835,1,0
D,E,E,9699,100,9699,1,0
E,F,E,3729,100,3729,1,0
E,G,E,9910,100,9910,1,0
E,H,E,9662,100,9662,1,0
A,F,F,3544,100,3544,1,0
B,F,F,1399,100,1399,1,0
C,F,F,7205,100,7205,1,0
D,F,F,6368,100,6368,1,0
E,F,F,3723,100,3723,1,0
F,G,F,7362,100,7362,1,0
F,H,F,6266,100,6266,1,0
A,G,G,9557,100,9557,1,0
B,G,G,7180,100,7180,1,0
C,G,G,1598,100,1598,1,0
D,G,G,9252,100,9252,1,0
E,G,G,9930,100,9930,1,0
F,G,G,7354,100,7354,1,0
G,H,G,9333,100,9333,1,0
A,H,H,9382,100,9382,1,0
B,H,H,6217,100,6217,1,0
C,H,H,9107,100,9107,1,0
D,H,H,1434,100,1434,1,0
E,H,H,9651,100,9651,1,0
F,H,H,6277,100,6277,1,0
G,H,H,9314,100,9314,1,0
A,B,A,3655,100,3655,1,0
A,C,A,9302,100,9302,1,0
A,D,A,9266,100,9266,1,0
A,E,A,1398,100,1398,1,0
A,F,A,3515,100,3515,1,0
A,G,A,9583,100,9583,1,0
A,H,A,9403,100,9403,1,0
A,B,B,3605,100,3605,1,0
B,C,B,6740,100,6740,1,0
B,D,B,5939,100,5939,1,0
B,E,B,4276,100,4276,1,0
B,F,B,1401,100,1401,1,0
B,G,B,7175,100,7175,1,0
B,H,B,6180,100,6180,1,0
A,C,C,9291,100,9291,1,0
B,C,C,6727,100,6727,1,0
C,D,C,8701,100,8701,1,0
C,E,C,9822,100,9822,1,0
C,F,C,7208,100,7208,1,0
C,G,C,1553,100,1553,1,0
C,H,C,9065,100,9065,1,0
A,D,D,9285,100,9285,1,0
B,D,D,5992,100,5992,1,0
C,D,D,8765,100,8765,1,0
D,E,D,9732,100,9732,1,0
D,F,D,6358,100,6358,1,0
D,G,D,9231,100,9231,1,0
D,H,D,1370,100,1370,1,0
A,E,E,1475,100,1475,1,0
B,E,E,4290,100,4290,1,0
C,E,E,9823,100,9823,1,0
D,E,E,9703,100,9703,1,0
E,F,E,3697,100,3697,1,0
E,G,E,9948,100,9948,1,0
E,H,E,9648,100,9648,1,0
A,F,F,3520,100,3520,1,0
B,F,F,1407,100,1407,1,0
C,F,F,7201,100,7201,1,0
D,F,F,6354,100,6354,1,0
E,F,F,3702,100,3702,1,0
F,G,F,7355,100,7355,1,0
F,H,F,6245,100,6245,1,0
A,G,G,9591,100,9591,1,0
B,G,G,7208,100,7208,1,0
C,G,G,1602,100,1602,1,0
D,G,G,9214,100,9214,1,0
E,G,G,9905,100,9905,1,0
F,G,G,7361,100,7361,1,0
G,H,G,9330,100,9330,1,0
A,H,H,9369,100,9369,1,0
B,H,H,6223,100,6223,1,0
C,H,H,9066,100,9066,1,0
D,H,H,1398,100,1398,1,0
E,H,H,9654,100,9654,1,0
F,H,H,6282,100,6282,1,0
G,H,H,9347,100,9347,1,0
A,B,A,3646,100,3646,1,0
A,C,A,9308,100,9308,1,0
A,D,A,9275,100,9275,1,0
A,E,A,1441,100,1441,1,0
A,F,A,3488,100,3488,1,0
A,G,A,9574,100,9574,1,0
A,H,A,9396,100,9396,1,0
A,B,B,3624,100,3624,1,0
B,C,B,6729,100,6729,1,0
B,D,B,5965,100,5965,1,0
B,E,B,4354,100,4354,1,0
B,F,B,1390,100,1390,1,0
B,G,B,7195,100,7195,1,0
B,H,B,6215,100,6215,1,0
A,C,C,9317,100,9317,1,0
B,C,C,6768,100,6768,1,0
C,D,C,8686,100,8686,1,0
C,E,C,9838,100,9838,1,0
C,F,C,7236,100,7236,1,0
C,G,C,1602,100,1602,1,0
C,H,C,9058,100,9058,1,0
A,D,D,9285,100,9285,1,0
B,D,D,5963,100,5963,1,0
C,D,D,8737,100,8737,1,0
D,E,D,9725,100,9725,1,0
D,F,D,6336,100,6336,1,0
D,G,D,9227,100,9227,1,0
D,H,D,1367,100,1367,1,0
A,E,E,1490,100,1490,1,0
B,E,E,4344,100,4344,1,0
C,E,E,9861,100,9861,1,0
D,E,E,9714,100,9714,1,0
E,F,E,3678,100,3678,1,0
E,G,E,9917,100,9917,1,0
E,H,E,9671,100,9671,1,0
A,F,F,3502,100,3502,1,0
B,F,F,1374,100,1374,1,0
C,F,F,7199,100,7199,1,0
D,F,F,6330,100,6330,1,0
E,F,F,3702,100,3702,1,0
F,G,F,7381,100,7381,1,0
F,H,F,6269,100,6269,1,0
A,G,G,9574,100,9574,1,0
B,G,G,7162,100,7162,1,0
C,G,G,1554,100,1554,1,0
D,G,G,9239,100,9239,1,0
E,G,G,9918,100,9918,1,0
F,G,G,7365,100,7365,1,0
G,H,G,9300,100,9300,1,0
A,H,H,9392,100,9392,1,0
B,H,H,6222,100,6222,1,0
C,H,H,9033,100,9033,1,0
D,H,H,1430,100,1430,1,0
E,H,H,9672,100,9672,1,0
F,H,H,6267,100,6267,1,0
G,H,H,9297,100,9297,1,0
A,B,A,3642,100,3642,1,0
A,C,A,9386,100,9386,1,0
A,D,A,9283,100,9283,1,0
A,E,A,1420,100,1420,1,0
A,F,A,3526,100,3526,1,0
A,G,A,9607,100,9607,1,0
A,H,A,9418,100,9418,1,0
A,B,B,3654,100,3654,1,0
B,C,B,6746,100,6746,1,0
B,D,B,5924,100,5924,1,0
B,E,B,4318,100,4318,1,0
B,F,B,1404,100,1404,1,0
B,G,B,7200,100,7200,1,0
B,H,B,6207,100,6207,1,0
A,C,C,9240,100,9240,1,0
B,C,C,6737,100,6737,1,0
C,D,C,8748,100,8748,1,0
C,E,C,9843,100,9843,1,0
C,F,C,7224,100,7224,1,0
C,G,C,1594,100,1594,1,0
C,H,C,9027,100,9027,1,0
A,D,D,9287,100,9287,1,0
B,D,D,5968,100,5968,1,0
C,D,D,8763,100,8763,1,0
D,E,D,9741,100,9741,1,0
D,F,D,6372,100,6372,1,0
D,G,D,9243,100,9243,1,0
D,H,D,1429,100,1429,1,0
A,E,E,1398,100,1398,1,0
B,E,E,4281,100,4281,1,0
C,E,E,9834,100,9834,1,0
D,E,E,9733,100,9733,1,0
E,F,E,3647,100,3647,1,0
E,G,E,9942,100,9942,1,0
E,H,E,9667,100,9667,1,0
A,F,F,3540,100,3540,1,0
B,F,F,1397,100,1397,1,0
C,F,F,7203,100,7203,1,0
D,F,F,6366,100,6366,1,0
E,F,F,3689,100,3689,1,0
F,G,F,7340,100,7340,1,0
F,H,F,6268,100,6268,1,0
A,G,G,9580,100,9580,1,0
B,G,G,7207,100,7207,1,0
C,G,G,1578,100,1578,1,0
D,G,G,9208,100,9208,1,0
E,G,G,9892,100,9892,1,0
F,G,G,7392,100,7392,1,0
G,H,G,9327,100,9327,1,0
A,H,H,9413,100,9413,1,0
B,H,H,6191,100,6191,1,0
C,H,H,9082,100,9082,1,0
D,H,H,1408,100,1408,1,0
E,H,H,9675,100,9675,1,0
F,H,H,6310,100,6310,1,0
G,H,H,9332,100,9332,1,0
A,B,A,3646,100,3646,1,0
A,C,A,9304,100,9304,1,0
A,D,A,9283,100,9283,1,0
A,E,A,1466,100,1466,1,0
A,F,A,3522,100,3522,1,0
A,G,A,9654,100,9654,1,0
A,H,A,9347,100,9347,1,0
A,B,B,3634,100,3634,1,0
B,C,B,6701,100,6701,1,0
B,D,B,5999,100,5999,1,0
B,E,B,4299,100,4299,1,0
B,F,B,1416,100,1416,1,0
B,G,B,7221,100,7221,1,0
B,H,B,6232,100,6232,1,0
A,C,C,9293,100,9293,1,0
B,C,C,6722,100,6722,1,0
C,D,C,8696,100,8696,1,0
C,E,C,9836,100,9836,1,0
C,F,C,7208,100,7208,1,0
C,G,C,1597,100,1597,1,0
C,H,C,9042,100,9042,1,0
A,D,D,9297,100,9297,1,0
B,D,D,5940,100,5940,1,0
C,D,D,8722,100,8722,1,0
D,E,D,9771,100,9771,1,0
D,F,D,6343,100,6343,1,0
D,G,D,9297,100,9297,1,0
D,H,D,1398,100,1398,1,0
A,E,E,1465,100,1465,1,0
B,E,E,4325,100,4325,1,0
C,E,E,9865,100,9865,1,0
D,E,E,9693,100,9693,1,0
E,F,E,3661,100,3661,1,0
E,G,E,9953,100,9953,1,0
E,H,E,9620,100,9620,1,0
A,F,F,3517,100,3517,1,0
B,F,F,1407,100,1407,1,0
C,F,F,7224,100,7224,1,0
D,F,F,6336,100,6336,1,0
E,F,F,3726,100,3726,1,0
F,G,F,7382,100,7382,1,0
F,H,F,6271,100,6271,1,0
A,G,G,9613,100,9613,1,0
B,G,G,7164,100,7164,1,0
C,G,G,1565,100,1565,1,0
D,G,G,9258,100,9258,1,0
E,G,G,9901,100,9901,1,0
F,G,G,7373,100,7373,1,0
G,H,G,9364,100,9364,1,0
A,H,H,9411,100,9411,1,0
B,H,H,6251,100,6251,1,0
C,H,H,9026,100,9026,1,0
D,H,H,1403,100,1403,1,0
E,H,H,9648,100,9648,1,0
F,H,H,6320,100,6320,1,0
G,H,H,9320,100,9320,1,0
A,B,A,3638,100,3638,1,0
A,C,A,9253,100,9253,1,0
A,D,A,9279,100,9279,1,0
A,E,A,1410,100,1410,1,0
A,F,A,3477,100,3477,1,0
A,G,A,9566,100,9566,1,0
A,H,A,9370,100,9370,1,0
A,B,B,3615,100,3615,1,0
B,C,B,6754,100,6754,1,0
B,D,B,5943,100,5943,1,0
B,E,B,4330,100,4330,1,0
B,F,B,1403,100,1403,1,0
B,G,B,7204,100,7204,1,0
B,H,B,6188,100,6188,1,0
A,C,C,9319,100,9319,1,0
B,C,C,6764,100,6764,1,0
C,D,C,8774,100,8774,1,0
C,E,C,9804,100,9804,1,0
C,F,C,7191,100,7191,1,0
C,G,C,1539,100,1539,1,0
C,H,C,9089,100,9089,1,0
A,D,D,9286,100,9286,1,0
B,D,D,5915,100,5915,1,0
C,D,D,8750,100,8750,1,0
D,E,D,9742,100,9742,1,0
D,F,D,6299,100,6299,1,0
D,G,D,9248,100,9248,1,0
D,H,D,1423,100,1423,1,0
A,E,E,1427,100,1427,1,0
B,E,E,4346,100,4346,1,0
C,E,E,9817,100,9817,1,0
D,E,E,9729,100,9729,1,0
E,F,E,3706,100,3706,1,0
E,G,E,9921,100,9921,1,0
E,H,E,9644,100,9644,1,0
A,F,F,3488,100,3488,1,0
B,F,F,1411,100,1411,1,0
C,F,F,7206,100,7206,1,0
D,F,F,6370,100,6370,1,0
E,F,F,3711,100,3711,1,0
F,G,F,7388,100,7388,1,0
F,H,F,6272,100,6272,1,0
A,G,G,9595,100,9595,1,0
B,G,G,7198,100,7198,1,0
C,G,G,1580,100,1580,1,0
D,G,G,9255,100,9255,1,0
E,G,G,9914,100,9914,1,0
F,G,G,7378,100,7378,1,0
G,H,G,9340,100,9340,1,0
A,H,H,9437,100,9437,1,0
B,H,H,6130,100,6130,1,0
C,H,H,9050,100,9050,1,0
D,H,H,1389,100,1389,1,0
E,H,H,9631,100,9631,1,0
F,H,H,6266,100,6266,1,0
G,H,H,9319,100,9319,1,0
A,B,A,3619,100,3619,1,0
A,C,A,9281,100,9281,1,0
A,D,A,9297,100,9297,1,0
A,E,A,1474,100,1474,1,0
A,F,A,3511,100,3511,1,0
A,G,A,9628,100,9628,1,0
A,H,A,9405,100,9405,1,0
A,B,B,3625,100,3625,1,0
B,C,B,6727,100,6727,1,0
B,D,B,5951,100,5951,1,0
B,E,B,4297,100,4297,1,0
B,F,B,1404,100,1404,1,0
B,G,B,7215,100,7215,1,0
B,H,B,6248,100,6248,1,0
A,C,C,9242,100,9242,1,0
B,C,C,6701,100,6701,1,0
C,D,C,8751,100,8751,1,0
C,E,C,9789,100,9789,1,0
C,F,C,7192,100,7192,1,0
C,G,C,1578,100,1578,1,0
C,H,C,8989,100,8989,1,0
A,D,D,9241,100,9241,1,0
B,D,D,5969,100,5969,1,0
C,D,D,8730,100,8730,1,0
D,E,D,9734,100,9734,1,0
D,F,D,6337,100,6337,1,0
D,G,D,9207,100,9207,1,0
D,H,D,1446,100,1446,1,0
A,E,E,1431,100,1431,1,0
B,E,E,4332,100,4332,1,0
C,E,E,9840,100,9840,1,0
D,E,E,9686,100,9686,1,0
E,F,E,3684,100,3684,1,0
E,G,E,9927,100,9927,1,0
E,H,E,9660,100,9660,1,0
A,F,F,3514,100,3514,1,0
B,F,F,1398,100,1398,1,0
C,F,F,7211,100,7211,1,0
D,F,F,6340,100,6340,1,0
E,F,F,3674,100,3674,1,0
F,G,F,7337,100,7337,1,0
F,H,F,6216,100,6216,1,0
A,G,G,9587,100,9587,1,0
B,G,G,7161,100,7161,1,0
C,G,G,1557,100,1557,1,0
D,G,G,9232,100,9232,1,0
E,G,G,9945,100,9945,1,0
F,G,G,7333,100,7333,1,0
G,H,G,9340,100,9340,1,0
A,H,H,9437,100,9437,1,0
B,H,H,6233,100,6233,1,0
C,H,H,9021,100,9021,1,0
D,H,H,1393,100,1393,1,0
E,H,H,9625,100,9625,1,0
F,H,H,6268,100,6268,1,0
G,H,H,9340,100,9340,1,0
A,B,A,3617,100,3617,1,0
A,C,A,9327,100,9327,1,0
A,D,A,9268,100,9268,1,0
A,E,A,1406,100,1406,1,0
A,F,A,3493,100,3493,1,0
A,G,A,9653,100,9653,1,0
A,H,A,9380,100,9380,1,0
A,B,B,3627,100,3627,1,0
B,C,B,6711,100,6711,1,0
B,D,B,5953,100,5953,1,0
B,E,B,4315,100,4315,1,0
B,F,B,1402,100,1402,1,0
B,G,B,7189,100,7189,1,0
B,H,B,6261,100,6261,1,0
A,C,C,9300,100,9300,1,0
B,C,C,6731,100,6731,1,0
C,D,C,8692,100,8692,1,0
C,E,C,9836,100,9836,1,0
C,F,C,7238,100,7238,1,0
C,G,C,1566,100,1566,1,0
C,H,C,9083,100,9083,1,0
A,D,D,9269,100,9269,1,0
B,D,D,5982,100,5982,1,0
C,D,D,8716,100,8716,1,0
D,E,D,9704,100,9704,1,0
D,F,D,6399,100,6399,1,0
D,G,D,9264,100,9264,1,0
D,H,D,1413,100,1413,1,0
A,E,E,1488,100,1488,1,0
B,E,E,4265,100,4265,1,0
C,E,E,9793,100,9793,1,0
D,E,E,9765,100,9765,1,0
E,F,E,3716,100,3716,1,0
E,G,E,9953,100,9953,1,0
E,H,E,9650,100,9650,1,0
A,F,F,3554,100,3554,1,0
B,F,F,1392,100,1392,1,0
C,F,F,7205,100,7205,1,0
D,F,F,6363,100,6363,1,0
E,F,F,3704,100,3704,1,0
F,G,F,7377,100,7377,1,0
F,H,F,6292,100,6292,1,0
A,G,G,9622,100,9622,1,0
B,G,G,7216,100,7216,1,0
C,G,G,1536,100,1536,1,0
D,G,G,9213,100,9213,1,0
E,G,G,9932,100,9932,1,0
F,G,G,7345,100,7345,1,0
G,H,G,9320,100,9320,1,0
A,H,H,9377,100,9377,1,0
B,H,H,6192,100,6192,1,0
C,H,H,9047,100,9047,1,0
D,H,H,1420,100,1420,1,0
E,H,H,9649,100,9649,1,0
F,H,H,6263,100,6263,1,0
G,H,H,9332,100,9332,1,0
A,B,A,3661,100,3661,1,0
A,C,A,9307,100,9307,1,0
A,D,A,9283,100,9283,1,0
A,E,A,1424,100,1424,1,0
A,F,A,3493,100,3493,1,0
A,G,A,9643,100,9643,1,0
A,H,A,9390,100,9390,1,0
A,B,B,3683,100,3683,1,0
B,C,B,6724,100,6724,1,0
B,D,B,5984,100,5984,1,0
B,E,B,4323,100,4323,1,0
B,F,B,1431,100,1431,1,0
B,G,B,7180,100,7180,1,0
B,H,B,6238,100,6238,1,0
A,C,C,9257,100,9257,1,0
B,C,C,6719,100,6719,1,0
C,D,C,8709,100,8709,1,0
C,E,C,9815,100,9815,1,0
C,F,C,7208,100,7208,1,0
C,G,C,1613,100,1613,1,0
C,H,C,9021,100,9021,1,0
A,D,D,9283,100,9283,1,0
B,D,D,6007,100,6007,1,0
C,D,D,8716,100,8716,1,0
D,E,D,9750,100,9750,1,0
D,F,D,6349,100,6349,1,0
D,G,D,9271,100,9271,1,0
D,H,D,1461,100,1461,1,0
A,E,E,1487,100,1487,1,0
B,E,E,4304,100,4304,1,0
C,E,E,9824,100,9824,1,0
D,E,E,9729,100,9729,1,0
E,F,E,3666,100,3666,1,0
E,G,E,9926,100,9926,1,0
E,H,E,9689,100,9689,1,0
A,F,F,3515,100,3515,1,0
B,F,F,1420,100,1420,1,0
C,F,F,7209,100,7209,1,0
D,F,F,6359,100,6359,1,0
E,F,F,3725,100,3725,1,0
F,G,F,7379,100,7379,1,0
F,H,F,6296,100,6296,1,0
A,G,G,9583,100,9583,1,0
B,G,G,7182,100,7182,1,0
C,G,G,1584,100,1584,1,0
D,G,G,9279,100,9279,1,0
E,G,G,9921,100,9921,1,0
F,G,G,7350,100,7350,1,0
G,H,G,9300,100,9300,1,0
A,H,H,9438,100,9438,1,0
B,H,H,6218,100,6218,1,0
C,H,H,9081,100,9081,1,0
D,H,H,1436,100,1436,1,0
E,H,H,9667,100,9667,1,0
F,H,H,6262,100,6262,1,0
G,H,H,9282,100,9282,1,0
A,B,A,3617,100,3617,1,0
A,C,A,9270,100,9270,1,0
A,D,A,9227,100,9227,1,0
A,E,A,1429,100,1429,1,0
A,F,A,3537,100,3537,1,0
A,G,A,9632,100,9632,1,0
A,H,A,9391,100,9391,1,0
A,B,B,3626,100,3626,1,0
B,C,B,6732,100,6732,1,0
B,D,B,5959,100,5959,1,0
B,E,B,4305,100,4305,1,0
B,F,B,1395,100,1395,1,0
B,G,B,7193,100,7193,1,0
B,H,B,6200,100,6200,1,0
A,C,C,9328,100,9328,1,0
B,C,C,6763,100,6763,1,0
C,D,C,8717,100,8717,1,0
C,E,C,9815,100,9815,1,0
C,F,C,7204,100,7204,1,0
C,G,C,1601,100,1601,1,0
C,H,C,9044,100,9044,1,0
A,D,D,9263,100,9263,1,0
B,D,D,5967,100,5967,1,0
C,D,D,8693,100,8693,1,0
D,E,D,9756,100,9756,1,0
D,F,D,6338,100,6338,1,0
D,G,D,9220,100,9220,1,0
D,H,D,1425,100,1425,1,0
A,E,E,1433,100,1433,1,0
B,E,E,4322,100,4322,1,0
C,E,E,9822,100,9822,1,0
D,E,E,9708,100,9708,1,0
E,F,E,3725,100,3725,1,0
E,G,E,9907,100,9907,1,0
E,H,E,9667,100,9667,1,0
A,F,F,3512,100,3512,1,0
B,F,F,1396,100,1396,1,0
C,F,F,7213,100,7213,1,0
D,F,F,6360,100,6360,1,0
E,F,F,3685,100,3685,1,0
F,G,F,7371,100,7371,1,0
F,H,F,6241,100,6241,1,0
A,G,G,9588,100,9588,1,0
B,G,G,7194,100,7194,1,0
C,G,G,1585,100,1585,1,0
D,G,G,9234,100,9234,1,0
E,G,G,9921,100,9921,1,0
F,G,G,7376,100,7376,1,0
G,H,G,9343,100,9343,1,0
A,H,H,9350,100,9350,1,0
B,H,H,6170,100,6170,1,0
C,H,H,9029,100,9029,1,0
D,H,H,1406,100,1406,1,0
E,H,H,9633,100,9633,1,0
F,H,H,6278,100,6278,1,0
G,H,H,9320,100,9320,1,0
A,B,A,3653,100,3653,1,0
A,C,A,9269,100,9269,1,0
A,D,A,9247,100,9247,1,0
A,E,A,1467,100,1467,1,0
A,F,A,3484,100,3484,1,0
A,G,A,9593,100,9593,1,0
A,H,A,9412,100,9412,1,0
A,B,B,3606,100,3606,1,0
B,C,B,6742,100,6742,1,0
B,D,B,5966,100,5966,1,0
B,E,B,4281,100,4281,1,0
B,F,B,1411,100,1411,1,0
B,G,B,7197,100,7197,1,0
B,H,B,6186,100,6186,1,0
A,C,C,9300,100,9300,1,0
B,C,C,6753,100,6753,1,0
C,D,C,8747,100,8747,1,0
C,E,C,9869,100,9869,1,0
C,F,C,7191,100,7191,1,0
C,G,C,1603,100,1603,1,0
C,H,C,9052,100,9052,1,0
A,D,D,9258,100,9258,1,0
B,D,D,5957,100,5957,1,0
C,D,D,8748,100,8748,1,0
D,E,D,9766,100,9766,1,0
D,F,D,6354,100,6354,1,0
D,G,D,9278,100,9278,1,0
D,H,D,1456,100,1456,1,0
A,E,E,1430,100,1430,1,0
B,E,E,4297,100,4297,1,0
C,E,E,9833,100,9833,1,0
D,E,E,9707,100,9707,1,0
E,F,E,3681,100,3681,1,0
E,G,E,9913,100,9913,1,0
E,H,E,9649,100,9649,1,0
A,F,F,3476,100,3476,1,0
B,F,F,1440,100,1440,1,0
C,F,F,7204,100,7204,1,0
D,F,F,6349,100,6349,1,0
E,F,F,3680,100,3680,1,0
F,G,F,7379,100,7379,1,0
F,H,F,6253,100,6253,1,0
A,G,G,9599,100,9599,1,0
B,G,G,7216,100,7216,1,0
C,G,G,1625,100,1625,1,0
D,G,G,9214,100,9214,1,0
E,G,G,9891,100,9891,1,0
F,G,G,7363,100,7363,1,0
G,H,G,9303,100,9303,1,0
A,H,H,9403,100,9403,1,0
B,H,H,6238,100,6238,1,0
C,H,H,9069,100,9069,1,0
D,H,H,1369,100,1369,1,0
E,H,H,9631,100,9631,1,0
F,H,H,6262,100,6262,1,0
G,H,H,9317,100,9317,1,0
A,B,A,3656,100,3656,1,0
A,C,A,9290,100,9290,1,0
A,D,A,9275,100,9275,1,0
A,E,A,1419,100,1419,1,0
A,F,A,3476,100,3476,1,0
A,G,A,9624,100,9624,1,0
A,H,A,9344,100,9344,1,0
A,B,B,3618,100,3618,1,0
B,C,B,6701,100,6701,1,0
B,D,B,5980,100,5980,1,0
B,E,B,4328,100,4328,1,0
B,F,B,1408,100,1408,1,0
B,G,B,7170,100,7170,1,0
B,H,B,6162,100,6162,1,0
A,C,C,9325,100,9325,1,0
B,C,C,6714,100,6714,1,0
C,D,C,8737,100,8737,1,0
C,E,C,9858,100,9858,1,0
C,F,C,7184,100,7184,1,0
C,G,C,1606,100,1606,1,0
C,H,C,9004,100,9004,1,0
A,D,D,9237,100,9237,1,0
B,D,D,5974,100,5974,1,0
C,D,D,8724,100,8724,1,0
D,E,D,9698,100,9698,1,0
D,F,D,6335,100,6335,1,0
D,G,D,9204,100,9204,1,0
D,H,D,1466,100,1466,1,0
A,E,E,1399,100,1399,1,0
B,E,E,4299,100,4299,1,0
C,E,E,9833,100,9833,1,0
D,E,E,9682,100,9682,1,0
E,F,E,3714,100,3714,1,0
E,G,E,9925,100,9925,1,0
E,H,E,9690,100,9690,1,0
A,F,F,3527,100,3527,1,0
B,F,F,1436,100,1436,1,0
C,F,F,7214,100,7214,1,0
D,F,F,6357,100,6357,1,0
E,F,F,3684,100,3684,1,0
F,G,F,7379,100,7379,1,0
F,H,F,6295,100,6295,1,0
A,G,G,9584,100,9584,1,0
B,G,G,7141,100,7141,1,0
C,G,G,1609,100,1609,1,0
D,G,G,9238,100,9238,1,0
E,G,G,9950,100,9950,1,0
F,G,G,7353,100,7353,1,0
G,H,G,9370,100,9370,1,0
A,H,H,9411,100,9411,1,0
B,H,H,6203,100,6203,1,0
C,H,H,9062,100,9062,1,0
D,H,H,1412,100,1412,1,0
E,H,H,9612,100,9612,1,0
F,H,H,6240,100,6240,1,0
G,H,H,9303,100,9303,1,0
A,B,A,3651,100,3651,1,0
A,C,A,9328,100,9328,1,0
A,D,A,9268,100,9268,1,0
A,E,A,1412,100,1412,1,0
A,F,A,3531,100,3531,1,0
A,G,A,9630,100,9630,1,0
A,H,A,9427,100,9427,1,0
A,B,B,3654,100,3654,1,0
B,C,B,6779,100,6779,1,0
B,D,B,5983,100,5983,1,0
B,E,B,4321,100,4321,1,0
B,F,B,1382,100,1382,1,0
B,G,B,7195,100,7195,1,0
B,H,B,6230,100,6230,1,0
A,C,C,9278,100,9278,1,0
B,C,C,6742,100,6742,1,0
C,D,C,8689,100,8689,1,0
C,E,C,9758,100,9758,1,0
C,F,C,7195,100,7195,1,0
C,G,C,1596,100,1596,1,0
C,H,C,9020,100,9020,1,0
A,D,D,9299,100,9299,1,0
B,D,D,5953,100,5953,1,0
C,D,D,8723,100,8723,1,0
D,E,D,9744,100,9744,1,0
D,F,D,6327,100,6327,1,0
D,G,D,9247,100,9247,1,0
D,H,D,1450,100,1450,1,0
A,E,E,1429,100,1429,1,0
B,E,E,4277,100,4277,1,0
C,E,E,9861,100,9861,1,0
D,E,E,9727,100,9727,1,0
E,F,E,3681,100,3681,1,0
E,G,E,9917,100,9917,1,0
E,H,E,9647,100,9647,1,0
A,F,F,3524,100,3524,1,0
B,F,F,1416,100,1416,1,0
C,F,F,7204,100,7204,1,0
D,F,F,6346,100,6346,1,0
E,F,F,3687,100,3687,1,0
F,G,F,7373,100,7373,1,0
F,H,F,6230,100,6230,1,0
A,G,G,9615,100,9615,1,0
B,G,G,7195,100,7195,1,0
C,G,G,1575,100,1575,1,0
D,G,G,9225,100,9225,1,0
E,G,G,9912,100,9912,1,0
F,G,G,7345,100,7345,1,0
G,H,G,9295,100,9295,1,0
A,H,H,9382,100,9382,1,0
B,H,H,6218,100,6218,1,0
C,H,H,9056,100,9056,1,0
D,H,H,1371,100,1371,1,0
E,H,H,9675,100,9675,1,0
F,H,H,6234,100,6234,1,0
G,H,H,9319,100,9319,1,0
A,B,A,3622,100,3622,1,0
A,C,A,9273,100,9273,1,0
A,D,A,9260,100,9260,1,0
A,E,A,1426,100,1426,1,0
A,F,A,3493,100,3493,1,0
A,G,A,9583,100,9583,1,0
A,H,A,9376,100,9376,1,0
A,B,B,3648,100,3648,1,0
B,C,B,6758,100,6758,1,0
B,D,B,5971,100,5971,1,0
B,E,B,4306,100,4306,1,0
B,F,B,1422,100,1422,1,0
B,G,B,7212,100,7212,1,0
B,H,B,6183,100,6183,1,0
A,C,C,9286,100,9286,1,0
B,C,C,6728,100,6728,1,0
C,D,C,8706,100,8706,1,0
C,E,C,9846,100,9846,1,0
C,F,C,7201,100,7201,1,0
C,G,C,1574,100,1574,1,0
C,H,C,9079,100,9079,1,0
A,D,D,9268,100,9268,1,0
B,D,D,5943,100,5943,1,0
C,D,D,8693,100,8693,1,0
D,E,D,9736,100,9736,1,0
D,F,D,6350,100,6350,1,0
D,G,D,9251,100,9251,1,0
D,H,D,1440,100,1440,1,0
A,E,E,1480,100,1480,1,0
B,E,E,4286,100,4286,1,0
C,E,E,9820,100,9820,1,0
D,E,E,9674,100,9674,1,0
E,F,E,3708,100,3708,1,0
E,G,E,9908,100,9908,1,0
E,H,E,9638,100,9638,1,0
A,F,F,3506,100,3506,1,0
B,F,F,1400,100,1400,1,0
C,F,F,7217,100,7217,1,0
D,F,F,6376,100,6376,1,0
E,F,F,3683,100,3683,1,0
F,G,F,7343,100,7343,1,0
F,H,F,6315,100,6315,1,0
A,G,G,9631,100,9631,1,0
B,G,G,7206,100,7206,1,0
C,G,G,1565,100,1565,1,0
D,G,G,9236,100,9236,1,0
E,G,G,9918,100,9918,1,0
F,G,G,7362,100,7362,1,0
G,H,G,9305,100,9305,1,0
A,H,H,9451,100,9451,1,0
B,H,H,6173,100,6173,1,0
C,H,H,9033,100,9033,1,0
D,H,H,1430,100,1430,1,0
E,H,H,9631,100,9631,1,0
F,H,H,6266,100,6266,1,0
G,H,H,9360,100,9360,1,0
A,B,A,3637,100,3637,1,0
A,C,A,9316,100,9316,1,0
A,D,A,9249,100,9249,1,0
A,E,A,1412,100,1412,1,0
A,F,A,3535,100,3535,1,0
A,G,A,9586,100,9586,1,0
A,H,A,9406,100,9406,1,0
A,B,B,3633,100,3633,1,0
B,C,B,6709,100,6709,1,0
B,D,B,5958,100,5958,1,0
B,E,B,4336,100,4336,1,0
B,F,B,1416,100,1416,1,0
B,G,B,7187,100,7187,1,0
B,H,B,6203,100,6203,1,0
A,C,C,9257,100,9257,1,0
B,C,C,6759,100,6759,1,0
C,D,C,8694,100,8694,1,0
C,E,C,9846,100,9846,1,0
C,F,C,7204,100,7204,1,0
C,G,C,1583,100,1583,1,0
C,H,C,9064,100,9064,1,0
A,D,D,9258,100,9258,1,0
B,D,D,5956,100,5956,1,0
C,D,D,8722,100,8722,1,0
D,E,D,9738,100,9738,1,0
D,F,D,6325,100,6325,1,0
D,G,D,9252,100,9252,1,0
D,H,D,1433,100,1433,1,0
A,E,E,1437,100,1437,1,0
B,E,E,4341,100,4341,1,0
C,E,E,9834,100,9834,1,0
D,E,E,9738,100,9738,1,0
E,F,E,3687,100,3687,1,0
E,G,E,9905,100,9905,1,0
E,H,E,9612,100,9612,1,0
A,F,F,3516,100,3516,1,0
B,F,F,1398,100,1398,1,0
C,F,F,7239,100,7239,1,0
D,F,F,6331,100,6331,1,0
E,F,F,3697,100,3697,1,0
F,G,F,7373,100,7373,1,0
F,H,F,6270,100,6270,1,0
A,G,G,9628,100,9628,1,0
B,G,G,7223,100,7223,1,0
C,G,G,1533,100,1533,1,0
D,G,G,9228,100,9228,1,0
E,G,G,9907,100,9907,1,0
F,G,G,7361,100,7361,1,0
G,H,G,9323,100,9323,1,0
A,H,H,9369,100,9369,1,0
B,H,H,6215,100,6215,1,0
C,H,H,9072,100,9072,1,0
D,H,H,1470,100,1470,1,0
E,H,H,9656,100,9656,1,0
F,H,H,6257,100,6257,1,0
G,H,H,9320,100,9320,1,0
A,B,A,3651,100,3651,1,0
A,C,A,9276,100,9276,1,0
A,D,A,9286,100,9286,1,0
A,E,A,1459,100,1459,1,0
A,F,A,3529,100,3529,1,0
A,G,A,9551,100,9551,1,0
A,H,A,9395,100,9395,1,0
A,B,B,3663,100,3663,1,0
B,C,B,6716,100,6716,1,0
B,D,B,5966,100,5966,1,0
B,E,B,4315,100,4315,1,0
B,F,B,1389,100,1389,1,0
B,G,B,7183,100,7183,1,0
B,H,B,6231,100,6231,1,0
A,C,C,9269,100,9269,1,0
B,C,C,6775,100,6775,1,0
C,D,C,8707,100,8707,1,0
C,E,C,9838,100,9838,1,0
C,F,C,7184,100,7184,1,0
C,G,C,1564,100,1564,1,0
C,H,C,9040,100,9040,1,0
A,D,D,9307,100,9307,1,0
B,D,D,5977,100,5977,1,0
C,D,D,8725,100,8725,1,0
D,E,D,9736,100,9736,1,0
D,F,D,6352,100,6352,1,0
D,G,D,9210,100,9210,1,0
D,H,D,1441,100,1441,1,0
A,E,E,1466,100,1466,1,0
B,E,E,4344,100,4344,1,0
C,E,E,9843,100,9843,1,0
D,E,E,9728,100,9728,1,0
E,F,E,3724,100,3724,1,0
E,G,E,9915,100,9915,1,0
E,H,E,9627,100,9627,1,0
A,F,F,3581,100,3581,1,0
B,F,F,1444,100,1444,1,0
C,F,F,7210,100,7210,1,0
D,F,F,6316,100,6316,1,0
E,F,F,3654,100,3654,1,0
F,G,F,7349,100,7349,1,0
F,H,F,6315,100,6315,1,0
A,G,G,9623,100,9623,1,0
B,G,G,7190,100,7190,1,0
C,G,G,1554,100,1554,1,0
D,G,G,9250,100,9250,1,0
E,G,G,9954,100,9954,1,0
F,G,G,7360,100,7360,1,0
G,H,G,9361,100,9361,1,0
A,H,H,9401,100,9401,1,0
B,H,H,6247,100,6247,1,0
C,H,H,9082,100,9082,1,0
D,H,H,1433,100,1433,1,0
E,H,H,9646,100,9646,1,0
F,H,H,6256,100,6256,1,0
G,H,H,9337,100,9337,1,0
A,B,A,3623,100,3623,1,0
A,C,A,9298,100,9298,1,0
A,D,A,9254,100,9254,1,0
A,E,A,1454,100,1454,1,0
A,F,A,3526,100,3526,1,0
A,G,A,9605,100,9605,1,0
A,H,A,9379,100,9379,1,0
A,B,B,3631,100,3631,1,0
B,C,B,6762,100,6762,1,0
B,D,B,5915,100,5915,1,0
B,E,B,4296,100,4296,1,0
B,F,B,1429,100,1429,1,0
B,G,B,7206,100,7206,1,0
B,H,B,6234,100,6234,1,0
A,C,C,9336,100,9336,1,0
B,C,C,6704,100,6704,1,0
C,D,C,8763,100,8763,1,0
C,E,C,9841,100,9841,1,0
C,F,C,7203,100,7203,1,0
C,G,C,1573,100,1573,1,0
C,H,C,9069,100,9069,1,0
A,D,D,9259,100,9259,1,0
B,D,D,5956,100,5956,1,0
C,D,D,8745,100,8745,1,0
D,E,D,9733,100,9733,1,0
D,F,D,6313,100,6313,1,0
D,G,D,9232,100,9232,1,0
D,H,D,1377,100,1377,1,0
A,E,E,1565,100,1565,1,0
B,E,E,4302,100,4302,1,0
C,E,E,9826,100,9826,1,0
D,E,E,9726,100,9726,1,0
E,F,E,3646,100,3646,1,0
E,G,E,9951,100,9951,1,0
E,H,E,9631,100,9631,1,0
A,F,F,3512,100,3512,1,0
B,F,F,1383,100,1383,1,0
C,F,F,7240,100,7240,1,0
D,F,F,6341,100,6341,1,0
E,F,F,3657,100,3657,1,0
F,G,F,7366,100,7366,1,0
F,H,F,6336,100,6336,1,0
A,G,G,9639,100,9639,1,0
B,G,G,7211,100,7211,1,0
C,G,G,1621,100,1621,1,0
D,G,G,9252,100,9252,1,0
E,G,G,9868,100,9868,1,0
F,G,G,7334,100,7334,1,0
G,H,G,9339,100,9339,1,0
A,H,H,9390,100,9390,1,0
B,H,H,6194,100,6194,1,0
C,H,H,9064,100,9064,1,0
D,H,H,1445,100,1445,1,0
E,H,H,9658,100,9658,1,0
F,H,H,6288,100,6288,1,0
G,H,H,9349,100,9349,1,0
A,B,A,3647,100,3647,1,0
A,C,A,9268,100,9268,1,0
A,D,A,9268,100,9268,1,0
A,E,A,1453,100,1453,1,0
A,F,A,3558,100,3558,1,0
A,G,A,9576,100,9576,1,0
A,H,A,9384,100,9384,1,0
A,B,B,3658,100,3658,1,0
B,C,B,6718,100,6718,1,0
B,D,B,6001,100,6001,1,0
B,E,B,4287,100,4287,1,0
B,F,B,1434,100,1434,1,0
B,G,B,7183,100,7183,1,0
B,H,B,6155,100,6155,1,0
A,C,C,9281,100,9281,1,0
B,C,C,6710,100,6710,1,0
C,D,C,8743,100,8743,1,0
C,E,C,9853,100,9853,1,0
C,F,C,7223,100,7223,1,0
C,G,C,1557,100,1557,1,0
C,H,C,9041,100,9041,1,0
A,D,D,9264,100,9264,1,0
B,D,D,5976,100,5976,1,0
C,D,D,8709,100,8709,1,0
D,E,D,9690,100,9690,1,0
D,F,D,6356,100,6356,1,0
D,G,D,9253,100,9253,1,0
D,H,D,1402,100,1402,1,0
A,E,E,1451,100,1451,1,0
B,E,E,4310,100,4310,1,0
C,E,E,9794,100,9794,1,0
D,E,E,9727,100,9727,1,0
E,F,E,3704,100,3704,1,0
E,G,E,9938,100,9938,1,0
E,H,E,9664,100,9664,1,0
A,F,F,3574,100,3574,1,0
B,F,F,1405,100,1405,1,0
C,F,F,7222,100,7222,1,0
D,F,F,6347,100,6347,1,0
E,F,F,3688,100,3688,1,0
F,G,F,7357,100,7357,1,0
F,H,F,6244,100,6244,1,0
A,G,G,9613,100,9613,1,0
B,G,G,7187,100,7187,1,0
C,G,G,1592,100,1592,1,0
D,G,G,9271,100,9271,1,0
E,G,G,9903,100,9903,1,0
F,G,G,7384,100,7384,1,0
G,H,G,9338,100,9338,1,0
A,H,H,9411,100,9411,1,0
B,H,H,6187,100,6187,1,0
C,H,H,9073,100,9073,1,0
D,H,H,1394,100,1394,1,0
E,H,H,9654,100,9654,1,0
F,H,H,6305,100,6305,1,0
G,H,H,9315,100,9315,1,0
A,B,A,3670,100,3670,1,0
A,C,A,9309,100,9309,1,0
A,D,A,9286,100,9286,1,0
A,E,A,1409,100,1409,1,0
A,F,A,3554,100,3554,1,0
A,G,A,9641,100,9641,1,0
A,H,A,9378,100,9378,1,0
A,B,B,3655,100,3655,1,0
B,C,B,6744,100,6744,1,0
B,D,B,6003,100,6003,1,0
B,E,B,4312,100,4312,1,0
B,F,B,1420,100,1420,1,0
B,G,B,7174,100,7174,1,0
B,H,B,6202,100,6202,1,0
A,C,C,9302,100,9302,1,0
B,C,C,6724,100,6724,1,0
C,D,C,8739,100,8739,1,0
C,E,C,9809,100,9809,1,0
C,F,C,7212,100,7212,1,0
C,G,C,1566,100,1566,1,0
C,H,C,9067,100,9067,1,0
A,D,D,9289,100,9289,1,0
B,D,D,5922,100,5922,1,0
C,D,D,8721,100,8721,1,0
D,E,D,9731,100,9731,1,0
D,F,D,6393,100,6393,1,0
D,G,D,9270,100,9270,1,0
D,H,D,1421,100,1421,1,0
A,E,E,1392,100,1392,1,0
B,E,E,4295,100,4295,1,0
C,E,E,9874,100,9874,1,0
D,E,E,9750,100,9750,1,0
E,F,E,3720,100,3720,1,0
E,G,E,9904,100,9904,1,0
E,H,E,9641,100,9641,1,0
A,F,F,3528,100,3528,1,0
B,F,F,1396,100,1396,1,0
C,F,F,7225,100,7225,1,0
D,F,F,6356,100,6356,1,0
E,F,F,3682,100,3682,1,0
F,G,F,7355,100,7355,1,0
F,H,F,6321,100,6321,1,0
A,G,G,9587,100,9587,1,0
B,G,G,7194,100,7194,1,0
C,G,G,1611,100,1611,1,0
D,G,G,9250,100,9250,1,0
E,G,G,9900,100,9900,1,0
F,G,G,7400,100,7400,1,0
G,H,G,9353,100,9353,1,0
A,H,H,9429,100,9429,1,0
B,H,H,6146,100,6146,1,0
C,H,H,9042,100,9042,1,0
D,H,H,1417,100,1417,1,0
E,H,H,9654,100,9654,1,0
F,H,H,6264,100,6264,1,0
G,H,H,9329,100,9329,1,0
A,B,A,3607,100,3607,1,0
A,C,A,9316,100,9316,1,0
A,D,A,9266,100,9266,1,0
A,E,A,1450,100,1450,1,0
A,F,A,3534,100,3534,1,0
A,G,A,9588,100,9588,1,0
A,H,A,9450,100,9450,1,0
A,B,B,3662,100,3662,1,0
B,C,B,6746,100,6746,1,0
B,D,B,5958,100,5958,1,0
B,E,B,4328,100,4328,1,0
B,F,B,1422,100,1422,1,0
B,G,B,7185,100,7185,1,0
B,H,B,6179,100,6179,1,0
A,C,C,9339,100,9339,1,0
B,C,C,6750,100,6750,1,0
C,D,C,8725,100,8725,1,0
C,E,C,9800,100,9800,1,0
C,F,C,7207,100,7207,1,0
C,G,C,1608,100,1608,1,0
C,H,C,9092,100,9092,1,0
A,D,D,9259,100,9259,1,0
B,D,D,5938,100,5938,1,0
C,D,D,8709,100,8709,1,0
D,E,D,9685,100,9685,1,0
D,F,D,6325,100,6325,1,0
D,G,D,9230,100,9230,1,0
D,H,D,1416,100,1416,1,0
A,E,E,1445,100,1445,1,0
B,E,E,4325,100,4325,1,0
C,E,E,9789,100,9789,1,0
D,E,E,9827,100,9827,1,0
E,F,E,3699,100,3699,1,0
E,G,E,9907,100,9907,1,0
E,H,E,9666,100,9666,1,0
A,F,F,3532,100,3532,1,0
B,F,F,1410,100,1410,1,0
C,F,F,7217,100,7217,1,0
D,F,F,6346,100,6346,1,0
E,F,F,3677,100,3677,1,0
F,G,F,7403,100,7403,1,0
F,H,F,6282,100,6282,1,0
A,G,G,9594,100,9594,1,0
B,G,G,7198,100,7198,1,0
C,G,G,1544,100,1544,1,0
D,G,G,9209,100,9209,1,0
E,G,G,9929,100,9929,1,0
F,G,G,7374,100,7374,1,0
G,H,G,9314,100,9314,1,0
A,H,H,9397,100,9397,1,0
B,H,H,6238,100,6238,1,0
C,H,H,9047,100,9047,1,0
D,H,H,1418,100,1418,1,0
E,H,H,9661,100,9661,1,0
F,H,H,6270,100,6270,1,0
G,H,H,9326,100,9326,1,0
A,B,A,3639,100,3639,1,0
A,C,A,9322,100,9322,1,0
A,D,A,9295,100,9295,1,0
A,E,A,1442,100,1442,1,0
A,F,A,3549,100,3549,1,0
A,G,A,9598,100,9598,1,0
A,H,A,9434,100,9434,1,0
A,B,B,3618,100,3618,1,0
B,C,B,6724,100,6724,1,0
B,D,B,5971,100,5971,1,0
B,E,B,4309,100,4309,1,0
B,F,B,1398,100,1398,1,0
B,G,B,7182,100,7182,1,0
B,H,B,6224,100,6224,1,0
A,C,C,9280,100,9280,1,0
B,C,C,6749,100,6749,1,0
C,D,C,8672,100,8672,1,0
C,E,C,9789,100,9789,1,0
C,F,C,7164,100,7164,1,0
C,G,C,1613,100,1613,1,0
C,H,C,9047,100,9047,1,0
A,D,D,9244,100,9244,1,0
B,D,D,5950,100,5950,1,0
C,D,D,8733,100,8733,1,0
D,E,D,9763,100,9763,1,0
D,F,D,6338,100,6338,1,0
D,G,D,9213,100,9213,1,0
D,H,D,1348,100,1348,1,0
A,E,E,1420,100,1420,1,0
B,E,E,4292,100,4292,1,0
C,E,E,9829,100,9829,1,0
D,E,E,9722,100,9722,1,0
E,F,E,3678,100,3678,1,0
E,G,E,9950,100,9950,1,0
E,H,E,9622,100,9622,1,0
A,F,F,3580,100,3580,1,0
B,F,F,1385,100,1385,1,0
C,F,F,7184,100,7184,1,0
D,F,F,6386,100,6386,1,0
E,F,F,3744,100,3744,1,0
F,G,F,7366,100,7366,1,0
F,H,F,6264,100,6264,1,0
A,G,G,9588,100,9588,1,0
B,G,G,7199,100,7199,1,0
C,G,G,1549,100,1549,1,0
D,G,G,9251,100,9251,1,0
E,G,G,9904,100,9904,1,0
F,G,G,7343,100,7343,1,0
G,H,G,9357,100,9357,1,0
A,H,H,9384,100,9384,1,0
B,H,H,6209,100,6209,1,0
C,H,H,9034,100,9034,1,0
D,H,H,1407,100,1407,1,0
E,H,H,9640,100,9640,1,0
F,H,H,6264,100,6264,1,0
G,H,H,9329,100,9329,1,0
A,B,A,3625,100,3625,1,0
A,C,A,9277,100,9277,1,0
A,D,A,9289,100,9289,1,0
A,E,A,1461,100,1461,1,0
A,F,A,3505,100,3505,1,0
A,G,A,9593,100,9593,1,0
A,H,A,9392,100,9392,1,0
A,B,B,3643,100,3643,1,0
B,C,B,6752,100,6752,1,0
B,D,B,5962,100,5962,1,0
B,E,B,4277,100,4277,1,0
B,F,B,1394,100,1394,1,0
B,G,B,7196,100,7196,1,0
B,H,B,6208,100,6208,1,0
A,C,C,9318,100,9318,1,0
B,C,C,6743,100,6743,1,0
C,D,C,8766,100,8766,1,0
C,E,C,9782,100,9782,1,0
C,F,C,7207,100,7207,1,0
C,G,C,1542,100,1542,1,0
C,H,C,9046,100,9046,1,0
A,D,D,9268,100,9268,1,0
B,D,D,5984,100,5984,1,0
C,D,D,8719,100,8719,1,0
D,E,D,9720,100,9720,1,0
D,F,D,6349,100,6349,1,0
D,G,D,9240,100,9240,1,0
D,H,D,1415,100,1415,1,0
A,E,E,1485,100,1485,1,0
B,E,E,4293,100,4293,1,0
C,E,E,9834,100,9834,1,0
D,E,E,9715,100,9715,1,0
E,F,E,3710,100,3710,1,0
E,G,E,9912,100,9912,1,0
E,H,E,9666,100,9666,1,0
A,F,F,3552,100,3552,1,0
B,F,F,1400,100,1400,1,0
C,F,F,7249,100,7249,1,0
D,F,F,6361,100,6361,1,0
E,F,F,3702,100,3702,1,0
F,G,F,7368,100,7368,1,0
F,H,F,6258,100,6258,1,0
A,G,G,9611,100,9611,1,0
B,G,G,7203,100,7203,1,0
C,G,G,1572,100,1572,1,0
D,G,G,9279,100,9279,1,0
E,G,G,9919,100,9919,1,0
F,G,G,7374,100,7374,1,0
G,H,G,9318,100,9318,1,0
A,H,H,9405,100,9405,1,0
B,H,H,6222,100,6222,1,0
C,H,H,9070,100,9070,1,0
D,H,H,1413,100,1413,1,0
E,H,H,9637,100,9637,1,0
F,H,H,6238,100,6238,1,0
G,H,H,9316,100,9316,1,0
A,B,A,3615,100,3615,1,0
A,C,A,9279,100,9279,1,0
A,D,A,9272,100,9272,1,0
A,E,A,1463,100,1463,1,0
A,F,A,3502,100,3502,1,0
A,G,A,9564,100,9564,1,0
A,H,A,9391,100,9391,1,0
A,B,B,3621,100,3621,1,0
B,C,B,6731,100,6731,1,0
B,D,B,5949,100,5949,1,0
B,E,B,4294,100,4294,1,0
B,F,B,1390,100,1390,1,0
B,G,B,7182,100,7182,1,0
B,H,B,6243,100,6243,1,0
A,C,C,9326,100,9326,1,0
B,C,C,6745,100,6745,1,0
C,D,C,8753,100,8753,1,0
C,E,C,9797,100,9797,1,0
C,F,C,7233,100,7233,1,0
C,G,C,1584,100,1584,1,0
C,H,C,9085,100,9085,1,0
A,D,D,9269,100,9269,1,0
B,D,D,5957,100,5957,1,0
C,D,D,8717,100,8717,1,0
D,E,D,9797,100,9797,1,0
D,F,D,6333,100,6333,1,0
D,G,D,9248,100,9248,1,0
D,H,D,1445,100,1445,1,0
A,E,E,1393,100,1393,1,0
B,E,E,4356,100,4356,1,0
C,E,E,9801,100,9801,1,0
D,E,E,9703,100,9703,1,0
E,F,E,3645,100,3645,1,0
E,G,E,9926,100,9926,1,0
E,H,E,9665,100,9665,1,0
A,F,F,3550,100,3550,1,0
B,F,F,1396,100,1396,1,0
C,F,F,7230,100,7230,1,0
D,F,F,6330,100,6330,1,0
E,F,F,3709,100,3709,1,0
F,G,F,7349,100,7349,1,0
F,H,F,6250,100,6250,1,0
A,G,G,9574,100,9574,1,0
B,G,G,7182,100,7182,1,0
C,G,G,1543,100,1543,1,0
D,G,G,9255,100,9255,1,0
E,G,G,9921,100,9921,1,0
F,G,G,7375,100,7375,1,0
G,H,G,9311,100,9311,1,0
A,H,H,9396,100,9396,1,0
B,H,H,6141,100,6141,1,0
C,H,H,9002,100,9002,1,0
D,H,H,1402,100,1402,1,0
E,H,H,9626,100,9626,1,0
F,H,H,6253,100,6253,1,0
G,H,H,9354,100,9354,1,0
A,B,A,3629,100,3629,1,0
A,C,A,9323,100,9323,1,0
A,D,A,9276,100,9276,1,0
A,E,A,1436,100,1436,1,0
A,F,A,3546,100,3546,1,0
A,G,A,9636,100,9636,1,0
A,H,A,9394,100,9394,1,0
A,B,B,3631,100,3631,1,0
B,C,B,6719,100,6719,1,0
B,D,B,5955,100,5955,1,0
B,E,B,4314,100,4314,1,0
B,F,B,1429,100,1429,1,0
B,G,B,7169,100,7169,1,0
B,H,B,6215,100,6215,1,0
A,C,C,9350,100,9350,1,0
B,C,C,6740,100,6740,1,0
C,D,C,8742,100,8742,1,0
C,E,C,9845,100,9845,1,0
C,F,C,7210,100,7210,1,0
C,G,C,1565,100,1565,1,0
C,H,C,9029,100,9029,1,0
A,D,D,9262,100,9262,1,0
B,D,D,5956,100,5956,1,0
C,D,D,8726,100,8726,1,0
D,E,D,9714,100,9714,1,0
D,F,D,6356,100,6356,1,0
D,G,D,9252,100,9252,1,0
D,H,D,1355,100,1355,1,0
A,E,E,1422,100,1422,1,0
B,E,E,4349,100,4349,1,0
C,E,E,9827,100,9827,1,0
D,E,E,9690,100,9690,1,0
E,F,E,3686,100,3686,1,0
E,G,E,9915,100,9915,1,0
E,H,E,9708,100,9708,1,0
A,F,F,3552,100,3552,1,0
B,F,F,1385,100,1385,1,0
C,F,F,7219,100,7219,1,0
D,F,F,6344,100,6344,1,0
E,F,F,3686,100,3686,1,0
F,G,F,7355,100,7355,1,0
F,H,F,6274,100,6274,1,0
A,G,G,9610,100,9610,1,0
B,G,G,7172,100,7172,1,0
C,G,G,1620,100,1620,1,0
D,G,G,9229,100,9229,1,0
E,G,G,9929,100,9929,1,0
F,G,G,7380,100,7380,1,0
G,H,G,9278,100,9278,1,0
A,H,H,9398,100,9398,1,0
B,H,H,6220,100,6220,1,0
C,H,H,9020,100,9020,1,0
D,H,H,1413,100,1413,1,0
E,H,H,9696,100,9696,1,0
F,H,H,6282,100,6282,1,0
G,H,H,9311,100,9311,1,0
A,B,A,3651,100,3651,1,0
A,C,A,9288,100,9288,1,0
A,D,A,9282,100,9282,1,0
A,E,A,1411,100,1411,1,0
A,F,A,3557,100,3557,1,0
A,G,A,9577,100,9577,1,0
A,H,A,9432,100,9432,1,0
A,B,B,3654,100,3654,1,0
B,C,B,6698,100,6698,1,0
B,D,B,5953,100,5953,1,0
B,E,B,4330,100,4330,1,0
B,F,B,1396,100,1396,1,0
B,G,B,7188,100,7188,1,0
B,H,B,6187,100,6187,1,0
A,C,C,9254,100,9254,1,0
B,C,C,6750,100,6750,1,0
C,D,C,8721,100,8721,1,0
C,E,C,9842,100,9842,1,0
C,F,C,7215,100,7215,1,0
C,G,C,1565,100,1565,1,0
C,H,C,9023,100,9023,1,0
A,D,D,9290,100,9290,1,0
B,D,D,5920,100,5920,1,0
C,D,D,8683,100,8683,1,0
D,E,D,9716,100,9716,1,0
D,F,D,6364,100,6364,1,0
D,G,D,9241,100,9241,1,0
D,H,D,1410,100,1410,1,0
A,E,E,1427,100,1427,1,0
B,E,E,4305,100,4305,1,0
C,E,E,9622,100,9622,1,0
D,E,E,9684,100,9684,1,0
E,F,E,3718,100,3718,1,0
E,G,E,9902,100,9902,1,0
E,H,E,9661,100,9661,1,0
A,F,F,3555,100,3555,1,0
B,F,F,1405,100,1405,1,0
C,F,F,7216,100,7216,1,0
D,F,F,6351,100,6351,1,0
E,F,F,3701,100,3701,1,0
F,G,F,7364,100,7364,1,0
F,H,F,6292,100,6292,1,0
A,G,G,9589,100,9589,1,0
B,G,G,7142,100,7142,1,0
C,G,G,1587,100,1587,1,0
D,G,G,9227,100,9227,1,0
E,G,G,9923,100,9923,1,0
F,G,G,7355,100,7355,1,0
G,H,G,9325,100,9325,1,0
A,H,H,9424,100,9424,1,0
B,H,H,6200,100,6200,1,0
C,H,H,9072,100,9072,1,0
D,H,H,1461,100,1461,1,0
E,H,H,9684,100,9684,1,0
F,H,H,6271,100,6271,1,0
G,H,H,9343,100,9343,1,0
A,B,A,3632,100,3632,1,0
A,C,A,9255,100,9255,1,0
A,D,A,9256,100,9256,1,0
A,E,A,1440,100,1440,1,0
A,F,A,3521,100,3521,1,0
A,G,A,9560,100,9560,1,0
A,H,A,9390,100,9390,1,0
A,B,B,3633,100,3633,1,0
B,C,B,6716,100,6716,1,0
B,D,B,5983,100,5983,1,0
B,E,B,4290,100,4290,1,0
B,F,B,1393,100,1393,1,0
B,G,B,7205,100,7205,1,0
B,H,B,6234,100,6234,1,0
A,C,C,9289,100,9289,1,0
B,C,C,6768,100,6768,1,0
C,D,C,8724,100,8724,1,0
C,E,C,9838,100,9838,1,0
C,F,C,7204,100,7204,1,0
C,G,C,1602,100,1602,1,0
C,H,C,9082,100,9082,1,0
A,D,D,9278,100,9278,1,0
B,D,D,5955,100,5955,1,0
C,D,D,8744,100,8744,1,0
D,E,D,9753,100,9753,1,0
D,F,D,6328,100,6328,1,0
D,G,D,9251,100,9251,1,0
D,H,D,1461,100,1461,1,0
A,E,E,1423,100,1423,1,0
B,E,E,4323,100,4323,1,0
C,E,E,9854,100,9854,1,0
D,E,E,9731,100,9731,1,0
E,F,E,3691,100,3691,1,0
E,G,E,9946,100,9946,1,0
E,H,E,9630,100,9630,1,0
A,F,F,3548,100,3548,1,0
B,F,F,1400,100,1400,1,0
C,F,F,7182,100,7182,1,0
D,F,F,6358,100,6358,1,0
E,F,F,3730,100,3730,1,0
F,G,F,7358,100,7358,1,0
F,H,F,6313,100,6313,1,0
A,G,G,9605,100,9605,1,0
B,G,G,7212,100,7212,1,0
C,G,G,1591,100,1591,1,0
D,G,G,9259,100,9259,1,0
E,G,G,9914,100,9914,1,0
F,G,G,7364,100,7364,1,0
G,H,G,9297,100,9297,1,0
A,H,H,9409,100,9409,1,0
B,H,H,6157,100,6157,1,0
C,H,H,9054,100,9054,1,0
D,H,H,1375,100,1375,1,0
E,H,H,9673,100,9673,1,0
F,H,H,6284,100,6284,1,0
G,H,H,9335,100,9335,1,0
A,B,A,3663,100,3663,1,0
A,C,A,9309,100,9309,1,0
A,D,A,9279,100,9279,1,0
A,E,A,1426,100,1426,1,0
A,F,A,3557,100,3557,1,0
A,G,A,9547,100,9547,1,0
A,H,A,9403,100,9403,1,0
A,B,B,3626,100,3626,1,0
B,C,B,6758,100,6758,1,0
B,D,B,5989,100,5989,1,0
B,E,B,4297,100,4297,1,0
B,F,B,1442,100,1442,1,0
B,G,B,7177,100,7177,1,0
B,H,B,6173,100,6173,1,0
A,C,C,9228,100,9228,1,0
B,C,C,6744,100,6744,1,0
C,D,C,8734,100,8734,1,0
C,E,C,9860,100,9860,1,0
C,F,C,7200,100,7200,1,0
C,G,C,1552,100,1552,1,0
C,H,C,9026,100,9026,1,0
A,D,D,9277,100,9277,1,0
B,D,D,5956,100,5956,1,0
C,D,D,8734,100,8734,1,0
D,E,D,9676,100,9676,1,0
D,F,D,6314,100,6314,1,0
D,G,D,9247,100,9247,1,0
D,H,D,1457,100,1457,1,0
A,E,E,1444,100,1444,1,0
B,E,E,4380,100,4380,1,0
C,E,E,9835,100,9835,1,0
D,E,E,9727,100,9727,1,0
E,F,E,3706,100,3706,1,0
E,G,E,9906,100,9906,1,0
E,H,E,9683,100,9683,1,0
A,F,F,3540,100,3540,1,0
B,F,F,1441,100,1441,1,0
C,F,F,7198,100,7198,1,0
D,F,F,6366,100,6366,1,0
E,F,F,3692,100,3692,1,0
F,G,F,7374,100,7374,1,0
F,H,F,6312,100,6312,1,0
A,G,G,9646,100,9646,1,0
B,G,G,7199,100,7199,1,0
C,G,G,1612,100,1612,1,0
D,G,G,9225,100,9225,1,0
E,G,G,9881,100,9881,1,0
F,G,G,7360,100,7360,1,0
G,H,G,9293,100,9293,1,0
A,H,H,9377,100,9377,1,0
B,H,H,6215,100,6215,1,0
C,H,H,9049,100,9049,1,0
D,H,H,1401,100,1401,1,0
E,H,H,9643,100,9643,1,0
F,H,H,6310,100,6310,1,0
G,H,H,9345,100,9345,1,0
A,B,A,3603,100,3603,1,0
A,C,A,9307,100,9307,1,0
A,D,A,9276,100,9276,1,0
A,E,A,1433,100,1433,1,0
A,F,A,3527,100,3527,1,0
A,G,A,9607,100,9607,1,0
A,H,A,9389,100,9389,1,0
A,B,B,3635,100,3635,1,0
B,C,B,6739,100,6739,1,0
B,D,B,5976,100,5976,1,0
B,E,B,4316,100,4316,1,0
B,F,B,1425,100,1425,1,0
B,G,B,7162,100,7162,1,0
B,H,B,6217,100,6217,1,0
A,C,C,9299,100,9299,1,0
B,C,C,6716,100,6716,1,0
C,D,C,8733,100,8733,1,0
C,E,C,9814,100,9814,1,0
C,F,C,7244,100,7244,1,0
C,G,C,1571,100,1571,1,0
C,H,C,9034,100,9034,1,0
A,D,D,9283,100,9283,1,0
B,D,D,5987,100,5987,1,0
C,D,D,8703,100,8703,1,0
D,E,D,9704,100,9704,1,0
D,F,D,6346,100,6346,1,0
D,G,D,9224,100,9224,1,0
D,H,D,1427,100,1427,1,0
A,E,E,1419,100,1419,1,0
B,E,E,4276,100,4276,1,0
C,E,E,9900,100,9900,1,0
D,E,E,9674,100,9674,1,0
E,F,E,3709,100,3709,1,0
E,G,E,9945,100,9945,1,0
E,H,E,9680,100,9680,1,0
A,F,F,3512,100,3512,1,0
B,F,F,1411,100,1411,1,0
C,F,F,7214,100,7214,1,0
D,F,F,6327,100,6327,1,0
E,F,F,3674,100,3674,1,0
F,G,F,7366,100,7366,1,0
F,H,F,6333,100,6333,1,0
A,G,G,9606,100,9606,1,0
B,G,G,7200,100,7200,1,0
C,G,G,1602,100,1602,1,0
D,G,G,9222,100,9222,1,0
E,G,G,9928,100,9928,1,0
F,G,G,7364,100,7364,1,0
G,H,G,9319,100,9319,1,0
A,H,H,9401,100,9401,1,0
B,H,H,6207,100,6207,1,0
C,H,H,9051,100,9051,1,0
D,H,H,1396,100,1396,1,0
E,H,H,9642,100,9642,1,0
F,H,H,6326,100,6326,1,0
G,H,H,9322,100,9322,1,0
A,B,A,3632,100,3632,1,0
A,C,A,9301,100,9301,1,0
A,D,A,9259,100,9259,1,0
A,E,A,1459,100,1459,1,0
A,F,A,3519,100,3519,1,0
A,G,A,9548,100,9548,1,0
A,H,A,9390,100,9390,1,0
A,B,B,3654,100,3654,1,0
B,C,B,6738,100,6738,1,0
B,D,B,5948,100,5948,1,0
B,E,B,4299,100,4299,1,0
B,F,B,1400,100,1400,1,0
B,G,B,7184,100,7184,1,0
B,H,B,6269,100,6269,1,0
A,C,C,9238,100,9238,1,0
B,C,C,6743,100,6743,1,0
C,D,C,8742,100,8742,1,0
C,E,C,9814,100,9814,1,0
C,F,C,7216,100,7216,1,0
C,G,C,1523,100,1523,1,0
C,H,C,9089,100,9089,1,0
A,D,D,9244,100,9244,1,0
B,D,D,5990,100,5990,1,0
C,D,D,8714,100,8714,1,0
D,E,D,9749,100,9749,1,0
D,F,D,6366,100,6366,1,0
D,G,D,9234,100,9234,1,0
D,H,D,1463,100,1463,1,0
A,E,E,1425,100,1425,1,0
B,E,E,4270,100,4270,1,0
C,E,E,9859,100,9859,1,0
D,E,E,9767,100,9767,1,0
E,F,E,3669,100,3669,1,0
E,G,E,9903,100,9903,1,0
E,H,E,9654,100,9654,1,0
A,F,F,3514,100,3514,1,0
B,F,F,1372,100,1372,1,0
C,F,F,7230,100,7230,1,0
D,F,F,6378,100,6378,1,0
E,F,F,3679,100,3679,1,0
F,G,F,7365,100,7365,1,0
F,H,F,6262,100,6262,1,0
A,G,G,9561,100,9561,1,0
B,G,G,7190,100,7190,1,0
C,G,G,1613,100,1613,1,0
D,G,G,9245,100,9245,1,0
E,G,G,9940,100,9940,1,0
F,G,G,7365,100,7365,1,0
G,H,G,9327,100,9327,1,0
A,H,H,9351,100,9351,1,0
B,H,H,6219,100,6219,1,0
C,H,H,9053,100,9053,1,0
D,H,H,1426,100,1426,1,0
E,H,H,9639,100,9639,1,0
F,H,H,6270,100,6270,1,0
G,H,H,9365,100,9365,1,0
A,B,A,3589,100,3589,1,0
A,C,A,9284,100,9284,1,0
A,D,A,9299,100,9299,1,0
A,E,A,1393,100,1393,1,0
A,F,A,3533,100,3533,1,0
A,G,A,9612,100,9612,1,0
A,H,A,9370,100,9370,1,0
A,B,B,3640,100,3640,1,0
B,C,B,6745,100,6745,1,0
B,D,B,6018,100,6018,1,0
B,E,B,4338,100,4338,1,0
B,F,B,1436,100,1436,1,0
B,G,B,7215,100,7215,1,0
B,H,B,6184,100,6184,1,0
A,C,C,9331,100,9331,1,0
B,C,C,6699,100,6699,1,0
C,D,C,8777,100,8777,1,0
C,E,C,9826,100,9826,1,0
C,F,C,7197,100,7197,1,0
C,G,C,1550,100,1550,1,0
C,H,C,9041,100,9041,1,0
A,D,D,9280,100,9280,1,0
B,D,D,5957,100,5957,1,0
C,D,D,8721,100,8721,1,0
D,E,D,9736,100,9736,1,0
D,F,D,6348,100,6348,1,0
D,G,D,9241,100,9241,1,0
D,H,D,1413,100,1413,1,0
A,E,E,1460,100,1460,1,0
B,E,E,4285,100,4285,1,0
C,E,E,9837,100,9837,1,0
D,E,E,9768,100,9768,1,0
E,F,E,3659,100,3659,1,0
E,G,E,9899,100,9899,1,0
E,H,E,9651,100,9651,1,0
A,F,F,3510,100,3510,1,0
B,F,F,1426,100,1426,1,0
C,F,F,7212,100,7212,1,0
D,F,F,6357,100,6357,1,0
E,F,F,3676,100,3676,1,0
F,G,F,7377,100,7377,1,0
F,H,F,6238,100,6238,1,0
A,G,G,9546,100,9546,1,0
B,G,G,7186,100,7186,1,0
C,G,G,1608,100,1608,1,0
D,G,G,9228,100,9228,1,0
E,G,G,9922,100,9922,1,0
F,G,G,7349,100,7349,1,0
G,H,G,9370,100,9370,1,0
A,H,H,9416,100,9416,1,0
B,H,H,6214,100,6214,1,0
C,H,H,8995,100,8995,1,0
D,H,H,1404,100,1404,1,0
E,H,H,9644,100,9644,1,0
F,H,H,6241,100,6241,1,0
G,H,H,9331,100,9331,1,0
A,B,A,3600,100,3600,1,0
A,C,A,9279,100,9279,1,0
A,D,A,9289,100,9289,1,0
A,E,A,1474,100,1474,1,0
A,F,A,3476,100,3476,1,0
A,G,A,9604,100,9604,1,0
A,H,A,9449,100,9449,1,0
A,B,B,3601,100,3601,1,0
B,C,B,6739,100,6739,1,0
B,D,B,5962,100,5962,1,0
B,E,B,4344,100,4344,1,0
B,F,B,1428,100,1428,1,0
B,G,B,7203,100,7203,1,0
B,H,B,6215,100,6215,1,0
A,C,C,9305,100,9305,1,0
B,C,C,6731,100,6731,1,0
C,D,C,8736,100,8736,1,0
C,E,C,9793,100,9793,1,0
C,F,C,7214,100,7214,1,0
C,G,C,1608,100,1608,1,0
C,H,C,9037,100,9037,1,0
A,D,D,9266,100,9266,1,0
B,D,D,5932,100,5932,1,0
C,D,D,8751,100,8751,1,0
D,E,D,9730,100,9730,1,0
D,F,D,6408,100,6408,1,0
D,G,D,9244,100,9244,1,0
D,H,D,1406,100,1406,1,0
A,E,E,1436,100,1436,1,0
B,E,E,4371,100,4371,1,0
C,E,E,9832,100,9832,1,0
D,E,E,9636,100,9636,1,0
E,F,E,3685,100,3685,1,0
E,G,E,9923,100,9923,1,0
E,H,E,9647,100,9647,1,0
A,F,F,3516,100,3516,1,0
B,F,F,1364,100,1364,1,0
C,F,F,7204,100,7204,1,0
D,F,F,6362,100,6362,1,0
E,F,F,3722,100,3722,1,0
F,G,F,7386,100,7386,1,0
F,H,F,6295,100,6295,1,0
A,G,G,9615,100,9615,1,0
B,G,G,7186,100,7186,1,0
C,G,G,1620,100,1620,1,0
D,G,G,9273,100,9273,1,0
E,G,G,9940,100,9940,1,0
F,G,G,7333,100,7333,1,0
G,H,G,9310,100,9310,1,0
A,H,H,9424,100,9424,1,0
B,H,H,6188,100,6188,1,0
C,H,H,9073,100,9073,1,0
D,H,H,1471,100,1471,1,0
E,H,H,9706,100,9706,1,0
F,H,H,6265,100,6265,1,0
G,H,H,9312,100,9312,1,0
A,B,A,3681,100,3681,1,0
A,C,A,9263,100,9263,1,0
A,D,A,9264,100,9264,1,0
A,E,A,1429,100,1429,1,0
A,F,A,3480,100,3480,1,0
A,G,A,9598,100,9598,1,0
A,H,A,9404,100,9404,1,0
A,B,B,3655,100,3655,1,0
B,C,B,6747,100,6747,1,0
B,D,B,5962,100,5962,1,0
B,E,B,4327,100,4327,1,0
B,F,B,1403,100,1403,1,0
B,G,B,7187,100,7187,1,0
B,H,B,6177,100,6177,1,0
A,C,C,9319,100,9319,1,0
B,C,C,6798,100,6798,1,0
C,D,C,8755,100,8755,1,0
C,E,C,9810,100,9810,1,0
C,F,C,7187,100,7187,1,0
C,G,C,1588,100,1588,1,0
C,H,C,9030,100,9030,1,0
A,D,D,9275,100,9275,1,0
B,D,D,5943,100,5943,1,0
C,D,D,8701,100,8701,1,0
D,E,D,9720,100,9720,1,0
D,F,D,6370,100,6370,1,0
D,G,D,9237,100,9237,1,0
D,H,D,1444,100,1444,1,0
A,E,E,1394,100,1394,1,0
B,E,E,4294,100,4294,1,0
C,E,E,9805,100,9805,1,0
D,E,E,9738,100,9738,1,0
E,F,E,3727,100,3727,1,0
E,G,E,9912,100,9912,1,0
E,H,E,9701,100,9701,1,0
A,F,F,3514,100,3514,1,0
B,F,F,1369,100,1369,1,0
C,F,F,7225,100,7225,1,0
D,F,F,6343,100,6343,1,0
E,F,F,3704,100,3704,1,0
F,G,F,7364,100,7364,1,0
F,H,F,6237,100,6237,1,0
A,G,G,9619,100,9619,1,0
B,G,G,7192,100,7192,1,0
C,G,G,1607,100,1607,1,0
D,G,G,9222,100,9222,1,0
E,G,G,9918,100,9918,1,0
F,G,G,7360,100,7360,1,0
G,H,G,9342,100,9342,1,0
A,H,H,9375,100,9375,1,0
B,H,H,6202,100,6202,1,0
C,H,H,9002,100,9002,1,0
D,H,H,1439,100,1439,1,0
E,H,H,9653,100,9653,1,0
F,H,H,6261,100,6261,1,0
G,H,H,9320,100,9320,1,0
A,B,A,3665,100,3665,1,0
A,C,A,9308,100,9308,1,0
A,D,A,9270,100,9270,1,0
A,E,A,1394,100,1394,1,0
A,F,A,3524,100,3524,1,0
A,G,A,9603,100,9603,1,0
A,H,A,9408,100,9408,1,0
A,B,B,3679,100,3679,1,0
B,C,B,6730,100,6730,1,0
B,D,B,5985,100,5985,1,0
B,E,B,4320,100,4320,1,0
B,F,B,1379,100,1379,1,0
B,G,B,7206,100,7206,1,0
B,H,B,6213,100,6213,1,0
A,C,C,9291,100,9291,1,0
B,C,C,6792,100,6792,1,0
C,D,C,8689,100,8689,1,0
C,E,C,9804,100,9804,1,0
C,F,C,7231,100,7231,1,0
C,G,C,1576,100,1576,1,0
C,H,C,9064,100,9064,1,0
A,D,D,9260,100,9260,1,0
B,D,D,5919,100,5919,1,0
C,D,D,8751,100,8751,1,0
D,E,D,9732,100,9732,1,0
D,F,D,6379,100,6379,1,0
D,G,D,9239,100,9239,1,0
D,H,D,1406,100,1406,1,0
A,E,E,1478,100,1478,1,0
B,E,E,4301,100,4301,1,0
C,E,E,9808,100,9808,1,0
D,E,E,9684,100,9684,1,0
E,F,E,3726,100,3726,1,0
E,G,E,9919,100,9919,1,0
E,H,E,9669,100,9669,1,0
A,F,F,3498,100,3498,1,0
B,F,F,1421,100,1421,1,0
C,F,F,7209,100,7209,1,0
D,F,F,6353,100,6353,1,0
E,F,F,3707,100,3707,1,0
F,G,F,7356,100,7356,1,0
F,H,F,6286,100,6286,1,0
A,G,G,9636,100,9636,1,0
B,G,G,7176,100,7176,1,0
C,G,G,1587,100,1587,1,0
D,G,G,9251,100,9251,1,0
E,G,G,9929,100,9929,1,0
F,G,G,7362,100,7362,1,0
G,H,G,9355,100,9355,1,0
A,H,H,9394,100,9394,1,0
B,H,H,6240,100,6240,1,0
C,H,H,9044,100,9044,1,0
D,H,H,1396,100,1396,1,0
E,H,H,9692,100,9692,1,0
F,H,H,6254,100,6254,1,0
G,H,H,9333,100,9333,1,0
A,B,A,3612,100,3612,1,0
A,C,A,9296,100,9296,1,0
A,D,A,9259,100,9259,1,0
A,E,A,1458,100,1458,1,0
A,F,A,3519,100,3519,1,0
A,G,A,9540,100,9540,1,0
A,H,A,9402,100,9402,1,0
A,B,B,3645,100,3645,1,0
B,C,B,6723,100,6723,1,0
B,D,B,5916,100,5916,1,0
B,E,B,4334,100,4334,1,0
B,F,B,1403,100,1403,1,0
B,G,B,7215,100,7215,1,0
B,H,B,6187,100,6187,1,0
A,C,C,9259,100,9259,1,0
B,C,C,6726,100,6726,1,0
C,D,C,8698,100,8698,1,0
C,E,C,9828,100,9828,1,0
C,F,C,7186,100,7186,1,0
C,G,C,1566,100,1566,1,0
C,H,C,9069,100,9069,1,0
A,D,D,9251,100,9251,1,0
B,D,D,5930,100,5930,1,0
C,D,D,8722,100,8722,1,0
D,E,D,9655,100,9655,1,0
D,F,D,6367,100,6367,1,0
D,G,D,9271,100,9271,1,0
D,H,D,1461,100,1461,1,0
A,E,E,1434,100,1434,1,0
B,E,E,4308,100,4308,1,0
C,E,E,9877,100,9877,1,0
D,E,E,9745,100,9745,1,0
E,F,E,3676,100,3676,1,0
E,G,E,9918,100,9918,1,0
E,H,E,9661,100,9661,1,0
A,F,F,3491,100,3491,1,0
B,F,F,1438,100,1438,1,0
C,F,F,7239,100,7239,1,0
D,F,F,6355,100,6355,1,0
E,F,F,3753,100,3753,1,0
F,G,F,7366,100,7366,1,0
F,H,F,6244,100,6244,1,0
A,G,G,9630,100,9630,1,0
B,G,G,7169,100,7169,1,0
C,G,G,1571,100,1571,1,0
D,G,G,9278,100,9278,1,0
E,G,G,9896,100,9896,1,0
F,G,G,7377,100,7377,1,0
G,H,G,9348,100,9348,1,0
A,H,H,9386,100,9386,1,0
B,H,H,6175,100,6175,1,0
C,H,H,9048,100,9048,1,0
D,H,H,1375,100,1375,1,0
E,H,H,9680,100,9680,1,0
F,H,H,6263,100,6263,1,0
G,H,H,9292,100,9292,1,0
A,B,A,3629,100,3629,1,0
A,C,A,9267,100,9267,1,0
A,D,A,9308,100,9308,1,0
A,E,A,1435,100,1435,1,0
A,F,A,3519,100,3519,1,0
A,G,A,9625,100,9625,1,0
A,H,A,9433,100,9433,1,0
A,B,B,3612,100,3612,1,0
B,C,B,6776,100,6776,1,0
B,D,B,5968,100,5968,1,0
B,E,B,4354,100,4354,1,0
B,F,B,1347,100,1347,1,0
B,G,B,7199,100,7199,1,0
B,H,B,6196,100,6196,1,0
A,C,C,9318,100,9318,1,0
B,C,C,6745,100,6745,1,0
C,D,C,8734,100,8734,1,0
C,E,C,9822,100,9822,1,0
C,F,C,7207,100,7207,1,0
C,G,C,1584,100,1584,1,0
C,H,C,9028,100,9028,1,0
A,D,D,9273,100,9273,1,0
B,D,D,5952,100,5952,1,0
C,D,D,8747,100,8747,1,0
D,E,D,9742,100,9742,1,0
D,F,D,6335,100,6335,1,0
D,G,D,9222,100,9222,1,0
D,H,D,1429,100,1429,1,0
A,E,E,1424,100,1424,1,0
B,E,E,4318,100,4318,1,0
C,E,E,9838,100,9838,1,0
D,E,E,9760,100,9760,1,0
E,F,E,3725,100,3725,1,0
E,G,E,9926,100,9926,1,0
E,H,E,9682,100,9682,1,0
A,F,F,3498,100,3498,1,0
B,F,F,1417,100,1417,1,0
C,F,F,7205,100,7205,1,0
D,F,F,6353,100,6353,1,0
E,F,F,3686,100,3686,1,0
F,G,F,7373,100,7373,1,0
F,H,F,6263,100,6263,1,0
A,G,G,9590,100,9590,1,0
B,G,G,7214,100,7214,1,0
C,G,G,1609,100,1609,1,0
D,G,G,9228,100,9228,1,0
E,G,G,9899,100,9899,1,0
F,G,G,7365,100,7365,1,0
G,H,G,9361,100,9361,1,0
A,H,H,9366,100,9366,1,0
B,H,H,6142,100,6142,1,0
C,H,H,9056,100,9056,1,0
D,H,H,1463,100,1463,1,0
E,H,H,9660,100,9660,1,0
F,H,H,6240,100,6240,1,0
G,H,H,9332,100,9332,1,0
A,B,A,3666,100,3666,1,0
A,C,A,9275,100,9275,1,0
A,D,A,9286,100,9286,1,0
A,E,A,1435,100,1435,1,0
A,F,A,3487,100,3487,1,0
A,G,A,9572,100,9572,1,0
A,H,A,9413,100,9413,1,0
A,B,B,3604,100,3604,1,0
B,C,B,6740,100,6740,1,0
B,D,B,5980,100,5980,1,0
B,E,B,4268,100,4268,1,0
B,F,B,1365,100,1365,1,0
B,G,B,7176,100,7176,1,0
B,H,B,6181,100,6181,1,0
A,C,C,9253,100,9253,1,0
B,C,C,6720,100,6720,1,0
C,D,C,8749,100,8749,1,0
C,E,C,9815,100,9815,1,0
C,F,C,7204,100,7204,1,0
C,G,C,1562,100,1562,1,0
C,H,C,9065,100,9065,1,0
A,D,D,9251,100,9251,1,0
B,D,D,5977,100,5977,1,0
C,D,D,8730,100,8730,1,0
D,E,D,9740,100,9740,1,0
D,F,D,6349,100,6349,1,0
D,G,D,9267,100,9267,1,0
D,H,D,1410,100,1410,1,0
A,E,E,1379,100,1379,1,0
B,E,E,4344,100,4344,1,0
C,E,E,9852,100,9852,1,0
D,E,E,9785,100,9785,1,0
E,F,E,3702,100,3702,1,0
E,G,E,9912,100,9912,1,0
E,H,E,9687,100,9687,1,0
A,F,F,3499,100,3499,1,0
B,F,F,1373,100,1373,1,0
C,F,F,7191,100,7191,1,0
D,F,F,6375,100,6375,1,0
E,F,F,3695,100,3695,1,0
F,G,F,7370,100,7370,1,0
F,H,F,6329,100,6329,1,0
A,G,G,9626,100,9626,1,0
B,G,G,7263,100,7263,1,0
C,G,G,1594,100,1594,1,0
D,G,G,9233,100,9233,1,0
E,G,G,9932,100,9932,1,0
F,G,G,7392,100,7392,1,0
G,H,G,9298,100,9298,1,0
A,H,H,9407,100,9407,1,0
B,H,H,6227,100,6227,1,0
C,H,H,9066,100,9066,1,0
D,H,H,1447,100,1447,1,0
E,H,H,9667,100,9667,1,0
F,H,H,6280,100,6280,1,0
G,H,H,9302,100,9302,1,0
A,B,A,3631,100,3631,1,0
A,C,A,9268,100,9268,1,0
A,D,A,9276,100,9276,1,0
A,E,A,1412,100,1412,1,0
A,F,A,3569,100,3569,1,0
A,G,A,9549,100,9549,1,0
A,H,A,9401,100,9401,1,0
A,B,B,3620,100,3620,1,0
B,C,B,6679,100,6679,1,0
B,D,B,5999,100,5999,1,0
B,E,B,4315,100,4315,1,0
B,F,B,1388,100,1388,1,0
B,G,B,7210,100,7210,1,0
B,H,B,6215,100,6215,1,0
A,C,C,9267,100,9267,1,0
B,C,C,6723,100,6723,1,0
C,D,C,8743,100,8743,1,0
C,E,C,9853,100,9853,1,0
C,F,C,7191,100,7191,1,0
C,G,C,1559,100,1559,1,0
C,H,C,9014,100,9014,1,0
A,D,D,9277,100,9277,1,0
B,D,D,5968,100,5968,1,0
C,D,D,8732,100,8732,1,0
D,E,D,9712,100,9712,1,0
D,F,D,6385,100,6385,1,0
D,G,D,9246,100,9246,1,0
D,H,D,1414,100,1414,1,0
A,E,E,1425,100,1425,1,0
B,E,E,4308,100,4308,1,0
C,E,E,9819,100,9819,1,0
D,E,E,9837,100,9837,1,0
E,F,E,3673,100,3673,1,0
E,G,E,9930,100,9930,1,0
E,H,E,9640,100,9640,1,0
A,F,F,3519,100,3519,1,0
B,F,F,1373,100,1373,1,0
C,F,F,7205,100,7205,1,0
D,F,F,6376,100,6376,1,0
E,F,F,3713,100,3713,1,0
F,G,F,7372,100,7372,1,0
F,H,F,6336,100,6336,1,0
A,G,G,9595,100,9595,1,0
B,G,G,7227,100,7227,1,0
C,G,G,1577,100,1577,1,0
D,G,G,9235,100,9235,1,0
E,G,G,9887,100,9887,1,0
F,G,G,7367,100,7367,1,0
G,H,G,9270,100,9270,1,0
A,H,H,9434,100,9434,1,0
B,H,H,6225,100,6225,1,0
C,H,H,9041,100,9041,1,0
D,H,H,1450,100,1450,1,0
E,H,H,9659,100,9659,1,0
F,H,H,6284,100,6284,1,0
G,H,H,9327,100,9327,1,0
A,B,A,3615,100,3615,1,0
A,C,A,9312,100,9312,1,0
A,D,A,9288,100,9288,1,0
A,E,A,1470,100,1470,1,0
A,F,A,3489,100,3489,1,0
A,G,A,9576,100,9576,1,0
A,H,A,9365,100,9365,1,0
A,B,B,3657,100,3657,1,0
B,C,B,6744,100,6744,1,0
B,D,B,5925,100,5925,1,0
B,E,B,4305,100,4305,1,0
B,F,B,1392,100,1392,1,0
B,G,B,7174,100,7174,1,0
B,H,B,6231,100,6231,1,0
A,C,C,9290,100,9290,1,0
B,C,C,6748,100,6748,1,0
C,D,C,8737,100,8737,1,0
C,E,C,9837,100,9837,1,0
C,F,C,7183,100,7183,1,0
C,G,C,1578,100,1578,1,0
C,H,C,9011,100,9011,1,0
A,D,D,9225,100,9225,1,0
B,D,D,5957,100,5957,1,0
C,D,D,8741,100,8741,1,0
D,E,D,9747,100,9747,1,0
D,F,D,6361,100,6361,1,0
D,G,D,9224,100,9224,1,0
D,H,D,1411,100,1411,1,0
A,E,E,1421,100,1421,1,0
B,E,E,4278,100,4278,1,0
C,E,E,9837,100,9837,1,0
D,E,E,9790,100,9790,1,0
E,F,E,3702,100,3702,1,0
E,G,E,9904,100,9904,1,0
E,H,E,9627,100,9627,1,0
A,F,F,3513,100,3513,1,0
B,F,F,1377,100,1377,1,0
C,F,F,7210,100,7210,1,0
D,F,F,6337,100,6337,1,0
E,F,F,3731,100,3731,1,0
F,G,F,7378,100,7378,1,0
F,H,F,6287,100,6287,1,0
A,G,G,9573,100,9573,1,0
B,G,G,7176,100,7176,1,0
C,G,G,1567,100,1567,1,0
D,G,G,9197,100,9197,1,0
E,G,G,9903,100,9903,1,0
F,G,G,7360,100,7360,1,0
G,H,G,9320,100,9320,1,0
A,H,H,9333,100,9333,1,0
B,H,H,6228,100,6228,1,0
C,H,H,9035,100,9035,1,0
D,H,H,1451,100,1451,1,0
E,H,H,9665,100,9665,1,0
F,H,H,6260,100,6260,1,0
G,H,H,9320,100,9320,1,0
A,B,A,3615,100,3615,1,0
A,C,A,9258,100,9258,1,0
A,D,A,9250,100,9250,1,0
A,E,A,1430,100,1430,1,0
A,F,A,3552,100,3552,1,0
A,G,A,9565,100,9565,1,0
A,H,A,9390,100,9390,1,0
A,B,B,3599,100,3599,1,0
B,C,B,6746,100,6746,1,0
B,D,B,5953,100,5953,1,0
B,E,B,4295,100,4295,1,0
B,F,B,1396,100,1396,1,0
B,G,B,7165,100,7165,1,0
B,H,B,6198,100,6198,1,0
A,C,C,9292,100,9292,1,0
B,C,C,6777,100,6777,1,0
C,D,C,8691,100,8691,1,0
C,E,C,9862,100,9862,1,0
C,F,C,7199,100,7199,1,0
C,G,C,1581,100,1581,1,0
C,H,C,9035,100,9035,1,0
A,D,D,9295,100,9295,1,0
B,D,D,5947,100,5947,1,0
C,D,D,8728,100,8728,1,0
D,E,D,9745,100,9745,1,0
D,F,D,6350,100,6350,1,0
D,G,D,9239,100,9239,1,0
D,H,D,1425,100,1425,1,0
A,E,E,1442,100,1442,1,0
B,E,E,4315,100,4315,1,0
C,E,E,9818,100,9818,1,0
D,E,E,9683,100,9683,1,0
E,F,E,3695,100,3695,1,0
E,G,E,9900,100,9900,1,0
E,H,E,9684,100,9684,1,0
A,F,F,3561,100,3561,1,0
B,F,F,1442,100,1442,1,0
C,F,F,7198,100,7198,1,0
D,F,F,6350,100,6350,1,0
E,F,F,3684,100,3684,1,0
F,G,F,7377,100,7377,1,0
F,H,F,6309,100,6309,1,0
A,G,G,9627,100,9627,1,0
B,G,G,7177,100,7177,1,0
C,G,G,1559,100,1559,1,0
D,G,G,9277,100,9277,1,0
E,G,G,9915,100,9915,1,0
F,G,G,7367,100,7367,1,0
G,H,G,9316,100,9316,1,0
A,H,H,9399,100,9399,1,0
B,H,H,6233,100,6233,1,0
C,H,H,9045,100,9045,1,0
D,H,H,1411,100,1411,1,0
E,H,H,9635,100,9635,1,0
F,H,H,6281,100,6281,1,0
G,H,H,9354,100,9354,1,0
A,B,A,3621,100,3621,1,0
A,C,A,9324,100,9324,1,0
A,D,A,9290,100,9290,1,0
A,E,A,1427,100,1427,1,0
A,F,A,3519,100,3519,1,0
A,G,A,9563,100,9563,1,0
A,H,A,9396,100,9396,1,0
A,B,B,3635,100,3635,1,0
B,C,B,6733,100,6733,1,0
B,D,B,5953,100,5953,1,0
B,E,B,4321,100,4321,1,0
B,F,B,1372,100,1372,1,0
B,G,B,7180,100,7180,1,0
B,H,B,6210,100,6210,1,0
A,C,C,9285,100,9285,1,0
B,C,C,6705,100,6705,1,0
C,D,C,8701,100,8701,1,0
C,E,C,9846,100,9846,1,0
C,F,C,7211,100,7211,1,0
C,G,C,1554,100,1554,1,0
C,H,C,9021,100,9021,1,0
A,D,D,9278,100,9278,1,0
B,D,D,5932,100,5932,1,0
C,D,D,8714,100,8714,1,0
D,E,D,9680,100,9680,1,0
D,F,D,6365,100,6365,1,0
D,G,D,9295,100,9295,1,0
D,H,D,1391,100,1391,1,0
A,E,E,1493,100,1493,1,0
B,E,E,4300,100,4300,1,0
C,E,E,9824,100,9824,1,0
D,E,E,9758,100,9758,1,0
E,F,E,3690,100,3690,1,0
E,G,E,9911,100,9911,1,0
E,H,E,9668,100,9668,1,0
A,F,F,3563,100,3563,1,0
B,F,F,1439,100,1439,1,0
C,F,F,7201,100,7201,1,0
D,F,F,6340,100,6340,1,0
E,F,F,3692,100,3692,1,0
F,G,F,7374,100,7374,1,0
F,H,F,6306,100,6306,1,0
A,G,G,9637,100,9637,1,0
B,G,G,7214,100,7214,1,0
C,G,G,1571,100,1571,1,0
D,G,G,9232,100,9232,1,0
E,G,G,9896,100,9896,1,0
F,G,G,7354,100,7354,1,0
G,H,G,9298,100,9298,1,0
A,H,H,9399,100,9399,1,0
B,H,H,6216,100,6216,1,0
C,H,H,9053,100,9053,1,0
D,H,H,1415,100,1415,1,0
E,H,H,9666,100,9666,1,0
F,H,H,6295,100,6295,1,0
G,H,H,9280,100,9280,1,0
A,B,A,3657,100,3657,1,0
A,C,A,9272,100,9272,1,0
A,D,A,9295,100,9295,1,0
A,E,A,1423,100,1423,1,0
A,F,A,3535,100,3535,1,0
A,G,A,9606,100,9606,1,0
A,H,A,9434,100,9434,1,0
A,B,B,3639,100,3639,1,0
B,C,B,6742,100,6742,1,0
B,D,B,5941,100,5941,1,0
B,E,B,4325,100,4325,1,0
B,F,B,1435,100,1435,1,0
B,G,B,7208,100,7208,1,0
B,H,B,6193,100,6193,1,0
A,C,C,9328,100,9328,1,0
B,C,C,6728,100,6728,1,0
C,D,C,8746,100,8746,1,0
C,E,C,9837,100,9837,1,0
C,F,C,7187,100,7187,1,0
C,G,C,1546,100,1546,1,0
C,H,C,9011,100,9011,1,0
A,D,D,9241,100,9241,1,0
B,D,D,5922,100,5922,1,0
C,D,D,8727,100,8727,1,0
D,E,D,9716,100,9716,1,0
D,F,D,6332,100,6332,1,0
D,G,D,9223,100,9223,1,0
D,H,D,1418,100,1418,1,0
A,E,E,1446,100,1446,1,0
B,E,E,4282,100,4282,1,0
C,E,E,9862,100,9862,1,0
D,E,E,9784,100,9784,1,0
E,F,E,3676,100,3676,1,0
E,G,E,9917,100,9917,1,0
E,H,E,9614,100,9614,1,0
A,F,F,3538,100,3538,1,0
B,F,F,1401,100,1401,1,0
C,F,F,7220,100,7220,1,0
D,F,F,6358,100,6358,1,0
E,F,F,3685,100,3685,1,0
F,G,F,7380,100,7380,1,0
F,H,F,6254,100,6254,1,0
A,G,G,9604,100,9604,1,0
B,G,G,7201,100,7201,1,0
C,G,G,1534,100,1534,1,0
D,G,G,9214,100,9214,1,0
E,G,G,9939,100,9939,1,0
F,G,G,7356,100,7356,1,0
G,H,G,9316,100,9316,1,0
A,H,H,9418,100,9418,1,0
B,H,H,6222,100,6222,1,0
C,H,H,9036,100,9036,1,0
D,H,H,1383,100,1383,1,0
E,H,H,9643,100,9643,1,0
F,H,H,6255,100,6255,1,0
G,H,H,9322,100,9322,1,0
A,B,A,3665,100,3665,1,0
A,C,A,9318,100,9318,1,0
A,D,A,9278,100,9278,1,0
A,E,A,1443,100,1443,1,0
A,F,A,3522,100,3522,1,0
A,G,A,9573,100,9573,1,0
A,H,A,9409,100,9409,1,0
A,B,B,3607,100,3607,1,0
B,C,B,6735,100,6735,1,0
B,D,B,5938,100,5938,1,0
B,E,B,4352,100,4352,1,0
B,F,B,1412,100,1412,1,0
B,G,B,7181,100,7181,1,0
B,H,B,6227,100,6227,1,0
A,C,C,9273,100,9273,1,0
B,C,C,6741,100,6741,1,0
C,D,C,8753,100,8753,1,0
C,E,C,9818,100,9818,1,0
C,F,C,7223,100,7223,1,0
C,G,C,1603,100,1603,1,0
C,H,C,9030,100,9030,1,0
A,D,D,9266,100,9266,1,0
B,D,D,5950,100,5950,1,0
C,D,D,8717,100,8717,1,0
D,E,D,9748,100,9748,1,0
D,F,D,6297,100,6297,1,0
D,G,D,9230,100,9230,1,0
D,H,D,1416,100,1416,1,0
A,E,E,1419,100,1419,1,0
B,E,E,4313,100,4313,1,0
C,E,E,9834,100,9834,1,0
D,E,E,9816,100,9816,1,0
E,F,E,3702,100,3702,1,0
E,G,E,9936,100,9936,1,0
E,H,E,9649,100,9649,1,0
A,F,F,3479,100,3479,1,0
B,F,F,1402,100,1402,1,0
C,F,F,7195,100,7195,1,0
D,F,F,6386,100,6386,1,0
E,F,F,3717,100,3717,1,0
F,G,F,7389,100,7389,1,0
F,H,F,6269,100,6269,1,0
A,G,G,9605,100,9605,1,0
B,G,G,7219,100,7219,1,0
C,G,G,1575,100,1575,1,0
D,G,G,9222,100,9222,1,0
E,G,G,9950,100,9950,1,0
F,G,G,7365,100,7365,1,0
G,H,G,9297,100,9297,1,0
A,H,H,9411,100,9411,1,0
B,H,H,6241,100,6241,1,0
C,H,H,9058,100,9058,1,0
D,H,H,1445,100,1445,1,0
E,H,H,9685,100,9685,1,0
F,H,H,6271,100,6271,1,0
G,H,H,9324,100,9324,1,0
A,B,A,3646,100,3646,1,0
A,C,A,9319,100,9319,1,0
A,D,A,9299,100,9299,1,0
A,E,A,1462,100,1462,1,0
A,F,A,3520,100,3520,1,0
A,G,A,9589,100,9589,1,0
A,H,A,9384,100,9384,1,0
A,B,B,3612,100,3612,1,0
B,C,B,6738,100,6738,1,0
B,D,B,5914,100,5914,1,0
B,E,B,4305,100,4305,1,0
B,F,B,1401,100,1401,1,0
B,G,B,7197,100,7197,1,0
B,H,B,6176,100,6176,1,0
A,C,C,9268,100,9268,1,0
B,C,C,6721,100,6721,1,0
C,D,C,8732,100,8732,1,0
C,E,C,9856,100,9856,1,0
C,F,C,7194,100,7194,1,0
C,G,C,1590,100,1590,1,0
C,H,C,9109,100,9109,1,0
A,D,D,9252,100,9252,1,0
B,D,D,5950,100,5950,1,0
C,D,D,8726,100,8726,1,0
D,E,D,9692,100,9692,1,0
D,F,D,6363,100,6363,1,0
D,G,D,9209,100,9209,1,0
D,H,D,1477,100,1477,1,0
A,E,E,1404,100,1404,1,0
B,E,E,4306,100,4306,1,0
C,E,E,9750,100,9750,1,0
D,E,E,9711,100,9711,1,0
E,F,E,3700,100,3700,1,0
E,G,E,9923,100,9923,1,0
E,H,E,9663,100,9663,1,0
A,F,F,3525,100,3525,1,0
B,F,F,1422,100,1422,1,0
C,F,F,7210,100,7210,1,0
D,F,F,6344,100,6344,1,0
E,F,F,3696,100,3696,1,0
F,G,F,7379,100,7379,1,0
F,H,F,6269,100,6269,1,0
A,G,G,9610,100,9610,1,0
B,G,G,7171,100,7171,1,0
C,G,G,1544,100,1544,1,0
D,G,G,9249,100,9249,1,0
E,G,G,9951,100,9951,1,0
F,G,G,7344,100,7344,1,0
G,H,G,9354,100,9354,1,0
A,H,H,9403,100,9403,1,0
B,H,H,6189,100,6189,1,0
C,H,H,9063,100,9063,1,0
D,H,H,1388,100,1388,1,0
E,H,H,9646,100,9646,1,0
F,H,H,6282,100,6282,1,0
G,H,H,9307,100,9307,1,0
A,B,A,3615,100,3615,1,0
A,C,A,9313,100,9313,1,0
A,D,A,9272,100,9272,1,0
A,E,A,1485,100,1485,1,0
A,F,A,3506,100,3506,1,0
A,G,A,9612,100,9612,1,0
A,H,A,9394,100,9394,1,0
A,B,B,3629,100,3629,1,0
B,C,B,6745,100,6745,1,0
B,D,B,5972,100,5972,1,0
B,E,B,4304,100,4304,1,0
B,F,B,1415,100,1415,1,0
B,G,B,7179,100,7179,1,0
B,H,B,6217,100,6217,1,0
A,C,C,9320,100,9320,1,0
B,C,C,6738,100,6738,1,0
C,D,C,8732,100,8732,1,0
C,E,C,9839,100,9839,1,0
C,F,C,7226,100,7226,1,0
C,G,C,1619,100,1619,1,0
C,H,C,9053,100,9053,1,0
A,D,D,9254,100,9254,1,0
B,D,D,5970,100,5970,1,0
C,D,D,8747,100,8747,1,0
D,E,D,9780,100,9780,1,0
D,F,D,6312,100,6312,1,0
D,G,D,9260,100,9260,1,0
D,H,D,1393,100,1393,1,0
A,E,E,1401,100,1401,1,0
B,E,E,4323,100,4323,1,0
C,E,E,9840,100,9840,1,0
D,E,E,9757,100,9757,1,0
E,F,E,3725,100,3725,1,0
E,G,E,9914,100,9914,1,0
E,H,E,9671,100,9671,1,0
A,F,F,3511,100,3511,1,0
B,F,F,1393,100,1393,1,0
C,F,F,7183,100,7183,1,0
D,F,F,6318,100,6318,1,0
E,F,F,3700,100,3700,1,0
F,G,F,7373,100,7373,1,0
F,H,F,6293,100,6293,1,0
A,G,G,9570,100,9570,1,0
B,G,G,7212,100,7212,1,0
C,G,G,1588,100,1588,1,0
D,G,G,9212,100,9212,1,0
E,G,G,9912,100,9912,1,0
F,G,G,7359,100,7359,1,0
G,H,G,9316,100,9316,1,0
A,H,H,9429,100,9429,1,0
B,H,H,6178,100,6178,1,0
C,H,H,9031,100,9031,1,0
D,H,H,1464,100,1464,1,0
E,H,H,9675,100,9675,1,0
F,H,H,6247,100,6247,1,0
G,H,H,9295,100,9295,1,0
A,B,A,3654,100,3654,1,0
A,C,A,9228,100,9228,1,0
A,D,A,9262,100,9262,1,0
A,E,A,1424,100,1424,1,0
A,F,A,3556,100,3556,1,0
A,G,A,9596,100,9596,1,0
A,H,A,9397,100,9397,1,0
A,B,B,3625,100,3625,1,0
B,C,B,6721,100,6721,1,0
B,D,B,5961,100,5961,1,0
B,E,B,4333,100,4333,1,0
B,F,B,1404,100,1404,1,0
B,G,B,7197,100,7197,1,0
B,H,B,6143,100,6143,1,0
A,C,C,9308,100,9308,1,0
B,C,C,6720,100,6720,1,0
C,D,C,8719,100,8719,1,0
C,E,C,9820,100,9820,1,0
C,F,C,7201,100,7201,1,0
C,G,C,1632,100,1632,1,0
C,H,C,9038,100,9038,1,0
A,D,D,9264,100,9264,1,0
B,D,D,5954,100,5954,1,0
C,D,D,8714,100,8714,1,0
D,E,D,9665,100,9665,1,0
D,F,D,6404,100,6404,1,0
D,G,D,9243,100,9243,1,0
D,H,D,1428,100,1428,1,0
A,E,E,1430,100,1430,1,0
B,E,E,4318,100,4318,1,0
C,E,E,9809,100,9809,1,0
D,E,E,9761,100,9761,1,0
E,F,E,3702,100,3702,1,0
E,G,E,9906,100,9906,1,0
E,H,E,9676,100,9676,1,0
A,F,F,3492,100,3492,1,0
B,F,F,1423,100,1423,1,0
C,F,F,7243,100,7243,1,0
D,F,F,6344,100,6344,1,0
E,F,F,3683,100,3683,1,0
F,G,F,7368,100,7368,1,0
F,H,F,6261,100,6261,1,0
A,G,G,9589,100,9589,1,0
B,G,G,7171,100,7171,1,0
C,G,G,1563,100,1563,1,0
D,G,G,9235,100,9235,1,0
E,G,G,9927,100,9927,1,0
F,G,G,7402,100,7402,1,0
G,H,G,9320,100,9320,1,0
A,H,H,9385,100,9385,1,0
B,H,H,6188,100,6188,1,0
C,H,H,9048,100,9048,1,0
D,H,H,1428,100,1428,1,0
E,H,H,9633,100,9633,1,0
F,H,H,6282,100,6282,1,0
G,H,H,9317,100,9317,1,0
A,B,A,3623,100,3623,1,0
A,C,A,9284,100,9284,1,0
A,D,A,9284,100,9284,1,0
A,E,A,1452,100,1452,1,0
A,F,A,3539,100,3539,1,0
A,G,A,9604,100,9604,1,0
A,H,A,9444,100,9444,1,0
A,B,B,3634,100,3634,1,0
B,C,B,6768,100,6768,1,0
B,D,B,5969,100,5969,1,0
B,E,B,4338,100,4338,1,0
B,F,B,1384,100,1384,1,0
B,G,B,7232,100,7232,1,0
B,H,B,6227,100,6227,1,0
A,C,C,9323,100,9323,1,0
B,C,C,6702,100,6702,1,0
C,D,C,8704,100,8704,1,0
C,E,C,9822,100,9822,1,0
C,F,C,7192,100,7192,1,0
C,G,C,1602,100,1602,1,0
C,H,C,9032,100,9032,1,0
A,D,D,9295,100,9295,1,0
B,D,D,5958,100,5958,1,0
C,D,D,8694,100,8694,1,0
D,E,D,9712,100,9712,1,0
D,F,D,6384,100,6384,1,0
D,G,D,9230,100,9230,1,0
D,H,D,1377,100,1377,1,0
A,E,E,1440,100,1440,1,0
B,E,E,4319,100,4319,1,0
C,E,E,9840,100,9840,1,0
D,E,E,9705,100,9705,1,0
E,F,E,3705,100,3705,1,0
E,G,E,9924,100,9924,1,0
E,H,E,9668,100,9668,1,0
A,F,F,3530,100,3530,1,0
B,F,F,1406,100,1406,1,0
C,F,F,7225,100,7225,1,0
D,F,F,6329,100,6329,1,0
E,F,F,3696,100,3696,1,0
F,G,F,7362,100,7362,1,0
F,H,F,6253,100,6253,1,0
A,G,G,9596,100,9596,1,0
B,G,G,7168,100,7168,1,0
C,G,G,1551,100,1551,1,0
D,G,G,9227,100,9227,1,0
E,G,G,9937,100,9937,1,0
F,G,G,7360,100,7360,1,0
G,H,G,9298,100,9298,1,0
A,H,H,9340,100,9340,1,0
B,H,H,6187,100,6187,1,0
C,H,H,9071,100,9071,1,0
D,H,H,1492,100,1492,1,0
E,H,H,9683,100,9683,1,0
F,H,H,6227,100,6227,1,0
G,H,H,9317,100,9317,1,0
A,B,A,3653,100,3653,1,0
A,C,A,9331,100,9331,1,0
A,D,A,9280,100,9280,1,0
A,E,A,1394,100,1394,1,0
A,F,A,3515,100,3515,1,0
A,G,A,9637,100,9637,1,0
A,H,A,9358,100,9358,1,0
A,B,B,3623,100,3623,1,0
B,C,B,6724,100,6724,1,0
B,D,B,5942,100,5942,1,0
B,E,B,4295,100,4295,1,0
B,F,B,1380,100,1380,1,0
B,G,B,7191,100,7191,1,0
B,H,B,6208,100,6208,1,0
A,C,C,9277,100,9277,1,0
B,C,C,6726,100,6726,1,0
C,D,C,8700,100,8700,1,0
C,E,C,9846,100,9846,1,0
C,F,C,7195,100,7195,1,0
C,G,C,1613,100,1613,1,0
C,H,C,9046,100,9046,1,0
A,D,D,9289,100,9289,1,0
B,D,D,5984,100,5984,1,0
C,D,D,8735,100,8735,1,0
D,E,D,9729,100,9729,1,0
D,F,D,6355,100,6355,1,0
D,G,D,9208,100,9208,1,0
D,H,D,1409,100,1409,1,0
A,E,E,1488,100,1488,1,0
B,E,E,4312,100,4312,1,0
C,E,E,9847,100,9847,1,0
D,E,E,9679,100,9679,1,0
E,F,E,3704,100,3704,1,0
E,G,E,9901,100,9901,1,0
E,H,E,9649,100,9649,1,0
A,F,F,3506,100,3506,1,0
B,F,F,1423,100,1423,1,0
C,F,F,7201,100,7201,1,0
D,F,F,6353,100,6353,1,0
E,F,F,3667,100,3667,1,0
F,G,F,7390,100,7390,1,0
F,H,F,6283,100,6283,1,0
A,G,G,9578,100,9578,1,0
B,G,G,7237,100,7237,1,0
C,G,G,1568,100,1568,1,0
D,G,G,9305,100,9305,1,0
E,G,G,9909,100,9909,1,0
F,G,G,7363,100,7363,1,0
G,H,G,9338,100,9338,1,0
A,H,H,9404,100,9404,1,0
B,H,H,6167,100,6167,1,0
C,H,H,9028,100,9028,1,0
D,H,H,1374,100,1374,1,0
E,H,H,9618,100,9618,1,0
F,H,H,6285,100,6285,1,0
G,H,H,9342,100,9342,1,0
A,B,A,3648,100,3648,1,0
A,C,A,9254,100,9254,1,0
A,D,A,9274,100,9274,1,0
A,E,A,1382,100,1382,1,0
A,F,A,3524,100,3524,1,0
A,G,A,9622,100,9622,1,0
A,H,A,9386,100,9386,1,0
A,B,B,3681,100,3681,1,0
B,C,B,6760,100,6760,1,0
B,D,B,5974,100,5974,1,0
B,E,B,4303,100,4303,1,0
B,F,B,1401,100,1401,1,0
B,G,B,7192,100,7192,1,0
B,H,B,6205,100,6205,1,0
A,C,C,9325,100,9325,1,0
B,C,C,6744,100,6744,1,0
C,D,C,8693,100,8693,1,0
C,E,C,9840,100,9840,1,0
C,F,C,7230,100,7230,1,0
C,G,C,1588,100,1588,1,0
C,H,C,9052,100,9052,1,0
A,D,D,9254,100,9254,1,0
B,D,D,5996,100,5996,1,0
C,D,D,8710,100,8710,1,0
D,E,D,9715,100,9715,1,0
D,F,D,6371,100,6371,1,0
D,G,D,9237,100,9237,1,0
D,H,D,1415,100,1415,1,0
A,E,E,1466,100,1466,1,0
B,E,E,4302,100,4302,1,0
C,E,E,9837,100,9837,1,0
D,E,E,9744,100,9744,1,0
E,F,E,3662,100,3662,1,0
E,G,E,9951,100,9951,1,0
E,H,E,9633,100,9633,1,0
A,F,F,3508,100,3508,1,0
B,F,F,1386,100,1386,1,0
C,F,F,7245,100,7245,1,0
D,F,F,6319,100,6319,1,0
E,F,F,3687,100,3687,1,0
F,G,F,7339,100,7339,1,0
F,H,F,6270,100,6270,1,0
A,G,G,9610,100,9610,1,0
B,G,G,7223,100,7223,1,0
C,G,G,1568,100,1568,1,0
D,G,G,9231,100,9231,1,0
E,G,G,9939,100,9939,1,0
F,G,G,7367,100,7367,1,0
G,H,G,9304,100,9304,1,0
A,H,H,9438,100,9438,1,0
B,H,H,6220,100,6220,1,0
C,H,H,9049,100,9049,1,0
D,H,H,1450,100,1450,1,0
E,H,H,9656,100,9656,1,0
F,H,H,6308,100,6308,1,0
G,H,H,9321,100,9321,1,0
A,B,A,3633,100,3633,1,0
A,C,A,9334,100,9334,1,0
A,D,A,9277,100,9277,1,0
A,E,A,1465,100,1465,1,0
A,F,A,3475,100,3475,1,0
A,G,A,9603,100,9603,1,0
A,H,A,9394,100,9394,1,0
A,B,B,3633,100,3633,1,0
B,C,B,6737,100,6737,1,0
B,D,B,5992,100,5992,1,0
B,E,B,4281,100,4281,1,0
B,F,B,1372,100,1372,1,0
B,G,B,7189,100,7189,1,0
B,H,B,6188,100,6188,1,0
A,C,C,9315,100,9315,1,0
B,C,C,6761,100,6761,1,0
C,D,C,8744,100,8744,1,0
C,E,C,9821,100,9821,1,0
C,F,C,7215,100,7215,1,0
C,G,C,1604,100,1604,1,0
C,H,C,9075,100,9075,1,0
A,D,D,9262,100,9262,1,0
B,D,D,5958,100,5958,1,0
C,D,D,8708,100,8708,1,0
D,E,D,9710,100,9710,1,0
D,F,D,6345,100,6345,1,0
D,G,D,9241,100,9241,1,0
D,H,D,1394,100,1394,1,0
A,E,E,1470,100,1470,1,0
B,E,E,4325,100,4325,1,0
C,E,E,9833,100,9833,1,0
D,E,E,9726,100,9726,1,0
E,F,E,3700,100,3700,1,0
E,G,E,9937,100,9937,1,0
E,H,E,9679,100,9679,1,0
A,F,F,3519,100,3519,1,0
B,F,F,1379,100,1379,1,0
C,F,F,7250,100,7250,1,0
D,F,F,6380,100,6380,1,0
E,F,F,3684,100,3684,1,0
F,G,F,7387,100,7387,1,0
F,H,F,6263,100,6263,1,0
A,G,G,9580,100,9580,1,0
B,G,G,7223,100,7223,1,0
C,G,G,1535,100,1535,1,0
D,G,G,9200,100,9200,1,0
E,G,G,9893,100,9893,1,0
F,G,G,7349,100,7349,1,0
G,H,G,9354,100,9354,1,0
A,H,H,9418,100,9418,1,0
B,H,H,6166,100,6166,1,0
C,H,H,9067,100,9067,1,0
D,H,H,1416,100,1416,1,0
E,H,H,9644,100,9644,1,0
F,H,H,6267,100,6267,1,0
G,H,H,9330,100,9330,1,0
A,B,A,3644,100,3644,1,0
A,C,A,9254,100,9254,1,0
A,D,A,9285,100,9285,1,0
A,E,A,1441,100,1441,1,0
A,F,A,3517,100,3517,1,0
A,G,A,9593,100,9593,1,0
A,H,A,9385,100,9385,1,0
A,B,B,3647,100,3647,1,0
B,C,B,6738,100,6738,1,0
B,D,B,5967,100,5967,1,0
B,E,B,4306,100,4306,1,0
B,F,B,1389,100,1389,1,0
B,G,B,7194,100,7194,1,0
B,H,B,6223,100,6223,1,0
A,C,C,9338,100,9338,1,0
B,C,C,6719,100,6719,1,0
C,D,C,8708,100,8708,1,0
C,E,C,9851,100,9851,1,0
C,F,C,7190,100,7190,1,0
C,G,C,1599,100,1599,1,0
C,H,C,9058,100,9058,1,0
A,D,D,9270,100,9270,1,0
B,D,D,5950,100,5950,1,0
C,D,D,8732,100,8732,1,0
D,E,D,9684,100,9684,1,0
D,F,D,6345,100,6345,1,0
D,G,D,9227,100,9227,1,0
D,H,D,1418,100,1418,1,0
A,E,E,1487,100,1487,1,0
B,E,E,4285,100,4285,1,0
C,E,E,9865,100,9865,1,0
D,E,E,9756,100,9756,1,0
E,F,E,3707,100,3707,1,0
E,G,E,9911,100,9911,1,0
E,H,E,9639,100,9639,1,0
A,F,F,3515,100,3515,1,0
B,F,F,1386,100,1386,1,0
C,F,F,7198,100,7198,1,0
D,F,F,6342,100,6342,1,0
E,F,F,3698,100,3698,1,0
F,G,F,7349,100,7349,1,0
F,H,F,6264,100,6264,1,0
A,G,G,9604,100,9604,1,0
B,G,G,7175,100,7175,1,0
C,G,G,1605,100,1605,1,0
D,G,G,9228,100,9228,1,0
E,G,G,9894,100,9894,1,0
F,G,G,7385,100,7385,1,0
G,H,G,9356,100,9356,1,0
A,H,H,9441,100,9441,1,0
B,H,H,6213,100,6213,1,0
C,H,H,9054,100,9054,1,0
D,H,H,1444,100,1444,1,0
E,H,H,9625,100,9625,1,0
F,H,H,6247,100,6247,1,0
G,H,H,9287,100,9287,1,0
A,B,A,3620,100,3620,1,0
A,C,A,9278,100,9278,1,0
A,D,A,9287,100,9287,1,0
A,E,A,1480,100,1480,1,0
A,F,A,3563,100,3563,1,0
A,G,A,9621,100,9621,1,0
A,H,A,9416,100,9416,1,0
A,B,B,3642,100,3642,1,0
B,C,B,6718,100,6718,1,0
B,D,B,5987,100,5987,1,0
B,E,B,4314,100,4314,1,0
B,F,B,1382,100,1382,1,0
B,G,B,7180,100,7180,1,0
B,H,B,6214,100,6214,1,0
A,C,C,9311,100,9311,1,0
B,C,C,6700,100,6700,1,0
C,D,C,8704,100,8704,1,0
C,E,C,9802,100,9802,1,0
C,F,C,7230,100,7230,1,0
C,G,C,1583,100,1583,1,0
C,H,C,9039,100,9039,1,0
A,D,D,9260,100,9260,1,0
B,D,D,5941,100,5941,1,0
C,D,D,8723,100,8723,1,0
D,E,D,9703,100,9703,1,0
D,F,D,6365,100,6365,1,0
D,G,D,9236,100,9236,1,0
D,H,D,1429,100,1429,1,0
A,E,E,1421,100,1421,1,0
B,E,E,4343,100,4343,1,0
C,E,E,9860,100,9860,1,0
D,E,E,9753,100,9753,1,0
E,F,E,3696,100,3696,1,0
E,G,E,9915,100,9915,1,0
E,H,E,9658,100,9658,1,0
A,F,F,3518,100,3518,1,0
B,F,F,1416,100,1416,1,0
C,F,F,7185,100,7185,1,0
D,F,F,6374,100,6374,1,0
E,F,F,3663,100,3663,1,0
F,G,F,7387,100,7387,1,0
F,H,F,6229,100,6229,1,0
A,G,G,9646,100,9646,1,0
B,G,G,7196,100,7196,1,0
C,G,G,1558,100,1558,1,0
D,G,G,9239,100,9239,1,0
E,G,G,9925,100,9925,1,0
F,G,G,7359,100,7359,1,0
G,H,G,9336,100,9336,1,0
A,H,H,9377,100,9377,1,0
B,H,H,6166,100,6166,1,0
C,H,H,9085,100,9085,1,0
D,H,H,1355,100,1355,1,0
E,H,H,9653,100,9653,1,0
F,H,H,6287,100,6287,1,0
G,H,H,9358,100,9358,1,0
A,B,A,3631,100,3631,1,0
A,C,A,9304,100,9304,1,0
A,D,A,9265,100,9265,1,0
A,E,A,1416,100,1416,1,0
A,F,A,3530,100,3530,1,0
A,G,A,9616,100,9616,1,0
A,H,A,9392,100,9392,1,0
A,B,B,3633,100,3633,1,0
B,C,B,6733,100,6733,1,0
B,D,B,5979,100,5979,1,0
B,E,B,4279,100,4279,1,0
B,F,B,1379,100,1379,1,0
B,G,B,7183,100,7183,1,0
B,H,B,6214,100,6214,1,0
A,C,C,9286,100,9286,1,0
B,C,C,6753,100,6753,1,0
C,D,C,8749,100,8749,1,0
C,E,C,9809,100,9809,1,0
C,F,C,7181,100,7181,1,0
C,G,C,1556,100,1556,1,0
C,H,C,9042,100,9042,1,0
A,D,D,9276,100,9276,1,0
B,D,D,5969,100,5969,1,0
C,D,D,8710,100,8710,1,0
D,E,D,9675,100,9675,1,0
D,F,D,6391,100,6391,1,0
D,G,D,9231,100,9231,1,0
D,H,D,1414,100,1414,1,0
A,E,E,1423,100,1423,1,0
B,E,E,4318,100,4318,1,0
C,E,E,9814,100,9814,1,0
D,E,E,9689,100,9689,1,0
E,F,E,3699,100,3699,1,0
E,G,E,9907,100,9907,1,0
E,H,E,9696,100,9696,1,0
A,F,F,3549,100,3549,1,0
B,F,F,1403,100,1403,1,0
C,F,F,7210,100,7210,1,0
D,F,F,6355,100,6355,1,0
E,F,F,3694,100,3694,1,0
F,G,F,7354,100,7354,1,0
F,H,F,6336,100,6336,1,0
A,G,G,9652,100,9652,1,0
B,G,G,7194,100,7194,1,0
C,G,G,1571,100,1571,1,0
D,G,G,9245,100,9245,1,0
E,G,G,9937,100,9937,1,0
F,G,G,7357,100,7357,1,0
G,H,G,9328,100,9328,1,0
A,H,H,9383,100,9383,1,0
B,H,H,6209,100,6209,1,0
C,H,H,9037,100,9037,1,0
D,H,H,1489,100,1489,1,0
E,H,H,9669,100,9669,1,0
F,H,H,6243,100,6243,1,0
G,H,H,9291,100,9291,1,0
A,B,A,3659,100,3659,1,0
A,C,A,9263,100,9263,1,0
A,D,A,9278,100,9278,1,0
A,E,A,1440,100,1440,1,0
A,F,A,3533,100,3533,1,0
A,G,A,9575,100,9575,1,0
A,H,A,9371,100,9371,1,0
A,B,B,3617,100,3617,1,0
B,C,B,6723,100,6723,1,0
B,D,B,5937,100,5937,1,0
B,E,B,4301,100,4301,1,0
B,F,B,1363,100,1363,1,0
B,G,B,7166,100,7166,1,0
B,H,B,6289,100,6289,1,0
A,C,C,9267,100,9267,1,0
B,C,C,6748,100,6748,1,0
C,D,C,8696,100,8696,1,0
C,E,C,9812,100,9812,1,0
C,F,C,7243,100,7243,1,0
C,G,C,1593,100,1593,1,0
C,H,C,9104,100,9104,1,0
A,D,D,9260,100,9260,1,0
B,D,D,5894,100,5894,1,0
C,D,D,8734,100,8734,1,0
D,E,D,9800,100,9800,1,0
D,F,D,6341,100,6341,1,0
D,G,D,9266,100,9266,1,0
D,H,D,1464,100,1464,1,0
A,E,E,1458,100,1458,1,0
B,E,E,4310,100,4310,1,0
C,E,E,9879,100,9879,1,0
D,E,E,9809,100,9809,1,0
E,F,E,3666,100,3666,1,0
E,G,E,9938,100,9938,1,0
E,H,E,9664,100,9664,1,0
A,F,F,3466,100,3466,1,0
B,F,F,1396,100,1396,1,0
C,F,F,7210,100,7210,1,0
D,F,F,6348,100,6348,1,0
E,F,F,3682,100,3682,1,0
F,G,F,7357,100,7357,1,0
F,H,F,6291,100,6291,1,0
A,G,G,9619,100,9619,1,0
B,G,G,7205,100,7205,1,0
C,G,G,1576,100,1576,1,0
D,G,G,9255,100,9255,1,0
E,G,G,9899,100,9899,1,0
F,G,G,7375,100,7375,1,0
G,H,G,9316,100,9316,1,0
A,H,H,9413,100,9413,1,0
B,H,H,6143,100,6143,1,0
C,H,H,9017,100,9017,1,0
D,H,H,1409,100,1409,1,0
E,H,H,9618,100,9618,1,0
F,H,H,6260,100,6260,1,0
G,H,H,9365,100,9365,1,0
A,B,A,3639,100,3639,1,0
A,C,A,9307,100,9307,1,0
A,D,A,9268,100,9268,1,0
A,E,A,1425,100,1425,1,0
A,F,A,3565,100,3565,1,0
A,G,A,9590,100,9590,1,0
A,H,A,9402,100,9402,1,0
A,B,B,3634,100,3634,1,0
B,C,B,6719,100,6719,1,0
B,D,B,5981,100,5981,1,0
B,E,B,4326,100,4326,1,0
B,F,B,1404,100,1404,1,0
B,G,B,7170,100,7170,1,0
B,H,B,6163,100,6163,1,0
A,C,C,9313,100,9313,1,0
B,C,C,6722,100,6722,1,0
C,D,C,8758,100,8758,1,0
C,E,C,9807,100,9807,1,0
C,F,C,7206,100,7206,1,0
C,G,C,1597,100,1597,1,0
C,H,C,9071,100,9071,1,0
A,D,D,9269,100,9269,1,0
B,D,D,5974,100,5974,1,0
C,D,D,8728,100,8728,1,0
D,E,D,9748,100,9748,1,0
D,F,D,6347,100,6347,1,0
D,G,D,9222,100,9222,1,0
D,H,D,1359,100,1359,1,0
A,E,E,1427,100,1427,1,0
B,E,E,4285,100,4285,1,0
C,E,E,9864,100,9864,1,0
D,E,E,9679,100,9679,1,0
E,F,E,3648,100,3648,1,0
E,G,E,9921,100,9921,1,0
E,H,E,9591,100,9591,1,0
A,F,F,3524,100,3524,1,0
B,F,F,1369,100,1369,1,0
C,F,F,7215,100,7215,1,0
D,F,F,6338,100,6338,1,0
E,F,F,3683,100,3683,1,0
F,G,F,7373,100,7373,1,0
F,H,F,6315,100,6315,1,0
A,G,G,9631,100,9631,1,0
B,G,G,7185,100,7185,1,0
C,G,G,1584,100,1584,1,0
D,G,G,9237,100,9237,1,0
E,G,G,9894,100,9894,1,0
F,G,G,7359,100,7359,1,0
G,H,G,9354,100,9354,1,0
A,H,H,9395,100,9395,1,0
B,H,H,6225,100,6225,1,0
C,H,H,9049,100,9049,1,0
D,H,H,1436,100,1436,1,0
E,H,H,9686,100,9686,1,0
F,H,H,6249,100,6249,1,0
G,H,H,9341,100,9341,1,0
A,B,A,3646,100,3646,1,0
A,C,A,9313,100,9313,1,0
A,D,A,9269,100,9269,1,0
A,E,A,1442,100,1442,1,0
A,F,A,3471,100,3471,1,0
A,G,A,9596,100,9596,1,0
A,H,A,9393,100,9393,1,0
A,B,B,3648,100,3648,1,0
B,C,B,6746,100,6746,1,0
B,D,B,5958,100,5958,1,0
B,E,B,4343,100,4343,1,0
B,F,B,1414,100,1414,1,0
B,G,B,7194,100,7194,1,0
B,H,B,6215,100,6215,1,0
A,C,C,9338,100,9338,1,0
B,C,C,6704,100,6704,1,0
C,D,C,8743,100,8743,1,0
C,E,C,9761,100,9761,1,0
C,F,C,7195,100,7195,1,0
C,G,C,1584,100,1584,1,0
C,H,C,9073,100,9073,1,0
A,D,D,9269,100,9269,1,0
B,D,D,5959,100,5959,1,0
C,D,D,8740,100,8740,1,0
D,E,D,9763,100,9763,1,0
D,F,D,6318,100,6318,1,0
D,G,D,9212,100,9212,1,0
D,H,D,1455,100,1455,1,0
A,E,E,1506,100,1506,1,0
B,E,E,4266,100,4266,1,0
C,E,E,9823,100,9823,1,0
D,E,E,9744,100,9744,1,0
E,F,E,3697,100,3697,1,0
E,G,E,9917,100,9917,1,0
E,H,E,9666,100,9666,1,0
A,F,F,3511,100,3511,1,0
B,F,F,1381,100,1381,1,0
C,F,F,7175,100,7175,1,0
D,F,F,6351,100,6351,1,0
E,F,F,3701,100,3701,1,0
F,G,F,7390,100,7390,1,0
F,H,F,6312,100,6312,1,0
A,G,G,9658,100,9658,1,0
B,G,G,7182,100,7182,1,0
C,G,G,1553,100,1553,1,0
D,G,G,9201,100,9201,1,0
E,G,G,9911,100,9911,1,0
F,G,G,7396,100,7396,1,0
G,H,G,9344,100,9344,1,0
A,H,H,9348,100,9348,1,0
B,H,H,6205,100,6205,1,0
C,H,H,9063,100,9063,1,0
D,H,H,1454,100,1454,1,0
E,H,H,9639,100,9639,1,0
F,H,H,6279,100,6279,1,0
G,H,H,9347,100,9347,1,0
A,B,A,3636,100,3636,1,0
A,C,A,9271,100,9271,1,0
A,D,A,9250,100,9250,1,0
A,E,A,1442,100,1442,1,0
A,F,A,3532,100,3532,1,0
A,G,A,9599,100,9599,1,0
A,H,A,9433,100,9433,1,0
A,B,B,3620,100,3620,1,0
B,C,B,6715,100,6715,1,0
B,D,B,5951,100,5951,1,0
B,E,B,4323,100,4323,1,0
B,F,B,1410,100,1410,1,0
B,G,B,7189,100,7189,1,0
B,H,B,6247,100,6247,1,0
A,C,C,9295,100,9295,1,0
B,C,C,6741,100,6741,1,0
C,D,C,8764,100,8764,1,0
C,E,C,9853,100,9853,1,0
C,F,C,7220,100,7220,1,0
C,G,C,1574,100,1574,1,0
C,H,C,9081,100,9081,1,0
A,D,D,9266,100,9266,1,0
B,D,D,5953,100,5953,1,0
C,D,D,8725,100,8725,1,0
D,E,D,9696,100,9696,1,0
D,F,D,6334,100,6334,1,0
D,G,D,9259,100,9259,1,0
D,H,D,1442,100,1442,1,0
A,E,E,1483,100,1483,1,0
B,E,E,4301,100,4301,1,0
C,E,E,9782,100,9782,1,0
D,E,E,9742,100,9742,1,0
E,F,E,3682,100,3682,1,0
E,G,E,9923,100,9923,1,0
E,H,E,9637,100,9637,1,0
A,F,F,3498,100,3498,1,0
B,F,F,1393,100,1393,1,0
C,F,F,7215,100,7215,1,0
D,F,F,6353,100,6353,1,0
E,F,F,3711,100,3711,1,0
F,G,F,7354,100,7354,1,0
F,H,F,6251,100,6251,1,0
A,G,G,9622,100,9622,1,0
B,G,G,7244,100,7244,1,0
C,G,G,1580,100,1580,1,0
D,G,G,9200,100,9200,1,0
E,G,G,9934,100,9934,1,0
F,G,G,7343,100,7343,1,0
G,H,G,9320,100,9320,1,0
A,H,H,9400,100,9400,1,0
B,H,H,6166,100,6166,1,0
C,H,H,9033,100,9033,1,0
D,H,H,1442,100,1442,1,0
E,H,H,9661,100,9661,1,0
F,H,H,6260,100,6260,1,0
G,H,H,9323,100,9323,1,0
A,B,A,3676,100,3676,1,0
A,C,A,9323,100,9323,1,0
A,D,A,9286,100,9286,1,0
A,E,A,1436,100,1436,1,0
A,F,A,3533,100,3533,1,0
A,G,A,9625,100,9625,1,0
A,H,A,9388,100,9388,1,0
A,B,B,3630,100,3630,1,0
B,C,B,6757,100,6757,1,0
B,D,B,5962,100,5962,1,0
B,E,B,4290,100,4290,1,0
B,F,B,1432,100,1432,1,0
B,G,B,7188,100,7188,1,0
B,H,B,6186,100,6186,1,0
A,C,C,9320,100,9320,1,0
B,C,C,6699,100,6699,1,0
C,D,C,8730,100,8730,1,0
C,E,C,9832,100,9832,1,0
C,F,C,7220,100,7220,1,0
C,G,C,1602,100,1602,1,0
C,H,C,9058,100,9058,1,0
A,D,D,9295,100,9295,1,0
B,D,D,5992,100,5992,1,0
C,D,D,8710,100,8710,1,0
D,E,D,9720,100,9720,1,0
D,F,D,6386,100,6386,1,0
D,G,D,9235,100,9235,1,0
D,H,D,1410,100,1410,1,0
A,E,E,1419,100,1419,1,0
B,E,E,4333,100,4333,1,0
C,E,E,9813,100,9813,1,0
D,E,E,9677,100,9677,1,0
E,F,E,3721,100,3721,1,0
E,G,E,9915,100,9915,1,0
E,H,E,9669,100,9669,1,0
A,F,F,3547,100,3547,1,0
B,F,F,1403,100,1403,1,0
C,F,F,7196,100,7196,1,0
D,F,F,6367,100,6367,1,0
E,F,F,3733,100,3733,1,0
F,G,F,7384,100,7384,1,0
F,H,F,6302,100,6302,1,0
A,G,G,9574,100,9574,1,0
B,G,G,7199,100,7199,1,0
C,G,G,1620,100,1620,1,0
D,G,G,9218,100,9218,1,0
E,G,G,9907,100,9907,1,0
F,G,G,7361,100,7361,1,0
G,H,G,9306,100,9306,1,0
A,H,H,9394,100,9394,1,0
B,H,H,6188,100,6188,1,0
C,H,H,9018,100,9018,1,0
D,H,H,1426,100,1426,1,0
E,H,H,9642,100,9642,1,0
F,H,H,6286,100,6286,1,0
G,H,H,9318,100,9318,1,0
A,B,A,3624,100,3624,1,0
A,C,A,9342,100,9342,1,0
A,D,A,9238,100,9238,1,0
A,E,A,1449,100,1449,1,0
A,F,A,3457,100,3457,1,0
A,G,A,9615,100,9615,1,0
A,H,A,9434,100,9434,1,0
A,B,B,3636,100,3636,1,0
B,C,B,6790,100,6790,1,0
B,D,B,5933,100,5933,1,0
B,E,B,4293,100,4293,1,0
B,F,B,1387,100,1387,1,0
B,G,B,7188,100,7188,1,0
B,H,B,6216,100,6216,1,0
A,C,C,9294,100,9294,1,0
B,C,C,6726,100,6726,1,0
C,D,C,8725,100,8725,1,0
C,E,C,9754,100,9754,1,0
C,F,C,7221,100,7221,1,0
C,G,C,1619,100,1619,1,0
C,H,C,9046,100,9046,1,0
A,D,D,9275,100,9275,1,0
B,D,D,5941,100,5941,1,0
C,D,D,8737,100,8737,1,0
D,E,D,9683,100,9683,1,0
D,F,D,6348,100,6348,1,0
D,G,D,9279,100,9279,1,0
D,H,D,1428,100,1428,1,0
A,E,E,1431,100,1431,1,0
B,E,E,4276,100,4276,1,0
C,E,E,9809,100,9809,1,0
D,E,E,9771,100,9771,1,0
E,F,E,3690,100,3690,1,0
E,G,E,9924,100,9924,1,0
E,H,E,9654,100,9654,1,0
A,F,F,3534,100,3534,1,0
B,F,F,1395,100,1395,1,0
C,F,F,7200,100,7200,1,0
D,F,F,6363,100,6363,1,0
E,F,F,3721,100,3721,1,0
F,G,F,7387,100,7387,1,0
F,H,F,6286,100,6286,1,0
A,G,G,9624,100,9624,1,0
B,G,G,7204,100,7204,1,0
C,G,G,1574,100,1574,1,0
D,G,G,9235,100,9235,1,0
E,G,G,9890,100,9890,1,0
F,G,G,7333,100,7333,1,0
G,H,G,9303,100,9303,1,0
A,H,H,9373,100,9373,1,0
B,H,H,6209,100,6209,1,0
C,H,H,9083,100,9083,1,0
D,H,H,1443,100,1443,1,0
E,H,H,9652,100,9652,1,0
F,H,H,6305,100,6305,1,0
G,H,H,9345,100,9345,1,0
A,B,A,3658,100,3658,1,0
A,C,A,9285,100,9285,1,0
A,D,A,9254,100,9254,1,0
A,E,A,1465,100,1465,1,0
A,F,A,3555,100,3555,1,0
A,G,A,9635,100,9635,1,0
A,H,A,9438,100,9438,1,0
A,B,B,3621,100,3621,1,0
B,C,B,6709,100,6709,1,0
B,D,B,5952,100,5952,1,0
B,E,B,4279,100,4279,1,0
B,F,B,1399,100,1399,1,0
B,G,B,7231,100,7231,1,0
B,H,B,6170,100,6170,1,0
A,C,C,9275,100,9275,1,0
B,C,C,6717,100,6717,1,0
C,D,C,8768,100,8768,1,0
C,E,C,9830,100,9830,1,0
C,F,C,7197,100,7197,1,0
C,G,C,1584,100,1584,1,0
C,H,C,9086,100,9086,1,0
A,D,D,9264,100,9264,1,0
B,D,D,5964,100,5964,1,0
C,D,D,8748,100,8748,1,0
D,E,D,9712,100,9712,1,0
D,F,D,6362,100,6362,1,0
D,G,D,9228,100,9228,1,0
D,H,D,1426,100,1426,1,0
A,E,E,1407,100,1407,1,0
B,E,E,4348,100,4348,1,0
C,E,E,9845,100,9845,1,0
D,E,E,9789,100,9789,1,0
E,F,E,3724,100,3724,1,0
E,G,E,9917,100,9917,1,0
E,H,E,9663,100,9663,1,0
A,F,F,3492,100,3492,1,0
B,F,F,1440,100,1440,1,0
C,F,F,7218,100,7218,1,0
D,F,F,6357,100,6357,1,0
E,F,F,3666,100,3666,1,0
F,G,F,7390,100,7390,1,0
F,H,F,6295,100,6295,1,0
A,G,G,9611,100,9611,1,0
B,G,G,7174,100,7174,1,0
C,G,G,1567,100,1567,1,0
D,G,G,9239,100,9239,1,0
E,G,G,9927,100,9927,1,0
F,G,G,7355,100,7355,1,0
G,H,G,9314,100,9314,1,0
A,H,H,9393,100,9393,1,0
B,H,H,6216,100,6216,1,0
C,H,H,9054,100,9054,1,0
D,H,H,1468,100,1468,1,0
E,H,H,9641,100,9641,1,0
F,H,H,6306,100,6306,1,0
G,H,H,9300,100,9300,1,0
A,B,A,3663,100,3663,1,0
A,C,A,9297,100,9297,1,0
A,D,A,9260,100,9260,1,0
A,E,A,1476,100,1476,1,0
A,F,A,3538,100,3538,1,0
A,G,A,9592,100,9592,1,0
A,H,A,9429,100,9429,1,0
A,B,B,3643,100,3643,1,0
B,C,B,6728,100,6728,1,0
B,D,B,5946,100,5946,1,0
B,E,B,4300,100,4300,1,0
B,F,B,1429,100,1429,1,0
B,G,B,7204,100,7204,1,0
B,H,B,6260,100,6260,1,0
A,C,C,9319,100,9319,1,0
B,C,C,6746,100,6746,1,0
C,D,C,8709,100,8709,1,0
C,E,C,9812,100,9812,1,0
C,F,C,7187,100,7187,1,0
C,G,C,1615,100,1615,1,0
C,H,C,9039,100,9039,1,0
A,D,D,9259,100,9259,1,0
B,D,D,5930,100,5930,1,0
C,D,D,8716,100,8716,1,0
D,E,D,9708,100,9708,1,0
D,F,D,6316,100,6316,1,0
D,G,D,9239,100,9239,1,0
D,H,D,1407,100,1407,1,0
A,E,E,1414,100,1414,1,0
B,E,E,4321,100,4321,1,0
C,E,E,9816,100,9816,1,0
D,E,E,9698,100,9698,1,0
E,F,E,3717,100,3717,1,0
E,G,E,9905,100,9905,1,0
E,H,E,9669,100,9669,1,0
A,F,F,3517,100,3517,1,0
B,F,F,1405,100,1405,1,0
C,F,F,7222,100,7222,1,0
D,F,F,6351,100,6351,1,0
E,F,F,3704,100,3704,1,0
F,G,F,7385,100,7385,1,0
F,H,F,6277,100,6277,1,0
A,G,G,9621,100,9621,1,0
B,G,G,7180,100,7180,1,0
C,G,G,1590,100,1590,1,0
D,G,G,9239,100,9239,1,0
E,G,G,9919,100,9919,1,0
F,G,G,7351,100,7351,1,0
G,H,G,9327,100,9327,1,0
A,H,H,9395,100,9395,1,0
B,H,H,6228,100,6228,1,0
C,H,H,9024,100,9024,1,0
D,H,H,1464,100,1464,1,0
E,H,H,9682,100,9682,1,0
F,H,H,6257,100,6257,1,0
G,H,H,9335,100,9335,1,0
A,B,A,3628,100,3628,1,0
A,C,A,9264,100,9264,1,0
A,D,A,9257,100,9257,1,0
A,E,A,1425,100,1425,1,0
A,F,A,3523,100,3523,1,0
A,G,A,9568,100,9568,1,0
A,H,A,9408,100,9408,1,0
A,B,B,3671,100,3671,1,0
B,C,B,6716,100,6716,1,0
B,D,B,5974,100,5974,1,0
B,E,B,4272,100,4272,1,0
B,F,B,1421,100,1421,1,0
B,G,B,7199,100,7199,1,0
B,H,B,6185,100,6185,1,0
A,C,C,9303,100,9303,1,0
B,C,C,6766,100,6766,1,0
C,D,C,8740,100,8740,1,0
C,E,C,9860,100,9860,1,0
C,F,C,7210,100,7210,1,0
C,G,C,1566,100,1566,1,0
C,H,C,9073,100,9073,1,0
A,D,D,9278,100,9278,1,0
B,D,D,5949,100,5949,1,0
C,D,D,8754,100,8754,1,0
D,E,D,9702,100,9702,1,0
D,F,D,6356,100,6356,1,0
D,G,D,9226,100,9226,1,0
D,H,D,1441,100,1441,1,0
A,E,E,1498,100,1498,1,0
B,E,E,4300,100,4300,1,0
C,E,E,9835,100,9835,1,0
D,E,E,9732,100,9732,1,0
E,F,E,3678,100,3678,1,0
E,G,E,9911,100,9911,1,0
E,H,E,9618,100,9618,1,0
A,F,F,3494,100,3494,1,0
B,F,F,1418,100,1418,1,0
C,F,F,7206,100,7206,1,0
D,F,F,6328,100,6328,1,0
E,F,F,3668,100,3668,1,0
F,G,F,7376,100,7376,1,0
F,H,F,6236,100,6236,1,0
A,G,G,9556,100,9556,1,0
B,G,G,7182,100,7182,1,0
C,G,G,1615,100,1615,1,0
D,G,G,9210,100,9210,1,0
E,G,G,9928,100,9928,1,0
F,G,G,7375,100,7375,1,0
G,H,G,9306,100,9306,1,0
A,H,H,9377,100,9377,1,0
B,H,H,6223,100,6223,1,0
C,H,H,9026,100,9026,1,0
D,H,H,1394,100,1394,1,0
E,H,H,9653,100,9653,1,0
F,H,H,6306,100,6306,1,0
G,H,H,9310,100,9310,1,0
A,B,A,3648,100,3648,1,0
A,C,A,9264,100,9264,1,0
A,D,A,9259,100,9259,1,0
A,E,A,1401,100,1401,1,0
A,F,A,3559,100,3559,1,0
A,G,A,9597,100,9597,1,0
A,H,A,9402,100,9402,1,0
A,B,B,3619,100,3619,1,0
B,C,B,6719,100,6719,1,0
B,D,B,5923,100,5923,1,0
B,E,B,4268,100,4268,1,0
B,F,B,1428,100,1428,1,0
B,G,B,7206,100,7206,1,0
B,H,B,6214,100,6214,1,0
A,C,C,9294,100,9294,1,0
B,C,C,6777,100,6777,1,0
C,D,C,8719,100,8719,1,0
C,E,C,9834,100,9834,1,0
C,F,C,7234,100,7234,1,0
C,G,C,1579,100,1579,1,0
C,H,C,9061,100,9061,1,0
A,D,D,9271,100,9271,1,0
B,D,D,5939,100,5939,1,0
C,D,D,8750,100,8750,1,0
D,E,D,9670,100,9670,1,0
D,F,D,6365,100,6365,1,0
D,G,D,9224,100,9224,1,0
D,H,D,1424,100,1424,1,0
A,E,E,1413,100,1413,1,0
B,E,E,4310,100,4310,1,0
C,E,E,9842,100,9842,1,0
D,E,E,9686,100,9686,1,0
E,F,E,3731,100,3731,1,0
E,G,E,9915,100,9915,1,0
E,H,E,9687,100,9687,1,0
A,F,F,3471,100,3471,1,0
B,F,F,1400,100,1400,1,0
C,F,F,7210,100,7210,1,0
D,F,F,6327,100,6327,1,0
E,F,F,3691,100,3691,1,0
F,G,F,7359,100,7359,1,0
F,H,F,6249,100,6249,1,0
A,G,G,9596,100,9596,1,0
B,G,G,7188,100,7188,1,0
C,G,G,1559,100,1559,1,0
D,G,G,9228,100,9228,1,0
E,G,G,9881,100,9881,1,0
F,G,G,7403,100,7403,1,0
G,H,G,9314,100,9314,1,0
A,H,H,9388,100,9388,1,0
B,H,H,6217,100,6217,1,0
C,H,H,9079,100,9079,1,0
D,H,H,1437,100,1437,1,0
E,H,H,9630,100,9630,1,0
F,H,H,6247,100,6247,1,0
G,H,H,9349,100,9349,1,0
A,B,A,3639,100,3639,1,0
A,C,A,9291,100,9291,1,0
A,D,A,9285,100,9285,1,0
A,E,A,1426,100,1426,1,0
A,F,A,3528,100,3528,1,0
A,G,A,9656,100,9656,1,0
A,H,A,9397,100,9397,1,0
A,B,B,3659,100,3659,1,0
B,C,B,6783,100,6783,1,0
B,D,B,5968,100,5968,1,0
B,E,B,4324,100,4324,1,0
B,F,B,1373,100,1373,1,0
B,G,B,7225,100,7225,1,0
B,H,B,6149,100,6149,1,0
A,C,C,9320,100,9320,1,0
B,C,C,6712,100,6712,1,0
C,D,C,8700,100,8700,1,0
C,E,C,9869,100,9869,1,0
C,F,C,7212,100,7212,1,0
C,G,C,1601,100,1601,1,0
C,H,C,9019,100,9019,1,0
A,D,D,9279,100,9279,1,0
B,D,D,5927,100,5927,1,0
C,D,D,8723,100,8723,1,0
D,E,D,9767,100,9767,1,0
D,F,D,6367,100,6367,1,0
D,G,D,9211,100,9211,1,0
D,H,D,1384,100,1384,1,0
A,E,E,1488,100,1488,1,0
B,E,E,4251,100,4251,1,0
C,E,E,9843,100,9843,1,0
D,E,E,9693,100,9693,1,0
E,F,E,3681,100,3681,1,0
E,G,E,9897,100,9897,1,0
E,H,E,9664,100,9664,1,0
A,F,F,3579,100,3579,1,0
B,F,F,1404,100,1404,1,0
C,F,F,7194,100,7194,1,0
D,F,F,6337,100,6337,1,0
E,F,F,3693,100,3693,1,0
F,G,F,7372,100,7372,1,0
F,H,F,6254,100,6254,1,0
A,G,G,9576,100,9576,1,0
B,G,G,7193,100,7193,1,0
C,G,G,1583,100,1583,1,0
D,G,G,9204,100,9204,1,0
E,G,G,9926,100,9926,1,0
F,G,G,7336,100,7336,1,0
G,H,G,9328,100,9328,1,0
A,H,H,9437,100,9437,1,0
B,H,H,6184,100,6184,1,0
C,H,H,9022,100,9022,1,0
D,H,H,1380,100,1380,1,0
E,H,H,9655,100,9655,1,0
F,H,H,6305,100,6305,1,0
G,H,H,9348,100,9348,1,0
A,B,A,3627,100,3627,1,0
A,C,A,9277,100,9277,1,0
A,D,A,9267,100,9267,1,0
A,E,A,1425,100,1425,1,0
A,F,A,3563,100,3563,1,0
A,G,A,9551,100,9551,1,0
A,H,A,9403,100,9403,1,0
A,B,B,3618,100,3618,1,0
B,C,B,6738,100,6738,1,0
B,D,B,5965,100,5965,1,0
B,E,B,4292,100,4292,1,0
B,F,B,1408,100,1408,1,0
B,G,B,7222,100,7222,1,0
B,H,B,6176,100,6176,1,0
A,C,C,9283,100,9283,1,0
B,C,C,6718,100,6718,1,0
C,D,C,8762,100,8762,1,0
C,E,C,9806,100,9806,1,0
C,F,C,7212,100,7212,1,0
C,G,C,1606,100,1606,1,0
C,H,C,9038,100,9038,1,0
A,D,D,9277,100,9277,1,0
B,D,D,5933,100,5933,1,0
C,D,D,8712,100,8712,1,0
D,E,D,9724,100,9724,1,0
D,F,D,6365,100,6365,1,0
D,G,D,9266,100,9266,1,0
D,H,D,1366,100,1366,1,0
A,E,E,1381,100,1381,1,0
B,E,E,4332,100,4332,1,0
C,E,E,9814,100,9814,1,0
D,E,E,9728,100,9728,1,0
E,F,E,3689,100,3689,1,0
E,G,E,9923,100,9923,1,0
E,H,E,9617,100,9617,1,0
A,F,F,3499,100,3499,1,0
B,F,F,1426,100,1426,1,0
C,F,F,7223,100,7223,1,0
D,F,F,6351,100,6351,1,0
E,F,F,3690,100,3690,1,0
F,G,F,7375,100,7375,1,0
F,H,F,6251,100,6251,1,0
A,G,G,9594,100,9594,1,0
B,G,G,7187,100,7187,1,0
C,G,G,1542,100,1542,1,0
D,G,G,9210,100,9210,1,0
E,G,G,9918,100,9918,1,0
F,G,G,7391,100,7391,1,0
G,H,G,9336,100,9336,1,0
A,H,H,9420,100,9420,1,0
B,H,H,6188,100,6188,1,0
C,H,H,9049,100,9049,1,0
D,H,H,1372,100,1372,1,0
E,H,H,9635,100,9635,1,0
F,H,H,6299,100,6299,1,0
G,H,H,9306,100,9306,1,0
A,B,A,3641,100,3641,1,0
A,C,A,9312,100,9312,1,0
A,D,A,9294,100,9294,1,0
A,E,A,1453,100,1453,1,0
A,F,A,3532,100,3532,1,0
A,G,A,9627,100,9627,1,0
A,H,A,9391,100,9391,1,0
A,B,B,3625,100,3625,1,0
B,C,B,6739,100,6739,1,0
B,D,B,5942,100,5942,1,0
B,E,B,4299,100,4299,1,0
B,F,B,1399,100,1399,1,0
B,G,B,7159,100,7159,1,0
B,H,B,6219,100,6219,1,0
A,C,C,9254,100,9254,1,0
B,C,C,6719,100,6719,1,0
C,D,C,8688,100,8688,1,0
C,E,C,9843,100,9843,1,0
C,F,C,7184,100,7184,1,0
C,G,C,1572,100,1572,1,0
C,H,C,9056,100,9056,1,0
A,D,D,9247,100,9247,1,0
B,D,D,5971,100,5971,1,0
C,D,D,8741,100,8741,1,0
D,E,D,9699,100,9699,1,0
D,F,D,6337,100,6337,1,0
D,G,D,9240,100,9240,1,0
D,H,D,1444,100,1444,1,0
A,E,E,1451,100,1451,1,0
B,E,E,4311,100,4311,1,0
C,E,E,9844,100,9844,1,0
D,E,E,9793,100,9793,1,0
E,F,E,3718,100,3718,1,0
E,G,E,9891,100,9891,1,0
E,H,E,9694,100,9694,1,0
A,F,F,3494,100,3494,1,0
B,F,F,1385,100,1385,1,0
C,F,F,7228,100,7228,1,0
D,F,F,6326,100,6326,1,0
E,F,F,3687,100,3687,1,0
F,G,F,7370,100,7370,1,0
F,H,F,6283,100,6283,1,0
A,G,G,9630,100,9630,1,0
B,G,G,7174,100,7174,1,0
C,G,G,1603,100,1603,1,0
D,G,G,9222,100,9222,1,0
E,G,G,9890,100,9890,1,0
F,G,G,7378,100,7378,1,0
G,H,G,9275,100,9275,1,0
A,H,H,9354,100,9354,1,0
B,H,H,6157,100,6157,1,0
C,H,H,9038,100,9038,1,0
D,H,H,1348,100,1348,1,0
E,H,H,9643,100,9643,1,0
F,H,H,6282,100,6282,1,0
G,H,H,9307,100,9307,1,0
A,B,A,3617,100,3617,1,0
A,C,A,9280,100,9280,1,0
A,D,A,9288,100,9288,1,0
A,E,A,1500,100,1500,1,0
A,F,A,3506,100,3506,1,0
A,G,A,9653,100,9653,1,0
A,H,A,9356,100,9356,1,0
A,B,B,3641,100,3641,1,0
B,C,B,6749,100,6749,1,0
B,D,B,5965,100,5965,1,0
B,E,B,4311,100,4311,1,0
B,F,B,1398,100,1398,1,0
B,G,B,7175,100,7175,1,0
B,H,B,6207,100,6207,1,0
A,C,C,9306,100,9306,1,0
B,C,C,6751,100,6751,1,0
C,D,C,8730,100,8730,1,0
C,E,C,9844,100,9844,1,0
C,F,C,7209,100,7209,1,0
C,G,C,1596,100,1596,1,0
C,H,C,9042,100,9042,1,0
A,D,D,9254,100,9254,1,0
B,D,D,5991,100,5991,1,0
C,D,D,8734,100,8734,1,0
D,E,D,9726,100,9726,1,0
D,F,D,6335,100,6335,1,0
D,G,D,9227,100,9227,1,0
D,H,D,1432,100,1432,1,0
A,E,E,1465,100,1465,1,0
B,E,E,4307,100,4307,1,0
C,E,E,9842,100,9842,1,0
D,E,E,9695,100,9695,1,0
E,F,E,3690,100,3690,1,0
E,G,E,9905,100,9905,1,0
E,H,E,9656,100,9656,1,0
A,F,F,3576,100,3576,1,0
B,F,F,1442,100,1442,1,0
C,F,F,7207,100,7207,1,0
D,F,F,6340,100,6340,1,0
E,F,F,3685,100,3685,1,0
F,G,F,7378,100,7378,1,0
F,H,F,6241,100,6241,1,0
A,G,G,9559,100,9559,1,0
B,G,G,7175,100,7175,1,0
C,G,G,1582,100,1582,1,0
D,G,G,9231,100,9231,1,0
E,G,G,9924,100,9924,1,0
F,G,G,7362,100,7362,1,0
G,H,G,9335,100,9335,1,0
A,H,H,9431,100,9431,1,0
B,H,H,6225,100,6225,1,0
C,H,H,9054,100,9054,1,0
D,H,H,1431,100,1431,1,0
E,H,H,9652,100,9652,1,0
F,H,H,6241,100,6241,1,0
G,H,H,9295,100,9295,1,0
A,B,A,3670,100,3670,1,0
A,C,A,9354,100,9354,1,0
A,D,A,9283,100,9283,1,0
A,E,A,1396,100,1396,1,0
A,F,A,3538,100,3538,1,0
A,G,A,9566,100,9566,1,0
A,H,A,9421,100,9421,1,0
A,B,B,3626,100,3626,1,0
B,C,B,6737,100,6737,1,0
B,D,B,5957,100,5957,1,0
B,E,B,4327,100,4327,1,0
B,F,B,1376,100,1376,1,0
B,G,B,7172,100,7172,1,0
B,H,B,6198,100,6198,1,0
A,C,C,9319,100,9319,1,0
B,C,C,6722,100,6722,1,0
C,D,C,8688,100,8688,1,0
C,E,C,9787,100,9787,1,0
C,F,C,7194,100,7194,1,0
C,G,C,1610,100,1610,1,0
C,H,C,9024,100,9024,1,0
A,D,D,9271,100,9271,1,0
B,D,D,5957,100,5957,1,0
C,D,D,8749,100,8749,1,0
D,E,D,9755,100,9755,1,0
D,F,D,6321,100,6321,1,0
D,G,D,9267,100,9267,1,0
D,H,D,1486,100,1486,1,0
A,E,E,1414,100,1414,1,0
B,E,E,4310,100,4310,1,0
C,E,E,9853,100,9853,1,0
D,E,E,9801,100,9801,1,0
E,F,E,3694,100,3694,1,0
E,G,E,9923,100,9923,1,0
E,H,E,9656,100,9656,1,0
A,F,F,3522,100,3522,1,0
B,F,F,1386,100,1386,1,0
C,F,F,7218,100,7218,1,0
D,F,F,6385,100,6385,1,0
E,F,F,3727,100,3727,1,0
F,G,F,7348,100,7348,1,0
F,H,F,6295,100,6295,1,0
A,G,G,9592,100,9592,1,0
B,G,G,7230,100,7230,1,0
C,G,G,1573,100,1573,1,0
D,G,G,9267,100,9267,1,0
E,G,G,9928,100,9928,1,0
F,G,G,7368,100,7368,1,0
G,H,G,9327,100,9327,1,0
A,H,H,9409,100,9409,1,0
B,H,H,6229,100,6229,1,0
C,H,H,9072,100,9072,1,0
D,H,H,1409,100,1409,1,0
E,H,H,9642,100,9642,1,0
F,H,H,6270,100,6270,1,0
G,H,H,9340,100,9340,1,0
A,B,A,3676,100,3676,1,0
A,C,A,9314,100,9314,1,0
A,D,A,9269,100,9269,1,0
A,E,A,1432,100,1432,1,0
A,F,A,3541,100,3541,1,0
A,G,A,9607,100,9607,1,0
A,H,A,9377,100,9377,1,0
A,B,B,3647,100,3647,1,0
B,C,B,6740,100,6740,1,0
B,D,B,5975,100,5975,1,0
B,E,B,4271,100,4271,1,0
B,F,B,1381,100,1381,1,0
B,G,B,7196,100,7196,1,0
B,H,B,6209,100,6209,1,0
A,C,C,9323,100,9323,1,0
B,C,C,6748,100,6748,1,0
C,D,C,8780,100,8780,1,0
C,E,C,9851,100,9851,1,0
C,F,C,7232,100,7232,1,0
C,G,C,1600,100,1600,1,0
C,H,C,9044,100,9044,1,0
A,D,D,9259,100,9259,1,0
B,D,D,6014,100,6014,1,0
C,D,D,8733,100,8733,1,0
D,E,D,9720,100,9720,1,0
D,F,D,6362,100,6362,1,0
D,G,D,9241,100,9241,1,0
D,H,D,1441,100,1441,1,0
A,E,E,1451,100,1451,1,0
B,E,E,4291,100,4291,1,0
C,E,E,9852,100,9852,1,0
D,E,E,9697,100,9697,1,0
E,F,E,3678,100,3678,1,0
E,G,E,9924,100,9924,1,0
E,H,E,9679,100,9679,1,0
A,F,F,3495,100,3495,1,0
B,F,F,1420,100,1420,1,0
C,F,F,7178,100,7178,1,0
D,F,F,6377,100,6377,1,0
E,F,F,3703,100,3703,1,0
F,G,F,7389,100,7389,1,0
F,H,F,6273,100,6273,1,0
A,G,G,9610,100,9610,1,0
B,G,G,7214,100,7214,1,0
C,G,G,1598,100,1598,1,0
D,G,G,9204,100,9204,1,0
E,G,G,9918,100,9918,1,0
F,G,G,7337,100,7337,1,0
G,H,G,9276,100,9276,1,0
A,H,H,9387,100,9387,1,0
B,H,H,6197,100,6197,1,0
C,H,H,9070,100,9070,1,0
D,H,H,1426,100,1426,1,0
E,H,H,9620,100,9620,1,0
F,H,H,6245,100,6245,1,0
G,H,H,9312,100,9312,1,0
A,B,A,3629,100,3629,1,0
A,C,A,9302,100,9302,1,0
A,D,A,9288,100,9288,1,0
A,E,A,1410,100,1410,1,0
A,F,A,3521,100,3521,1,0
A,G,A,9625,100,9625,1,0
A,H,A,9424,100,9424,1,0
A,B,B,3608,100,3608,1,0
B,C,B,6712,100,6712,1,0
B,D,B,5923,100,5923,1,0
B,E,B,4335,100,4335,1,0
B,F,B,1383,100,1383,1,0
B,G,B,7176,100,7176,1,0
B,H,B,6136,100,6136,1,0
A,C,C,9261,100,9261,1,0
B,C,C,6772,100,6772,1,0
C,D,C,8753,100,8753,1,0
C,E,C,9842,100,9842,1,0
C,F,C,7194,100,7194,1,0
C,G,C,1543,100,1543,1,0
C,H,C,9078,100,9078,1,0
A,D,D,9295,100,9295,1,0
B,D,D,5973,100,5973,1,0
C,D,D,8698,100,8698,1,0
D,E,D,9811,100,9811,1,0
D,F,D,6375,100,6375,1,0
D,G,D,9267,100,9267,1,0
D,H,D,1449,100,1449,1,0
A,E,E,1508,100,1508,1,0
B,E,E,4308,100,4308,1,0
C,E,E,9863,100,9863,1,0
D,E,E,9776,100,9776,1,0
E,F,E,3733,100,3733,1,0
E,G,E,9913,100,9913,1,0
E,H,E,9623,100,9623,1,0
A,F,F,3547,100,3547,1,0
B,F,F,1402,100,1402,1,0
C,F,F,7204,100,7204,1,0
D,F,F,6350,100,6350,1,0
E,F,F,3668,100,3668,1,0
F,G,F,7380,100,7380,1,0
F,H,F,6287,100,6287,1,0
A,G,G,9616,100,9616,1,0
B,G,G,7178,100,7178,1,0
C,G,G,1614,100,1614,1,0
D,G,G,9219,100,9219,1,0
E,G,G,9938,100,9938,1,0
F,G,G,7342,100,7342,1,0
G,H,G,9348,100,9348,1,0
A,H,H,9363,100,9363,1,0
B,H,H,6172,100,6172,1,0
C,H,H,9069,100,9069,1,0
D,H,H,1427,100,1427,1,0
E,H,H,9703,100,9703,1,0
F,H,H,6290,100,6290,1,0
G,H,H,9309,100,9309,1,0
A,B,A,3621,100,3621,1,0
A,C,A,9295,100,9295,1,0
A,D,A,9282,100,9282,1,0
A,E,A,1465,100,1465,1,0
A,F,A,3518,100,3518,1,0
A,G,A,9598,100,9598,1,0
A,H,A,9418,100,9418,1,0
A,B,B,3628,100,3628,1,0
B,C,B,6759,100,6759,1,0
B,D,B,5971,100,5971,1,0
B,E,B,4322,100,4322,1,0
B,F,B,1399,100,1399,1,0
B,G,B,7194,100,7194,1,0
B,H,B,6228,100,6228,1,0
A,C,C,9278,100,9278,1,0
B,C,C,6751,100,6751,1,0
C,D,C,8744,100,8744,1,0
C,E,C,9833,100,9833,1,0
C,F,C,7191,100,7191,1,0
C,G,C,1630,100,1630,1,0
C,H,C,9020,100,9020,1,0
A,D,D,9239,100,9239,1,0
B,D,D,5952,100,5952,1,0
C,D,D,8687,100,8687,1,0
D,E,D,9677,100,9677,1,0
D,F,D,6372,100,6372,1,0
D,G,D,9231,100,9231,1,0
D,H,D,1420,100,1420,1,0
A,E,E,1456,100,1456,1,0
B,E,E,4344,100,4344,1,0
C,E,E,9795,100,9795,1,0
D,E,E,9778,100,9778,1,0
E,F,E,3718,100,3718,1,0
E,G,E,9930,100,9930,1,0
E,H,E,9654,100,9654,1,0
A,F,F,3499,100,3499,1,0
B,F,F,1417,100,1417,1,0
C,F,F,7222,100,7222,1,0
D,F,F,6325,100,6325,1,0
E,F,F,3684,100,3684,1,0
F,G,F,7364,100,7364,1,0
F,H,F,6310,100,6310,1,0
A,G,G,9615,100,9615,1,0
B,G,G,7170,100,7170,1,0
C,G,G,1572,100,1572,1,0
D,G,G,9251,100,9251,1,0
E,G,G,9918,100,9918,1,0
F,G,G,7383,100,7383,1,0
G,H,G,9343,100,9343,1,0
A,H,H,9375,100,9375,1,0
B,H,H,6187,100,6187,1,0
C,H,H,9100,100,9100,1,0
D,H,H,1436,100,1436,1,0
E,H,H,9649,100,9649,1,0
F,H,H,6267,100,6267,1,0
G,H,H,9285,100,9285,1,0
A,B,A,3621,100,3621,1,0
A,C,A,9289,100,9289,1,0
A,D,A,9257,100,9257,1,0
A,E,A,1435,100,1435,1,0
A,F,A,3535,100,3535,1,0
A,G,A,9625,100,9625,1,0
A,H,A,9383,100,9383,1,0
A,B,B,3622,100,3622,1,0
B,C,B,6710,100,6710,1,0
B,D,B,5928,100,5928,1,0
B,E,B,4305,100,4305,1,0
B,F,B,1428,100,1428,1,0
B,G,B,7209,100,7209,1,0
B,H,B,6221,100,6221,1,0
A,C,C,9310,100,9310,1,0
B,C,C,6752,100,6752,1,0
C,D,C,8761,100,8761,1,0
C,E,C,9798,100,9798,1,0
C,F,C,7187,100,7187,1,0
C,G,C,1600,100,1600,1,0
C,H,C,9050,100,9050,1,0
A,D,D,9295,100,9295,1,0
B,D,D,5917,100,5917,1,0
C,D,D,8721,100,8721,1,0
D,E,D,9772,100,9772,1,0
D,F,D,6374,100,6374,1,0
D,G,D,9218,100,9218,1,0
D,H,D,1441,100,1441,1,0
A,E,E,1430,100,1430,1,0
B,E,E,4307,100,4307,1,0
C,E,E,9819,100,9819,1,0
D,E,E,9747,100,9747,1,0
E,F,E,3680,100,3680,1,0
E,G,E,9924,100,9924,1,0
E,H,E,9647,100,9647,1,0
A,F,F,3518,100,3518,1,0
B,F,F,1408,100,1408,1,0
C,F,F,7185,100,7185,1,0
D,F,F,6335,100,6335,1,0
E,F,F,3689,100,3689,1,0
F,G,F,7349,100,7349,1,0
F,H,F,6314,100,6314,1,0
A,G,G,9607,100,9607,1,0
B,G,G,7189,100,7189,1,0
C,G,G,1564,100,1564,1,0
D,G,G,9208,100,9208,1,0
E,G,G,9896,100,9896,1,0
F,G,G,7381,100,7381,1,0
G,H,G,9317,100,9317,1,0
A,H,H,9381,100,9381,1,0
B,H,H,6240,100,6240,1,0
C,H,H,9026,100,9026,1,0
D,H,H,1408,100,1408,1,0
E,H,H,9651,100,9651,1,0
F,H,H,6307,100,6307,1,0
G,H,H,9318,100,9318,1,0
A,B,A,3640,100,3640,1,0
A,C,A,9301,100,9301,1,0
A,D,A,9288,100,9288,1,0
A,E,A,1432,100,1432,1,0
A,F,A,3538,100,3538,1,0
A,G,A,9631,100,9631,1,0
A,H,A,9377,100,9377,1,0
A,B,B,3658,100,3658,1,0
B,C,B,6714,100,6714,1,0
B,D,B,5941,100,5941,1,0
B,E,B,4323,100,4323,1,0
B,F,B,1390,100,1390,1,0
B,G,B,7211,100,7211,1,0
B,H,B,6197,100,6197,1,0
A,C,C,9276,100,9276,1,0
B,C,C,6737,100,6737,1,0
C,D,C,8685,100,8685,1,0
C,E,C,9860,100,9860,1,0
C,F,C,7210,100,7210,1,0
C,G,C,1598,100,1598,1,0
C,H,C,9033,100,9033,1,0
A,D,D,9265,100,9265,1,0
B,D,D,5960,100,5960,1,0
C,D,D,8709,100,8709,1,0
D,E,D,9754,100,9754,1,0
D,F,D,6358,100,6358,1,0
D,G,D,9221,100,9221,1,0
D,H,D,1447,100,1447,1,0
A,E,E,1495,100,1495,1,0
B,E,E,4315,100,4315,1,0
C,E,E,9838,100,9838,1,0
D,E,E,9760,100,9760,1,0
E,F,E,3720,100,3720,1,0
E,G,E,9916,100,9916,1,0
E,H,E,9630,100,9630,1,0
A,F,F,3539,100,3539,1,0
B,F,F,1423,100,1423,1,0
C,F,F,7241,100,7241,1,0
D,F,F,6344,100,6344,1,0
E,F,F,3703,100,3703,1,0
F,G,F,7378,100,7378,1,0
F,H,F,6303,100,6303,1,0
A,G,G,9597,100,9597,1,0
B,G,G,7226,100,7226,1,0
C,G,G,1609,100,1609,1,0
D,G,G,9203,100,9203,1,0
E,G,G,9929,100,9929,1,0
F,G,G,7349,100,7349,1,0
G,H,G,9307,100,9307,1,0
A,H,H,9360,100,9360,1,0
B,H,H,6185,100,6185,1,0
C,H,H,9028,100,9028,1,0
D,H,H,1402,100,1402,1,0
E,H,H,9660,100,9660,1,0
F,H,H,6311,100,6311,1,0
G,H,H,9343,100,9343,1,0
A,B,A,3646,100,3646,1,0
A,C,A,9243,100,9243,1,0
A,D,A,9263,100,9263,1,0
A,E,A,1454,100,1454,1,0
A,F,A,3475,100,3475,1,0
A,G,A,9637,100,9637,1,0
A,H,A,9396,100,9396,1,0
A,B,B,3611,100,3611,1,0
B,C,B,6709,100,6709,1,0
B,D,B,5963,100,5963,1,0
B,E,B,4284,100,4284,1,0
B,F,B,1394,100,1394,1,0
B,G,B,7222,100,7222,1,0
B,H,B,6303,100,6303,1,0
A,C,C,9336,100,9336,1,0
B,C,C,6741,100,6741,1,0
C,D,C,8694,100,8694,1,0
C,E,C,9803,100,9803,1,0
C,F,C,7235,100,7235,1,0
C,G,C,1550,100,1550,1,0
C,H,C,9030,100,9030,1,0
A,D,D,9281,100,9281,1,0
B,D,D,5962,100,5962,1,0
C,D,D,8691,100,8691,1,0
D,E,D,9722,100,9722,1,0
D,F,D,6366,100,6366,1,0
D,G,D,9240,100,9240,1,0
D,H,D,1455,100,1455,1,0
A,E,E,1413,100,1413,1,0
B,E,E,4333,100,4333,1,0
C,E,E,9852,100,9852,1,0
D,E,E,9799,100,9799,1,0
E,F,E,3676,100,3676,1,0
E,G,E,9904,100,9904,1,0
E,H,E,9710,100,9710,1,0
A,F,F,3585,100,3585,1,0
B,F,F,1430,100,1430,1,0
C,F,F,7231,100,7231,1,0
D,F,F,6341,100,6341,1,0
E,F,F,3685,100,3685,1,0
F,G,F,7371,100,7371,1,0
F,H,F,6281,100,6281,1,0
A,G,G,9624,100,9624,1,0
B,G,G,7195,100,7195,1,0
C,G,G,1551,100,1551,1,0
D,G,G,9255,100,9255,1,0
E,G,G,9923,100,9923,1,0
F,G,G,7359,100,7359,1,0
G,H,G,9291,100,9291,1,0
A,H,H,9471,100,9471,1,0
B,H,H,6166,100,6166,1,0
C,H,H,9059,100,9059,1,0
D,H,H,1424,100,1424,1,0
E,H,H,9669,100,9669,1,0
F,H,H,6328,100,6328,1,0
G,H,H,9345,100,9345,1,0
A,B,A,3655,100,3655,1,0
A,C,A,9298,100,9298,1,0
A,D,A,9256,100,9256,1,0
A,E,A,1455,100,1455,1,0
A,F,A,3538,100,3538,1,0
A,G,A,9545,100,9545,1,0
A,H,A,9406,100,9406,1,0
A,B,B,3621,100,3621,1,0
B,C,B,6734,100,6734,1,0
B,D,B,5973,100,5973,1,0
B,E,B,4304,100,4304,1,0
B,F,B,1381,100,1381,1,0
B,G,B,7184,100,7184,1,0
B,H,B,6233,100,6233,1,0
A,C,C,9277,100,9277,1,0
B,C,C,6740,100,6740,1,0
C,D,C,8690,100,8690,1,0
C,E,C,9825,100,9825,1,0
C,F,C,7215,100,7215,1,0
C,G,C,1601,100,1601,1,0
C,H,C,9039,100,9039,1,0
A,D,D,9262,100,9262,1,0
B,D,D,5956,100,5956,1,0
C,D,D,8750,100,8750,1,0
D,E,D,9715,100,9715,1,0
D,F,D,6338,100,6338,1,0
D,G,D,9243,100,9243,1,0
D,H,D,1450,100,1450,1,0
A,E,E,1472,100,1472,1,0
B,E,E,4287,100,4287,1,0
C,E,E,9867,100,9867,1,0
D,E,E,9706,100,9706,1,0
E,F,E,3668,100,3668,1,0
E,G,E,9901,100,9901,1,0
E,H,E,9640,100,9640,1,0
A,F,F,3549,100,3549,1,0
B,F,F,1429,100,1429,1,0
C,F,F,7205,100,7205,1,0
D,F,F,6348,100,6348,1,0
E,F,F,3702,100,3702,1,0
F,G,F,7342,100,7342,1,0
F,H,F,6305,100,6305,1,0
A,G,G,9545,100,9545,1,0
B,G,G,7209,100,7209,1,0
C,G,G,1595,100,1595,1,0
D,G,G,9249,100,9249,1,0
E,G,G,9955,100,9955,1,0
F,G,G,7385,100,7385,1,0
G,H,G,9325,100,9325,1,0
A,H,H,9394,100,9394,1,0
B,H,H,6202,100,6202,1,0
C,H,H,9080,100,9080,1,0
D,H,H,1408,100,1408,1,0
E,H,H,9622,100,9622,1,0
F,H,H,6209,100,6209,1,0
G,H,H,9333,100,9333,1,0
A,B,A,3632,100,3632,1,0
A,C,A,9264,100,9264,1,0
A,D,A,9277,100,9277,1,0
A,E,A,1455,100,1455,1,0
A,F,A,3509,100,3509,1,0
A,G,A,9552,100,9552,1,0
A,H,A,9350,100,9350,1,0
A,B,B,3663,100,3663,1,0
B,C,B,6740,100,6740,1,0
B,D,B,5944,100,5944,1,0
B,E,B,4294,100,4294,1,0
B,F,B,1408,100,1408,1,0
B,G,B,7176,100,7176,1,0
B,H,B,6163,100,6163,1,0
A,C,C,9323,100,9323,1,0
B,C,C,6778,100,6778,1,0
C,D,C,8732,100,8732,1,0
C,E,C,9833,100,9833,1,0
C,F,C,7206,100,7206,1,0
C,G,C,1620,100,1620,1,0
C,H,C,9019,100,9019,1,0
A,D,D,9273,100,9273,1,0
B,D,D,5935,100,5935,1,0
C,D,D,8722,100,8722,1,0
D,E,D,9726,100,9726,1,0
D,F,D,6334,100,6334,1,0
D,G,D,9253,100,9253,1,0
D,H,D,1435,100,1435,1,0
A,E,E,1400,100,1400,1,0
B,E,E,4301,100,4301,1,0
C,E,E,9814,100,9814,1,0
D,E,E,9815,100,9815,1,0
E,F,E,3667,100,3667,1,0
E,G,E,9900,100,9900,1,0
E,H,E,9676,100,9676,1,0
A,F,F,3487,100,3487,1,0
B,F,F,1400,100,1400,1,0
C,F,F,7182,100,7182,1,0
D,F,F,6338,100,6338,1,0
E,F,F,3697,100,3697,1,0
F,G,F,7378,100,7378,1,0
F,H,F,6286,100,6286,1,0
A,G,G,9531,100,9531,1,0
B,G,G,7154,100,7154,1,0
C,G,G,1553,100,1553,1,0
D,G,G,9228,100,9228,1,0
E,G,G,9912,100,9912,1,0
F,G,G,7367,100,7367,1,0
G,H,G,9360,100,9360,1,0
A,H,H,9393,100,9393,1,0
B,H,H,6153,100,6153,1,0
C,H,H,9039,100,9039,1,0
D,H,H,1445,100,1445,1,0
E,H,H,9646,100,9646,1,0
F,H,H,6284,100,6284,1,0
G,H,H,9347,100,9347,1,0
A,B,A,3635,100,3635,1,0
A,C,A,9280,100,9280,1,0
A,D,A,9292,100,9292,1,0
A,E,A,1421,100,1421,1,0
A,F,A,3533,100,3533,1,0
A,G,A,9579,100,9579,1,0
A,H,A,9396,100,9396,1,0
A,B,B,3590,100,3590,1,0
B,C,B,6746,100,6746,1,0
B,D,B,5947,100,5947,1,0
B,E,B,4267,100,4267,1,0
B,F,B,1414,100,1414,1,0
B,G,B,7183,100,7183,1,0
B,H,B,6227,100,6227,1,0
A,C,C,9305,100,9305,1,0
B,C,C,6774,100,6774,1,0
C,D,C,8725,100,8725,1,0
C,E,C,9841,100,9841,1,0
C,F,C,7204,100,7204,1,0
C,G,C,1590,100,1590,1,0
C,H,C,9012,100,9012,1,0
A,D,D,9280,100,9280,1,0
B,D,D,5963,100,5963,1,0
C,D,D,8725,100,8725,1,0
D,E,D,9684,100,9684,1,0
D,F,D,6392,100,6392,1,0
D,G,D,9241,100,9241,1,0
D,H,D,1467,100,1467,1,0
A,E,E,1427,100,1427,1,0
B,E,E,4343,100,4343,1,0
C,E,E,9898,100,9898,1,0
D,E,E,9710,100,9710,1,0
E,F,E,3735,100,3735,1,0
E,G,E,9926,100,9926,1,0
E,H,E,9630,100,9630,1,0
A,F,F,3512,100,3512,1,0
B,F,F,1383,100,1383,1,0
C,F,F,7200,100,7200,1,0
D,F,F,6361,100,6361,1,0
E,F,F,3686,100,3686,1,0
F,G,F,7381,100,7381,1,0
F,H,F,6287,100,6287,1,0
A,G,G,9643,100,9643,1,0
B,G,G,7220,100,7220,1,0
C,G,G,1609,100,1609,1,0
D,G,G,9258,100,9258,1,0
E,G,G,9941,100,9941,1,0
F,G,G,7364,100,7364,1,0
G,H,G,9292,100,9292,1,0
A,H,H,9412,100,9412,1,0
B,H,H,6244,100,6244,1,0
C,H,H,9030,100,9030,1,0
D,H,H,1468,100,1468,1,0
E,H,H,9666,100,9666,1,0
F,H,H,6261,100,6261,1,0
G,H,H,9319,100,9319,1,0
A,B,A,3661,100,3661,1,0
A,C,A,9279,100,9279,1,0
A,D,A,9249,100,9249,1,0
A,E,A,1485,100,1485,1,0
A,F,A,3541,100,3541,1,0
A,G,A,9610,100,9610,1,0
A,H,A,9389,100,9389,1,0
A,B,B,3627,100,3627,1,0
B,C,B,6748,100,6748,1,0
B,D,B,5962,100,5962,1,0
B,E,B,4321,100,4321,1,0
B,F,B,1394,100,1394,1,0
B,G,B,7239,100,7239,1,0
B,H,B,6177,100,6177,1,0
A,C,C,9266,100,9266,1,0
B,C,C,6750,100,6750,1,0
C,D,C,8741,100,8741,1,0
C,E,C,9837,100,9837,1,0
C,F,C,7185,100,7185,1,0
C,G,C,1608,100,1608,1,0
C,H,C,9073,100,9073,1,0
A,D,D,9263,100,9263,1,0
B,D,D,5966,100,5966,1,0
C,D,D,8742,100,8742,1,0
D,E,D,9732,100,9732,1,0
D,F,D,6337,100,6337,1,0
D,G,D,9225,100,9225,1,0
D,H,D,1429,100,1429,1,0
A,E,E,1434,100,1434,1,0
B,E,E,4289,100,4289,1,0
C,E,E,9839,100,9839,1,0
D,E,E,9738,100,9738,1,0
E,F,E,3670,100,3670,1,0
E,G,E,9939,100,9939,1,0
E,H,E,9652,100,9652,1,0
A,F,F,3487,100,3487,1,0
B,F,F,1393,100,1393,1,0
C,F,F,7197,100,7197,1,0
D,F,F,6362,100,6362,1,0
E,F,F,3689,100,3689,1,0
F,G,F,7331,100,7331,1,0
F,H,F,6280,100,6280,1,0
A,G,G,9618,100,9618,1,0
B,G,G,7179,100,7179,1,0
C,G,G,1586,100,1586,1,0
D,G,G,9235,100,9235,1,0
E,G,G,9916,100,9916,1,0
F,G,G,7356,100,7356,1,0
G,H,G,9312,100,9312,1,0
A,H,H,9417,100,9417,1,0
B,H,H,6159,100,6159,1,0
C,H,H,9044,100,9044,1,0
D,H,H,1389,100,1389,1,0
E,H,H,9625,100,9625,1,0
F,H,H,6237,100,6237,1,0
G,H,H,9323,100,9323,1,0
A,B,A,3664,100,3664,1,0
A,C,A,9280,100,9280,1,0
A,D,A,9267,100,9267,1,0
A,E,A,1427,100,1427,1,0
A,F,A,3527,100,3527,1,0
A,G,A,9633,100,9633,1,0
A,H,A,9451,100,9451,1,0
A,B,B,3632,100,3632,1,0
B,C,B,6695,100,6695,1,0
B,D,B,5940,100,5940,1,0
B,E,B,4306,100,4306,1,0
B,F,B,1408,100,1408,1,0
B,G,B,7178,100,7178,1,0
B,H,B,6177,100,6177,1,0
A,C,C,9291,100,9291,1,0
B,C,C,6745,100,6745,1,0
C,D,C,8774,100,8774,1,0
C,E,C,9827,100,9827,1,0
C,F,C,7207,100,7207,1,0
C,G,C,1587,100,1587,1,0
C,H,C,9072,100,9072,1,0
A,D,D,9257,100,9257,1,0
B,D,D,5966,100,5966,1,0
C,D,D,8733,100,8733,1,0
D,E,D,9755,100,9755,1,0
D,F,D,6342,100,6342,1,0
D,G,D,9241,100,9241,1,0
D,H,D,1477,100,1477,1,0
A,E,E,1471,100,1471,1,0
B,E,E,4291,100,4291,1,0
C,E,E,9773,100,9773,1,0
D,E,E,9759,100,9759,1,0
E,F,E,3672,100,3672,1,0
E,G,E,9936,100,9936,1,0
E,H,E,9669,100,9669,1,0
A,F,F,3538,100,3538,1,0
B,F,F,1437,100,1437,1,0
C,F,F,7218,100,7218,1,0
D,F,F,6356,100,6356,1,0
E,F,F,3700,100,3700,1,0
F,G,F,7396,100,7396,1,0
F,H,F,6272,100,6272,1,0
A,G,G,9596,100,9596,1,0
B,G,G,7161,100,7161,1,0
C,G,G,1619,100,1619,1,0
D,G,G,9233,100,9233,1,0
E,G,G,9926,100,9926,1,0
F,G,G,7386,100,7386,1,0
G,H,G,9334,100,9334,1,0
A,H,H,9377,100,9377,1,0
B,H,H,6191,100,6191,1,0
C,H,H,9030,100,9030,1,0
D,H,H,1433,100,1433,1,0
E,H,H,9654,100,9654,1,0
F,H,H,6252,100,6252,1,0
G,H,H,9344,100,9344,1,0
A,B,A,3617,100,3617,1,0
A,C,A,9283,100,9283,1,0
A,D,A,9250,100,9250,1,0
A,E,A,1437,100,1437,1,0
A,F,A,3546,100,3546,1,0
A,G,A,9632,100,9632,1,0
A,H,A,9400,100,9400,1,0
A,B,B,3634,100,3634,1,0
B,C,B,6748,100,6748,1,0
B,D,B,5921,100,5921,1,0
B,E,B,4321,100,4321,1,0
B,F,B,1394,100,1394,1,0
B,G,B,7199,100,7199,1,0
B,H,B,6175,100,6175,1,0
A,C,C,9339,100,9339,1,0
B,C,C,6710,100,6710,1,0
C,D,C,8726,100,8726,1,0
C,E,C,9817,100,9817,1,0
C,F,C,7204,100,7204,1,0
C,G,C,1587,100,1587,1,0
C,H,C,9020,100,9020,1,0
A,D,D,9243,100,9243,1,0
B,D,D,5967,100,5967,1,0
C,D,D,8749,100,8749,1,0
D,E,D,9702,100,9702,1,0
D,F,D,6336,100,6336,1,0
D,G,D,9227,100,9227,1,0
D,H,D,1456,100,1456,1,0
A,E,E,1447,100,1447,1,0
B,E,E,4313,100,4313,1,0
C,E,E,9811,100,9811,1,0
D,E,E,9718,100,9718,1,0
E,F,E,3668,100,3668,1,0
E,G,E,9905,100,9905,1,0
E,H,E,9618,100,9618,1,0
A,F,F,3549,100,3549,1,0
B,F,F,1408,100,1408,1,0
C,F,F,7217,100,7217,1,0
D,F,F,6331,100,6331,1,0
E,F,F,3683,100,3683,1,0
F,G,F,7342,100,7342,1,0
F,H,F,6225,100,6225,1,0
A,G,G,9586,100,9586,1,0
B,G,G,7200,100,7200,1,0
C,G,G,1573,100,1573,1,0
D,G,G,9227,100,9227,1,0
E,G,G,9909,100,9909,1,0
F,G,G,7363,100,7363,1,0
G,H,G,9328,100,9328,1,0
A,H,H,9411,100,9411,1,0
B,H,H,6206,100,6206,1,0
C,H,H,9047,100,9047,1,0
D,H,H,1460,100,1460,1,0
E,H,H,9625,100,9625,1,0
F,H,H,6263,100,6263,1,0
G,H,H,9305,100,9305,1,0
A,B,A,3624,100,3624,1,0
A,C,A,9313,100,9313,1,0
A,D,A,9264,100,9264,1,0
A,E,A,1437,100,1437,1,0
A,F,A,3542,100,3542,1,0
A,G,A,9622,100,9622,1,0
A,H,A,9374,100,9374,1,0
A,B,B,3621,100,3621,1,0
B,C,B,6734,100,6734,1,0
B,D,B,5965,100,5965,1,0
B,E,B,4285,100,4285,1,0
B,F,B,1405,100,1405,1,0
B,G,B,7203,100,7203,1,0
B,H,B,6151,100,6151,1,0
A,C,C,9316,100,9316,1,0
B,C,C,6758,100,6758,1,0
C,D,C,8743,100,8743,1,0
C,E,C,9822,100,9822,1,0
C,F,C,7218,100,7218,1,0
C,G,C,1584,100,1584,1,0
C,H,C,9086,100,9086,1,0
A,D,D,9278,100,9278,1,0
B,D,D,5946,100,5946,1,0
C,D,D,8722,100,8722,1,0
D,E,D,9695,100,9695,1,0
D,F,D,6325,100,6325,1,0
D,G,D,9252,100,9252,1,0
D,H,D,1375,100,1375,1,0
A,E,E,1513,100,1513,1,0
B,E,E,4300,100,4300,1,0
C,E,E,9826,100,9826,1,0
D,E,E,9781,100,9781,1,0
E,F,E,3697,100,3697,1,0
E,G,E,9911,100,9911,1,0
E,H,E,9661,100,9661,1,0
A,F,F,3526,100,3526,1,0
B,F,F,1427,100,1427,1,0
C,F,F,7184,100,7184,1,0
D,F,F,6357,100,6357,1,0
E,F,F,3722,100,3722,1,0
F,G,F,7353,100,7353,1,0
F,H,F,6290,100,6290,1,0
A,G,G,9580,100,9580,1,0
B,G,G,7197,100,7197,1,0
C,G,G,1609,100,1609,1,0
D,G,G,9265,100,9265,1,0
E,G,G,9911,100,9911,1,0
F,G,G,7355,100,7355,1,0
G,H,G,9298,100,9298,1,0
A,H,H,9432,100,9432,1,0
B,H,H,6157,100,6157,1,0
C,H,H,9012,100,9012,1,0
D,H,H,1430,100,1430,1,0
E,H,H,9613,100,9613,1,0
F,H,H,6325,100,6325,1,0
G,H,H,9298,100,9298,1,0
A,B,A,3666,100,3666,1,0
A,C,A,9336,100,9336,1,0
A,D,A,9267,100,9267,1,0
A,E,A,1465,100,1465,1,0
A,F,A,3518,100,3518,1,0
A,G,A,9619,100,9619,1,0
A,H,A,9411,100,9411,1,0
A,B,B,3613,100,3613,1,0
B,C,B,6744,100,6744,1,0
B,D,B,5987,100,5987,1,0
B,E,B,4246,100,4246,1,0
B,F,B,1407,100,1407,1,0
B,G,B,7197,100,7197,1,0
B,H,B,6188,100,6188,1,0
A,C,C,9328,100,9328,1,0
B,C,C,6708,100,6708,1,0
C,D,C,8714,100,8714,1,0
C,E,C,9864,100,9864,1,0
C,F,C,7215,100,7215,1,0
C,G,C,1541,100,1541,1,0
C,H,C,9063,100,9063,1,0
A,D,D,9289,100,9289,1,0
B,D,D,5995,100,5995,1,0
C,D,D,8721,100,8721,1,0
D,E,D,9800,100,9800,1,0
D,F,D,6375,100,6375,1,0
D,G,D,9225,100,9225,1,0
D,H,D,1388,100,1388,1,0
A,E,E,1391,100,1391,1,0
B,E,E,4347,100,4347,1,0
C,E,E,9844,100,9844,1,0
D,E,E,9732,100,9732,1,0
E,F,E,3674,100,3674,1,0
E,G,E,9922,100,9922,1,0
E,H,E,9645,100,9645,1,0
A,F,F,3479,100,3479,1,0
B,F,F,1385,100,1385,1,0
C,F,F,7205,100,7205,1,0
D,F,F,6335,100,6335,1,0
E,F,F,3671,100,3671,1,0
F,G,F,7380,100,7380,1,0
F,H,F,6266,100,6266,1,0
A,G,G,9564,100,9564,1,0
B,G,G,7207,100,7207,1,0
C,G,G,1596,100,1596,1,0
D,G,G,9232,100,9232,1,0
E,G,G,9908,100,9908,1,0
F,G,G,7370,100,7370,1,0
G,H,G,9352,100,9352,1,0
A,H,H,9471,100,9471,1,0
B,H,H,6241,100,6241,1,0
C,H,H,9050,100,9050,1,0
D,H,H,1383,100,1383,1,0
E,H,H,9653,100,9653,1,0
F,H,H,6295,100,6295,1,0
G,H,H,9343,100,9343,1,0
A,B,A,3633,100,3633,1,0
A,C,A,9294,100,9294,1,0
A,D,A,9283,100,9283,1,0
A,E,A,1432,100,1432,1,0
A,F,A,3509,100,3509,1,0
A,G,A,9637,100,9637,1,0
A,H,A,9402,100,9402,1,0
A,B,B,3647,100,3647,1,0
B,C,B,6740,100,6740,1,0
B,D,B,5968,100,5968,1,0
B,E,B,4343,100,4343,1,0
B,F,B,1400,100,1400,1,0
B,G,B,7202,100,7202,1,0
B,H,B,6217,100,6217,1,0
A,C,C,9277,100,9277,1,0
B,C,C,6741,100,6741,1,0
C,D,C,8748,100,8748,1,0
C,E,C,9807,100,9807,1,0
C,F,C,7215,100,7215,1,0
C,G,C,1562,100,1562,1,0
C,H,C,9048,100,9048,1,0
A,D,D,9275,100,9275,1,0
B,D,D,5934,100,5934,1,0
C,D,D,8735,100,8735,1,0
D,E,D,9774,100,9774,1,0
D,F,D,6382,100,6382,1,0
D,G,D,9274,100,9274,1,0
D,H,D,1392,100,1392,1,0
A,E,E,1429,100,1429,1,0
B,E,E,4290,100,4290,1,0
C,E,E,9863,100,9863,1,0
D,E,E,9660,100,9660,1,0
E,F,E,3699,100,3699,1,0
E,G,E,9921,100,9921,1,0
E,H,E,9680,100,9680,1,0
A,F,F,3532,100,3532,1,0
B,F,F,1410,100,1410,1,0
C,F,F,7193,100,7193,1,0
D,F,F,6348,100,6348,1,0
E,F,F,3699,100,3699,1,0
F,G,F,7365,100,7365,1,0
F,H,F,6290,100,6290,1,0
A,G,G,9652,100,9652,1,0
B,G,G,7184,100,7184,1,0
C,G,G,1589,100,1589,1,0
D,G,G,9226,100,9226,1,0
E,G,G,9921,100,9921,1,0
F,G,G,7376,100,7376,1,0
G,H,G,9317,100,9317,1,0
A,H,H,9398,100,9398,1,0
B,H,H,6213,100,6213,1,0
C,H,H,9038,100,9038,1,0
D,H,H,1417,100,1417,1,0
E,H,H,9633,100,9633,1,0
F,H,H,6253,100,6253,1,0
G,H,H,9291,100,9291,1,0
A,B,A,3594,100,3594,1,0
A,C,A,9287,100,9287,1,0
A,D,A,9288,100,9288,1,0
A,E,A,1413,100,1413,1,0
A,F,A,3539,100,3539,1,0
A,G,A,9587,100,9587,1,0
A,H,A,9341,100,9341,1,0
A,B,B,3637,100,3637,1,0
B,C,B,6722,100,6722,1,0
B,D,B,5918,100,5918,1,0
B,E,B,4317,100,4317,1,0
B,F,B,1397,100,1397,1,0
B,G,B,7176,100,7176,1,0
B,H,B,6157,100,6157,1,0
A,C,C,9255,100,9255,1,0
B,C,C,6722,100,6722,1,0
C,D,C,8746,100,8746,1,0
C,E,C,9815,100,9815,1,0
C,F,C,7194,100,7194,1,0
C,G,C,1531,100,1531,1,0
C,H,C,9083,100,9083,1,0
A,D,D,9249,100,9249,1,0
B,D,D,5941,100,5941,1,0
C,D,D,8717,100,8717,1,0
D,E,D,9756,100,9756,1,0
D,F,D,6380,100,6380,1,0
D,G,D,9262,100,9262,1,0
D,H,D,1393,100,1393,1,0
A,E,E,1437,100,1437,1,0
B,E,E,4297,100,4297,1,0
C,E,E,9817,100,9817,1,0
D,E,E,9665,100,9665,1,0
E,F,E,3692,100,3692,1,0
E,G,E,9938,100,9938,1,0
E,H,E,9677,100,9677,1,0
A,F,F,3519,100,3519,1,0
B,F,F,1399,100,1399,1,0
C,F,F,7213,100,7213,1,0
D,F,F,6347,100,6347,1,0
E,F,F,3683,100,3683,1,0
F,G,F,7366,100,7366,1,0
F,H,F,6307,100,6307,1,0
A,G,G,9596,100,9596,1,0
B,G,G,7219,100,7219,1,0
C,G,G,1567,100,1567,1,0
D,G,G,9247,100,9247,1,0
E,G,G,9940,100,9940,1,0
F,G,G,7376,100,7376,1,0
G,H,G,9308,100,9308,1,0
A,H,H,9368,100,9368,1,0
B,H,H,6202,100,6202,1,0
C,H,H,9067,100,9067,1,0
D,H,H,1420,100,1420,1,0
E,H,H,9659,100,9659,1,0
F,H,H,6290,100,6290,1,0
G,H,H,9311,100,9311,1,0
A,B,A,3649,100,3649,1,0
A,C,A,9280,100,9280,1,0
A,D,A,9258,100,9258,1,0
A,E,A,1442,100,1442,1,0
A,F,A,3517,100,3517,1,0
A,G,A,9633,100,9633,1,0
A,H,A,9400,100,9400,1,0
A,B,B,3690,100,3690,1,0
B,C,B,6767,100,6767,1,0
B,D,B,5957,100,5957,1,0
B,E,B,4280,100,4280,1,0
B,F,B,1365,100,1365,1,0
B,G,B,7173,100,7173,1,0
B,H,B,6171,100,6171,1,0
A,C,C,9242,100,9242,1,0
B,C,C,6734,100,6734,1,0
C,D,C,8737,100,8737,1,0
C,E,C,9841,100,9841,1,0
C,F,C,7187,100,7187,1,0
C,G,C,1568,100,1568,1,0
C,H,C,9031,100,9031,1,0
A,D,D,9247,100,9247,1,0
B,D,D,6004,100,6004,1,0
C,D,D,8705,100,8705,1,0
D,E,D,9684,100,9684,1,0
D,F,D,6338,100,6338,1,0
D,G,D,9232,100,9232,1,0
D,H,D,1391,100,1391,1,0
A,E,E,1457,100,1457,1,0
B,E,E,4313,100,4313,1,0
C,E,E,9851,100,9851,1,0
D,E,E,9752,100,9752,1,0
E,F,E,3726,100,3726,1,0
E,G,E,9936,100,9936,1,0
E,H,E,9658,100,9658,1,0
A,F,F,3530,100,3530,1,0
B,F,F,1403,100,1403,1,0
C,F,F,7207,100,7207,1,0
D,F,F,6336,100,6336,1,0
E,F,F,3703,100,3703,1,0
F,G,F,7361,100,7361,1,0
F,H,F,6255,100,6255,1,0
A,G,G,9584,100,9584,1,0
B,G,G,7204,100,7204,1,0
C,G,G,1559,100,1559,1,0
D,G,G,9214,100,9214,1,0
E,G,G,9965,100,9965,1,0
F,G,G,7364,100,7364,1,0
G,H,G,9330,100,9330,1,0
A,H,H,9440,100,9440,1,0
B,H,H,6174,100,6174,1,0
C,H,H,9036,100,9036,1,0
D,H,H,1448,100,1448,1,0
E,H,H,9643,100,9643,1,0
F,H,H,6253,100,6253,1,0
G,H,H,9324,100,9324,1,0
A,B,A,3639,100,3639,1,0
A,C,A,9287,100,9287,1,0
A,D,A,9262,100,9262,1,0
A,E,A,1425,100,1425,1,0
A,F,A,3527,100,3527,1,0
A,G,A,9610,100,9610,1,0
A,H,A,9381,100,9381,1,0
A,B,B,3645,100,3645,1,0
B,C,B,6702,100,6702,1,0
B,D,B,5924,100,5924,1,0
B,E,B,4319,100,4319,1,0
B,F,B,1420,100,1420,1,0
B,G,B,7214,100,7214,1,0
B,H,B,6212,100,6212,1,0
A,C,C,9249,100,9249,1,0
B,C,C,6724,100,6724,1,0
C,D,C,8685,100,8685,1,0
C,E,C,9815,100,9815,1,0
C,F,C,7225,100,7225,1,0
C,G,C,1594,100,1594,1,0
C,H,C,9040,100,9040,1,0
A,D,D,9270,100,9270,1,0
B,D,D,5973,100,5973,1,0
C,D,D,8724,100,8724,1,0
D,E,D,9653,100,9653,1,0
D,F,D,6370,100,6370,1,0
D,G,D,9214,100,9214,1,0
D,H,D,1425,100,1425,1,0
A,E,E,1397,100,1397,1,0
B,E,E,4382,100,4382,1,0
C,E,E,9833,100,9833,1,0
D,E,E,9688,100,9688,1,0
E,F,E,3677,100,3677,1,0
E,G,E,9911,100,9911,1,0
E,H,E,9689,100,9689,1,0
A,F,F,3508,100,3508,1,0
B,F,F,1394,100,1394,1,0
C,F,F,7199,100,7199,1,0
D,F,F,6366,100,6366,1,0
E,F,F,3711,100,3711,1,0
F,G,F,7344,100,7344,1,0
F,H,F,6264,100,6264,1,0
A,G,G,9538,100,9538,1,0
B,G,G,7199,100,7199,1,0
C,G,G,1595,100,1595,1,0
D,G,G,9215,100,9215,1,0
E,G,G,9921,100,9921,1,0
F,G,G,7371,100,7371,1,0
G,H,G,9325,100,9325,1,0
A,H,H,9415,100,9415,1,0
B,H,H,6226,100,6226,1,0
C,H,H,9037,100,9037,1,0
D,H,H,1403,100,1403,1,0
E,H,H,9686,100,9686,1,0
F,H,H,6226,100,6226,1,0
G,H,H,9314,100,9314,1,0
A,B,A,3648,100,3648,1,0
A,C,A,9282,100,9282,1,0
A,D,A,9280,100,9280,1,0
A,E,A,1478,100,1478,1,0
A,F,A,3519,100,3519,1,0
A,G,A,9594,100,9594,1,0
A,H,A,9457,100,9457,1,0
A,B,B,3617,100,3617,1,0
B,C,B,6740,100,6740,1,0
B,D,B,5951,100,5951,1,0
B,E,B,4336,100,4336,1,0
B,F,B,1423,100,1423,1,0
B,G,B,7211,100,7211,1,0
B,H,B,6177,100,6177,1,0
A,C,C,9271,100,9271,1,0
B,C,C,6745,100,6745,1,0
C,D,C,8734,100,8734,1,0
C,E,C,9833,100,9833,1,0
C,F,C,7219,100,7219,1,0
C,G,C,1570,100,1570,1,0
C,H,C,9033,100,9033,1,0
A,D,D,9255,100,9255,1,0
B,D,D,5964,100,5964,1,0
C,D,D,8749,100,8749,1,0
D,E,D,9696,100,9696,1,0
D,F,D,6329,100,6329,1,0
D,G,D,9244,100,9244,1,0
D,H,D,1431,100,1431,1,0
A,E,E,1437,100,1437,1,0
B,E,E,4294,100,4294,1,0
C,E,E,9854,100,9854,1,0
D,E,E,9658,100,9658,1,0
E,F,E,3696,100,3696,1,0
E,G,E,9909,100,9909,1,0
E,H,E,9658,100,9658,1,0
A,F,F,3519,100,3519,1,0
B,F,F,1372,100,1372,1,0
C,F,F,7210,100,7210,1,0
D,F,F,6366,100,6366,1,0
E,F,F,3692,100,3692,1,0
F,G,F,7353,100,7353,1,0
F,H,F,6266,100,6266,1,0
A,G,G,9636,100,9636,1,0
B,G,G,7191,100,7191,1,0
C,G,G,1577,100,1577,1,0
D,G,G,9235,100,9235,1,0
E,G,G,9918,100,9918,1,0
F,G,G,7400,100,7400,1,0
G,H,G,9325,100,9325,1,0
A,H,H,9385,100,9385,1,0
B,H,H,6160,100,6160,1,0
C,H,H,9017,100,9017,1,0
D,H,H,1373,100,1373,1,0
E,H,H,9674,100,9674,1,0
F,H,H,6259,100,6259,1,0
G,H,H,9350,100,9350,1,0
A,B,A,3665,100,3665,1,0
A,C,A,9334,100,9334,1,0
A,D,A,9253,100,9253,1,0
A,E,A,1454,100,1454,1,0
A,F,A,3563,100,3563,1,0
A,G,A,9556,100,9556,1,0
A,H,A,9392,100,9392,1,0
A,B,B,3615,100,3615,1,0
B,C,B,6719,100,6719,1,0
B,D,B,5953,100,5953,1,0
B,E,B,4299,100,4299,1,0
B,F,B,1423,100,1423,1,0
B,G,B,7203,100,7203,1,0
B,H,B,6175,100,6175,1,0
A,C,C,9309,100,9309,1,0
B,C,C,6714,100,6714,1,0
C,D,C,8705,100,8705,1,0
C,E,C,9833,100,9833,1,0
C,F,C,7190,100,7190,1,0
C,G,C,1581,100,1581,1,0
C,H,C,9041,100,9041,1,0
A,D,D,9262,100,9262,1,0
B,D,D,6003,100,6003,1,0
C,D,D,8717,100,8717,1,0
D,E,D,9792,100,9792,1,0
D,F,D,6329,100,6329,1,0
D,G,D,9224,100,9224,1,0
D,H,D,1396,100,1396,1,0
A,E,E,1404,100,1404,1,0
B,E,E,4307,100,4307,1,0
C,E,E,9820,100,9820,1,0
D,E,E,9775,100,9775,1,0
E,F,E,3691,100,3691,1,0
E,G,E,9931,100,9931,1,0
E,H,E,9634,100,9634,1,0
A,F,F,3530,100,3530,1,0
B,F,F,1376,100,1376,1,0
C,F,F,7209,100,7209,1,0
D,F,F,6342,100,6342,1,0
E,F,F,3723,100,3723,1,0
F,G,F,7360,100,7360,1,0
F,H,F,6314,100,6314,1,0
A,G,G,9595,100,9595,1,0
B,G,G,7251,100,7251,1,0
C,G,G,1603,100,1603,1,0
D,G,G,9238,100,9238,1,0
E,G,G,9876,100,9876,1,0
F,G,G,7395,100,7395,1,0
G,H,G,9322,100,9322,1,0
A,H,H,9376,100,9376,1,0
B,H,H,6223,100,6223,1,0
C,H,H,9078,100,9078,1,0
D,H,H,1388,100,1388,1,0
E,H,H,9641,100,9641,1,0
F,H,H,6283,100,6283,1,0
G,H,H,9333,100,9333,1,0
A,B,A,3634,100,3634,1,0
A,C,A,9290,100,9290,1,0
A,D,A,9263,100,9263,1,0
A,E,A,1417,100,1417,1,0
A,F,A,3525,100,3525,1,0
A,G,A,9611,100,9611,1,0
A,H,A,9427,100,9427,1,0
A,B,B,3630,100,3630,1,0
B,C,B,6750,100,6750,1,0
B,D,B,5980,100,5980,1,0
B,E,B,4283,100,4283,1,0
B,F,B,1401,100,1401,1,0
B,G,B,7203,100,7203,1,0
B,H,B,6242,100,6242,1,0
A,C,C,9339,100,9339,1,0
B,C,C,6727,100,6727,1,0
C,D,C,8723,100,8723,1,0
C,E,C,9858,100,9858,1,0
C,F,C,7207,100,7207,1,0
C,G,C,1631,100,1631,1,0
C,H,C,9019,100,9019,1,0
A,D,D,9260,100,9260,1,0
B,D,D,5959,100,5959,1,0
C,D,D,8707,100,8707,1,0
D,E,D,9702,100,9702,1,0
D,F,D,6372,100,6372,1,0
D,G,D,9235,100,9235,1,0
D,H,D,1413,100,1413,1,0
A,E,E,1399,100,1399,1,0
B,E,E,4346,100,4346,1,0
C,E,E,9842,100,9842,1,0
D,E,E,9702,100,9702,1,0
E,F,E,3758,100,3758,1,0
E,G,E,9917,100,9917,1,0
E,H,E,9662,100,9662,1,0
A,F,F,3501,100,3501,1,0
B,F,F,1401,100,1401,1,0
C,F,F,7197,100,7197,1,0
D,F,F,6345,100,6345,1,0
E,F,F,3702,100,3702,1,0
F,G,F,7373,100,7373,1,0
F,H,F,6275,100,6275,1,0
A,G,G,9623,100,9623,1,0
B,G,G,7207,100,7207,1,0
C,G,G,1602,100,1602,1,0
D,G,G,9200,100,9200,1,0
E,G,G,9916,100,9916,1,0
F,G,G,7367,100,7367,1,0
G,H,G,9363,100,9363,1,0
A,H,H,9403,100,9403,1,0
B,H,H,6147,100,6147,1,0
C,H,H,9073,100,9073,1,0
D,H,H,1397,100,1397,1,0
E,H,H,9646,100,9646,1,0
F,H,H,6294,100,6294,1,0
G,H,H,9331,100,9331,1,0
A,B,A,3634,100,3634,1,0
A,C,A,9288,100,9288,1,0
A,D,A,9246,100,9246,1,0
A,E,A,1453,100,1453,1,0
A,F,A,3553,100,3553,1,0
A,G,A,9598,100,9598,1,0
A,H,A,9407,100,9407,1,0
A,B,B,3626,100,3626,1,0
B,C,B,6731,100,6731,1,0
B,D,B,5974,100,5974,1,0
B,E,B,4323,100,4323,1,0
B,F,B,1382,100,1382,1,0
B,G,B,7183,100,7183,1,0
B,H,B,6179,100,6179,1,0
A,C,C,9310,100,9310,1,0
B,C,C,6738,100,6738,1,0
C,D,C,8772,100,8772,1,0
C,E,C,9854,100,9854,1,0
C,F,C,7239,100,7239,1,0
C,G,C,1558,100,1558,1,0
C,H,C,9062,100,9062,1,0
A,D,D,9275,100,9275,1,0
B,D,D,5911,100,5911,1,0
C,D,D,8753,100,8753,1,0
D,E,D,9740,100,9740,1,0
D,F,D,6374,100,6374,1,0
D,G,D,9224,100,9224,1,0
D,H,D,1436,100,1436,1,0
A,E,E,1472,100,1472,1,0
B,E,E,4301,100,4301,1,0
C,E,E,9838,100,9838,1,0
D,E,E,9747,100,9747,1,0
E,F,E,3675,100,3675,1,0
E,G,E,9884,100,9884,1,0
E,H,E,9672,100,9672,1,0
A,F,F,3505,100,3505,1,0
B,F,F,1407,100,1407,1,0
C,F,F,7176,100,7176,1,0
D,F,F,6354,100,6354,1,0
E,F,F,3680,100,3680,1,0
F,G,F,7349,100,7349,1,0
F,H,F,6291,100,6291,1,0
A,G,G,9647,100,9647,1,0
B,G,G,7191,100,7191,1,0
C,G,G,1597,100,1597,1,0
D,G,G,9228,100,9228,1,0
E,G,G,9911,100,9911,1,0
F,G,G,7367,100,7367,1,0
G,H,G,9308,100,9308,1,0
A,H,H,9432,100,9432,1,0
B,H,H,6243,100,6243,1,0
C,H,H,9072,100,9072,1,0
D,H,H,1420,100,1420,1,0
E,H,H,9670,100,9670,1,0
F,H,H,6246,100,6246,1,0
G,H,H,9346,100,9346,1,0
A,B,A,3632,100,3632,1,0
A,C,A,9316,100,9316,1,0
A,D,A,9260,100,9260,1,0
A,E,A,1470,100,1470,1,0
A,F,A,3503,100,3503,1,0
A,G,A,9576,100,9576,1,0
A,H,A,9433,100,9433,1,0
A,B,B,3658,100,3658,1,0
B,C,B,6704,100,6704,1,0
B,D,B,5963,100,5963,1,0
B,E,B,4290,100,4290,1,0
B,F,B,1401,100,1401,1,0
B,G,B,7203,100,7203,1,0
B,H,B,6258,100,6258,1,0
A,C,C,9268,100,9268,1,0
B,C,C,6752,100,6752,1,0
C,D,C,8701,100,8701,1,0
C,E,C,9826,100,9826,1,0
C,F,C,7204,100,7204,1,0
C,G,C,1570,100,1570,1,0
C,H,C,9047,100,9047,1,0
A,D,D,9277,100,9277,1,0
B,D,D,5949,100,5949,1,0
C,D,D,8723,100,8723,1,0
D,E,D,9698,100,9698,1,0
D,F,D,6370,100,6370,1,0
D,G,D,9211,100,9211,1,0
D,H,D,1387,100,1387,1,0
A,E,E,1439,100,1439,1,0
B,E,E,4303,100,4303,1,0
C,E,E,9807,100,9807,1,0
D,E,E,9758,100,9758,1,0
E,F,E,3693,100,3693,1,0
E,G,E,9933,100,9933,1,0
E,H,E,9666,100,9666,1,0
A,F,F,3513,100,3513,1,0
B,F,F,1415,100,1415,1,0
C,F,F,7211,100,7211,1,0
D,F,F,6325,100,6325,1,0
E,F,F,3695,100,3695,1,0
F,G,F,7352,100,7352,1,0
F,H,F,6260,100,6260,1,0
A,G,G,9583,100,9583,1,0
B,G,G,7135,100,7135,1,0
C,G,G,1556,100,1556,1,0
D,G,G,9234,100,9234,1,0
E,G,G,9906,100,9906,1,0
F,G,G,7359,100,7359,1,0
G,H,G,9331,100,9331,1,0
A,H,H,9400,100,9400,1,0
B,H,H,6187,100,6187,1,0
C,H,H,9070,100,9070,1,0
D,H,H,1407,100,1407,1,0
E,H,H,9654,100,9654,1,0
F,H,H,6244,100,6244,1,0
G,H,H,9304,100,9304,1,0
A,B,A,3655,100,3655,1,0
A,C,A,9317,100,9317,1,0
A,D,A,9272,100,9272,1,0
A,E,A,1474,100,1474,1,0
A,F,A,3523,100,3523,1,0
A,G,A,9566,100,9566,1,0
A,H,A,9391,100,9391,1,0
A,B,B,3647,100,3647,1,0
B,C,B,6762,100,6762,1,0
B,D,B,5951,100,5951,1,0
B,E,B,4336,100,4336,1,0
B,F,B,1408,100,1408,1,0
B,G,B,7182,100,7182,1,0
B,H,B,6176,100,6176,1,0
A,C,C,9279,100,9279,1,0
B,C,C,6740,100,6740,1,0
C,D,C,8730,100,8730,1,0
C,E,C,9814,100,9814,1,0
C,F,C,7205,100,7205,1,0
C,G,C,1585,100,1585,1,0
C,H,C,9027,100,9027,1,0
A,D,D,9287,100,9287,1,0
B,D,D,5942,100,5942,1,0
C,D,D,8705,100,8705,1,0
D,E,D,9719,100,9719,1,0
D,F,D,6362,100,6362,1,0
D,G,D,9242,100,9242,1,0
D,H,D,1385,100,1385,1,0
A,E,E,1434,100,1434,1,0
B,E,E,4300,100,4300,1,0
C,E,E,9839,100,9839,1,0
D,E,E,9729,100,9729,1,0
E,F,E,3681,100,3681,1,0
E,G,E,9933,100,9933,1,0
E,H,E,9665,100,9665,1,0
A,F,F,3520,100,3520,1,0
B,F,F,1404,100,1404,1,0
C,F,F,7188,100,7188,1,0
D,F,F,6360,100,6360,1,0
E,F,F,3744,100,3744,1,0
F,G,F,7351,100,7351,1,0
F,H,F,6261,100,6261,1,0
A,G,G,9574,100,9574,1,0
B,G,G,7182,100,7182,1,0
C,G,G,1570,100,1570,1,0
D,G,G,9246,100,9246,1,0
E,G,G,9909,100,9909,1,0
F,G,G,7399,100,7399,1,0
G,H,G,9362,100,9362,1,0
A,H,H,9403,100,9403,1,0
B,H,H,6241,100,6241,1,0
C,H,H,9061,100,9061,1,0
D,H,H,1454,100,1454,1,0
E,H,H,9648,100,9648,1,0
F,H,H,6247,100,6247,1,0
G,H,H,9324,100,9324,1,0
A,B,A,3652,100,3652,1,0
A,C,A,9278,100,9278,1,0
A,D,A,9263,100,9263,1,0
A,E,A,1405,100,1405,1,0
A,F,A,3523,100,3523,1,0
A,G,A,9559,100,9559,1,0
A,H,A,9431,100,9431,1,0
A,B,B,3618,100,3618,1,0
B,C,B,6776,100,6776,1,0
B,D,B,5921,100,5921,1,0
B,E,B,4261,100,4261,1,0
B,F,B,1363,100,1363,1,0
B,G,B,7169,100,7169,1,0
B,H,B,6225,100,6225,1,0
A,C,C,9284,100,9284,1,0
B,C,C,6736,100,6736,1,0
C,D,C,8683,100,8683,1,0
C,E,C,9854,100,9854,1,0
C,F,C,7211,100,7211,1,0
C,G,C,1597,100,1597,1,0
C,H,C,9058,100,9058,1,0
A,D,D,9286,100,9286,1,0
B,D,D,5955,100,5955,1,0
C,D,D,8708,100,8708,1,0
D,E,D,9743,100,9743,1,0
D,F,D,6395,100,6395,1,0
D,G,D,9207,100,9207,1,0
D,H,D,1400,100,1400,1,0
A,E,E,1442,100,1442,1,0
B,E,E,4301,100,4301,1,0
C,E,E,9841,100,9841,1,0
D,E,E,9768,100,9768,1,0
E,F,E,3680,100,3680,1,0
E,G,E,9910,100,9910,1,0
E,H,E,9682,100,9682,1,0
A,F,F,3536,100,3536,1,0
B,F,F,1404,100,1404,1,0
C,F,F,7192,100,7192,1,0
D,F,F,6368,100,6368,1,0
E,F,F,3683,100,3683,1,0
F,G,F,7379,100,7379,1,0
F,H,F,6260,100,6260,1,0
A,G,G,9551,100,9551,1,0
B,G,G,7195,100,7195,1,0
C,G,G,1571,100,1571,1,0
D,G,G,9215,100,9215,1,0
E,G,G,9906,100,9906,1,0
F,G,G,7336,100,7336,1,0
G,H,G,9314,100,9314,1,0
A,H,H,9371,100,9371,1,0
B,H,H,6195,100,6195,1,0
C,H,H,9041,100,9041,1,0
D,H,H,1353,100,1353,1,0
E,H,H,9666,100,9666,1,0
F,H,H,6257,100,6257,1,0
G,H,H,9348,100,9348,1,0
A,B,A,3649,100,3649,1,0
A,C,A,9314,100,9314,1,0
A,D,A,9285,100,9285,1,0
A,E,A,1425,100,1425,1,0
A,F,A,3523,100,3523,1,0
A,G,A,9627,100,9627,1,0
A,H,A,9427,100,9427,1,0
A,B,B,3615,100,3615,1,0
B,C,B,6731,100,6731,1,0
B,D,B,5992,100,5992,1,0
B,E,B,4331,100,4331,1,0
B,F,B,1419,100,1419,1,0
B,G,B,7226,100,7226,1,0
B,H,B,6251,100,6251,1,0
A,C,C,9265,100,9265,1,0
B,C,C,6714,100,6714,1,0
C,D,C,8701,100,8701,1,0
C,E,C,9841,100,9841,1,0
C,F,C,7227,100,7227,1,0
C,G,C,1538,100,1538,1,0
C,H,C,9055,100,9055,1,0
A,D,D,9275,100,9275,1,0
B,D,D,5950,100,5950,1,0
C,D,D,8723,100,8723,1,0
D,E,D,9734,100,9734,1,0
D,F,D,6320,100,6320,1,0
D,G,D,9203,100,9203,1,0
D,H,D,1388,100,1388,1,0
A,E,E,1416,100,1416,1,0
B,E,E,4314,100,4314,1,0
C,E,E,9811,100,9811,1,0
D,E,E,9736,100,9736,1,0
E,F,E,3704,100,3704,1,0
E,G,E,9948,100,9948,1,0
E,H,E,9658,100,9658,1,0
A,F,F,3548,100,3548,1,0
B,F,F,1398,100,1398,1,0
C,F,F,7222,100,7222,1,0
D,F,F,6353,100,6353,1,0
E,F,F,3695,100,3695,1,0
F,G,F,7374,100,7374,1,0
F,H,F,6261,100,6261,1,0
A,G,G,9588,100,9588,1,0
B,G,G,7217,100,7217,1,0
C,G,G,1600,100,1600,1,0
D,G,G,9247,100,9247,1,0
E,G,G,9913,100,9913,1,0
F,G,G,7370,100,7370,1,0
G,H,G,9336,100,9336,1,0
A,H,H,9406,100,9406,1,0
B,H,H,6220,100,6220,1,0
C,H,H,9030,100,9030,1,0
D,H,H,1408,100,1408,1,0
E,H,H,9685,100,9685,1,0
F,H,H,6250,100,6250,1,0
G,H,H,9318,100,9318,1,0
A,B,A,3671,100,3671,1,0
A,C,A,9283,100,9283,1,0
A,D,A,9267,100,9267,1,0
A,E,A,1407,100,1407,1,0
A,F,A,3496,100,3496,1,0
A,G,A,9634,100,9634,1,0
A,H,A,9411,100,9411,1,0
A,B,B,3618,100,3618,1,0
B,C,B,6742,100,6742,1,0
B,D,B,5949,100,5949,1,0
B,E,B,4335,100,4335,1,0
B,F,B,1383,100,1383,1,0
B,G,B,7194,100,7194,1,0
B,H,B,6224,100,6224,1,0
A,C,C,9296,100,9296,1,0
B,C,C,6772,100,6772,1,0
C,D,C,8730,100,8730,1,0
C,E,C,9805,100,9805,1,0
C,F,C,7232,100,7232,1,0
C,G,C,1586,100,1586,1,0
C,H,C,9023,100,9023,1,0
A,D,D,9264,100,9264,1,0
B,D,D,5967,100,5967,1,0
C,D,D,8758,100,8758,1,0
D,E,D,9780,100,9780,1,0
D,F,D,6323,100,6323,1,0
D,G,D,9255,100,9255,1,0
D,H,D,1375,100,1375,1,0
A,E,E,1390,100,1390,1,0
B,E,E,4318,100,4318,1,0
C,E,E,9777,100,9777,1,0
D,E,E,9707,100,9707,1,0
E,F,E,3714,100,3714,1,0
E,G,E,9920,100,9920,1,0
E,H,E,9667,100,9667,1,0
A,F,F,3494,100,3494,1,0
B,F,F,1441,100,1441,1,0
C,F,F,7201,100,7201,1,0
D,F,F,6343,100,6343,1,0
E,F,F,3704,100,3704,1,0
F,G,F,7360,100,7360,1,0
F,H,F,6270,100,6270,1,0
A,G,G,9627,100,9627,1,0
B,G,G,7201,100,7201,1,0
C,G,G,1572,100,1572,1,0
D,G,G,9208,100,9208,1,0
E,G,G,9939,100,9939,1,0
F,G,G,7372,100,7372,1,0
G,H,G,9340,100,9340,1,0
A,H,H,9420,100,9420,1,0
B,H,H,6177,100,6177,1,0
C,H,H,9080,100,9080,1,0
D,H,H,1428,100,1428,1,0
E,H,H,9643,100,9643,1,0
F,H,H,6251,100,6251,1,0
G,H,H,9300,100,9300,1,0
A,B,A,3646,100,3646,1,0
A,C,A,9275,100,9275,1,0
A,D,A,9262,100,9262,1,0
A,E,A,1421,100,1421,1,0
A,F,A,3505,100,3505,1,0
A,G,A,9633,100,9633,1,0
A,H,A,9394,100,9394,1,0
A,B,B,3649,100,3649,1,0
B,C,B,6764,100,6764,1,0
B,D,B,5956,100,5956,1,0
B,E,B,4282,100,4282,1,0
B,F,B,1377,100,1377,1,0
B,G,B,7194,100,7194,1,0
B,H,B,6193,100,6193,1,0
A,C,C,9273,100,9273,1,0
B,C,C,6726,100,6726,1,0
C,D,C,8721,100,8721,1,0
C,E,C,9864,100,9864,1,0
C,F,C,7204,100,7204,1,0
C,G,C,1604,100,1604,1,0
C,H,C,9080,100,9080,1,0
A,D,D,9297,100,9297,1,0
B,D,D,5974,100,5974,1,0
C,D,D,8728,100,8728,1,0
D,E,D,9752,100,9752,1,0
D,F,D,6350,100,6350,1,0
D,G,D,9219,100,9219,1,0
D,H,D,1439,100,1439,1,0
A,E,E,1450,100,1450,1,0
B,E,E,4335,100,4335,1,0
C,E,E,9781,100,9781,1,0
D,E,E,9751,100,9751,1,0
E,F,E,3700,100,3700,1,0
E,G,E,9900,100,9900,1,0
E,H,E,9641,100,9641,1,0
A,F,F,3520,100,3520,1,0
B,F,F,1372,100,1372,1,0
C,F,F,7189,100,7189,1,0
D,F,F,6355,100,6355,1,0
E,F,F,3705,100,3705,1,0
F,G,F,7360,100,7360,1,0
F,H,F,6281,100,6281,1,0
A,G,G,9608,100,9608,1,0
B,G,G,7244,100,7244,1,0
C,G,G,1625,100,1625,1,0
D,G,G,9231,100,9231,1,0
E,G,G,9915,100,9915,1,0
F,G,G,7344,100,7344,1,0
G,H,G,9325,100,9325,1,0
A,H,H,9376,100,9376,1,0
B,H,H,6133,100,6133,1,0
C,H,H,9082,100,9082,1,0
D,H,H,1350,100,1350,1,0
E,H,H,9640,100,9640,1,0
F,H,H,6270,100,6270,1,0
G,H,H,9297,100,9297,1,0
A,B,A,3639,100,3639,1,0
A,C,A,9327,100,9327,1,0
A,D,A,9283,100,9283,1,0
A,E,A,1424,100,1424,1,0
A,F,A,3503,100,3503,1,0
A,G,A,9539,100,9539,1,0
A,H,A,9384,100,9384,1,0
A,B,B,3616,100,3616,1,0
B,C,B,6709,100,6709,1,0
B,D,B,5953,100,5953,1,0
B,E,B,4284,100,4284,1,0
B,F,B,1404,100,1404,1,0
B,G,B,7186,100,7186,1,0
B,H,B,6156,100,6156,1,0
A,C,C,9283,100,9283,1,0
B,C,C,6768,100,6768,1,0
C,D,C,8716,100,8716,1,0
C,E,C,9808,100,9808,1,0
C,F,C,7197,100,7197,1,0
C,G,C,1550,100,1550,1,0
C,H,C,9021,100,9021,1,0
A,D,D,9295,100,9295,1,0
B,D,D,5995,100,5995,1,0
C,D,D,8730,100,8730,1,0
D,E,D,9746,100,9746,1,0
D,F,D,6338,100,6338,1,0
D,G,D,9239,100,9239,1,0
D,H,D,1454,100,1454,1,0
A,E,E,1422,100,1422,1,0
B,E,E,4340,100,4340,1,0
C,E,E,9804,100,9804,1,0
D,E,E,9736,100,9736,1,0
E,F,E,3746,100,3746,1,0
E,G,E,9911,100,9911,1,0
E,H,E,9702,100,9702,1,0
A,F,F,3509,100,3509,1,0
B,F,F,1411,100,1411,1,0
C,F,F,7217,100,7217,1,0
D,F,F,6396,100,6396,1,0
E,F,F,3719,100,3719,1,0
F,G,F,7358,100,7358,1,0
F,H,F,6243,100,6243,1,0
A,G,G,9624,100,9624,1,0
B,G,G,7153,100,7153,1,0
C,G,G,1595,100,1595,1,0
D,G,G,9234,100,9234,1,0
E,G,G,9940,100,9940,1,0
F,G,G,7360,100,7360,1,0
G,H,G,9298,100,9298,1,0
A,H,H,9453,100,9453,1,0
B,H,H,6210,100,6210,1,0
C,H,H,9048,100,9048,1,0
D,H,H,1373,100,1373,1,0
E,H,H,9676,100,9676,1,0
F,H,H,6251,100,6251,1,0
G,H,H,9304,100,9304,1,0
A,B,A,3631,100,3631,1,0
A,C,A,9320,100,9320,1,0
A,D,A,9278,100,9278,1,0
A,E,A,1452,100,1452,1,0
A,F,A,3508,100,3508,1,0
A,G,A,9538,100,9538,1,0
A,H,A,9362,100,9362,1,0
A,B,B,3662,100,3662,1,0
B,C,B,6752,100,6752,1,0
B,D,B,5993,100,5993,1,0
B,E,B,4347,100,4347,1,0
B,F,B,1363,100,1363,1,0
B,G,B,7177,100,7177,1,0
B,H,B,6230,100,6230,1,0
A,C,C,9318,100,9318,1,0
B,C,C,6709,100,6709,1,0
C,D,C,8702,100,8702,1,0
C,E,C,9803,100,9803,1,0
C,F,C,7210,100,7210,1,0
C,G,C,1585,100,1585,1,0
C,H,C,9035,100,9035,1,0
A,D,D,9266,100,9266,1,0
B,D,D,5932,100,5932,1,0
C,D,D,8746,100,8746,1,0
D,E,D,9658,100,9658,1,0
D,F,D,6337,100,6337,1,0
D,G,D,9228,100,9228,1,0
D,H,D,1392,100,1392,1,0
A,E,E,1444,100,1444,1,0
B,E,E,4295,100,4295,1,0
C,E,E,9826,100,9826,1,0
D,E,E,9738,100,9738,1,0
E,F,E,3684,100,3684,1,0
E,G,E,9922,100,9922,1,0
E,H,E,9618,100,9618,1,0
A,F,F,3519,100,3519,1,0
B,F,F,1403,100,1403,1,0
C,F,F,7206,100,7206,1,0
D,F,F,6333,100,6333,1,0
E,F,F,3712,100,3712,1,0
F,G,F,7360,100,7360,1,0
F,H,F,6272,100,6272,1,0
A,G,G,9591,100,9591,1,0
B,G,G,7163,100,7163,1,0
C,G,G,1552,100,1552,1,0
D,G,G,9248,100,9248,1,0
E,G,G,9919,100,9919,1,0
F,G,G,7360,100,7360,1,0
G,H,G,9331,100,9331,1,0
A,H,H,9431,100,9431,1,0
B,H,H,6185,100,6185,1,0
C,H,H,9021,100,9021,1,0
D,H,H,1433,100,1433,1,0
E,H,H,9678,100,9678,1,0
F,H,H,6294,100,6294,1,0
G,H,H,9322,100,9322,1,0
A,B,A,3670,100,3670,1,0
A,C,A,9287,100,9287,1,0
A,D,A,9272,100,9272,1,0
A,E,A,1427,100,1427,1,0
A,F,A,3542,100,3542,1,0
A,G,A,9630,100,9630,1,0
A,H,A,9371,100,9371,1,0
A,B,B,3635,100,3635,1,0
B,C,B,6700,100,6700,1,0
B,D,B,5932,100,5932,1,0
B,E,B,4334,100,4334,1,0
B,F,B,1391,100,1391,1,0
B,G,B,7183,100,7183,1,0
B,H,B,6175,100,6175,1,0
A,C,C,9316,100,9316,1,0
B,C,C,6751,100,6751,1,0
C,D,C,8740,100,8740,1,0
C,E,C,9817,100,9817,1,0
C,F,C,7229,100,7229,1,0
C,G,C,1590,100,1590,1,0
C,H,C,9027,100,9027,1,0
A,D,D,9254,100,9254,1,0
B,D,D,5975,100,5975,1,0
C,D,D,8716,100,8716,1,0
D,E,D,9759,100,9759,1,0
D,F,D,6334,100,6334,1,0
D,G,D,9273,100,9273,1,0
D,H,D,1429,100,1429,1,0
A,E,E,1410,100,1410,1,0
B,E,E,4339,100,4339,1,0
C,E,E,9873,100,9873,1,0
D,E,E,9750,100,9750,1,0
E,F,E,3703,100,3703,1,0
E,G,E,9917,100,9917,1,0
E,H,E,9651,100,9651,1,0
A,F,F,3555,100,3555,1,0
B,F,F,1397,100,1397,1,0
C,F,F,7210,100,7210,1,0
D,F,F,6328,100,6328,1,0
E,F,F,3701,100,3701,1,0
F,G,F,7356,100,7356,1,0
F,H,F,6248,100,6248,1,0
A,G,G,9626,100,9626,1,0
B,G,G,7153,100,7153,1,0
C,G,G,1590,100,1590,1,0
D,G,G,9210,100,9210,1,0
E,G,G,9904,100,9904,1,0
F,G,G,7364,100,7364,1,0
G,H,G,9334,100,9334,1,0
A,H,H,9350,100,9350,1,0
B,H,H,6245,100,6245,1,0
C,H,H,9037,100,9037,1,0
D,H,H,1410,100,1410,1,0
E,H,H,9649,100,9649,1,0
F,H,H,6257,100,6257,1,0
G,H,H,9340,100,9340,1,0
A,B,A,3626,100,3626,1,0
A,C,A,9295,100,9295,1,0
A,D,A,9271,100,9271,1,0
A,E,A,1481,100,1481,1,0
A,F,A,3514,100,3514,1,0
A,G,A,9580,100,9580,1,0
A,H,A,9430,100,9430,1,0
A,B,B,3654,100,3654,1,0
B,C,B,6755,100,6755,1,0
B,D,B,5954,100,5954,1,0
B,E,B,4313,100,4313,1,0
B,F,B,1450,100,1450,1,0
B,G,B,7196,100,7196,1,0
B,H,B,6243,100,6243,1,0
A,C,C,9267,100,9267,1,0
B,C,C,6706,100,6706,1,0
C,D,C,8767,100,8767,1,0
C,E,C,9808,100,9808,1,0
C,F,C,7202,100,7202,1,0
C,G,C,1567,100,1567,1,0
C,H,C,9040,100,9040,1,0
A,D,D,9282,100,9282,1,0
B,D,D,5943,100,5943,1,0
C,D,D,8715,100,8715,1,0
D,E,D,9736,100,9736,1,0
D,F,D,6348,100,6348,1,0
D,G,D,9221,100,9221,1,0
D,H,D,1428,100,1428,1,0
A,E,E,1425,100,1425,1,0
B,E,E,4295,100,4295,1,0
C,E,E,9852,100,9852,1,0
D,E,E,9760,100,9760,1,0
E,F,E,3685,100,3685,1,0
E,G,E,9923,100,9923,1,0
E,H,E,9669,100,9669,1,0
A,F,F,3525,100,3525,1,0
B,F,F,1417,100,1417,1,0
C,F,F,7224,100,7224,1,0
D,F,F,6372,100,6372,1,0
E,F,F,3680,100,3680,1,0
F,G,F,7362,100,7362,1,0
F,H,F,6295,100,6295,1,0
A,G,G,9632,100,9632,1,0
B,G,G,7221,100,7221,1,0
C,G,G,1570,100,1570,1,0
D,G,G,9218,100,9218,1,0
E,G,G,9917,100,9917,1,0
F,G,G,7364,100,7364,1,0
G,H,G,9346,100,9346,1,0
A,H,H,9391,100,9391,1,0
B,H,H,6207,100,6207,1,0
C,H,H,9039,100,9039,1,0
D,H,H,1409,100,1409,1,0
E,H,H,9659,100,9659,1,0
F,H,H,6273,100,6273,1,0
G,H,H,9306,100,9306,1,0
A,B,A,3611,100,3611,1,0
A,C,A,9282,100,9282,1,0
A,D,A,9262,100,9262,1,0
A,E,A,1452,100,1452,1,0
A,F,A,3530,100,3530,1,0
A,G,A,9618,100,9618,1,0
A,H,A,9400,100,9400,1,0
A,B,B,3607,100,3607,1,0
B,C,B,6711,100,6711,1,0
B,D,B,5997,100,5997,1,0
B,E,B,4277,100,4277,1,0
B,F,B,1398,100,1398,1,0
B,G,B,7222,100,7222,1,0
B,H,B,6190,100,6190,1,0
A,C,C,9292,100,9292,1,0
B,C,C,6731,100,6731,1,0
C,D,C,8734,100,8734,1,0
C,E,C,9872,100,9872,1,0
C,F,C,7200,100,7200,1,0
C,G,C,1578,100,1578,1,0
C,H,C,9030,100,9030,1,0
A,D,D,9259,100,9259,1,0
B,D,D,5931,100,5931,1,0
C,D,D,8695,100,8695,1,0
D,E,D,9695,100,9695,1,0
D,F,D,6344,100,6344,1,0
D,G,D,9222,100,9222,1,0
D,H,D,1416,100,1416,1,0
A,E,E,1412,100,1412,1,0
B,E,E,4370,100,4370,1,0
C,E,E,9862,100,9862,1,0
D,E,E,9672,100,9672,1,0
E,F,E,3668,100,3668,1,0
E,G,E,9895,100,9895,1,0
E,H,E,9678,100,9678,1,0
A,F,F,3501,100,3501,1,0
B,F,F,1385,100,1385,1,0
C,F,F,7184,100,7184,1,0
D,F,F,6331,100,6331,1,0
E,F,F,3703,100,3703,1,0
F,G,F,7378,100,7378,1,0
F,H,F,6229,100,6229,1,0
A,G,G,9623,100,9623,1,0
B,G,G,7194,100,7194,1,0
C,G,G,1549,100,1549,1,0
D,G,G,9228,100,9228,1,0
E,G,G,9945,100,9945,1,0
F,G,G,7347,100,7347,1,0
G,H,G,9349,100,9349,1,0
A,H,H,9385,100,9385,1,0
B,H,H,6192,100,6192,1,0
C,H,H,9036,100,9036,1,0
D,H,H,1488,100,1488,1,0
E,H,H,9665,100,9665,1,0
F,H,H,6253,100,6253,1,0
G,H,H,9332,100,9332,1,0
A,B,A,3665,100,3665,1,0
A,C,A,9308,100,9308,1,0
A,D,A,9281,100,9281,1,0
A,E,A,1450,100,1450,1,0
A,F,A,3563,100,3563,1,0
A,G,A,9595,100,9595,1,0
A,H,A,9397,100,9397,1,0
A,B,B,3617,100,3617,1,0
B,C,B,6732,100,6732,1,0
B,D,B,6014,100,6014,1,0
B,E,B,4306,100,4306,1,0
B,F,B,1419,100,1419,1,0
B,G,B,7155,100,7155,1,0
B,H,B,6188,100,6188,1,0
A,C,C,9277,100,9277,1,0
B,C,C,6734,100,6734,1,0
C,D,C,8707,100,8707,1,0
C,E,C,9815,100,9815,1,0
C,F,C,7208,100,7208,1,0
C,G,C,1538,100,1538,1,0
C,H,C,9028,100,9028,1,0
A,D,D,9287,100,9287,1,0
B,D,D,5942,100,5942,1,0
C,D,D,8734,100,8734,1,0
D,E,D,9780,100,9780,1,0
D,F,D,6360,100,6360,1,0
D,G,D,9256,100,9256,1,0
D,H,D,1389,100,1389,1,0
A,E,E,1425,100,1425,1,0
B,E,E,4307,100,4307,1,0
C,E,E,9804,100,9804,1,0
D,E,E,9758,100,9758,1,0
E,F,E,3685,100,3685,1,0
E,G,E,9934,100,9934,1,0
E,H,E,9637,100,9637,1,0
A,F,F,3498,100,3498,1,0
B,F,F,1384,100,1384,1,0
C,F,F,7181,100,7181,1,0
D,F,F,6387,100,6387,1,0
E,F,F,3719,100,3719,1,0
F,G,F,7391,100,7391,1,0
F,H,F,6267,100,6267,1,0
A,G,G,9599,100,9599,1,0
B,G,G,7221,100,7221,1,0
C,G,G,1576,100,1576,1,0
D,G,G,9229,100,9229,1,0
E,G,G,9944,100,9944,1,0
F,G,G,7352,100,7352,1,0
G,H,G,9294,100,9294,1,0
A,H,H,9347,100,9347,1,0
B,H,H,6174,100,6174,1,0
C,H,H,9035,100,9035,1,0
D,H,H,1446,100,1446,1,0
E,H,H,9633,100,9633,1,0
F,H,H,6317,100,6317,1,0
G,H,H,9297,100,9297,1,0
A,B,A,3674,100,3674,1,0
A,C,A,9280,100,9280,1,0
A,D,A,9270,100,9270,1,0
A,E,A,1449,100,1449,1,0
A,F,A,3568,100,3568,1,0
A,G,A,9621,100,9621,1,0
A,H,A,9416,100,9416,1,0
A,B,B,3623,100,3623,1,0
B,C,B,6718,100,6718,1,0
B,D,B,5929,100,5929,1,0
B,E,B,4342,100,4342,1,0
B,F,B,1390,100,1390,1,0
B,G,B,7203,100,7203,1,0
B,H,B,6282,100,6282,1,0
A,C,C,9314,100,9314,1,0
B,C,C,6762,100,6762,1,0
C,D,C,8760,100,8760,1,0
C,E,C,9817,100,9817,1,0
C,F,C,7218,100,7218,1,0
C,G,C,1538,100,1538,1,0
C,H,C,9051,100,9051,1,0
A,D,D,9262,100,9262,1,0
B,D,D,5922,100,5922,1,0
C,D,D,8742,100,8742,1,0
D,E,D,9712,100,9712,1,0
D,F,D,6333,100,6333,1,0
D,G,D,9250,100,9250,1,0
D,H,D,1404,100,1404,1,0
A,E,E,1492,100,1492,1,0
B,E,E,4294,100,4294,1,0
C,E,E,9865,100,9865,1,0
D,E,E,9760,100,9760,1,0
E,F,E,3693,100,3693,1,0
E,G,E,9924,100,9924,1,0
E,H,E,9666,100,9666,1,0
A,F,F,3506,100,3506,1,0
B,F,F,1400,100,1400,1,0
C,F,F,7191,100,7191,1,0
D,F,F,6374,100,6374,1,0
E,F,F,3669,100,3669,1,0
F,G,F,7355,100,7355,1,0
F,H,F,6287,100,6287,1,0
A,G,G,9646,100,9646,1,0
B,G,G,7197,100,7197,1,0
C,G,G,1535,100,1535,1,0
D,G,G,9241,100,9241,1,0
E,G,G,9924,100,9924,1,0
F,G,G,7343,100,7343,1,0
G,H,G,9271,100,9271,1,0
A,H,H,9404,100,9404,1,0
B,H,H,6207,100,6207,1,0
C,H,H,9031,100,9031,1,0
D,H,H,1424,100,1424,1,0
E,H,H,9691,100,9691,1,0
F,H,H,6277,100,6277,1,0
G,H,H,9338,100,9338,1,0
A,B,A,3657,100,3657,1,0
A,C,A,9318,100,9318,1,0
A,D,A,9257,100,9257,1,0
A,E,A,1409,100,1409,1,0
A,F,A,3532,100,3532,1,0
A,G,A,9596,100,9596,1,0
A,H,A,9400,100,9400,1,0
A,B,B,3665,100,3665,1,0
B,C,B,6725,100,6725,1,0
B,D,B,5966,100,5966,1,0
B,E,B,4334,100,4334,1,0
B,F,B,1402,100,1402,1,0
B,G,B,7188,100,7188,1,0
B,H,B,6196,100,6196,1,0
A,C,C,9258,100,9258,1,0
B,C,C,6726,100,6726,1,0
C,D,C,8678,100,8678,1,0
C,E,C,9842,100,9842,1,0
C,F,C,7216,100,7216,1,0
C,G,C,1603,100,1603,1,0
C,H,C,9074,100,9074,1,0
A,D,D,9254,100,9254,1,0
B,D,D,5960,100,5960,1,0
C,D,D,8695,100,8695,1,0
D,E,D,9735,100,9735,1,0
D,F,D,6384,100,6384,1,0
D,G,D,9216,100,9216,1,0
D,H,D,1420,100,1420,1,0
A,E,E,1386,100,1386,1,0
B,E,E,4283,100,4283,1,0
C,E,E,9819,100,9819,1,0
D,E,E,9705,100,9705,1,0
E,F,E,3708,100,3708,1,0
E,G,E,9947,100,9947,1,0
E,H,E,9708,100,9708,1,0
A,F,F,3542,100,3542,1,0
B,F,F,1408,100,1408,1,0
C,F,F,7195,100,7195,1,0
D,F,F,6356,100,6356,1,0
E,F,F,3704,100,3704,1,0
F,G,F,7353,100,7353,1,0
F,H,F,6280,100,6280,1,0
A,G,G,9620,100,9620,1,0
B,G,G,7226,100,7226,1,0
C,G,G,1580,100,1580,1,0
D,G,G,9239,100,9239,1,0
E,G,G,9934,100,9934,1,0
F,G,G,7362,100,7362,1,0
G,H,G,9338,100,9338,1,0
A,H,H,9397,100,9397,1,0
B,H,H,6181,100,6181,1,0
C,H,H,9070,100,9070,1,0
D,H,H,1375,100,1375,1,0
E,H,H,9691,100,9691,1,0
F,H,H,6290,100,6290,1,0
G,H,H,9314,100,9314,1,0
A,B,A,3657,100,3657,1,0
A,C,A,9287,100,9287,1,0
A,D,A,9268,100,9268,1,0
A,E,A,1431,100,1431,1,0
A,F,A,3527,100,3527,1,0
A,G,A,9596,100,9596,1,0
A,H,A,9365,100,9365,1,0
A,B,B,3650,100,3650,1,0
B,C,B,6758,100,6758,1,0
B,D,B,5944,100,5944,1,0
B,E,B,4334,100,4334,1,0
B,F,B,1361,100,1361,1,0
B,G,B,7194,100,7194,1,0
B,H,B,6233,100,6233,1,0
A,C,C,9309,100,9309,1,0
B,C,C,6704,100,6704,1,0
C,D,C,8715,100,8715,1,0
C,E,C,9810,100,9810,1,0
C,F,C,7203,100,7203,1,0
C,G,C,1538,100,1538,1,0
C,H,C,9042,100,9042,1,0
A,D,D,9256,100,9256,1,0
B,D,D,5989,100,5989,1,0
C,D,D,8715,100,8715,1,0
D,E,D,9759,100,9759,1,0
D,F,D,6337,100,6337,1,0
D,G,D,9230,100,9230,1,0
D,H,D,1366,100,1366,1,0
A,E,E,1485,100,1485,1,0
B,E,E,4321,100,4321,1,0
C,E,E,9847,100,9847,1,0
D,E,E,9721,100,9721,1,0
E,F,E,3701,100,3701,1,0
E,G,E,9881,100,9881,1,0
E,H,E,9623,100,9623,1,0
A,F,F,3500,100,3500,1,0
B,F,F,1412,100,1412,1,0
C,F,F,7190,100,7190,1,0
D,F,F,6343,100,6343,1,0
E,F,F,3707,100,3707,1,0
F,G,F,7360,100,7360,1,0
F,H,F,6269,100,6269,1,0
A,G,G,9554,100,9554,1,0
B,G,G,7188,100,7188,1,0
C,G,G,1572,100,1572,1,0
D,G,G,9235,100,9235,1,0
E,G,G,9925,100,9925,1,0
F,G,G,7381,100,7381,1,0
G,H,G,9316,100,9316,1,0
A,H,H,9442,100,9442,1,0
B,H,H,6210,100,6210,1,0
C,H,H,9025,100,9025,1,0
D,H,H,1449,100,1449,1,0
E,H,H,9667,100,9667,1,0
F,H,H,6243,100,6243,1,0
G,H,H,9318,100,9318,1,0
A,B,A,3657,100,3657,1,0
A,C,A,9273,100,9273,1,0
A,D,A,9313,100,9313,1,0
A,E,A,1463,100,1463,1,0
A,F,A,3537,100,3537,1,0
A,G,A,9589,100,9589,1,0
A,H,A,9418,100,9418,1,0
A,B,B,3655,100,3655,1,0
B,C,B,6753,100,6753,1,0
B,D,B,5941,100,5941,1,0
B,E,B,4321,100,4321,1,0
B,F,B,1390,100,1390,1,0
B,G,B,7210,100,7210,1,0
B,H,B,6219,100,6219,1,0
A,C,C,9281,100,9281,1,0
B,C,C,6720,100,6720,1,0
C,D,C,8767,100,8767,1,0
C,E,C,9820,100,9820,1,0
C,F,C,7215,100,7215,1,0
C,G,C,1543,100,1543,1,0
C,H,C,9030,100,9030,1,0
A,D,D,9285,100,9285,1,0
B,D,D,5959,100,5959,1,0
C,D,D,8719,100,8719,1,0
D,E,D,9801,100,9801,1,0
D,F,D,6326,100,6326,1,0
D,G,D,9239,100,9239,1,0
D,H,D,1428,100,1428,1,0
A,E,E,1372,100,1372,1,0
B,E,E,4310,100,4310,1,0
C,E,E,9802,100,9802,1,0
D,E,E,9764,100,9764,1,0
E,F,E,3700,100,3700,1,0
E,G,E,9930,100,9930,1,0
E,H,E,9647,100,9647,1,0
A,F,F,3527,100,3527,1,0
B,F,F,1369,100,1369,1,0
C,F,F,7219,100,7219,1,0
D,F,F,6359,100,6359,1,0
E,F,F,3700,100,3700,1,0
F,G,F,7362,100,7362,1,0
F,H,F,6296,100,6296,1,0
A,G,G,9585,100,9585,1,0
B,G,G,7189,100,7189,1,0
C,G,G,1592,100,1592,1,0
D,G,G,9244,100,9244,1,0
E,G,G,9903,100,9903,1,0
F,G,G,7403,100,7403,1,0
G,H,G,9344,100,9344,1,0
A,H,H,9370,100,9370,1,0
B,H,H,6184,100,6184,1,0
C,H,H,9065,100,9065,1,0
D,H,H,1380,100,1380,1,0
E,H,H,9618,100,9618,1,0
F,H,H,6282,100,6282,1,0
G,H,H,9311,100,9311,1,0
A,B,A,3655,100,3655,1,0
A,C,A,9315,100,9315,1,0
A,D,A,9267,100,9267,1,0
A,E,A,1418,100,1418,1,0
A,F,A,3576,100,3576,1,0
A,G,A,9520,100,9520,1,0
A,H,A,9379,100,9379,1,0
A,B,B,3681,100,3681,1,0
B,C,B,6716,100,6716,1,0
B,D,B,5954,100,5954,1,0
B,E,B,4311,100,4311,1,0
B,F,B,1398,100,1398,1,0
B,G,B,7174,100,7174,1,0
B,H,B,6212,100,6212,1,0
A,C,C,9275,100,9275,1,0
B,C,C,6703,100,6703,1,0
C,D,C,8717,100,8717,1,0
C,E,C,9793,100,9793,1,0
C,F,C,7228,100,7228,1,0
C,G,C,1604,100,1604,1,0
C,H,C,9103,100,9103,1,0
A,D,D,9279,100,9279,1,0
B,D,D,5937,100,5937,1,0
C,D,D,8705,100,8705,1,0
D,E,D,9743,100,9743,1,0
D,F,D,6332,100,6332,1,0
D,G,D,9245,100,9245,1,0
D,H,D,1402,100,1402,1,0
A,E,E,1385,100,1385,1,0
B,E,E,4333,100,4333,1,0
C,E,E,9819,100,9819,1,0
D,E,E,9725,100,9725,1,0
E,F,E,3670,100,3670,1,0
E,G,E,9950,100,9950,1,0
E,H,E,9644,100,9644,1,0
A,F,F,3574,100,3574,1,0
B,F,F,1404,100,1404,1,0
C,F,F,7203,100,7203,1,0
D,F,F,6358,100,6358,1,0
E,F,F,3693,100,3693,1,0
F,G,F,7352,100,7352,1,0
F,H,F,6237,100,6237,1,0
A,G,G,9570,100,9570,1,0
B,G,G,7154,100,7154,1,0
C,G,G,1620,100,1620,1,0
D,G,G,9222,100,9222,1,0
E,G,G,9889,100,9889,1,0
F,G,G,7368,100,7368,1,0
G,H,G,9352,100,9352,1,0
A,H,H,9397,100,9397,1,0
B,H,H,6201,100,6201,1,0
C,H,H,9067,100,9067,1,0
D,H,H,1415,100,1415,1,0
E,H,H,9647,100,9647,1,0
F,H,H,6284,100,6284,1,0
G,H,H,9315,100,9315,1,0
A,B,A,3621,100,3621,1,0
A,C,A,9280,100,9280,1,0
A,D,A,9256,100,9256,1,0
A,E,A,1442,100,1442,1,0
A,F,A,3516,100,3516,1,0
A,G,A,9628,100,9628,1,0
A,H,A,9375,100,9375,1,0
A,B,B,3644,100,3644,1,0
B,C,B,6731,100,6731,1,0
B,D,B,5959,100,5959,1,0
B,E,B,4333,100,4333,1,0
B,F,B,1417,100,1417,1,0
B,G,B,7189,100,7189,1,0
B,H,B,6207,100,6207,1,0
A,C,C,9287,100,9287,1,0
B,C,C,6725,100,6725,1,0
C,D,C,8696,100,8696,1,0
C,E,C,9797,100,9797,1,0
C,F,C,7230,100,7230,1,0
C,G,C,1563,100,1563,1,0
C,H,C,9048,100,9048,1,0
A,D,D,9283,100,9283,1,0
B,D,D,5942,100,5942,1,0
C,D,D,8756,100,8756,1,0
D,E,D,9727,100,9727,1,0
D,F,D,6322,100,6322,1,0
D,G,D,9232,100,9232,1,0
D,H,D,1434,100,1434,1,0
A,E,E,1429,100,1429,1,0
B,E,E,4305,100,4305,1,0
C,E,E,9850,100,9850,1,0
D,E,E,9746,100,9746,1,0
E,F,E,3653,100,3653,1,0
E,G,E,9929,100,9929,1,0
E,H,E,9714,100,9714,1,0
A,F,F,3524,100,3524,1,0
B,F,F,1424,100,1424,1,0
C,F,F,7208,100,7208,1,0
D,F,F,6361,100,6361,1,0
E,F,F,3689,100,3689,1,0
F,G,F,7358,100,7358,1,0
F,H,F,6260,100,6260,1,0
A,G,G,9607,100,9607,1,0
B,G,G,7180,100,7180,1,0
C,G,G,1532,100,1532,1,0
D,G,G,9236,100,9236,1,0
E,G,G,9942,100,9942,1,0
F,G,G,7371,100,7371,1,0
G,H,G,9324,100,9324,1,0
A,H,H,9403,100,9403,1,0
B,H,H,6201,100,6201,1,0
C,H,H,9065,100,9065,1,0
D,H,H,1465,100,1465,1,0
E,H,H,9627,100,9627,1,0
F,H,H,6267,100,6267,1,0
G,H,H,9300,100,9300,1,0
A,B,A,3655,100,3655,1,0
A,C,A,9317,100,9317,1,0
A,D,A,9270,100,9270,1,0
A,E,A,1430,100,1430,1,0
A,F,A,3536,100,3536,1,0
A,G,A,9572,100,9572,1,0
A,H,A,9408,100,9408,1,0
A,B,B,3632,100,3632,1,0
B,C,B,6726,100,6726,1,0
B,D,B,5927,100,5927,1,0
B,E,B,4308,100,4308,1,0
B,F,B,1385,100,1385,1,0
B,G,B,7184,100,7184,1,0
B,H,B,6183,100,6183,1,0
A,C,C,9297,100,9297,1,0
B,C,C,6734,100,6734,1,0
C,D,C,8690,100,8690,1,0
C,E,C,9819,100,9819,1,0
C,F,C,7219,100,7219,1,0
C,G,C,1568,100,1568,1,0
C,H,C,9051,100,9051,1,0
A,D,D,9265,100,9265,1,0
B,D,D,5966,100,5966,1,0
C,D,D,8679,100,8679,1,0
D,E,D,9732,100,9732,1,0
D,F,D,6378,100,6378,1,0
D,G,D,9230,100,9230,1,0
D,H,D,1477,100,1477,1,0
A,E,E,1429,100,1429,1,0
B,E,E,4327,100,4327,1,0
C,E,E,9770,100,9770,1,0
D,E,E,9747,100,9747,1,0
E,F,E,3664,100,3664,1,0
E,G,E,9916,100,9916,1,0
E,H,E,9633,100,9633,1,0
A,F,F,3533,100,3533,1,0
B,F,F,1406,100,1406,1,0
C,F,F,7213,100,7213,1,0
D,F,F,6376,100,6376,1,0
E,F,F,3680,100,3680,1,0
F,G,F,7373,100,7373,1,0
F,H,F,6282,100,6282,1,0
A,G,G,9576,100,9576,1,0
B,G,G,7229,100,7229,1,0
C,G,G,1579,100,1579,1,0
D,G,G,9238,100,9238,1,0
E,G,G,9911,100,9911,1,0
F,G,G,7362,100,7362,1,0
G,H,G,9343,100,9343,1,0
A,H,H,9414,100,9414,1,0
B,H,H,6180,100,6180,1,0
C,H,H,9021,100,9021,1,0
D,H,H,1409,100,1409,1,0
E,H,H,9619,100,9619,1,0
F,H,H,6289,100,6289,1,0
G,H,H,9340,100,9340,1,0
A,B,A,3638,100,3638,1,0
A,C,A,9316,100,9316,1,0
A,D,A,9250,100,9250,1,0
A,E,A,1425,100,1425,1,0
A,F,A,3506,100,3506,1,0
A,G,A,9607,100,9607,1,0
A,H,A,9397,100,9397,1,0
A,B,B,3648,100,3648,1,0
B,C,B,6712,100,6712,1,0
B,D,B,5978,100,5978,1,0
B,E,B,4351,100,4351,1,0
B,F,B,1381,100,1381,1,0
B,G,B,7191,100,7191,1,0
B,H,B,6195,100,6195,1,0
A,C,C,9288,100,9288,1,0
B,C,C,6727,100,6727,1,0
C,D,C,8732,100,8732,1,0
C,E,C,9811,100,9811,1,0
C,F,C,7210,100,7210,1,0
C,G,C,1589,100,1589,1,0
C,H,C,9052,100,9052,1,0
A,D,D,9256,100,9256,1,0
B,D,D,5916,100,5916,1,0
C,D,D,8707,100,8707,1,0
D,E,D,9769,100,9769,1,0
D,F,D,6346,100,6346,1,0
D,G,D,9214,100,9214,1,0
D,H,D,1371,100,1371,1,0
A,E,E,1414,100,1414,1,0
B,E,E,4284,100,4284,1,0
C,E,E,9867,100,9867,1,0
D,E,E,9732,100,9732,1,0
E,F,E,3681,100,3681,1,0
E,G,E,9882,100,9882,1,0
E,H,E,9666,100,9666,1,0
A,F,F,3546,100,3546,1,0
B,F,F,1396,100,1396,1,0
C,F,F,7211,100,7211,1,0
D,F,F,6358,100,6358,1,0
E,F,F,3706,100,3706,1,0
F,G,F,7381,100,7381,1,0
F,H,F,6245,100,6245,1,0
A,G,G,9640,100,9640,1,0
B,G,G,7142,100,7142,1,0
C,G,G,1602,100,1602,1,0
D,G,G,9228,100,9228,1,0
E,G,G,9916,100,9916,1,0
F,G,G,7358,100,7358,1,0
G,H,G,9294,100,9294,1,0
A,H,H,9434,100,9434,1,0
B,H,H,6194,100,6194,1,0
C,H,H,9042,100,9042,1,0
D,H,H,1395,100,1395,1,0
E,H,H,9653,100,9653,1,0
F,H,H,6257,100,6257,1,0
G,H,H,9328,100,9328,1,0
A,B,A,3639,100,3639,1,0
A,C,A,9326,100,9326,1,0
A,D,A,9279,100,9279,1,0
A,E,A,1473,100,1473,1,0
A,F,A,3521,100,3521,1,0
A,G,A,9633,100,9633,1,0
A,H,A,9443,100,9443,1,0
A,B,B,3687,100,3687,1,0
B,C,B,6735,100,6735,1,0
B,D,B,5948,100,5948,1,0
B,E,B,4295,100,4295,1,0
B,F,B,1398,100,1398,1,0
B,G,B,7199,100,7199,1,0
B,H,B,6174,100,6174,1,0
A,C,C,9269,100,9269,1,0
B,C,C,6738,100,6738,1,0
C,D,C,8749,100,8749,1,0
C,E,C,9864,100,9864,1,0
C,F,C,7184,100,7184,1,0
C,G,C,1603,100,1603,1,0
C,H,C,9002,100,9002,1,0
A,D,D,9275,100,9275,1,0
B,D,D,5929,100,5929,1,0
C,D,D,8727,100,8727,1,0
D,E,D,9701,100,9701,1,0
D,F,D,6347,100,6347,1,0
D,G,D,9245,100,9245,1,0
D,H,D,1411,100,1411,1,0
A,E,E,1466,100,1466,1,0
B,E,E,4343,100,4343,1,0
C,E,E,9837,100,9837,1,0
D,E,E,9738,100,9738,1,0
E,F,E,3696,100,3696,1,0
E,G,E,9883,100,9883,1,0
E,H,E,9696,100,9696,1,0
A,F,F,3534,100,3534,1,0
B,F,F,1427,100,1427,1,0
C,F,F,7232,100,7232,1,0
D,F,F,6354,100,6354,1,0
E,F,F,3705,100,3705,1,0
F,G,F,7361,100,7361,1,0
F,H,F,6275,100,6275,1,0
A,G,G,9624,100,9624,1,0
B,G,G,7232,100,7232,1,0
C,G,G,1547,100,1547,1,0
D,G,G,9259,100,9259,1,0
E,G,G,9949,100,9949,1,0
F,G,G,7400,100,7400,1,0
G,H,G,9344,100,9344,1,0
A,H,H,9406,100,9406,1,0
B,H,H,6212,100,6212,1,0
C,H,H,9043,100,9043,1,0
D,H,H,1479,100,1479,1,0
E,H,H,9639,100,9639,1,0
F,H,H,6258,100,6258,1,0
G,H,H,9315,100,9315,1,0
A,B,A,3649,100,3649,1,0
A,C,A,9313,100,9313,1,0
A,D,A,9255,100,9255,1,0
A,E,A,1471,100,1471,1,0
A,F,A,3535,100,3535,1,0
A,G,A,9637,100,9637,1,0
A,H,A,9416,100,9416,1,0
A,B,B,3614,100,3614,1,0
B,C,B,6725,100,6725,1,0
B,D,B,5986,100,5986,1,0
B,E,B,4274,100,4274,1,0
B,F,B,1410,100,1410,1,0
B,G,B,7192,100,7192,1,0
B,H,B,6185,100,6185,1,0
A,C,C,9337,100,9337,1,0
B,C,C,6738,100,6738,1,0
C,D,C,8724,100,8724,1,0
C,E,C,9803,100,9803,1,0
C,F,C,7201,100,7201,1,0
C,G,C,1622,100,1622,1,0
C,H,C,9042,100,9042,1,0
A,D,D,9258,100,9258,1,0
B,D,D,5924,100,5924,1,0
C,D,D,8720,100,8720,1,0
D,E,D,9723,100,9723,1,0
D,F,D,6338,100,6338,1,0
D,G,D,9270,100,9270,1,0
D,H,D,1416,100,1416,1,0
A,E,E,1402,100,1402,1,0
B,E,E,4284,100,4284,1,0
C,E,E,9837,100,9837,1,0
D,E,E,9702,100,9702,1,0
E,F,E,3654,100,3654,1,0
E,G,E,9946,100,9946,1,0
E,H,E,9680,100,9680,1,0
A,F,F,3534,100,3534,1,0
B,F,F,1413,100,1413,1,0
C,F,F,7191,100,7191,1,0
D,F,F,6353,100,6353,1,0
E,F,F,3690,100,3690,1,0
F,G,F,7373,100,7373,1,0
F,H,F,6291,100,6291,1,0
A,G,G,9609,100,9609,1,0
B,G,G,7209,100,7209,1,0
C,G,G,1593,100,1593,1,0
D,G,G,9239,100,9239,1,0
E,G,G,9908,100,9908,1,0
F,G,G,7368,100,7368,1,0
G,H,G,9281,100,9281,1,0
A,H,H,9404,100,9404,1,0
B,H,H,6236,100,6236,1,0
C,H,H,9087,100,9087,1,0
D,H,H,1350,100,1350,1,0
E,H,H,9669,100,9669,1,0
F,H,H,6278,100,6278,1,0
G,H,H,9321,100,9321,1,0
A,B,A,3620,100,3620,1,0
A,C,A,9308,100,9308,1,0
A,D,A,9267,100,9267,1,0
A,E,A,1429,100,1429,1,0
A,F,A,3514,100,3514,1,0
A,G,A,9592,100,9592,1,0
A,H,A,9443,100,9443,1,0
A,B,B,3615,100,3615,1,0
B,C,B,6733,100,6733,1,0
B,D,B,5971,100,5971,1,0
B,E,B,4294,100,4294,1,0
B,F,B,1410,100,1410,1,0
B,G,B,7194,100,7194,1,0
B,H,B,6168,100,6168,1,0
A,C,C,9324,100,9324,1,0
B,C,C,6756,100,6756,1,0
C,D,C,8735,100,8735,1,0
C,E,C,9822,100,9822,1,0
C,F,C,7210,100,7210,1,0
C,G,C,1586,100,1586,1,0
C,H,C,9051,100,9051,1,0
A,D,D,9299,100,9299,1,0
B,D,D,5957,100,5957,1,0
C,D,D,8696,100,8696,1,0
D,E,D,9752,100,9752,1,0
D,F,D,6336,100,6336,1,0
D,G,D,9217,100,9217,1,0
D,H,D,1469,100,1469,1,0
A,E,E,1460,100,1460,1,0
B,E,E,4302,100,4302,1,0
C,E,E,9869,100,9869,1,0
D,E,E,9703,100,9703,1,0
E,F,E,3705,100,3705,1,0
E,G,E,9923,100,9923,1,0
E,H,E,9707,100,9707,1,0
A,F,F,3559,100,3559,1,0
B,F,F,1405,100,1405,1,0
C,F,F,7224,100,7224,1,0
D,F,F,6395,100,6395,1,0
E,F,F,3709,100,3709,1,0
F,G,F,7360,100,7360,1,0
F,H,F,6288,100,6288,1,0
A,G,G,9595,100,9595,1,0
B,G,G,7208,100,7208,1,0
C,G,G,1583,100,1583,1,0
D,G,G,9230,100,9230,1,0
E,G,G,9917,100,9917,1,0
F,G,G,7347,100,7347,1,0
G,H,G,9299,100,9299,1,0
A,H,H,9415,100,9415,1,0
B,H,H,6153,100,6153,1,0
C,H,H,9013,100,9013,1,0
D,H,H,1429,100,1429,1,0
E,H,H,9678,100,9678,1,0
F,H,H,6295,100,6295,1,0
G,H,H,9279,100,9279,1,0
A,B,A,3639,100,3639,1,0
A,C,A,9252,100,9252,1,0
A,D,A,9270,100,9270,1,0
A,E,A,1463,100,1463,1,0
A,F,A,3494,100,3494,1,0
A,G,A,9555,100,9555,1,0
A,H,A,9427,100,9427,1,0
A,B,B,3660,100,3660,1,0
B,C,B,6703,100,6703,1,0
B,D,B,5939,100,5939,1,0
B,E,B,4305,100,4305,1,0
B,F,B,1402,100,1402,1,0
B,G,B,7203,100,7203,1,0
B,H,B,6189,100,6189,1,0
A,C,C,9281,100,9281,1,0
B,C,C,6710,100,6710,1,0
C,D,C,8744,100,8744,1,0
C,E,C,9776,100,9776,1,0
C,F,C,7205,100,7205,1,0
C,G,C,1570,100,1570,1,0
C,H,C,9047,100,9047,1,0
A,D,D,9243,100,9243,1,0
B,D,D,5986,100,5986,1,0
C,D,D,8693,100,8693,1,0
D,E,D,9694,100,9694,1,0
D,F,D,6350,100,6350,1,0
D,G,D,9225,100,9225,1,0
D,H,D,1391,100,1391,1,0
A,E,E,1416,100,1416,1,0
B,E,E,4285,100,4285,1,0
C,E,E,9815,100,9815,1,0
D,E,E,9810,100,9810,1,0
E,F,E,3721,100,3721,1,0
E,G,E,9928,100,9928,1,0
E,H,E,9704,100,9704,1,0
A,F,F,3520,100,3520,1,0
B,F,F,1427,100,1427,1,0
C,F,F,7218,100,7218,1,0
D,F,F,6358,100,6358,1,0
E,F,F,3671,100,3671,1,0
F,G,F,7352,100,7352,1,0
F,H,F,6278,100,6278,1,0
A,G,G,9618,100,9618,1,0
B,G,G,7223,100,7223,1,0
C,G,G,1546,100,1546,1,0
D,G,G,9214,100,9214,1,0
E,G,G,9940,100,9940,1,0
F,G,G,7369,100,7369,1,0
G,H,G,9343,100,9343,1,0
A,H,H,9382,100,9382,1,0
B,H,H,6243,100,6243,1,0
C,H,H,9047,100,9047,1,0
D,H,H,1430,100,1430,1,0
E,H,H,9654,100,9654,1,0
F,H,H,6298,100,6298,1,0
G,H,H,9311,100,9311,1,0
A,B,A,3701,100,3701,1,0
A,C,A,9314,100,9314,1,0
A,D,A,9258,100,9258,1,0
A,E,A,1472,100,1472,1,0
A,F,A,3522,100,3522,1,0
A,G,A,9549,100,9549,1,0
A,H,A,9401,100,9401,1,0
A,B,B,3629,100,3629,1,0
B,C,B,6740,100,6740,1,0
B,D,B,5954,100,5954,1,0
B,E,B,4343,100,4343,1,0
B,F,B,1381,100,1381,1,0
B,G,B,7189,100,7189,1,0
B,H,B,6195,100,6195,1,0
A,C,C,9298,100,9298,1,0
B,C,C,6727,100,6727,1,0
C,D,C,8669,100,8669,1,0
C,E,C,9851,100,9851,1,0
C,F,C,7218,100,7218,1,0
C,G,C,1521,100,1521,1,0
C,H,C,9100,100,9100,1,0
A,D,D,9259,100,9259,1,0
B,D,D,5914,100,5914,1,0
C,D,D,8716,100,8716,1,0
D,E,D,9810,100,9810,1,0
D,F,D,6368,100,6368,1,0
D,G,D,9235,100,9235,1,0
D,H,D,1413,100,1413,1,0
A,E,E,1481,100,1481,1,0
B,E,E,4289,100,4289,1,0
C,E,E,9864,100,9864,1,0
D,E,E,9817,100,9817,1,0
E,F,E,3700,100,3700,1,0
E,G,E,9943,100,9943,1,0
E,H,E,9624,100,9624,1,0
A,F,F,3543,100,3543,1,0
B,F,F,1417,100,1417,1,0
C,F,F,7210,100,7210,1,0
D,F,F,6339,100,6339,1,0
E,F,F,3724,100,3724,1,0
F,G,F,7352,100,7352,1,0
F,H,F,6264,100,6264,1,0
A,G,G,9618,100,9618,1,0
B,G,G,7216,100,7216,1,0
C,G,G,1596,100,1596,1,0
D,G,G,9250,100,9250,1,0
E,G,G,9903,100,9903,1,0
F,G,G,7349,100,7349,1,0
G,H,G,9321,100,9321,1,0
A,H,H,9413,100,9413,1,0
B,H,H,6212,100,6212,1,0
C,H,H,9030,100,9030,1,0
D,H,H,1385,100,1385,1,0
E,H,H,9643,100,9643,1,0
F,H,H,6293,100,6293,1,0
G,H,H,9333,100,9333,1,0
A,B,A,3619,100,3619,1,0
A,C,A,9333,100,9333,1,0
A,D,A,9277,100,9277,1,0
A,E,A,1476,100,1476,1,0
A,F,A,3521,100,3521,1,0
A,G,A,9649,100,9649,1,0
A,H,A,9405,100,9405,1,0
A,B,B,3612,100,3612,1,0
B,C,B,6765,100,6765,1,0
B,D,B,5992,100,5992,1,0
B,E,B,4323,100,4323,1,0
B,F,B,1422,100,1422,1,0
B,G,B,7178,100,7178,1,0
B,H,B,6195,100,6195,1,0
A,C,C,9247,100,9247,1,0
B,C,C,6710,100,6710,1,0
C,D,C,8708,100,8708,1,0
C,E,C,9835,100,9835,1,0
C,F,C,7221,100,7221,1,0
C,G,C,1558,100,1558,1,0
C,H,C,9040,100,9040,1,0
A,D,D,9271,100,9271,1,0
B,D,D,5926,100,5926,1,0
C,D,D,8687,100,8687,1,0
D,E,D,9670,100,9670,1,0
D,F,D,6369,100,6369,1,0
D,G,D,9252,100,9252,1,0
D,H,D,1465,100,1465,1,0
A,E,E,1403,100,1403,1,0
B,E,E,4294,100,4294,1,0
C,E,E,9856,100,9856,1,0
D,E,E,9716,100,9716,1,0
E,F,E,3670,100,3670,1,0
E,G,E,9900,100,9900,1,0
E,H,E,9660,100,9660,1,0
A,F,F,3483,100,3483,1,0
B,F,F,1393,100,1393,1,0
C,F,F,7234,100,7234,1,0
D,F,F,6347,100,6347,1,0
E,F,F,3700,100,3700,1,0
F,G,F,7369,100,7369,1,0
F,H,F,6255,100,6255,1,0
A,G,G,9613,100,9613,1,0
B,G,G,7207,100,7207,1,0
C,G,G,1561,100,1561,1,0
D,G,G,9225,100,9225,1,0
E,G,G,9908,100,9908,1,0
F,G,G,7392,100,7392,1,0
G,H,G,9323,100,9323,1,0
A,H,H,9397,100,9397,1,0
B,H,H,6182,100,6182,1,0
C,H,H,9047,100,9047,1,0
D,H,H,1385,100,1385,1,0
E,H,H,9686,100,9686,1,0
F,H,H,6244,100,6244,1,0
G,H,H,9329,100,9329,1,0
A,B,A,3647,100,3647,1,0
A,C,A,9348,100,9348,1,0
A,D,A,9250,100,9250,1,0
A,E,A,1443,100,1443,1,0
A,F,A,3530,100,3530,1,0
A,G,A,9590,100,9590,1,0
A,H,A,9400,100,9400,1,0
A,B,B,3642,100,3642,1,0
B,C,B,6717,100,6717,1,0
B,D,B,5979,100,5979,1,0
B,E,B,4328,100,4328,1,0
B,F,B,1429,100,1429,1,0
B,G,B,7210,100,7210,1,0
B,H,B,6178,100,6178,1,0
A,C,C,9225,100,9225,1,0
B,C,C,6780,100,6780,1,0
C,D,C,8704,100,8704,1,0
C,E,C,9857,100,9857,1,0
C,F,C,7205,100,7205,1,0
C,G,C,1603,100,1603,1,0
C,H,C,9047,100,9047,1,0
A,D,D,9263,100,9263,1,0
B,D,D,6014,100,6014,1,0
C,D,D,8689,100,8689,1,0
D,E,D,9729,100,9729,1,0
D,F,D,6370,100,6370,1,0
D,G,D,9266,100,9266,1,0
D,H,D,1434,100,1434,1,0
A,E,E,1419,100,1419,1,0
B,E,E,4333,100,4333,1,0
C,E,E,9814,100,9814,1,0
D,E,E,9780,100,9780,1,0
E,F,E,3684,100,3684,1,0
E,G,E,9933,100,9933,1,0
E,H,E,9624,100,9624,1,0
A,F,F,3564,100,3564,1,0
B,F,F,1379,100,1379,1,0
C,F,F,7214,100,7214,1,0
D,F,F,6357,100,6357,1,0
E,F,F,3761,100,3761,1,0
F,G,F,7336,100,7336,1,0
F,H,F,6324,100,6324,1,0
A,G,G,9575,100,9575,1,0
B,G,G,7168,100,7168,1,0
C,G,G,1599,100,1599,1,0
D,G,G,9235,100,9235,1,0
E,G,G,9892,100,9892,1,0
F,G,G,7381,100,7381,1,0
G,H,G,9359,100,9359,1,0
A,H,H,9374,100,9374,1,0
B,H,H,6158,100,6158,1,0
C,H,H,9030,100,9030,1,0
D,H,H,1414,100,1414,1,0
E,H,H,9680,100,9680,1,0
F,H,H,6295,100,6295,1,0
G,H,H,9304,100,9304,1,0
A,B,A,3652,100,3652,1,0
A,C,A,9309,100,9309,1,0
A,D,A,9287,100,9287,1,0
A,E,A,1445,100,1445,1,0
A,F,A,3581,100,3581,1,0
A,G,A,9567,100,9567,1,0
A,H,A,9371,100,9371,1,0
A,B,B,3663,100,3663,1,0
B,C,B,6716,100,6716,1,0
B,D,B,5985,100,5985,1,0
B,E,B,4305,100,4305,1,0
B,F,B,1421,100,1421,1,0
B,G,B,7199,100,7199,1,0
B,H,B,6221,100,6221,1,0
A,C,C,9256,100,9256,1,0
B,C,C,6750,100,6750,1,0
C,D,C,8762,100,8762,1,0
C,E,C,9798,100,9798,1,0
C,F,C,7192,100,7192,1,0
C,G,C,1560,100,1560,1,0
C,H,C,9028,100,9028,1,0
A,D,D,9265,100,9265,1,0
B,D,D,5991,100,5991,1,0
C,D,D,8757,100,8757,1,0
D,E,D,9719,100,9719,1,0
D,F,D,6342,100,6342,1,0
D,G,D,9271,100,9271,1,0
D,H,D,1381,100,1381,1,0
A,E,E,1473,100,1473,1,0
B,E,E,4296,100,4296,1,0
C,E,E,9877,100,9877,1,0
D,E,E,9716,100,9716,1,0
E,F,E,3682,100,3682,1,0
E,G,E,9945,100,9945,1,0
E,H,E,9670,100,9670,1,0
A,F,F,3521,100,3521,1,0
B,F,F,1426,100,1426,1,0
C,F,F,7194,100,7194,1,0
D,F,F,6365,100,6365,1,0
E,F,F,3719,100,3719,1,0
F,G,F,7378,100,7378,1,0
F,H,F,6251,100,6251,1,0
A,G,G,9562,100,9562,1,0
B,G,G,7220,100,7220,1,0
C,G,G,1560,100,1560,1,0
D,G,G,9245,100,9245,1,0
E,G,G,9887,100,9887,1,0
F,G,G,7369,100,7369,1,0
G,H,G,9328,100,9328,1,0
A,H,H,9407,100,9407,1,0
B,H,H,6217,100,6217,1,0
C,H,H,9068,100,9068,1,0
D,H,H,1402,100,1402,1,0
E,H,H,9631,100,9631,1,0
F,H,H,6293,100,6293,1,0
G,H,H,9324,100,9324,1,0
A,B,A,3670,100,3670,1,0
A,C,A,9318,100,9318,1,0
A,D,A,9267,100,9267,1,0
A,E,A,1417,100,1417,1,0
A,F,A,3515,100,3515,1,0
A,G,A,9601,100,9601,1,0
A,H,A,9388,100,9388,1,0
A,B,B,3615,100,3615,1,0
B,C,B,6724,100,6724,1,0
B,D,B,5946,100,5946,1,0
B,E,B,4301,100,4301,1,0
B,F,B,1405,100,1405,1,0
B,G,B,7197,100,7197,1,0
B,H,B,6227,100,6227,1,0
A,C,C,9295,100,9295,1,0
B,C,C,6774,100,6774,1,0
C,D,C,8757,100,8757,1,0
C,E,C,9834,100,9834,1,0
C,F,C,7220,100,7220,1,0
C,G,C,1559,100,1559,1,0
C,H,C,9033,100,9033,1,0
A,D,D,9264,100,9264,1,0
B,D,D,5994,100,5994,1,0
C,D,D,8690,100,8690,1,0
D,E,D,9747,100,9747,1,0
D,F,D,6342,100,6342,1,0
D,G,D,9237,100,9237,1,0
D,H,D,1390,100,1390,1,0
A,E,E,1478,100,1478,1,0
B,E,E,4280,100,4280,1,0
C,E,E,9833,100,9833,1,0
D,E,E,9724,100,9724,1,0
E,F,E,3690,100,3690,1,0
E,G,E,9905,100,9905,1,0
E,H,E,9642,100,9642,1,0
A,F,F,3494,100,3494,1,0
B,F,F,1407,100,1407,1,0
C,F,F,7192,100,7192,1,0
D,F,F,6371,100,6371,1,0
E,F,F,3694,100,3694,1,0
F,G,F,7386,100,7386,1,0
F,H,F,6226,100,6226,1,0
A,G,G,9603,100,9603,1,0
B,G,G,7177,100,7177,1,0
C,G,G,1602,100,1602,1,0
D,G,G,9274,100,9274,1,0
E,G,G,9948,100,9948,1,0
F,G,G,7334,100,7334,1,0
G,H,G,9325,100,9325,1,0
A,H,H,9377,100,9377,1,0
B,H,H,6219,100,6219,1,0
C,H,H,9029,100,9029,1,0
D,H,H,1481,100,1481,1,0
E,H,H,9657,100,9657,1,0
F,H,H,6225,100,6225,1,0
G,H,H,9315,100,9315,1,0
A,B,A,3629,100,3629,1,0
A,C,A,9245,100,9245,1,0
A,D,A,9264,100,9264,1,0
A,E,A,1475,100,1475,1,0
A,F,A,3464,100,3464,1,0
A,G,A,9602,100,9602,1,0
A,H,A,9412,100,9412,1,0
A,B,B,3640,100,3640,1,0
B,C,B,6748,100,6748,1,0
B,D,B,5977,100,5977,1,0
B,E,B,4312,100,4312,1,0
B,F,B,1378,100,1378,1,0
B,G,B,7194,100,7194,1,0
B,H,B,6185,100,6185,1,0
A,C,C,9365,100,9365,1,0
B,C,C,6766,100,6766,1,0
C,D,C,8720,100,8720,1,0
C,E,C,9795,100,9795,1,0
C,F,C,7244,100,7244,1,0
C,G,C,1571,100,1571,1,0
C,H,C,9050,100,9050,1,0
A,D,D,9287,100,9287,1,0
B,D,D,5913,100,5913,1,0
C,D,D,8751,100,8751,1,0
D,E,D,9728,100,9728,1,0
D,F,D,6382,100,6382,1,0
D,G,D,9242,100,9242,1,0
D,H,D,1427,100,1427,1,0
A,E,E,1420,100,1420,1,0
B,E,E,4332,100,4332,1,0
C,E,E,9812,100,9812,1,0
D,E,E,9749,100,9749,1,0
E,F,E,3730,100,3730,1,0
E,G,E,9910,100,9910,1,0
E,H,E,9687,100,9687,1,0
A,F,F,3478,100,3478,1,0
B,F,F,1421,100,1421,1,0
C,F,F,7215,100,7215,1,0
D,F,F,6331,100,6331,1,0
E,F,F,3671,100,3671,1,0
F,G,F,7368,100,7368,1,0
F,H,F,6286,100,6286,1,0
A,G,G,9578,100,9578,1,0
B,G,G,7168,100,7168,1,0
C,G,G,1582,100,1582,1,0
D,G,G,9219,100,9219,1,0
E,G,G,9922,100,9922,1,0
F,G,G,7346,100,7346,1,0
G,H,G,9330,100,9330,1,0
A,H,H,9398,100,9398,1,0
B,H,H,6145,100,6145,1,0
C,H,H,8999,100,8999,1,0
D,H,H,1400,100,1400,1,0
E,H,H,9662,100,9662,1,0
F,H,H,6275,100,6275,1,0
G,H,H,9326,100,9326,1,0
A,B,A,3667,100,3667,1,0
A,C,A,9323,100,9323,1,0
A,D,A,9254,100,9254,1,0
A,E,A,1405,100,1405,1,0
A,F,A,3563,100,3563,1,0
A,G,A,9647,100,9647,1,0
A,H,A,9431,100,9431,1,0
A,B,B,3697,100,3697,1,0
B,C,B,6719,100,6719,1,0
B,D,B,5988,100,5988,1,0
B,E,B,4298,100,4298,1,0
B,F,B,1419,100,1419,1,0
B,G,B,7163,100,7163,1,0
B,H,B,6175,100,6175,1,0
A,C,C,9289,100,9289,1,0
B,C,C,6751,100,6751,1,0
C,D,C,8750,100,8750,1,0
C,E,C,9798,100,9798,1,0
C,F,C,7229,100,7229,1,0
C,G,C,1555,100,1555,1,0
C,H,C,9031,100,9031,1,0
A,D,D,9265,100,9265,1,0
B,D,D,5974,100,5974,1,0
C,D,D,8775,100,8775,1,0
D,E,D,9741,100,9741,1,0
D,F,D,6354,100,6354,1,0
D,G,D,9225,100,9225,1,0
D,H,D,1440,100,1440,1,0
A,E,E,1414,100,1414,1,0
B,E,E,4328,100,4328,1,0
C,E,E,9853,100,9853,1,0
D,E,E,9714,100,9714,1,0
E,F,E,3681,100,3681,1,0
E,G,E,9916,100,9916,1,0
E,H,E,9624,100,9624,1,0
A,F,F,3511,100,3511,1,0
B,F,F,1409,100,1409,1,0
C,F,F,7224,100,7224,1,0
D,F,F,6332,100,6332,1,0
E,F,F,3684,100,3684,1,0
F,G,F,7366,100,7366,1,0
F,H,F,6256,100,6256,1,0
A,G,G,9595,100,9595,1,0
B,G,G,7176,100,7176,1,0
C,G,G,1596,100,1596,1,0
D,G,G,9225,100,9225,1,0
E,G,G,9921,100,9921,1,0
F,G,G,7359,100,7359,1,0
G,H,G,9330,100,9330,1,0
A,H,H,9379,100,9379,1,0
B,H,H,6228,100,6228,1,0
C,H,H,9074,100,9074,1,0
D,H,H,1406,100,1406,1,0
E,H,H,9658,100,9658,1,0
F,H,H,6279,100,6279,1,0
G,H,H,9335,100,9335,1,0
A,B,A,3640,100,3640,1,0
A,C,A,9282,100,9282,1,0
A,D,A,9258,100,9258,1,0
A,E,A,1416,100,1416,1,0
A,F,A,3495,100,3495,1,0
A,G,A,9578,100,9578,1,0
A,H,A,9380,100,9380,1,0
A,B,B,3607,100,3607,1,0
B,C,B,6738,100,6738,1,0
B,D,B,6007,100,6007,1,0
B,E,B,4280,100,4280,1,0
B,F,B,1412,100,1412,1,0
B,G,B,7179,100,7179,1,0
B,H,B,6193,100,6193,1,0
A,C,C,9285,100,9285,1,0
B,C,C,6734,100,6734,1,0
C,D,C,8712,100,8712,1,0
C,E,C,9871,100,9871,1,0
C,F,C,7226,100,7226,1,0
C,G,C,1573,100,1573,1,0
C,H,C,9053,100,9053,1,0
A,D,D,9298,100,9298,1,0
B,D,D,5982,100,5982,1,0
C,D,D,8708,100,8708,1,0
D,E,D,9727,100,9727,1,0
D,F,D,6384,100,6384,1,0
D,G,D,9238,100,9238,1,0
D,H,D,1430,100,1430,1,0
A,E,E,1488,100,1488,1,0
B,E,E,4310,100,4310,1,0
C,E,E,9809,100,9809,1,0
D,E,E,9742,100,9742,1,0
E,F,E,3681,100,3681,1,0
E,G,E,9923,100,9923,1,0
E,H,E,9630,100,9630,1,0
A,F,F,3488,100,3488,1,0
B,F,F,1407,100,1407,1,0
C,F,F,7204,100,7204,1,0
D,F,F,6387,100,6387,1,0
E,F,F,3685,100,3685,1,0
F,G,F,7367,100,7367,1,0
F,H,F,6237,100,6237,1,0
A,G,G,9610,100,9610,1,0
B,G,G,7189,100,7189,1,0
C,G,G,1555,100,1555,1,0
D,G,G,9254,100,9254,1,0
E,G,G,9939,100,9939,1,0
F,G,G,7388,100,7388,1,0
G,H,G,9306,100,9306,1,0
A,H,H,9366,100,9366,1,0
B,H,H,6174,100,6174,1,0
C,H,H,9007,100,9007,1,0
D,H,H,1405,100,1405,1,0
E,H,H,9663,100,9663,1,0
F,H,H,6238,100,6238,1,0
G,H,H,9325,100,9325,1,0
A,B,A,3610,100,3610,1,0
A,C,A,9280,100,9280,1,0
A,D,A,9275,100,9275,1,0
A,E,A,1425,100,1425,1,0
A,F,A,3511,100,3511,1,0
A,G,A,9585,100,9585,1,0
A,H,A,9406,100,9406,1,0
A,B,B,3638,100,3638,1,0
B,C,B,6762,100,6762,1,0
B,D,B,5905,100,5905,1,0
B,E,B,4276,100,4276,1,0
B,F,B,1424,100,1424,1,0
B,G,B,7221,100,7221,1,0
B,H,B,6224,100,6224,1,0
A,C,C,9288,100,9288,1,0
B,C,C,6723,100,6723,1,0
C,D,C,8767,100,8767,1,0
C,E,C,9815,100,9815,1,0
C,F,C,7188,100,7188,1,0
C,G,C,1544,100,1544,1,0
C,H,C,9050,100,9050,1,0
A,D,D,9265,100,9265,1,0
B,D,D,5953,100,5953,1,0
C,D,D,8699,100,8699,1,0
D,E,D,9705,100,9705,1,0
D,F,D,6380,100,6380,1,0
D,G,D,9218,100,9218,1,0
D,H,D,1416,100,1416,1,0
A,E,E,1455,100,1455,1,0
B,E,E,4333,100,4333,1,0
C,E,E,9798,100,9798,1,0
D,E,E,9729,100,9729,1,0
E,F,E,3763,100,3763,1,0
E,G,E,9925,100,9925,1,0
E,H,E,9637,100,9637,1,0
A,F,F,3484,100,3484,1,0
B,F,F,1400,100,1400,1,0
C,F,F,7193,100,7193,1,0
D,F,F,6336,100,6336,1,0
E,F,F,3738,100,3738,1,0
F,G,F,7364,100,7364,1,0
F,H,F,6238,100,6238,1,0
A,G,G,9634,100,9634,1,0
B,G,G,7197,100,7197,1,0
C,G,G,1572,100,1572,1,0
D,G,G,9243,100,9243,1,0
E,G,G,9908,100,9908,1,0
F,G,G,7384,100,7384,1,0
G,H,G,9311,100,9311,1,0
A,H,H,9384,100,9384,1,0
B,H,H,6239,100,6239,1,0
C,H,H,9068,100,9068,1,0
D,H,H,1460,100,1460,1,0
E,H,H,9659,100,9659,1,0
F,H,H,6266,100,6266,1,0
G,H,H,9287,100,9287,1,0
A,B,A,3639,100,3639,1,0
A,C,A,9278,100,9278,1,0
A,D,A,9257,100,9257,1,0
A,E,A,1386,100,1386,1,0
A,F,A,3529,100,3529,1,0
A,G,A,9603,100,9603,1,0
A,H,A,9399,100,9399,1,0
A,B,B,3669,100,3669,1,0
B,C,B,6719,100,6719,1,0
B,D,B,5935,100,5935,1,0
B,E,B,4283,100,4283,1,0
B,F,B,1395,100,1395,1,0
B,G,B,7175,100,7175,1,0
B,H,B,6239,100,6239,1,0
A,C,C,9260,100,9260,1,0
B,C,C,6728,100,6728,1,0
C,D,C,8757,100,8757,1,0
C,E,C,9826,100,9826,1,0
C,F,C,7197,100,7197,1,0
C,G,C,1604,100,1604,1,0
C,H,C,9042,100,9042,1,0
A,D,D,9260,100,9260,1,0
B,D,D,5990,100,5990,1,0
C,D,D,8754,100,8754,1,0
D,E,D,9699,100,9699,1,0
D,F,D,6370,100,6370,1,0
D,G,D,9207,100,9207,1,0
D,H,D,1446,100,1446,1,0
A,E,E,1403,100,1403,1,0
B,E,E,4307,100,4307,1,0
C,E,E,9847,100,9847,1,0
D,E,E,9715,100,9715,1,0
E,F,E,3702,100,3702,1,0
E,G,E,9925,100,9925,1,0
E,H,E,9680,100,9680,1,0
A,F,F,3513,100,3513,1,0
B,F,F,1395,100,1395,1,0
C,F,F,7250,100,7250,1,0
D,F,F,6377,100,6377,1,0
E,F,F,3706,100,3706,1,0
F,G,F,7341,100,7341,1,0
F,H,F,6291,100,6291,1,0
A,G,G,9646,100,9646,1,0
B,G,G,7222,100,7222,1,0
C,G,G,1620,100,1620,1,0
D,G,G,9216,100,9216,1,0
E,G,G,9921,100,9921,1,0
F,G,G,7373,100,7373,1,0
G,H,G,9295,100,9295,1,0
A,H,H,9397,100,9397,1,0
B,H,H,6171,100,6171,1,0
C,H,H,9038,100,9038,1,0
D,H,H,1416,100,1416,1,0
E,H,H,9647,100,9647,1,0
F,H,H,6275,100,6275,1,0
G,H,H,9358,100,9358,1,0
A,B,A,3666,100,3666,1,0
A,C,A,9362,100,9362,1,0
A,D,A,9263,100,9263,1,0
A,E,A,1470,100,1470,1,0
A,F,A,3563,100,3563,1,0
A,G,A,9545,100,9545,1,0
A,H,A,9410,100,9410,1,0
A,B,B,3671,100,3671,1,0
B,C,B,6737,100,6737,1,0
B,D,B,5931,100,5931,1,0
B,E,B,4352,100,4352,1,0
B,F,B,1354,100,1354,1,0
B,G,B,7209,100,7209,1,0
B,H,B,6158,100,6158,1,0
A,C,C,9274,100,9274,1,0
B,C,C,6774,100,6774,1,0
C,D,C,8728,100,8728,1,0
C,E,C,9791,100,9791,1,0
C,F,C,7211,100,7211,1,0
C,G,C,1582,100,1582,1,0
C,H,C,9013,100,9013,1,0
A,D,D,9292,100,9292,1,0
B,D,D,5959,100,5959,1,0
C,D,D,8704,100,8704,1,0
D,E,D,9710,100,9710,1,0
D,F,D,6350,100,6350,1,0
D,G,D,9210,100,9210,1,0
D,H,D,1411,100,1411,1,0
A,E,E,1466,100,1466,1,0
B,E,E,4331,100,4331,1,0
C,E,E,9787,100,9787,1,0
D,E,E,9753,100,9753,1,0
E,F,E,3698,100,3698,1,0
E,G,E,9925,100,9925,1,0
E,H,E,9644,100,9644,1,0
A,F,F,3510,100,3510,1,0
B,F,F,1411,100,1411,1,0
C,F,F,7191,100,7191,1,0
D,F,F,6349,100,6349,1,0
E,F,F,3679,100,3679,1,0
F,G,F,7355,100,7355,1,0
F,H,F,6301,100,6301,1,0
A,G,G,9631,100,9631,1,0
B,G,G,7174,100,7174,1,0
C,G,G,1592,100,1592,1,0
D,G,G,9246,100,9246,1,0
E,G,G,9908,100,9908,1,0
F,G,G,7370,100,7370,1,0
G,H,G,9294,100,9294,1,0
A,H,H,9347,100,9347,1,0
B,H,H,6265,100,6265,1,0
C,H,H,9064,100,9064,1,0
D,H,H,1430,100,1430,1,0
E,H,H,9698,100,9698,1,0
F,H,H,6266,100,6266,1,0
G,H,H,9327,100,9327,1,0
A,B,A,3621,100,3621,1,0
A,C,A,9358,100,9358,1,0
A,D,A,9274,100,9274,1,0
A,E,A,1441,100,1441,1,0
A,F,A,3550,100,3550,1,0
A,G,A,9590,100,9590,1,0
A,H,A,9400,100,9400,1,0
A,B,B,3654,100,3654,1,0
B,C,B,6772,100,6772,1,0
B,D,B,5952,100,5952,1,0
B,E,B,4281,100,4281,1,0
B,F,B,1346,100,1346,1,0
B,G,B,7206,100,7206,1,0
B,H,B,6200,100,6200,1,0
A,C,C,9369,100,9369,1,0
B,C,C,6744,100,6744,1,0
C,D,C,8722,100,8722,1,0
C,E,C,9822,100,9822,1,0
C,F,C,7206,100,7206,1,0
C,G,C,1624,100,1624,1,0
C,H,C,9064,100,9064,1,0
A,D,D,9254,100,9254,1,0
B,D,D,5956,100,5956,1,0
C,D,D,8707,100,8707,1,0
D,E,D,9717,100,9717,1,0
D,F,D,6367,100,6367,1,0
D,G,D,9227,100,9227,1,0
D,H,D,1423,100,1423,1,0
A,E,E,1465,100,1465,1,0
B,E,E,4313,100,4313,1,0
C,E,E,9847,100,9847,1,0
D,E,E,9770,100,9770,1,0
E,F,E,3699,100,3699,1,0
E,G,E,9931,100,9931,1,0
E,H,E,9659,100,9659,1,0
A,F,F,3519,100,3519,1,0
B,F,F,1408,100,1408,1,0
C,F,F,7214,100,7214,1,0
D,F,F,6331,100,6331,1,0
E,F,F,3673,100,3673,1,0
F,G,F,7384,100,7384,1,0
F,H,F,6281,100,6281,1,0
A,G,G,9540,100,9540,1,0
B,G,G,7208,100,7208,1,0
C,G,G,1597,100,1597,1,0
D,G,G,9251,100,9251,1,0
E,G,G,9919,100,9919,1,0
F,G,G,7375,100,7375,1,0
G,H,G,9333,100,9333,1,0
A,H,H,9396,100,9396,1,0
B,H,H,6191,100,6191,1,0
C,H,H,9074,100,9074,1,0
D,H,H,1410,100,1410,1,0
E,H,H,9677,100,9677,1,0
F,H,H,6237,100,6237,1,0
G,H,H,9302,100,9302,1,0
A,B,A,3601,100,3601,1,0
A,C,A,9303,100,9303,1,0
A,D,A,9265,100,9265,1,0
A,E,A,1466,100,1466,1,0
A,F,A,3521,100,3521,1,0
A,G,A,9625,100,9625,1,0
A,H,A,9400,100,9400,1,0
A,B,B,3607,100,3607,1,0
B,C,B,6781,100,6781,1,0
B,D,B,5933,100,5933,1,0
B,E,B,4295,100,4295,1,0
B,F,B,1412,100,1412,1,0
B,G,B,7208,100,7208,1,0
B,H,B,6165,100,6165,1,0
A,C,C,9328,100,9328,1,0
B,C,C,6757,100,6757,1,0
C,D,C,8738,100,8738,1,0
C,E,C,9848,100,9848,1,0
C,F,C,7204,100,7204,1,0
C,G,C,1595,100,1595,1,0
C,H,C,9040,100,9040,1,0
A,D,D,9289,100,9289,1,0
B,D,D,5956,100,5956,1,0
C,D,D,8690,100,8690,1,0
D,E,D,9768,100,9768,1,0
D,F,D,6334,100,6334,1,0
D,G,D,9224,100,9224,1,0
D,H,D,1417,100,1417,1,0
A,E,E,1385,100,1385,1,0
B,E,E,4279,100,4279,1,0
C,E,E,9820,100,9820,1,0
D,E,E,9703,100,9703,1,0
E,F,E,3684,100,3684,1,0
E,G,E,9924,100,9924,1,0
E,H,E,9632,100,9632,1,0
A,F,F,3567,100,3567,1,0
B,F,F,1418,100,1418,1,0
C,F,F,7199,100,7199,1,0
D,F,F,6381,100,6381,1,0
E,F,F,3713,100,3713,1,0
F,G,F,7371,100,7371,1,0
F,H,F,6256,100,6256,1,0
A,G,G,9588,100,9588,1,0
B,G,G,7184,100,7184,1,0
C,G,G,1616,100,1616,1,0
D,G,G,9199,100,9199,1,0
E,G,G,9920,100,9920,1,0
F,G,G,7376,100,7376,1,0
G,H,G,9325,100,9325,1,0
A,H,H,9463,100,9463,1,0
B,H,H,6195,100,6195,1,0
C,H,H,9041,100,9041,1,0
D,H,H,1475,100,1475,1,0
E,H,H,9655,100,9655,1,0
F,H,H,6274,100,6274,1,0
G,H,H,9341,100,9341,1,0
A,B,A,3617,100,3617,1,0
A,C,A,9271,100,9271,1,0
A,D,A,9280,100,9280,1,0
A,E,A,1473,100,1473,1,0
A,F,A,3534,100,3534,1,0
A,G,A,9624,100,9624,1,0
A,H,A,9376,100,9376,1,0
A,B,B,3611,100,3611,1,0
B,C,B,6760,100,6760,1,0
B,D,B,5981,100,5981,1,0
B,E,B,4313,100,4313,1,0
B,F,B,1418,100,1418,1,0
B,G,B,7201,100,7201,1,0
B,H,B,6154,100,6154,1,0
A,C,C,9321,100,9321,1,0
B,C,C,6774,100,6774,1,0
C,D,C,8683,100,8683,1,0
C,E,C,9847,100,9847,1,0
C,F,C,7200,100,7200,1,0
C,G,C,1565,100,1565,1,0
C,H,C,9069,100,9069,1,0
A,D,D,9284,100,9284,1,0
B,D,D,5908,100,5908,1,0
C,D,D,8741,100,8741,1,0
D,E,D,9736,100,9736,1,0
D,F,D,6357,100,6357,1,0
D,G,D,9207,100,9207,1,0
D,H,D,1403,100,1403,1,0
A,E,E,1430,100,1430,1,0
B,E,E,4311,100,4311,1,0
C,E,E,9860,100,9860,1,0
D,E,E,9749,100,9749,1,0
E,F,E,3664,100,3664,1,0
E,G,E,9926,100,9926,1,0
E,H,E,9686,100,9686,1,0
A,F,F,3509,100,3509,1,0
B,F,F,1428,100,1428,1,0
C,F,F,7234,100,7234,1,0
D,F,F,6344,100,6344,1,0
E,F,F,3681,100,3681,1,0
F,G,F,7383,100,7383,1,0
F,H,F,6267,100,6267,1,0
A,G,G,9603,100,9603,1,0
B,G,G,7209,100,7209,1,0
C,G,G,1533,100,1533,1,0
D,G,G,9242,100,9242,1,0
E,G,G,9936,100,9936,1,0
F,G,G,7392,100,7392,1,0
G,H,G,9320,100,9320,1,0
A,H,H,9443,100,9443,1,0
B,H,H,6219,100,6219,1,0
C,H,H,9041,100,9041,1,0
D,H,H,1421,100,1421,1,0
E,H,H,9641,100,9641,1,0
F,H,H,6244,100,6244,1,0
G,H,H,9314,100,9314,1,0
A,B,A,3655,100,3655,1,0
A,C,A,9290,100,9290,1,0
A,D,A,9285,100,9285,1,0
A,E,A,1466,100,1466,1,0
A,F,A,3537,100,3537,1,0
A,G,A,9618,100,9618,1,0
A,H,A,9430,100,9430,1,0
A,B,B,3617,100,3617,1,0
B,C,B,6718,100,6718,1,0
B,D,B,5956,100,5956,1,0
B,E,B,4303,100,4303,1,0
B,F,B,1376,100,1376,1,0
B,G,B,7196,100,7196,1,0
B,H,B,6247,100,6247,1,0
A,C,C,9272,100,9272,1,0
B,C,C,6756,100,6756,1,0
C,D,C,8735,100,8735,1,0
C,E,C,9820,100,9820,1,0
C,F,C,7233,100,7233,1,0
C,G,C,1586,100,1586,1,0
C,H,C,9049,100,9049,1,0
A,D,D,9271,100,9271,1,0
B,D,D,5936,100,5936,1,0
C,D,D,8725,100,8725,1,0
D,E,D,9684,100,9684,1,0
D,F,D,6349,100,6349,1,0
D,G,D,9203,100,9203,1,0
D,H,D,1459,100,1459,1,0
A,E,E,1416,100,1416,1,0
B,E,E,4286,100,4286,1,0
C,E,E,9824,100,9824,1,0
D,E,E,9732,100,9732,1,0
E,F,E,3678,100,3678,1,0
E,G,E,9941,100,9941,1,0
E,H,E,9658,100,9658,1,0
A,F,F,3501,100,3501,1,0
B,F,F,1421,100,1421,1,0
C,F,F,7223,100,7223,1,0
D,F,F,6347,100,6347,1,0
E,F,F,3714,100,3714,1,0
F,G,F,7330,100,7330,1,0
F,H,F,6313,100,6313,1,0
A,G,G,9548,100,9548,1,0
B,G,G,7154,100,7154,1,0
C,G,G,1591,100,1591,1,0
D,G,G,9216,100,9216,1,0
E,G,G,9935,100,9935,1,0
F,G,G,7352,100,7352,1,0
G,H,G,9320,100,9320,1,0
A,H,H,9401,100,9401,1,0
B,H,H,6169,100,6169,1,0
C,H,H,9081,100,9081,1,0
D,H,H,1384,100,1384,1,0
E,H,H,9624,100,9624,1,0
F,H,H,6274,100,6274,1,0
G,H,H,9290,100,9290,1,0
A,B,A,3628,100,3628,1,0
A,C,A,9338,100,9338,1,0
A,D,A,9280,100,9280,1,0
A,E,A,1442,100,1442,1,0
A,F,A,3490,100,3490,1,0
A,G,A,9606,100,9606,1,0
A,H,A,9394,100,9394,1,0
A,B,B,3629,100,3629,1,0
B,C,B,6738,100,6738,1,0
B,D,B,6002,100,6002,1,0
B,E,B,4317,100,4317,1,0
B,F,B,1402,100,1402,1,0
B,G,B,7182,100,7182,1,0
B,H,B,6193,100,6193,1,0
A,C,C,9290,100,9290,1,0
B,C,C,6734,100,6734,1,0
C,D,C,8691,100,8691,1,0
C,E,C,9870,100,9870,1,0
C,F,C,7210,100,7210,1,0
C,G,C,1545,100,1545,1,0
C,H,C,9020,100,9020,1,0
A,D,D,9251,100,9251,1,0
B,D,D,5980,100,5980,1,0
C,D,D,8725,100,8725,1,0
D,E,D,9680,100,9680,1,0
D,F,D,6352,100,6352,1,0
D,G,D,9215,100,9215,1,0
D,H,D,1529,100,1529,1,0
A,E,E,1479,100,1479,1,0
B,E,E,4338,100,4338,1,0
C,E,E,9838,100,9838,1,0
D,E,E,9767,100,9767,1,0
E,F,E,3697,100,3697,1,0
E,G,E,9922,100,9922,1,0
E,H,E,9653,100,9653,1,0
A,F,F,3514,100,3514,1,0
B,F,F,1412,100,1412,1,0
C,F,F,7213,100,7213,1,0
D,F,F,6357,100,6357,1,0
E,F,F,3696,100,3696,1,0
F,G,F,7384,100,7384,1,0
F,H,F,6262,100,6262,1,0
A,G,G,9555,100,9555,1,0
B,G,G,7222,100,7222,1,0
C,G,G,1568,100,1568,1,0
D,G,G,9211,100,9211,1,0
E,G,G,9918,100,9918,1,0
F,G,G,7343,100,7343,1,0
G,H,G,9364,100,9364,1,0
A,H,H,9428,100,9428,1,0
B,H,H,6216,100,6216,1,0
C,H,H,9071,100,9071,1,0
D,H,H,1391,100,1391,1,0
E,H,H,9678,100,9678,1,0
F,H,H,6343,100,6343,1,0
G,H,H,9293,100,9293,1,0
A,B,A,3641,100,3641,1,0
A,C,A,9344,100,9344,1,0
A,D,A,9272,100,9272,1,0
A,E,A,1475,100,1475,1,0
A,F,A,3492,100,3492,1,0
A,G,A,9609,100,9609,1,0
A,H,A,9395,100,9395,1,0
A,B,B,3593,100,3593,1,0
B,C,B,6714,100,6714,1,0
B,D,B,5919,100,5919,1,0
B,E,B,4305,100,4305,1,0
B,F,B,1398,100,1398,1,0
B,G,B,7154,100,7154,1,0
B,H,B,6219,100,6219,1,0
A,C,C,9312,100,9312,1,0
B,C,C,6725,100,6725,1,0
C,D,C,8720,100,8720,1,0
C,E,C,9819,100,9819,1,0
C,F,C,7206,100,7206,1,0
C,G,C,1560,100,1560,1,0
C,H,C,9005,100,9005,1,0
A,D,D,9306,100,9306,1,0
B,D,D,5938,100,5938,1,0
C,D,D,8730,100,8730,1,0
D,E,D,9723,100,9723,1,0
D,F,D,6335,100,6335,1,0
D,G,D,9253,100,9253,1,0
D,H,D,1434,100,1434,1,0
A,E,E,1409,100,1409,1,0
B,E,E,4342,100,4342,1,0
C,E,E,9852,100,9852,1,0
D,E,E,9783,100,9783,1,0
E,F,E,3670,100,3670,1,0
E,G,E,9921,100,9921,1,0
E,H,E,9651,100,9651,1,0
A,F,F,3518,100,3518,1,0
B,F,F,1393,100,1393,1,0
C,F,F,7243,100,7243,1,0
D,F,F,6359,100,6359,1,0
E,F,F,3684,100,3684,1,0
F,G,F,7382,100,7382,1,0
F,H,F,6254,100,6254,1,0
A,G,G,9613,100,9613,1,0
B,G,G,7186,100,7186,1,0
C,G,G,1581,100,1581,1,0
D,G,G,9247,100,9247,1,0
E,G,G,9903,100,9903,1,0
F,G,G,7374,100,7374,1,0
G,H,G,9315,100,9315,1,0
A,H,H,9444,100,9444,1,0
B,H,H,6184,100,6184,1,0
C,H,H,9042,100,9042,1,0
D,H,H,1458,100,1458,1,0
E,H,H,9666,100,9666,1,0
F,H,H,6256,100,6256,1,0
G,H,H,9324,100,9324,1,0
A,B,A,3618,100,3618,1,0
A,C,A,9319,100,9319,1,0
A,D,A,9277,100,9277,1,0
A,E,A,1472,100,1472,1,0
A,F,A,3530,100,3530,1,0
A,G,A,9600,100,9600,1,0
A,H,A,9445,100,9445,1,0
A,B,B,3646,100,3646,1,0
B,C,B,6762,100,6762,1,0
B,D,B,5951,100,5951,1,0
B,E,B,4290,100,4290,1,0
B,F,B,1392,100,1392,1,0
B,G,B,7181,100,7181,1,0
B,H,B,6225,100,6225,1,0
A,C,C,9297,100,9297,1,0
B,C,C,6724,100,6724,1,0
C,D,C,8730,100,8730,1,0
C,E,C,9843,100,9843,1,0
C,F,C,7206,100,7206,1,0
C,G,C,1605,100,1605,1,0
C,H,C,9100,100,9100,1,0
A,D,D,9276,100,9276,1,0
B,D,D,5991,100,5991,1,0
C,D,D,8741,100,8741,1,0
D,E,D,9719,100,9719,1,0
D,F,D,6345,100,6345,1,0
D,G,D,9242,100,9242,1,0
D,H,D,1385,100,1385,1,0
A,E,E,1450,100,1450,1,0
B,E,E,4325,100,4325,1,0
C,E,E,9835,100,9835,1,0
D,E,E,9735,100,9735,1,0
E,F,E,3707,100,3707,1,0
E,G,E,9912,100,9912,1,0
E,H,E,9664,100,9664,1,0
A,F,F,3498,100,3498,1,0
B,F,F,1431,100,1431,1,0
C,F,F,7195,100,7195,1,0
D,F,F,6337,100,6337,1,0
E,F,F,3702,100,3702,1,0
F,G,F,7364,100,7364,1,0
F,H,F,6291,100,6291,1,0
A,G,G,9582,100,9582,1,0
B,G,G,7202,100,7202,1,0
C,G,G,1546,100,1546,1,0
D,G,G,9218,100,9218,1,0
E,G,G,9947,100,9947,1,0
F,G,G,7372,100,7372,1,0
G,H,G,9326,100,9326,1,0
A,H,H,9418,100,9418,1,0
B,H,H,6206,100,6206,1,0
C,H,H,9056,100,9056,1,0
D,H,H,1390,100,1390,1,0
E,H,H,9666,100,9666,1,0
F,H,H,6319,100,6319,1,0
G,H,H,9347,100,9347,1,0
A,B,A,3669,100,3669,1,0
A,C,A,9263,100,9263,1,0
A,D,A,9274,100,9274,1,0
A,E,A,1477,100,1477,1,0
A,F,A,3471,100,3471,1,0
A,G,A,9637,100,9637,1,0
A,H,A,9400,100,9400,1,0
A,B,B,3615,100,3615,1,0
B,C,B,6720,100,6720,1,0
B,D,B,5970,100,5970,1,0
B,E,B,4329,100,4329,1,0
B,F,B,1429,100,1429,1,0
B,G,B,7226,100,7226,1,0
B,H,B,6179,100,6179,1,0
A,C,C,9374,100,9374,1,0
B,C,C,6732,100,6732,1,0
C,D,C,8733,100,8733,1,0
C,E,C,9817,100,9817,1,0
C,F,C,7187,100,7187,1,0
C,G,C,1541,100,1541,1,0
C,H,C,9055,100,9055,1,0
A,D,D,9255,100,9255,1,0
B,D,D,5956,100,5956,1,0
C,D,D,8709,100,8709,1,0
D,E,D,9680,100,9680,1,0
D,F,D,6356,100,6356,1,0
D,G,D,9199,100,9199,1,0
D,H,D,1477,100,1477,1,0
A,E,E,1466,100,1466,1,0
B,E,E,4304,100,4304,1,0
C,E,E,9844,100,9844,1,0
D,E,E,9739,100,9739,1,0
E,F,E,3690,100,3690,1,0
E,G,E,9949,100,9949,1,0
E,H,E,9665,100,9665,1,0
A,F,F,3527,100,3527,1,0
B,F,F,1377,100,1377,1,0
C,F,F,7211,100,7211,1,0
D,F,F,6355,100,6355,1,0
E,F,F,3691,100,3691,1,0
F,G,F,7366,100,7366,1,0
F,H,F,6242,100,6242,1,0
A,G,G,9590,100,9590,1,0
B,G,G,7193,100,7193,1,0
C,G,G,1620,100,1620,1,0
D,G,G,9220,100,9220,1,0
E,G,G,9918,100,9918,1,0
F,G,G,7411,100,7411,1,0
G,H,G,9359,100,9359,1,0
A,H,H,9346,100,9346,1,0
B,H,H,6135,100,6135,1,0
C,H,H,9090,100,9090,1,0
D,H,H,1376,100,1376,1,0
E,H,H,9660,100,9660,1,0
F,H,H,6265,100,6265,1,0
G,H,H,9308,100,9308,1,0
A,B,A,3651,100,3651,1,0
A,C,A,9264,100,9264,1,0
A,D,A,9264,100,9264,1,0
A,E,A,1465,100,1465,1,0
A,F,A,3526,100,3526,1,0
A,G,A,9623,100,9623,1,0
A,H,A,9397,100,9397,1,0
A,B,B,3610,100,3610,1,0
B,C,B,6737,100,6737,1,0
B,D,B,5994,100,5994,1,0
B,E,B,4321,100,4321,1,0
B,F,B,1398,100,1398,1,0
B,G,B,7181,100,7181,1,0
B,H,B,6198,100,6198,1,0
A,C,C,9291,100,9291,1,0
B,C,C,6780,100,6780,1,0
C,D,C,8746,100,8746,1,0
C,E,C,9827,100,9827,1,0
C,F,C,7187,100,7187,1,0
C,G,C,1637,100,1637,1,0
C,H,C,9065,100,9065,1,0
A,D,D,9275,100,9275,1,0
B,D,D,5937,100,5937,1,0
C,D,D,8704,100,8704,1,0
D,E,D,9747,100,9747,1,0
D,F,D,6380,100,6380,1,0
D,G,D,9228,100,9228,1,0
D,H,D,1506,100,1506,1,0
A,E,E,1471,100,1471,1,0
B,E,E,4267,100,4267,1,0
C,E,E,9829,100,9829,1,0
D,E,E,9776,100,9776,1,0
E,F,E,3674,100,3674,1,0
E,G,E,9924,100,9924,1,0
E,H,E,9690,100,9690,1,0
A,F,F,3526,100,3526,1,0
B,F,F,1427,100,1427,1,0
C,F,F,7227,100,7227,1,0
D,F,F,6354,100,6354,1,0
E,F,F,3663,100,3663,1,0
F,G,F,7357,100,7357,1,0
F,H,F,6298,100,6298,1,0
A,G,G,9576,100,9576,1,0
B,G,G,7215,100,7215,1,0
C,G,G,1599,100,1599,1,0
D,G,G,9226,100,9226,1,0
E,G,G,9916,100,9916,1,0
F,G,G,7360,100,7360,1,0
G,H,G,9281,100,9281,1,0
A,H,H,9411,100,9411,1,0
B,H,H,6150,100,6150,1,0
C,H,H,9098,100,9098,1,0
D,H,H,1480,100,1480,1,0
E,H,H,9716,100,9716,1,0
F,H,H,6246,100,6246,1,0
G,H,H,9348,100,9348,1,0
A,B,A,3642,100,3642,1,0
A,C,A,9276,100,9276,1,0
A,D,A,9292,100,9292,1,0
A,E,A,1468,100,1468,1,0
A,F,A,3538,100,3538,1,0
A,G,A,9619,100,9619,1,0
A,H,A,9353,100,9353,1,0
A,B,B,3645,100,3645,1,0
B,C,B,6751,100,6751,1,0
B,D,B,5942,100,5942,1,0
B,E,B,4285,100,4285,1,0
B,F,B,1418,100,1418,1,0
B,G,B,7169,100,7169,1,0
B,H,B,6142,100,6142,1,0
A,C,C,9308,100,9308,1,0
B,C,C,6715,100,6715,1,0
C,D,C,8722,100,8722,1,0
C,E,C,9833,100,9833,1,0
C,F,C,7186,100,7186,1,0
C,G,C,1539,100,1539,1,0
C,H,C,9031,100,9031,1,0
A,D,D,9276,100,9276,1,0
B,D,D,5930,100,5930,1,0
C,D,D,8748,100,8748,1,0
D,E,D,9713,100,9713,1,0
D,F,D,6332,100,6332,1,0
D,G,D,9228,100,9228,1,0
D,H,D,1399,100,1399,1,0
A,E,E,1436,100,1436,1,0
B,E,E,4337,100,4337,1,0
C,E,E,9858,100,9858,1,0
D,E,E,9707,100,9707,1,0
E,F,E,3722,100,3722,1,0
E,G,E,9900,100,9900,1,0
E,H,E,9612,100,9612,1,0
A,F,F,3518,100,3518,1,0
B,F,F,1396,100,1396,1,0
C,F,F,7199,100,7199,1,0
D,F,F,6345,100,6345,1,0
E,F,F,3688,100,3688,1,0
F,G,F,7377,100,7377,1,0
F,H,F,6272,100,6272,1,0
A,G,G,9560,100,9560,1,0
B,G,G,7197,100,7197,1,0
C,G,G,1591,100,1591,1,0
D,G,G,9211,100,9211,1,0
E,G,G,9909,100,9909,1,0
F,G,G,7360,100,7360,1,0
G,H,G,9304,100,9304,1,0
A,H,H,9394,100,9394,1,0
B,H,H,6206,100,6206,1,0
C,H,H,9034,100,9034,1,0
D,H,H,1392,100,1392,1,0
E,H,H,9636,100,9636,1,0
F,H,H,6291,100,6291,1,0
G,H,H,9295,100,9295,1,0
A,B,A,3639,100,3639,1,0
A,C,A,9227,100,9227,1,0
A,D,A,9283,100,9283,1,0
A,E,A,1412,100,1412,1,0
A,F,A,3516,100,3516,1,0
A,G,A,9578,100,9578,1,0
A,H,A,9414,100,9414,1,0
A,B,B,3648,100,3648,1,0
B,C,B,6760,100,6760,1,0
B,D,B,5981,100,5981,1,0
B,E,B,4310,100,4310,1,0
B,F,B,1413,100,1413,1,0
B,G,B,7178,100,7178,1,0
B,H,B,6218,100,6218,1,0
A,C,C,9293,100,9293,1,0
B,C,C,6753,100,6753,1,0
C,D,C,8711,100,8711,1,0
C,E,C,9857,100,9857,1,0
C,F,C,7211,100,7211,1,0
C,G,C,1558,100,1558,1,0
C,H,C,9051,100,9051,1,0
A,D,D,9280,100,9280,1,0
B,D,D,5986,100,5986,1,0
C,D,D,8704,100,8704,1,0
D,E,D,9687,100,9687,1,0
D,F,D,6350,100,6350,1,0
D,G,D,9235,100,9235,1,0
D,H,D,1371,100,1371,1,0
A,E,E,1419,100,1419,1,0
B,E,E,4289,100,4289,1,0
C,E,E,9831,100,9831,1,0
D,E,E,9728,100,9728,1,0
E,F,E,3711,100,3711,1,0
E,G,E,9936,100,9936,1,0
E,H,E,9683,100,9683,1,0
A,F,F,3504,100,3504,1,0
B,F,F,1421,100,1421,1,0
C,F,F,7205,100,7205,1,0
D,F,F,6336,100,6336,1,0
E,F,F,3710,100,3710,1,0
F,G,F,7389,100,7389,1,0
F,H,F,6277,100,6277,1,0
A,G,G,9603,100,9603,1,0
B,G,G,7234,100,7234,1,0
C,G,G,1599,100,1599,1,0
D,G,G,9239,100,9239,1,0
E,G,G,9909,100,9909,1,0
F,G,G,7364,100,7364,1,0
G,H,G,9338,100,9338,1,0
A,H,H,9375,100,9375,1,0
B,H,H,6228,100,6228,1,0
C,H,H,9041,100,9041,1,0
D,H,H,1367,100,1367,1,0
E,H,H,9654,100,9654,1,0
F,H,H,6268,100,6268,1,0
G,H,H,9311,100,9311,1,0
A,B,A,3640,100,3640,1,0
A,C,A,9258,100,9258,1,0
A,D,A,9269,100,9269,1,0
A,E,A,1385,100,1385,1,0
A,F,A,3508,100,3508,1,0
A,G,A,9616,100,9616,1,0
A,H,A,9374,100,9374,1,0
A,B,B,3658,100,3658,1,0
B,C,B,6761,100,6761,1,0
B,D,B,5981,100,5981,1,0
B,E,B,4322,100,4322,1,0
B,F,B,1403,100,1403,1,0
B,G,B,7203,100,7203,1,0
B,H,B,6181,100,6181,1,0
A,C,C,9327,100,9327,1,0
B,C,C,6750,100,6750,1,0
C,D,C,8735,100,8735,1,0
C,E,C,9817,100,9817,1,0
C,F,C,7190,100,7190,1,0
C,G,C,1606,100,1606,1,0
C,H,C,9082,100,9082,1,0
A,D,D,9256,100,9256,1,0
B,D,D,5978,100,5978,1,0
C,D,D,8741,100,8741,1,0
D,E,D,9751,100,9751,1,0
D,F,D,6355,100,6355,1,0
D,G,D,9235,100,9235,1,0
D,H,D,1430,100,1430,1,0
A,E,E,1436,100,1436,1,0
B,E,E,4323,100,4323,1,0
C,E,E,9824,100,9824,1,0
D,E,E,9734,100,9734,1,0
E,F,E,3696,100,3696,1,0
E,G,E,9920,100,9920,1,0
E,H,E,9654,100,9654,1,0
A,F,F,3510,100,3510,1,0
B,F,F,1422,100,1422,1,0
C,F,F,7227,100,7227,1,0
D,F,F,6384,100,6384,1,0
E,F,F,3673,100,3673,1,0
F,G,F,7355,100,7355,1,0
F,H,F,6288,100,6288,1,0
A,G,G,9603,100,9603,1,0
B,G,G,7186,100,7186,1,0
C,G,G,1637,100,1637,1,0
D,G,G,9260,100,9260,1,0
E,G,G,9908,100,9908,1,0
F,G,G,7347,100,7347,1,0
G,H,G,9307,100,9307,1,0
A,H,H,9356,100,9356,1,0
B,H,H,6159,100,6159,1,0
C,H,H,9042,100,9042,1,0
D,H,H,1416,100,1416,1,0
E,H,H,9654,100,9654,1,0
F,H,H,6292,100,6292,1,0
G,H,H,9315,100,9315,1,0
A,B,A,3627,100,3627,1,0
A,C,A,9309,100,9309,1,0
A,D,A,9271,100,9271,1,0
A,E,A,1423,100,1423,1,0
A,F,A,3518,100,3518,1,0
A,G,A,9611,100,9611,1,0
A,H,A,9372,100,9372,1,0
A,B,B,3615,100,3615,1,0
B,C,B,6700,100,6700,1,0
B,D,B,5931,100,5931,1,0
B,E,B,4315,100,4315,1,0
B,F,B,1389,100,1389,1,0
B,G,B,7162,100,7162,1,0
B,H,B,6215,100,6215,1,0
A,C,C,9275,100,9275,1,0
B,C,C,6710,100,6710,1,0
C,D,C,8685,100,8685,1,0
C,E,C,9826,100,9826,1,0
C,F,C,7230,100,7230,1,0
C,G,C,1588,100,1588,1,0
C,H,C,9044,100,9044,1,0
A,D,D,9270,100,9270,1,0
B,D,D,5943,100,5943,1,0
C,D,D,8738,100,8738,1,0
D,E,D,9743,100,9743,1,0
D,F,D,6334,100,6334,1,0
D,G,D,9247,100,9247,1,0
D,H,D,1415,100,1415,1,0
A,E,E,1442,100,1442,1,0
B,E,E,4285,100,4285,1,0
C,E,E,9826,100,9826,1,0
D,E,E,9751,100,9751,1,0
E,F,E,3690,100,3690,1,0
E,G,E,9914,100,9914,1,0
E,H,E,9638,100,9638,1,0
A,F,F,3506,100,3506,1,0
B,F,F,1372,100,1372,1,0
C,F,F,7221,100,7221,1,0
D,F,F,6338,100,6338,1,0
E,F,F,3680,100,3680,1,0
F,G,F,7382,100,7382,1,0
F,H,F,6249,100,6249,1,0
A,G,G,9640,100,9640,1,0
B,G,G,7183,100,7183,1,0
C,G,G,1562,100,1562,1,0
D,G,G,9222,100,9222,1,0
E,G,G,9898,100,9898,1,0
F,G,G,7326,100,7326,1,0
G,H,G,9335,100,9335,1,0
A,H,H,9409,100,9409,1,0
B,H,H,6204,100,6204,1,0
C,H,H,9027,100,9027,1,0
D,H,H,1488,100,1488,1,0
E,H,H,9644,100,9644,1,0
F,H,H,6269,100,6269,1,0
G,H,H,9315,100,9315,1,0
A,B,A,3634,100,3634,1,0
A,C,A,9288,100,9288,1,0
A,D,A,9267,100,9267,1,0
A,E,A,1405,100,1405,1,0
A,F,A,3486,100,3486,1,0
A,G,A,9601,100,9601,1,0
A,H,A,9397,100,9397,1,0
A,B,B,3634,100,3634,1,0
B,C,B,6747,100,6747,1,0
B,D,B,5908,100,5908,1,0
B,E,B,4293,100,4293,1,0
B,F,B,1401,100,1401,1,0
B,G,B,7146,100,7146,1,0
B,H,B,6213,100,6213,1,0
A,C,C,9300,100,9300,1,0
B,C,C,6715,100,6715,1,0
C,D,C,8740,100,8740,1,0
C,E,C,9823,100,9823,1,0
C,F,C,7203,100,7203,1,0
C,G,C,1548,100,1548,1,0
C,H,C,9033,100,9033,1,0
A,D,D,9275,100,9275,1,0
B,D,D,5994,100,5994,1,0
C,D,D,8733,100,8733,1,0
D,E,D,9755,100,9755,1,0
D,F,D,6335,100,6335,1,0
D,G,D,9224,100,9224,1,0
D,H,D,1430,100,1430,1,0
A,E,E,1464,100,1464,1,0
B,E,E,4332,100,4332,1,0
C,E,E,9828,100,9828,1,0
D,E,E,9740,100,9740,1,0
E,F,E,3724,100,3724,1,0
E,G,E,9910,100,9910,1,0
E,H,E,9627,100,9627,1,0
A,F,F,3506,100,3506,1,0
B,F,F,1423,100,1423,1,0
C,F,F,7196,100,7196,1,0
D,F,F,6354,100,6354,1,0
E,F,F,3701,100,3701,1,0
F,G,F,7386,100,7386,1,0
F,H,F,6309,100,6309,1,0
A,G,G,9625,100,9625,1,0
B,G,G,7236,100,7236,1,0
C,G,G,1564,100,1564,1,0
D,G,G,9289,100,9289,1,0
E,G,G,9876,100,9876,1,0
F,G,G,7349,100,7349,1,0
G,H,G,9325,100,9325,1,0
A,H,H,9382,100,9382,1,0
B,H,H,6206,100,6206,1,0
C,H,H,9009,100,9009,1,0
D,H,H,1378,100,1378,1,0
E,H,H,9645,100,9645,1,0
F,H,H,6266,100,6266,1,0
G,H,H,9347,100,9347,1,0
A,B,A,3626,100,3626,1,0
A,C,A,9310,100,9310,1,0
A,D,A,9282,100,9282,1,0
A,E,A,1441,100,1441,1,0
A,F,A,3525,100,3525,1,0
A,G,A,9598,100,9598,1,0
A,H,A,9385,100,9385,1,0
A,B,B,3610,100,3610,1,0
B,C,B,6754,100,6754,1,0
B,D,B,6000,100,6000,1,0
B,E,B,4330,100,4330,1,0
B,F,B,1389,100,1389,1,0
B,G,B,7183,100,7183,1,0
B,H,B,6202,100,6202,1,0
A,C,C,9306,100,9306,1,0
B,C,C,6750,100,6750,1,0
C,D,C,8714,100,8714,1,0
C,E,C,9861,100,9861,1,0
C,F,C,7214,100,7214,1,0
C,G,C,1560,100,1560,1,0
C,H,C,9092,100,9092,1,0
A,D,D,9277,100,9277,1,0
B,D,D,5959,100,5959,1,0
C,D,D,8702,100,8702,1,0
D,E,D,9735,100,9735,1,0
D,F,D,6345,100,6345,1,0
D,G,D,9241,100,9241,1,0
D,H,D,1358,100,1358,1,0
A,E,E,1463,100,1463,1,0
B,E,E,4341,100,4341,1,0
C,E,E,9861,100,9861,1,0
D,E,E,9744,100,9744,1,0
E,F,E,3719,100,3719,1,0
E,G,E,9920,100,9920,1,0
E,H,E,9664,100,9664,1,0
A,F,F,3502,100,3502,1,0
B,F,F,1426,100,1426,1,0
C,F,F,7208,100,7208,1,0
D,F,F,6366,100,6366,1,0
E,F,F,3713,100,3713,1,0
F,G,F,7384,100,7384,1,0
F,H,F,6267,100,6267,1,0
A,G,G,9638,100,9638,1,0
B,G,G,7189,100,7189,1,0
C,G,G,1589,100,1589,1,0
D,G,G,9259,100,9259,1,0
E,G,G,9899,100,9899,1,0
F,G,G,7351,100,7351,1,0
G,H,G,9305,100,9305,1,0
A,H,H,9437,100,9437,1,0
B,H,H,6258,100,6258,1,0
C,H,H,9078,100,9078,1,0
D,H,H,1452,100,1452,1,0
E,H,H,9629,100,9629,1,0
F,H,H,6305,100,6305,1,0
G,H,H,9338,100,9338,1,0
A,B,A,3685,100,3685,1,0
A,C,A,9313,100,9313,1,0
A,D,A,9278,100,9278,1,0
A,E,A,1465,100,1465,1,0
A,F,A,3547,100,3547,1,0
A,G,A,9628,100,9628,1,0
A,H,A,9433,100,9433,1,0
A,B,B,3603,100,3603,1,0
B,C,B,6724,100,6724,1,0
B,D,B,5973,100,5973,1,0
B,E,B,4305,100,4305,1,0
B,F,B,1421,100,1421,1,0
B,G,B,7202,100,7202,1,0
B,H,B,6204,100,6204,1,0
A,C,C,9228,100,9228,1,0
B,C,C,6762,100,6762,1,0
C,D,C,8751,100,8751,1,0
C,E,C,9833,100,9833,1,0
C,F,C,7208,100,7208,1,0
C,G,C,1565,100,1565,1,0
C,H,C,9016,100,9016,1,0
A,D,D,9250,100,9250,1,0
B,D,D,5983,100,5983,1,0
C,D,D,8711,100,8711,1,0
D,E,D,9770,100,9770,1,0
D,F,D,6412,100,6412,1,0
D,G,D,9224,100,9224,1,0
D,H,D,1413,100,1413,1,0
A,E,E,1487,100,1487,1,0
B,E,E,4317,100,4317,1,0
C,E,E,9858,100,9858,1,0
D,E,E,9679,100,9679,1,0
E,F,E,3704,100,3704,1,0
E,G,E,9890,100,9890,1,0
E,H,E,9642,100,9642,1,0
A,F,F,3526,100,3526,1,0
B,F,F,1370,100,1370,1,0
C,F,F,7205,100,7205,1,0
D,F,F,6350,100,6350,1,0
E,F,F,3709,100,3709,1,0
F,G,F,7349,100,7349,1,0
F,H,F,6234,100,6234,1,0
A,G,G,9593,100,9593,1,0
B,G,G,7216,100,7216,1,0
C,G,G,1559,100,1559,1,0
D,G,G,9233,100,9233,1,0
E,G,G,9894,100,9894,1,0
F,G,G,7380,100,7380,1,0
G,H,G,9336,100,9336,1,0
A,H,H,9387,100,9387,1,0
B,H,H,6237,100,6237,1,0
C,H,H,9044,100,9044,1,0
D,H,H,1429,100,1429,1,0
E,H,H,9639,100,9639,1,0
F,H,H,6302,100,6302,1,0
G,H,H,9311,100,9311,1,0
A,B,A,3622,100,3622,1,0
A,C,A,9339,100,9339,1,0
A,D,A,9260,100,9260,1,0
A,E,A,1386,100,1386,1,0
A,F,A,3522,100,3522,1,0
A,G,A,9660,100,9660,1,0
A,H,A,9363,100,9363,1,0
A,B,B,3637,100,3637,1,0
B,C,B,6722,100,6722,1,0
B,D,B,5980,100,5980,1,0
B,E,B,4280,100,4280,1,0
B,F,B,1414,100,1414,1,0
B,G,B,7194,100,7194,1,0
B,H,B,6183,100,6183,1,0
A,C,C,9290,100,9290,1,0
B,C,C,6746,100,6746,1,0
C,D,C,8726,100,8726,1,0
C,E,C,9847,100,9847,1,0
C,F,C,7204,100,7204,1,0
C,G,C,1632,100,1632,1,0
C,H,C,9020,100,9020,1,0
A,D,D,9281,100,9281,1,0
B,D,D,5982,100,5982,1,0
C,D,D,8722,100,8722,1,0
D,E,D,9736,100,9736,1,0
D,F,D,6320,100,6320,1,0
D,G,D,9216,100,9216,1,0
D,H,D,1370,100,1370,1,0
A,E,E,1452,100,1452,1,0
B,E,E,4294,100,4294,1,0
C,E,E,9854,100,9854,1,0
D,E,E,9710,100,9710,1,0
E,F,E,3659,100,3659,1,0
E,G,E,9928,100,9928,1,0
E,H,E,9665,100,9665,1,0
A,F,F,3523,100,3523,1,0
B,F,F,1441,100,1441,1,0
C,F,F,7189,100,7189,1,0
D,F,F,6343,100,6343,1,0
E,F,F,3706,100,3706,1,0
F,G,F,7391,100,7391,1,0
F,H,F,6300,100,6300,1,0
A,G,G,9590,100,9590,1,0
B,G,G,7170,100,7170,1,0
C,G,G,1594,100,1594,1,0
D,G,G,9233,100,9233,1,0
E,G,G,9906,100,9906,1,0
F,G,G,7399,100,7399,1,0
G,H,G,9344,100,9344,1,0
A,H,H,9394,100,9394,1,0
B,H,H,6206,100,6206,1,0
C,H,H,9063,100,9063,1,0
D,H,H,1414,100,1414,1,0
E,H,H,9659,100,9659,1,0
F,H,H,6294,100,6294,1,0
G,H,H,9320,100,9320,1,0
A,B,A,3614,100,3614,1,0
A,C,A,9332,100,9332,1,0
A,D,A,9295,100,9295,1,0
A,E,A,1428,100,1428,1,0
A,F,A,3521,100,3521,1,0
A,G,A,9580,100,9580,1,0
A,H,A,9404,100,9404,1,0
A,B,B,3668,100,3668,1,0
B,C,B,6763,100,6763,1,0
B,D,B,5924,100,5924,1,0
B,E,B,4293,100,4293,1,0
B,F,B,1420,100,1420,1,0
B,G,B,7216,100,7216,1,0
B,H,B,6156,100,6156,1,0
A,C,C,9265,100,9265,1,0
B,C,C,6738,100,6738,1,0
C,D,C,8734,100,8734,1,0
C,E,C,9829,100,9829,1,0
C,F,C,7190,100,7190,1,0
C,G,C,1547,100,1547,1,0
C,H,C,9058,100,9058,1,0
A,D,D,9293,100,9293,1,0
B,D,D,5975,100,5975,1,0
C,D,D,8713,100,8713,1,0
D,E,D,9743,100,9743,1,0
D,F,D,6354,100,6354,1,0
D,G,D,9242,100,9242,1,0
D,H,D,1452,100,1452,1,0
A,E,E,1439,100,1439,1,0
B,E,E,4302,100,4302,1,0
C,E,E,9816,100,9816,1,0
D,E,E,9763,100,9763,1,0
E,F,E,3687,100,3687,1,0
E,G,E,9947,100,9947,1,0
E,H,E,9658,100,9658,1,0
A,F,F,3518,100,3518,1,0
B,F,F,1444,100,1444,1,0
C,F,F,7207,100,7207,1,0
D,F,F,6324,100,6324,1,0
E,F,F,3686,100,3686,1,0
F,G,F,7379,100,7379,1,0
F,H,F,6315,100,6315,1,0
A,G,G,9613,100,9613,1,0
B,G,G,7188,100,7188,1,0
C,G,G,1571,100,1571,1,0
D,G,G,9222,100,9222,1,0
E,G,G,9913,100,9913,1,0
F,G,G,7375,100,7375,1,0
G,H,G,9341,100,9341,1,0
A,H,H,9394,100,9394,1,0
B,H,H,6190,100,6190,1,0
C,H,H,9059,100,9059,1,0
D,H,H,1419,100,1419,1,0
E,H,H,9653,100,9653,1,0
F,H,H,6276,100,6276,1,0
G,H,H,9291,100,9291,1,0
A,B,A,3617,100,3617,1,0
A,C,A,9324,100,9324,1,0
A,D,A,9290,100,9290,1,0
A,E,A,1442,100,1442,1,0
A,F,A,3537,100,3537,1,0
A,G,A,9585,100,9585,1,0
A,H,A,9440,100,9440,1,0
A,B,B,3671,100,3671,1,0
B,C,B,6718,100,6718,1,0
B,D,B,5946,100,5946,1,0
B,E,B,4319,100,4319,1,0
B,F,B,1381,100,1381,1,0
B,G,B,7215,100,7215,1,0
B,H,B,6178,100,6178,1,0
A,C,C,9292,100,9292,1,0
B,C,C,6754,100,6754,1,0
C,D,C,8715,100,8715,1,0
C,E,C,9810,100,9810,1,0
C,F,C,7188,100,7188,1,0
C,G,C,1587,100,1587,1,0
C,H,C,9071,100,9071,1,0
A,D,D,9284,100,9284,1,0
B,D,D,5973,100,5973,1,0
C,D,D,8690,100,8690,1,0
D,E,D,9719,100,9719,1,0
D,F,D,6326,100,6326,1,0
D,G,D,9244,100,9244,1,0
D,H,D,1355,100,1355,1,0
A,E,E,1405,100,1405,1,0
B,E,E,4342,100,4342,1,0
C,E,E,9822,100,9822,1,0
D,E,E,9703,100,9703,1,0
E,F,E,3737,100,3737,1,0
E,G,E,9933,100,9933,1,0
E,H,E,9669,100,9669,1,0
A,F,F,3530,100,3530,1,0
B,F,F,1412,100,1412,1,0
C,F,F,7228,100,7228,1,0
D,F,F,6353,100,6353,1,0
E,F,F,3669,100,3669,1,0
F,G,F,7358,100,7358,1,0
F,H,F,6322,100,6322,1,0
A,G,G,9628,100,9628,1,0
B,G,G,7193,100,7193,1,0
C,G,G,1541,100,1541,1,0
D,G,G,9226,100,9226,1,0
E,G,G,9927,100,9927,1,0
F,G,G,7386,100,7386,1,0
G,H,G,9325,100,9325,1,0
A,H,H,9388,100,9388,1,0
B,H,H,6184,100,6184,1,0
C,H,H,9025,100,9025,1,0
D,H,H,1465,100,1465,1,0
E,H,H,9669,100,9669,1,0
F,H,H,6282,100,6282,1,0
G,H,H,9318,100,9318,1,0
A,B,A,3658,100,3658,1,0
A,C,A,9274,100,9274,1,0
A,D,A,9285,100,9285,1,0
A,E,A,1435,100,1435,1,0
A,F,A,3526,100,3526,1,0
A,G,A,9611,100,9611,1,0
A,H,A,9362,100,9362,1,0
A,B,B,3651,100,3651,1,0
B,C,B,6761,100,6761,1,0
B,D,B,5957,100,5957,1,0
B,E,B,4315,100,4315,1,0
B,F,B,1421,100,1421,1,0
B,G,B,7208,100,7208,1,0
B,H,B,6220,100,6220,1,0
A,C,C,9260,100,9260,1,0
B,C,C,6760,100,6760,1,0
C,D,C,8746,100,8746,1,0
C,E,C,9838,100,9838,1,0
C,F,C,7204,100,7204,1,0
C,G,C,1541,100,1541,1,0
C,H,C,9055,100,9055,1,0
A,D,D,9252,100,9252,1,0
B,D,D,6004,100,6004,1,0
C,D,D,8728,100,8728,1,0
D,E,D,9749,100,9749,1,0
D,F,D,6333,100,6333,1,0
D,G,D,9247,100,9247,1,0
D,H,D,1427,100,1427,1,0
A,E,E,1520,100,1520,1,0
B,E,E,4260,100,4260,1,0
C,E,E,9872,100,9872,1,0
D,E,E,9745,100,9745,1,0
E,F,E,3690,100,3690,1,0
E,G,E,9918,100,9918,1,0
E,H,E,9653,100,9653,1,0
A,F,F,3500,100,3500,1,0
B,F,F,1413,100,1413,1,0
C,F,F,7215,100,7215,1,0
D,F,F,6345,100,6345,1,0
E,F,F,3702,100,3702,1,0
F,G,F,7375,100,7375,1,0
F,H,F,6257,100,6257,1,0
A,G,G,9630,100,9630,1,0
B,G,G,7214,100,7214,1,0
C,G,G,1559,100,1559,1,0
D,G,G,9255,100,9255,1,0
E,G,G,9923,100,9923,1,0
F,G,G,7350,100,7350,1,0
G,H,G,9278,100,9278,1,0
A,H,H,9403,100,9403,1,0
B,H,H,6223,100,6223,1,0
C,H,H,9008,100,9008,1,0
D,H,H,1402,100,1402,1,0
E,H,H,9631,100,9631,1,0
F,H,H,6275,100,6275,1,0
G,H,H,9341,100,9341,1,0
A,B,A,3682,100,3682,1,0
A,C,A,9311,100,9311,1,0
A,D,A,9251,100,9251,1,0
A,E,A,1460,100,1460,1,0
A,F,A,3489,100,3489,1,0
A,G,A,9590,100,9590,1,0
A,H,A,9360,100,9360,1,0
A,B,B,3634,100,3634,1,0
B,C,B,6733,100,6733,1,0
B,D,B,5975,100,5975,1,0
B,E,B,4294,100,4294,1,0
B,F,B,1410,100,1410,1,0
B,G,B,7191,100,7191,1,0
B,H,B,6257,100,6257,1,0
A,C,C,9265,100,9265,1,0
B,C,C,6762,100,6762,1,0
C,D,C,8749,100,8749,1,0
C,E,C,9836,100,9836,1,0
C,F,C,7217,100,7217,1,0
C,G,C,1595,100,1595,1,0
C,H,C,9072,100,9072,1,0
A,D,D,9315,100,9315,1,0
B,D,D,5932,100,5932,1,0
C,D,D,8707,100,8707,1,0
D,E,D,9713,100,9713,1,0
D,F,D,6340,100,6340,1,0
D,G,D,9254,100,9254,1,0
D,H,D,1388,100,1388,1,0
A,E,E,1421,100,1421,1,0
B,E,E,4296,100,4296,1,0
C,E,E,9876,100,9876,1,0
D,E,E,9728,100,9728,1,0
E,F,E,3695,100,3695,1,0
E,G,E,9903,100,9903,1,0
E,H,E,9679,100,9679,1,0
A,F,F,3476,100,3476,1,0
B,F,F,1409,100,1409,1,0
C,F,F,7226,100,7226,1,0
D,F,F,6366,100,6366,1,0
E,F,F,3694,100,3694,1,0
F,G,F,7373,100,7373,1,0
F,H,F,6295,100,6295,1,0
A,G,G,9625,100,9625,1,0
B,G,G,7204,100,7204,1,0
C,G,G,1602,100,1602,1,0
D,G,G,9232,100,9232,1,0
E,G,G,9900,100,9900,1,0
F,G,G,7379,100,7379,1,0
G,H,G,9304,100,9304,1,0
A,H,H,9381,100,9381,1,0
B,H,H,6178,100,6178,1,0
C,H,H,9022,100,9022,1,0
D,H,H,1426,100,1426,1,0
E,H,H,9687,100,9687,1,0
F,H,H,6317,100,6317,1,0
G,H,H,9330,100,9330,1,0
A,B,A,3651,100,3651,1,0
A,C,A,9352,100,9352,1,0
A,D,A,9264,100,9264,1,0
A,E,A,1472,100,1472,1,0
A,F,A,3506,100,3506,1,0
A,G,A,9630,100,9630,1,0
A,H,A,9430,100,9430,1,0
A,B,B,3620,100,3620,1,0
B,C,B,6738,100,6738,1,0
B,D,B,5921,100,5921,1,0
B,E,B,4307,100,4307,1,0
B,F,B,1440,100,1440,1,0
B,G,B,7210,100,7210,1,0
B,H,B,6194,100,6194,1,0
A,C,C,9306,100,9306,1,0
B,C,C,6737,100,6737,1,0
C,D,C,8747,100,8747,1,0
C,E,C,9807,100,9807,1,0
C,F,C,7225,100,7225,1,0
C,G,C,1616,100,1616,1,0
C,H,C,9052,100,9052,1,0
A,D,D,9268,100,9268,1,0
B,D,D,5986,100,5986,1,0
C,D,D,8762,100,8762,1,0
D,E,D,9745,100,9745,1,0
D,F,D,6384,100,6384,1,0
D,G,D,9228,100,9228,1,0
D,H,D,1413,100,1413,1,0
A,E,E,1447,100,1447,1,0
B,E,E,4348,100,4348,1,0
C,E,E,9809,100,9809,1,0
D,E,E,9733,100,9733,1,0
E,F,E,3711,100,3711,1,0
E,G,E,9935,100,9935,1,0
E,H,E,9701,100,9701,1,0
A,F,F,3519,100,3519,1,0
B,F,F,1367,100,1367,1,0
C,F,F,7207,100,7207,1,0
D,F,F,6342,100,6342,1,0
E,F,F,3701,100,3701,1,0
F,G,F,7364,100,7364,1,0
F,H,F,6295,100,6295,1,0
A,G,G,9563,100,9563,1,0
B,G,G,7236,100,7236,1,0
C,G,G,1619,100,1619,1,0
D,G,G,9233,100,9233,1,0
E,G,G,9915,100,9915,1,0
F,G,G,7346,100,7346,1,0
G,H,G,9339,100,9339,1,0
A,H,H,9388,100,9388,1,0
B,H,H,6164,100,6164,1,0
C,H,H,8996,100,8996,1,0
D,H,H,1361,100,1361,1,0
E,H,H,9705,100,9705,1,0
F,H,H,6269,100,6269,1,0
G,H,H,9332,100,9332,1,0
A,B,A,3632,100,3632,1,0
A,C,A,9291,100,9291,1,0
A,D,A,9274,100,9274,1,0
A,E,A,1440,100,1440,1,0
A,F,A,3516,100,3516,1,0
A,G,A,9583,100,9583,1,0
A,H,A,9437,100,9437,1,0
A,B,B,3629,100,3629,1,0
B,C,B,6758,100,6758,1,0
B,D,B,5925,100,5925,1,0
B,E,B,4330,100,4330,1,0
B,F,B,1405,100,1405,1,0
B,G,B,7168,100,7168,1,0
B,H,B,6187,100,6187,1,0
A,C,C,9307,100,9307,1,0
B,C,C,6739,100,6739,1,0
C,D,C,8699,100,8699,1,0
C,E,C,9819,100,9819,1,0
C,F,C,7235,100,7235,1,0
C,G,C,1590,100,1590,1,0
C,H,C,9041,100,9041,1,0
A,D,D,9266,100,9266,1,0
B,D,D,5994,100,5994,1,0
C,D,D,8759,100,8759,1,0
D,E,D,9752,100,9752,1,0
D,F,D,6342,100,6342,1,0
D,G,D,9214,100,9214,1,0
D,H,D,1431,100,1431,1,0
A,E,E,1441,100,1441,1,0
B,E,E,4312,100,4312,1,0
C,E,E,9829,100,9829,1,0
D,E,E,9706,100,9706,1,0
E,F,E,3685,100,3685,1,0
E,G,E,9927,100,9927,1,0
E,H,E,9680,100,9680,1,0
A,F,F,3500,100,3500,1,0
B,F,F,1376,100,1376,1,0
C,F,F,7228,100,7228,1,0
D,F,F,6349,100,6349,1,0
E,F,F,3696,100,3696,1,0
F,G,F,7372,100,7372,1,0
F,H,F,6311,100,6311,1,0
A,G,G,9624,100,9624,1,0
B,G,G,7234,100,7234,1,0
C,G,G,1596,100,1596,1,0
D,G,G,9254,100,9254,1,0
E,G,G,9882,100,9882,1,0
F,G,G,7347,100,7347,1,0
G,H,G,9338,100,9338,1,0
A,H,H,9399,100,9399,1,0
B,H,H,6174,100,6174,1,0
C,H,H,9078,100,9078,1,0
D,H,H,1375,100,1375,1,0
E,H,H,9655,100,9655,1,0
F,H,H,6328,100,6328,1,0
G,H,H,9305,100,9305,1,0
A,B,A,3658,100,3658,1,0
A,C,A,9304,100,9304,1,0
A,D,A,9264,100,9264,1,0
A,E,A,1438,100,1438,1,0
A,F,A,3516,100,3516,1,0
A,G,A,9654,100,9654,1,0
A,H,A,9347,100,9347,1,0
A,B,B,3653,100,3653,1,0
B,C,B,6728,100,6728,1,0
B,D,B,5980,100,5980,1,0
B,E,B,4301,100,4301,1,0
B,F,B,1395,100,1395,1,0
B,G,B,7196,100,7196,1,0
B,H,B,6177,100,6177,1,0
A,C,C,9281,100,9281,1,0
B,C,C,6745,100,6745,1,0
C,D,C,8676,100,8676,1,0
C,E,C,9797,100,9797,1,0
C,F,C,7213,100,7213,1,0
C,G,C,1583,100,1583,1,0
C,H,C,9037,100,9037,1,0
A,D,D,9275,100,9275,1,0
B,D,D,5997,100,5997,1,0
C,D,D,8730,100,8730,1,0
D,E,D,9769,100,9769,1,0
D,F,D,6354,100,6354,1,0
D,G,D,9244,100,9244,1,0
D,H,D,1394,100,1394,1,0
A,E,E,1441,100,1441,1,0
B,E,E,4313,100,4313,1,0
C,E,E,9838,100,9838,1,0
D,E,E,9765,100,9765,1,0
E,F,E,3660,100,3660,1,0
E,G,E,9918,100,9918,1,0
E,H,E,9624,100,9624,1,0
A,F,F,3489,100,3489,1,0
B,F,F,1416,100,1416,1,0
C,F,F,7240,100,7240,1,0
D,F,F,6336,100,6336,1,0
E,F,F,3724,100,3724,1,0
F,G,F,7377,100,7377,1,0
F,H,F,6234,100,6234,1,0
A,G,G,9611,100,9611,1,0
B,G,G,7170,100,7170,1,0
C,G,G,1578,100,1578,1,0
D,G,G,9237,100,9237,1,0
E,G,G,9952,100,9952,1,0
F,G,G,7381,100,7381,1,0
G,H,G,9315,100,9315,1,0
A,H,H,9418,100,9418,1,0
B,H,H,6228,100,6228,1,0
C,H,H,9033,100,9033,1,0
D,H,H,1414,100,1414,1,0
E,H,H,9644,100,9644,1,0
F,H,H,6278,100,6278,1,0
G,H,H,9361,100,9361,1,0
A,B,A,3605,100,3605,1,0
A,C,A,9264,100,9264,1,0
A,D,A,9255,100,9255,1,0
A,E,A,1421,100,1421,1,0
A,F,A,3488,100,3488,1,0
A,G,A,9610,100,9610,1,0
A,H,A,9404,100,9404,1,0
A,B,B,3645,100,3645,1,0
B,C,B,6730,100,6730,1,0
B,D,B,5918,100,5918,1,0
B,E,B,4302,100,4302,1,0
B,F,B,1412,100,1412,1,0
B,G,B,7182,100,7182,1,0
B,H,B,6219,100,6219,1,0
A,C,C,9257,100,9257,1,0
B,C,C,6769,100,6769,1,0
C,D,C,8735,100,8735,1,0
C,E,C,9813,100,9813,1,0
C,F,C,7201,100,7201,1,0
C,G,C,1559,100,1559,1,0
C,H,C,9062,100,9062,1,0
A,D,D,9233,100,9233,1,0
B,D,D,5904,100,5904,1,0
C,D,D,8720,100,8720,1,0
D,E,D,9713,100,9713,1,0
D,F,D,6369,100,6369,1,0
D,G,D,9208,100,9208,1,0
D,H,D,1432,100,1432,1,0
A,E,E,1451,100,1451,1,0
B,E,E,4296,100,4296,1,0
C,E,E,9841,100,9841,1,0
D,E,E,9743,100,9743,1,0
E,F,E,3687,100,3687,1,0
E,G,E,9908,100,9908,1,0
E,H,E,9663,100,9663,1,0
A,F,F,3545,100,3545,1,0
B,F,F,1413,100,1413,1,0
C,F,F,7192,100,7192,1,0
D,F,F,6390,100,6390,1,0
E,F,F,3716,100,3716,1,0
F,G,F,7373,100,7373,1,0
F,H,F,6288,100,6288,1,0
A,G,G,9620,100,9620,1,0
B,G,G,7182,100,7182,1,0
C,G,G,1535,100,1535,1,0
D,G,G,9246,100,9246,1,0
E,G,G,9932,100,9932,1,0
F,G,G,7392,100,7392,1,0
G,H,G,9298,100,9298,1,0
A,H,H,9409,100,9409,1,0
B,H,H,6183,100,6183,1,0
C,H,H,9029,100,9029,1,0
D,H,H,1475,100,1475,1,0
E,H,H,9666,100,9666,1,0
F,H,H,6259,100,6259,1,0
G,H,H,9319,100,9319,1,0
A,B,A,3652,100,3652,1,0
A,C,A,9312,100,9312,1,0
A,D,A,9286,100,9286,1,0
A,E,A,1393,100,1393,1,0
A,F,A,3508,100,3508,1,0
A,G,A,9625,100,9625,1,0
A,H,A,9399,100,9399,1,0
A,B,B,3593,100,3593,1,0
B,C,B,6761,100,6761,1,0
B,D,B,5990,100,5990,1,0
B,E,B,4319,100,4319,1,0
B,F,B,1414,100,1414,1,0
B,G,B,7177,100,7177,1,0
B,H,B,6213,100,6213,1,0
A,C,C,9282,100,9282,1,0
B,C,C,6756,100,6756,1,0
C,D,C,8766,100,8766,1,0
C,E,C,9819,100,9819,1,0
C,F,C,7210,100,7210,1,0
C,G,C,1607,100,1607,1,0
C,H,C,9083,100,9083,1,0
A,D,D,9281,100,9281,1,0
B,D,D,5969,100,5969,1,0
C,D,D,8725,100,8725,1,0
D,E,D,9766,100,9766,1,0
D,F,D,6350,100,6350,1,0
D,G,D,9186,100,9186,1,0
D,H,D,1401,100,1401,1,0
A,E,E,1434,100,1434,1,0
B,E,E,4269,100,4269,1,0
C,E,E,9835,100,9835,1,0
D,E,E,9695,100,9695,1,0
E,F,E,3681,100,3681,1,0
E,G,E,9899,100,9899,1,0
E,H,E,9674,100,9674,1,0
A,F,F,3511,100,3511,1,0
B,F,F,1379,100,1379,1,0
C,F,F,7208,100,7208,1,0
D,F,F,6361,100,6361,1,0
E,F,F,3725,100,3725,1,0
F,G,F,7331,100,7331,1,0
F,H,F,6285,100,6285,1,0
A,G,G,9629,100,9629,1,0
B,G,G,7202,100,7202,1,0
C,G,G,1592,100,1592,1,0
D,G,G,9234,100,9234,1,0
E,G,G,9924,100,9924,1,0
F,G,G,7356,100,7356,1,0
G,H,G,9359,100,9359,1,0
A,H,H,9371,100,9371,1,0
B,H,H,6222,100,6222,1,0
C,H,H,9058,100,9058,1,0
D,H,H,1472,100,1472,1,0
E,H,H,9658,100,9658,1,0
F,H,H,6257,100,6257,1,0
G,H,H,9354,100,9354,1,0
A,B,A,3670,100,3670,1,0
A,C,A,9333,100,9333,1,0
A,D,A,9269,100,9269,1,0
A,E,A,1417,100,1417,1,0
A,F,A,3471,100,3471,1,0
A,G,A,9596,100,9596,1,0
A,H,A,9418,100,9418,1,0
A,B,B,3651,100,3651,1,0
B,C,B,6745,100,6745,1,0
B,D,B,5959,100,5959,1,0
B,E,B,4286,100,4286,1,0
B,F,B,1421,100,1421,1,0
B,G,B,7214,100,7214,1,0
B,H,B,6213,100,6213,1,0
A,C,C,9308,100,9308,1,0
B,C,C,6736,100,6736,1,0
C,D,C,8727,100,8727,1,0
C,E,C,9827,100,9827,1,0
C,F,C,7213,100,7213,1,0
C,G,C,1575,100,1575,1,0
C,H,C,9075,100,9075,1,0
A,D,D,9281,100,9281,1,0
B,D,D,5972,100,5972,1,0
C,D,D,8747,100,8747,1,0
D,E,D,9749,100,9749,1,0
D,F,D,6355,100,6355,1,0
D,G,D,9237,100,9237,1,0
D,H,D,1403,100,1403,1,0
A,E,E,1521,100,1521,1,0
B,E,E,4325,100,4325,1,0
C,E,E,9874,100,9874,1,0
D,E,E,9701,100,9701,1,0
E,F,E,3690,100,3690,1,0
E,G,E,9959,100,9959,1,0
E,H,E,9651,100,9651,1,0
A,F,F,3513,100,3513,1,0
B,F,F,1383,100,1383,1,0
C,F,F,7216,100,7216,1,0
D,F,F,6345,100,6345,1,0
E,F,F,3712,100,3712,1,0
F,G,F,7373,100,7373,1,0
F,H,F,6263,100,6263,1,0
A,G,G,9622,100,9622,1,0
B,G,G,7139,100,7139,1,0
C,G,G,1550,100,1550,1,0
D,G,G,9228,100,9228,1,0
E,G,G,9929,100,9929,1,0
F,G,G,7354,100,7354,1,0
G,H,G,9322,100,9322,1,0
A,H,H,9391,100,9391,1,0
B,H,H,6161,100,6161,1,0
C,H,H,9036,100,9036,1,0
D,H,H,1455,100,1455,1,0
E,H,H,9623,100,9623,1,0
F,H,H,6267,100,6267,1,0
G,H,H,9333,100,9333,1,0
A,B,A,3647,100,3647,1,0
A,C,A,9289,100,9289,1,0
A,D,A,9275,100,9275,1,0
A,E,A,1405,100,1405,1,0
A,F,A,3549,100,3549,1,0
A,G,A,9610,100,9610,1,0
A,H,A,9411,100,9411,1,0
A,B,B,3663,100,3663,1,0
B,C,B,6767,100,6767,1,0
B,D,B,5914,100,5914,1,0
B,E,B,4308,100,4308,1,0
B,F,B,1414,100,1414,1,0
B,G,B,7171,100,7171,1,0
B,H,B,6222,100,6222,1,0
A,C,C,9243,100,9243,1,0
B,C,C,6725,100,6725,1,0
C,D,C,8780,100,8780,1,0
C,E,C,9807,100,9807,1,0
C,F,C,7197,100,7197,1,0
C,G,C,1553,100,1553,1,0
C,H,C,9043,100,9043,1,0
A,D,D,9287,100,9287,1,0
B,D,D,5950,100,5950,1,0
C,D,D,8696,100,8696,1,0
D,E,D,9699,100,9699,1,0
D,F,D,6314,100,6314,1,0
D,G,D,9252,100,9252,1,0
D,H,D,1419,100,1419,1,0
A,E,E,1471,100,1471,1,0
B,E,E,4324,100,4324,1,0
C,E,E,9782,100,9782,1,0
D,E,E,9689,100,9689,1,0
E,F,E,3679,100,3679,1,0
E,G,E,9895,100,9895,1,0
E,H,E,9654,100,9654,1,0
A,F,F,3547,100,3547,1,0
B,F,F,1406,100,1406,1,0
C,F,F,7209,100,7209,1,0
D,F,F,6352,100,6352,1,0
E,F,F,3744,100,3744,1,0
F,G,F,7351,100,7351,1,0
F,H,F,6297,100,6297,1,0
A,G,G,9569,100,9569,1,0
B,G,G,7161,100,7161,1,0
C,G,G,1573,100,1573,1,0
D,G,G,9235,100,9235,1,0
E,G,G,9887,100,9887,1,0
F,G,G,7382,100,7382,1,0
G,H,G,9303,100,9303,1,0
A,H,H,9422,100,9422,1,0
B,H,H,6212,100,6212,1,0
C,H,H,9075,100,9075,1,0
D,H,H,1422,100,1422,1,0
E,H,H,9644,100,9644,1,0
F,H,H,6268,100,6268,1,0
G,H,H,9354,100,9354,1,0
A,B,A,3628,100,3628,1,0
A,C,A,9258,100,9258,1,0
A,D,A,9274,100,9274,1,0
A,E,A,1407,100,1407,1,0
A,F,A,3535,100,3535,1,0
A,G,A,9615,100,9615,1,0
A,H,A,9410,100,9410,1,0
A,B,B,3681,100,3681,1,0
B,C,B,6742,100,6742,1,0
B,D,B,5946,100,5946,1,0
B,E,B,4330,100,4330,1,0
B,F,B,1399,100,1399,1,0
B,G,B,7195,100,7195,1,0
B,H,B,6138,100,6138,1,0
A,C,C,9239,100,9239,1,0
B,C,C,6778,100,6778,1,0
C,D,C,8743,100,8743,1,0
C,E,C,9820,100,9820,1,0
C,F,C,7194,100,7194,1,0
C,G,C,1546,100,1546,1,0
C,H,C,9032,100,9032,1,0
A,D,D,9259,100,9259,1,0
B,D,D,5910,100,5910,1,0
C,D,D,8721,100,8721,1,0
D,E,D,9743,100,9743,1,0
D,F,D,6365,100,6365,1,0
D,G,D,9196,100,9196,1,0
D,H,D,1465,100,1465,1,0
A,E,E,1488,100,1488,1,0
B,E,E,4314,100,4314,1,0
C,E,E,9811,100,9811,1,0
D,E,E,9705,100,9705,1,0
E,F,E,3719,100,3719,1,0
E,G,E,9906,100,9906,1,0
E,H,E,9684,100,9684,1,0
A,F,F,3522,100,3522,1,0
B,F,F,1414,100,1414,1,0
C,F,F,7212,100,7212,1,0
D,F,F,6319,100,6319,1,0
E,F,F,3680,100,3680,1,0
F,G,F,7363,100,7363,1,0
F,H,F,6251,100,6251,1,0
A,G,G,9606,100,9606,1,0
B,G,G,7178,100,7178,1,0
C,G,G,1570,100,1570,1,0
D,G,G,9211,100,9211,1,0
E,G,G,9938,100,9938,1,0
F,G,G,7350,100,7350,1,0
G,H,G,9338,100,9338,1,0
A,H,H,9427,100,9427,1,0
B,H,H,6159,100,6159,1,0
C,H,H,9052,100,9052,1,0
D,H,H,1387,100,1387,1,0
E,H,H,9702,100,9702,1,0
F,H,H,6264,100,6264,1,0
G,H,H,9338,100,9338,1,0
A,B,A,3626,100,3626,1,0
A,C,A,9275,100,9275,1,0
A,D,A,9282,100,9282,1,0
A,E,A,1408,100,1408,1,0
A,F,A,3489,100,3489,1,0
A,G,A,9634,100,9634,1,0
A,H,A,9422,100,9422,1,0
A,B,B,3676,100,3676,1,0
B,C,B,6762,100,6762,1,0
B,D,B,5951,100,5951,1,0
B,E,B,4308,100,4308,1,0
B,F,B,1402,100,1402,1,0
B,G,B,7194,100,7194,1,0
B,H,B,6172,100,6172,1,0
A,C,C,9322,100,9322,1,0
B,C,C,6713,100,6713,1,0
C,D,C,8699,100,8699,1,0
C,E,C,9786,100,9786,1,0
C,F,C,7199,100,7199,1,0
C,G,C,1618,100,1618,1,0
C,H,C,9056,100,9056,1,0
A,D,D,9285,100,9285,1,0
B,D,D,5931,100,5931,1,0
C,D,D,8744,100,8744,1,0
D,E,D,9754,100,9754,1,0
D,F,D,6390,100,6390,1,0
D,G,D,9256,100,9256,1,0
D,H,D,1388,100,1388,1,0
A,E,E,1443,100,1443,1,0
B,E,E,4301,100,4301,1,0
C,E,E,9814,100,9814,1,0
D,E,E,9743,100,9743,1,0
E,F,E,3693,100,3693,1,0
E,G,E,9899,100,9899,1,0
E,H,E,9700,100,9700,1,0
A,F,F,3534,100,3534,1,0
B,F,F,1444,100,1444,1,0
C,F,F,7195,100,7195,1,0
D,F,F,6333,100,6333,1,0
E,F,F,3693,100,3693,1,0
F,G,F,7353,100,7353,1,0
F,H,F,6212,100,6212,1,0
A,G,G,9633,100,9633,1,0
B,G,G,7194,100,7194,1,0
C,G,G,1590,100,1590,1,0
D,G,G,9259,100,9259,1,0
E,G,G,9901,100,9901,1,0
F,G,G,7408,100,7408,1,0
G,H,G,9326,100,9326,1,0
A,H,H,9383,100,9383,1,0
B,H,H,6147,100,6147,1,0
C,H,H,9065,100,9065,1,0
D,H,H,1420,100,1420,1,0
E,H,H,9635,100,9635,1,0
F,H,H,6280,100,6280,1,0
G,H,H,9306,100,9306,1,0
A,B,A,3648,100,3648,1,0
A,C,A,9318,100,9318,1,0
A,D,A,9279,100,9279,1,0
A,E,A,1411,100,1411,1,0
A,F,A,3526,100,3526,1,0
A,G,A,9654,100,9654,1,0
A,H,A,9418,100,9418,1,0
A,B,B,3679,100,3679,1,0
B,C,B,6725,100,6725,1,0
B,D,B,5984,100,5984,1,0
B,E,B,4301,100,4301,1,0
B,F,B,1403,100,1403,1,0
B,G,B,7212,100,7212,1,0
B,H,B,6235,100,6235,1,0
A,C,C,9311,100,9311,1,0
B,C,C,6728,100,6728,1,0
C,D,C,8716,100,8716,1,0
C,E,C,9805,100,9805,1,0
C,F,C,7218,100,7218,1,0
C,G,C,1558,100,1558,1,0
C,H,C,9037,100,9037,1,0
A,D,D,9265,100,9265,1,0
B,D,D,5932,100,5932,1,0
C,D,D,8751,100,8751,1,0
D,E,D,9705,100,9705,1,0
D,F,D,6326,100,6326,1,0
D,G,D,9236,100,9236,1,0
D,H,D,1445,100,1445,1,0
A,E,E,1447,100,1447,1,0
B,E,E,4309,100,4309,1,0
C,E,E,9837,100,9837,1,0
D,E,E,9780,100,9780,1,0
E,F,E,3700,100,3700,1,0
E,G,E,9890,100,9890,1,0
E,H,E,9647,100,9647,1,0
A,F,F,3502,100,3502,1,0
B,F,F,1418,100,1418,1,0
C,F,F,7240,100,7240,1,0
D,F,F,6354,100,6354,1,0
E,F,F,3712,100,3712,1,0
F,G,F,7348,100,7348,1,0
F,H,F,6309,100,6309,1,0
A,G,G,9591,100,9591,1,0
B,G,G,7208,100,7208,1,0
C,G,G,1562,100,1562,1,0
D,G,G,9238,100,9238,1,0
E,G,G,9911,100,9911,1,0
F,G,G,7380,100,7380,1,0
G,H,G,9364,100,9364,1,0
A,H,H,9380,100,9380,1,0
B,H,H,6196,100,6196,1,0
C,H,H,9021,100,9021,1,0
D,H,H,1433,100,1433,1,0
E,H,H,9638,100,9638,1,0
F,H,H,6305,100,6305,1,0
G,H,H,9288,100,9288,1,0
A,B,A,3627,100,3627,1,0
A,C,A,9277,100,9277,1,0
A,D,A,9236,100,9236,1,0
A,E,A,1421,100,1421,1,0
A,F,A,3553,100,3553,1,0
A,G,A,9576,100,9576,1,0
A,H,A,9439,100,9439,1,0
A,B,B,3618,100,3618,1,0
B,C,B,6764,100,6764,1,0
B,D,B,5939,100,5939,1,0
B,E,B,4357,100,4357,1,0
B,F,B,1409,100,1409,1,0
B,G,B,7190,100,7190,1,0
B,H,B,6239,100,6239,1,0
A,C,C,9341,100,9341,1,0
B,C,C,6767,100,6767,1,0
C,D,C,8747,100,8747,1,0
C,E,C,9851,100,9851,1,0
C,F,C,7195,100,7195,1,0
C,G,C,1541,100,1541,1,0
C,H,C,9062,100,9062,1,0
A,D,D,9238,100,9238,1,0
B,D,D,5975,100,5975,1,0
C,D,D,8727,100,8727,1,0
D,E,D,9733,100,9733,1,0
D,F,D,6352,100,6352,1,0
D,G,D,9247,100,9247,1,0
D,H,D,1469,100,1469,1,0
A,E,E,1447,100,1447,1,0
B,E,E,4291,100,4291,1,0
C,E,E,9825,100,9825,1,0
D,E,E,9678,100,9678,1,0
E,F,E,3670,100,3670,1,0
E,G,E,9915,100,9915,1,0
E,H,E,9647,100,9647,1,0
A,F,F,3489,100,3489,1,0
B,F,F,1404,100,1404,1,0
C,F,F,7197,100,7197,1,0
D,F,F,6344,100,6344,1,0
E,F,F,3726,100,3726,1,0
F,G,F,7371,100,7371,1,0
F,H,F,6260,100,6260,1,0
A,G,G,9636,100,9636,1,0
B,G,G,7180,100,7180,1,0
C,G,G,1558,100,1558,1,0
D,G,G,9232,100,9232,1,0
E,G,G,9907,100,9907,1,0
F,G,G,7342,100,7342,1,0
G,H,G,9346,100,9346,1,0
A,H,H,9393,100,9393,1,0
B,H,H,6254,100,6254,1,0
C,H,H,9088,100,9088,1,0
D,H,H,1420,100,1420,1,0
E,H,H,9697,100,9697,1,0
F,H,H,6275,100,6275,1,0
G,H,H,9310,100,9310,1,0
A,B,A,3635,100,3635,1,0
A,C,A,9326,100,9326,1,0
A,D,A,9269,100,9269,1,0
A,E,A,1448,100,1448,1,0
A,F,A,3493,100,3493,1,0
A,G,A,9537,100,9537,1,0
A,H,A,9373,100,9373,1,0
A,B,B,3644,100,3644,1,0
B,C,B,6745,100,6745,1,0
B,D,B,5981,100,5981,1,0
B,E,B,4315,100,4315,1,0
B,F,B,1406,100,1406,1,0
B,G,B,7244,100,7244,1,0
B,H,B,6163,100,6163,1,0
A,C,C,9339,100,9339,1,0
B,C,C,6712,100,6712,1,0
C,D,C,8742,100,8742,1,0
C,E,C,9812,100,9812,1,0
C,F,C,7212,100,7212,1,0
C,G,C,1620,100,1620,1,0
C,H,C,9031,100,9031,1,0
A,D,D,9264,100,9264,1,0
B,D,D,5919,100,5919,1,0
C,D,D,8694,100,8694,1,0
D,E,D,9717,100,9717,1,0
D,F,D,6356,100,6356,1,0
D,G,D,9268,100,9268,1,0
D,H,D,1392,100,1392,1,0
A,E,E,1405,100,1405,1,0
B,E,E,4275,100,4275,1,0
C,E,E,9828,100,9828,1,0
D,E,E,9744,100,9744,1,0
E,F,E,3696,100,3696,1,0
E,G,E,9909,100,9909,1,0
E,H,E,9661,100,9661,1,0
A,F,F,3538,100,3538,1,0
B,F,F,1406,100,1406,1,0
C,F,F,7205,100,7205,1,0
D,F,F,6371,100,6371,1,0
E,F,F,3718,100,3718,1,0
F,G,F,7367,100,7367,1,0
F,H,F,6245,100,6245,1,0
A,G,G,9640,100,9640,1,0
B,G,G,7210,100,7210,1,0
C,G,G,1599,100,1599,1,0
D,G,G,9218,100,9218,1,0
E,G,G,9940,100,9940,1,0
F,G,G,7340,100,7340,1,0
G,H,G,9339,100,9339,1,0
A,H,H,9393,100,9393,1,0
B,H,H,6236,100,6236,1,0
C,H,H,9070,100,9070,1,0
D,H,H,1425,100,1425,1,0
E,H,H,9672,100,9672,1,0
F,H,H,6236,100,6236,1,0
G,H,H,9350,100,9350,1,0
A,B,A,3654,100,3654,1,0
A,C,A,9279,100,9279,1,0
A,D,A,9290,100,9290,1,0
A,E,A,1455,100,1455,1,0
A,F,A,3509,100,3509,1,0
A,G,A,9615,100,9615,1,0
A,H,A,9418,100,9418,1,0
A,B,B,3659,100,3659,1,0
B,C,B,6762,100,6762,1,0
B,D,B,5950,100,5950,1,0
B,E,B,4323,100,4323,1,0
B,F,B,1413,100,1413,1,0
B,G,B,7194,100,7194,1,0
B,H,B,6160,100,6160,1,0
A,C,C,9309,100,9309,1,0
B,C,C,6759,100,6759,1,0
C,D,C,8684,100,8684,1,0
C,E,C,9805,100,9805,1,0
C,F,C,7187,100,7187,1,0
C,G,C,1579,100,1579,1,0
C,H,C,9002,100,9002,1,0
A,D,D,9259,100,9259,1,0
B,D,D,5961,100,5961,1,0
C,D,D,8713,100,8713,1,0
D,E,D,9726,100,9726,1,0
D,F,D,6361,100,6361,1,0
D,G,D,9225,100,9225,1,0
D,H,D,1393,100,1393,1,0
A,E,E,1417,100,1417,1,0
B,E,E,4296,100,4296,1,0
C,E,E,9827,100,9827,1,0
D,E,E,9688,100,9688,1,0
E,F,E,3688,100,3688,1,0
E,G,E,9918,100,9918,1,0
E,H,E,9623,100,9623,1,0
A,F,F,3489,100,3489,1,0
B,F,F,1383,100,1383,1,0
C,F,F,7216,100,7216,1,0
D,F,F,6342,100,6342,1,0
E,F,F,3731,100,3731,1,0
F,G,F,7391,100,7391,1,0
F,H,F,6322,100,6322,1,0
A,G,G,9618,100,9618,1,0
B,G,G,7214,100,7214,1,0
C,G,G,1584,100,1584,1,0
D,G,G,9214,100,9214,1,0
E,G,G,9909,100,9909,1,0
F,G,G,7376,100,7376,1,0
G,H,G,9292,100,9292,1,0
A,H,H,9406,100,9406,1,0
B,H,H,6194,100,6194,1,0
C,H,H,9055,100,9055,1,0
D,H,H,1381,100,1381,1,0
E,H,H,9681,100,9681,1,0
F,H,H,6285,100,6285,1,0
G,H,H,9300,100,9300,1,0
A,B,A,3665,100,3665,1,0
A,C,A,9301,100,9301,1,0
A,D,A,9290,100,9290,1,0
A,E,A,1447,100,1447,1,0
A,F,A,3527,100,3527,1,0
A,G,A,9596,100,9596,1,0
A,H,A,9370,100,9370,1,0
A,B,B,3637,100,3637,1,0
B,C,B,6697,100,6697,1,0
B,D,B,5973,100,5973,1,0
B,E,B,4315,100,4315,1,0
B,F,B,1393,100,1393,1,0
B,G,B,7177,100,7177,1,0
B,H,B,6217,100,6217,1,0
A,C,C,9276,100,9276,1,0
B,C,C,6696,100,6696,1,0
C,D,C,8730,100,8730,1,0
C,E,C,9829,100,9829,1,0
C,F,C,7223,100,7223,1,0
C,G,C,1548,100,1548,1,0
C,H,C,9043,100,9043,1,0
A,D,D,9267,100,9267,1,0
B,D,D,5959,100,5959,1,0
C,D,D,8747,100,8747,1,0
D,E,D,9753,100,9753,1,0
D,F,D,6329,100,6329,1,0
D,G,D,9236,100,9236,1,0
D,H,D,1387,100,1387,1,0
A,E,E,1506,100,1506,1,0
B,E,E,4305,100,4305,1,0
C,E,E,9738,100,9738,1,0
D,E,E,9703,100,9703,1,0
E,F,E,3674,100,3674,1,0
E,G,E,9925,100,9925,1,0
E,H,E,9624,100,9624,1,0
A,F,F,3516,100,3516,1,0
B,F,F,1409,100,1409,1,0
C,F,F,7211,100,7211,1,0
D,F,F,6325,100,6325,1,0
E,F,F,3761,100,3761,1,0
F,G,F,7394,100,7394,1,0
F,H,F,6206,100,6206,1,0
A,G,G,9611,100,9611,1,0
B,G,G,7189,100,7189,1,0
C,G,G,1557,100,1557,1,0
D,G,G,9262,100,9262,1,0
E,G,G,9904,100,9904,1,0
F,G,G,7351,100,7351,1,0
G,H,G,9322,100,9322,1,0
A,H,H,9427,100,9427,1,0
B,H,H,6184,100,6184,1,0
C,H,H,9054,100,9054,1,0
D,H,H,1375,100,1375,1,0
E,H,H,9677,100,9677,1,0
F,H,H,6283,100,6283,1,0
G,H,H,9302,100,9302,1,0
A,B,A,3666,100,3666,1,0
A,C,A,9279,100,9279,1,0
A,D,A,9255,100,9255,1,0
A,E,A,1446,100,1446,1,0
A,F,A,3505,100,3505,1,0
A,G,A,9547,100,9547,1,0
A,H,A,9406,100,9406,1,0
A,B,B,3613,100,3613,1,0
B,C,B,6732,100,6732,1,0
B,D,B,5994,100,5994,1,0
B,E,B,4346,100,4346,1,0
B,F,B,1413,100,1413,1,0
B,G,B,7192,100,7192,1,0
B,H,B,6286,100,6286,1,0
A,C,C,9267,100,9267,1,0
B,C,C,6712,100,6712,1,0
C,D,C,8698,100,8698,1,0
C,E,C,9850,100,9850,1,0
C,F,C,7217,100,7217,1,0
C,G,C,1579,100,1579,1,0
C,H,C,9015,100,9015,1,0
A,D,D,9277,100,9277,1,0
B,D,D,5946,100,5946,1,0
C,D,D,8758,100,8758,1,0
D,E,D,9732,100,9732,1,0
D,F,D,6382,100,6382,1,0
D,G,D,9223,100,9223,1,0
D,H,D,1343,100,1343,1,0
A,E,E,1523,100,1523,1,0
B,E,E,4353,100,4353,1,0
C,E,E,9764,100,9764,1,0
D,E,E,9727,100,9727,1,0
E,F,E,3678,100,3678,1,0
E,G,E,9904,100,9904,1,0
E,H,E,9637,100,9637,1,0
A,F,F,3544,100,3544,1,0
B,F,F,1404,100,1404,1,0
C,F,F,7186,100,7186,1,0
D,F,F,6343,100,6343,1,0
E,F,F,3700,100,3700,1,0
F,G,F,7368,100,7368,1,0
F,H,F,6261,100,6261,1,0
A,G,G,9583,100,9583,1,0
B,G,G,7176,100,7176,1,0
C,G,G,1527,100,1527,1,0
D,G,G,9214,100,9214,1,0
E,G,G,9909,100,9909,1,0
F,G,G,7412,100,7412,1,0
G,H,G,9335,100,9335,1,0
A,H,H,9382,100,9382,1,0
B,H,H,6177,100,6177,1,0
C,H,H,9058,100,9058,1,0
D,H,H,1383,100,1383,1,0
E,H,H,9650,100,9650,1,0
F,H,H,6277,100,6277,1,0
G,H,H,9319,100,9319,1,0
A,B,A,3611,100,3611,1,0
A,C,A,9311,100,9311,1,0
A,D,A,9278,100,9278,1,0
A,E,A,1403,100,1403,1,0
A,F,A,3523,100,3523,1,0
A,G,A,9607,100,9607,1,0
A,H,A,9373,100,9373,1,0
A,B,B,3697,100,3697,1,0
B,C,B,6723,100,6723,1,0
B,D,B,6002,100,6002,1,0
B,E,B,4329,100,4329,1,0
B,F,B,1383,100,1383,1,0
B,G,B,7203,100,7203,1,0
B,H,B,6160,100,6160,1,0
A,C,C,9262,100,9262,1,0
B,C,C,6734,100,6734,1,0
C,D,C,8744,100,8744,1,0
C,E,C,9857,100,9857,1,0
C,F,C,7217,100,7217,1,0
C,G,C,1610,100,1610,1,0
C,H,C,9028,100,9028,1,0
A,D,D,9265,100,9265,1,0
B,D,D,5918,100,5918,1,0
C,D,D,8707,100,8707,1,0
D,E,D,9732,100,9732,1,0
D,F,D,6333,100,6333,1,0
D,G,D,9224,100,9224,1,0
D,H,D,1464,100,1464,1,0
A,E,E,1437,100,1437,1,0
B,E,E,4329,100,4329,1,0
C,E,E,9819,100,9819,1,0
D,E,E,9680,100,9680,1,0
E,F,E,3709,100,3709,1,0
E,G,E,9930,100,9930,1,0
E,H,E,9684,100,9684,1,0
A,F,F,3559,100,3559,1,0
B,F,F,1391,100,1391,1,0
C,F,F,7191,100,7191,1,0
D,F,F,6349,100,6349,1,0
E,F,F,3702,100,3702,1,0
F,G,F,7377,100,7377,1,0
F,H,F,6262,100,6262,1,0
A,G,G,9627,100,9627,1,0
B,G,G,7172,100,7172,1,0
C,G,G,1577,100,1577,1,0
D,G,G,9234,100,9234,1,0
E,G,G,9906,100,9906,1,0
F,G,G,7367,100,7367,1,0
G,H,G,9377,100,9377,1,0
A,H,H,9423,100,9423,1,0
B,H,H,6222,100,6222,1,0
C,H,H,9039,100,9039,1,0
D,H,H,1377,100,1377,1,0
E,H,H,9648,100,9648,1,0
F,H,H,6280,100,6280,1,0
G,H,H,9350,100,9350,1,0
A,B,A,3610,100,3610,1,0
A,C,A,9278,100,9278,1,0
A,D,A,9239,100,9239,1,0
A,E,A,1410,100,1410,1,0
A,F,A,3542,100,3542,1,0
A,G,A,9641,100,9641,1,0
A,H,A,9409,100,9409,1,0
A,B,B,3641,100,3641,1,0
B,C,B,6760,100,6760,1,0
B,D,B,5943,100,5943,1,0
B,E,B,4325,100,4325,1,0
B,F,B,1384,100,1384,1,0
B,G,B,7180,100,7180,1,0
B,H,B,6215,100,6215,1,0
A,C,C,9325,100,9325,1,0
B,C,C,6751,100,6751,1,0
C,D,C,8753,100,8753,1,0
C,E,C,9821,100,9821,1,0
C,F,C,7208,100,7208,1,0
C,G,C,1566,100,1566,1,0
C,H,C,9104,100,9104,1,0
A,D,D,9276,100,9276,1,0
B,D,D,5902,100,5902,1,0
C,D,D,8716,100,8716,1,0
D,E,D,9769,100,9769,1,0
D,F,D,6335,100,6335,1,0
D,G,D,9249,100,9249,1,0
D,H,D,1496,100,1496,1,0
A,E,E,1396,100,1396,1,0
B,E,E,4279,100,4279,1,0
C,E,E,9816,100,9816,1,0
D,E,E,9723,100,9723,1,0
E,F,E,3685,100,3685,1,0
E,G,E,9907,100,9907,1,0
E,H,E,9663,100,9663,1,0
A,F,F,3532,100,3532,1,0
B,F,F,1387,100,1387,1,0
C,F,F,7194,100,7194,1,0
D,F,F,6369,100,6369,1,0
E,F,F,3682,100,3682,1,0
F,G,F,7389,100,7389,1,0
F,H,F,6290,100,6290,1,0
A,G,G,9628,100,9628,1,0
B,G,G,7190,100,7190,1,0
C,G,G,1581,100,1581,1,0
D,G,G,9241,100,9241,1,0
E,G,G,9927,100,9927,1,0
F,G,G,7352,100,7352,1,0
G,H,G,9291,100,9291,1,0
A,H,H,9374,100,9374,1,0
B,H,H,6230,100,6230,1,0
C,H,H,9048,100,9048,1,0
D,H,H,1390,100,1390,1,0
E,H,H,9640,100,9640,1,0
F,H,H,6279,100,6279,1,0
G,H,H,9347,100,9347,1,0
A,B,A,3662,100,3662,1,0
A,C,A,9282,100,9282,1,0
A,D,A,9267,100,9267,1,0
A,E,A,1396,100,1396,1,0
A,F,A,3522,100,3522,1,0
A,G,A,9569,100,9569,1,0
A,H,A,9417,100,9417,1,0
A,B,B,3641,100,3641,1,0
B,C,B,6729,100,6729,1,0
B,D,B,5923,100,5923,1,0
B,E,B,4307,100,4307,1,0
B,F,B,1395,100,1395,1,0
B,G,B,7213,100,7213,1,0
B,H,B,6227,100,6227,1,0
A,C,C,9360,100,9360,1,0
B,C,C,6705,100,6705,1,0
C,D,C,8712,100,8712,1,0
C,E,C,9878,100,9878,1,0
C,F,C,7208,100,7208,1,0
C,G,C,1615,100,1615,1,0
C,H,C,9017,100,9017,1,0
A,D,D,9289,100,9289,1,0
B,D,D,5989,100,5989,1,0
C,D,D,8725,100,8725,1,0
D,E,D,9737,100,9737,1,0
D,F,D,6376,100,6376,1,0
D,G,D,9260,100,9260,1,0
D,H,D,1428,100,1428,1,0
A,E,E,1466,100,1466,1,0
B,E,E,4265,100,4265,1,0
C,E,E,9834,100,9834,1,0
D,E,E,9767,100,9767,1,0
E,F,E,3681,100,3681,1,0
E,G,E,9906,100,9906,1,0
E,H,E,9645,100,9645,1,0
A,F,F,3491,100,3491,1,0
B,F,F,1394,100,1394,1,0
C,F,F,7188,100,7188,1,0
D,F,F,6317,100,6317,1,0
E,F,F,3684,100,3684,1,0
F,G,F,7355,100,7355,1,0
F,H,F,6314,100,6314,1,0
A,G,G,9594,100,9594,1,0
B,G,G,7197,100,7197,1,0
C,G,G,1592,100,1592,1,0
D,G,G,9235,100,9235,1,0
E,G,G,9900,100,9900,1,0
F,G,G,7343,100,7343,1,0
G,H,G,9350,100,9350,1,0
A,H,H,9432,100,9432,1,0
B,H,H,6231,100,6231,1,0
C,H,H,9008,100,9008,1,0
D,H,H,1370,100,1370,1,0
E,H,H,9626,100,9626,1,0
F,H,H,6297,100,6297,1,0
G,H,H,9283,100,9283,1,0
A,B,A,3641,100,3641,1,0
A,C,A,9300,100,9300,1,0
A,D,A,9261,100,9261,1,0
A,E,A,1434,100,1434,1,0
A,F,A,3550,100,3550,1,0
A,G,A,9583,100,9583,1,0
A,H,A,9376,100,9376,1,0
A,B,B,3643,100,3643,1,0
B,C,B,6717,100,6717,1,0
B,D,B,5962,100,5962,1,0
B,E,B,4301,100,4301,1,0
B,F,B,1411,100,1411,1,0
B,G,B,7198,100,7198,1,0
B,H,B,6229,100,6229,1,0
A,C,C,9302,100,9302,1,0
B,C,C,6732,100,6732,1,0
C,D,C,8708,100,8708,1,0
C,E,C,9862,100,9862,1,0
C,F,C,7256,100,7256,1,0
C,G,C,1608,100,1608,1,0
C,H,C,9073,100,9073,1,0
A,D,D,9271,100,9271,1,0
B,D,D,6005,100,6005,1,0
C,D,D,8727,100,8727,1,0
D,E,D,9709,100,9709,1,0
D,F,D,6355,100,6355,1,0
D,G,D,9236,100,9236,1,0
D,H,D,1458,100,1458,1,0
A,E,E,1404,100,1404,1,0
B,E,E,4342,100,4342,1,0
C,E,E,9817,100,9817,1,0
D,E,E,9772,100,9772,1,0
E,F,E,3740,100,3740,1,0
E,G,E,9909,100,9909,1,0
E,H,E,9677,100,9677,1,0
A,F,F,3537,100,3537,1,0
B,F,F,1400,100,1400,1,0
C,F,F,7191,100,7191,1,0
D,F,F,6333,100,6333,1,0
E,F,F,3708,100,3708,1,0
F,G,F,7350,100,7350,1,0
F,H,F,6278,100,6278,1,0
A,G,G,9604,100,9604,1,0
B,G,G,7182,100,7182,1,0
C,G,G,1599,100,1599,1,0
D,G,G,9204,100,9204,1,0
E,G,G,9920,100,9920,1,0
F,G,G,7374,100,7374,1,0
G,H,G,9324,100,9324,1,0
A,H,H,9421,100,9421,1,0
B,H,H,6205,100,6205,1,0
C,H,H,9045,100,9045,1,0
D,H,H,1448,100,1448,1,0
E,H,H,9646,100,9646,1,0
F,H,H,6294,100,6294,1,0
G,H,H,9311,100,9311,1,0
A,B,A,3621,100,3621,1,0
A,C,A,9355,100,9355,1,0
A,D,A,9272,100,9272,1,0
A,E,A,1423,100,1423,1,0
A,F,A,3505,100,3505,1,0
A,G,A,9610,100,9610,1,0
A,H,A,9406,100,9406,1,0
A,B,B,3627,100,3627,1,0
B,C,B,6757,100,6757,1,0
B,D,B,5946,100,5946,1,0
B,E,B,4277,100,4277,1,0
B,F,B,1419,100,1419,1,0
B,G,B,7188,100,7188,1,0
B,H,B,6177,100,6177,1,0
A,C,C,9247,100,9247,1,0
B,C,C,6720,100,6720,1,0
C,D,C,8739,100,8739,1,0
C,E,C,9847,100,9847,1,0
C,F,C,7216,100,7216,1,0
C,G,C,1612,100,1612,1,0
C,H,C,9054,100,9054,1,0
A,D,D,9265,100,9265,1,0
B,D,D,5983,100,5983,1,0
C,D,D,8705,100,8705,1,0
D,E,D,9734,100,9734,1,0
D,F,D,6346,100,6346,1,0
D,G,D,9248,100,9248,1,0
D,H,D,1422,100,1422,1,0
A,E,E,1431,100,1431,1,0
B,E,E,4318,100,4318,1,0
C,E,E,9875,100,9875,1,0
D,E,E,9772,100,9772,1,0
E,F,E,3715,100,3715,1,0
E,G,E,9923,100,9923,1,0
E,H,E,9637,100,9637,1,0
A,F,F,3502,100,3502,1,0
B,F,F,1406,100,1406,1,0
C,F,F,7203,100,7203,1,0
D,F,F,6333,100,6333,1,0
E,F,F,3688,100,3688,1,0
F,G,F,7362,100,7362,1,0
F,H,F,6276,100,6276,1,0
A,G,G,9554,100,9554,1,0
B,G,G,7203,100,7203,1,0
C,G,G,1605,100,1605,1,0
D,G,G,9233,100,9233,1,0
E,G,G,9944,100,9944,1,0
F,G,G,7379,100,7379,1,0
G,H,G,9346,100,9346,1,0
A,H,H,9393,100,9393,1,0
B,H,H,6185,100,6185,1,0
C,H,H,9020,100,9020,1,0
D,H,H,1420,100,1420,1,0
E,H,H,9658,100,9658,1,0
F,H,H,6276,100,6276,1,0
G,H,H,9329,100,9329,1,0
A,B,A,3669,100,3669,1,0
A,C,A,9337,100,9337,1,0
A,D,A,9273,100,9273,1,0
A,E,A,1416,100,1416,1,0
A,F,A,3519,100,3519,1,0
A,G,A,9579,100,9579,1,0
A,H,A,9356,100,9356,1,0
A,B,B,3648,100,3648,1,0
B,C,B,6735,100,6735,1,0
B,D,B,5967,100,5967,1,0
B,E,B,4292,100,4292,1,0
B,F,B,1406,100,1406,1,0
B,G,B,7174,100,7174,1,0
B,H,B,6205,100,6205,1,0
A,C,C,9261,100,9261,1,0
B,C,C,6733,100,6733,1,0
C,D,C,8704,100,8704,1,0
C,E,C,9847,100,9847,1,0
C,F,C,7254,100,7254,1,0
C,G,C,1631,100,1631,1,0
C,H,C,9031,100,9031,1,0
A,D,D,9250,100,9250,1,0
B,D,D,5951,100,5951,1,0
C,D,D,8721,100,8721,1,0
D,E,D,9740,100,9740,1,0
D,F,D,6383,100,6383,1,0
D,G,D,9228,100,9228,1,0
D,H,D,1389,100,1389,1,0
A,E,E,1457,100,1457,1,0
B,E,E,4297,100,4297,1,0
C,E,E,9738,100,9738,1,0
D,E,E,9732,100,9732,1,0
E,F,E,3690,100,3690,1,0
E,G,E,9921,100,9921,1,0
E,H,E,9644,100,9644,1,0
A,F,F,3543,100,3543,1,0
B,F,F,1409,100,1409,1,0
C,F,F,7230,100,7230,1,0
D,F,F,6375,100,6375,1,0
E,F,F,3696,100,3696,1,0
F,G,F,7384,100,7384,1,0
F,H,F,6301,100,6301,1,0
A,G,G,9598,100,9598,1,0
B,G,G,7222,100,7222,1,0
C,G,G,1567,100,1567,1,0
D,G,G,9219,100,9219,1,0
E,G,G,9906,100,9906,1,0
F,G,G,7370,100,7370,1,0
G,H,G,9380,100,9380,1,0
A,H,H,9406,100,9406,1,0
B,H,H,6241,100,6241,1,0
C,H,H,9062,100,9062,1,0
D,H,H,1422,100,1422,1,0
E,H,H,9646,100,9646,1,0
F,H,H,6274,100,6274,1,0
G,H,H,9305,100,9305,1,0
A,B,A,3657,100,3657,1,0
A,C,A,9302,100,9302,1,0
A,D,A,9264,100,9264,1,0
A,E,A,1405,100,1405,1,0
A,F,A,3513,100,3513,1,0
A,G,A,9606,100,9606,1,0
A,H,A,9353,100,9353,1,0
A,B,B,3623,100,3623,1,0
B,C,B,6754,100,6754,1,0
B,D,B,5961,100,5961,1,0
B,E,B,4337,100,4337,1,0
B,F,B,1398,100,1398,1,0
B,G,B,7162,100,7162,1,0
B,H,B,6159,100,6159,1,0
A,C,C,9272,100,9272,1,0
B,C,C,6720,100,6720,1,0
C,D,C,8741,100,8741,1,0
C,E,C,9838,100,9838,1,0
C,F,C,7201,100,7201,1,0
C,G,C,1561,100,1561,1,0
C,H,C,9044,100,9044,1,0
A,D,D,9259,100,9259,1,0
B,D,D,5931,100,5931,1,0
C,D,D,8744,100,8744,1,0
D,E,D,9701,100,9701,1,0
D,F,D,6379,100,6379,1,0
D,G,D,9263,100,9263,1,0
D,H,D,1416,100,1416,1,0
A,E,E,1414,100,1414,1,0
B,E,E,4303,100,4303,1,0
C,E,E,9885,100,9885,1,0
D,E,E,9732,100,9732,1,0
E,F,E,3686,100,3686,1,0
E,G,E,9914,100,9914,1,0
E,H,E,9680,100,9680,1,0
A,F,F,3568,100,3568,1,0
B,F,F,1423,100,1423,1,0
C,F,F,7214,100,7214,1,0
D,F,F,6385,100,6385,1,0
E,F,F,3708,100,3708,1,0
F,G,F,7354,100,7354,1,0
F,H,F,6269,100,6269,1,0
A,G,G,9618,100,9618,1,0
B,G,G,7161,100,7161,1,0
C,G,G,1599,100,1599,1,0
D,G,G,9214,100,9214,1,0
E,G,G,9892,100,9892,1,0
F,G,G,7347,100,7347,1,0
G,H,G,9322,100,9322,1,0
A,H,H,9385,100,9385,1,0
B,H,H,6142,100,6142,1,0
C,H,H,9072,100,9072,1,0
D,H,H,1418,100,1418,1,0
E,H,H,9656,100,9656,1,0
F,H,H,6300,100,6300,1,0
G,H,H,9363,100,9363,1,0
A,B,A,3616,100,3616,1,0
A,C,A,9339,100,9339,1,0
A,D,A,9273,100,9273,1,0
A,E,A,1447,100,1447,1,0
A,F,A,3573,100,3573,1,0
A,G,A,9599,100,9599,1,0
A,H,A,9396,100,9396,1,0
A,B,B,3701,100,3701,1,0
B,C,B,6722,100,6722,1,0
B,D,B,5948,100,5948,1,0
B,E,B,4321,100,4321,1,0
B,F,B,1411,100,1411,1,0
B,G,B,7192,100,7192,1,0
B,H,B,6282,100,6282,1,0
A,C,C,9348,100,9348,1,0
B,C,C,6739,100,6739,1,0
C,D,C,8684,100,8684,1,0
C,E,C,9851,100,9851,1,0
C,F,C,7187,100,7187,1,0
C,G,C,1590,100,1590,1,0
C,H,C,9007,100,9007,1,0
A,D,D,9295,100,9295,1,0
B,D,D,5935,100,5935,1,0
C,D,D,8729,100,8729,1,0
D,E,D,9702,100,9702,1,0
D,F,D,6367,100,6367,1,0
D,G,D,9207,100,9207,1,0
D,H,D,1394,100,1394,1,0
A,E,E,1487,100,1487,1,0
B,E,E,4290,100,4290,1,0
C,E,E,9879,100,9879,1,0
D,E,E,9732,100,9732,1,0
E,F,E,3693,100,3693,1,0
E,G,E,9906,100,9906,1,0
E,H,E,9634,100,9634,1,0
A,F,F,3564,100,3564,1,0
B,F,F,1407,100,1407,1,0
C,F,F,7211,100,7211,1,0
D,F,F,6330,100,6330,1,0
E,F,F,3665,100,3665,1,0
F,G,F,7384,100,7384,1,0
F,H,F,6310,100,6310,1,0
A,G,G,9619,100,9619,1,0
B,G,G,7138,100,7138,1,0
C,G,G,1514,100,1514,1,0
D,G,G,9235,100,9235,1,0
E,G,G,9903,100,9903,1,0
F,G,G,7360,100,7360,1,0
G,H,G,9352,100,9352,1,0
A,H,H,9403,100,9403,1,0
B,H,H,6179,100,6179,1,0
C,H,H,9047,100,9047,1,0
D,H,H,1454,100,1454,1,0
E,H,H,9646,100,9646,1,0
F,H,H,6280,100,6280,1,0
G,H,H,9301,100,9301,1,0
A,B,A,3629,100,3629,1,0
A,C,A,9268,100,9268,1,0
A,D,A,9285,100,9285,1,0
A,E,A,1473,100,1473,1,0
A,F,A,3521,100,3521,1,0
A,G,A,9649,100,9649,1,0
A,H,A,9416,100,9416,1,0
A,B,B,3607,100,3607,1,0
B,C,B,6747,100,6747,1,0
B,D,B,5959,100,5959,1,0
B,E,B,4306,100,4306,1,0
B,F,B,1403,100,1403,1,0
B,G,B,7212,100,7212,1,0
B,H,B,6226,100,6226,1,0
A,C,C,9311,100,9311,1,0
B,C,C,6747,100,6747,1,0
C,D,C,8742,100,8742,1,0
C,E,C,9805,100,9805,1,0
C,F,C,7244,100,7244,1,0
C,G,C,1612,100,1612,1,0
C,H,C,9050,100,9050,1,0
A,D,D,9315,100,9315,1,0
B,D,D,5970,100,5970,1,0
C,D,D,8724,100,8724,1,0
D,E,D,9733,100,9733,1,0
D,F,D,6338,100,6338,1,0
D,G,D,9233,100,9233,1,0
D,H,D,1422,100,1422,1,0
A,E,E,1431,100,1431,1,0
B,E,E,4297,100,4297,1,0
C,E,E,9780,100,9780,1,0
D,E,E,9726,100,9726,1,0
E,F,E,3708,100,3708,1,0
E,G,E,9903,100,9903,1,0
E,H,E,9637,100,9637,1,0
A,F,F,3502,100,3502,1,0
B,F,F,1379,100,1379,1,0
C,F,F,7211,100,7211,1,0
D,F,F,6361,100,6361,1,0
E,F,F,3669,100,3669,1,0
F,G,F,7353,100,7353,1,0
F,H,F,6301,100,6301,1,0
A,G,G,9560,100,9560,1,0
B,G,G,7155,100,7155,1,0
C,G,G,1576,100,1576,1,0
D,G,G,9203,100,9203,1,0
E,G,G,9936,100,9936,1,0
F,G,G,7345,100,7345,1,0
G,H,G,9290,100,9290,1,0
A,H,H,9395,100,9395,1,0
B,H,H,6249,100,6249,1,0
C,H,H,9085,100,9085,1,0
D,H,H,1444,100,1444,1,0
E,H,H,9661,100,9661,1,0
F,H,H,6278,100,6278,1,0
G,H,H,9370,100,9370,1,0
A,B,A,3666,100,3666,1,0
A,C,A,9302,100,9302,1,0
A,D,A,9285,100,9285,1,0
A,E,A,1459,100,1459,1,0
A,F,A,3487,100,3487,1,0
A,G,A,9581,100,9581,1,0
A,H,A,9370,100,9370,1,0
A,B,B,3653,100,3653,1,0
B,C,B,6703,100,6703,1,0
B,D,B,5958,100,5958,1,0
B,E,B,4356,100,4356,1,0
B,F,B,1410,100,1410,1,0
B,G,B,7193,100,7193,1,0
B,H,B,6215,100,6215,1,0
A,C,C,9312,100,9312,1,0
B,C,C,6747,100,6747,1,0
C,D,C,8728,100,8728,1,0
C,E,C,9801,100,9801,1,0
C,F,C,7234,100,7234,1,0
C,G,C,1574,100,1574,1,0
C,H,C,9035,100,9035,1,0
A,D,D,9274,100,9274,1,0
B,D,D,6014,100,6014,1,0
C,D,D,8715,100,8715,1,0
D,E,D,9708,100,9708,1,0
D,F,D,6361,100,6361,1,0
D,G,D,9223,100,9223,1,0
D,H,D,1398,100,1398,1,0
A,E,E,1427,100,1427,1,0
B,E,E,4298,100,4298,1,0
C,E,E,9884,100,9884,1,0
D,E,E,9723,100,9723,1,0
E,F,E,3757,100,3757,1,0
E,G,E,9896,100,9896,1,0
E,H,E,9691,100,9691,1,0
A,F,F,3512,100,3512,1,0
B,F,F,1449,100,1449,1,0
C,F,F,7204,100,7204,1,0
D,F,F,6313,100,6313,1,0
E,F,F,3701,100,3701,1,0
F,G,F,7350,100,7350,1,0
F,H,F,6278,100,6278,1,0
A,G,G,9637,100,9637,1,0
B,G,G,7205,100,7205,1,0
C,G,G,1564,100,1564,1,0
D,G,G,9261,100,9261,1,0
E,G,G,9930,100,9930,1,0
F,G,G,7366,100,7366,1,0
G,H,G,9312,100,9312,1,0
A,H,H,9409,100,9409,1,0
B,H,H,6186,100,6186,1,0
C,H,H,9050,100,9050,1,0
D,H,H,1420,100,1420,1,0
E,H,H,9640,100,9640,1,0
F,H,H,6328,100,6328,1,0
G,H,H,9295,100,9295,1,0
A,B,A,3635,100,3635,1,0
A,C,A,9342,100,9342,1,0
A,D,A,9269,100,9269,1,0
A,E,A,1445,100,1445,1,0
A,F,A,3527,100,3527,1,0
A,G,A,9594,100,9594,1,0
A,H,A,9391,100,9391,1,0
A,B,B,3642,100,3642,1,0
B,C,B,6749,100,6749,1,0
B,D,B,5985,100,5985,1,0
B,E,B,4328,100,4328,1,0
B,F,B,1404,100,1404,1,0
B,G,B,7177,100,7177,1,0
B,H,B,6257,100,6257,1,0
A,C,C,9247,100,9247,1,0
B,C,C,6721,100,6721,1,0
C,D,C,8719,100,8719,1,0
C,E,C,9806,100,9806,1,0
C,F,C,7205,100,7205,1,0
C,G,C,1594,100,1594,1,0
C,H,C,9039,100,9039,1,0
A,D,D,9266,100,9266,1,0
B,D,D,5971,100,5971,1,0
C,D,D,8733,100,8733,1,0
D,E,D,9777,100,9777,1,0
D,F,D,6381,100,6381,1,0
D,G,D,9186,100,9186,1,0
D,H,D,1394,100,1394,1,0
A,E,E,1454,100,1454,1,0
B,E,E,4335,100,4335,1,0
C,E,E,9833,100,9833,1,0
D,E,E,9712,100,9712,1,0
E,F,E,3702,100,3702,1,0
E,G,E,9897,100,9897,1,0
E,H,E,9706,100,9706,1,0
A,F,F,3536,100,3536,1,0
B,F,F,1423,100,1423,1,0
C,F,F,7219,100,7219,1,0
D,F,F,6333,100,6333,1,0
E,F,F,3731,100,3731,1,0
F,G,F,7373,100,7373,1,0
F,H,F,6297,100,6297,1,0
A,G,G,9616,100,9616,1,0
B,G,G,7191,100,7191,1,0
C,G,G,1592,100,1592,1,0
D,G,G,9251,100,9251,1,0
E,G,G,9918,100,9918,1,0
F,G,G,7414,100,7414,1,0
G,H,G,9346,100,9346,1,0
A,H,H,9374,100,9374,1,0
B,H,H,6150,100,6150,1,0
C,H,H,9003,100,9003,1,0
D,H,H,1444,100,1444,1,0
E,H,H,9650,100,9650,1,0
F,H,H,6305,100,6305,1,0
G,H,H,9340,100,9340,1,0
A,B,A,3642,100,3642,1,0
A,C,A,9324,100,9324,1,0
A,D,A,9291,100,9291,1,0
A,E,A,1445,100,1445,1,0
A,F,A,3508,100,3508,1,0
A,G,A,9638,100,9638,1,0
A,H,A,9422,100,9422,1,0
A,B,B,3640,100,3640,1,0
B,C,B,6725,100,6725,1,0
B,D,B,5986,100,5986,1,0
B,E,B,4325,100,4325,1,0
B,F,B,1404,100,1404,1,0
B,G,B,7184,100,7184,1,0
B,H,B,6146,100,6146,1,0
A,C,C,9260,100,9260,1,0
B,C,C,6705,100,6705,1,0
C,D,C,8695,100,8695,1,0
C,E,C,9825,100,9825,1,0
C,F,C,7231,100,7231,1,0
C,G,C,1587,100,1587,1,0
C,H,C,9059,100,9059,1,0
A,D,D,9259,100,9259,1,0
B,D,D,5957,100,5957,1,0
C,D,D,8676,100,8676,1,0
D,E,D,9703,100,9703,1,0
D,F,D,6360,100,6360,1,0
D,G,D,9243,100,9243,1,0
D,H,D,1441,100,1441,1,0
A,E,E,1486,100,1486,1,0
B,E,E,4286,100,4286,1,0
C,E,E,9822,100,9822,1,0
D,E,E,9655,100,9655,1,0
E,F,E,3696,100,3696,1,0
E,G,E,9902,100,9902,1,0
E,H,E,9708,100,9708,1,0
A,F,F,3534,100,3534,1,0
B,F,F,1387,100,1387,1,0
C,F,F,7213,100,7213,1,0
D,F,F,6349,100,6349,1,0
E,F,F,3693,100,3693,1,0
F,G,F,7366,100,7366,1,0
F,H,F,6301,100,6301,1,0
A,G,G,9612,100,9612,1,0
B,G,G,7214,100,7214,1,0
C,G,G,1605,100,1605,1,0
D,G,G,9258,100,9258,1,0
E,G,G,9919,100,9919,1,0
F,G,G,7371,100,7371,1,0
G,H,G,9326,100,9326,1,0
A,H,H,9397,100,9397,1,0
B,H,H,6197,100,6197,1,0
C,H,H,9031,100,9031,1,0
D,H,H,1413,100,1413,1,0
E,H,H,9636,100,9636,1,0
F,H,H,6304,100,6304,1,0
G,H,H,9352,100,9352,1,0
A,B,A,3643,100,3643,1,0
A,C,A,9278,100,9278,1,0
A,D,A,9261,100,9261,1,0
A,E,A,1462,100,1462,1,0
A,F,A,3533,100,3533,1,0
A,G,A,9647,100,9647,1,0
A,H,A,9394,100,9394,1,0
A,B,B,3656,100,3656,1,0
B,C,B,6718,100,6718,1,0
B,D,B,5938,100,5938,1,0
B,E,B,4323,100,4323,1,0
B,F,B,1411,100,1411,1,0
B,G,B,7189,100,7189,1,0
B,H,B,6136,100,6136,1,0
A,C,C,9319,100,9319,1,0
B,C,C,6759,100,6759,1,0
C,D,C,8716,100,8716,1,0
C,E,C,9849,100,9849,1,0
C,F,C,7222,100,7222,1,0
C,G,C,1599,100,1599,1,0
C,H,C,8998,100,8998,1,0
A,D,D,9269,100,9269,1,0
B,D,D,5962,100,5962,1,0
C,D,D,8738,100,8738,1,0
D,E,D,9683,100,9683,1,0
D,F,D,6355,100,6355,1,0
D,G,D,9224,100,9224,1,0
D,H,D,1433,100,1433,1,0
A,E,E,1408,100,1408,1,0
B,E,E,4292,100,4292,1,0
C,E,E,9858,100,9858,1,0
D,E,E,9733,100,9733,1,0
E,F,E,3704,100,3704,1,0
E,G,E,9950,100,9950,1,0
E,H,E,9687,100,9687,1,0
A,F,F,3580,100,3580,1,0
B,F,F,1384,100,1384,1,0
C,F,F,7223,100,7223,1,0
D,F,F,6386,100,6386,1,0
E,F,F,3695,100,3695,1,0
F,G,F,7382,100,7382,1,0
F,H,F,6295,100,6295,1,0
A,G,G,9582,100,9582,1,0
B,G,G,7167,100,7167,1,0
C,G,G,1609,100,1609,1,0
D,G,G,9246,100,9246,1,0
E,G,G,9890,100,9890,1,0
F,G,G,7350,100,7350,1,0
G,H,G,9330,100,9330,1,0
A,H,H,9397,100,9397,1,0
B,H,H,6202,100,6202,1,0
C,H,H,9072,100,9072,1,0
D,H,H,1439,100,1439,1,0
E,H,H,9662,100,9662,1,0
F,H,H,6276,100,6276,1,0
G,H,H,9345,100,9345,1,0
A,B,A,3596,100,3596,1,0
A,C,A,9269,100,9269,1,0
A,D,A,9283,100,9283,1,0
A,E,A,1477,100,1477,1,0
A,F,A,3538,100,3538,1,0
A,G,A,9594,100,9594,1,0
A,H,A,9412,100,9412,1,0
A,B,B,3672,100,3672,1,0
B,C,B,6779,100,6779,1,0
B,D,B,5998,100,5998,1,0
B,E,B,4335,100,4335,1,0
B,F,B,1397,100,1397,1,0
B,G,B,7180,100,7180,1,0
B,H,B,6175,100,6175,1,0
A,C,C,9295,100,9295,1,0
B,C,C,6740,100,6740,1,0
C,D,C,8735,100,8735,1,0
C,E,C,9820,100,9820,1,0
C,F,C,7209,100,7209,1,0
C,G,C,1566,100,1566,1,0
C,H,C,9017,100,9017,1,0
A,D,D,9276,100,9276,1,0
B,D,D,5929,100,5929,1,0
C,D,D,8716,100,8716,1,0
D,E,D,9772,100,9772,1,0
D,F,D,6379,100,6379,1,0
D,G,D,9239,100,9239,1,0
D,H,D,1409,100,1409,1,0
A,E,E,1472,100,1472,1,0
B,E,E,4339,100,4339,1,0
C,E,E,9825,100,9825,1,0
D,E,E,9746,100,9746,1,0
E,F,E,3698,100,3698,1,0
E,G,E,9915,100,9915,1,0
E,H,E,9675,100,9675,1,0
A,F,F,3560,100,3560,1,0
B,F,F,1403,100,1403,1,0
C,F,F,7214,100,7214,1,0
D,F,F,6359,100,6359,1,0
E,F,F,3715,100,3715,1,0
F,G,F,7373,100,7373,1,0
F,H,F,6267,100,6267,1,0
A,G,G,9645,100,9645,1,0
B,G,G,7230,100,7230,1,0
C,G,G,1611,100,1611,1,0
D,G,G,9226,100,9226,1,0
E,G,G,9905,100,9905,1,0
F,G,G,7384,100,7384,1,0
G,H,G,9321,100,9321,1,0
A,H,H,9403,100,9403,1,0
B,H,H,6190,100,6190,1,0
C,H,H,9029,100,9029,1,0
D,H,H,1413,100,1413,1,0
E,H,H,9658,100,9658,1,0
F,H,H,6288,100,6288,1,0
G,H,H,9329,100,9329,1,0
A,B,A,3618,100,3618,1,0
A,C,A,9298,100,9298,1,0
A,D,A,9286,100,9286,1,0
A,E,A,1442,100,1442,1,0
A,F,A,3525,100,3525,1,0
A,G,A,9593,100,9593,1,0
A,H,A,9382,100,9382,1,0
A,B,B,3604,100,3604,1,0
B,C,B,6717,100,6717,1,0
B,D,B,5985,100,5985,1,0
B,E,B,4314,100,4314,1,0
B,F,B,1422,100,1422,1,0
B,G,B,7204,100,7204,1,0
B,H,B,6203,100,6203,1,0
A,C,C,9344,100,9344,1,0
B,C,C,6727,100,6727,1,0
C,D,C,8719,100,8719,1,0
C,E,C,9857,100,9857,1,0
C,F,C,7209,100,7209,1,0
C,G,C,1589,100,1589,1,0
C,H,C,9065,100,9065,1,0
A,D,D,9225,100,9225,1,0
B,D,D,5931,100,5931,1,0
C,D,D,8735,100,8735,1,0
D,E,D,9758,100,9758,1,0
D,F,D,6304,100,6304,1,0
D,G,D,9248,100,9248,1,0
D,H,D,1379,100,1379,1,0
A,E,E,1444,100,1444,1,0
B,E,E,4353,100,4353,1,0
C,E,E,9861,100,9861,1,0
D,E,E,9800,100,9800,1,0
E,F,E,3695,100,3695,1,0
E,G,E,9926,100,9926,1,0
E,H,E,9677,100,9677,1,0
A,F,F,3513,100,3513,1,0
B,F,F,1408,100,1408,1,0
C,F,F,7234,100,7234,1,0
D,F,F,6351,100,6351,1,0
E,F,F,3696,100,3696,1,0
F,G,F,7360,100,7360,1,0
F,H,F,6282,100,6282,1,0
A,G,G,9572,100,9572,1,0
B,G,G,7218,100,7218,1,0
C,G,G,1614,100,1614,1,0
D,G,G,9237,100,9237,1,0
E,G,G,9912,100,9912,1,0
F,G,G,7377,100,7377,1,0
G,H,G,9334,100,9334,1,0
A,H,H,9410,100,9410,1,0
B,H,H,6228,100,6228,1,0
C,H,H,9034,100,9034,1,0
D,H,H,1389,100,1389,1,0
E,H,H,9664,100,9664,1,0
F,H,H,6251,100,6251,1,0
G,H,H,9361,100,9361,1,0
A,B,A,3649,100,3649,1,0
A,C,A,9276,100,9276,1,0
A,D,A,9244,100,9244,1,0
A,E,A,1444,100,1444,1,0
A,F,A,3530,100,3530,1,0
A,G,A,9625,100,9625,1,0
A,H,A,9428,100,9428,1,0
A,B,B,3626,100,3626,1,0
B,C,B,6716,100,6716,1,0
B,D,B,5962,100,5962,1,0
B,E,B,4299,100,4299,1,0
B,F,B,1374,100,1374,1,0
B,G,B,7157,100,7157,1,0
B,H,B,6188,100,6188,1,0
A,C,C,9240,100,9240,1,0
B,C,C,6725,100,6725,1,0
C,D,C,8736,100,8736,1,0
C,E,C,9841,100,9841,1,0
C,F,C,7197,100,7197,1,0
C,G,C,1603,100,1603,1,0
C,H,C,9064,100,9064,1,0
A,D,D,9278,100,9278,1,0
B,D,D,5932,100,5932,1,0
C,D,D,8724,100,8724,1,0
D,E,D,9690,100,9690,1,0
D,F,D,6342,100,6342,1,0
D,G,D,9245,100,9245,1,0
D,H,D,1394,100,1394,1,0
A,E,E,1435,100,1435,1,0
B,E,E,4279,100,4279,1,0
C,E,E,9823,100,9823,1,0
D,E,E,9753,100,9753,1,0
E,F,E,3679,100,3679,1,0
E,G,E,9925,100,9925,1,0
E,H,E,9620,100,9620,1,0
A,F,F,3555,100,3555,1,0
B,F,F,1398,100,1398,1,0
C,F,F,7206,100,7206,1,0
D,F,F,6367,100,6367,1,0
E,F,F,3692,100,3692,1,0
F,G,F,7346,100,7346,1,0
F,H,F,6271,100,6271,1,0
A,G,G,9582,100,9582,1,0
B,G,G,7195,100,7195,1,0
C,G,G,1564,100,1564,1,0
D,G,G,9232,100,9232,1,0
E,G,G,9928,100,9928,1,0
F,G,G,7352,100,7352,1,0
G,H,G,9321,100,9321,1,0
A,H,H,9424,100,9424,1,0
B,H,H,6188,100,6188,1,0
C,H,H,9068,100,9068,1,0
D,H,H,1400,100,1400,1,0
E,H,H,9632,100,9632,1,0
F,H,H,6297,100,6297,1,0
G,H,H,9337,100,9337,1,0
A,B,A,3628,100,3628,1,0
A,C,A,9294,100,9294,1,0
A,D,A,9272,100,9272,1,0
A,E,A,1408,100,1408,1,0
A,F,A,3536,100,3536,1,0
A,G,A,9615,100,9615,1,0
A,H,A,9432,100,9432,1,0
A,B,B,3634,100,3634,1,0
B,C,B,6722,100,6722,1,0
B,D,B,5968,100,5968,1,0
B,E,B,4345,100,4345,1,0
B,F,B,1397,100,1397,1,0
B,G,B,7213,100,7213,1,0
B,H,B,6195,100,6195,1,0
A,C,C,9324,100,9324,1,0
B,C,C,6756,100,6756,1,0
C,D,C,8714,100,8714,1,0
C,E,C,9823,100,9823,1,0
C,F,C,7211,100,7211,1,0
C,G,C,1587,100,1587,1,0
C,H,C,9025,100,9025,1,0
A,D,D,9273,100,9273,1,0
B,D,D,5976,100,5976,1,0
C,D,D,8685,100,8685,1,0
D,E,D,9738,100,9738,1,0
D,F,D,6341,100,6341,1,0
D,G,D,9255,100,9255,1,0
D,H,D,1378,100,1378,1,0
A,E,E,1484,100,1484,1,0
B,E,E,4322,100,4322,1,0
C,E,E,9827,100,9827,1,0
D,E,E,9717,100,9717,1,0
E,F,E,3718,100,3718,1,0
E,G,E,9898,100,9898,1,0
E,H,E,9706,100,9706,1,0
A,F,F,3532,100,3532,1,0
B,F,F,1360,100,1360,1,0
C,F,F,7261,100,7261,1,0
D,F,F,6333,100,6333,1,0
E,F,F,3718,100,3718,1,0
F,G,F,7373,100,7373,1,0
F,H,F,6321,100,6321,1,0
A,G,G,9604,100,9604,1,0
B,G,G,7194,100,7194,1,0
C,G,G,1609,100,1609,1,0
D,G,G,9230,100,9230,1,0
E,G,G,9898,100,9898,1,0
F,G,G,7349,100,7349,1,0
G,H,G,9309,100,9309,1,0
A,H,H,9416,100,9416,1,0
B,H,H,6205,100,6205,1,0
C,H,H,9050,100,9050,1,0
D,H,H,1413,100,1413,1,0
E,H,H,9652,100,9652,1,0
F,H,H,6247,100,6247,1,0
G,H,H,9313,100,9313,1,0
A,B,A,3650,100,3650,1,0
A,C,A,9294,100,9294,1,0
A,D,A,9279,100,9279,1,0
A,E,A,1426,100,1426,1,0
A,F,A,3558,100,3558,1,0
A,G,A,9641,100,9641,1,0
A,H,A,9413,100,9413,1,0
A,B,B,3637,100,3637,1,0
B,C,B,6738,100,6738,1,0
B,D,B,5994,100,5994,1,0
B,E,B,4279,100,4279,1,0
B,F,B,1421,100,1421,1,0
B,G,B,7204,100,7204,1,0
B,H,B,6228,100,6228,1,0
A,C,C,9267,100,9267,1,0
B,C,C,6728,100,6728,1,0
C,D,C,8722,100,8722,1,0
C,E,C,9810,100,9810,1,0
C,F,C,7208,100,7208,1,0
C,G,C,1539,100,1539,1,0
C,H,C,9023,100,9023,1,0
A,D,D,9283,100,9283,1,0
B,D,D,5957,100,5957,1,0
C,D,D,8735,100,8735,1,0
D,E,D,9772,100,9772,1,0
D,F,D,6332,100,6332,1,0
D,G,D,9232,100,9232,1,0
D,H,D,1406,100,1406,1,0
A,E,E,1445,100,1445,1,0
B,E,E,4287,100,4287,1,0
C,E,E,9766,100,9766,1,0
D,E,E,9729,100,9729,1,0
E,F,E,3708,100,3708,1,0
E,G,E,9906,100,9906,1,0
E,H,E,9642,100,9642,1,0
A,F,F,3531,100,3531,1,0
B,F,F,1383,100,1383,1,0
C,F,F,7213,100,7213,1,0
D,F,F,6367,100,6367,1,0
E,F,F,3700,100,3700,1,0
F,G,F,7350,100,7350,1,0
F,H,F,6290,100,6290,1,0
A,G,G,9646,100,9646,1,0
B,G,G,7184,100,7184,1,0
C,G,G,1600,100,1600,1,0
D,G,G,9232,100,9232,1,0
E,G,G,9904,100,9904,1,0
F,G,G,7366,100,7366,1,0
G,H,G,9366,100,9366,1,0
A,H,H,9407,100,9407,1,0
B,H,H,6248,100,6248,1,0
C,H,H,9072,100,9072,1,0
D,H,H,1392,100,1392,1,0
E,H,H,9676,100,9676,1,0
F,H,H,6298,100,6298,1,0
G,H,H,9314,100,9314,1,0
A,B,A,3658,100,3658,1,0
A,C,A,9294,100,9294,1,0
A,D,A,9268,100,9268,1,0
A,E,A,1464,100,1464,1,0
A,F,A,3533,100,3533,1,0
A,G,A,9649,100,9649,1,0
A,H,A,9460,100,9460,1,0
A,B,B,3626,100,3626,1,0
B,C,B,6732,100,6732,1,0
B,D,B,6019,100,6019,1,0
B,E,B,4305,100,4305,1,0
B,F,B,1412,100,1412,1,0
B,G,B,7217,100,7217,1,0
B,H,B,6188,100,6188,1,0
A,C,C,9325,100,9325,1,0
B,C,C,6725,100,6725,1,0
C,D,C,8701,100,8701,1,0
C,E,C,9834,100,9834,1,0
C,F,C,7213,100,7213,1,0
C,G,C,1539,100,1539,1,0
C,H,C,9015,100,9015,1,0
A,D,D,9248,100,9248,1,0
B,D,D,5966,100,5966,1,0
C,D,D,8746,100,8746,1,0
D,E,D,9753,100,9753,1,0
D,F,D,6361,100,6361,1,0
D,G,D,9248,100,9248,1,0
D,H,D,1420,100,1420,1,0
A,E,E,1438,100,1438,1,0
B,E,E,4322,100,4322,1,0
C,E,E,9833,100,9833,1,0
D,E,E,9762,100,9762,1,0
E,F,E,3654,100,3654,1,0
E,G,E,9920,100,9920,1,0
E,H,E,9688,100,9688,1,0
A,F,F,3554,100,3554,1,0
B,F,F,1421,100,1421,1,0
C,F,F,7187,100,7187,1,0
D,F,F,6348,100,6348,1,0
E,F,F,3718,100,3718,1,0
F,G,F,7347,100,7347,1,0
F,H,F,6262,100,6262,1,0
A,G,G,9534,100,9534,1,0
B,G,G,7172,100,7172,1,0
C,G,G,1602,100,1602,1,0
D,G,G,9258,100,9258,1,0
E,G,G,9926,100,9926,1,0
F,G,G,7390,100,7390,1,0
G,H,G,9321,100,9321,1,0
A,H,H,9388,100,9388,1,0
B,H,H,6195,100,6195,1,0
C,H,H,9039,100,9039,1,0
D,H,H,1400,100,1400,1,0
E,H,H,9656,100,9656,1,0
F,H,H,6232,100,6232,1,0
G,H,H,9327,100,9327,1,0
A,B,A,3619,100,3619,1,0
A,C,A,9249,100,9249,1,0
A,D,A,9278,100,9278,1,0
A,E,A,1462,100,1462,1,0
A,F,A,3588,100,3588,1,0
A,G,A,9622,100,9622,1,0
A,H,A,9405,100,9405,1,0
A,B,B,3621,100,3621,1,0
B,C,B,6763,100,6763,1,0
B,D,B,5968,100,5968,1,0
B,E,B,4312,100,4312,1,0
B,F,B,1445,100,1445,1,0
B,G,B,7203,100,7203,1,0
B,H,B,6170,100,6170,1,0
A,C,C,9250,100,9250,1,0
B,C,C,6725,100,6725,1,0
C,D,C,8727,100,8727,1,0
C,E,C,9811,100,9811,1,0
C,F,C,7193,100,7193,1,0
C,G,C,1622,100,1622,1,0
C,H,C,9069,100,9069,1,0
A,D,D,9265,100,9265,1,0
B,D,D,5964,100,5964,1,0
C,D,D,8748,100,8748,1,0
D,E,D,9736,100,9736,1,0
D,F,D,6361,100,6361,1,0
D,G,D,9246,100,9246,1,0
D,H,D,1416,100,1416,1,0
A,E,E,1376,100,1376,1,0
B,E,E,4292,100,4292,1,0
C,E,E,9850,100,9850,1,0
D,E,E,9743,100,9743,1,0
E,F,E,3693,100,3693,1,0
E,G,E,9933,100,9933,1,0
E,H,E,9678,100,9678,1,0
A,F,F,3514,100,3514,1,0
B,F,F,1402,100,1402,1,0
C,F,F,7192,100,7192,1,0
D,F,F,6321,100,6321,1,0
E,F,F,3674,100,3674,1,0
F,G,F,7371,100,7371,1,0
F,H,F,6277,100,6277,1,0
A,G,G,9589,100,9589,1,0
B,G,G,7210,100,7210,1,0
C,G,G,1557,100,1557,1,0
D,G,G,9245,100,9245,1,0
E,G,G,9918,100,9918,1,0
F,G,G,7361,100,7361,1,0
G,H,G,9320,100,9320,1,0
A,H,H,9433,100,9433,1,0
B,H,H,6222,100,6222,1,0
C,H,H,9071,100,9071,1,0
D,H,H,1409,100,1409,1,0
E,H,H,9653,100,9653,1,0
F,H,H,6263,100,6263,1,0
G,H,H,9339,100,9339,1,0
A,B,A,3678,100,3678,1,0
A,C,A,9301,100,9301,1,0
A,D,A,9293,100,9293,1,0
A,E,A,1472,100,1472,1,0
A,F,A,3521,100,3521,1,0
A,G,A,9600,100,9600,1,0
A,H,A,9386,100,9386,1,0
A,B,B,3645,100,3645,1,0
B,C,B,6744,100,6744,1,0
B,D,B,6008,100,6008,1,0
B,E,B,4290,100,4290,1,0
B,F,B,1427,100,1427,1,0
B,G,B,7231,100,7231,1,0
B,H,B,6185,100,6185,1,0
A,C,C,9291,100,9291,1,0
B,C,C,6718,100,6718,1,0
C,D,C,8742,100,8742,1,0
C,E,C,9799,100,9799,1,0
C,F,C,7209,100,7209,1,0
C,G,C,1546,100,1546,1,0
C,H,C,9009,100,9009,1,0
A,D,D,9253,100,9253,1,0
B,D,D,6002,100,6002,1,0
C,D,D,8737,100,8737,1,0
D,E,D,9740,100,9740,1,0
D,F,D,6312,100,6312,1,0
D,G,D,9230,100,9230,1,0
D,H,D,1408,100,1408,1,0
A,E,E,1476,100,1476,1,0
B,E,E,4301,100,4301,1,0
C,E,E,9840,100,9840,1,0
D,E,E,9780,100,9780,1,0
E,F,E,3688,100,3688,1,0
E,G,E,9942,100,9942,1,0
E,H,E,9672,100,9672,1,0
A,F,F,3527,100,3527,1,0
B,F,F,1415,100,1415,1,0
C,F,F,7188,100,7188,1,0
D,F,F,6356,100,6356,1,0
E,F,F,3669,100,3669,1,0
F,G,F,7357,100,7357,1,0
F,H,F,6304,100,6304,1,0
A,G,G,9572,100,9572,1,0
B,G,G,7179,100,7179,1,0
C,G,G,1568,100,1568,1,0
D,G,G,9232,100,9232,1,0
E,G,G,9915,100,9915,1,0
F,G,G,7374,100,7374,1,0
G,H,G,9338,100,9338,1,0
A,H,H,9400,100,9400,1,0
B,H,H,6202,100,6202,1,0
C,H,H,9066,100,9066,1,0
D,H,H,1387,100,1387,1,0
E,H,H,9648,100,9648,1,0
F,H,H,6266,100,6266,1,0
G,H,H,9301,100,9301,1,0
A,B,A,3676,100,3676,1,0
A,C,A,9247,100,9247,1,0
A,D,A,9272,100,9272,1,0
A,E,A,1390,100,1390,1,0
A,F,A,3492,100,3492,1,0
A,G,A,9551,100,9551,1,0
A,H,A,9413,100,9413,1,0
A,B,B,3617,100,3617,1,0
B,C,B,6738,100,6738,1,0
B,D,B,5952,100,5952,1,0
B,E,B,4304,100,4304,1,0
B,F,B,1407,100,1407,1,0
B,G,B,7204,100,7204,1,0
B,H,B,6156,100,6156,1,0
A,C,C,9285,100,9285,1,0
B,C,C,6741,100,6741,1,0
C,D,C,8715,100,8715,1,0
C,E,C,9837,100,9837,1,0
C,F,C,7237,100,7237,1,0
C,G,C,1542,100,1542,1,0
C,H,C,9030,100,9030,1,0
A,D,D,9291,100,9291,1,0
B,D,D,5977,100,5977,1,0
C,D,D,8731,100,8731,1,0
D,E,D,9721,100,9721,1,0
D,F,D,6366,100,6366,1,0
D,G,D,9244,100,9244,1,0
D,H,D,1355,100,1355,1,0
A,E,E,1399,100,1399,1,0
B,E,E,4334,100,4334,1,0
C,E,E,9826,100,9826,1,0
D,E,E,9705,100,9705,1,0
E,F,E,3715,100,3715,1,0
E,G,E,9951,100,9951,1,0
E,H,E,9658,100,9658,1,0
A,F,F,3501,100,3501,1,0
B,F,F,1393,100,1393,1,0
C,F,F,7197,100,7197,1,0
D,F,F,6343,100,6343,1,0
E,F,F,3727,100,3727,1,0
F,G,F,7366,100,7366,1,0
F,H,F,6325,100,6325,1,0
A,G,G,9550,100,9550,1,0
B,G,G,7175,100,7175,1,0
C,G,G,1522,100,1522,1,0
D,G,G,9239,100,9239,1,0
E,G,G,9943,100,9943,1,0
F,G,G,7336,100,7336,1,0
G,H,G,9308,100,9308,1,0
A,H,H,9399,100,9399,1,0
B,H,H,6205,100,6205,1,0
C,H,H,9035,100,9035,1,0
D,H,H,1431,100,1431,1,0
E,H,H,9647,100,9647,1,0
F,H,H,6266,100,6266,1,0
G,H,H,9334,100,9334,1,0
A,B,A,3645,100,3645,1,0
A,C,A,9296,100,9296,1,0
A,D,A,9276,100,9276,1,0
A,E,A,1420,100,1420,1,0
A,F,A,3497,100,3497,1,0
A,G,A,9570,100,9570,1,0
A,H,A,9422,100,9422,1,0
A,B,B,3644,100,3644,1,0
B,C,B,6775,100,6775,1,0
B,D,B,5946,100,5946,1,0
B,E,B,4279,100,4279,1,0
B,F,B,1409,100,1409,1,0
B,G,B,7220,100,7220,1,0
B,H,B,6208,100,6208,1,0
A,C,C,9289,100,9289,1,0
B,C,C,6731,100,6731,1,0
C,D,C,8736,100,8736,1,0
C,E,C,9821,100,9821,1,0
C,F,C,7209,100,7209,1,0
C,G,C,1618,100,1618,1,0
C,H,C,9054,100,9054,1,0
A,D,D,9285,100,9285,1,0
B,D,D,5971,100,5971,1,0
C,D,D,8786,100,8786,1,0
D,E,D,9717,100,9717,1,0
D,F,D,6384,100,6384,1,0
D,G,D,9224,100,9224,1,0
D,H,D,1355,100,1355,1,0
A,E,E,1413,100,1413,1,0
B,E,E,4322,100,4322,1,0
C,E,E,9785,100,9785,1,0
D,E,E,9677,100,9677,1,0
E,F,E,3705,100,3705,1,0
E,G,E,9929,100,9929,1,0
E,H,E,9683,100,9683,1,0
A,F,F,3495,100,3495,1,0
B,F,F,1398,100,1398,1,0
C,F,F,7227,100,7227,1,0
D,F,F,6347,100,6347,1,0
E,F,F,3669,100,3669,1,0
F,G,F,7375,100,7375,1,0
F,H,F,6320,100,6320,1,0
A,G,G,9621,100,9621,1,0
B,G,G,7199,100,7199,1,0
C,G,G,1603,100,1603,1,0
D,G,G,9245,100,9245,1,0
E,G,G,9906,100,9906,1,0
F,G,G,7354,100,7354,1,0
G,H,G,9286,100,9286,1,0
A,H,H,9348,100,9348,1,0
B,H,H,6173,100,6173,1,0
C,H,H,9044,100,9044,1,0
D,H,H,1444,100,1444,1,0
E,H,H,9677,100,9677,1,0
F,H,H,6255,100,6255,1,0
G,H,H,9307,100,9307,1,0
A,B,A,3626,100,3626,1,0
A,C,A,9314,100,9314,1,0
A,D,A,9265,100,9265,1,0
A,E,A,1456,100,1456,1,0
A,F,A,3554,100,3554,1,0
A,G,A,9652,100,9652,1,0
A,H,A,9380,100,9380,1,0
A,B,B,3665,100,3665,1,0
B,C,B,6725,100,6725,1,0
B,D,B,5948,100,5948,1,0
B,E,B,4317,100,4317,1,0
B,F,B,1422,100,1422,1,0
B,G,B,7200,100,7200,1,0
B,H,B,6199,100,6199,1,0
A,C,C,9288,100,9288,1,0
B,C,C,6714,100,6714,1,0
C,D,C,8748,100,8748,1,0
C,E,C,9846,100,9846,1,0
C,F,C,7192,100,7192,1,0
C,G,C,1612,100,1612,1,0
C,H,C,9062,100,9062,1,0
A,D,D,9288,100,9288,1,0
B,D,D,5958,100,5958,1,0
C,D,D,8698,100,8698,1,0
D,E,D,9687,100,9687,1,0
D,F,D,6391,100,6391,1,0
D,G,D,9254,100,9254,1,0
D,H,D,1429,100,1429,1,0
A,E,E,1459,100,1459,1,0
B,E,E,4358,100,4358,1,0
C,E,E,9826,100,9826,1,0
D,E,E,9729,100,9729,1,0
E,F,E,3720,100,3720,1,0
E,G,E,9929,100,9929,1,0
E,H,E,9632,100,9632,1,0
A,F,F,3496,100,3496,1,0
B,F,F,1367,100,1367,1,0
C,F,F,7208,100,7208,1,0
D,F,F,6350,100,6350,1,0
E,F,F,3722,100,3722,1,0
F,G,F,7375,100,7375,1,0
F,H,F,6250,100,6250,1,0
A,G,G,9608,100,9608,1,0
B,G,G,7209,100,7209,1,0
C,G,G,1602,100,1602,1,0
D,G,G,9211,100,9211,1,0
E,G,G,9924,100,9924,1,0
F,G,G,7345,100,7345,1,0
G,H,G,9333,100,9333,1,0
A,H,H,9364,100,9364,1,0
B,H,H,6215,100,6215,1,0
C,H,H,9052,100,9052,1,0
D,H,H,1463,100,1463,1,0
E,H,H,9649,100,9649,1,0
F,H,H,6250,100,6250,1,0
G,H,H,9293,100,9293,1,0
A,B,A,3712,100,3712,1,0
A,C,A,9364,100,9364,1,0
A,D,A,9262,100,9262,1,0
A,E,A,1439,100,1439,1,0
A,F,A,3511,100,3511,1,0
A,G,A,9624,100,9624,1,0
A,H,A,9438,100,9438,1,0
A,B,B,3696,100,3696,1,0
B,C,B,6711,100,6711,1,0
B,D,B,5947,100,5947,1,0
B,E,B,4282,100,4282,1,0
B,F,B,1388,100,1388,1,0
B,G,B,7191,100,7191,1,0
B,H,B,6223,100,6223,1,0
A,C,C,9245,100,9245,1,0
B,C,C,6762,100,6762,1,0
C,D,C,8721,100,8721,1,0
C,E,C,9854,100,9854,1,0
C,F,C,7209,100,7209,1,0
C,G,C,1603,100,1603,1,0
C,H,C,9009,100,9009,1,0
A,D,D,9258,100,9258,1,0
B,D,D,5925,100,5925,1,0
C,D,D,8734,100,8734,1,0
D,E,D,9685,100,9685,1,0
D,F,D,6345,100,6345,1,0
D,G,D,9206,100,9206,1,0
D,H,D,1411,100,1411,1,0
A,E,E,1385,100,1385,1,0
B,E,E,4278,100,4278,1,0
C,E,E,9823,100,9823,1,0
D,E,E,9802,100,9802,1,0
E,F,E,3698,100,3698,1,0
E,G,E,9942,100,9942,1,0
E,H,E,9660,100,9660,1,0
A,F,F,3534,100,3534,1,0
B,F,F,1433,100,1433,1,0
C,F,F,7175,100,7175,1,0
D,F,F,6349,100,6349,1,0
E,F,F,3685,100,3685,1,0
F,G,F,7369,100,7369,1,0
F,H,F,6275,100,6275,1,0
A,G,G,9612,100,9612,1,0
B,G,G,7178,100,7178,1,0
C,G,G,1568,100,1568,1,0
D,G,G,9216,100,9216,1,0
E,G,G,9940,100,9940,1,0
F,G,G,7368,100,7368,1,0
G,H,G,9295,100,9295,1,0
A,H,H,9384,100,9384,1,0
B,H,H,6203,100,6203,1,0
C,H,H,9028,100,9028,1,0
D,H,H,1414,100,1414,1,0
E,H,H,9642,100,9642,1,0
F,H,H,6267,100,6267,1,0
G,H,H,9295,100,9295,1,0
A,B,A,3662,100,3662,1,0
A,C,A,9301,100,9301,1,0
A,D,A,9295,100,9295,1,0
A,E,A,1413,100,1413,1,0
A,F,A,3514,100,3514,1,0
A,G,A,9620,100,9620,1,0
A,H,A,9334,100,9334,1,0
A,B,B,3633,100,3633,1,0
B,C,B,6722,100,6722,1,0
B,D,B,5930,100,5930,1,0
B,E,B,4284,100,4284,1,0
B,F,B,1412,100,1412,1,0
B,G,B,7210,100,7210,1,0
B,H,B,6201,100,6201,1,0
A,C,C,9252,100,9252,1,0
B,C,C,6805,100,6805,1,0
C,D,C,8764,100,8764,1,0
C,E,C,9811,100,9811,1,0
C,F,C,7199,100,7199,1,0
C,G,C,1603,100,1603,1,0
C,H,C,9034,100,9034,1,0
A,D,D,9262,100,9262,1,0
B,D,D,5921,100,5921,1,0
C,D,D,8743,100,8743,1,0
D,E,D,9752,100,9752,1,0
D,F,D,6407,100,6407,1,0
D,G,D,9260,100,9260,1,0
D,H,D,1413,100,1413,1,0
A,E,E,1429,100,1429,1,0
B,E,E,4300,100,4300,1,0
C,E,E,9818,100,9818,1,0
D,E,E,9756,100,9756,1,0
E,F,E,3673,100,3673,1,0
E,G,E,9908,100,9908,1,0
E,H,E,9645,100,9645,1,0
A,F,F,3501,100,3501,1,0
B,F,F,1399,100,1399,1,0
C,F,F,7193,100,7193,1,0
D,F,F,6362,100,6362,1,0
E,F,F,3702,100,3702,1,0
F,G,F,7350,100,7350,1,0
F,H,F,6229,100,6229,1,0
A,G,G,9601,100,9601,1,0
B,G,G,7178,100,7178,1,0
C,G,G,1613,100,1613,1,0
D,G,G,9272,100,9272,1,0
E,G,G,9926,100,9926,1,0
F,G,G,7348,100,7348,1,0
G,H,G,9347,100,9347,1,0
A,H,H,9391,100,9391,1,0
B,H,H,6166,100,6166,1,0
C,H,H,9048,100,9048,1,0
D,H,H,1444,100,1444,1,0
E,H,H,9674,100,9674,1,0
F,H,H,6260,100,6260,1,0
G,H,H,9309,100,9309,1,0
A,B,A,3656,100,3656,1,0
A,C,A,9287,100,9287,1,0
A,D,A,9262,100,9262,1,0
A,E,A,1408,100,1408,1,0
A,F,A,3514,100,3514,1,0
A,G,A,9559,100,9559,1,0
A,H,A,9379,100,9379,1,0
A,B,B,3638,100,3638,1,0
B,C,B,6725,100,6725,1,0
B,D,B,5945,100,5945,1,0
B,E,B,4333,100,4333,1,0
B,F,B,1396,100,1396,1,0
B,G,B,7213,100,7213,1,0
B,H,B,6200,100,6200,1,0
A,C,C,9305,100,9305,1,0
B,C,C,6753,100,6753,1,0
C,D,C,8765,100,8765,1,0
C,E,C,9818,100,9818,1,0
C,F,C,7203,100,7203,1,0
C,G,C,1579,100,1579,1,0
C,H,C,9039,100,9039,1,0
A,D,D,9276,100,9276,1,0
B,D,D,5948,100,5948,1,0
C,D,D,8717,100,8717,1,0
D,E,D,9729,100,9729,1,0
D,F,D,6358,100,6358,1,0
D,G,D,9238,100,9238,1,0
D,H,D,1436,100,1436,1,0
A,E,E,1438,100,1438,1,0
B,E,E,4260,100,4260,1,0
C,E,E,9865,100,9865,1,0
D,E,E,9703,100,9703,1,0
E,F,E,3678,100,3678,1,0
E,G,E,9897,100,9897,1,0
E,H,E,9687,100,9687,1,0
A,F,F,3557,100,3557,1,0
B,F,F,1398,100,1398,1,0
C,F,F,7254,100,7254,1,0
D,F,F,6359,100,6359,1,0
E,F,F,3681,100,3681,1,0
F,G,F,7375,100,7375,1,0
F,H,F,6295,100,6295,1,0
A,G,G,9626,100,9626,1,0
B,G,G,7184,100,7184,1,0
C,G,G,1576,100,1576,1,0
D,G,G,9217,100,9217,1,0
E,G,G,9907,100,9907,1,0
F,G,G,7387,100,7387,1,0
G,H,G,9325,100,9325,1,0
A,H,H,9366,100,9366,1,0
B,H,H,6189,100,6189,1,0
C,H,H,9042,100,9042,1,0
D,H,H,1422,100,1422,1,0
E,H,H,9654,100,9654,1,0
F,H,H,6241,100,6241,1,0
G,H,H,9302,100,9302,1,0
A,B,A,3640,100,3640,1,0
A,C,A,9351,100,9351,1,0
A,D,A,9285,100,9285,1,0
A,E,A,1411,100,1411,1,0
A,F,A,3530,100,3530,1,0
A,G,A,9607,100,9607,1,0
A,H,A,9381,100,9381,1,0
A,B,B,3618,100,3618,1,0
B,C,B,6708,100,6708,1,0
B,D,B,5927,100,5927,1,0
B,E,B,4290,100,4290,1,0
B,F,B,1409,100,1409,1,0
B,G,B,7174,100,7174,1,0
B,H,B,6243,100,6243,1,0
A,C,C,9294,100,9294,1,0
B,C,C,6799,100,6799,1,0
C,D,C,8726,100,8726,1,0
C,E,C,9851,100,9851,1,0
C,F,C,7175,100,7175,1,0
C,G,C,1566,100,1566,1,0
C,H,C,9117,100,9117,1,0
A,D,D,9295,100,9295,1,0
B,D,D,5961,100,5961,1,0
C,D,D,8733,100,8733,1,0
D,E,D,9753,100,9753,1,0
D,F,D,6351,100,6351,1,0
D,G,D,9242,100,9242,1,0
D,H,D,1438,100,1438,1,0
A,E,E,1482,100,1482,1,0
B,E,E,4325,100,4325,1,0
C,E,E,9880,100,9880,1,0
D,E,E,9791,100,9791,1,0
E,F,E,3678,100,3678,1,0
E,G,E,9899,100,9899,1,0
E,H,E,9623,100,9623,1,0
A,F,F,3525,100,3525,1,0
B,F,F,1427,100,1427,1,0
C,F,F,7213,100,7213,1,0
D,F,F,6372,100,6372,1,0
E,F,F,3671,100,3671,1,0
F,G,F,7357,100,7357,1,0
F,H,F,6244,100,6244,1,0
A,G,G,9616,100,9616,1,0
B,G,G,7165,100,7165,1,0
C,G,G,1597,100,1597,1,0
D,G,G,9238,100,9238,1,0
E,G,G,9957,100,9957,1,0
F,G,G,7376,100,7376,1,0
G,H,G,9335,100,9335,1,0
A,H,H,9415,100,9415,1,0
B,H,H,6208,100,6208,1,0
C,H,H,9068,100,9068,1,0
D,H,H,1440,100,1440,1,0
E,H,H,9660,100,9660,1,0
F,H,H,6317,100,6317,1,0
G,H,H,9285,100,9285,1,0
A,B,A,3642,100,3642,1,0
A,C,A,9319,100,9319,1,0
A,D,A,9276,100,9276,1,0
A,E,A,1432,100,1432,1,0
A,F,A,3519,100,3519,1,0
A,G,A,9594,100,9594,1,0
A,H,A,9384,100,9384,1,0
A,B,B,3622,100,3622,1,0
B,C,B,6722,100,6722,1,0
B,D,B,5956,100,5956,1,0
B,E,B,4290,100,4290,1,0
B,F,B,1378,100,1378,1,0
B,G,B,7207,100,7207,1,0
B,H,B,6213,100,6213,1,0
A,C,C,9282,100,9282,1,0
B,C,C,6731,100,6731,1,0
C,D,C,8737,100,8737,1,0
C,E,C,9869,100,9869,1,0
C,F,C,7220,100,7220,1,0
C,G,C,1587,100,1587,1,0
C,H,C,9049,100,9049,1,0
A,D,D,9258,100,9258,1,0
B,D,D,5947,100,5947,1,0
C,D,D,8759,100,8759,1,0
D,E,D,9737,100,9737,1,0
D,F,D,6343,100,6343,1,0
D,G,D,9239,100,9239,1,0
D,H,D,1425,100,1425,1,0
A,E,E,1446,100,1446,1,0
B,E,E,4305,100,4305,1,0
C,E,E,9843,100,9843,1,0
D,E,E,9709,100,9709,1,0
E,F,E,3680,100,3680,1,0
E,G,E,9911,100,9911,1,0
E,H,E,9676,100,9676,1,0
A,F,F,3492,100,3492,1,0
B,F,F,1442,100,1442,1,0
C,F,F,7225,100,7225,1,0
D,F,F,6347,100,6347,1,0
E,F,F,3696,100,3696,1,0
F,G,F,7359,100,7359,1,0
F,H,F,6237,100,6237,1,0
A,G,G,9641,100,9641,1,0
B,G,G,7202,100,7202,1,0
C,G,G,1628,100,1628,1,0
D,G,G,9224,100,9224,1,0
E,G,G,9904,100,9904,1,0
F,G,G,7365,100,7365,1,0
G,H,G,9314,100,9314,1,0
A,H,H,9438,100,9438,1,0
B,H,H,6222,100,6222,1,0
C,H,H,9039,100,9039,1,0
D,H,H,1404,100,1404,1,0
E,H,H,9617,100,9617,1,0
F,H,H,6264,100,6264,1,0
G,H,H,9300,100,9300,1,0
A,B,A,3622,100,3622,1,0
A,C,A,9315,100,9315,1,0
A,D,A,9275,100,9275,1,0
A,E,A,1456,100,1456,1,0
A,F,A,3486,100,3486,1,0
A,G,A,9576,100,9576,1,0
A,H,A,9420,100,9420,1,0
A,B,B,3644,100,3644,1,0
B,C,B,6746,100,6746,1,0
B,D,B,5933,100,5933,1,0
B,E,B,4308,100,4308,1,0
B,F,B,1421,100,1421,1,0
B,G,B,7195,100,7195,1,0
B,H,B,6143,100,6143,1,0
A,C,C,9294,100,9294,1,0
B,C,C,6700,100,6700,1,0
C,D,C,8729,100,8729,1,0
C,E,C,9819,100,9819,1,0
C,F,C,7213,100,7213,1,0
C,G,C,1578,100,1578,1,0
C,H,C,9026,100,9026,1,0
A,D,D,9238,100,9238,1,0
B,D,D,5956,100,5956,1,0
C,D,D,8711,100,8711,1,0
D,E,D,9744,100,9744,1,0
D,F,D,6357,100,6357,1,0
D,G,D,9224,100,9224,1,0
D,H,D,1393,100,1393,1,0
A,E,E,1400,100,1400,1,0
B,E,E,4331,100,4331,1,0
C,E,E,9814,100,9814,1,0
D,E,E,9660,100,9660,1,0
E,F,E,3693,100,3693,1,0
E,G,E,9947,100,9947,1,0
E,H,E,9654,100,9654,1,0
A,F,F,3558,100,3558,1,0
B,F,F,1446,100,1446,1,0
C,F,F,7212,100,7212,1,0
D,F,F,6362,100,6362,1,0
E,F,F,3697,100,3697,1,0
F,G,F,7334,100,7334,1,0
F,H,F,6305,100,6305,1,0
A,G,G,9562,100,9562,1,0
B,G,G,7238,100,7238,1,0
C,G,G,1558,100,1558,1,0
D,G,G,9254,100,9254,1,0
E,G,G,9917,100,9917,1,0
F,G,G,7342,100,7342,1,0
G,H,G,9333,100,9333,1,0
A,H,H,9356,100,9356,1,0
B,H,H,6188,100,6188,1,0
C,H,H,9053,100,9053,1,0
D,H,H,1408,100,1408,1,0
E,H,H,9680,100,9680,1,0
F,H,H,6291,100,6291,1,0
G,H,H,9291,100,9291,1,0
A,B,A,3632,100,3632,1,0
A,C,A,9257,100,9257,1,0
A,D,A,9279,100,9279,1,0
A,E,A,1479,100,1479,1,0
A,F,A,3496,100,3496,1,0
A,G,A,9559,100,9559,1,0
A,H,A,9400,100,9400,1,0
A,B,B,3663,100,3663,1,0
B,C,B,6745,100,6745,1,0
B,D,B,5935,100,5935,1,0
B,E,B,4321,100,4321,1,0
B,F,B,1428,100,1428,1,0
B,G,B,7203,100,7203,1,0
B,H,B,6194,100,6194,1,0
A,C,C,9270,100,9270,1,0
B,C,C,6741,100,6741,1,0
C,D,C,8726,100,8726,1,0
C,E,C,9851,100,9851,1,0
C,F,C,7203,100,7203,1,0
C,G,C,1585,100,1585,1,0
C,H,C,9061,100,9061,1,0
A,D,D,9270,100,9270,1,0
B,D,D,5996,100,5996,1,0
C,D,D,8732,100,8732,1,0
D,E,D,9710,100,9710,1,0
D,F,D,6329,100,6329,1,0
D,G,D,9244,100,9244,1,0
D,H,D,1451,100,1451,1,0
A,E,E,1435,100,1435,1,0
B,E,E,4329,100,4329,1,0
C,E,E,9826,100,9826,1,0
D,E,E,9708,100,9708,1,0
E,F,E,3658,100,3658,1,0
E,G,E,9925,100,9925,1,0
E,H,E,9598,100,9598,1,0
A,F,F,3523,100,3523,1,0
B,F,F,1397,100,1397,1,0
C,F,F,7228,100,7228,1,0
D,F,F,6329,100,6329,1,0
E,F,F,3739,100,3739,1,0
F,G,F,7381,100,7381,1,0
F,H,F,6325,100,6325,1,0
A,G,G,9613,100,9613,1,0
B,G,G,7196,100,7196,1,0
C,G,G,1543,100,1543,1,0
D,G,G,9265,100,9265,1,0
E,G,G,9901,100,9901,1,0
F,G,G,7375,100,7375,1,0
G,H,G,9302,100,9302,1,0
A,H,H,9365,100,9365,1,0
B,H,H,6239,100,6239,1,0
C,H,H,9091,100,9091,1,0
D,H,H,1464,100,1464,1,0
E,H,H,9663,100,9663,1,0
F,H,H,6286,100,6286,1,0
G,H,H,9304,100,9304,1,0
A,B,A,3659,100,3659,1,0
A,C,A,9292,100,9292,1,0
A,D,A,9287,100,9287,1,0
A,E,A,1399,100,1399,1,0
A,F,A,3486,100,3486,1,0
A,G,A,9583,100,9583,1,0
A,H,A,9367,100,9367,1,0
A,B,B,3690,100,3690,1,0
B,C,B,6718,100,6718,1,0
B,D,B,5964,100,5964,1,0
B,E,B,4285,100,4285,1,0
B,F,B,1365,100,1365,1,0
B,G,B,7181,100,7181,1,0
B,H,B,6195,100,6195,1,0
A,C,C,9302,100,9302,1,0
B,C,C,6705,100,6705,1,0
C,D,C,8723,100,8723,1,0
C,E,C,9842,100,9842,1,0
C,F,C,7201,100,7201,1,0
C,G,C,1587,100,1587,1,0
C,H,C,9052,100,9052,1,0
A,D,D,9295,100,9295,1,0
B,D,D,5962,100,5962,1,0
C,D,D,8730,100,8730,1,0
D,E,D,9758,100,9758,1,0
D,F,D,6337,100,6337,1,0
D,G,D,9270,100,9270,1,0
D,H,D,1385,100,1385,1,0
A,E,E,1414,100,1414,1,0
B,E,E,4312,100,4312,1,0
C,E,E,9824,100,9824,1,0
D,E,E,9729,100,9729,1,0
E,F,E,3713,100,3713,1,0
E,G,E,9921,100,9921,1,0
E,H,E,9654,100,9654,1,0
A,F,F,3548,100,3548,1,0
B,F,F,1405,100,1405,1,0
C,F,F,7224,100,7224,1,0
D,F,F,6351,100,6351,1,0
E,F,F,3701,100,3701,1,0
F,G,F,7391,100,7391,1,0
F,H,F,6264,100,6264,1,0
A,G,G,9589,100,9589,1,0
B,G,G,7196,100,7196,1,0
C,G,G,1557,100,1557,1,0
D,G,G,9210,100,9210,1,0
E,G,G,9944,100,9944,1,0
F,G,G,7349,100,7349,1,0
G,H,G,9313,100,9313,1,0
A,H,H,9448,100,9448,1,0
B,H,H,6177,100,6177,1,0
C,H,H,9096,100,9096,1,0
D,H,H,1386,100,1386,1,0
E,H,H,9644,100,9644,1,0
F,H,H,6260,100,6260,1,0
G,H,H,9325,100,9325,1,0
A,B,A,3620,100,3620,1,0
A,C,A,9284,100,9284,1,0
A,D,A,9259,100,9259,1,0
A,E,A,1454,100,1454,1,0
A,F,A,3519,100,3519,1,0
A,G,A,9608,100,9608,1,0
A,H,A,9373,100,9373,1,0
A,B,B,3653,100,3653,1,0
B,C,B,6731,100,6731,1,0
B,D,B,6013,100,6013,1,0
B,E,B,4301,100,4301,1,0
B,F,B,1391,100,1391,1,0
B,G,B,7165,100,7165,1,0
B,H,B,6186,100,6186,1,0
A,C,C,9311,100,9311,1,0
B,C,C,6751,100,6751,1,0
C,D,C,8683,100,8683,1,0
C,E,C,9842,100,9842,1,0
C,F,C,7200,100,7200,1,0
C,G,C,1567,100,1567,1,0
C,H,C,9068,100,9068,1,0
A,D,D,9249,100,9249,1,0
B,D,D,6001,100,6001,1,0
C,D,D,8760,100,8760,1,0
D,E,D,9710,100,9710,1,0
D,F,D,6361,100,6361,1,0
D,G,D,9300,100,9300,1,0
D,H,D,1403,100,1403,1,0
A,E,E,1400,100,1400,1,0
B,E,E,4300,100,4300,1,0
C,E,E,9806,100,9806,1,0
D,E,E,9754,100,9754,1,0
E,F,E,3670,100,3670,1,0
E,G,E,9902,100,9902,1,0
E,H,E,9658,100,9658,1,0
A,F,F,3540,100,3540,1,0
B,F,F,1387,100,1387,1,0
C,F,F,7199,100,7199,1,0
D,F,F,6391,100,6391,1,0
E,F,F,3690,100,3690,1,0
F,G,F,7366,100,7366,1,0
F,H,F,6264,100,6264,1,0
A,G,G,9636,100,9636,1,0
B,G,G,7180,100,7180,1,0
C,G,G,1597,100,1597,1,0
D,G,G,9232,100,9232,1,0
E,G,G,9905,100,9905,1,0
F,G,G,7337,100,7337,1,0
G,H,G,9344,100,9344,1,0
A,H,H,9427,100,9427,1,0
B,H,H,6193,100,6193,1,0
C,H,H,9073,100,9073,1,0
D,H,H,1446,100,1446,1,0
E,H,H,9648,100,9648,1,0
F,H,H,6267,100,6267,1,0
G,H,H,9322,100,9322,1,0
A,B,A,3654,100,3654,1,0
A,C,A,9266,100,9266,1,0
A,D,A,9283,100,9283,1,0
A,E,A,1450,100,1450,1,0
A,F,A,3515,100,3515,1,0
A,G,A,9594,100,9594,1,0
A,H,A,9387,100,9387,1,0
A,B,B,3650,100,3650,1,0
B,C,B,6735,100,6735,1,0
B,D,B,5989,100,5989,1,0
B,E,B,4298,100,4298,1,0
B,F,B,1400,100,1400,1,0
B,G,B,7206,100,7206,1,0
B,H,B,6161,100,6161,1,0
A,C,C,9307,100,9307,1,0
B,C,C,6742,100,6742,1,0
C,D,C,8738,100,8738,1,0
C,E,C,9825,100,9825,1,0
C,F,C,7204,100,7204,1,0
C,G,C,1553,100,1553,1,0
C,H,C,9035,100,9035,1,0
A,D,D,9254,100,9254,1,0
B,D,D,5936,100,5936,1,0
C,D,D,8742,100,8742,1,0
D,E,D,9734,100,9734,1,0
D,F,D,6400,100,6400,1,0
D,G,D,9244,100,9244,1,0
D,H,D,1399,100,1399,1,0
A,E,E,1471,100,1471,1,0
B,E,E,4323,100,4323,1,0
C,E,E,9815,100,9815,1,0
D,E,E,9757,100,9757,1,0
E,F,E,3694,100,3694,1,0
E,G,E,9886,100,9886,1,0
E,H,E,9686,100,9686,1,0
A,F,F,3588,100,3588,1,0
B,F,F,1413,100,1413,1,0
C,F,F,7242,100,7242,1,0
D,F,F,6325,100,6325,1,0
E,F,F,3689,100,3689,1,0
F,G,F,7408,100,7408,1,0
F,H,F,6275,100,6275,1,0
A,G,G,9649,100,9649,1,0
B,G,G,7208,100,7208,1,0
C,G,G,1570,100,1570,1,0
D,G,G,9234,100,9234,1,0
E,G,G,9928,100,9928,1,0
F,G,G,7376,100,7376,1,0
G,H,G,9324,100,9324,1,0
A,H,H,9383,100,9383,1,0
B,H,H,6206,100,6206,1,0
C,H,H,9085,100,9085,1,0
D,H,H,1413,100,1413,1,0
E,H,H,9680,100,9680,1,0
F,H,H,6232,100,6232,1,0
G,H,H,9310,100,9310,1,0
A,B,A,3689,100,3689,1,0
A,C,A,9264,100,9264,1,0
A,D,A,9259,100,9259,1,0
A,E,A,1441,100,1441,1,0
A,F,A,3498,100,3498,1,0
A,G,A,9590,100,9590,1,0
A,H,A,9399,100,9399,1,0
A,B,B,3636,100,3636,1,0
B,C,B,6743,100,6743,1,0
B,D,B,5958,100,5958,1,0
B,E,B,4337,100,4337,1,0
B,F,B,1409,100,1409,1,0
B,G,B,7203,100,7203,1,0
B,H,B,6219,100,6219,1,0
A,C,C,9290,100,9290,1,0
B,C,C,6742,100,6742,1,0
C,D,C,8718,100,8718,1,0
C,E,C,9818,100,9818,1,0
C,F,C,7209,100,7209,1,0
C,G,C,1579,100,1579,1,0
C,H,C,9057,100,9057,1,0
A,D,D,9285,100,9285,1,0
B,D,D,5916,100,5916,1,0
C,D,D,8717,100,8717,1,0
D,E,D,9739,100,9739,1,0
D,F,D,6382,100,6382,1,0
D,G,D,9248,100,9248,1,0
D,H,D,1387,100,1387,1,0
A,E,E,1408,100,1408,1,0
B,E,E,4344,100,4344,1,0
C,E,E,9854,100,9854,1,0
D,E,E,9686,100,9686,1,0
E,F,E,3695,100,3695,1,0
E,G,E,9917,100,9917,1,0
E,H,E,9611,100,9611,1,0
A,F,F,3532,100,3532,1,0
B,F,F,1449,100,1449,1,0
C,F,F,7210,100,7210,1,0
D,F,F,6349,100,6349,1,0
E,F,F,3701,100,3701,1,0
F,G,F,7362,100,7362,1,0
F,H,F,6253,100,6253,1,0
A,G,G,9578,100,9578,1,0
B,G,G,7192,100,7192,1,0
C,G,G,1620,100,1620,1,0
D,G,G,9243,100,9243,1,0
E,G,G,9914,100,9914,1,0
F,G,G,7369,100,7369,1,0
G,H,G,9324,100,9324,1,0
A,H,H,9409,100,9409,1,0
B,H,H,6241,100,6241,1,0
C,H,H,9106,100,9106,1,0
D,H,H,1472,100,1472,1,0
E,H,H,9658,100,9658,1,0
F,H,H,6253,100,6253,1,0
G,H,H,9301,100,9301,1,0
A,B,A,3624,100,3624,1,0
A,C,A,9327,100,9327,1,0
A,D,A,9267,100,9267,1,0
A,E,A,1421,100,1421,1,0
A,F,A,3478,100,3478,1,0
A,G,A,9617,100,9617,1,0
A,H,A,9392,100,9392,1,0
A,B,B,3653,100,3653,1,0
B,C,B,6689,100,6689,1,0
B,D,B,5929,100,5929,1,0
B,E,B,4254,100,4254,1,0
B,F,B,1362,100,1362,1,0
B,G,B,7192,100,7192,1,0
B,H,B,6170,100,6170,1,0
A,C,C,9315,100,9315,1,0
B,C,C,6725,100,6725,1,0
C,D,C,8726,100,8726,1,0
C,E,C,9796,100,9796,1,0
C,F,C,7245,100,7245,1,0
C,G,C,1590,100,1590,1,0
C,H,C,9090,100,9090,1,0
A,D,D,9265,100,9265,1,0
B,D,D,5975,100,5975,1,0
C,D,D,8723,100,8723,1,0
D,E,D,9742,100,9742,1,0
D,F,D,6384,100,6384,1,0
D,G,D,9222,100,9222,1,0
D,H,D,1439,100,1439,1,0
A,E,E,1429,100,1429,1,0
B,E,E,4344,100,4344,1,0
C,E,E,9864,100,9864,1,0
D,E,E,9760,100,9760,1,0
E,F,E,3671,100,3671,1,0
E,G,E,9905,100,9905,1,0
E,H,E,9659,100,9659,1,0
A,F,F,3485,100,3485,1,0
B,F,F,1398,100,1398,1,0
C,F,F,7214,100,7214,1,0
D,F,F,6375,100,6375,1,0
E,F,F,3695,100,3695,1,0
F,G,F,7374,100,7374,1,0
F,H,F,6292,100,6292,1,0
A,G,G,9584,100,9584,1,0
B,G,G,7228,100,7228,1,0
C,G,G,1581,100,1581,1,0
D,G,G,9254,100,9254,1,0
E,G,G,9933,100,9933,1,0
F,G,G,7367,100,7367,1,0
G,H,G,9358,100,9358,1,0
A,H,H,9396,100,9396,1,0
B,H,H,6203,100,6203,1,0
C,H,H,9066,100,9066,1,0
D,H,H,1465,100,1465,1,0
E,H,H,9671,100,9671,1,0
F,H,H,6280,100,6280,1,0
G,H,H,9361,100,9361,1,0
A,B,A,3628,100,3628,1,0
A,C,A,9328,100,9328,1,0
A,D,A,9259,100,9259,1,0
A,E,A,1474,100,1474,1,0
A,F,A,3518,100,3518,1,0
A,G,A,9584,100,9584,1,0
A,H,A,9404,100,9404,1,0
A,B,B,3632,100,3632,1,0
B,C,B,6711,100,6711,1,0
B,D,B,6001,100,6001,1,0
B,E,B,4314,100,4314,1,0
B,F,B,1420,100,1420,1,0
B,G,B,7169,100,7169,1,0
B,H,B,6177,100,6177,1,0
A,C,C,9309,100,9309,1,0
B,C,C,6740,100,6740,1,0
C,D,C,8742,100,8742,1,0
C,E,C,9850,100,9850,1,0
C,F,C,7233,100,7233,1,0
C,G,C,1539,100,1539,1,0
C,H,C,9010,100,9010,1,0
A,D,D,9259,100,9259,1,0
B,D,D,5905,100,5905,1,0
C,D,D,8699,100,8699,1,0
D,E,D,9768,100,9768,1,0
D,F,D,6368,100,6368,1,0
D,G,D,9270,100,9270,1,0
D,H,D,1413,100,1413,1,0
A,E,E,1493,100,1493,1,0
B,E,E,4318,100,4318,1,0
C,E,E,9859,100,9859,1,0
D,E,E,9791,100,9791,1,0
E,F,E,3683,100,3683,1,0
E,G,E,9909,100,9909,1,0
E,H,E,9694,100,9694,1,0
A,F,F,3515,100,3515,1,0
B,F,F,1377,100,1377,1,0
C,F,F,7215,100,7215,1,0
D,F,F,6324,100,6324,1,0
E,F,F,3707,100,3707,1,0
F,G,F,7363,100,7363,1,0
F,H,F,6302,100,6302,1,0
A,G,G,9638,100,9638,1,0
B,G,G,7198,100,7198,1,0
C,G,G,1583,100,1583,1,0
D,G,G,9228,100,9228,1,0
E,G,G,9927,100,9927,1,0
F,G,G,7368,100,7368,1,0
G,H,G,9323,100,9323,1,0
A,H,H,9426,100,9426,1,0
B,H,H,6188,100,6188,1,0
C,H,H,9009,100,9009,1,0
D,H,H,1460,100,1460,1,0
E,H,H,9649,100,9649,1,0
F,H,H,6285,100,6285,1,0
G,H,H,9337,100,9337,1,0
A,B,A,3621,100,3621,1,0
A,C,A,9343,100,9343,1,0
A,D,A,9256,100,9256,1,0
A,E,A,1418,100,1418,1,0
A,F,A,3550,100,3550,1,0
A,G,A,9592,100,9592,1,0
A,H,A,9394,100,9394,1,0
A,B,B,3607,100,3607,1,0
B,C,B,6765,100,6765,1,0
B,D,B,5978,100,5978,1,0
B,E,B,4293,100,4293,1,0
B,F,B,1375,100,1375,1,0
B,G,B,7186,100,7186,1,0
B,H,B,6237,100,6237,1,0
A,C,C,9307,100,9307,1,0
B,C,C,6792,100,6792,1,0
C,D,C,8694,100,8694,1,0
C,E,C,9868,100,9868,1,0
C,F,C,7166,100,7166,1,0
C,G,C,1587,100,1587,1,0
C,H,C,9044,100,9044,1,0
A,D,D,9259,100,9259,1,0
B,D,D,5956,100,5956,1,0
C,D,D,8748,100,8748,1,0
D,E,D,9760,100,9760,1,0
D,F,D,6365,100,6365,1,0
D,G,D,9232,100,9232,1,0
D,H,D,1422,100,1422,1,0
A,E,E,1409,100,1409,1,0
B,E,E,4339,100,4339,1,0
C,E,E,9811,100,9811,1,0
D,E,E,9783,100,9783,1,0
E,F,E,3677,100,3677,1,0
E,G,E,9920,100,9920,1,0
E,H,E,9673,100,9673,1,0
A,F,F,3561,100,3561,1,0
B,F,F,1355,100,1355,1,0
C,F,F,7195,100,7195,1,0
D,F,F,6359,100,6359,1,0
E,F,F,3738,100,3738,1,0
F,G,F,7359,100,7359,1,0
F,H,F,6314,100,6314,1,0
A,G,G,9611,100,9611,1,0
B,G,G,7214,100,7214,1,0
C,G,G,1576,100,1576,1,0
D,G,G,9225,100,9225,1,0
E,G,G,9919,100,9919,1,0
F,G,G,7344,100,7344,1,0
G,H,G,9370,100,9370,1,0
A,H,H,9388,100,9388,1,0
B,H,H,6200,100,6200,1,0
C,H,H,9061,100,9061,1,0
D,H,H,1449,100,1449,1,0
E,H,H,9643,100,9643,1,0
F,H,H,6265,100,6265,1,0
G,H,H,9297,100,9297,1,0
A,B,A,3613,100,3613,1,0
A,C,A,9258,100,9258,1,0
A,D,A,9282,100,9282,1,0
A,E,A,1465,100,1465,1,0
A,F,A,3517,100,3517,1,0
A,G,A,9624,100,9624,1,0
A,H,A,9419,100,9419,1,0
A,B,B,3652,100,3652,1,0
B,C,B,6705,100,6705,1,0
B,D,B,5974,100,5974,1,0
B,E,B,4304,100,4304,1,0
B,F,B,1429,100,1429,1,0
B,G,B,7232,100,7232,1,0
B,H,B,6150,100,6150,1,0
A,C,C,9311,100,9311,1,0
B,C,C,6708,100,6708,1,0
C,D,C,8777,100,8777,1,0
C,E,C,9852,100,9852,1,0
C,F,C,7176,100,7176,1,0
C,G,C,1568,100,1568,1,0
C,H,C,9066,100,9066,1,0
A,D,D,9296,100,9296,1,0
B,D,D,5991,100,5991,1,0
C,D,D,8709,100,8709,1,0
D,E,D,9748,100,9748,1,0
D,F,D,6331,100,6331,1,0
D,G,D,9211,100,9211,1,0
D,H,D,1429,100,1429,1,0
A,E,E,1496,100,1496,1,0
B,E,E,4313,100,4313,1,0
C,E,E,9806,100,9806,1,0
D,E,E,9765,100,9765,1,0
E,F,E,3676,100,3676,1,0
E,G,E,9904,100,9904,1,0
E,H,E,9644,100,9644,1,0
A,F,F,3574,100,3574,1,0
B,F,F,1414,100,1414,1,0
C,F,F,7205,100,7205,1,0
D,F,F,6354,100,6354,1,0
E,F,F,3724,100,3724,1,0
F,G,F,7357,100,7357,1,0
F,H,F,6304,100,6304,1,0
A,G,G,9573,100,9573,1,0
B,G,G,7242,100,7242,1,0
C,G,G,1600,100,1600,1,0
D,G,G,9243,100,9243,1,0
E,G,G,9947,100,9947,1,0
F,G,G,7370,100,7370,1,0
G,H,G,9295,100,9295,1,0
A,H,H,9401,100,9401,1,0
B,H,H,6228,100,6228,1,0
C,H,H,9033,100,9033,1,0
D,H,H,1384,100,1384,1,0
E,H,H,9657,100,9657,1,0
F,H,H,6278,100,6278,1,0
G,H,H,9336,100,9336,1,0
A,B,A,3621,100,3621,1,0
A,C,A,9301,100,9301,1,0
A,D,A,9269,100,9269,1,0
A,E,A,1465,100,1465,1,0
A,F,A,3539,100,3539,1,0
A,G,A,9576,100,9576,1,0
A,H,A,9358,100,9358,1,0
A,B,B,3673,100,3673,1,0
B,C,B,6749,100,6749,1,0
B,D,B,5978,100,5978,1,0
B,E,B,4320,100,4320,1,0
B,F,B,1371,100,1371,1,0
B,G,B,7180,100,7180,1,0
B,H,B,6186,100,6186,1,0
A,C,C,9257,100,9257,1,0
B,C,C,6725,100,6725,1,0
C,D,C,8719,100,8719,1,0
C,E,C,9797,100,9797,1,0
C,F,C,7224,100,7224,1,0
C,G,C,1597,100,1597,1,0
C,H,C,9019,100,9019,1,0
A,D,D,9275,100,9275,1,0
B,D,D,5927,100,5927,1,0
C,D,D,8702,100,8702,1,0
D,E,D,9709,100,9709,1,0
D,F,D,6347,100,6347,1,0
D,G,D,9245,100,9245,1,0
D,H,D,1398,100,1398,1,0
A,E,E,1436,100,1436,1,0
B,E,E,4302,100,4302,1,0
C,E,E,9801,100,9801,1,0
D,E,E,9716,100,9716,1,0
E,F,E,3667,100,3667,1,0
E,G,E,9927,100,9927,1,0
E,H,E,9644,100,9644,1,0
A,F,F,3516,100,3516,1,0
B,F,F,1409,100,1409,1,0
C,F,F,7202,100,7202,1,0
D,F,F,6334,100,6334,1,0
E,F,F,3711,100,3711,1,0
F,G,F,7380,100,7380,1,0
F,H,F,6252,100,6252,1,0
A,G,G,9590,100,9590,1,0
B,G,G,7217,100,7217,1,0
C,G,G,1581,100,1581,1,0
D,G,G,9251,100,9251,1,0
E,G,G,9909,100,9909,1,0
F,G,G,7367,100,7367,1,0
G,H,G,9348,100,9348,1,0
A,H,H,9364,100,9364,1,0
B,H,H,6219,100,6219,1,0
C,H,H,9054,100,9054,1,0
D,H,H,1420,100,1420,1,0
E,H,H,9659,100,9659,1,0
F,H,H,6285,100,6285,1,0
G,H,H,9312,100,9312,1,0
A,B,A,3647,100,3647,1,0
A,C,A,9304,100,9304,1,0
A,D,A,9286,100,9286,1,0
A,E,A,1445,100,1445,1,0
A,F,A,3515,100,3515,1,0
A,G,A,9581,100,9581,1,0
A,H,A,9414,100,9414,1,0
A,B,B,3579,100,3579,1,0
B,C,B,6726,100,6726,1,0
B,D,B,5938,100,5938,1,0
B,E,B,4314,100,4314,1,0
B,F,B,1402,100,1402,1,0
B,G,B,7174,100,7174,1,0
B,H,B,6192,100,6192,1,0
A,C,C,9233,100,9233,1,0
B,C,C,6781,100,6781,1,0
C,D,C,8735,100,8735,1,0
C,E,C,9829,100,9829,1,0
C,F,C,7227,100,7227,1,0
C,G,C,1553,100,1553,1,0
C,H,C,9060,100,9060,1,0
A,D,D,9269,100,9269,1,0
B,D,D,5982,100,5982,1,0
C,D,D,8690,100,8690,1,0
D,E,D,9815,100,9815,1,0
D,F,D,6388,100,6388,1,0
D,G,D,9259,100,9259,1,0
D,H,D,1410,100,1410,1,0
A,E,E,1460,100,1460,1,0
B,E,E,4300,100,4300,1,0
C,E,E,9853,100,9853,1,0
D,E,E,9736,100,9736,1,0
E,F,E,3676,100,3676,1,0
E,G,E,9904,100,9904,1,0
E,H,E,9652,100,9652,1,0
A,F,F,3518,100,3518,1,0
B,F,F,1404,100,1404,1,0
C,F,F,7184,100,7184,1,0
D,F,F,6342,100,6342,1,0
E,F,F,3711,100,3711,1,0
F,G,F,7389,100,7389,1,0
F,H,F,6225,100,6225,1,0
A,G,G,9586,100,9586,1,0
B,G,G,7207,100,7207,1,0
C,G,G,1515,100,1515,1,0
D,G,G,9262,100,9262,1,0
E,G,G,9902,100,9902,1,0
F,G,G,7380,100,7380,1,0
G,H,G,9335,100,9335,1,0
A,H,H,9383,100,9383,1,0
B,H,H,6168,100,6168,1,0
C,H,H,9044,100,9044,1,0
D,H,H,1380,100,1380,1,0
E,H,H,9630,100,9630,1,0
F,H,H,6289,100,6289,1,0
G,H,H,9324,100,9324,1,0
A,B,A,3631,100,3631,1,0
A,C,A,9268,100,9268,1,0
A,D,A,9288,100,9288,1,0
A,E,A,1471,100,1471,1,0
A,F,A,3523,100,3523,1,0
A,G,A,9563,100,9563,1,0
A,H,A,9420,100,9420,1,0
A,B,B,3617,100,3617,1,0
B,C,B,6764,100,6764,1,0
B,D,B,5991,100,5991,1,0
B,E,B,4306,100,4306,1,0
B,F,B,1445,100,1445,1,0
B,G,B,7185,100,7185,1,0
B,H,B,6259,100,6259,1,0
A,C,C,9272,100,9272,1,0
B,C,C,6720,100,6720,1,0
C,D,C,8690,100,8690,1,0
C,E,C,9865,100,9865,1,0
C,F,C,7205,100,7205,1,0
C,G,C,1603,100,1603,1,0
C,H,C,9005,100,9005,1,0
A,D,D,9291,100,9291,1,0
B,D,D,5936,100,5936,1,0
C,D,D,8736,100,8736,1,0
D,E,D,9686,100,9686,1,0
D,F,D,6330,100,6330,1,0
D,G,D,9238,100,9238,1,0
D,H,D,1471,100,1471,1,0
A,E,E,1502,100,1502,1,0
B,E,E,4325,100,4325,1,0
C,E,E,9805,100,9805,1,0
D,E,E,9742,100,9742,1,0
E,F,E,3678,100,3678,1,0
E,G,E,9930,100,9930,1,0
E,H,E,9719,100,9719,1,0
A,F,F,3485,100,3485,1,0
B,F,F,1377,100,1377,1,0
C,F,F,7202,100,7202,1,0
D,F,F,6342,100,6342,1,0
E,F,F,3684,100,3684,1,0
F,G,F,7353,100,7353,1,0
F,H,F,6260,100,6260,1,0
A,G,G,9639,100,9639,1,0
B,G,G,7167,100,7167,1,0
C,G,G,1588,100,1588,1,0
D,G,G,9201,100,9201,1,0
E,G,G,9882,100,9882,1,0
F,G,G,7369,100,7369,1,0
G,H,G,9297,100,9297,1,0
A,H,H,9348,100,9348,1,0
B,H,H,6214,100,6214,1,0
C,H,H,9008,100,9008,1,0
D,H,H,1386,100,1386,1,0
E,H,H,9631,100,9631,1,0
F,H,H,6277,100,6277,1,0
G,H,H,9322,100,9322,1,0
A,B,A,3633,100,3633,1,0
A,C,A,9265,100,9265,1,0
A,D,A,9269,100,9269,1,0
A,E,A,1430,100,1430,1,0
A,F,A,3543,100,3543,1,0
A,G,A,9623,100,9623,1,0
A,H,A,9439,100,9439,1,0
A,B,B,3615,100,3615,1,0
B,C,B,6758,100,6758,1,0
B,D,B,5904,100,5904,1,0
B,E,B,4283,100,4283,1,0
B,F,B,1401,100,1401,1,0
B,G,B,7212,100,7212,1,0
B,H,B,6199,100,6199,1,0
A,C,C,9290,100,9290,1,0
B,C,C,6734,100,6734,1,0
C,D,C,8732,100,8732,1,0
C,E,C,9817,100,9817,1,0
C,F,C,7247,100,7247,1,0
C,G,C,1595,100,1595,1,0
C,H,C,9061,100,9061,1,0
A,D,D,9285,100,9285,1,0
B,D,D,5961,100,5961,1,0
C,D,D,8719,100,8719,1,0
D,E,D,9757,100,9757,1,0
D,F,D,6338,100,6338,1,0
D,G,D,9209,100,9209,1,0
D,H,D,1428,100,1428,1,0
A,E,E,1565,100,1565,1,0
B,E,E,4287,100,4287,1,0
C,E,E,9825,100,9825,1,0
D,E,E,9790,100,9790,1,0
E,F,E,3711,100,3711,1,0
E,G,E,9945,100,9945,1,0
E,H,E,9640,100,9640,1,0
A,F,F,3555,100,3555,1,0
B,F,F,1430,100,1430,1,0
C,F,F,7224,100,7224,1,0
D,F,F,6351,100,6351,1,0
E,F,F,3721,100,3721,1,0
F,G,F,7358,100,7358,1,0
F,H,F,6276,100,6276,1,0
A,G,G,9618,100,9618,1,0
B,G,G,7191,100,7191,1,0
C,G,G,1564,100,1564,1,0
D,G,G,9200,100,9200,1,0
E,G,G,9917,100,9917,1,0
F,G,G,7361,100,7361,1,0
G,H,G,9343,100,9343,1,0
A,H,H,9409,100,9409,1,0
B,H,H,6199,100,6199,1,0
C,H,H,9082,100,9082,1,0
D,H,H,1435,100,1435,1,0
E,H,H,9632,100,9632,1,0
F,H,H,6270,100,6270,1,0
G,H,H,9303,100,9303,1,0
A,B,A,3596,100,3596,1,0
A,C,A,9289,100,9289,1,0
A,D,A,9258,100,9258,1,0
A,E,A,1455,100,1455,1,0
A,F,A,3483,100,3483,1,0
A,G,A,9601,100,9601,1,0
A,H,A,9409,100,9409,1,0
A,B,B,3642,100,3642,1,0
B,C,B,6753,100,6753,1,0
B,D,B,5979,100,5979,1,0
B,E,B,4292,100,4292,1,0
B,F,B,1408,100,1408,1,0
B,G,B,7195,100,7195,1,0
B,H,B,6192,100,6192,1,0
A,C,C,9331,100,9331,1,0
B,C,C,6765,100,6765,1,0
C,D,C,8703,100,8703,1,0
C,E,C,9830,100,9830,1,0
C,F,C,7186,100,7186,1,0
C,G,C,1562,100,1562,1,0
C,H,C,9064,100,9064,1,0
A,D,D,9256,100,9256,1,0
B,D,D,5965,100,5965,1,0
C,D,D,8683,100,8683,1,0
D,E,D,9780,100,9780,1,0
D,F,D,6342,100,6342,1,0
D,G,D,9255,100,9255,1,0
D,H,D,1463,100,1463,1,0
A,E,E,1417,100,1417,1,0
B,E,E,4281,100,4281,1,0
C,E,E,9805,100,9805,1,0
D,E,E,9693,100,9693,1,0
E,F,E,3708,100,3708,1,0
E,G,E,9912,100,9912,1,0
E,H,E,9673,100,9673,1,0
A,F,F,3508,100,3508,1,0
B,F,F,1434,100,1434,1,0
C,F,F,7228,100,7228,1,0
D,F,F,6339,100,6339,1,0
E,F,F,3687,100,3687,1,0
F,G,F,7349,100,7349,1,0
F,H,F,6264,100,6264,1,0
A,G,G,9580,100,9580,1,0
B,G,G,7201,100,7201,1,0
C,G,G,1551,100,1551,1,0
D,G,G,9258,100,9258,1,0
E,G,G,9920,100,9920,1,0
F,G,G,7371,100,7371,1,0
G,H,G,9320,100,9320,1,0
A,H,H,9407,100,9407,1,0
B,H,H,6217,100,6217,1,0
C,H,H,9055,100,9055,1,0
D,H,H,1403,100,1403,1,0
E,H,H,9670,100,9670,1,0
F,H,H,6288,100,6288,1,0
G,H,H,9331,100,9331,1,0
A,B,A,3657,100,3657,1,0
A,C,A,9247,100,9247,1,0
A,D,A,9275,100,9275,1,0
A,E,A,1455,100,1455,1,0
A,F,A,3506,100,3506,1,0
A,G,A,9629,100,9629,1,0
A,H,A,9431,100,9431,1,0
A,B,B,3613,100,3613,1,0
B,C,B,6695,100,6695,1,0
B,D,B,5966,100,5966,1,0
B,E,B,4253,100,4253,1,0
B,F,B,1404,100,1404,1,0
B,G,B,7190,100,7190,1,0
B,H,B,6159,100,6159,1,0
A,C,C,9343,100,9343,1,0
B,C,C,6728,100,6728,1,0
C,D,C,8702,100,8702,1,0
C,E,C,9833,100,9833,1,0
C,F,C,7200,100,7200,1,0
C,G,C,1607,100,1607,1,0
C,H,C,9010,100,9010,1,0
A,D,D,9270,100,9270,1,0
B,D,D,5969,100,5969,1,0
C,D,D,8751,100,8751,1,0
D,E,D,9746,100,9746,1,0
D,F,D,6341,100,6341,1,0
D,G,D,9260,100,9260,1,0
D,H,D,1463,100,1463,1,0
A,E,E,1404,100,1404,1,0
B,E,E,4301,100,4301,1,0
C,E,E,9843,100,9843,1,0
D,E,E,9740,100,9740,1,0
E,F,E,3686,100,3686,1,0
E,G,E,9917,100,9917,1,0
E,H,E,9656,100,9656,1,0
A,F,F,3530,100,3530,1,0
B,F,F,1416,100,1416,1,0
C,F,F,7226,100,7226,1,0
D,F,F,6344,100,6344,1,0
E,F,F,3670,100,3670,1,0
F,G,F,7363,100,7363,1,0
F,H,F,6247,100,6247,1,0
A,G,G,9639,100,9639,1,0
B,G,G,7204,100,7204,1,0
C,G,G,1535,100,1535,1,0
D,G,G,9245,100,9245,1,0
E,G,G,9926,100,9926,1,0
F,G,G,7381,100,7381,1,0
G,H,G,9334,100,9334,1,0
A,H,H,9401,100,9401,1,0
B,H,H,6185,100,6185,1,0
C,H,H,9064,100,9064,1,0
D,H,H,1478,100,1478,1,0
E,H,H,9675,100,9675,1,0
F,H,H,6245,100,6245,1,0
G,H,H,9344,100,9344,1,0
A,B,A,3624,100,3624,1,0
A,C,A,9266,100,9266,1,0
A,D,A,9295,100,9295,1,0
A,E,A,1441,100,1441,1,0
A,F,A,3537,100,3537,1,0
A,G,A,9605,100,9605,1,0
A,H,A,9393,100,9393,1,0
A,B,B,3636,100,3636,1,0
B,C,B,6735,100,6735,1,0
B,D,B,5940,100,5940,1,0
B,E,B,4293,100,4293,1,0
B,F,B,1420,100,1420,1,0
B,G,B,7206,100,7206,1,0
B,H,B,6168,100,6168,1,0
A,C,C,9315,100,9315,1,0
B,C,C,6770,100,6770,1,0
C,D,C,8731,100,8731,1,0
C,E,C,9846,100,9846,1,0
C,F,C,7210,100,7210,1,0
C,G,C,1584,100,1584,1,0
C,H,C,9073,100,9073,1,0
A,D,D,9284,100,9284,1,0
B,D,D,5957,100,5957,1,0
C,D,D,8721,100,8721,1,0
D,E,D,9737,100,9737,1,0
D,F,D,6369,100,6369,1,0
D,G,D,9198,100,9198,1,0
D,H,D,1431,100,1431,1,0
A,E,E,1399,100,1399,1,0
B,E,E,4289,100,4289,1,0
C,E,E,9860,100,9860,1,0
D,E,E,9670,100,9670,1,0
E,F,E,3704,100,3704,1,0
E,G,E,9914,100,9914,1,0
E,H,E,9670,100,9670,1,0
A,F,F,3532,100,3532,1,0
B,F,F,1392,100,1392,1,0
C,F,F,7196,100,7196,1,0
D,F,F,6361,100,6361,1,0
E,F,F,3702,100,3702,1,0
F,G,F,7378,100,7378,1,0
F,H,F,6314,100,6314,1,0
A,G,G,9577,100,9577,1,0
B,G,G,7186,100,7186,1,0
C,G,G,1616,100,1616,1,0
D,G,G,9232,100,9232,1,0
E,G,G,9948,100,9948,1,0
F,G,G,7387,100,7387,1,0
G,H,G,9344,100,9344,1,0
A,H,H,9356,100,9356,1,0
B,H,H,6224,100,6224,1,0
C,H,H,9036,100,9036,1,0
D,H,H,1405,100,1405,1,0
E,H,H,9690,100,9690,1,0
F,H,H,6305,100,6305,1,0
G,H,H,9331,100,9331,1,0
A,B,A,3633,100,3633,1,0
A,C,A,9276,100,9276,1,0
A,D,A,9270,100,9270,1,0
A,E,A,1423,100,1423,1,0
A,F,A,3493,100,3493,1,0
A,G,A,9551,100,9551,1,0
A,H,A,9385,100,9385,1,0
A,B,B,3682,100,3682,1,0
B,C,B,6736,100,6736,1,0
B,D,B,5963,100,5963,1,0
B,E,B,4326,100,4326,1,0
B,F,B,1414,100,1414,1,0
B,G,B,7200,100,7200,1,0
B,H,B,6191,100,6191,1,0
A,C,C,9299,100,9299,1,0
B,C,C,6739,100,6739,1,0
C,D,C,8769,100,8769,1,0
C,E,C,9816,100,9816,1,0
C,F,C,7238,100,7238,1,0
C,G,C,1597,100,1597,1,0
C,H,C,9089,100,9089,1,0
A,D,D,9268,100,9268,1,0
B,D,D,5920,100,5920,1,0
C,D,D,8740,100,8740,1,0
D,E,D,9689,100,9689,1,0
D,F,D,6324,100,6324,1,0
D,G,D,9234,100,9234,1,0
D,H,D,1437,100,1437,1,0
A,E,E,1439,100,1439,1,0
B,E,E,4293,100,4293,1,0
C,E,E,9864,100,9864,1,0
D,E,E,9798,100,9798,1,0
E,F,E,3721,100,3721,1,0
E,G,E,9936,100,9936,1,0
E,H,E,9621,100,9621,1,0
A,F,F,3519,100,3519,1,0
B,F,F,1418,100,1418,1,0
C,F,F,7218,100,7218,1,0
D,F,F,6348,100,6348,1,0
E,F,F,3753,100,3753,1,0
F,G,F,7352,100,7352,1,0
F,H,F,6297,100,6297,1,0
A,G,G,9539,100,9539,1,0
B,G,G,7192,100,7192,1,0
C,G,G,1616,100,1616,1,0
D,G,G,9247,100,9247,1,0
E,G,G,9942,100,9942,1,0
F,G,G,7381,100,7381,1,0
G,H,G,9304,100,9304,1,0
A,H,H,9391,100,9391,1,0
B,H,H,6237,100,6237,1,0
C,H,H,9072,100,9072,1,0
D,H,H,1380,100,1380,1,0
E,H,H,9695,100,9695,1,0
F,H,H,6248,100,6248,1,0
G,H,H,9309,100,9309,1,0
A,B,A,3651,100,3651,1,0
A,C,A,9319,100,9319,1,0
A,D,A,9236,100,9236,1,0
A,E,A,1468,100,1468,1,0
A,F,A,3532,100,3532,1,0
A,G,A,9610,100,9610,1,0
A,H,A,9393,100,9393,1,0
A,B,B,3654,100,3654,1,0
B,C,B,6753,100,6753,1,0
B,D,B,5925,100,5925,1,0
B,E,B,4309,100,4309,1,0
B,F,B,1364,100,1364,1,0
B,G,B,7190,100,7190,1,0
B,H,B,6248,100,6248,1,0
A,C,C,9247,100,9247,1,0
B,C,C,6765,100,6765,1,0
C,D,C,8746,100,8746,1,0
C,E,C,9803,100,9803,1,0
C,F,C,7225,100,7225,1,0
C,G,C,1615,100,1615,1,0
C,H,C,9043,100,9043,1,0
A,D,D,9251,100,9251,1,0
B,D,D,6002,100,6002,1,0
C,D,D,8734,100,8734,1,0
D,E,D,9748,100,9748,1,0
D,F,D,6324,100,6324,1,0
D,G,D,9242,100,9242,1,0
D,H,D,1417,100,1417,1,0
A,E,E,1487,100,1487,1,0
B,E,E,4319,100,4319,1,0
C,E,E,9833,100,9833,1,0
D,E,E,9762,100,9762,1,0
E,F,E,3697,100,3697,1,0
E,G,E,9935,100,9935,1,0
E,H,E,9680,100,9680,1,0
A,F,F,3541,100,3541,1,0
B,F,F,1413,100,1413,1,0
C,F,F,7184,100,7184,1,0
D,F,F,6334,100,6334,1,0
E,F,F,3713,100,3713,1,0
F,G,F,7358,100,7358,1,0
F,H,F,6243,100,6243,1,0
A,G,G,9568,100,9568,1,0
B,G,G,7180,100,7180,1,0
C,G,G,1583,100,1583,1,0
D,G,G,9248,100,9248,1,0
E,G,G,9929,100,9929,1,0
F,G,G,7380,100,7380,1,0
G,H,G,9309,100,9309,1,0
A,H,H,9437,100,9437,1,0
B,H,H,6212,100,6212,1,0
C,H,H,9038,100,9038,1,0
D,H,H,1480,100,1480,1,0
E,H,H,9632,100,9632,1,0
F,H,H,6344,100,6344,1,0
G,H,H,9330,100,9330,1,0
A,B,A,3679,100,3679,1,0
A,C,A,9266,100,9266,1,0
A,D,A,9282,100,9282,1,0
A,E,A,1437,100,1437,1,0
A,F,A,3563,100,3563,1,0
A,G,A,9583,100,9583,1,0
A,H,A,9428,100,9428,1,0
A,B,B,3646,100,3646,1,0
B,C,B,6718,100,6718,1,0
B,D,B,5991,100,5991,1,0
B,E,B,4293,100,4293,1,0
B,F,B,1359,100,1359,1,0
B,G,B,7182,100,7182,1,0
B,H,B,6234,100,6234,1,0
A,C,C,9294,100,9294,1,0
B,C,C,6712,100,6712,1,0
C,D,C,8758,100,8758,1,0
C,E,C,9825,100,9825,1,0
C,F,C,7203,100,7203,1,0
C,G,C,1578,100,1578,1,0
C,H,C,9089,100,9089,1,0
A,D,D,9277,100,9277,1,0
B,D,D,5953,100,5953,1,0
C,D,D,8719,100,8719,1,0
D,E,D,9750,100,9750,1,0
D,F,D,6366,100,6366,1,0
D,G,D,9236,100,9236,1,0
D,H,D,1372,100,1372,1,0
A,E,E,1392,100,1392,1,0
B,E,E,4290,100,4290,1,0
C,E,E,9848,100,9848,1,0
D,E,E,9649,100,9649,1,0
E,F,E,3685,100,3685,1,0
E,G,E,9914,100,9914,1,0
E,H,E,9682,100,9682,1,0
A,F,F,3529,100,3529,1,0
B,F,F,1413,100,1413,1,0
C,F,F,7176,100,7176,1,0
D,F,F,6362,100,6362,1,0
E,F,F,3656,100,3656,1,0
F,G,F,7386,100,7386,1,0
F,H,F,6252,100,6252,1,0
A,G,G,9608,100,9608,1,0
B,G,G,7191,100,7191,1,0
C,G,G,1641,100,1641,1,0
D,G,G,9249,100,9249,1,0
E,G,G,9910,100,9910,1,0
F,G,G,7387,100,7387,1,0
G,H,G,9357,100,9357,1,0
A,H,H,9387,100,9387,1,0
B,H,H,6250,100,6250,1,0
C,H,H,9018,100,9018,1,0
D,H,H,1379,100,1379,1,0
E,H,H,9648,100,9648,1,0
F,H,H,6275,100,6275,1,0
G,H,H,9363,100,9363,1,0
A,B,A,3633,100,3633,1,0
A,C,A,9350,100,9350,1,0
A,D,A,9264,100,9264,1,0
A,E,A,1440,100,1440,1,0
A,F,A,3530,100,3530,1,0
A,G,A,9620,100,9620,1,0
A,H,A,9370,100,9370,1,0
A,B,B,3664,100,3664,1,0
B,C,B,6715,100,6715,1,0
B,D,B,5959,100,5959,1,0
B,E,B,4302,100,4302,1,0
B,F,B,1425,100,1425,1,0
B,G,B,7242,100,7242,1,0
B,H,B,6243,100,6243,1,0
A,C,C,9280,100,9280,1,0
B,C,C,6746,100,6746,1,0
C,D,C,8721,100,8721,1,0
C,E,C,9816,100,9816,1,0
C,F,C,7244,100,7244,1,0
C,G,C,1599,100,1599,1,0
C,H,C,9054,100,9054,1,0
A,D,D,9290,100,9290,1,0
B,D,D,5936,100,5936,1,0
C,D,D,8704,100,8704,1,0
D,E,D,9734,100,9734,1,0
D,F,D,6369,100,6369,1,0
D,G,D,9242,100,9242,1,0
D,H,D,1477,100,1477,1,0
A,E,E,1419,100,1419,1,0
B,E,E,4308,100,4308,1,0
C,E,E,9848,100,9848,1,0
D,E,E,9711,100,9711,1,0
E,F,E,3684,100,3684,1,0
E,G,E,9909,100,9909,1,0
E,H,E,9665,100,9665,1,0
A,F,F,3519,100,3519,1,0
B,F,F,1389,100,1389,1,0
C,F,F,7214,100,7214,1,0
D,F,F,6344,100,6344,1,0
E,F,F,3690,100,3690,1,0
F,G,F,7365,100,7365,1,0
F,H,F,6246,100,6246,1,0
A,G,G,9629,100,9629,1,0
B,G,G,7231,100,7231,1,0
C,G,G,1507,100,1507,1,0
D,G,G,9218,100,9218,1,0
E,G,G,9919,100,9919,1,0
F,G,G,7393,100,7393,1,0
G,H,G,9338,100,9338,1,0
A,H,H,9421,100,9421,1,0
B,H,H,6169,100,6169,1,0
C,H,H,9038,100,9038,1,0
D,H,H,1372,100,1372,1,0
E,H,H,9658,100,9658,1,0
F,H,H,6246,100,6246,1,0
G,H,H,9337,100,9337,1,0
A,B,A,3631,100,3631,1,0
A,C,A,9369,100,9369,1,0
A,D,A,9263,100,9263,1,0
A,E,A,1446,100,1446,1,0
A,F,A,3538,100,3538,1,0
A,G,A,9633,100,9633,1,0
A,H,A,9419,100,9419,1,0
A,B,B,3660,100,3660,1,0
B,C,B,6739,100,6739,1,0
B,D,B,5990,100,5990,1,0
B,E,B,4301,100,4301,1,0
B,F,B,1417,100,1417,1,0
B,G,B,7196,100,7196,1,0
B,H,B,6174,100,6174,1,0
A,C,C,9300,100,9300,1,0
B,C,C,6778,100,6778,1,0
C,D,C,8711,100,8711,1,0
C,E,C,9855,100,9855,1,0
C,F,C,7209,100,7209,1,0
C,G,C,1602,100,1602,1,0
C,H,C,9002,100,9002,1,0
A,D,D,9297,100,9297,1,0
B,D,D,5907,100,5907,1,0
C,D,D,8755,100,8755,1,0
D,E,D,9674,100,9674,1,0
D,F,D,6297,100,6297,1,0
D,G,D,9255,100,9255,1,0
D,H,D,1429,100,1429,1,0
A,E,E,1443,100,1443,1,0
B,E,E,4292,100,4292,1,0
C,E,E,9832,100,9832,1,0
D,E,E,9748,100,9748,1,0
E,F,E,3682,100,3682,1,0
E,G,E,9926,100,9926,1,0
E,H,E,9694,100,9694,1,0
A,F,F,3523,100,3523,1,0
B,F,F,1428,100,1428,1,0
C,F,F,7204,100,7204,1,0
D,F,F,6369,100,6369,1,0
E,F,F,3701,100,3701,1,0
F,G,F,7374,100,7374,1,0
F,H,F,6251,100,6251,1,0
A,G,G,9613,100,9613,1,0
B,G,G,7214,100,7214,1,0
C,G,G,1599,100,1599,1,0
D,G,G,9240,100,9240,1,0
E,G,G,9925,100,9925,1,0
F,G,G,7348,100,7348,1,0
G,H,G,9324,100,9324,1,0
A,H,H,9394,100,9394,1,0
B,H,H,6220,100,6220,1,0
C,H,H,9072,100,9072,1,0
D,H,H,1460,100,1460,1,0
E,H,H,9663,100,9663,1,0
F,H,H,6267,100,6267,1,0
G,H,H,9332,100,9332,1,0
A,B,A,3593,100,3593,1,0
A,C,A,9292,100,9292,1,0
A,D,A,9270,100,9270,1,0
A,E,A,1407,100,1407,1,0
A,F,A,3511,100,3511,1,0
A,G,A,9594,100,9594,1,0
A,H,A,9423,100,9423,1,0
A,B,B,3599,100,3599,1,0
B,C,B,6735,100,6735,1,0
B,D,B,5923,100,5923,1,0
B,E,B,4299,100,4299,1,0
B,F,B,1425,100,1425,1,0
B,G,B,7217,100,7217,1,0
B,H,B,6194,100,6194,1,0
A,C,C,9281,100,9281,1,0
B,C,C,6738,100,6738,1,0
C,D,C,8708,100,8708,1,0
C,E,C,9810,100,9810,1,0
C,F,C,7194,100,7194,1,0
C,G,C,1560,100,1560,1,0
C,H,C,9056,100,9056,1,0
A,D,D,9281,100,9281,1,0
B,D,D,5922,100,5922,1,0
C,D,D,8705,100,8705,1,0
D,E,D,9720,100,9720,1,0
D,F,D,6344,100,6344,1,0
D,G,D,9245,100,9245,1,0
D,H,D,1422,100,1422,1,0
A,E,E,1455,100,1455,1,0
B,E,E,4352,100,4352,1,0
C,E,E,9848,100,9848,1,0
D,E,E,9797,100,9797,1,0
E,F,E,3730,100,3730,1,0
E,G,E,9927,100,9927,1,0
E,H,E,9671,100,9671,1,0
A,F,F,3480,100,3480,1,0
B,F,F,1441,100,1441,1,0
C,F,F,7215,100,7215,1,0
D,F,F,6357,100,6357,1,0
E,F,F,3712,100,3712,1,0
F,G,F,7377,100,7377,1,0
F,H,F,6256,100,6256,1,0
A,G,G,9616,100,9616,1,0
B,G,G,7132,100,7132,1,0
C,G,G,1610,100,1610,1,0
D,G,G,9247,100,9247,1,0
E,G,G,9930,100,9930,1,0
F,G,G,7382,100,7382,1,0
G,H,G,9347,100,9347,1,0
A,H,H,9389,100,9389,1,0
B,H,H,6214,100,6214,1,0
C,H,H,9025,100,9025,1,0
D,H,H,1393,100,1393,1,0
E,H,H,9699,100,9699,1,0
F,H,H,6296,100,6296,1,0
G,H,H,9361,100,9361,1,0
A,B,A,3621,100,3621,1,0
A,C,A,9274,100,9274,1,0
A,D,A,9248,100,9248,1,0
A,E,A,1438,100,1438,1,0
A,F,A,3509,100,3509,1,0
A,G,A,9592,100,9592,1,0
A,H,A,9443,100,9443,1,0
A,B,B,3618,100,3618,1,0
B,C,B,6747,100,6747,1,0
B,D,B,5940,100,5940,1,0
B,E,B,4289,100,4289,1,0
B,F,B,1383,100,1383,1,0
B,G,B,7180,100,7180,1,0
B,H,B,6174,100,6174,1,0
A,C,C,9296,100,9296,1,0
B,C,C,6753,100,6753,1,0
C,D,C,8686,100,8686,1,0
C,E,C,9832,100,9832,1,0
C,F,C,7196,100,7196,1,0
C,G,C,1603,100,1603,1,0
C,H,C,9052,100,9052,1,0
A,D,D,9282,100,9282,1,0
B,D,D,5952,100,5952,1,0
C,D,D,8686,100,8686,1,0
D,E,D,9744,100,9744,1,0
D,F,D,6393,100,6393,1,0
D,G,D,9233,100,9233,1,0
D,H,D,1414,100,1414,1,0
A,E,E,1488,100,1488,1,0
B,E,E,4275,100,4275,1,0
C,E,E,9867,100,9867,1,0
D,E,E,9719,100,9719,1,0
E,F,E,3704,100,3704,1,0
E,G,E,9951,100,9951,1,0
E,H,E,9672,100,9672,1,0
A,F,F,3526,100,3526,1,0
B,F,F,1426,100,1426,1,0
C,F,F,7236,100,7236,1,0
D,F,F,6372,100,6372,1,0
E,F,F,3726,100,3726,1,0
F,G,F,7370,100,7370,1,0
F,H,F,6295,100,6295,1,0
A,G,G,9584,100,9584,1,0
B,G,G,7219,100,7219,1,0
C,G,G,1587,100,1587,1,0
D,G,G,9218,100,9218,1,0
E,G,G,9921,100,9921,1,0
F,G,G,7357,100,7357,1,0
G,H,G,9316,100,9316,1,0
A,H,H,9403,100,9403,1,0
B,H,H,6192,100,6192,1,0
C,H,H,9033,100,9033,1,0
D,H,H,1398,100,1398,1,0
E,H,H,9660,100,9660,1,0
F,H,H,6284,100,6284,1,0
G,H,H,9315,100,9315,1,0
A,B,A,3628,100,3628,1,0
A,C,A,9290,100,9290,1,0
A,D,A,9276,100,9276,1,0
A,E,A,1396,100,1396,1,0
A,F,A,3486,100,3486,1,0
A,G,A,9649,100,9649,1,0
A,H,A,9440,100,9440,1,0
A,B,B,3634,100,3634,1,0
B,C,B,6750,100,6750,1,0
B,D,B,6014,100,6014,1,0
B,E,B,4302,100,4302,1,0
B,F,B,1383,100,1383,1,0
B,G,B,7216,100,7216,1,0
B,H,B,6180,100,6180,1,0
A,C,C,9321,100,9321,1,0
B,C,C,6719,100,6719,1,0
C,D,C,8758,100,8758,1,0
C,E,C,9819,100,9819,1,0
C,F,C,7235,100,7235,1,0
C,G,C,1550,100,1550,1,0
C,H,C,9037,100,9037,1,0
A,D,D,9291,100,9291,1,0
B,D,D,5936,100,5936,1,0
C,D,D,8773,100,8773,1,0
D,E,D,9730,100,9730,1,0
D,F,D,6407,100,6407,1,0
D,G,D,9249,100,9249,1,0
D,H,D,1418,100,1418,1,0
A,E,E,1437,100,1437,1,0
B,E,E,4322,100,4322,1,0
C,E,E,9793,100,9793,1,0
D,E,E,9702,100,9702,1,0
E,F,E,3663,100,3663,1,0
E,G,E,9931,100,9931,1,0
E,H,E,9672,100,9672,1,0
A,F,F,3490,100,3490,1,0
B,F,F,1397,100,1397,1,0
C,F,F,7243,100,7243,1,0
D,F,F,6389,100,6389,1,0
E,F,F,3694,100,3694,1,0
F,G,F,7374,100,7374,1,0
F,H,F,6251,100,6251,1,0
A,G,G,9603,100,9603,1,0
B,G,G,7181,100,7181,1,0
C,G,G,1593,100,1593,1,0
D,G,G,9254,100,9254,1,0
E,G,G,9928,100,9928,1,0
F,G,G,7412,100,7412,1,0
G,H,G,9286,100,9286,1,0
A,H,H,9391,100,9391,1,0
B,H,H,6192,100,6192,1,0
C,H,H,9050,100,9050,1,0
D,H,H,1482,100,1482,1,0
E,H,H,9635,100,9635,1,0
F,H,H,6280,100,6280,1,0
G,H,H,9285,100,9285,1,0
A,B,A,3645,100,3645,1,0
A,C,A,9324,100,9324,1,0
A,D,A,9272,100,9272,1,0
A,E,A,1445,100,1445,1,0
A,F,A,3530,100,3530,1,0
A,G,A,9590,100,9590,1,0
A,H,A,9370,100,9370,1,0
A,B,B,3676,100,3676,1,0
B,C,B,6738,100,6738,1,0
B,D,B,5980,100,5980,1,0
B,E,B,4319,100,4319,1,0
B,F,B,1398,100,1398,1,0
B,G,B,7155,100,7155,1,0
B,H,B,6191,100,6191,1,0
A,C,C,9331,100,9331,1,0
B,C,C,6726,100,6726,1,0
C,D,C,8714,100,8714,1,0
C,E,C,9822,100,9822,1,0
C,F,C,7197,100,7197,1,0
C,G,C,1588,100,1588,1,0
C,H,C,9044,100,9044,1,0
A,D,D,9278,100,9278,1,0
B,D,D,5973,100,5973,1,0
C,D,D,8737,100,8737,1,0
D,E,D,9752,100,9752,1,0
D,F,D,6372,100,6372,1,0
D,G,D,9238,100,9238,1,0
D,H,D,1399,100,1399,1,0
A,E,E,1535,100,1535,1,0
B,E,E,4301,100,4301,1,0
C,E,E,9794,100,9794,1,0
D,E,E,9750,100,9750,1,0
E,F,E,3704,100,3704,1,0
E,G,E,9935,100,9935,1,0
E,H,E,9672,100,9672,1,0
A,F,F,3516,100,3516,1,0
B,F,F,1447,100,1447,1,0
C,F,F,7198,100,7198,1,0
D,F,F,6327,100,6327,1,0
E,F,F,3680,100,3680,1,0
F,G,F,7379,100,7379,1,0
F,H,F,6283,100,6283,1,0
A,G,G,9610,100,9610,1,0
B,G,G,7180,100,7180,1,0
C,G,G,1542,100,1542,1,0
D,G,G,9256,100,9256,1,0
E,G,G,9909,100,9909,1,0
F,G,G,7359,100,7359,1,0
G,H,G,9313,100,9313,1,0
A,H,H,9345,100,9345,1,0
B,H,H,6241,100,6241,1,0
C,H,H,9018,100,9018,1,0
D,H,H,1433,100,1433,1,0
E,H,H,9680,100,9680,1,0
F,H,H,6303,100,6303,1,0
G,H,H,9334,100,9334,1,0
A,B,A,3623,100,3623,1,0
A,C,A,9342,100,9342,1,0
A,D,A,9286,100,9286,1,0
A,E,A,1424,100,1424,1,0
A,F,A,3552,100,3552,1,0
A,G,A,9623,100,9623,1,0
A,H,A,9380,100,9380,1,0
A,B,B,3635,100,3635,1,0
B,C,B,6717,100,6717,1,0
B,D,B,5974,100,5974,1,0
B,E,B,4298,100,4298,1,0
B,F,B,1394,100,1394,1,0
B,G,B,7187,100,7187,1,0
B,H,B,6158,100,6158,1,0
A,C,C,9247,100,9247,1,0
B,C,C,6754,100,6754,1,0
C,D,C,8705,100,8705,1,0
C,E,C,9848,100,9848,1,0
C,F,C,7201,100,7201,1,0
C,G,C,1515,100,1515,1,0
C,H,C,9049,100,9049,1,0
A,D,D,9286,100,9286,1,0
B,D,D,5970,100,5970,1,0
C,D,D,8723,100,8723,1,0
D,E,D,9689,100,9689,1,0
D,F,D,6382,100,6382,1,0
D,G,D,9301,100,9301,1,0
D,H,D,1412,100,1412,1,0
A,E,E,1458,100,1458,1,0
B,E,E,4287,100,4287,1,0
C,E,E,9832,100,9832,1,0
D,E,E,9709,100,9709,1,0
E,F,E,3722,100,3722,1,0
E,G,E,9932,100,9932,1,0
E,H,E,9682,100,9682,1,0
A,F,F,3516,100,3516,1,0
B,F,F,1383,100,1383,1,0
C,F,F,7228,100,7228,1,0
D,F,F,6340,100,6340,1,0
E,F,F,3684,100,3684,1,0
F,G,F,7359,100,7359,1,0
F,H,F,6228,100,6228,1,0
A,G,G,9639,100,9639,1,0
B,G,G,7189,100,7189,1,0
C,G,G,1602,100,1602,1,0
D,G,G,9258,100,9258,1,0
E,G,G,9918,100,9918,1,0
F,G,G,7375,100,7375,1,0
G,H,G,9315,100,9315,1,0
A,H,H,9411,100,9411,1,0
B,H,H,6223,100,6223,1,0
C,H,H,9053,100,9053,1,0
D,H,H,1399,100,1399,1,0
E,H,H,9675,100,9675,1,0
F,H,H,6262,100,6262,1,0
G,H,H,9354,100,9354,1,0
A,B,A,3642,100,3642,1,0
A,C,A,9283,100,9283,1,0
A,D,A,9290,100,9290,1,0
A,E,A,1443,100,1443,1,0
A,F,A,3509,100,3509,1,0
A,G,A,9619,100,9619,1,0
A,H,A,9416,100,9416,1,0
A,B,B,3644,100,3644,1,0
B,C,B,6728,100,6728,1,0
B,D,B,5957,100,5957,1,0
B,E,B,4313,100,4313,1,0
B,F,B,1408,100,1408,1,0
B,G,B,7217,100,7217,1,0
B,H,B,6230,100,6230,1,0
A,C,C,9286,100,9286,1,0
B,C,C,6720,100,6720,1,0
C,D,C,8714,100,8714,1,0
C,E,C,9834,100,9834,1,0
C,F,C,7228,100,7228,1,0
C,G,C,1606,100,1606,1,0
C,H,C,9056,100,9056,1,0
A,D,D,9281,100,9281,1,0
B,D,D,5930,100,5930,1,0
C,D,D,8728,100,8728,1,0
D,E,D,9787,100,9787,1,0
D,F,D,6342,100,6342,1,0
D,G,D,9222,100,9222,1,0
D,H,D,1421,100,1421,1,0
A,E,E,1429,100,1429,1,0
B,E,E,4293,100,4293,1,0
C,E,E,9795,100,9795,1,0
D,E,E,9716,100,9716,1,0
E,F,E,3718,100,3718,1,0
E,G,E,9919,100,9919,1,0
E,H,E,9642,100,9642,1,0
A,F,F,3528,100,3528,1,0
B,F,F,1388,100,1388,1,0
C,F,F,7212,100,7212,1,0
D,F,F,6377,100,6377,1,0
E,F,F,3717,100,3717,1,0
F,G,F,7385,100,7385,1,0
F,H,F,6234,100,6234,1,0
A,G,G,9605,100,9605,1,0
B,G,G,7175,100,7175,1,0
C,G,G,1566,100,1566,1,0
D,G,G,9239,100,9239,1,0
E,G,G,9896,100,9896,1,0
F,G,G,7366,100,7366,1,0
G,H,G,9320,100,9320,1,0
A,H,H,9422,100,9422,1,0
B,H,H,6214,100,6214,1,0
C,H,H,9055,100,9055,1,0
D,H,H,1402,100,1402,1,0
E,H,H,9612,100,9612,1,0
F,H,H,6305,100,6305,1,0
G,H,H,9332,100,9332,1,0
A,B,A,3685,100,3685,1,0
A,C,A,9284,100,9284,1,0
A,D,A,9279,100,9279,1,0
A,E,A,1426,100,1426,1,0
A,F,A,3527,100,3527,1,0
A,G,A,9536,100,9536,1,0
A,H,A,9385,100,9385,1,0
A,B,B,3641,100,3641,1,0
B,C,B,6721,100,6721,1,0
B,D,B,5936,100,5936,1,0
B,E,B,4262,100,4262,1,0
B,F,B,1391,100,1391,1,0
B,G,B,7227,100,7227,1,0
B,H,B,6275,100,6275,1,0
A,C,C,9339,100,9339,1,0
B,C,C,6774,100,6774,1,0
C,D,C,8712,100,8712,1,0
C,E,C,9835,100,9835,1,0
C,F,C,7228,100,7228,1,0
C,G,C,1637,100,1637,1,0
C,H,C,9045,100,9045,1,0
A,D,D,9271,100,9271,1,0
B,D,D,5950,100,5950,1,0
C,D,D,8722,100,8722,1,0
D,E,D,9780,100,9780,1,0
D,F,D,6356,100,6356,1,0
D,G,D,9263,100,9263,1,0
D,H,D,1422,100,1422,1,0
A,E,E,1402,100,1402,1,0
B,E,E,4337,100,4337,1,0
C,E,E,9794,100,9794,1,0
D,E,E,9749,100,9749,1,0
E,F,E,3714,100,3714,1,0
E,G,E,9918,100,9918,1,0
E,H,E,9672,100,9672,1,0
A,F,F,3488,100,3488,1,0
B,F,F,1401,100,1401,1,0
C,F,F,7229,100,7229,1,0
D,F,F,6383,100,6383,1,0
E,F,F,3723,100,3723,1,0
F,G,F,7359,100,7359,1,0
F,H,F,6304,100,6304,1,0
A,G,G,9586,100,9586,1,0
B,G,G,7211,100,7211,1,0
C,G,G,1574,100,1574,1,0
D,G,G,9208,100,9208,1,0
E,G,G,9937,100,9937,1,0
F,G,G,7374,100,7374,1,0
G,H,G,9324,100,9324,1,0
A,H,H,9460,100,9460,1,0
B,H,H,6175,100,6175,1,0
C,H,H,9075,100,9075,1,0
D,H,H,1471,100,1471,1,0
E,H,H,9665,100,9665,1,0
F,H,H,6323,100,6323,1,0
G,H,H,9285,100,9285,1,0
A,B,A,3625,100,3625,1,0
A,C,A,9323,100,9323,1,0
A,D,A,9282,100,9282,1,0
A,E,A,1448,100,1448,1,0
A,F,A,3542,100,3542,1,0
A,G,A,9656,100,9656,1,0
A,H,A,9426,100,9426,1,0
A,B,B,3620,100,3620,1,0
B,C,B,6736,100,6736,1,0
B,D,B,5948,100,5948,1,0
B,E,B,4326,100,4326,1,0
B,F,B,1377,100,1377,1,0
B,G,B,7195,100,7195,1,0
B,H,B,6250,100,6250,1,0
A,C,C,9336,100,9336,1,0
B,C,C,6691,100,6691,1,0
C,D,C,8739,100,8739,1,0
C,E,C,9824,100,9824,1,0
C,F,C,7208,100,7208,1,0
C,G,C,1582,100,1582,1,0
C,H,C,9005,100,9005,1,0
A,D,D,9266,100,9266,1,0
B,D,D,5973,100,5973,1,0
C,D,D,8730,100,8730,1,0
D,E,D,9736,100,9736,1,0
D,F,D,6322,100,6322,1,0
D,G,D,9194,100,9194,1,0
D,H,D,1410,100,1410,1,0
A,E,E,1401,100,1401,1,0
B,E,E,4267,100,4267,1,0
C,E,E,9841,100,9841,1,0
D,E,E,9813,100,9813,1,0
E,F,E,3688,100,3688,1,0
E,G,E,9909,100,9909,1,0
E,H,E,9673,100,9673,1,0
A,F,F,3539,100,3539,1,0
B,F,F,1442,100,1442,1,0
C,F,F,7201,100,7201,1,0
D,F,F,6393,100,6393,1,0
E,F,F,3686,100,3686,1,0
F,G,F,7373,100,7373,1,0
F,H,F,6251,100,6251,1,0
A,G,G,9629,100,9629,1,0
B,G,G,7198,100,7198,1,0
C,G,G,1576,100,1576,1,0
D,G,G,9219,100,9219,1,0
E,G,G,9925,100,9925,1,0
F,G,G,7364,100,7364,1,0
G,H,G,9319,100,9319,1,0
A,H,H,9409,100,9409,1,0
B,H,H,6196,100,6196,1,0
C,H,H,9043,100,9043,1,0
D,H,H,1406,100,1406,1,0
E,H,H,9643,100,9643,1,0
F,H,H,6269,100,6269,1,0
G,H,H,9316,100,9316,1,0
A,B,A,3633,100,3633,1,0
A,C,A,9330,100,9330,1,0
A,D,A,9278,100,9278,1,0
A,E,A,1446,100,1446,1,0
A,F,A,3537,100,3537,1,0
A,G,A,9607,100,9607,1,0
A,H,A,9425,100,9425,1,0
A,B,B,3634,100,3634,1,0
B,C,B,6735,100,6735,1,0
B,D,B,5962,100,5962,1,0
B,E,B,4322,100,4322,1,0
B,F,B,1415,100,1415,1,0
B,G,B,7184,100,7184,1,0
B,H,B,6213,100,6213,1,0
A,C,C,9247,100,9247,1,0
B,C,C,6736,100,6736,1,0
C,D,C,8765,100,8765,1,0
C,E,C,9858,100,9858,1,0
C,F,C,7206,100,7206,1,0
C,G,C,1642,100,1642,1,0
C,H,C,9030,100,9030,1,0
A,D,D,9274,100,9274,1,0
B,D,D,5971,100,5971,1,0
C,D,D,8712,100,8712,1,0
D,E,D,9676,100,9676,1,0
D,F,D,6349,100,6349,1,0
D,G,D,9216,100,9216,1,0
D,H,D,1436,100,1436,1,0
A,E,E,1539,100,1539,1,0
B,E,E,4357,100,4357,1,0
C,E,E,9832,100,9832,1,0
D,E,E,9654,100,9654,1,0
E,F,E,3670,100,3670,1,0
E,G,E,9918,100,9918,1,0
E,H,E,9651,100,9651,1,0
A,F,F,3527,100,3527,1,0
B,F,F,1421,100,1421,1,0
C,F,F,7193,100,7193,1,0
D,F,F,6342,100,6342,1,0
E,F,F,3671,100,3671,1,0
F,G,F,7370,100,7370,1,0
F,H,F,6237,100,6237,1,0
A,G,G,9608,100,9608,1,0
B,G,G,7221,100,7221,1,0
C,G,G,1544,100,1544,1,0
D,G,G,9257,100,9257,1,0
E,G,G,9928,100,9928,1,0
F,G,G,7359,100,7359,1,0
G,H,G,9343,100,9343,1,0
A,H,H,9383,100,9383,1,0
B,H,H,6223,100,6223,1,0
C,H,H,9048,100,9048,1,0
D,H,H,1434,100,1434,1,0
E,H,H,9674,100,9674,1,0
F,H,H,6271,100,6271,1,0
G,H,H,9347,100,9347,1,0
A,B,A,3639,100,3639,1,0
A,C,A,9263,100,9263,1,0
A,D,A,9278,100,9278,1,0
A,E,A,1459,100,1459,1,0
A,F,A,3525,100,3525,1,0
A,G,A,9541,100,9541,1,0
A,H,A,9404,100,9404,1,0
A,B,B,3617,100,3617,1,0
B,C,B,6740,100,6740,1,0
B,D,B,6003,100,6003,1,0
B,E,B,4303,100,4303,1,0
B,F,B,1402,100,1402,1,0
B,G,B,7222,100,7222,1,0
B,H,B,6254,100,6254,1,0
A,C,C,9291,100,9291,1,0
B,C,C,6755,100,6755,1,0
C,D,C,8730,100,8730,1,0
C,E,C,9819,100,9819,1,0
C,F,C,7209,100,7209,1,0
C,G,C,1641,100,1641,1,0
C,H,C,9066,100,9066,1,0
A,D,D,9276,100,9276,1,0
B,D,D,5990,100,5990,1,0
C,D,D,8664,100,8664,1,0
D,E,D,9690,100,9690,1,0
D,F,D,6334,100,6334,1,0
D,G,D,9240,100,9240,1,0
D,H,D,1388,100,1388,1,0
A,E,E,1423,100,1423,1,0
B,E,E,4346,100,4346,1,0
C,E,E,9821,100,9821,1,0
D,E,E,9727,100,9727,1,0
E,F,E,3684,100,3684,1,0
E,G,E,9927,100,9927,1,0
E,H,E,9658,100,9658,1,0
A,F,F,3499,100,3499,1,0
B,F,F,1381,100,1381,1,0
C,F,F,7250,100,7250,1,0
D,F,F,6359,100,6359,1,0
E,F,F,3728,100,3728,1,0
F,G,F,7379,100,7379,1,0
F,H,F,6227,100,6227,1,0
A,G,G,9583,100,9583,1,0
B,G,G,7219,100,7219,1,0
C,G,G,1547,100,1547,1,0
D,G,G,9237,100,9237,1,0
E,G,G,9921,100,9921,1,0
F,G,G,7359,100,7359,1,0
G,H,G,9361,100,9361,1,0
A,H,H,9428,100,9428,1,0
B,H,H,6224,100,6224,1,0
C,H,H,9066,100,9066,1,0
D,H,H,1450,100,1450,1,0
E,H,H,9654,100,9654,1,0
F,H,H,6264,100,6264,1,0
G,H,H,9333,100,9333,1,0
A,B,A,3618,100,3618,1,0
A,C,A,9257,100,9257,1,0
A,D,A,9228,100,9228,1,0
A,E,A,1430,100,1430,1,0
A,F,A,3478,100,3478,1,0
A,G,A,9641,100,9641,1,0
A,H,A,9418,100,9418,1,0
A,B,B,3654,100,3654,1,0
B,C,B,6737,100,6737,1,0
B,D,B,5953,100,5953,1,0
B,E,B,4287,100,4287,1,0
B,F,B,1421,100,1421,1,0
B,G,B,7187,100,7187,1,0
B,H,B,6172,100,6172,1,0
A,C,C,9314,100,9314,1,0
B,C,C,6745,100,6745,1,0
C,D,C,8757,100,8757,1,0
C,E,C,9821,100,9821,1,0
C,F,C,7173,100,7173,1,0
C,G,C,1583,100,1583,1,0
C,H,C,9031,100,9031,1,0
A,D,D,9283,100,9283,1,0
B,D,D,5944,100,5944,1,0
C,D,D,8758,100,8758,1,0
D,E,D,9733,100,9733,1,0
D,F,D,6353,100,6353,1,0
D,G,D,9240,100,9240,1,0
D,H,D,1390,100,1390,1,0
A,E,E,1498,100,1498,1,0
B,E,E,4324,100,4324,1,0
C,E,E,9809,100,9809,1,0
D,E,E,9720,100,9720,1,0
E,F,E,3726,100,3726,1,0
E,G,E,9943,100,9943,1,0
E,H,E,9668,100,9668,1,0
A,F,F,3524,100,3524,1,0
B,F,F,1411,100,1411,1,0
C,F,F,7204,100,7204,1,0
D,F,F,6358,100,6358,1,0
E,F,F,3701,100,3701,1,0
F,G,F,7378,100,7378,1,0
F,H,F,6313,100,6313,1,0
A,G,G,9592,100,9592,1,0
B,G,G,7191,100,7191,1,0
C,G,G,1585,100,1585,1,0
D,G,G,9227,100,9227,1,0
E,G,G,9926,100,9926,1,0
F,G,G,7412,100,7412,1,0
G,H,G,9336,100,9336,1,0
A,H,H,9379,100,9379,1,0
B,H,H,6220,100,6220,1,0
C,H,H,9064,100,9064,1,0
D,H,H,1378,100,1378,1,0
E,H,H,9629,100,9629,1,0
F,H,H,6274,100,6274,1,0
G,H,H,9360,100,9360,1,0
A,B,A,3628,100,3628,1,0
A,C,A,9273,100,9273,1,0
A,D,A,9263,100,9263,1,0
A,E,A,1421,100,1421,1,0
A,F,A,3571,100,3571,1,0
A,G,A,9584,100,9584,1,0
A,H,A,9389,100,9389,1,0
A,B,B,3620,100,3620,1,0
B,C,B,6730,100,6730,1,0
B,D,B,5938,100,5938,1,0
B,E,B,4356,100,4356,1,0
B,F,B,1405,100,1405,1,0
B,G,B,7194,100,7194,1,0
B,H,B,6234,100,6234,1,0
A,C,C,9302,100,9302,1,0
B,C,C,6728,100,6728,1,0
C,D,C,8714,100,8714,1,0
C,E,C,9830,100,9830,1,0
C,F,C,7204,100,7204,1,0
C,G,C,1573,100,1573,1,0
C,H,C,9025,100,9025,1,0
A,D,D,9259,100,9259,1,0
B,D,D,5968,100,5968,1,0
C,D,D,8699,100,8699,1,0
D,E,D,9667,100,9667,1,0
D,F,D,6408,100,6408,1,0
D,G,D,9217,100,9217,1,0
D,H,D,1421,100,1421,1,0
A,E,E,1442,100,1442,1,0
B,E,E,4287,100,4287,1,0
C,E,E,9844,100,9844,1,0
D,E,E,9736,100,9736,1,0
E,F,E,3721,100,3721,1,0
E,G,E,9932,100,9932,1,0
E,H,E,9628,100,9628,1,0
A,F,F,3490,100,3490,1,0
B,F,F,1383,100,1383,1,0
C,F,F,7193,100,7193,1,0
D,F,F,6321,100,6321,1,0
E,F,F,3693,100,3693,1,0
F,G,F,7351,100,7351,1,0
F,H,F,6315,100,6315,1,0
A,G,G,9607,100,9607,1,0
B,G,G,7232,100,7232,1,0
C,G,G,1609,100,1609,1,0
D,G,G,9234,100,9234,1,0
E,G,G,9913,100,9913,1,0
F,G,G,7374,100,7374,1,0
G,H,G,9344,100,9344,1,0
A,H,H,9374,100,9374,1,0
B,H,H,6177,100,6177,1,0
C,H,H,9075,100,9075,1,0
D,H,H,1414,100,1414,1,0
E,H,H,9661,100,9661,1,0
F,H,H,6238,100,6238,1,0
G,H,H,9301,100,9301,1,0
A,B,A,3613,100,3613,1,0
A,C,A,9315,100,9315,1,0
A,D,A,9271,100,9271,1,0
A,E,A,1466,100,1466,1,0
A,F,A,3518,100,3518,1,0
A,G,A,9640,100,9640,1,0
A,H,A,9417,100,9417,1,0
A,B,B,3655,100,3655,1,0
B,C,B,6744,100,6744,1,0
B,D,B,5974,100,5974,1,0
B,E,B,4306,100,4306,1,0
B,F,B,1414,100,1414,1,0
B,G,B,7168,100,7168,1,0
B,H,B,6183,100,6183,1,0
A,C,C,9285,100,9285,1,0
B,C,C,6735,100,6735,1,0
C,D,C,8694,100,8694,1,0
C,E,C,9833,100,9833,1,0
C,F,C,7181,100,7181,1,0
C,G,C,1588,100,1588,1,0
C,H,C,9044,100,9044,1,0
A,D,D,9273,100,9273,1,0
B,D,D,5992,100,5992,1,0
C,D,D,8738,100,8738,1,0
D,E,D,9744,100,9744,1,0
D,F,D,6349,100,6349,1,0
D,G,D,9250,100,9250,1,0
D,H,D,1376,100,1376,1,0
A,E,E,1437,100,1437,1,0
B,E,E,4345,100,4345,1,0
C,E,E,9826,100,9826,1,0
D,E,E,9672,100,9672,1,0
E,F,E,3718,100,3718,1,0
E,G,E,9951,100,9951,1,0
E,H,E,9661,100,9661,1,0
A,F,F,3533,100,3533,1,0
B,F,F,1402,100,1402,1,0
C,F,F,7209,100,7209,1,0
D,F,F,6345,100,6345,1,0
E,F,F,3689,100,3689,1,0
F,G,F,7370,100,7370,1,0
F,H,F,6283,100,6283,1,0
A,G,G,9573,100,9573,1,0
B,G,G,7171,100,7171,1,0
C,G,G,1534,100,1534,1,0
D,G,G,9208,100,9208,1,0
E,G,G,9932,100,9932,1,0
F,G,G,7360,100,7360,1,0
G,H,G,9332,100,9332,1,0
A,H,H,9393,100,9393,1,0
B,H,H,6191,100,6191,1,0
C,H,H,9071,100,9071,1,0
D,H,H,1399,100,1399,1,0
E,H,H,9621,100,9621,1,0
F,H,H,6307,100,6307,1,0
G,H,H,9321,100,9321,1,0
A,B,A,3647,100,3647,1,0
A,C,A,9337,100,9337,1,0
A,D,A,9259,100,9259,1,0
A,E,A,1417,100,1417,1,0
A,F,A,3537,100,3537,1,0
A,G,A,9585,100,9585,1,0
A,H,A,9423,100,9423,1,0
A,B,B,3660,100,3660,1,0
B,C,B,6761,100,6761,1,0
B,D,B,5995,100,5995,1,0
B,E,B,4302,100,4302,1,0
B,F,B,1416,100,1416,1,0
B,G,B,7183,100,7183,1,0
B,H,B,6228,100,6228,1,0
A,C,C,9275,100,9275,1,0
B,C,C,6728,100,6728,1,0
C,D,C,8718,100,8718,1,0
C,E,C,9862,100,9862,1,0
C,F,C,7227,100,7227,1,0
C,G,C,1545,100,1545,1,0
C,H,C,9043,100,9043,1,0
A,D,D,9293,100,9293,1,0
B,D,D,5911,100,5911,1,0
C,D,D,8745,100,8745,1,0
D,E,D,9788,100,9788,1,0
D,F,D,6330,100,6330,1,0
D,G,D,9241,100,9241,1,0
D,H,D,1393,100,1393,1,0
A,E,E,1390,100,1390,1,0
B,E,E,4370,100,4370,1,0
C,E,E,9885,100,9885,1,0
D,E,E,9674,100,9674,1,0
E,F,E,3680,100,3680,1,0
E,G,E,9881,100,9881,1,0
E,H,E,9628,100,9628,1,0
A,F,F,3495,100,3495,1,0
B,F,F,1434,100,1434,1,0
C,F,F,7220,100,7220,1,0
D,F,F,6351,100,6351,1,0
E,F,F,3694,100,3694,1,0
F,G,F,7386,100,7386,1,0
F,H,F,6261,100,6261,1,0
A,G,G,9653,100,9653,1,0
B,G,G,7171,100,7171,1,0
C,G,G,1580,100,1580,1,0
D,G,G,9231,100,9231,1,0
E,G,G,9929,100,9929,1,0
F,G,G,7353,100,7353,1,0
G,H,G,9330,100,9330,1,0
A,H,H,9388,100,9388,1,0
B,H,H,6180,100,6180,1,0
C,H,H,9055,100,9055,1,0
D,H,H,1425,100,1425,1,0
E,H,H,9618,100,9618,1,0
F,H,H,6288,100,6288,1,0
G,H,H,9332,100,9332,1,0
A,B,A,3615,100,3615,1,0
A,C,A,9291,100,9291,1,0
A,D,A,9250,100,9250,1,0
A,E,A,1434,100,1434,1,0
A,F,A,3524,100,3524,1,0
A,G,A,9630,100,9630,1,0
A,H,A,9434,100,9434,1,0
A,B,B,3645,100,3645,1,0
B,C,B,6733,100,6733,1,0
B,D,B,5948,100,5948,1,0
B,E,B,4261,100,4261,1,0
B,F,B,1404,100,1404,1,0
B,G,B,7200,100,7200,1,0
B,H,B,6249,100,6249,1,0
A,C,C,9311,100,9311,1,0
B,C,C,6705,100,6705,1,0
C,D,C,8740,100,8740,1,0
C,E,C,9828,100,9828,1,0
C,F,C,7185,100,7185,1,0
C,G,C,1599,100,1599,1,0
C,H,C,9058,100,9058,1,0
A,D,D,9271,100,9271,1,0
B,D,D,5964,100,5964,1,0
C,D,D,8710,100,8710,1,0
D,E,D,9783,100,9783,1,0
D,F,D,6371,100,6371,1,0
D,G,D,9241,100,9241,1,0
D,H,D,1400,100,1400,1,0
A,E,E,1394,100,1394,1,0
B,E,E,4320,100,4320,1,0
C,E,E,9833,100,9833,1,0
D,E,E,9714,100,9714,1,0
E,F,E,3694,100,3694,1,0
E,G,E,9918,100,9918,1,0
E,H,E,9653,100,9653,1,0
A,F,F,3506,100,3506,1,0
B,F,F,1398,100,1398,1,0
C,F,F,7217,100,7217,1,0
D,F,F,6339,100,6339,1,0
E,F,F,3693,100,3693,1,0
F,G,F,7352,100,7352,1,0
F,H,F,6282,100,6282,1,0
A,G,G,9587,100,9587,1,0
B,G,G,7219,100,7219,1,0
C,G,G,1602,100,1602,1,0
D,G,G,9219,100,9219,1,0
E,G,G,9890,100,9890,1,0
F,G,G,7347,100,7347,1,0
G,H,G,9326,100,9326,1,0
A,H,H,9374,100,9374,1,0
B,H,H,6228,100,6228,1,0
C,H,H,9056,100,9056,1,0
D,H,H,1394,100,1394,1,0
E,H,H,9647,100,9647,1,0
F,H,H,6244,100,6244,1,0
G,H,H,9284,100,9284,1,0
A,B,A,3649,100,3649,1,0
A,C,A,9293,100,9293,1,0
A,D,A,9267,100,9267,1,0
A,E,A,1480,100,1480,1,0
A,F,A,3588,100,3588,1,0
A,G,A,9566,100,9566,1,0
A,H,A,9433,100,9433,1,0
A,B,B,3662,100,3662,1,0
B,C,B,6771,100,6771,1,0
B,D,B,5958,100,5958,1,0
B,E,B,4335,100,4335,1,0
B,F,B,1404,100,1404,1,0
B,G,B,7206,100,7206,1,0
B,H,B,6284,100,6284,1,0
A,C,C,9301,100,9301,1,0
B,C,C,6731,100,6731,1,0
C,D,C,8682,100,8682,1,0
C,E,C,9860,100,9860,1,0
C,F,C,7185,100,7185,1,0
C,G,C,1562,100,1562,1,0
C,H,C,9059,100,9059,1,0
A,D,D,9257,100,9257,1,0
B,D,D,5966,100,5966,1,0
C,D,D,8712,100,8712,1,0
D,E,D,9658,100,9658,1,0
D,F,D,6374,100,6374,1,0
D,G,D,9206,100,9206,1,0
D,H,D,1401,100,1401,1,0
A,E,E,1440,100,1440,1,0
B,E,E,4326,100,4326,1,0
C,E,E,9820,100,9820,1,0
D,E,E,9754,100,9754,1,0
E,F,E,3671,100,3671,1,0
E,G,E,9937,100,9937,1,0
E,H,E,9620,100,9620,1,0
A,F,F,3520,100,3520,1,0
B,F,F,1407,100,1407,1,0
C,F,F,7198,100,7198,1,0
D,F,F,6366,100,6366,1,0
E,F,F,3685,100,3685,1,0
F,G,F,7360,100,7360,1,0
F,H,F,6261,100,6261,1,0
A,G,G,9569,100,9569,1,0
B,G,G,7202,100,7202,1,0
C,G,G,1548,100,1548,1,0
D,G,G,9214,100,9214,1,0
E,G,G,9956,100,9956,1,0
F,G,G,7361,100,7361,1,0
G,H,G,9331,100,9331,1,0
A,H,H,9389,100,9389,1,0
B,H,H,6215,100,6215,1,0
C,H,H,9056,100,9056,1,0
D,H,H,1441,100,1441,1,0
E,H,H,9649,100,9649,1,0
F,H,H,6300,100,6300,1,0
G,H,H,9302,100,9302,1,0
A,B,A,3638,100,3638,1,0
A,C,A,9295,100,9295,1,0
A,D,A,9276,100,9276,1,0
A,E,A,1422,100,1422,1,0
A,F,A,3530,100,3530,1,0
A,G,A,9633,100,9633,1,0
A,H,A,9402,100,9402,1,0
A,B,B,3654,100,3654,1,0
B,C,B,6748,100,6748,1,0
B,D,B,5995,100,5995,1,0
B,E,B,4284,100,4284,1,0
B,F,B,1411,100,1411,1,0
B,G,B,7198,100,7198,1,0
B,H,B,6239,100,6239,1,0
A,C,C,9327,100,9327,1,0
B,C,C,6736,100,6736,1,0
C,D,C,8721,100,8721,1,0
C,E,C,9849,100,9849,1,0
C,F,C,7202,100,7202,1,0
C,G,C,1560,100,1560,1,0
C,H,C,9047,100,9047,1,0
A,D,D,9246,100,9246,1,0
B,D,D,5930,100,5930,1,0
C,D,D,8735,100,8735,1,0
D,E,D,9693,100,9693,1,0
D,F,D,6354,100,6354,1,0
D,G,D,9220,100,9220,1,0
D,H,D,1431,100,1431,1,0
A,E,E,1432,100,1432,1,0
B,E,E,4313,100,4313,1,0
C,E,E,9764,100,9764,1,0
D,E,E,9746,100,9746,1,0
E,F,E,3705,100,3705,1,0
E,G,E,9942,100,9942,1,0
E,H,E,9669,100,9669,1,0
A,F,F,3494,100,3494,1,0
B,F,F,1400,100,1400,1,0
C,F,F,7217,100,7217,1,0
D,F,F,6379,100,6379,1,0
E,F,F,3717,100,3717,1,0
F,G,F,7349,100,7349,1,0
F,H,F,6288,100,6288,1,0
A,G,G,9569,100,9569,1,0
B,G,G,7147,100,7147,1,0
C,G,G,1582,100,1582,1,0
D,G,G,9251,100,9251,1,0
E,G,G,9920,100,9920,1,0
F,G,G,7333,100,7333,1,0
G,H,G,9329,100,9329,1,0
A,H,H,9405,100,9405,1,0
B,H,H,6170,100,6170,1,0
C,H,H,9018,100,9018,1,0
D,H,H,1404,100,1404,1,0
E,H,H,9622,100,9622,1,0
F,H,H,6298,100,6298,1,0
G,H,H,9295,100,9295,1,0
A,B,A,3645,100,3645,1,0
A,C,A,9337,100,9337,1,0
A,D,A,9271,100,9271,1,0
A,E,A,1416,100,1416,1,0
A,F,A,3516,100,3516,1,0
A,G,A,9575,100,9575,1,0
A,H,A,9395,100,9395,1,0
A,B,B,3654,100,3654,1,0
B,C,B,6697,100,6697,1,0
B,D,B,5968,100,5968,1,0
B,E,B,4321,100,4321,1,0
B,F,B,1352,100,1352,1,0
B,G,B,7212,100,7212,1,0
B,H,B,6188,100,6188,1,0
A,C,C,9328,100,9328,1,0
B,C,C,6714,100,6714,1,0
C,D,C,8696,100,8696,1,0
C,E,C,9861,100,9861,1,0
C,F,C,7172,100,7172,1,0
C,G,C,1611,100,1611,1,0
C,H,C,9055,100,9055,1,0
A,D,D,9287,100,9287,1,0
B,D,D,5927,100,5927,1,0
C,D,D,8725,100,8725,1,0
D,E,D,9784,100,9784,1,0
D,F,D,6330,100,6330,1,0
D,G,D,9220,100,9220,1,0
D,H,D,1487,100,1487,1,0
A,E,E,1405,100,1405,1,0
B,E,E,4348,100,4348,1,0
C,E,E,9833,100,9833,1,0
D,E,E,9719,100,9719,1,0
E,F,E,3715,100,3715,1,0
E,G,E,9921,100,9921,1,0
E,H,E,9671,100,9671,1,0
A,F,F,3535,100,3535,1,0
B,F,F,1426,100,1426,1,0
C,F,F,7221,100,7221,1,0
D,F,F,6336,100,6336,1,0
E,F,F,3696,100,3696,1,0
F,G,F,7358,100,7358,1,0
F,H,F,6258,100,6258,1,0
A,G,G,9589,100,9589,1,0
B,G,G,7189,100,7189,1,0
C,G,G,1562,100,1562,1,0
D,G,G,9245,100,9245,1,0
E,G,G,9908,100,9908,1,0
F,G,G,7378,100,7378,1,0
G,H,G,9299,100,9299,1,0
A,H,H,9398,100,9398,1,0
B,H,H,6150,100,6150,1,0
C,H,H,9037,100,9037,1,0
D,H,H,1393,100,1393,1,0
E,H,H,9667,100,9667,1,0
F,H,H,6264,100,6264,1,0
G,H,H,9364,100,9364,1,0
A,B,A,3653,100,3653,1,0
A,C,A,9335,100,9335,1,0
A,D,A,9245,100,9245,1,0
A,E,A,1427,100,1427,1,0
A,F,A,3469,100,3469,1,0
A,G,A,9653,100,9653,1,0
A,H,A,9399,100,9399,1,0
A,B,B,3646,100,3646,1,0
B,C,B,6745,100,6745,1,0
B,D,B,5929,100,5929,1,0
B,E,B,4294,100,4294,1,0
B,F,B,1417,100,1417,1,0
B,G,B,7188,100,7188,1,0
B,H,B,6233,100,6233,1,0
A,C,C,9327,100,9327,1,0
B,C,C,6750,100,6750,1,0
C,D,C,8732,100,8732,1,0
C,E,C,9818,100,9818,1,0
C,F,C,7205,100,7205,1,0
C,G,C,1607,100,1607,1,0
C,H,C,9057,100,9057,1,0
A,D,D,9264,100,9264,1,0
B,D,D,5969,100,5969,1,0
C,D,D,8770,100,8770,1,0
D,E,D,9732,100,9732,1,0
D,F,D,6366,100,6366,1,0
D,G,D,9268,100,9268,1,0
D,H,D,1415,100,1415,1,0
A,E,E,1425,100,1425,1,0
B,E,E,4352,100,4352,1,0
C,E,E,9831,100,9831,1,0
D,E,E,9769,100,9769,1,0
E,F,E,3705,100,3705,1,0
E,G,E,9925,100,9925,1,0
E,H,E,9641,100,9641,1,0
A,F,F,3510,100,3510,1,0
B,F,F,1400,100,1400,1,0
C,F,F,7227,100,7227,1,0
D,F,F,6357,100,6357,1,0
E,F,F,3670,100,3670,1,0
F,G,F,7348,100,7348,1,0
F,H,F,6290,100,6290,1,0
A,G,G,9621,100,9621,1,0
B,G,G,7144,100,7144,1,0
C,G,G,1603,100,1603,1,0
D,G,G,9249,100,9249,1,0
E,G,G,9930,100,9930,1,0
F,G,G,7354,100,7354,1,0
G,H,G,9295,100,9295,1,0
A,H,H,9471,100,9471,1,0
B,H,H,6220,100,6220,1,0
C,H,H,9048,100,9048,1,0
D,H,H,1405,100,1405,1,0
E,H,H,9655,100,9655,1,0
F,H,H,6312,100,6312,1,0
G,H,H,9349,100,9349,1,0
A,B,A,3612,100,3612,1,0
A,C,A,9308,100,9308,1,0
A,D,A,9257,100,9257,1,0
A,E,A,1449,100,1449,1,0
A,F,A,3541,100,3541,1,0
A,G,A,9603,100,9603,1,0
A,H,A,9376,100,9376,1,0
A,B,B,3618,100,3618,1,0
B,C,B,6723,100,6723,1,0
B,D,B,5988,100,5988,1,0
B,E,B,4325,100,4325,1,0
B,F,B,1380,100,1380,1,0
B,G,B,7199,100,7199,1,0
B,H,B,6201,100,6201,1,0
A,C,C,9297,100,9297,1,0
B,C,C,6719,100,6719,1,0
C,D,C,8709,100,8709,1,0
C,E,C,9827,100,9827,1,0
C,F,C,7211,100,7211,1,0
C,G,C,1604,100,1604,1,0
C,H,C,9040,100,9040,1,0
A,D,D,9264,100,9264,1,0
B,D,D,5994,100,5994,1,0
C,D,D,8739,100,8739,1,0
D,E,D,9695,100,9695,1,0
D,F,D,6328,100,6328,1,0
D,G,D,9223,100,9223,1,0
D,H,D,1468,100,1468,1,0
A,E,E,1427,100,1427,1,0
B,E,E,4328,100,4328,1,0
C,E,E,9850,100,9850,1,0
D,E,E,9743,100,9743,1,0
E,F,E,3681,100,3681,1,0
E,G,E,9906,100,9906,1,0
E,H,E,9680,100,9680,1,0
A,F,F,3527,100,3527,1,0
B,F,F,1403,100,1403,1,0
C,F,F,7197,100,7197,1,0
D,F,F,6350,100,6350,1,0
E,F,F,3722,100,3722,1,0
F,G,F,7371,100,7371,1,0
F,H,F,6253,100,6253,1,0
A,G,G,9608,100,9608,1,0
B,G,G,7210,100,7210,1,0
C,G,G,1585,100,1585,1,0
D,G,G,9255,100,9255,1,0
E,G,G,9921,100,9921,1,0
F,G,G,7379,100,7379,1,0
G,H,G,9314,100,9314,1,0
A,H,H,9399,100,9399,1,0
B,H,H,6196,100,6196,1,0
C,H,H,9085,100,9085,1,0
D,H,H,1482,100,1482,1,0
E,H,H,9618,100,9618,1,0
F,H,H,6279,100,6279,1,0
G,H,H,9336,100,9336,1,0
A,B,A,3636,100,3636,1,0
A,C,A,9305,100,9305,1,0
A,D,A,9264,100,9264,1,0
A,E,A,1393,100,1393,1,0
A,F,A,3503,100,3503,1,0
A,G,A,9614,100,9614,1,0
A,H,A,9420,100,9420,1,0
A,B,B,3666,100,3666,1,0
B,C,B,6697,100,6697,1,0
B,D,B,5981,100,5981,1,0
B,E,B,4299,100,4299,1,0
B,F,B,1398,100,1398,1,0
B,G,B,7125,100,7125,1,0
B,H,B,6163,100,6163,1,0
A,C,C,9320,100,9320,1,0
B,C,C,6737,100,6737,1,0
C,D,C,8718,100,8718,1,0
C,E,C,9831,100,9831,1,0
C,F,C,7208,100,7208,1,0
C,G,C,1585,100,1585,1,0
C,H,C,9046,100,9046,1,0
A,D,D,9289,100,9289,1,0
B,D,D,5977,100,5977,1,0
C,D,D,8714,100,8714,1,0
D,E,D,9763,100,9763,1,0
D,F,D,6339,100,6339,1,0
D,G,D,9237,100,9237,1,0
D,H,D,1417,100,1417,1,0
A,E,E,1508,100,1508,1,0
B,E,E,4286,100,4286,1,0
C,E,E,9775,100,9775,1,0
D,E,E,9732,100,9732,1,0
E,F,E,3675,100,3675,1,0
E,G,E,9930,100,9930,1,0
E,H,E,9658,100,9658,1,0
A,F,F,3529,100,3529,1,0
B,F,F,1372,100,1372,1,0
C,F,F,7205,100,7205,1,0
D,F,F,6341,100,6341,1,0
E,F,F,3673,100,3673,1,0
F,G,F,7394,100,7394,1,0
F,H,F,6273,100,6273,1,0
A,G,G,9653,100,9653,1,0
B,G,G,7189,100,7189,1,0
C,G,G,1562,100,1562,1,0
D,G,G,9253,100,9253,1,0
E,G,G,9926,100,9926,1,0
F,G,G,7379,100,7379,1,0
G,H,G,9309,100,9309,1,0
A,H,H,9432,100,9432,1,0
B,H,H,6217,100,6217,1,0
C,H,H,9058,100,9058,1,0
D,H,H,1425,100,1425,1,0
E,H,H,9634,100,9634,1,0
F,H,H,6287,100,6287,1,0
G,H,H,9350,100,9350,1,0
A,B,A,3632,100,3632,1,0
A,C,A,9290,100,9290,1,0
A,D,A,9275,100,9275,1,0
A,E,A,1455,100,1455,1,0
A,F,A,3502,100,3502,1,0
A,G,A,9590,100,9590,1,0
A,H,A,9418,100,9418,1,0
A,B,B,3635,100,3635,1,0
B,C,B,6729,100,6729,1,0
B,D,B,5941,100,5941,1,0
B,E,B,4288,100,4288,1,0
B,F,B,1382,100,1382,1,0
B,G,B,7197,100,7197,1,0
B,H,B,6218,100,6218,1,0
A,C,C,9267,100,9267,1,0
B,C,C,6727,100,6727,1,0
C,D,C,8702,100,8702,1,0
C,E,C,9822,100,9822,1,0
C,F,C,7209,100,7209,1,0
C,G,C,1601,100,1601,1,0
C,H,C,9060,100,9060,1,0
A,D,D,9274,100,9274,1,0
B,D,D,5965,100,5965,1,0
C,D,D,8708,100,8708,1,0
D,E,D,9713,100,9713,1,0
D,F,D,6367,100,6367,1,0
D,G,D,9222,100,9222,1,0
D,H,D,1414,100,1414,1,0
A,E,E,1455,100,1455,1,0
B,E,E,4325,100,4325,1,0
C,E,E,9832,100,9832,1,0
D,E,E,9792,100,9792,1,0
E,F,E,3684,100,3684,1,0
E,G,E,9948,100,9948,1,0
E,H,E,9591,100,9591,1,0
A,F,F,3547,100,3547,1,0
B,F,F,1450,100,1450,1,0
C,F,F,7197,100,7197,1,0
D,F,F,6316,100,6316,1,0
E,F,F,3692,100,3692,1,0
F,G,F,7361,100,7361,1,0
F,H,F,6206,100,6206,1,0
A,G,G,9545,100,9545,1,0
B,G,G,7210,100,7210,1,0
C,G,G,1592,100,1592,1,0
D,G,G,9232,100,9232,1,0
E,G,G,9942,100,9942,1,0
F,G,G,7354,100,7354,1,0
G,H,G,9364,100,9364,1,0
A,H,H,9376,100,9376,1,0
B,H,H,6175,100,6175,1,0
C,H,H,9020,100,9020,1,0
D,H,H,1409,100,1409,1,0
E,H,H,9675,100,9675,1,0
F,H,H,6297,100,6297,1,0
G,H,H,9320,100,9320,1,0
A,B,A,3623,100,3623,1,0
A,C,A,9275,100,9275,1,0
A,D,A,9268,100,9268,1,0
A,E,A,1458,100,1458,1,0
A,F,A,3493,100,3493,1,0
A,G,A,9654,100,9654,1,0
A,H,A,9398,100,9398,1,0
A,B,B,3651,100,3651,1,0
B,C,B,6744,100,6744,1,0
B,D,B,5989,100,5989,1,0
B,E,B,4320,100,4320,1,0
B,F,B,1394,100,1394,1,0
B,G,B,7202,100,7202,1,0
B,H,B,6214,100,6214,1,0
A,C,C,9295,100,9295,1,0
B,C,C,6753,100,6753,1,0
C,D,C,8691,100,8691,1,0
C,E,C,9857,100,9857,1,0
C,F,C,7211,100,7211,1,0
C,G,C,1621,100,1621,1,0
C,H,C,9024,100,9024,1,0
A,D,D,9253,100,9253,1,0
B,D,D,5914,100,5914,1,0
C,D,D,8697,100,8697,1,0
D,E,D,9732,100,9732,1,0
D,F,D,6321,100,6321,1,0
D,G,D,9210,100,9210,1,0
D,H,D,1444,100,1444,1,0
A,E,E,1444,100,1444,1,0
B,E,E,4272,100,4272,1,0
C,E,E,9827,100,9827,1,0
D,E,E,9750,100,9750,1,0
E,F,E,3680,100,3680,1,0
E,G,E,9940,100,9940,1,0
E,H,E,9652,100,9652,1,0
A,F,F,3485,100,3485,1,0
B,F,F,1419,100,1419,1,0
C,F,F,7192,100,7192,1,0
D,F,F,6356,100,6356,1,0
E,F,F,3701,100,3701,1,0
F,G,F,7343,100,7343,1,0
F,H,F,6286,100,6286,1,0
A,G,G,9585,100,9585,1,0
B,G,G,7160,100,7160,1,0
C,G,G,1564,100,1564,1,0
D,G,G,9257,100,9257,1,0
E,G,G,9923,100,9923,1,0
F,G,G,7385,100,7385,1,0
G,H,G,9331,100,9331,1,0
A,H,H,9374,100,9374,1,0
B,H,H,6185,100,6185,1,0
C,H,H,9036,100,9036,1,0
D,H,H,1474,100,1474,1,0
E,H,H,9651,100,9651,1,0
F,H,H,6259,100,6259,1,0
G,H,H,9312,100,9312,1,0
A,B,A,3642,100,3642,1,0
A,C,A,9273,100,9273,1,0
A,D,A,9286,100,9286,1,0
A,E,A,1408,100,1408,1,0
A,F,A,3545,100,3545,1,0
A,G,A,9654,100,9654,1,0
A,H,A,9404,100,9404,1,0
A,B,B,3626,100,3626,1,0
B,C,B,6718,100,6718,1,0
B,D,B,5978,100,5978,1,0
B,E,B,4271,100,4271,1,0
B,F,B,1395,100,1395,1,0
B,G,B,7198,100,7198,1,0
B,H,B,6219,100,6219,1,0
A,C,C,9280,100,9280,1,0
B,C,C,6745,100,6745,1,0
C,D,C,8747,100,8747,1,0
C,E,C,9836,100,9836,1,0
C,F,C,7235,100,7235,1,0
C,G,C,1577,100,1577,1,0
C,H,C,9019,100,9019,1,0
A,D,D,9295,100,9295,1,0
B,D,D,5920,100,5920,1,0
C,D,D,8696,100,8696,1,0
D,E,D,9755,100,9755,1,0
D,F,D,6391,100,6391,1,0
D,G,D,9237,100,9237,1,0
D,H,D,1370,100,1370,1,0
A,E,E,1406,100,1406,1,0
B,E,E,4337,100,4337,1,0
C,E,E,9819,100,9819,1,0
D,E,E,9790,100,9790,1,0
E,F,E,3699,100,3699,1,0
E,G,E,9925,100,9925,1,0
E,H,E,9627,100,9627,1,0
A,F,F,3513,100,3513,1,0
B,F,F,1427,100,1427,1,0
C,F,F,7207,100,7207,1,0
D,F,F,6334,100,6334,1,0
E,F,F,3679,100,3679,1,0
F,G,F,7369,100,7369,1,0
F,H,F,6268,100,6268,1,0
A,G,G,9573,100,9573,1,0
B,G,G,7102,100,7102,1,0
C,G,G,1614,100,1614,1,0
D,G,G,9231,100,9231,1,0
E,G,G,9921,100,9921,1,0
F,G,G,7388,100,7388,1,0
G,H,G,9360,100,9360,1,0
A,H,H,9369,100,9369,1,0
B,H,H,6208,100,6208,1,0
C,H,H,9074,100,9074,1,0
D,H,H,1371,100,1371,1,0
E,H,H,9638,100,9638,1,0
F,H,H,6264,100,6264,1,0
G,H,H,9293,100,9293,1,0
A,B,A,3657,100,3657,1,0
A,C,A,9284,100,9284,1,0
A,D,A,9276,100,9276,1,0
A,E,A,1473,100,1473,1,0
A,F,A,3478,100,3478,1,0
A,G,A,9627,100,9627,1,0
A,H,A,9390,100,9390,1,0
A,B,B,3624,100,3624,1,0
B,C,B,6720,100,6720,1,0
B,D,B,5915,100,5915,1,0
B,E,B,4325,100,4325,1,0
B,F,B,1408,100,1408,1,0
B,G,B,7183,100,7183,1,0
B,H,B,6212,100,6212,1,0
A,C,C,9260,100,9260,1,0
B,C,C,6741,100,6741,1,0
C,D,C,8719,100,8719,1,0
C,E,C,9820,100,9820,1,0
C,F,C,7194,100,7194,1,0
C,G,C,1597,100,1597,1,0
C,H,C,9035,100,9035,1,0
A,D,D,9288,100,9288,1,0
B,D,D,5944,100,5944,1,0
C,D,D,8741,100,8741,1,0
D,E,D,9780,100,9780,1,0
D,F,D,6314,100,6314,1,0
D,G,D,9235,100,9235,1,0
D,H,D,1421,100,1421,1,0
A,E,E,1387,100,1387,1,0
B,E,E,4283,100,4283,1,0
C,E,E,9829,100,9829,1,0
D,E,E,9792,100,9792,1,0
E,F,E,3707,100,3707,1,0
E,G,E,9913,100,9913,1,0
E,H,E,9660,100,9660,1,0
A,F,F,3494,100,3494,1,0
B,F,F,1439,100,1439,1,0
C,F,F,7210,100,7210,1,0
D,F,F,6398,100,6398,1,0
E,F,F,3700,100,3700,1,0
F,G,F,7357,100,7357,1,0
F,H,F,6293,100,6293,1,0
A,G,G,9634,100,9634,1,0
B,G,G,7187,100,7187,1,0
C,G,G,1596,100,1596,1,0
D,G,G,9201,100,9201,1,0
E,G,G,9896,100,9896,1,0
F,G,G,7353,100,7353,1,0
G,H,G,9371,100,9371,1,0
A,H,H,9419,100,9419,1,0
B,H,H,6189,100,6189,1,0
C,H,H,9056,100,9056,1,0
D,H,H,1445,100,1445,1,0
E,H,H,9674,100,9674,1,0
F,H,H,6283,100,6283,1,0
G,H,H,9353,100,9353,1,0
A,B,A,3651,100,3651,1,0
A,C,A,9274,100,9274,1,0
A,D,A,9265,100,9265,1,0
A,E,A,1425,100,1425,1,0
A,F,A,3514,100,3514,1,0
A,G,A,9632,100,9632,1,0
A,H,A,9406,100,9406,1,0
A,B,B,3656,100,3656,1,0
B,C,B,6771,100,6771,1,0
B,D,B,5930,100,5930,1,0
B,E,B,4298,100,4298,1,0
B,F,B,1381,100,1381,1,0
B,G,B,7199,100,7199,1,0
B,H,B,6211,100,6211,1,0
A,C,C,9295,100,9295,1,0
B,C,C,6725,100,6725,1,0
C,D,C,8743,100,8743,1,0
C,E,C,9851,100,9851,1,0
C,F,C,7180,100,7180,1,0
C,G,C,1547,100,1547,1,0
C,H,C,9035,100,9035,1,0
A,D,D,9265,100,9265,1,0
B,D,D,5947,100,5947,1,0
C,D,D,8721,100,8721,1,0
D,E,D,9703,100,9703,1,0
D,F,D,6372,100,6372,1,0
D,G,D,9271,100,9271,1,0
D,H,D,1470,100,1470,1,0
A,E,E,1381,100,1381,1,0
B,E,E,4283,100,4283,1,0
C,E,E,9835,100,9835,1,0
D,E,E,9707,100,9707,1,0
E,F,E,3663,100,3663,1,0
E,G,E,9917,100,9917,1,0
E,H,E,9650,100,9650,1,0
A,F,F,3498,100,3498,1,0
B,F,F,1379,100,1379,1,0
C,F,F,7224,100,7224,1,0
D,F,F,6354,100,6354,1,0
E,F,F,3690,100,3690,1,0
F,G,F,7379,100,7379,1,0
F,H,F,6261,100,6261,1,0
A,G,G,9596,100,9596,1,0
B,G,G,7227,100,7227,1,0
C,G,G,1562,100,1562,1,0
D,G,G,9237,100,9237,1,0
E,G,G,9922,100,9922,1,0
F,G,G,7374,100,7374,1,0
G,H,G,9324,100,9324,1,0
A,H,H,9346,100,9346,1,0
B,H,H,6222,100,6222,1,0
C,H,H,9071,100,9071,1,0
D,H,H,1424,100,1424,1,0
E,H,H,9650,100,9650,1,0
F,H,H,6323,100,6323,1,0
G,H,H,9312,100,9312,1,0
A,B,A,3665,100,3665,1,0
A,C,A,9305,100,9305,1,0
A,D,A,9291,100,9291,1,0
A,E,A,1430,100,1430,1,0
A,F,A,3536,100,3536,1,0
A,G,A,9636,100,9636,1,0
A,H,A,9400,100,9400,1,0
A,B,B,3663,100,3663,1,0
B,C,B,6724,100,6724,1,0
B,D,B,5935,100,5935,1,0
B,E,B,4316,100,4316,1,0
B,F,B,1411,100,1411,1,0
B,G,B,7211,100,7211,1,0
B,H,B,6222,100,6222,1,0
A,C,C,9287,100,9287,1,0
B,C,C,6719,100,6719,1,0
C,D,C,8741,100,8741,1,0
C,E,C,9818,100,9818,1,0
C,F,C,7222,100,7222,1,0
C,G,C,1587,100,1587,1,0
C,H,C,9061,100,9061,1,0
A,D,D,9264,100,9264,1,0
B,D,D,5991,100,5991,1,0
C,D,D,8710,100,8710,1,0
D,E,D,9758,100,9758,1,0
D,F,D,6352,100,6352,1,0
D,G,D,9248,100,9248,1,0
D,H,D,1391,100,1391,1,0
A,E,E,1442,100,1442,1,0
B,E,E,4309,100,4309,1,0
C,E,E,9836,100,9836,1,0
D,E,E,9759,100,9759,1,0
E,F,E,3744,100,3744,1,0
E,G,E,9917,100,9917,1,0
E,H,E,9648,100,9648,1,0
A,F,F,3499,100,3499,1,0
B,F,F,1412,100,1412,1,0
C,F,F,7229,100,7229,1,0
D,F,F,6333,100,6333,1,0
E,F,F,3714,100,3714,1,0
F,G,F,7350,100,7350,1,0
F,H,F,6241,100,6241,1,0
A,G,G,9588,100,9588,1,0
B,G,G,7203,100,7203,1,0
C,G,G,1556,100,1556,1,0
D,G,G,9269,100,9269,1,0
E,G,G,9940,100,9940,1,0
F,G,G,7361,100,7361,1,0
G,H,G,9354,100,9354,1,0
A,H,H,9401,100,9401,1,0
B,H,H,6250,100,6250,1,0
C,H,H,9047,100,9047,1,0
D,H,H,1418,100,1418,1,0
E,H,H,9658,100,9658,1,0
F,H,H,6277,100,6277,1,0
G,H,H,9342,100,9342,1,0
A,B,A,3666,100,3666,1,0
A,C,A,9307,100,9307,1,0
A,D,A,9283,100,9283,1,0
A,E,A,1435,100,1435,1,0
A,F,A,3513,100,3513,1,0
A,G,A,9613,100,9613,1,0
A,H,A,9388,100,9388,1,0
A,B,B,3659,100,3659,1,0
B,C,B,6764,100,6764,1,0
B,D,B,5924,100,5924,1,0
B,E,B,4290,100,4290,1,0
B,F,B,1396,100,1396,1,0
B,G,B,7182,100,7182,1,0
B,H,B,6207,100,6207,1,0
A,C,C,9261,100,9261,1,0
B,C,C,6774,100,6774,1,0
C,D,C,8715,100,8715,1,0
C,E,C,9866,100,9866,1,0
C,F,C,7228,100,7228,1,0
C,G,C,1601,100,1601,1,0
C,H,C,8997,100,8997,1,0
A,D,D,9259,100,9259,1,0
B,D,D,5961,100,5961,1,0
C,D,D,8686,100,8686,1,0
D,E,D,9691,100,9691,1,0
D,F,D,6329,100,6329,1,0
D,G,D,9215,100,9215,1,0
D,H,D,1437,100,1437,1,0
A,E,E,1476,100,1476,1,0
B,E,E,4297,100,4297,1,0
C,E,E,9857,100,9857,1,0
D,E,E,9683,100,9683,1,0
E,F,E,3683,100,3683,1,0
E,G,E,9942,100,9942,1,0
E,H,E,9648,100,9648,1,0
A,F,F,3553,100,3553,1,0
B,F,F,1408,100,1408,1,0
C,F,F,7216,100,7216,1,0
D,F,F,6339,100,6339,1,0
E,F,F,3665,100,3665,1,0
F,G,F,7389,100,7389,1,0
F,H,F,6242,100,6242,1,0
A,G,G,9634,100,9634,1,0
B,G,G,7195,100,7195,1,0
C,G,G,1619,100,1619,1,0
D,G,G,9245,100,9245,1,0
E,G,G,9925,100,9925,1,0
F,G,G,7347,100,7347,1,0
G,H,G,9309,100,9309,1,0
A,H,H,9388,100,9388,1,0
B,H,H,6248,100,6248,1,0
C,H,H,9047,100,9047,1,0
D,H,H,1408,100,1408,1,0
E,H,H,9653,100,9653,1,0
F,H,H,6306,100,6306,1,0
G,H,H,9302,100,9302,1,0
A,B,A,3679,100,3679,1,0
A,C,A,9276,100,9276,1,0
A,D,A,9283,100,9283,1,0
A,E,A,1435,100,1435,1,0
A,F,A,3525,100,3525,1,0
A,G,A,9583,100,9583,1,0
A,H,A,9424,100,9424,1,0
A,B,B,3640,100,3640,1,0
B,C,B,6743,100,6743,1,0
B,D,B,5957,100,5957,1,0
B,E,B,4345,100,4345,1,0
B,F,B,1400,100,1400,1,0
B,G,B,7213,100,7213,1,0
B,H,B,6187,100,6187,1,0
A,C,C,9261,100,9261,1,0
B,C,C,6742,100,6742,1,0
C,D,C,8757,100,8757,1,0
C,E,C,9819,100,9819,1,0
C,F,C,7203,100,7203,1,0
C,G,C,1605,100,1605,1,0
C,H,C,9056,100,9056,1,0
A,D,D,9292,100,9292,1,0
B,D,D,5954,100,5954,1,0
C,D,D,8725,100,8725,1,0
D,E,D,9737,100,9737,1,0
D,F,D,6333,100,6333,1,0
D,G,D,9229,100,9229,1,0
D,H,D,1388,100,1388,1,0
A,E,E,1475,100,1475,1,0
B,E,E,4319,100,4319,1,0
C,E,E,9853,100,9853,1,0
D,E,E,9718,100,9718,1,0
E,F,E,3724,100,3724,1,0
E,G,E,9906,100,9906,1,0
E,H,E,9636,100,9636,1,0
A,F,F,3499,100,3499,1,0
B,F,F,1377,100,1377,1,0
C,F,F,7194,100,7194,1,0
D,F,F,6342,100,6342,1,0
E,F,F,3699,100,3699,1,0
F,G,F,7343,100,7343,1,0
F,H,F,6280,100,6280,1,0
A,G,G,9621,100,9621,1,0
B,G,G,7190,100,7190,1,0
C,G,G,1589,100,1589,1,0
D,G,G,9248,100,9248,1,0
E,G,G,9935,100,9935,1,0
F,G,G,7364,100,7364,1,0
G,H,G,9281,100,9281,1,0
A,H,H,9374,100,9374,1,0
B,H,H,6190,100,6190,1,0
C,H,H,9014,100,9014,1,0
D,H,H,1370,100,1370,1,0
E,H,H,9653,100,9653,1,0
F,H,H,6274,100,6274,1,0
G,H,H,9340,100,9340,1,0
A,B,A,3644,100,3644,1,0
A,C,A,9388,100,9388,1,0
A,D,A,9276,100,9276,1,0
A,E,A,1390,100,1390,1,0
A,F,A,3557,100,3557,1,0
A,G,A,9667,100,9667,1,0
A,H,A,9379,100,9379,1,0
A,B,B,3649,100,3649,1,0
B,C,B,6752,100,6752,1,0
B,D,B,5957,100,5957,1,0
B,E,B,4320,100,4320,1,0
B,F,B,1382,100,1382,1,0
B,G,B,7174,100,7174,1,0
B,H,B,6209,100,6209,1,0
A,C,C,9298,100,9298,1,0
B,C,C,6733,100,6733,1,0
C,D,C,8724,100,8724,1,0
C,E,C,9859,100,9859,1,0
C,F,C,7197,100,7197,1,0
C,G,C,1590,100,1590,1,0
C,H,C,9016,100,9016,1,0
A,D,D,9251,100,9251,1,0
B,D,D,5997,100,5997,1,0
C,D,D,8736,100,8736,1,0
D,E,D,9724,100,9724,1,0
D,F,D,6347,100,6347,1,0
D,G,D,9232,100,9232,1,0
D,H,D,1378,100,1378,1,0
A,E,E,1452,100,1452,1,0
B,E,E,4337,100,4337,1,0
C,E,E,9851,100,9851,1,0
D,E,E,9743,100,9743,1,0
E,F,E,3683,100,3683,1,0
E,G,E,9924,100,9924,1,0
E,H,E,9603,100,9603,1,0
A,F,F,3541,100,3541,1,0
B,F,F,1407,100,1407,1,0
C,F,F,7184,100,7184,1,0
D,F,F,6319,100,6319,1,0
E,F,F,3693,100,3693,1,0
F,G,F,7376,100,7376,1,0
F,H,F,6279,100,6279,1,0
A,G,G,9610,100,9610,1,0
B,G,G,7195,100,7195,1,0
C,G,G,1569,100,1569,1,0
D,G,G,9256,100,9256,1,0
E,G,G,9846,100,9846,1,0
F,G,G,7385,100,7385,1,0
G,H,G,9352,100,9352,1,0
A,H,H,9455,100,9455,1,0
B,H,H,6203,100,6203,1,0
C,H,H,9018,100,9018,1,0
D,H,H,1405,100,1405,1,0
E,H,H,9652,100,9652,1,0
F,H,H,6289,100,6289,1,0
G,H,H,9340,100,9340,1,0
A,B,A,3630,100,3630,1,0
A,C,A,9326,100,9326,1,0
A,D,A,9274,100,9274,1,0
A,E,A,1455,100,1455,1,0
A,F,A,3539,100,3539,1,0
A,G,A,9612,100,9612,1,0
A,H,A,9414,100,9414,1,0
A,B,B,3617,100,3617,1,0
B,C,B,6737,100,6737,1,0
B,D,B,6001,100,6001,1,0
B,E,B,4305,100,4305,1,0
B,F,B,1442,100,1442,1,0
B,G,B,7175,100,7175,1,0
B,H,B,6211,100,6211,1,0
A,C,C,9350,100,9350,1,0
B,C,C,6726,100,6726,1,0
C,D,C,8753,100,8753,1,0
C,E,C,9802,100,9802,1,0
C,F,C,7185,100,7185,1,0
C,G,C,1549,100,1549,1,0
C,H,C,9083,100,9083,1,0
A,D,D,9277,100,9277,1,0
B,D,D,5933,100,5933,1,0
C,D,D,8777,100,8777,1,0
D,E,D,9691,100,9691,1,0
D,F,D,6346,100,6346,1,0
D,G,D,9248,100,9248,1,0
D,H,D,1388,100,1388,1,0
A,E,E,1473,100,1473,1,0
B,E,E,4328,100,4328,1,0
C,E,E,9787,100,9787,1,0
D,E,E,9729,100,9729,1,0
E,F,E,3700,100,3700,1,0
E,G,E,9948,100,9948,1,0
E,H,E,9634,100,9634,1,0
A,F,F,3500,100,3500,1,0
B,F,F,1416,100,1416,1,0
C,F,F,7212,100,7212,1,0
D,F,F,6356,100,6356,1,0
E,F,F,3687,100,3687,1,0
F,G,F,7367,100,7367,1,0
F,H,F,6292,100,6292,1,0
A,G,G,9559,100,9559,1,0
B,G,G,7182,100,7182,1,0
C,G,G,1571,100,1571,1,0
D,G,G,9215,100,9215,1,0
E,G,G,9902,100,9902,1,0
F,G,G,7376,100,7376,1,0
G,H,G,9264,100,9264,1,0
A,H,H,9403,100,9403,1,0
B,H,H,6220,100,6220,1,0
C,H,H,9075,100,9075,1,0
D,H,H,1412,100,1412,1,0
E,H,H,9663,100,9663,1,0
F,H,H,6263,100,6263,1,0
G,H,H,9322,100,9322,1,0
A,B,A,3665,100,3665,1,0
A,C,A,9265,100,9265,1,0
A,D,A,9273,100,9273,1,0
A,E,A,1479,100,1479,1,0
A,F,A,3505,100,3505,1,0
A,G,A,9634,100,9634,1,0
A,H,A,9399,100,9399,1,0
A,B,B,3669,100,3669,1,0
B,C,B,6735,100,6735,1,0
B,D,B,5949,100,5949,1,0
B,E,B,4319,100,4319,1,0
B,F,B,1398,100,1398,1,0
B,G,B,7186,100,7186,1,0
B,H,B,6216,100,6216,1,0
A,C,C,9353,100,9353,1,0
B,C,C,6749,100,6749,1,0
C,D,C,8696,100,8696,1,0
C,E,C,9834,100,9834,1,0
C,F,C,7216,100,7216,1,0
C,G,C,1613,100,1613,1,0
C,H,C,8997,100,8997,1,0
A,D,D,9283,100,9283,1,0
B,D,D,5947,100,5947,1,0
C,D,D,8720,100,8720,1,0
D,E,D,9748,100,9748,1,0
D,F,D,6334,100,6334,1,0
D,G,D,9258,100,9258,1,0
D,H,D,1417,100,1417,1,0
A,E,E,1419,100,1419,1,0
B,E,E,4314,100,4314,1,0
C,E,E,9853,100,9853,1,0
D,E,E,9707,100,9707,1,0
E,F,E,3690,100,3690,1,0
E,G,E,9901,100,9901,1,0
E,H,E,9699,100,9699,1,0
A,F,F,3549,100,3549,1,0
B,F,F,1405,100,1405,1,0
C,F,F,7212,100,7212,1,0
D,F,F,6327,100,6327,1,0
E,F,F,3718,100,3718,1,0
F,G,F,7355,100,7355,1,0
F,H,F,6283,100,6283,1,0
A,G,G,9565,100,9565,1,0
B,G,G,7202,100,7202,1,0
C,G,G,1528,100,1528,1,0
D,G,G,9305,100,9305,1,0
E,G,G,9958,100,9958,1,0
F,G,G,7356,100,7356,1,0
G,H,G,9304,100,9304,1,0
A,H,H,9436,100,9436,1,0
B,H,H,6207,100,6207,1,0
C,H,H,9018,100,9018,1,0
D,H,H,1420,100,1420,1,0
E,H,H,9686,100,9686,1,0
F,H,H,6248,100,6248,1,0
G,H,H,9338,100,9338,1,0
A,B,A,3634,100,3634,1,0
A,C,A,9319,100,9319,1,0
A,D,A,9265,100,9265,1,0
A,E,A,1457,100,1457,1,0
A,F,A,3525,100,3525,1,0
A,G,A,9640,100,9640,1,0
A,H,A,9392,100,9392,1,0
A,B,B,3638,100,3638,1,0
B,C,B,6742,100,6742,1,0
B,D,B,5977,100,5977,1,0
B,E,B,4293,100,4293,1,0
B,F,B,1397,100,1397,1,0
B,G,B,7178,100,7178,1,0
B,H,B,6160,100,6160,1,0
A,C,C,9317,100,9317,1,0
B,C,C,6734,100,6734,1,0
C,D,C,8736,100,8736,1,0
C,E,C,9854,100,9854,1,0
C,F,C,7226,100,7226,1,0
C,G,C,1550,100,1550,1,0
C,H,C,8994,100,8994,1,0
A,D,D,9258,100,9258,1,0
B,D,D,5994,100,5994,1,0
C,D,D,8679,100,8679,1,0
D,E,D,9773,100,9773,1,0
D,F,D,6359,100,6359,1,0
D,G,D,9194,100,9194,1,0
D,H,D,1463,100,1463,1,0
A,E,E,1382,100,1382,1,0
B,E,E,4311,100,4311,1,0
C,E,E,9793,100,9793,1,0
D,E,E,9764,100,9764,1,0
E,F,E,3691,100,3691,1,0
E,G,E,9911,100,9911,1,0
E,H,E,9652,100,9652,1,0
A,F,F,3510,100,3510,1,0
B,F,F,1385,100,1385,1,0
C,F,F,7192,100,7192,1,0
D,F,F,6344,100,6344,1,0
E,F,F,3679,100,3679,1,0
F,G,F,7359,100,7359,1,0
F,H,F,6303,100,6303,1,0
A,G,G,9609,100,9609,1,0
B,G,G,7202,100,7202,1,0
C,G,G,1566,100,1566,1,0
D,G,G,9203,100,9203,1,0
E,G,G,9917,100,9917,1,0
F,G,G,7354,100,7354,1,0
G,H,G,9335,100,9335,1,0
A,H,H,9443,100,9443,1,0
B,H,H,6159,100,6159,1,0
C,H,H,9085,100,9085,1,0
D,H,H,1480,100,1480,1,0
E,H,H,9630,100,9630,1,0
F,H,H,6283,100,6283,1,0
G,H,H,9308,100,9308,1,0
A,B,A,3600,100,3600,1,0
A,C,A,9310,100,9310,1,0
A,D,A,9308,100,9308,1,0
A,E,A,1421,100,1421,1,0
A,F,A,3537,100,3537,1,0
A,G,A,9575,100,9575,1,0
A,H,A,9403,100,9403,1,0
A,B,B,3634,100,3634,1,0
B,C,B,6718,100,6718,1,0
B,D,B,5990,100,5990,1,0
B,E,B,4282,100,4282,1,0
B,F,B,1403,100,1403,1,0
B,G,B,7190,100,7190,1,0
B,H,B,6185,100,6185,1,0
A,C,C,9296,100,9296,1,0
B,C,C,6754,100,6754,1,0
C,D,C,8753,100,8753,1,0
C,E,C,9842,100,9842,1,0
C,F,C,7185,100,7185,1,0
C,G,C,1583,100,1583,1,0
C,H,C,9062,100,9062,1,0
A,D,D,9258,100,9258,1,0
B,D,D,5917,100,5917,1,0
C,D,D,8737,100,8737,1,0
D,E,D,9744,100,9744,1,0
D,F,D,6323,100,6323,1,0
D,G,D,9260,100,9260,1,0
D,H,D,1418,100,1418,1,0
A,E,E,1414,100,1414,1,0
B,E,E,4320,100,4320,1,0
C,E,E,9836,100,9836,1,0
D,E,E,9741,100,9741,1,0
E,F,E,3685,100,3685,1,0
E,G,E,9905,100,9905,1,0
E,H,E,9680,100,9680,1,0
A,F,F,3511,100,3511,1,0
B,F,F,1391,100,1391,1,0
C,F,F,7217,100,7217,1,0
D,F,F,6335,100,6335,1,0
E,F,F,3710,100,3710,1,0
F,G,F,7368,100,7368,1,0
F,H,F,6296,100,6296,1,0
A,G,G,9600,100,9600,1,0
B,G,G,7212,100,7212,1,0
C,G,G,1590,100,1590,1,0
D,G,G,9245,100,9245,1,0
E,G,G,9919,100,9919,1,0
F,G,G,7369,100,7369,1,0
G,H,G,9327,100,9327,1,0
A,H,H,9407,100,9407,1,0
B,H,H,6202,100,6202,1,0
C,H,H,9078,100,9078,1,0
D,H,H,1454,100,1454,1,0
E,H,H,9645,100,9645,1,0
F,H,H,6243,100,6243,1,0
G,H,H,9302,100,9302,1,0
A,B,A,3651,100,3651,1,0
A,C,A,9272,100,9272,1,0
A,D,A,9265,100,9265,1,0
A,E,A,1451,100,1451,1,0
A,F,A,3499,100,3499,1,0
A,G,A,9638,100,9638,1,0
A,H,A,9434,100,9434,1,0
A,B,B,3629,100,3629,1,0
B,C,B,6750,100,6750,1,0
B,D,B,5908,100,5908,1,0
B,E,B,4333,100,4333,1,0
B,F,B,1446,100,1446,1,0
B,G,B,7185,100,7185,1,0
B,H,B,6217,100,6217,1,0
A,C,C,9293,100,9293,1,0
B,C,C,6739,100,6739,1,0
C,D,C,8708,100,8708,1,0
C,E,C,9813,100,9813,1,0
C,F,C,7220,100,7220,1,0
C,G,C,1534,100,1534,1,0
C,H,C,9056,100,9056,1,0
A,D,D,9234,100,9234,1,0
B,D,D,6016,100,6016,1,0
C,D,D,8734,100,8734,1,0
D,E,D,9780,100,9780,1,0
D,F,D,6315,100,6315,1,0
D,G,D,9223,100,9223,1,0
D,H,D,1424,100,1424,1,0
A,E,E,1436,100,1436,1,0
B,E,E,4322,100,4322,1,0
C,E,E,9824,100,9824,1,0
D,E,E,9670,100,9670,1,0
E,F,E,3692,100,3692,1,0
E,G,E,9938,100,9938,1,0
E,H,E,9666,100,9666,1,0
A,F,F,3534,100,3534,1,0
B,F,F,1423,100,1423,1,0
C,F,F,7214,100,7214,1,0
D,F,F,6339,100,6339,1,0
E,F,F,3728,100,3728,1,0
F,G,F,7363,100,7363,1,0
F,H,F,6259,100,6259,1,0
A,G,G,9561,100,9561,1,0
B,G,G,7208,100,7208,1,0
C,G,G,1551,100,1551,1,0
D,G,G,9236,100,9236,1,0
E,G,G,9889,100,9889,1,0
F,G,G,7354,100,7354,1,0
G,H,G,9345,100,9345,1,0
A,H,H,9385,100,9385,1,0
B,H,H,6170,100,6170,1,0
C,H,H,9058,100,9058,1,0
D,H,H,1441,100,1441,1,0
E,H,H,9695,100,9695,1,0
F,H,H,6277,100,6277,1,0
G,H,H,9353,100,9353,1,0
A,B,A,3652,100,3652,1,0
A,C,A,9307,100,9307,1,0
A,D,A,9265,100,9265,1,0
A,E,A,1411,100,1411,1,0
A,F,A,3506,100,3506,1,0
A,G,A,9630,100,9630,1,0
A,H,A,9383,100,9383,1,0
A,B,B,3605,100,3605,1,0
B,C,B,6769,100,6769,1,0
B,D,B,6001,100,6001,1,0
B,E,B,4297,100,4297,1,0
B,F,B,1392,100,1392,1,0
B,G,B,7195,100,7195,1,0
B,H,B,6219,100,6219,1,0
A,C,C,9282,100,9282,1,0
B,C,C,6720,100,6720,1,0
C,D,C,8736,100,8736,1,0
C,E,C,9805,100,9805,1,0
C,F,C,7206,100,7206,1,0
C,G,C,1561,100,1561,1,0
C,H,C,9057,100,9057,1,0
A,D,D,9281,100,9281,1,0
B,D,D,5955,100,5955,1,0
C,D,D,8739,100,8739,1,0
D,E,D,9815,100,9815,1,0
D,F,D,6307,100,6307,1,0
D,G,D,9250,100,9250,1,0
D,H,D,1455,100,1455,1,0
A,E,E,1415,100,1415,1,0
B,E,E,4302,100,4302,1,0
C,E,E,9781,100,9781,1,0
D,E,E,9817,100,9817,1,0
E,F,E,3674,100,3674,1,0
E,G,E,9904,100,9904,1,0
E,H,E,9646,100,9646,1,0
A,F,F,3545,100,3545,1,0
B,F,F,1415,100,1415,1,0
C,F,F,7181,100,7181,1,0
D,F,F,6384,100,6384,1,0
E,F,F,3684,100,3684,1,0
F,G,F,7375,100,7375,1,0
F,H,F,6282,100,6282,1,0
A,G,G,9636,100,9636,1,0
B,G,G,7204,100,7204,1,0
C,G,G,1571,100,1571,1,0
D,G,G,9232,100,9232,1,0
E,G,G,9908,100,9908,1,0
F,G,G,7377,100,7377,1,0
G,H,G,9315,100,9315,1,0
A,H,H,9397,100,9397,1,0
B,H,H,6220,100,6220,1,0
C,H,H,9029,100,9029,1,0
D,H,H,1408,100,1408,1,0
E,H,H,9645,100,9645,1,0
F,H,H,6299,100,6299,1,0
G,H,H,9306,100,9306,1,0
A,B,A,3633,100,3633,1,0
A,C,A,9326,100,9326,1,0
A,D,A,9276,100,9276,1,0
A,E,A,1405,100,1405,1,0
A,F,A,3520,100,3520,1,0
A,G,A,9564,100,9564,1,0
A,H,A,9384,100,9384,1,0
A,B,B,3701,100,3701,1,0
B,C,B,6715,100,6715,1,0
B,D,B,5971,100,5971,1,0
B,E,B,4321,100,4321,1,0
B,F,B,1394,100,1394,1,0
B,G,B,7165,100,7165,1,0
B,H,B,6162,100,6162,1,0
A,C,C,9277,100,9277,1,0
B,C,C,6744,100,6744,1,0
C,D,C,8737,100,8737,1,0
C,E,C,9853,100,9853,1,0
C,F,C,7222,100,7222,1,0
C,G,C,1572,100,1572,1,0
C,H,C,8988,100,8988,1,0
A,D,D,9269,100,9269,1,0
B,D,D,5951,100,5951,1,0
C,D,D,8755,100,8755,1,0
D,E,D,9692,100,9692,1,0
D,F,D,6368,100,6368,1,0
D,G,D,9229,100,9229,1,0
D,H,D,1345,100,1345,1,0
A,E,E,1475,100,1475,1,0
B,E,E,4354,100,4354,1,0
C,E,E,9783,100,9783,1,0
D,E,E,9761,100,9761,1,0
E,F,E,3678,100,3678,1,0
E,G,E,9904,100,9904,1,0
E,H,E,9655,100,9655,1,0
A,F,F,3540,100,3540,1,0
B,F,F,1421,100,1421,1,0
C,F,F,7186,100,7186,1,0
D,F,F,6350,100,6350,1,0
E,F,F,3711,100,3711,1,0
F,G,F,7362,100,7362,1,0
F,H,F,6295,100,6295,1,0
A,G,G,9628,100,9628,1,0
B,G,G,7175,100,7175,1,0
C,G,G,1546,100,1546,1,0
D,G,G,9243,100,9243,1,0
E,G,G,9898,100,9898,1,0
F,G,G,7385,100,7385,1,0
G,H,G,9332,100,9332,1,0
A,H,H,9422,100,9422,1,0
B,H,H,6166,100,6166,1,0
C,H,H,9049,100,9049,1,0
D,H,H,1437,100,1437,1,0
E,H,H,9651,100,9651,1,0
F,H,H,6294,100,6294,1,0
G,H,H,9315,100,9315,1,0
A,B,A,3658,100,3658,1,0
A,C,A,9272,100,9272,1,0
A,D,A,9261,100,9261,1,0
A,E,A,1425,100,1425,1,0
A,F,A,3568,100,3568,1,0
A,G,A,9613,100,9613,1,0
A,H,A,9388,100,9388,1,0
A,B,B,3637,100,3637,1,0
B,C,B,6689,100,6689,1,0
B,D,B,6001,100,6001,1,0
B,E,B,4329,100,4329,1,0
B,F,B,1413,100,1413,1,0
B,G,B,7209,100,7209,1,0
B,H,B,6163,100,6163,1,0
A,C,C,9324,100,9324,1,0
B,C,C,6713,100,6713,1,0
C,D,C,8755,100,8755,1,0
C,E,C,9823,100,9823,1,0
C,F,C,7222,100,7222,1,0
C,G,C,1600,100,1600,1,0
C,H,C,9072,100,9072,1,0
A,D,D,9252,100,9252,1,0
B,D,D,5929,100,5929,1,0
C,D,D,8733,100,8733,1,0
D,E,D,9752,100,9752,1,0
D,F,D,6362,100,6362,1,0
D,G,D,9279,100,9279,1,0
D,H,D,1449,100,1449,1,0
A,E,E,1405,100,1405,1,0
B,E,E,4277,100,4277,1,0
C,E,E,9859,100,9859,1,0
D,E,E,9752,100,9752,1,0
E,F,E,3718,100,3718,1,0
E,G,E,9921,100,9921,1,0
E,H,E,9678,100,9678,1,0
A,F,F,3557,100,3557,1,0
B,F,F,1436,100,1436,1,0
C,F,F,7198,100,7198,1,0
D,F,F,6350,100,6350,1,0
E,F,F,3725,100,3725,1,0
F,G,F,7361,100,7361,1,0
F,H,F,6319,100,6319,1,0
A,G,G,9597,100,9597,1,0
B,G,G,7192,100,7192,1,0
C,G,G,1600,100,1600,1,0
D,G,G,9253,100,9253,1,0
E,G,G,9888,100,9888,1,0
F,G,G,7377,100,7377,1,0
G,H,G,9328,100,9328,1,0
A,H,H,9436,100,9436,1,0
B,H,H,6185,100,6185,1,0
C,H,H,9066,100,9066,1,0
D,H,H,1402,100,1402,1,0
E,H,H,9637,100,9637,1,0
F,H,H,6269,100,6269,1,0
G,H,H,9347,100,9347,1,0
A,B,A,3627,100,3627,1,0
A,C,A,9329,100,9329,1,0
A,D,A,9261,100,9261,1,0
A,E,A,1413,100,1413,1,0
A,F,A,3486,100,3486,1,0
A,G,A,9628,100,9628,1,0
A,H,A,9397,100,9397,1,0
A,B,B,3628,100,3628,1,0
B,C,B,6797,100,6797,1,0
B,D,B,5959,100,5959,1,0
B,E,B,4310,100,4310,1,0
B,F,B,1421,100,1421,1,0
B,G,B,7178,100,7178,1,0
B,H,B,6282,100,6282,1,0
A,C,C,9313,100,9313,1,0
B,C,C,6666,100,6666,1,0
C,D,C,8704,100,8704,1,0
C,E,C,9864,100,9864,1,0
C,F,C,7222,100,7222,1,0
C,G,C,1609,100,1609,1,0
C,H,C,9069,100,9069,1,0
A,D,D,9241,100,9241,1,0
B,D,D,5951,100,5951,1,0
C,D,D,8735,100,8735,1,0
D,E,D,9730,100,9730,1,0
D,F,D,6320,100,6320,1,0
D,G,D,9229,100,9229,1,0
D,H,D,1458,100,1458,1,0
A,E,E,1465,100,1465,1,0
B,E,E,4245,100,4245,1,0
C,E,E,9830,100,9830,1,0
D,E,E,9704,100,9704,1,0
E,F,E,3701,100,3701,1,0
E,G,E,9923,100,9923,1,0
E,H,E,9603,100,9603,1,0
A,F,F,3521,100,3521,1,0
B,F,F,1404,100,1404,1,0
C,F,F,7203,100,7203,1,0
D,F,F,6330,100,6330,1,0
E,F,F,3689,100,3689,1,0
F,G,F,7367,100,7367,1,0
F,H,F,6244,100,6244,1,0
A,G,G,9619,100,9619,1,0
B,G,G,7202,100,7202,1,0
C,G,G,1551,100,1551,1,0
D,G,G,9215,100,9215,1,0
E,G,G,9951,100,9951,1,0
F,G,G,7359,100,7359,1,0
G,H,G,9303,100,9303,1,0
A,H,H,9398,100,9398,1,0
B,H,H,6206,100,6206,1,0
C,H,H,9061,100,9061,1,0
D,H,H,1390,100,1390,1,0
E,H,H,9681,100,9681,1,0
F,H,H,6246,100,6246,1,0
G,H,H,9340,100,9340,1,0
A,B,A,3646,100,3646,1,0
A,C,A,9323,100,9323,1,0
A,D,A,9259,100,9259,1,0
A,E,A,1439,100,1439,1,0
A,F,A,3524,100,3524,1,0
A,G,A,9582,100,9582,1,0
A,H,A,9410,100,9410,1,0
A,B,B,3620,100,3620,1,0
B,C,B,6729,100,6729,1,0
B,D,B,5937,100,5937,1,0
B,E,B,4351,100,4351,1,0
B,F,B,1394,100,1394,1,0
B,G,B,7194,100,7194,1,0
B,H,B,6243,100,6243,1,0
A,C,C,9295,100,9295,1,0
B,C,C,6739,100,6739,1,0
C,D,C,8719,100,8719,1,0
C,E,C,9833,100,9833,1,0
C,F,C,7168,100,7168,1,0
C,G,C,1561,100,1561,1,0
C,H,C,9041,100,9041,1,0
A,D,D,9266,100,9266,1,0
B,D,D,5949,100,5949,1,0
C,D,D,8734,100,8734,1,0
D,E,D,9740,100,9740,1,0
D,F,D,6375,100,6375,1,0
D,G,D,9208,100,9208,1,0
D,H,D,1473,100,1473,1,0
A,E,E,1447,100,1447,1,0
B,E,E,4320,100,4320,1,0
C,E,E,9801,100,9801,1,0
D,E,E,9734,100,9734,1,0
E,F,E,3699,100,3699,1,0
E,G,E,9933,100,9933,1,0
E,H,E,9719,100,9719,1,0
A,F,F,3501,100,3501,1,0
B,F,F,1425,100,1425,1,0
C,F,F,7193,100,7193,1,0
D,F,F,6382,100,6382,1,0
E,F,F,3707,100,3707,1,0
F,G,F,7392,100,7392,1,0
F,H,F,6274,100,6274,1,0
A,G,G,9576,100,9576,1,0
B,G,G,7188,100,7188,1,0
C,G,G,1623,100,1623,1,0
D,G,G,9211,100,9211,1,0
E,G,G,9909,100,9909,1,0
F,G,G,7371,100,7371,1,0
G,H,G,9337,100,9337,1,0
A,H,H,9384,100,9384,1,0
B,H,H,6184,100,6184,1,0
C,H,H,9073,100,9073,1,0
D,H,H,1483,100,1483,1,0
E,H,H,9645,100,9645,1,0
F,H,H,6247,100,6247,1,0
G,H,H,9319,100,9319,1,0
A,B,A,3657,100,3657,1,0
A,C,A,9272,100,9272,1,0
A,D,A,9274,100,9274,1,0
A,E,A,1444,100,1444,1,0
A,F,A,3526,100,3526,1,0
A,G,A,9630,100,9630,1,0
A,H,A,9397,100,9397,1,0
A,B,B,3644,100,3644,1,0
B,C,B,6717,100,6717,1,0
B,D,B,5990,100,5990,1,0
B,E,B,4321,100,4321,1,0
B,F,B,1396,100,1396,1,0
B,G,B,7182,100,7182,1,0
B,H,B,6178,100,6178,1,0
A,C,C,9274,100,9274,1,0
B,C,C,6722,100,6722,1,0
C,D,C,8744,100,8744,1,0
C,E,C,9800,100,9800,1,0
C,F,C,7204,100,7204,1,0
C,G,C,1572,100,1572,1,0
C,H,C,9050,100,9050,1,0
A,D,D,9238,100,9238,1,0
B,D,D,5961,100,5961,1,0
C,D,D,8750,100,8750,1,0
D,E,D,9694,100,9694,1,0
D,F,D,6347,100,6347,1,0
D,G,D,9255,100,9255,1,0
D,H,D,1444,100,1444,1,0
A,E,E,1432,100,1432,1,0
B,E,E,4288,100,4288,1,0
C,E,E,9837,100,9837,1,0
D,E,E,9740,100,9740,1,0
E,F,E,3707,100,3707,1,0
E,G,E,9904,100,9904,1,0
E,H,E,9670,100,9670,1,0
A,F,F,3567,100,3567,1,0
B,F,F,1381,100,1381,1,0
C,F,F,7206,100,7206,1,0
D,F,F,6345,100,6345,1,0
E,F,F,3705,100,3705,1,0
F,G,F,7369,100,7369,1,0
F,H,F,6290,100,6290,1,0
A,G,G,9597,100,9597,1,0
B,G,G,7238,100,7238,1,0
C,G,G,1590,100,1590,1,0
D,G,G,9257,100,9257,1,0
E,G,G,9925,100,9925,1,0
F,G,G,7353,100,7353,1,0
G,H,G,9363,100,9363,1,0
A,H,H,9392,100,9392,1,0
B,H,H,6208,100,6208,1,0
C,H,H,9044,100,9044,1,0
D,H,H,1375,100,1375,1,0
E,H,H,9690,100,9690,1,0
F,H,H,6259,100,6259,1,0
G,H,H,9296,100,9296,1,0
A,B,A,3633,100,3633,1,0
A,C,A,9278,100,9278,1,0
A,D,A,9259,100,9259,1,0
A,E,A,1483,100,1483,1,0
A,F,A,3522,100,3522,1,0
A,G,A,9660,100,9660,1,0
A,H,A,9381,100,9381,1,0
A,B,B,3618,100,3618,1,0
B,C,B,6720,100,6720,1,0
B,D,B,5939,100,5939,1,0
B,E,B,4299,100,4299,1,0
B,F,B,1377,100,1377,1,0
B,G,B,7172,100,7172,1,0
B,H,B,6219,100,6219,1,0
A,C,C,9387,100,9387,1,0
B,C,C,6743,100,6743,1,0
C,D,C,8702,100,8702,1,0
C,E,C,9821,100,9821,1,0
C,F,C,7194,100,7194,1,0
C,G,C,1603,100,1603,1,0
C,H,C,9037,100,9037,1,0
A,D,D,9298,100,9298,1,0
B,D,D,5933,100,5933,1,0
C,D,D,8733,100,8733,1,0
D,E,D,9749,100,9749,1,0
D,F,D,6326,100,6326,1,0
D,G,D,9214,100,9214,1,0
D,H,D,1384,100,1384,1,0
A,E,E,1441,100,1441,1,0
B,E,E,4301,100,4301,1,0
C,E,E,9811,100,9811,1,0
D,E,E,9749,100,9749,1,0
E,F,E,3707,100,3707,1,0
E,G,E,9914,100,9914,1,0
E,H,E,9626,100,9626,1,0
A,F,F,3533,100,3533,1,0
B,F,F,1413,100,1413,1,0
C,F,F,7185,100,7185,1,0
D,F,F,6357,100,6357,1,0
E,F,F,3695,100,3695,1,0
F,G,F,7364,100,7364,1,0
F,H,F,6229,100,6229,1,0
A,G,G,9578,100,9578,1,0
B,G,G,7182,100,7182,1,0
C,G,G,1588,100,1588,1,0
D,G,G,9271,100,9271,1,0
E,G,G,9952,100,9952,1,0
F,G,G,7373,100,7373,1,0
G,H,G,9314,100,9314,1,0
A,H,H,9389,100,9389,1,0
B,H,H,6214,100,6214,1,0
C,H,H,9035,100,9035,1,0
D,H,H,1456,100,1456,1,0
E,H,H,9616,100,9616,1,0
F,H,H,6290,100,6290,1,0
G,H,H,9282,100,9282,1,0
A,B,A,3581,100,3581,1,0
A,C,A,9300,100,9300,1,0
A,D,A,9267,100,9267,1,0
A,E,A,1428,100,1428,1,0
A,F,A,3518,100,3518,1,0
A,G,A,9596,100,9596,1,0
A,H,A,9406,100,9406,1,0
A,B,B,3644,100,3644,1,0
B,C,B,6750,100,6750,1,0
B,D,B,5986,100,5986,1,0
B,E,B,4305,100,4305,1,0
B,F,B,1397,100,1397,1,0
B,G,B,7175,100,7175,1,0
B,H,B,6209,100,6209,1,0
A,C,C,9260,100,9260,1,0
B,C,C,6744,100,6744,1,0
C,D,C,8718,100,8718,1,0
C,E,C,9834,100,9834,1,0
C,F,C,7211,100,7211,1,0
C,G,C,1546,100,1546,1,0
C,H,C,9027,100,9027,1,0
A,D,D,9270,100,9270,1,0
B,D,D,5997,100,5997,1,0
C,D,D,8711,100,8711,1,0
D,E,D,9706,100,9706,1,0
D,F,D,6373,100,6373,1,0
D,G,D,9217,100,9217,1,0
D,H,D,1448,100,1448,1,0
A,E,E,1437,100,1437,1,0
B,E,E,4285,100,4285,1,0
C,E,E,9793,100,9793,1,0
D,E,E,9692,100,9692,1,0
E,F,E,3674,100,3674,1,0
E,G,E,9907,100,9907,1,0
E,H,E,9642,100,9642,1,0
A,F,F,3522,100,3522,1,0
B,F,F,1418,100,1418,1,0
C,F,F,7207,100,7207,1,0
D,F,F,6377,100,6377,1,0
E,F,F,3732,100,3732,1,0
F,G,F,7381,100,7381,1,0
F,H,F,6276,100,6276,1,0
A,G,G,9600,100,9600,1,0
B,G,G,7193,100,7193,1,0
C,G,G,1597,100,1597,1,0
D,G,G,9251,100,9251,1,0
E,G,G,9876,100,9876,1,0
F,G,G,7389,100,7389,1,0
G,H,G,9326,100,9326,1,0
A,H,H,9416,100,9416,1,0
B,H,H,6174,100,6174,1,0
C,H,H,9071,100,9071,1,0
D,H,H,1387,100,1387,1,0
E,H,H,9687,100,9687,1,0
F,H,H,6320,100,6320,1,0
G,H,H,9310,100,9310,1,0
A,B,A,3633,100,3633,1,0
A,C,A,9293,100,9293,1,0
A,D,A,9264,100,9264,1,0
A,E,A,1404,100,1404,1,0
A,F,A,3534,100,3534,1,0
A,G,A,9598,100,9598,1,0
A,H,A,9408,100,9408,1,0
A,B,B,3635,100,3635,1,0
B,C,B,6757,100,6757,1,0
B,D,B,5910,100,5910,1,0
B,E,B,4287,100,4287,1,0
B,F,B,1413,100,1413,1,0
B,G,B,7183,100,7183,1,0
B,H,B,6202,100,6202,1,0
A,C,C,9292,100,9292,1,0
B,C,C,6723,100,6723,1,0
C,D,C,8721,100,8721,1,0
C,E,C,9827,100,9827,1,0
C,F,C,7215,100,7215,1,0
C,G,C,1564,100,1564,1,0
C,H,C,9070,100,9070,1,0
A,D,D,9259,100,9259,1,0
B,D,D,5937,100,5937,1,0
C,D,D,8740,100,8740,1,0
D,E,D,9735,100,9735,1,0
D,F,D,6366,100,6366,1,0
D,G,D,9245,100,9245,1,0
D,H,D,1416,100,1416,1,0
A,E,E,1495,100,1495,1,0
B,E,E,4263,100,4263,1,0
C,E,E,9800,100,9800,1,0
D,E,E,9709,100,9709,1,0
E,F,E,3697,100,3697,1,0
E,G,E,9924,100,9924,1,0
E,H,E,9644,100,9644,1,0
A,F,F,3518,100,3518,1,0
B,F,F,1405,100,1405,1,0
C,F,F,7185,100,7185,1,0
D,F,F,6347,100,6347,1,0
E,F,F,3693,100,3693,1,0
F,G,F,7385,100,7385,1,0
F,H,F,6234,100,6234,1,0
A,G,G,9630,100,9630,1,0
B,G,G,7210,100,7210,1,0
C,G,G,1544,100,1544,1,0
D,G,G,9262,100,9262,1,0
E,G,G,9897,100,9897,1,0
F,G,G,7396,100,7396,1,0
G,H,G,9282,100,9282,1,0
A,H,H,9424,100,9424,1,0
B,H,H,6226,100,6226,1,0
C,H,H,9054,100,9054,1,0
D,H,H,1391,100,1391,1,0
E,H,H,9655,100,9655,1,0
F,H,H,6276,100,6276,1,0
G,H,H,9345,100,9345,1,0
A,B,A,3617,100,3617,1,0
A,C,A,9339,100,9339,1,0
A,D,A,9262,100,9262,1,0
A,E,A,1450,100,1450,1,0
A,F,A,3527,100,3527,1,0
A,G,A,9620,100,9620,1,0
A,H,A,9347,100,9347,1,0
A,B,B,3615,100,3615,1,0
B,C,B,6704,100,6704,1,0
B,D,B,6018,100,6018,1,0
B,E,B,4286,100,4286,1,0
B,F,B,1415,100,1415,1,0
B,G,B,7183,100,7183,1,0
B,H,B,6168,100,6168,1,0
A,C,C,9291,100,9291,1,0
B,C,C,6754,100,6754,1,0
C,D,C,8742,100,8742,1,0
C,E,C,9870,100,9870,1,0
C,F,C,7220,100,7220,1,0
C,G,C,1578,100,1578,1,0
C,H,C,9077,100,9077,1,0
A,D,D,9252,100,9252,1,0
B,D,D,5936,100,5936,1,0
C,D,D,8722,100,8722,1,0
D,E,D,9726,100,9726,1,0
D,F,D,6314,100,6314,1,0
D,G,D,9243,100,9243,1,0
D,H,D,1487,100,1487,1,0
A,E,E,1434,100,1434,1,0
B,E,E,4309,100,4309,1,0
C,E,E,9864,100,9864,1,0
D,E,E,9697,100,9697,1,0
E,F,E,3704,100,3704,1,0
E,G,E,9911,100,9911,1,0
E,H,E,9694,100,9694,1,0
A,F,F,3467,100,3467,1,0
B,F,F,1377,100,1377,1,0
C,F,F,7224,100,7224,1,0
D,F,F,6366,100,6366,1,0
E,F,F,3691,100,3691,1,0
F,G,F,7366,100,7366,1,0
F,H,F,6255,100,6255,1,0
A,G,G,9549,100,9549,1,0
B,G,G,7192,100,7192,1,0
C,G,G,1599,100,1599,1,0
D,G,G,9215,100,9215,1,0
E,G,G,9923,100,9923,1,0
F,G,G,7343,100,7343,1,0
G,H,G,9335,100,9335,1,0
A,H,H,9388,100,9388,1,0
B,H,H,6165,100,6165,1,0
C,H,H,9049,100,9049,1,0
D,H,H,1393,100,1393,1,0
E,H,H,9635,100,9635,1,0
F,H,H,6279,100,6279,1,0
G,H,H,9342,100,9342,1,0
A,B,A,3654,100,3654,1,0
A,C,A,9272,100,9272,1,0
A,D,A,9293,100,9293,1,0
A,E,A,1444,100,1444,1,0
A,F,A,3517,100,3517,1,0
A,G,A,9593,100,9593,1,0
A,H,A,9369,100,9369,1,0
A,B,B,3630,100,3630,1,0
B,C,B,6739,100,6739,1,0
B,D,B,5932,100,5932,1,0
B,E,B,4300,100,4300,1,0
B,F,B,1404,100,1404,1,0
B,G,B,7236,100,7236,1,0
B,H,B,6188,100,6188,1,0
A,C,C,9251,100,9251,1,0
B,C,C,6732,100,6732,1,0
C,D,C,8704,100,8704,1,0
C,E,C,9795,100,9795,1,0
C,F,C,7186,100,7186,1,0
C,G,C,1535,100,1535,1,0
C,H,C,9054,100,9054,1,0
A,D,D,9259,100,9259,1,0
B,D,D,5957,100,5957,1,0
C,D,D,8702,100,8702,1,0
D,E,D,9727,100,9727,1,0
D,F,D,6376,100,6376,1,0
D,G,D,9218,100,9218,1,0
D,H,D,1407,100,1407,1,0
A,E,E,1408,100,1408,1,0
B,E,E,4321,100,4321,1,0
C,E,E,9854,100,9854,1,0
D,E,E,9705,100,9705,1,0
E,F,E,3691,100,3691,1,0
E,G,E,9881,100,9881,1,0
E,H,E,9625,100,9625,1,0
A,F,F,3547,100,3547,1,0
B,F,F,1405,100,1405,1,0
C,F,F,7200,100,7200,1,0
D,F,F,6354,100,6354,1,0
E,F,F,3695,100,3695,1,0
F,G,F,7365,100,7365,1,0
F,H,F,6269,100,6269,1,0
A,G,G,9583,100,9583,1,0
B,G,G,7203,100,7203,1,0
C,G,G,1575,100,1575,1,0
D,G,G,9244,100,9244,1,0
E,G,G,9892,100,9892,1,0
F,G,G,7383,100,7383,1,0
G,H,G,9311,100,9311,1,0
A,H,H,9369,100,9369,1,0
B,H,H,6181,100,6181,1,0
C,H,H,9036,100,9036,1,0
D,H,H,1419,100,1419,1,0
E,H,H,9662,100,9662,1,0
F,H,H,6260,100,6260,1,0
G,H,H,9335,100,9335,1,0
A,B,A,3642,100,3642,1,0
A,C,A,9296,100,9296,1,0
A,D,A,9242,100,9242,1,0
A,E,A,1427,100,1427,1,0
A,F,A,3534,100,3534,1,0
A,G,A,9634,100,9634,1,0
A,H,A,9421,100,9421,1,0
A,B,B,3650,100,3650,1,0
B,C,B,6730,100,6730,1,0
B,D,B,5953,100,5953,1,0
B,E,B,4316,100,4316,1,0
B,F,B,1373,100,1373,1,0
B,G,B,7173,100,7173,1,0
B,H,B,6177,100,6177,1,0
A,C,C,9369,100,9369,1,0
B,C,C,6701,100,6701,1,0
C,D,C,8704,100,8704,1,0
C,E,C,9843,100,9843,1,0
C,F,C,7218,100,7218,1,0
C,G,C,1585,100,1585,1,0
C,H,C,9055,100,9055,1,0
A,D,D,9297,100,9297,1,0
B,D,D,5988,100,5988,1,0
C,D,D,8770,100,8770,1,0
D,E,D,9703,100,9703,1,0
D,F,D,6349,100,6349,1,0
D,G,D,9203,100,9203,1,0
D,H,D,1407,100,1407,1,0
A,E,E,1471,100,1471,1,0
B,E,E,4313,100,4313,1,0
C,E,E,9809,100,9809,1,0
D,E,E,9696,100,9696,1,0
E,F,E,3717,100,3717,1,0
E,G,E,9869,100,9869,1,0
E,H,E,9610,100,9610,1,0
A,F,F,3517,100,3517,1,0
B,F,F,1427,100,1427,1,0
C,F,F,7220,100,7220,1,0
D,F,F,6378,100,6378,1,0
E,F,F,3767,100,3767,1,0
F,G,F,7403,100,7403,1,0
F,H,F,6264,100,6264,1,0
A,G,G,9589,100,9589,1,0
B,G,G,7206,100,7206,1,0
C,G,G,1551,100,1551,1,0
D,G,G,9226,100,9226,1,0
E,G,G,9921,100,9921,1,0
F,G,G,7369,100,7369,1,0
G,H,G,9314,100,9314,1,0
A,H,H,9386,100,9386,1,0
B,H,H,6178,100,6178,1,0
C,H,H,9047,100,9047,1,0
D,H,H,1362,100,1362,1,0
E,H,H,9643,100,9643,1,0
F,H,H,6297,100,6297,1,0
G,H,H,9340,100,9340,1,0
A,B,A,3626,100,3626,1,0
A,C,A,9328,100,9328,1,0
A,D,A,9274,100,9274,1,0
A,E,A,1457,100,1457,1,0
A,F,A,3531,100,3531,1,0
A,G,A,9588,100,9588,1,0
A,H,A,9387,100,9387,1,0
A,B,B,3617,100,3617,1,0
B,C,B,6759,100,6759,1,0
B,D,B,5977,100,5977,1,0
B,E,B,4320,100,4320,1,0
B,F,B,1364,100,1364,1,0
B,G,B,7180,100,7180,1,0
B,H,B,6181,100,6181,1,0
A,C,C,9288,100,9288,1,0
B,C,C,6738,100,6738,1,0
C,D,C,8727,100,8727,1,0
C,E,C,9806,100,9806,1,0
C,F,C,7235,100,7235,1,0
C,G,C,1552,100,1552,1,0
C,H,C,9039,100,9039,1,0
A,D,D,9275,100,9275,1,0
B,D,D,5955,100,5955,1,0
C,D,D,8708,100,8708,1,0
D,E,D,9733,100,9733,1,0
D,F,D,6349,100,6349,1,0
D,G,D,9245,100,9245,1,0
D,H,D,1407,100,1407,1,0
A,E,E,1434,100,1434,1,0
B,E,E,4329,100,4329,1,0
C,E,E,9858,100,9858,1,0
D,E,E,9730,100,9730,1,0
E,F,E,3699,100,3699,1,0
E,G,E,9917,100,9917,1,0
E,H,E,9629,100,9629,1,0
A,F,F,3548,100,3548,1,0
B,F,F,1404,100,1404,1,0
C,F,F,7215,100,7215,1,0
D,F,F,6335,100,6335,1,0
E,F,F,3688,100,3688,1,0
F,G,F,7365,100,7365,1,0
F,H,F,6295,100,6295,1,0
A,G,G,9587,100,9587,1,0
B,G,G,7169,100,7169,1,0
C,G,G,1560,100,1560,1,0
D,G,G,9266,100,9266,1,0
E,G,G,9943,100,9943,1,0
F,G,G,7376,100,7376,1,0
G,H,G,9364,100,9364,1,0
A,H,H,9362,100,9362,1,0
B,H,H,6194,100,6194,1,0
C,H,H,9029,100,9029,1,0
D,H,H,1460,100,1460,1,0
E,H,H,9609,100,9609,1,0
F,H,H,6253,100,6253,1,0
G,H,H,9289,100,9289,1,0
A,B,A,3612,100,3612,1,0
A,C,A,9282,100,9282,1,0
A,D,A,9269,100,9269,1,0
A,E,A,1451,100,1451,1,0
A,F,A,3511,100,3511,1,0
A,G,A,9611,100,9611,1,0
A,H,A,9434,100,9434,1,0
A,B,B,3641,100,3641,1,0
B,C,B,6744,100,6744,1,0
B,D,B,5987,100,5987,1,0
B,E,B,4339,100,4339,1,0
B,F,B,1393,100,1393,1,0
B,G,B,7211,100,7211,1,0
B,H,B,6205,100,6205,1,0
A,C,C,9280,100,9280,1,0
B,C,C,6720,100,6720,1,0
C,D,C,8758,100,8758,1,0
C,E,C,9821,100,9821,1,0
C,F,C,7223,100,7223,1,0
C,G,C,1614,100,1614,1,0
C,H,C,9081,100,9081,1,0
A,D,D,9262,100,9262,1,0
B,D,D,5987,100,5987,1,0
C,D,D,8748,100,8748,1,0
D,E,D,9746,100,9746,1,0
D,F,D,6347,100,6347,1,0
D,G,D,9203,100,9203,1,0
D,H,D,1414,100,1414,1,0
A,E,E,1403,100,1403,1,0
B,E,E,4263,100,4263,1,0
C,E,E,9846,100,9846,1,0
D,E,E,9738,100,9738,1,0
E,F,E,3731,100,3731,1,0
E,G,E,9919,100,9919,1,0
E,H,E,9623,100,9623,1,0
A,F,F,3501,100,3501,1,0
B,F,F,1424,100,1424,1,0
C,F,F,7222,100,7222,1,0
D,F,F,6310,100,6310,1,0
E,F,F,3714,100,3714,1,0
F,G,F,7389,100,7389,1,0
F,H,F,6231,100,6231,1,0
A,G,G,9603,100,9603,1,0
B,G,G,7195,100,7195,1,0
C,G,G,1526,100,1526,1,0
D,G,G,9238,100,9238,1,0
E,G,G,9912,100,9912,1,0
F,G,G,7350,100,7350,1,0
G,H,G,9310,100,9310,1,0
A,H,H,9433,100,9433,1,0
B,H,H,6165,100,6165,1,0
C,H,H,9035,100,9035,1,0
D,H,H,1420,100,1420,1,0
E,H,H,9661,100,9661,1,0
F,H,H,6276,100,6276,1,0
G,H,H,9338,100,9338,1,0
A,B,A,3669,100,3669,1,0
A,C,A,9243,100,9243,1,0
A,D,A,9269,100,9269,1,0
A,E,A,1394,100,1394,1,0
A,F,A,3493,100,3493,1,0
A,G,A,9587,100,9587,1,0
A,H,A,9416,100,9416,1,0
A,B,B,3655,100,3655,1,0
B,C,B,6711,100,6711,1,0
B,D,B,5963,100,5963,1,0
B,E,B,4265,100,4265,1,0
B,F,B,1396,100,1396,1,0
B,G,B,7210,100,7210,1,0
B,H,B,6195,100,6195,1,0
A,C,C,9239,100,9239,1,0
B,C,C,6744,100,6744,1,0
C,D,C,8730,100,8730,1,0
C,E,C,9796,100,9796,1,0
C,F,C,7243,100,7243,1,0
C,G,C,1555,100,1555,1,0
C,H,C,9049,100,9049,1,0
A,D,D,9299,100,9299,1,0
B,D,D,5940,100,5940,1,0
C,D,D,8758,100,8758,1,0
D,E,D,9665,100,9665,1,0
D,F,D,6353,100,6353,1,0
D,G,D,9210,100,9210,1,0
D,H,D,1441,100,1441,1,0
A,E,E,1469,100,1469,1,0
B,E,E,4289,100,4289,1,0
C,E,E,9848,100,9848,1,0
D,E,E,9764,100,9764,1,0
E,F,E,3648,100,3648,1,0
E,G,E,9956,100,9956,1,0
E,H,E,9677,100,9677,1,0
A,F,F,3554,100,3554,1,0
B,F,F,1372,100,1372,1,0
C,F,F,7194,100,7194,1,0
D,F,F,6350,100,6350,1,0
E,F,F,3700,100,3700,1,0
F,G,F,7348,100,7348,1,0
F,H,F,6244,100,6244,1,0
A,G,G,9606,100,9606,1,0
B,G,G,7209,100,7209,1,0
C,G,G,1597,100,1597,1,0
D,G,G,9212,100,9212,1,0
E,G,G,9900,100,9900,1,0
F,G,G,7364,100,7364,1,0
G,H,G,9374,100,9374,1,0
A,H,H,9406,100,9406,1,0
B,H,H,6224,100,6224,1,0
C,H,H,9082,100,9082,1,0
D,H,H,1403,100,1403,1,0
E,H,H,9662,100,9662,1,0
F,H,H,6238,100,6238,1,0
G,H,H,9294,100,9294,1,0
A,B,A,3658,100,3658,1,0
A,C,A,9267,100,9267,1,0
A,D,A,9278,100,9278,1,0
A,E,A,1457,100,1457,1,0
A,F,A,3498,100,3498,1,0
A,G,A,9605,100,9605,1,0
A,H,A,9396,100,9396,1,0
A,B,B,3635,100,3635,1,0
B,C,B,6731,100,6731,1,0
B,D,B,5940,100,5940,1,0
B,E,B,4308,100,4308,1,0
B,F,B,1402,100,1402,1,0
B,G,B,7171,100,7171,1,0
B,H,B,6153,100,6153,1,0
A,C,C,9281,100,9281,1,0
B,C,C,6749,100,6749,1,0
C,D,C,8691,100,8691,1,0
C,E,C,9831,100,9831,1,0
C,F,C,7232,100,7232,1,0
C,G,C,1579,100,1579,1,0
C,H,C,9054,100,9054,1,0
A,D,D,9268,100,9268,1,0
B,D,D,5951,100,5951,1,0
C,D,D,8727,100,8727,1,0
D,E,D,9671,100,9671,1,0
D,F,D,6365,100,6365,1,0
D,G,D,9219,100,9219,1,0
D,H,D,1441,100,1441,1,0
A,E,E,1403,100,1403,1,0
B,E,E,4295,100,4295,1,0
C,E,E,9826,100,9826,1,0
D,E,E,9732,100,9732,1,0
E,F,E,3720,100,3720,1,0
E,G,E,9921,100,9921,1,0
E,H,E,9629,100,9629,1,0
A,F,F,3534,100,3534,1,0
B,F,F,1411,100,1411,1,0
C,F,F,7192,100,7192,1,0
D,F,F,6366,100,6366,1,0
E,F,F,3686,100,3686,1,0
F,G,F,7356,100,7356,1,0
F,H,F,6282,100,6282,1,0
A,G,G,9642,100,9642,1,0
B,G,G,7168,100,7168,1,0
C,G,G,1597,100,1597,1,0
D,G,G,9267,100,9267,1,0
E,G,G,9881,100,9881,1,0
F,G,G,7383,100,7383,1,0
G,H,G,9372,100,9372,1,0
A,H,H,9404,100,9404,1,0
B,H,H,6184,100,6184,1,0
C,H,H,9082,100,9082,1,0
D,H,H,1432,100,1432,1,0
E,H,H,9648,100,9648,1,0
F,H,H,6259,100,6259,1,0
G,H,H,9350,100,9350,1,0
A,B,A,3601,100,3601,1,0
A,C,A,9341,100,9341,1,0
A,D,A,9289,100,9289,1,0
A,E,A,1442,100,1442,1,0
A,F,A,3558,100,3558,1,0
A,G,A,9578,100,9578,1,0
A,H,A,9404,100,9404,1,0
A,B,B,3654,100,3654,1,0
B,C,B,6701,100,6701,1,0
B,D,B,5980,100,5980,1,0
B,E,B,4350,100,4350,1,0
B,F,B,1396,100,1396,1,0
B,G,B,7176,100,7176,1,0
B,H,B,6190,100,6190,1,0
A,C,C,9314,100,9314,1,0
B,C,C,6725,100,6725,1,0
C,D,C,8718,100,8718,1,0
C,E,C,9868,100,9868,1,0
C,F,C,7221,100,7221,1,0
C,G,C,1571,100,1571,1,0
C,H,C,9025,100,9025,1,0
A,D,D,9241,100,9241,1,0
B,D,D,5942,100,5942,1,0
C,D,D,8786,100,8786,1,0
D,E,D,9795,100,9795,1,0
D,F,D,6382,100,6382,1,0
D,G,D,9248,100,9248,1,0
D,H,D,1375,100,1375,1,0
A,E,E,1446,100,1446,1,0
B,E,E,4252,100,4252,1,0
C,E,E,9824,100,9824,1,0
D,E,E,9750,100,9750,1,0
E,F,E,3695,100,3695,1,0
E,G,E,9905,100,9905,1,0
E,H,E,9655,100,9655,1,0
A,F,F,3530,100,3530,1,0
B,F,F,1404,100,1404,1,0
C,F,F,7219,100,7219,1,0
D,F,F,6372,100,6372,1,0
E,F,F,3684,100,3684,1,0
F,G,F,7346,100,7346,1,0
F,H,F,6263,100,6263,1,0
A,G,G,9590,100,9590,1,0
B,G,G,7178,100,7178,1,0
C,G,G,1620,100,1620,1,0
D,G,G,9255,100,9255,1,0
E,G,G,9931,100,9931,1,0
F,G,G,7376,100,7376,1,0
G,H,G,9286,100,9286,1,0
A,H,H,9381,100,9381,1,0
B,H,H,6204,100,6204,1,0
C,H,H,9065,100,9065,1,0
D,H,H,1401,100,1401,1,0
E,H,H,9642,100,9642,1,0
F,H,H,6281,100,6281,1,0
G,H,H,9318,100,9318,1,0
A,B,A,3653,100,3653,1,0
A,C,A,9294,100,9294,1,0
A,D,A,9262,100,9262,1,0
A,E,A,1461,100,1461,1,0
A,F,A,3507,100,3507,1,0
A,G,A,9599,100,9599,1,0
A,H,A,9389,100,9389,1,0
A,B,B,3657,100,3657,1,0
B,C,B,6722,100,6722,1,0
B,D,B,5962,100,5962,1,0
B,E,B,4285,100,4285,1,0
B,F,B,1348,100,1348,1,0
B,G,B,7201,100,7201,1,0
B,H,B,6249,100,6249,1,0
A,C,C,9317,100,9317,1,0
B,C,C,6729,100,6729,1,0
C,D,C,8706,100,8706,1,0
C,E,C,9843,100,9843,1,0
C,F,C,7235,100,7235,1,0
C,G,C,1538,100,1538,1,0
C,H,C,9028,100,9028,1,0
A,D,D,9258,100,9258,1,0
B,D,D,5899,100,5899,1,0
C,D,D,8722,100,8722,1,0
D,E,D,9745,100,9745,1,0
D,F,D,6370,100,6370,1,0
D,G,D,9217,100,9217,1,0
D,H,D,1431,100,1431,1,0
A,E,E,1454,100,1454,1,0
B,E,E,4301,100,4301,1,0
C,E,E,9874,100,9874,1,0
D,E,E,9666,100,9666,1,0
E,F,E,3668,100,3668,1,0
E,G,E,9938,100,9938,1,0
E,H,E,9677,100,9677,1,0
A,F,F,3522,100,3522,1,0
B,F,F,1392,100,1392,1,0
C,F,F,7222,100,7222,1,0
D,F,F,6357,100,6357,1,0
E,F,F,3697,100,3697,1,0
F,G,F,7392,100,7392,1,0
F,H,F,6303,100,6303,1,0
A,G,G,9569,100,9569,1,0
B,G,G,7158,100,7158,1,0
C,G,G,1584,100,1584,1,0
D,G,G,9242,100,9242,1,0
E,G,G,9928,100,9928,1,0
F,G,G,7373,100,7373,1,0
G,H,G,9313,100,9313,1,0
A,H,H,9422,100,9422,1,0
B,H,H,6188,100,6188,1,0
C,H,H,9064,100,9064,1,0
D,H,H,1347,100,1347,1,0
E,H,H,9689,100,9689,1,0
F,H,H,6280,100,6280,1,0
G,H,H,9304,100,9304,1,0
A,B,A,3651,100,3651,1,0
A,C,A,9260,100,9260,1,0
A,D,A,9260,100,9260,1,0
A,E,A,1445,100,1445,1,0
A,F,A,3482,100,3482,1,0
A,G,A,9590,100,9590,1,0
A,H,A,9425,100,9425,1,0
A,B,B,3638,100,3638,1,0
B,C,B,6706,100,6706,1,0
B,D,B,6002,100,6002,1,0
B,E,B,4305,100,4305,1,0
B,F,B,1396,100,1396,1,0
B,G,B,7206,100,7206,1,0
B,H,B,6210,100,6210,1,0
A,C,C,9291,100,9291,1,0
B,C,C,6765,100,6765,1,0
C,D,C,8726,100,8726,1,0
C,E,C,9837,100,9837,1,0
C,F,C,7213,100,7213,1,0
C,G,C,1538,100,1538,1,0
C,H,C,9034,100,9034,1,0
A,D,D,9256,100,9256,1,0
B,D,D,5956,100,5956,1,0
C,D,D,8728,100,8728,1,0
D,E,D,9690,100,9690,1,0
D,F,D,6338,100,6338,1,0
D,G,D,9240,100,9240,1,0
D,H,D,1379,100,1379,1,0
A,E,E,1434,100,1434,1,0
B,E,E,4329,100,4329,1,0
C,E,E,9809,100,9809,1,0
D,E,E,9738,100,9738,1,0
E,F,E,3708,100,3708,1,0
E,G,E,9889,100,9889,1,0
E,H,E,9674,100,9674,1,0
A,F,F,3516,100,3516,1,0
B,F,F,1374,100,1374,1,0
C,F,F,7208,100,7208,1,0
D,F,F,6359,100,6359,1,0
E,F,F,3679,100,3679,1,0
F,G,F,7369,100,7369,1,0
F,H,F,6255,100,6255,1,0
A,G,G,9594,100,9594,1,0
B,G,G,7163,100,7163,1,0
C,G,G,1580,100,1580,1,0
D,G,G,9221,100,9221,1,0
E,G,G,9920,100,9920,1,0
F,G,G,7356,100,7356,1,0
G,H,G,9324,100,9324,1,0
A,H,H,9376,100,9376,1,0
B,H,H,6217,100,6217,1,0
C,H,H,9058,100,9058,1,0
D,H,H,1451,100,1451,1,0
E,H,H,9661,100,9661,1,0
F,H,H,6312,100,6312,1,0
G,H,H,9339,100,9339,1,0
A,B,A,3632,100,3632,1,0
A,C,A,9279,100,9279,1,0
A,D,A,9277,100,9277,1,0
A,E,A,1447,100,1447,1,0
A,F,A,3533,100,3533,1,0
A,G,A,9601,100,9601,1,0
A,H,A,9425,100,9425,1,0
A,B,B,3642,100,3642,1,0
B,C,B,6772,100,6772,1,0
B,D,B,5971,100,5971,1,0
B,E,B,4284,100,4284,1,0
B,F,B,1434,100,1434,1,0
B,G,B,7197,100,7197,1,0
B,H,B,6211,100,6211,1,0
A,C,C,9305,100,9305,1,0
B,C,C,6750,100,6750,1,0
C,D,C,8698,100,8698,1,0
C,E,C,9886,100,9886,1,0
C,F,C,7233,100,7233,1,0
C,G,C,1553,100,1553,1,0
C,H,C,9055,100,9055,1,0
A,D,D,9311,100,9311,1,0
B,D,D,5961,100,5961,1,0
C,D,D,8695,100,8695,1,0
D,E,D,9705,100,9705,1,0
D,F,D,6325,100,6325,1,0
D,G,D,9238,100,9238,1,0
D,H,D,1458,100,1458,1,0
A,E,E,1435,100,1435,1,0
B,E,E,4342,100,4342,1,0
C,E,E,9815,100,9815,1,0
D,E,E,9707,100,9707,1,0
E,F,E,3693,100,3693,1,0
E,G,E,9883,100,9883,1,0
E,H,E,9674,100,9674,1,0
A,F,F,3551,100,3551,1,0
B,F,F,1397,100,1397,1,0
C,F,F,7198,100,7198,1,0
D,F,F,6356,100,6356,1,0
E,F,F,3675,100,3675,1,0
F,G,F,7403,100,7403,1,0
F,H,F,6279,100,6279,1,0
A,G,G,9566,100,9566,1,0
B,G,G,7177,100,7177,1,0
C,G,G,1561,100,1561,1,0
D,G,G,9243,100,9243,1,0
E,G,G,9924,100,9924,1,0
F,G,G,7356,100,7356,1,0
G,H,G,9294,100,9294,1,0
A,H,H,9399,100,9399,1,0
B,H,H,6254,100,6254,1,0
C,H,H,9053,100,9053,1,0
D,H,H,1395,100,1395,1,0
E,H,H,9674,100,9674,1,0
F,H,H,6312,100,6312,1,0
G,H,H,9317,100,9317,1,0
A,B,A,3662,100,3662,1,0
A,C,A,9266,100,9266,1,0
A,D,A,9270,100,9270,1,0
A,E,A,1439,100,1439,1,0
A,F,A,3487,100,3487,1,0
A,G,A,9637,100,9637,1,0
A,H,A,9388,100,9388,1,0
A,B,B,3635,100,3635,1,0
B,C,B,6738,100,6738,1,0
B,D,B,5984,100,5984,1,0
B,E,B,4304,100,4304,1,0
B,F,B,1403,100,1403,1,0
B,G,B,7174,100,7174,1,0
B,H,B,6215,100,6215,1,0
A,C,C,9271,100,9271,1,0
B,C,C,6749,100,6749,1,0
C,D,C,8691,100,8691,1,0
C,E,C,9803,100,9803,1,0
C,F,C,7194,100,7194,1,0
C,G,C,1539,100,1539,1,0
C,H,C,9046,100,9046,1,0
A,D,D,9267,100,9267,1,0
B,D,D,5958,100,5958,1,0
C,D,D,8741,100,8741,1,0
D,E,D,9720,100,9720,1,0
D,F,D,6363,100,6363,1,0
D,G,D,9226,100,9226,1,0
D,H,D,1407,100,1407,1,0
A,E,E,1376,100,1376,1,0
B,E,E,4325,100,4325,1,0
C,E,E,9786,100,9786,1,0
D,E,E,9725,100,9725,1,0
E,F,E,3680,100,3680,1,0
E,G,E,9920,100,9920,1,0
E,H,E,9631,100,9631,1,0
A,F,F,3524,100,3524,1,0
B,F,F,1387,100,1387,1,0
C,F,F,7208,100,7208,1,0
D,F,F,6321,100,6321,1,0
E,F,F,3709,100,3709,1,0
F,G,F,7372,100,7372,1,0
F,H,F,6309,100,6309,1,0
A,G,G,9584,100,9584,1,0
B,G,G,7187,100,7187,1,0
C,G,G,1613,100,1613,1,0
D,G,G,9239,100,9239,1,0
E,G,G,9925,100,9925,1,0
F,G,G,7360,100,7360,1,0
G,H,G,9348,100,9348,1,0
A,H,H,9408,100,9408,1,0
B,H,H,6236,100,6236,1,0
C,H,H,9091,100,9091,1,0
D,H,H,1385,100,1385,1,0
E,H,H,9643,100,9643,1,0
F,H,H,6259,100,6259,1,0
G,H,H,9334,100,9334,1,0
A,B,A,3643,100,3643,1,0
A,C,A,9278,100,9278,1,0
A,D,A,9265,100,9265,1,0
A,E,A,1435,100,1435,1,0
A,F,A,3500,100,3500,1,0
A,G,A,9632,100,9632,1,0
A,H,A,9412,100,9412,1,0
A,B,B,3582,100,3582,1,0
B,C,B,6748,100,6748,1,0
B,D,B,5931,100,5931,1,0
B,E,B,4282,100,4282,1,0
B,F,B,1396,100,1396,1,0
B,G,B,7177,100,7177,1,0
B,H,B,6158,100,6158,1,0
A,C,C,9360,100,9360,1,0
B,C,C,6774,100,6774,1,0
C,D,C,8716,100,8716,1,0
C,E,C,9805,100,9805,1,0
C,F,C,7220,100,7220,1,0
C,G,C,1578,100,1578,1,0
C,H,C,9023,100,9023,1,0
A,D,D,9279,100,9279,1,0
B,D,D,5991,100,5991,1,0
C,D,D,8766,100,8766,1,0
D,E,D,9699,100,9699,1,0
D,F,D,6349,100,6349,1,0
D,G,D,9260,100,9260,1,0
D,H,D,1429,100,1429,1,0
A,E,E,1481,100,1481,1,0
B,E,E,4318,100,4318,1,0
C,E,E,9857,100,9857,1,0
D,E,E,9727,100,9727,1,0
E,F,E,3710,100,3710,1,0
E,G,E,9955,100,9955,1,0
E,H,E,9637,100,9637,1,0
A,F,F,3511,100,3511,1,0
B,F,F,1398,100,1398,1,0
C,F,F,7225,100,7225,1,0
D,F,F,6368,100,6368,1,0
E,F,F,3682,100,3682,1,0
F,G,F,7355,100,7355,1,0
F,H,F,6215,100,6215,1,0
A,G,G,9627,100,9627,1,0
B,G,G,7180,100,7180,1,0
C,G,G,1592,100,1592,1,0
D,G,G,9230,100,9230,1,0
E,G,G,9910,100,9910,1,0
F,G,G,7376,100,7376,1,0
G,H,G,9320,100,9320,1,0
A,H,H,9365,100,9365,1,0
B,H,H,6250,100,6250,1,0
C,H,H,9051,100,9051,1,0
D,H,H,1397,100,1397,1,0
E,H,H,9646,100,9646,1,0
F,H,H,6317,100,6317,1,0
G,H,H,9316,100,9316,1,0
A,B,A,3609,100,3609,1,0
A,C,A,9305,100,9305,1,0
A,D,A,9261,100,9261,1,0
A,E,A,1450,100,1450,1,0
A,F,A,3537,100,3537,1,0
A,G,A,9574,100,9574,1,0
A,H,A,9404,100,9404,1,0
A,B,B,3632,100,3632,1,0
B,C,B,6760,100,6760,1,0
B,D,B,5979,100,5979,1,0
B,E,B,4323,100,4323,1,0
B,F,B,1414,100,1414,1,0
B,G,B,7193,100,7193,1,0
B,H,B,6165,100,6165,1,0
A,C,C,9278,100,9278,1,0
B,C,C,6726,100,6726,1,0
C,D,C,8709,100,8709,1,0
C,E,C,9858,100,9858,1,0
C,F,C,7221,100,7221,1,0
C,G,C,1597,100,1597,1,0
C,H,C,9033,100,9033,1,0
A,D,D,9254,100,9254,1,0
B,D,D,5976,100,5976,1,0
C,D,D,8708,100,8708,1,0
D,E,D,9704,100,9704,1,0
D,F,D,6370,100,6370,1,0
D,G,D,9276,100,9276,1,0
D,H,D,1385,100,1385,1,0
A,E,E,1433,100,1433,1,0
B,E,E,4305,100,4305,1,0
C,E,E,9857,100,9857,1,0
D,E,E,9740,100,9740,1,0
E,F,E,3725,100,3725,1,0
E,G,E,9919,100,9919,1,0
E,H,E,9650,100,9650,1,0
A,F,F,3504,100,3504,1,0
B,F,F,1402,100,1402,1,0
C,F,F,7223,100,7223,1,0
D,F,F,6313,100,6313,1,0
E,F,F,3677,100,3677,1,0
F,G,F,7380,100,7380,1,0
F,H,F,6241,100,6241,1,0
A,G,G,9590,100,9590,1,0
B,G,G,7134,100,7134,1,0
C,G,G,1604,100,1604,1,0
D,G,G,9251,100,9251,1,0
E,G,G,9926,100,9926,1,0
F,G,G,7388,100,7388,1,0
G,H,G,9312,100,9312,1,0
A,H,H,9421,100,9421,1,0
B,H,H,6159,100,6159,1,0
C,H,H,9049,100,9049,1,0
D,H,H,1381,100,1381,1,0
E,H,H,9667,100,9667,1,0
F,H,H,6290,100,6290,1,0
G,H,H,9295,100,9295,1,0
A,B,A,3645,100,3645,1,0
A,C,A,9292,100,9292,1,0
A,D,A,9270,100,9270,1,0
A,E,A,1417,100,1417,1,0
A,F,A,3517,100,3517,1,0
A,G,A,9605,100,9605,1,0
A,H,A,9434,100,9434,1,0
A,B,B,3642,100,3642,1,0
B,C,B,6740,100,6740,1,0
B,D,B,5979,100,5979,1,0
B,E,B,4350,100,4350,1,0
B,F,B,1391,100,1391,1,0
B,G,B,7205,100,7205,1,0
B,H,B,6200,100,6200,1,0
A,C,C,9291,100,9291,1,0
B,C,C,6738,100,6738,1,0
C,D,C,8713,100,8713,1,0
C,E,C,9806,100,9806,1,0
C,F,C,7191,100,7191,1,0
C,G,C,1600,100,1600,1,0
C,H,C,9045,100,9045,1,0
A,D,D,9249,100,9249,1,0
B,D,D,5950,100,5950,1,0
C,D,D,8734,100,8734,1,0
D,E,D,9712,100,9712,1,0
D,F,D,6337,100,6337,1,0
D,G,D,9225,100,9225,1,0
D,H,D,1405,100,1405,1,0
A,E,E,1410,100,1410,1,0
B,E,E,4276,100,4276,1,0
C,E,E,9809,100,9809,1,0
D,E,E,9734,100,9734,1,0
E,F,E,3693,100,3693,1,0
E,G,E,9933,100,9933,1,0
E,H,E,9647,100,9647,1,0
A,F,F,3549,100,3549,1,0
B,F,F,1414,100,1414,1,0
C,F,F,7200,100,7200,1,0
D,F,F,6369,100,6369,1,0
E,F,F,3663,100,3663,1,0
F,G,F,7383,100,7383,1,0
F,H,F,6285,100,6285,1,0
A,G,G,9620,100,9620,1,0
B,G,G,7216,100,7216,1,0
C,G,G,1558,100,1558,1,0
D,G,G,9220,100,9220,1,0
E,G,G,9905,100,9905,1,0
F,G,G,7379,100,7379,1,0
G,H,G,9303,100,9303,1,0
A,H,H,9398,100,9398,1,0
B,H,H,6208,100,6208,1,0
C,H,H,9001,100,9001,1,0
D,H,H,1402,100,1402,1,0
E,H,H,9660,100,9660,1,0
F,H,H,6297,100,6297,1,0
G,H,H,9330,100,9330,1,0
A,B,A,3662,100,3662,1,0
A,C,A,9295,100,9295,1,0
A,D,A,9270,100,9270,1,0
A,E,A,1394,100,1394,1,0
A,F,A,3527,100,3527,1,0
A,G,A,9607,100,9607,1,0
A,H,A,9371,100,9371,1,0
A,B,B,3621,100,3621,1,0
B,C,B,6743,100,6743,1,0
B,D,B,5939,100,5939,1,0
B,E,B,4259,100,4259,1,0
B,F,B,1403,100,1403,1,0
B,G,B,7210,100,7210,1,0
B,H,B,6203,100,6203,1,0
A,C,C,9279,100,9279,1,0
B,C,C,6717,100,6717,1,0
C,D,C,8730,100,8730,1,0
C,E,C,9816,100,9816,1,0
C,F,C,7219,100,7219,1,0
C,G,C,1548,100,1548,1,0
C,H,C,9057,100,9057,1,0
A,D,D,9263,100,9263,1,0
B,D,D,5966,100,5966,1,0
C,D,D,8724,100,8724,1,0
D,E,D,9766,100,9766,1,0
D,F,D,6344,100,6344,1,0
D,G,D,9251,100,9251,1,0
D,H,D,1411,100,1411,1,0
A,E,E,1487,100,1487,1,0
B,E,E,4316,100,4316,1,0
C,E,E,9824,100,9824,1,0
D,E,E,9784,100,9784,1,0
E,F,E,3693,100,3693,1,0
E,G,E,9903,100,9903,1,0
E,H,E,9646,100,9646,1,0
A,F,F,3534,100,3534,1,0
B,F,F,1382,100,1382,1,0
C,F,F,7206,100,7206,1,0
D,F,F,6349,100,6349,1,0
E,F,F,3703,100,3703,1,0
F,G,F,7363,100,7363,1,0
F,H,F,6225,100,6225,1,0
A,G,G,9606,100,9606,1,0
B,G,G,7196,100,7196,1,0
C,G,G,1561,100,1561,1,0
D,G,G,9253,100,9253,1,0
E,G,G,9908,100,9908,1,0
F,G,G,7363,100,7363,1,0
G,H,G,9289,100,9289,1,0
A,H,H,9400,100,9400,1,0
B,H,H,6219,100,6219,1,0
C,H,H,9038,100,9038,1,0
D,H,H,1419,100,1419,1,0
E,H,H,9633,100,9633,1,0
F,H,H,6267,100,6267,1,0
G,H,H,9314,100,9314,1,0
A,B,A,3641,100,3641,1,0
A,C,A,9273,100,9273,1,0
A,D,A,9280,100,9280,1,0
A,E,A,1450,100,1450,1,0
A,F,A,3534,100,3534,1,0
A,G,A,9596,100,9596,1,0
A,H,A,9412,100,9412,1,0
A,B,B,3665,100,3665,1,0
B,C,B,6718,100,6718,1,0
B,D,B,5940,100,5940,1,0
B,E,B,4296,100,4296,1,0
B,F,B,1395,100,1395,1,0
B,G,B,7234,100,7234,1,0
B,H,B,6221,100,6221,1,0
A,C,C,9292,100,9292,1,0
B,C,C,6739,100,6739,1,0
C,D,C,8763,100,8763,1,0
C,E,C,9824,100,9824,1,0
C,F,C,7186,100,7186,1,0
C,G,C,1574,100,1574,1,0
C,H,C,9092,100,9092,1,0
A,D,D,9254,100,9254,1,0
B,D,D,5973,100,5973,1,0
C,D,D,8722,100,8722,1,0
D,E,D,9719,100,9719,1,0
D,F,D,6356,100,6356,1,0
D,G,D,9222,100,9222,1,0
D,H,D,1410,100,1410,1,0
A,E,E,1466,100,1466,1,0
B,E,E,4310,100,4310,1,0
C,E,E,9865,100,9865,1,0
D,E,E,9727,100,9727,1,0
E,F,E,3713,100,3713,1,0
E,G,E,9915,100,9915,1,0
E,H,E,9652,100,9652,1,0
A,F,F,3525,100,3525,1,0
B,F,F,1372,100,1372,1,0
C,F,F,7205,100,7205,1,0
D,F,F,6381,100,6381,1,0
E,F,F,3680,100,3680,1,0
F,G,F,7356,100,7356,1,0
F,H,F,6261,100,6261,1,0
A,G,G,9590,100,9590,1,0
B,G,G,7182,100,7182,1,0
C,G,G,1601,100,1601,1,0
D,G,G,9242,100,9242,1,0
E,G,G,9910,100,9910,1,0
F,G,G,7343,100,7343,1,0
G,H,G,9268,100,9268,1,0
A,H,H,9403,100,9403,1,0
B,H,H,6231,100,6231,1,0
C,H,H,9069,100,9069,1,0
D,H,H,1377,100,1377,1,0
E,H,H,9672,100,9672,1,0
F,H,H,6320,100,6320,1,0
G,H,H,9344,100,9344,1,0
A,B,A,3629,100,3629,1,0
A,C,A,9290,100,9290,1,0
A,D,A,9281,100,9281,1,0
A,E,A,1405,100,1405,1,0
A,F,A,3522,100,3522,1,0
A,G,A,9649,100,9649,1,0
A,H,A,9393,100,9393,1,0
A,B,B,3613,100,3613,1,0
B,C,B,6700,100,6700,1,0
B,D,B,5980,100,5980,1,0
B,E,B,4310,100,4310,1,0
B,F,B,1431,100,1431,1,0
B,G,B,7230,100,7230,1,0
B,H,B,6219,100,6219,1,0
A,C,C,9313,100,9313,1,0
B,C,C,6704,100,6704,1,0
C,D,C,8711,100,8711,1,0
C,E,C,9848,100,9848,1,0
C,F,C,7186,100,7186,1,0
C,G,C,1608,100,1608,1,0
C,H,C,9051,100,9051,1,0
A,D,D,9239,100,9239,1,0
B,D,D,5958,100,5958,1,0
C,D,D,8703,100,8703,1,0
D,E,D,9747,100,9747,1,0
D,F,D,6353,100,6353,1,0
D,G,D,9217,100,9217,1,0
D,H,D,1465,100,1465,1,0
A,E,E,1396,100,1396,1,0
B,E,E,4319,100,4319,1,0
C,E,E,9841,100,9841,1,0
D,E,E,9765,100,9765,1,0
E,F,E,3699,100,3699,1,0
E,G,E,9900,100,9900,1,0
E,H,E,9676,100,9676,1,0
A,F,F,3598,100,3598,1,0
B,F,F,1376,100,1376,1,0
C,F,F,7226,100,7226,1,0
D,F,F,6375,100,6375,1,0
E,F,F,3723,100,3723,1,0
F,G,F,7361,100,7361,1,0
F,H,F,6269,100,6269,1,0
A,G,G,9612,100,9612,1,0
B,G,G,7213,100,7213,1,0
C,G,G,1575,100,1575,1,0
D,G,G,9244,100,9244,1,0
E,G,G,9915,100,9915,1,0
F,G,G,7394,100,7394,1,0
G,H,G,9309,100,9309,1,0
A,H,H,9346,100,9346,1,0
B,H,H,6142,100,6142,1,0
C,H,H,9063,100,9063,1,0
D,H,H,1443,100,1443,1,0
E,H,H,9637,100,9637,1,0
F,H,H,6254,100,6254,1,0
G,H,H,9337,100,9337,1,0
A,B,A,3636,100,3636,1,0
A,C,A,9271,100,9271,1,0
A,D,A,9250,100,9250,1,0
A,E,A,1465,100,1465,1,0
A,F,A,3483,100,3483,1,0
A,G,A,9622,100,9622,1,0
A,H,A,9390,100,9390,1,0
A,B,B,3603,100,3603,1,0
B,C,B,6724,100,6724,1,0
B,D,B,5994,100,5994,1,0
B,E,B,4346,100,4346,1,0
B,F,B,1375,100,1375,1,0
B,G,B,7181,100,7181,1,0
B,H,B,6159,100,6159,1,0
A,C,C,9268,100,9268,1,0
B,C,C,6713,100,6713,1,0
C,D,C,8741,100,8741,1,0
C,E,C,9837,100,9837,1,0
C,F,C,7212,100,7212,1,0
C,G,C,1569,100,1569,1,0
C,H,C,9040,100,9040,1,0
A,D,D,9266,100,9266,1,0
B,D,D,5916,100,5916,1,0
C,D,D,8716,100,8716,1,0
D,E,D,9732,100,9732,1,0
D,F,D,6346,100,6346,1,0
D,G,D,9183,100,9183,1,0
D,H,D,1396,100,1396,1,0
A,E,E,1413,100,1413,1,0
B,E,E,4287,100,4287,1,0
C,E,E,9844,100,9844,1,0
D,E,E,9716,100,9716,1,0
E,F,E,3695,100,3695,1,0
E,G,E,9916,100,9916,1,0
E,H,E,9636,100,9636,1,0
A,F,F,3470,100,3470,1,0
B,F,F,1385,100,1385,1,0
C,F,F,7226,100,7226,1,0
D,F,F,6350,100,6350,1,0
E,F,F,3711,100,3711,1,0
F,G,F,7362,100,7362,1,0
F,H,F,6304,100,6304,1,0
A,G,G,9599,100,9599,1,0
B,G,G,7175,100,7175,1,0
C,G,G,1599,100,1599,1,0
D,G,G,9228,100,9228,1,0
E,G,G,9899,100,9899,1,0
F,G,G,7388,100,7388,1,0
G,H,G,9349,100,9349,1,0
A,H,H,9443,100,9443,1,0
B,H,H,6196,100,6196,1,0
C,H,H,9020,100,9020,1,0
D,H,H,1397,100,1397,1,0
E,H,H,9618,100,9618,1,0
F,H,H,6269,100,6269,1,0
G,H,H,9345,100,9345,1,0
A,B,A,3666,100,3666,1,0
A,C,A,9263,100,9263,1,0
A,D,A,9283,100,9283,1,0
A,E,A,1426,100,1426,1,0
A,F,A,3517,100,3517,1,0
A,G,A,9610,100,9610,1,0
A,H,A,9366,100,9366,1,0
A,B,B,3626,100,3626,1,0
B,C,B,6771,100,6771,1,0
B,D,B,5990,100,5990,1,0
B,E,B,4303,100,4303,1,0
B,F,B,1384,100,1384,1,0
B,G,B,7210,100,7210,1,0
B,H,B,6234,100,6234,1,0
A,C,C,9257,100,9257,1,0
B,C,C,6745,100,6745,1,0
C,D,C,8719,100,8719,1,0
C,E,C,9868,100,9868,1,0
C,F,C,7206,100,7206,1,0
C,G,C,1545,100,1545,1,0
C,H,C,9068,100,9068,1,0
A,D,D,9259,100,9259,1,0
B,D,D,5933,100,5933,1,0
C,D,D,8719,100,8719,1,0
D,E,D,9640,100,9640,1,0
D,F,D,6361,100,6361,1,0
D,G,D,9233,100,9233,1,0
D,H,D,1420,100,1420,1,0
A,E,E,1501,100,1501,1,0
B,E,E,4311,100,4311,1,0
C,E,E,9839,100,9839,1,0
D,E,E,9801,100,9801,1,0
E,F,E,3709,100,3709,1,0
E,G,E,9925,100,9925,1,0
E,H,E,9647,100,9647,1,0
A,F,F,3518,100,3518,1,0
B,F,F,1376,100,1376,1,0
C,F,F,7237,100,7237,1,0
D,F,F,6382,100,6382,1,0
E,F,F,3716,100,3716,1,0
F,G,F,7355,100,7355,1,0
F,H,F,6275,100,6275,1,0
A,G,G,9610,100,9610,1,0
B,G,G,7181,100,7181,1,0
C,G,G,1602,100,1602,1,0
D,G,G,9215,100,9215,1,0
E,G,G,9875,100,9875,1,0
F,G,G,7372,100,7372,1,0
G,H,G,9352,100,9352,1,0
A,H,H,9391,100,9391,1,0
B,H,H,6227,100,6227,1,0
C,H,H,9048,100,9048,1,0
D,H,H,1417,100,1417,1,0
E,H,H,9609,100,9609,1,0
F,H,H,6259,100,6259,1,0
G,H,H,9323,100,9323,1,0
A,B,A,3667,100,3667,1,0
A,C,A,9306,100,9306,1,0
A,D,A,9245,100,9245,1,0
A,E,A,1458,100,1458,1,0
A,F,A,3574,100,3574,1,0
A,G,A,9595,100,9595,1,0
A,H,A,9416,100,9416,1,0
A,B,B,3631,100,3631,1,0
B,C,B,6771,100,6771,1,0
B,D,B,5978,100,5978,1,0
B,E,B,4343,100,4343,1,0
B,F,B,1398,100,1398,1,0
B,G,B,7176,100,7176,1,0
B,H,B,6198,100,6198,1,0
A,C,C,9343,100,9343,1,0
B,C,C,6722,100,6722,1,0
C,D,C,8705,100,8705,1,0
C,E,C,9843,100,9843,1,0
C,F,C,7228,100,7228,1,0
C,G,C,1550,100,1550,1,0
C,H,C,8988,100,8988,1,0
A,D,D,9290,100,9290,1,0
B,D,D,6003,100,6003,1,0
C,D,D,8712,100,8712,1,0
D,E,D,9678,100,9678,1,0
D,F,D,6376,100,6376,1,0
D,G,D,9221,100,9221,1,0
D,H,D,1474,100,1474,1,0
A,E,E,1446,100,1446,1,0
B,E,E,4310,100,4310,1,0
C,E,E,9862,100,9862,1,0
D,E,E,9720,100,9720,1,0
E,F,E,3672,100,3672,1,0
E,G,E,9898,100,9898,1,0
E,H,E,9622,100,9622,1,0
A,F,F,3514,100,3514,1,0
B,F,F,1383,100,1383,1,0
C,F,F,7229,100,7229,1,0
D,F,F,6354,100,6354,1,0
E,F,F,3681,100,3681,1,0
F,G,F,7353,100,7353,1,0
F,H,F,6272,100,6272,1,0
A,G,G,9602,100,9602,1,0
B,G,G,7180,100,7180,1,0
C,G,G,1569,100,1569,1,0
D,G,G,9240,100,9240,1,0
E,G,G,9891,100,9891,1,0
F,G,G,7345,100,7345,1,0
G,H,G,9325,100,9325,1,0
A,H,H,9418,100,9418,1,0
B,H,H,6178,100,6178,1,0
C,H,H,9058,100,9058,1,0
D,H,H,1396,100,1396,1,0
E,H,H,9660,100,9660,1,0
F,H,H,6270,100,6270,1,0
G,H,H,9349,100,9349,1,0
A,B,A,3627,100,3627,1,0
A,C,A,9269,100,9269,1,0
A,D,A,9268,100,9268,1,0
A,E,A,1421,100,1421,1,0
A,F,A,3513,100,3513,1,0
A,G,A,9571,100,9571,1,0
A,H,A,9379,100,9379,1,0
A,B,B,3612,100,3612,1,0
B,C,B,6772,100,6772,1,0
B,D,B,5931,100,5931,1,0
B,E,B,4307,100,4307,1,0
B,F,B,1395,100,1395,1,0
B,G,B,7216,100,7216,1,0
B,H,B,6205,100,6205,1,0
A,C,C,9282,100,9282,1,0
B,C,C,6716,100,6716,1,0
C,D,C,8746,100,8746,1,0
C,E,C,9807,100,9807,1,0
C,F,C,7187,100,7187,1,0
C,G,C,1571,100,1571,1,0
C,H,C,9053,100,9053,1,0
A,D,D,9294,100,9294,1,0
B,D,D,5989,100,5989,1,0
C,D,D,8711,100,8711,1,0
D,E,D,9735,100,9735,1,0
D,F,D,6320,100,6320,1,0
D,G,D,9227,100,9227,1,0
D,H,D,1359,100,1359,1,0
A,E,E,1417,100,1417,1,0
B,E,E,4305,100,4305,1,0
C,E,E,9879,100,9879,1,0
D,E,E,9743,100,9743,1,0
E,F,E,3708,100,3708,1,0
E,G,E,9948,100,9948,1,0
E,H,E,9669,100,9669,1,0
A,F,F,3505,100,3505,1,0
B,F,F,1400,100,1400,1,0
C,F,F,7175,100,7175,1,0
D,F,F,6355,100,6355,1,0
E,F,F,3694,100,3694,1,0
F,G,F,7368,100,7368,1,0
F,H,F,6241,100,6241,1,0
A,G,G,9630,100,9630,1,0
B,G,G,7191,100,7191,1,0
C,G,G,1551,100,1551,1,0
D,G,G,9244,100,9244,1,0
E,G,G,9916,100,9916,1,0
F,G,G,7343,100,7343,1,0
G,H,G,9323,100,9323,1,0
A,H,H,9397,100,9397,1,0
B,H,H,6186,100,6186,1,0
C,H,H,9056,100,9056,1,0
D,H,H,1408,100,1408,1,0
E,H,H,9636,100,9636,1,0
F,H,H,6274,100,6274,1,0
G,H,H,9373,100,9373,1,0
A,B,A,3645,100,3645,1,0
A,C,A,9284,100,9284,1,0
A,D,A,9253,100,9253,1,0
A,E,A,1438,100,1438,1,0
A,F,A,3523,100,3523,1,0
A,G,A,9564,100,9564,1,0
A,H,A,9431,100,9431,1,0
A,B,B,3658,100,3658,1,0
B,C,B,6727,100,6727,1,0
B,D,B,5984,100,5984,1,0
B,E,B,4326,100,4326,1,0
B,F,B,1406,100,1406,1,0
B,G,B,7180,100,7180,1,0
B,H,B,6220,100,6220,1,0
A,C,C,9275,100,9275,1,0
B,C,C,6730,100,6730,1,0
C,D,C,8734,100,8734,1,0
C,E,C,9862,100,9862,1,0
C,F,C,7204,100,7204,1,0
C,G,C,1557,100,1557,1,0
C,H,C,9020,100,9020,1,0
A,D,D,9291,100,9291,1,0
B,D,D,5971,100,5971,1,0
C,D,D,8703,100,8703,1,0
D,E,D,9742,100,9742,1,0
D,F,D,6345,100,6345,1,0
D,G,D,9264,100,9264,1,0
D,H,D,1404,100,1404,1,0
A,E,E,1427,100,1427,1,0
B,E,E,4276,100,4276,1,0
C,E,E,9817,100,9817,1,0
D,E,E,9769,100,9769,1,0
E,F,E,3711,100,3711,1,0
E,G,E,9928,100,9928,1,0
E,H,E,9682,100,9682,1,0
A,F,F,3488,100,3488,1,0
B,F,F,1374,100,1374,1,0
C,F,F,7199,100,7199,1,0
D,F,F,6358,100,6358,1,0
E,F,F,3705,100,3705,1,0
F,G,F,7380,100,7380,1,0
F,H,F,6243,100,6243,1,0
A,G,G,9576,100,9576,1,0
B,G,G,7196,100,7196,1,0
C,G,G,1608,100,1608,1,0
D,G,G,9219,100,9219,1,0
E,G,G,9925,100,9925,1,0
F,G,G,7361,100,7361,1,0
G,H,G,9345,100,9345,1,0
A,H,H,9416,100,9416,1,0
B,H,H,6193,100,6193,1,0
C,H,H,9078,100,9078,1,0
D,H,H,1496,100,1496,1,0
E,H,H,9685,100,9685,1,0
F,H,H,6265,100,6265,1,0
G,H,H,9303,100,9303,1,0
A,B,A,3666,100,3666,1,0
A,C,A,9311,100,9311,1,0
A,D,A,9274,100,9274,1,0
A,E,A,1449,100,1449,1,0
A,F,A,3507,100,3507,1,0
A,G,A,9652,100,9652,1,0
A,H,A,9463,100,9463,1,0
A,B,B,3640,100,3640,1,0
B,C,B,6732,100,6732,1,0
B,D,B,5972,100,5972,1,0
B,E,B,4310,100,4310,1,0
B,F,B,1430,100,1430,1,0
B,G,B,7177,100,7177,1,0
B,H,B,6201,100,6201,1,0
A,C,C,9318,100,9318,1,0
B,C,C,6744,100,6744,1,0
C,D,C,8726,100,8726,1,0
C,E,C,9832,100,9832,1,0
C,F,C,7235,100,7235,1,0
C,G,C,1626,100,1626,1,0
C,H,C,9106,100,9106,1,0
A,D,D,9288,100,9288,1,0
B,D,D,5983,100,5983,1,0
C,D,D,8705,100,8705,1,0
D,E,D,9788,100,9788,1,0
D,F,D,6369,100,6369,1,0
D,G,D,9258,100,9258,1,0
D,H,D,1402,100,1402,1,0
A,E,E,1419,100,1419,1,0
B,E,E,4330,100,4330,1,0
C,E,E,9791,100,9791,1,0
D,E,E,9768,100,9768,1,0
E,F,E,3687,100,3687,1,0
E,G,E,9931,100,9931,1,0
E,H,E,9675,100,9675,1,0
A,F,F,3501,100,3501,1,0
B,F,F,1423,100,1423,1,0
C,F,F,7232,100,7232,1,0
D,F,F,6362,100,6362,1,0
E,F,F,3666,100,3666,1,0
F,G,F,7350,100,7350,1,0
F,H,F,6270,100,6270,1,0
A,G,G,9585,100,9585,1,0
B,G,G,7206,100,7206,1,0
C,G,G,1571,100,1571,1,0
D,G,G,9213,100,9213,1,0
E,G,G,9887,100,9887,1,0
F,G,G,7386,100,7386,1,0
G,H,G,9316,100,9316,1,0
A,H,H,9420,100,9420,1,0
B,H,H,6241,100,6241,1,0
C,H,H,9043,100,9043,1,0
D,H,H,1475,100,1475,1,0
E,H,H,9649,100,9649,1,0
F,H,H,6247,100,6247,1,0
G,H,H,9333,100,9333,1,0
A,B,A,3640,100,3640,1,0
A,C,A,9249,100,9249,1,0
A,D,A,9264,100,9264,1,0
A,E,A,1408,100,1408,1,0
A,F,A,3486,100,3486,1,0
A,G,A,9563,100,9563,1,0
A,H,A,9370,100,9370,1,0
A,B,B,3675,100,3675,1,0
B,C,B,6761,100,6761,1,0
B,D,B,5991,100,5991,1,0
B,E,B,4330,100,4330,1,0
B,F,B,1405,100,1405,1,0
B,G,B,7178,100,7178,1,0
B,H,B,6164,100,6164,1,0
A,C,C,9366,100,9366,1,0
B,C,C,6758,100,6758,1,0
C,D,C,8683,100,8683,1,0
C,E,C,9848,100,9848,1,0
C,F,C,7213,100,7213,1,0
C,G,C,1590,100,1590,1,0
C,H,C,9020,100,9020,1,0
A,D,D,9277,100,9277,1,0
B,D,D,5972,100,5972,1,0
C,D,D,8722,100,8722,1,0
D,E,D,9751,100,9751,1,0
D,F,D,6349,100,6349,1,0
D,G,D,9200,100,9200,1,0
D,H,D,1407,100,1407,1,0
A,E,E,1449,100,1449,1,0
B,E,E,4332,100,4332,1,0
C,E,E,9836,100,9836,1,0
D,E,E,9717,100,9717,1,0
E,F,E,3736,100,3736,1,0
E,G,E,9923,100,9923,1,0
E,H,E,9630,100,9630,1,0
A,F,F,3560,100,3560,1,0
B,F,F,1416,100,1416,1,0
C,F,F,7197,100,7197,1,0
D,F,F,6330,100,6330,1,0
E,F,F,3679,100,3679,1,0
F,G,F,7368,100,7368,1,0
F,H,F,6322,100,6322,1,0
A,G,G,9618,100,9618,1,0
B,G,G,7222,100,7222,1,0
C,G,G,1541,100,1541,1,0
D,G,G,9245,100,9245,1,0
E,G,G,9924,100,9924,1,0
F,G,G,7390,100,7390,1,0
G,H,G,9336,100,9336,1,0
A,H,H,9390,100,9390,1,0
B,H,H,6169,100,6169,1,0
C,H,H,9025,100,9025,1,0
D,H,H,1419,100,1419,1,0
E,H,H,9678,100,9678,1,0
F,H,H,6251,100,6251,1,0
G,H,H,9332,100,9332,1,0
A,B,A,3639,100,3639,1,0
A,C,A,9275,100,9275,1,0
A,D,A,9276,100,9276,1,0
A,E,A,1423,100,1423,1,0
A,F,A,3564,100,3564,1,0
A,G,A,9594,100,9594,1,0
A,H,A,9382,100,9382,1,0
A,B,B,3639,100,3639,1,0
B,C,B,6685,100,6685,1,0
B,D,B,5950,100,5950,1,0
B,E,B,4295,100,4295,1,0
B,F,B,1383,100,1383,1,0
B,G,B,7232,100,7232,1,0
B,H,B,6175,100,6175,1,0
A,C,C,9248,100,9248,1,0
B,C,C,6756,100,6756,1,0
C,D,C,8744,100,8744,1,0
C,E,C,9805,100,9805,1,0
C,F,C,7190,100,7190,1,0
C,G,C,1583,100,1583,1,0
C,H,C,9086,100,9086,1,0
A,D,D,9252,100,9252,1,0
B,D,D,5945,100,5945,1,0
C,D,D,8725,100,8725,1,0
D,E,D,9721,100,9721,1,0
D,F,D,6361,100,6361,1,0
D,G,D,9239,100,9239,1,0
D,H,D,1444,100,1444,1,0
A,E,E,1458,100,1458,1,0
B,E,E,4274,100,4274,1,0
C,E,E,9780,100,9780,1,0
D,E,E,9762,100,9762,1,0
E,F,E,3685,100,3685,1,0
E,G,E,9936,100,9936,1,0
E,H,E,9664,100,9664,1,0
A,F,F,3560,100,3560,1,0
B,F,F,1445,100,1445,1,0
C,F,F,7203,100,7203,1,0
D,F,F,6357,100,6357,1,0
E,F,F,3697,100,3697,1,0
F,G,F,7382,100,7382,1,0
F,H,F,6249,100,6249,1,0
A,G,G,9635,100,9635,1,0
B,G,G,7171,100,7171,1,0
C,G,G,1534,100,1534,1,0
D,G,G,9214,100,9214,1,0
E,G,G,9909,100,9909,1,0
F,G,G,7357,100,7357,1,0
G,H,G,9305,100,9305,1,0
A,H,H,9411,100,9411,1,0
B,H,H,6222,100,6222,1,0
C,H,H,9043,100,9043,1,0
D,H,H,1366,100,1366,1,0
E,H,H,9660,100,9660,1,0
F,H,H,6247,100,6247,1,0
G,H,H,9347,100,9347,1,0
A,B,A,3682,100,3682,1,0
A,C,A,9303,100,9303,1,0
A,D,A,9259,100,9259,1,0
A,E,A,1466,100,1466,1,0
A,F,A,3495,100,3495,1,0
A,G,A,9633,100,9633,1,0
A,H,A,9421,100,9421,1,0
A,B,B,3621,100,3621,1,0
B,C,B,6723,100,6723,1,0
B,D,B,5985,100,5985,1,0
B,E,B,4305,100,4305,1,0
B,F,B,1408,100,1408,1,0
B,G,B,7197,100,7197,1,0
B,H,B,6176,100,6176,1,0
A,C,C,9302,100,9302,1,0
B,C,C,6732,100,6732,1,0
C,D,C,8739,100,8739,1,0
C,E,C,9836,100,9836,1,0
C,F,C,7199,100,7199,1,0
C,G,C,1563,100,1563,1,0
C,H,C,9040,100,9040,1,0
A,D,D,9287,100,9287,1,0
B,D,D,5962,100,5962,1,0
C,D,D,8735,100,8735,1,0
D,E,D,9779,100,9779,1,0
D,F,D,6386,100,6386,1,0
D,G,D,9241,100,9241,1,0
D,H,D,1406,100,1406,1,0
A,E,E,1412,100,1412,1,0
B,E,E,4297,100,4297,1,0
C,E,E,9857,100,9857,1,0
D,E,E,9743,100,9743,1,0
E,F,E,3684,100,3684,1,0
E,G,E,9913,100,9913,1,0
E,H,E,9645,100,9645,1,0
A,F,F,3522,100,3522,1,0
B,F,F,1396,100,1396,1,0
C,F,F,7195,100,7195,1,0
D,F,F,6342,100,6342,1,0
E,F,F,3677,100,3677,1,0
F,G,F,7372,100,7372,1,0
F,H,F,6285,100,6285,1,0
A,G,G,9577,100,9577,1,0
B,G,G,7188,100,7188,1,0
C,G,G,1578,100,1578,1,0
D,G,G,9227,100,9227,1,0
E,G,G,9898,100,9898,1,0
F,G,G,7357,100,7357,1,0
G,H,G,9281,100,9281,1,0
A,H,H,9364,100,9364,1,0
B,H,H,6203,100,6203,1,0
C,H,H,9036,100,9036,1,0
D,H,H,1446,100,1446,1,0
E,H,H,9629,100,9629,1,0
F,H,H,6266,100,6266,1,0
G,H,H,9326,100,9326,1,0
A,B,A,3601,100,3601,1,0
A,C,A,9271,100,9271,1,0
A,D,A,9265,100,9265,1,0
A,E,A,1438,100,1438,1,0
A,F,A,3527,100,3527,1,0
A,G,A,9575,100,9575,1,0
A,H,A,9432,100,9432,1,0
A,B,B,3642,100,3642,1,0
B,C,B,6722,100,6722,1,0
B,D,B,5993,100,5993,1,0
B,E,B,4320,100,4320,1,0
B,F,B,1385,100,1385,1,0
B,G,B,7167,100,7167,1,0
B,H,B,6199,100,6199,1,0
A,C,C,9259,100,9259,1,0
B,C,C,6731,100,6731,1,0
C,D,C,8714,100,8714,1,0
C,E,C,9822,100,9822,1,0
C,F,C,7200,100,7200,1,0
C,G,C,1587,100,1587,1,0
C,H,C,9092,100,9092,1,0
A,D,D,9269,100,9269,1,0
B,D,D,6008,100,6008,1,0
C,D,D,8717,100,8717,1,0
D,E,D,9756,100,9756,1,0
D,F,D,6330,100,6330,1,0
D,G,D,9224,100,9224,1,0
D,H,D,1397,100,1397,1,0
A,E,E,1422,100,1422,1,0
B,E,E,4301,100,4301,1,0
C,E,E,9844,100,9844,1,0
D,E,E,9710,100,9710,1,0
E,F,E,3729,100,3729,1,0
E,G,E,9913,100,9913,1,0
E,H,E,9664,100,9664,1,0
A,F,F,3492,100,3492,1,0
B,F,F,1430,100,1430,1,0
C,F,F,7197,100,7197,1,0
D,F,F,6346,100,6346,1,0
E,F,F,3681,100,3681,1,0
F,G,F,7368,100,7368,1,0
F,H,F,6278,100,6278,1,0
A,G,G,9631,100,9631,1,0
B,G,G,7182,100,7182,1,0
C,G,G,1591,100,1591,1,0
D,G,G,9258,100,9258,1,0
E,G,G,9921,100,9921,1,0
F,G,G,7362,100,7362,1,0
G,H,G,9316,100,9316,1,0
A,H,H,9374,100,9374,1,0
B,H,H,6207,100,6207,1,0
C,H,H,9075,100,9075,1,0
D,H,H,1394,100,1394,1,0
E,H,H,9669,100,9669,1,0
F,H,H,6287,100,6287,1,0
G,H,H,9333,100,9333,1,0
A,B,A,3628,100,3628,1,0
A,C,A,9245,100,9245,1,0
A,D,A,9278,100,9278,1,0
A,E,A,1459,100,1459,1,0
A,F,A,3539,100,3539,1,0
A,G,A,9624,100,9624,1,0
A,H,A,9403,100,9403,1,0
A,B,B,3601,100,3601,1,0
B,C,B,6722,100,6722,1,0
B,D,B,5966,100,5966,1,0
B,E,B,4289,100,4289,1,0
B,F,B,1417,100,1417,1,0
B,G,B,7172,100,7172,1,0
B,H,B,6170,100,6170,1,0
A,C,C,9327,100,9327,1,0
B,C,C,6781,100,6781,1,0
C,D,C,8705,100,8705,1,0
C,E,C,9846,100,9846,1,0
C,F,C,7225,100,7225,1,0
C,G,C,1597,100,1597,1,0
C,H,C,8990,100,8990,1,0
A,D,D,9278,100,9278,1,0
B,D,D,5955,100,5955,1,0
C,D,D,8738,100,8738,1,0
D,E,D,9713,100,9713,1,0
D,F,D,6338,100,6338,1,0
D,G,D,9260,100,9260,1,0
D,H,D,1375,100,1375,1,0
A,E,E,1421,100,1421,1,0
B,E,E,4286,100,4286,1,0
C,E,E,9808,100,9808,1,0
D,E,E,9715,100,9715,1,0
E,F,E,3700,100,3700,1,0
E,G,E,9911,100,9911,1,0
E,H,E,9665,100,9665,1,0
A,F,F,3521,100,3521,1,0
B,F,F,1374,100,1374,1,0
C,F,F,7205,100,7205,1,0
D,F,F,6319,100,6319,1,0
E,F,F,3754,100,3754,1,0
F,G,F,7403,100,7403,1,0
F,H,F,6270,100,6270,1,0
A,G,G,9630,100,9630,1,0
B,G,G,7209,100,7209,1,0
C,G,G,1586,100,1586,1,0
D,G,G,9249,100,9249,1,0
E,G,G,9905,100,9905,1,0
F,G,G,7336,100,7336,1,0
G,H,G,9307,100,9307,1,0
A,H,H,9401,100,9401,1,0
B,H,H,6187,100,6187,1,0
C,H,H,9045,100,9045,1,0
D,H,H,1378,100,1378,1,0
E,H,H,9665,100,9665,1,0
F,H,H,6261,100,6261,1,0
G,H,H,9307,100,9307,1,0
A,B,A,3624,100,3624,1,0
A,C,A,9300,100,9300,1,0
A,D,A,9262,100,9262,1,0
A,E,A,1417,100,1417,1,0
A,F,A,3527,100,3527,1,0
A,G,A,9566,100,9566,1,0
A,H,A,9408,100,9408,1,0
A,B,B,3655,100,3655,1,0
B,C,B,6730,100,6730,1,0
B,D,B,5949,100,5949,1,0
B,E,B,4291,100,4291,1,0
B,F,B,1395,100,1395,1,0
B,G,B,7206,100,7206,1,0
B,H,B,6160,100,6160,1,0
A,C,C,9265,100,9265,1,0
B,C,C,6727,100,6727,1,0
C,D,C,8749,100,8749,1,0
C,E,C,9831,100,9831,1,0
C,F,C,7231,100,7231,1,0
C,G,C,1600,100,1600,1,0
C,H,C,9060,100,9060,1,0
A,D,D,9273,100,9273,1,0
B,D,D,5930,100,5930,1,0
C,D,D,8729,100,8729,1,0
D,E,D,9752,100,9752,1,0
D,F,D,6329,100,6329,1,0
D,G,D,9240,100,9240,1,0
D,H,D,1453,100,1453,1,0
A,E,E,1453,100,1453,1,0
B,E,E,4336,100,4336,1,0
C,E,E,9821,100,9821,1,0
D,E,E,9629,100,9629,1,0
E,F,E,3654,100,3654,1,0
E,G,E,9905,100,9905,1,0
E,H,E,9647,100,9647,1,0
A,F,F,3519,100,3519,1,0
B,F,F,1381,100,1381,1,0
C,F,F,7202,100,7202,1,0
D,F,F,6363,100,6363,1,0
E,F,F,3703,100,3703,1,0
F,G,F,7357,100,7357,1,0
F,H,F,6281,100,6281,1,0
A,G,G,9585,100,9585,1,0
B,G,G,7213,100,7213,1,0
C,G,G,1608,100,1608,1,0
D,G,G,9227,100,9227,1,0
E,G,G,9904,100,9904,1,0
F,G,G,7386,100,7386,1,0
G,H,G,9298,100,9298,1,0
A,H,H,9400,100,9400,1,0
B,H,H,6207,100,6207,1,0
C,H,H,9054,100,9054,1,0
D,H,H,1433,100,1433,1,0
E,H,H,9626,100,9626,1,0
F,H,H,6251,100,6251,1,0
G,H,H,9333,100,9333,1,0
A,B,A,3701,100,3701,1,0
A,C,A,9301,100,9301,1,0
A,D,A,9268,100,9268,1,0
A,E,A,1400,100,1400,1,0
A,F,A,3493,100,3493,1,0
A,G,A,9557,100,9557,1,0
A,H,A,9357,100,9357,1,0
A,B,B,3665,100,3665,1,0
B,C,B,6736,100,6736,1,0
B,D,B,5963,100,5963,1,0
B,E,B,4310,100,4310,1,0
B,F,B,1402,100,1402,1,0
B,G,B,7191,100,7191,1,0
B,H,B,6142,100,6142,1,0
A,C,C,9298,100,9298,1,0
B,C,C,6761,100,6761,1,0
C,D,C,8726,100,8726,1,0
C,E,C,9797,100,9797,1,0
C,F,C,7209,100,7209,1,0
C,G,C,1578,100,1578,1,0
C,H,C,9050,100,9050,1,0
A,D,D,9271,100,9271,1,0
B,D,D,5972,100,5972,1,0
C,D,D,8718,100,8718,1,0
D,E,D,9756,100,9756,1,0
D,F,D,6367,100,6367,1,0
D,G,D,9210,100,9210,1,0
D,H,D,1407,100,1407,1,0
A,E,E,1426,100,1426,1,0
B,E,E,4301,100,4301,1,0
C,E,E,9853,100,9853,1,0
D,E,E,9768,100,9768,1,0
E,F,E,3686,100,3686,1,0
E,G,E,9936,100,9936,1,0
E,H,E,9665,100,9665,1,0
A,F,F,3530,100,3530,1,0
B,F,F,1408,100,1408,1,0
C,F,F,7221,100,7221,1,0
D,F,F,6344,100,6344,1,0
E,F,F,3667,100,3667,1,0
F,G,F,7374,100,7374,1,0
F,H,F,6269,100,6269,1,0
A,G,G,9591,100,9591,1,0
B,G,G,7162,100,7162,1,0
C,G,G,1581,100,1581,1,0
D,G,G,9228,100,9228,1,0
E,G,G,9885,100,9885,1,0
F,G,G,7395,100,7395,1,0
G,H,G,9319,100,9319,1,0
A,H,H,9428,100,9428,1,0
B,H,H,6150,100,6150,1,0
C,H,H,9069,100,9069,1,0
D,H,H,1444,100,1444,1,0
E,H,H,9666,100,9666,1,0
F,H,H,6288,100,6288,1,0
G,H,H,9289,100,9289,1,0
A,B,A,3661,100,3661,1,0
A,C,A,9300,100,9300,1,0
A,D,A,9276,100,9276,1,0
A,E,A,1476,100,1476,1,0
A,F,A,3501,100,3501,1,0
A,G,A,9575,100,9575,1,0
A,H,A,9376,100,9376,1,0
A,B,B,3607,100,3607,1,0
B,C,B,6762,100,6762,1,0
B,D,B,5939,100,5939,1,0
B,E,B,4309,100,4309,1,0
B,F,B,1398,100,1398,1,0
B,G,B,7186,100,7186,1,0
B,H,B,6219,100,6219,1,0
A,C,C,9250,100,9250,1,0
B,C,C,6721,100,6721,1,0
C,D,C,8715,100,8715,1,0
C,E,C,9828,100,9828,1,0
C,F,C,7237,100,7237,1,0
C,G,C,1595,100,1595,1,0
C,H,C,9038,100,9038,1,0
A,D,D,9262,100,9262,1,0
B,D,D,5957,100,5957,1,0
C,D,D,8769,100,8769,1,0
D,E,D,9727,100,9727,1,0
D,F,D,6324,100,6324,1,0
D,G,D,9227,100,9227,1,0
D,H,D,1431,100,1431,1,0
A,E,E,1512,100,1512,1,0
B,E,E,4280,100,4280,1,0
C,E,E,9820,100,9820,1,0
D,E,E,9729,100,9729,1,0
E,F,E,3731,100,3731,1,0
E,G,E,9941,100,9941,1,0
E,H,E,9607,100,9607,1,0
A,F,F,3500,100,3500,1,0
B,F,F,1381,100,1381,1,0
C,F,F,7186,100,7186,1,0
D,F,F,6348,100,6348,1,0
E,F,F,3712,100,3712,1,0
F,G,F,7338,100,7338,1,0
F,H,F,6265,100,6265,1,0
A,G,G,9607,100,9607,1,0
B,G,G,7231,100,7231,1,0
C,G,G,1525,100,1525,1,0
D,G,G,9221,100,9221,1,0
E,G,G,9895,100,9895,1,0
F,G,G,7366,100,7366,1,0
G,H,G,9347,100,9347,1,0
A,H,H,9414,100,9414,1,0
B,H,H,6224,100,6224,1,0
C,H,H,9053,100,9053,1,0
D,H,H,1416,100,1416,1,0
E,H,H,9685,100,9685,1,0
F,H,H,6297,100,6297,1,0
G,H,H,9314,100,9314,1,0
A,B,A,3634,100,3634,1,0
A,C,A,9327,100,9327,1,0
A,D,A,9302,100,9302,1,0
A,E,A,1413,100,1413,1,0
A,F,A,3521,100,3521,1,0
A,G,A,9570,100,9570,1,0
A,H,A,9401,100,9401,1,0
A,B,B,3691,100,3691,1,0
B,C,B,6714,100,6714,1,0
B,D,B,5976,100,5976,1,0
B,E,B,4317,100,4317,1,0
B,F,B,1413,100,1413,1,0
B,G,B,7181,100,7181,1,0
B,H,B,6212,100,6212,1,0
A,C,C,9324,100,9324,1,0
B,C,C,6773,100,6773,1,0
C,D,C,8710,100,8710,1,0
C,E,C,9812,100,9812,1,0
C,F,C,7211,100,7211,1,0
C,G,C,1563,100,1563,1,0
C,H,C,9128,100,9128,1,0
A,D,D,9286,100,9286,1,0
B,D,D,5981,100,5981,1,0
C,D,D,8710,100,8710,1,0
D,E,D,9797,100,9797,1,0
D,F,D,6364,100,6364,1,0
D,G,D,9261,100,9261,1,0
D,H,D,1491,100,1491,1,0
A,E,E,1452,100,1452,1,0
B,E,E,4307,100,4307,1,0
C,E,E,9824,100,9824,1,0
D,E,E,9707,100,9707,1,0
E,F,E,3709,100,3709,1,0
E,G,E,9950,100,9950,1,0
E,H,E,9616,100,9616,1,0
A,F,F,3525,100,3525,1,0
B,F,F,1400,100,1400,1,0
C,F,F,7205,100,7205,1,0
D,F,F,6317,100,6317,1,0
E,F,F,3704,100,3704,1,0
F,G,F,7358,100,7358,1,0
F,H,F,6273,100,6273,1,0
A,G,G,9615,100,9615,1,0
B,G,G,7210,100,7210,1,0
C,G,G,1587,100,1587,1,0
D,G,G,9208,100,9208,1,0
E,G,G,9901,100,9901,1,0
F,G,G,7369,100,7369,1,0
G,H,G,9343,100,9343,1,0
A,H,H,9435,100,9435,1,0
B,H,H,6218,100,6218,1,0
C,H,H,9042,100,9042,1,0
D,H,H,1420,100,1420,1,0
E,H,H,9661,100,9661,1,0
F,H,H,6326,100,6326,1,0
G,H,H,9349,100,9349,1,0
A,B,A,3633,100,3633,1,0
A,C,A,9271,100,9271,1,0
A,D,A,9279,100,9279,1,0
A,E,A,1437,100,1437,1,0
A,F,A,3475,100,3475,1,0
A,G,A,9584,100,9584,1,0
A,H,A,9406,100,9406,1,0
A,B,B,3657,100,3657,1,0
B,C,B,6746,100,6746,1,0
B,D,B,5965,100,5965,1,0
B,E,B,4329,100,4329,1,0
B,F,B,1416,100,1416,1,0
B,G,B,7194,100,7194,1,0
B,H,B,6140,100,6140,1,0
A,C,C,9345,100,9345,1,0
B,C,C,6774,100,6774,1,0
C,D,C,8701,100,8701,1,0
C,E,C,9776,100,9776,1,0
C,F,C,7207,100,7207,1,0
C,G,C,1580,100,1580,1,0
C,H,C,9083,100,9083,1,0
A,D,D,9276,100,9276,1,0
B,D,D,5960,100,5960,1,0
C,D,D,8719,100,8719,1,0
D,E,D,9737,100,9737,1,0
D,F,D,6347,100,6347,1,0
D,G,D,9200,100,9200,1,0
D,H,D,1430,100,1430,1,0
A,E,E,1407,100,1407,1,0
B,E,E,4298,100,4298,1,0
C,E,E,9859,100,9859,1,0
D,E,E,9693,100,9693,1,0
E,F,E,3711,100,3711,1,0
E,G,E,9888,100,9888,1,0
E,H,E,9630,100,9630,1,0
A,F,F,3501,100,3501,1,0
B,F,F,1406,100,1406,1,0
C,F,F,7219,100,7219,1,0
D,F,F,6361,100,6361,1,0
E,F,F,3694,100,3694,1,0
F,G,F,7370,100,7370,1,0
F,H,F,6268,100,6268,1,0
A,G,G,9583,100,9583,1,0
B,G,G,7203,100,7203,1,0
C,G,G,1584,100,1584,1,0
D,G,G,9234,100,9234,1,0
E,G,G,9923,100,9923,1,0
F,G,G,7351,100,7351,1,0
G,H,G,9334,100,9334,1,0
A,H,H,9396,100,9396,1,0
B,H,H,6160,100,6160,1,0
C,H,H,9020,100,9020,1,0
D,H,H,1438,100,1438,1,0
E,H,H,9634,100,9634,1,0
F,H,H,6277,100,6277,1,0
G,H,H,9320,100,9320,1,0
A,B,A,3662,100,3662,1,0
A,C,A,9289,100,9289,1,0
A,D,A,9287,100,9287,1,0
A,E,A,1421,100,1421,1,0
A,F,A,3509,100,3509,1,0
A,G,A,9614,100,9614,1,0
A,H,A,9404,100,9404,1,0
A,B,B,3644,100,3644,1,0
B,C,B,6721,100,6721,1,0
B,D,B,5991,100,5991,1,0
B,E,B,4342,100,4342,1,0
B,F,B,1425,100,1425,1,0
B,G,B,7212,100,7212,1,0
B,H,B,6189,100,6189,1,0
A,C,C,9310,100,9310,1,0
B,C,C,6792,100,6792,1,0
C,D,C,8718,100,8718,1,0
C,E,C,9826,100,9826,1,0
C,F,C,7176,100,7176,1,0
C,G,C,1551,100,1551,1,0
C,H,C,9043,100,9043,1,0
A,D,D,9289,100,9289,1,0
B,D,D,5943,100,5943,1,0
C,D,D,8703,100,8703,1,0
D,E,D,9697,100,9697,1,0
D,F,D,6337,100,6337,1,0
D,G,D,9227,100,9227,1,0
D,H,D,1392,100,1392,1,0
A,E,E,1438,100,1438,1,0
B,E,E,4276,100,4276,1,0
C,E,E,9834,100,9834,1,0
D,E,E,9790,100,9790,1,0
E,F,E,3653,100,3653,1,0
E,G,E,9899,100,9899,1,0
E,H,E,9648,100,9648,1,0
A,F,F,3528,100,3528,1,0
B,F,F,1410,100,1410,1,0
C,F,F,7187,100,7187,1,0
D,F,F,6364,100,6364,1,0
E,F,F,3741,100,3741,1,0
F,G,F,7346,100,7346,1,0
F,H,F,6251,100,6251,1,0
A,G,G,9593,100,9593,1,0
B,G,G,7188,100,7188,1,0
C,G,G,1564,100,1564,1,0
D,G,G,9221,100,9221,1,0
E,G,G,9930,100,9930,1,0
F,G,G,7402,100,7402,1,0
G,H,G,9352,100,9352,1,0
A,H,H,9410,100,9410,1,0
B,H,H,6164,100,6164,1,0
C,H,H,9020,100,9020,1,0
D,H,H,1390,100,1390,1,0
E,H,H,9651,100,9651,1,0
F,H,H,6246,100,6246,1,0
G,H,H,9316,100,9316,1,0
A,B,A,3650,100,3650,1,0
A,C,A,9335,100,9335,1,0
A,D,A,9279,100,9279,1,0
A,E,A,1411,100,1411,1,0
A,F,A,3529,100,3529,1,0
A,G,A,9654,100,9654,1,0
A,H,A,9420,100,9420,1,0
A,B,B,3621,100,3621,1,0
B,C,B,6706,100,6706,1,0
B,D,B,5962,100,5962,1,0
B,E,B,4315,100,4315,1,0
B,F,B,1395,100,1395,1,0
B,G,B,7203,100,7203,1,0
B,H,B,6246,100,6246,1,0
A,C,C,9340,100,9340,1,0
B,C,C,6737,100,6737,1,0
C,D,C,8719,100,8719,1,0
C,E,C,9849,100,9849,1,0
C,F,C,7228,100,7228,1,0
C,G,C,1586,100,1586,1,0
C,H,C,9089,100,9089,1,0
A,D,D,9251,100,9251,1,0
B,D,D,5934,100,5934,1,0
C,D,D,8733,100,8733,1,0
D,E,D,9693,100,9693,1,0
D,F,D,6314,100,6314,1,0
D,G,D,9248,100,9248,1,0
D,H,D,1366,100,1366,1,0
A,E,E,1477,100,1477,1,0
B,E,E,4333,100,4333,1,0
C,E,E,9898,100,9898,1,0
D,E,E,9754,100,9754,1,0
E,F,E,3667,100,3667,1,0
E,G,E,9930,100,9930,1,0
E,H,E,9677,100,9677,1,0
A,F,F,3531,100,3531,1,0
B,F,F,1454,100,1454,1,0
C,F,F,7222,100,7222,1,0
D,F,F,6324,100,6324,1,0
E,F,F,3665,100,3665,1,0
F,G,F,7359,100,7359,1,0
F,H,F,6297,100,6297,1,0
A,G,G,9605,100,9605,1,0
B,G,G,7235,100,7235,1,0
C,G,G,1594,100,1594,1,0
D,G,G,9271,100,9271,1,0
E,G,G,9907,100,9907,1,0
F,G,G,7388,100,7388,1,0
G,H,G,9338,100,9338,1,0
A,H,H,9372,100,9372,1,0
B,H,H,6141,100,6141,1,0
C,H,H,9048,100,9048,1,0
D,H,H,1412,100,1412,1,0
E,H,H,9616,100,9616,1,0
F,H,H,6305,100,6305,1,0
G,H,H,9358,100,9358,1,0
A,B,A,3616,100,3616,1,0
A,C,A,9294,100,9294,1,0
A,D,A,9262,100,9262,1,0
A,E,A,1432,100,1432,1,0
A,F,A,3522,100,3522,1,0
A,G,A,9650,100,9650,1,0
A,H,A,9358,100,9358,1,0
A,B,B,3660,100,3660,1,0
B,C,B,6738,100,6738,1,0
B,D,B,6007,100,6007,1,0
B,E,B,4285,100,4285,1,0
B,F,B,1420,100,1420,1,0
B,G,B,7191,100,7191,1,0
B,H,B,6205,100,6205,1,0
A,C,C,9322,100,9322,1,0
B,C,C,6753,100,6753,1,0
C,D,C,8708,100,8708,1,0
C,E,C,9867,100,9867,1,0
C,F,C,7208,100,7208,1,0
C,G,C,1545,100,1545,1,0
C,H,C,9031,100,9031,1,0
A,D,D,9297,100,9297,1,0
B,D,D,5988,100,5988,1,0
C,D,D,8682,100,8682,1,0
D,E,D,9756,100,9756,1,0
D,F,D,6374,100,6374,1,0
D,G,D,9211,100,9211,1,0
D,H,D,1424,100,1424,1,0
A,E,E,1427,100,1427,1,0
B,E,E,4305,100,4305,1,0
C,E,E,9779,100,9779,1,0
D,E,E,9721,100,9721,1,0
E,F,E,3665,100,3665,1,0
E,G,E,9912,100,9912,1,0
E,H,E,9665,100,9665,1,0
A,F,F,3544,100,3544,1,0
B,F,F,1385,100,1385,1,0
C,F,F,7221,100,7221,1,0
D,F,F,6354,100,6354,1,0
E,F,F,3689,100,3689,1,0
F,G,F,7365,100,7365,1,0
F,H,F,6277,100,6277,1,0
A,G,G,9590,100,9590,1,0
B,G,G,7189,100,7189,1,0
C,G,G,1620,100,1620,1,0
D,G,G,9255,100,9255,1,0
E,G,G,9952,100,9952,1,0
F,G,G,7366,100,7366,1,0
G,H,G,9321,100,9321,1,0
A,H,H,9409,100,9409,1,0
B,H,H,6181,100,6181,1,0
C,H,H,9062,100,9062,1,0
D,H,H,1474,100,1474,1,0
E,H,H,9654,100,9654,1,0
F,H,H,6283,100,6283,1,0
G,H,H,9367,100,9367,1,0
A,B,A,3661,100,3661,1,0
A,C,A,9263,100,9263,1,0
A,D,A,9268,100,9268,1,0
A,E,A,1408,100,1408,1,0
A,F,A,3462,100,3462,1,0
A,G,A,9634,100,9634,1,0
A,H,A,9406,100,9406,1,0
A,B,B,3597,100,3597,1,0
B,C,B,6744,100,6744,1,0
B,D,B,5938,100,5938,1,0
B,E,B,4363,100,4363,1,0
B,F,B,1412,100,1412,1,0
B,G,B,7173,100,7173,1,0
B,H,B,6217,100,6217,1,0
A,C,C,9339,100,9339,1,0
B,C,C,6740,100,6740,1,0
C,D,C,8772,100,8772,1,0
C,E,C,9847,100,9847,1,0
C,F,C,7211,100,7211,1,0
C,G,C,1615,100,1615,1,0
C,H,C,9050,100,9050,1,0
A,D,D,9288,100,9288,1,0
B,D,D,5944,100,5944,1,0
C,D,D,8715,100,8715,1,0
D,E,D,9703,100,9703,1,0
D,F,D,6332,100,6332,1,0
D,G,D,9213,100,9213,1,0
D,H,D,1384,100,1384,1,0
A,E,E,1491,100,1491,1,0
B,E,E,4277,100,4277,1,0
C,E,E,9825,100,9825,1,0
D,E,E,9700,100,9700,1,0
E,F,E,3700,100,3700,1,0
E,G,E,9898,100,9898,1,0
E,H,E,9648,100,9648,1,0
A,F,F,3530,100,3530,1,0
B,F,F,1376,100,1376,1,0
C,F,F,7192,100,7192,1,0
D,F,F,6338,100,6338,1,0
E,F,F,3709,100,3709,1,0
F,G,F,7376,100,7376,1,0
F,H,F,6301,100,6301,1,0
A,G,G,9619,100,9619,1,0
B,G,G,7204,100,7204,1,0
C,G,G,1599,100,1599,1,0
D,G,G,9263,100,9263,1,0
E,G,G,9933,100,9933,1,0
F,G,G,7352,100,7352,1,0
G,H,G,9310,100,9310,1,0
A,H,H,9402,100,9402,1,0
B,H,H,6162,100,6162,1,0
C,H,H,9071,100,9071,1,0
D,H,H,1428,100,1428,1,0
E,H,H,9668,100,9668,1,0
F,H,H,6258,100,6258,1,0
G,H,H,9296,100,9296,1,0
A,B,A,3591,100,3591,1,0
A,C,A,9313,100,9313,1,0
A,D,A,9268,100,9268,1,0
A,E,A,1405,100,1405,1,0
A,F,A,3508,100,3508,1,0
A,G,A,9609,100,9609,1,0
A,H,A,9393,100,9393,1,0
A,B,B,3627,100,3627,1,0
B,C,B,6733,100,6733,1,0
B,D,B,5978,100,5978,1,0
B,E,B,4301,100,4301,1,0
B,F,B,1379,100,1379,1,0
B,G,B,7169,100,7169,1,0
B,H,B,6229,100,6229,1,0
A,C,C,9282,100,9282,1,0
B,C,C,6738,100,6738,1,0
C,D,C,8722,100,8722,1,0
C,E,C,9817,100,9817,1,0
C,F,C,7212,100,7212,1,0
C,G,C,1565,100,1565,1,0
C,H,C,9074,100,9074,1,0
A,D,D,9298,100,9298,1,0
B,D,D,5944,100,5944,1,0
C,D,D,8734,100,8734,1,0
D,E,D,9763,100,9763,1,0
D,F,D,6380,100,6380,1,0
D,G,D,9204,100,9204,1,0
D,H,D,1467,100,1467,1,0
A,E,E,1418,100,1418,1,0
B,E,E,4346,100,4346,1,0
C,E,E,9832,100,9832,1,0
D,E,E,9707,100,9707,1,0
E,F,E,3708,100,3708,1,0
E,G,E,9916,100,9916,1,0
E,H,E,9644,100,9644,1,0
A,F,F,3553,100,3553,1,0
B,F,F,1413,100,1413,1,0
C,F,F,7198,100,7198,1,0
D,F,F,6351,100,6351,1,0
E,F,F,3704,100,3704,1,0
F,G,F,7359,100,7359,1,0
F,H,F,6242,100,6242,1,0
A,G,G,9607,100,9607,1,0
B,G,G,7178,100,7178,1,0
C,G,G,1626,100,1626,1,0
D,G,G,9256,100,9256,1,0
E,G,G,9926,100,9926,1,0
F,G,G,7353,100,7353,1,0
G,H,G,9342,100,9342,1,0
A,H,H,9421,100,9421,1,0
B,H,H,6164,100,6164,1,0
C,H,H,9077,100,9077,1,0
D,H,H,1480,100,1480,1,0
E,H,H,9651,100,9651,1,0
F,H,H,6250,100,6250,1,0
G,H,H,9280,100,9280,1,0
A,B,A,3628,100,3628,1,0
A,C,A,9308,100,9308,1,0
A,D,A,9262,100,9262,1,0
A,E,A,1450,100,1450,1,0
A,F,A,3537,100,3537,1,0
A,G,A,9609,100,9609,1,0
A,H,A,9395,100,9395,1,0
A,B,B,3669,100,3669,1,0
B,C,B,6740,100,6740,1,0
B,D,B,6001,100,6001,1,0
B,E,B,4310,100,4310,1,0
B,F,B,1412,100,1412,1,0
B,G,B,7199,100,7199,1,0
B,H,B,6230,100,6230,1,0
A,C,C,9336,100,9336,1,0
B,C,C,6757,100,6757,1,0
C,D,C,8747,100,8747,1,0
C,E,C,9805,100,9805,1,0
C,F,C,7218,100,7218,1,0
C,G,C,1555,100,1555,1,0
C,H,C,9038,100,9038,1,0
A,D,D,9306,100,9306,1,0
B,D,D,5966,100,5966,1,0
C,D,D,8703,100,8703,1,0
D,E,D,9705,100,9705,1,0
D,F,D,6330,100,6330,1,0
D,G,D,9230,100,9230,1,0
D,H,D,1416,100,1416,1,0
A,E,E,1466,100,1466,1,0
B,E,E,4323,100,4323,1,0
C,E,E,9841,100,9841,1,0
D,E,E,9706,100,9706,1,0
E,F,E,3691,100,3691,1,0
E,G,E,9924,100,9924,1,0
E,H,E,9612,100,9612,1,0
A,F,F,3586,100,3586,1,0
B,F,F,1392,100,1392,1,0
C,F,F,7195,100,7195,1,0
D,F,F,6340,100,6340,1,0
E,F,F,3694,100,3694,1,0
F,G,F,7372,100,7372,1,0
F,H,F,6240,100,6240,1,0
A,G,G,9636,100,9636,1,0
B,G,G,7221,100,7221,1,0
C,G,G,1609,100,1609,1,0
D,G,G,9250,100,9250,1,0
E,G,G,9901,100,9901,1,0
F,G,G,7387,100,7387,1,0
G,H,G,9354,100,9354,1,0
A,H,H,9372,100,9372,1,0
B,H,H,6206,100,6206,1,0
C,H,H,9031,100,9031,1,0
D,H,H,1454,100,1454,1,0
E,H,H,9676,100,9676,1,0
F,H,H,6297,100,6297,1,0
G,H,H,9303,100,9303,1,0
A,B,A,3632,100,3632,1,0
A,C,A,9302,100,9302,1,0
A,D,A,9278,100,9278,1,0
A,E,A,1427,100,1427,1,0
A,F,A,3510,100,3510,1,0
A,G,A,9608,100,9608,1,0
A,H,A,9402,100,9402,1,0
A,B,B,3679,100,3679,1,0
B,C,B,6717,100,6717,1,0
B,D,B,5989,100,5989,1,0
B,E,B,4290,100,4290,1,0
B,F,B,1421,100,1421,1,0
B,G,B,7194,100,7194,1,0
B,H,B,6188,100,6188,1,0
A,C,C,9255,100,9255,1,0
B,C,C,6734,100,6734,1,0
C,D,C,8723,100,8723,1,0
C,E,C,9851,100,9851,1,0
C,F,C,7195,100,7195,1,0
C,G,C,1587,100,1587,1,0
C,H,C,9033,100,9033,1,0
A,D,D,9254,100,9254,1,0
B,D,D,5995,100,5995,1,0
C,D,D,8737,100,8737,1,0
D,E,D,9751,100,9751,1,0
D,F,D,6325,100,6325,1,0
D,G,D,9207,100,9207,1,0
D,H,D,1386,100,1386,1,0
A,E,E,1436,100,1436,1,0
B,E,E,4312,100,4312,1,0
C,E,E,9813,100,9813,1,0
D,E,E,9738,100,9738,1,0
E,F,E,3727,100,3727,1,0
E,G,E,9910,100,9910,1,0
E,H,E,9661,100,9661,1,0
A,F,F,3550,100,3550,1,0
B,F,F,1408,100,1408,1,0
C,F,F,7220,100,7220,1,0
D,F,F,6372,100,6372,1,0
E,F,F,3694,100,3694,1,0
F,G,F,7355,100,7355,1,0
F,H,F,6255,100,6255,1,0
A,G,G,9577,100,9577,1,0
B,G,G,7196,100,7196,1,0
C,G,G,1609,100,1609,1,0
D,G,G,9214,100,9214,1,0
E,G,G,9893,100,9893,1,0
F,G,G,7379,100,7379,1,0
G,H,G,9300,100,9300,1,0
A,H,H,9383,100,9383,1,0
B,H,H,6186,100,6186,1,0
C,H,H,9055,100,9055,1,0
D,H,H,1415,100,1415,1,0
E,H,H,9635,100,9635,1,0
F,H,H,6295,100,6295,1,0
G,H,H,9296,100,9296,1,0
A,B,A,3655,100,3655,1,0
A,C,A,9310,100,9310,1,0
A,D,A,9255,100,9255,1,0
A,E,A,1427,100,1427,1,0
A,F,A,3537,100,3537,1,0
A,G,A,9596,100,9596,1,0
A,H,A,9408,100,9408,1,0
A,B,B,3645,100,3645,1,0
B,C,B,6743,100,6743,1,0
B,D,B,5947,100,5947,1,0
B,E,B,4340,100,4340,1,0
B,F,B,1416,100,1416,1,0
B,G,B,7200,100,7200,1,0
B,H,B,6227,100,6227,1,0
A,C,C,9284,100,9284,1,0
B,C,C,6717,100,6717,1,0
C,D,C,8732,100,8732,1,0
C,E,C,9851,100,9851,1,0
C,F,C,7191,100,7191,1,0
C,G,C,1624,100,1624,1,0
C,H,C,9010,100,9010,1,0
A,D,D,9278,100,9278,1,0
B,D,D,5942,100,5942,1,0
C,D,D,8752,100,8752,1,0
D,E,D,9776,100,9776,1,0
D,F,D,6370,100,6370,1,0
D,G,D,9266,100,9266,1,0
D,H,D,1362,100,1362,1,0
A,E,E,1392,100,1392,1,0
B,E,E,4306,100,4306,1,0
C,E,E,9815,100,9815,1,0
D,E,E,9779,100,9779,1,0
E,F,E,3709,100,3709,1,0
E,G,E,9946,100,9946,1,0
E,H,E,9631,100,9631,1,0
A,F,F,3550,100,3550,1,0
B,F,F,1388,100,1388,1,0
C,F,F,7214,100,7214,1,0
D,F,F,6344,100,6344,1,0
E,F,F,3683,100,3683,1,0
F,G,F,7346,100,7346,1,0
F,H,F,6259,100,6259,1,0
A,G,G,9619,100,9619,1,0
B,G,G,7182,100,7182,1,0
C,G,G,1560,100,1560,1,0
D,G,G,9226,100,9226,1,0
E,G,G,9962,100,9962,1,0
F,G,G,7383,100,7383,1,0
G,H,G,9280,100,9280,1,0
A,H,H,9408,100,9408,1,0
B,H,H,6230,100,6230,1,0
C,H,H,9068,100,9068,1,0
D,H,H,1411,100,1411,1,0
E,H,H,9631,100,9631,1,0
F,H,H,6263,100,6263,1,0
G,H,H,9320,100,9320,1,0
A,B,A,3672,100,3672,1,0
A,C,A,9322,100,9322,1,0
A,D,A,9259,100,9259,1,0
A,E,A,1427,100,1427,1,0
A,F,A,3489,100,3489,1,0
A,G,A,9620,100,9620,1,0
A,H,A,9386,100,9386,1,0
A,B,B,3686,100,3686,1,0
B,C,B,6746,100,6746,1,0
B,D,B,5938,100,5938,1,0
B,E,B,4286,100,4286,1,0
B,F,B,1401,100,1401,1,0
B,G,B,7179,100,7179,1,0
B,H,B,6195,100,6195,1,0
A,C,C,9310,100,9310,1,0
B,C,C,6772,100,6772,1,0
C,D,C,8764,100,8764,1,0
C,E,C,9838,100,9838,1,0
C,F,C,7209,100,7209,1,0
C,G,C,1523,100,1523,1,0
C,H,C,9030,100,9030,1,0
A,D,D,9259,100,9259,1,0
B,D,D,5927,100,5927,1,0
C,D,D,8786,100,8786,1,0
D,E,D,9734,100,9734,1,0
D,F,D,6362,100,6362,1,0
D,G,D,9237,100,9237,1,0
D,H,D,1418,100,1418,1,0
A,E,E,1391,100,1391,1,0
B,E,E,4317,100,4317,1,0
C,E,E,9814,100,9814,1,0
D,E,E,9716,100,9716,1,0
E,F,E,3697,100,3697,1,0
E,G,E,9946,100,9946,1,0
E,H,E,9629,100,9629,1,0
A,F,F,3500,100,3500,1,0
B,F,F,1370,100,1370,1,0
C,F,F,7203,100,7203,1,0
D,F,F,6323,100,6323,1,0
E,F,F,3704,100,3704,1,0
F,G,F,7366,100,7366,1,0
F,H,F,6265,100,6265,1,0
A,G,G,9577,100,9577,1,0
B,G,G,7172,100,7172,1,0
C,G,G,1600,100,1600,1,0
D,G,G,9251,100,9251,1,0
E,G,G,9928,100,9928,1,0
F,G,G,7352,100,7352,1,0
G,H,G,9309,100,9309,1,0
A,H,H,9399,100,9399,1,0
B,H,H,6215,100,6215,1,0
C,H,H,9073,100,9073,1,0
D,H,H,1376,100,1376,1,0
E,H,H,9660,100,9660,1,0
F,H,H,6307,100,6307,1,0
G,H,H,9300,100,9300,1,0
A,B,A,3641,100,3641,1,0
A,C,A,9311,100,9311,1,0
A,D,A,9295,100,9295,1,0
A,E,A,1470,100,1470,1,0
A,F,A,3509,100,3509,1,0
A,G,A,9592,100,9592,1,0
A,H,A,9381,100,9381,1,0
A,B,B,3633,100,3633,1,0
B,C,B,6715,100,6715,1,0
B,D,B,5996,100,5996,1,0
B,E,B,4304,100,4304,1,0
B,F,B,1387,100,1387,1,0
B,G,B,7188,100,7188,1,0
B,H,B,6214,100,6214,1,0
A,C,C,9298,100,9298,1,0
B,C,C,6683,100,6683,1,0
C,D,C,8722,100,8722,1,0
C,E,C,9850,100,9850,1,0
C,F,C,7181,100,7181,1,0
C,G,C,1570,100,1570,1,0
C,H,C,9076,100,9076,1,0
A,D,D,9284,100,9284,1,0
B,D,D,5966,100,5966,1,0
C,D,D,8726,100,8726,1,0
D,E,D,9698,100,9698,1,0
D,F,D,6303,100,6303,1,0
D,G,D,9265,100,9265,1,0
D,H,D,1465,100,1465,1,0
A,E,E,1432,100,1432,1,0
B,E,E,4322,100,4322,1,0
C,E,E,9765,100,9765,1,0
D,E,E,9698,100,9698,1,0
E,F,E,3708,100,3708,1,0
E,G,E,9919,100,9919,1,0
E,H,E,9685,100,9685,1,0
A,F,F,3510,100,3510,1,0
B,F,F,1439,100,1439,1,0
C,F,F,7199,100,7199,1,0
D,F,F,6343,100,6343,1,0
E,F,F,3696,100,3696,1,0
F,G,F,7402,100,7402,1,0
F,H,F,6325,100,6325,1,0
A,G,G,9573,100,9573,1,0
B,G,G,7163,100,7163,1,0
C,G,G,1570,100,1570,1,0
D,G,G,9223,100,9223,1,0
E,G,G,9939,100,9939,1,0
F,G,G,7387,100,7387,1,0
G,H,G,9340,100,9340,1,0
A,H,H,9399,100,9399,1,0
B,H,H,6164,100,6164,1,0
C,H,H,9053,100,9053,1,0
D,H,H,1402,100,1402,1,0
E,H,H,9676,100,9676,1,0
F,H,H,6301,100,6301,1,0
G,H,H,9317,100,9317,1,0
A,B,A,3617,100,3617,1,0
A,C,A,9333,100,9333,1,0
A,D,A,9283,100,9283,1,0
A,E,A,1425,100,1425,1,0
A,F,A,3540,100,3540,1,0
A,G,A,9576,100,9576,1,0
A,H,A,9456,100,9456,1,0
A,B,B,3650,100,3650,1,0
B,C,B,6723,100,6723,1,0
B,D,B,5986,100,5986,1,0
B,E,B,4286,100,4286,1,0
B,F,B,1435,100,1435,1,0
B,G,B,7210,100,7210,1,0
B,H,B,6174,100,6174,1,0
A,C,C,9299,100,9299,1,0
B,C,C,6707,100,6707,1,0
C,D,C,8752,100,8752,1,0
C,E,C,9803,100,9803,1,0
C,F,C,7213,100,7213,1,0
C,G,C,1560,100,1560,1,0
C,H,C,9043,100,9043,1,0
A,D,D,9280,100,9280,1,0
B,D,D,5911,100,5911,1,0
C,D,D,8744,100,8744,1,0
D,E,D,9800,100,9800,1,0
D,F,D,6371,100,6371,1,0
D,G,D,9220,100,9220,1,0
D,H,D,1474,100,1474,1,0
A,E,E,1437,100,1437,1,0
B,E,E,4306,100,4306,1,0
C,E,E,9843,100,9843,1,0
D,E,E,9670,100,9670,1,0
E,F,E,3690,100,3690,1,0
E,G,E,9920,100,9920,1,0
E,H,E,9639,100,9639,1,0
A,F,F,3542,100,3542,1,0
B,F,F,1393,100,1393,1,0
C,F,F,7224,100,7224,1,0
D,F,F,6374,100,6374,1,0
E,F,F,3666,100,3666,1,0
F,G,F,7364,100,7364,1,0
F,H,F,6243,100,6243,1,0
A,G,G,9580,100,9580,1,0
B,G,G,7173,100,7173,1,0
C,G,G,1628,100,1628,1,0
D,G,G,9228,100,9228,1,0
E,G,G,9872,100,9872,1,0
F,G,G,7356,100,7356,1,0
G,H,G,9311,100,9311,1,0
A,H,H,9427,100,9427,1,0
B,H,H,6205,100,6205,1,0
C,H,H,9051,100,9051,1,0
D,H,H,1393,100,1393,1,0
E,H,H,9647,100,9647,1,0
F,H,H,6300,100,6300,1,0
G,H,H,9298,100,9298,1,0
A,B,A,3664,100,3664,1,0
A,C,A,9327,100,9327,1,0
A,D,A,9280,100,9280,1,0
A,E,A,1404,100,1404,1,0
A,F,A,3539,100,3539,1,0
A,G,A,9613,100,9613,1,0
A,H,A,9358,100,9358,1,0
A,B,B,3619,100,3619,1,0
B,C,B,6738,100,6738,1,0
B,D,B,5956,100,5956,1,0
B,E,B,4346,100,4346,1,0
B,F,B,1409,100,1409,1,0
B,G,B,7198,100,7198,1,0
B,H,B,6232,100,6232,1,0
A,C,C,9257,100,9257,1,0
B,C,C,6756,100,6756,1,0
C,D,C,8735,100,8735,1,0
C,E,C,9856,100,9856,1,0
C,F,C,7197,100,7197,1,0
C,G,C,1558,100,1558,1,0
C,H,C,9073,100,9073,1,0
A,D,D,9240,100,9240,1,0
B,D,D,5959,100,5959,1,0
C,D,D,8710,100,8710,1,0
D,E,D,9716,100,9716,1,0
D,F,D,6303,100,6303,1,0
D,G,D,9268,100,9268,1,0
D,H,D,1439,100,1439,1,0
A,E,E,1427,100,1427,1,0
B,E,E,4294,100,4294,1,0
C,E,E,9868,100,9868,1,0
D,E,E,9718,100,9718,1,0
E,F,E,3697,100,3697,1,0
E,G,E,9924,100,9924,1,0
E,H,E,9687,100,9687,1,0
A,F,F,3537,100,3537,1,0
B,F,F,1395,100,1395,1,0
C,F,F,7204,100,7204,1,0
D,F,F,6377,100,6377,1,0
E,F,F,3728,100,3728,1,0
F,G,F,7358,100,7358,1,0
F,H,F,6269,100,6269,1,0
A,G,G,9555,100,9555,1,0
B,G,G,7177,100,7177,1,0
C,G,G,1614,100,1614,1,0
D,G,G,9256,100,9256,1,0
E,G,G,9906,100,9906,1,0
F,G,G,7376,100,7376,1,0
G,H,G,9344,100,9344,1,0
A,H,H,9385,100,9385,1,0
B,H,H,6192,100,6192,1,0
C,H,H,9065,100,9065,1,0
D,H,H,1410,100,1410,1,0
E,H,H,9659,100,9659,1,0
F,H,H,6263,100,6263,1,0
G,H,H,9339,100,9339,1,0
A,B,A,3643,100,3643,1,0
A,C,A,9299,100,9299,1,0
A,D,A,9268,100,9268,1,0
A,E,A,1430,100,1430,1,0
A,F,A,3549,100,3549,1,0
A,G,A,9605,100,9605,1,0
A,H,A,9384,100,9384,1,0
A,B,B,3674,100,3674,1,0
B,C,B,6735,100,6735,1,0
B,D,B,5936,100,5936,1,0
B,E,B,4348,100,4348,1,0
B,F,B,1433,100,1433,1,0
B,G,B,7202,100,7202,1,0
B,H,B,6195,100,6195,1,0
A,C,C,9325,100,9325,1,0
B,C,C,6721,100,6721,1,0
C,D,C,8704,100,8704,1,0
C,E,C,9822,100,9822,1,0
C,F,C,7188,100,7188,1,0
C,G,C,1627,100,1627,1,0
C,H,C,9057,100,9057,1,0
A,D,D,9280,100,9280,1,0
B,D,D,5971,100,5971,1,0
C,D,D,8701,100,8701,1,0
D,E,D,9735,100,9735,1,0
D,F,D,6350,100,6350,1,0
D,G,D,9230,100,9230,1,0
D,H,D,1378,100,1378,1,0
A,E,E,1434,100,1434,1,0
B,E,E,4293,100,4293,1,0
C,E,E,9851,100,9851,1,0
D,E,E,9704,100,9704,1,0
E,F,E,3681,100,3681,1,0
E,G,E,9915,100,9915,1,0
E,H,E,9637,100,9637,1,0
A,F,F,3525,100,3525,1,0
B,F,F,1442,100,1442,1,0
C,F,F,7219,100,7219,1,0
D,F,F,6342,100,6342,1,0
E,F,F,3698,100,3698,1,0
F,G,F,7363,100,7363,1,0
F,H,F,6297,100,6297,1,0
A,G,G,9586,100,9586,1,0
B,G,G,7184,100,7184,1,0
C,G,G,1569,100,1569,1,0
D,G,G,9237,100,9237,1,0
E,G,G,9928,100,9928,1,0
F,G,G,7395,100,7395,1,0
G,H,G,9318,100,9318,1,0
A,H,H,9401,100,9401,1,0
B,H,H,6181,100,6181,1,0
C,H,H,9034,100,9034,1,0
D,H,H,1483,100,1483,1,0
E,H,H,9638,100,9638,1,0
F,H,H,6273,100,6273,1,0
G,H,H,9332,100,9332,1,0
A,B,A,3649,100,3649,1,0
A,C,A,9289,100,9289,1,0
A,D,A,9273,100,9273,1,0
A,E,A,1481,100,1481,1,0
A,F,A,3475,100,3475,1,0
A,G,A,9561,100,9561,1,0
A,H,A,9380,100,9380,1,0
A,B,B,3660,100,3660,1,0
B,C,B,6760,100,6760,1,0
B,D,B,5907,100,5907,1,0
B,E,B,4301,100,4301,1,0
B,F,B,1397,100,1397,1,0
B,G,B,7186,100,7186,1,0
B,H,B,6213,100,6213,1,0
A,C,C,9255,100,9255,1,0
B,C,C,6690,100,6690,1,0
C,D,C,8711,100,8711,1,0
C,E,C,9862,100,9862,1,0
C,F,C,7228,100,7228,1,0
C,G,C,1567,100,1567,1,0
C,H,C,9024,100,9024,1,0
A,D,D,9279,100,9279,1,0
B,D,D,5992,100,5992,1,0
C,D,D,8702,100,8702,1,0
D,E,D,9784,100,9784,1,0
D,F,D,6317,100,6317,1,0
D,G,D,9183,100,9183,1,0
D,H,D,1463,100,1463,1,0
A,E,E,1508,100,1508,1,0
B,E,E,4318,100,4318,1,0
C,E,E,9826,100,9826,1,0
D,E,E,9674,100,9674,1,0
E,F,E,3679,100,3679,1,0
E,G,E,9934,100,9934,1,0
E,H,E,9669,100,9669,1,0
A,F,F,3511,100,3511,1,0
B,F,F,1382,100,1382,1,0
C,F,F,7186,100,7186,1,0
D,F,F,6317,100,6317,1,0
E,F,F,3677,100,3677,1,0
F,G,F,7377,100,7377,1,0
F,H,F,6275,100,6275,1,0
A,G,G,9619,100,9619,1,0
B,G,G,7164,100,7164,1,0
C,G,G,1530,100,1530,1,0
D,G,G,9219,100,9219,1,0
E,G,G,9915,100,9915,1,0
F,G,G,7374,100,7374,1,0
G,H,G,9284,100,9284,1,0
A,H,H,9381,100,9381,1,0
B,H,H,6227,100,6227,1,0
C,H,H,9066,100,9066,1,0
D,H,H,1427,100,1427,1,0
E,H,H,9635,100,9635,1,0
F,H,H,6273,100,6273,1,0
G,H,H,9338,100,9338,1,0
A,B,A,3646,100,3646,1,0
A,C,A,9267,100,9267,1,0
A,D,A,9266,100,9266,1,0
A,E,A,1458,100,1458,1,0
A,F,A,3535,100,3535,1,0
A,G,A,9645,100,9645,1,0
A,H,A,9415,100,9415,1,0
A,B,B,3665,100,3665,1,0
B,C,B,6754,100,6754,1,0
B,D,B,5972,100,5972,1,0
B,E,B,4375,100,4375,1,0
B,F,B,1408,100,1408,1,0
B,G,B,7201,100,7201,1,0
B,H,B,6199,100,6199,1,0
A,C,C,9261,100,9261,1,0
B,C,C,6727,100,6727,1,0
C,D,C,8704,100,8704,1,0
C,E,C,9853,100,9853,1,0
C,F,C,7184,100,7184,1,0
C,G,C,1546,100,1546,1,0
C,H,C,9065,100,9065,1,0
A,D,D,9278,100,9278,1,0
B,D,D,5961,100,5961,1,0
C,D,D,8721,100,8721,1,0
D,E,D,9718,100,9718,1,0
D,F,D,6327,100,6327,1,0
D,G,D,9234,100,9234,1,0
D,H,D,1418,100,1418,1,0
A,E,E,1420,100,1420,1,0
B,E,E,4278,100,4278,1,0
C,E,E,9832,100,9832,1,0
D,E,E,9736,100,9736,1,0
E,F,E,3708,100,3708,1,0
E,G,E,9929,100,9929,1,0
E,H,E,9684,100,9684,1,0
A,F,F,3502,100,3502,1,0
B,F,F,1408,100,1408,1,0
C,F,F,7195,100,7195,1,0
D,F,F,6349,100,6349,1,0
E,F,F,3677,100,3677,1,0
F,G,F,7374,100,7374,1,0
F,H,F,6313,100,6313,1,0
A,G,G,9583,100,9583,1,0
B,G,G,7187,100,7187,1,0
C,G,G,1579,100,1579,1,0
D,G,G,9208,100,9208,1,0
E,G,G,9916,100,9916,1,0
F,G,G,7346,100,7346,1,0
G,H,G,9336,100,9336,1,0
A,H,H,9392,100,9392,1,0
B,H,H,6243,100,6243,1,0
C,H,H,9075,100,9075,1,0
D,H,H,1417,100,1417,1,0
E,H,H,9640,100,9640,1,0
F,H,H,6290,100,6290,1,0
G,H,H,9329,100,9329,1,0
A,B,A,3627,100,3627,1,0
A,C,A,9326,100,9326,1,0
A,D,A,9271,100,9271,1,0
A,E,A,1449,100,1449,1,0
A,F,A,3570,100,3570,1,0
A,G,A,9654,100,9654,1,0
A,H,A,9413,100,9413,1,0
A,B,B,3638,100,3638,1,0
B,C,B,6718,100,6718,1,0
B,D,B,5940,100,5940,1,0
B,E,B,4304,100,4304,1,0
B,F,B,1397,100,1397,1,0
B,G,B,7189,100,7189,1,0
B,H,B,6259,100,6259,1,0
A,C,C,9268,100,9268,1,0
B,C,C,6749,100,6749,1,0
C,D,C,8745,100,8745,1,0
C,E,C,9831,100,9831,1,0
C,F,C,7216,100,7216,1,0
C,G,C,1559,100,1559,1,0
C,H,C,9027,100,9027,1,0
A,D,D,9285,100,9285,1,0
B,D,D,5995,100,5995,1,0
C,D,D,8716,100,8716,1,0
D,E,D,9732,100,9732,1,0
D,F,D,6327,100,6327,1,0
D,G,D,9212,100,9212,1,0
D,H,D,1449,100,1449,1,0
A,E,E,1410,100,1410,1,0
B,E,E,4305,100,4305,1,0
C,E,E,9861,100,9861,1,0
D,E,E,9804,100,9804,1,0
E,F,E,3696,100,3696,1,0
E,G,E,9913,100,9913,1,0
E,H,E,9676,100,9676,1,0
A,F,F,3521,100,3521,1,0
B,F,F,1404,100,1404,1,0
C,F,F,7178,100,7178,1,0
D,F,F,6366,100,6366,1,0
E,F,F,3720,100,3720,1,0
F,G,F,7369,100,7369,1,0
F,H,F,6269,100,6269,1,0
A,G,G,9622,100,9622,1,0
B,G,G,7169,100,7169,1,0
C,G,G,1562,100,1562,1,0
D,G,G,9212,100,9212,1,0
E,G,G,9870,100,9870,1,0
F,G,G,7368,100,7368,1,0
G,H,G,9336,100,9336,1,0
A,H,H,9383,100,9383,1,0
B,H,H,6146,100,6146,1,0
C,H,H,9073,100,9073,1,0
D,H,H,1373,100,1373,1,0
E,H,H,9658,100,9658,1,0
F,H,H,6269,100,6269,1,0
G,H,H,9334,100,9334,1,0
A,B,A,3649,100,3649,1,0
A,C,A,9264,100,9264,1,0
A,D,A,9251,100,9251,1,0
A,E,A,1441,100,1441,1,0
A,F,A,3527,100,3527,1,0
A,G,A,9570,100,9570,1,0
A,H,A,9426,100,9426,1,0
A,B,B,3618,100,3618,1,0
B,C,B,6763,100,6763,1,0
B,D,B,5927,100,5927,1,0
B,E,B,4289,100,4289,1,0
B,F,B,1413,100,1413,1,0
B,G,B,7192,100,7192,1,0
B,H,B,6195,100,6195,1,0
A,C,C,9343,100,9343,1,0
B,C,C,6726,100,6726,1,0
C,D,C,8713,100,8713,1,0
C,E,C,9823,100,9823,1,0
C,F,C,7206,100,7206,1,0
C,G,C,1586,100,1586,1,0
C,H,C,9058,100,9058,1,0
A,D,D,9292,100,9292,1,0
B,D,D,5953,100,5953,1,0
C,D,D,8716,100,8716,1,0
D,E,D,9706,100,9706,1,0
D,F,D,6345,100,6345,1,0
D,G,D,9198,100,9198,1,0
D,H,D,1451,100,1451,1,0
A,E,E,1431,100,1431,1,0
B,E,E,4286,100,4286,1,0
C,E,E,9836,100,9836,1,0
D,E,E,9686,100,9686,1,0
E,F,E,3716,100,3716,1,0
E,G,E,9927,100,9927,1,0
E,H,E,9624,100,9624,1,0
A,F,F,3506,100,3506,1,0
B,F,F,1389,100,1389,1,0
C,F,F,7210,100,7210,1,0
D,F,F,6353,100,6353,1,0
E,F,F,3733,100,3733,1,0
F,G,F,7370,100,7370,1,0
F,H,F,6248,100,6248,1,0
A,G,G,9590,100,9590,1,0
B,G,G,7176,100,7176,1,0
C,G,G,1607,100,1607,1,0
D,G,G,9233,100,9233,1,0
E,G,G,9908,100,9908,1,0
F,G,G,7352,100,7352,1,0
G,H,G,9352,100,9352,1,0
A,H,H,9412,100,9412,1,0
B,H,H,6236,100,6236,1,0
C,H,H,9005,100,9005,1,0
D,H,H,1391,100,1391,1,0
E,H,H,9651,100,9651,1,0
F,H,H,6292,100,6292,1,0
G,H,H,9339,100,9339,1,0
A,B,A,3652,100,3652,1,0
A,C,A,9331,100,9331,1,0
A,D,A,9281,100,9281,1,0
A,E,A,1450,100,1450,1,0
A,F,A,3549,100,3549,1,0
A,G,A,9586,100,9586,1,0
A,H,A,9370,100,9370,1,0
A,B,B,3648,100,3648,1,0
B,C,B,6718,100,6718,1,0
B,D,B,5957,100,5957,1,0
B,E,B,4305,100,4305,1,0
B,F,B,1426,100,1426,1,0
B,G,B,7196,100,7196,1,0
B,H,B,6171,100,6171,1,0
A,C,C,9261,100,9261,1,0
B,C,C,6754,100,6754,1,0
C,D,C,8743,100,8743,1,0
C,E,C,9820,100,9820,1,0
C,F,C,7234,100,7234,1,0
C,G,C,1550,100,1550,1,0
C,H,C,9032,100,9032,1,0
A,D,D,9279,100,9279,1,0
B,D,D,5980,100,5980,1,0
C,D,D,8734,100,8734,1,0
D,E,D,9716,100,9716,1,0
D,F,D,6331,100,6331,1,0
D,G,D,9215,100,9215,1,0
D,H,D,1406,100,1406,1,0
A,E,E,1422,100,1422,1,0
B,E,E,4312,100,4312,1,0
C,E,E,9837,100,9837,1,0
D,E,E,9690,100,9690,1,0
E,F,E,3673,100,3673,1,0
E,G,E,9923,100,9923,1,0
E,H,E,9646,100,9646,1,0
A,F,F,3551,100,3551,1,0
B,F,F,1441,100,1441,1,0
C,F,F,7233,100,7233,1,0
D,F,F,6356,100,6356,1,0
E,F,F,3698,100,3698,1,0
F,G,F,7371,100,7371,1,0
F,H,F,6231,100,6231,1,0
A,G,G,9647,100,9647,1,0
B,G,G,7236,100,7236,1,0
C,G,G,1576,100,1576,1,0
D,G,G,9251,100,9251,1,0
E,G,G,9965,100,9965,1,0
F,G,G,7380,100,7380,1,0
G,H,G,9285,100,9285,1,0
A,H,H,9379,100,9379,1,0
B,H,H,6209,100,6209,1,0
C,H,H,9003,100,9003,1,0
D,H,H,1412,100,1412,1,0
E,H,H,9639,100,9639,1,0
F,H,H,6303,100,6303,1,0
G,H,H,9327,100,9327,1,0
A,B,A,3615,100,3615,1,0
A,C,A,9268,100,9268,1,0
A,D,A,9287,100,9287,1,0
A,E,A,1407,100,1407,1,0
A,F,A,3501,100,3501,1,0
A,G,A,9571,100,9571,1,0
A,H,A,9388,100,9388,1,0
A,B,B,3622,100,3622,1,0
B,C,B,6789,100,6789,1,0
B,D,B,5980,100,5980,1,0
B,E,B,4312,100,4312,1,0
B,F,B,1393,100,1393,1,0
B,G,B,7188,100,7188,1,0
B,H,B,6179,100,6179,1,0
A,C,C,9263,100,9263,1,0
B,C,C,6706,100,6706,1,0
C,D,C,8716,100,8716,1,0
C,E,C,9776,100,9776,1,0
C,F,C,7223,100,7223,1,0
C,G,C,1580,100,1580,1,0
C,H,C,9032,100,9032,1,0
A,D,D,9262,100,9262,1,0
B,D,D,5933,100,5933,1,0
C,D,D,8711,100,8711,1,0
D,E,D,9760,100,9760,1,0
D,F,D,6327,100,6327,1,0
D,G,D,9236,100,9236,1,0
D,H,D,1391,100,1391,1,0
A,E,E,1418,100,1418,1,0
B,E,E,4312,100,4312,1,0
C,E,E,9819,100,9819,1,0
D,E,E,9804,100,9804,1,0
E,F,E,3702,100,3702,1,0
E,G,E,9908,100,9908,1,0
E,H,E,9654,100,9654,1,0
A,F,F,3551,100,3551,1,0
B,F,F,1385,100,1385,1,0
C,F,F,7207,100,7207,1,0
D,F,F,6341,100,6341,1,0
E,F,F,3717,100,3717,1,0
F,G,F,7376,100,7376,1,0
F,H,F,6242,100,6242,1,0
A,G,G,9638,100,9638,1,0
B,G,G,7219,100,7219,1,0
C,G,G,1607,100,1607,1,0
D,G,G,9219,100,9219,1,0
E,G,G,9916,100,9916,1,0
F,G,G,7345,100,7345,1,0
G,H,G,9327,100,9327,1,0
A,H,H,9426,100,9426,1,0
B,H,H,6190,100,6190,1,0
C,H,H,9028,100,9028,1,0
D,H,H,1417,100,1417,1,0
E,H,H,9640,100,9640,1,0
F,H,H,6222,100,6222,1,0
G,H,H,9285,100,9285,1,0
A,B,A,3613,100,3613,1,0
A,C,A,9291,100,9291,1,0
A,D,A,9264,100,9264,1,0
A,E,A,1473,100,1473,1,0
A,F,A,3538,100,3538,1,0
A,G,A,9543,100,9543,1,0
A,H,A,9394,100,9394,1,0
A,B,B,3661,100,3661,1,0
B,C,B,6743,100,6743,1,0
B,D,B,5901,100,5901,1,0
B,E,B,4310,100,4310,1,0
B,F,B,1417,100,1417,1,0
B,G,B,7198,100,7198,1,0
B,H,B,6179,100,6179,1,0
A,C,C,9329,100,9329,1,0
B,C,C,6767,100,6767,1,0
C,D,C,8696,100,8696,1,0
C,E,C,9805,100,9805,1,0
C,F,C,7222,100,7222,1,0
C,G,C,1583,100,1583,1,0
C,H,C,9069,100,9069,1,0
A,D,D,9296,100,9296,1,0
B,D,D,5960,100,5960,1,0
C,D,D,8726,100,8726,1,0
D,E,D,9754,100,9754,1,0
D,F,D,6349,100,6349,1,0
D,G,D,9253,100,9253,1,0
D,H,D,1490,100,1490,1,0
A,E,E,1495,100,1495,1,0
B,E,E,4286,100,4286,1,0
C,E,E,9838,100,9838,1,0
D,E,E,9752,100,9752,1,0
E,F,E,3706,100,3706,1,0
E,G,E,9950,100,9950,1,0
E,H,E,9654,100,9654,1,0
A,F,F,3508,100,3508,1,0
B,F,F,1416,100,1416,1,0
C,F,F,7235,100,7235,1,0
D,F,F,6334,100,6334,1,0
E,F,F,3701,100,3701,1,0
F,G,F,7351,100,7351,1,0
F,H,F,6241,100,6241,1,0
A,G,G,9644,100,9644,1,0
B,G,G,7206,100,7206,1,0
C,G,G,1577,100,1577,1,0
D,G,G,9272,100,9272,1,0
E,G,G,9915,100,9915,1,0
F,G,G,7353,100,7353,1,0
G,H,G,9283,100,9283,1,0
A,H,H,9419,100,9419,1,0
B,H,H,6179,100,6179,1,0
C,H,H,9068,100,9068,1,0
D,H,H,1368,100,1368,1,0
E,H,H,9658,100,9658,1,0
F,H,H,6287,100,6287,1,0
G,H,H,9315,100,9315,1,0
A,B,A,3626,100,3626,1,0
A,C,A,9314,100,9314,1,0
A,D,A,9286,100,9286,1,0
A,E,A,1497,100,1497,1,0
A,F,A,3510,100,3510,1,0
A,G,A,9609,100,9609,1,0
A,H,A,9396,100,9396,1,0
A,B,B,3635,100,3635,1,0
B,C,B,6721,100,6721,1,0
B,D,B,5948,100,5948,1,0
B,E,B,4318,100,4318,1,0
B,F,B,1405,100,1405,1,0
B,G,B,7197,100,7197,1,0
B,H,B,6244,100,6244,1,0
A,C,C,9254,100,9254,1,0
B,C,C,6756,100,6756,1,0
C,D,C,8750,100,8750,1,0
C,E,C,9827,100,9827,1,0
C,F,C,7231,100,7231,1,0
C,G,C,1571,100,1571,1,0
C,H,C,9096,100,9096,1,0
A,D,D,9281,100,9281,1,0
B,D,D,5953,100,5953,1,0
C,D,D,8754,100,8754,1,0
D,E,D,9740,100,9740,1,0
D,F,D,6341,100,6341,1,0
D,G,D,9250,100,9250,1,0
D,H,D,1388,100,1388,1,0
A,E,E,1435,100,1435,1,0
B,E,E,4332,100,4332,1,0
C,E,E,9820,100,9820,1,0
D,E,E,9752,100,9752,1,0
E,F,E,3708,100,3708,1,0
E,G,E,9903,100,9903,1,0
E,H,E,9642,100,9642,1,0
A,F,F,3506,100,3506,1,0
B,F,F,1428,100,1428,1,0
C,F,F,7186,100,7186,1,0
D,F,F,6329,100,6329,1,0
E,F,F,3684,100,3684,1,0
F,G,F,7371,100,7371,1,0
F,H,F,6258,100,6258,1,0
A,G,G,9591,100,9591,1,0
B,G,G,7224,100,7224,1,0
C,G,G,1582,100,1582,1,0
D,G,G,9238,100,9238,1,0
E,G,G,9921,100,9921,1,0
F,G,G,7386,100,7386,1,0
G,H,G,9312,100,9312,1,0
A,H,H,9401,100,9401,1,0
B,H,H,6196,100,6196,1,0
C,H,H,9041,100,9041,1,0
D,H,H,1393,100,1393,1,0
E,H,H,9631,100,9631,1,0
F,H,H,6275,100,6275,1,0
G,H,H,9316,100,9316,1,0
A,B,A,3626,100,3626,1,0
A,C,A,9291,100,9291,1,0
A,D,A,9267,100,9267,1,0
A,E,A,1445,100,1445,1,0
A,F,A,3498,100,3498,1,0
A,G,A,9658,100,9658,1,0
A,H,A,9393,100,9393,1,0
A,B,B,3678,100,3678,1,0
B,C,B,6702,100,6702,1,0
B,D,B,5889,100,5889,1,0
B,E,B,4295,100,4295,1,0
B,F,B,1409,100,1409,1,0
B,G,B,7178,100,7178,1,0
B,H,B,6177,100,6177,1,0
A,C,C,9290,100,9290,1,0
B,C,C,6740,100,6740,1,0
C,D,C,8735,100,8735,1,0
C,E,C,9811,100,9811,1,0
C,F,C,7215,100,7215,1,0
C,G,C,1551,100,1551,1,0
C,H,C,9108,100,9108,1,0
A,D,D,9254,100,9254,1,0
B,D,D,5936,100,5936,1,0
C,D,D,8724,100,8724,1,0
D,E,D,9763,100,9763,1,0
D,F,D,6337,100,6337,1,0
D,G,D,9241,100,9241,1,0
D,H,D,1417,100,1417,1,0
A,E,E,1413,100,1413,1,0
B,E,E,4318,100,4318,1,0
C,E,E,9846,100,9846,1,0
D,E,E,9799,100,9799,1,0
E,F,E,3705,100,3705,1,0
E,G,E,9923,100,9923,1,0
E,H,E,9645,100,9645,1,0
A,F,F,3505,100,3505,1,0
B,F,F,1411,100,1411,1,0
C,F,F,7177,100,7177,1,0
D,F,F,6350,100,6350,1,0
E,F,F,3694,100,3694,1,0
F,G,F,7363,100,7363,1,0
F,H,F,6287,100,6287,1,0
A,G,G,9610,100,9610,1,0
B,G,G,7166,100,7166,1,0
C,G,G,1566,100,1566,1,0
D,G,G,9217,100,9217,1,0
E,G,G,9917,100,9917,1,0
F,G,G,7359,100,7359,1,0
G,H,G,9305,100,9305,1,0
A,H,H,9436,100,9436,1,0
B,H,H,6207,100,6207,1,0
C,H,H,9036,100,9036,1,0
D,H,H,1474,100,1474,1,0
E,H,H,9651,100,9651,1,0
F,H,H,6284,100,6284,1,0
G,H,H,9332,100,9332,1,0
A,B,A,3626,100,3626,1,0
A,C,A,9318,100,9318,1,0
A,D,A,9276,100,9276,1,0
A,E,A,1458,100,1458,1,0
A,F,A,3485,100,3485,1,0
A,G,A,9598,100,9598,1,0
A,H,A,9413,100,9413,1,0
A,B,B,3644,100,3644,1,0
B,C,B,6737,100,6737,1,0
B,D,B,5981,100,5981,1,0
B,E,B,4308,100,4308,1,0
B,F,B,1376,100,1376,1,0
B,G,B,7177,100,7177,1,0
B,H,B,6173,100,6173,1,0
A,C,C,9303,100,9303,1,0
B,C,C,6732,100,6732,1,0
C,D,C,8715,100,8715,1,0
C,E,C,9848,100,9848,1,0
C,F,C,7226,100,7226,1,0
C,G,C,1552,100,1552,1,0
C,H,C,9037,100,9037,1,0
A,D,D,9267,100,9267,1,0
B,D,D,5999,100,5999,1,0
C,D,D,8753,100,8753,1,0
D,E,D,9721,100,9721,1,0
D,F,D,6372,100,6372,1,0
D,G,D,9241,100,9241,1,0
D,H,D,1471,100,1471,1,0
A,E,E,1417,100,1417,1,0
B,E,E,4298,100,4298,1,0
C,E,E,9830,100,9830,1,0
D,E,E,9680,100,9680,1,0
E,F,E,3711,100,3711,1,0
E,G,E,9919,100,9919,1,0
E,H,E,9698,100,9698,1,0
A,F,F,3527,100,3527,1,0
B,F,F,1385,100,1385,1,0
C,F,F,7198,100,7198,1,0
D,F,F,6368,100,6368,1,0
E,F,F,3694,100,3694,1,0
F,G,F,7346,100,7346,1,0
F,H,F,6304,100,6304,1,0
A,G,G,9604,100,9604,1,0
B,G,G,7155,100,7155,1,0
C,G,G,1575,100,1575,1,0
D,G,G,9224,100,9224,1,0
E,G,G,9904,100,9904,1,0
F,G,G,7364,100,7364,1,0
G,H,G,9294,100,9294,1,0
A,H,H,9399,100,9399,1,0
B,H,H,6212,100,6212,1,0
C,H,H,9063,100,9063,1,0
D,H,H,1398,100,1398,1,0
E,H,H,9632,100,9632,1,0
F,H,H,6266,100,6266,1,0
G,H,H,9372,100,9372,1,0
A,B,A,3637,100,3637,1,0
A,C,A,9333,100,9333,1,0
A,D,A,9281,100,9281,1,0
A,E,A,1459,100,1459,1,0
A,F,A,3549,100,3549,1,0
A,G,A,9636,100,9636,1,0
A,H,A,9374,100,9374,1,0
A,B,B,3672,100,3672,1,0
B,C,B,6736,100,6736,1,0
B,D,B,5954,100,5954,1,0
B,E,B,4325,100,4325,1,0
B,F,B,1434,100,1434,1,0
B,G,B,7182,100,7182,1,0
B,H,B,6225,100,6225,1,0
A,C,C,9309,100,9309,1,0
B,C,C,6741,100,6741,1,0
C,D,C,8730,100,8730,1,0
C,E,C,9823,100,9823,1,0
C,F,C,7224,100,7224,1,0
C,G,C,1587,100,1587,1,0
C,H,C,9073,100,9073,1,0
A,D,D,9277,100,9277,1,0
B,D,D,5936,100,5936,1,0
C,D,D,8737,100,8737,1,0
D,E,D,9722,100,9722,1,0
D,F,D,6369,100,6369,1,0
D,G,D,9286,100,9286,1,0
D,H,D,1415,100,1415,1,0
A,E,E,1408,100,1408,1,0
B,E,E,4309,100,4309,1,0
C,E,E,9815,100,9815,1,0
D,E,E,9717,100,9717,1,0
E,F,E,3673,100,3673,1,0
E,G,E,9902,100,9902,1,0
E,H,E,9636,100,9636,1,0
A,F,F,3519,100,3519,1,0
B,F,F,1431,100,1431,1,0
C,F,F,7197,100,7197,1,0
D,F,F,6320,100,6320,1,0
E,F,F,3690,100,3690,1,0
F,G,F,7360,100,7360,1,0
F,H,F,6298,100,6298,1,0
A,G,G,9641,100,9641,1,0
B,G,G,7151,100,7151,1,0
C,G,G,1594,100,1594,1,0
D,G,G,9254,100,9254,1,0
E,G,G,9925,100,9925,1,0
F,G,G,7360,100,7360,1,0
G,H,G,9332,100,9332,1,0
A,H,H,9374,100,9374,1,0
B,H,H,6208,100,6208,1,0
C,H,H,8999,100,8999,1,0
D,H,H,1364,100,1364,1,0
E,H,H,9623,100,9623,1,0
F,H,H,6280,100,6280,1,0
G,H,H,9362,100,9362,1,0
A,B,A,3624,100,3624,1,0
A,C,A,9245,100,9245,1,0
A,D,A,9263,100,9263,1,0
A,E,A,1386,100,1386,1,0
A,F,A,3506,100,3506,1,0
A,G,A,9575,100,9575,1,0
A,H,A,9373,100,9373,1,0
A,B,B,3654,100,3654,1,0
B,C,B,6718,100,6718,1,0
B,D,B,5959,100,5959,1,0
B,E,B,4309,100,4309,1,0
B,F,B,1417,100,1417,1,0
B,G,B,7175,100,7175,1,0
B,H,B,6185,100,6185,1,0
A,C,C,9335,100,9335,1,0
B,C,C,6736,100,6736,1,0
C,D,C,8719,100,8719,1,0
C,E,C,9809,100,9809,1,0
C,F,C,7206,100,7206,1,0
C,G,C,1566,100,1566,1,0
C,H,C,9034,100,9034,1,0
A,D,D,9247,100,9247,1,0
B,D,D,5997,100,5997,1,0
C,D,D,8735,100,8735,1,0
D,E,D,9678,100,9678,1,0
D,F,D,6377,100,6377,1,0
D,G,D,9232,100,9232,1,0
D,H,D,1450,100,1450,1,0
A,E,E,1480,100,1480,1,0
B,E,E,4330,100,4330,1,0
C,E,E,9801,100,9801,1,0
D,E,E,9749,100,9749,1,0
E,F,E,3689,100,3689,1,0
E,G,E,9938,100,9938,1,0
E,H,E,9694,100,9694,1,0
A,F,F,3509,100,3509,1,0
B,F,F,1411,100,1411,1,0
C,F,F,7210,100,7210,1,0
D,F,F,6351,100,6351,1,0
E,F,F,3712,100,3712,1,0
F,G,F,7365,100,7365,1,0
F,H,F,6247,100,6247,1,0
A,G,G,9610,100,9610,1,0
B,G,G,7186,100,7186,1,0
C,G,G,1604,100,1604,1,0
D,G,G,9235,100,9235,1,0
E,G,G,9933,100,9933,1,0
F,G,G,7353,100,7353,1,0
G,H,G,9314,100,9314,1,0
A,H,H,9421,100,9421,1,0
B,H,H,6202,100,6202,1,0
C,H,H,9066,100,9066,1,0
D,H,H,1432,100,1432,1,0
E,H,H,9650,100,9650,1,0
F,H,H,6227,100,6227,1,0
G,H,H,9314,100,9314,1,0
A,B,A,3635,100,3635,1,0
A,C,A,9295,100,9295,1,0
A,D,A,9268,100,9268,1,0
A,E,A,1419,100,1419,1,0
A,F,A,3538,100,3538,1,0
A,G,A,9597,100,9597,1,0
A,H,A,9383,100,9383,1,0
A,B,B,3643,100,3643,1,0
B,C,B,6751,100,6751,1,0
B,D,B,5974,100,5974,1,0
B,E,B,4310,100,4310,1,0
B,F,B,1402,100,1402,1,0
B,G,B,7199,100,7199,1,0
B,H,B,6210,100,6210,1,0
A,C,C,9245,100,9245,1,0
B,C,C,6737,100,6737,1,0
C,D,C,8694,100,8694,1,0
C,E,C,9826,100,9826,1,0
C,F,C,7185,100,7185,1,0
C,G,C,1545,100,1545,1,0
C,H,C,9052,100,9052,1,0
A,D,D,9244,100,9244,1,0
B,D,D,5973,100,5973,1,0
C,D,D,8737,100,8737,1,0
D,E,D,9761,100,9761,1,0
D,F,D,6342,100,6342,1,0
D,G,D,9237,100,9237,1,0
D,H,D,1480,100,1480,1,0
A,E,E,1474,100,1474,1,0
B,E,E,4297,100,4297,1,0
C,E,E,9869,100,9869,1,0
D,E,E,9677,100,9677,1,0
E,F,E,3690,100,3690,1,0
E,G,E,9923,100,9923,1,0
E,H,E,9665,100,9665,1,0
A,F,F,3522,100,3522,1,0
B,F,F,1393,100,1393,1,0
C,F,F,7198,100,7198,1,0
D,F,F,6327,100,6327,1,0
E,F,F,3697,100,3697,1,0
F,G,F,7367,100,7367,1,0
F,H,F,6268,100,6268,1,0
A,G,G,9612,100,9612,1,0
B,G,G,7204,100,7204,1,0
C,G,G,1590,100,1590,1,0
D,G,G,9255,100,9255,1,0
E,G,G,9919,100,9919,1,0
F,G,G,7402,100,7402,1,0
G,H,G,9318,100,9318,1,0
A,H,H,9383,100,9383,1,0
B,H,H,6197,100,6197,1,0
C,H,H,9074,100,9074,1,0
D,H,H,1474,100,1474,1,0
E,H,H,9638,100,9638,1,0
F,H,H,6294,100,6294,1,0
G,H,H,9320,100,9320,1,0
A,B,A,3657,100,3657,1,0
A,C,A,9271,100,9271,1,0
A,D,A,9236,100,9236,1,0
A,E,A,1411,100,1411,1,0
A,F,A,3538,100,3538,1,0
A,G,A,9609,100,9609,1,0
A,H,A,9448,100,9448,1,0
A,B,B,3673,100,3673,1,0
B,C,B,6724,100,6724,1,0
B,D,B,5948,100,5948,1,0
B,E,B,4300,100,4300,1,0
B,F,B,1380,100,1380,1,0
B,G,B,7212,100,7212,1,0
B,H,B,6196,100,6196,1,0
A,C,C,9308,100,9308,1,0
B,C,C,6708,100,6708,1,0
C,D,C,8712,100,8712,1,0
C,E,C,9857,100,9857,1,0
C,F,C,7179,100,7179,1,0
C,G,C,1634,100,1634,1,0
C,H,C,9058,100,9058,1,0
A,D,D,9286,100,9286,1,0
B,D,D,5948,100,5948,1,0
C,D,D,8723,100,8723,1,0
D,E,D,9703,100,9703,1,0
D,F,D,6313,100,6313,1,0
D,G,D,9260,100,9260,1,0
D,H,D,1377,100,1377,1,0
A,E,E,1457,100,1457,1,0
B,E,E,4323,100,4323,1,0
C,E,E,9847,100,9847,1,0
D,E,E,9716,100,9716,1,0
E,F,E,3655,100,3655,1,0
E,G,E,9908,100,9908,1,0
E,H,E,9671,100,9671,1,0
A,F,F,3510,100,3510,1,0
B,F,F,1377,100,1377,1,0
C,F,F,7185,100,7185,1,0
D,F,F,6337,100,6337,1,0
E,F,F,3709,100,3709,1,0
F,G,F,7365,100,7365,1,0
F,H,F,6256,100,6256,1,0
A,G,G,9574,100,9574,1,0
B,G,G,7146,100,7146,1,0
C,G,G,1586,100,1586,1,0
D,G,G,9259,100,9259,1,0
E,G,G,9916,100,9916,1,0
F,G,G,7370,100,7370,1,0
G,H,G,9334,100,9334,1,0
A,H,H,9372,100,9372,1,0
B,H,H,6191,100,6191,1,0
C,H,H,9048,100,9048,1,0
D,H,H,1422,100,1422,1,0
E,H,H,9640,100,9640,1,0
F,H,H,6256,100,6256,1,0
G,H,H,9335,100,9335,1,0
A,B,A,3647,100,3647,1,0
A,C,A,9308,100,9308,1,0
A,D,A,9293,100,9293,1,0
A,E,A,1423,100,1423,1,0
A,F,A,3530,100,3530,1,0
A,G,A,9588,100,9588,1,0
A,H,A,9407,100,9407,1,0
A,B,B,3642,100,3642,1,0
B,C,B,6730,100,6730,1,0
B,D,B,5958,100,5958,1,0
B,E,B,4256,100,4256,1,0
B,F,B,1386,100,1386,1,0
B,G,B,7192,100,7192,1,0
B,H,B,6183,100,6183,1,0
A,C,C,9250,100,9250,1,0
B,C,C,6754,100,6754,1,0
C,D,C,8701,100,8701,1,0
C,E,C,9813,100,9813,1,0
C,F,C,7200,100,7200,1,0
C,G,C,1599,100,1599,1,0
C,H,C,9049,100,9049,1,0
A,D,D,9268,100,9268,1,0
B,D,D,5986,100,5986,1,0
C,D,D,8697,100,8697,1,0
D,E,D,9745,100,9745,1,0
D,F,D,6369,100,6369,1,0
D,G,D,9243,100,9243,1,0
D,H,D,1420,100,1420,1,0
A,E,E,1430,100,1430,1,0
B,E,E,4326,100,4326,1,0
C,E,E,9853,100,9853,1,0
D,E,E,9797,100,9797,1,0
E,F,E,3690,100,3690,1,0
E,G,E,9940,100,9940,1,0
E,H,E,9678,100,9678,1,0
A,F,F,3515,100,3515,1,0
B,F,F,1397,100,1397,1,0
C,F,F,7187,100,7187,1,0
D,F,F,6343,100,6343,1,0
E,F,F,3697,100,3697,1,0
F,G,F,7373,100,7373,1,0
F,H,F,6261,100,6261,1,0
A,G,G,9582,100,9582,1,0
B,G,G,7179,100,7179,1,0
C,G,G,1580,100,1580,1,0
D,G,G,9239,100,9239,1,0
E,G,G,9915,100,9915,1,0
F,G,G,7366,100,7366,1,0
G,H,G,9317,100,9317,1,0
A,H,H,9377,100,9377,1,0
B,H,H,6147,100,6147,1,0
C,H,H,9046,100,9046,1,0
D,H,H,1391,100,1391,1,0
E,H,H,9689,100,9689,1,0
F,H,H,6261,100,6261,1,0
G,H,H,9350,100,9350,1,0
A,B,A,3637,100,3637,1,0
A,C,A,9276,100,9276,1,0
A,D,A,9246,100,9246,1,0
A,E,A,1422,100,1422,1,0
A,F,A,3525,100,3525,1,0
A,G,A,9601,100,9601,1,0
A,H,A,9399,100,9399,1,0
A,B,B,3660,100,3660,1,0
B,C,B,6738,100,6738,1,0
B,D,B,5990,100,5990,1,0
B,E,B,4337,100,4337,1,0
B,F,B,1414,100,1414,1,0
B,G,B,7206,100,7206,1,0
B,H,B,6232,100,6232,1,0
A,C,C,9262,100,9262,1,0
B,C,C,6725,100,6725,1,0
C,D,C,8684,100,8684,1,0
C,E,C,9810,100,9810,1,0
C,F,C,7208,100,7208,1,0
C,G,C,1553,100,1553,1,0
C,H,C,9046,100,9046,1,0
A,D,D,9251,100,9251,1,0
B,D,D,5944,100,5944,1,0
C,D,D,8703,100,8703,1,0
D,E,D,9730,100,9730,1,0
D,F,D,6363,100,6363,1,0
D,G,D,9213,100,9213,1,0
D,H,D,1397,100,1397,1,0
A,E,E,1476,100,1476,1,0
B,E,E,4315,100,4315,1,0
C,E,E,9797,100,9797,1,0
D,E,E,9732,100,9732,1,0
E,F,E,3690,100,3690,1,0
E,G,E,9932,100,9932,1,0
E,H,E,9682,100,9682,1,0
A,F,F,3539,100,3539,1,0
B,F,F,1387,100,1387,1,0
C,F,F,7189,100,7189,1,0
D,F,F,6334,100,6334,1,0
E,F,F,3680,100,3680,1,0
F,G,F,7344,100,7344,1,0
F,H,F,6247,100,6247,1,0
A,G,G,9604,100,9604,1,0
B,G,G,7235,100,7235,1,0
C,G,G,1571,100,1571,1,0
D,G,G,9199,100,9199,1,0
E,G,G,9925,100,9925,1,0
F,G,G,7348,100,7348,1,0
G,H,G,9303,100,9303,1,0
A,H,H,9376,100,9376,1,0
B,H,H,6226,100,6226,1,0
C,H,H,9087,100,9087,1,0
D,H,H,1416,100,1416,1,0
E,H,H,9660,100,9660,1,0
F,H,H,6287,100,6287,1,0
G,H,H,9321,100,9321,1,0
A,B,A,3637,100,3637,1,0
A,C,A,9293,100,9293,1,0
A,D,A,9276,100,9276,1,0
A,E,A,1470,100,1470,1,0
A,F,A,3521,100,3521,1,0
A,G,A,9549,100,9549,1,0
A,H,A,9384,100,9384,1,0
A,B,B,3696,100,3696,1,0
B,C,B,6704,100,6704,1,0
B,D,B,5934,100,5934,1,0
B,E,B,4271,100,4271,1,0
B,F,B,1432,100,1432,1,0
B,G,B,7203,100,7203,1,0
B,H,B,6193,100,6193,1,0
A,C,C,9211,100,9211,1,0
B,C,C,6763,100,6763,1,0
C,D,C,8728,100,8728,1,0
C,E,C,9814,100,9814,1,0
C,F,C,7216,100,7216,1,0
C,G,C,1554,100,1554,1,0
C,H,C,9019,100,9019,1,0
A,D,D,9255,100,9255,1,0
B,D,D,5995,100,5995,1,0
C,D,D,8746,100,8746,1,0
D,E,D,9742,100,9742,1,0
D,F,D,6345,100,6345,1,0
D,G,D,9260,100,9260,1,0
D,H,D,1419,100,1419,1,0
A,E,E,1449,100,1449,1,0
B,E,E,4340,100,4340,1,0
C,E,E,9841,100,9841,1,0
D,E,E,9760,100,9760,1,0
E,F,E,3710,100,3710,1,0
E,G,E,9933,100,9933,1,0
E,H,E,9654,100,9654,1,0
A,F,F,3527,100,3527,1,0
B,F,F,1370,100,1370,1,0
C,F,F,7229,100,7229,1,0
D,F,F,6349,100,6349,1,0
E,F,F,3714,100,3714,1,0
F,G,F,7382,100,7382,1,0
F,H,F,6237,100,6237,1,0
A,G,G,9548,100,9548,1,0
B,G,G,7250,100,7250,1,0
C,G,G,1577,100,1577,1,0
D,G,G,9241,100,9241,1,0
E,G,G,9907,100,9907,1,0
F,G,G,7379,100,7379,1,0
G,H,G,9325,100,9325,1,0
A,H,H,9426,100,9426,1,0
B,H,H,6174,100,6174,1,0
C,H,H,9040,100,9040,1,0
D,H,H,1376,100,1376,1,0
E,H,H,9645,100,9645,1,0
F,H,H,6264,100,6264,1,0
G,H,H,9311,100,9311,1,0
A,B,A,3651,100,3651,1,0
A,C,A,9330,100,9330,1,0
A,D,A,9267,100,9267,1,0
A,E,A,1426,100,1426,1,0
A,F,A,3495,100,3495,1,0
A,G,A,9630,100,9630,1,0
A,H,A,9416,100,9416,1,0
A,B,B,3578,100,3578,1,0
B,C,B,6718,100,6718,1,0
B,D,B,5977,100,5977,1,0
B,E,B,4286,100,4286,1,0
B,F,B,1387,100,1387,1,0
B,G,B,7226,100,7226,1,0
B,H,B,6164,100,6164,1,0
A,C,C,9328,100,9328,1,0
B,C,C,6713,100,6713,1,0
C,D,C,8727,100,8727,1,0
C,E,C,9842,100,9842,1,0
C,F,C,7216,100,7216,1,0
C,G,C,1554,100,1554,1,0
C,H,C,9069,100,9069,1,0
A,D,D,9259,100,9259,1,0
B,D,D,5966,100,5966,1,0
C,D,D,8728,100,8728,1,0
D,E,D,9780,100,9780,1,0
D,F,D,6315,100,6315,1,0
D,G,D,9236,100,9236,1,0
D,H,D,1458,100,1458,1,0
A,E,E,1440,100,1440,1,0
B,E,E,4277,100,4277,1,0
C,E,E,9837,100,9837,1,0
D,E,E,9701,100,9701,1,0
E,F,E,3720,100,3720,1,0
E,G,E,9917,100,9917,1,0
E,H,E,9715,100,9715,1,0
A,F,F,3546,100,3546,1,0
B,F,F,1410,100,1410,1,0
C,F,F,7183,100,7183,1,0
D,F,F,6390,100,6390,1,0
E,F,F,3696,100,3696,1,0
F,G,F,7375,100,7375,1,0
F,H,F,6244,100,6244,1,0
A,G,G,9582,100,9582,1,0
B,G,G,7189,100,7189,1,0
C,G,G,1585,100,1585,1,0
D,G,G,9218,100,9218,1,0
E,G,G,9922,100,9922,1,0
F,G,G,7377,100,7377,1,0
G,H,G,9344,100,9344,1,0
A,H,H,9393,100,9393,1,0
B,H,H,6187,100,6187,1,0
C,H,H,9035,100,9035,1,0
D,H,H,1442,100,1442,1,0
E,H,H,9656,100,9656,1,0
F,H,H,6276,100,6276,1,0
G,H,H,9361,100,9361,1,0
A,B,A,3624,100,3624,1,0
A,C,A,9272,100,9272,1,0
A,D,A,9286,100,9286,1,0
A,E,A,1439,100,1439,1,0
A,F,A,3556,100,3556,1,0
A,G,A,9633,100,9633,1,0
A,H,A,9414,100,9414,1,0
A,B,B,3682,100,3682,1,0
B,C,B,6736,100,6736,1,0
B,D,B,5959,100,5959,1,0
B,E,B,4289,100,4289,1,0
B,F,B,1417,100,1417,1,0
B,G,B,7188,100,7188,1,0
B,H,B,6176,100,6176,1,0
A,C,C,9316,100,9316,1,0
B,C,C,6708,100,6708,1,0
C,D,C,8764,100,8764,1,0
C,E,C,9815,100,9815,1,0
C,F,C,7203,100,7203,1,0
C,G,C,1548,100,1548,1,0
C,H,C,9079,100,9079,1,0
A,D,D,9280,100,9280,1,0
B,D,D,5951,100,5951,1,0
C,D,D,8764,100,8764,1,0
D,E,D,9669,100,9669,1,0
D,F,D,6363,100,6363,1,0
D,G,D,9255,100,9255,1,0
D,H,D,1429,100,1429,1,0
A,E,E,1419,100,1419,1,0
B,E,E,4297,100,4297,1,0
C,E,E,9793,100,9793,1,0
D,E,E,9735,100,9735,1,0
E,F,E,3681,100,3681,1,0
E,G,E,9902,100,9902,1,0
E,H,E,9680,100,9680,1,0
A,F,F,3516,100,3516,1,0
B,F,F,1416,100,1416,1,0
C,F,F,7190,100,7190,1,0
D,F,F,6347,100,6347,1,0
E,F,F,3714,100,3714,1,0
F,G,F,7383,100,7383,1,0
F,H,F,6227,100,6227,1,0
A,G,G,9588,100,9588,1,0
B,G,G,7181,100,7181,1,0
C,G,G,1587,100,1587,1,0
D,G,G,9276,100,9276,1,0
E,G,G,9921,100,9921,1,0
F,G,G,7351,100,7351,1,0
G,H,G,9287,100,9287,1,0
A,H,H,9452,100,9452,1,0
B,H,H,6170,100,6170,1,0
C,H,H,9024,100,9024,1,0
D,H,H,1419,100,1419,1,0
E,H,H,9653,100,9653,1,0
F,H,H,6228,100,6228,1,0
G,H,H,9298,100,9298,1,0
A,B,A,3600,100,3600,1,0
A,C,A,9293,100,9293,1,0
A,D,A,9247,100,9247,1,0
A,E,A,1471,100,1471,1,0
A,F,A,3514,100,3514,1,0
A,G,A,9534,100,9534,1,0
A,H,A,9358,100,9358,1,0
A,B,B,3642,100,3642,1,0
B,C,B,6697,100,6697,1,0
B,D,B,5957,100,5957,1,0
B,E,B,4293,100,4293,1,0
B,F,B,1403,100,1403,1,0
B,G,B,7186,100,7186,1,0
B,H,B,6181,100,6181,1,0
A,C,C,9325,100,9325,1,0
B,C,C,6788,100,6788,1,0
C,D,C,8726,100,8726,1,0
C,E,C,9820,100,9820,1,0
C,F,C,7182,100,7182,1,0
C,G,C,1578,100,1578,1,0
C,H,C,9073,100,9073,1,0
A,D,D,9250,100,9250,1,0
B,D,D,5970,100,5970,1,0
C,D,D,8752,100,8752,1,0
D,E,D,9762,100,9762,1,0
D,F,D,6354,100,6354,1,0
D,G,D,9236,100,9236,1,0
D,H,D,1436,100,1436,1,0
A,E,E,1410,100,1410,1,0
B,E,E,4290,100,4290,1,0
C,E,E,9825,100,9825,1,0
D,E,E,9722,100,9722,1,0
E,F,E,3691,100,3691,1,0
E,G,E,9917,100,9917,1,0
E,H,E,9677,100,9677,1,0
A,F,F,3543,100,3543,1,0
B,F,F,1449,100,1449,1,0
C,F,F,7223,100,7223,1,0
D,F,F,6344,100,6344,1,0
E,F,F,3715,100,3715,1,0
F,G,F,7377,100,7377,1,0
F,H,F,6305,100,6305,1,0
A,G,G,9553,100,9553,1,0
B,G,G,7203,100,7203,1,0
C,G,G,1560,100,1560,1,0
D,G,G,9230,100,9230,1,0
E,G,G,9911,100,9911,1,0
F,G,G,7387,100,7387,1,0
G,H,G,9349,100,9349,1,0
A,H,H,9390,100,9390,1,0
B,H,H,6216,100,6216,1,0
C,H,H,9053,100,9053,1,0
D,H,H,1422,100,1422,1,0
E,H,H,9663,100,9663,1,0
F,H,H,6275,100,6275,1,0
G,H,H,9330,100,9330,1,0
A,B,A,3648,100,3648,1,0
A,C,A,9245,100,9245,1,0
A,D,A,9288,100,9288,1,0
A,E,A,1432,100,1432,1,0
A,F,A,3517,100,3517,1,0
A,G,A,9615,100,9615,1,0
A,H,A,9395,100,9395,1,0
A,B,B,3612,100,3612,1,0
B,C,B,6743,100,6743,1,0
B,D,B,5987,100,5987,1,0
B,E,B,4329,100,4329,1,0
B,F,B,1422,100,1422,1,0
B,G,B,7156,100,7156,1,0
B,H,B,6172,100,6172,1,0
A,C,C,9283,100,9283,1,0
B,C,C,6757,100,6757,1,0
C,D,C,8729,100,8729,1,0
C,E,C,9862,100,9862,1,0
C,F,C,7196,100,7196,1,0
C,G,C,1614,100,1614,1,0
C,H,C,9029,100,9029,1,0
A,D,D,9276,100,9276,1,0
B,D,D,5913,100,5913,1,0
C,D,D,8724,100,8724,1,0
D,E,D,9777,100,9777,1,0
D,F,D,6345,100,6345,1,0
D,G,D,9220,100,9220,1,0
D,H,D,1408,100,1408,1,0
A,E,E,1389,100,1389,1,0
B,E,E,4292,100,4292,1,0
C,E,E,9814,100,9814,1,0
D,E,E,9684,100,9684,1,0
E,F,E,3713,100,3713,1,0
E,G,E,9936,100,9936,1,0
E,H,E,9619,100,9619,1,0
A,F,F,3535,100,3535,1,0
B,F,F,1387,100,1387,1,0
C,F,F,7224,100,7224,1,0
D,F,F,6340,100,6340,1,0
E,F,F,3669,100,3669,1,0
F,G,F,7371,100,7371,1,0
F,H,F,6326,100,6326,1,0
A,G,G,9604,100,9604,1,0
B,G,G,7193,100,7193,1,0
C,G,G,1594,100,1594,1,0
D,G,G,9237,100,9237,1,0
E,G,G,9899,100,9899,1,0
F,G,G,7354,100,7354,1,0
G,H,G,9313,100,9313,1,0
A,H,H,9369,100,9369,1,0
B,H,H,6209,100,6209,1,0
C,H,H,9027,100,9027,1,0
D,H,H,1414,100,1414,1,0
E,H,H,9635,100,9635,1,0
F,H,H,6254,100,6254,1,0
G,H,H,9273,100,9273,1,0
A,B,A,3663,100,3663,1,0
A,C,A,9314,100,9314,1,0
A,D,A,9271,100,9271,1,0
A,E,A,1416,100,1416,1,0
A,F,A,3539,100,3539,1,0
A,G,A,9650,100,9650,1,0
A,H,A,9407,100,9407,1,0
A,B,B,3650,100,3650,1,0
B,C,B,6708,100,6708,1,0
B,D,B,5932,100,5932,1,0
B,E,B,4279,100,4279,1,0
B,F,B,1401,100,1401,1,0
B,G,B,7176,100,7176,1,0
B,H,B,6188,100,6188,1,0
A,C,C,9295,100,9295,1,0
B,C,C,6764,100,6764,1,0
C,D,C,8688,100,8688,1,0
C,E,C,9803,100,9803,1,0
C,F,C,7192,100,7192,1,0
C,G,C,1596,100,1596,1,0
C,H,C,9043,100,9043,1,0
A,D,D,9283,100,9283,1,0
B,D,D,5981,100,5981,1,0
C,D,D,8746,100,8746,1,0
D,E,D,9692,100,9692,1,0
D,F,D,6329,100,6329,1,0
D,G,D,9231,100,9231,1,0
D,H,D,1386,100,1386,1,0
A,E,E,1447,100,1447,1,0
B,E,E,4301,100,4301,1,0
C,E,E,9808,100,9808,1,0
D,E,E,9754,100,9754,1,0
E,F,E,3719,100,3719,1,0
E,G,E,9922,100,9922,1,0
E,H,E,9625,100,9625,1,0
A,F,F,3539,100,3539,1,0
B,F,F,1407,100,1407,1,0
C,F,F,7218,100,7218,1,0
D,F,F,6323,100,6323,1,0
E,F,F,3696,100,3696,1,0
F,G,F,7353,100,7353,1,0
F,H,F,6261,100,6261,1,0
A,G,G,9627,100,9627,1,0
B,G,G,7206,100,7206,1,0
C,G,G,1559,100,1559,1,0
D,G,G,9233,100,9233,1,0
E,G,G,9915,100,9915,1,0
F,G,G,7362,100,7362,1,0
G,H,G,9304,100,9304,1,0
A,H,H,9436,100,9436,1,0
B,H,H,6174,100,6174,1,0
C,H,H,9095,100,9095,1,0
D,H,H,1430,100,1430,1,0
E,H,H,9633,100,9633,1,0
F,H,H,6265,100,6265,1,0
G,H,H,9341,100,9341,1,0
A,B,A,3633,100,3633,1,0
A,C,A,9269,100,9269,1,0
A,D,A,9256,100,9256,1,0
A,E,A,1429,100,1429,1,0
A,F,A,3523,100,3523,1,0
A,G,A,9574,100,9574,1,0
A,H,A,9381,100,9381,1,0
A,B,B,3697,100,3697,1,0
B,C,B,6738,100,6738,1,0
B,D,B,5979,100,5979,1,0
B,E,B,4312,100,4312,1,0
B,F,B,1410,100,1410,1,0
B,G,B,7184,100,7184,1,0
B,H,B,6242,100,6242,1,0
A,C,C,9306,100,9306,1,0
B,C,C,6752,100,6752,1,0
C,D,C,8727,100,8727,1,0
C,E,C,9848,100,9848,1,0
C,F,C,7201,100,7201,1,0
C,G,C,1569,100,1569,1,0
C,H,C,9059,100,9059,1,0
A,D,D,9227,100,9227,1,0
B,D,D,5981,100,5981,1,0
C,D,D,8728,100,8728,1,0
D,E,D,9770,100,9770,1,0
D,F,D,6344,100,6344,1,0
D,G,D,9232,100,9232,1,0
D,H,D,1406,100,1406,1,0
A,E,E,1425,100,1425,1,0
B,E,E,4313,100,4313,1,0
C,E,E,9797,100,9797,1,0
D,E,E,9725,100,9725,1,0
E,F,E,3688,100,3688,1,0
E,G,E,9915,100,9915,1,0
E,H,E,9660,100,9660,1,0
A,F,F,3518,100,3518,1,0
B,F,F,1370,100,1370,1,0
C,F,F,7224,100,7224,1,0
D,F,F,6347,100,6347,1,0
E,F,F,3680,100,3680,1,0
F,G,F,7345,100,7345,1,0
F,H,F,6274,100,6274,1,0
A,G,G,9559,100,9559,1,0
B,G,G,7216,100,7216,1,0
C,G,G,1584,100,1584,1,0
D,G,G,9234,100,9234,1,0
E,G,G,9904,100,9904,1,0
F,G,G,7382,100,7382,1,0
G,H,G,9321,100,9321,1,0
A,H,H,9385,100,9385,1,0
B,H,H,6174,100,6174,1,0
C,H,H,9048,100,9048,1,0
D,H,H,1437,100,1437,1,0
E,H,H,9638,100,9638,1,0
F,H,H,6304,100,6304,1,0
G,H,H,9337,100,9337,1,0
A,B,A,3629,100,3629,1,0
A,C,A,9313,100,9313,1,0
A,D,A,9260,100,9260,1,0
A,E,A,1448,100,1448,1,0
A,F,A,3517,100,3517,1,0
A,G,A,9606,100,9606,1,0
A,H,A,9418,100,9418,1,0
A,B,B,3657,100,3657,1,0
B,C,B,6768,100,6768,1,0
B,D,B,5953,100,5953,1,0
B,E,B,4313,100,4313,1,0
B,F,B,1422,100,1422,1,0
B,G,B,7199,100,7199,1,0
B,H,B,6279,100,6279,1,0
A,C,C,9291,100,9291,1,0
B,C,C,6748,100,6748,1,0
C,D,C,8730,100,8730,1,0
C,E,C,9835,100,9835,1,0
C,F,C,7203,100,7203,1,0
C,G,C,1568,100,1568,1,0
C,H,C,9033,100,9033,1,0
A,D,D,9290,100,9290,1,0
B,D,D,5952,100,5952,1,0
C,D,D,8701,100,8701,1,0
D,E,D,9744,100,9744,1,0
D,F,D,6387,100,6387,1,0
D,G,D,9215,100,9215,1,0
D,H,D,1463,100,1463,1,0
A,E,E,1419,100,1419,1,0
B,E,E,4350,100,4350,1,0
C,E,E,9819,100,9819,1,0
D,E,E,9750,100,9750,1,0
E,F,E,3712,100,3712,1,0
E,G,E,9925,100,9925,1,0
E,H,E,9619,100,9619,1,0
A,F,F,3507,100,3507,1,0
B,F,F,1383,100,1383,1,0
C,F,F,7219,100,7219,1,0
D,F,F,6339,100,6339,1,0
E,F,F,3700,100,3700,1,0
F,G,F,7337,100,7337,1,0
F,H,F,6282,100,6282,1,0
A,G,G,9590,100,9590,1,0
B,G,G,7210,100,7210,1,0
C,G,G,1588,100,1588,1,0
D,G,G,9208,100,9208,1,0
E,G,G,9909,100,9909,1,0
F,G,G,7369,100,7369,1,0
G,H,G,9335,100,9335,1,0
A,H,H,9374,100,9374,1,0
B,H,H,6189,100,6189,1,0
C,H,H,9065,100,9065,1,0
D,H,H,1463,100,1463,1,0
E,H,H,9655,100,9655,1,0
F,H,H,6258,100,6258,1,0
G,H,H,9327,100,9327,1,0
A,B,A,3664,100,3664,1,0
A,C,A,9276,100,9276,1,0
A,D,A,9288,100,9288,1,0
A,E,A,1435,100,1435,1,0
A,F,A,3538,100,3538,1,0
A,G,A,9623,100,9623,1,0
A,H,A,9427,100,9427,1,0
A,B,B,3658,100,3658,1,0
B,C,B,6715,100,6715,1,0
B,D,B,5929,100,5929,1,0
B,E,B,4335,100,4335,1,0
B,F,B,1422,100,1422,1,0
B,G,B,7141,100,7141,1,0
B,H,B,6186,100,6186,1,0
A,C,C,9271,100,9271,1,0
B,C,C,6734,100,6734,1,0
C,D,C,8719,100,8719,1,0
C,E,C,9806,100,9806,1,0
C,F,C,7235,100,7235,1,0
C,G,C,1580,100,1580,1,0
C,H,C,9062,100,9062,1,0
A,D,D,9276,100,9276,1,0
B,D,D,5990,100,5990,1,0
C,D,D,8723,100,8723,1,0
D,E,D,9691,100,9691,1,0
D,F,D,6377,100,6377,1,0
D,G,D,9252,100,9252,1,0
D,H,D,1416,100,1416,1,0
A,E,E,1450,100,1450,1,0
B,E,E,4294,100,4294,1,0
C,E,E,9805,100,9805,1,0
D,E,E,9746,100,9746,1,0
E,F,E,3693,100,3693,1,0
E,G,E,9912,100,9912,1,0
E,H,E,9610,100,9610,1,0
A,F,F,3551,100,3551,1,0
B,F,F,1382,100,1382,1,0
C,F,F,7204,100,7204,1,0
D,F,F,6336,100,6336,1,0
E,F,F,3686,100,3686,1,0
F,G,F,7368,100,7368,1,0
F,H,F,6288,100,6288,1,0
A,G,G,9610,100,9610,1,0
B,G,G,7167,100,7167,1,0
C,G,G,1619,100,1619,1,0
D,G,G,9270,100,9270,1,0
E,G,G,9929,100,9929,1,0
F,G,G,7360,100,7360,1,0
G,H,G,9315,100,9315,1,0
A,H,H,9405,100,9405,1,0
B,H,H,6225,100,6225,1,0
C,H,H,9061,100,9061,1,0
D,H,H,1440,100,1440,1,0
E,H,H,9657,100,9657,1,0
F,H,H,6280,100,6280,1,0
G,H,H,9337,100,9337,1,0
A,B,A,3635,100,3635,1,0
A,C,A,9313,100,9313,1,0
A,D,A,9290,100,9290,1,0
A,E,A,1453,100,1453,1,0
A,F,A,3563,100,3563,1,0
A,G,A,9638,100,9638,1,0
A,H,A,9467,100,9467,1,0
A,B,B,3620,100,3620,1,0
B,C,B,6810,100,6810,1,0
B,D,B,5913,100,5913,1,0
B,E,B,4326,100,4326,1,0
B,F,B,1435,100,1435,1,0
B,G,B,7168,100,7168,1,0
B,H,B,6209,100,6209,1,0
A,C,C,9360,100,9360,1,0
B,C,C,6729,100,6729,1,0
C,D,C,8723,100,8723,1,0
C,E,C,9866,100,9866,1,0
C,F,C,7211,100,7211,1,0
C,G,C,1588,100,1588,1,0
C,H,C,9035,100,9035,1,0
A,D,D,9295,100,9295,1,0
B,D,D,5985,100,5985,1,0
C,D,D,8686,100,8686,1,0
D,E,D,9696,100,9696,1,0
D,F,D,6325,100,6325,1,0
D,G,D,9203,100,9203,1,0
D,H,D,1457,100,1457,1,0
A,E,E,1462,100,1462,1,0
B,E,E,4293,100,4293,1,0
C,E,E,9828,100,9828,1,0
D,E,E,9705,100,9705,1,0
E,F,E,3677,100,3677,1,0
E,G,E,9915,100,9915,1,0
E,H,E,9652,100,9652,1,0
A,F,F,3549,100,3549,1,0
B,F,F,1438,100,1438,1,0
C,F,F,7227,100,7227,1,0
D,F,F,6388,100,6388,1,0
E,F,F,3740,100,3740,1,0
F,G,F,7388,100,7388,1,0
F,H,F,6296,100,6296,1,0
A,G,G,9622,100,9622,1,0
B,G,G,7200,100,7200,1,0
C,G,G,1618,100,1618,1,0
D,G,G,9266,100,9266,1,0
E,G,G,9915,100,9915,1,0
F,G,G,7348,100,7348,1,0
G,H,G,9295,100,9295,1,0
A,H,H,9397,100,9397,1,0
B,H,H,6220,100,6220,1,0
C,H,H,9064,100,9064,1,0
D,H,H,1409,100,1409,1,0
E,H,H,9639,100,9639,1,0
F,H,H,6296,100,6296,1,0
G,H,H,9299,100,9299,1,0
A,B,A,3622,100,3622,1,0
A,C,A,9280,100,9280,1,0
A,D,A,9257,100,9257,1,0
A,E,A,1473,100,1473,1,0
A,F,A,3486,100,3486,1,0
A,G,A,9655,100,9655,1,0
A,H,A,9380,100,9380,1,0
A,B,B,3607,100,3607,1,0
B,C,B,6759,100,6759,1,0
B,D,B,5935,100,5935,1,0
B,E,B,4287,100,4287,1,0
B,F,B,1393,100,1393,1,0
B,G,B,7216,100,7216,1,0
B,H,B,6164,100,6164,1,0
A,C,C,9319,100,9319,1,0
B,C,C,6769,100,6769,1,0
C,D,C,8758,100,8758,1,0
C,E,C,9865,100,9865,1,0
C,F,C,7226,100,7226,1,0
C,G,C,1616,100,1616,1,0
C,H,C,9050,100,9050,1,0
A,D,D,9265,100,9265,1,0
B,D,D,5928,100,5928,1,0
C,D,D,8749,100,8749,1,0
D,E,D,9748,100,9748,1,0
D,F,D,6365,100,6365,1,0
D,G,D,9233,100,9233,1,0
D,H,D,1414,100,1414,1,0
A,E,E,1371,100,1371,1,0
B,E,E,4318,100,4318,1,0
C,E,E,9845,100,9845,1,0
D,E,E,9709,100,9709,1,0
E,F,E,3688,100,3688,1,0
E,G,E,9912,100,9912,1,0
E,H,E,9658,100,9658,1,0
A,F,F,3499,100,3499,1,0
B,F,F,1432,100,1432,1,0
C,F,F,7229,100,7229,1,0
D,F,F,6370,100,6370,1,0
E,F,F,3728,100,3728,1,0
F,G,F,7347,100,7347,1,0
F,H,F,6303,100,6303,1,0
A,G,G,9632,100,9632,1,0
B,G,G,7161,100,7161,1,0
C,G,G,1574,100,1574,1,0
D,G,G,9273,100,9273,1,0
E,G,G,9929,100,9929,1,0
F,G,G,7382,100,7382,1,0
G,H,G,9351,100,9351,1,0
A,H,H,9357,100,9357,1,0
B,H,H,6227,100,6227,1,0
C,H,H,9036,100,9036,1,0
D,H,H,1367,100,1367,1,0
E,H,H,9655,100,9655,1,0
F,H,H,6252,100,6252,1,0
G,H,H,9297,100,9297,1,0
A,B,A,3654,100,3654,1,0
A,C,A,9291,100,9291,1,0
A,D,A,9256,100,9256,1,0
A,E,A,1407,100,1407,1,0
A,F,A,3547,100,3547,1,0
A,G,A,9592,100,9592,1,0
A,H,A,9358,100,9358,1,0
A,B,B,3627,100,3627,1,0
B,C,B,6738,100,6738,1,0
B,D,B,5996,100,5996,1,0
B,E,B,4320,100,4320,1,0
B,F,B,1389,100,1389,1,0
B,G,B,7200,100,7200,1,0
B,H,B,6177,100,6177,1,0
A,C,C,9336,100,9336,1,0
B,C,C,6740,100,6740,1,0
C,D,C,8721,100,8721,1,0
C,E,C,9792,100,9792,1,0
C,F,C,7196,100,7196,1,0
C,G,C,1617,100,1617,1,0
C,H,C,9034,100,9034,1,0
A,D,D,9289,100,9289,1,0
B,D,D,5958,100,5958,1,0
C,D,D,8731,100,8731,1,0
D,E,D,9779,100,9779,1,0
D,F,D,6351,100,6351,1,0
D,G,D,9224,100,9224,1,0
D,H,D,1427,100,1427,1,0
A,E,E,1480,100,1480,1,0
B,E,E,4312,100,4312,1,0
C,E,E,9818,100,9818,1,0
D,E,E,9729,100,9729,1,0
E,F,E,3680,100,3680,1,0
E,G,E,9900,100,9900,1,0
E,H,E,9644,100,9644,1,0
A,F,F,3518,100,3518,1,0
B,F,F,1411,100,1411,1,0
C,F,F,7228,100,7228,1,0
D,F,F,6316,100,6316,1,0
E,F,F,3680,100,3680,1,0
F,G,F,7328,100,7328,1,0
F,H,F,6281,100,6281,1,0
A,G,G,9621,100,9621,1,0
B,G,G,7182,100,7182,1,0
C,G,G,1556,100,1556,1,0
D,G,G,9248,100,9248,1,0
E,G,G,9911,100,9911,1,0
F,G,G,7363,100,7363,1,0
G,H,G,9274,100,9274,1,0
A,H,H,9383,100,9383,1,0
B,H,H,6222,100,6222,1,0
C,H,H,9082,100,9082,1,0
D,H,H,1474,100,1474,1,0
E,H,H,9653,100,9653,1,0
F,H,H,6308,100,6308,1,0
G,H,H,9340,100,9340,1,0
A,B,A,3665,100,3665,1,0
A,C,A,9291,100,9291,1,0
A,D,A,9286,100,9286,1,0
A,E,A,1399,100,1399,1,0
A,F,A,3510,100,3510,1,0
A,G,A,9570,100,9570,1,0
A,H,A,9393,100,9393,1,0
A,B,B,3637,100,3637,1,0
B,C,B,6731,100,6731,1,0
B,D,B,5975,100,5975,1,0
B,E,B,4311,100,4311,1,0
B,F,B,1421,100,1421,1,0
B,G,B,7201,100,7201,1,0
B,H,B,6158,100,6158,1,0
A,C,C,9292,100,9292,1,0
B,C,C,6731,100,6731,1,0
C,D,C,8749,100,8749,1,0
C,E,C,9852,100,9852,1,0
C,F,C,7189,100,7189,1,0
C,G,C,1539,100,1539,1,0
C,H,C,9008,100,9008,1,0
A,D,D,9287,100,9287,1,0
B,D,D,5935,100,5935,1,0
C,D,D,8758,100,8758,1,0
D,E,D,9815,100,9815,1,0
D,F,D,6337,100,6337,1,0
D,G,D,9229,100,9229,1,0
D,H,D,1383,100,1383,1,0
A,E,E,1478,100,1478,1,0
B,E,E,4307,100,4307,1,0
C,E,E,9824,100,9824,1,0
D,E,E,9690,100,9690,1,0
E,F,E,3684,100,3684,1,0
E,G,E,9923,100,9923,1,0
E,H,E,9624,100,9624,1,0
A,F,F,3516,100,3516,1,0
B,F,F,1404,100,1404,1,0
C,F,F,7193,100,7193,1,0
D,F,F,6362,100,6362,1,0
E,F,F,3706,100,3706,1,0
F,G,F,7346,100,7346,1,0
F,H,F,6288,100,6288,1,0
A,G,G,9625,100,9625,1,0
B,G,G,7167,100,7167,1,0
C,G,G,1574,100,1574,1,0
D,G,G,9223,100,9223,1,0
E,G,G,9893,100,9893,1,0
F,G,G,7361,100,7361,1,0
G,H,G,9323,100,9323,1,0
A,H,H,9421,100,9421,1,0
B,H,H,6157,100,6157,1,0
C,H,H,9034,100,9034,1,0
D,H,H,1417,100,1417,1,0
E,H,H,9657,100,9657,1,0
F,H,H,6252,100,6252,1,0
G,H,H,9354,100,9354,1,0
A,B,A,3622,100,3622,1,0
A,C,A,9315,100,9315,1,0
A,D,A,9291,100,9291,1,0
A,E,A,1446,100,1446,1,0
A,F,A,3501,100,3501,1,0
A,G,A,9615,100,9615,1,0
A,H,A,9413,100,9413,1,0
A,B,B,3657,100,3657,1,0
B,C,B,6753,100,6753,1,0
B,D,B,5986,100,5986,1,0
B,E,B,4350,100,4350,1,0
B,F,B,1390,100,1390,1,0
B,G,B,7166,100,7166,1,0
B,H,B,6234,100,6234,1,0
A,C,C,9210,100,9210,1,0
B,C,C,6762,100,6762,1,0
C,D,C,8727,100,8727,1,0
C,E,C,9857,100,9857,1,0
C,F,C,7204,100,7204,1,0
C,G,C,1603,100,1603,1,0
C,H,C,9061,100,9061,1,0
A,D,D,9290,100,9290,1,0
B,D,D,6007,100,6007,1,0
C,D,D,8736,100,8736,1,0
D,E,D,9795,100,9795,1,0
D,F,D,6325,100,6325,1,0
D,G,D,9229,100,9229,1,0
D,H,D,1442,100,1442,1,0
A,E,E,1408,100,1408,1,0
B,E,E,4285,100,4285,1,0
C,E,E,9816,100,9816,1,0
D,E,E,9791,100,9791,1,0
E,F,E,3703,100,3703,1,0
E,G,E,9935,100,9935,1,0
E,H,E,9669,100,9669,1,0
A,F,F,3543,100,3543,1,0
B,F,F,1409,100,1409,1,0
C,F,F,7230,100,7230,1,0
D,F,F,6386,100,6386,1,0
E,F,F,3667,100,3667,1,0
F,G,F,7355,100,7355,1,0
F,H,F,6275,100,6275,1,0
A,G,G,9543,100,9543,1,0
B,G,G,7167,100,7167,1,0
C,G,G,1581,100,1581,1,0
D,G,G,9225,100,9225,1,0
E,G,G,9905,100,9905,1,0
F,G,G,7383,100,7383,1,0
G,H,G,9370,100,9370,1,0
A,H,H,9398,100,9398,1,0
B,H,H,6160,100,6160,1,0
C,H,H,9027,100,9027,1,0
D,H,H,1443,100,1443,1,0
E,H,H,9664,100,9664,1,0
F,H,H,6289,100,6289,1,0
G,H,H,9352,100,9352,1,0
A,B,A,3617,100,3617,1,0
A,C,A,9282,100,9282,1,0
A,D,A,9294,100,9294,1,0
A,E,A,1426,100,1426,1,0
A,F,A,3487,100,3487,1,0
A,G,A,9557,100,9557,1,0
A,H,A,9426,100,9426,1,0
A,B,B,3627,100,3627,1,0
B,C,B,6717,100,6717,1,0
B,D,B,5954,100,5954,1,0
B,E,B,4282,100,4282,1,0
B,F,B,1426,100,1426,1,0
B,G,B,7184,100,7184,1,0
B,H,B,6242,100,6242,1,0
A,C,C,9270,100,9270,1,0
B,C,C,6732,100,6732,1,0
C,D,C,8704,100,8704,1,0
C,E,C,9841,100,9841,1,0
C,F,C,7217,100,7217,1,0
C,G,C,1622,100,1622,1,0
C,H,C,9032,100,9032,1,0
A,D,D,9274,100,9274,1,0
B,D,D,5958,100,5958,1,0
C,D,D,8707,100,8707,1,0
D,E,D,9676,100,9676,1,0
D,F,D,6349,100,6349,1,0
D,G,D,9241,100,9241,1,0
D,H,D,1401,100,1401,1,0
A,E,E,1454,100,1454,1,0
B,E,E,4282,100,4282,1,0
C,E,E,9818,100,9818,1,0
D,E,E,9791,100,9791,1,0
E,F,E,3693,100,3693,1,0
E,G,E,9924,100,9924,1,0
E,H,E,9647,100,9647,1,0
A,F,F,3563,100,3563,1,0
B,F,F,1386,100,1386,1,0
C,F,F,7208,100,7208,1,0
D,F,F,6376,100,6376,1,0
E,F,F,3680,100,3680,1,0
F,G,F,7348,100,7348,1,0
F,H,F,6252,100,6252,1,0
A,G,G,9577,100,9577,1,0
B,G,G,7157,100,7157,1,0
C,G,G,1587,100,1587,1,0
D,G,G,9227,100,9227,1,0
E,G,G,9911,100,9911,1,0
F,G,G,7378,100,7378,1,0
G,H,G,9321,100,9321,1,0
A,H,H,9394,100,9394,1,0
B,H,H,6179,100,6179,1,0
C,H,H,9048,100,9048,1,0
D,H,H,1386,100,1386,1,0
E,H,H,9631,100,9631,1,0
F,H,H,6257,100,6257,1,0
G,H,H,9316,100,9316,1,0
A,B,A,3639,100,3639,1,0
A,C,A,9278,100,9278,1,0
A,D,A,9272,100,9272,1,0
A,E,A,1395,100,1395,1,0
A,F,A,3539,100,3539,1,0
A,G,A,9612,100,9612,1,0
A,H,A,9434,100,9434,1,0
A,B,B,3638,100,3638,1,0
B,C,B,6774,100,6774,1,0
B,D,B,5955,100,5955,1,0
B,E,B,4312,100,4312,1,0
B,F,B,1408,100,1408,1,0
B,G,B,7187,100,7187,1,0
B,H,B,6190,100,6190,1,0
A,C,C,9299,100,9299,1,0
B,C,C,6738,100,6738,1,0
C,D,C,8720,100,8720,1,0
C,E,C,9815,100,9815,1,0
C,F,C,7204,100,7204,1,0
C,G,C,1599,100,1599,1,0
C,H,C,9089,100,9089,1,0
A,D,D,9255,100,9255,1,0
B,D,D,5988,100,5988,1,0
C,D,D,8731,100,8731,1,0
D,E,D,9694,100,9694,1,0
D,F,D,6360,100,6360,1,0
D,G,D,9209,100,9209,1,0
D,H,D,1490,100,1490,1,0
A,E,E,1446,100,1446,1,0
B,E,E,4285,100,4285,1,0
C,E,E,9789,100,9789,1,0
D,E,E,9651,100,9651,1,0
E,F,E,3708,100,3708,1,0
E,G,E,9907,100,9907,1,0
E,H,E,9664,100,9664,1,0
A,F,F,3546,100,3546,1,0
B,F,F,1423,100,1423,1,0
C,F,F,7182,100,7182,1,0
D,F,F,6355,100,6355,1,0
E,F,F,3703,100,3703,1,0
F,G,F,7379,100,7379,1,0
F,H,F,6261,100,6261,1,0
A,G,G,9615,100,9615,1,0
B,G,G,7198,100,7198,1,0
C,G,G,1597,100,1597,1,0
D,G,G,9248,100,9248,1,0
E,G,G,9903,100,9903,1,0
F,G,G,7342,100,7342,1,0
G,H,G,9352,100,9352,1,0
A,H,H,9350,100,9350,1,0
B,H,H,6137,100,6137,1,0
C,H,H,9069,100,9069,1,0
D,H,H,1408,100,1408,1,0
E,H,H,9651,100,9651,1,0
F,H,H,6271,100,6271,1,0
G,H,H,9351,100,9351,1,0
A,B,A,3659,100,3659,1,0
A,C,A,9319,100,9319,1,0
A,D,A,9286,100,9286,1,0
A,E,A,1382,100,1382,1,0
A,F,A,3516,100,3516,1,0
A,G,A,9524,100,9524,1,0
A,H,A,9377,100,9377,1,0
A,B,B,3676,100,3676,1,0
B,C,B,6744,100,6744,1,0
B,D,B,6003,100,6003,1,0
B,E,B,4321,100,4321,1,0
B,F,B,1390,100,1390,1,0
B,G,B,7198,100,7198,1,0
B,H,B,6153,100,6153,1,0
A,C,C,9298,100,9298,1,0
B,C,C,6716,100,6716,1,0
C,D,C,8757,100,8757,1,0
C,E,C,9814,100,9814,1,0
C,F,C,7192,100,7192,1,0
C,G,C,1564,100,1564,1,0
C,H,C,9042,100,9042,1,0
A,D,D,9270,100,9270,1,0
B,D,D,5966,100,5966,1,0
C,D,D,8747,100,8747,1,0
D,E,D,9714,100,9714,1,0
D,F,D,6345,100,6345,1,0
D,G,D,9246,100,9246,1,0
D,H,D,1421,100,1421,1,0
A,E,E,1484,100,1484,1,0
B,E,E,4296,100,4296,1,0
C,E,E,9805,100,9805,1,0
D,E,E,9732,100,9732,1,0
E,F,E,3690,100,3690,1,0
E,G,E,9925,100,9925,1,0
E,H,E,9685,100,9685,1,0
A,F,F,3527,100,3527,1,0
B,F,F,1384,100,1384,1,0
C,F,F,7176,100,7176,1,0
D,F,F,6352,100,6352,1,0
E,F,F,3710,100,3710,1,0
F,G,F,7382,100,7382,1,0
F,H,F,6233,100,6233,1,0
A,G,G,9631,100,9631,1,0
B,G,G,7177,100,7177,1,0
C,G,G,1589,100,1589,1,0
D,G,G,9243,100,9243,1,0
E,G,G,9900,100,9900,1,0
F,G,G,7361,100,7361,1,0
G,H,G,9341,100,9341,1,0
A,H,H,9406,100,9406,1,0
B,H,H,6227,100,6227,1,0
C,H,H,9051,100,9051,1,0
D,H,H,1383,100,1383,1,0
E,H,H,9646,100,9646,1,0
F,H,H,6246,100,6246,1,0
G,H,H,9315,100,9315,1,0
A,B,A,3666,100,3666,1,0
A,C,A,9331,100,9331,1,0
A,D,A,9245,100,9245,1,0
A,E,A,1440,100,1440,1,0
A,F,A,3563,100,3563,1,0
A,G,A,9583,100,9583,1,0
A,H,A,9367,100,9367,1,0
A,B,B,3641,100,3641,1,0
B,C,B,6726,100,6726,1,0
B,D,B,5930,100,5930,1,0
B,E,B,4317,100,4317,1,0
B,F,B,1395,100,1395,1,0
B,G,B,7182,100,7182,1,0
B,H,B,6147,100,6147,1,0
A,C,C,9311,100,9311,1,0
B,C,C,6730,100,6730,1,0
C,D,C,8735,100,8735,1,0
C,E,C,9819,100,9819,1,0
C,F,C,7203,100,7203,1,0
C,G,C,1559,100,1559,1,0
C,H,C,9059,100,9059,1,0
A,D,D,9263,100,9263,1,0
B,D,D,5991,100,5991,1,0
C,D,D,8734,100,8734,1,0
D,E,D,9720,100,9720,1,0
D,F,D,6363,100,6363,1,0
D,G,D,9243,100,9243,1,0
D,H,D,1430,100,1430,1,0
A,E,E,1425,100,1425,1,0
B,E,E,4313,100,4313,1,0
C,E,E,9806,100,9806,1,0
D,E,E,9672,100,9672,1,0
E,F,E,3688,100,3688,1,0
E,G,E,9933,100,9933,1,0
E,H,E,9639,100,9639,1,0
A,F,F,3502,100,3502,1,0
B,F,F,1427,100,1427,1,0
C,F,F,7224,100,7224,1,0
D,F,F,6337,100,6337,1,0
E,F,F,3732,100,3732,1,0
F,G,F,7376,100,7376,1,0
F,H,F,6304,100,6304,1,0
A,G,G,9612,100,9612,1,0
B,G,G,7192,100,7192,1,0
C,G,G,1617,100,1617,1,0
D,G,G,9221,100,9221,1,0
E,G,G,9918,100,9918,1,0
F,G,G,7378,100,7378,1,0
G,H,G,9335,100,9335,1,0
A,H,H,9406,100,9406,1,0
B,H,H,6182,100,6182,1,0
C,H,H,9073,100,9073,1,0
D,H,H,1426,100,1426,1,0
E,H,H,9653,100,9653,1,0
F,H,H,6269,100,6269,1,0
G,H,H,9325,100,9325,1,0
A,B,A,3639,100,3639,1,0
A,C,A,9286,100,9286,1,0
A,D,A,9242,100,9242,1,0
A,E,A,1445,100,1445,1,0
A,F,A,3546,100,3546,1,0
A,G,A,9568,100,9568,1,0
A,H,A,9371,100,9371,1,0
A,B,B,3660,100,3660,1,0
B,C,B,6713,100,6713,1,0
B,D,B,5983,100,5983,1,0
B,E,B,4320,100,4320,1,0
B,F,B,1402,100,1402,1,0
B,G,B,7194,100,7194,1,0
B,H,B,6149,100,6149,1,0
A,C,C,9270,100,9270,1,0
B,C,C,6747,100,6747,1,0
C,D,C,8729,100,8729,1,0
C,E,C,9851,100,9851,1,0
C,F,C,7223,100,7223,1,0
C,G,C,1565,100,1565,1,0
C,H,C,8998,100,8998,1,0
A,D,D,9262,100,9262,1,0
B,D,D,5965,100,5965,1,0
C,D,D,8744,100,8744,1,0
D,E,D,9771,100,9771,1,0
D,F,D,6347,100,6347,1,0
D,G,D,9281,100,9281,1,0
D,H,D,1439,100,1439,1,0
A,E,E,1466,100,1466,1,0
B,E,E,4316,100,4316,1,0
C,E,E,9872,100,9872,1,0
D,E,E,9827,100,9827,1,0
E,F,E,3726,100,3726,1,0
E,G,E,9913,100,9913,1,0
E,H,E,9658,100,9658,1,0
A,F,F,3518,100,3518,1,0
B,F,F,1411,100,1411,1,0
C,F,F,7213,100,7213,1,0
D,F,F,6356,100,6356,1,0
E,F,F,3723,100,3723,1,0
F,G,F,7360,100,7360,1,0
F,H,F,6225,100,6225,1,0
A,G,G,9573,100,9573,1,0
B,G,G,7186,100,7186,1,0
C,G,G,1591,100,1591,1,0
D,G,G,9240,100,9240,1,0
E,G,G,9921,100,9921,1,0
F,G,G,7381,100,7381,1,0
G,H,G,9309,100,9309,1,0
A,H,H,9365,100,9365,1,0
B,H,H,6199,100,6199,1,0
C,H,H,9036,100,9036,1,0
D,H,H,1406,100,1406,1,0
E,H,H,9646,100,9646,1,0
F,H,H,6326,100,6326,1,0
G,H,H,9320,100,9320,1,0
A,B,A,3678,100,3678,1,0
A,C,A,9221,100,9221,1,0
A,D,A,9282,100,9282,1,0
A,E,A,1465,100,1465,1,0
A,F,A,3517,100,3517,1,0
A,G,A,9593,100,9593,1,0
A,H,A,9428,100,9428,1,0
A,B,B,3632,100,3632,1,0
B,C,B,6701,100,6701,1,0
B,D,B,5927,100,5927,1,0
B,E,B,4321,100,4321,1,0
B,F,B,1401,100,1401,1,0
B,G,B,7183,100,7183,1,0
B,H,B,6191,100,6191,1,0
A,C,C,9264,100,9264,1,0
B,C,C,6713,100,6713,1,0
C,D,C,8711,100,8711,1,0
C,E,C,9822,100,9822,1,0
C,F,C,7200,100,7200,1,0
C,G,C,1566,100,1566,1,0
C,H,C,9064,100,9064,1,0
A,D,D,9293,100,9293,1,0
B,D,D,5961,100,5961,1,0
C,D,D,8736,100,8736,1,0
D,E,D,9749,100,9749,1,0
D,F,D,6368,100,6368,1,0
D,G,D,9237,100,9237,1,0
D,H,D,1396,100,1396,1,0
A,E,E,1385,100,1385,1,0
B,E,E,4307,100,4307,1,0
C,E,E,9833,100,9833,1,0
D,E,E,9736,100,9736,1,0
E,F,E,3712,100,3712,1,0
E,G,E,9905,100,9905,1,0
E,H,E,9683,100,9683,1,0
A,F,F,3539,100,3539,1,0
B,F,F,1449,100,1449,1,0
C,F,F,7220,100,7220,1,0
D,F,F,6363,100,6363,1,0
E,F,F,3680,100,3680,1,0
F,G,F,7358,100,7358,1,0
F,H,F,6274,100,6274,1,0
A,G,G,9584,100,9584,1,0
B,G,G,7183,100,7183,1,0
C,G,G,1570,100,1570,1,0
D,G,G,9245,100,9245,1,0
E,G,G,9942,100,9942,1,0
F,G,G,7376,100,7376,1,0
G,H,G,9315,100,9315,1,0
A,H,H,9388,100,9388,1,0
B,H,H,6210,100,6210,1,0
C,H,H,9041,100,9041,1,0
D,H,H,1418,100,1418,1,0
E,H,H,9656,100,9656,1,0
F,H,H,6320,100,6320,1,0
G,H,H,9333,100,9333,1,0
A,B,A,3630,100,3630,1,0
A,C,A,9271,100,9271,1,0
A,D,A,9284,100,9284,1,0
A,E,A,1453,100,1453,1,0
A,F,A,3506,100,3506,1,0
A,G,A,9595,100,9595,1,0
A,H,A,9415,100,9415,1,0
A,B,B,3638,100,3638,1,0
B,C,B,6703,100,6703,1,0
B,D,B,5924,100,5924,1,0
B,E,B,4275,100,4275,1,0
B,F,B,1435,100,1435,1,0
B,G,B,7169,100,7169,1,0
B,H,B,6234,100,6234,1,0
A,C,C,9307,100,9307,1,0
B,C,C,6731,100,6731,1,0
C,D,C,8743,100,8743,1,0
C,E,C,9870,100,9870,1,0
C,F,C,7204,100,7204,1,0
C,G,C,1603,100,1603,1,0
C,H,C,9081,100,9081,1,0
A,D,D,9259,100,9259,1,0
B,D,D,5978,100,5978,1,0
C,D,D,8745,100,8745,1,0
D,E,D,9723,100,9723,1,0
D,F,D,6370,100,6370,1,0
D,G,D,9204,100,9204,1,0
D,H,D,1378,100,1378,1,0
A,E,E,1456,100,1456,1,0
B,E,E,4338,100,4338,1,0
C,E,E,9807,100,9807,1,0
D,E,E,9703,100,9703,1,0
E,F,E,3690,100,3690,1,0
E,G,E,9917,100,9917,1,0
E,H,E,9676,100,9676,1,0
A,F,F,3489,100,3489,1,0
B,F,F,1413,100,1413,1,0
C,F,F,7219,100,7219,1,0
D,F,F,6349,100,6349,1,0
E,F,F,3716,100,3716,1,0
F,G,F,7345,100,7345,1,0
F,H,F,6282,100,6282,1,0
A,G,G,9609,100,9609,1,0
B,G,G,7197,100,7197,1,0
C,G,G,1581,100,1581,1,0
D,G,G,9202,100,9202,1,0
E,G,G,9908,100,9908,1,0
F,G,G,7402,100,7402,1,0
G,H,G,9290,100,9290,1,0
A,H,H,9434,100,9434,1,0
B,H,H,6220,100,6220,1,0
C,H,H,9043,100,9043,1,0
D,H,H,1377,100,1377,1,0
E,H,H,9657,100,9657,1,0
F,H,H,6266,100,6266,1,0
G,H,H,9296,100,9296,1,0
A,B,A,3596,100,3596,1,0
A,C,A,9347,100,9347,1,0
A,D,A,9285,100,9285,1,0
A,E,A,1440,100,1440,1,0
A,F,A,3515,100,3515,1,0
A,G,A,9574,100,9574,1,0
A,H,A,9386,100,9386,1,0
A,B,B,3664,100,3664,1,0
B,C,B,6737,100,6737,1,0
B,D,B,5970,100,5970,1,0
B,E,B,4305,100,4305,1,0
B,F,B,1394,100,1394,1,0
B,G,B,7201,100,7201,1,0
B,H,B,6248,100,6248,1,0
A,C,C,9301,100,9301,1,0
B,C,C,6693,100,6693,1,0
C,D,C,8719,100,8719,1,0
C,E,C,9774,100,9774,1,0
C,F,C,7227,100,7227,1,0
C,G,C,1523,100,1523,1,0
C,H,C,9063,100,9063,1,0
A,D,D,9268,100,9268,1,0
B,D,D,5987,100,5987,1,0
C,D,D,8701,100,8701,1,0
D,E,D,9724,100,9724,1,0
D,F,D,6360,100,6360,1,0
D,G,D,9219,100,9219,1,0
D,H,D,1416,100,1416,1,0
A,E,E,1508,100,1508,1,0
B,E,E,4276,100,4276,1,0
C,E,E,9788,100,9788,1,0
D,E,E,9755,100,9755,1,0
E,F,E,3705,100,3705,1,0
E,G,E,9945,100,9945,1,0
E,H,E,9663,100,9663,1,0
A,F,F,3513,100,3513,1,0
B,F,F,1463,100,1463,1,0
C,F,F,7213,100,7213,1,0
D,F,F,6357,100,6357,1,0
E,F,F,3686,100,3686,1,0
F,G,F,7355,100,7355,1,0
F,H,F,6247,100,6247,1,0
A,G,G,9585,100,9585,1,0
B,G,G,7188,100,7188,1,0
C,G,G,1538,100,1538,1,0
D,G,G,9231,100,9231,1,0
E,G,G,9922,100,9922,1,0
F,G,G,7351,100,7351,1,0
G,H,G,9344,100,9344,1,0
A,H,H,9462,100,9462,1,0
B,H,H,6211,100,6211,1,0
C,H,H,9042,100,9042,1,0
D,H,H,1426,100,1426,1,0
E,H,H,9654,100,9654,1,0
F,H,H,6289,100,6289,1,0
G,H,H,9340,100,9340,1,0
A,B,A,3632,100,3632,1,0
A,C,A,9267,100,9267,1,0
A,D,A,9291,100,9291,1,0
A,E,A,1464,100,1464,1,0
A,F,A,3519,100,3519,1,0
A,G,A,9643,100,9643,1,0
A,H,A,9358,100,9358,1,0
A,B,B,3636,100,3636,1,0
B,C,B,6723,100,6723,1,0
B,D,B,5981,100,5981,1,0
B,E,B,4254,100,4254,1,0
B,F,B,1425,100,1425,1,0
B,G,B,7202,100,7202,1,0
B,H,B,6158,100,6158,1,0
A,C,C,9308,100,9308,1,0
B,C,C,6778,100,6778,1,0
C,D,C,8719,100,8719,1,0
C,E,C,9869,100,9869,1,0
C,F,C,7204,100,7204,1,0
C,G,C,1566,100,1566,1,0
C,H,C,9071,100,9071,1,0
A,D,D,9267,100,9267,1,0
B,D,D,5919,100,5919,1,0
C,D,D,8758,100,8758,1,0
D,E,D,9786,100,9786,1,0
D,F,D,6355,100,6355,1,0
D,G,D,9243,100,9243,1,0
D,H,D,1427,100,1427,1,0
A,E,E,1459,100,1459,1,0
B,E,E,4314,100,4314,1,0
C,E,E,9807,100,9807,1,0
D,E,E,9706,100,9706,1,0
E,F,E,3654,100,3654,1,0
E,G,E,9947,100,9947,1,0
E,H,E,9651,100,9651,1,0
A,F,F,3550,100,3550,1,0
B,F,F,1407,100,1407,1,0
C,F,F,7217,100,7217,1,0
D,F,F,6316,100,6316,1,0
E,F,F,3705,100,3705,1,0
F,G,F,7374,100,7374,1,0
F,H,F,6328,100,6328,1,0
A,G,G,9593,100,9593,1,0
B,G,G,7196,100,7196,1,0
C,G,G,1515,100,1515,1,0
D,G,G,9243,100,9243,1,0
E,G,G,9927,100,9927,1,0
F,G,G,7379,100,7379,1,0
G,H,G,9294,100,9294,1,0
A,H,H,9389,100,9389,1,0
B,H,H,6209,100,6209,1,0
C,H,H,9037,100,9037,1,0
D,H,H,1417,100,1417,1,0
E,H,H,9663,100,9663,1,0
F,H,H,6272,100,6272,1,0
G,H,H,9337,100,9337,1,0
A,B,A,3607,100,3607,1,0
A,C,A,9275,100,9275,1,0
A,D,A,9278,100,9278,1,0
A,E,A,1403,100,1403,1,0
A,F,A,3502,100,3502,1,0
A,G,A,9565,100,9565,1,0
A,H,A,9349,100,9349,1,0
A,B,B,3622,100,3622,1,0
B,C,B,6752,100,6752,1,0
B,D,B,5907,100,5907,1,0
B,E,B,4270,100,4270,1,0
B,F,B,1403,100,1403,1,0
B,G,B,7212,100,7212,1,0
B,H,B,6154,100,6154,1,0
A,C,C,9320,100,9320,1,0
B,C,C,6759,100,6759,1,0
C,D,C,8727,100,8727,1,0
C,E,C,9798,100,9798,1,0
C,F,C,7192,100,7192,1,0
C,G,C,1551,100,1551,1,0
C,H,C,9051,100,9051,1,0
A,D,D,9259,100,9259,1,0
B,D,D,6008,100,6008,1,0
C,D,D,8715,100,8715,1,0
D,E,D,9716,100,9716,1,0
D,F,D,6318,100,6318,1,0
D,G,D,9235,100,9235,1,0
D,H,D,1486,100,1486,1,0
A,E,E,1426,100,1426,1,0
B,E,E,4323,100,4323,1,0
C,E,E,9810,100,9810,1,0
D,E,E,9733,100,9733,1,0
E,F,E,3673,100,3673,1,0
E,G,E,9939,100,9939,1,0
E,H,E,9646,100,9646,1,0
A,F,F,3519,100,3519,1,0
B,F,F,1367,100,1367,1,0
C,F,F,7190,100,7190,1,0
D,F,F,6339,100,6339,1,0
E,F,F,3696,100,3696,1,0
F,G,F,7389,100,7389,1,0
F,H,F,6290,100,6290,1,0
A,G,G,9610,100,9610,1,0
B,G,G,7219,100,7219,1,0
C,G,G,1618,100,1618,1,0
D,G,G,9244,100,9244,1,0
E,G,G,9937,100,9937,1,0
F,G,G,7365,100,7365,1,0
G,H,G,9328,100,9328,1,0
A,H,H,9401,100,9401,1,0
B,H,H,6198,100,6198,1,0
C,H,H,9078,100,9078,1,0
D,H,H,1402,100,1402,1,0
E,H,H,9645,100,9645,1,0
F,H,H,6343,100,6343,1,0
G,H,H,9290,100,9290,1,0
A,B,A,3632,100,3632,1,0
A,C,A,9300,100,9300,1,0
A,D,A,9264,100,9264,1,0
A,E,A,1485,100,1485,1,0
A,F,A,3494,100,3494,1,0
A,G,A,9649,100,9649,1,0
A,H,A,9359,100,9359,1,0
A,B,B,3656,100,3656,1,0
B,C,B,6734,100,6734,1,0
B,D,B,5969,100,5969,1,0
B,E,B,4322,100,4322,1,0
B,F,B,1383,100,1383,1,0
B,G,B,7175,100,7175,1,0
B,H,B,6208,100,6208,1,0
A,C,C,9351,100,9351,1,0
B,C,C,6726,100,6726,1,0
C,D,C,8723,100,8723,1,0
C,E,C,9816,100,9816,1,0
C,F,C,7215,100,7215,1,0
C,G,C,1608,100,1608,1,0
C,H,C,9038,100,9038,1,0
A,D,D,9287,100,9287,1,0
B,D,D,5970,100,5970,1,0
C,D,D,8712,100,8712,1,0
D,E,D,9741,100,9741,1,0
D,F,D,6326,100,6326,1,0
D,G,D,9204,100,9204,1,0
D,H,D,1498,100,1498,1,0
A,E,E,1512,100,1512,1,0
B,E,E,4274,100,4274,1,0
C,E,E,9856,100,9856,1,0
D,E,E,9799,100,9799,1,0
E,F,E,3712,100,3712,1,0
E,G,E,9918,100,9918,1,0
E,H,E,9693,100,9693,1,0
A,F,F,3495,100,3495,1,0
B,F,F,1428,100,1428,1,0
C,F,F,7200,100,7200,1,0
D,F,F,6382,100,6382,1,0
E,F,F,3682,100,3682,1,0
F,G,F,7362,100,7362,1,0
F,H,F,6266,100,6266,1,0
A,G,G,9566,100,9566,1,0
B,G,G,7146,100,7146,1,0
C,G,G,1562,100,1562,1,0
D,G,G,9211,100,9211,1,0
E,G,G,9924,100,9924,1,0
F,G,G,7388,100,7388,1,0
G,H,G,9282,100,9282,1,0
A,H,H,9405,100,9405,1,0
B,H,H,6262,100,6262,1,0
C,H,H,9054,100,9054,1,0
D,H,H,1447,100,1447,1,0
E,H,H,9649,100,9649,1,0
F,H,H,6310,100,6310,1,0
G,H,H,9314,100,9314,1,0
A,B,A,3645,100,3645,1,0
A,C,A,9291,100,9291,1,0
A,D,A,9271,100,9271,1,0
A,E,A,1431,100,1431,1,0
A,F,A,3531,100,3531,1,0
A,G,A,9596,100,9596,1,0
A,H,A,9399,100,9399,1,0
A,B,B,3661,100,3661,1,0
B,C,B,6703,100,6703,1,0
B,D,B,6018,100,6018,1,0
B,E,B,4301,100,4301,1,0
B,F,B,1408,100,1408,1,0
B,G,B,7183,100,7183,1,0
B,H,B,6254,100,6254,1,0
A,C,C,9296,100,9296,1,0
B,C,C,6749,100,6749,1,0
C,D,C,8701,100,8701,1,0
C,E,C,9815,100,9815,1,0
C,F,C,7216,100,7216,1,0
C,G,C,1600,100,1600,1,0
C,H,C,9065,100,9065,1,0
A,D,D,9270,100,9270,1,0
B,D,D,5939,100,5939,1,0
C,D,D,8690,100,8690,1,0
D,E,D,9750,100,9750,1,0
D,F,D,6389,100,6389,1,0
D,G,D,9240,100,9240,1,0
D,H,D,1370,100,1370,1,0
A,E,E,1396,100,1396,1,0
B,E,E,4292,100,4292,1,0
C,E,E,9799,100,9799,1,0
D,E,E,9735,100,9735,1,0
E,F,E,3707,100,3707,1,0
E,G,E,9935,100,9935,1,0
E,H,E,9635,100,9635,1,0
A,F,F,3505,100,3505,1,0
B,F,F,1397,100,1397,1,0
C,F,F,7199,100,7199,1,0
D,F,F,6358,100,6358,1,0
E,F,F,3702,100,3702,1,0
F,G,F,7373,100,7373,1,0
F,H,F,6274,100,6274,1,0
A,G,G,9613,100,9613,1,0
B,G,G,7191,100,7191,1,0
C,G,G,1568,100,1568,1,0
D,G,G,9214,100,9214,1,0
E,G,G,9948,100,9948,1,0
F,G,G,7371,100,7371,1,0
G,H,G,9346,100,9346,1,0
A,H,H,9390,100,9390,1,0
B,H,H,6181,100,6181,1,0
C,H,H,8986,100,8986,1,0
D,H,H,1402,100,1402,1,0
E,H,H,9639,100,9639,1,0
F,H,H,6267,100,6267,1,0
G,H,H,9355,100,9355,1,0
A,B,A,3647,100,3647,1,0
A,C,A,9286,100,9286,1,0
A,D,A,9295,100,9295,1,0
A,E,A,1405,100,1405,1,0
A,F,A,3534,100,3534,1,0
A,G,A,9581,100,9581,1,0
A,H,A,9448,100,9448,1,0
A,B,B,3671,100,3671,1,0
B,C,B,6795,100,6795,1,0
B,D,B,5960,100,5960,1,0
B,E,B,4286,100,4286,1,0
B,F,B,1425,100,1425,1,0
B,G,B,7212,100,7212,1,0
B,H,B,6195,100,6195,1,0
A,C,C,9257,100,9257,1,0
B,C,C,6749,100,6749,1,0
C,D,C,8717,100,8717,1,0
C,E,C,9811,100,9811,1,0
C,F,C,7191,100,7191,1,0
C,G,C,1600,100,1600,1,0
C,H,C,9058,100,9058,1,0
A,D,D,9287,100,9287,1,0
B,D,D,5983,100,5983,1,0
C,D,D,8732,100,8732,1,0
D,E,D,9769,100,9769,1,0
D,F,D,6324,100,6324,1,0
D,G,D,9249,100,9249,1,0
D,H,D,1384,100,1384,1,0
A,E,E,1468,100,1468,1,0
B,E,E,4339,100,4339,1,0
C,E,E,9796,100,9796,1,0
D,E,E,9705,100,9705,1,0
E,F,E,3710,100,3710,1,0
E,G,E,9929,100,9929,1,0
E,H,E,9648,100,9648,1,0
A,F,F,3532,100,3532,1,0
B,F,F,1408,100,1408,1,0
C,F,F,7193,100,7193,1,0
D,F,F,6338,100,6338,1,0
E,F,F,3717,100,3717,1,0
F,G,F,7375,100,7375,1,0
F,H,F,6263,100,6263,1,0
A,G,G,9560,100,9560,1,0
B,G,G,7211,100,7211,1,0
C,G,G,1601,100,1601,1,0
D,G,G,9235,100,9235,1,0
E,G,G,9901,100,9901,1,0
F,G,G,7367,100,7367,1,0
G,H,G,9333,100,9333,1,0
A,H,H,9390,100,9390,1,0
B,H,H,6209,100,6209,1,0
C,H,H,9072,100,9072,1,0
D,H,H,1420,100,1420,1,0
E,H,H,9659,100,9659,1,0
F,H,H,6284,100,6284,1,0
G,H,H,9320,100,9320,1,0
A,B,A,3645,100,3645,1,0
A,C,A,9304,100,9304,1,0
A,D,A,9260,100,9260,1,0
A,E,A,1419,100,1419,1,0
A,F,A,3546,100,3546,1,0
A,G,A,9543,100,9543,1,0
A,H,A,9417,100,9417,1,0
A,B,B,3607,100,3607,1,0
B,C,B,6723,100,6723,1,0
B,D,B,5989,100,5989,1,0
B,E,B,4308,100,4308,1,0
B,F,B,1396,100,1396,1,0
B,G,B,7162,100,7162,1,0
B,H,B,6171,100,6171,1,0
A,C,C,9266,100,9266,1,0
B,C,C,6745,100,6745,1,0
C,D,C,8682,100,8682,1,0
C,E,C,9823,100,9823,1,0
C,F,C,7212,100,7212,1,0
C,G,C,1556,100,1556,1,0
C,H,C,9060,100,9060,1,0
A,D,D,9277,100,9277,1,0
B,D,D,5948,100,5948,1,0
C,D,D,8723,100,8723,1,0
D,E,D,9670,100,9670,1,0
D,F,D,6349,100,6349,1,0
D,G,D,9233,100,9233,1,0
D,H,D,1417,100,1417,1,0
A,E,E,1473,100,1473,1,0
B,E,E,4322,100,4322,1,0
C,E,E,9823,100,9823,1,0
D,E,E,9720,100,9720,1,0
E,F,E,3695,100,3695,1,0
E,G,E,9937,100,9937,1,0
E,H,E,9617,100,9617,1,0
A,F,F,3483,100,3483,1,0
B,F,F,1380,100,1380,1,0
C,F,F,7199,100,7199,1,0
D,F,F,6354,100,6354,1,0
E,F,F,3680,100,3680,1,0
F,G,F,7364,100,7364,1,0
F,H,F,6247,100,6247,1,0
A,G,G,9622,100,9622,1,0
B,G,G,7181,100,7181,1,0
C,G,G,1562,100,1562,1,0
D,G,G,9259,100,9259,1,0
E,G,G,9910,100,9910,1,0
F,G,G,7361,100,7361,1,0
G,H,G,9328,100,9328,1,0
A,H,H,9455,100,9455,1,0
B,H,H,6148,100,6148,1,0
C,H,H,9075,100,9075,1,0
D,H,H,1384,100,1384,1,0
E,H,H,9650,100,9650,1,0
F,H,H,6264,100,6264,1,0
G,H,H,9320,100,9320,1,0
A,B,A,3653,100,3653,1,0
A,C,A,9261,100,9261,1,0
A,D,A,9297,100,9297,1,0
A,E,A,1462,100,1462,1,0
A,F,A,3569,100,3569,1,0
A,G,A,9608,100,9608,1,0
A,H,A,9411,100,9411,1,0
A,B,B,3639,100,3639,1,0
B,C,B,6735,100,6735,1,0
B,D,B,5951,100,5951,1,0
B,E,B,4298,100,4298,1,0
B,F,B,1450,100,1450,1,0
B,G,B,7215,100,7215,1,0
B,H,B,6250,100,6250,1,0
A,C,C,9324,100,9324,1,0
B,C,C,6786,100,6786,1,0
C,D,C,8722,100,8722,1,0
C,E,C,9842,100,9842,1,0
C,F,C,7205,100,7205,1,0
C,G,C,1595,100,1595,1,0
C,H,C,9066,100,9066,1,0
A,D,D,9272,100,9272,1,0
B,D,D,5915,100,5915,1,0
C,D,D,8701,100,8701,1,0
D,E,D,9695,100,9695,1,0
D,F,D,6361,100,6361,1,0
D,G,D,9219,100,9219,1,0
D,H,D,1429,100,1429,1,0
A,E,E,1427,100,1427,1,0
B,E,E,4326,100,4326,1,0
C,E,E,9852,100,9852,1,0
D,E,E,9706,100,9706,1,0
E,F,E,3707,100,3707,1,0
E,G,E,9922,100,9922,1,0
E,H,E,9690,100,9690,1,0
A,F,F,3532,100,3532,1,0
B,F,F,1424,100,1424,1,0
C,F,F,7198,100,7198,1,0
D,F,F,6334,100,6334,1,0
E,F,F,3684,100,3684,1,0
F,G,F,7357,100,7357,1,0
F,H,F,6274,100,6274,1,0
A,G,G,9602,100,9602,1,0
B,G,G,7190,100,7190,1,0
C,G,G,1580,100,1580,1,0
D,G,G,9222,100,9222,1,0
E,G,G,9890,100,9890,1,0
F,G,G,7328,100,7328,1,0
G,H,G,9320,100,9320,1,0
A,H,H,9396,100,9396,1,0
B,H,H,6168,100,6168,1,0
C,H,H,9086,100,9086,1,0
D,H,H,1426,100,1426,1,0
E,H,H,9669,100,9669,1,0
F,H,H,6292,100,6292,1,0
G,H,H,9294,100,9294,1,0
A,B,A,3676,100,3676,1,0
A,C,A,9307,100,9307,1,0
A,D,A,9269,100,9269,1,0
A,E,A,1456,100,1456,1,0
A,F,A,3560,100,3560,1,0
A,G,A,9631,100,9631,1,0
A,H,A,9390,100,9390,1,0
A,B,B,3662,100,3662,1,0
B,C,B,6800,100,6800,1,0
B,D,B,5930,100,5930,1,0
B,E,B,4302,100,4302,1,0
B,F,B,1400,100,1400,1,0
B,G,B,7174,100,7174,1,0
B,H,B,6199,100,6199,1,0
A,C,C,9327,100,9327,1,0
B,C,C,6746,100,6746,1,0
C,D,C,8741,100,8741,1,0
C,E,C,9826,100,9826,1,0
C,F,C,7179,100,7179,1,0
C,G,C,1535,100,1535,1,0
C,H,C,9009,100,9009,1,0
A,D,D,9239,100,9239,1,0
B,D,D,5912,100,5912,1,0
C,D,D,8742,100,8742,1,0
D,E,D,9736,100,9736,1,0
D,F,D,6366,100,6366,1,0
D,G,D,9255,100,9255,1,0
D,H,D,1460,100,1460,1,0
A,E,E,1500,100,1500,1,0
B,E,E,4276,100,4276,1,0
C,E,E,9852,100,9852,1,0
D,E,E,9720,100,9720,1,0
E,F,E,3697,100,3697,1,0
E,G,E,9881,100,9881,1,0
E,H,E,9689,100,9689,1,0
A,F,F,3515,100,3515,1,0
B,F,F,1400,100,1400,1,0
C,F,F,7214,100,7214,1,0
D,F,F,6338,100,6338,1,0
E,F,F,3692,100,3692,1,0
F,G,F,7384,100,7384,1,0
F,H,F,6255,100,6255,1,0
A,G,G,9621,100,9621,1,0
B,G,G,7187,100,7187,1,0
C,G,G,1599,100,1599,1,0
D,G,G,9237,100,9237,1,0
E,G,G,9910,100,9910,1,0
F,G,G,7367,100,7367,1,0
G,H,G,9333,100,9333,1,0
A,H,H,9398,100,9398,1,0
B,H,H,6215,100,6215,1,0
C,H,H,9040,100,9040,1,0
D,H,H,1419,100,1419,1,0
E,H,H,9677,100,9677,1,0
F,H,H,6279,100,6279,1,0
G,H,H,9334,100,9334,1,0
A,B,A,3636,100,3636,1,0
A,C,A,9315,100,9315,1,0
A,D,A,9275,100,9275,1,0
A,E,A,1461,100,1461,1,0
A,F,A,3538,100,3538,1,0
A,G,A,9625,100,9625,1,0
A,H,A,9376,100,9376,1,0
A,B,B,3664,100,3664,1,0
B,C,B,6722,100,6722,1,0
B,D,B,5971,100,5971,1,0
B,E,B,4281,100,4281,1,0
B,F,B,1396,100,1396,1,0
B,G,B,7184,100,7184,1,0
B,H,B,6253,100,6253,1,0
A,C,C,9298,100,9298,1,0
B,C,C,6719,100,6719,1,0
C,D,C,8748,100,8748,1,0
C,E,C,9850,100,9850,1,0
C,F,C,7232,100,7232,1,0
C,G,C,1568,100,1568,1,0
C,H,C,9048,100,9048,1,0
A,D,D,9264,100,9264,1,0
B,D,D,5951,100,5951,1,0
C,D,D,8721,100,8721,1,0
D,E,D,9713,100,9713,1,0
D,F,D,6335,100,6335,1,0
D,G,D,9225,100,9225,1,0
D,H,D,1490,100,1490,1,0
A,E,E,1446,100,1446,1,0
B,E,E,4301,100,4301,1,0
C,E,E,9818,100,9818,1,0
D,E,E,9714,100,9714,1,0
E,F,E,3680,100,3680,1,0
E,G,E,9930,100,9930,1,0
E,H,E,9677,100,9677,1,0
A,F,F,3519,100,3519,1,0
B,F,F,1426,100,1426,1,0
C,F,F,7215,100,7215,1,0
D,F,F,6358,100,6358,1,0
E,F,F,3684,100,3684,1,0
F,G,F,7401,100,7401,1,0
F,H,F,6283,100,6283,1,0
A,G,G,9588,100,9588,1,0
B,G,G,7201,100,7201,1,0
C,G,G,1551,100,1551,1,0
D,G,G,9221,100,9221,1,0
E,G,G,9944,100,9944,1,0
F,G,G,7360,100,7360,1,0
G,H,G,9344,100,9344,1,0
A,H,H,9385,100,9385,1,0
B,H,H,6237,100,6237,1,0
C,H,H,9011,100,9011,1,0
D,H,H,1385,100,1385,1,0
E,H,H,9678,100,9678,1,0
F,H,H,6298,100,6298,1,0
G,H,H,9287,100,9287,1,0
A,B,A,3622,100,3622,1,0
A,C,A,9342,100,9342,1,0
A,D,A,9283,100,9283,1,0
A,E,A,1426,100,1426,1,0
A,F,A,3522,100,3522,1,0
A,G,A,9641,100,9641,1,0
A,H,A,9387,100,9387,1,0
A,B,B,3653,100,3653,1,0
B,C,B,6773,100,6773,1,0
B,D,B,5975,100,5975,1,0
B,E,B,4270,100,4270,1,0
B,F,B,1398,100,1398,1,0
B,G,B,7195,100,7195,1,0
B,H,B,6199,100,6199,1,0
A,C,C,9299,100,9299,1,0
B,C,C,6756,100,6756,1,0
C,D,C,8758,100,8758,1,0
C,E,C,9841,100,9841,1,0
C,F,C,7206,100,7206,1,0
C,G,C,1534,100,1534,1,0
C,H,C,9078,100,9078,1,0
A,D,D,9271,100,9271,1,0
B,D,D,5923,100,5923,1,0
C,D,D,8730,100,8730,1,0
D,E,D,9726,100,9726,1,0
D,F,D,6337,100,6337,1,0
D,G,D,9246,100,9246,1,0
D,H,D,1477,100,1477,1,0
A,E,E,1436,100,1436,1,0
B,E,E,4292,100,4292,1,0
C,E,E,9833,100,9833,1,0
D,E,E,9745,100,9745,1,0
E,F,E,3716,100,3716,1,0
E,G,E,9929,100,9929,1,0
E,H,E,9642,100,9642,1,0
A,F,F,3540,100,3540,1,0
B,F,F,1422,100,1422,1,0
C,F,F,7215,100,7215,1,0
D,F,F,6343,100,6343,1,0
E,F,F,3684,100,3684,1,0
F,G,F,7387,100,7387,1,0
F,H,F,6295,100,6295,1,0
A,G,G,9622,100,9622,1,0
B,G,G,7177,100,7177,1,0
C,G,G,1559,100,1559,1,0
D,G,G,9233,100,9233,1,0
E,G,G,9928,100,9928,1,0
F,G,G,7367,100,7367,1,0
G,H,G,9369,100,9369,1,0
A,H,H,9418,100,9418,1,0
B,H,H,6189,100,6189,1,0
C,H,H,9065,100,9065,1,0
D,H,H,1402,100,1402,1,0
E,H,H,9694,100,9694,1,0
F,H,H,6297,100,6297,1,0
G,H,H,9320,100,9320,1,0
A,B,A,3656,100,3656,1,0
A,C,A,9273,100,9273,1,0
A,D,A,9308,100,9308,1,0
A,E,A,1446,100,1446,1,0
A,F,A,3525,100,3525,1,0
A,G,A,9590,100,9590,1,0
A,H,A,9432,100,9432,1,0
A,B,B,3660,100,3660,1,0
B,C,B,6717,100,6717,1,0
B,D,B,5962,100,5962,1,0
B,E,B,4294,100,4294,1,0
B,F,B,1394,100,1394,1,0
B,G,B,7191,100,7191,1,0
B,H,B,6152,100,6152,1,0
A,C,C,9310,100,9310,1,0
B,C,C,6748,100,6748,1,0
C,D,C,8704,100,8704,1,0
C,E,C,9819,100,9819,1,0
C,F,C,7203,100,7203,1,0
C,G,C,1588,100,1588,1,0
C,H,C,9091,100,9091,1,0
A,D,D,9274,100,9274,1,0
B,D,D,5972,100,5972,1,0
C,D,D,8736,100,8736,1,0
D,E,D,9729,100,9729,1,0
D,F,D,6303,100,6303,1,0
D,G,D,9224,100,9224,1,0
D,H,D,1424,100,1424,1,0
A,E,E,1455,100,1455,1,0
B,E,E,4304,100,4304,1,0
C,E,E,9791,100,9791,1,0
D,E,E,9763,100,9763,1,0
E,F,E,3689,100,3689,1,0
E,G,E,9903,100,9903,1,0
E,H,E,9671,100,9671,1,0
A,F,F,3544,100,3544,1,0
B,F,F,1387,100,1387,1,0
C,F,F,7208,100,7208,1,0
D,F,F,6348,100,6348,1,0
E,F,F,3719,100,3719,1,0
F,G,F,7370,100,7370,1,0
F,H,F,6288,100,6288,1,0
A,G,G,9580,100,9580,1,0
B,G,G,7113,100,7113,1,0
C,G,G,1579,100,1579,1,0
D,G,G,9236,100,9236,1,0
E,G,G,9920,100,9920,1,0
F,G,G,7358,100,7358,1,0
G,H,G,9368,100,9368,1,0
A,H,H,9373,100,9373,1,0
B,H,H,6238,100,6238,1,0
C,H,H,9034,100,9034,1,0
D,H,H,1393,100,1393,1,0
E,H,H,9676,100,9676,1,0
F,H,H,6261,100,6261,1,0
G,H,H,9353,100,9353,1,0
A,B,A,3600,100,3600,1,0
A,C,A,9285,100,9285,1,0
A,D,A,9263,100,9263,1,0
A,E,A,1408,100,1408,1,0
A,F,A,3536,100,3536,1,0
A,G,A,9603,100,9603,1,0
A,H,A,9390,100,9390,1,0
A,B,B,3631,100,3631,1,0
B,C,B,6713,100,6713,1,0
B,D,B,5976,100,5976,1,0
B,E,B,4273,100,4273,1,0
B,F,B,1396,100,1396,1,0
B,G,B,7226,100,7226,1,0
B,H,B,6263,100,6263,1,0
A,C,C,9349,100,9349,1,0
B,C,C,6755,100,6755,1,0
C,D,C,8694,100,8694,1,0
C,E,C,9779,100,9779,1,0
C,F,C,7217,100,7217,1,0
C,G,C,1622,100,1622,1,0
C,H,C,9079,100,9079,1,0
A,D,D,9278,100,9278,1,0
B,D,D,5960,100,5960,1,0
C,D,D,8735,100,8735,1,0
D,E,D,9701,100,9701,1,0
D,F,D,6353,100,6353,1,0
D,G,D,9197,100,9197,1,0
D,H,D,1359,100,1359,1,0
A,E,E,1437,100,1437,1,0
B,E,E,4305,100,4305,1,0
C,E,E,9824,100,9824,1,0
D,E,E,9713,100,9713,1,0
E,F,E,3690,100,3690,1,0
E,G,E,9936,100,9936,1,0
E,H,E,9637,100,9637,1,0
A,F,F,3540,100,3540,1,0
B,F,F,1364,100,1364,1,0
C,F,F,7224,100,7224,1,0
D,F,F,6350,100,6350,1,0
E,F,F,3697,100,3697,1,0
F,G,F,7358,100,7358,1,0
F,H,F,6274,100,6274,1,0
A,G,G,9624,100,9624,1,0
B,G,G,7199,100,7199,1,0
C,G,G,1567,100,1567,1,0
D,G,G,9254,100,9254,1,0
E,G,G,9927,100,9927,1,0
F,G,G,7336,100,7336,1,0
G,H,G,9312,100,9312,1,0
A,H,H,9374,100,9374,1,0
B,H,H,6228,100,6228,1,0
C,H,H,9072,100,9072,1,0
D,H,H,1457,100,1457,1,0
E,H,H,9636,100,9636,1,0
F,H,H,6280,100,6280,1,0
G,H,H,9323,100,9323,1,0
A,B,A,3616,100,3616,1,0
A,C,A,9272,100,9272,1,0
A,D,A,9285,100,9285,1,0
A,E,A,1402,100,1402,1,0
A,F,A,3489,100,3489,1,0
A,G,A,9603,100,9603,1,0
A,H,A,9446,100,9446,1,0
A,B,B,3631,100,3631,1,0
B,C,B,6725,100,6725,1,0
B,D,B,6009,100,6009,1,0
B,E,B,4311,100,4311,1,0
B,F,B,1393,100,1393,1,0
B,G,B,7195,100,7195,1,0
B,H,B,6248,100,6248,1,0
A,C,C,9277,100,9277,1,0
B,C,C,6732,100,6732,1,0
C,D,C,8722,100,8722,1,0
C,E,C,9840,100,9840,1,0
C,F,C,7205,100,7205,1,0
C,G,C,1594,100,1594,1,0
C,H,C,9098,100,9098,1,0
A,D,D,9254,100,9254,1,0
B,D,D,5973,100,5973,1,0
C,D,D,8732,100,8732,1,0
D,E,D,9720,100,9720,1,0
D,F,D,6393,100,6393,1,0
D,G,D,9223,100,9223,1,0
D,H,D,1395,100,1395,1,0
A,E,E,1392,100,1392,1,0
B,E,E,4322,100,4322,1,0
C,E,E,9786,100,9786,1,0
D,E,E,9734,100,9734,1,0
E,F,E,3707,100,3707,1,0
E,G,E,9929,100,9929,1,0
E,H,E,9673,100,9673,1,0
A,F,F,3515,100,3515,1,0
B,F,F,1389,100,1389,1,0
C,F,F,7208,100,7208,1,0
D,F,F,6359,100,6359,1,0
E,F,F,3665,100,3665,1,0
F,G,F,7362,100,7362,1,0
F,H,F,6313,100,6313,1,0
A,G,G,9589,100,9589,1,0
B,G,G,7189,100,7189,1,0
C,G,G,1602,100,1602,1,0
D,G,G,9215,100,9215,1,0
E,G,G,9907,100,9907,1,0
F,G,G,7362,100,7362,1,0
G,H,G,9318,100,9318,1,0
A,H,H,9391,100,9391,1,0
B,H,H,6215,100,6215,1,0
C,H,H,9029,100,9029,1,0
D,H,H,1465,100,1465,1,0
E,H,H,9656,100,9656,1,0
F,H,H,6308,100,6308,1,0
G,H,H,9289,100,9289,1,0
A,B,A,3662,100,3662,1,0
A,C,A,9292,100,9292,1,0
A,D,A,9287,100,9287,1,0
A,E,A,1449,100,1449,1,0
A,F,A,3522,100,3522,1,0
A,G,A,9610,100,9610,1,0
A,H,A,9355,100,9355,1,0
A,B,B,3667,100,3667,1,0
B,C,B,6741,100,6741,1,0
B,D,B,5960,100,5960,1,0
B,E,B,4298,100,4298,1,0
B,F,B,1382,100,1382,1,0
B,G,B,7207,100,7207,1,0
B,H,B,6194,100,6194,1,0
A,C,C,9287,100,9287,1,0
B,C,C,6748,100,6748,1,0
C,D,C,8701,100,8701,1,0
C,E,C,9821,100,9821,1,0
C,F,C,7220,100,7220,1,0
C,G,C,1530,100,1530,1,0
C,H,C,9069,100,9069,1,0
A,D,D,9260,100,9260,1,0
B,D,D,5983,100,5983,1,0
C,D,D,8726,100,8726,1,0
D,E,D,9772,100,9772,1,0
D,F,D,6351,100,6351,1,0
D,G,D,9225,100,9225,1,0
D,H,D,1412,100,1412,1,0
A,E,E,1455,100,1455,1,0
B,E,E,4333,100,4333,1,0
C,E,E,9818,100,9818,1,0
D,E,E,9738,100,9738,1,0
E,F,E,3663,100,3663,1,0
E,G,E,9912,100,9912,1,0
E,H,E,9687,100,9687,1,0
A,F,F,3535,100,3535,1,0
B,F,F,1404,100,1404,1,0
C,F,F,7193,100,7193,1,0
D,F,F,6349,100,6349,1,0
E,F,F,3728,100,3728,1,0
F,G,F,7390,100,7390,1,0
F,H,F,6274,100,6274,1,0
A,G,G,9631,100,9631,1,0
B,G,G,7180,100,7180,1,0
C,G,G,1573,100,1573,1,0
D,G,G,9265,100,9265,1,0
E,G,G,9894,100,9894,1,0
F,G,G,7396,100,7396,1,0
G,H,G,9369,100,9369,1,0
A,H,H,9392,100,9392,1,0
B,H,H,6174,100,6174,1,0
C,H,H,9067,100,9067,1,0
D,H,H,1410,100,1410,1,0
E,H,H,9669,100,9669,1,0
F,H,H,6291,100,6291,1,0
G,H,H,9329,100,9329,1,0
A,B,A,3624,100,3624,1,0
A,C,A,9301,100,9301,1,0
A,D,A,9264,100,9264,1,0
A,E,A,1399,100,1399,1,0
A,F,A,3539,100,3539,1,0
A,G,A,9632,100,9632,1,0
A,H,A,9405,100,9405,1,0
A,B,B,3617,100,3617,1,0
B,C,B,6719,100,6719,1,0
B,D,B,6013,100,6013,1,0
B,E,B,4275,100,4275,1,0
B,F,B,1391,100,1391,1,0
B,G,B,7174,100,7174,1,0
B,H,B,6178,100,6178,1,0
A,C,C,9332,100,9332,1,0
B,C,C,6725,100,6725,1,0
C,D,C,8693,100,8693,1,0
C,E,C,9871,100,9871,1,0
C,F,C,7187,100,7187,1,0
C,G,C,1586,100,1586,1,0
C,H,C,9039,100,9039,1,0
A,D,D,9253,100,9253,1,0
B,D,D,5951,100,5951,1,0
C,D,D,8770,100,8770,1,0
D,E,D,9723,100,9723,1,0
D,F,D,6353,100,6353,1,0
D,G,D,9259,100,9259,1,0
D,H,D,1445,100,1445,1,0
A,E,E,1408,100,1408,1,0
B,E,E,4303,100,4303,1,0
C,E,E,9832,100,9832,1,0
D,E,E,9691,100,9691,1,0
E,F,E,3689,100,3689,1,0
E,G,E,9919,100,9919,1,0
E,H,E,9677,100,9677,1,0
A,F,F,3504,100,3504,1,0
B,F,F,1402,100,1402,1,0
C,F,F,7192,100,7192,1,0
D,F,F,6370,100,6370,1,0
E,F,F,3693,100,3693,1,0
F,G,F,7340,100,7340,1,0
F,H,F,6235,100,6235,1,0
A,G,G,9615,100,9615,1,0
B,G,G,7168,100,7168,1,0
C,G,G,1587,100,1587,1,0
D,G,G,9259,100,9259,1,0
E,G,G,9918,100,9918,1,0
F,G,G,7396,100,7396,1,0
G,H,G,9330,100,9330,1,0
A,H,H,9415,100,9415,1,0
B,H,H,6189,100,6189,1,0
C,H,H,9053,100,9053,1,0
D,H,H,1375,100,1375,1,0
E,H,H,9673,100,9673,1,0
F,H,H,6286,100,6286,1,0
G,H,H,9344,100,9344,1,0
A,B,A,3627,100,3627,1,0
A,C,A,9255,100,9255,1,0
A,D,A,9279,100,9279,1,0
A,E,A,1414,100,1414,1,0
A,F,A,3518,100,3518,1,0
A,G,A,9600,100,9600,1,0
A,H,A,9384,100,9384,1,0
A,B,B,3633,100,3633,1,0
B,C,B,6794,100,6794,1,0
B,D,B,5949,100,5949,1,0
B,E,B,4299,100,4299,1,0
B,F,B,1408,100,1408,1,0
B,G,B,7189,100,7189,1,0
B,H,B,6166,100,6166,1,0
A,C,C,9331,100,9331,1,0
B,C,C,6743,100,6743,1,0
C,D,C,8753,100,8753,1,0
C,E,C,9833,100,9833,1,0
C,F,C,7220,100,7220,1,0
C,G,C,1619,100,1619,1,0
C,H,C,9058,100,9058,1,0
A,D,D,9290,100,9290,1,0
B,D,D,5950,100,5950,1,0
C,D,D,8720,100,8720,1,0
D,E,D,9741,100,9741,1,0
D,F,D,6337,100,6337,1,0
D,G,D,9246,100,9246,1,0
D,H,D,1373,100,1373,1,0
A,E,E,1515,100,1515,1,0
B,E,E,4330,100,4330,1,0
C,E,E,9834,100,9834,1,0
D,E,E,9747,100,9747,1,0
E,F,E,3707,100,3707,1,0
E,G,E,9916,100,9916,1,0
E,H,E,9660,100,9660,1,0
A,F,F,3562,100,3562,1,0
B,F,F,1442,100,1442,1,0
C,F,F,7225,100,7225,1,0
D,F,F,6362,100,6362,1,0
E,F,F,3668,100,3668,1,0
F,G,F,7360,100,7360,1,0
F,H,F,6272,100,6272,1,0
A,G,G,9636,100,9636,1,0
B,G,G,7177,100,7177,1,0
C,G,G,1561,100,1561,1,0
D,G,G,9226,100,9226,1,0
E,G,G,9943,100,9943,1,0
F,G,G,7359,100,7359,1,0
G,H,G,9327,100,9327,1,0
A,H,H,9402,100,9402,1,0
B,H,H,6227,100,6227,1,0
C,H,H,9045,100,9045,1,0
D,H,H,1445,100,1445,1,0
E,H,H,9640,100,9640,1,0
F,H,H,6293,100,6293,1,0
G,H,H,9346,100,9346,1,0
A,B,A,3624,100,3624,1,0
A,C,A,9327,100,9327,1,0
A,D,A,9282,100,9282,1,0
A,E,A,1421,100,1421,1,0
A,F,A,3552,100,3552,1,0
A,G,A,9611,100,9611,1,0
A,H,A,9427,100,9427,1,0
A,B,B,3642,100,3642,1,0
B,C,B,6764,100,6764,1,0
B,D,B,5914,100,5914,1,0
B,E,B,4299,100,4299,1,0
B,F,B,1411,100,1411,1,0
B,G,B,7193,100,7193,1,0
B,H,B,6177,100,6177,1,0
A,C,C,9280,100,9280,1,0
B,C,C,6708,100,6708,1,0
C,D,C,8725,100,8725,1,0
C,E,C,9831,100,9831,1,0
C,F,C,7173,100,7173,1,0
C,G,C,1597,100,1597,1,0
C,H,C,9035,100,9035,1,0
A,D,D,9250,100,9250,1,0
B,D,D,5963,100,5963,1,0
C,D,D,8725,100,8725,1,0
D,E,D,9684,100,9684,1,0
D,F,D,6367,100,6367,1,0
D,G,D,9203,100,9203,1,0
D,H,D,1374,100,1374,1,0
A,E,E,1467,100,1467,1,0
B,E,E,4298,100,4298,1,0
C,E,E,9820,100,9820,1,0
D,E,E,9700,100,9700,1,0
E,F,E,3736,100,3736,1,0
E,G,E,9936,100,9936,1,0
E,H,E,9658,100,9658,1,0
A,F,F,3532,100,3532,1,0
B,F,F,1404,100,1404,1,0
C,F,F,7222,100,7222,1,0
D,F,F,6365,100,6365,1,0
E,F,F,3682,100,3682,1,0
F,G,F,7343,100,7343,1,0
F,H,F,6317,100,6317,1,0
A,G,G,9595,100,9595,1,0
B,G,G,7216,100,7216,1,0
C,G,G,1589,100,1589,1,0
D,G,G,9204,100,9204,1,0
E,G,G,9907,100,9907,1,0
F,G,G,7355,100,7355,1,0
G,H,G,9328,100,9328,1,0
A,H,H,9436,100,9436,1,0
B,H,H,6168,100,6168,1,0
C,H,H,9041,100,9041,1,0
D,H,H,1362,100,1362,1,0
E,H,H,9674,100,9674,1,0
F,H,H,6251,100,6251,1,0
G,H,H,9319,100,9319,1,0
A,B,A,3648,100,3648,1,0
A,C,A,9307,100,9307,1,0
A,D,A,9269,100,9269,1,0
A,E,A,1445,100,1445,1,0
A,F,A,3505,100,3505,1,0
A,G,A,9566,100,9566,1,0
A,H,A,9405,100,9405,1,0
A,B,B,3655,100,3655,1,0
B,C,B,6741,100,6741,1,0
B,D,B,5948,100,5948,1,0
B,E,B,4286,100,4286,1,0
B,F,B,1422,100,1422,1,0
B,G,B,7215,100,7215,1,0
B,H,B,6167,100,6167,1,0
A,C,C,9288,100,9288,1,0
B,C,C,6739,100,6739,1,0
C,D,C,8707,100,8707,1,0
C,E,C,9865,100,9865,1,0
C,F,C,7212,100,7212,1,0
C,G,C,1555,100,1555,1,0
C,H,C,9044,100,9044,1,0
A,D,D,9277,100,9277,1,0
B,D,D,5990,100,5990,1,0
C,D,D,8751,100,8751,1,0
D,E,D,9724,100,9724,1,0
D,F,D,6331,100,6331,1,0
D,G,D,9289,100,9289,1,0
D,H,D,1392,100,1392,1,0
A,E,E,1458,100,1458,1,0
B,E,E,4312,100,4312,1,0
C,E,E,9805,100,9805,1,0
D,E,E,9766,100,9766,1,0
E,F,E,3691,100,3691,1,0
E,G,E,9915,100,9915,1,0
E,H,E,9680,100,9680,1,0
A,F,F,3546,100,3546,1,0
B,F,F,1411,100,1411,1,0
C,F,F,7225,100,7225,1,0
D,F,F,6333,100,6333,1,0
E,F,F,3741,100,3741,1,0
F,G,F,7359,100,7359,1,0
F,H,F,6310,100,6310,1,0
A,G,G,9624,100,9624,1,0
B,G,G,7176,100,7176,1,0
C,G,G,1592,100,1592,1,0
D,G,G,9215,100,9215,1,0
E,G,G,9914,100,9914,1,0
F,G,G,7370,100,7370,1,0
G,H,G,9327,100,9327,1,0
A,H,H,9441,100,9441,1,0
B,H,H,6204,100,6204,1,0
C,H,H,9072,100,9072,1,0
D,H,H,1405,100,1405,1,0
E,H,H,9649,100,9649,1,0
F,H,H,6271,100,6271,1,0
G,H,H,9313,100,9313,1,0
A,B,A,3627,100,3627,1,0
A,C,A,9282,100,9282,1,0
A,D,A,9268,100,9268,1,0
A,E,A,1411,100,1411,1,0
A,F,A,3528,100,3528,1,0
A,G,A,9626,100,9626,1,0
A,H,A,9410,100,9410,1,0
A,B,B,3664,100,3664,1,0
B,C,B,6752,100,6752,1,0
B,D,B,5958,100,5958,1,0
B,E,B,4301,100,4301,1,0
B,F,B,1440,100,1440,1,0
B,G,B,7222,100,7222,1,0
B,H,B,6165,100,6165,1,0
A,C,C,9325,100,9325,1,0
B,C,C,6749,100,6749,1,0
C,D,C,8758,100,8758,1,0
C,E,C,9866,100,9866,1,0
C,F,C,7215,100,7215,1,0
C,G,C,1552,100,1552,1,0
C,H,C,9053,100,9053,1,0
A,D,D,9267,100,9267,1,0
B,D,D,5951,100,5951,1,0
C,D,D,8752,100,8752,1,0
D,E,D,9731,100,9731,1,0
D,F,D,6356,100,6356,1,0
D,G,D,9262,100,9262,1,0
D,H,D,1408,100,1408,1,0
A,E,E,1435,100,1435,1,0
B,E,E,4307,100,4307,1,0
C,E,E,9847,100,9847,1,0
D,E,E,9754,100,9754,1,0
E,F,E,3734,100,3734,1,0
E,G,E,9927,100,9927,1,0
E,H,E,9630,100,9630,1,0
A,F,F,3542,100,3542,1,0
B,F,F,1367,100,1367,1,0
C,F,F,7250,100,7250,1,0
D,F,F,6335,100,6335,1,0
E,F,F,3757,100,3757,1,0
F,G,F,7378,100,7378,1,0
F,H,F,6295,100,6295,1,0
A,G,G,9578,100,9578,1,0
B,G,G,7169,100,7169,1,0
C,G,G,1598,100,1598,1,0
D,G,G,9220,100,9220,1,0
E,G,G,9942,100,9942,1,0
F,G,G,7354,100,7354,1,0
G,H,G,9337,100,9337,1,0
A,H,H,9413,100,9413,1,0
B,H,H,6209,100,6209,1,0
C,H,H,9063,100,9063,1,0
D,H,H,1449,100,1449,1,0
E,H,H,9691,100,9691,1,0
F,H,H,6273,100,6273,1,0
G,H,H,9344,100,9344,1,0
A,B,A,3631,100,3631,1,0
A,C,A,9323,100,9323,1,0
A,D,A,9280,100,9280,1,0
A,E,A,1439,100,1439,1,0
A,F,A,3512,100,3512,1,0
A,G,A,9623,100,9623,1,0
A,H,A,9421,100,9421,1,0
A,B,B,3648,100,3648,1,0
B,C,B,6738,100,6738,1,0
B,D,B,5985,100,5985,1,0
B,E,B,4318,100,4318,1,0
B,F,B,1344,100,1344,1,0
B,G,B,7174,100,7174,1,0
B,H,B,6180,100,6180,1,0
A,C,C,9316,100,9316,1,0
B,C,C,6744,100,6744,1,0
C,D,C,8737,100,8737,1,0
C,E,C,9871,100,9871,1,0
C,F,C,7189,100,7189,1,0
C,G,C,1604,100,1604,1,0
C,H,C,9038,100,9038,1,0
A,D,D,9270,100,9270,1,0
B,D,D,5946,100,5946,1,0
C,D,D,8702,100,8702,1,0
D,E,D,9694,100,9694,1,0
D,F,D,6375,100,6375,1,0
D,G,D,9236,100,9236,1,0
D,H,D,1464,100,1464,1,0
A,E,E,1376,100,1376,1,0
B,E,E,4281,100,4281,1,0
C,E,E,9865,100,9865,1,0
D,E,E,9692,100,9692,1,0
E,F,E,3676,100,3676,1,0
E,G,E,9915,100,9915,1,0
E,H,E,9646,100,9646,1,0
A,F,F,3520,100,3520,1,0
B,F,F,1411,100,1411,1,0
C,F,F,7199,100,7199,1,0
D,F,F,6390,100,6390,1,0
E,F,F,3684,100,3684,1,0
F,G,F,7399,100,7399,1,0
F,H,F,6246,100,6246,1,0
A,G,G,9569,100,9569,1,0
B,G,G,7181,100,7181,1,0
C,G,G,1586,100,1586,1,0
D,G,G,9236,100,9236,1,0
E,G,G,9919,100,9919,1,0
F,G,G,7372,100,7372,1,0
G,H,G,9327,100,9327,1,0
A,H,H,9369,100,9369,1,0
B,H,H,6209,100,6209,1,0
C,H,H,9086,100,9086,1,0
D,H,H,1396,100,1396,1,0
E,H,H,9647,100,9647,1,0
F,H,H,6279,100,6279,1,0
G,H,H,9329,100,9329,1,0
A,B,A,3651,100,3651,1,0
A,C,A,9370,100,9370,1,0
A,D,A,9263,100,9263,1,0
A,E,A,1411,100,1411,1,0
A,F,A,3531,100,3531,1,0
A,G,A,9624,100,9624,1,0
A,H,A,9396,100,9396,1,0
A,B,B,3681,100,3681,1,0
B,C,B,6705,100,6705,1,0
B,D,B,5906,100,5906,1,0
B,E,B,4274,100,4274,1,0
B,F,B,1368,100,1368,1,0
B,G,B,7172,100,7172,1,0
B,H,B,6179,100,6179,1,0
A,C,C,9303,100,9303,1,0
B,C,C,6721,100,6721,1,0
C,D,C,8735,100,8735,1,0
C,E,C,9821,100,9821,1,0
C,F,C,7206,100,7206,1,0
C,G,C,1568,100,1568,1,0
C,H,C,9019,100,9019,1,0
A,D,D,9264,100,9264,1,0
B,D,D,5951,100,5951,1,0
C,D,D,8727,100,8727,1,0
D,E,D,9730,100,9730,1,0
D,F,D,6351,100,6351,1,0
D,G,D,9243,100,9243,1,0
D,H,D,1385,100,1385,1,0
A,E,E,1421,100,1421,1,0
B,E,E,4336,100,4336,1,0
C,E,E,9861,100,9861,1,0
D,E,E,9732,100,9732,1,0
E,F,E,3700,100,3700,1,0
E,G,E,9943,100,9943,1,0
E,H,E,9643,100,9643,1,0
A,F,F,3511,100,3511,1,0
B,F,F,1416,100,1416,1,0
C,F,F,7234,100,7234,1,0
D,F,F,6358,100,6358,1,0
E,F,F,3684,100,3684,1,0
F,G,F,7376,100,7376,1,0
F,H,F,6330,100,6330,1,0
A,G,G,9642,100,9642,1,0
B,G,G,7214,100,7214,1,0
C,G,G,1563,100,1563,1,0
D,G,G,9250,100,9250,1,0
E,G,G,9956,100,9956,1,0
F,G,G,7388,100,7388,1,0
G,H,G,9343,100,9343,1,0
A,H,H,9380,100,9380,1,0
B,H,H,6189,100,6189,1,0
C,H,H,9070,100,9070,1,0
D,H,H,1404,100,1404,1,0
E,H,H,9660,100,9660,1,0
F,H,H,6275,100,6275,1,0
G,H,H,9299,100,9299,1,0
A,B,A,3638,100,3638,1,0
A,C,A,9323,100,9323,1,0
A,D,A,9267,100,9267,1,0
A,E,A,1403,100,1403,1,0
A,F,A,3535,100,3535,1,0
A,G,A,9624,100,9624,1,0
A,H,A,9375,100,9375,1,0
A,B,B,3665,100,3665,1,0
B,C,B,6742,100,6742,1,0
B,D,B,5940,100,5940,1,0
B,E,B,4274,100,4274,1,0
B,F,B,1423,100,1423,1,0
B,G,B,7206,100,7206,1,0
B,H,B,6215,100,6215,1,0
A,C,C,9276,100,9276,1,0
B,C,C,6717,100,6717,1,0
C,D,C,8766,100,8766,1,0
C,E,C,9783,100,9783,1,0
C,F,C,7166,100,7166,1,0
C,G,C,1606,100,1606,1,0
C,H,C,9050,100,9050,1,0
A,D,D,9248,100,9248,1,0
B,D,D,5972,100,5972,1,0
C,D,D,8704,100,8704,1,0
D,E,D,9753,100,9753,1,0
D,F,D,6304,100,6304,1,0
D,G,D,9226,100,9226,1,0
D,H,D,1429,100,1429,1,0
A,E,E,1456,100,1456,1,0
B,E,E,4296,100,4296,1,0
C,E,E,9831,100,9831,1,0
D,E,E,9751,100,9751,1,0
E,F,E,3681,100,3681,1,0
E,G,E,9900,100,9900,1,0
E,H,E,9688,100,9688,1,0
A,F,F,3525,100,3525,1,0
B,F,F,1420,100,1420,1,0
C,F,F,7212,100,7212,1,0
D,F,F,6350,100,6350,1,0
E,F,F,3704,100,3704,1,0
F,G,F,7367,100,7367,1,0
F,H,F,6219,100,6219,1,0
A,G,G,9592,100,9592,1,0
B,G,G,7211,100,7211,1,0
C,G,G,1551,100,1551,1,0
D,G,G,9264,100,9264,1,0
E,G,G,9910,100,9910,1,0
F,G,G,7370,100,7370,1,0
G,H,G,9312,100,9312,1,0
A,H,H,9385,100,9385,1,0
B,H,H,6191,100,6191,1,0
C,H,H,9061,100,9061,1,0
D,H,H,1469,100,1469,1,0
E,H,H,9682,100,9682,1,0
F,H,H,6289,100,6289,1,0
G,H,H,9348,100,9348,1,0
A,B,A,3630,100,3630,1,0
A,C,A,9333,100,9333,1,0
A,D,A,9260,100,9260,1,0
A,E,A,1424,100,1424,1,0
A,F,A,3573,100,3573,1,0
A,G,A,9579,100,9579,1,0
A,H,A,9393,100,9393,1,0
A,B,B,3625,100,3625,1,0
B,C,B,6726,100,6726,1,0
B,D,B,5971,100,5971,1,0
B,E,B,4310,100,4310,1,0
B,F,B,1418,100,1418,1,0
B,G,B,7215,100,7215,1,0
B,H,B,6207,100,6207,1,0
A,C,C,9281,100,9281,1,0
B,C,C,6757,100,6757,1,0
C,D,C,8767,100,8767,1,0
C,E,C,9820,100,9820,1,0
C,F,C,7194,100,7194,1,0
C,G,C,1569,100,1569,1,0
C,H,C,9073,100,9073,1,0
A,D,D,9283,100,9283,1,0
B,D,D,5971,100,5971,1,0
C,D,D,8751,100,8751,1,0
D,E,D,9761,100,9761,1,0
D,F,D,6373,100,6373,1,0
D,G,D,9233,100,9233,1,0
D,H,D,1411,100,1411,1,0
A,E,E,1460,100,1460,1,0
B,E,E,4324,100,4324,1,0
C,E,E,9778,100,9778,1,0
D,E,E,9649,100,9649,1,0
E,F,E,3668,100,3668,1,0
E,G,E,9935,100,9935,1,0
E,H,E,9640,100,9640,1,0
A,F,F,3473,100,3473,1,0
B,F,F,1398,100,1398,1,0
C,F,F,7195,100,7195,1,0
D,F,F,6359,100,6359,1,0
E,F,F,3684,100,3684,1,0
F,G,F,7377,100,7377,1,0
F,H,F,6242,100,6242,1,0
A,G,G,9592,100,9592,1,0
B,G,G,7175,100,7175,1,0
C,G,G,1551,100,1551,1,0
D,G,G,9266,100,9266,1,0
E,G,G,9907,100,9907,1,0
F,G,G,7356,100,7356,1,0
G,H,G,9331,100,9331,1,0
A,H,H,9385,100,9385,1,0
B,H,H,6161,100,6161,1,0
C,H,H,9057,100,9057,1,0
D,H,H,1460,100,1460,1,0
E,H,H,9675,100,9675,1,0
F,H,H,6297,100,6297,1,0
G,H,H,9301,100,9301,1,0
A,B,A,3614,100,3614,1,0
A,C,A,9294,100,9294,1,0
A,D,A,9245,100,9245,1,0
A,E,A,1466,100,1466,1,0
A,F,A,3490,100,3490,1,0
A,G,A,9624,100,9624,1,0
A,H,A,9375,100,9375,1,0
A,B,B,3673,100,3673,1,0
B,C,B,6706,100,6706,1,0
B,D,B,6024,100,6024,1,0
B,E,B,4273,100,4273,1,0
B,F,B,1430,100,1430,1,0
B,G,B,7175,100,7175,1,0
B,H,B,6185,100,6185,1,0
A,C,C,9282,100,9282,1,0
B,C,C,6719,100,6719,1,0
C,D,C,8685,100,8685,1,0
C,E,C,9837,100,9837,1,0
C,F,C,7192,100,7192,1,0
C,G,C,1626,100,1626,1,0
C,H,C,9005,100,9005,1,0
A,D,D,9270,100,9270,1,0
B,D,D,5961,100,5961,1,0
C,D,D,8758,100,8758,1,0
D,E,D,9754,100,9754,1,0
D,F,D,6349,100,6349,1,0
D,G,D,9220,100,9220,1,0
D,H,D,1436,100,1436,1,0
A,E,E,1425,100,1425,1,0
B,E,E,4301,100,4301,1,0
C,E,E,9794,100,9794,1,0
D,E,E,9750,100,9750,1,0
E,F,E,3679,100,3679,1,0
E,G,E,9906,100,9906,1,0
E,H,E,9697,100,9697,1,0
A,F,F,3498,100,3498,1,0
B,F,F,1436,100,1436,1,0
C,F,F,7229,100,7229,1,0
D,F,F,6347,100,6347,1,0
E,F,F,3713,100,3713,1,0
F,G,F,7373,100,7373,1,0
F,H,F,6228,100,6228,1,0
A,G,G,9613,100,9613,1,0
B,G,G,7175,100,7175,1,0
C,G,G,1565,100,1565,1,0
D,G,G,9252,100,9252,1,0
E,G,G,9934,100,9934,1,0
F,G,G,7384,100,7384,1,0
G,H,G,9326,100,9326,1,0
A,H,H,9411,100,9411,1,0
B,H,H,6223,100,6223,1,0
C,H,H,9030,100,9030,1,0
D,H,H,1468,100,1468,1,0
E,H,H,9631,100,9631,1,0
F,H,H,6278,100,6278,1,0
G,H,H,9338,100,9338,1,0
A,B,A,3663,100,3663,1,0
A,C,A,9327,100,9327,1,0
A,D,A,9248,100,9248,1,0
A,E,A,1479,100,1479,1,0
A,F,A,3520,100,3520,1,0
A,G,A,9576,100,9576,1,0
A,H,A,9421,100,9421,1,0
A,B,B,3633,100,3633,1,0
B,C,B,6765,100,6765,1,0
B,D,B,5981,100,5981,1,0
B,E,B,4329,100,4329,1,0
B,F,B,1410,100,1410,1,0
B,G,B,7187,100,7187,1,0
B,H,B,6234,100,6234,1,0
A,C,C,9278,100,9278,1,0
B,C,C,6748,100,6748,1,0
C,D,C,8733,100,8733,1,0
C,E,C,9833,100,9833,1,0
C,F,C,7222,100,7222,1,0
C,G,C,1567,100,1567,1,0
C,H,C,9039,100,9039,1,0
A,D,D,9262,100,9262,1,0
B,D,D,5942,100,5942,1,0
C,D,D,8717,100,8717,1,0
D,E,D,9691,100,9691,1,0
D,F,D,6361,100,6361,1,0
D,G,D,9281,100,9281,1,0
D,H,D,1404,100,1404,1,0
A,E,E,1462,100,1462,1,0
B,E,E,4308,100,4308,1,0
C,E,E,9874,100,9874,1,0
D,E,E,9743,100,9743,1,0
E,F,E,3677,100,3677,1,0
E,G,E,9920,100,9920,1,0
E,H,E,9662,100,9662,1,0
A,F,F,3471,100,3471,1,0
B,F,F,1403,100,1403,1,0
C,F,F,7195,100,7195,1,0
D,F,F,6344,100,6344,1,0
E,F,F,3708,100,3708,1,0
F,G,F,7346,100,7346,1,0
F,H,F,6271,100,6271,1,0
A,G,G,9608,100,9608,1,0
B,G,G,7179,100,7179,1,0
C,G,G,1609,100,1609,1,0
D,G,G,9210,100,9210,1,0
E,G,G,9932,100,9932,1,0
F,G,G,7359,100,7359,1,0
G,H,G,9289,100,9289,1,0
A,H,H,9444,100,9444,1,0
B,H,H,6205,100,6205,1,0
C,H,H,9091,100,9091,1,0
D,H,H,1436,100,1436,1,0
E,H,H,9663,100,9663,1,0
F,H,H,6274,100,6274,1,0
G,H,H,9348,100,9348,1,0
A,B,A,3617,100,3617,1,0
A,C,A,9325,100,9325,1,0
A,D,A,9282,100,9282,1,0
A,E,A,1386,100,1386,1,0
A,F,A,3530,100,3530,1,0
A,G,A,9600,100,9600,1,0
A,H,A,9418,100,9418,1,0
A,B,B,3673,100,3673,1,0
B,C,B,6725,100,6725,1,0
B,D,B,5920,100,5920,1,0
B,E,B,4323,100,4323,1,0
B,F,B,1362,100,1362,1,0
B,G,B,7231,100,7231,1,0
B,H,B,6198,100,6198,1,0
A,C,C,9261,100,9261,1,0
B,C,C,6711,100,6711,1,0
C,D,C,8737,100,8737,1,0
C,E,C,9839,100,9839,1,0
C,F,C,7214,100,7214,1,0
C,G,C,1596,100,1596,1,0
C,H,C,9028,100,9028,1,0
A,D,D,9257,100,9257,1,0
B,D,D,5958,100,5958,1,0
C,D,D,8746,100,8746,1,0
D,E,D,9760,100,9760,1,0
D,F,D,6375,100,6375,1,0
D,G,D,9198,100,9198,1,0
D,H,D,1395,100,1395,1,0
A,E,E,1438,100,1438,1,0
B,E,E,4293,100,4293,1,0
C,E,E,9874,100,9874,1,0
D,E,E,9709,100,9709,1,0
E,F,E,3721,100,3721,1,0
E,G,E,9919,100,9919,1,0
E,H,E,9689,100,9689,1,0
A,F,F,3556,100,3556,1,0
B,F,F,1405,100,1405,1,0
C,F,F,7236,100,7236,1,0
D,F,F,6340,100,6340,1,0
E,F,F,3694,100,3694,1,0
F,G,F,7340,100,7340,1,0
F,H,F,6307,100,6307,1,0
A,G,G,9602,100,9602,1,0
B,G,G,7219,100,7219,1,0
C,G,G,1556,100,1556,1,0
D,G,G,9236,100,9236,1,0
E,G,G,9920,100,9920,1,0
F,G,G,7375,100,7375,1,0
G,H,G,9328,100,9328,1,0
A,H,H,9410,100,9410,1,0
B,H,H,6190,100,6190,1,0
C,H,H,9058,100,9058,1,0
D,H,H,1428,100,1428,1,0
E,H,H,9645,100,9645,1,0
F,H,H,6266,100,6266,1,0
G,H,H,9347,100,9347,1,0
A,B,A,3628,100,3628,1,0
A,C,A,9282,100,9282,1,0
A,D,A,9268,100,9268,1,0
A,E,A,1428,100,1428,1,0
A,F,A,3509,100,3509,1,0
A,G,A,9609,100,9609,1,0
A,H,A,9397,100,9397,1,0
A,B,B,3655,100,3655,1,0
B,C,B,6717,100,6717,1,0
B,D,B,5936,100,5936,1,0
B,E,B,4301,100,4301,1,0
B,F,B,1413,100,1413,1,0
B,G,B,7223,100,7223,1,0
B,H,B,6190,100,6190,1,0
A,C,C,9325,100,9325,1,0
B,C,C,6753,100,6753,1,0
C,D,C,8705,100,8705,1,0
C,E,C,9834,100,9834,1,0
C,F,C,7202,100,7202,1,0
C,G,C,1542,100,1542,1,0
C,H,C,9067,100,9067,1,0
A,D,D,9267,100,9267,1,0
B,D,D,5989,100,5989,1,0
C,D,D,8714,100,8714,1,0
D,E,D,9720,100,9720,1,0
D,F,D,6347,100,6347,1,0
D,G,D,9223,100,9223,1,0
D,H,D,1501,100,1501,1,0
A,E,E,1455,100,1455,1,0
B,E,E,4335,100,4335,1,0
C,E,E,9834,100,9834,1,0
D,E,E,9692,100,9692,1,0
E,F,E,3651,100,3651,1,0
E,G,E,9900,100,9900,1,0
E,H,E,9670,100,9670,1,0
A,F,F,3582,100,3582,1,0
B,F,F,1441,100,1441,1,0
C,F,F,7184,100,7184,1,0
D,F,F,6389,100,6389,1,0
E,F,F,3671,100,3671,1,0
F,G,F,7380,100,7380,1,0
F,H,F,6282,100,6282,1,0
A,G,G,9611,100,9611,1,0
B,G,G,7170,100,7170,1,0
C,G,G,1626,100,1626,1,0
D,G,G,9209,100,9209,1,0
E,G,G,9921,100,9921,1,0
F,G,G,7349,100,7349,1,0
G,H,G,9358,100,9358,1,0
A,H,H,9388,100,9388,1,0
B,H,H,6137,100,6137,1,0
C,H,H,9031,100,9031,1,0
D,H,H,1390,100,1390,1,0
E,H,H,9650,100,9650,1,0
F,H,H,6281,100,6281,1,0
G,H,H,9323,100,9323,1,0
A,B,A,3655,100,3655,1,0
A,C,A,9305,100,9305,1,0
A,D,A,9273,100,9273,1,0
A,E,A,1445,100,1445,1,0
A,F,A,3527,100,3527,1,0
A,G,A,9593,100,9593,1,0
A,H,A,9402,100,9402,1,0
A,B,B,3643,100,3643,1,0
B,C,B,6727,100,6727,1,0
B,D,B,5978,100,5978,1,0
B,E,B,4341,100,4341,1,0
B,F,B,1393,100,1393,1,0
B,G,B,7193,100,7193,1,0
B,H,B,6181,100,6181,1,0
A,C,C,9368,100,9368,1,0
B,C,C,6705,100,6705,1,0
C,D,C,8724,100,8724,1,0
C,E,C,9811,100,9811,1,0
C,F,C,7187,100,7187,1,0
C,G,C,1580,100,1580,1,0
C,H,C,9058,100,9058,1,0
A,D,D,9297,100,9297,1,0
B,D,D,6002,100,6002,1,0
C,D,D,8775,100,8775,1,0
D,E,D,9781,100,9781,1,0
D,F,D,6341,100,6341,1,0
D,G,D,9210,100,9210,1,0
D,H,D,1418,100,1418,1,0
A,E,E,1446,100,1446,1,0
B,E,E,4277,100,4277,1,0
C,E,E,9869,100,9869,1,0
D,E,E,9746,100,9746,1,0
E,F,E,3672,100,3672,1,0
E,G,E,9903,100,9903,1,0
E,H,E,9643,100,9643,1,0
A,F,F,3513,100,3513,1,0
B,F,F,1409,100,1409,1,0
C,F,F,7222,100,7222,1,0
D,F,F,6368,100,6368,1,0
E,F,F,3703,100,3703,1,0
F,G,F,7395,100,7395,1,0
F,H,F,6245,100,6245,1,0
A,G,G,9575,100,9575,1,0
B,G,G,7216,100,7216,1,0
C,G,G,1550,100,1550,1,0
D,G,G,9230,100,9230,1,0
E,G,G,9944,100,9944,1,0
F,G,G,7367,100,7367,1,0
G,H,G,9306,100,9306,1,0
A,H,H,9442,100,9442,1,0
B,H,H,6180,100,6180,1,0
C,H,H,9029,100,9029,1,0
D,H,H,1432,100,1432,1,0
E,H,H,9656,100,9656,1,0
F,H,H,6289,100,6289,1,0
G,H,H,9337,100,9337,1,0
A,B,A,3644,100,3644,1,0
A,C,A,9322,100,9322,1,0
A,D,A,9289,100,9289,1,0
A,E,A,1421,100,1421,1,0
A,F,A,3488,100,3488,1,0
A,G,A,9557,100,9557,1,0
A,H,A,9395,100,9395,1,0
A,B,B,3621,100,3621,1,0
B,C,B,6725,100,6725,1,0
B,D,B,5994,100,5994,1,0
B,E,B,4293,100,4293,1,0
B,F,B,1389,100,1389,1,0
B,G,B,7197,100,7197,1,0
B,H,B,6206,100,6206,1,0
A,C,C,9276,100,9276,1,0
B,C,C,6737,100,6737,1,0
C,D,C,8702,100,8702,1,0
C,E,C,9848,100,9848,1,0
C,F,C,7240,100,7240,1,0
C,G,C,1553,100,1553,1,0
C,H,C,9020,100,9020,1,0
A,D,D,9264,100,9264,1,0
B,D,D,5982,100,5982,1,0
C,D,D,8687,100,8687,1,0
D,E,D,9747,100,9747,1,0
D,F,D,6354,100,6354,1,0
D,G,D,9233,100,9233,1,0
D,H,D,1488,100,1488,1,0
A,E,E,1425,100,1425,1,0
B,E,E,4306,100,4306,1,0
C,E,E,9872,100,9872,1,0
D,E,E,9780,100,9780,1,0
E,F,E,3703,100,3703,1,0
E,G,E,9939,100,9939,1,0
E,H,E,9687,100,9687,1,0
A,F,F,3585,100,3585,1,0
B,F,F,1367,100,1367,1,0
C,F,F,7229,100,7229,1,0
D,F,F,6358,100,6358,1,0
E,F,F,3714,100,3714,1,0
F,G,F,7381,100,7381,1,0
F,H,F,6294,100,6294,1,0
A,G,G,9618,100,9618,1,0
B,G,G,7191,100,7191,1,0
C,G,G,1566,100,1566,1,0
D,G,G,9258,100,9258,1,0
E,G,G,9918,100,9918,1,0
F,G,G,7368,100,7368,1,0
G,H,G,9314,100,9314,1,0
A,H,H,9391,100,9391,1,0
B,H,H,6207,100,6207,1,0
C,H,H,9052,100,9052,1,0
D,H,H,1380,100,1380,1,0
E,H,H,9690,100,9690,1,0
F,H,H,6264,100,6264,1,0
G,H,H,9345,100,9345,1,0
A,B,A,3654,100,3654,1,0
A,C,A,9268,100,9268,1,0
A,D,A,9266,100,9266,1,0
A,E,A,1420,100,1420,1,0
A,F,A,3549,100,3549,1,0
A,G,A,9577,100,9577,1,0
A,H,A,9371,100,9371,1,0
A,B,B,3620,100,3620,1,0
B,C,B,6725,100,6725,1,0
B,D,B,5975,100,5975,1,0
B,E,B,4336,100,4336,1,0
B,F,B,1389,100,1389,1,0
B,G,B,7183,100,7183,1,0
B,H,B,6255,100,6255,1,0
A,C,C,9251,100,9251,1,0
B,C,C,6738,100,6738,1,0
C,D,C,8711,100,8711,1,0
C,E,C,9797,100,9797,1,0
C,F,C,7220,100,7220,1,0
C,G,C,1605,100,1605,1,0
C,H,C,9065,100,9065,1,0
A,D,D,9271,100,9271,1,0
B,D,D,5948,100,5948,1,0
C,D,D,8739,100,8739,1,0
D,E,D,9702,100,9702,1,0
D,F,D,6347,100,6347,1,0
D,G,D,9218,100,9218,1,0
D,H,D,1417,100,1417,1,0
A,E,E,1419,100,1419,1,0
B,E,E,4330,100,4330,1,0
C,E,E,9787,100,9787,1,0
D,E,E,9760,100,9760,1,0
E,F,E,3683,100,3683,1,0
E,G,E,9935,100,9935,1,0
E,H,E,9668,100,9668,1,0
A,F,F,3505,100,3505,1,0
B,F,F,1393,100,1393,1,0
C,F,F,7208,100,7208,1,0
D,F,F,6336,100,6336,1,0
E,F,F,3705,100,3705,1,0
F,G,F,7356,100,7356,1,0
F,H,F,6309,100,6309,1,0
A,G,G,9603,100,9603,1,0
B,G,G,7190,100,7190,1,0
C,G,G,1618,100,1618,1,0
D,G,G,9255,100,9255,1,0
E,G,G,9927,100,9927,1,0
F,G,G,7388,100,7388,1,0
G,H,G,9363,100,9363,1,0
A,H,H,9346,100,9346,1,0
B,H,H,6172,100,6172,1,0
C,H,H,9025,100,9025,1,0
D,H,H,1418,100,1418,1,0
E,H,H,9642,100,9642,1,0
F,H,H,6256,100,6256,1,0
G,H,H,9322,100,9322,1,0
A,B,A,3658,100,3658,1,0
A,C,A,9286,100,9286,1,0
A,D,A,9263,100,9263,1,0
A,E,A,1432,100,1432,1,0
A,F,A,3527,100,3527,1,0
A,G,A,9633,100,9633,1,0
A,H,A,9379,100,9379,1,0
A,B,B,3654,100,3654,1,0
B,C,B,6720,100,6720,1,0
B,D,B,5938,100,5938,1,0
B,E,B,4296,100,4296,1,0
B,F,B,1416,100,1416,1,0
B,G,B,7176,100,7176,1,0
B,H,B,6164,100,6164,1,0
A,C,C,9273,100,9273,1,0
B,C,C,6721,100,6721,1,0
C,D,C,8705,100,8705,1,0
C,E,C,9846,100,9846,1,0
C,F,C,7215,100,7215,1,0
C,G,C,1588,100,1588,1,0
C,H,C,9002,100,9002,1,0
A,D,D,9234,100,9234,1,0
B,D,D,5983,100,5983,1,0
C,D,D,8702,100,8702,1,0
D,E,D,9722,100,9722,1,0
D,F,D,6332,100,6332,1,0
D,G,D,9230,100,9230,1,0
D,H,D,1426,100,1426,1,0
A,E,E,1409,100,1409,1,0
B,E,E,4313,100,4313,1,0
C,E,E,9839,100,9839,1,0
D,E,E,9718,100,9718,1,0
E,F,E,3705,100,3705,1,0
E,G,E,9928,100,9928,1,0
E,H,E,9687,100,9687,1,0
A,F,F,3541,100,3541,1,0
B,F,F,1411,100,1411,1,0
C,F,F,7236,100,7236,1,0
D,F,F,6359,100,6359,1,0
E,F,F,3696,100,3696,1,0
F,G,F,7358,100,7358,1,0
F,H,F,6268,100,6268,1,0
A,G,G,9638,100,9638,1,0
B,G,G,7153,100,7153,1,0
C,G,G,1602,100,1602,1,0
D,G,G,9258,100,9258,1,0
E,G,G,9916,100,9916,1,0
F,G,G,7359,100,7359,1,0
G,H,G,9355,100,9355,1,0
A,H,H,9421,100,9421,1,0
B,H,H,6133,100,6133,1,0
C,H,H,9053,100,9053,1,0
D,H,H,1441,100,1441,1,0
E,H,H,9653,100,9653,1,0
F,H,H,6285,100,6285,1,0
G,H,H,9320,100,9320,1,0
A,B,A,3672,100,3672,1,0
A,C,A,9349,100,9349,1,0
A,D,A,9276,100,9276,1,0
A,E,A,1389,100,1389,1,0
A,F,A,3524,100,3524,1,0
A,G,A,9549,100,9549,1,0
A,H,A,9382,100,9382,1,0
A,B,B,3610,100,3610,1,0
B,C,B,6733,100,6733,1,0
B,D,B,5929,100,5929,1,0
B,E,B,4278,100,4278,1,0
B,F,B,1401,100,1401,1,0
B,G,B,7205,100,7205,1,0
B,H,B,6196,100,6196,1,0
A,C,C,9309,100,9309,1,0
B,C,C,6728,100,6728,1,0
C,D,C,8677,100,8677,1,0
C,E,C,9822,100,9822,1,0
C,F,C,7174,100,7174,1,0
C,G,C,1566,100,1566,1,0
C,H,C,9064,100,9064,1,0
A,D,D,9263,100,9263,1,0
B,D,D,5979,100,5979,1,0
C,D,D,8686,100,8686,1,0
D,E,D,9738,100,9738,1,0
D,F,D,6331,100,6331,1,0
D,G,D,9227,100,9227,1,0
D,H,D,1398,100,1398,1,0
A,E,E,1488,100,1488,1,0
B,E,E,4349,100,4349,1,0
C,E,E,9819,100,9819,1,0
D,E,E,9758,100,9758,1,0
E,F,E,3702,100,3702,1,0
E,G,E,9940,100,9940,1,0
E,H,E,9651,100,9651,1,0
A,F,F,3470,100,3470,1,0
B,F,F,1420,100,1420,1,0
C,F,F,7209,100,7209,1,0
D,F,F,6344,100,6344,1,0
E,F,F,3681,100,3681,1,0
F,G,F,7398,100,7398,1,0
F,H,F,6270,100,6270,1,0
A,G,G,9639,100,9639,1,0
B,G,G,7213,100,7213,1,0
C,G,G,1607,100,1607,1,0
D,G,G,9205,100,9205,1,0
E,G,G,9946,100,9946,1,0
F,G,G,7359,100,7359,1,0
G,H,G,9331,100,9331,1,0
A,H,H,9383,100,9383,1,0
B,H,H,6212,100,6212,1,0
C,H,H,9005,100,9005,1,0
D,H,H,1430,100,1430,1,0
E,H,H,9654,100,9654,1,0
F,H,H,6289,100,6289,1,0
G,H,H,9324,100,9324,1,0
A,B,A,3624,100,3624,1,0
A,C,A,9326,100,9326,1,0
A,D,A,9272,100,9272,1,0
A,E,A,1456,100,1456,1,0
A,F,A,3574,100,3574,1,0
A,G,A,9617,100,9617,1,0
A,H,A,9457,100,9457,1,0
A,B,B,3642,100,3642,1,0
B,C,B,6733,100,6733,1,0
B,D,B,5984,100,5984,1,0
B,E,B,4269,100,4269,1,0
B,F,B,1374,100,1374,1,0
B,G,B,7174,100,7174,1,0
B,H,B,6176,100,6176,1,0
A,C,C,9235,100,9235,1,0
B,C,C,6774,100,6774,1,0
C,D,C,8738,100,8738,1,0
C,E,C,9818,100,9818,1,0
C,F,C,7223,100,7223,1,0
C,G,C,1587,100,1587,1,0
C,H,C,9002,100,9002,1,0
A,D,D,9272,100,9272,1,0
B,D,D,6001,100,6001,1,0
C,D,D,8739,100,8739,1,0
D,E,D,9720,100,9720,1,0
D,F,D,6355,100,6355,1,0
D,G,D,9226,100,9226,1,0
D,H,D,1439,100,1439,1,0
A,E,E,1482,100,1482,1,0
B,E,E,4289,100,4289,1,0
C,E,E,9831,100,9831,1,0
D,E,E,9764,100,9764,1,0
E,F,E,3697,100,3697,1,0
E,G,E,9891,100,9891,1,0
E,H,E,9648,100,9648,1,0
A,F,F,3535,100,3535,1,0
B,F,F,1393,100,1393,1,0
C,F,F,7203,100,7203,1,0
D,F,F,6369,100,6369,1,0
E,F,F,3685,100,3685,1,0
F,G,F,7375,100,7375,1,0
F,H,F,6324,100,6324,1,0
A,G,G,9606,100,9606,1,0
B,G,G,7229,100,7229,1,0
C,G,G,1550,100,1550,1,0
D,G,G,9268,100,9268,1,0
E,G,G,9895,100,9895,1,0
F,G,G,7362,100,7362,1,0
G,H,G,9331,100,9331,1,0
A,H,H,9412,100,9412,1,0
B,H,H,6197,100,6197,1,0
C,H,H,9065,100,9065,1,0
D,H,H,1465,100,1465,1,0
E,H,H,9648,100,9648,1,0
F,H,H,6247,100,6247,1,0
G,H,H,9337,100,9337,1,0
A,B,A,3624,100,3624,1,0
A,C,A,9314,100,9314,1,0
A,D,A,9278,100,9278,1,0
A,E,A,1401,100,1401,1,0
A,F,A,3487,100,3487,1,0
A,G,A,9652,100,9652,1,0
A,H,A,9408,100,9408,1,0
A,B,B,3643,100,3643,1,0
B,C,B,6728,100,6728,1,0
B,D,B,5989,100,5989,1,0
B,E,B,4284,100,4284,1,0
B,F,B,1396,100,1396,1,0
B,G,B,7163,100,7163,1,0
B,H,B,6194,100,6194,1,0
A,C,C,9328,100,9328,1,0
B,C,C,6749,100,6749,1,0
C,D,C,8764,100,8764,1,0
C,E,C,9828,100,9828,1,0
C,F,C,7228,100,7228,1,0
C,G,C,1601,100,1601,1,0
C,H,C,9053,100,9053,1,0
A,D,D,9250,100,9250,1,0
B,D,D,5954,100,5954,1,0
C,D,D,8714,100,8714,1,0
D,E,D,9722,100,9722,1,0
D,F,D,6400,100,6400,1,0
D,G,D,9219,100,9219,1,0
D,H,D,1473,100,1473,1,0
A,E,E,1457,100,1457,1,0
B,E,E,4331,100,4331,1,0
C,E,E,9869,100,9869,1,0
D,E,E,9749,100,9749,1,0
E,F,E,3678,100,3678,1,0
E,G,E,9883,100,9883,1,0
E,H,E,9648,100,9648,1,0
A,F,F,3492,100,3492,1,0
B,F,F,1400,100,1400,1,0
C,F,F,7207,100,7207,1,0
D,F,F,6373,100,6373,1,0
E,F,F,3709,100,3709,1,0
F,G,F,7367,100,7367,1,0
F,H,F,6240,100,6240,1,0
A,G,G,9615,100,9615,1,0
B,G,G,7204,100,7204,1,0
C,G,G,1600,100,1600,1,0
D,G,G,9224,100,9224,1,0
E,G,G,9920,100,9920,1,0
F,G,G,7337,100,7337,1,0
G,H,G,9327,100,9327,1,0
A,H,H,9441,100,9441,1,0
B,H,H,6166,100,6166,1,0
C,H,H,9055,100,9055,1,0
D,H,H,1445,100,1445,1,0
E,H,H,9663,100,9663,1,0
F,H,H,6262,100,6262,1,0
G,H,H,9300,100,9300,1,0
A,B,A,3631,100,3631,1,0
A,C,A,9275,100,9275,1,0
A,D,A,9258,100,9258,1,0
A,E,A,1484,100,1484,1,0
A,F,A,3520,100,3520,1,0
A,G,A,9595,100,9595,1,0
A,H,A,9427,100,9427,1,0
A,B,B,3672,100,3672,1,0
B,C,B,6755,100,6755,1,0
B,D,B,5936,100,5936,1,0
B,E,B,4301,100,4301,1,0
B,F,B,1414,100,1414,1,0
B,G,B,7197,100,7197,1,0
B,H,B,6206,100,6206,1,0
A,C,C,9291,100,9291,1,0
B,C,C,6721,100,6721,1,0
C,D,C,8756,100,8756,1,0
C,E,C,9812,100,9812,1,0
C,F,C,7216,100,7216,1,0
C,G,C,1566,100,1566,1,0
C,H,C,9065,100,9065,1,0
A,D,D,9297,100,9297,1,0
B,D,D,5960,100,5960,1,0
C,D,D,8751,100,8751,1,0
D,E,D,9720,100,9720,1,0
D,F,D,6372,100,6372,1,0
D,G,D,9230,100,9230,1,0
D,H,D,1475,100,1475,1,0
A,E,E,1472,100,1472,1,0
B,E,E,4307,100,4307,1,0
C,E,E,9776,100,9776,1,0
D,E,E,9768,100,9768,1,0
E,F,E,3718,100,3718,1,0
E,G,E,9920,100,9920,1,0
E,H,E,9648,100,9648,1,0
A,F,F,3567,100,3567,1,0
B,F,F,1381,100,1381,1,0
C,F,F,7222,100,7222,1,0
D,F,F,6344,100,6344,1,0
E,F,F,3735,100,3735,1,0
F,G,F,7374,100,7374,1,0
F,H,F,6286,100,6286,1,0
A,G,G,9607,100,9607,1,0
B,G,G,7199,100,7199,1,0
C,G,G,1609,100,1609,1,0
D,G,G,9247,100,9247,1,0
E,G,G,9922,100,9922,1,0
F,G,G,7348,100,7348,1,0
G,H,G,9331,100,9331,1,0
A,H,H,9400,100,9400,1,0
B,H,H,6200,100,6200,1,0
C,H,H,9062,100,9062,1,0
D,H,H,1428,100,1428,1,0
E,H,H,9671,100,9671,1,0
F,H,H,6279,100,6279,1,0
G,H,H,9335,100,9335,1,0
A,B,A,3595,100,3595,1,0
A,C,A,9343,100,9343,1,0
A,D,A,9303,100,9303,1,0
A,E,A,1440,100,1440,1,0
A,F,A,3478,100,3478,1,0
A,G,A,9583,100,9583,1,0
A,H,A,9390,100,9390,1,0
A,B,B,3671,100,3671,1,0
B,C,B,6708,100,6708,1,0
B,D,B,5972,100,5972,1,0
B,E,B,4311,100,4311,1,0
B,F,B,1389,100,1389,1,0
B,G,B,7220,100,7220,1,0
B,H,B,6181,100,6181,1,0
A,C,C,9272,100,9272,1,0
B,C,C,6745,100,6745,1,0
C,D,C,8713,100,8713,1,0
C,E,C,9837,100,9837,1,0
C,F,C,7219,100,7219,1,0
C,G,C,1588,100,1588,1,0
C,H,C,9048,100,9048,1,0
A,D,D,9264,100,9264,1,0
B,D,D,5956,100,5956,1,0
C,D,D,8783,100,8783,1,0
D,E,D,9690,100,9690,1,0
D,F,D,6359,100,6359,1,0
D,G,D,9201,100,9201,1,0
D,H,D,1429,100,1429,1,0
A,E,E,1410,100,1410,1,0
B,E,E,4362,100,4362,1,0
C,E,E,9817,100,9817,1,0
D,E,E,9707,100,9707,1,0
E,F,E,3725,100,3725,1,0
E,G,E,9953,100,9953,1,0
E,H,E,9667,100,9667,1,0
A,F,F,3498,100,3498,1,0
B,F,F,1406,100,1406,1,0
C,F,F,7228,100,7228,1,0
D,F,F,6323,100,6323,1,0
E,F,F,3698,100,3698,1,0
F,G,F,7373,100,7373,1,0
F,H,F,6264,100,6264,1,0
A,G,G,9573,100,9573,1,0
B,G,G,7204,100,7204,1,0
C,G,G,1595,100,1595,1,0
D,G,G,9228,100,9228,1,0
E,G,G,9902,100,9902,1,0
F,G,G,7372,100,7372,1,0
G,H,G,9356,100,9356,1,0
A,H,H,9362,100,9362,1,0
B,H,H,6211,100,6211,1,0
C,H,H,9074,100,9074,1,0
D,H,H,1403,100,1403,1,0
E,H,H,9670,100,9670,1,0
F,H,H,6229,100,6229,1,0
G,H,H,9295,100,9295,1,0
A,B,A,3664,100,3664,1,0
A,C,A,9325,100,9325,1,0
A,D,A,9290,100,9290,1,0
A,E,A,1483,100,1483,1,0
A,F,A,3555,100,3555,1,0
A,G,A,9619,100,9619,1,0
A,H,A,9406,100,9406,1,0
A,B,B,3662,100,3662,1,0
B,C,B,6741,100,6741,1,0
B,D,B,5928,100,5928,1,0
B,E,B,4316,100,4316,1,0
B,F,B,1408,100,1408,1,0
B,G,B,7173,100,7173,1,0
B,H,B,6163,100,6163,1,0
A,C,C,9310,100,9310,1,0
B,C,C,6767,100,6767,1,0
C,D,C,8716,100,8716,1,0
C,E,C,9779,100,9779,1,0
C,F,C,7209,100,7209,1,0
C,G,C,1537,100,1537,1,0
C,H,C,9002,100,9002,1,0
A,D,D,9263,100,9263,1,0
B,D,D,5959,100,5959,1,0
C,D,D,8732,100,8732,1,0
D,E,D,9736,100,9736,1,0
D,F,D,6382,100,6382,1,0
D,G,D,9229,100,9229,1,0
D,H,D,1362,100,1362,1,0
A,E,E,1402,100,1402,1,0
B,E,E,4330,100,4330,1,0
C,E,E,9831,100,9831,1,0
D,E,E,9676,100,9676,1,0
E,F,E,3680,100,3680,1,0
E,G,E,9907,100,9907,1,0
E,H,E,9656,100,9656,1,0
A,F,F,3532,100,3532,1,0
B,F,F,1430,100,1430,1,0
C,F,F,7215,100,7215,1,0
D,F,F,6326,100,6326,1,0
E,F,F,3665,100,3665,1,0
F,G,F,7344,100,7344,1,0
F,H,F,6304,100,6304,1,0
A,G,G,9590,100,9590,1,0
B,G,G,7184,100,7184,1,0
C,G,G,1605,100,1605,1,0
D,G,G,9219,100,9219,1,0
E,G,G,9940,100,9940,1,0
F,G,G,7370,100,7370,1,0
G,H,G,9274,100,9274,1,0
A,H,H,9438,100,9438,1,0
B,H,H,6180,100,6180,1,0
C,H,H,9055,100,9055,1,0
D,H,H,1419,100,1419,1,0
E,H,H,9659,100,9659,1,0
F,H,H,6291,100,6291,1,0
G,H,H,9320,100,9320,1,0
A,B,A,3650,100,3650,1,0
A,C,A,9319,100,9319,1,0
A,D,A,9271,100,9271,1,0
A,E,A,1416,100,1416,1,0
A,F,A,3555,100,3555,1,0
A,G,A,9667,100,9667,1,0
A,H,A,9390,100,9390,1,0
A,B,B,3639,100,3639,1,0
B,C,B,6723,100,6723,1,0
B,D,B,5959,100,5959,1,0
B,E,B,4344,100,4344,1,0
B,F,B,1383,100,1383,1,0
B,G,B,7184,100,7184,1,0
B,H,B,6214,100,6214,1,0
A,C,C,9299,100,9299,1,0
B,C,C,6734,100,6734,1,0
C,D,C,8721,100,8721,1,0
C,E,C,9823,100,9823,1,0
C,F,C,7202,100,7202,1,0
C,G,C,1548,100,1548,1,0
C,H,C,9051,100,9051,1,0
A,D,D,9299,100,9299,1,0
B,D,D,5982,100,5982,1,0
C,D,D,8720,100,8720,1,0
D,E,D,9705,100,9705,1,0
D,F,D,6314,100,6314,1,0
D,G,D,9258,100,9258,1,0
D,H,D,1444,100,1444,1,0
A,E,E,1413,100,1413,1,0
B,E,E,4309,100,4309,1,0
C,E,E,9840,100,9840,1,0
D,E,E,9740,100,9740,1,0
E,F,E,3681,100,3681,1,0
E,G,E,9901,100,9901,1,0
E,H,E,9682,100,9682,1,0
A,F,F,3516,100,3516,1,0
B,F,F,1393,100,1393,1,0
C,F,F,7198,100,7198,1,0
D,F,F,6358,100,6358,1,0
E,F,F,3688,100,3688,1,0
F,G,F,7371,100,7371,1,0
F,H,F,6258,100,6258,1,0
A,G,G,9609,100,9609,1,0
B,G,G,7218,100,7218,1,0
C,G,G,1577,100,1577,1,0
D,G,G,9252,100,9252,1,0
E,G,G,9916,100,9916,1,0
F,G,G,7366,100,7366,1,0
G,H,G,9286,100,9286,1,0
A,H,H,9404,100,9404,1,0
B,H,H,6227,100,6227,1,0
C,H,H,8997,100,8997,1,0
D,H,H,1419,100,1419,1,0
E,H,H,9662,100,9662,1,0
F,H,H,6241,100,6241,1,0
G,H,H,9319,100,9319,1,0
A,B,A,3661,100,3661,1,0
A,C,A,9277,100,9277,1,0
A,D,A,9259,100,9259,1,0
A,E,A,1408,100,1408,1,0
A,F,A,3569,100,3569,1,0
A,G,A,9605,100,9605,1,0
A,H,A,9379,100,9379,1,0
A,B,B,3608,100,3608,1,0
B,C,B,6702,100,6702,1,0
B,D,B,5947,100,5947,1,0
B,E,B,4289,100,4289,1,0
B,F,B,1402,100,1402,1,0
B,G,B,7186,100,7186,1,0
B,H,B,6201,100,6201,1,0
A,C,C,9342,100,9342,1,0
B,C,C,6732,100,6732,1,0
C,D,C,8684,100,8684,1,0
C,E,C,9847,100,9847,1,0
C,F,C,7204,100,7204,1,0
C,G,C,1600,100,1600,1,0
C,H,C,9021,100,9021,1,0
A,D,D,9263,100,9263,1,0
B,D,D,5931,100,5931,1,0
C,D,D,8747,100,8747,1,0
D,E,D,9792,100,9792,1,0
D,F,D,6327,100,6327,1,0
D,G,D,9240,100,9240,1,0
D,H,D,1430,100,1430,1,0
A,E,E,1448,100,1448,1,0
B,E,E,4275,100,4275,1,0
C,E,E,9831,100,9831,1,0
D,E,E,9755,100,9755,1,0
E,F,E,3693,100,3693,1,0
E,G,E,9920,100,9920,1,0
E,H,E,9666,100,9666,1,0
A,F,F,3543,100,3543,1,0
B,F,F,1394,100,1394,1,0
C,F,F,7217,100,7217,1,0
D,F,F,6360,100,6360,1,0
E,F,F,3694,100,3694,1,0
F,G,F,7347,100,7347,1,0
F,H,F,6275,100,6275,1,0
A,G,G,9631,100,9631,1,0
B,G,G,7193,100,7193,1,0
C,G,G,1538,100,1538,1,0
D,G,G,9218,100,9218,1,0
E,G,G,9938,100,9938,1,0
F,G,G,7369,100,7369,1,0
G,H,G,9357,100,9357,1,0
A,H,H,9360,100,9360,1,0
B,H,H,6214,100,6214,1,0
C,H,H,9062,100,9062,1,0
D,H,H,1420,100,1420,1,0
E,H,H,9644,100,9644,1,0
F,H,H,6267,100,6267,1,0
G,H,H,9357,100,9357,1,0
A,B,A,3650,100,3650,1,0
A,C,A,9323,100,9323,1,0
A,D,A,9274,100,9274,1,0
A,E,A,1427,100,1427,1,0
A,F,A,3505,100,3505,1,0
A,G,A,9589,100,9589,1,0
A,H,A,9402,100,9402,1,0
A,B,B,3652,100,3652,1,0
B,C,B,6739,100,6739,1,0
B,D,B,5987,100,5987,1,0
B,E,B,4288,100,4288,1,0
B,F,B,1406,100,1406,1,0
B,G,B,7172,100,7172,1,0
B,H,B,6220,100,6220,1,0
A,C,C,9248,100,9248,1,0
B,C,C,6758,100,6758,1,0
C,D,C,8749,100,8749,1,0
C,E,C,9822,100,9822,1,0
C,F,C,7194,100,7194,1,0
C,G,C,1605,100,1605,1,0
C,H,C,9061,100,9061,1,0
A,D,D,9286,100,9286,1,0
B,D,D,5911,100,5911,1,0
C,D,D,8720,100,8720,1,0
D,E,D,9682,100,9682,1,0
D,F,D,6336,100,6336,1,0
D,G,D,9240,100,9240,1,0
D,H,D,1403,100,1403,1,0
A,E,E,1412,100,1412,1,0
B,E,E,4308,100,4308,1,0
C,E,E,9863,100,9863,1,0
D,E,E,9750,100,9750,1,0
E,F,E,3733,100,3733,1,0
E,G,E,9900,100,9900,1,0
E,H,E,9688,100,9688,1,0
A,F,F,3520,100,3520,1,0
B,F,F,1420,100,1420,1,0
C,F,F,7189,100,7189,1,0
D,F,F,6340,100,6340,1,0
E,F,F,3705,100,3705,1,0
F,G,F,7368,100,7368,1,0
F,H,F,6281,100,6281,1,0
A,G,G,9612,100,9612,1,0
B,G,G,7232,100,7232,1,0
C,G,G,1603,100,1603,1,0
D,G,G,9252,100,9252,1,0
E,G,G,9924,100,9924,1,0
F,G,G,7364,100,7364,1,0
G,H,G,9323,100,9323,1,0
A,H,H,9414,100,9414,1,0
B,H,H,6193,100,6193,1,0
C,H,H,9045,100,9045,1,0
D,H,H,1398,100,1398,1,0
E,H,H,9626,100,9626,1,0
F,H,H,6283,100,6283,1,0
G,H,H,9335,100,9335,1,0
A,B,A,3657,100,3657,1,0
A,C,A,9269,100,9269,1,0
A,D,A,9276,100,9276,1,0
A,E,A,1466,100,1466,1,0
A,F,A,3530,100,3530,1,0
A,G,A,9549,100,9549,1,0
A,H,A,9371,100,9371,1,0
A,B,B,3645,100,3645,1,0
B,C,B,6740,100,6740,1,0
B,D,B,5972,100,5972,1,0
B,E,B,4283,100,4283,1,0
B,F,B,1404,100,1404,1,0
B,G,B,7187,100,7187,1,0
B,H,B,6200,100,6200,1,0
A,C,C,9311,100,9311,1,0
B,C,C,6735,100,6735,1,0
C,D,C,8716,100,8716,1,0
C,E,C,9814,100,9814,1,0
C,F,C,7201,100,7201,1,0
C,G,C,1632,100,1632,1,0
C,H,C,9098,100,9098,1,0
A,D,D,9257,100,9257,1,0
B,D,D,6006,100,6006,1,0
C,D,D,8711,100,8711,1,0
D,E,D,9786,100,9786,1,0
D,F,D,6372,100,6372,1,0
D,G,D,9230,100,9230,1,0
D,H,D,1411,100,1411,1,0
A,E,E,1465,100,1465,1,0
B,E,E,4293,100,4293,1,0
C,E,E,9786,100,9786,1,0
D,E,E,9732,100,9732,1,0
E,F,E,3700,100,3700,1,0
E,G,E,9935,100,9935,1,0
E,H,E,9677,100,9677,1,0
A,F,F,3522,100,3522,1,0
B,F,F,1423,100,1423,1,0
C,F,F,7193,100,7193,1,0
D,F,F,6344,100,6344,1,0
E,F,F,3687,100,3687,1,0
F,G,F,7355,100,7355,1,0
F,H,F,6258,100,6258,1,0
A,G,G,9626,100,9626,1,0
B,G,G,7192,100,7192,1,0
C,G,G,1580,100,1580,1,0
D,G,G,9258,100,9258,1,0
E,G,G,9912,100,9912,1,0
F,G,G,7412,100,7412,1,0
G,H,G,9349,100,9349,1,0
A,H,H,9411,100,9411,1,0
B,H,H,6186,100,6186,1,0
C,H,H,9033,100,9033,1,0
D,H,H,1406,100,1406,1,0
E,H,H,9633,100,9633,1,0
F,H,H,6305,100,6305,1,0
G,H,H,9342,100,9342,1,0
A,B,A,3684,100,3684,1,0
A,C,A,9400,100,9400,1,0
A,D,A,9258,100,9258,1,0
A,E,A,1441,100,1441,1,0
A,F,A,3507,100,3507,1,0
A,G,A,9595,100,9595,1,0
A,H,A,9412,100,9412,1,0
A,B,B,3605,100,3605,1,0
B,C,B,6764,100,6764,1,0
B,D,B,5948,100,5948,1,0
B,E,B,4301,100,4301,1,0
B,F,B,1395,100,1395,1,0
B,G,B,7210,100,7210,1,0
B,H,B,6181,100,6181,1,0
A,C,C,9281,100,9281,1,0
B,C,C,6768,100,6768,1,0
C,D,C,8700,100,8700,1,0
C,E,C,9801,100,9801,1,0
C,F,C,7226,100,7226,1,0
C,G,C,1595,100,1595,1,0
C,H,C,9042,100,9042,1,0
A,D,D,9254,100,9254,1,0
B,D,D,5923,100,5923,1,0
C,D,D,8700,100,8700,1,0
D,E,D,9766,100,9766,1,0
D,F,D,6389,100,6389,1,0
D,G,D,9263,100,9263,1,0
D,H,D,1413,100,1413,1,0
A,E,E,1477,100,1477,1,0
B,E,E,4263,100,4263,1,0
C,E,E,9833,100,9833,1,0
D,E,E,9801,100,9801,1,0
E,F,E,3725,100,3725,1,0
E,G,E,9917,100,9917,1,0
E,H,E,9643,100,9643,1,0
A,F,F,3538,100,3538,1,0
B,F,F,1429,100,1429,1,0
C,F,F,7185,100,7185,1,0
D,F,F,6323,100,6323,1,0
E,F,F,3704,100,3704,1,0
F,G,F,7391,100,7391,1,0
F,H,F,6257,100,6257,1,0
A,G,G,9619,100,9619,1,0
B,G,G,7160,100,7160,1,0
C,G,G,1605,100,1605,1,0
D,G,G,9210,100,9210,1,0
E,G,G,9909,100,9909,1,0
F,G,G,7333,100,7333,1,0
G,H,G,9348,100,9348,1,0
A,H,H,9421,100,9421,1,0
B,H,H,6214,100,6214,1,0
C,H,H,9049,100,9049,1,0
D,H,H,1420,100,1420,1,0
E,H,H,9609,100,9609,1,0
F,H,H,6310,100,6310,1,0
G,H,H,9330,100,9330,1,0
A,B,A,3636,100,3636,1,0
A,C,A,9332,100,9332,1,0
A,D,A,9248,100,9248,1,0
A,E,A,1400,100,1400,1,0
A,F,A,3509,100,3509,1,0
A,G,A,9619,100,9619,1,0
A,H,A,9391,100,9391,1,0
A,B,B,3665,100,3665,1,0
B,C,B,6714,100,6714,1,0
B,D,B,5989,100,5989,1,0
B,E,B,4321,100,4321,1,0
B,F,B,1372,100,1372,1,0
B,G,B,7173,100,7173,1,0
B,H,B,6197,100,6197,1,0
A,C,C,9344,100,9344,1,0
B,C,C,6755,100,6755,1,0
C,D,C,8719,100,8719,1,0
C,E,C,9817,100,9817,1,0
C,F,C,7228,100,7228,1,0
C,G,C,1570,100,1570,1,0
C,H,C,9009,100,9009,1,0
A,D,D,9251,100,9251,1,0
B,D,D,5965,100,5965,1,0
C,D,D,8732,100,8732,1,0
D,E,D,9747,100,9747,1,0
D,F,D,6335,100,6335,1,0
D,G,D,9250,100,9250,1,0
D,H,D,1380,100,1380,1,0
A,E,E,1449,100,1449,1,0
B,E,E,4286,100,4286,1,0
C,E,E,9802,100,9802,1,0
D,E,E,9750,100,9750,1,0
E,F,E,3705,100,3705,1,0
E,G,E,9929,100,9929,1,0
E,H,E,9689,100,9689,1,0
A,F,F,3549,100,3549,1,0
B,F,F,1354,100,1354,1,0
C,F,F,7219,100,7219,1,0
D,F,F,6330,100,6330,1,0
E,F,F,3671,100,3671,1,0
F,G,F,7381,100,7381,1,0
F,H,F,6277,100,6277,1,0
A,G,G,9602,100,9602,1,0
B,G,G,7182,100,7182,1,0
C,G,G,1588,100,1588,1,0
D,G,G,9239,100,9239,1,0
E,G,G,9898,100,9898,1,0
F,G,G,7361,100,7361,1,0
G,H,G,9320,100,9320,1,0
A,H,H,9385,100,9385,1,0
B,H,H,6181,100,6181,1,0
C,H,H,9079,100,9079,1,0
D,H,H,1398,100,1398,1,0
E,H,H,9667,100,9667,1,0
F,H,H,6262,100,6262,1,0
G,H,H,9317,100,9317,1,0
A,B,A,3656,100,3656,1,0
A,C,A,9247,100,9247,1,0
A,D,A,9288,100,9288,1,0
A,E,A,1425,100,1425,1,0
A,F,A,3511,100,3511,1,0
A,G,A,9612,100,9612,1,0
A,H,A,9440,100,9440,1,0
A,B,B,3635,100,3635,1,0
B,C,B,6735,100,6735,1,0
B,D,B,5960,100,5960,1,0
B,E,B,4328,100,4328,1,0
B,F,B,1389,100,1389,1,0
B,G,B,7177,100,7177,1,0
B,H,B,6207,100,6207,1,0
A,C,C,9301,100,9301,1,0
B,C,C,6729,100,6729,1,0
C,D,C,8736,100,8736,1,0
C,E,C,9816,100,9816,1,0
C,F,C,7183,100,7183,1,0
C,G,C,1600,100,1600,1,0
C,H,C,9037,100,9037,1,0
A,D,D,9259,100,9259,1,0
B,D,D,5968,100,5968,1,0
C,D,D,8721,100,8721,1,0
D,E,D,9678,100,9678,1,0
D,F,D,6381,100,6381,1,0
D,G,D,9270,100,9270,1,0
D,H,D,1359,100,1359,1,0
A,E,E,1421,100,1421,1,0
B,E,E,4342,100,4342,1,0
C,E,E,9826,100,9826,1,0
D,E,E,9771,100,9771,1,0
E,F,E,3691,100,3691,1,0
E,G,E,9915,100,9915,1,0
E,H,E,9667,100,9667,1,0
A,F,F,3551,100,3551,1,0
B,F,F,1431,100,1431,1,0
C,F,F,7222,100,7222,1,0
D,F,F,6385,100,6385,1,0
E,F,F,3676,100,3676,1,0
F,G,F,7380,100,7380,1,0
F,H,F,6234,100,6234,1,0
A,G,G,9616,100,9616,1,0
B,G,G,7209,100,7209,1,0
C,G,G,1577,100,1577,1,0
D,G,G,9226,100,9226,1,0
E,G,G,9917,100,9917,1,0
F,G,G,7333,100,7333,1,0
G,H,G,9349,100,9349,1,0
A,H,H,9405,100,9405,1,0
B,H,H,6203,100,6203,1,0
C,H,H,9075,100,9075,1,0
D,H,H,1393,100,1393,1,0
E,H,H,9652,100,9652,1,0
F,H,H,6281,100,6281,1,0
G,H,H,9335,100,9335,1,0
A,B,A,3642,100,3642,1,0
A,C,A,9340,100,9340,1,0
A,D,A,9249,100,9249,1,0
A,E,A,1377,100,1377,1,0
A,F,A,3529,100,3529,1,0
A,G,A,9600,100,9600,1,0
A,H,A,9379,100,9379,1,0
A,B,B,3647,100,3647,1,0
B,C,B,6743,100,6743,1,0
B,D,B,5919,100,5919,1,0
B,E,B,4308,100,4308,1,0
B,F,B,1428,100,1428,1,0
B,G,B,7212,100,7212,1,0
B,H,B,6188,100,6188,1,0
A,C,C,9303,100,9303,1,0
B,C,C,6703,100,6703,1,0
C,D,C,8734,100,8734,1,0
C,E,C,9869,100,9869,1,0
C,F,C,7191,100,7191,1,0
C,G,C,1557,100,1557,1,0
C,H,C,9090,100,9090,1,0
A,D,D,9265,100,9265,1,0
B,D,D,5973,100,5973,1,0
C,D,D,8734,100,8734,1,0
D,E,D,9703,100,9703,1,0
D,F,D,6342,100,6342,1,0
D,G,D,9261,100,9261,1,0
D,H,D,1421,100,1421,1,0
A,E,E,1452,100,1452,1,0
B,E,E,4301,100,4301,1,0
C,E,E,9825,100,9825,1,0
D,E,E,9756,100,9756,1,0
E,F,E,3708,100,3708,1,0
E,G,E,9911,100,9911,1,0
E,H,E,9650,100,9650,1,0
A,F,F,3548,100,3548,1,0
B,F,F,1394,100,1394,1,0
C,F,F,7205,100,7205,1,0
D,F,F,6346,100,6346,1,0
E,F,F,3673,100,3673,1,0
F,G,F,7356,100,7356,1,0
F,H,F,6294,100,6294,1,0
A,G,G,9623,100,9623,1,0
B,G,G,7190,100,7190,1,0
C,G,G,1599,100,1599,1,0
D,G,G,9233,100,9233,1,0
E,G,G,9915,100,9915,1,0
F,G,G,7362,100,7362,1,0
G,H,G,9296,100,9296,1,0
A,H,H,9417,100,9417,1,0
B,H,H,6215,100,6215,1,0
C,H,H,9045,100,9045,1,0
D,H,H,1380,100,1380,1,0
E,H,H,9647,100,9647,1,0
F,H,H,6283,100,6283,1,0
G,H,H,9367,100,9367,1,0
A,B,A,3637,100,3637,1,0
A,C,A,9307,100,9307,1,0
A,D,A,9278,100,9278,1,0
A,E,A,1411,100,1411,1,0
A,F,A,3555,100,3555,1,0
A,G,A,9606,100,9606,1,0
A,H,A,9437,100,9437,1,0
A,B,B,3607,100,3607,1,0
B,C,B,6742,100,6742,1,0
B,D,B,5991,100,5991,1,0
B,E,B,4286,100,4286,1,0
B,F,B,1403,100,1403,1,0
B,G,B,7199,100,7199,1,0
B,H,B,6204,100,6204,1,0
A,C,C,9320,100,9320,1,0
B,C,C,6717,100,6717,1,0
C,D,C,8734,100,8734,1,0
C,E,C,9817,100,9817,1,0
C,F,C,7200,100,7200,1,0
C,G,C,1619,100,1619,1,0
C,H,C,9072,100,9072,1,0
A,D,D,9266,100,9266,1,0
B,D,D,5975,100,5975,1,0
C,D,D,8713,100,8713,1,0
D,E,D,9703,100,9703,1,0
D,F,D,6332,100,6332,1,0
D,G,D,9244,100,9244,1,0
D,H,D,1415,100,1415,1,0
A,E,E,1471,100,1471,1,0
B,E,E,4307,100,4307,1,0
C,E,E,9830,100,9830,1,0
D,E,E,9816,100,9816,1,0
E,F,E,3704,100,3704,1,0
E,G,E,9926,100,9926,1,0
E,H,E,9659,100,9659,1,0
A,F,F,3559,100,3559,1,0
B,F,F,1418,100,1418,1,0
C,F,F,7204,100,7204,1,0
D,F,F,6319,100,6319,1,0
E,F,F,3699,100,3699,1,0
F,G,F,7338,100,7338,1,0
F,H,F,6246,100,6246,1,0
A,G,G,9593,100,9593,1,0
B,G,G,7201,100,7201,1,0
C,G,G,1618,100,1618,1,0
D,G,G,9260,100,9260,1,0
E,G,G,9899,100,9899,1,0
F,G,G,7385,100,7385,1,0
G,H,G,9344,100,9344,1,0
A,H,H,9390,100,9390,1,0
B,H,H,6228,100,6228,1,0
C,H,H,9007,100,9007,1,0
D,H,H,1394,100,1394,1,0
E,H,H,9669,100,9669,1,0
F,H,H,6267,100,6267,1,0
G,H,H,9340,100,9340,1,0
A,B,A,3648,100,3648,1,0
A,C,A,9283,100,9283,1,0
A,D,A,9257,100,9257,1,0
A,E,A,1462,100,1462,1,0
A,F,A,3513,100,3513,1,0
A,G,A,9613,100,9613,1,0
A,H,A,9420,100,9420,1,0
A,B,B,3681,100,3681,1,0
B,C,B,6719,100,6719,1,0
B,D,B,5919,100,5919,1,0
B,E,B,4281,100,4281,1,0
B,F,B,1385,100,1385,1,0
B,G,B,7186,100,7186,1,0
B,H,B,6234,100,6234,1,0
A,C,C,9305,100,9305,1,0
B,C,C,6754,100,6754,1,0
C,D,C,8709,100,8709,1,0
C,E,C,9834,100,9834,1,0
C,F,C,7212,100,7212,1,0
C,G,C,1589,100,1589,1,0
C,H,C,9003,100,9003,1,0
A,D,D,9253,100,9253,1,0
B,D,D,5994,100,5994,1,0
C,D,D,8714,100,8714,1,0
D,E,D,9754,100,9754,1,0
D,F,D,6359,100,6359,1,0
D,G,D,9259,100,9259,1,0
D,H,D,1431,100,1431,1,0
A,E,E,1395,100,1395,1,0
B,E,E,4296,100,4296,1,0
C,E,E,9821,100,9821,1,0
D,E,E,9668,100,9668,1,0
E,F,E,3661,100,3661,1,0
E,G,E,9912,100,9912,1,0
E,H,E,9647,100,9647,1,0
A,F,F,3494,100,3494,1,0
B,F,F,1383,100,1383,1,0
C,F,F,7205,100,7205,1,0
D,F,F,6338,100,6338,1,0
E,F,F,3690,100,3690,1,0
F,G,F,7383,100,7383,1,0
F,H,F,6228,100,6228,1,0
A,G,G,9619,100,9619,1,0
B,G,G,7179,100,7179,1,0
C,G,G,1608,100,1608,1,0
D,G,G,9240,100,9240,1,0
E,G,G,9898,100,9898,1,0
F,G,G,7360,100,7360,1,0
G,H,G,9341,100,9341,1,0
A,H,H,9405,100,9405,1,0
B,H,H,6197,100,6197,1,0
C,H,H,9060,100,9060,1,0
D,H,H,1444,100,1444,1,0
E,H,H,9652,100,9652,1,0
F,H,H,6244,100,6244,1,0
G,H,H,9320,100,9320,1,0
A,B,A,3624,100,3624,1,0
A,C,A,9327,100,9327,1,0
A,D,A,9254,100,9254,1,0
A,E,A,1429,100,1429,1,0
A,F,A,3483,100,3483,1,0
A,G,A,9551,100,9551,1,0
A,H,A,9384,100,9384,1,0
A,B,B,3674,100,3674,1,0
B,C,B,6730,100,6730,1,0
B,D,B,5950,100,5950,1,0
B,E,B,4301,100,4301,1,0
B,F,B,1441,100,1441,1,0
B,G,B,7188,100,7188,1,0
B,H,B,6167,100,6167,1,0
A,C,C,9275,100,9275,1,0
B,C,C,6744,100,6744,1,0
C,D,C,8746,100,8746,1,0
C,E,C,9805,100,9805,1,0
C,F,C,7210,100,7210,1,0
C,G,C,1549,100,1549,1,0
C,H,C,9063,100,9063,1,0
A,D,D,9265,100,9265,1,0
B,D,D,5971,100,5971,1,0
C,D,D,8731,100,8731,1,0
D,E,D,9730,100,9730,1,0
D,F,D,6362,100,6362,1,0
D,G,D,9227,100,9227,1,0
D,H,D,1421,100,1421,1,0
A,E,E,1474,100,1474,1,0
B,E,E,4278,100,4278,1,0
C,E,E,9813,100,9813,1,0
D,E,E,9635,100,9635,1,0
E,F,E,3703,100,3703,1,0
E,G,E,9936,100,9936,1,0
E,H,E,9656,100,9656,1,0
A,F,F,3502,100,3502,1,0
B,F,F,1416,100,1416,1,0
C,F,F,7237,100,7237,1,0
D,F,F,6318,100,6318,1,0
E,F,F,3694,100,3694,1,0
F,G,F,7361,100,7361,1,0
F,H,F,6297,100,6297,1,0
A,G,G,9582,100,9582,1,0
B,G,G,7184,100,7184,1,0
C,G,G,1607,100,1607,1,0
D,G,G,9222,100,9222,1,0
E,G,G,9960,100,9960,1,0
F,G,G,7382,100,7382,1,0
G,H,G,9355,100,9355,1,0
A,H,H,9417,100,9417,1,0
B,H,H,6223,100,6223,1,0
C,H,H,9029,100,9029,1,0
D,H,H,1446,100,1446,1,0
E,H,H,9642,100,9642,1,0
F,H,H,6282,100,6282,1,0
G,H,H,9298,100,9298,1,0
A,B,A,3656,100,3656,1,0
A,C,A,9293,100,9293,1,0
A,D,A,9264,100,9264,1,0
A,E,A,1432,100,1432,1,0
A,F,A,3512,100,3512,1,0
A,G,A,9590,100,9590,1,0
A,H,A,9439,100,9439,1,0
A,B,B,3646,100,3646,1,0
B,C,B,6745,100,6745,1,0
B,D,B,5950,100,5950,1,0
B,E,B,4341,100,4341,1,0
B,F,B,1387,100,1387,1,0
B,G,B,7190,100,7190,1,0
B,H,B,6232,100,6232,1,0
A,C,C,9310,100,9310,1,0
B,C,C,6725,100,6725,1,0
C,D,C,8761,100,8761,1,0
C,E,C,9860,100,9860,1,0
C,F,C,7194,100,7194,1,0
C,G,C,1559,100,1559,1,0
C,H,C,9059,100,9059,1,0
A,D,D,9236,100,9236,1,0
B,D,D,5977,100,5977,1,0
C,D,D,8711,100,8711,1,0
D,E,D,9674,100,9674,1,0
D,F,D,6361,100,6361,1,0
D,G,D,9226,100,9226,1,0
D,H,D,1444,100,1444,1,0
A,E,E,1436,100,1436,1,0
B,E,E,4338,100,4338,1,0
C,E,E,9793,100,9793,1,0
D,E,E,9677,100,9677,1,0
E,F,E,3702,100,3702,1,0
E,G,E,9899,100,9899,1,0
E,H,E,9645,100,9645,1,0
A,F,F,3512,100,3512,1,0
B,F,F,1403,100,1403,1,0
C,F,F,7234,100,7234,1,0
D,F,F,6359,100,6359,1,0
E,F,F,3680,100,3680,1,0
F,G,F,7384,100,7384,1,0
F,H,F,6241,100,6241,1,0
A,G,G,9563,100,9563,1,0
B,G,G,7215,100,7215,1,0
C,G,G,1587,100,1587,1,0
D,G,G,9236,100,9236,1,0
E,G,G,9920,100,9920,1,0
F,G,G,7350,100,7350,1,0
G,H,G,9315,100,9315,1,0
A,H,H,9396,100,9396,1,0
B,H,H,6176,100,6176,1,0
C,H,H,9051,100,9051,1,0
D,H,H,1410,100,1410,1,0
E,H,H,9686,100,9686,1,0
F,H,H,6275,100,6275,1,0
G,H,H,9356,100,9356,1,0
A,B,A,3613,100,3613,1,0
A,C,A,9272,100,9272,1,0
A,D,A,9257,100,9257,1,0
A,E,A,1433,100,1433,1,0
A,F,A,3503,100,3503,1,0
A,G,A,9613,100,9613,1,0
A,H,A,9411,100,9411,1,0
A,B,B,3644,100,3644,1,0
B,C,B,6717,100,6717,1,0
B,D,B,5970,100,5970,1,0
B,E,B,4310,100,4310,1,0
B,F,B,1429,100,1429,1,0
B,G,B,7208,100,7208,1,0
B,H,B,6173,100,6173,1,0
A,C,C,9337,100,9337,1,0
B,C,C,6734,100,6734,1,0
C,D,C,8739,100,8739,1,0
C,E,C,9842,100,9842,1,0
C,F,C,7192,100,7192,1,0
C,G,C,1576,100,1576,1,0
C,H,C,9079,100,9079,1,0
A,D,D,9275,100,9275,1,0
B,D,D,5968,100,5968,1,0
C,D,D,8697,100,8697,1,0
D,E,D,9689,100,9689,1,0
D,F,D,6367,100,6367,1,0
D,G,D,9285,100,9285,1,0
D,H,D,1429,100,1429,1,0
A,E,E,1411,100,1411,1,0
B,E,E,4295,100,4295,1,0
C,E,E,9813,100,9813,1,0
D,E,E,9688,100,9688,1,0
E,F,E,3692,100,3692,1,0
E,G,E,9922,100,9922,1,0
E,H,E,9649,100,9649,1,0
A,F,F,3526,100,3526,1,0
B,F,F,1449,100,1449,1,0
C,F,F,7197,100,7197,1,0
D,F,F,6378,100,6378,1,0
E,F,F,3682,100,3682,1,0
F,G,F,7349,100,7349,1,0
F,H,F,6287,100,6287,1,0
A,G,G,9585,100,9585,1,0
B,G,G,7168,100,7168,1,0
C,G,G,1598,100,1598,1,0
D,G,G,9212,100,9212,1,0
E,G,G,9915,100,9915,1,0
F,G,G,7396,100,7396,1,0
G,H,G,9305,100,9305,1,0
A,H,H,9381,100,9381,1,0
B,H,H,6223,100,6223,1,0
C,H,H,9039,100,9039,1,0
D,H,H,1405,100,1405,1,0
E,H,H,9668,100,9668,1,0
F,H,H,6305,100,6305,1,0
G,H,H,9298,100,9298,1,0
A,B,A,3617,100,3617,1,0
A,C,A,9329,100,9329,1,0
A,D,A,9284,100,9284,1,0
A,E,A,1452,100,1452,1,0
A,F,A,3543,100,3543,1,0
A,G,A,9628,100,9628,1,0
A,H,A,9420,100,9420,1,0
A,B,B,3650,100,3650,1,0
B,C,B,6775,100,6775,1,0
B,D,B,5988,100,5988,1,0
B,E,B,4298,100,4298,1,0
B,F,B,1418,100,1418,1,0
B,G,B,7216,100,7216,1,0
B,H,B,6244,100,6244,1,0
A,C,C,9262,100,9262,1,0
B,C,C,6755,100,6755,1,0
C,D,C,8758,100,8758,1,0
C,E,C,9823,100,9823,1,0
C,F,C,7230,100,7230,1,0
C,G,C,1555,100,1555,1,0
C,H,C,9051,100,9051,1,0
A,D,D,9291,100,9291,1,0
B,D,D,5944,100,5944,1,0
C,D,D,8708,100,8708,1,0
D,E,D,9749,100,9749,1,0
D,F,D,6342,100,6342,1,0
D,G,D,9237,100,9237,1,0
D,H,D,1418,100,1418,1,0
A,E,E,1447,100,1447,1,0
B,E,E,4329,100,4329,1,0
C,E,E,9858,100,9858,1,0
D,E,E,9685,100,9685,1,0
E,F,E,3714,100,3714,1,0
E,G,E,9901,100,9901,1,0
E,H,E,9666,100,9666,1,0
A,F,F,3541,100,3541,1,0
B,F,F,1418,100,1418,1,0
C,F,F,7208,100,7208,1,0
D,F,F,6353,100,6353,1,0
E,F,F,3708,100,3708,1,0
F,G,F,7368,100,7368,1,0
F,H,F,6331,100,6331,1,0
A,G,G,9593,100,9593,1,0
B,G,G,7186,100,7186,1,0
C,G,G,1620,100,1620,1,0
D,G,G,9264,100,9264,1,0
E,G,G,9904,100,9904,1,0
F,G,G,7365,100,7365,1,0
G,H,G,9325,100,9325,1,0
A,H,H,9403,100,9403,1,0
B,H,H,6198,100,6198,1,0
C,H,H,9071,100,9071,1,0
D,H,H,1492,100,1492,1,0
E,H,H,9658,100,9658,1,0
F,H,H,6298,100,6298,1,0
G,H,H,9294,100,9294,1,0
A,B,A,3649,100,3649,1,0
A,C,A,9258,100,9258,1,0
A,D,A,9280,100,9280,1,0
A,E,A,1454,100,1454,1,0
A,F,A,3528,100,3528,1,0
A,G,A,9574,100,9574,1,0
A,H,A,9403,100,9403,1,0
A,B,B,3624,100,3624,1,0
B,C,B,6736,100,6736,1,0
B,D,B,5953,100,5953,1,0
B,E,B,4291,100,4291,1,0
B,F,B,1406,100,1406,1,0
B,G,B,7185,100,7185,1,0
B,H,B,6210,100,6210,1,0
A,C,C,9247,100,9247,1,0
B,C,C,6725,100,6725,1,0
C,D,C,8703,100,8703,1,0
C,E,C,9804,100,9804,1,0
C,F,C,7227,100,7227,1,0
C,G,C,1570,100,1570,1,0
C,H,C,8989,100,8989,1,0
A,D,D,9260,100,9260,1,0
B,D,D,5956,100,5956,1,0
C,D,D,8772,100,8772,1,0
D,E,D,9749,100,9749,1,0
D,F,D,6349,100,6349,1,0
D,G,D,9223,100,9223,1,0
D,H,D,1426,100,1426,1,0
A,E,E,1419,100,1419,1,0
B,E,E,4301,100,4301,1,0
C,E,E,9794,100,9794,1,0
D,E,E,9770,100,9770,1,0
E,F,E,3692,100,3692,1,0
E,G,E,9956,100,9956,1,0
E,H,E,9665,100,9665,1,0
A,F,F,3532,100,3532,1,0
B,F,F,1380,100,1380,1,0
C,F,F,7228,100,7228,1,0
D,F,F,6350,100,6350,1,0
E,F,F,3718,100,3718,1,0
F,G,F,7348,100,7348,1,0
F,H,F,6260,100,6260,1,0
A,G,G,9586,100,9586,1,0
B,G,G,7205,100,7205,1,0
C,G,G,1635,100,1635,1,0
D,G,G,9209,100,9209,1,0
E,G,G,9911,100,9911,1,0
F,G,G,7363,100,7363,1,0
G,H,G,9369,100,9369,1,0
A,H,H,9405,100,9405,1,0
B,H,H,6210,100,6210,1,0
C,H,H,9018,100,9018,1,0
D,H,H,1439,100,1439,1,0
E,H,H,9642,100,9642,1,0
F,H,H,6288,100,6288,1,0
G,H,H,9295,100,9295,1,0
A,B,A,3662,100,3662,1,0
A,C,A,9264,100,9264,1,0
A,D,A,9255,100,9255,1,0
A,E,A,1447,100,1447,1,0
A,F,A,3509,100,3509,1,0
A,G,A,9640,100,9640,1,0
A,H,A,9416,100,9416,1,0
A,B,B,3658,100,3658,1,0
B,C,B,6765,100,6765,1,0
B,D,B,5949,100,5949,1,0
B,E,B,4329,100,4329,1,0
B,F,B,1362,100,1362,1,0
B,G,B,7195,100,7195,1,0
B,H,B,6204,100,6204,1,0
A,C,C,9242,100,9242,1,0
B,C,C,6749,100,6749,1,0
C,D,C,8762,100,8762,1,0
C,E,C,9833,100,9833,1,0
C,F,C,7203,100,7203,1,0
C,G,C,1613,100,1613,1,0
C,H,C,8989,100,8989,1,0
A,D,D,9256,100,9256,1,0
B,D,D,5980,100,5980,1,0
C,D,D,8780,100,8780,1,0
D,E,D,9698,100,9698,1,0
D,F,D,6335,100,6335,1,0
D,G,D,9257,100,9257,1,0
D,H,D,1402,100,1402,1,0
A,E,E,1413,100,1413,1,0
B,E,E,4342,100,4342,1,0
C,E,E,9825,100,9825,1,0
D,E,E,9766,100,9766,1,0
E,F,E,3694,100,3694,1,0
E,G,E,9953,100,9953,1,0
E,H,E,9614,100,9614,1,0
A,F,F,3512,100,3512,1,0
B,F,F,1412,100,1412,1,0
C,F,F,7211,100,7211,1,0
D,F,F,6317,100,6317,1,0
E,F,F,3677,100,3677,1,0
F,G,F,7376,100,7376,1,0
F,H,F,6232,100,6232,1,0
A,G,G,9622,100,9622,1,0
B,G,G,7216,100,7216,1,0
C,G,G,1617,100,1617,1,0
D,G,G,9234,100,9234,1,0
E,G,G,9894,100,9894,1,0
F,G,G,7389,100,7389,1,0
G,H,G,9298,100,9298,1,0
A,H,H,9407,100,9407,1,0
B,H,H,6218,100,6218,1,0
C,H,H,9061,100,9061,1,0
D,H,H,1423,100,1423,1,0
E,H,H,9633,100,9633,1,0
F,H,H,6273,100,6273,1,0
G,H,H,9320,100,9320,1,0
A,B,A,3669,100,3669,1,0
A,C,A,9299,100,9299,1,0
A,D,A,9255,100,9255,1,0
A,E,A,1446,100,1446,1,0
A,F,A,3505,100,3505,1,0
A,G,A,9595,100,9595,1,0
A,H,A,9402,100,9402,1,0
A,B,B,3650,100,3650,1,0
B,C,B,6754,100,6754,1,0
B,D,B,5942,100,5942,1,0
B,E,B,4305,100,4305,1,0
B,F,B,1375,100,1375,1,0
B,G,B,7210,100,7210,1,0
B,H,B,6193,100,6193,1,0
A,C,C,9314,100,9314,1,0
B,C,C,6721,100,6721,1,0
C,D,C,8739,100,8739,1,0
C,E,C,9819,100,9819,1,0
C,F,C,7200,100,7200,1,0
C,G,C,1587,100,1587,1,0
C,H,C,9044,100,9044,1,0
A,D,D,9251,100,9251,1,0
B,D,D,5995,100,5995,1,0
C,D,D,8738,100,8738,1,0
D,E,D,9747,100,9747,1,0
D,F,D,6394,100,6394,1,0
D,G,D,9235,100,9235,1,0
D,H,D,1435,100,1435,1,0
A,E,E,1429,100,1429,1,0
B,E,E,4302,100,4302,1,0
C,E,E,9826,100,9826,1,0
D,E,E,9702,100,9702,1,0
E,F,E,3690,100,3690,1,0
E,G,E,9905,100,9905,1,0
E,H,E,9656,100,9656,1,0
A,F,F,3480,100,3480,1,0
B,F,F,1407,100,1407,1,0
C,F,F,7174,100,7174,1,0
D,F,F,6348,100,6348,1,0
E,F,F,3687,100,3687,1,0
F,G,F,7382,100,7382,1,0
F,H,F,6264,100,6264,1,0
A,G,G,9617,100,9617,1,0
B,G,G,7215,100,7215,1,0
C,G,G,1598,100,1598,1,0
D,G,G,9231,100,9231,1,0
E,G,G,9901,100,9901,1,0
F,G,G,7361,100,7361,1,0
G,H,G,9316,100,9316,1,0
A,H,H,9422,100,9422,1,0
B,H,H,6203,100,6203,1,0
C,H,H,9007,100,9007,1,0
D,H,H,1417,100,1417,1,0
E,H,H,9632,100,9632,1,0
F,H,H,6274,100,6274,1,0
G,H,H,9295,100,9295,1,0
A,B,A,3661,100,3661,1,0
A,C,A,9327,100,9327,1,0
A,D,A,9272,100,9272,1,0
A,E,A,1455,100,1455,1,0
A,F,A,3556,100,3556,1,0
A,G,A,9617,100,9617,1,0
A,H,A,9416,100,9416,1,0
A,B,B,3674,100,3674,1,0
B,C,B,6763,100,6763,1,0
B,D,B,5976,100,5976,1,0
B,E,B,4334,100,4334,1,0
B,F,B,1419,100,1419,1,0
B,G,B,7215,100,7215,1,0
B,H,B,6186,100,6186,1,0
A,C,C,9353,100,9353,1,0
B,C,C,6767,100,6767,1,0
C,D,C,8762,100,8762,1,0
C,E,C,9832,100,9832,1,0
C,F,C,7208,100,7208,1,0
C,G,C,1599,100,1599,1,0
C,H,C,9038,100,9038,1,0
A,D,D,9264,100,9264,1,0
B,D,D,5954,100,5954,1,0
C,D,D,8743,100,8743,1,0
D,E,D,9747,100,9747,1,0
D,F,D,6363,100,6363,1,0
D,G,D,9250,100,9250,1,0
D,H,D,1423,100,1423,1,0
A,E,E,1425,100,1425,1,0
B,E,E,4322,100,4322,1,0
C,E,E,9792,100,9792,1,0
D,E,E,9729,100,9729,1,0
E,F,E,3658,100,3658,1,0
E,G,E,9905,100,9905,1,0
E,H,E,9698,100,9698,1,0
A,F,F,3526,100,3526,1,0
B,F,F,1418,100,1418,1,0
C,F,F,7220,100,7220,1,0
D,F,F,6353,100,6353,1,0
E,F,F,3683,100,3683,1,0
F,G,F,7370,100,7370,1,0
F,H,F,6313,100,6313,1,0
A,G,G,9606,100,9606,1,0
B,G,G,7242,100,7242,1,0
C,G,G,1605,100,1605,1,0
D,G,G,9222,100,9222,1,0
E,G,G,9920,100,9920,1,0
F,G,G,7352,100,7352,1,0
G,H,G,9347,100,9347,1,0
A,H,H,9442,100,9442,1,0
B,H,H,6170,100,6170,1,0
C,H,H,9073,100,9073,1,0
D,H,H,1430,100,1430,1,0
E,H,H,9641,100,9641,1,0
F,H,H,6288,100,6288,1,0
G,H,H,9334,100,9334,1,0
A,B,A,3663,100,3663,1,0
A,C,A,9334,100,9334,1,0
A,D,A,9268,100,9268,1,0
A,E,A,1448,100,1448,1,0
A,F,A,3520,100,3520,1,0
A,G,A,9565,100,9565,1,0
A,H,A,9424,100,9424,1,0
A,B,B,3647,100,3647,1,0
B,C,B,6733,100,6733,1,0
B,D,B,5909,100,5909,1,0
B,E,B,4290,100,4290,1,0
B,F,B,1401,100,1401,1,0
B,G,B,7173,100,7173,1,0
B,H,B,6243,100,6243,1,0
A,C,C,9287,100,9287,1,0
B,C,C,6760,100,6760,1,0
C,D,C,8749,100,8749,1,0
C,E,C,9802,100,9802,1,0
C,F,C,7220,100,7220,1,0
C,G,C,1605,100,1605,1,0
C,H,C,9036,100,9036,1,0
A,D,D,9242,100,9242,1,0
B,D,D,5958,100,5958,1,0
C,D,D,8688,100,8688,1,0
D,E,D,9752,100,9752,1,0
D,F,D,6353,100,6353,1,0
D,G,D,9255,100,9255,1,0
D,H,D,1401,100,1401,1,0
A,E,E,1400,100,1400,1,0
B,E,E,4303,100,4303,1,0
C,E,E,9863,100,9863,1,0
D,E,E,9759,100,9759,1,0
E,F,E,3707,100,3707,1,0
E,G,E,9924,100,9924,1,0
E,H,E,9638,100,9638,1,0
A,F,F,3496,100,3496,1,0
B,F,F,1385,100,1385,1,0
C,F,F,7202,100,7202,1,0
D,F,F,6328,100,6328,1,0
E,F,F,3694,100,3694,1,0
F,G,F,7362,100,7362,1,0
F,H,F,6282,100,6282,1,0
A,G,G,9639,100,9639,1,0
B,G,G,7205,100,7205,1,0
C,G,G,1574,100,1574,1,0
D,G,G,9225,100,9225,1,0
E,G,G,9941,100,9941,1,0
F,G,G,7388,100,7388,1,0
G,H,G,9287,100,9287,1,0
A,H,H,9374,100,9374,1,0
B,H,H,6218,100,6218,1,0
C,H,H,9055,100,9055,1,0
D,H,H,1477,100,1477,1,0
E,H,H,9657,100,9657,1,0
F,H,H,6302,100,6302,1,0
G,H,H,9325,100,9325,1,0
A,B,A,3631,100,3631,1,0
A,C,A,9329,100,9329,1,0
A,D,A,9275,100,9275,1,0
A,E,A,1430,100,1430,1,0
A,F,A,3517,100,3517,1,0
A,G,A,9605,100,9605,1,0
A,H,A,9394,100,9394,1,0
A,B,B,3586,100,3586,1,0
B,C,B,6774,100,6774,1,0
B,D,B,5991,100,5991,1,0
B,E,B,4325,100,4325,1,0
B,F,B,1411,100,1411,1,0
B,G,B,7183,100,7183,1,0
B,H,B,6199,100,6199,1,0
A,C,C,9277,100,9277,1,0
B,C,C,6784,100,6784,1,0
C,D,C,8701,100,8701,1,0
C,E,C,9822,100,9822,1,0
C,F,C,7228,100,7228,1,0
C,G,C,1570,100,1570,1,0
C,H,C,9058,100,9058,1,0
A,D,D,9236,100,9236,1,0
B,D,D,5971,100,5971,1,0
C,D,D,8749,100,8749,1,0
D,E,D,9693,100,9693,1,0
D,F,D,6317,100,6317,1,0
D,G,D,9217,100,9217,1,0
D,H,D,1445,100,1445,1,0
A,E,E,1450,100,1450,1,0
B,E,E,4312,100,4312,1,0
C,E,E,9821,100,9821,1,0
D,E,E,9739,100,9739,1,0
E,F,E,3686,100,3686,1,0
E,G,E,9916,100,9916,1,0
E,H,E,9650,100,9650,1,0
A,F,F,3561,100,3561,1,0
B,F,F,1396,100,1396,1,0
C,F,F,7206,100,7206,1,0
D,F,F,6336,100,6336,1,0
E,F,F,3685,100,3685,1,0
F,G,F,7375,100,7375,1,0
F,H,F,6275,100,6275,1,0
A,G,G,9642,100,9642,1,0
B,G,G,7258,100,7258,1,0
C,G,G,1574,100,1574,1,0
D,G,G,9256,100,9256,1,0
E,G,G,9890,100,9890,1,0
F,G,G,7367,100,7367,1,0
G,H,G,9339,100,9339,1,0
A,H,H,9404,100,9404,1,0
B,H,H,6210,100,6210,1,0
C,H,H,9041,100,9041,1,0
D,H,H,1390,100,1390,1,0
E,H,H,9651,100,9651,1,0
F,H,H,6252,100,6252,1,0
G,H,H,9349,100,9349,1,0
A,B,A,3618,100,3618,1,0
A,C,A,9326,100,9326,1,0
A,D,A,9279,100,9279,1,0
A,E,A,1453,100,1453,1,0
A,F,A,3496,100,3496,1,0
A,G,A,9606,100,9606,1,0
A,H,A,9386,100,9386,1,0
A,B,B,3612,100,3612,1,0
B,C,B,6746,100,6746,1,0
B,D,B,5946,100,5946,1,0
B,E,B,4312,100,4312,1,0
B,F,B,1393,100,1393,1,0
B,G,B,7210,100,7210,1,0
B,H,B,6151,100,6151,1,0
A,C,C,9308,100,9308,1,0
B,C,C,6741,100,6741,1,0
C,D,C,8740,100,8740,1,0
C,E,C,9828,100,9828,1,0
C,F,C,7202,100,7202,1,0
C,G,C,1584,100,1584,1,0
C,H,C,9053,100,9053,1,0
A,D,D,9264,100,9264,1,0
B,D,D,5957,100,5957,1,0
C,D,D,8734,100,8734,1,0
D,E,D,9754,100,9754,1,0
D,F,D,6371,100,6371,1,0
D,G,D,9208,100,9208,1,0
D,H,D,1471,100,1471,1,0
A,E,E,1455,100,1455,1,0
B,E,E,4323,100,4323,1,0
C,E,E,9804,100,9804,1,0
D,E,E,9685,100,9685,1,0
E,F,E,3734,100,3734,1,0
E,G,E,9914,100,9914,1,0
E,H,E,9669,100,9669,1,0
A,F,F,3531,100,3531,1,0
B,F,F,1399,100,1399,1,0
C,F,F,7191,100,7191,1,0
D,F,F,6357,100,6357,1,0
E,F,F,3706,100,3706,1,0
F,G,F,7339,100,7339,1,0
F,H,F,6234,100,6234,1,0
A,G,G,9626,100,9626,1,0
B,G,G,7201,100,7201,1,0
C,G,G,1621,100,1621,1,0
D,G,G,9227,100,9227,1,0
E,G,G,9936,100,9936,1,0
F,G,G,7392,100,7392,1,0
G,H,G,9336,100,9336,1,0
A,H,H,9431,100,9431,1,0
B,H,H,6206,100,6206,1,0
C,H,H,9050,100,9050,1,0
D,H,H,1432,100,1432,1,0
E,H,H,9654,100,9654,1,0
F,H,H,6267,100,6267,1,0
G,H,H,9339,100,9339,1,0
A,B,A,3651,100,3651,1,0
A,C,A,9286,100,9286,1,0
A,D,A,9243,100,9243,1,0
A,E,A,1404,100,1404,1,0
A,F,A,3499,100,3499,1,0
A,G,A,9568,100,9568,1,0
A,H,A,9412,100,9412,1,0
A,B,B,3613,100,3613,1,0
B,C,B,6746,100,6746,1,0
B,D,B,5948,100,5948,1,0
B,E,B,4333,100,4333,1,0
B,F,B,1420,100,1420,1,0
B,G,B,7188,100,7188,1,0
B,H,B,6237,100,6237,1,0
A,C,C,9309,100,9309,1,0
B,C,C,6722,100,6722,1,0
C,D,C,8761,100,8761,1,0
C,E,C,9829,100,9829,1,0
C,F,C,7199,100,7199,1,0
C,G,C,1571,100,1571,1,0
C,H,C,9032,100,9032,1,0
A,D,D,9270,100,9270,1,0
B,D,D,5926,100,5926,1,0
C,D,D,8710,100,8710,1,0
D,E,D,9694,100,9694,1,0
D,F,D,6343,100,6343,1,0
D,G,D,9209,100,9209,1,0
D,H,D,1446,100,1446,1,0
A,E,E,1376,100,1376,1,0
B,E,E,4303,100,4303,1,0
C,E,E,9835,100,9835,1,0
D,E,E,9759,100,9759,1,0
E,F,E,3697,100,3697,1,0
E,G,E,9921,100,9921,1,0
E,H,E,9676,100,9676,1,0
A,F,F,3505,100,3505,1,0
B,F,F,1377,100,1377,1,0
C,F,F,7228,100,7228,1,0
D,F,F,6354,100,6354,1,0
E,F,F,3673,100,3673,1,0
F,G,F,7369,100,7369,1,0
F,H,F,6312,100,6312,1,0
A,G,G,9622,100,9622,1,0
B,G,G,7228,100,7228,1,0
C,G,G,1608,100,1608,1,0
D,G,G,9240,100,9240,1,0
E,G,G,9928,100,9928,1,0
F,G,G,7384,100,7384,1,0
G,H,G,9329,100,9329,1,0
A,H,H,9435,100,9435,1,0
B,H,H,6203,100,6203,1,0
C,H,H,9081,100,9081,1,0
D,H,H,1400,100,1400,1,0
E,H,H,9648,100,9648,1,0
F,H,H,6261,100,6261,1,0
G,H,H,9338,100,9338,1,0
A,B,A,3652,100,3652,1,0
A,C,A,9344,100,9344,1,0
A,D,A,9277,100,9277,1,0
A,E,A,1472,100,1472,1,0
A,F,A,3579,100,3579,1,0
A,G,A,9564,100,9564,1,0
A,H,A,9435,100,9435,1,0
A,B,B,3686,100,3686,1,0
B,C,B,6725,100,6725,1,0
B,D,B,5974,100,5974,1,0
B,E,B,4280,100,4280,1,0
B,F,B,1436,100,1436,1,0
B,G,B,7188,100,7188,1,0
B,H,B,6168,100,6168,1,0
A,C,C,9287,100,9287,1,0
B,C,C,6731,100,6731,1,0
C,D,C,8750,100,8750,1,0
C,E,C,9805,100,9805,1,0
C,F,C,7176,100,7176,1,0
C,G,C,1617,100,1617,1,0
C,H,C,9069,100,9069,1,0
A,D,D,9295,100,9295,1,0
B,D,D,5985,100,5985,1,0
C,D,D,8747,100,8747,1,0
D,E,D,9726,100,9726,1,0
D,F,D,6359,100,6359,1,0
D,G,D,9203,100,9203,1,0
D,H,D,1444,100,1444,1,0
A,E,E,1421,100,1421,1,0
B,E,E,4317,100,4317,1,0
C,E,E,9847,100,9847,1,0
D,E,E,9763,100,9763,1,0
E,F,E,3716,100,3716,1,0
E,G,E,9935,100,9935,1,0
E,H,E,9657,100,9657,1,0
A,F,F,3501,100,3501,1,0
B,F,F,1420,100,1420,1,0
C,F,F,7228,100,7228,1,0
D,F,F,6376,100,6376,1,0
E,F,F,3696,100,3696,1,0
F,G,F,7345,100,7345,1,0
F,H,F,6206,100,6206,1,0
A,G,G,9609,100,9609,1,0
B,G,G,7179,100,7179,1,0
C,G,G,1613,100,1613,1,0
D,G,G,9231,100,9231,1,0
E,G,G,9926,100,9926,1,0
F,G,G,7382,100,7382,1,0
G,H,G,9271,100,9271,1,0
A,H,H,9374,100,9374,1,0
B,H,H,6219,100,6219,1,0
C,H,H,9072,100,9072,1,0
D,H,H,1404,100,1404,1,0
E,H,H,9624,100,9624,1,0
F,H,H,6229,100,6229,1,0
G,H,H,9314,100,9314,1,0
A,B,A,3631,100,3631,1,0
A,C,A,9335,100,9335,1,0
A,D,A,9282,100,9282,1,0
A,E,A,1471,100,1471,1,0
A,F,A,3524,100,3524,1,0
A,G,A,9633,100,9633,1,0
A,H,A,9401,100,9401,1,0
A,B,B,3664,100,3664,1,0
B,C,B,6746,100,6746,1,0
B,D,B,5979,100,5979,1,0
B,E,B,4315,100,4315,1,0
B,F,B,1412,100,1412,1,0
B,G,B,7204,100,7204,1,0
B,H,B,6205,100,6205,1,0
A,C,C,9303,100,9303,1,0
B,C,C,6752,100,6752,1,0
C,D,C,8767,100,8767,1,0
C,E,C,9846,100,9846,1,0
C,F,C,7190,100,7190,1,0
C,G,C,1552,100,1552,1,0
C,H,C,9030,100,9030,1,0
A,D,D,9261,100,9261,1,0
B,D,D,5950,100,5950,1,0
C,D,D,8734,100,8734,1,0
D,E,D,9724,100,9724,1,0
D,F,D,6354,100,6354,1,0
D,G,D,9271,100,9271,1,0
D,H,D,1427,100,1427,1,0
A,E,E,1469,100,1469,1,0
B,E,E,4319,100,4319,1,0
C,E,E,9846,100,9846,1,0
D,E,E,9736,100,9736,1,0
E,F,E,3679,100,3679,1,0
E,G,E,9907,100,9907,1,0
E,H,E,9680,100,9680,1,0
A,F,F,3527,100,3527,1,0
B,F,F,1399,100,1399,1,0
C,F,F,7193,100,7193,1,0
D,F,F,6350,100,6350,1,0
E,F,F,3680,100,3680,1,0
F,G,F,7392,100,7392,1,0
F,H,F,6272,100,6272,1,0
A,G,G,9630,100,9630,1,0
B,G,G,7179,100,7179,1,0
C,G,G,1592,100,1592,1,0
D,G,G,9243,100,9243,1,0
E,G,G,9916,100,9916,1,0
F,G,G,7356,100,7356,1,0
G,H,G,9333,100,9333,1,0
A,H,H,9432,100,9432,1,0
B,H,H,6235,100,6235,1,0
C,H,H,9018,100,9018,1,0
D,H,H,1436,100,1436,1,0
E,H,H,9650,100,9650,1,0
F,H,H,6280,100,6280,1,0
G,H,H,9329,100,9329,1,0
A,B,A,3652,100,3652,1,0
A,C,A,9296,100,9296,1,0
A,D,A,9257,100,9257,1,0
A,E,A,1405,100,1405,1,0
A,F,A,3515,100,3515,1,0
A,G,A,9579,100,9579,1,0
A,H,A,9405,100,9405,1,0
A,B,B,3646,100,3646,1,0
B,C,B,6741,100,6741,1,0
B,D,B,5959,100,5959,1,0
B,E,B,4314,100,4314,1,0
B,F,B,1405,100,1405,1,0
B,G,B,7211,100,7211,1,0
B,H,B,6171,100,6171,1,0
A,C,C,9255,100,9255,1,0
B,C,C,6732,100,6732,1,0
C,D,C,8749,100,8749,1,0
C,E,C,9847,100,9847,1,0
C,F,C,7215,100,7215,1,0
C,G,C,1534,100,1534,1,0
C,H,C,9034,100,9034,1,0
A,D,D,9277,100,9277,1,0
B,D,D,5991,100,5991,1,0
C,D,D,8739,100,8739,1,0
D,E,D,9724,100,9724,1,0
D,F,D,6337,100,6337,1,0
D,G,D,9247,100,9247,1,0
D,H,D,1398,100,1398,1,0
A,E,E,1459,100,1459,1,0
B,E,E,4308,100,4308,1,0
C,E,E,9836,100,9836,1,0
D,E,E,9699,100,9699,1,0
E,F,E,3684,100,3684,1,0
E,G,E,9914,100,9914,1,0
E,H,E,9726,100,9726,1,0
A,F,F,3498,100,3498,1,0
B,F,F,1383,100,1383,1,0
C,F,F,7228,100,7228,1,0
D,F,F,6345,100,6345,1,0
E,F,F,3703,100,3703,1,0
F,G,F,7366,100,7366,1,0
F,H,F,6303,100,6303,1,0
A,G,G,9605,100,9605,1,0
B,G,G,7144,100,7144,1,0
C,G,G,1555,100,1555,1,0
D,G,G,9215,100,9215,1,0
E,G,G,9956,100,9956,1,0
F,G,G,7372,100,7372,1,0
G,H,G,9345,100,9345,1,0
A,H,H,9414,100,9414,1,0
B,H,H,6183,100,6183,1,0
C,H,H,9060,100,9060,1,0
D,H,H,1418,100,1418,1,0
E,H,H,9674,100,9674,1,0
F,H,H,6270,100,6270,1,0
G,H,H,9348,100,9348,1,0
A,B,A,3663,100,3663,1,0
A,C,A,9245,100,9245,1,0
A,D,A,9262,100,9262,1,0
A,E,A,1423,100,1423,1,0
A,F,A,3522,100,3522,1,0
A,G,A,9604,100,9604,1,0
A,H,A,9358,100,9358,1,0
A,B,B,3638,100,3638,1,0
B,C,B,6731,100,6731,1,0
B,D,B,5972,100,5972,1,0
B,E,B,4293,100,4293,1,0
B,F,B,1410,100,1410,1,0
B,G,B,7198,100,7198,1,0
B,H,B,6155,100,6155,1,0
A,C,C,9352,100,9352,1,0
B,C,C,6770,100,6770,1,0
C,D,C,8741,100,8741,1,0
C,E,C,9835,100,9835,1,0
C,F,C,7227,100,7227,1,0
C,G,C,1610,100,1610,1,0
C,H,C,9040,100,9040,1,0
A,D,D,9281,100,9281,1,0
B,D,D,5972,100,5972,1,0
C,D,D,8729,100,8729,1,0
D,E,D,9750,100,9750,1,0
D,F,D,6359,100,6359,1,0
D,G,D,9243,100,9243,1,0
D,H,D,1396,100,1396,1,0
A,E,E,1494,100,1494,1,0
B,E,E,4272,100,4272,1,0
C,E,E,9824,100,9824,1,0
D,E,E,9719,100,9719,1,0
E,F,E,3687,100,3687,1,0
E,G,E,9938,100,9938,1,0
E,H,E,9655,100,9655,1,0
A,F,F,3490,100,3490,1,0
B,F,F,1405,100,1405,1,0
C,F,F,7216,100,7216,1,0
D,F,F,6367,100,6367,1,0
E,F,F,3715,100,3715,1,0
F,G,F,7387,100,7387,1,0
F,H,F,6286,100,6286,1,0
A,G,G,9593,100,9593,1,0
B,G,G,7212,100,7212,1,0
C,G,G,1543,100,1543,1,0
D,G,G,9250,100,9250,1,0
E,G,G,9949,100,9949,1,0
F,G,G,7365,100,7365,1,0
G,H,G,9363,100,9363,1,0
A,H,H,9333,100,9333,1,0
B,H,H,6118,100,6118,1,0
C,H,H,9019,100,9019,1,0
D,H,H,1433,100,1433,1,0
E,H,H,9685,100,9685,1,0
F,H,H,6274,100,6274,1,0
G,H,H,9323,100,9323,1,0
A,B,A,3653,100,3653,1,0
A,C,A,9301,100,9301,1,0
A,D,A,9277,100,9277,1,0
A,E,A,1429,100,1429,1,0
A,F,A,3512,100,3512,1,0
A,G,A,9658,100,9658,1,0
A,H,A,9383,100,9383,1,0
A,B,B,3648,100,3648,1,0
B,C,B,6774,100,6774,1,0
B,D,B,5955,100,5955,1,0
B,E,B,4346,100,4346,1,0
B,F,B,1393,100,1393,1,0
B,G,B,7198,100,7198,1,0
B,H,B,6244,100,6244,1,0
A,C,C,9275,100,9275,1,0
B,C,C,6750,100,6750,1,0
C,D,C,8747,100,8747,1,0
C,E,C,9835,100,9835,1,0
C,F,C,7225,100,7225,1,0
C,G,C,1571,100,1571,1,0
C,H,C,9063,100,9063,1,0
A,D,D,9283,100,9283,1,0
B,D,D,5981,100,5981,1,0
C,D,D,8704,100,8704,1,0
D,E,D,9753,100,9753,1,0
D,F,D,6364,100,6364,1,0
D,G,D,9189,100,9189,1,0
D,H,D,1461,100,1461,1,0
A,E,E,1454,100,1454,1,0
B,E,E,4315,100,4315,1,0
C,E,E,9804,100,9804,1,0
D,E,E,9730,100,9730,1,0
E,F,E,3651,100,3651,1,0
E,G,E,9930,100,9930,1,0
E,H,E,9649,100,9649,1,0
A,F,F,3535,100,3535,1,0
B,F,F,1377,100,1377,1,0
C,F,F,7200,100,7200,1,0
D,F,F,6334,100,6334,1,0
E,F,F,3691,100,3691,1,0
F,G,F,7354,100,7354,1,0
F,H,F,6291,100,6291,1,0
A,G,G,9629,100,9629,1,0
B,G,G,7189,100,7189,1,0
C,G,G,1620,100,1620,1,0
D,G,G,9255,100,9255,1,0
E,G,G,9936,100,9936,1,0
F,G,G,7373,100,7373,1,0
G,H,G,9316,100,9316,1,0
A,H,H,9427,100,9427,1,0
B,H,H,6224,100,6224,1,0
C,H,H,9058,100,9058,1,0
D,H,H,1402,100,1402,1,0
E,H,H,9636,100,9636,1,0
F,H,H,6293,100,6293,1,0
G,H,H,9347,100,9347,1,0
A,B,A,3617,100,3617,1,0
A,C,A,9298,100,9298,1,0
A,D,A,9251,100,9251,1,0
A,E,A,1465,100,1465,1,0
A,F,A,3538,100,3538,1,0
A,G,A,9644,100,9644,1,0
A,H,A,9418,100,9418,1,0
A,B,B,3618,100,3618,1,0
B,C,B,6697,100,6697,1,0
B,D,B,5952,100,5952,1,0
B,E,B,4345,100,4345,1,0
B,F,B,1429,100,1429,1,0
B,G,B,7188,100,7188,1,0
B,H,B,6168,100,6168,1,0
A,C,C,9311,100,9311,1,0
B,C,C,6707,100,6707,1,0
C,D,C,8724,100,8724,1,0
C,E,C,9800,100,9800,1,0
C,F,C,7202,100,7202,1,0
C,G,C,1580,100,1580,1,0
C,H,C,9049,100,9049,1,0
A,D,D,9274,100,9274,1,0
B,D,D,5941,100,5941,1,0
C,D,D,8699,100,8699,1,0
D,E,D,9777,100,9777,1,0
D,F,D,6346,100,6346,1,0
D,G,D,9238,100,9238,1,0
D,H,D,1471,100,1471,1,0
A,E,E,1416,100,1416,1,0
B,E,E,4285,100,4285,1,0
C,E,E,9786,100,9786,1,0
D,E,E,9654,100,9654,1,0
E,F,E,3709,100,3709,1,0
E,G,E,9912,100,9912,1,0
E,H,E,9613,100,9613,1,0
A,F,F,3523,100,3523,1,0
B,F,F,1420,100,1420,1,0
C,F,F,7211,100,7211,1,0
D,F,F,6345,100,6345,1,0
E,F,F,3681,100,3681,1,0
F,G,F,7382,100,7382,1,0
F,H,F,6265,100,6265,1,0
A,G,G,9601,100,9601,1,0
B,G,G,7247,100,7247,1,0
C,G,G,1575,100,1575,1,0
D,G,G,9228,100,9228,1,0
E,G,G,9926,100,9926,1,0
F,G,G,7399,100,7399,1,0
G,H,G,9322,100,9322,1,0
A,H,H,9389,100,9389,1,0
B,H,H,6186,100,6186,1,0
C,H,H,9042,100,9042,1,0
D,H,H,1398,100,1398,1,0
E,H,H,9655,100,9655,1,0
F,H,H,6280,100,6280,1,0
G,H,H,9330,100,9330,1,0
A,B,A,3637,100,3637,1,0
A,C,A,9268,100,9268,1,0
A,D,A,9277,100,9277,1,0
A,E,A,1422,100,1422,1,0
A,F,A,3525,100,3525,1,0
A,G,A,9565,100,9565,1,0
A,H,A,9413,100,9413,1,0
A,B,B,3653,100,3653,1,0
B,C,B,6764,100,6764,1,0
B,D,B,5981,100,5981,1,0
B,E,B,4294,100,4294,1,0
B,F,B,1383,100,1383,1,0
B,G,B,7214,100,7214,1,0
B,H,B,6164,100,6164,1,0
A,C,C,9296,100,9296,1,0
B,C,C,6743,100,6743,1,0
C,D,C,8711,100,8711,1,0
C,E,C,9869,100,9869,1,0
C,F,C,7172,100,7172,1,0
C,G,C,1612,100,1612,1,0
C,H,C,9069,100,9069,1,0
A,D,D,9268,100,9268,1,0
B,D,D,5966,100,5966,1,0
C,D,D,8748,100,8748,1,0
D,E,D,9764,100,9764,1,0
D,F,D,6370,100,6370,1,0
D,G,D,9260,100,9260,1,0
D,H,D,1471,100,1471,1,0
A,E,E,1447,100,1447,1,0
B,E,E,4284,100,4284,1,0
C,E,E,9814,100,9814,1,0
D,E,E,9738,100,9738,1,0
E,F,E,3699,100,3699,1,0
E,G,E,9906,100,9906,1,0
E,H,E,9651,100,9651,1,0
A,F,F,3523,100,3523,1,0
B,F,F,1412,100,1412,1,0
C,F,F,7219,100,7219,1,0
D,F,F,6356,100,6356,1,0
E,F,F,3703,100,3703,1,0
F,G,F,7366,100,7366,1,0
F,H,F,6333,100,6333,1,0
A,G,G,9618,100,9618,1,0
B,G,G,7196,100,7196,1,0
C,G,G,1590,100,1590,1,0
D,G,G,9250,100,9250,1,0
E,G,G,9917,100,9917,1,0
F,G,G,7388,100,7388,1,0
G,H,G,9333,100,9333,1,0
A,H,H,9429,100,9429,1,0
B,H,H,6204,100,6204,1,0
C,H,H,9031,100,9031,1,0
D,H,H,1436,100,1436,1,0
E,H,H,9674,100,9674,1,0
F,H,H,6258,100,6258,1,0
G,H,H,9294,100,9294,1,0
A,B,A,3630,100,3630,1,0
A,C,A,9253,100,9253,1,0
A,D,A,9272,100,9272,1,0
A,E,A,1456,100,1456,1,0
A,F,A,3533,100,3533,1,0
A,G,A,9633,100,9633,1,0
A,H,A,9432,100,9432,1,0
A,B,B,3680,100,3680,1,0
B,C,B,6737,100,6737,1,0
B,D,B,5906,100,5906,1,0
B,E,B,4305,100,4305,1,0
B,F,B,1425,100,1425,1,0
B,G,B,7205,100,7205,1,0
B,H,B,6228,100,6228,1,0
A,C,C,9275,100,9275,1,0
B,C,C,6754,100,6754,1,0
C,D,C,8760,100,8760,1,0
C,E,C,9837,100,9837,1,0
C,F,C,7204,100,7204,1,0
C,G,C,1597,100,1597,1,0
C,H,C,9059,100,9059,1,0
A,D,D,9255,100,9255,1,0
B,D,D,5931,100,5931,1,0
C,D,D,8694,100,8694,1,0
D,E,D,9738,100,9738,1,0
D,F,D,6327,100,6327,1,0
D,G,D,9209,100,9209,1,0
D,H,D,1455,100,1455,1,0
A,E,E,1435,100,1435,1,0
B,E,E,4308,100,4308,1,0
C,E,E,9796,100,9796,1,0
D,E,E,9734,100,9734,1,0
E,F,E,3708,100,3708,1,0
E,G,E,9900,100,9900,1,0
E,H,E,9686,100,9686,1,0
A,F,F,3497,100,3497,1,0
B,F,F,1380,100,1380,1,0
C,F,F,7199,100,7199,1,0
D,F,F,6361,100,6361,1,0
E,F,F,3693,100,3693,1,0
F,G,F,7359,100,7359,1,0
F,H,F,6255,100,6255,1,0
A,G,G,9634,100,9634,1,0
B,G,G,7232,100,7232,1,0
C,G,G,1592,100,1592,1,0
D,G,G,9228,100,9228,1,0
E,G,G,9923,100,9923,1,0
F,G,G,7356,100,7356,1,0
G,H,G,9329,100,9329,1,0
A,H,H,9375,100,9375,1,0
B,H,H,6170,100,6170,1,0
C,H,H,8998,100,8998,1,0
D,H,H,1445,100,1445,1,0
E,H,H,9641,100,9641,1,0
F,H,H,6316,100,6316,1,0
G,H,H,9323,100,9323,1,0
A,B,A,3641,100,3641,1,0
A,C,A,9275,100,9275,1,0
A,D,A,9258,100,9258,1,0
A,E,A,1446,100,1446,1,0
A,F,A,3524,100,3524,1,0
A,G,A,9572,100,9572,1,0
A,H,A,9400,100,9400,1,0
A,B,B,3664,100,3664,1,0
B,C,B,6741,100,6741,1,0
B,D,B,5963,100,5963,1,0
B,E,B,4288,100,4288,1,0
B,F,B,1399,100,1399,1,0
B,G,B,7185,100,7185,1,0
B,H,B,6201,100,6201,1,0
A,C,C,9316,100,9316,1,0
B,C,C,6726,100,6726,1,0
C,D,C,8760,100,8760,1,0
C,E,C,9869,100,9869,1,0
C,F,C,7240,100,7240,1,0
C,G,C,1571,100,1571,1,0
C,H,C,9033,100,9033,1,0
A,D,D,9282,100,9282,1,0
B,D,D,5944,100,5944,1,0
C,D,D,8734,100,8734,1,0
D,E,D,9740,100,9740,1,0
D,F,D,6343,100,6343,1,0
D,G,D,9203,100,9203,1,0
D,H,D,1372,100,1372,1,0
A,E,E,1436,100,1436,1,0
B,E,E,4311,100,4311,1,0
C,E,E,9763,100,9763,1,0
D,E,E,9695,100,9695,1,0
E,F,E,3689,100,3689,1,0
E,G,E,9922,100,9922,1,0
E,H,E,9621,100,9621,1,0
A,F,F,3555,100,3555,1,0
B,F,F,1436,100,1436,1,0
C,F,F,7239,100,7239,1,0
D,F,F,6376,100,6376,1,0
E,F,F,3697,100,3697,1,0
F,G,F,7371,100,7371,1,0
F,H,F,6251,100,6251,1,0
A,G,G,9595,100,9595,1,0
B,G,G,7199,100,7199,1,0
C,G,G,1531,100,1531,1,0
D,G,G,9268,100,9268,1,0
E,G,G,9924,100,9924,1,0
F,G,G,7373,100,7373,1,0
G,H,G,9300,100,9300,1,0
A,H,H,9391,100,9391,1,0
B,H,H,6149,100,6149,1,0
C,H,H,9081,100,9081,1,0
D,H,H,1409,100,1409,1,0
E,H,H,9669,100,9669,1,0
F,H,H,6266,100,6266,1,0
G,H,H,9332,100,9332,1,0
A,B,A,3619,100,3619,1,0
A,C,A,9313,100,9313,1,0
A,D,A,9300,100,9300,1,0
A,E,A,1436,100,1436,1,0
A,F,A,3521,100,3521,1,0
A,G,A,9600,100,9600,1,0
A,H,A,9401,100,9401,1,0
A,B,B,3640,100,3640,1,0
B,C,B,6763,100,6763,1,0
B,D,B,5926,100,5926,1,0
B,E,B,4350,100,4350,1,0
B,F,B,1397,100,1397,1,0
B,G,B,7173,100,7173,1,0
B,H,B,6136,100,6136,1,0
A,C,C,9252,100,9252,1,0
B,C,C,6705,100,6705,1,0
C,D,C,8735,100,8735,1,0
C,E,C,9818,100,9818,1,0
C,F,C,7216,100,7216,1,0
C,G,C,1566,100,1566,1,0
C,H,C,9042,100,9042,1,0
A,D,D,9262,100,9262,1,0
B,D,D,5980,100,5980,1,0
C,D,D,8710,100,8710,1,0
D,E,D,9735,100,9735,1,0
D,F,D,6371,100,6371,1,0
D,G,D,9235,100,9235,1,0
D,H,D,1406,100,1406,1,0
A,E,E,1405,100,1405,1,0
B,E,E,4272,100,4272,1,0
C,E,E,9817,100,9817,1,0
D,E,E,9777,100,9777,1,0
E,F,E,3715,100,3715,1,0
E,G,E,9908,100,9908,1,0
E,H,E,9679,100,9679,1,0
A,F,F,3547,100,3547,1,0
B,F,F,1390,100,1390,1,0
C,F,F,7249,100,7249,1,0
D,F,F,6360,100,6360,1,0
E,F,F,3691,100,3691,1,0
F,G,F,7355,100,7355,1,0
F,H,F,6227,100,6227,1,0
A,G,G,9592,100,9592,1,0
B,G,G,7233,100,7233,1,0
C,G,G,1574,100,1574,1,0
D,G,G,9246,100,9246,1,0
E,G,G,9902,100,9902,1,0
F,G,G,7358,100,7358,1,0
G,H,G,9360,100,9360,1,0
A,H,H,9398,100,9398,1,0
B,H,H,6231,100,6231,1,0
C,H,H,9074,100,9074,1,0
D,H,H,1389,100,1389,1,0
E,H,H,9644,100,9644,1,0
F,H,H,6289,100,6289,1,0
G,H,H,9338,100,9338,1,0
A,B,A,3639,100,3639,1,0
A,C,A,9279,100,9279,1,0
A,D,A,9271,100,9271,1,0
A,E,A,1401,100,1401,1,0
A,F,A,3514,100,3514,1,0
A,G,A,9574,100,9574,1,0
A,H,A,9384,100,9384,1,0
A,B,B,3629,100,3629,1,0
B,C,B,6732,100,6732,1,0
B,D,B,5955,100,5955,1,0
B,E,B,4296,100,4296,1,0
B,F,B,1435,100,1435,1,0
B,G,B,7182,100,7182,1,0
B,H,B,6277,100,6277,1,0
A,C,C,9308,100,9308,1,0
B,C,C,6752,100,6752,1,0
C,D,C,8746,100,8746,1,0
C,E,C,9835,100,9835,1,0
C,F,C,7191,100,7191,1,0
C,G,C,1600,100,1600,1,0
C,H,C,9019,100,9019,1,0
A,D,D,9308,100,9308,1,0
B,D,D,5986,100,5986,1,0
C,D,D,8709,100,8709,1,0
D,E,D,9733,100,9733,1,0
D,F,D,6366,100,6366,1,0
D,G,D,9247,100,9247,1,0
D,H,D,1468,100,1468,1,0
A,E,E,1387,100,1387,1,0
B,E,E,4268,100,4268,1,0
C,E,E,9857,100,9857,1,0
D,E,E,9688,100,9688,1,0
E,F,E,3655,100,3655,1,0
E,G,E,9915,100,9915,1,0
E,H,E,9650,100,9650,1,0
A,F,F,3489,100,3489,1,0
B,F,F,1380,100,1380,1,0
C,F,F,7206,100,7206,1,0
D,F,F,6347,100,6347,1,0
E,F,F,3690,100,3690,1,0
F,G,F,7371,100,7371,1,0
F,H,F,6322,100,6322,1,0
A,G,G,9627,100,9627,1,0
B,G,G,7216,100,7216,1,0
C,G,G,1600,100,1600,1,0
D,G,G,9232,100,9232,1,0
E,G,G,9935,100,9935,1,0
F,G,G,7365,100,7365,1,0
G,H,G,9328,100,9328,1,0
A,H,H,9444,100,9444,1,0
B,H,H,6213,100,6213,1,0
C,H,H,9097,100,9097,1,0
D,H,H,1402,100,1402,1,0
E,H,H,9667,100,9667,1,0
F,H,H,6244,100,6244,1,0
G,H,H,9298,100,9298,1,0
A,B,A,3640,100,3640,1,0
A,C,A,9322,100,9322,1,0
A,D,A,9269,100,9269,1,0
A,E,A,1454,100,1454,1,0
A,F,A,3532,100,3532,1,0
A,G,A,9603,100,9603,1,0
A,H,A,9365,100,9365,1,0
A,B,B,3649,100,3649,1,0
B,C,B,6715,100,6715,1,0
B,D,B,5949,100,5949,1,0
B,E,B,4309,100,4309,1,0
B,F,B,1401,100,1401,1,0
B,G,B,7200,100,7200,1,0
B,H,B,6223,100,6223,1,0
A,C,C,9314,100,9314,1,0
B,C,C,6710,100,6710,1,0
C,D,C,8702,100,8702,1,0
C,E,C,9800,100,9800,1,0
C,F,C,7199,100,7199,1,0
C,G,C,1593,100,1593,1,0
C,H,C,9042,100,9042,1,0
A,D,D,9271,100,9271,1,0
B,D,D,5989,100,5989,1,0
C,D,D,8687,100,8687,1,0
D,E,D,9781,100,9781,1,0
D,F,D,6384,100,6384,1,0
D,G,D,9230,100,9230,1,0
D,H,D,1414,100,1414,1,0
A,E,E,1403,100,1403,1,0
B,E,E,4332,100,4332,1,0
C,E,E,9861,100,9861,1,0
D,E,E,9687,100,9687,1,0
E,F,E,3730,100,3730,1,0
E,G,E,9912,100,9912,1,0
E,H,E,9694,100,9694,1,0
A,F,F,3564,100,3564,1,0
B,F,F,1365,100,1365,1,0
C,F,F,7217,100,7217,1,0
D,F,F,6325,100,6325,1,0
E,F,F,3680,100,3680,1,0
F,G,F,7349,100,7349,1,0
F,H,F,6263,100,6263,1,0
A,G,G,9563,100,9563,1,0
B,G,G,7190,100,7190,1,0
C,G,G,1560,100,1560,1,0
D,G,G,9239,100,9239,1,0
E,G,G,9920,100,9920,1,0
F,G,G,7366,100,7366,1,0
G,H,G,9322,100,9322,1,0
A,H,H,9398,100,9398,1,0
B,H,H,6172,100,6172,1,0
C,H,H,9017,100,9017,1,0
D,H,H,1423,100,1423,1,0
E,H,H,9658,100,9658,1,0
F,H,H,6300,100,6300,1,0
G,H,H,9315,100,9315,1,0
A,B,A,3671,100,3671,1,0
A,C,A,9259,100,9259,1,0
A,D,A,9265,100,9265,1,0
A,E,A,1451,100,1451,1,0
A,F,A,3588,100,3588,1,0
A,G,A,9599,100,9599,1,0
A,H,A,9400,100,9400,1,0
A,B,B,3613,100,3613,1,0
B,C,B,6730,100,6730,1,0
B,D,B,5943,100,5943,1,0
B,E,B,4298,100,4298,1,0
B,F,B,1365,100,1365,1,0
B,G,B,7183,100,7183,1,0
B,H,B,6175,100,6175,1,0
A,C,C,9271,100,9271,1,0
B,C,C,6755,100,6755,1,0
C,D,C,8742,100,8742,1,0
C,E,C,9854,100,9854,1,0
C,F,C,7209,100,7209,1,0
C,G,C,1574,100,1574,1,0
C,H,C,9054,100,9054,1,0
A,D,D,9284,100,9284,1,0
B,D,D,5951,100,5951,1,0
C,D,D,8712,100,8712,1,0
D,E,D,9729,100,9729,1,0
D,F,D,6372,100,6372,1,0
D,G,D,9259,100,9259,1,0
D,H,D,1387,100,1387,1,0
A,E,E,1448,100,1448,1,0
B,E,E,4281,100,4281,1,0
C,E,E,9852,100,9852,1,0
D,E,E,9705,100,9705,1,0
E,F,E,3705,100,3705,1,0
E,G,E,9921,100,9921,1,0
E,H,E,9598,100,9598,1,0
A,F,F,3497,100,3497,1,0
B,F,F,1413,100,1413,1,0
C,F,F,7232,100,7232,1,0
D,F,F,6403,100,6403,1,0
E,F,F,3688,100,3688,1,0
F,G,F,7375,100,7375,1,0
F,H,F,6262,100,6262,1,0
A,G,G,9583,100,9583,1,0
B,G,G,7177,100,7177,1,0
C,G,G,1542,100,1542,1,0
D,G,G,9243,100,9243,1,0
E,G,G,9937,100,9937,1,0
F,G,G,7372,100,7372,1,0
G,H,G,9311,100,9311,1,0
A,H,H,9439,100,9439,1,0
B,H,H,6238,100,6238,1,0
C,H,H,9067,100,9067,1,0
D,H,H,1368,100,1368,1,0
E,H,H,9657,100,9657,1,0
F,H,H,6234,100,6234,1,0
G,H,H,9287,100,9287,1,0
A,B,A,3637,100,3637,1,0
A,C,A,9275,100,9275,1,0
A,D,A,9248,100,9248,1,0
A,E,A,1435,100,1435,1,0
A,F,A,3509,100,3509,1,0
A,G,A,9567,100,9567,1,0
A,H,A,9420,100,9420,1,0
A,B,B,3654,100,3654,1,0
B,C,B,6773,100,6773,1,0
B,D,B,5960,100,5960,1,0
B,E,B,4320,100,4320,1,0
B,F,B,1395,100,1395,1,0
B,G,B,7194,100,7194,1,0
B,H,B,6159,100,6159,1,0
A,C,C,9305,100,9305,1,0
B,C,C,6745,100,6745,1,0
C,D,C,8725,100,8725,1,0
C,E,C,9849,100,9849,1,0
C,F,C,7207,100,7207,1,0
C,G,C,1596,100,1596,1,0
C,H,C,9061,100,9061,1,0
A,D,D,9292,100,9292,1,0
B,D,D,5970,100,5970,1,0
C,D,D,8709,100,8709,1,0
D,E,D,9712,100,9712,1,0
D,F,D,6332,100,6332,1,0
D,G,D,9225,100,9225,1,0
D,H,D,1471,100,1471,1,0
A,E,E,1455,100,1455,1,0
B,E,E,4254,100,4254,1,0
C,E,E,9882,100,9882,1,0
D,E,E,9718,100,9718,1,0
E,F,E,3708,100,3708,1,0
E,G,E,9913,100,9913,1,0
E,H,E,9642,100,9642,1,0
A,F,F,3553,100,3553,1,0
B,F,F,1382,100,1382,1,0
C,F,F,7183,100,7183,1,0
D,F,F,6361,100,6361,1,0
E,F,F,3690,100,3690,1,0
F,G,F,7367,100,7367,1,0
F,H,F,6312,100,6312,1,0
A,G,G,9585,100,9585,1,0
B,G,G,7204,100,7204,1,0
C,G,G,1577,100,1577,1,0
D,G,G,9252,100,9252,1,0
E,G,G,9940,100,9940,1,0
F,G,G,7371,100,7371,1,0
G,H,G,9320,100,9320,1,0
A,H,H,9380,100,9380,1,0
B,H,H,6159,100,6159,1,0
C,H,H,9091,100,9091,1,0
D,H,H,1450,100,1450,1,0
E,H,H,9672,100,9672,1,0
F,H,H,6292,100,6292,1,0
G,H,H,9323,100,9323,1,0
A,B,A,3645,100,3645,1,0
A,C,A,9301,100,9301,1,0
A,D,A,9294,100,9294,1,0
A,E,A,1458,100,1458,1,0
A,F,A,3522,100,3522,1,0
A,G,A,9609,100,9609,1,0
A,H,A,9358,100,9358,1,0
A,B,B,3625,100,3625,1,0
B,C,B,6743,100,6743,1,0
B,D,B,5917,100,5917,1,0
B,E,B,4335,100,4335,1,0
B,F,B,1406,100,1406,1,0
B,G,B,7181,100,7181,1,0
B,H,B,6223,100,6223,1,0
A,C,C,9301,100,9301,1,0
B,C,C,6732,100,6732,1,0
C,D,C,8706,100,8706,1,0
C,E,C,9830,100,9830,1,0
C,F,C,7175,100,7175,1,0
C,G,C,1566,100,1566,1,0
C,H,C,9052,100,9052,1,0
A,D,D,9275,100,9275,1,0
B,D,D,6022,100,6022,1,0
C,D,D,8734,100,8734,1,0
D,E,D,9758,100,9758,1,0
D,F,D,6326,100,6326,1,0
D,G,D,9258,100,9258,1,0
D,H,D,1441,100,1441,1,0
A,E,E,1403,100,1403,1,0
B,E,E,4275,100,4275,1,0
C,E,E,9855,100,9855,1,0
D,E,E,9766,100,9766,1,0
E,F,E,3699,100,3699,1,0
E,G,E,9926,100,9926,1,0
E,H,E,9656,100,9656,1,0
A,F,F,3517,100,3517,1,0
B,F,F,1408,100,1408,1,0
C,F,F,7205,100,7205,1,0
D,F,F,6384,100,6384,1,0
E,F,F,3706,100,3706,1,0
F,G,F,7367,100,7367,1,0
F,H,F,6274,100,6274,1,0
A,G,G,9577,100,9577,1,0
B,G,G,7180,100,7180,1,0
C,G,G,1562,100,1562,1,0
D,G,G,9236,100,9236,1,0
E,G,G,9918,100,9918,1,0
F,G,G,7382,100,7382,1,0
G,H,G,9319,100,9319,1,0
A,H,H,9412,100,9412,1,0
B,H,H,6176,100,6176,1,0
C,H,H,9062,100,9062,1,0
D,H,H,1405,100,1405,1,0
E,H,H,9659,100,9659,1,0
F,H,H,6310,100,6310,1,0
G,H,H,9330,100,9330,1,0
A,B,A,3659,100,3659,1,0
A,C,A,9301,100,9301,1,0
A,D,A,9284,100,9284,1,0
A,E,A,1419,100,1419,1,0
A,F,A,3526,100,3526,1,0
A,G,A,9652,100,9652,1,0
A,H,A,9428,100,9428,1,0
A,B,B,3601,100,3601,1,0
B,C,B,6734,100,6734,1,0
B,D,B,6018,100,6018,1,0
B,E,B,4315,100,4315,1,0
B,F,B,1401,100,1401,1,0
B,G,B,7202,100,7202,1,0
B,H,B,6173,100,6173,1,0
A,C,C,9324,100,9324,1,0
B,C,C,6750,100,6750,1,0
C,D,C,8745,100,8745,1,0
C,E,C,9858,100,9858,1,0
C,F,C,7200,100,7200,1,0
C,G,C,1618,100,1618,1,0
C,H,C,9058,100,9058,1,0
A,D,D,9251,100,9251,1,0
B,D,D,5946,100,5946,1,0
C,D,D,8716,100,8716,1,0
D,E,D,9667,100,9667,1,0
D,F,D,6332,100,6332,1,0
D,G,D,9256,100,9256,1,0
D,H,D,1406,100,1406,1,0
A,E,E,1418,100,1418,1,0
B,E,E,4306,100,4306,1,0
C,E,E,9836,100,9836,1,0
D,E,E,9738,100,9738,1,0
E,F,E,3681,100,3681,1,0
E,G,E,9910,100,9910,1,0
E,H,E,9659,100,9659,1,0
A,F,F,3509,100,3509,1,0
B,F,F,1396,100,1396,1,0
C,F,F,7184,100,7184,1,0
D,F,F,6376,100,6376,1,0
E,F,F,3727,100,3727,1,0
F,G,F,7356,100,7356,1,0
F,H,F,6275,100,6275,1,0
A,G,G,9640,100,9640,1,0
B,G,G,7197,100,7197,1,0
C,G,G,1572,100,1572,1,0
D,G,G,9219,100,9219,1,0
E,G,G,9895,100,9895,1,0
F,G,G,7363,100,7363,1,0
G,H,G,9325,100,9325,1,0
A,H,H,9421,100,9421,1,0
B,H,H,6235,100,6235,1,0
C,H,H,9063,100,9063,1,0
D,H,H,1373,100,1373,1,0
E,H,H,9644,100,9644,1,0
F,H,H,6308,100,6308,1,0
G,H,H,9347,100,9347,1,0
A,B,A,3654,100,3654,1,0
A,C,A,9278,100,9278,1,0
A,D,A,9287,100,9287,1,0
A,E,A,1462,100,1462,1,0
A,F,A,3523,100,3523,1,0
A,G,A,9600,100,9600,1,0
A,H,A,9393,100,9393,1,0
A,B,B,3615,100,3615,1,0
B,C,B,6752,100,6752,1,0
B,D,B,5950,100,5950,1,0
B,E,B,4331,100,4331,1,0
B,F,B,1413,100,1413,1,0
B,G,B,7201,100,7201,1,0
B,H,B,6190,100,6190,1,0
A,C,C,9285,100,9285,1,0
B,C,C,6720,100,6720,1,0
C,D,C,8757,100,8757,1,0
C,E,C,9840,100,9840,1,0
C,F,C,7200,100,7200,1,0
C,G,C,1605,100,1605,1,0
C,H,C,9061,100,9061,1,0
A,D,D,9294,100,9294,1,0
B,D,D,5974,100,5974,1,0
C,D,D,8701,100,8701,1,0
D,E,D,9771,100,9771,1,0
D,F,D,6397,100,6397,1,0
D,G,D,9248,100,9248,1,0
D,H,D,1418,100,1418,1,0
A,E,E,1495,100,1495,1,0
B,E,E,4328,100,4328,1,0
C,E,E,9832,100,9832,1,0
D,E,E,9652,100,9652,1,0
E,F,E,3658,100,3658,1,0
E,G,E,9924,100,9924,1,0
E,H,E,9687,100,9687,1,0
A,F,F,3556,100,3556,1,0
B,F,F,1415,100,1415,1,0
C,F,F,7212,100,7212,1,0
D,F,F,6350,100,6350,1,0
E,F,F,3707,100,3707,1,0
F,G,F,7378,100,7378,1,0
F,H,F,6245,100,6245,1,0
A,G,G,9589,100,9589,1,0
B,G,G,7192,100,7192,1,0
C,G,G,1570,100,1570,1,0
D,G,G,9268,100,9268,1,0
E,G,G,9896,100,9896,1,0
F,G,G,7370,100,7370,1,0
G,H,G,9378,100,9378,1,0
A,H,H,9401,100,9401,1,0
B,H,H,6198,100,6198,1,0
C,H,H,9052,100,9052,1,0
D,H,H,1432,100,1432,1,0
E,H,H,9675,100,9675,1,0
F,H,H,6279,100,6279,1,0
G,H,H,9320,100,9320,1,0
A,B,A,3678,100,3678,1,0
A,C,A,9301,100,9301,1,0
A,D,A,9303,100,9303,1,0
A,E,A,1416,100,1416,1,0
A,F,A,3527,100,3527,1,0
A,G,A,9636,100,9636,1,0
A,H,A,9456,100,9456,1,0
A,B,B,3611,100,3611,1,0
B,C,B,6743,100,6743,1,0
B,D,B,5936,100,5936,1,0
B,E,B,4282,100,4282,1,0
B,F,B,1445,100,1445,1,0
B,G,B,7195,100,7195,1,0
B,H,B,6239,100,6239,1,0
A,C,C,9290,100,9290,1,0
B,C,C,6739,100,6739,1,0
C,D,C,8766,100,8766,1,0
C,E,C,9807,100,9807,1,0
C,F,C,7233,100,7233,1,0
C,G,C,1585,100,1585,1,0
C,H,C,9039,100,9039,1,0
A,D,D,9268,100,9268,1,0
B,D,D,5947,100,5947,1,0
C,D,D,8708,100,8708,1,0
D,E,D,9730,100,9730,1,0
D,F,D,6379,100,6379,1,0
D,G,D,9247,100,9247,1,0
D,H,D,1385,100,1385,1,0
A,E,E,1437,100,1437,1,0
B,E,E,4280,100,4280,1,0
C,E,E,9844,100,9844,1,0
D,E,E,9696,100,9696,1,0
E,F,E,3711,100,3711,1,0
E,G,E,9906,100,9906,1,0
E,H,E,9645,100,9645,1,0
A,F,F,3537,100,3537,1,0
B,F,F,1446,100,1446,1,0
C,F,F,7212,100,7212,1,0
D,F,F,6354,100,6354,1,0
E,F,F,3707,100,3707,1,0
F,G,F,7351,100,7351,1,0
F,H,F,6240,100,6240,1,0
A,G,G,9578,100,9578,1,0
B,G,G,7165,100,7165,1,0
C,G,G,1607,100,1607,1,0
D,G,G,9231,100,9231,1,0
E,G,G,9920,100,9920,1,0
F,G,G,7365,100,7365,1,0
G,H,G,9324,100,9324,1,0
A,H,H,9373,100,9373,1,0
B,H,H,6162,100,6162,1,0
C,H,H,9007,100,9007,1,0
D,H,H,1472,100,1472,1,0
E,H,H,9650,100,9650,1,0
F,H,H,6246,100,6246,1,0
G,H,H,9334,100,9334,1,0
A,B,A,3638,100,3638,1,0
A,C,A,9324,100,9324,1,0
A,D,A,9258,100,9258,1,0
A,E,A,1417,100,1417,1,0
A,F,A,3480,100,3480,1,0
A,G,A,9621,100,9621,1,0
A,H,A,9453,100,9453,1,0
A,B,B,3666,100,3666,1,0
B,C,B,6722,100,6722,1,0
B,D,B,6014,100,6014,1,0
B,E,B,4280,100,4280,1,0
B,F,B,1403,100,1403,1,0
B,G,B,7196,100,7196,1,0
B,H,B,6147,100,6147,1,0
A,C,C,9300,100,9300,1,0
B,C,C,6767,100,6767,1,0
C,D,C,8705,100,8705,1,0
C,E,C,9837,100,9837,1,0
C,F,C,7184,100,7184,1,0
C,G,C,1610,100,1610,1,0
C,H,C,9058,100,9058,1,0
A,D,D,9289,100,9289,1,0
B,D,D,5975,100,5975,1,0
C,D,D,8704,100,8704,1,0
D,E,D,9684,100,9684,1,0
D,F,D,6385,100,6385,1,0
D,G,D,9241,100,9241,1,0
D,H,D,1409,100,1409,1,0
A,E,E,1441,100,1441,1,0
B,E,E,4342,100,4342,1,0
C,E,E,9844,100,9844,1,0
D,E,E,9752,100,9752,1,0
E,F,E,3689,100,3689,1,0
E,G,E,9932,100,9932,1,0
E,H,E,9637,100,9637,1,0
A,F,F,3548,100,3548,1,0
B,F,F,1412,100,1412,1,0
C,F,F,7193,100,7193,1,0
D,F,F,6375,100,6375,1,0
E,F,F,3717,100,3717,1,0
F,G,F,7356,100,7356,1,0
F,H,F,6281,100,6281,1,0
A,G,G,9623,100,9623,1,0
B,G,G,7184,100,7184,1,0
C,G,G,1556,100,1556,1,0
D,G,G,9226,100,9226,1,0
E,G,G,9922,100,9922,1,0
F,G,G,7367,100,7367,1,0
G,H,G,9342,100,9342,1,0
A,H,H,9392,100,9392,1,0
B,H,H,6179,100,6179,1,0
C,H,H,9067,100,9067,1,0
D,H,H,1405,100,1405,1,0
E,H,H,9649,100,9649,1,0
F,H,H,6236,100,6236,1,0
G,H,H,9325,100,9325,1,0
A,B,A,3642,100,3642,1,0
A,C,A,9342,100,9342,1,0
A,D,A,9277,100,9277,1,0
A,E,A,1450,100,1450,1,0
A,F,A,3549,100,3549,1,0
A,G,A,9584,100,9584,1,0
A,H,A,9355,100,9355,1,0
A,B,B,3613,100,3613,1,0
B,C,B,6700,100,6700,1,0
B,D,B,5948,100,5948,1,0
B,E,B,4344,100,4344,1,0
B,F,B,1417,100,1417,1,0
B,G,B,7191,100,7191,1,0
B,H,B,6145,100,6145,1,0
A,C,C,9347,100,9347,1,0
B,C,C,6734,100,6734,1,0
C,D,C,8744,100,8744,1,0
C,E,C,9842,100,9842,1,0
C,F,C,7208,100,7208,1,0
C,G,C,1577,100,1577,1,0
C,H,C,9066,100,9066,1,0
A,D,D,9262,100,9262,1,0
B,D,D,5959,100,5959,1,0
C,D,D,8708,100,8708,1,0
D,E,D,9724,100,9724,1,0
D,F,D,6331,100,6331,1,0
D,G,D,9212,100,9212,1,0
D,H,D,1366,100,1366,1,0
A,E,E,1490,100,1490,1,0
B,E,E,4271,100,4271,1,0
C,E,E,9833,100,9833,1,0
D,E,E,9738,100,9738,1,0
E,F,E,3681,100,3681,1,0
E,G,E,9914,100,9914,1,0
E,H,E,9647,100,9647,1,0
A,F,F,3493,100,3493,1,0
B,F,F,1446,100,1446,1,0
C,F,F,7226,100,7226,1,0
D,F,F,6355,100,6355,1,0
E,F,F,3680,100,3680,1,0
F,G,F,7344,100,7344,1,0
F,H,F,6293,100,6293,1,0
A,G,G,9622,100,9622,1,0
B,G,G,7202,100,7202,1,0
C,G,G,1607,100,1607,1,0
D,G,G,9212,100,9212,1,0
E,G,G,9901,100,9901,1,0
F,G,G,7374,100,7374,1,0
G,H,G,9335,100,9335,1,0
A,H,H,9384,100,9384,1,0
B,H,H,6197,100,6197,1,0
C,H,H,9078,100,9078,1,0
D,H,H,1398,100,1398,1,0
E,H,H,9653,100,9653,1,0
F,H,H,6275,100,6275,1,0
G,H,H,9319,100,9319,1,0
A,B,A,3628,100,3628,1,0
A,C,A,9276,100,9276,1,0
A,D,A,9268,100,9268,1,0
A,E,A,1458,100,1458,1,0
A,F,A,3498,100,3498,1,0
A,G,A,9554,100,9554,1,0
A,H,A,9395,100,9395,1,0
A,B,B,3617,100,3617,1,0
B,C,B,6750,100,6750,1,0
B,D,B,5980,100,5980,1,0
B,E,B,4317,100,4317,1,0
B,F,B,1441,100,1441,1,0
B,G,B,7187,100,7187,1,0
B,H,B,6150,100,6150,1,0
A,C,C,9321,100,9321,1,0
B,C,C,6786,100,6786,1,0
C,D,C,8693,100,8693,1,0
C,E,C,9819,100,9819,1,0
C,F,C,7210,100,7210,1,0
C,G,C,1620,100,1620,1,0
C,H,C,9031,100,9031,1,0
A,D,D,9249,100,9249,1,0
B,D,D,5931,100,5931,1,0
C,D,D,8721,100,8721,1,0
D,E,D,9753,100,9753,1,0
D,F,D,6362,100,6362,1,0
D,G,D,9224,100,9224,1,0
D,H,D,1464,100,1464,1,0
A,E,E,1437,100,1437,1,0
B,E,E,4274,100,4274,1,0
C,E,E,9887,100,9887,1,0
D,E,E,9707,100,9707,1,0
E,F,E,3695,100,3695,1,0
E,G,E,9935,100,9935,1,0
E,H,E,9694,100,9694,1,0
A,F,F,3505,100,3505,1,0
B,F,F,1388,100,1388,1,0
C,F,F,7206,100,7206,1,0
D,F,F,6356,100,6356,1,0
E,F,F,3688,100,3688,1,0
F,G,F,7387,100,7387,1,0
F,H,F,6298,100,6298,1,0
A,G,G,9596,100,9596,1,0
B,G,G,7216,100,7216,1,0
C,G,G,1608,100,1608,1,0
D,G,G,9217,100,9217,1,0
E,G,G,9906,100,9906,1,0
F,G,G,7378,100,7378,1,0
G,H,G,9322,100,9322,1,0
A,H,H,9405,100,9405,1,0
B,H,H,6160,100,6160,1,0
C,H,H,9071,100,9071,1,0
D,H,H,1366,100,1366,1,0
E,H,H,9640,100,9640,1,0
F,H,H,6290,100,6290,1,0
G,H,H,9295,100,9295,1,0
A,B,A,3651,100,3651,1,0
A,C,A,9318,100,9318,1,0
A,D,A,9283,100,9283,1,0
A,E,A,1432,100,1432,1,0
A,F,A,3511,100,3511,1,0
A,G,A,9630,100,9630,1,0
A,H,A,9434,100,9434,1,0
A,B,B,3674,100,3674,1,0
B,C,B,6757,100,6757,1,0
B,D,B,5942,100,5942,1,0
B,E,B,4318,100,4318,1,0
B,F,B,1378,100,1378,1,0
B,G,B,7188,100,7188,1,0
B,H,B,6243,100,6243,1,0
A,C,C,9312,100,9312,1,0
B,C,C,6743,100,6743,1,0
C,D,C,8750,100,8750,1,0
C,E,C,9805,100,9805,1,0
C,F,C,7223,100,7223,1,0
C,G,C,1604,100,1604,1,0
C,H,C,9063,100,9063,1,0
A,D,D,9252,100,9252,1,0
B,D,D,5953,100,5953,1,0
C,D,D,8719,100,8719,1,0
D,E,D,9736,100,9736,1,0
D,F,D,6389,100,6389,1,0
D,G,D,9245,100,9245,1,0
D,H,D,1474,100,1474,1,0
A,E,E,1483,100,1483,1,0
B,E,E,4301,100,4301,1,0
C,E,E,9828,100,9828,1,0
D,E,E,9786,100,9786,1,0
E,F,E,3660,100,3660,1,0
E,G,E,9936,100,9936,1,0
E,H,E,9647,100,9647,1,0
A,F,F,3496,100,3496,1,0
B,F,F,1441,100,1441,1,0
C,F,F,7208,100,7208,1,0
D,F,F,6380,100,6380,1,0
E,F,F,3675,100,3675,1,0
F,G,F,7358,100,7358,1,0
F,H,F,6253,100,6253,1,0
A,G,G,9594,100,9594,1,0
B,G,G,7192,100,7192,1,0
C,G,G,1534,100,1534,1,0
D,G,G,9244,100,9244,1,0
E,G,G,9914,100,9914,1,0
F,G,G,7367,100,7367,1,0
G,H,G,9356,100,9356,1,0
A,H,H,9415,100,9415,1,0
B,H,H,6221,100,6221,1,0
C,H,H,9036,100,9036,1,0
D,H,H,1407,100,1407,1,0
E,H,H,9658,100,9658,1,0
F,H,H,6274,100,6274,1,0
G,H,H,9291,100,9291,1,0
A,B,A,3633,100,3633,1,0
A,C,A,9307,100,9307,1,0
A,D,A,9264,100,9264,1,0
A,E,A,1454,100,1454,1,0
A,F,A,3518,100,3518,1,0
A,G,A,9637,100,9637,1,0
A,H,A,9397,100,9397,1,0
A,B,B,3658,100,3658,1,0
B,C,B,6750,100,6750,1,0
B,D,B,5956,100,5956,1,0
B,E,B,4272,100,4272,1,0
B,F,B,1413,100,1413,1,0
B,G,B,7212,100,7212,1,0
B,H,B,6224,100,6224,1,0
A,C,C,9298,100,9298,1,0
B,C,C,6741,100,6741,1,0
C,D,C,8716,100,8716,1,0
C,E,C,9875,100,9875,1,0
C,F,C,7192,100,7192,1,0
C,G,C,1588,100,1588,1,0
C,H,C,9021,100,9021,1,0
A,D,D,9262,100,9262,1,0
B,D,D,5978,100,5978,1,0
C,D,D,8722,100,8722,1,0
D,E,D,9729,100,9729,1,0
D,F,D,6361,100,6361,1,0
D,G,D,9256,100,9256,1,0
D,H,D,1412,100,1412,1,0
A,E,E,1433,100,1433,1,0
B,E,E,4301,100,4301,1,0
C,E,E,9838,100,9838,1,0
D,E,E,9746,100,9746,1,0
E,F,E,3700,100,3700,1,0
E,G,E,9917,100,9917,1,0
E,H,E,9636,100,9636,1,0
A,F,F,3516,100,3516,1,0
B,F,F,1414,100,1414,1,0
C,F,F,7193,100,7193,1,0
D,F,F,6355,100,6355,1,0
E,F,F,3701,100,3701,1,0
F,G,F,7389,100,7389,1,0
F,H,F,6289,100,6289,1,0
A,G,G,9586,100,9586,1,0
B,G,G,7185,100,7185,1,0
C,G,G,1563,100,1563,1,0
D,G,G,9235,100,9235,1,0
E,G,G,9951,100,9951,1,0
F,G,G,7369,100,7369,1,0
G,H,G,9287,100,9287,1,0
A,H,H,9385,100,9385,1,0
B,H,H,6221,100,6221,1,0
C,H,H,9035,100,9035,1,0
D,H,H,1420,100,1420,1,0
E,H,H,9654,100,9654,1,0
F,H,H,6297,100,6297,1,0
G,H,H,9335,100,9335,1,0
A,B,A,3658,100,3658,1,0
A,C,A,9265,100,9265,1,0
A,D,A,9262,100,9262,1,0
A,E,A,1470,100,1470,1,0
A,F,A,3555,100,3555,1,0
A,G,A,9565,100,9565,1,0
A,H,A,9439,100,9439,1,0
A,B,B,3656,100,3656,1,0
B,C,B,6713,100,6713,1,0
B,D,B,5966,100,5966,1,0
B,E,B,4311,100,4311,1,0
B,F,B,1408,100,1408,1,0
B,G,B,7178,100,7178,1,0
B,H,B,6163,100,6163,1,0
A,C,C,9343,100,9343,1,0
B,C,C,6761,100,6761,1,0
C,D,C,8672,100,8672,1,0
C,E,C,9848,100,9848,1,0
C,F,C,7200,100,7200,1,0
C,G,C,1582,100,1582,1,0
C,H,C,9064,100,9064,1,0
A,D,D,9271,100,9271,1,0
B,D,D,5991,100,5991,1,0
C,D,D,8770,100,8770,1,0
D,E,D,9724,100,9724,1,0
D,F,D,6362,100,6362,1,0
D,G,D,9271,100,9271,1,0
D,H,D,1417,100,1417,1,0
A,E,E,1406,100,1406,1,0
B,E,E,4283,100,4283,1,0
C,E,E,9863,100,9863,1,0
D,E,E,9723,100,9723,1,0
E,F,E,3701,100,3701,1,0
E,G,E,9915,100,9915,1,0
E,H,E,9688,100,9688,1,0
A,F,F,3522,100,3522,1,0
B,F,F,1381,100,1381,1,0
C,F,F,7234,100,7234,1,0
D,F,F,6329,100,6329,1,0
E,F,F,3696,100,3696,1,0
F,G,F,7361,100,7361,1,0
F,H,F,6280,100,6280,1,0
A,G,G,9629,100,9629,1,0
B,G,G,7207,100,7207,1,0
C,G,G,1562,100,1562,1,0
D,G,G,9241,100,9241,1,0
E,G,G,9904,100,9904,1,0
F,G,G,7379,100,7379,1,0
G,H,G,9331,100,9331,1,0
A,H,H,9384,100,9384,1,0
B,H,H,6205,100,6205,1,0
C,H,H,9029,100,9029,1,0
D,H,H,1445,100,1445,1,0
E,H,H,9683,100,9683,1,0
F,H,H,6270,100,6270,1,0
G,H,H,9309,100,9309,1,0
A,B,A,3639,100,3639,1,0
A,C,A,9305,100,9305,1,0
A,D,A,9278,100,9278,1,0
A,E,A,1465,100,1465,1,0
A,F,A,3506,100,3506,1,0
A,G,A,9635,100,9635,1,0
A,H,A,9380,100,9380,1,0
A,B,B,3655,100,3655,1,0
B,C,B,6775,100,6775,1,0
B,D,B,5968,100,5968,1,0
B,E,B,4321,100,4321,1,0
B,F,B,1376,100,1376,1,0
B,G,B,7204,100,7204,1,0
B,H,B,6204,100,6204,1,0
A,C,C,9292,100,9292,1,0
B,C,C,6732,100,6732,1,0
C,D,C,8729,100,8729,1,0
C,E,C,9841,100,9841,1,0
C,F,C,7197,100,7197,1,0
C,G,C,1582,100,1582,1,0
C,H,C,9072,100,9072,1,0
A,D,D,9257,100,9257,1,0
B,D,D,5949,100,5949,1,0
C,D,D,8748,100,8748,1,0
D,E,D,9742,100,9742,1,0
D,F,D,6353,100,6353,1,0
D,G,D,9249,100,9249,1,0
D,H,D,1375,100,1375,1,0
A,E,E,1455,100,1455,1,0
B,E,E,4274,100,4274,1,0
C,E,E,9850,100,9850,1,0
D,E,E,9707,100,9707,1,0
E,F,E,3680,100,3680,1,0
E,G,E,9933,100,9933,1,0
E,H,E,9658,100,9658,1,0
A,F,F,3554,100,3554,1,0
B,F,F,1387,100,1387,1,0
C,F,F,7210,100,7210,1,0
D,F,F,6336,100,6336,1,0
E,F,F,3663,100,3663,1,0
F,G,F,7394,100,7394,1,0
F,H,F,6242,100,6242,1,0
A,G,G,9609,100,9609,1,0
B,G,G,7171,100,7171,1,0
C,G,G,1587,100,1587,1,0
D,G,G,9192,100,9192,1,0
E,G,G,9927,100,9927,1,0
F,G,G,7345,100,7345,1,0
G,H,G,9300,100,9300,1,0
A,H,H,9383,100,9383,1,0
B,H,H,6201,100,6201,1,0
C,H,H,9055,100,9055,1,0
D,H,H,1437,100,1437,1,0
E,H,H,9637,100,9637,1,0
F,H,H,6241,100,6241,1,0
G,H,H,9353,100,9353,1,0
A,B,A,3642,100,3642,1,0
A,C,A,9300,100,9300,1,0
A,D,A,9282,100,9282,1,0
A,E,A,1418,100,1418,1,0
A,F,A,3545,100,3545,1,0
A,G,A,9592,100,9592,1,0
A,H,A,9391,100,9391,1,0
A,B,B,3658,100,3658,1,0
B,C,B,6761,100,6761,1,0
B,D,B,5946,100,5946,1,0
B,E,B,4320,100,4320,1,0
B,F,B,1442,100,1442,1,0
B,G,B,7220,100,7220,1,0
B,H,B,6189,100,6189,1,0
A,C,C,9290,100,9290,1,0
B,C,C,6730,100,6730,1,0
C,D,C,8708,100,8708,1,0
C,E,C,9856,100,9856,1,0
C,F,C,7211,100,7211,1,0
C,G,C,1604,100,1604,1,0
C,H,C,9101,100,9101,1,0
A,D,D,9247,100,9247,1,0
B,D,D,5982,100,5982,1,0
C,D,D,8725,100,8725,1,0
D,E,D,9758,100,9758,1,0
D,F,D,6319,100,6319,1,0
D,G,D,9210,100,9210,1,0
D,H,D,1469,100,1469,1,0
A,E,E,1400,100,1400,1,0
B,E,E,4279,100,4279,1,0
C,E,E,9842,100,9842,1,0
D,E,E,9756,100,9756,1,0
E,F,E,3731,100,3731,1,0
E,G,E,9942,100,9942,1,0
E,H,E,9660,100,9660,1,0
A,F,F,3487,100,3487,1,0
B,F,F,1404,100,1404,1,0
C,F,F,7191,100,7191,1,0
D,F,F,6357,100,6357,1,0
E,F,F,3687,100,3687,1,0
F,G,F,7357,100,7357,1,0
F,H,F,6286,100,6286,1,0
A,G,G,9615,100,9615,1,0
B,G,G,7171,100,7171,1,0
C,G,G,1581,100,1581,1,0
D,G,G,9255,100,9255,1,0
E,G,G,9909,100,9909,1,0
F,G,G,7368,100,7368,1,0
G,H,G,9308,100,9308,1,0
A,H,H,9394,100,9394,1,0
B,H,H,6221,100,6221,1,0
C,H,H,9081,100,9081,1,0
D,H,H,1415,100,1415,1,0
E,H,H,9648,100,9648,1,0
F,H,H,6281,100,6281,1,0
G,H,H,9348,100,9348,1,0
A,B,A,3605,100,3605,1,0
A,C,A,9279,100,9279,1,0
A,D,A,9243,100,9243,1,0
A,E,A,1410,100,1410,1,0
A,F,A,3533,100,3533,1,0
A,G,A,9561,100,9561,1,0
A,H,A,9405,100,9405,1,0
A,B,B,3626,100,3626,1,0
B,C,B,6751,100,6751,1,0
B,D,B,6011,100,6011,1,0
B,E,B,4331,100,4331,1,0
B,F,B,1420,100,1420,1,0
B,G,B,7189,100,7189,1,0
B,H,B,6259,100,6259,1,0
A,C,C,9254,100,9254,1,0
B,C,C,6736,100,6736,1,0
C,D,C,8700,100,8700,1,0
C,E,C,9851,100,9851,1,0
C,F,C,7196,100,7196,1,0
C,G,C,1562,100,1562,1,0
C,H,C,9018,100,9018,1,0
A,D,D,9289,100,9289,1,0
B,D,D,5951,100,5951,1,0
C,D,D,8709,100,8709,1,0
D,E,D,9749,100,9749,1,0
D,F,D,6364,100,6364,1,0
D,G,D,9255,100,9255,1,0
D,H,D,1407,100,1407,1,0
A,E,E,1443,100,1443,1,0
B,E,E,4284,100,4284,1,0
C,E,E,9805,100,9805,1,0
D,E,E,9708,100,9708,1,0
E,F,E,3661,100,3661,1,0
E,G,E,9938,100,9938,1,0
E,H,E,9647,100,9647,1,0
A,F,F,3518,100,3518,1,0
B,F,F,1393,100,1393,1,0
C,F,F,7186,100,7186,1,0
D,F,F,6333,100,6333,1,0
E,F,F,3699,100,3699,1,0
F,G,F,7356,100,7356,1,0
F,H,F,6288,100,6288,1,0
A,G,G,9618,100,9618,1,0
B,G,G,7169,100,7169,1,0
C,G,G,1578,100,1578,1,0
D,G,G,9242,100,9242,1,0
E,G,G,9920,100,9920,1,0
F,G,G,7360,100,7360,1,0
G,H,G,9320,100,9320,1,0
A,H,H,9361,100,9361,1,0
B,H,H,6199,100,6199,1,0
C,H,H,9064,100,9064,1,0
D,H,H,1469,100,1469,1,0
E,H,H,9632,100,9632,1,0
F,H,H,6266,100,6266,1,0
G,H,H,9341,100,9341,1,0
A,B,A,3651,100,3651,1,0
A,C,A,9330,100,9330,1,0
A,D,A,9293,100,9293,1,0
A,E,A,1448,100,1448,1,0
A,F,A,3539,100,3539,1,0
A,G,A,9618,100,9618,1,0
A,H,A,9404,100,9404,1,0
A,B,B,3633,100,3633,1,0
B,C,B,6729,100,6729,1,0
B,D,B,5985,100,5985,1,0
B,E,B,4290,100,4290,1,0
B,F,B,1392,100,1392,1,0
B,G,B,7184,100,7184,1,0
B,H,B,6213,100,6213,1,0
A,C,C,9385,100,9385,1,0
B,C,C,6744,100,6744,1,0
C,D,C,8723,100,8723,1,0
C,E,C,9799,100,9799,1,0
C,F,C,7203,100,7203,1,0
C,G,C,1544,100,1544,1,0
C,H,C,9108,100,9108,1,0
A,D,D,9283,100,9283,1,0
B,D,D,5995,100,5995,1,0
C,D,D,8736,100,8736,1,0
D,E,D,9730,100,9730,1,0
D,F,D,6362,100,6362,1,0
D,G,D,9251,100,9251,1,0
D,H,D,1405,100,1405,1,0
A,E,E,1464,100,1464,1,0
B,E,E,4307,100,4307,1,0
C,E,E,9818,100,9818,1,0
D,E,E,9736,100,9736,1,0
E,F,E,3700,100,3700,1,0
E,G,E,9943,100,9943,1,0
E,H,E,9653,100,9653,1,0
A,F,F,3520,100,3520,1,0
B,F,F,1402,100,1402,1,0
C,F,F,7183,100,7183,1,0
D,F,F,6341,100,6341,1,0
E,F,F,3686,100,3686,1,0
F,G,F,7373,100,7373,1,0
F,H,F,6273,100,6273,1,0
A,G,G,9573,100,9573,1,0
B,G,G,7136,100,7136,1,0
C,G,G,1547,100,1547,1,0
D,G,G,9234,100,9234,1,0
E,G,G,9944,100,9944,1,0
F,G,G,7366,100,7366,1,0
G,H,G,9314,100,9314,1,0
A,H,H,9383,100,9383,1,0
B,H,H,6188,100,6188,1,0
C,H,H,9037,100,9037,1,0
D,H,H,1486,100,1486,1,0
E,H,H,9660,100,9660,1,0
F,H,H,6286,100,6286,1,0
G,H,H,9320,100,9320,1,0
A,B,A,3652,100,3652,1,0
A,C,A,9266,100,9266,1,0
A,D,A,9292,100,9292,1,0
A,E,A,1478,100,1478,1,0
A,F,A,3530,100,3530,1,0
A,G,A,9553,100,9553,1,0
A,H,A,9439,100,9439,1,0
A,B,B,3671,100,3671,1,0
B,C,B,6744,100,6744,1,0
B,D,B,5948,100,5948,1,0
B,E,B,4322,100,4322,1,0
B,F,B,1348,100,1348,1,0
B,G,B,7202,100,7202,1,0
B,H,B,6161,100,6161,1,0
A,C,C,9319,100,9319,1,0
B,C,C,6735,100,6735,1,0
C,D,C,8726,100,8726,1,0
C,E,C,9865,100,9865,1,0
C,F,C,7209,100,7209,1,0
C,G,C,1596,100,1596,1,0
C,H,C,9046,100,9046,1,0
A,D,D,9287,100,9287,1,0
B,D,D,5953,100,5953,1,0
C,D,D,8688,100,8688,1,0
D,E,D,9699,100,9699,1,0
D,F,D,6344,100,6344,1,0
D,G,D,9210,100,9210,1,0
D,H,D,1418,100,1418,1,0
A,E,E,1424,100,1424,1,0
B,E,E,4294,100,4294,1,0
C,E,E,9837,100,9837,1,0
D,E,E,9768,100,9768,1,0
E,F,E,3718,100,3718,1,0
E,G,E,9903,100,9903,1,0
E,H,E,9617,100,9617,1,0
A,F,F,3548,100,3548,1,0
B,F,F,1392,100,1392,1,0
C,F,F,7227,100,7227,1,0
D,F,F,6355,100,6355,1,0
E,F,F,3703,100,3703,1,0
F,G,F,7360,100,7360,1,0
F,H,F,6268,100,6268,1,0
A,G,G,9619,100,9619,1,0
B,G,G,7192,100,7192,1,0
C,G,G,1558,100,1558,1,0
D,G,G,9278,100,9278,1,0
E,G,G,9933,100,9933,1,0
F,G,G,7359,100,7359,1,0
G,H,G,9358,100,9358,1,0
A,H,H,9392,100,9392,1,0
B,H,H,6203,100,6203,1,0
C,H,H,9036,100,9036,1,0
D,H,H,1472,100,1472,1,0
E,H,H,9673,100,9673,1,0
F,H,H,6278,100,6278,1,0
G,H,H,9316,100,9316,1,0
A,B,A,3639,100,3639,1,0
A,C,A,9243,100,9243,1,0
A,D,A,9259,100,9259,1,0
A,E,A,1474,100,1474,1,0
A,F,A,3513,100,3513,1,0
A,G,A,9585,100,9585,1,0
A,H,A,9384,100,9384,1,0
A,B,B,3687,100,3687,1,0
B,C,B,6722,100,6722,1,0
B,D,B,5948,100,5948,1,0
B,E,B,4354,100,4354,1,0
B,F,B,1397,100,1397,1,0
B,G,B,7209,100,7209,1,0
B,H,B,6243,100,6243,1,0
A,C,C,9338,100,9338,1,0
B,C,C,6728,100,6728,1,0
C,D,C,8730,100,8730,1,0
C,E,C,9817,100,9817,1,0
C,F,C,7226,100,7226,1,0
C,G,C,1588,100,1588,1,0
C,H,C,9040,100,9040,1,0
A,D,D,9264,100,9264,1,0
B,D,D,5984,100,5984,1,0
C,D,D,8745,100,8745,1,0
D,E,D,9719,100,9719,1,0
D,F,D,6370,100,6370,1,0
D,G,D,9218,100,9218,1,0
D,H,D,1498,100,1498,1,0
A,E,E,1436,100,1436,1,0
B,E,E,4280,100,4280,1,0
C,E,E,9826,100,9826,1,0
D,E,E,9750,100,9750,1,0
E,F,E,3685,100,3685,1,0
E,G,E,9903,100,9903,1,0
E,H,E,9694,100,9694,1,0
A,F,F,3513,100,3513,1,0
B,F,F,1393,100,1393,1,0
C,F,F,7228,100,7228,1,0
D,F,F,6334,100,6334,1,0
E,F,F,3682,100,3682,1,0
F,G,F,7346,100,7346,1,0
F,H,F,6286,100,6286,1,0
A,G,G,9623,100,9623,1,0
B,G,G,7192,100,7192,1,0
C,G,G,1591,100,1591,1,0
D,G,G,9243,100,9243,1,0
E,G,G,9918,100,9918,1,0
F,G,G,7372,100,7372,1,0
G,H,G,9326,100,9326,1,0
A,H,H,9461,100,9461,1,0
B,H,H,6215,100,6215,1,0
C,H,H,9054,100,9054,1,0
D,H,H,1395,100,1395,1,0
E,H,H,9654,100,9654,1,0
F,H,H,6294,100,6294,1,0
G,H,H,9349,100,9349,1,0
A,B,A,3661,100,3661,1,0
A,C,A,9291,100,9291,1,0
A,D,A,9265,100,9265,1,0
A,E,A,1435,100,1435,1,0
A,F,A,3533,100,3533,1,0
A,G,A,9653,100,9653,1,0
A,H,A,9401,100,9401,1,0
A,B,B,3579,100,3579,1,0
B,C,B,6735,100,6735,1,0
B,D,B,5957,100,5957,1,0
B,E,B,4317,100,4317,1,0
B,F,B,1414,100,1414,1,0
B,G,B,7176,100,7176,1,0
B,H,B,6219,100,6219,1,0
A,C,C,9339,100,9339,1,0
B,C,C,6721,100,6721,1,0
C,D,C,8703,100,8703,1,0
C,E,C,9820,100,9820,1,0
C,F,C,7209,100,7209,1,0
C,G,C,1615,100,1615,1,0
C,H,C,9048,100,9048,1,0
A,D,D,9227,100,9227,1,0
B,D,D,5997,100,5997,1,0
C,D,D,8719,100,8719,1,0
D,E,D,9740,100,9740,1,0
D,F,D,6407,100,6407,1,0
D,G,D,9242,100,9242,1,0
D,H,D,1390,100,1390,1,0
A,E,E,1399,100,1399,1,0
B,E,E,4359,100,4359,1,0
C,E,E,9824,100,9824,1,0
D,E,E,9755,100,9755,1,0
E,F,E,3713,100,3713,1,0
E,G,E,9923,100,9923,1,0
E,H,E,9658,100,9658,1,0
A,F,F,3550,100,3550,1,0
B,F,F,1410,100,1410,1,0
C,F,F,7206,100,7206,1,0
D,F,F,6324,100,6324,1,0
E,F,F,3761,100,3761,1,0
F,G,F,7351,100,7351,1,0
F,H,F,6315,100,6315,1,0
A,G,G,9621,100,9621,1,0
B,G,G,7201,100,7201,1,0
C,G,G,1605,100,1605,1,0
D,G,G,9202,100,9202,1,0
E,G,G,9918,100,9918,1,0
F,G,G,7386,100,7386,1,0
G,H,G,9338,100,9338,1,0
A,H,H,9414,100,9414,1,0
B,H,H,6197,100,6197,1,0
C,H,H,9087,100,9087,1,0
D,H,H,1385,100,1385,1,0
E,H,H,9641,100,9641,1,0
F,H,H,6263,100,6263,1,0
G,H,H,9294,100,9294,1,0
A,B,A,3616,100,3616,1,0
A,C,A,9267,100,9267,1,0
A,D,A,9289,100,9289,1,0
A,E,A,1426,100,1426,1,0
A,F,A,3545,100,3545,1,0
A,G,A,9565,100,9565,1,0
A,H,A,9428,100,9428,1,0
A,B,B,3642,100,3642,1,0
B,C,B,6756,100,6756,1,0
B,D,B,5925,100,5925,1,0
B,E,B,4349,100,4349,1,0
B,F,B,1413,100,1413,1,0
B,G,B,7218,100,7218,1,0
B,H,B,6161,100,6161,1,0
A,C,C,9338,100,9338,1,0
B,C,C,6724,100,6724,1,0
C,D,C,8755,100,8755,1,0
C,E,C,9818,100,9818,1,0
C,F,C,7238,100,7238,1,0
C,G,C,1546,100,1546,1,0
C,H,C,9035,100,9035,1,0
A,D,D,9315,100,9315,1,0
B,D,D,5938,100,5938,1,0
C,D,D,8725,100,8725,1,0
D,E,D,9742,100,9742,1,0
D,F,D,6311,100,6311,1,0
D,G,D,9249,100,9249,1,0
D,H,D,1422,100,1422,1,0
A,E,E,1413,100,1413,1,0
B,E,E,4332,100,4332,1,0
C,E,E,9843,100,9843,1,0
D,E,E,9757,100,9757,1,0
E,F,E,3654,100,3654,1,0
E,G,E,9938,100,9938,1,0
E,H,E,9632,100,9632,1,0
A,F,F,3516,100,3516,1,0
B,F,F,1380,100,1380,1,0
C,F,F,7181,100,7181,1,0
D,F,F,6345,100,6345,1,0
E,F,F,3732,100,3732,1,0
F,G,F,7387,100,7387,1,0
F,H,F,6269,100,6269,1,0
A,G,G,9601,100,9601,1,0
B,G,G,7185,100,7185,1,0
C,G,G,1602,100,1602,1,0
D,G,G,9266,100,9266,1,0
E,G,G,9915,100,9915,1,0
F,G,G,7361,100,7361,1,0
G,H,G,9333,100,9333,1,0
A,H,H,9415,100,9415,1,0
B,H,H,6178,100,6178,1,0
C,H,H,9114,100,9114,1,0
D,H,H,1418,100,1418,1,0
E,H,H,9646,100,9646,1,0
F,H,H,6254,100,6254,1,0
G,H,H,9337,100,9337,1,0
A,B,A,3617,100,3617,1,0
A,C,A,9317,100,9317,1,0
A,D,A,9260,100,9260,1,0
A,E,A,1405,100,1405,1,0
A,F,A,3504,100,3504,1,0
A,G,A,9551,100,9551,1,0
A,H,A,9391,100,9391,1,0
A,B,B,3670,100,3670,1,0
B,C,B,6700,100,6700,1,0
B,D,B,5994,100,5994,1,0
B,E,B,4326,100,4326,1,0
B,F,B,1364,100,1364,1,0
B,G,B,7183,100,7183,1,0
B,H,B,6213,100,6213,1,0
A,C,C,9298,100,9298,1,0
B,C,C,6714,100,6714,1,0
C,D,C,8713,100,8713,1,0
C,E,C,9864,100,9864,1,0
C,F,C,7211,100,7211,1,0
C,G,C,1573,100,1573,1,0
C,H,C,9037,100,9037,1,0
A,D,D,9236,100,9236,1,0
B,D,D,5986,100,5986,1,0
C,D,D,8722,100,8722,1,0
D,E,D,9761,100,9761,1,0
D,F,D,6315,100,6315,1,0
D,G,D,9209,100,9209,1,0
D,H,D,1407,100,1407,1,0
A,E,E,1460,100,1460,1,0
B,E,E,4313,100,4313,1,0
C,E,E,9852,100,9852,1,0
D,E,E,9739,100,9739,1,0
E,F,E,3677,100,3677,1,0
E,G,E,9958,100,9958,1,0
E,H,E,9665,100,9665,1,0
A,F,F,3557,100,3557,1,0
B,F,F,1438,100,1438,1,0
C,F,F,7218,100,7218,1,0
D,F,F,6338,100,6338,1,0
E,F,F,3701,100,3701,1,0
F,G,F,7340,100,7340,1,0
F,H,F,6255,100,6255,1,0
A,G,G,9610,100,9610,1,0
B,G,G,7182,100,7182,1,0
C,G,G,1541,100,1541,1,0
D,G,G,9250,100,9250,1,0
E,G,G,9920,100,9920,1,0
F,G,G,7377,100,7377,1,0
G,H,G,9333,100,9333,1,0
A,H,H,9378,100,9378,1,0
B,H,H,6195,100,6195,1,0
C,H,H,9064,100,9064,1,0
D,H,H,1449,100,1449,1,0
E,H,H,9689,100,9689,1,0
F,H,H,6249,100,6249,1,0
G,H,H,9284,100,9284,1,0
A,B,A,3667,100,3667,1,0
A,C,A,9335,100,9335,1,0
A,D,A,9271,100,9271,1,0
A,E,A,1419,100,1419,1,0
A,F,A,3502,100,3502,1,0
A,G,A,9615,100,9615,1,0
A,H,A,9419,100,9419,1,0
A,B,B,3645,100,3645,1,0
B,C,B,6701,100,6701,1,0
B,D,B,5946,100,5946,1,0
B,E,B,4329,100,4329,1,0
B,F,B,1412,100,1412,1,0
B,G,B,7189,100,7189,1,0
B,H,B,6215,100,6215,1,0
A,C,C,9296,100,9296,1,0
B,C,C,6752,100,6752,1,0
C,D,C,8743,100,8743,1,0
C,E,C,9835,100,9835,1,0
C,F,C,7221,100,7221,1,0
C,G,C,1615,100,1615,1,0
C,H,C,9058,100,9058,1,0
A,D,D,9297,100,9297,1,0
B,D,D,5918,100,5918,1,0
C,D,D,8702,100,8702,1,0
D,E,D,9812,100,9812,1,0
D,F,D,6321,100,6321,1,0
D,G,D,9301,100,9301,1,0
D,H,D,1409,100,1409,1,0
A,E,E,1417,100,1417,1,0
B,E,E,4298,100,4298,1,0
C,E,E,9800,100,9800,1,0
D,E,E,9724,100,9724,1,0
E,F,E,3668,100,3668,1,0
E,G,E,9936,100,9936,1,0
E,H,E,9651,100,9651,1,0
A,F,F,3507,100,3507,1,0
B,F,F,1414,100,1414,1,0
C,F,F,7193,100,7193,1,0
D,F,F,6347,100,6347,1,0
E,F,F,3694,100,3694,1,0
F,G,F,7354,100,7354,1,0
F,H,F,6249,100,6249,1,0
A,G,G,9629,100,9629,1,0
B,G,G,7176,100,7176,1,0
C,G,G,1602,100,1602,1,0
D,G,G,9250,100,9250,1,0
E,G,G,9909,100,9909,1,0
F,G,G,7333,100,7333,1,0
G,H,G,9319,100,9319,1,0
A,H,H,9405,100,9405,1,0
B,H,H,6155,100,6155,1,0
C,H,H,9065,100,9065,1,0
D,H,H,1402,100,1402,1,0
E,H,H,9667,100,9667,1,0
F,H,H,6261,100,6261,1,0
G,H,H,9345,100,9345,1,0
A,B,A,3657,100,3657,1,0
A,C,A,9291,100,9291,1,0
A,D,A,9248,100,9248,1,0
A,E,A,1434,100,1434,1,0
A,F,A,3530,100,3530,1,0
A,G,A,9600,100,9600,1,0
A,H,A,9392,100,9392,1,0
A,B,B,3629,100,3629,1,0
B,C,B,6770,100,6770,1,0
B,D,B,5904,100,5904,1,0
B,E,B,4303,100,4303,1,0
B,F,B,1395,100,1395,1,0
B,G,B,7177,100,7177,1,0
B,H,B,6165,100,6165,1,0
A,C,C,9294,100,9294,1,0
B,C,C,6761,100,6761,1,0
C,D,C,8739,100,8739,1,0
C,E,C,9817,100,9817,1,0
C,F,C,7251,100,7251,1,0
C,G,C,1614,100,1614,1,0
C,H,C,9052,100,9052,1,0
A,D,D,9262,100,9262,1,0
B,D,D,5988,100,5988,1,0
C,D,D,8681,100,8681,1,0
D,E,D,9709,100,9709,1,0
D,F,D,6385,100,6385,1,0
D,G,D,9224,100,9224,1,0
D,H,D,1475,100,1475,1,0
A,E,E,1421,100,1421,1,0
B,E,E,4282,100,4282,1,0
C,E,E,9878,100,9878,1,0
D,E,E,9720,100,9720,1,0
E,F,E,3685,100,3685,1,0
E,G,E,9918,100,9918,1,0
E,H,E,9691,100,9691,1,0
A,F,F,3491,100,3491,1,0
B,F,F,1426,100,1426,1,0
C,F,F,7208,100,7208,1,0
D,F,F,6354,100,6354,1,0
E,F,F,3695,100,3695,1,0
F,G,F,7378,100,7378,1,0
F,H,F,6284,100,6284,1,0
A,G,G,9611,100,9611,1,0
B,G,G,7181,100,7181,1,0
C,G,G,1620,100,1620,1,0
D,G,G,9254,100,9254,1,0
E,G,G,9918,100,9918,1,0
F,G,G,7342,100,7342,1,0
G,H,G,9315,100,9315,1,0
A,H,H,9404,100,9404,1,0
B,H,H,6235,100,6235,1,0
C,H,H,9070,100,9070,1,0
D,H,H,1401,100,1401,1,0
E,H,H,9646,100,9646,1,0
F,H,H,6294,100,6294,1,0
G,H,H,9353,100,9353,1,0
A,B,A,3638,100,3638,1,0
A,C,A,9330,100,9330,1,0
A,D,A,9289,100,9289,1,0
A,E,A,1438,100,1438,1,0
A,F,A,3527,100,3527,1,0
A,G,A,9573,100,9573,1,0
A,H,A,9412,100,9412,1,0
A,B,B,3644,100,3644,1,0
B,C,B,6750,100,6750,1,0
B,D,B,5967,100,5967,1,0
B,E,B,4323,100,4323,1,0
B,F,B,1387,100,1387,1,0
B,G,B,7199,100,7199,1,0
B,H,B,6177,100,6177,1,0
A,C,C,9250,100,9250,1,0
B,C,C,6731,100,6731,1,0
C,D,C,8704,100,8704,1,0
C,E,C,9817,100,9817,1,0
C,F,C,7196,100,7196,1,0
C,G,C,1590,100,1590,1,0
C,H,C,9041,100,9041,1,0
A,D,D,9272,100,9272,1,0
B,D,D,5982,100,5982,1,0
C,D,D,8696,100,8696,1,0
D,E,D,9800,100,9800,1,0
D,F,D,6364,100,6364,1,0
D,G,D,9274,100,9274,1,0
D,H,D,1441,100,1441,1,0
A,E,E,1455,100,1455,1,0
B,E,E,4310,100,4310,1,0
C,E,E,9841,100,9841,1,0
D,E,E,9732,100,9732,1,0
E,F,E,3705,100,3705,1,0
E,G,E,9908,100,9908,1,0
E,H,E,9638,100,9638,1,0
A,F,F,3516,100,3516,1,0
B,F,F,1430,100,1430,1,0
C,F,F,7186,100,7186,1,0
D,F,F,6393,100,6393,1,0
E,F,F,3715,100,3715,1,0
F,G,F,7382,100,7382,1,0
F,H,F,6264,100,6264,1,0
A,G,G,9621,100,9621,1,0
B,G,G,7192,100,7192,1,0
C,G,G,1564,100,1564,1,0
D,G,G,9244,100,9244,1,0
E,G,G,9908,100,9908,1,0
F,G,G,7383,100,7383,1,0
G,H,G,9298,100,9298,1,0
A,H,H,9449,100,9449,1,0
B,H,H,6184,100,6184,1,0
C,H,H,9073,100,9073,1,0
D,H,H,1424,100,1424,1,0
E,H,H,9660,100,9660,1,0
F,H,H,6276,100,6276,1,0
G,H,H,9309,100,9309,1,0
A,B,A,3641,100,3641,1,0
A,C,A,9304,100,9304,1,0
A,D,A,9266,100,9266,1,0
A,E,A,1444,100,1444,1,0
A,F,A,3492,100,3492,1,0
A,G,A,9548,100,9548,1,0
A,H,A,9433,100,9433,1,0
A,B,B,3621,100,3621,1,0
B,C,B,6755,100,6755,1,0
B,D,B,5988,100,5988,1,0
B,E,B,4285,100,4285,1,0
B,F,B,1404,100,1404,1,0
B,G,B,7195,100,7195,1,0
B,H,B,6175,100,6175,1,0
A,C,C,9301,100,9301,1,0
B,C,C,6768,100,6768,1,0
C,D,C,8730,100,8730,1,0
C,E,C,9854,100,9854,1,0
C,F,C,7208,100,7208,1,0
C,G,C,1608,100,1608,1,0
C,H,C,9089,100,9089,1,0
A,D,D,9297,100,9297,1,0
B,D,D,5952,100,5952,1,0
C,D,D,8704,100,8704,1,0
D,E,D,9683,100,9683,1,0
D,F,D,6329,100,6329,1,0
D,G,D,9198,100,9198,1,0
D,H,D,1507,100,1507,1,0
A,E,E,1443,100,1443,1,0
B,E,E,4365,100,4365,1,0
C,E,E,9829,100,9829,1,0
D,E,E,9674,100,9674,1,0
E,F,E,3692,100,3692,1,0
E,G,E,9931,100,9931,1,0
E,H,E,9684,100,9684,1,0
A,F,F,3513,100,3513,1,0
B,F,F,1412,100,1412,1,0
C,F,F,7199,100,7199,1,0
D,F,F,6368,100,6368,1,0
E,F,F,3717,100,3717,1,0
F,G,F,7348,100,7348,1,0
F,H,F,6293,100,6293,1,0
A,G,G,9622,100,9622,1,0
B,G,G,7184,100,7184,1,0
C,G,G,1568,100,1568,1,0
D,G,G,9243,100,9243,1,0
E,G,G,9915,100,9915,1,0
F,G,G,7369,100,7369,1,0
G,H,G,9277,100,9277,1,0
A,H,H,9333,100,9333,1,0
B,H,H,6200,100,6200,1,0
C,H,H,9041,100,9041,1,0
D,H,H,1396,100,1396,1,0
E,H,H,9667,100,9667,1,0
F,H,H,6276,100,6276,1,0
G,H,H,9339,100,9339,1,0
A,B,A,3666,100,3666,1,0
A,C,A,9278,100,9278,1,0
A,D,A,9279,100,9279,1,0
A,E,A,1410,100,1410,1,0
A,F,A,3539,100,3539,1,0
A,G,A,9627,100,9627,1,0
A,H,A,9371,100,9371,1,0
A,B,B,3617,100,3617,1,0
B,C,B,6754,100,6754,1,0
B,D,B,5977,100,5977,1,0
B,E,B,4303,100,4303,1,0
B,F,B,1391,100,1391,1,0
B,G,B,7218,100,7218,1,0
B,H,B,6186,100,6186,1,0
A,C,C,9282,100,9282,1,0
B,C,C,6768,100,6768,1,0
C,D,C,8735,100,8735,1,0
C,E,C,9815,100,9815,1,0
C,F,C,7210,100,7210,1,0
C,G,C,1599,100,1599,1,0
C,H,C,9066,100,9066,1,0
A,D,D,9249,100,9249,1,0
B,D,D,5930,100,5930,1,0
C,D,D,8700,100,8700,1,0
D,E,D,9719,100,9719,1,0
D,F,D,6323,100,6323,1,0
D,G,D,9229,100,9229,1,0
D,H,D,1391,100,1391,1,0
A,E,E,1458,100,1458,1,0
B,E,E,4342,100,4342,1,0
C,E,E,9825,100,9825,1,0
D,E,E,9677,100,9677,1,0
E,F,E,3711,100,3711,1,0
E,G,E,9931,100,9931,1,0
E,H,E,9637,100,9637,1,0
A,F,F,3512,100,3512,1,0
B,F,F,1442,100,1442,1,0
C,F,F,7233,100,7233,1,0
D,F,F,6368,100,6368,1,0
E,F,F,3719,100,3719,1,0
F,G,F,7379,100,7379,1,0
F,H,F,6279,100,6279,1,0
A,G,G,9595,100,9595,1,0
B,G,G,7177,100,7177,1,0
C,G,G,1596,100,1596,1,0
D,G,G,9255,100,9255,1,0
E,G,G,9934,100,9934,1,0
F,G,G,7347,100,7347,1,0
G,H,G,9326,100,9326,1,0
A,H,H,9405,100,9405,1,0
B,H,H,6181,100,6181,1,0
C,H,H,9025,100,9025,1,0
D,H,H,1446,100,1446,1,0
E,H,H,9626,100,9626,1,0
F,H,H,6253,100,6253,1,0
G,H,H,9332,100,9332,1,0
A,B,A,3651,100,3651,1,0
A,C,A,9282,100,9282,1,0
A,D,A,9270,100,9270,1,0
A,E,A,1471,100,1471,1,0
A,F,A,3551,100,3551,1,0
A,G,A,9624,100,9624,1,0
A,H,A,9443,100,9443,1,0
A,B,B,3656,100,3656,1,0
B,C,B,6729,100,6729,1,0
B,D,B,5973,100,5973,1,0
B,E,B,4349,100,4349,1,0
B,F,B,1378,100,1378,1,0
B,G,B,7199,100,7199,1,0
B,H,B,6260,100,6260,1,0
A,C,C,9270,100,9270,1,0
B,C,C,6711,100,6711,1,0
C,D,C,8690,100,8690,1,0
C,E,C,9850,100,9850,1,0
C,F,C,7227,100,7227,1,0
C,G,C,1601,100,1601,1,0
C,H,C,9042,100,9042,1,0
A,D,D,9281,100,9281,1,0
B,D,D,5951,100,5951,1,0
C,D,D,8715,100,8715,1,0
D,E,D,9679,100,9679,1,0
D,F,D,6372,100,6372,1,0
D,G,D,9250,100,9250,1,0
D,H,D,1406,100,1406,1,0
A,E,E,1502,100,1502,1,0
B,E,E,4277,100,4277,1,0
C,E,E,9847,100,9847,1,0
D,E,E,9794,100,9794,1,0
E,F,E,3668,100,3668,1,0
E,G,E,9900,100,9900,1,0
E,H,E,9658,100,9658,1,0
A,F,F,3556,100,3556,1,0
B,F,F,1400,100,1400,1,0
C,F,F,7208,100,7208,1,0
D,F,F,6354,100,6354,1,0
E,F,F,3695,100,3695,1,0
F,G,F,7398,100,7398,1,0
F,H,F,6291,100,6291,1,0
A,G,G,9574,100,9574,1,0
B,G,G,7146,100,7146,1,0
C,G,G,1557,100,1557,1,0
D,G,G,9244,100,9244,1,0
E,G,G,9902,100,9902,1,0
F,G,G,7372,100,7372,1,0
G,H,G,9318,100,9318,1,0
A,H,H,9429,100,9429,1,0
B,H,H,6177,100,6177,1,0
C,H,H,9042,100,9042,1,0
D,H,H,1415,100,1415,1,0
E,H,H,9665,100,9665,1,0
F,H,H,6249,100,6249,1,0
G,H,H,9285,100,9285,1,0
A,B,A,3633,100,3633,1,0
A,C,A,9313,100,9313,1,0
A,D,A,9287,100,9287,1,0
A,E,A,1476,100,1476,1,0
A,F,A,3504,100,3504,1,0
A,G,A,9619,100,9619,1,0
A,H,A,9367,100,9367,1,0
A,B,B,3679,100,3679,1,0
B,C,B,6742,100,6742,1,0
B,D,B,5954,100,5954,1,0
B,E,B,4311,100,4311,1,0
B,F,B,1398,100,1398,1,0
B,G,B,7168,100,7168,1,0
B,H,B,6180,100,6180,1,0
A,C,C,9288,100,9288,1,0
B,C,C,6742,100,6742,1,0
C,D,C,8737,100,8737,1,0
C,E,C,9857,100,9857,1,0
C,F,C,7238,100,7238,1,0
C,G,C,1576,100,1576,1,0
C,H,C,9076,100,9076,1,0
A,D,D,9302,100,9302,1,0
B,D,D,5952,100,5952,1,0
C,D,D,8717,100,8717,1,0
D,E,D,9737,100,9737,1,0
D,F,D,6357,100,6357,1,0
D,G,D,9269,100,9269,1,0
D,H,D,1439,100,1439,1,0
A,E,E,1450,100,1450,1,0
B,E,E,4328,100,4328,1,0
C,E,E,9834,100,9834,1,0
D,E,E,9730,100,9730,1,0
E,F,E,3686,100,3686,1,0
E,G,E,9891,100,9891,1,0
E,H,E,9658,100,9658,1,0
A,F,F,3500,100,3500,1,0
B,F,F,1395,100,1395,1,0
C,F,F,7202,100,7202,1,0
D,F,F,6351,100,6351,1,0
E,F,F,3680,100,3680,1,0
F,G,F,7371,100,7371,1,0
F,H,F,6255,100,6255,1,0
A,G,G,9625,100,9625,1,0
B,G,G,7190,100,7190,1,0
C,G,G,1573,100,1573,1,0
D,G,G,9262,100,9262,1,0
E,G,G,9892,100,9892,1,0
F,G,G,7370,100,7370,1,0
G,H,G,9310,100,9310,1,0
A,H,H,9380,100,9380,1,0
B,H,H,6194,100,6194,1,0
C,H,H,9087,100,9087,1,0
D,H,H,1433,100,1433,1,0
E,H,H,9653,100,9653,1,0
F,H,H,6306,100,6306,1,0
G,H,H,9337,100,9337,1,0
A,B,A,3666,100,3666,1,0
A,C,A,9266,100,9266,1,0
A,D,A,9256,100,9256,1,0
A,E,A,1430,100,1430,1,0
A,F,A,3490,100,3490,1,0
A,G,A,9623,100,9623,1,0
A,H,A,9385,100,9385,1,0
A,B,B,3592,100,3592,1,0
B,C,B,6715,100,6715,1,0
B,D,B,5998,100,5998,1,0
B,E,B,4318,100,4318,1,0
B,F,B,1435,100,1435,1,0
B,G,B,7186,100,7186,1,0
B,H,B,6225,100,6225,1,0
A,C,C,9322,100,9322,1,0
B,C,C,6762,100,6762,1,0
C,D,C,8730,100,8730,1,0
C,E,C,9812,100,9812,1,0
C,F,C,7208,100,7208,1,0
C,G,C,1602,100,1602,1,0
C,H,C,9056,100,9056,1,0
A,D,D,9257,100,9257,1,0
B,D,D,6007,100,6007,1,0
C,D,D,8743,100,8743,1,0
D,E,D,9760,100,9760,1,0
D,F,D,6385,100,6385,1,0
D,G,D,9238,100,9238,1,0
D,H,D,1401,100,1401,1,0
A,E,E,1487,100,1487,1,0
B,E,E,4297,100,4297,1,0
C,E,E,9825,100,9825,1,0
D,E,E,9727,100,9727,1,0
E,F,E,3699,100,3699,1,0
E,G,E,9897,100,9897,1,0
E,H,E,9680,100,9680,1,0
A,F,F,3555,100,3555,1,0
B,F,F,1390,100,1390,1,0
C,F,F,7208,100,7208,1,0
D,F,F,6358,100,6358,1,0
E,F,F,3707,100,3707,1,0
F,G,F,7369,100,7369,1,0
F,H,F,6247,100,6247,1,0
A,G,G,9599,100,9599,1,0
B,G,G,7199,100,7199,1,0
C,G,G,1588,100,1588,1,0
D,G,G,9235,100,9235,1,0
E,G,G,9920,100,9920,1,0
F,G,G,7352,100,7352,1,0
G,H,G,9283,100,9283,1,0
A,H,H,9410,100,9410,1,0
B,H,H,6251,100,6251,1,0
C,H,H,8990,100,8990,1,0
D,H,H,1403,100,1403,1,0
E,H,H,9669,100,9669,1,0
F,H,H,6274,100,6274,1,0
G,H,H,9344,100,9344,1,0
A,B,A,3649,100,3649,1,0
A,C,A,9335,100,9335,1,0
A,D,A,9272,100,9272,1,0
A,E,A,1462,100,1462,1,0
A,F,A,3515,100,3515,1,0
A,G,A,9634,100,9634,1,0
A,H,A,9423,100,9423,1,0
A,B,B,3665,100,3665,1,0
B,C,B,6714,100,6714,1,0
B,D,B,5970,100,5970,1,0
B,E,B,4300,100,4300,1,0
B,F,B,1429,100,1429,1,0
B,G,B,7184,100,7184,1,0
B,H,B,6235,100,6235,1,0
A,C,C,9274,100,9274,1,0
B,C,C,6730,100,6730,1,0
C,D,C,8741,100,8741,1,0
C,E,C,9811,100,9811,1,0
C,F,C,7215,100,7215,1,0
C,G,C,1560,100,1560,1,0
C,H,C,9093,100,9093,1,0
A,D,D,9273,100,9273,1,0
B,D,D,5942,100,5942,1,0
C,D,D,8725,100,8725,1,0
D,E,D,9738,100,9738,1,0
D,F,D,6355,100,6355,1,0
D,G,D,9220,100,9220,1,0
D,H,D,1393,100,1393,1,0
A,E,E,1419,100,1419,1,0
B,E,E,4277,100,4277,1,0
C,E,E,9839,100,9839,1,0
D,E,E,9796,100,9796,1,0
E,F,E,3696,100,3696,1,0
E,G,E,9925,100,9925,1,0
E,H,E,9656,100,9656,1,0
A,F,F,3560,100,3560,1,0
B,F,F,1407,100,1407,1,0
C,F,F,7214,100,7214,1,0
D,F,F,6347,100,6347,1,0
E,F,F,3684,100,3684,1,0
F,G,F,7374,100,7374,1,0
F,H,F,6263,100,6263,1,0
A,G,G,9642,100,9642,1,0
B,G,G,7183,100,7183,1,0
C,G,G,1577,100,1577,1,0
D,G,G,9230,100,9230,1,0
E,G,G,9905,100,9905,1,0
F,G,G,7349,100,7349,1,0
G,H,G,9340,100,9340,1,0
A,H,H,9402,100,9402,1,0
B,H,H,6238,100,6238,1,0
C,H,H,9030,100,9030,1,0
D,H,H,1461,100,1461,1,0
E,H,H,9663,100,9663,1,0
F,H,H,6268,100,6268,1,0
G,H,H,9353,100,9353,1,0
A,B,A,3601,100,3601,1,0
A,C,A,9297,100,9297,1,0
A,D,A,9270,100,9270,1,0
A,E,A,1423,100,1423,1,0
A,F,A,3507,100,3507,1,0
A,G,A,9614,100,9614,1,0
A,H,A,9391,100,9391,1,0
A,B,B,3642,100,3642,1,0
B,C,B,6717,100,6717,1,0
B,D,B,5925,100,5925,1,0
B,E,B,4282,100,4282,1,0
B,F,B,1384,100,1384,1,0
B,G,B,7229,100,7229,1,0
B,H,B,6223,100,6223,1,0
A,C,C,9266,100,9266,1,0
B,C,C,6755,100,6755,1,0
C,D,C,8714,100,8714,1,0
C,E,C,9834,100,9834,1,0
C,F,C,7223,100,7223,1,0
C,G,C,1593,100,1593,1,0
C,H,C,9101,100,9101,1,0
A,D,D,9273,100,9273,1,0
B,D,D,5961,100,5961,1,0
C,D,D,8706,100,8706,1,0
D,E,D,9730,100,9730,1,0
D,F,D,6332,100,6332,1,0
D,G,D,9249,100,9249,1,0
D,H,D,1383,100,1383,1,0
A,E,E,1433,100,1433,1,0
B,E,E,4329,100,4329,1,0
C,E,E,9811,100,9811,1,0
D,E,E,9669,100,9669,1,0
E,F,E,3689,100,3689,1,0
E,G,E,9946,100,9946,1,0
E,H,E,9695,100,9695,1,0
A,F,F,3510,100,3510,1,0
B,F,F,1426,100,1426,1,0
C,F,F,7215,100,7215,1,0
D,F,F,6375,100,6375,1,0
E,F,F,3712,100,3712,1,0
F,G,F,7358,100,7358,1,0
F,H,F,6277,100,6277,1,0
A,G,G,9646,100,9646,1,0
B,G,G,7190,100,7190,1,0
C,G,G,1573,100,1573,1,0
D,G,G,9266,100,9266,1,0
E,G,G,9893,100,9893,1,0
F,G,G,7351,100,7351,1,0
G,H,G,9337,100,9337,1,0
A,H,H,9412,100,9412,1,0
B,H,H,6173,100,6173,1,0
C,H,H,9008,100,9008,1,0
D,H,H,1439,100,1439,1,0
E,H,H,9623,100,9623,1,0
F,H,H,6275,100,6275,1,0
G,H,H,9323,100,9323,1,0
A,B,A,3611,100,3611,1,0
A,C,A,9284,100,9284,1,0
A,D,A,9276,100,9276,1,0
A,E,A,1456,100,1456,1,0
A,F,A,3510,100,3510,1,0
A,G,A,9631,100,9631,1,0
A,H,A,9400,100,9400,1,0
A,B,B,3644,100,3644,1,0
B,C,B,6737,100,6737,1,0
B,D,B,5940,100,5940,1,0
B,E,B,4336,100,4336,1,0
B,F,B,1426,100,1426,1,0
B,G,B,7199,100,7199,1,0
B,H,B,6186,100,6186,1,0
A,C,C,9291,100,9291,1,0
B,C,C,6758,100,6758,1,0
C,D,C,8730,100,8730,1,0
C,E,C,9809,100,9809,1,0
C,F,C,7199,100,7199,1,0
C,G,C,1561,100,1561,1,0
C,H,C,9063,100,9063,1,0
A,D,D,9264,100,9264,1,0
B,D,D,5929,100,5929,1,0
C,D,D,8708,100,8708,1,0
D,E,D,9742,100,9742,1,0
D,F,D,6334,100,6334,1,0
D,G,D,9215,100,9215,1,0
D,H,D,1441,100,1441,1,0
A,E,E,1448,100,1448,1,0
B,E,E,4328,100,4328,1,0
C,E,E,9825,100,9825,1,0
D,E,E,9770,100,9770,1,0
E,F,E,3713,100,3713,1,0
E,G,E,9929,100,9929,1,0
E,H,E,9680,100,9680,1,0
A,F,F,3483,100,3483,1,0
B,F,F,1409,100,1409,1,0
C,F,F,7211,100,7211,1,0
D,F,F,6317,100,6317,1,0
E,F,F,3703,100,3703,1,0
F,G,F,7369,100,7369,1,0
F,H,F,6235,100,6235,1,0
A,G,G,9602,100,9602,1,0
B,G,G,7178,100,7178,1,0
C,G,G,1566,100,1566,1,0
D,G,G,9235,100,9235,1,0
E,G,G,9931,100,9931,1,0
F,G,G,7370,100,7370,1,0
G,H,G,9332,100,9332,1,0
A,H,H,9413,100,9413,1,0
B,H,H,6204,100,6204,1,0
C,H,H,9033,100,9033,1,0
D,H,H,1406,100,1406,1,0
E,H,H,9660,100,9660,1,0
F,H,H,6298,100,6298,1,0
G,H,H,9305,100,9305,1,0
A,B,A,3630,100,3630,1,0
A,C,A,9329,100,9329,1,0
A,D,A,9245,100,9245,1,0
A,E,A,1478,100,1478,1,0
A,F,A,3512,100,3512,1,0
A,G,A,9631,100,9631,1,0
A,H,A,9406,100,9406,1,0
A,B,B,3626,100,3626,1,0
B,C,B,6738,100,6738,1,0
B,D,B,5976,100,5976,1,0
B,E,B,4321,100,4321,1,0
B,F,B,1390,100,1390,1,0
B,G,B,7204,100,7204,1,0
B,H,B,6193,100,6193,1,0
A,C,C,9242,100,9242,1,0
B,C,C,6779,100,6779,1,0
C,D,C,8742,100,8742,1,0
C,E,C,9803,100,9803,1,0
C,F,C,7200,100,7200,1,0
C,G,C,1610,100,1610,1,0
C,H,C,9030,100,9030,1,0
A,D,D,9293,100,9293,1,0
B,D,D,5926,100,5926,1,0
C,D,D,8715,100,8715,1,0
D,E,D,9740,100,9740,1,0
D,F,D,6344,100,6344,1,0
D,G,D,9249,100,9249,1,0
D,H,D,1407,100,1407,1,0
A,E,E,1474,100,1474,1,0
B,E,E,4313,100,4313,1,0
C,E,E,9823,100,9823,1,0
D,E,E,9781,100,9781,1,0
E,F,E,3715,100,3715,1,0
E,G,E,9908,100,9908,1,0
E,H,E,9658,100,9658,1,0
A,F,F,3552,100,3552,1,0
B,F,F,1371,100,1371,1,0
C,F,F,7197,100,7197,1,0
D,F,F,6341,100,6341,1,0
E,F,F,3689,100,3689,1,0
F,G,F,7375,100,7375,1,0
F,H,F,6258,100,6258,1,0
A,G,G,9622,100,9622,1,0
B,G,G,7175,100,7175,1,0
C,G,G,1598,100,1598,1,0
D,G,G,9230,100,9230,1,0
E,G,G,9907,100,9907,1,0
F,G,G,7353,100,7353,1,0
G,H,G,9344,100,9344,1,0
A,H,H,9394,100,9394,1,0
B,H,H,6183,100,6183,1,0
C,H,H,9052,100,9052,1,0
D,H,H,1432,100,1432,1,0
E,H,H,9638,100,9638,1,0
F,H,H,6251,100,6251,1,0
G,H,H,9344,100,9344,1,0
A,B,A,3675,100,3675,1,0
A,C,A,9295,100,9295,1,0
A,D,A,9268,100,9268,1,0
A,E,A,1435,100,1435,1,0
A,F,A,3521,100,3521,1,0
A,G,A,9580,100,9580,1,0
A,H,A,9395,100,9395,1,0
A,B,B,3620,100,3620,1,0
B,C,B,6756,100,6756,1,0
B,D,B,5989,100,5989,1,0
B,E,B,4289,100,4289,1,0
B,F,B,1425,100,1425,1,0
B,G,B,7183,100,7183,1,0
B,H,B,6200,100,6200,1,0
A,C,C,9274,100,9274,1,0
B,C,C,6737,100,6737,1,0
C,D,C,8712,100,8712,1,0
C,E,C,9861,100,9861,1,0
C,F,C,7227,100,7227,1,0
C,G,C,1551,100,1551,1,0
C,H,C,8996,100,8996,1,0
A,D,D,9245,100,9245,1,0
B,D,D,5985,100,5985,1,0
C,D,D,8751,100,8751,1,0
D,E,D,9719,100,9719,1,0
D,F,D,6321,100,6321,1,0
D,G,D,9207,100,9207,1,0
D,H,D,1477,100,1477,1,0
A,E,E,1565,100,1565,1,0
B,E,E,4299,100,4299,1,0
C,E,E,9818,100,9818,1,0
D,E,E,9756,100,9756,1,0
E,F,E,3695,100,3695,1,0
E,G,E,9924,100,9924,1,0
E,H,E,9638,100,9638,1,0
A,F,F,3518,100,3518,1,0
B,F,F,1426,100,1426,1,0
C,F,F,7209,100,7209,1,0
D,F,F,6341,100,6341,1,0
E,F,F,3706,100,3706,1,0
F,G,F,7363,100,7363,1,0
F,H,F,6297,100,6297,1,0
A,G,G,9598,100,9598,1,0
B,G,G,7235,100,7235,1,0
C,G,G,1586,100,1586,1,0
D,G,G,9264,100,9264,1,0
E,G,G,9962,100,9962,1,0
F,G,G,7373,100,7373,1,0
G,H,G,9325,100,9325,1,0
A,H,H,9442,100,9442,1,0
B,H,H,6184,100,6184,1,0
C,H,H,9047,100,9047,1,0
D,H,H,1410,100,1410,1,0
E,H,H,9689,100,9689,1,0
F,H,H,6275,100,6275,1,0
G,H,H,9354,100,9354,1,0
A,B,A,3640,100,3640,1,0
A,C,A,9329,100,9329,1,0
A,D,A,9270,100,9270,1,0
A,E,A,1430,100,1430,1,0
A,F,A,3502,100,3502,1,0
A,G,A,9608,100,9608,1,0
A,H,A,9358,100,9358,1,0
A,B,B,3625,100,3625,1,0
B,C,B,6762,100,6762,1,0
B,D,B,5970,100,5970,1,0
B,E,B,4330,100,4330,1,0
B,F,B,1391,100,1391,1,0
B,G,B,7186,100,7186,1,0
B,H,B,6216,100,6216,1,0
A,C,C,9353,100,9353,1,0
B,C,C,6734,100,6734,1,0
C,D,C,8758,100,8758,1,0
C,E,C,9838,100,9838,1,0
C,F,C,7228,100,7228,1,0
C,G,C,1559,100,1559,1,0
C,H,C,9035,100,9035,1,0
A,D,D,9255,100,9255,1,0
B,D,D,5958,100,5958,1,0
C,D,D,8718,100,8718,1,0
D,E,D,9694,100,9694,1,0
D,F,D,6378,100,6378,1,0
D,G,D,9232,100,9232,1,0
D,H,D,1422,100,1422,1,0
A,E,E,1488,100,1488,1,0
B,E,E,4313,100,4313,1,0
C,E,E,9843,100,9843,1,0
D,E,E,9721,100,9721,1,0
E,F,E,3690,100,3690,1,0
E,G,E,9918,100,9918,1,0
E,H,E,9633,100,9633,1,0
A,F,F,3536,100,3536,1,0
B,F,F,1399,100,1399,1,0
C,F,F,7200,100,7200,1,0
D,F,F,6333,100,6333,1,0
E,F,F,3711,100,3711,1,0
F,G,F,7357,100,7357,1,0
F,H,F,6308,100,6308,1,0
A,G,G,9597,100,9597,1,0
B,G,G,7206,100,7206,1,0
C,G,G,1620,100,1620,1,0
D,G,G,9237,100,9237,1,0
E,G,G,9911,100,9911,1,0
F,G,G,7331,100,7331,1,0
G,H,G,9329,100,9329,1,0
A,H,H,9428,100,9428,1,0
B,H,H,6214,100,6214,1,0
C,H,H,9050,100,9050,1,0
D,H,H,1391,100,1391,1,0
E,H,H,9664,100,9664,1,0
F,H,H,6294,100,6294,1,0
G,H,H,9315,100,9315,1,0
A,B,A,3631,100,3631,1,0
A,C,A,9282,100,9282,1,0
A,D,A,9264,100,9264,1,0
A,E,A,1477,100,1477,1,0
A,F,A,3559,100,3559,1,0
A,G,A,9603,100,9603,1,0
A,H,A,9387,100,9387,1,0
A,B,B,3667,100,3667,1,0
B,C,B,6728,100,6728,1,0
B,D,B,5900,100,5900,1,0
B,E,B,4317,100,4317,1,0
B,F,B,1420,100,1420,1,0
B,G,B,7177,100,7177,1,0
B,H,B,6209,100,6209,1,0
A,C,C,9282,100,9282,1,0
B,C,C,6730,100,6730,1,0
C,D,C,8737,100,8737,1,0
C,E,C,9827,100,9827,1,0
C,F,C,7221,100,7221,1,0
C,G,C,1579,100,1579,1,0
C,H,C,9055,100,9055,1,0
A,D,D,9241,100,9241,1,0
B,D,D,5981,100,5981,1,0
C,D,D,8738,100,8738,1,0
D,E,D,9717,100,9717,1,0
D,F,D,6380,100,6380,1,0
D,G,D,9251,100,9251,1,0
D,H,D,1437,100,1437,1,0
A,E,E,1442,100,1442,1,0
B,E,E,4286,100,4286,1,0
C,E,E,9784,100,9784,1,0
D,E,E,9689,100,9689,1,0
E,F,E,3658,100,3658,1,0
E,G,E,9899,100,9899,1,0
E,H,E,9686,100,9686,1,0
A,F,F,3567,100,3567,1,0
B,F,F,1404,100,1404,1,0
C,F,F,7212,100,7212,1,0
D,F,F,6336,100,6336,1,0
E,F,F,3720,100,3720,1,0
F,G,F,7352,100,7352,1,0
F,H,F,6245,100,6245,1,0
A,G,G,9619,100,9619,1,0
B,G,G,7172,100,7172,1,0
C,G,G,1547,100,1547,1,0
D,G,G,9235,100,9235,1,0
E,G,G,9906,100,9906,1,0
F,G,G,7368,100,7368,1,0
G,H,G,9275,100,9275,1,0
A,H,H,9357,100,9357,1,0
B,H,H,6162,100,6162,1,0
C,H,H,9036,100,9036,1,0
D,H,H,1461,100,1461,1,0
E,H,H,9647,100,9647,1,0
F,H,H,6270,100,6270,1,0
G,H,H,9309,100,9309,1,0
A,B,A,3660,100,3660,1,0
A,C,A,9281,100,9281,1,0
A,D,A,9264,100,9264,1,0
A,E,A,1458,100,1458,1,0
A,F,A,3480,100,3480,1,0
A,G,A,9601,100,9601,1,0
A,H,A,9414,100,9414,1,0
A,B,B,3635,100,3635,1,0
B,C,B,6770,100,6770,1,0
B,D,B,5991,100,5991,1,0
B,E,B,4347,100,4347,1,0
B,F,B,1445,100,1445,1,0
B,G,B,7179,100,7179,1,0
B,H,B,6225,100,6225,1,0
A,C,C,9347,100,9347,1,0
B,C,C,6774,100,6774,1,0
C,D,C,8747,100,8747,1,0
C,E,C,9758,100,9758,1,0
C,F,C,7184,100,7184,1,0
C,G,C,1563,100,1563,1,0
C,H,C,9040,100,9040,1,0
A,D,D,9278,100,9278,1,0
B,D,D,5961,100,5961,1,0
C,D,D,8716,100,8716,1,0
D,E,D,9676,100,9676,1,0
D,F,D,6353,100,6353,1,0
D,G,D,9263,100,9263,1,0
D,H,D,1413,100,1413,1,0
A,E,E,1443,100,1443,1,0
B,E,E,4317,100,4317,1,0
C,E,E,9789,100,9789,1,0
D,E,E,9685,100,9685,1,0
E,F,E,3700,100,3700,1,0
E,G,E,9959,100,9959,1,0
E,H,E,9642,100,9642,1,0
A,F,F,3520,100,3520,1,0
B,F,F,1441,100,1441,1,0
C,F,F,7192,100,7192,1,0
D,F,F,6363,100,6363,1,0
E,F,F,3685,100,3685,1,0
F,G,F,7374,100,7374,1,0
F,H,F,6234,100,6234,1,0
A,G,G,9573,100,9573,1,0
B,G,G,7167,100,7167,1,0
C,G,G,1548,100,1548,1,0
D,G,G,9203,100,9203,1,0
E,G,G,9925,100,9925,1,0
F,G,G,7375,100,7375,1,0
G,H,G,9329,100,9329,1,0
A,H,H,9405,100,9405,1,0
B,H,H,6212,100,6212,1,0
C,H,H,9065,100,9065,1,0
D,H,H,1399,100,1399,1,0
E,H,H,9658,100,9658,1,0
F,H,H,6266,100,6266,1,0
G,H,H,9313,100,9313,1,0
A,B,A,3645,100,3645,1,0
A,C,A,9293,100,9293,1,0
A,D,A,9266,100,9266,1,0
A,E,A,1462,100,1462,1,0
A,F,A,3560,100,3560,1,0
A,G,A,9592,100,9592,1,0
A,H,A,9443,100,9443,1,0
A,B,B,3633,100,3633,1,0
B,C,B,6730,100,6730,1,0
B,D,B,5970,100,5970,1,0
B,E,B,4325,100,4325,1,0
B,F,B,1395,100,1395,1,0
B,G,B,7188,100,7188,1,0
B,H,B,6146,100,6146,1,0
A,C,C,9306,100,9306,1,0
B,C,C,6731,100,6731,1,0
C,D,C,8753,100,8753,1,0
C,E,C,9798,100,9798,1,0
C,F,C,7223,100,7223,1,0
C,G,C,1550,100,1550,1,0
C,H,C,9103,100,9103,1,0
A,D,D,9260,100,9260,1,0
B,D,D,5976,100,5976,1,0
C,D,D,8727,100,8727,1,0
D,E,D,9744,100,9744,1,0
D,F,D,6347,100,6347,1,0
D,G,D,9246,100,9246,1,0
D,H,D,1352,100,1352,1,0
A,E,E,1484,100,1484,1,0
B,E,E,4285,100,4285,1,0
C,E,E,9809,100,9809,1,0
D,E,E,9708,100,9708,1,0
E,F,E,3703,100,3703,1,0
E,G,E,9908,100,9908,1,0
E,H,E,9631,100,9631,1,0
A,F,F,3553,100,3553,1,0
B,F,F,1410,100,1410,1,0
C,F,F,7239,100,7239,1,0
D,F,F,6359,100,6359,1,0
E,F,F,3725,100,3725,1,0
F,G,F,7368,100,7368,1,0
F,H,F,6273,100,6273,1,0
A,G,G,9608,100,9608,1,0
B,G,G,7173,100,7173,1,0
C,G,G,1586,100,1586,1,0
D,G,G,9224,100,9224,1,0
E,G,G,9920,100,9920,1,0
F,G,G,7401,100,7401,1,0
G,H,G,9300,100,9300,1,0
A,H,H,9477,100,9477,1,0
B,H,H,6203,100,6203,1,0
C,H,H,9066,100,9066,1,0
D,H,H,1433,100,1433,1,0
E,H,H,9656,100,9656,1,0
F,H,H,6275,100,6275,1,0
G,H,H,9337,100,9337,1,0
A,B,A,3634,100,3634,1,0
A,C,A,9300,100,9300,1,0
A,D,A,9270,100,9270,1,0
A,E,A,1462,100,1462,1,0
A,F,A,3552,100,3552,1,0
A,G,A,9643,100,9643,1,0
A,H,A,9437,100,9437,1,0
A,B,B,3657,100,3657,1,0
B,C,B,6728,100,6728,1,0
B,D,B,5932,100,5932,1,0
B,E,B,4298,100,4298,1,0
B,F,B,1411,100,1411,1,0
B,G,B,7170,100,7170,1,0
B,H,B,6191,100,6191,1,0
A,C,C,9301,100,9301,1,0
B,C,C,6738,100,6738,1,0
C,D,C,8702,100,8702,1,0
C,E,C,9819,100,9819,1,0
C,F,C,7245,100,7245,1,0
C,G,C,1551,100,1551,1,0
C,H,C,9019,100,9019,1,0
A,D,D,9290,100,9290,1,0
B,D,D,5933,100,5933,1,0
C,D,D,8702,100,8702,1,0
D,E,D,9762,100,9762,1,0
D,F,D,6342,100,6342,1,0
D,G,D,9235,100,9235,1,0
D,H,D,1444,100,1444,1,0
A,E,E,1475,100,1475,1,0
B,E,E,4317,100,4317,1,0
C,E,E,9842,100,9842,1,0
D,E,E,9786,100,9786,1,0
E,F,E,3712,100,3712,1,0
E,G,E,9941,100,9941,1,0
E,H,E,9642,100,9642,1,0
A,F,F,3514,100,3514,1,0
B,F,F,1371,100,1371,1,0
C,F,F,7215,100,7215,1,0
D,F,F,6358,100,6358,1,0
E,F,F,3724,100,3724,1,0
F,G,F,7372,100,7372,1,0
F,H,F,6293,100,6293,1,0
A,G,G,9620,100,9620,1,0
B,G,G,7211,100,7211,1,0
C,G,G,1530,100,1530,1,0
D,G,G,9215,100,9215,1,0
E,G,G,9915,100,9915,1,0
F,G,G,7357,100,7357,1,0
G,H,G,9323,100,9323,1,0
A,H,H,9392,100,9392,1,0
B,H,H,6237,100,6237,1,0
C,H,H,9053,100,9053,1,0
D,H,H,1428,100,1428,1,0
E,H,H,9655,100,9655,1,0
F,H,H,6304,100,6304,1,0
G,H,H,9302,100,9302,1,0
A,B,A,3659,100,3659,1,0
A,C,A,9283,100,9283,1,0
A,D,A,9287,100,9287,1,0
A,E,A,1411,100,1411,1,0
A,F,A,3555,100,3555,1,0
A,G,A,9653,100,9653,1,0
A,H,A,9388,100,9388,1,0
A,B,B,3658,100,3658,1,0
B,C,B,6738,100,6738,1,0
B,D,B,5975,100,5975,1,0
B,E,B,4296,100,4296,1,0
B,F,B,1396,100,1396,1,0
B,G,B,7180,100,7180,1,0
B,H,B,6152,100,6152,1,0
A,C,C,9294,100,9294,1,0
B,C,C,6792,100,6792,1,0
C,D,C,8743,100,8743,1,0
C,E,C,9823,100,9823,1,0
C,F,C,7192,100,7192,1,0
C,G,C,1563,100,1563,1,0
C,H,C,9063,100,9063,1,0
A,D,D,9291,100,9291,1,0
B,D,D,5923,100,5923,1,0
C,D,D,8724,100,8724,1,0
D,E,D,9761,100,9761,1,0
D,F,D,6368,100,6368,1,0
D,G,D,9247,100,9247,1,0
D,H,D,1428,100,1428,1,0
A,E,E,1444,100,1444,1,0
B,E,E,4319,100,4319,1,0
C,E,E,9830,100,9830,1,0
D,E,E,9684,100,9684,1,0
E,F,E,3690,100,3690,1,0
E,G,E,9904,100,9904,1,0
E,H,E,9650,100,9650,1,0
A,F,F,3561,100,3561,1,0
B,F,F,1402,100,1402,1,0
C,F,F,7219,100,7219,1,0
D,F,F,6362,100,6362,1,0
E,F,F,3731,100,3731,1,0
F,G,F,7380,100,7380,1,0
F,H,F,6304,100,6304,1,0
A,G,G,9577,100,9577,1,0
B,G,G,7192,100,7192,1,0
C,G,G,1602,100,1602,1,0
D,G,G,9232,100,9232,1,0
E,G,G,9903,100,9903,1,0
F,G,G,7369,100,7369,1,0
G,H,G,9348,100,9348,1,0
A,H,H,9395,100,9395,1,0
B,H,H,6202,100,6202,1,0
C,H,H,9020,100,9020,1,0
D,H,H,1422,100,1422,1,0
E,H,H,9652,100,9652,1,0
F,H,H,6251,100,6251,1,0
G,H,H,9303,100,9303,1,0
A,B,A,3670,100,3670,1,0
A,C,A,9303,100,9303,1,0
A,D,A,9274,100,9274,1,0
A,E,A,1440,100,1440,1,0
A,F,A,3493,100,3493,1,0
A,G,A,9619,100,9619,1,0
A,H,A,9404,100,9404,1,0
A,B,B,3597,100,3597,1,0
B,C,B,6746,100,6746,1,0
B,D,B,5942,100,5942,1,0
B,E,B,4282,100,4282,1,0
B,F,B,1401,100,1401,1,0
B,G,B,7203,100,7203,1,0
B,H,B,6173,100,6173,1,0
A,C,C,9314,100,9314,1,0
B,C,C,6732,100,6732,1,0
C,D,C,8741,100,8741,1,0
C,E,C,9819,100,9819,1,0
C,F,C,7230,100,7230,1,0
C,G,C,1595,100,1595,1,0
C,H,C,9036,100,9036,1,0
A,D,D,9269,100,9269,1,0
B,D,D,6002,100,6002,1,0
C,D,D,8744,100,8744,1,0
D,E,D,9756,100,9756,1,0
D,F,D,6353,100,6353,1,0
D,G,D,9238,100,9238,1,0
D,H,D,1407,100,1407,1,0
A,E,E,1460,100,1460,1,0
B,E,E,4284,100,4284,1,0
C,E,E,9843,100,9843,1,0
D,E,E,9738,100,9738,1,0
E,F,E,3690,100,3690,1,0
E,G,E,9927,100,9927,1,0
E,H,E,9673,100,9673,1,0
A,F,F,3524,100,3524,1,0
B,F,F,1421,100,1421,1,0
C,F,F,7215,100,7215,1,0
D,F,F,6347,100,6347,1,0
E,F,F,3703,100,3703,1,0
F,G,F,7377,100,7377,1,0
F,H,F,6301,100,6301,1,0
A,G,G,9617,100,9617,1,0
B,G,G,7161,100,7161,1,0
C,G,G,1593,100,1593,1,0
D,G,G,9261,100,9261,1,0
E,G,G,9893,100,9893,1,0
F,G,G,7369,100,7369,1,0
G,H,G,9346,100,9346,1,0
A,H,H,9441,100,9441,1,0
B,H,H,6210,100,6210,1,0
C,H,H,9076,100,9076,1,0
D,H,H,1368,100,1368,1,0
E,H,H,9676,100,9676,1,0
F,H,H,6258,100,6258,1,0
G,H,H,9357,100,9357,1,0
A,B,A,3594,100,3594,1,0
A,C,A,9271,100,9271,1,0
A,D,A,9277,100,9277,1,0
A,E,A,1473,100,1473,1,0
A,F,A,3514,100,3514,1,0
A,G,A,9576,100,9576,1,0
A,H,A,9395,100,9395,1,0
A,B,B,3679,100,3679,1,0
B,C,B,6725,100,6725,1,0
B,D,B,5969,100,5969,1,0
B,E,B,4297,100,4297,1,0
B,F,B,1385,100,1385,1,0
B,G,B,7203,100,7203,1,0
B,H,B,6253,100,6253,1,0
A,C,C,9268,100,9268,1,0
B,C,C,6771,100,6771,1,0
C,D,C,8740,100,8740,1,0
C,E,C,9823,100,9823,1,0
C,F,C,7193,100,7193,1,0
C,G,C,1600,100,1600,1,0
C,H,C,9056,100,9056,1,0
A,D,D,9278,100,9278,1,0
B,D,D,5922,100,5922,1,0
C,D,D,8772,100,8772,1,0
D,E,D,9781,100,9781,1,0
D,F,D,6331,100,6331,1,0
D,G,D,9232,100,9232,1,0
D,H,D,1450,100,1450,1,0
A,E,E,1488,100,1488,1,0
B,E,E,4302,100,4302,1,0
C,E,E,9817,100,9817,1,0
D,E,E,9740,100,9740,1,0
E,F,E,3681,100,3681,1,0
E,G,E,9918,100,9918,1,0
E,H,E,9675,100,9675,1,0
A,F,F,3508,100,3508,1,0
B,F,F,1380,100,1380,1,0
C,F,F,7218,100,7218,1,0
D,F,F,6357,100,6357,1,0
E,F,F,3706,100,3706,1,0
F,G,F,7378,100,7378,1,0
F,H,F,6275,100,6275,1,0
A,G,G,9626,100,9626,1,0
B,G,G,7194,100,7194,1,0
C,G,G,1562,100,1562,1,0
D,G,G,9245,100,9245,1,0
E,G,G,9898,100,9898,1,0
F,G,G,7367,100,7367,1,0
G,H,G,9316,100,9316,1,0
A,H,H,9443,100,9443,1,0
B,H,H,6216,100,6216,1,0
C,H,H,9061,100,9061,1,0
D,H,H,1412,100,1412,1,0
E,H,H,9641,100,9641,1,0
F,H,H,6270,100,6270,1,0
G,H,H,9320,100,9320,1,0
A,B,A,3628,100,3628,1,0
A,C,A,9259,100,9259,1,0
A,D,A,9288,100,9288,1,0
A,E,A,1467,100,1467,1,0
A,F,A,3524,100,3524,1,0
A,G,A,9619,100,9619,1,0
A,H,A,9375,100,9375,1,0
A,B,B,3610,100,3610,1,0
B,C,B,6733,100,6733,1,0
B,D,B,5960,100,5960,1,0
B,E,B,4295,100,4295,1,0
B,F,B,1371,100,1371,1,0
B,G,B,7196,100,7196,1,0
B,H,B,6195,100,6195,1,0
A,C,C,9303,100,9303,1,0
B,C,C,6750,100,6750,1,0
C,D,C,8686,100,8686,1,0
C,E,C,9841,100,9841,1,0
C,F,C,7254,100,7254,1,0
C,G,C,1609,100,1609,1,0
C,H,C,9055,100,9055,1,0
A,D,D,9281,100,9281,1,0
B,D,D,5991,100,5991,1,0
C,D,D,8704,100,8704,1,0
D,E,D,9767,100,9767,1,0
D,F,D,6375,100,6375,1,0
D,G,D,9209,100,9209,1,0
D,H,D,1420,100,1420,1,0
A,E,E,1455,100,1455,1,0
B,E,E,4236,100,4236,1,0
C,E,E,9781,100,9781,1,0
D,E,E,9726,100,9726,1,0
E,F,E,3683,100,3683,1,0
E,G,E,9918,100,9918,1,0
E,H,E,9658,100,9658,1,0
A,F,F,3539,100,3539,1,0
B,F,F,1420,100,1420,1,0
C,F,F,7200,100,7200,1,0
D,F,F,6331,100,6331,1,0
E,F,F,3710,100,3710,1,0
F,G,F,7378,100,7378,1,0
F,H,F,6272,100,6272,1,0
A,G,G,9568,100,9568,1,0
B,G,G,7195,100,7195,1,0
C,G,G,1541,100,1541,1,0
D,G,G,9251,100,9251,1,0
E,G,G,9937,100,9937,1,0
F,G,G,7364,100,7364,1,0
G,H,G,9326,100,9326,1,0
A,H,H,9471,100,9471,1,0
B,H,H,6176,100,6176,1,0
C,H,H,9050,100,9050,1,0
D,H,H,1400,100,1400,1,0
E,H,H,9659,100,9659,1,0
F,H,H,6303,100,6303,1,0
G,H,H,9320,100,9320,1,0
A,B,A,3625,100,3625,1,0
A,C,A,9261,100,9261,1,0
A,D,A,9251,100,9251,1,0
A,E,A,1452,100,1452,1,0
A,F,A,3491,100,3491,1,0
A,G,A,9613,100,9613,1,0
A,H,A,9382,100,9382,1,0
A,B,B,3622,100,3622,1,0
B,C,B,6735,100,6735,1,0
B,D,B,5977,100,5977,1,0
B,E,B,4282,100,4282,1,0
B,F,B,1411,100,1411,1,0
B,G,B,7210,100,7210,1,0
B,H,B,6183,100,6183,1,0
A,C,C,9321,100,9321,1,0
B,C,C,6719,100,6719,1,0
C,D,C,8742,100,8742,1,0
C,E,C,9825,100,9825,1,0
C,F,C,7208,100,7208,1,0
C,G,C,1583,100,1583,1,0
C,H,C,9018,100,9018,1,0
A,D,D,9238,100,9238,1,0
B,D,D,5975,100,5975,1,0
C,D,D,8758,100,8758,1,0
D,E,D,9724,100,9724,1,0
D,F,D,6334,100,6334,1,0
D,G,D,9218,100,9218,1,0
D,H,D,1450,100,1450,1,0
A,E,E,1416,100,1416,1,0
B,E,E,4299,100,4299,1,0
C,E,E,9831,100,9831,1,0
D,E,E,9756,100,9756,1,0
E,F,E,3695,100,3695,1,0
E,G,E,9923,100,9923,1,0
E,H,E,9691,100,9691,1,0
A,F,F,3536,100,3536,1,0
B,F,F,1400,100,1400,1,0
C,F,F,7215,100,7215,1,0
D,F,F,6349,100,6349,1,0
E,F,F,3708,100,3708,1,0
F,G,F,7377,100,7377,1,0
F,H,F,6279,100,6279,1,0
A,G,G,9643,100,9643,1,0
B,G,G,7175,100,7175,1,0
C,G,G,1613,100,1613,1,0
D,G,G,9196,100,9196,1,0
E,G,G,9922,100,9922,1,0
F,G,G,7392,100,7392,1,0
G,H,G,9295,100,9295,1,0
A,H,H,9438,100,9438,1,0
B,H,H,6141,100,6141,1,0
C,H,H,9079,100,9079,1,0
D,H,H,1389,100,1389,1,0
E,H,H,9649,100,9649,1,0
F,H,H,6272,100,6272,1,0
G,H,H,9348,100,9348,1,0
A,B,A,3622,100,3622,1,0
A,C,A,9211,100,9211,1,0
A,D,A,9290,100,9290,1,0
A,E,A,1429,100,1429,1,0
A,F,A,3548,100,3548,1,0
A,G,A,9600,100,9600,1,0
A,H,A,9457,100,9457,1,0
A,B,B,3641,100,3641,1,0
B,C,B,6700,100,6700,1,0
B,D,B,6020,100,6020,1,0
B,E,B,4335,100,4335,1,0
B,F,B,1403,100,1403,1,0
B,G,B,7191,100,7191,1,0
B,H,B,6281,100,6281,1,0
A,C,C,9319,100,9319,1,0
B,C,C,6755,100,6755,1,0
C,D,C,8728,100,8728,1,0
C,E,C,9839,100,9839,1,0
C,F,C,7204,100,7204,1,0
C,G,C,1602,100,1602,1,0
C,H,C,9003,100,9003,1,0
A,D,D,9273,100,9273,1,0
B,D,D,5951,100,5951,1,0
C,D,D,8671,100,8671,1,0
D,E,D,9775,100,9775,1,0
D,F,D,6354,100,6354,1,0
D,G,D,9213,100,9213,1,0
D,H,D,1420,100,1420,1,0
A,E,E,1512,100,1512,1,0
B,E,E,4280,100,4280,1,0
C,E,E,9834,100,9834,1,0
D,E,E,9708,100,9708,1,0
E,F,E,3746,100,3746,1,0
E,G,E,9931,100,9931,1,0
E,H,E,9651,100,9651,1,0
A,F,F,3533,100,3533,1,0
B,F,F,1429,100,1429,1,0
C,F,F,7193,100,7193,1,0
D,F,F,6355,100,6355,1,0
E,F,F,3693,100,3693,1,0
F,G,F,7351,100,7351,1,0
F,H,F,6269,100,6269,1,0
A,G,G,9624,100,9624,1,0
B,G,G,7177,100,7177,1,0
C,G,G,1603,100,1603,1,0
D,G,G,9250,100,9250,1,0
E,G,G,9927,100,9927,1,0
F,G,G,7370,100,7370,1,0
G,H,G,9287,100,9287,1,0
A,H,H,9380,100,9380,1,0
B,H,H,6197,100,6197,1,0
C,H,H,9050,100,9050,1,0
D,H,H,1391,100,1391,1,0
E,H,H,9629,100,9629,1,0
F,H,H,6259,100,6259,1,0
G,H,H,9312,100,9312,1,0
A,B,A,3661,100,3661,1,0
A,C,A,9292,100,9292,1,0
A,D,A,9254,100,9254,1,0
A,E,A,1409,100,1409,1,0
A,F,A,3514,100,3514,1,0
A,G,A,9604,100,9604,1,0
A,H,A,9402,100,9402,1,0
A,B,B,3641,100,3641,1,0
B,C,B,6741,100,6741,1,0
B,D,B,5949,100,5949,1,0
B,E,B,4290,100,4290,1,0
B,F,B,1406,100,1406,1,0
B,G,B,7207,100,7207,1,0
B,H,B,6213,100,6213,1,0
A,C,C,9342,100,9342,1,0
B,C,C,6736,100,6736,1,0
C,D,C,8686,100,8686,1,0
C,E,C,9821,100,9821,1,0
C,F,C,7188,100,7188,1,0
C,G,C,1536,100,1536,1,0
C,H,C,9055,100,9055,1,0
A,D,D,9270,100,9270,1,0
B,D,D,5909,100,5909,1,0
C,D,D,8714,100,8714,1,0
D,E,D,9763,100,9763,1,0
D,F,D,6368,100,6368,1,0
D,G,D,9250,100,9250,1,0
D,H,D,1442,100,1442,1,0
A,E,E,1489,100,1489,1,0
B,E,E,4331,100,4331,1,0
C,E,E,9837,100,9837,1,0
D,E,E,9728,100,9728,1,0
E,F,E,3707,100,3707,1,0
E,G,E,9910,100,9910,1,0
E,H,E,9664,100,9664,1,0
A,F,F,3519,100,3519,1,0
B,F,F,1388,100,1388,1,0
C,F,F,7224,100,7224,1,0
D,F,F,6310,100,6310,1,0
E,F,F,3703,100,3703,1,0
F,G,F,7341,100,7341,1,0
F,H,F,6291,100,6291,1,0
A,G,G,9563,100,9563,1,0
B,G,G,7157,100,7157,1,0
C,G,G,1584,100,1584,1,0
D,G,G,9237,100,9237,1,0
E,G,G,9886,100,9886,1,0
F,G,G,7376,100,7376,1,0
G,H,G,9314,100,9314,1,0
A,H,H,9402,100,9402,1,0
B,H,H,6172,100,6172,1,0
C,H,H,9044,100,9044,1,0
D,H,H,1420,100,1420,1,0
E,H,H,9622,100,9622,1,0
F,H,H,6283,100,6283,1,0
G,H,H,9307,100,9307,1,0
A,B,A,3642,100,3642,1,0
A,C,A,9323,100,9323,1,0
A,D,A,9274,100,9274,1,0
A,E,A,1403,100,1403,1,0
A,F,A,3573,100,3573,1,0
A,G,A,9540,100,9540,1,0
A,H,A,9413,100,9413,1,0
A,B,B,3621,100,3621,1,0
B,C,B,6767,100,6767,1,0
B,D,B,5993,100,5993,1,0
B,E,B,4246,100,4246,1,0
B,F,B,1404,100,1404,1,0
B,G,B,7196,100,7196,1,0
B,H,B,6243,100,6243,1,0
A,C,C,9314,100,9314,1,0
B,C,C,6792,100,6792,1,0
C,D,C,8683,100,8683,1,0
C,E,C,9812,100,9812,1,0
C,F,C,7205,100,7205,1,0
C,G,C,1569,100,1569,1,0
C,H,C,9029,100,9029,1,0
A,D,D,9280,100,9280,1,0
B,D,D,6007,100,6007,1,0
C,D,D,8729,100,8729,1,0
D,E,D,9725,100,9725,1,0
D,F,D,6338,100,6338,1,0
D,G,D,9203,100,9203,1,0
D,H,D,1429,100,1429,1,0
A,E,E,1456,100,1456,1,0
B,E,E,4325,100,4325,1,0
C,E,E,9865,100,9865,1,0
D,E,E,9773,100,9773,1,0
E,F,E,3672,100,3672,1,0
E,G,E,9952,100,9952,1,0
E,H,E,9669,100,9669,1,0
A,F,F,3567,100,3567,1,0
B,F,F,1427,100,1427,1,0
C,F,F,7198,100,7198,1,0
D,F,F,6359,100,6359,1,0
E,F,F,3704,100,3704,1,0
F,G,F,7388,100,7388,1,0
F,H,F,6262,100,6262,1,0
A,G,G,9617,100,9617,1,0
B,G,G,7185,100,7185,1,0
C,G,G,1643,100,1643,1,0
D,G,G,9235,100,9235,1,0
E,G,G,9929,100,9929,1,0
F,G,G,7368,100,7368,1,0
G,H,G,9332,100,9332,1,0
A,H,H,9417,100,9417,1,0
B,H,H,6141,100,6141,1,0
C,H,H,9056,100,9056,1,0
D,H,H,1414,100,1414,1,0
E,H,H,9637,100,9637,1,0
F,H,H,6253,100,6253,1,0
G,H,H,9348,100,9348,1,0
A,B,A,3671,100,3671,1,0
A,C,A,9284,100,9284,1,0
A,D,A,9281,100,9281,1,0
A,E,A,1407,100,1407,1,0
A,F,A,3513,100,3513,1,0
A,G,A,9620,100,9620,1,0
A,H,A,9415,100,9415,1,0
A,B,B,3657,100,3657,1,0
B,C,B,6766,100,6766,1,0
B,D,B,5930,100,5930,1,0
B,E,B,4323,100,4323,1,0
B,F,B,1365,100,1365,1,0
B,G,B,7210,100,7210,1,0
B,H,B,6161,100,6161,1,0
A,C,C,9284,100,9284,1,0
B,C,C,6718,100,6718,1,0
C,D,C,8715,100,8715,1,0
C,E,C,9818,100,9818,1,0
C,F,C,7213,100,7213,1,0
C,G,C,1583,100,1583,1,0
C,H,C,9101,100,9101,1,0
A,D,D,9298,100,9298,1,0
B,D,D,5917,100,5917,1,0
C,D,D,8713,100,8713,1,0
D,E,D,9745,100,9745,1,0
D,F,D,6354,100,6354,1,0
D,G,D,9215,100,9215,1,0
D,H,D,1461,100,1461,1,0
A,E,E,1397,100,1397,1,0
B,E,E,4344,100,4344,1,0
C,E,E,9866,100,9866,1,0
D,E,E,9716,100,9716,1,0
E,F,E,3679,100,3679,1,0
E,G,E,9936,100,9936,1,0
E,H,E,9643,100,9643,1,0
A,F,F,3530,100,3530,1,0
B,F,F,1387,100,1387,1,0
C,F,F,7199,100,7199,1,0
D,F,F,6373,100,6373,1,0
E,F,F,3720,100,3720,1,0
F,G,F,7359,100,7359,1,0
F,H,F,6271,100,6271,1,0
A,G,G,9580,100,9580,1,0
B,G,G,7205,100,7205,1,0
C,G,G,1555,100,1555,1,0
D,G,G,9258,100,9258,1,0
E,G,G,9923,100,9923,1,0
F,G,G,7355,100,7355,1,0
G,H,G,9303,100,9303,1,0
A,H,H,9433,100,9433,1,0
B,H,H,6201,100,6201,1,0
C,H,H,9038,100,9038,1,0
D,H,H,1461,100,1461,1,0
E,H,H,9615,100,9615,1,0
F,H,H,6260,100,6260,1,0
G,H,H,9289,100,9289,1,0
A,B,A,3625,100,3625,1,0
A,C,A,9286,100,9286,1,0
A,D,A,9292,100,9292,1,0
A,E,A,1449,100,1449,1,0
A,F,A,3530,100,3530,1,0
A,G,A,9609,100,9609,1,0
A,H,A,9379,100,9379,1,0
A,B,B,3606,100,3606,1,0
B,C,B,6701,100,6701,1,0
B,D,B,5958,100,5958,1,0
B,E,B,4322,100,4322,1,0
B,F,B,1389,100,1389,1,0
B,G,B,7167,100,7167,1,0
B,H,B,6215,100,6215,1,0
A,C,C,9256,100,9256,1,0
B,C,C,6731,100,6731,1,0
C,D,C,8671,100,8671,1,0
C,E,C,9817,100,9817,1,0
C,F,C,7208,100,7208,1,0
C,G,C,1558,100,1558,1,0
C,H,C,9095,100,9095,1,0
A,D,D,9280,100,9280,1,0
B,D,D,5933,100,5933,1,0
C,D,D,8718,100,8718,1,0
D,E,D,9689,100,9689,1,0
D,F,D,6355,100,6355,1,0
D,G,D,9221,100,9221,1,0
D,H,D,1446,100,1446,1,0
A,E,E,1422,100,1422,1,0
B,E,E,4289,100,4289,1,0
C,E,E,9844,100,9844,1,0
D,E,E,9722,100,9722,1,0
E,F,E,3716,100,3716,1,0
E,G,E,9924,100,9924,1,0
E,H,E,9635,100,9635,1,0
A,F,F,3523,100,3523,1,0
B,F,F,1410,100,1410,1,0
C,F,F,7217,100,7217,1,0
D,F,F,6360,100,6360,1,0
E,F,F,3671,100,3671,1,0
F,G,F,7388,100,7388,1,0
F,H,F,6324,100,6324,1,0
A,G,G,9590,100,9590,1,0
B,G,G,7196,100,7196,1,0
C,G,G,1590,100,1590,1,0
D,G,G,9264,100,9264,1,0
E,G,G,9919,100,9919,1,0
F,G,G,7371,100,7371,1,0
G,H,G,9321,100,9321,1,0
A,H,H,9412,100,9412,1,0
B,H,H,6156,100,6156,1,0
C,H,H,9040,100,9040,1,0
D,H,H,1392,100,1392,1,0
E,H,H,9661,100,9661,1,0
F,H,H,6343,100,6343,1,0
G,H,H,9300,100,9300,1,0
A,B,A,3670,100,3670,1,0
A,C,A,9342,100,9342,1,0
A,D,A,9266,100,9266,1,0
A,E,A,1429,100,1429,1,0
A,F,A,3533,100,3533,1,0
A,G,A,9583,100,9583,1,0
A,H,A,9403,100,9403,1,0
A,B,B,3626,100,3626,1,0
B,C,B,6711,100,6711,1,0
B,D,B,6034,100,6034,1,0
B,E,B,4315,100,4315,1,0
B,F,B,1427,100,1427,1,0
B,G,B,7195,100,7195,1,0
B,H,B,6205,100,6205,1,0
A,C,C,9287,100,9287,1,0
B,C,C,6728,100,6728,1,0
C,D,C,8730,100,8730,1,0
C,E,C,9834,100,9834,1,0
C,F,C,7205,100,7205,1,0
C,G,C,1581,100,1581,1,0
C,H,C,9042,100,9042,1,0
A,D,D,9265,100,9265,1,0
B,D,D,5948,100,5948,1,0
C,D,D,8746,100,8746,1,0
D,E,D,9702,100,9702,1,0
D,F,D,6334,100,6334,1,0
D,G,D,9247,100,9247,1,0
D,H,D,1414,100,1414,1,0
A,E,E,1439,100,1439,1,0
B,E,E,4362,100,4362,1,0
C,E,E,9842,100,9842,1,0
D,E,E,9710,100,9710,1,0
E,F,E,3713,100,3713,1,0
E,G,E,9882,100,9882,1,0
E,H,E,9658,100,9658,1,0
A,F,F,3491,100,3491,1,0
B,F,F,1403,100,1403,1,0
C,F,F,7193,100,7193,1,0
D,F,F,6342,100,6342,1,0
E,F,F,3674,100,3674,1,0
F,G,F,7361,100,7361,1,0
F,H,F,6337,100,6337,1,0
A,G,G,9609,100,9609,1,0
B,G,G,7229,100,7229,1,0
C,G,G,1554,100,1554,1,0
D,G,G,9230,100,9230,1,0
E,G,G,9937,100,9937,1,0
F,G,G,7379,100,7379,1,0
G,H,G,9350,100,9350,1,0
A,H,H,9403,100,9403,1,0
B,H,H,6167,100,6167,1,0
C,H,H,9063,100,9063,1,0
D,H,H,1443,100,1443,1,0
E,H,H,9661,100,9661,1,0
F,H,H,6275,100,6275,1,0
G,H,H,9305,100,9305,1,0
A,B,A,3606,100,3606,1,0
A,C,A,9319,100,9319,1,0
A,D,A,9275,100,9275,1,0
A,E,A,1423,100,1423,1,0
A,F,A,3481,100,3481,1,0
A,G,A,9619,100,9619,1,0
A,H,A,9439,100,9439,1,0
A,B,B,3620,100,3620,1,0
B,C,B,6741,100,6741,1,0
B,D,B,5947,100,5947,1,0
B,E,B,4293,100,4293,1,0
B,F,B,1400,100,1400,1,0
B,G,B,7191,100,7191,1,0
B,H,B,6205,100,6205,1,0
A,C,C,9309,100,9309,1,0
B,C,C,6703,100,6703,1,0
C,D,C,8729,100,8729,1,0
C,E,C,9802,100,9802,1,0
C,F,C,7212,100,7212,1,0
C,G,C,1602,100,1602,1,0
C,H,C,9057,100,9057,1,0
A,D,D,9239,100,9239,1,0
B,D,D,5949,100,5949,1,0
C,D,D,8728,100,8728,1,0
D,E,D,9747,100,9747,1,0
D,F,D,6336,100,6336,1,0
D,G,D,9203,100,9203,1,0
D,H,D,1397,100,1397,1,0
A,E,E,1454,100,1454,1,0
B,E,E,4342,100,4342,1,0
C,E,E,9816,100,9816,1,0
D,E,E,9674,100,9674,1,0
E,F,E,3667,100,3667,1,0
E,G,E,9911,100,9911,1,0
E,H,E,9663,100,9663,1,0
A,F,F,3527,100,3527,1,0
B,F,F,1374,100,1374,1,0
C,F,F,7205,100,7205,1,0
D,F,F,6377,100,6377,1,0
E,F,F,3698,100,3698,1,0
F,G,F,7375,100,7375,1,0
F,H,F,6275,100,6275,1,0
A,G,G,9615,100,9615,1,0
B,G,G,7174,100,7174,1,0
C,G,G,1594,100,1594,1,0
D,G,G,9231,100,9231,1,0
E,G,G,9935,100,9935,1,0
F,G,G,7374,100,7374,1,0
G,H,G,9359,100,9359,1,0
A,H,H,9376,100,9376,1,0
B,H,H,6191,100,6191,1,0
C,H,H,9077,100,9077,1,0
D,H,H,1388,100,1388,1,0
E,H,H,9643,100,9643,1,0
F,H,H,6258,100,6258,1,0
G,H,H,9295,100,9295,1,0
A,B,A,3608,100,3608,1,0
A,C,A,9278,100,9278,1,0
A,D,A,9264,100,9264,1,0
A,E,A,1442,100,1442,1,0
A,F,A,3522,100,3522,1,0
A,G,A,9626,100,9626,1,0
A,H,A,9434,100,9434,1,0
A,B,B,3627,100,3627,1,0
B,C,B,6714,100,6714,1,0
B,D,B,5973,100,5973,1,0
B,E,B,4323,100,4323,1,0
B,F,B,1365,100,1365,1,0
B,G,B,7187,100,7187,1,0
B,H,B,6171,100,6171,1,0
A,C,C,9341,100,9341,1,0
B,C,C,6742,100,6742,1,0
C,D,C,8738,100,8738,1,0
C,E,C,9779,100,9779,1,0
C,F,C,7202,100,7202,1,0
C,G,C,1615,100,1615,1,0
C,H,C,9040,100,9040,1,0
A,D,D,9243,100,9243,1,0
B,D,D,5971,100,5971,1,0
C,D,D,8699,100,8699,1,0
D,E,D,9745,100,9745,1,0
D,F,D,6352,100,6352,1,0
D,G,D,9225,100,9225,1,0
D,H,D,1353,100,1353,1,0
A,E,E,1386,100,1386,1,0
B,E,E,4327,100,4327,1,0
C,E,E,9838,100,9838,1,0
D,E,E,9680,100,9680,1,0
E,F,E,3651,100,3651,1,0
E,G,E,9896,100,9896,1,0
E,H,E,9706,100,9706,1,0
A,F,F,3582,100,3582,1,0
B,F,F,1372,100,1372,1,0
C,F,F,7201,100,7201,1,0
D,F,F,6351,100,6351,1,0
E,F,F,3700,100,3700,1,0
F,G,F,7371,100,7371,1,0
F,H,F,6276,100,6276,1,0
A,G,G,9653,100,9653,1,0
B,G,G,7177,100,7177,1,0
C,G,G,1615,100,1615,1,0
D,G,G,9242,100,9242,1,0
E,G,G,9903,100,9903,1,0
F,G,G,7356,100,7356,1,0
G,H,G,9355,100,9355,1,0
A,H,H,9388,100,9388,1,0
B,H,H,6228,100,6228,1,0
C,H,H,9054,100,9054,1,0
D,H,H,1473,100,1473,1,0
E,H,H,9649,100,9649,1,0
F,H,H,6238,100,6238,1,0
G,H,H,9293,100,9293,1,0
A,B,A,3607,100,3607,1,0
A,C,A,9305,100,9305,1,0
A,D,A,9283,100,9283,1,0
A,E,A,1399,100,1399,1,0
A,F,A,3502,100,3502,1,0
A,G,A,9588,100,9588,1,0
A,H,A,9393,100,9393,1,0
A,B,B,3638,100,3638,1,0
B,C,B,6717,100,6717,1,0
B,D,B,5938,100,5938,1,0
B,E,B,4305,100,4305,1,0
B,F,B,1439,100,1439,1,0
B,G,B,7245,100,7245,1,0
B,H,B,6194,100,6194,1,0
A,C,C,9265,100,9265,1,0
B,C,C,6805,100,6805,1,0
C,D,C,8733,100,8733,1,0
C,E,C,9841,100,9841,1,0
C,F,C,7222,100,7222,1,0
C,G,C,1553,100,1553,1,0
C,H,C,9073,100,9073,1,0
A,D,D,9249,100,9249,1,0
B,D,D,6016,100,6016,1,0
C,D,D,8730,100,8730,1,0
D,E,D,9674,100,9674,1,0
D,F,D,6324,100,6324,1,0
D,G,D,9263,100,9263,1,0
D,H,D,1394,100,1394,1,0
A,E,E,1448,100,1448,1,0
B,E,E,4307,100,4307,1,0
C,E,E,9837,100,9837,1,0
D,E,E,9719,100,9719,1,0
E,F,E,3693,100,3693,1,0
E,G,E,9901,100,9901,1,0
E,H,E,9677,100,9677,1,0
A,F,F,3518,100,3518,1,0
B,F,F,1414,100,1414,1,0
C,F,F,7222,100,7222,1,0
D,F,F,6357,100,6357,1,0
E,F,F,3714,100,3714,1,0
F,G,F,7379,100,7379,1,0
F,H,F,6234,100,6234,1,0
A,G,G,9593,100,9593,1,0
B,G,G,7153,100,7153,1,0
C,G,G,1619,100,1619,1,0
D,G,G,9258,100,9258,1,0
E,G,G,9908,100,9908,1,0
F,G,G,7352,100,7352,1,0
G,H,G,9307,100,9307,1,0
A,H,H,9373,100,9373,1,0
B,H,H,6186,100,6186,1,0
C,H,H,9062,100,9062,1,0
D,H,H,1387,100,1387,1,0
E,H,H,9706,100,9706,1,0
F,H,H,6279,100,6279,1,0
G,H,H,9353,100,9353,1,0
A,B,A,3649,100,3649,1,0
A,C,A,9281,100,9281,1,0
A,D,A,9291,100,9291,1,0
A,E,A,1440,100,1440,1,0
A,F,A,3496,100,3496,1,0
A,G,A,9657,100,9657,1,0
A,H,A,9383,100,9383,1,0
A,B,B,3665,100,3665,1,0
B,C,B,6743,100,6743,1,0
B,D,B,5958,100,5958,1,0
B,E,B,4284,100,4284,1,0
B,F,B,1365,100,1365,1,0
B,G,B,7194,100,7194,1,0
B,H,B,6151,100,6151,1,0
A,C,C,9260,100,9260,1,0
B,C,C,6724,100,6724,1,0
C,D,C,8744,100,8744,1,0
C,E,C,9825,100,9825,1,0
C,F,C,7223,100,7223,1,0
C,G,C,1558,100,1558,1,0
C,H,C,9048,100,9048,1,0
A,D,D,9227,100,9227,1,0
B,D,D,5984,100,5984,1,0
C,D,D,8749,100,8749,1,0
D,E,D,9702,100,9702,1,0
D,F,D,6375,100,6375,1,0
D,G,D,9294,100,9294,1,0
D,H,D,1391,100,1391,1,0
A,E,E,1448,100,1448,1,0
B,E,E,4314,100,4314,1,0
C,E,E,9775,100,9775,1,0
D,E,E,9733,100,9733,1,0
E,F,E,3680,100,3680,1,0
E,G,E,9920,100,9920,1,0
E,H,E,9617,100,9617,1,0
A,F,F,3515,100,3515,1,0
B,F,F,1389,100,1389,1,0
C,F,F,7216,100,7216,1,0
D,F,F,6335,100,6335,1,0
E,F,F,3687,100,3687,1,0
F,G,F,7374,100,7374,1,0
F,H,F,6254,100,6254,1,0
A,G,G,9612,100,9612,1,0
B,G,G,7220,100,7220,1,0
C,G,G,1555,100,1555,1,0
D,G,G,9244,100,9244,1,0
E,G,G,9923,100,9923,1,0
F,G,G,7411,100,7411,1,0
G,H,G,9292,100,9292,1,0
A,H,H,9418,100,9418,1,0
B,H,H,6228,100,6228,1,0
C,H,H,9072,100,9072,1,0
D,H,H,1443,100,1443,1,0
E,H,H,9677,100,9677,1,0
F,H,H,6274,100,6274,1,0
G,H,H,9336,100,9336,1,0
A,B,A,3620,100,3620,1,0
A,C,A,9369,100,9369,1,0
A,D,A,9251,100,9251,1,0
A,E,A,1444,100,1444,1,0
A,F,A,3531,100,3531,1,0
A,G,A,9583,100,9583,1,0
A,H,A,9399,100,9399,1,0
A,B,B,3669,100,3669,1,0
B,C,B,6739,100,6739,1,0
B,D,B,5961,100,5961,1,0
B,E,B,4338,100,4338,1,0
B,F,B,1376,100,1376,1,0
B,G,B,7201,100,7201,1,0
B,H,B,6232,100,6232,1,0
A,C,C,9285,100,9285,1,0
B,C,C,6738,100,6738,1,0
C,D,C,8730,100,8730,1,0
C,E,C,9865,100,9865,1,0
C,F,C,7212,100,7212,1,0
C,G,C,1611,100,1611,1,0
C,H,C,9049,100,9049,1,0
A,D,D,9295,100,9295,1,0
B,D,D,5986,100,5986,1,0
C,D,D,8726,100,8726,1,0
D,E,D,9791,100,9791,1,0
D,F,D,6364,100,6364,1,0
D,G,D,9270,100,9270,1,0
D,H,D,1441,100,1441,1,0
A,E,E,1434,100,1434,1,0
B,E,E,4356,100,4356,1,0
C,E,E,9815,100,9815,1,0
D,E,E,9769,100,9769,1,0
E,F,E,3717,100,3717,1,0
E,G,E,9924,100,9924,1,0
E,H,E,9649,100,9649,1,0
A,F,F,3525,100,3525,1,0
B,F,F,1405,100,1405,1,0
C,F,F,7198,100,7198,1,0
D,F,F,6365,100,6365,1,0
E,F,F,3738,100,3738,1,0
F,G,F,7378,100,7378,1,0
F,H,F,6229,100,6229,1,0
A,G,G,9618,100,9618,1,0
B,G,G,7189,100,7189,1,0
C,G,G,1611,100,1611,1,0
D,G,G,9237,100,9237,1,0
E,G,G,9909,100,9909,1,0
F,G,G,7333,100,7333,1,0
G,H,G,9304,100,9304,1,0
A,H,H,9382,100,9382,1,0
B,H,H,6194,100,6194,1,0
C,H,H,9084,100,9084,1,0
D,H,H,1418,100,1418,1,0
E,H,H,9646,100,9646,1,0
F,H,H,6289,100,6289,1,0
G,H,H,9260,100,9260,1,0
A,B,A,3646,100,3646,1,0
A,C,A,9285,100,9285,1,0
A,D,A,9251,100,9251,1,0
A,E,A,1391,100,1391,1,0
A,F,A,3534,100,3534,1,0
A,G,A,9576,100,9576,1,0
A,H,A,9412,100,9412,1,0
A,B,B,3652,100,3652,1,0
B,C,B,6743,100,6743,1,0
B,D,B,5973,100,5973,1,0
B,E,B,4282,100,4282,1,0
B,F,B,1387,100,1387,1,0
B,G,B,7217,100,7217,1,0
B,H,B,6180,100,6180,1,0
A,C,C,9257,100,9257,1,0
B,C,C,6754,100,6754,1,0
C,D,C,8711,100,8711,1,0
C,E,C,9830,100,9830,1,0
C,F,C,7182,100,7182,1,0
C,G,C,1541,100,1541,1,0
C,H,C,9092,100,9092,1,0
A,D,D,9263,100,9263,1,0
B,D,D,5961,100,5961,1,0
C,D,D,8703,100,8703,1,0
D,E,D,9730,100,9730,1,0
D,F,D,6372,100,6372,1,0
D,G,D,9213,100,9213,1,0
D,H,D,1469,100,1469,1,0
A,E,E,1453,100,1453,1,0
B,E,E,4301,100,4301,1,0
C,E,E,9846,100,9846,1,0
D,E,E,9709,100,9709,1,0
E,F,E,3665,100,3665,1,0
E,G,E,9895,100,9895,1,0
E,H,E,9647,100,9647,1,0
A,F,F,3506,100,3506,1,0
B,F,F,1402,100,1402,1,0
C,F,F,7171,100,7171,1,0
D,F,F,6358,100,6358,1,0
E,F,F,3692,100,3692,1,0
F,G,F,7368,100,7368,1,0
F,H,F,6257,100,6257,1,0
A,G,G,9611,100,9611,1,0
B,G,G,7208,100,7208,1,0
C,G,G,1517,100,1517,1,0
D,G,G,9233,100,9233,1,0
E,G,G,9902,100,9902,1,0
F,G,G,7364,100,7364,1,0
G,H,G,9266,100,9266,1,0
A,H,H,9390,100,9390,1,0
B,H,H,6214,100,6214,1,0
C,H,H,9020,100,9020,1,0
D,H,H,1357,100,1357,1,0
E,H,H,9633,100,9633,1,0
F,H,H,6278,100,6278,1,0
G,H,H,9312,100,9312,1,0
A,B,A,3689,100,3689,1,0
A,C,A,9352,100,9352,1,0
A,D,A,9254,100,9254,1,0
A,E,A,1421,100,1421,1,0
A,F,A,3529,100,3529,1,0
A,G,A,9628,100,9628,1,0
A,H,A,9418,100,9418,1,0
A,B,B,3650,100,3650,1,0
B,C,B,6731,100,6731,1,0
B,D,B,5915,100,5915,1,0
B,E,B,4249,100,4249,1,0
B,F,B,1401,100,1401,1,0
B,G,B,7198,100,7198,1,0
B,H,B,6158,100,6158,1,0
A,C,C,9327,100,9327,1,0
B,C,C,6731,100,6731,1,0
C,D,C,8724,100,8724,1,0
C,E,C,9797,100,9797,1,0
C,F,C,7213,100,7213,1,0
C,G,C,1592,100,1592,1,0
C,H,C,9013,100,9013,1,0
A,D,D,9272,100,9272,1,0
B,D,D,5957,100,5957,1,0
C,D,D,8751,100,8751,1,0
D,E,D,9759,100,9759,1,0
D,F,D,6321,100,6321,1,0
D,G,D,9253,100,9253,1,0
D,H,D,1391,100,1391,1,0
A,E,E,1421,100,1421,1,0
B,E,E,4335,100,4335,1,0
C,E,E,9827,100,9827,1,0
D,E,E,9732,100,9732,1,0
E,F,E,3703,100,3703,1,0
E,G,E,9931,100,9931,1,0
E,H,E,9664,100,9664,1,0
A,F,F,3533,100,3533,1,0
B,F,F,1411,100,1411,1,0
C,F,F,7190,100,7190,1,0
D,F,F,6316,100,6316,1,0
E,F,F,3677,100,3677,1,0
F,G,F,7346,100,7346,1,0
F,H,F,6268,100,6268,1,0
A,G,G,9619,100,9619,1,0
B,G,G,7193,100,7193,1,0
C,G,G,1583,100,1583,1,0
D,G,G,9261,100,9261,1,0
E,G,G,9910,100,9910,1,0
F,G,G,7360,100,7360,1,0
G,H,G,9335,100,9335,1,0
A,H,H,9360,100,9360,1,0
B,H,H,6172,100,6172,1,0
C,H,H,9048,100,9048,1,0
D,H,H,1462,100,1462,1,0
E,H,H,9665,100,9665,1,0
F,H,H,6236,100,6236,1,0
G,H,H,9300,100,9300,1,0
A,B,A,3617,100,3617,1,0
A,C,A,9304,100,9304,1,0
A,D,A,9288,100,9288,1,0
A,E,A,1408,100,1408,1,0
A,F,A,3490,100,3490,1,0
A,G,A,9652,100,9652,1,0
A,H,A,9396,100,9396,1,0
A,B,B,3587,100,3587,1,0
B,C,B,6746,100,6746,1,0
B,D,B,5991,100,5991,1,0
B,E,B,4321,100,4321,1,0
B,F,B,1409,100,1409,1,0
B,G,B,7201,100,7201,1,0
B,H,B,6205,100,6205,1,0
A,C,C,9294,100,9294,1,0
B,C,C,6728,100,6728,1,0
C,D,C,8750,100,8750,1,0
C,E,C,9793,100,9793,1,0
C,F,C,7196,100,7196,1,0
C,G,C,1623,100,1623,1,0
C,H,C,9013,100,9013,1,0
A,D,D,9264,100,9264,1,0
B,D,D,5951,100,5951,1,0
C,D,D,8720,100,8720,1,0
D,E,D,9728,100,9728,1,0
D,F,D,6360,100,6360,1,0
D,G,D,9262,100,9262,1,0
D,H,D,1378,100,1378,1,0
A,E,E,1435,100,1435,1,0
B,E,E,4316,100,4316,1,0
C,E,E,9833,100,9833,1,0
D,E,E,9736,100,9736,1,0
E,F,E,3699,100,3699,1,0
E,G,E,9938,100,9938,1,0
E,H,E,9667,100,9667,1,0
A,F,F,3512,100,3512,1,0
B,F,F,1382,100,1382,1,0
C,F,F,7214,100,7214,1,0
D,F,F,6351,100,6351,1,0
E,F,F,3698,100,3698,1,0
F,G,F,7354,100,7354,1,0
F,H,F,6237,100,6237,1,0
A,G,G,9568,100,9568,1,0
B,G,G,7200,100,7200,1,0
C,G,G,1637,100,1637,1,0
D,G,G,9231,100,9231,1,0
E,G,G,9891,100,9891,1,0
F,G,G,7365,100,7365,1,0
G,H,G,9314,100,9314,1,0
A,H,H,9340,100,9340,1,0
B,H,H,6184,100,6184,1,0
C,H,H,9065,100,9065,1,0
D,H,H,1483,100,1483,1,0
E,H,H,9661,100,9661,1,0
F,H,H,6270,100,6270,1,0
G,H,H,9286,100,9286,1,0
A,B,A,3617,100,3617,1,0
A,C,A,9280,100,9280,1,0
A,D,A,9265,100,9265,1,0
A,E,A,1495,100,1495,1,0
A,F,A,3517,100,3517,1,0
A,G,A,9620,100,9620,1,0
A,H,A,9412,100,9412,1,0
A,B,B,3626,100,3626,1,0
B,C,B,6718,100,6718,1,0
B,D,B,5953,100,5953,1,0
B,E,B,4335,100,4335,1,0
B,F,B,1425,100,1425,1,0
B,G,B,7204,100,7204,1,0
B,H,B,6175,100,6175,1,0
A,C,C,9348,100,9348,1,0
B,C,C,6754,100,6754,1,0
C,D,C,8739,100,8739,1,0
C,E,C,9813,100,9813,1,0
C,F,C,7188,100,7188,1,0
C,G,C,1607,100,1607,1,0
C,H,C,9015,100,9015,1,0
A,D,D,9281,100,9281,1,0
B,D,D,5970,100,5970,1,0
C,D,D,8770,100,8770,1,0
D,E,D,9691,100,9691,1,0
D,F,D,6372,100,6372,1,0
D,G,D,9248,100,9248,1,0
D,H,D,1394,100,1394,1,0
A,E,E,1445,100,1445,1,0
B,E,E,4310,100,4310,1,0
C,E,E,9859,100,9859,1,0
D,E,E,9824,100,9824,1,0
E,F,E,3705,100,3705,1,0
E,G,E,9911,100,9911,1,0
E,H,E,9696,100,9696,1,0
A,F,F,3524,100,3524,1,0
B,F,F,1434,100,1434,1,0
C,F,F,7178,100,7178,1,0
D,F,F,6357,100,6357,1,0
E,F,F,3689,100,3689,1,0
F,G,F,7371,100,7371,1,0
F,H,F,6275,100,6275,1,0
A,G,G,9561,100,9561,1,0
B,G,G,7209,100,7209,1,0
C,G,G,1581,100,1581,1,0
D,G,G,9221,100,9221,1,0
E,G,G,9931,100,9931,1,0
F,G,G,7375,100,7375,1,0
G,H,G,9339,100,9339,1,0
A,H,H,9375,100,9375,1,0
B,H,H,6214,100,6214,1,0
C,H,H,9036,100,9036,1,0
D,H,H,1451,100,1451,1,0
E,H,H,9642,100,9642,1,0
F,H,H,6279,100,6279,1,0
G,H,H,9346,100,9346,1,0
A,B,A,3618,100,3618,1,0
A,C,A,9281,100,9281,1,0
A,D,A,9273,100,9273,1,0
A,E,A,1458,100,1458,1,0
A,F,A,3518,100,3518,1,0
A,G,A,9628,100,9628,1,0
A,H,A,9405,100,9405,1,0
A,B,B,3592,100,3592,1,0
B,C,B,6749,100,6749,1,0
B,D,B,5966,100,5966,1,0
B,E,B,4302,100,4302,1,0
B,F,B,1396,100,1396,1,0
B,G,B,7204,100,7204,1,0
B,H,B,6190,100,6190,1,0
A,C,C,9332,100,9332,1,0
B,C,C,6760,100,6760,1,0
C,D,C,8758,100,8758,1,0
C,E,C,9784,100,9784,1,0
C,F,C,7207,100,7207,1,0
C,G,C,1607,100,1607,1,0
C,H,C,9004,100,9004,1,0
A,D,D,9297,100,9297,1,0
B,D,D,5991,100,5991,1,0
C,D,D,8730,100,8730,1,0
D,E,D,9673,100,9673,1,0
D,F,D,6364,100,6364,1,0
D,G,D,9224,100,9224,1,0
D,H,D,1431,100,1431,1,0
A,E,E,1458,100,1458,1,0
B,E,E,4325,100,4325,1,0
C,E,E,9832,100,9832,1,0
D,E,E,9781,100,9781,1,0
E,F,E,3695,100,3695,1,0
E,G,E,9934,100,9934,1,0
E,H,E,9641,100,9641,1,0
A,F,F,3511,100,3511,1,0
B,F,F,1411,100,1411,1,0
C,F,F,7200,100,7200,1,0
D,F,F,6316,100,6316,1,0
E,F,F,3670,100,3670,1,0
F,G,F,7339,100,7339,1,0
F,H,F,6271,100,6271,1,0
A,G,G,9611,100,9611,1,0
B,G,G,7177,100,7177,1,0
C,G,G,1557,100,1557,1,0
D,G,G,9250,100,9250,1,0
E,G,G,9914,100,9914,1,0
F,G,G,7412,100,7412,1,0
G,H,G,9331,100,9331,1,0
A,H,H,9442,100,9442,1,0
B,H,H,6170,100,6170,1,0
C,H,H,9054,100,9054,1,0
D,H,H,1483,100,1483,1,0
E,H,H,9660,100,9660,1,0
F,H,H,6273,100,6273,1,0
G,H,H,9345,100,9345,1,0
A,B,A,3632,100,3632,1,0
A,C,A,9313,100,9313,1,0
A,D,A,9264,100,9264,1,0
A,E,A,1441,100,1441,1,0
A,F,A,3518,100,3518,1,0
A,G,A,9606,100,9606,1,0
A,H,A,9348,100,9348,1,0
A,B,B,3621,100,3621,1,0
B,C,B,6748,100,6748,1,0
B,D,B,5937,100,5937,1,0
B,E,B,4293,100,4293,1,0
B,F,B,1409,100,1409,1,0
B,G,B,7173,100,7173,1,0
B,H,B,6143,100,6143,1,0
A,C,C,9288,100,9288,1,0
B,C,C,6748,100,6748,1,0
C,D,C,8733,100,8733,1,0
C,E,C,9863,100,9863,1,0
C,F,C,7218,100,7218,1,0
C,G,C,1557,100,1557,1,0
C,H,C,9034,100,9034,1,0
A,D,D,9251,100,9251,1,0
B,D,D,5918,100,5918,1,0
C,D,D,8700,100,8700,1,0
D,E,D,9742,100,9742,1,0
D,F,D,6329,100,6329,1,0
D,G,D,9186,100,9186,1,0
D,H,D,1425,100,1425,1,0
A,E,E,1447,100,1447,1,0
B,E,E,4344,100,4344,1,0
C,E,E,9831,100,9831,1,0
D,E,E,9716,100,9716,1,0
E,F,E,3713,100,3713,1,0
E,G,E,9924,100,9924,1,0
E,H,E,9694,100,9694,1,0
A,F,F,3521,100,3521,1,0
B,F,F,1412,100,1412,1,0
C,F,F,7210,100,7210,1,0
D,F,F,6342,100,6342,1,0
E,F,F,3682,100,3682,1,0
F,G,F,7350,100,7350,1,0
F,H,F,6293,100,6293,1,0
A,G,G,9575,100,9575,1,0
B,G,G,7226,100,7226,1,0
C,G,G,1535,100,1535,1,0
D,G,G,9220,100,9220,1,0
E,G,G,9927,100,9927,1,0
F,G,G,7367,100,7367,1,0
G,H,G,9286,100,9286,1,0
A,H,H,9404,100,9404,1,0
B,H,H,6218,100,6218,1,0
C,H,H,9034,100,9034,1,0
D,H,H,1376,100,1376,1,0
E,H,H,9640,100,9640,1,0
F,H,H,6283,100,6283,1,0
G,H,H,9361,100,9361,1,0
A,B,A,3605,100,3605,1,0
A,C,A,9314,100,9314,1,0
A,D,A,9276,100,9276,1,0
A,E,A,1419,100,1419,1,0
A,F,A,3505,100,3505,1,0
A,G,A,9652,100,9652,1,0
A,H,A,9394,100,9394,1,0
A,B,B,3647,100,3647,1,0
B,C,B,6722,100,6722,1,0
B,D,B,5937,100,5937,1,0
B,E,B,4321,100,4321,1,0
B,F,B,1396,100,1396,1,0
B,G,B,7185,100,7185,1,0
B,H,B,6184,100,6184,1,0
A,C,C,9280,100,9280,1,0
B,C,C,6731,100,6731,1,0
C,D,C,8700,100,8700,1,0
C,E,C,9802,100,9802,1,0
C,F,C,7218,100,7218,1,0
C,G,C,1571,100,1571,1,0
C,H,C,9111,100,9111,1,0
A,D,D,9246,100,9246,1,0
B,D,D,5977,100,5977,1,0
C,D,D,8686,100,8686,1,0
D,E,D,9763,100,9763,1,0
D,F,D,6328,100,6328,1,0
D,G,D,9245,100,9245,1,0
D,H,D,1383,100,1383,1,0
A,E,E,1447,100,1447,1,0
B,E,E,4297,100,4297,1,0
C,E,E,9792,100,9792,1,0
D,E,E,9695,100,9695,1,0
E,F,E,3698,100,3698,1,0
E,G,E,9907,100,9907,1,0
E,H,E,9634,100,9634,1,0
A,F,F,3532,100,3532,1,0
B,F,F,1377,100,1377,1,0
C,F,F,7211,100,7211,1,0
D,F,F,6372,100,6372,1,0
E,F,F,3697,100,3697,1,0
F,G,F,7369,100,7369,1,0
F,H,F,6274,100,6274,1,0
A,G,G,9625,100,9625,1,0
B,G,G,7190,100,7190,1,0
C,G,G,1599,100,1599,1,0
D,G,G,9218,100,9218,1,0
E,G,G,9916,100,9916,1,0
F,G,G,7369,100,7369,1,0
G,H,G,9337,100,9337,1,0
A,H,H,9429,100,9429,1,0
B,H,H,6154,100,6154,1,0
C,H,H,9081,100,9081,1,0
D,H,H,1438,100,1438,1,0
E,H,H,9667,100,9667,1,0
F,H,H,6251,100,6251,1,0
G,H,H,9358,100,9358,1,0
A,B,A,3600,100,3600,1,0
A,C,A,9277,100,9277,1,0
A,D,A,9261,100,9261,1,0
A,E,A,1452,100,1452,1,0
A,F,A,3527,100,3527,1,0
A,G,A,9601,100,9601,1,0
A,H,A,9445,100,9445,1,0
A,B,B,3671,100,3671,1,0
B,C,B,6777,100,6777,1,0
B,D,B,5985,100,5985,1,0
B,E,B,4329,100,4329,1,0
B,F,B,1373,100,1373,1,0
B,G,B,7199,100,7199,1,0
B,H,B,6234,100,6234,1,0
A,C,C,9265,100,9265,1,0
B,C,C,6724,100,6724,1,0
C,D,C,8680,100,8680,1,0
C,E,C,9829,100,9829,1,0
C,F,C,7191,100,7191,1,0
C,G,C,1602,100,1602,1,0
C,H,C,9033,100,9033,1,0
A,D,D,9278,100,9278,1,0
B,D,D,5989,100,5989,1,0
C,D,D,8702,100,8702,1,0
D,E,D,9701,100,9701,1,0
D,F,D,6368,100,6368,1,0
D,G,D,9240,100,9240,1,0
D,H,D,1396,100,1396,1,0
A,E,E,1445,100,1445,1,0
B,E,E,4294,100,4294,1,0
C,E,E,9851,100,9851,1,0
D,E,E,9700,100,9700,1,0
E,F,E,3704,100,3704,1,0
E,G,E,9899,100,9899,1,0
E,H,E,9650,100,9650,1,0
A,F,F,3511,100,3511,1,0
B,F,F,1389,100,1389,1,0
C,F,F,7231,100,7231,1,0
D,F,F,6369,100,6369,1,0
E,F,F,3687,100,3687,1,0
F,G,F,7377,100,7377,1,0
F,H,F,6266,100,6266,1,0
A,G,G,9625,100,9625,1,0
B,G,G,7153,100,7153,1,0
C,G,G,1560,100,1560,1,0
D,G,G,9227,100,9227,1,0
E,G,G,9930,100,9930,1,0
F,G,G,7349,100,7349,1,0
G,H,G,9292,100,9292,1,0
A,H,H,9417,100,9417,1,0
B,H,H,6181,100,6181,1,0
C,H,H,9051,100,9051,1,0
D,H,H,1465,100,1465,1,0
E,H,H,9697,100,9697,1,0
F,H,H,6280,100,6280,1,0
G,H,H,9361,100,9361,1,0
A,B,A,3656,100,3656,1,0
A,C,A,9271,100,9271,1,0
A,D,A,9277,100,9277,1,0
A,E,A,1437,100,1437,1,0
A,F,A,3572,100,3572,1,0
A,G,A,9605,100,9605,1,0
A,H,A,9430,100,9430,1,0
A,B,B,3645,100,3645,1,0
B,C,B,6733,100,6733,1,0
B,D,B,5937,100,5937,1,0
B,E,B,4298,100,4298,1,0
B,F,B,1397,100,1397,1,0
B,G,B,7192,100,7192,1,0
B,H,B,6175,100,6175,1,0
A,C,C,9244,100,9244,1,0
B,C,C,6737,100,6737,1,0
C,D,C,8708,100,8708,1,0
C,E,C,9796,100,9796,1,0
C,F,C,7216,100,7216,1,0
C,G,C,1617,100,1617,1,0
C,H,C,9014,100,9014,1,0
A,D,D,9280,100,9280,1,0
B,D,D,5936,100,5936,1,0
C,D,D,8735,100,8735,1,0
D,E,D,9791,100,9791,1,0
D,F,D,6335,100,6335,1,0
D,G,D,9248,100,9248,1,0
D,H,D,1382,100,1382,1,0
A,E,E,1483,100,1483,1,0
B,E,E,4278,100,4278,1,0
C,E,E,9787,100,9787,1,0
D,E,E,9709,100,9709,1,0
E,F,E,3712,100,3712,1,0
E,G,E,9921,100,9921,1,0
E,H,E,9664,100,9664,1,0
A,F,F,3511,100,3511,1,0
B,F,F,1414,100,1414,1,0
C,F,F,7204,100,7204,1,0
D,F,F,6352,100,6352,1,0
E,F,F,3691,100,3691,1,0
F,G,F,7377,100,7377,1,0
F,H,F,6301,100,6301,1,0
A,G,G,9609,100,9609,1,0
B,G,G,7134,100,7134,1,0
C,G,G,1614,100,1614,1,0
D,G,G,9212,100,9212,1,0
E,G,G,9905,100,9905,1,0
F,G,G,7367,100,7367,1,0
G,H,G,9299,100,9299,1,0
A,H,H,9401,100,9401,1,0
B,H,H,6186,100,6186,1,0
C,H,H,9041,100,9041,1,0
D,H,H,1419,100,1419,1,0
E,H,H,9674,100,9674,1,0
F,H,H,6267,100,6267,1,0
G,H,H,9360,100,9360,1,0
A,B,A,3650,100,3650,1,0
A,C,A,9284,100,9284,1,0
A,D,A,9301,100,9301,1,0
A,E,A,1463,100,1463,1,0
A,F,A,3479,100,3479,1,0
A,G,A,9595,100,9595,1,0
A,H,A,9406,100,9406,1,0
A,B,B,3623,100,3623,1,0
B,C,B,6760,100,6760,1,0
B,D,B,5977,100,5977,1,0
B,E,B,4282,100,4282,1,0
B,F,B,1428,100,1428,1,0
B,G,B,7211,100,7211,1,0
B,H,B,6225,100,6225,1,0
A,C,C,9265,100,9265,1,0
B,C,C,6758,100,6758,1,0
C,D,C,8738,100,8738,1,0
C,E,C,9788,100,9788,1,0
C,F,C,7199,100,7199,1,0
C,G,C,1598,100,1598,1,0
C,H,C,9015,100,9015,1,0
A,D,D,9266,100,9266,1,0
B,D,D,5915,100,5915,1,0
C,D,D,8754,100,8754,1,0
D,E,D,9687,100,9687,1,0
D,F,D,6368,100,6368,1,0
D,G,D,9232,100,9232,1,0
D,H,D,1424,100,1424,1,0
A,E,E,1436,100,1436,1,0
B,E,E,4289,100,4289,1,0
C,E,E,9855,100,9855,1,0
D,E,E,9705,100,9705,1,0
E,F,E,3665,100,3665,1,0
E,G,E,9936,100,9936,1,0
E,H,E,9668,100,9668,1,0
A,F,F,3534,100,3534,1,0
B,F,F,1378,100,1378,1,0
C,F,F,7209,100,7209,1,0
D,F,F,6372,100,6372,1,0
E,F,F,3677,100,3677,1,0
F,G,F,7378,100,7378,1,0
F,H,F,6318,100,6318,1,0
A,G,G,9563,100,9563,1,0
B,G,G,7171,100,7171,1,0
C,G,G,1602,100,1602,1,0
D,G,G,9225,100,9225,1,0
E,G,G,9935,100,9935,1,0
F,G,G,7368,100,7368,1,0
G,H,G,9309,100,9309,1,0
A,H,H,9367,100,9367,1,0
B,H,H,6199,100,6199,1,0
C,H,H,9090,100,9090,1,0
D,H,H,1452,100,1452,1,0
E,H,H,9623,100,9623,1,0
F,H,H,6253,100,6253,1,0
G,H,H,9327,100,9327,1,0
A,B,A,3671,100,3671,1,0
A,C,A,9329,100,9329,1,0
A,D,A,9275,100,9275,1,0
A,E,A,1454,100,1454,1,0
A,F,A,3509,100,3509,1,0
A,G,A,9512,100,9512,1,0
A,H,A,9387,100,9387,1,0
A,B,B,3648,100,3648,1,0
B,C,B,6710,100,6710,1,0
B,D,B,5939,100,5939,1,0
B,E,B,4310,100,4310,1,0
B,F,B,1396,100,1396,1,0
B,G,B,7151,100,7151,1,0
B,H,B,6156,100,6156,1,0
A,C,C,9298,100,9298,1,0
B,C,C,6722,100,6722,1,0
C,D,C,8695,100,8695,1,0
C,E,C,9815,100,9815,1,0
C,F,C,7204,100,7204,1,0
C,G,C,1539,100,1539,1,0
C,H,C,9074,100,9074,1,0
A,D,D,9274,100,9274,1,0
B,D,D,5933,100,5933,1,0
C,D,D,8719,100,8719,1,0
D,E,D,9726,100,9726,1,0
D,F,D,6340,100,6340,1,0
D,G,D,9228,100,9228,1,0
D,H,D,1529,100,1529,1,0
A,E,E,1441,100,1441,1,0
B,E,E,4329,100,4329,1,0
C,E,E,9845,100,9845,1,0
D,E,E,9623,100,9623,1,0
E,F,E,3710,100,3710,1,0
E,G,E,9938,100,9938,1,0
E,H,E,9681,100,9681,1,0
A,F,F,3524,100,3524,1,0
B,F,F,1430,100,1430,1,0
C,F,F,7198,100,7198,1,0
D,F,F,6336,100,6336,1,0
E,F,F,3737,100,3737,1,0
F,G,F,7387,100,7387,1,0
F,H,F,6288,100,6288,1,0
A,G,G,9570,100,9570,1,0
B,G,G,7198,100,7198,1,0
C,G,G,1586,100,1586,1,0
D,G,G,9243,100,9243,1,0
E,G,G,9913,100,9913,1,0
F,G,G,7348,100,7348,1,0
G,H,G,9321,100,9321,1,0
A,H,H,9374,100,9374,1,0
B,H,H,6172,100,6172,1,0
C,H,H,9080,100,9080,1,0
D,H,H,1418,100,1418,1,0
E,H,H,9647,100,9647,1,0
F,H,H,6254,100,6254,1,0
G,H,H,9287,100,9287,1,0
A,B,A,3632,100,3632,1,0
A,C,A,9279,100,9279,1,0
A,D,A,9289,100,9289,1,0
A,E,A,1430,100,1430,1,0
A,F,A,3547,100,3547,1,0
A,G,A,9619,100,9619,1,0
A,H,A,9421,100,9421,1,0
A,B,B,3665,100,3665,1,0
B,C,B,6705,100,6705,1,0
B,D,B,5966,100,5966,1,0
B,E,B,4266,100,4266,1,0
B,F,B,1372,100,1372,1,0
B,G,B,7212,100,7212,1,0
B,H,B,6216,100,6216,1,0
A,C,C,9268,100,9268,1,0
B,C,C,6704,100,6704,1,0
C,D,C,8737,100,8737,1,0
C,E,C,9768,100,9768,1,0
C,F,C,7187,100,7187,1,0
C,G,C,1538,100,1538,1,0
C,H,C,9026,100,9026,1,0
A,D,D,9278,100,9278,1,0
B,D,D,5929,100,5929,1,0
C,D,D,8728,100,8728,1,0
D,E,D,9738,100,9738,1,0
D,F,D,6342,100,6342,1,0
D,G,D,9238,100,9238,1,0
D,H,D,1411,100,1411,1,0
A,E,E,1433,100,1433,1,0
B,E,E,4303,100,4303,1,0
C,E,E,9862,100,9862,1,0
D,E,E,9698,100,9698,1,0
E,F,E,3719,100,3719,1,0
E,G,E,9927,100,9927,1,0
E,H,E,9690,100,9690,1,0
A,F,F,3564,100,3564,1,0
B,F,F,1383,100,1383,1,0
C,F,F,7215,100,7215,1,0
D,F,F,6388,100,6388,1,0
E,F,F,3693,100,3693,1,0
F,G,F,7383,100,7383,1,0
F,H,F,6259,100,6259,1,0
A,G,G,9595,100,9595,1,0
B,G,G,7205,100,7205,1,0
C,G,G,1567,100,1567,1,0
D,G,G,9297,100,9297,1,0
E,G,G,9928,100,9928,1,0
F,G,G,7380,100,7380,1,0
G,H,G,9333,100,9333,1,0
A,H,H,9385,100,9385,1,0
B,H,H,6231,100,6231,1,0
C,H,H,9063,100,9063,1,0
D,H,H,1479,100,1479,1,0
E,H,H,9638,100,9638,1,0
F,H,H,6272,100,6272,1,0
G,H,H,9304,100,9304,1,0
A,B,A,3634,100,3634,1,0
A,C,A,9253,100,9253,1,0
A,D,A,9255,100,9255,1,0
A,E,A,1450,100,1450,1,0
A,F,A,3518,100,3518,1,0
A,G,A,9577,100,9577,1,0
A,H,A,9367,100,9367,1,0
A,B,B,3640,100,3640,1,0
B,C,B,6757,100,6757,1,0
B,D,B,5947,100,5947,1,0
B,E,B,4269,100,4269,1,0
B,F,B,1402,100,1402,1,0
B,G,B,7194,100,7194,1,0
B,H,B,6218,100,6218,1,0
A,C,C,9271,100,9271,1,0
B,C,C,6721,100,6721,1,0
C,D,C,8694,100,8694,1,0
C,E,C,9829,100,9829,1,0
C,F,C,7223,100,7223,1,0
C,G,C,1590,100,1590,1,0
C,H,C,9115,100,9115,1,0
A,D,D,9291,100,9291,1,0
B,D,D,5994,100,5994,1,0
C,D,D,8721,100,8721,1,0
D,E,D,9682,100,9682,1,0
D,F,D,6370,100,6370,1,0
D,G,D,9250,100,9250,1,0
D,H,D,1399,100,1399,1,0
A,E,E,1440,100,1440,1,0
B,E,E,4331,100,4331,1,0
C,E,E,9738,100,9738,1,0
D,E,E,9768,100,9768,1,0
E,F,E,3728,100,3728,1,0
E,G,E,9917,100,9917,1,0
E,H,E,9652,100,9652,1,0
A,F,F,3499,100,3499,1,0
B,F,F,1410,100,1410,1,0
C,F,F,7193,100,7193,1,0
D,F,F,6349,100,6349,1,0
E,F,F,3710,100,3710,1,0
F,G,F,7371,100,7371,1,0
F,H,F,6269,100,6269,1,0
A,G,G,9620,100,9620,1,0
B,G,G,7213,100,7213,1,0
C,G,G,1573,100,1573,1,0
D,G,G,9245,100,9245,1,0
E,G,G,9906,100,9906,1,0
F,G,G,7345,100,7345,1,0
G,H,G,9339,100,9339,1,0
A,H,H,9442,100,9442,1,0
B,H,H,6170,100,6170,1,0
C,H,H,9056,100,9056,1,0
D,H,H,1398,100,1398,1,0
E,H,H,9669,100,9669,1,0
F,H,H,6239,100,6239,1,0
G,H,H,9292,100,9292,1,0
A,B,A,3648,100,3648,1,0
A,C,A,9326,100,9326,1,0
A,D,A,9268,100,9268,1,0
A,E,A,1392,100,1392,1,0
A,F,A,3541,100,3541,1,0
A,G,A,9574,100,9574,1,0
A,H,A,9438,100,9438,1,0
A,B,B,3638,100,3638,1,0
B,C,B,6721,100,6721,1,0
B,D,B,5966,100,5966,1,0
B,E,B,4295,100,4295,1,0
B,F,B,1417,100,1417,1,0
B,G,B,7189,100,7189,1,0
B,H,B,6195,100,6195,1,0
A,C,C,9233,100,9233,1,0
B,C,C,6772,100,6772,1,0
C,D,C,8688,100,8688,1,0
C,E,C,9850,100,9850,1,0
C,F,C,7196,100,7196,1,0
C,G,C,1539,100,1539,1,0
C,H,C,9080,100,9080,1,0
A,D,D,9290,100,9290,1,0
B,D,D,5955,100,5955,1,0
C,D,D,8713,100,8713,1,0
D,E,D,9730,100,9730,1,0
D,F,D,6342,100,6342,1,0
D,G,D,9234,100,9234,1,0
D,H,D,1401,100,1401,1,0
A,E,E,1397,100,1397,1,0
B,E,E,4336,100,4336,1,0
C,E,E,9846,100,9846,1,0
D,E,E,9738,100,9738,1,0
E,F,E,3674,100,3674,1,0
E,G,E,9951,100,9951,1,0
E,H,E,9679,100,9679,1,0
A,F,F,3479,100,3479,1,0
B,F,F,1358,100,1358,1,0
C,F,F,7198,100,7198,1,0
D,F,F,6372,100,6372,1,0
E,F,F,3721,100,3721,1,0
F,G,F,7373,100,7373,1,0
F,H,F,6261,100,6261,1,0
A,G,G,9637,100,9637,1,0
B,G,G,7147,100,7147,1,0
C,G,G,1580,100,1580,1,0
D,G,G,9262,100,9262,1,0
E,G,G,9908,100,9908,1,0
F,G,G,7356,100,7356,1,0
G,H,G,9334,100,9334,1,0
A,H,H,9428,100,9428,1,0
B,H,H,6181,100,6181,1,0
C,H,H,9051,100,9051,1,0
D,H,H,1460,100,1460,1,0
E,H,H,9649,100,9649,1,0
F,H,H,6227,100,6227,1,0
G,H,H,9343,100,9343,1,0
A,B,A,3620,100,3620,1,0
A,C,A,9264,100,9264,1,0
A,D,A,9286,100,9286,1,0
A,E,A,1455,100,1455,1,0
A,F,A,3510,100,3510,1,0
A,G,A,9614,100,9614,1,0
A,H,A,9414,100,9414,1,0
A,B,B,3657,100,3657,1,0
B,C,B,6756,100,6756,1,0
B,D,B,5965,100,5965,1,0
B,E,B,4328,100,4328,1,0
B,F,B,1404,100,1404,1,0
B,G,B,7219,100,7219,1,0
B,H,B,6191,100,6191,1,0
A,C,C,9310,100,9310,1,0
B,C,C,6756,100,6756,1,0
C,D,C,8711,100,8711,1,0
C,E,C,9818,100,9818,1,0
C,F,C,7189,100,7189,1,0
C,G,C,1542,100,1542,1,0
C,H,C,9025,100,9025,1,0
A,D,D,9264,100,9264,1,0
B,D,D,5976,100,5976,1,0
C,D,D,8721,100,8721,1,0
D,E,D,9742,100,9742,1,0
D,F,D,6362,100,6362,1,0
D,G,D,9222,100,9222,1,0
D,H,D,1422,100,1422,1,0
A,E,E,1412,100,1412,1,0
B,E,E,4316,100,4316,1,0
C,E,E,9879,100,9879,1,0
D,E,E,9629,100,9629,1,0
E,F,E,3742,100,3742,1,0
E,G,E,9902,100,9902,1,0
E,H,E,9675,100,9675,1,0
A,F,F,3509,100,3509,1,0
B,F,F,1425,100,1425,1,0
C,F,F,7201,100,7201,1,0
D,F,F,6342,100,6342,1,0
E,F,F,3712,100,3712,1,0
F,G,F,7382,100,7382,1,0
F,H,F,6281,100,6281,1,0
A,G,G,9610,100,9610,1,0
B,G,G,7210,100,7210,1,0
C,G,G,1599,100,1599,1,0
D,G,G,9207,100,9207,1,0
E,G,G,9927,100,9927,1,0
F,G,G,7353,100,7353,1,0
G,H,G,9336,100,9336,1,0
A,H,H,9405,100,9405,1,0
B,H,H,6238,100,6238,1,0
C,H,H,9017,100,9017,1,0
D,H,H,1454,100,1454,1,0
E,H,H,9657,100,9657,1,0
F,H,H,6303,100,6303,1,0
G,H,H,9302,100,9302,1,0
A,B,A,3675,100,3675,1,0
A,C,A,9279,100,9279,1,0
A,D,A,9276,100,9276,1,0
A,E,A,1437,100,1437,1,0
A,F,A,3517,100,3517,1,0
A,G,A,9645,100,9645,1,0
A,H,A,9351,100,9351,1,0
A,B,B,3622,100,3622,1,0
B,C,B,6712,100,6712,1,0
B,D,B,6002,100,6002,1,0
B,E,B,4311,100,4311,1,0
B,F,B,1414,100,1414,1,0
B,G,B,7187,100,7187,1,0
B,H,B,6222,100,6222,1,0
A,C,C,9316,100,9316,1,0
B,C,C,6792,100,6792,1,0
C,D,C,8704,100,8704,1,0
C,E,C,9796,100,9796,1,0
C,F,C,7203,100,7203,1,0
C,G,C,1595,100,1595,1,0
C,H,C,9119,100,9119,1,0
A,D,D,9266,100,9266,1,0
B,D,D,5932,100,5932,1,0
C,D,D,8715,100,8715,1,0
D,E,D,9767,100,9767,1,0
D,F,D,6394,100,6394,1,0
D,G,D,9259,100,9259,1,0
D,H,D,1453,100,1453,1,0
A,E,E,1408,100,1408,1,0
B,E,E,4292,100,4292,1,0
C,E,E,9836,100,9836,1,0
D,E,E,9772,100,9772,1,0
E,F,E,3680,100,3680,1,0
E,G,E,9947,100,9947,1,0
E,H,E,9636,100,9636,1,0
A,F,F,3530,100,3530,1,0
B,F,F,1406,100,1406,1,0
C,F,F,7186,100,7186,1,0
D,F,F,6324,100,6324,1,0
E,F,F,3680,100,3680,1,0
F,G,F,7377,100,7377,1,0
F,H,F,6241,100,6241,1,0
A,G,G,9573,100,9573,1,0
B,G,G,7182,100,7182,1,0
C,G,G,1573,100,1573,1,0
D,G,G,9232,100,9232,1,0
E,G,G,9913,100,9913,1,0
F,G,G,7347,100,7347,1,0
G,H,G,9302,100,9302,1,0
A,H,H,9399,100,9399,1,0
B,H,H,6262,100,6262,1,0
C,H,H,9038,100,9038,1,0
D,H,H,1446,100,1446,1,0
E,H,H,9662,100,9662,1,0
F,H,H,6279,100,6279,1,0
G,H,H,9311,100,9311,1,0
A,B,A,3632,100,3632,1,0
A,C,A,9375,100,9375,1,0
A,D,A,9259,100,9259,1,0
A,E,A,1452,100,1452,1,0
A,F,A,3473,100,3473,1,0
A,G,A,9609,100,9609,1,0
A,H,A,9405,100,9405,1,0
A,B,B,3618,100,3618,1,0
B,C,B,6746,100,6746,1,0
B,D,B,5961,100,5961,1,0
B,E,B,4273,100,4273,1,0
B,F,B,1378,100,1378,1,0
B,G,B,7165,100,7165,1,0
B,H,B,6217,100,6217,1,0
A,C,C,9254,100,9254,1,0
B,C,C,6751,100,6751,1,0
C,D,C,8715,100,8715,1,0
C,E,C,9795,100,9795,1,0
C,F,C,7199,100,7199,1,0
C,G,C,1554,100,1554,1,0
C,H,C,9059,100,9059,1,0
A,D,D,9237,100,9237,1,0
B,D,D,5954,100,5954,1,0
C,D,D,8737,100,8737,1,0
D,E,D,9752,100,9752,1,0
D,F,D,6357,100,6357,1,0
D,G,D,9216,100,9216,1,0
D,H,D,1444,100,1444,1,0
A,E,E,1432,100,1432,1,0
B,E,E,4321,100,4321,1,0
C,E,E,9817,100,9817,1,0
D,E,E,9730,100,9730,1,0
E,F,E,3712,100,3712,1,0
E,G,E,9915,100,9915,1,0
E,H,E,9662,100,9662,1,0
A,F,F,3523,100,3523,1,0
B,F,F,1402,100,1402,1,0
C,F,F,7217,100,7217,1,0
D,F,F,6351,100,6351,1,0
E,F,F,3684,100,3684,1,0
F,G,F,7370,100,7370,1,0
F,H,F,6299,100,6299,1,0
A,G,G,9610,100,9610,1,0
B,G,G,7192,100,7192,1,0
C,G,G,1610,100,1610,1,0
D,G,G,9258,100,9258,1,0
E,G,G,9924,100,9924,1,0
F,G,G,7360,100,7360,1,0
G,H,G,9300,100,9300,1,0
A,H,H,9389,100,9389,1,0
B,H,H,6169,100,6169,1,0
C,H,H,9029,100,9029,1,0
D,H,H,1420,100,1420,1,0
E,H,H,9650,100,9650,1,0
F,H,H,6298,100,6298,1,0
G,H,H,9320,100,9320,1,0
A,B,A,3615,100,3615,1,0
A,C,A,9386,100,9386,1,0
A,D,A,9274,100,9274,1,0
A,E,A,1437,100,1437,1,0
A,F,A,3518,100,3518,1,0
A,G,A,9548,100,9548,1,0
A,H,A,9405,100,9405,1,0
A,B,B,3634,100,3634,1,0
B,C,B,6738,100,6738,1,0
B,D,B,5971,100,5971,1,0
B,E,B,4250,100,4250,1,0
B,F,B,1385,100,1385,1,0
B,G,B,7212,100,7212,1,0
B,H,B,6146,100,6146,1,0
A,C,C,9319,100,9319,1,0
B,C,C,6755,100,6755,1,0
C,D,C,8734,100,8734,1,0
C,E,C,9851,100,9851,1,0
C,F,C,7227,100,7227,1,0
C,G,C,1547,100,1547,1,0
C,H,C,9096,100,9096,1,0
A,D,D,9276,100,9276,1,0
B,D,D,5941,100,5941,1,0
C,D,D,8736,100,8736,1,0
D,E,D,9788,100,9788,1,0
D,F,D,6337,100,6337,1,0
D,G,D,9194,100,9194,1,0
D,H,D,1448,100,1448,1,0
A,E,E,1413,100,1413,1,0
B,E,E,4319,100,4319,1,0
C,E,E,9804,100,9804,1,0
D,E,E,9651,100,9651,1,0
E,F,E,3688,100,3688,1,0
E,G,E,9933,100,9933,1,0
E,H,E,9614,100,9614,1,0
A,F,F,3480,100,3480,1,0
B,F,F,1406,100,1406,1,0
C,F,F,7172,100,7172,1,0
D,F,F,6324,100,6324,1,0
E,F,F,3689,100,3689,1,0
F,G,F,7368,100,7368,1,0
F,H,F,6249,100,6249,1,0
A,G,G,9599,100,9599,1,0
B,G,G,7234,100,7234,1,0
C,G,G,1588,100,1588,1,0
D,G,G,9257,100,9257,1,0
E,G,G,9926,100,9926,1,0
F,G,G,7352,100,7352,1,0
G,H,G,9341,100,9341,1,0
A,H,H,9397,100,9397,1,0
B,H,H,6219,100,6219,1,0
C,H,H,9050,100,9050,1,0
D,H,H,1408,100,1408,1,0
E,H,H,9661,100,9661,1,0
F,H,H,6304,100,6304,1,0
G,H,H,9339,100,9339,1,0
A,B,A,3635,100,3635,1,0
A,C,A,9291,100,9291,1,0
A,D,A,9277,100,9277,1,0
A,E,A,1430,100,1430,1,0
A,F,A,3479,100,3479,1,0
A,G,A,9653,100,9653,1,0
A,H,A,9334,100,9334,1,0
A,B,B,3673,100,3673,1,0
B,C,B,6766,100,6766,1,0
B,D,B,5948,100,5948,1,0
B,E,B,4268,100,4268,1,0
B,F,B,1398,100,1398,1,0
B,G,B,7177,100,7177,1,0
B,H,B,6161,100,6161,1,0
A,C,C,9300,100,9300,1,0
B,C,C,6734,100,6734,1,0
C,D,C,8683,100,8683,1,0
C,E,C,9816,100,9816,1,0
C,F,C,7236,100,7236,1,0
C,G,C,1604,100,1604,1,0
C,H,C,9045,100,9045,1,0
A,D,D,9254,100,9254,1,0
B,D,D,5954,100,5954,1,0
C,D,D,8701,100,8701,1,0
D,E,D,9744,100,9744,1,0
D,F,D,6356,100,6356,1,0
D,G,D,9204,100,9204,1,0
D,H,D,1407,100,1407,1,0
A,E,E,1448,100,1448,1,0
B,E,E,4289,100,4289,1,0
C,E,E,9859,100,9859,1,0
D,E,E,9705,100,9705,1,0
E,F,E,3668,100,3668,1,0
E,G,E,9935,100,9935,1,0
E,H,E,9671,100,9671,1,0
A,F,F,3533,100,3533,1,0
B,F,F,1438,100,1438,1,0
C,F,F,7226,100,7226,1,0
D,F,F,6330,100,6330,1,0
E,F,F,3696,100,3696,1,0
F,G,F,7355,100,7355,1,0
F,H,F,6234,100,6234,1,0
A,G,G,9607,100,9607,1,0
B,G,G,7199,100,7199,1,0
C,G,G,1573,100,1573,1,0
D,G,G,9238,100,9238,1,0
E,G,G,9898,100,9898,1,0
F,G,G,7339,100,7339,1,0
G,H,G,9328,100,9328,1,0
A,H,H,9428,100,9428,1,0
B,H,H,6166,100,6166,1,0
C,H,H,9043,100,9043,1,0
D,H,H,1465,100,1465,1,0
E,H,H,9689,100,9689,1,0
F,H,H,6306,100,6306,1,0
G,H,H,9305,100,9305,1,0
A,B,A,3645,100,3645,1,0
A,C,A,9301,100,9301,1,0
A,D,A,9266,100,9266,1,0
A,E,A,1393,100,1393,1,0
A,F,A,3490,100,3490,1,0
A,G,A,9625,100,9625,1,0
A,H,A,9461,100,9461,1,0
A,B,B,3682,100,3682,1,0
B,C,B,6795,100,6795,1,0
B,D,B,5954,100,5954,1,0
B,E,B,4290,100,4290,1,0
B,F,B,1391,100,1391,1,0
B,G,B,7173,100,7173,1,0
B,H,B,6175,100,6175,1,0
A,C,C,9308,100,9308,1,0
B,C,C,6731,100,6731,1,0
C,D,C,8747,100,8747,1,0
C,E,C,9831,100,9831,1,0
C,F,C,7203,100,7203,1,0
C,G,C,1617,100,1617,1,0
C,H,C,8990,100,8990,1,0
A,D,D,9242,100,9242,1,0
B,D,D,5946,100,5946,1,0
C,D,D,8714,100,8714,1,0
D,E,D,9730,100,9730,1,0
D,F,D,6321,100,6321,1,0
D,G,D,9208,100,9208,1,0
D,H,D,1392,100,1392,1,0
A,E,E,1442,100,1442,1,0
B,E,E,4297,100,4297,1,0
C,E,E,9846,100,9846,1,0
D,E,E,9714,100,9714,1,0
E,F,E,3682,100,3682,1,0
E,G,E,9914,100,9914,1,0
E,H,E,9626,100,9626,1,0
A,F,F,3470,100,3470,1,0
B,F,F,1397,100,1397,1,0
C,F,F,7185,100,7185,1,0
D,F,F,6319,100,6319,1,0
E,F,F,3692,100,3692,1,0
F,G,F,7356,100,7356,1,0
F,H,F,6296,100,6296,1,0
A,G,G,9622,100,9622,1,0
B,G,G,7197,100,7197,1,0
C,G,G,1560,100,1560,1,0
D,G,G,9211,100,9211,1,0
E,G,G,9916,100,9916,1,0
F,G,G,7373,100,7373,1,0
G,H,G,9347,100,9347,1,0
A,H,H,9392,100,9392,1,0
B,H,H,6215,100,6215,1,0
C,H,H,9035,100,9035,1,0
D,H,H,1423,100,1423,1,0
E,H,H,9667,100,9667,1,0
F,H,H,6256,100,6256,1,0
G,H,H,9319,100,9319,1,0
A,B,A,3649,100,3649,1,0
A,C,A,9278,100,9278,1,0
A,D,A,9258,100,9258,1,0
A,E,A,1381,100,1381,1,0
A,F,A,3527,100,3527,1,0
A,G,A,9616,100,9616,1,0
A,H,A,9457,100,9457,1,0
A,B,B,3623,100,3623,1,0
B,C,B,6744,100,6744,1,0
B,D,B,5982,100,5982,1,0
B,E,B,4333,100,4333,1,0
B,F,B,1399,100,1399,1,0
B,G,B,7182,100,7182,1,0
B,H,B,6258,100,6258,1,0
A,C,C,9313,100,9313,1,0
B,C,C,6737,100,6737,1,0
C,D,C,8758,100,8758,1,0
C,E,C,9827,100,9827,1,0
C,F,C,7204,100,7204,1,0
C,G,C,1630,100,1630,1,0
C,H,C,9058,100,9058,1,0
A,D,D,9274,100,9274,1,0
B,D,D,6010,100,6010,1,0
C,D,D,8731,100,8731,1,0
D,E,D,9724,100,9724,1,0
D,F,D,6342,100,6342,1,0
D,G,D,9230,100,9230,1,0
D,H,D,1415,100,1415,1,0
A,E,E,1439,100,1439,1,0
B,E,E,4285,100,4285,1,0
C,E,E,9860,100,9860,1,0
D,E,E,9659,100,9659,1,0
E,F,E,3713,100,3713,1,0
E,G,E,9891,100,9891,1,0
E,H,E,9661,100,9661,1,0
A,F,F,3558,100,3558,1,0
B,F,F,1388,100,1388,1,0
C,F,F,7225,100,7225,1,0
D,F,F,6335,100,6335,1,0
E,F,F,3686,100,3686,1,0
F,G,F,7373,100,7373,1,0
F,H,F,6309,100,6309,1,0
A,G,G,9621,100,9621,1,0
B,G,G,7192,100,7192,1,0
C,G,G,1579,100,1579,1,0
D,G,G,9255,100,9255,1,0
E,G,G,9917,100,9917,1,0
F,G,G,7338,100,7338,1,0
G,H,G,9323,100,9323,1,0
A,H,H,9398,100,9398,1,0
B,H,H,6184,100,6184,1,0
C,H,H,9072,100,9072,1,0
D,H,H,1397,100,1397,1,0
E,H,H,9642,100,9642,1,0
F,H,H,6259,100,6259,1,0
G,H,H,9304,100,9304,1,0
A,B,A,3630,100,3630,1,0
A,C,A,9291,100,9291,1,0
A,D,A,9277,100,9277,1,0
A,E,A,1448,100,1448,1,0
A,F,A,3534,100,3534,1,0
A,G,A,9653,100,9653,1,0
A,H,A,9427,100,9427,1,0
A,B,B,3642,100,3642,1,0
B,C,B,6721,100,6721,1,0
B,D,B,5935,100,5935,1,0
B,E,B,4314,100,4314,1,0
B,F,B,1389,100,1389,1,0
B,G,B,7220,100,7220,1,0
B,H,B,6222,100,6222,1,0
A,C,C,9316,100,9316,1,0
B,C,C,6703,100,6703,1,0
C,D,C,8708,100,8708,1,0
C,E,C,9833,100,9833,1,0
C,F,C,7240,100,7240,1,0
C,G,C,1563,100,1563,1,0
C,H,C,9039,100,9039,1,0
A,D,D,9283,100,9283,1,0
B,D,D,5959,100,5959,1,0
C,D,D,8741,100,8741,1,0
D,E,D,9736,100,9736,1,0
D,F,D,6329,100,6329,1,0
D,G,D,9248,100,9248,1,0
D,H,D,1417,100,1417,1,0
A,E,E,1422,100,1422,1,0
B,E,E,4277,100,4277,1,0
C,E,E,9846,100,9846,1,0
D,E,E,9707,100,9707,1,0
E,F,E,3690,100,3690,1,0
E,G,E,9924,100,9924,1,0
E,H,E,9658,100,9658,1,0
A,F,F,3516,100,3516,1,0
B,F,F,1378,100,1378,1,0
C,F,F,7194,100,7194,1,0
D,F,F,6345,100,6345,1,0
E,F,F,3717,100,3717,1,0
F,G,F,7390,100,7390,1,0
F,H,F,6301,100,6301,1,0
A,G,G,9627,100,9627,1,0
B,G,G,7178,100,7178,1,0
C,G,G,1609,100,1609,1,0
D,G,G,9226,100,9226,1,0
E,G,G,9908,100,9908,1,0
F,G,G,7378,100,7378,1,0
G,H,G,9318,100,9318,1,0
A,H,H,9393,100,9393,1,0
B,H,H,6197,100,6197,1,0
C,H,H,9090,100,9090,1,0
D,H,H,1436,100,1436,1,0
E,H,H,9632,100,9632,1,0
F,H,H,6237,100,6237,1,0
G,H,H,9301,100,9301,1,0
A,B,A,3660,100,3660,1,0
A,C,A,9266,100,9266,1,0
A,D,A,9249,100,9249,1,0
A,E,A,1404,100,1404,1,0
A,F,A,3505,100,3505,1,0
A,G,A,9590,100,9590,1,0
A,H,A,9406,100,9406,1,0
A,B,B,3664,100,3664,1,0
B,C,B,6746,100,6746,1,0
B,D,B,5958,100,5958,1,0
B,E,B,4330,100,4330,1,0
B,F,B,1410,100,1410,1,0
B,G,B,7169,100,7169,1,0
B,H,B,6199,100,6199,1,0
A,C,C,9308,100,9308,1,0
B,C,C,6693,100,6693,1,0
C,D,C,8780,100,8780,1,0
C,E,C,9830,100,9830,1,0
C,F,C,7202,100,7202,1,0
C,G,C,1603,100,1603,1,0
C,H,C,9042,100,9042,1,0
A,D,D,9251,100,9251,1,0
B,D,D,5960,100,5960,1,0
C,D,D,8742,100,8742,1,0
D,E,D,9701,100,9701,1,0
D,F,D,6345,100,6345,1,0
D,G,D,9189,100,9189,1,0
D,H,D,1412,100,1412,1,0
A,E,E,1487,100,1487,1,0
B,E,E,4310,100,4310,1,0
C,E,E,9793,100,9793,1,0
D,E,E,9733,100,9733,1,0
E,F,E,3720,100,3720,1,0
E,G,E,9899,100,9899,1,0
E,H,E,9706,100,9706,1,0
A,F,F,3527,100,3527,1,0
B,F,F,1419,100,1419,1,0
C,F,F,7200,100,7200,1,0
D,F,F,6327,100,6327,1,0
E,F,F,3688,100,3688,1,0
F,G,F,7393,100,7393,1,0
F,H,F,6319,100,6319,1,0
A,G,G,9631,100,9631,1,0
B,G,G,7171,100,7171,1,0
C,G,G,1558,100,1558,1,0
D,G,G,9239,100,9239,1,0
E,G,G,9921,100,9921,1,0
F,G,G,7384,100,7384,1,0
G,H,G,9320,100,9320,1,0
A,H,H,9427,100,9427,1,0
B,H,H,6207,100,6207,1,0
C,H,H,9073,100,9073,1,0
D,H,H,1386,100,1386,1,0
E,H,H,9686,100,9686,1,0
F,H,H,6270,100,6270,1,0
G,H,H,9361,100,9361,1,0
A,B,A,3625,100,3625,1,0
A,C,A,9310,100,9310,1,0
A,D,A,9261,100,9261,1,0
A,E,A,1435,100,1435,1,0
A,F,A,3480,100,3480,1,0
A,G,A,9595,100,9595,1,0
A,H,A,9400,100,9400,1,0
A,B,B,3623,100,3623,1,0
B,C,B,6779,100,6779,1,0
B,D,B,5935,100,5935,1,0
B,E,B,4281,100,4281,1,0
B,F,B,1398,100,1398,1,0
B,G,B,7190,100,7190,1,0
B,H,B,6200,100,6200,1,0
A,C,C,9328,100,9328,1,0
B,C,C,6720,100,6720,1,0
C,D,C,8717,100,8717,1,0
C,E,C,9814,100,9814,1,0
C,F,C,7223,100,7223,1,0
C,G,C,1602,100,1602,1,0
C,H,C,9011,100,9011,1,0
A,D,D,9278,100,9278,1,0
B,D,D,5997,100,5997,1,0
C,D,D,8690,100,8690,1,0
D,E,D,9689,100,9689,1,0
D,F,D,6375,100,6375,1,0
D,G,D,9218,100,9218,1,0
D,H,D,1389,100,1389,1,0
A,E,E,1404,100,1404,1,0
B,E,E,4343,100,4343,1,0
C,E,E,9821,100,9821,1,0
D,E,E,9818,100,9818,1,0
E,F,E,3716,100,3716,1,0
E,G,E,9880,100,9880,1,0
E,H,E,9673,100,9673,1,0
A,F,F,3546,100,3546,1,0
B,F,F,1389,100,1389,1,0
C,F,F,7206,100,7206,1,0
D,F,F,6324,100,6324,1,0
E,F,F,3685,100,3685,1,0
F,G,F,7356,100,7356,1,0
F,H,F,6253,100,6253,1,0
A,G,G,9582,100,9582,1,0
B,G,G,7219,100,7219,1,0
C,G,G,1554,100,1554,1,0
D,G,G,9222,100,9222,1,0
E,G,G,9920,100,9920,1,0
F,G,G,7375,100,7375,1,0
G,H,G,9340,100,9340,1,0
A,H,H,9401,100,9401,1,0
B,H,H,6210,100,6210,1,0
C,H,H,9025,100,9025,1,0
D,H,H,1422,100,1422,1,0
E,H,H,9625,100,9625,1,0
F,H,H,6293,100,6293,1,0
G,H,H,9277,100,9277,1,0
A,B,A,3635,100,3635,1,0
A,C,A,9266,100,9266,1,0
A,D,A,9254,100,9254,1,0
A,E,A,1470,100,1470,1,0
A,F,A,3537,100,3537,1,0
A,G,A,9597,100,9597,1,0
A,H,A,9434,100,9434,1,0
A,B,B,3645,100,3645,1,0
B,C,B,6708,100,6708,1,0
B,D,B,5958,100,5958,1,0
B,E,B,4327,100,4327,1,0
B,F,B,1430,100,1430,1,0
B,G,B,7187,100,7187,1,0
B,H,B,6243,100,6243,1,0
A,C,C,9327,100,9327,1,0
B,C,C,6701,100,6701,1,0
C,D,C,8747,100,8747,1,0
C,E,C,9828,100,9828,1,0
C,F,C,7204,100,7204,1,0
C,G,C,1604,100,1604,1,0
C,H,C,9067,100,9067,1,0
A,D,D,9264,100,9264,1,0
B,D,D,5914,100,5914,1,0
C,D,D,8715,100,8715,1,0
D,E,D,9694,100,9694,1,0
D,F,D,6371,100,6371,1,0
D,G,D,9243,100,9243,1,0
D,H,D,1438,100,1438,1,0
A,E,E,1414,100,1414,1,0
B,E,E,4309,100,4309,1,0
C,E,E,9831,100,9831,1,0
D,E,E,9764,100,9764,1,0
E,F,E,3723,100,3723,1,0
E,G,E,9921,100,9921,1,0
E,H,E,9664,100,9664,1,0
A,F,F,3499,100,3499,1,0
B,F,F,1393,100,1393,1,0
C,F,F,7201,100,7201,1,0
D,F,F,6369,100,6369,1,0
E,F,F,3689,100,3689,1,0
F,G,F,7355,100,7355,1,0
F,H,F,6284,100,6284,1,0
A,G,G,9589,100,9589,1,0
B,G,G,7203,100,7203,1,0
C,G,G,1559,100,1559,1,0
D,G,G,9264,100,9264,1,0
E,G,G,9931,100,9931,1,0
F,G,G,7383,100,7383,1,0
G,H,G,9345,100,9345,1,0
A,H,H,9412,100,9412,1,0
B,H,H,6200,100,6200,1,0
C,H,H,9057,100,9057,1,0
D,H,H,1431,100,1431,1,0
E,H,H,9633,100,9633,1,0
F,H,H,6252,100,6252,1,0
G,H,H,9313,100,9313,1,0
A,B,A,3659,100,3659,1,0
A,C,A,9245,100,9245,1,0
A,D,A,9268,100,9268,1,0
A,E,A,1412,100,1412,1,0
A,F,A,3588,100,3588,1,0
A,G,A,9609,100,9609,1,0
A,H,A,9363,100,9363,1,0
A,B,B,3654,100,3654,1,0
B,C,B,6734,100,6734,1,0
B,D,B,5930,100,5930,1,0
B,E,B,4281,100,4281,1,0
B,F,B,1390,100,1390,1,0
B,G,B,7201,100,7201,1,0
B,H,B,6197,100,6197,1,0
A,C,C,9272,100,9272,1,0
B,C,C,6734,100,6734,1,0
C,D,C,8700,100,8700,1,0
C,E,C,9798,100,9798,1,0
C,F,C,7208,100,7208,1,0
C,G,C,1606,100,1606,1,0
C,H,C,9049,100,9049,1,0
A,D,D,9271,100,9271,1,0
B,D,D,5992,100,5992,1,0
C,D,D,8722,100,8722,1,0
D,E,D,9678,100,9678,1,0
D,F,D,6331,100,6331,1,0
D,G,D,9255,100,9255,1,0
D,H,D,1382,100,1382,1,0
A,E,E,1402,100,1402,1,0
B,E,E,4340,100,4340,1,0
C,E,E,9831,100,9831,1,0
D,E,E,9776,100,9776,1,0
E,F,E,3697,100,3697,1,0
E,G,E,9901,100,9901,1,0
E,H,E,9668,100,9668,1,0
A,F,F,3524,100,3524,1,0
B,F,F,1367,100,1367,1,0
C,F,F,7234,100,7234,1,0
D,F,F,6351,100,6351,1,0
E,F,F,3700,100,3700,1,0
F,G,F,7386,100,7386,1,0
F,H,F,6264,100,6264,1,0
A,G,G,9587,100,9587,1,0
B,G,G,7192,100,7192,1,0
C,G,G,1577,100,1577,1,0
D,G,G,9255,100,9255,1,0
E,G,G,9892,100,9892,1,0
F,G,G,7379,100,7379,1,0
G,H,G,9295,100,9295,1,0
A,H,H,9393,100,9393,1,0
B,H,H,6190,100,6190,1,0
C,H,H,9014,100,9014,1,0
D,H,H,1400,100,1400,1,0
E,H,H,9647,100,9647,1,0
F,H,H,6295,100,6295,1,0
G,H,H,9288,100,9288,1,0
A,B,A,3668,100,3668,1,0
A,C,A,9294,100,9294,1,0
A,D,A,9278,100,9278,1,0
A,E,A,1409,100,1409,1,0
A,F,A,3546,100,3546,1,0
A,G,A,9626,100,9626,1,0
A,H,A,9372,100,9372,1,0
A,B,B,3632,100,3632,1,0
B,C,B,6721,100,6721,1,0
B,D,B,5951,100,5951,1,0
B,E,B,4314,100,4314,1,0
B,F,B,1375,100,1375,1,0
B,G,B,7193,100,7193,1,0
B,H,B,6164,100,6164,1,0
A,C,C,9283,100,9283,1,0
B,C,C,6767,100,6767,1,0
C,D,C,8715,100,8715,1,0
C,E,C,9803,100,9803,1,0
C,F,C,7184,100,7184,1,0
C,G,C,1590,100,1590,1,0
C,H,C,9045,100,9045,1,0
A,D,D,9300,100,9300,1,0
B,D,D,5965,100,5965,1,0
C,D,D,8767,100,8767,1,0
D,E,D,9670,100,9670,1,0
D,F,D,6366,100,6366,1,0
D,G,D,9242,100,9242,1,0
D,H,D,1411,100,1411,1,0
A,E,E,1408,100,1408,1,0
B,E,E,4334,100,4334,1,0
C,E,E,9833,100,9833,1,0
D,E,E,9677,100,9677,1,0
E,F,E,3713,100,3713,1,0
E,G,E,9911,100,9911,1,0
E,H,E,9605,100,9605,1,0
A,F,F,3509,100,3509,1,0
B,F,F,1400,100,1400,1,0
C,F,F,7198,100,7198,1,0
D,F,F,6350,100,6350,1,0
E,F,F,3699,100,3699,1,0
F,G,F,7363,100,7363,1,0
F,H,F,6261,100,6261,1,0
A,G,G,9607,100,9607,1,0
B,G,G,7217,100,7217,1,0
C,G,G,1612,100,1612,1,0
D,G,G,9250,100,9250,1,0
E,G,G,9901,100,9901,1,0
F,G,G,7357,100,7357,1,0
G,H,G,9303,100,9303,1,0
A,H,H,9463,100,9463,1,0
B,H,H,6210,100,6210,1,0
C,H,H,9062,100,9062,1,0
D,H,H,1433,100,1433,1,0
E,H,H,9629,100,9629,1,0
F,H,H,6292,100,6292,1,0
G,H,H,9305,100,9305,1,0
A,B,A,3594,100,3594,1,0
A,C,A,9305,100,9305,1,0
A,D,A,9283,100,9283,1,0
A,E,A,1432,100,1432,1,0
A,F,A,3535,100,3535,1,0
A,G,A,9606,100,9606,1,0
A,H,A,9418,100,9418,1,0
A,B,B,3645,100,3645,1,0
B,C,B,6709,100,6709,1,0
B,D,B,5998,100,5998,1,0
B,E,B,4258,100,4258,1,0
B,F,B,1382,100,1382,1,0
B,G,B,7208,100,7208,1,0
B,H,B,6208,100,6208,1,0
A,C,C,9333,100,9333,1,0
B,C,C,6732,100,6732,1,0
C,D,C,8703,100,8703,1,0
C,E,C,9811,100,9811,1,0
C,F,C,7218,100,7218,1,0
C,G,C,1566,100,1566,1,0
C,H,C,9060,100,9060,1,0
A,D,D,9234,100,9234,1,0
B,D,D,5975,100,5975,1,0
C,D,D,8729,100,8729,1,0
D,E,D,9765,100,9765,1,0
D,F,D,6354,100,6354,1,0
D,G,D,9183,100,9183,1,0
D,H,D,1384,100,1384,1,0
A,E,E,1423,100,1423,1,0
B,E,E,4273,100,4273,1,0
C,E,E,9844,100,9844,1,0
D,E,E,9731,100,9731,1,0
E,F,E,3700,100,3700,1,0
E,G,E,9924,100,9924,1,0
E,H,E,9642,100,9642,1,0
A,F,F,3530,100,3530,1,0
B,F,F,1385,100,1385,1,0
C,F,F,7203,100,7203,1,0
D,F,F,6330,100,6330,1,0
E,F,F,3702,100,3702,1,0
F,G,F,7380,100,7380,1,0
F,H,F,6271,100,6271,1,0
A,G,G,9558,100,9558,1,0
B,G,G,7185,100,7185,1,0
C,G,G,1544,100,1544,1,0
D,G,G,9239,100,9239,1,0
E,G,G,9946,100,9946,1,0
F,G,G,7394,100,7394,1,0
G,H,G,9352,100,9352,1,0
A,H,H,9422,100,9422,1,0
B,H,H,6231,100,6231,1,0
C,H,H,9053,100,9053,1,0
D,H,H,1449,100,1449,1,0
E,H,H,9639,100,9639,1,0
F,H,H,6300,100,6300,1,0
G,H,H,9347,100,9347,1,0
A,B,A,3638,100,3638,1,0
A,C,A,9292,100,9292,1,0
A,D,A,9227,100,9227,1,0
A,E,A,1449,100,1449,1,0
A,F,A,3534,100,3534,1,0
A,G,A,9634,100,9634,1,0
A,H,A,9429,100,9429,1,0
A,B,B,3689,100,3689,1,0
B,C,B,6718,100,6718,1,0
B,D,B,5897,100,5897,1,0
B,E,B,4289,100,4289,1,0
B,F,B,1414,100,1414,1,0
B,G,B,7203,100,7203,1,0
B,H,B,6175,100,6175,1,0
A,C,C,9360,100,9360,1,0
B,C,C,6728,100,6728,1,0
C,D,C,8740,100,8740,1,0
C,E,C,9809,100,9809,1,0
C,F,C,7207,100,7207,1,0
C,G,C,1558,100,1558,1,0
C,H,C,9021,100,9021,1,0
A,D,D,9251,100,9251,1,0
B,D,D,5918,100,5918,1,0
C,D,D,8736,100,8736,1,0
D,E,D,9704,100,9704,1,0
D,F,D,6410,100,6410,1,0
D,G,D,9227,100,9227,1,0
D,H,D,1388,100,1388,1,0
A,E,E,1417,100,1417,1,0
B,E,E,4342,100,4342,1,0
C,E,E,9802,100,9802,1,0
D,E,E,9757,100,9757,1,0
E,F,E,3668,100,3668,1,0
E,G,E,9929,100,9929,1,0
E,H,E,9611,100,9611,1,0
A,F,F,3492,100,3492,1,0
B,F,F,1398,100,1398,1,0
C,F,F,7228,100,7228,1,0
D,F,F,6367,100,6367,1,0
E,F,F,3701,100,3701,1,0
F,G,F,7374,100,7374,1,0
F,H,F,6308,100,6308,1,0
A,G,G,9611,100,9611,1,0
B,G,G,7164,100,7164,1,0
C,G,G,1534,100,1534,1,0
D,G,G,9250,100,9250,1,0
E,G,G,9904,100,9904,1,0
F,G,G,7346,100,7346,1,0
G,H,G,9335,100,9335,1,0
A,H,H,9405,100,9405,1,0
B,H,H,6231,100,6231,1,0
C,H,H,9066,100,9066,1,0
D,H,H,1444,100,1444,1,0
E,H,H,9663,100,9663,1,0
F,H,H,6323,100,6323,1,0
G,H,H,9298,100,9298,1,0
A,B,A,3617,100,3617,1,0
A,C,A,9251,100,9251,1,0
A,D,A,9280,100,9280,1,0
A,E,A,1404,100,1404,1,0
A,F,A,3552,100,3552,1,0
A,G,A,9564,100,9564,1,0
A,H,A,9383,100,9383,1,0
A,B,B,3652,100,3652,1,0
B,C,B,6724,100,6724,1,0
B,D,B,5940,100,5940,1,0
B,E,B,4273,100,4273,1,0
B,F,B,1398,100,1398,1,0
B,G,B,7213,100,7213,1,0
B,H,B,6289,100,6289,1,0
A,C,C,9320,100,9320,1,0
B,C,C,6745,100,6745,1,0
C,D,C,8689,100,8689,1,0
C,E,C,9813,100,9813,1,0
C,F,C,7229,100,7229,1,0
C,G,C,1586,100,1586,1,0
C,H,C,9035,100,9035,1,0
A,D,D,9288,100,9288,1,0
B,D,D,5915,100,5915,1,0
C,D,D,8700,100,8700,1,0
D,E,D,9715,100,9715,1,0
D,F,D,6335,100,6335,1,0
D,G,D,9233,100,9233,1,0
D,H,D,1410,100,1410,1,0
A,E,E,1421,100,1421,1,0
B,E,E,4321,100,4321,1,0
C,E,E,9820,100,9820,1,0
D,E,E,9791,100,9791,1,0
E,F,E,3687,100,3687,1,0
E,G,E,9942,100,9942,1,0
E,H,E,9641,100,9641,1,0
A,F,F,3542,100,3542,1,0
B,F,F,1427,100,1427,1,0
C,F,F,7199,100,7199,1,0
D,F,F,6314,100,6314,1,0
E,F,F,3686,100,3686,1,0
F,G,F,7397,100,7397,1,0
F,H,F,6284,100,6284,1,0
A,G,G,9588,100,9588,1,0
B,G,G,7177,100,7177,1,0
C,G,G,1576,100,1576,1,0
D,G,G,9209,100,9209,1,0
E,G,G,9924,100,9924,1,0
F,G,G,7355,100,7355,1,0
G,H,G,9298,100,9298,1,0
A,H,H,9373,100,9373,1,0
B,H,H,6212,100,6212,1,0
C,H,H,9045,100,9045,1,0
D,H,H,1392,100,1392,1,0
E,H,H,9659,100,9659,1,0
F,H,H,6274,100,6274,1,0
G,H,H,9345,100,9345,1,0
A,B,A,3636,100,3636,1,0
A,C,A,9261,100,9261,1,0
A,D,A,9282,100,9282,1,0
A,E,A,1396,100,1396,1,0
A,F,A,3494,100,3494,1,0
A,G,A,9657,100,9657,1,0
A,H,A,9418,100,9418,1,0
A,B,B,3634,100,3634,1,0
B,C,B,6776,100,6776,1,0
B,D,B,5980,100,5980,1,0
B,E,B,4313,100,4313,1,0
B,F,B,1405,100,1405,1,0
B,G,B,7183,100,7183,1,0
B,H,B,6212,100,6212,1,0
A,C,C,9296,100,9296,1,0
B,C,C,6737,100,6737,1,0
C,D,C,8746,100,8746,1,0
C,E,C,9799,100,9799,1,0
C,F,C,7219,100,7219,1,0
C,G,C,1568,100,1568,1,0
C,H,C,9044,100,9044,1,0
A,D,D,9278,100,9278,1,0
B,D,D,5964,100,5964,1,0
C,D,D,8722,100,8722,1,0
D,E,D,9691,100,9691,1,0
D,F,D,6343,100,6343,1,0
D,G,D,9247,100,9247,1,0
D,H,D,1433,100,1433,1,0
A,E,E,1466,100,1466,1,0
B,E,E,4300,100,4300,1,0
C,E,E,9824,100,9824,1,0
D,E,E,9762,100,9762,1,0
E,F,E,3675,100,3675,1,0
E,G,E,9903,100,9903,1,0
E,H,E,9669,100,9669,1,0
A,F,F,3518,100,3518,1,0
B,F,F,1387,100,1387,1,0
C,F,F,7181,100,7181,1,0
D,F,F,6356,100,6356,1,0
E,F,F,3671,100,3671,1,0
F,G,F,7366,100,7366,1,0
F,H,F,6236,100,6236,1,0
A,G,G,9625,100,9625,1,0
B,G,G,7173,100,7173,1,0
C,G,G,1608,100,1608,1,0
D,G,G,9237,100,9237,1,0
E,G,G,9895,100,9895,1,0
F,G,G,7397,100,7397,1,0
G,H,G,9272,100,9272,1,0
A,H,H,9436,100,9436,1,0
B,H,H,6204,100,6204,1,0
C,H,H,9050,100,9050,1,0
D,H,H,1409,100,1409,1,0
E,H,H,9677,100,9677,1,0
F,H,H,6294,100,6294,1,0
G,H,H,9348,100,9348,1,0
A,B,A,3640,100,3640,1,0
A,C,A,9272,100,9272,1,0
A,D,A,9263,100,9263,1,0
A,E,A,1463,100,1463,1,0
A,F,A,3539,100,3539,1,0
A,G,A,9569,100,9569,1,0
A,H,A,9439,100,9439,1,0
A,B,B,3645,100,3645,1,0
B,C,B,6734,100,6734,1,0
B,D,B,6007,100,6007,1,0
B,E,B,4290,100,4290,1,0
B,F,B,1388,100,1388,1,0
B,G,B,7236,100,7236,1,0
B,H,B,6153,100,6153,1,0
A,C,C,9293,100,9293,1,0
B,C,C,6733,100,6733,1,0
C,D,C,8700,100,8700,1,0
C,E,C,9805,100,9805,1,0
C,F,C,7196,100,7196,1,0
C,G,C,1547,100,1547,1,0
C,H,C,9040,100,9040,1,0
A,D,D,9259,100,9259,1,0
B,D,D,5981,100,5981,1,0
C,D,D,8702,100,8702,1,0
D,E,D,9701,100,9701,1,0
D,F,D,6340,100,6340,1,0
D,G,D,9255,100,9255,1,0
D,H,D,1393,100,1393,1,0
A,E,E,1403,100,1403,1,0
B,E,E,4305,100,4305,1,0
C,E,E,9907,100,9907,1,0
D,E,E,9682,100,9682,1,0
E,F,E,3671,100,3671,1,0
E,G,E,9940,100,9940,1,0
E,H,E,9706,100,9706,1,0
A,F,F,3530,100,3530,1,0
B,F,F,1415,100,1415,1,0
C,F,F,7203,100,7203,1,0
D,F,F,6318,100,6318,1,0
E,F,F,3673,100,3673,1,0
F,G,F,7384,100,7384,1,0
F,H,F,6282,100,6282,1,0
A,G,G,9556,100,9556,1,0
B,G,G,7177,100,7177,1,0
C,G,G,1606,100,1606,1,0
D,G,G,9235,100,9235,1,0
E,G,G,9911,100,9911,1,0
F,G,G,7382,100,7382,1,0
G,H,G,9353,100,9353,1,0
A,H,H,9363,100,9363,1,0
B,H,H,6179,100,6179,1,0
C,H,H,9051,100,9051,1,0
D,H,H,1425,100,1425,1,0
E,H,H,9635,100,9635,1,0
F,H,H,6271,100,6271,1,0
G,H,H,9347,100,9347,1,0
A,B,A,3661,100,3661,1,0
A,C,A,9314,100,9314,1,0
A,D,A,9268,100,9268,1,0
A,E,A,1470,100,1470,1,0
A,F,A,3542,100,3542,1,0
A,G,A,9632,100,9632,1,0
A,H,A,9393,100,9393,1,0
A,B,B,3645,100,3645,1,0
B,C,B,6702,100,6702,1,0
B,D,B,5928,100,5928,1,0
B,E,B,4347,100,4347,1,0
B,F,B,1429,100,1429,1,0
B,G,B,7199,100,7199,1,0
B,H,B,6247,100,6247,1,0
A,C,C,9293,100,9293,1,0
B,C,C,6719,100,6719,1,0
C,D,C,8720,100,8720,1,0
C,E,C,9843,100,9843,1,0
C,F,C,7194,100,7194,1,0
C,G,C,1560,100,1560,1,0
C,H,C,9042,100,9042,1,0
A,D,D,9277,100,9277,1,0
B,D,D,5977,100,5977,1,0
C,D,D,8739,100,8739,1,0
D,E,D,9744,100,9744,1,0
D,F,D,6336,100,6336,1,0
D,G,D,9224,100,9224,1,0
D,H,D,1434,100,1434,1,0
A,E,E,1453,100,1453,1,0
B,E,E,4349,100,4349,1,0
C,E,E,9808,100,9808,1,0
D,E,E,9758,100,9758,1,0
E,F,E,3670,100,3670,1,0
E,G,E,9917,100,9917,1,0
E,H,E,9723,100,9723,1,0
A,F,F,3500,100,3500,1,0
B,F,F,1362,100,1362,1,0
C,F,F,7238,100,7238,1,0
D,F,F,6384,100,6384,1,0
E,F,F,3689,100,3689,1,0
F,G,F,7376,100,7376,1,0
F,H,F,6283,100,6283,1,0
A,G,G,9609,100,9609,1,0
B,G,G,7204,100,7204,1,0
C,G,G,1620,100,1620,1,0
D,G,G,9226,100,9226,1,0
E,G,G,9924,100,9924,1,0
F,G,G,7387,100,7387,1,0
G,H,G,9304,100,9304,1,0
A,H,H,9431,100,9431,1,0
B,H,H,6212,100,6212,1,0
C,H,H,9026,100,9026,1,0
D,H,H,1389,100,1389,1,0
E,H,H,9627,100,9627,1,0
F,H,H,6253,100,6253,1,0
G,H,H,9358,100,9358,1,0
A,B,A,3656,100,3656,1,0
A,C,A,9253,100,9253,1,0
A,D,A,9271,100,9271,1,0
A,E,A,1400,100,1400,1,0
A,F,A,3569,100,3569,1,0
A,G,A,9667,100,9667,1,0
A,H,A,9371,100,9371,1,0
A,B,B,3633,100,3633,1,0
B,C,B,6762,100,6762,1,0
B,D,B,5990,100,5990,1,0
B,E,B,4298,100,4298,1,0
B,F,B,1406,100,1406,1,0
B,G,B,7183,100,7183,1,0
B,H,B,6145,100,6145,1,0
A,C,C,9254,100,9254,1,0
B,C,C,6739,100,6739,1,0
C,D,C,8721,100,8721,1,0
C,E,C,9847,100,9847,1,0
C,F,C,7220,100,7220,1,0
C,G,C,1560,100,1560,1,0
C,H,C,9037,100,9037,1,0
A,D,D,9246,100,9246,1,0
B,D,D,5952,100,5952,1,0
C,D,D,8702,100,8702,1,0
D,E,D,9705,100,9705,1,0
D,F,D,6366,100,6366,1,0
D,G,D,9209,100,9209,1,0
D,H,D,1406,100,1406,1,0
A,E,E,1406,100,1406,1,0
B,E,E,4324,100,4324,1,0
C,E,E,9773,100,9773,1,0
D,E,E,9730,100,9730,1,0
E,F,E,3689,100,3689,1,0
E,G,E,9897,100,9897,1,0
E,H,E,9649,100,9649,1,0
A,F,F,3540,100,3540,1,0
B,F,F,1426,100,1426,1,0
C,F,F,7210,100,7210,1,0
D,F,F,6341,100,6341,1,0
E,F,F,3697,100,3697,1,0
F,G,F,7351,100,7351,1,0
F,H,F,6249,100,6249,1,0
A,G,G,9636,100,9636,1,0
B,G,G,7223,100,7223,1,0
C,G,G,1554,100,1554,1,0
D,G,G,9243,100,9243,1,0
E,G,G,9927,100,9927,1,0
F,G,G,7355,100,7355,1,0
G,H,G,9344,100,9344,1,0
A,H,H,9413,100,9413,1,0
B,H,H,6247,100,6247,1,0
C,H,H,9038,100,9038,1,0
D,H,H,1432,100,1432,1,0
E,H,H,9631,100,9631,1,0
F,H,H,6265,100,6265,1,0
G,H,H,9316,100,9316,1,0
A,B,A,3666,100,3666,1,0
A,C,A,9279,100,9279,1,0
A,D,A,9264,100,9264,1,0
A,E,A,1453,100,1453,1,0
A,F,A,3517,100,3517,1,0
A,G,A,9620,100,9620,1,0
A,H,A,9374,100,9374,1,0
A,B,B,3642,100,3642,1,0
B,C,B,6747,100,6747,1,0
B,D,B,5942,100,5942,1,0
B,E,B,4286,100,4286,1,0
B,F,B,1402,100,1402,1,0
B,G,B,7203,100,7203,1,0
B,H,B,6154,100,6154,1,0
A,C,C,9305,100,9305,1,0
B,C,C,6713,100,6713,1,0
C,D,C,8761,100,8761,1,0
C,E,C,9848,100,9848,1,0
C,F,C,7204,100,7204,1,0
C,G,C,1558,100,1558,1,0
C,H,C,9041,100,9041,1,0
A,D,D,9258,100,9258,1,0
B,D,D,5980,100,5980,1,0
C,D,D,8758,100,8758,1,0
D,E,D,9684,100,9684,1,0
D,F,D,6385,100,6385,1,0
D,G,D,9263,100,9263,1,0
D,H,D,1398,100,1398,1,0
A,E,E,1447,100,1447,1,0
B,E,E,4339,100,4339,1,0
C,E,E,9841,100,9841,1,0
D,E,E,9737,100,9737,1,0
E,F,E,3682,100,3682,1,0
E,G,E,9926,100,9926,1,0
E,H,E,9663,100,9663,1,0
A,F,F,3511,100,3511,1,0
B,F,F,1404,100,1404,1,0
C,F,F,7190,100,7190,1,0
D,F,F,6307,100,6307,1,0
E,F,F,3731,100,3731,1,0
F,G,F,7387,100,7387,1,0
F,H,F,6336,100,6336,1,0
A,G,G,9624,100,9624,1,0
B,G,G,7203,100,7203,1,0
C,G,G,1534,100,1534,1,0
D,G,G,9249,100,9249,1,0
E,G,G,9908,100,9908,1,0
F,G,G,7358,100,7358,1,0
G,H,G,9315,100,9315,1,0
A,H,H,9464,100,9464,1,0
B,H,H,6184,100,6184,1,0
C,H,H,9056,100,9056,1,0
D,H,H,1442,100,1442,1,0
E,H,H,9638,100,9638,1,0
F,H,H,6276,100,6276,1,0
G,H,H,9300,100,9300,1,0
A,B,A,3665,100,3665,1,0
A,C,A,9355,100,9355,1,0
A,D,A,9272,100,9272,1,0
A,E,A,1432,100,1432,1,0
A,F,A,3520,100,3520,1,0
A,G,A,9633,100,9633,1,0
A,H,A,9395,100,9395,1,0
A,B,B,3653,100,3653,1,0
B,C,B,6712,100,6712,1,0
B,D,B,5979,100,5979,1,0
B,E,B,4303,100,4303,1,0
B,F,B,1385,100,1385,1,0
B,G,B,7190,100,7190,1,0
B,H,B,6234,100,6234,1,0
A,C,C,9257,100,9257,1,0
B,C,C,6732,100,6732,1,0
C,D,C,8744,100,8744,1,0
C,E,C,9836,100,9836,1,0
C,F,C,7192,100,7192,1,0
C,G,C,1539,100,1539,1,0
C,H,C,9034,100,9034,1,0
A,D,D,9262,100,9262,1,0
B,D,D,6014,100,6014,1,0
C,D,D,8702,100,8702,1,0
D,E,D,9734,100,9734,1,0
D,F,D,6352,100,6352,1,0
D,G,D,9213,100,9213,1,0
D,H,D,1417,100,1417,1,0
A,E,E,1489,100,1489,1,0
B,E,E,4329,100,4329,1,0
C,E,E,9814,100,9814,1,0
D,E,E,9647,100,9647,1,0
E,F,E,3697,100,3697,1,0
E,G,E,9905,100,9905,1,0
E,H,E,9651,100,9651,1,0
A,F,F,3517,100,3517,1,0
B,F,F,1399,100,1399,1,0
C,F,F,7204,100,7204,1,0
D,F,F,6376,100,6376,1,0
E,F,F,3694,100,3694,1,0
F,G,F,7372,100,7372,1,0
F,H,F,6238,100,6238,1,0
A,G,G,9629,100,9629,1,0
B,G,G,7167,100,7167,1,0
C,G,G,1617,100,1617,1,0
D,G,G,9233,100,9233,1,0
E,G,G,9913,100,9913,1,0
F,G,G,7379,100,7379,1,0
G,H,G,9323,100,9323,1,0
A,H,H,9364,100,9364,1,0
B,H,H,6238,100,6238,1,0
C,H,H,9066,100,9066,1,0
D,H,H,1430,100,1430,1,0
E,H,H,9706,100,9706,1,0
F,H,H,6270,100,6270,1,0
G,H,H,9361,100,9361,1,0
A,B,A,3641,100,3641,1,0
A,C,A,9301,100,9301,1,0
A,D,A,9274,100,9274,1,0
A,E,A,1452,100,1452,1,0
A,F,A,3556,100,3556,1,0
A,G,A,9590,100,9590,1,0
A,H,A,9412,100,9412,1,0
A,B,B,3681,100,3681,1,0
B,C,B,6753,100,6753,1,0
B,D,B,5947,100,5947,1,0
B,E,B,4304,100,4304,1,0
B,F,B,1417,100,1417,1,0
B,G,B,7198,100,7198,1,0
B,H,B,6172,100,6172,1,0
A,C,C,9275,100,9275,1,0
B,C,C,6765,100,6765,1,0
C,D,C,8734,100,8734,1,0
C,E,C,9834,100,9834,1,0
C,F,C,7213,100,7213,1,0
C,G,C,1570,100,1570,1,0
C,H,C,9108,100,9108,1,0
A,D,D,9274,100,9274,1,0
B,D,D,5959,100,5959,1,0
C,D,D,8737,100,8737,1,0
D,E,D,9797,100,9797,1,0
D,F,D,6358,100,6358,1,0
D,G,D,9218,100,9218,1,0
D,H,D,1412,100,1412,1,0
A,E,E,1395,100,1395,1,0
B,E,E,4325,100,4325,1,0
C,E,E,9885,100,9885,1,0
D,E,E,9781,100,9781,1,0
E,F,E,3700,100,3700,1,0
E,G,E,9935,100,9935,1,0
E,H,E,9627,100,9627,1,0
A,F,F,3524,100,3524,1,0
B,F,F,1419,100,1419,1,0
C,F,F,7213,100,7213,1,0
D,F,F,6335,100,6335,1,0
E,F,F,3706,100,3706,1,0
F,G,F,7358,100,7358,1,0
F,H,F,6307,100,6307,1,0
A,G,G,9602,100,9602,1,0
B,G,G,7242,100,7242,1,0
C,G,G,1577,100,1577,1,0
D,G,G,9247,100,9247,1,0
E,G,G,9960,100,9960,1,0
F,G,G,7399,100,7399,1,0
G,H,G,9348,100,9348,1,0
A,H,H,9390,100,9390,1,0
B,H,H,6178,100,6178,1,0
C,H,H,9032,100,9032,1,0
D,H,H,1407,100,1407,1,0
E,H,H,9671,100,9671,1,0
F,H,H,6273,100,6273,1,0
G,H,H,9352,100,9352,1,0
A,B,A,3690,100,3690,1,0
A,C,A,9370,100,9370,1,0
A,D,A,9276,100,9276,1,0
A,E,A,1417,100,1417,1,0
A,F,A,3510,100,3510,1,0
A,G,A,9630,100,9630,1,0
A,H,A,9357,100,9357,1,0
A,B,B,3614,100,3614,1,0
B,C,B,6725,100,6725,1,0
B,D,B,5980,100,5980,1,0
B,E,B,4293,100,4293,1,0
B,F,B,1387,100,1387,1,0
B,G,B,7183,100,7183,1,0
B,H,B,6230,100,6230,1,0
A,C,C,9278,100,9278,1,0
B,C,C,6727,100,6727,1,0
C,D,C,8714,100,8714,1,0
C,E,C,9808,100,9808,1,0
C,F,C,7207,100,7207,1,0
C,G,C,1588,100,1588,1,0
C,H,C,9099,100,9099,1,0
A,D,D,9259,100,9259,1,0
B,D,D,5930,100,5930,1,0
C,D,D,8735,100,8735,1,0
D,E,D,9785,100,9785,1,0
D,F,D,6377,100,6377,1,0
D,G,D,9279,100,9279,1,0
D,H,D,1396,100,1396,1,0
A,E,E,1452,100,1452,1,0
B,E,E,4353,100,4353,1,0
C,E,E,9847,100,9847,1,0
D,E,E,9740,100,9740,1,0
E,F,E,3709,100,3709,1,0
E,G,E,9916,100,9916,1,0
E,H,E,9668,100,9668,1,0
A,F,F,3564,100,3564,1,0
B,F,F,1384,100,1384,1,0
C,F,F,7206,100,7206,1,0
D,F,F,6360,100,6360,1,0
E,F,F,3726,100,3726,1,0
F,G,F,7408,100,7408,1,0
F,H,F,6260,100,6260,1,0
A,G,G,9622,100,9622,1,0
B,G,G,7183,100,7183,1,0
C,G,G,1590,100,1590,1,0
D,G,G,9228,100,9228,1,0
E,G,G,9906,100,9906,1,0
F,G,G,7385,100,7385,1,0
G,H,G,9328,100,9328,1,0
A,H,H,9388,100,9388,1,0
B,H,H,6233,100,6233,1,0
C,H,H,9016,100,9016,1,0
D,H,H,1379,100,1379,1,0
E,H,H,9648,100,9648,1,0
F,H,H,6295,100,6295,1,0
G,H,H,9325,100,9325,1,0
A,B,A,3665,100,3665,1,0
A,C,A,9245,100,9245,1,0
A,D,A,9263,100,9263,1,0
A,E,A,1438,100,1438,1,0
A,F,A,3523,100,3523,1,0
A,G,A,9612,100,9612,1,0
A,H,A,9369,100,9369,1,0
A,B,B,3661,100,3661,1,0
B,C,B,6730,100,6730,1,0
B,D,B,5959,100,5959,1,0
B,E,B,4290,100,4290,1,0
B,F,B,1346,100,1346,1,0
B,G,B,7185,100,7185,1,0
B,H,B,6289,100,6289,1,0
A,C,C,9309,100,9309,1,0
B,C,C,6746,100,6746,1,0
C,D,C,8749,100,8749,1,0
C,E,C,9841,100,9841,1,0
C,F,C,7195,100,7195,1,0
C,G,C,1621,100,1621,1,0
C,H,C,9059,100,9059,1,0
A,D,D,9306,100,9306,1,0
B,D,D,5964,100,5964,1,0
C,D,D,8709,100,8709,1,0
D,E,D,9736,100,9736,1,0
D,F,D,6366,100,6366,1,0
D,G,D,9245,100,9245,1,0
D,H,D,1415,100,1415,1,0
A,E,E,1456,100,1456,1,0
B,E,E,4359,100,4359,1,0
C,E,E,9830,100,9830,1,0
D,E,E,9655,100,9655,1,0
E,F,E,3700,100,3700,1,0
E,G,E,9942,100,9942,1,0
E,H,E,9678,100,9678,1,0
A,F,F,3504,100,3504,1,0
B,F,F,1386,100,1386,1,0
C,F,F,7189,100,7189,1,0
D,F,F,6348,100,6348,1,0
E,F,F,3704,100,3704,1,0
F,G,F,7343,100,7343,1,0
F,H,F,6228,100,6228,1,0
A,G,G,9630,100,9630,1,0
B,G,G,7178,100,7178,1,0
C,G,G,1619,100,1619,1,0
D,G,G,9242,100,9242,1,0
E,G,G,9927,100,9927,1,0
F,G,G,7361,100,7361,1,0
G,H,G,9304,100,9304,1,0
A,H,H,9376,100,9376,1,0
B,H,H,6204,100,6204,1,0
C,H,H,9006,100,9006,1,0
D,H,H,1442,100,1442,1,0
E,H,H,9655,100,9655,1,0
F,H,H,6266,100,6266,1,0
G,H,H,9353,100,9353,1,0
A,B,A,3620,100,3620,1,0
A,C,A,9332,100,9332,1,0
A,D,A,9259,100,9259,1,0
A,E,A,1456,100,1456,1,0
A,F,A,3493,100,3493,1,0
A,G,A,9599,100,9599,1,0
A,H,A,9401,100,9401,1,0
A,B,B,3623,100,3623,1,0
B,C,B,6746,100,6746,1,0
B,D,B,5998,100,5998,1,0
B,E,B,4311,100,4311,1,0
B,F,B,1391,100,1391,1,0
B,G,B,7213,100,7213,1,0
B,H,B,6193,100,6193,1,0
A,C,C,9295,100,9295,1,0
B,C,C,6709,100,6709,1,0
C,D,C,8733,100,8733,1,0
C,E,C,9820,100,9820,1,0
C,F,C,7243,100,7243,1,0
C,G,C,1565,100,1565,1,0
C,H,C,9042,100,9042,1,0
A,D,D,9287,100,9287,1,0
B,D,D,5962,100,5962,1,0
C,D,D,8690,100,8690,1,0
D,E,D,9742,100,9742,1,0
D,F,D,6319,100,6319,1,0
D,G,D,9228,100,9228,1,0
D,H,D,1461,100,1461,1,0
A,E,E,1472,100,1472,1,0
B,E,E,4344,100,4344,1,0
C,E,E,9814,100,9814,1,0
D,E,E,9727,100,9727,1,0
E,F,E,3716,100,3716,1,0
E,G,E,9915,100,9915,1,0
E,H,E,9671,100,9671,1,0
A,F,F,3544,100,3544,1,0
B,F,F,1384,100,1384,1,0
C,F,F,7220,100,7220,1,0
D,F,F,6320,100,6320,1,0
E,F,F,3687,100,3687,1,0
F,G,F,7346,100,7346,1,0
F,H,F,6259,100,6259,1,0
A,G,G,9573,100,9573,1,0
B,G,G,7231,100,7231,1,0
C,G,G,1585,100,1585,1,0
D,G,G,9232,100,9232,1,0
E,G,G,9956,100,9956,1,0
F,G,G,7368,100,7368,1,0
G,H,G,9300,100,9300,1,0
A,H,H,9439,100,9439,1,0
B,H,H,6184,100,6184,1,0
C,H,H,9012,100,9012,1,0
D,H,H,1406,100,1406,1,0
E,H,H,9630,100,9630,1,0
F,H,H,6297,100,6297,1,0
G,H,H,9280,100,9280,1,0
A,B,A,3605,100,3605,1,0
A,C,A,9288,100,9288,1,0
A,D,A,9288,100,9288,1,0
A,E,A,1398,100,1398,1,0
A,F,A,3538,100,3538,1,0
A,G,A,9571,100,9571,1,0
A,H,A,9404,100,9404,1,0
A,B,B,3635,100,3635,1,0
B,C,B,6722,100,6722,1,0
B,D,B,5954,100,5954,1,0
B,E,B,4292,100,4292,1,0
B,F,B,1394,100,1394,1,0
B,G,B,7188,100,7188,1,0
B,H,B,6223,100,6223,1,0
A,C,C,9292,100,9292,1,0
B,C,C,6750,100,6750,1,0
C,D,C,8727,100,8727,1,0
C,E,C,9818,100,9818,1,0
C,F,C,7194,100,7194,1,0
C,G,C,1593,100,1593,1,0
C,H,C,9081,100,9081,1,0
A,D,D,9276,100,9276,1,0
B,D,D,5938,100,5938,1,0
C,D,D,8727,100,8727,1,0
D,E,D,9756,100,9756,1,0
D,F,D,6360,100,6360,1,0
D,G,D,9243,100,9243,1,0
D,H,D,1406,100,1406,1,0
A,E,E,1429,100,1429,1,0
B,E,E,4315,100,4315,1,0
C,E,E,9841,100,9841,1,0
D,E,E,9792,100,9792,1,0
E,F,E,3709,100,3709,1,0
E,G,E,9933,100,9933,1,0
E,H,E,9706,100,9706,1,0
A,F,F,3489,100,3489,1,0
B,F,F,1411,100,1411,1,0
C,F,F,7190,100,7190,1,0
D,F,F,6303,100,6303,1,0
E,F,F,3725,100,3725,1,0
F,G,F,7402,100,7402,1,0
F,H,F,6232,100,6232,1,0
A,G,G,9617,100,9617,1,0
B,G,G,7185,100,7185,1,0
C,G,G,1619,100,1619,1,0
D,G,G,9207,100,9207,1,0
E,G,G,9938,100,9938,1,0
F,G,G,7349,100,7349,1,0
G,H,G,9295,100,9295,1,0
A,H,H,9409,100,9409,1,0
B,H,H,6195,100,6195,1,0
C,H,H,9073,100,9073,1,0
D,H,H,1445,100,1445,1,0
E,H,H,9637,100,9637,1,0
F,H,H,6295,100,6295,1,0
G,H,H,9325,100,9325,1,0
A,B,A,3649,100,3649,1,0
A,C,A,9272,100,9272,1,0
A,D,A,9277,100,9277,1,0
A,E,A,1462,100,1462,1,0
A,F,A,3545,100,3545,1,0
A,G,A,9641,100,9641,1,0
A,H,A,9402,100,9402,1,0
A,B,B,3615,100,3615,1,0
B,C,B,6745,100,6745,1,0
B,D,B,6010,100,6010,1,0
B,E,B,4305,100,4305,1,0
B,F,B,1425,100,1425,1,0
B,G,B,7203,100,7203,1,0
B,H,B,6212,100,6212,1,0
A,C,C,9282,100,9282,1,0
B,C,C,6750,100,6750,1,0
C,D,C,8724,100,8724,1,0
C,E,C,9817,100,9817,1,0
C,F,C,7189,100,7189,1,0
C,G,C,1563,100,1563,1,0
C,H,C,9062,100,9062,1,0
A,D,D,9237,100,9237,1,0
B,D,D,5934,100,5934,1,0
C,D,D,8710,100,8710,1,0
D,E,D,9792,100,9792,1,0
D,F,D,6359,100,6359,1,0
D,G,D,9294,100,9294,1,0
D,H,D,1421,100,1421,1,0
A,E,E,1530,100,1530,1,0
B,E,E,4285,100,4285,1,0
C,E,E,9829,100,9829,1,0
D,E,E,9751,100,9751,1,0
E,F,E,3678,100,3678,1,0
E,G,E,9902,100,9902,1,0
E,H,E,9680,100,9680,1,0
A,F,F,3498,100,3498,1,0
B,F,F,1414,100,1414,1,0
C,F,F,7195,100,7195,1,0
D,F,F,6360,100,6360,1,0
E,F,F,3698,100,3698,1,0
F,G,F,7372,100,7372,1,0
F,H,F,6247,100,6247,1,0
A,G,G,9582,100,9582,1,0
B,G,G,7186,100,7186,1,0
C,G,G,1627,100,1627,1,0
D,G,G,9234,100,9234,1,0
E,G,G,9932,100,9932,1,0
F,G,G,7380,100,7380,1,0
G,H,G,9317,100,9317,1,0
A,H,H,9387,100,9387,1,0
B,H,H,6182,100,6182,1,0
C,H,H,9064,100,9064,1,0
D,H,H,1419,100,1419,1,0
E,H,H,9615,100,9615,1,0
F,H,H,6253,100,6253,1,0
G,H,H,9319,100,9319,1,0
A,B,A,3672,100,3672,1,0
A,C,A,9310,100,9310,1,0
A,D,A,9274,100,9274,1,0
A,E,A,1458,100,1458,1,0
A,F,A,3496,100,3496,1,0
A,G,A,9551,100,9551,1,0
A,H,A,9419,100,9419,1,0
A,B,B,3625,100,3625,1,0
B,C,B,6738,100,6738,1,0
B,D,B,5947,100,5947,1,0
B,E,B,4314,100,4314,1,0
B,F,B,1422,100,1422,1,0
B,G,B,7180,100,7180,1,0
B,H,B,6191,100,6191,1,0
A,C,C,9380,100,9380,1,0
B,C,C,6747,100,6747,1,0
C,D,C,8726,100,8726,1,0
C,E,C,9846,100,9846,1,0
C,F,C,7227,100,7227,1,0
C,G,C,1583,100,1583,1,0
C,H,C,9018,100,9018,1,0
A,D,D,9234,100,9234,1,0
B,D,D,5921,100,5921,1,0
C,D,D,8696,100,8696,1,0
D,E,D,9693,100,9693,1,0
D,F,D,6371,100,6371,1,0
D,G,D,9209,100,9209,1,0
D,H,D,1417,100,1417,1,0
A,E,E,1446,100,1446,1,0
B,E,E,4282,100,4282,1,0
C,E,E,9839,100,9839,1,0
D,E,E,9727,100,9727,1,0
E,F,E,3680,100,3680,1,0
E,G,E,9934,100,9934,1,0
E,H,E,9661,100,9661,1,0
A,F,F,3494,100,3494,1,0
B,F,F,1383,100,1383,1,0
C,F,F,7224,100,7224,1,0
D,F,F,6364,100,6364,1,0
E,F,F,3674,100,3674,1,0
F,G,F,7390,100,7390,1,0
F,H,F,6242,100,6242,1,0
A,G,G,9621,100,9621,1,0
B,G,G,7216,100,7216,1,0
C,G,G,1590,100,1590,1,0
D,G,G,9253,100,9253,1,0
E,G,G,9923,100,9923,1,0
F,G,G,7361,100,7361,1,0
G,H,G,9315,100,9315,1,0
A,H,H,9402,100,9402,1,0
B,H,H,6229,100,6229,1,0
C,H,H,9050,100,9050,1,0
D,H,H,1413,100,1413,1,0
E,H,H,9638,100,9638,1,0
F,H,H,6260,100,6260,1,0
G,H,H,9347,100,9347,1,0
A,B,A,3612,100,3612,1,0
A,C,A,9276,100,9276,1,0
A,D,A,9270,100,9270,1,0
A,E,A,1421,100,1421,1,0
A,F,A,3535,100,3535,1,0
A,G,A,9588,100,9588,1,0
A,H,A,9412,100,9412,1,0
A,B,B,3611,100,3611,1,0
B,C,B,6717,100,6717,1,0
B,D,B,6018,100,6018,1,0
B,E,B,4285,100,4285,1,0
B,F,B,1395,100,1395,1,0
B,G,B,7205,100,7205,1,0
B,H,B,6223,100,6223,1,0
A,C,C,9281,100,9281,1,0
B,C,C,6745,100,6745,1,0
C,D,C,8744,100,8744,1,0
C,E,C,9777,100,9777,1,0
C,F,C,7207,100,7207,1,0
C,G,C,1565,100,1565,1,0
C,H,C,9064,100,9064,1,0
A,D,D,9268,100,9268,1,0
B,D,D,5948,100,5948,1,0
C,D,D,8734,100,8734,1,0
D,E,D,9701,100,9701,1,0
D,F,D,6356,100,6356,1,0
D,G,D,9239,100,9239,1,0
D,H,D,1467,100,1467,1,0
A,E,E,1460,100,1460,1,0
B,E,E,4337,100,4337,1,0
C,E,E,9853,100,9853,1,0
D,E,E,9743,100,9743,1,0
E,F,E,3700,100,3700,1,0
E,G,E,9918,100,9918,1,0
E,H,E,9678,100,9678,1,0
A,F,F,3496,100,3496,1,0
B,F,F,1410,100,1410,1,0
C,F,F,7195,100,7195,1,0
D,F,F,6368,100,6368,1,0
E,F,F,3711,100,3711,1,0
F,G,F,7360,100,7360,1,0
F,H,F,6287,100,6287,1,0
A,G,G,9631,100,9631,1,0
B,G,G,7146,100,7146,1,0
C,G,G,1549,100,1549,1,0
D,G,G,9240,100,9240,1,0
E,G,G,9922,100,9922,1,0
F,G,G,7348,100,7348,1,0
G,H,G,9336,100,9336,1,0
A,H,H,9378,100,9378,1,0
B,H,H,6157,100,6157,1,0
C,H,H,9055,100,9055,1,0
D,H,H,1377,100,1377,1,0
E,H,H,9648,100,9648,1,0
F,H,H,6257,100,6257,1,0
G,H,H,9348,100,9348,1,0
A,B,A,3669,100,3669,1,0
A,C,A,9292,100,9292,1,0
A,D,A,9267,100,9267,1,0
A,E,A,1461,100,1461,1,0
A,F,A,3532,100,3532,1,0
A,G,A,9585,100,9585,1,0
A,H,A,9365,100,9365,1,0
A,B,B,3619,100,3619,1,0
B,C,B,6700,100,6700,1,0
B,D,B,5936,100,5936,1,0
B,E,B,4326,100,4326,1,0
B,F,B,1406,100,1406,1,0
B,G,B,7204,100,7204,1,0
B,H,B,6204,100,6204,1,0
A,C,C,9305,100,9305,1,0
B,C,C,6712,100,6712,1,0
C,D,C,8758,100,8758,1,0
C,E,C,9795,100,9795,1,0
C,F,C,7236,100,7236,1,0
C,G,C,1577,100,1577,1,0
C,H,C,9046,100,9046,1,0
A,D,D,9232,100,9232,1,0
B,D,D,5957,100,5957,1,0
C,D,D,8719,100,8719,1,0
D,E,D,9714,100,9714,1,0
D,F,D,6320,100,6320,1,0
D,G,D,9242,100,9242,1,0
D,H,D,1411,100,1411,1,0
A,E,E,1419,100,1419,1,0
B,E,E,4299,100,4299,1,0
C,E,E,9804,100,9804,1,0
D,E,E,9735,100,9735,1,0
E,F,E,3670,100,3670,1,0
E,G,E,9938,100,9938,1,0
E,H,E,9637,100,9637,1,0
A,F,F,3539,100,3539,1,0
B,F,F,1417,100,1417,1,0
C,F,F,7176,100,7176,1,0
D,F,F,6362,100,6362,1,0
E,F,F,3717,100,3717,1,0
F,G,F,7395,100,7395,1,0
F,H,F,6297,100,6297,1,0
A,G,G,9561,100,9561,1,0
B,G,G,7189,100,7189,1,0
C,G,G,1587,100,1587,1,0
D,G,G,9242,100,9242,1,0
E,G,G,9883,100,9883,1,0
F,G,G,7379,100,7379,1,0
G,H,G,9340,100,9340,1,0
A,H,H,9432,100,9432,1,0
B,H,H,6205,100,6205,1,0
C,H,H,9045,100,9045,1,0
D,H,H,1430,100,1430,1,0
E,H,H,9663,100,9663,1,0
F,H,H,6267,100,6267,1,0
G,H,H,9304,100,9304,1,0
A,B,A,3630,100,3630,1,0
A,C,A,9337,100,9337,1,0
A,D,A,9283,100,9283,1,0
A,E,A,1421,100,1421,1,0
A,F,A,3535,100,3535,1,0
A,G,A,9543,100,9543,1,0
A,H,A,9434,100,9434,1,0
A,B,B,3584,100,3584,1,0
B,C,B,6720,100,6720,1,0
B,D,B,5986,100,5986,1,0
B,E,B,4305,100,4305,1,0
B,F,B,1413,100,1413,1,0
B,G,B,7190,100,7190,1,0
B,H,B,6181,100,6181,1,0
A,C,C,9310,100,9310,1,0
B,C,C,6745,100,6745,1,0
C,D,C,8728,100,8728,1,0
C,E,C,9864,100,9864,1,0
C,F,C,7204,100,7204,1,0
C,G,C,1558,100,1558,1,0
C,H,C,9011,100,9011,1,0
A,D,D,9300,100,9300,1,0
B,D,D,5917,100,5917,1,0
C,D,D,8735,100,8735,1,0
D,E,D,9791,100,9791,1,0
D,F,D,6342,100,6342,1,0
D,G,D,9223,100,9223,1,0
D,H,D,1408,100,1408,1,0
A,E,E,1430,100,1430,1,0
B,E,E,4318,100,4318,1,0
C,E,E,9843,100,9843,1,0
D,E,E,9735,100,9735,1,0
E,F,E,3714,100,3714,1,0
E,G,E,9935,100,9935,1,0
E,H,E,9653,100,9653,1,0
A,F,F,3473,100,3473,1,0
B,F,F,1429,100,1429,1,0
C,F,F,7213,100,7213,1,0
D,F,F,6356,100,6356,1,0
E,F,F,3718,100,3718,1,0
F,G,F,7363,100,7363,1,0
F,H,F,6215,100,6215,1,0
A,G,G,9623,100,9623,1,0
B,G,G,7184,100,7184,1,0
C,G,G,1605,100,1605,1,0
D,G,G,9236,100,9236,1,0
E,G,G,9920,100,9920,1,0
F,G,G,7388,100,7388,1,0
G,H,G,9320,100,9320,1,0
A,H,H,9433,100,9433,1,0
B,H,H,6186,100,6186,1,0
C,H,H,9086,100,9086,1,0
D,H,H,1461,100,1461,1,0
E,H,H,9653,100,9653,1,0
F,H,H,6303,100,6303,1,0
G,H,H,9325,100,9325,1,0
A,B,A,3665,100,3665,1,0
A,C,A,9314,100,9314,1,0
A,D,A,9287,100,9287,1,0
A,E,A,1426,100,1426,1,0
A,F,A,3550,100,3550,1,0
A,G,A,9588,100,9588,1,0
A,H,A,9409,100,9409,1,0
A,B,B,3662,100,3662,1,0
B,C,B,6740,100,6740,1,0
B,D,B,5947,100,5947,1,0
B,E,B,4292,100,4292,1,0
B,F,B,1409,100,1409,1,0
B,G,B,7216,100,7216,1,0
B,H,B,6182,100,6182,1,0
A,C,C,9301,100,9301,1,0
B,C,C,6706,100,6706,1,0
C,D,C,8749,100,8749,1,0
C,E,C,9820,100,9820,1,0
C,F,C,7221,100,7221,1,0
C,G,C,1620,100,1620,1,0
C,H,C,9027,100,9027,1,0
A,D,D,9308,100,9308,1,0
B,D,D,6008,100,6008,1,0
C,D,D,8696,100,8696,1,0
D,E,D,9810,100,9810,1,0
D,F,D,6325,100,6325,1,0
D,G,D,9252,100,9252,1,0
D,H,D,1443,100,1443,1,0
A,E,E,1472,100,1472,1,0
B,E,E,4305,100,4305,1,0
C,E,E,9830,100,9830,1,0
D,E,E,9741,100,9741,1,0
E,F,E,3707,100,3707,1,0
E,G,E,9943,100,9943,1,0
E,H,E,9632,100,9632,1,0
A,F,F,3525,100,3525,1,0
B,F,F,1422,100,1422,1,0
C,F,F,7208,100,7208,1,0
D,F,F,6363,100,6363,1,0
E,F,F,3700,100,3700,1,0
F,G,F,7360,100,7360,1,0
F,H,F,6253,100,6253,1,0
A,G,G,9589,100,9589,1,0
B,G,G,7247,100,7247,1,0
C,G,G,1588,100,1588,1,0
D,G,G,9220,100,9220,1,0
E,G,G,9931,100,9931,1,0
F,G,G,7379,100,7379,1,0
G,H,G,9318,100,9318,1,0
A,H,H,9370,100,9370,1,0
B,H,H,6230,100,6230,1,0
C,H,H,9066,100,9066,1,0
D,H,H,1367,100,1367,1,0
E,H,H,9643,100,9643,1,0
F,H,H,6280,100,6280,1,0
G,H,H,9285,100,9285,1,0
A,B,A,3664,100,3664,1,0
A,C,A,9268,100,9268,1,0
A,D,A,9270,100,9270,1,0
A,E,A,1390,100,1390,1,0
A,F,A,3538,100,3538,1,0
A,G,A,9614,100,9614,1,0
A,H,A,9372,100,9372,1,0
A,B,B,3631,100,3631,1,0
B,C,B,6718,100,6718,1,0
B,D,B,5966,100,5966,1,0
B,E,B,4343,100,4343,1,0
B,F,B,1408,100,1408,1,0
B,G,B,7200,100,7200,1,0
B,H,B,6218,100,6218,1,0
A,C,C,9282,100,9282,1,0
B,C,C,6727,100,6727,1,0
C,D,C,8685,100,8685,1,0
C,E,C,9814,100,9814,1,0
C,F,C,7210,100,7210,1,0
C,G,C,1529,100,1529,1,0
C,H,C,9083,100,9083,1,0
A,D,D,9264,100,9264,1,0
B,D,D,6001,100,6001,1,0
C,D,D,8735,100,8735,1,0
D,E,D,9763,100,9763,1,0
D,F,D,6358,100,6358,1,0
D,G,D,9224,100,9224,1,0
D,H,D,1392,100,1392,1,0
A,E,E,1398,100,1398,1,0
B,E,E,4325,100,4325,1,0
C,E,E,9778,100,9778,1,0
D,E,E,9729,100,9729,1,0
E,F,E,3693,100,3693,1,0
E,G,E,9915,100,9915,1,0
E,H,E,9671,100,9671,1,0
A,F,F,3543,100,3543,1,0
B,F,F,1376,100,1376,1,0
C,F,F,7208,100,7208,1,0
D,F,F,6354,100,6354,1,0
E,F,F,3695,100,3695,1,0
F,G,F,7393,100,7393,1,0
F,H,F,6250,100,6250,1,0
A,G,G,9558,100,9558,1,0
B,G,G,7232,100,7232,1,0
C,G,G,1572,100,1572,1,0
D,G,G,9266,100,9266,1,0
E,G,G,9908,100,9908,1,0
F,G,G,7343,100,7343,1,0
G,H,G,9333,100,9333,1,0
A,H,H,9393,100,9393,1,0
B,H,H,6200,100,6200,1,0
C,H,H,9051,100,9051,1,0
D,H,H,1419,100,1419,1,0
E,H,H,9657,100,9657,1,0
F,H,H,6283,100,6283,1,0
G,H,H,9340,100,9340,1,0
A,B,A,3639,100,3639,1,0
A,C,A,9286,100,9286,1,0
A,D,A,9264,100,9264,1,0
A,E,A,1444,100,1444,1,0
A,F,A,3547,100,3547,1,0
A,G,A,9614,100,9614,1,0
A,H,A,9448,100,9448,1,0
A,B,B,3655,100,3655,1,0
B,C,B,6777,100,6777,1,0
B,D,B,5943,100,5943,1,0
B,E,B,4296,100,4296,1,0
B,F,B,1412,100,1412,1,0
B,G,B,7188,100,7188,1,0
B,H,B,6209,100,6209,1,0
A,C,C,9317,100,9317,1,0
B,C,C,6747,100,6747,1,0
C,D,C,8735,100,8735,1,0
C,E,C,9840,100,9840,1,0
C,F,C,7216,100,7216,1,0
C,G,C,1578,100,1578,1,0
C,H,C,9038,100,9038,1,0
A,D,D,9271,100,9271,1,0
B,D,D,5976,100,5976,1,0
C,D,D,8712,100,8712,1,0
D,E,D,9691,100,9691,1,0
D,F,D,6337,100,6337,1,0
D,G,D,9199,100,9199,1,0
D,H,D,1461,100,1461,1,0
A,E,E,1422,100,1422,1,0
B,E,E,4301,100,4301,1,0
C,E,E,9843,100,9843,1,0
D,E,E,9700,100,9700,1,0
E,F,E,3691,100,3691,1,0
E,G,E,9898,100,9898,1,0
E,H,E,9601,100,9601,1,0
A,F,F,3514,100,3514,1,0
B,F,F,1409,100,1409,1,0
C,F,F,7223,100,7223,1,0
D,F,F,6346,100,6346,1,0
E,F,F,3699,100,3699,1,0
F,G,F,7364,100,7364,1,0
F,H,F,6289,100,6289,1,0
A,G,G,9554,100,9554,1,0
B,G,G,7237,100,7237,1,0
C,G,G,1562,100,1562,1,0
D,G,G,9214,100,9214,1,0
E,G,G,9890,100,9890,1,0
F,G,G,7372,100,7372,1,0
G,H,G,9335,100,9335,1,0
A,H,H,9452,100,9452,1,0
B,H,H,6209,100,6209,1,0
C,H,H,9098,100,9098,1,0
D,H,H,1403,100,1403,1,0
E,H,H,9646,100,9646,1,0
F,H,H,6276,100,6276,1,0
G,H,H,9302,100,9302,1,0
A,B,A,3617,100,3617,1,0
A,C,A,9283,100,9283,1,0
A,D,A,9275,100,9275,1,0
A,E,A,1404,100,1404,1,0
A,F,A,3506,100,3506,1,0
A,G,A,9641,100,9641,1,0
A,H,A,9403,100,9403,1,0
A,B,B,3628,100,3628,1,0
B,C,B,6764,100,6764,1,0
B,D,B,5962,100,5962,1,0
B,E,B,4323,100,4323,1,0
B,F,B,1381,100,1381,1,0
B,G,B,7154,100,7154,1,0
B,H,B,6175,100,6175,1,0
A,C,C,9271,100,9271,1,0
B,C,C,6766,100,6766,1,0
C,D,C,8736,100,8736,1,0
C,E,C,9827,100,9827,1,0
C,F,C,7218,100,7218,1,0
C,G,C,1601,100,1601,1,0
C,H,C,9098,100,9098,1,0
A,D,D,9294,100,9294,1,0
B,D,D,5930,100,5930,1,0
C,D,D,8728,100,8728,1,0
D,E,D,9678,100,9678,1,0
D,F,D,6340,100,6340,1,0
D,G,D,9228,100,9228,1,0
D,H,D,1398,100,1398,1,0
A,E,E,1404,100,1404,1,0
B,E,E,4321,100,4321,1,0
C,E,E,9870,100,9870,1,0
D,E,E,9720,100,9720,1,0
E,F,E,3715,100,3715,1,0
E,G,E,9916,100,9916,1,0
E,H,E,9591,100,9591,1,0
A,F,F,3558,100,3558,1,0
B,F,F,1427,100,1427,1,0
C,F,F,7232,100,7232,1,0
D,F,F,6392,100,6392,1,0
E,F,F,3691,100,3691,1,0
F,G,F,7360,100,7360,1,0
F,H,F,6249,100,6249,1,0
A,G,G,9640,100,9640,1,0
B,G,G,7185,100,7185,1,0
C,G,G,1563,100,1563,1,0
D,G,G,9219,100,9219,1,0
E,G,G,9901,100,9901,1,0
F,G,G,7350,100,7350,1,0
G,H,G,9326,100,9326,1,0
A,H,H,9376,100,9376,1,0
B,H,H,6190,100,6190,1,0
C,H,H,9042,100,9042,1,0
D,H,H,1386,100,1386,1,0
E,H,H,9645,100,9645,1,0
F,H,H,6326,100,6326,1,0
G,H,H,9328,100,9328,1,0
A,B,A,3634,100,3634,1,0
A,C,A,9281,100,9281,1,0
A,D,A,9274,100,9274,1,0
A,E,A,1470,100,1470,1,0
A,F,A,3547,100,3547,1,0
A,G,A,9599,100,9599,1,0
A,H,A,9378,100,9378,1,0
A,B,B,3635,100,3635,1,0
B,C,B,6737,100,6737,1,0
B,D,B,5960,100,5960,1,0
B,E,B,4286,100,4286,1,0
B,F,B,1411,100,1411,1,0
B,G,B,7206,100,7206,1,0
B,H,B,6277,100,6277,1,0
A,C,C,9324,100,9324,1,0
B,C,C,6741,100,6741,1,0
C,D,C,8712,100,8712,1,0
C,E,C,9796,100,9796,1,0
C,F,C,7207,100,7207,1,0
C,G,C,1604,100,1604,1,0
C,H,C,9021,100,9021,1,0
A,D,D,9281,100,9281,1,0
B,D,D,5924,100,5924,1,0
C,D,D,8748,100,8748,1,0
D,E,D,9739,100,9739,1,0
D,F,D,6368,100,6368,1,0
D,G,D,9183,100,9183,1,0
D,H,D,1389,100,1389,1,0
A,E,E,1449,100,1449,1,0
B,E,E,4325,100,4325,1,0
C,E,E,9832,100,9832,1,0
D,E,E,9672,100,9672,1,0
E,F,E,3726,100,3726,1,0
E,G,E,9914,100,9914,1,0
E,H,E,9630,100,9630,1,0
A,F,F,3515,100,3515,1,0
B,F,F,1386,100,1386,1,0
C,F,F,7205,100,7205,1,0
D,F,F,6337,100,6337,1,0
E,F,F,3701,100,3701,1,0
F,G,F,7346,100,7346,1,0
F,H,F,6278,100,6278,1,0
A,G,G,9609,100,9609,1,0
B,G,G,7184,100,7184,1,0
C,G,G,1581,100,1581,1,0
D,G,G,9220,100,9220,1,0
E,G,G,9922,100,9922,1,0
F,G,G,7351,100,7351,1,0
G,H,G,9297,100,9297,1,0
A,H,H,9414,100,9414,1,0
B,H,H,6194,100,6194,1,0
C,H,H,9048,100,9048,1,0
D,H,H,1423,100,1423,1,0
E,H,H,9661,100,9661,1,0
F,H,H,6293,100,6293,1,0
G,H,H,9333,100,9333,1,0
A,B,A,3632,100,3632,1,0
A,C,A,9329,100,9329,1,0
A,D,A,9295,100,9295,1,0
A,E,A,1425,100,1425,1,0
A,F,A,3510,100,3510,1,0
A,G,A,9600,100,9600,1,0
A,H,A,9371,100,9371,1,0
A,B,B,3634,100,3634,1,0
B,C,B,6744,100,6744,1,0
B,D,B,5979,100,5979,1,0
B,E,B,4283,100,4283,1,0
B,F,B,1420,100,1420,1,0
B,G,B,7180,100,7180,1,0
B,H,B,6205,100,6205,1,0
A,C,C,9276,100,9276,1,0
B,C,C,6719,100,6719,1,0
C,D,C,8753,100,8753,1,0
C,E,C,9854,100,9854,1,0
C,F,C,7168,100,7168,1,0
C,G,C,1600,100,1600,1,0
C,H,C,9045,100,9045,1,0
A,D,D,9260,100,9260,1,0
B,D,D,5939,100,5939,1,0
C,D,D,8783,100,8783,1,0
D,E,D,9760,100,9760,1,0
D,F,D,6378,100,6378,1,0
D,G,D,9250,100,9250,1,0
D,H,D,1440,100,1440,1,0
A,E,E,1414,100,1414,1,0
B,E,E,4317,100,4317,1,0
C,E,E,9848,100,9848,1,0
D,E,E,9702,100,9702,1,0
E,F,E,3661,100,3661,1,0
E,G,E,9910,100,9910,1,0
E,H,E,9674,100,9674,1,0
A,F,F,3470,100,3470,1,0
B,F,F,1413,100,1413,1,0
C,F,F,7214,100,7214,1,0
D,F,F,6349,100,6349,1,0
E,F,F,3689,100,3689,1,0
F,G,F,7364,100,7364,1,0
F,H,F,6238,100,6238,1,0
A,G,G,9626,100,9626,1,0
B,G,G,7194,100,7194,1,0
C,G,G,1535,100,1535,1,0
D,G,G,9256,100,9256,1,0
E,G,G,9913,100,9913,1,0
F,G,G,7377,100,7377,1,0
G,H,G,9355,100,9355,1,0
A,H,H,9364,100,9364,1,0
B,H,H,6218,100,6218,1,0
C,H,H,9029,100,9029,1,0
D,H,H,1405,100,1405,1,0
E,H,H,9641,100,9641,1,0
F,H,H,6276,100,6276,1,0
G,H,H,9341,100,9341,1,0
A,B,A,3616,100,3616,1,0
A,C,A,9282,100,9282,1,0
A,D,A,9274,100,9274,1,0
A,E,A,1424,100,1424,1,0
A,F,A,3553,100,3553,1,0
A,G,A,9566,100,9566,1,0
A,H,A,9396,100,9396,1,0
A,B,B,3680,100,3680,1,0
B,C,B,6776,100,6776,1,0
B,D,B,5900,100,5900,1,0
B,E,B,4301,100,4301,1,0
B,F,B,1434,100,1434,1,0
B,G,B,7245,100,7245,1,0
B,H,B,6221,100,6221,1,0
A,C,C,9298,100,9298,1,0
B,C,C,6759,100,6759,1,0
C,D,C,8740,100,8740,1,0
C,E,C,9820,100,9820,1,0
C,F,C,7228,100,7228,1,0
C,G,C,1613,100,1613,1,0
C,H,C,9035,100,9035,1,0
A,D,D,9299,100,9299,1,0
B,D,D,5927,100,5927,1,0
C,D,D,8747,100,8747,1,0
D,E,D,9748,100,9748,1,0
D,F,D,6384,100,6384,1,0
D,G,D,9226,100,9226,1,0
D,H,D,1441,100,1441,1,0
A,E,E,1404,100,1404,1,0
B,E,E,4305,100,4305,1,0
C,E,E,9855,100,9855,1,0
D,E,E,9738,100,9738,1,0
E,F,E,3725,100,3725,1,0
E,G,E,9905,100,9905,1,0
E,H,E,9664,100,9664,1,0
A,F,F,3516,100,3516,1,0
B,F,F,1427,100,1427,1,0
C,F,F,7218,100,7218,1,0
D,F,F,6367,100,6367,1,0
E,F,F,3675,100,3675,1,0
F,G,F,7372,100,7372,1,0
F,H,F,6232,100,6232,1,0
A,G,G,9600,100,9600,1,0
B,G,G,7245,100,7245,1,0
C,G,G,1575,100,1575,1,0
D,G,G,9237,100,9237,1,0
E,G,G,9876,100,9876,1,0
F,G,G,7412,100,7412,1,0
G,H,G,9322,100,9322,1,0
A,H,H,9402,100,9402,1,0
B,H,H,6161,100,6161,1,0
C,H,H,9026,100,9026,1,0
D,H,H,1400,100,1400,1,0
E,H,H,9653,100,9653,1,0
F,H,H,6310,100,6310,1,0
G,H,H,9313,100,9313,1,0
A,B,A,3630,100,3630,1,0
A,C,A,9358,100,9358,1,0
A,D,A,9265,100,9265,1,0
A,E,A,1396,100,1396,1,0
A,F,A,3531,100,3531,1,0
A,G,A,9641,100,9641,1,0
A,H,A,9375,100,9375,1,0
A,B,B,3640,100,3640,1,0
B,C,B,6754,100,6754,1,0
B,D,B,5970,100,5970,1,0
B,E,B,4316,100,4316,1,0
B,F,B,1393,100,1393,1,0
B,G,B,7197,100,7197,1,0
B,H,B,6185,100,6185,1,0
A,C,C,9301,100,9301,1,0
B,C,C,6744,100,6744,1,0
C,D,C,8694,100,8694,1,0
C,E,C,9838,100,9838,1,0
C,F,C,7238,100,7238,1,0
C,G,C,1576,100,1576,1,0
C,H,C,9090,100,9090,1,0
A,D,D,9278,100,9278,1,0
B,D,D,5922,100,5922,1,0
C,D,D,8730,100,8730,1,0
D,E,D,9732,100,9732,1,0
D,F,D,6366,100,6366,1,0
D,G,D,9234,100,9234,1,0
D,H,D,1356,100,1356,1,0
A,E,E,1399,100,1399,1,0
B,E,E,4322,100,4322,1,0
C,E,E,9828,100,9828,1,0
D,E,E,9659,100,9659,1,0
E,F,E,3720,100,3720,1,0
E,G,E,9903,100,9903,1,0
E,H,E,9660,100,9660,1,0
A,F,F,3557,100,3557,1,0
B,F,F,1372,100,1372,1,0
C,F,F,7232,100,7232,1,0
D,F,F,6369,100,6369,1,0
E,F,F,3724,100,3724,1,0
F,G,F,7351,100,7351,1,0
F,H,F,6270,100,6270,1,0
A,G,G,9583,100,9583,1,0
B,G,G,7178,100,7178,1,0
C,G,G,1565,100,1565,1,0
D,G,G,9258,100,9258,1,0
E,G,G,9917,100,9917,1,0
F,G,G,7377,100,7377,1,0
G,H,G,9357,100,9357,1,0
A,H,H,9384,100,9384,1,0
B,H,H,6219,100,6219,1,0
C,H,H,9077,100,9077,1,0
D,H,H,1418,100,1418,1,0
E,H,H,9644,100,9644,1,0
F,H,H,6268,100,6268,1,0
G,H,H,9373,100,9373,1,0
A,B,A,3649,100,3649,1,0
A,C,A,9297,100,9297,1,0
A,D,A,9254,100,9254,1,0
A,E,A,1430,100,1430,1,0
A,F,A,3571,100,3571,1,0
A,G,A,9581,100,9581,1,0
A,H,A,9448,100,9448,1,0
A,B,B,3620,100,3620,1,0
B,C,B,6750,100,6750,1,0
B,D,B,5955,100,5955,1,0
B,E,B,4328,100,4328,1,0
B,F,B,1413,100,1413,1,0
B,G,B,7183,100,7183,1,0
B,H,B,6229,100,6229,1,0
A,C,C,9247,100,9247,1,0
B,C,C,6710,100,6710,1,0
C,D,C,8741,100,8741,1,0
C,E,C,9845,100,9845,1,0
C,F,C,7213,100,7213,1,0
C,G,C,1614,100,1614,1,0
C,H,C,9056,100,9056,1,0
A,D,D,9276,100,9276,1,0
B,D,D,5938,100,5938,1,0
C,D,D,8709,100,8709,1,0
D,E,D,9744,100,9744,1,0
D,F,D,6345,100,6345,1,0
D,G,D,9215,100,9215,1,0
D,H,D,1410,100,1410,1,0
A,E,E,1411,100,1411,1,0
B,E,E,4337,100,4337,1,0
C,E,E,9786,100,9786,1,0
D,E,E,9718,100,9718,1,0
E,F,E,3728,100,3728,1,0
E,G,E,9914,100,9914,1,0
E,H,E,9719,100,9719,1,0
A,F,F,3554,100,3554,1,0
B,F,F,1390,100,1390,1,0
C,F,F,7225,100,7225,1,0
D,F,F,6378,100,6378,1,0
E,F,F,3716,100,3716,1,0
F,G,F,7366,100,7366,1,0
F,H,F,6306,100,6306,1,0
A,G,G,9640,100,9640,1,0
B,G,G,7199,100,7199,1,0
C,G,G,1619,100,1619,1,0
D,G,G,9254,100,9254,1,0
E,G,G,9919,100,9919,1,0
F,G,G,7345,100,7345,1,0
G,H,G,9321,100,9321,1,0
A,H,H,9369,100,9369,1,0
B,H,H,6195,100,6195,1,0
C,H,H,9028,100,9028,1,0
D,H,H,1367,100,1367,1,0
E,H,H,9706,100,9706,1,0
F,H,H,6283,100,6283,1,0
G,H,H,9356,100,9356,1,0
A,B,A,3642,100,3642,1,0
A,C,A,9314,100,9314,1,0
A,D,A,9265,100,9265,1,0
A,E,A,1414,100,1414,1,0
A,F,A,3492,100,3492,1,0
A,G,A,9549,100,9549,1,0
A,H,A,9381,100,9381,1,0
A,B,B,3672,100,3672,1,0
B,C,B,6725,100,6725,1,0
B,D,B,5977,100,5977,1,0
B,E,B,4292,100,4292,1,0
B,F,B,1410,100,1410,1,0
B,G,B,7170,100,7170,1,0
B,H,B,6190,100,6190,1,0
A,C,C,9328,100,9328,1,0
B,C,C,6723,100,6723,1,0
C,D,C,8700,100,8700,1,0
C,E,C,9776,100,9776,1,0
C,F,C,7208,100,7208,1,0
C,G,C,1557,100,1557,1,0
C,H,C,9071,100,9071,1,0
A,D,D,9265,100,9265,1,0
B,D,D,5935,100,5935,1,0
C,D,D,8709,100,8709,1,0
D,E,D,9753,100,9753,1,0
D,F,D,6323,100,6323,1,0
D,G,D,9245,100,9245,1,0
D,H,D,1450,100,1450,1,0
A,E,E,1519,100,1519,1,0
B,E,E,4327,100,4327,1,0
C,E,E,9832,100,9832,1,0
D,E,E,9719,100,9719,1,0
E,F,E,3706,100,3706,1,0
E,G,E,9951,100,9951,1,0
E,H,E,9605,100,9605,1,0
A,F,F,3549,100,3549,1,0
B,F,F,1386,100,1386,1,0
C,F,F,7221,100,7221,1,0
D,F,F,6323,100,6323,1,0
E,F,F,3698,100,3698,1,0
F,G,F,7373,100,7373,1,0
F,H,F,6298,100,6298,1,0
A,G,G,9638,100,9638,1,0
B,G,G,7214,100,7214,1,0
C,G,G,1598,100,1598,1,0
D,G,G,9215,100,9215,1,0
E,G,G,9892,100,9892,1,0
F,G,G,7372,100,7372,1,0
G,H,G,9316,100,9316,1,0
A,H,H,9366,100,9366,1,0
B,H,H,6237,100,6237,1,0
C,H,H,9025,100,9025,1,0
D,H,H,1417,100,1417,1,0
E,H,H,9683,100,9683,1,0
F,H,H,6255,100,6255,1,0
G,H,H,9339,100,9339,1,0
A,B,A,3661,100,3661,1,0
A,C,A,9293,100,9293,1,0
A,D,A,9262,100,9262,1,0
A,E,A,1455,100,1455,1,0
A,F,A,3521,100,3521,1,0
A,G,A,9650,100,9650,1,0
A,H,A,9419,100,9419,1,0
A,B,B,3586,100,3586,1,0
B,C,B,6732,100,6732,1,0
B,D,B,5963,100,5963,1,0
B,E,B,4309,100,4309,1,0
B,F,B,1411,100,1411,1,0
B,G,B,7154,100,7154,1,0
B,H,B,6188,100,6188,1,0
A,C,C,9295,100,9295,1,0
B,C,C,6726,100,6726,1,0
C,D,C,8730,100,8730,1,0
C,E,C,9832,100,9832,1,0
C,F,C,7192,100,7192,1,0
C,G,C,1556,100,1556,1,0
C,H,C,9059,100,9059,1,0
A,D,D,9268,100,9268,1,0
B,D,D,5918,100,5918,1,0
C,D,D,8732,100,8732,1,0
D,E,D,9745,100,9745,1,0
D,F,D,6346,100,6346,1,0
D,G,D,9228,100,9228,1,0
D,H,D,1452,100,1452,1,0
A,E,E,1427,100,1427,1,0
B,E,E,4325,100,4325,1,0
C,E,E,9833,100,9833,1,0
D,E,E,9727,100,9727,1,0
E,F,E,3726,100,3726,1,0
E,G,E,9919,100,9919,1,0
E,H,E,9621,100,9621,1,0
A,F,F,3534,100,3534,1,0
B,F,F,1380,100,1380,1,0
C,F,F,7196,100,7196,1,0
D,F,F,6352,100,6352,1,0
E,F,F,3679,100,3679,1,0
F,G,F,7382,100,7382,1,0
F,H,F,6269,100,6269,1,0
A,G,G,9623,100,9623,1,0
B,G,G,7220,100,7220,1,0
C,G,G,1583,100,1583,1,0
D,G,G,9212,100,9212,1,0
E,G,G,9926,100,9926,1,0
F,G,G,7368,100,7368,1,0
G,H,G,9374,100,9374,1,0
A,H,H,9390,100,9390,1,0
B,H,H,6225,100,6225,1,0
C,H,H,9028,100,9028,1,0
D,H,H,1432,100,1432,1,0
E,H,H,9641,100,9641,1,0
F,H,H,6265,100,6265,1,0
G,H,H,9300,100,9300,1,0
A,B,A,3635,100,3635,1,0
A,C,A,9325,100,9325,1,0
A,D,A,9274,100,9274,1,0
A,E,A,1462,100,1462,1,0
A,F,A,3499,100,3499,1,0
A,G,A,9621,100,9621,1,0
A,H,A,9387,100,9387,1,0
A,B,B,3625,100,3625,1,0
B,C,B,6733,100,6733,1,0
B,D,B,5934,100,5934,1,0
B,E,B,4282,100,4282,1,0
B,F,B,1409,100,1409,1,0
B,G,B,7181,100,7181,1,0
B,H,B,6213,100,6213,1,0
A,C,C,9295,100,9295,1,0
B,C,C,6781,100,6781,1,0
C,D,C,8727,100,8727,1,0
C,E,C,9801,100,9801,1,0
C,F,C,7177,100,7177,1,0
C,G,C,1615,100,1615,1,0
C,H,C,9100,100,9100,1,0
A,D,D,9261,100,9261,1,0
B,D,D,5984,100,5984,1,0
C,D,D,8708,100,8708,1,0
D,E,D,9671,100,9671,1,0
D,F,D,6375,100,6375,1,0
D,G,D,9233,100,9233,1,0
D,H,D,1404,100,1404,1,0
A,E,E,1480,100,1480,1,0
B,E,E,4294,100,4294,1,0
C,E,E,9851,100,9851,1,0
D,E,E,9732,100,9732,1,0
E,F,E,3701,100,3701,1,0
E,G,E,9930,100,9930,1,0
E,H,E,9669,100,9669,1,0
A,F,F,3555,100,3555,1,0
B,F,F,1418,100,1418,1,0
C,F,F,7227,100,7227,1,0
D,F,F,6337,100,6337,1,0
E,F,F,3711,100,3711,1,0
F,G,F,7355,100,7355,1,0
F,H,F,6284,100,6284,1,0
A,G,G,9581,100,9581,1,0
B,G,G,7171,100,7171,1,0
C,G,G,1585,100,1585,1,0
D,G,G,9221,100,9221,1,0
E,G,G,9907,100,9907,1,0
F,G,G,7369,100,7369,1,0
G,H,G,9295,100,9295,1,0
A,H,H,9380,100,9380,1,0
B,H,H,6182,100,6182,1,0
C,H,H,9060,100,9060,1,0
D,H,H,1361,100,1361,1,0
E,H,H,9647,100,9647,1,0
F,H,H,6298,100,6298,1,0
G,H,H,9372,100,9372,1,0
A,B,A,3627,100,3627,1,0
A,C,A,9278,100,9278,1,0
A,D,A,9283,100,9283,1,0
A,E,A,1421,100,1421,1,0
A,F,A,3485,100,3485,1,0
A,G,A,9547,100,9547,1,0
A,H,A,9375,100,9375,1,0
A,B,B,3639,100,3639,1,0
B,C,B,6738,100,6738,1,0
B,D,B,5981,100,5981,1,0
B,E,B,4323,100,4323,1,0
B,F,B,1428,100,1428,1,0
B,G,B,7189,100,7189,1,0
B,H,B,6134,100,6134,1,0
A,C,C,9289,100,9289,1,0
B,C,C,6777,100,6777,1,0
C,D,C,8723,100,8723,1,0
C,E,C,9864,100,9864,1,0
C,F,C,7230,100,7230,1,0
C,G,C,1590,100,1590,1,0
C,H,C,9032,100,9032,1,0
A,D,D,9291,100,9291,1,0
B,D,D,5967,100,5967,1,0
C,D,D,8734,100,8734,1,0
D,E,D,9797,100,9797,1,0
D,F,D,6373,100,6373,1,0
D,G,D,9240,100,9240,1,0
D,H,D,1439,100,1439,1,0
A,E,E,1544,100,1544,1,0
B,E,E,4322,100,4322,1,0
C,E,E,9840,100,9840,1,0
D,E,E,9744,100,9744,1,0
E,F,E,3687,100,3687,1,0
E,G,E,9907,100,9907,1,0
E,H,E,9644,100,9644,1,0
A,F,F,3534,100,3534,1,0
B,F,F,1378,100,1378,1,0
C,F,F,7226,100,7226,1,0
D,F,F,6331,100,6331,1,0
E,F,F,3681,100,3681,1,0
F,G,F,7346,100,7346,1,0
F,H,F,6264,100,6264,1,0
A,G,G,9607,100,9607,1,0
B,G,G,7232,100,7232,1,0
C,G,G,1525,100,1525,1,0
D,G,G,9222,100,9222,1,0
E,G,G,9890,100,9890,1,0
F,G,G,7356,100,7356,1,0
G,H,G,9287,100,9287,1,0
A,H,H,9362,100,9362,1,0
B,H,H,6153,100,6153,1,0
C,H,H,9035,100,9035,1,0
D,H,H,1454,100,1454,1,0
E,H,H,9667,100,9667,1,0
F,H,H,6253,100,6253,1,0
G,H,H,9314,100,9314,1,0
A,B,A,3636,100,3636,1,0
A,C,A,9268,100,9268,1,0
A,D,A,9281,100,9281,1,0
A,E,A,1381,100,1381,1,0
A,F,A,3538,100,3538,1,0
A,G,A,9585,100,9585,1,0
A,H,A,9400,100,9400,1,0
A,B,B,3620,100,3620,1,0
B,C,B,6755,100,6755,1,0
B,D,B,5938,100,5938,1,0
B,E,B,4292,100,4292,1,0
B,F,B,1404,100,1404,1,0
B,G,B,7226,100,7226,1,0
B,H,B,6245,100,6245,1,0
A,C,C,9310,100,9310,1,0
B,C,C,6730,100,6730,1,0
C,D,C,8748,100,8748,1,0
C,E,C,9809,100,9809,1,0
C,F,C,7224,100,7224,1,0
C,G,C,1610,100,1610,1,0
C,H,C,9124,100,9124,1,0
A,D,D,9265,100,9265,1,0
B,D,D,5981,100,5981,1,0
C,D,D,8694,100,8694,1,0
D,E,D,9724,100,9724,1,0
D,F,D,6314,100,6314,1,0
D,G,D,9267,100,9267,1,0
D,H,D,1397,100,1397,1,0
A,E,E,1427,100,1427,1,0
B,E,E,4308,100,4308,1,0
C,E,E,9874,100,9874,1,0
D,E,E,9745,100,9745,1,0
E,F,E,3663,100,3663,1,0
E,G,E,9887,100,9887,1,0
E,H,E,9677,100,9677,1,0
A,F,F,3543,100,3543,1,0
B,F,F,1418,100,1418,1,0
C,F,F,7211,100,7211,1,0
D,F,F,6355,100,6355,1,0
E,F,F,3698,100,3698,1,0
F,G,F,7358,100,7358,1,0
F,H,F,6235,100,6235,1,0
A,G,G,9566,100,9566,1,0
B,G,G,7188,100,7188,1,0
C,G,G,1572,100,1572,1,0
D,G,G,9277,100,9277,1,0
E,G,G,9871,100,9871,1,0
F,G,G,7363,100,7363,1,0
G,H,G,9337,100,9337,1,0
A,H,H,9415,100,9415,1,0
B,H,H,6132,100,6132,1,0
C,H,H,9051,100,9051,1,0
D,H,H,1449,100,1449,1,0
E,H,H,9640,100,9640,1,0
F,H,H,6278,100,6278,1,0
G,H,H,9307,100,9307,1,0
A,B,A,3622,100,3622,1,0
A,C,A,9280,100,9280,1,0
A,D,A,9286,100,9286,1,0
A,E,A,1454,100,1454,1,0
A,F,A,3553,100,3553,1,0
A,G,A,9641,100,9641,1,0
A,H,A,9406,100,9406,1,0
A,B,B,3634,100,3634,1,0
B,C,B,6748,100,6748,1,0
B,D,B,5920,100,5920,1,0
B,E,B,4291,100,4291,1,0
B,F,B,1391,100,1391,1,0
B,G,B,7185,100,7185,1,0
B,H,B,6219,100,6219,1,0
A,C,C,9288,100,9288,1,0
B,C,C,6738,100,6738,1,0
C,D,C,8734,100,8734,1,0
C,E,C,9846,100,9846,1,0
C,F,C,7231,100,7231,1,0
C,G,C,1576,100,1576,1,0
C,H,C,9050,100,9050,1,0
A,D,D,9263,100,9263,1,0
B,D,D,5933,100,5933,1,0
C,D,D,8739,100,8739,1,0
D,E,D,9725,100,9725,1,0
D,F,D,6363,100,6363,1,0
D,G,D,9215,100,9215,1,0
D,H,D,1412,100,1412,1,0
A,E,E,1449,100,1449,1,0
B,E,E,4323,100,4323,1,0
C,E,E,9829,100,9829,1,0
D,E,E,9682,100,9682,1,0
E,F,E,3688,100,3688,1,0
E,G,E,9934,100,9934,1,0
E,H,E,9685,100,9685,1,0
A,F,F,3520,100,3520,1,0
B,F,F,1411,100,1411,1,0
C,F,F,7208,100,7208,1,0
D,F,F,6335,100,6335,1,0
E,F,F,3681,100,3681,1,0
F,G,F,7353,100,7353,1,0
F,H,F,6275,100,6275,1,0
A,G,G,9626,100,9626,1,0
B,G,G,7173,100,7173,1,0
C,G,G,1588,100,1588,1,0
D,G,G,9276,100,9276,1,0
E,G,G,9923,100,9923,1,0
F,G,G,7394,100,7394,1,0
G,H,G,9336,100,9336,1,0
A,H,H,9432,100,9432,1,0
B,H,H,6200,100,6200,1,0
C,H,H,9034,100,9034,1,0
D,H,H,1433,100,1433,1,0
E,H,H,9641,100,9641,1,0
F,H,H,6258,100,6258,1,0
G,H,H,9345,100,9345,1,0
A,B,A,3634,100,3634,1,0
A,C,A,9265,100,9265,1,0
A,D,A,9270,100,9270,1,0
A,E,A,1424,100,1424,1,0
A,F,A,3563,100,3563,1,0
A,G,A,9605,100,9605,1,0
A,H,A,9362,100,9362,1,0
A,B,B,3611,100,3611,1,0
B,C,B,6732,100,6732,1,0
B,D,B,5925,100,5925,1,0
B,E,B,4314,100,4314,1,0
B,F,B,1387,100,1387,1,0
B,G,B,7215,100,7215,1,0
B,H,B,6205,100,6205,1,0
A,C,C,9309,100,9309,1,0
B,C,C,6720,100,6720,1,0
C,D,C,8776,100,8776,1,0
C,E,C,9838,100,9838,1,0
C,F,C,7228,100,7228,1,0
C,G,C,1603,100,1603,1,0
C,H,C,9019,100,9019,1,0
A,D,D,9274,100,9274,1,0
B,D,D,5956,100,5956,1,0
C,D,D,8714,100,8714,1,0
D,E,D,9690,100,9690,1,0
D,F,D,6355,100,6355,1,0
D,G,D,9217,100,9217,1,0
D,H,D,1426,100,1426,1,0
A,E,E,1416,100,1416,1,0
B,E,E,4304,100,4304,1,0
C,E,E,9871,100,9871,1,0
D,E,E,9723,100,9723,1,0
E,F,E,3683,100,3683,1,0
E,G,E,9932,100,9932,1,0
E,H,E,9630,100,9630,1,0
A,F,F,3533,100,3533,1,0
B,F,F,1383,100,1383,1,0
C,F,F,7193,100,7193,1,0
D,F,F,6392,100,6392,1,0
E,F,F,3693,100,3693,1,0
F,G,F,7347,100,7347,1,0
F,H,F,6298,100,6298,1,0
A,G,G,9626,100,9626,1,0
B,G,G,7134,100,7134,1,0
C,G,G,1568,100,1568,1,0
D,G,G,9238,100,9238,1,0
E,G,G,9919,100,9919,1,0
F,G,G,7380,100,7380,1,0
G,H,G,9319,100,9319,1,0
A,H,H,9398,100,9398,1,0
B,H,H,6232,100,6232,1,0
C,H,H,9031,100,9031,1,0
D,H,H,1434,100,1434,1,0
E,H,H,9639,100,9639,1,0
F,H,H,6252,100,6252,1,0
G,H,H,9287,100,9287,1,0
A,B,A,3628,100,3628,1,0
A,C,A,9275,100,9275,1,0
A,D,A,9252,100,9252,1,0
A,E,A,1431,100,1431,1,0
A,F,A,3522,100,3522,1,0
A,G,A,9626,100,9626,1,0
A,H,A,9427,100,9427,1,0
A,B,B,3655,100,3655,1,0
B,C,B,6754,100,6754,1,0
B,D,B,5950,100,5950,1,0
B,E,B,4321,100,4321,1,0
B,F,B,1420,100,1420,1,0
B,G,B,7189,100,7189,1,0
B,H,B,6178,100,6178,1,0
A,C,C,9301,100,9301,1,0
B,C,C,6741,100,6741,1,0
C,D,C,8727,100,8727,1,0
C,E,C,9789,100,9789,1,0
C,F,C,7197,100,7197,1,0
C,G,C,1611,100,1611,1,0
C,H,C,9042,100,9042,1,0
A,D,D,9289,100,9289,1,0
B,D,D,5927,100,5927,1,0
C,D,D,8696,100,8696,1,0
D,E,D,9735,100,9735,1,0
D,F,D,6334,100,6334,1,0
D,G,D,9220,100,9220,1,0
D,H,D,1411,100,1411,1,0
A,E,E,1449,100,1449,1,0
B,E,E,4307,100,4307,1,0
C,E,E,9820,100,9820,1,0
D,E,E,9787,100,9787,1,0
E,F,E,3708,100,3708,1,0
E,G,E,9899,100,9899,1,0
E,H,E,9694,100,9694,1,0
A,F,F,3555,100,3555,1,0
B,F,F,1384,100,1384,1,0
C,F,F,7207,100,7207,1,0
D,F,F,6351,100,6351,1,0
E,F,F,3741,100,3741,1,0
F,G,F,7362,100,7362,1,0
F,H,F,6290,100,6290,1,0
A,G,G,9616,100,9616,1,0
B,G,G,7173,100,7173,1,0
C,G,G,1582,100,1582,1,0
D,G,G,9230,100,9230,1,0
E,G,G,9913,100,9913,1,0
F,G,G,7356,100,7356,1,0
G,H,G,9342,100,9342,1,0
A,H,H,9379,100,9379,1,0
B,H,H,6212,100,6212,1,0
C,H,H,9037,100,9037,1,0
D,H,H,1435,100,1435,1,0
E,H,H,9640,100,9640,1,0
F,H,H,6273,100,6273,1,0
G,H,H,9309,100,9309,1,0
A,B,A,3622,100,3622,1,0
A,C,A,9400,100,9400,1,0
A,D,A,9277,100,9277,1,0
A,E,A,1493,100,1493,1,0
A,F,A,3493,100,3493,1,0
A,G,A,9648,100,9648,1,0
A,H,A,9377,100,9377,1,0
A,B,B,3644,100,3644,1,0
B,C,B,6724,100,6724,1,0
B,D,B,5943,100,5943,1,0
B,E,B,4262,100,4262,1,0
B,F,B,1400,100,1400,1,0
B,G,B,7167,100,7167,1,0
B,H,B,6209,100,6209,1,0
A,C,C,9242,100,9242,1,0
B,C,C,6708,100,6708,1,0
C,D,C,8701,100,8701,1,0
C,E,C,9848,100,9848,1,0
C,F,C,7219,100,7219,1,0
C,G,C,1582,100,1582,1,0
C,H,C,9002,100,9002,1,0
A,D,D,9283,100,9283,1,0
B,D,D,5972,100,5972,1,0
C,D,D,8706,100,8706,1,0
D,E,D,9689,100,9689,1,0
D,F,D,6362,100,6362,1,0
D,G,D,9252,100,9252,1,0
D,H,D,1410,100,1410,1,0
A,E,E,1427,100,1427,1,0
B,E,E,4336,100,4336,1,0
C,E,E,9817,100,9817,1,0
D,E,E,9767,100,9767,1,0
E,F,E,3691,100,3691,1,0
E,G,E,9901,100,9901,1,0
E,H,E,9637,100,9637,1,0
A,F,F,3515,100,3515,1,0
B,F,F,1407,100,1407,1,0
C,F,F,7234,100,7234,1,0
D,F,F,6359,100,6359,1,0
E,F,F,3686,100,3686,1,0
F,G,F,7352,100,7352,1,0
F,H,F,6258,100,6258,1,0
A,G,G,9652,100,9652,1,0
B,G,G,7216,100,7216,1,0
C,G,G,1578,100,1578,1,0
D,G,G,9242,100,9242,1,0
E,G,G,9930,100,9930,1,0
F,G,G,7381,100,7381,1,0
G,H,G,9333,100,9333,1,0
A,H,H,9451,100,9451,1,0
B,H,H,6214,100,6214,1,0
C,H,H,9048,100,9048,1,0
D,H,H,1402,100,1402,1,0
E,H,H,9674,100,9674,1,0
F,H,H,6285,100,6285,1,0
G,H,H,9304,100,9304,1,0
A,B,A,3642,100,3642,1,0
A,C,A,9288,100,9288,1,0
A,D,A,9269,100,9269,1,0
A,E,A,1420,100,1420,1,0
A,F,A,3488,100,3488,1,0
A,G,A,9597,100,9597,1,0
A,H,A,9408,100,9408,1,0
A,B,B,3621,100,3621,1,0
B,C,B,6749,100,6749,1,0
B,D,B,5965,100,5965,1,0
B,E,B,4278,100,4278,1,0
B,F,B,1354,100,1354,1,0
B,G,B,7175,100,7175,1,0
B,H,B,6178,100,6178,1,0
A,C,C,9316,100,9316,1,0
B,C,C,6746,100,6746,1,0
C,D,C,8748,100,8748,1,0
C,E,C,9809,100,9809,1,0
C,F,C,7233,100,7233,1,0
C,G,C,1585,100,1585,1,0
C,H,C,9055,100,9055,1,0
A,D,D,9263,100,9263,1,0
B,D,D,5927,100,5927,1,0
C,D,D,8713,100,8713,1,0
D,E,D,9754,100,9754,1,0
D,F,D,6330,100,6330,1,0
D,G,D,9258,100,9258,1,0
D,H,D,1376,100,1376,1,0
A,E,E,1399,100,1399,1,0
B,E,E,4305,100,4305,1,0
C,E,E,9804,100,9804,1,0
D,E,E,9718,100,9718,1,0
E,F,E,3707,100,3707,1,0
E,G,E,9912,100,9912,1,0
E,H,E,9619,100,9619,1,0
A,F,F,3507,100,3507,1,0
B,F,F,1417,100,1417,1,0
C,F,F,7191,100,7191,1,0
D,F,F,6328,100,6328,1,0
E,F,F,3699,100,3699,1,0
F,G,F,7382,100,7382,1,0
F,H,F,6246,100,6246,1,0
A,G,G,9647,100,9647,1,0
B,G,G,7171,100,7171,1,0
C,G,G,1539,100,1539,1,0
D,G,G,9224,100,9224,1,0
E,G,G,9929,100,9929,1,0
F,G,G,7361,100,7361,1,0
G,H,G,9356,100,9356,1,0
A,H,H,9372,100,9372,1,0
B,H,H,6186,100,6186,1,0
C,H,H,9078,100,9078,1,0
D,H,H,1405,100,1405,1,0
E,H,H,9673,100,9673,1,0
F,H,H,6289,100,6289,1,0
G,H,H,9313,100,9313,1,0
A,B,A,3628,100,3628,1,0
A,C,A,9323,100,9323,1,0
A,D,A,9268,100,9268,1,0
A,E,A,1458,100,1458,1,0
A,F,A,3509,100,3509,1,0
A,G,A,9593,100,9593,1,0
A,H,A,9355,100,9355,1,0
A,B,B,3638,100,3638,1,0
B,C,B,6737,100,6737,1,0
B,D,B,5987,100,5987,1,0
B,E,B,4277,100,4277,1,0
B,F,B,1385,100,1385,1,0
B,G,B,7177,100,7177,1,0
B,H,B,6246,100,6246,1,0
A,C,C,9291,100,9291,1,0
B,C,C,6727,100,6727,1,0
C,D,C,8705,100,8705,1,0
C,E,C,9864,100,9864,1,0
C,F,C,7218,100,7218,1,0
C,G,C,1574,100,1574,1,0
C,H,C,9072,100,9072,1,0
A,D,D,9306,100,9306,1,0
B,D,D,5971,100,5971,1,0
C,D,D,8733,100,8733,1,0
D,E,D,9758,100,9758,1,0
D,F,D,6307,100,6307,1,0
D,G,D,9223,100,9223,1,0
D,H,D,1407,100,1407,1,0
A,E,E,1404,100,1404,1,0
B,E,E,4299,100,4299,1,0
C,E,E,9802,100,9802,1,0
D,E,E,9730,100,9730,1,0
E,F,E,3742,100,3742,1,0
E,G,E,9900,100,9900,1,0
E,H,E,9644,100,9644,1,0
A,F,F,3531,100,3531,1,0
B,F,F,1369,100,1369,1,0
C,F,F,7183,100,7183,1,0
D,F,F,6336,100,6336,1,0
E,F,F,3681,100,3681,1,0
F,G,F,7362,100,7362,1,0
F,H,F,6290,100,6290,1,0
A,G,G,9585,100,9585,1,0
B,G,G,7178,100,7178,1,0
C,G,G,1562,100,1562,1,0
D,G,G,9239,100,9239,1,0
E,G,G,9944,100,9944,1,0
F,G,G,7354,100,7354,1,0
G,H,G,9286,100,9286,1,0
A,H,H,9421,100,9421,1,0
B,H,H,6242,100,6242,1,0
C,H,H,9086,100,9086,1,0
D,H,H,1475,100,1475,1,0
E,H,H,9671,100,9671,1,0
F,H,H,6279,100,6279,1,0
G,H,H,9349,100,9349,1,0
A,B,A,3632,100,3632,1,0
A,C,A,9264,100,9264,1,0
A,D,A,9275,100,9275,1,0
A,E,A,1422,100,1422,1,0
A,F,A,3532,100,3532,1,0
A,G,A,9556,100,9556,1,0
A,H,A,9425,100,9425,1,0
A,B,B,3606,100,3606,1,0
B,C,B,6750,100,6750,1,0
B,D,B,5955,100,5955,1,0
B,E,B,4275,100,4275,1,0
B,F,B,1421,100,1421,1,0
B,G,B,7191,100,7191,1,0
B,H,B,6229,100,6229,1,0
A,C,C,9307,100,9307,1,0
B,C,C,6746,100,6746,1,0
C,D,C,8711,100,8711,1,0
C,E,C,9864,100,9864,1,0
C,F,C,7191,100,7191,1,0
C,G,C,1582,100,1582,1,0
C,H,C,9071,100,9071,1,0
A,D,D,9266,100,9266,1,0
B,D,D,5962,100,5962,1,0
C,D,D,8735,100,8735,1,0
D,E,D,9749,100,9749,1,0
D,F,D,6347,100,6347,1,0
D,G,D,9247,100,9247,1,0
D,H,D,1395,100,1395,1,0
A,E,E,1416,100,1416,1,0
B,E,E,4308,100,4308,1,0
C,E,E,9822,100,9822,1,0
D,E,E,9754,100,9754,1,0
E,F,E,3716,100,3716,1,0
E,G,E,9892,100,9892,1,0
E,H,E,9617,100,9617,1,0
A,F,F,3585,100,3585,1,0
B,F,F,1382,100,1382,1,0
C,F,F,7193,100,7193,1,0
D,F,F,6337,100,6337,1,0
E,F,F,3679,100,3679,1,0
F,G,F,7337,100,7337,1,0
F,H,F,6297,100,6297,1,0
A,G,G,9569,100,9569,1,0
B,G,G,7196,100,7196,1,0
C,G,G,1590,100,1590,1,0
D,G,G,9235,100,9235,1,0
E,G,G,9940,100,9940,1,0
F,G,G,7370,100,7370,1,0
G,H,G,9350,100,9350,1,0
A,H,H,9403,100,9403,1,0
B,H,H,6215,100,6215,1,0
C,H,H,9039,100,9039,1,0
D,H,H,1471,100,1471,1,0
E,H,H,9607,100,9607,1,0
F,H,H,6223,100,6223,1,0
G,H,H,9343,100,9343,1,0
A,B,A,3629,100,3629,1,0
A,C,A,9283,100,9283,1,0
A,D,A,9269,100,9269,1,0
A,E,A,1492,100,1492,1,0
A,F,A,3499,100,3499,1,0
A,G,A,9629,100,9629,1,0
A,H,A,9395,100,9395,1,0
A,B,B,3644,100,3644,1,0
B,C,B,6721,100,6721,1,0
B,D,B,5946,100,5946,1,0
B,E,B,4316,100,4316,1,0
B,F,B,1402,100,1402,1,0
B,G,B,7183,100,7183,1,0
B,H,B,6141,100,6141,1,0
A,C,C,9321,100,9321,1,0
B,C,C,6709,100,6709,1,0
C,D,C,8756,100,8756,1,0
C,E,C,9835,100,9835,1,0
C,F,C,7185,100,7185,1,0
C,G,C,1595,100,1595,1,0
C,H,C,9087,100,9087,1,0
A,D,D,9280,100,9280,1,0
B,D,D,5926,100,5926,1,0
C,D,D,8693,100,8693,1,0
D,E,D,9757,100,9757,1,0
D,F,D,6365,100,6365,1,0
D,G,D,9201,100,9201,1,0
D,H,D,1470,100,1470,1,0
A,E,E,1416,100,1416,1,0
B,E,E,4268,100,4268,1,0
C,E,E,9832,100,9832,1,0
D,E,E,9709,100,9709,1,0
E,F,E,3695,100,3695,1,0
E,G,E,9898,100,9898,1,0
E,H,E,9580,100,9580,1,0
A,F,F,3509,100,3509,1,0
B,F,F,1386,100,1386,1,0
C,F,F,7206,100,7206,1,0
D,F,F,6377,100,6377,1,0
E,F,F,3683,100,3683,1,0
F,G,F,7349,100,7349,1,0
F,H,F,6293,100,6293,1,0
A,G,G,9639,100,9639,1,0
B,G,G,7187,100,7187,1,0
C,G,G,1559,100,1559,1,0
D,G,G,9239,100,9239,1,0
E,G,G,9910,100,9910,1,0
F,G,G,7381,100,7381,1,0
G,H,G,9324,100,9324,1,0
A,H,H,9380,100,9380,1,0
B,H,H,6195,100,6195,1,0
C,H,H,9062,100,9062,1,0
D,H,H,1434,100,1434,1,0
E,H,H,9625,100,9625,1,0
F,H,H,6282,100,6282,1,0
G,H,H,9310,100,9310,1,0
A,B,A,3651,100,3651,1,0
A,C,A,9321,100,9321,1,0
A,D,A,9269,100,9269,1,0
A,E,A,1435,100,1435,1,0
A,F,A,3527,100,3527,1,0
A,G,A,9606,100,9606,1,0
A,H,A,9409,100,9409,1,0
A,B,B,3623,100,3623,1,0
B,C,B,6712,100,6712,1,0
B,D,B,5973,100,5973,1,0
B,E,B,4316,100,4316,1,0
B,F,B,1416,100,1416,1,0
B,G,B,7165,100,7165,1,0
B,H,B,6206,100,6206,1,0
A,C,C,9277,100,9277,1,0
B,C,C,6708,100,6708,1,0
C,D,C,8694,100,8694,1,0
C,E,C,9833,100,9833,1,0
C,F,C,7192,100,7192,1,0
C,G,C,1608,100,1608,1,0
C,H,C,9055,100,9055,1,0
A,D,D,9270,100,9270,1,0
B,D,D,5985,100,5985,1,0
C,D,D,8733,100,8733,1,0
D,E,D,9726,100,9726,1,0
D,F,D,6330,100,6330,1,0
D,G,D,9224,100,9224,1,0
D,H,D,1392,100,1392,1,0
A,E,E,1400,100,1400,1,0
B,E,E,4321,100,4321,1,0
C,E,E,9792,100,9792,1,0
D,E,E,9665,100,9665,1,0
E,F,E,3700,100,3700,1,0
E,G,E,9916,100,9916,1,0
E,H,E,9619,100,9619,1,0
A,F,F,3552,100,3552,1,0
B,F,F,1401,100,1401,1,0
C,F,F,7184,100,7184,1,0
D,F,F,6349,100,6349,1,0
E,F,F,3699,100,3699,1,0
F,G,F,7344,100,7344,1,0
F,H,F,6280,100,6280,1,0
A,G,G,9639,100,9639,1,0
B,G,G,7205,100,7205,1,0
C,G,G,1582,100,1582,1,0
D,G,G,9228,100,9228,1,0
E,G,G,9921,100,9921,1,0
F,G,G,7353,100,7353,1,0
G,H,G,9335,100,9335,1,0
A,H,H,9404,100,9404,1,0
B,H,H,6217,100,6217,1,0
C,H,H,9074,100,9074,1,0
D,H,H,1419,100,1419,1,0
E,H,H,9669,100,9669,1,0
F,H,H,6293,100,6293,1,0
G,H,H,9352,100,9352,1,0
A,B,A,3665,100,3665,1,0
A,C,A,9296,100,9296,1,0
A,D,A,9256,100,9256,1,0
A,E,A,1430,100,1430,1,0
A,F,A,3482,100,3482,1,0
A,G,A,9606,100,9606,1,0
A,H,A,9434,100,9434,1,0
A,B,B,3603,100,3603,1,0
B,C,B,6723,100,6723,1,0
B,D,B,5959,100,5959,1,0
B,E,B,4296,100,4296,1,0
B,F,B,1404,100,1404,1,0
B,G,B,7210,100,7210,1,0
B,H,B,6238,100,6238,1,0
A,C,C,9352,100,9352,1,0
B,C,C,6746,100,6746,1,0
C,D,C,8739,100,8739,1,0
C,E,C,9806,100,9806,1,0
C,F,C,7243,100,7243,1,0
C,G,C,1583,100,1583,1,0
C,H,C,9062,100,9062,1,0
A,D,D,9269,100,9269,1,0
B,D,D,5954,100,5954,1,0
C,D,D,8748,100,8748,1,0
D,E,D,9741,100,9741,1,0
D,F,D,6354,100,6354,1,0
D,G,D,9193,100,9193,1,0
D,H,D,1403,100,1403,1,0
A,E,E,1424,100,1424,1,0
B,E,E,4282,100,4282,1,0
C,E,E,9769,100,9769,1,0
D,E,E,9764,100,9764,1,0
E,F,E,3646,100,3646,1,0
E,G,E,9882,100,9882,1,0
E,H,E,9644,100,9644,1,0
A,F,F,3541,100,3541,1,0
B,F,F,1365,100,1365,1,0
C,F,F,7199,100,7199,1,0
D,F,F,6327,100,6327,1,0
E,F,F,3672,100,3672,1,0
F,G,F,7351,100,7351,1,0
F,H,F,6331,100,6331,1,0
A,G,G,9595,100,9595,1,0
B,G,G,7188,100,7188,1,0
C,G,G,1561,100,1561,1,0
D,G,G,9218,100,9218,1,0
E,G,G,9924,100,9924,1,0
F,G,G,7370,100,7370,1,0
G,H,G,9329,100,9329,1,0
A,H,H,9437,100,9437,1,0
B,H,H,6206,100,6206,1,0
C,H,H,9029,100,9029,1,0
D,H,H,1423,100,1423,1,0
E,H,H,9684,100,9684,1,0
F,H,H,6240,100,6240,1,0
G,H,H,9345,100,9345,1,0
A,B,A,3653,100,3653,1,0
A,C,A,9283,100,9283,1,0
A,D,A,9263,100,9263,1,0
A,E,A,1421,100,1421,1,0
A,F,A,3525,100,3525,1,0
A,G,A,9592,100,9592,1,0
A,H,A,9382,100,9382,1,0
A,B,B,3662,100,3662,1,0
B,C,B,6748,100,6748,1,0
B,D,B,5956,100,5956,1,0
B,E,B,4258,100,4258,1,0
B,F,B,1392,100,1392,1,0
B,G,B,7156,100,7156,1,0
B,H,B,6213,100,6213,1,0
A,C,C,9327,100,9327,1,0
B,C,C,6703,100,6703,1,0
C,D,C,8763,100,8763,1,0
C,E,C,9800,100,9800,1,0
C,F,C,7234,100,7234,1,0
C,G,C,1564,100,1564,1,0
C,H,C,9093,100,9093,1,0
A,D,D,9262,100,9262,1,0
B,D,D,5951,100,5951,1,0
C,D,D,8734,100,8734,1,0
D,E,D,9791,100,9791,1,0
D,F,D,6343,100,6343,1,0
D,G,D,9231,100,9231,1,0
D,H,D,1410,100,1410,1,0
A,E,E,1422,100,1422,1,0
B,E,E,4349,100,4349,1,0
C,E,E,9817,100,9817,1,0
D,E,E,9761,100,9761,1,0
E,F,E,3703,100,3703,1,0
E,G,E,9904,100,9904,1,0
E,H,E,9644,100,9644,1,0
A,F,F,3555,100,3555,1,0
B,F,F,1396,100,1396,1,0
C,F,F,7197,100,7197,1,0
D,F,F,6382,100,6382,1,0
E,F,F,3714,100,3714,1,0
F,G,F,7359,100,7359,1,0
F,H,F,6243,100,6243,1,0
A,G,G,9653,100,9653,1,0
B,G,G,7172,100,7172,1,0
C,G,G,1596,100,1596,1,0
D,G,G,9260,100,9260,1,0
E,G,G,9899,100,9899,1,0
F,G,G,7369,100,7369,1,0
G,H,G,9331,100,9331,1,0
A,H,H,9418,100,9418,1,0
B,H,H,6165,100,6165,1,0
C,H,H,9017,100,9017,1,0
D,H,H,1393,100,1393,1,0
E,H,H,9600,100,9600,1,0
F,H,H,6290,100,6290,1,0
G,H,H,9273,100,9273,1,0
A,B,A,3630,100,3630,1,0
A,C,A,9290,100,9290,1,0
A,D,A,9272,100,9272,1,0
A,E,A,1459,100,1459,1,0
A,F,A,3522,100,3522,1,0
A,G,A,9630,100,9630,1,0
A,H,A,9461,100,9461,1,0
A,B,B,3630,100,3630,1,0
B,C,B,6735,100,6735,1,0
B,D,B,5946,100,5946,1,0
B,E,B,4315,100,4315,1,0
B,F,B,1408,100,1408,1,0
B,G,B,7200,100,7200,1,0
B,H,B,6197,100,6197,1,0
A,C,C,9310,100,9310,1,0
B,C,C,6734,100,6734,1,0
C,D,C,8706,100,8706,1,0
C,E,C,9824,100,9824,1,0
C,F,C,7205,100,7205,1,0
C,G,C,1578,100,1578,1,0
C,H,C,9015,100,9015,1,0
A,D,D,9242,100,9242,1,0
B,D,D,5978,100,5978,1,0
C,D,D,8736,100,8736,1,0
D,E,D,9702,100,9702,1,0
D,F,D,6332,100,6332,1,0
D,G,D,9211,100,9211,1,0
D,H,D,1383,100,1383,1,0
A,E,E,1472,100,1472,1,0
B,E,E,4321,100,4321,1,0
C,E,E,9891,100,9891,1,0
D,E,E,9738,100,9738,1,0
E,F,E,3699,100,3699,1,0
E,G,E,9917,100,9917,1,0
E,H,E,9689,100,9689,1,0
A,F,F,3500,100,3500,1,0
B,F,F,1393,100,1393,1,0
C,F,F,7221,100,7221,1,0
D,F,F,6384,100,6384,1,0
E,F,F,3708,100,3708,1,0
F,G,F,7389,100,7389,1,0
F,H,F,6307,100,6307,1,0
A,G,G,9562,100,9562,1,0
B,G,G,7153,100,7153,1,0
C,G,G,1555,100,1555,1,0
D,G,G,9217,100,9217,1,0
E,G,G,9918,100,9918,1,0
F,G,G,7364,100,7364,1,0
G,H,G,9334,100,9334,1,0
A,H,H,9404,100,9404,1,0
B,H,H,6201,100,6201,1,0
C,H,H,9030,100,9030,1,0
D,H,H,1393,100,1393,1,0
E,H,H,9649,100,9649,1,0
F,H,H,6271,100,6271,1,0
G,H,H,9314,100,9314,1,0
A,B,A,3660,100,3660,1,0
A,C,A,9249,100,9249,1,0
A,D,A,9268,100,9268,1,0
A,E,A,1395,100,1395,1,0
A,F,A,3538,100,3538,1,0
A,G,A,9601,100,9601,1,0
A,H,A,9453,100,9453,1,0
A,B,B,3643,100,3643,1,0
B,C,B,6729,100,6729,1,0
B,D,B,5974,100,5974,1,0
B,E,B,4329,100,4329,1,0
B,F,B,1405,100,1405,1,0
B,G,B,7192,100,7192,1,0
B,H,B,6173,100,6173,1,0
A,C,C,9290,100,9290,1,0
B,C,C,6798,100,6798,1,0
C,D,C,8730,100,8730,1,0
C,E,C,9830,100,9830,1,0
C,F,C,7219,100,7219,1,0
C,G,C,1571,100,1571,1,0
C,H,C,9058,100,9058,1,0
A,D,D,9269,100,9269,1,0
B,D,D,5976,100,5976,1,0
C,D,D,8748,100,8748,1,0
D,E,D,9805,100,9805,1,0
D,F,D,6389,100,6389,1,0
D,G,D,9225,100,9225,1,0
D,H,D,1410,100,1410,1,0
A,E,E,1447,100,1447,1,0
B,E,E,4330,100,4330,1,0
C,E,E,9809,100,9809,1,0
D,E,E,9740,100,9740,1,0
E,F,E,3696,100,3696,1,0
E,G,E,9888,100,9888,1,0
E,H,E,9700,100,9700,1,0
A,F,F,3586,100,3586,1,0
B,F,F,1403,100,1403,1,0
C,F,F,7211,100,7211,1,0
D,F,F,6326,100,6326,1,0
E,F,F,3708,100,3708,1,0
F,G,F,7366,100,7366,1,0
F,H,F,6318,100,6318,1,0
A,G,G,9558,100,9558,1,0
B,G,G,7227,100,7227,1,0
C,G,G,1567,100,1567,1,0
D,G,G,9237,100,9237,1,0
E,G,G,9903,100,9903,1,0
F,G,G,7328,100,7328,1,0
G,H,G,9356,100,9356,1,0
A,H,H,9392,100,9392,1,0
B,H,H,6199,100,6199,1,0
C,H,H,9014,100,9014,1,0
D,H,H,1410,100,1410,1,0
E,H,H,9631,100,9631,1,0
F,H,H,6294,100,6294,1,0
G,H,H,9330,100,9330,1,0
A,B,A,3624,100,3624,1,0
A,C,A,9306,100,9306,1,0
A,D,A,9283,100,9283,1,0
A,E,A,1442,100,1442,1,0
A,F,A,3543,100,3543,1,0
A,G,A,9594,100,9594,1,0
A,H,A,9366,100,9366,1,0
A,B,B,3643,100,3643,1,0
B,C,B,6731,100,6731,1,0
B,D,B,5953,100,5953,1,0
B,E,B,4301,100,4301,1,0
B,F,B,1426,100,1426,1,0
B,G,B,7203,100,7203,1,0
B,H,B,6198,100,6198,1,0
A,C,C,9313,100,9313,1,0
B,C,C,6737,100,6737,1,0
C,D,C,8711,100,8711,1,0
C,E,C,9846,100,9846,1,0
C,F,C,7196,100,7196,1,0
C,G,C,1600,100,1600,1,0
C,H,C,9092,100,9092,1,0
A,D,D,9267,100,9267,1,0
B,D,D,5926,100,5926,1,0
C,D,D,8681,100,8681,1,0
D,E,D,9716,100,9716,1,0
D,F,D,6357,100,6357,1,0
D,G,D,9212,100,9212,1,0
D,H,D,1403,100,1403,1,0
A,E,E,1565,100,1565,1,0
B,E,E,4276,100,4276,1,0
C,E,E,9827,100,9827,1,0
D,E,E,9779,100,9779,1,0
E,F,E,3679,100,3679,1,0
E,G,E,9910,100,9910,1,0
E,H,E,9619,100,9619,1,0
A,F,F,3511,100,3511,1,0
B,F,F,1435,100,1435,1,0
C,F,F,7227,100,7227,1,0
D,F,F,6331,100,6331,1,0
E,F,F,3744,100,3744,1,0
F,G,F,7359,100,7359,1,0
F,H,F,6283,100,6283,1,0
A,G,G,9602,100,9602,1,0
B,G,G,7190,100,7190,1,0
C,G,G,1593,100,1593,1,0
D,G,G,9244,100,9244,1,0
E,G,G,9907,100,9907,1,0
F,G,G,7353,100,7353,1,0
G,H,G,9363,100,9363,1,0
A,H,H,9403,100,9403,1,0
B,H,H,6207,100,6207,1,0
C,H,H,9078,100,9078,1,0
D,H,H,1440,100,1440,1,0
E,H,H,9662,100,9662,1,0
F,H,H,6255,100,6255,1,0
G,H,H,9313,100,9313,1,0
A,B,A,3652,100,3652,1,0
A,C,A,9354,100,9354,1,0
A,D,A,9288,100,9288,1,0
A,E,A,1426,100,1426,1,0
A,F,A,3532,100,3532,1,0
A,G,A,9628,100,9628,1,0
A,H,A,9438,100,9438,1,0
A,B,B,3606,100,3606,1,0
B,C,B,6726,100,6726,1,0
B,D,B,5936,100,5936,1,0
B,E,B,4291,100,4291,1,0
B,F,B,1391,100,1391,1,0
B,G,B,7193,100,7193,1,0
B,H,B,6235,100,6235,1,0
A,C,C,9312,100,9312,1,0
B,C,C,6752,100,6752,1,0
C,D,C,8716,100,8716,1,0
C,E,C,9833,100,9833,1,0
C,F,C,7218,100,7218,1,0
C,G,C,1583,100,1583,1,0
C,H,C,9005,100,9005,1,0
A,D,D,9276,100,9276,1,0
B,D,D,5951,100,5951,1,0
C,D,D,8751,100,8751,1,0
D,E,D,9774,100,9774,1,0
D,F,D,6393,100,6393,1,0
D,G,D,9252,100,9252,1,0
D,H,D,1413,100,1413,1,0
A,E,E,1408,100,1408,1,0
B,E,E,4278,100,4278,1,0
C,E,E,9774,100,9774,1,0
D,E,E,9758,100,9758,1,0
E,F,E,3685,100,3685,1,0
E,G,E,9899,100,9899,1,0
E,H,E,9636,100,9636,1,0
A,F,F,3526,100,3526,1,0
B,F,F,1446,100,1446,1,0
C,F,F,7215,100,7215,1,0
D,F,F,6320,100,6320,1,0
E,F,F,3735,100,3735,1,0
F,G,F,7378,100,7378,1,0
F,H,F,6261,100,6261,1,0
A,G,G,9625,100,9625,1,0
B,G,G,7165,100,7165,1,0
C,G,G,1542,100,1542,1,0
D,G,G,9258,100,9258,1,0
E,G,G,9924,100,9924,1,0
F,G,G,7379,100,7379,1,0
G,H,G,9328,100,9328,1,0
A,H,H,9420,100,9420,1,0
B,H,H,6231,100,6231,1,0
C,H,H,9073,100,9073,1,0
D,H,H,1421,100,1421,1,0
E,H,H,9664,100,9664,1,0
F,H,H,6296,100,6296,1,0
G,H,H,9333,100,9333,1,0
A,B,A,3641,100,3641,1,0
A,C,A,9298,100,9298,1,0
A,D,A,9245,100,9245,1,0
A,E,A,1435,100,1435,1,0
A,F,A,3530,100,3530,1,0
A,G,A,9605,100,9605,1,0
A,H,A,9435,100,9435,1,0
A,B,B,3629,100,3629,1,0
B,C,B,6772,100,6772,1,0
B,D,B,5970,100,5970,1,0
B,E,B,4260,100,4260,1,0
B,F,B,1409,100,1409,1,0
B,G,B,7190,100,7190,1,0
B,H,B,6209,100,6209,1,0
A,C,C,9277,100,9277,1,0
B,C,C,6666,100,6666,1,0
C,D,C,8753,100,8753,1,0
C,E,C,9845,100,9845,1,0
C,F,C,7211,100,7211,1,0
C,G,C,1534,100,1534,1,0
C,H,C,9039,100,9039,1,0
A,D,D,9286,100,9286,1,0
B,D,D,5934,100,5934,1,0
C,D,D,8699,100,8699,1,0
D,E,D,9746,100,9746,1,0
D,F,D,6327,100,6327,1,0
D,G,D,9207,100,9207,1,0
D,H,D,1412,100,1412,1,0
A,E,E,1471,100,1471,1,0
B,E,E,4323,100,4323,1,0
C,E,E,9829,100,9829,1,0
D,E,E,9700,100,9700,1,0
E,F,E,3731,100,3731,1,0
E,G,E,9923,100,9923,1,0
E,H,E,9677,100,9677,1,0
A,F,F,3588,100,3588,1,0
B,F,F,1410,100,1410,1,0
C,F,F,7213,100,7213,1,0
D,F,F,6330,100,6330,1,0
E,F,F,3721,100,3721,1,0
F,G,F,7362,100,7362,1,0
F,H,F,6215,100,6215,1,0
A,G,G,9626,100,9626,1,0
B,G,G,7216,100,7216,1,0
C,G,G,1568,100,1568,1,0
D,G,G,9214,100,9214,1,0
E,G,G,9927,100,9927,1,0
F,G,G,7378,100,7378,1,0
G,H,G,9338,100,9338,1,0
A,H,H,9385,100,9385,1,0
B,H,H,6214,100,6214,1,0
C,H,H,9038,100,9038,1,0
D,H,H,1444,100,1444,1,0
E,H,H,9623,100,9623,1,0
F,H,H,6271,100,6271,1,0
G,H,H,9328,100,9328,1,0
A,B,A,3673,100,3673,1,0
A,C,A,9294,100,9294,1,0
A,D,A,9299,100,9299,1,0
A,E,A,1414,100,1414,1,0
A,F,A,3503,100,3503,1,0
A,G,A,9616,100,9616,1,0
A,H,A,9413,100,9413,1,0
A,B,B,3662,100,3662,1,0
B,C,B,6735,100,6735,1,0
B,D,B,5959,100,5959,1,0
B,E,B,4288,100,4288,1,0
B,F,B,1430,100,1430,1,0
B,G,B,7204,100,7204,1,0
B,H,B,6209,100,6209,1,0
A,C,C,9344,100,9344,1,0
B,C,C,6738,100,6738,1,0
C,D,C,8690,100,8690,1,0
C,E,C,9841,100,9841,1,0
C,F,C,7182,100,7182,1,0
C,G,C,1587,100,1587,1,0
C,H,C,9024,100,9024,1,0
A,D,D,9306,100,9306,1,0
B,D,D,5917,100,5917,1,0
C,D,D,8705,100,8705,1,0
D,E,D,9681,100,9681,1,0
D,F,D,6352,100,6352,1,0
D,G,D,9229,100,9229,1,0
D,H,D,1429,100,1429,1,0
A,E,E,1449,100,1449,1,0
B,E,E,4299,100,4299,1,0
C,E,E,9823,100,9823,1,0
D,E,E,9716,100,9716,1,0
E,F,E,3702,100,3702,1,0
E,G,E,9926,100,9926,1,0
E,H,E,9701,100,9701,1,0
A,F,F,3544,100,3544,1,0
B,F,F,1378,100,1378,1,0
C,F,F,7214,100,7214,1,0
D,F,F,6351,100,6351,1,0
E,F,F,3746,100,3746,1,0
F,G,F,7357,100,7357,1,0
F,H,F,6271,100,6271,1,0
A,G,G,9636,100,9636,1,0
B,G,G,7181,100,7181,1,0
C,G,G,1551,100,1551,1,0
D,G,G,9254,100,9254,1,0
E,G,G,9927,100,9927,1,0
F,G,G,7361,100,7361,1,0
G,H,G,9346,100,9346,1,0
A,H,H,9393,100,9393,1,0
B,H,H,6203,100,6203,1,0
C,H,H,9032,100,9032,1,0
D,H,H,1420,100,1420,1,0
E,H,H,9647,100,9647,1,0
F,H,H,6298,100,6298,1,0
G,H,H,9330,100,9330,1,0
A,B,A,3640,100,3640,1,0
A,C,A,9302,100,9302,1,0
A,D,A,9294,100,9294,1,0
A,E,A,1440,100,1440,1,0
A,F,A,3524,100,3524,1,0
A,G,A,9585,100,9585,1,0
A,H,A,9410,100,9410,1,0
A,B,B,3626,100,3626,1,0
B,C,B,6739,100,6739,1,0
B,D,B,6019,100,6019,1,0
B,E,B,4299,100,4299,1,0
B,F,B,1409,100,1409,1,0
B,G,B,7196,100,7196,1,0
B,H,B,6199,100,6199,1,0
A,C,C,9312,100,9312,1,0
B,C,C,6723,100,6723,1,0
C,D,C,8742,100,8742,1,0
C,E,C,9842,100,9842,1,0
C,F,C,7207,100,7207,1,0
C,G,C,1552,100,1552,1,0
C,H,C,9072,100,9072,1,0
A,D,D,9240,100,9240,1,0
B,D,D,5987,100,5987,1,0
C,D,D,8730,100,8730,1,0
D,E,D,9744,100,9744,1,0
D,F,D,6360,100,6360,1,0
D,G,D,9231,100,9231,1,0
D,H,D,1442,100,1442,1,0
A,E,E,1479,100,1479,1,0
B,E,E,4288,100,4288,1,0
C,E,E,9815,100,9815,1,0
D,E,E,9748,100,9748,1,0
E,F,E,3692,100,3692,1,0
E,G,E,9949,100,9949,1,0
E,H,E,9668,100,9668,1,0
A,F,F,3527,100,3527,1,0
B,F,F,1418,100,1418,1,0
C,F,F,7191,100,7191,1,0
D,F,F,6340,100,6340,1,0
E,F,F,3667,100,3667,1,0
F,G,F,7371,100,7371,1,0
F,H,F,6281,100,6281,1,0
A,G,G,9587,100,9587,1,0
B,G,G,7199,100,7199,1,0
C,G,G,1590,100,1590,1,0
D,G,G,9225,100,9225,1,0
E,G,G,9928,100,9928,1,0
F,G,G,7376,100,7376,1,0
G,H,G,9333,100,9333,1,0
A,H,H,9389,100,9389,1,0
B,H,H,6223,100,6223,1,0
C,H,H,9065,100,9065,1,0
D,H,H,1425,100,1425,1,0
E,H,H,9668,100,9668,1,0
F,H,H,6283,100,6283,1,0
G,H,H,9333,100,9333,1,0
A,B,A,3637,100,3637,1,0
A,C,A,9317,100,9317,1,0
A,D,A,9258,100,9258,1,0
A,E,A,1497,100,1497,1,0
A,F,A,3547,100,3547,1,0
A,G,A,9586,100,9586,1,0
A,H,A,9402,100,9402,1,0
A,B,B,3636,100,3636,1,0
B,C,B,6722,100,6722,1,0
B,D,B,5963,100,5963,1,0
B,E,B,4316,100,4316,1,0
B,F,B,1410,100,1410,1,0
B,G,B,7172,100,7172,1,0
B,H,B,6183,100,6183,1,0
A,C,C,9296,100,9296,1,0
B,C,C,6725,100,6725,1,0
C,D,C,8735,100,8735,1,0
C,E,C,9810,100,9810,1,0
C,F,C,7223,100,7223,1,0
C,G,C,1627,100,1627,1,0
C,H,C,9055,100,9055,1,0
A,D,D,9287,100,9287,1,0
B,D,D,5931,100,5931,1,0
C,D,D,8702,100,8702,1,0
D,E,D,9738,100,9738,1,0
D,F,D,6366,100,6366,1,0
D,G,D,9232,100,9232,1,0
D,H,D,1436,100,1436,1,0
A,E,E,1489,100,1489,1,0
B,E,E,4323,100,4323,1,0
C,E,E,9839,100,9839,1,0
D,E,E,9716,100,9716,1,0
E,F,E,3698,100,3698,1,0
E,G,E,9912,100,9912,1,0
E,H,E,9617,100,9617,1,0
A,F,F,3531,100,3531,1,0
B,F,F,1393,100,1393,1,0
C,F,F,7197,100,7197,1,0
D,F,F,6353,100,6353,1,0
E,F,F,3671,100,3671,1,0
F,G,F,7384,100,7384,1,0
F,H,F,6276,100,6276,1,0
A,G,G,9622,100,9622,1,0
B,G,G,7182,100,7182,1,0
C,G,G,1522,100,1522,1,0
D,G,G,9219,100,9219,1,0
E,G,G,9901,100,9901,1,0
F,G,G,7370,100,7370,1,0
G,H,G,9294,100,9294,1,0
A,H,H,9418,100,9418,1,0
B,H,H,6227,100,6227,1,0
C,H,H,9053,100,9053,1,0
D,H,H,1386,100,1386,1,0
E,H,H,9643,100,9643,1,0
F,H,H,6247,100,6247,1,0
G,H,H,9356,100,9356,1,0
A,B,A,3633,100,3633,1,0
A,C,A,9335,100,9335,1,0
A,D,A,9263,100,9263,1,0
A,E,A,1485,100,1485,1,0
A,F,A,3510,100,3510,1,0
A,G,A,9624,100,9624,1,0
A,H,A,9421,100,9421,1,0
A,B,B,3647,100,3647,1,0
B,C,B,6730,100,6730,1,0
B,D,B,5966,100,5966,1,0
B,E,B,4290,100,4290,1,0
B,F,B,1432,100,1432,1,0
B,G,B,7186,100,7186,1,0
B,H,B,6188,100,6188,1,0
A,C,C,9271,100,9271,1,0
B,C,C,6701,100,6701,1,0
C,D,C,8722,100,8722,1,0
C,E,C,9827,100,9827,1,0
C,F,C,7204,100,7204,1,0
C,G,C,1565,100,1565,1,0
C,H,C,9058,100,9058,1,0
A,D,D,9269,100,9269,1,0
B,D,D,5971,100,5971,1,0
C,D,D,8718,100,8718,1,0
D,E,D,9761,100,9761,1,0
D,F,D,6342,100,6342,1,0
D,G,D,9232,100,9232,1,0
D,H,D,1387,100,1387,1,0
A,E,E,1444,100,1444,1,0
B,E,E,4307,100,4307,1,0
C,E,E,9839,100,9839,1,0
D,E,E,9691,100,9691,1,0
E,F,E,3662,100,3662,1,0
E,G,E,9921,100,9921,1,0
E,H,E,9658,100,9658,1,0
A,F,F,3492,100,3492,1,0
B,F,F,1430,100,1430,1,0
C,F,F,7234,100,7234,1,0
D,F,F,6352,100,6352,1,0
E,F,F,3714,100,3714,1,0
F,G,F,7363,100,7363,1,0
F,H,F,6206,100,6206,1,0
A,G,G,9620,100,9620,1,0
B,G,G,7160,100,7160,1,0
C,G,G,1617,100,1617,1,0
D,G,G,9226,100,9226,1,0
E,G,G,9927,100,9927,1,0
F,G,G,7341,100,7341,1,0
G,H,G,9372,100,9372,1,0
A,H,H,9384,100,9384,1,0
B,H,H,6204,100,6204,1,0
C,H,H,9028,100,9028,1,0
D,H,H,1402,100,1402,1,0
E,H,H,9652,100,9652,1,0
F,H,H,6250,100,6250,1,0
G,H,H,9333,100,9333,1,0
A,B,A,3681,100,3681,1,0
A,C,A,9284,100,9284,1,0
A,D,A,9264,100,9264,1,0
A,E,A,1471,100,1471,1,0
A,F,A,3557,100,3557,1,0
A,G,A,9627,100,9627,1,0
A,H,A,9382,100,9382,1,0
A,B,B,3621,100,3621,1,0
B,C,B,6709,100,6709,1,0
B,D,B,5946,100,5946,1,0
B,E,B,4296,100,4296,1,0
B,F,B,1406,100,1406,1,0
B,G,B,7197,100,7197,1,0
B,H,B,6186,100,6186,1,0
A,C,C,9298,100,9298,1,0
B,C,C,6761,100,6761,1,0
C,D,C,8704,100,8704,1,0
C,E,C,9827,100,9827,1,0
C,F,C,7187,100,7187,1,0
C,G,C,1586,100,1586,1,0
C,H,C,9051,100,9051,1,0
A,D,D,9289,100,9289,1,0
B,D,D,5967,100,5967,1,0
C,D,D,8712,100,8712,1,0
D,E,D,9779,100,9779,1,0
D,F,D,6306,100,6306,1,0
D,G,D,9251,100,9251,1,0
D,H,D,1418,100,1418,1,0
A,E,E,1478,100,1478,1,0
B,E,E,4290,100,4290,1,0
C,E,E,9843,100,9843,1,0
D,E,E,9683,100,9683,1,0
E,F,E,3692,100,3692,1,0
E,G,E,9959,100,9959,1,0
E,H,E,9693,100,9693,1,0
A,F,F,3518,100,3518,1,0
B,F,F,1412,100,1412,1,0
C,F,F,7235,100,7235,1,0
D,F,F,6357,100,6357,1,0
E,F,F,3720,100,3720,1,0
F,G,F,7367,100,7367,1,0
F,H,F,6268,100,6268,1,0
A,G,G,9617,100,9617,1,0
B,G,G,7215,100,7215,1,0
C,G,G,1568,100,1568,1,0
D,G,G,9246,100,9246,1,0
E,G,G,9934,100,9934,1,0
F,G,G,7352,100,7352,1,0
G,H,G,9354,100,9354,1,0
A,H,H,9383,100,9383,1,0
B,H,H,6219,100,6219,1,0
C,H,H,8984,100,8984,1,0
D,H,H,1447,100,1447,1,0
E,H,H,9638,100,9638,1,0
F,H,H,6264,100,6264,1,0
G,H,H,9342,100,9342,1,0
A,B,A,3613,100,3613,1,0
A,C,A,9301,100,9301,1,0
A,D,A,9267,100,9267,1,0
A,E,A,1446,100,1446,1,0
A,F,A,3538,100,3538,1,0
A,G,A,9625,100,9625,1,0
A,H,A,9396,100,9396,1,0
A,B,B,3633,100,3633,1,0
B,C,B,6726,100,6726,1,0
B,D,B,5970,100,5970,1,0
B,E,B,4328,100,4328,1,0
B,F,B,1428,100,1428,1,0
B,G,B,7175,100,7175,1,0
B,H,B,6217,100,6217,1,0
A,C,C,9266,100,9266,1,0
B,C,C,6752,100,6752,1,0
C,D,C,8730,100,8730,1,0
C,E,C,9883,100,9883,1,0
C,F,C,7227,100,7227,1,0
C,G,C,1569,100,1569,1,0
C,H,C,9022,100,9022,1,0
A,D,D,9285,100,9285,1,0
B,D,D,5960,100,5960,1,0
C,D,D,8723,100,8723,1,0
D,E,D,9764,100,9764,1,0
D,F,D,6378,100,6378,1,0
D,G,D,9225,100,9225,1,0
D,H,D,1420,100,1420,1,0
A,E,E,1432,100,1432,1,0
B,E,E,4306,100,4306,1,0
C,E,E,9781,100,9781,1,0
D,E,E,9698,100,9698,1,0
E,F,E,3695,100,3695,1,0
E,G,E,9906,100,9906,1,0
E,H,E,9706,100,9706,1,0
A,F,F,3560,100,3560,1,0
B,F,F,1377,100,1377,1,0
C,F,F,7178,100,7178,1,0
D,F,F,6352,100,6352,1,0
E,F,F,3694,100,3694,1,0
F,G,F,7368,100,7368,1,0
F,H,F,6272,100,6272,1,0
A,G,G,9577,100,9577,1,0
B,G,G,7179,100,7179,1,0
C,G,G,1609,100,1609,1,0
D,G,G,9218,100,9218,1,0
E,G,G,9967,100,9967,1,0
F,G,G,7348,100,7348,1,0
G,H,G,9320,100,9320,1,0
A,H,H,9395,100,9395,1,0
B,H,H,6135,100,6135,1,0
C,H,H,9065,100,9065,1,0
D,H,H,1436,100,1436,1,0
E,H,H,9627,100,9627,1,0
F,H,H,6283,100,6283,1,0
G,H,H,9330,100,9330,1,0
A,B,A,3648,100,3648,1,0
A,C,A,9279,100,9279,1,0
A,D,A,9290,100,9290,1,0
A,E,A,1451,100,1451,1,0
A,F,A,3524,100,3524,1,0
A,G,A,9635,100,9635,1,0
A,H,A,9395,100,9395,1,0
A,B,B,3657,100,3657,1,0
B,C,B,6761,100,6761,1,0
B,D,B,5962,100,5962,1,0
B,E,B,4301,100,4301,1,0
B,F,B,1348,100,1348,1,0
B,G,B,7209,100,7209,1,0
B,H,B,6242,100,6242,1,0
A,C,C,9254,100,9254,1,0
B,C,C,6734,100,6734,1,0
C,D,C,8721,100,8721,1,0
C,E,C,9815,100,9815,1,0
C,F,C,7175,100,7175,1,0
C,G,C,1559,100,1559,1,0
C,H,C,9049,100,9049,1,0
A,D,D,9264,100,9264,1,0
B,D,D,5972,100,5972,1,0
C,D,D,8699,100,8699,1,0
D,E,D,9737,100,9737,1,0
D,F,D,6318,100,6318,1,0
D,G,D,9225,100,9225,1,0
D,H,D,1469,100,1469,1,0
A,E,E,1440,100,1440,1,0
B,E,E,4338,100,4338,1,0
C,E,E,9825,100,9825,1,0
D,E,E,9710,100,9710,1,0
E,F,E,3693,100,3693,1,0
E,G,E,9941,100,9941,1,0
E,H,E,9664,100,9664,1,0
A,F,F,3513,100,3513,1,0
B,F,F,1454,100,1454,1,0
C,F,F,7204,100,7204,1,0
D,F,F,6344,100,6344,1,0
E,F,F,3692,100,3692,1,0
F,G,F,7357,100,7357,1,0
F,H,F,6277,100,6277,1,0
A,G,G,9593,100,9593,1,0
B,G,G,7172,100,7172,1,0
C,G,G,1613,100,1613,1,0
D,G,G,9223,100,9223,1,0
E,G,G,9905,100,9905,1,0
F,G,G,7388,100,7388,1,0
G,H,G,9343,100,9343,1,0
A,H,H,9421,100,9421,1,0
B,H,H,6185,100,6185,1,0
C,H,H,9030,100,9030,1,0
D,H,H,1402,100,1402,1,0
E,H,H,9669,100,9669,1,0
F,H,H,6326,100,6326,1,0
G,H,H,9298,100,9298,1,0
A,B,A,3652,100,3652,1,0
A,C,A,9330,100,9330,1,0
A,D,A,9277,100,9277,1,0
A,E,A,1400,100,1400,1,0
A,F,A,3536,100,3536,1,0
A,G,A,9577,100,9577,1,0
A,H,A,9421,100,9421,1,0
A,B,B,3682,100,3682,1,0
B,C,B,6780,100,6780,1,0
B,D,B,5919,100,5919,1,0
B,E,B,4293,100,4293,1,0
B,F,B,1389,100,1389,1,0
B,G,B,7161,100,7161,1,0
B,H,B,6180,100,6180,1,0
A,C,C,9324,100,9324,1,0
B,C,C,6737,100,6737,1,0
C,D,C,8738,100,8738,1,0
C,E,C,9858,100,9858,1,0
C,F,C,7205,100,7205,1,0
C,G,C,1590,100,1590,1,0
C,H,C,9030,100,9030,1,0
A,D,D,9268,100,9268,1,0
B,D,D,5958,100,5958,1,0
C,D,D,8722,100,8722,1,0
D,E,D,9706,100,9706,1,0
D,F,D,6352,100,6352,1,0
D,G,D,9257,100,9257,1,0
D,H,D,1441,100,1441,1,0
A,E,E,1403,100,1403,1,0
B,E,E,4297,100,4297,1,0
C,E,E,9788,100,9788,1,0
D,E,E,9756,100,9756,1,0
E,F,E,3732,100,3732,1,0
E,G,E,9918,100,9918,1,0
E,H,E,9701,100,9701,1,0
A,F,F,3562,100,3562,1,0
B,F,F,1422,100,1422,1,0
C,F,F,7206,100,7206,1,0
D,F,F,6392,100,6392,1,0
E,F,F,3673,100,3673,1,0
F,G,F,7350,100,7350,1,0
F,H,F,6230,100,6230,1,0
A,G,G,9614,100,9614,1,0
B,G,G,7197,100,7197,1,0
C,G,G,1593,100,1593,1,0
D,G,G,9245,100,9245,1,0
E,G,G,9896,100,9896,1,0
F,G,G,7343,100,7343,1,0
G,H,G,9333,100,9333,1,0
A,H,H,9384,100,9384,1,0
B,H,H,6224,100,6224,1,0
C,H,H,9020,100,9020,1,0
D,H,H,1442,100,1442,1,0
E,H,H,9667,100,9667,1,0
F,H,H,6291,100,6291,1,0
G,H,H,9301,100,9301,1,0
A,B,A,3599,100,3599,1,0
A,C,A,9306,100,9306,1,0
A,D,A,9273,100,9273,1,0
A,E,A,1435,100,1435,1,0
A,F,A,3534,100,3534,1,0
A,G,A,9575,100,9575,1,0
A,H,A,9491,100,9491,1,0
A,B,B,3615,100,3615,1,0
B,C,B,6717,100,6717,1,0
B,D,B,5976,100,5976,1,0
B,E,B,4279,100,4279,1,0
B,F,B,1417,100,1417,1,0
B,G,B,7183,100,7183,1,0
B,H,B,6205,100,6205,1,0
A,C,C,9277,100,9277,1,0
B,C,C,6742,100,6742,1,0
C,D,C,8751,100,8751,1,0
C,E,C,9856,100,9856,1,0
C,F,C,7183,100,7183,1,0
C,G,C,1608,100,1608,1,0
C,H,C,9076,100,9076,1,0
A,D,D,9264,100,9264,1,0
B,D,D,5937,100,5937,1,0
C,D,D,8758,100,8758,1,0
D,E,D,9762,100,9762,1,0
D,F,D,6345,100,6345,1,0
D,G,D,9215,100,9215,1,0
D,H,D,1400,100,1400,1,0
A,E,E,1418,100,1418,1,0
B,E,E,4352,100,4352,1,0
C,E,E,9861,100,9861,1,0
D,E,E,9744,100,9744,1,0
E,F,E,3693,100,3693,1,0
E,G,E,9937,100,9937,1,0
E,H,E,9660,100,9660,1,0
A,F,F,3574,100,3574,1,0
B,F,F,1406,100,1406,1,0
C,F,F,7199,100,7199,1,0
D,F,F,6319,100,6319,1,0
E,F,F,3694,100,3694,1,0
F,G,F,7399,100,7399,1,0
F,H,F,6282,100,6282,1,0
A,G,G,9634,100,9634,1,0
B,G,G,7155,100,7155,1,0
C,G,G,1571,100,1571,1,0
D,G,G,9240,100,9240,1,0
E,G,G,9937,100,9937,1,0
F,G,G,7354,100,7354,1,0
G,H,G,9345,100,9345,1,0
A,H,H,9437,100,9437,1,0
B,H,H,6205,100,6205,1,0
C,H,H,9068,100,9068,1,0
D,H,H,1398,100,1398,1,0
E,H,H,9624,100,9624,1,0
F,H,H,6305,100,6305,1,0
G,H,H,9316,100,9316,1,0
A,B,A,3640,100,3640,1,0
A,C,A,9328,100,9328,1,0
A,D,A,9271,100,9271,1,0
A,E,A,1403,100,1403,1,0
A,F,A,3536,100,3536,1,0
A,G,A,9593,100,9593,1,0
A,H,A,9381,100,9381,1,0
A,B,B,3643,100,3643,1,0
B,C,B,6725,100,6725,1,0
B,D,B,5916,100,5916,1,0
B,E,B,4320,100,4320,1,0
B,F,B,1406,100,1406,1,0
B,G,B,7176,100,7176,1,0
B,H,B,6202,100,6202,1,0
A,C,C,9304,100,9304,1,0
B,C,C,6757,100,6757,1,0
C,D,C,8726,100,8726,1,0
C,E,C,9797,100,9797,1,0
C,F,C,7187,100,7187,1,0
C,G,C,1571,100,1571,1,0
C,H,C,9030,100,9030,1,0
A,D,D,9268,100,9268,1,0
B,D,D,5899,100,5899,1,0
C,D,D,8711,100,8711,1,0
D,E,D,9693,100,9693,1,0
D,F,D,6340,100,6340,1,0
D,G,D,9202,100,9202,1,0
D,H,D,1384,100,1384,1,0
A,E,E,1457,100,1457,1,0
B,E,E,4301,100,4301,1,0
C,E,E,9800,100,9800,1,0
D,E,E,9792,100,9792,1,0
E,F,E,3683,100,3683,1,0
E,G,E,9939,100,9939,1,0
E,H,E,9704,100,9704,1,0
A,F,F,3527,100,3527,1,0
B,F,F,1408,100,1408,1,0
C,F,F,7196,100,7196,1,0
D,F,F,6357,100,6357,1,0
E,F,F,3725,100,3725,1,0
F,G,F,7387,100,7387,1,0
F,H,F,6283,100,6283,1,0
A,G,G,9531,100,9531,1,0
B,G,G,7166,100,7166,1,0
C,G,G,1577,100,1577,1,0
D,G,G,9229,100,9229,1,0
E,G,G,9927,100,9927,1,0
F,G,G,7370,100,7370,1,0
G,H,G,9336,100,9336,1,0
A,H,H,9438,100,9438,1,0
B,H,H,6173,100,6173,1,0
C,H,H,9006,100,9006,1,0
D,H,H,1437,100,1437,1,0
E,H,H,9646,100,9646,1,0
F,H,H,6281,100,6281,1,0
G,H,H,9302,100,9302,1,0
A,B,A,3658,100,3658,1,0
A,C,A,9337,100,9337,1,0
A,D,A,9274,100,9274,1,0
A,E,A,1423,100,1423,1,0
A,F,A,3503,100,3503,1,0
A,G,A,9622,100,9622,1,0
A,H,A,9480,100,9480,1,0
A,B,B,3615,100,3615,1,0
B,C,B,6721,100,6721,1,0
B,D,B,5978,100,5978,1,0
B,E,B,4292,100,4292,1,0
B,F,B,1391,100,1391,1,0
B,G,B,7210,100,7210,1,0
B,H,B,6218,100,6218,1,0
A,C,C,9300,100,9300,1,0
B,C,C,6763,100,6763,1,0
C,D,C,8702,100,8702,1,0
C,E,C,9804,100,9804,1,0
C,F,C,7214,100,7214,1,0
C,G,C,1553,100,1553,1,0
C,H,C,9062,100,9062,1,0
A,D,D,9262,100,9262,1,0
B,D,D,5947,100,5947,1,0
C,D,D,8742,100,8742,1,0
D,E,D,9743,100,9743,1,0
D,F,D,6326,100,6326,1,0
D,G,D,9257,100,9257,1,0
D,H,D,1436,100,1436,1,0
A,E,E,1469,100,1469,1,0
B,E,E,4366,100,4366,1,0
C,E,E,9781,100,9781,1,0
D,E,E,9719,100,9719,1,0
E,F,E,3742,100,3742,1,0
E,G,E,9920,100,9920,1,0
E,H,E,9606,100,9606,1,0
A,F,F,3537,100,3537,1,0
B,F,F,1397,100,1397,1,0
C,F,F,7188,100,7188,1,0
D,F,F,6342,100,6342,1,0
E,F,F,3696,100,3696,1,0
F,G,F,7348,100,7348,1,0
F,H,F,6241,100,6241,1,0
A,G,G,9629,100,9629,1,0
B,G,G,7197,100,7197,1,0
C,G,G,1546,100,1546,1,0
D,G,G,9222,100,9222,1,0
E,G,G,9935,100,9935,1,0
F,G,G,7355,100,7355,1,0
G,H,G,9324,100,9324,1,0
A,H,H,9378,100,9378,1,0
B,H,H,6169,100,6169,1,0
C,H,H,9025,100,9025,1,0
D,H,H,1404,100,1404,1,0
E,H,H,9643,100,9643,1,0
F,H,H,6259,100,6259,1,0
G,H,H,9296,100,9296,1,0
A,B,A,3631,100,3631,1,0
A,C,A,9337,100,9337,1,0
A,D,A,9260,100,9260,1,0
A,E,A,1431,100,1431,1,0
A,F,A,3521,100,3521,1,0
A,G,A,9644,100,9644,1,0
A,H,A,9383,100,9383,1,0
A,B,B,3668,100,3668,1,0
B,C,B,6761,100,6761,1,0
B,D,B,5994,100,5994,1,0
B,E,B,4310,100,4310,1,0
B,F,B,1405,100,1405,1,0
B,G,B,7185,100,7185,1,0
B,H,B,6193,100,6193,1,0
A,C,C,9245,100,9245,1,0
B,C,C,6699,100,6699,1,0
C,D,C,8753,100,8753,1,0
C,E,C,9832,100,9832,1,0
C,F,C,7219,100,7219,1,0
C,G,C,1604,100,1604,1,0
C,H,C,9057,100,9057,1,0
A,D,D,9245,100,9245,1,0
B,D,D,5940,100,5940,1,0
C,D,D,8748,100,8748,1,0
D,E,D,9696,100,9696,1,0
D,F,D,6321,100,6321,1,0
D,G,D,9225,100,9225,1,0
D,H,D,1438,100,1438,1,0
A,E,E,1446,100,1446,1,0
B,E,E,4308,100,4308,1,0
C,E,E,9850,100,9850,1,0
D,E,E,9726,100,9726,1,0
E,F,E,3687,100,3687,1,0
E,G,E,9923,100,9923,1,0
E,H,E,9623,100,9623,1,0
A,F,F,3506,100,3506,1,0
B,F,F,1410,100,1410,1,0
C,F,F,7207,100,7207,1,0
D,F,F,6350,100,6350,1,0
E,F,F,3680,100,3680,1,0
F,G,F,7349,100,7349,1,0
F,H,F,6279,100,6279,1,0
A,G,G,9579,100,9579,1,0
B,G,G,7176,100,7176,1,0
C,G,G,1544,100,1544,1,0
D,G,G,9246,100,9246,1,0
E,G,G,9941,100,9941,1,0
F,G,G,7361,100,7361,1,0
G,H,G,9320,100,9320,1,0
A,H,H,9397,100,9397,1,0
B,H,H,6186,100,6186,1,0
C,H,H,9033,100,9033,1,0
D,H,H,1407,100,1407,1,0
E,H,H,9632,100,9632,1,0
F,H,H,6277,100,6277,1,0
G,H,H,9339,100,9339,1,0
A,B,A,3661,100,3661,1,0
A,C,A,9274,100,9274,1,0
A,D,A,9274,100,9274,1,0
A,E,A,1414,100,1414,1,0
A,F,A,3476,100,3476,1,0
A,G,A,9557,100,9557,1,0
A,H,A,9381,100,9381,1,0
A,B,B,3631,100,3631,1,0
B,C,B,6726,100,6726,1,0
B,D,B,5995,100,5995,1,0
B,E,B,4333,100,4333,1,0
B,F,B,1403,100,1403,1,0
B,G,B,7182,100,7182,1,0
B,H,B,6177,100,6177,1,0
A,C,C,9252,100,9252,1,0
B,C,C,6726,100,6726,1,0
C,D,C,8740,100,8740,1,0
C,E,C,9800,100,9800,1,0
C,F,C,7200,100,7200,1,0
C,G,C,1551,100,1551,1,0
C,H,C,9072,100,9072,1,0
A,D,D,9262,100,9262,1,0
B,D,D,6016,100,6016,1,0
C,D,D,8737,100,8737,1,0
D,E,D,9754,100,9754,1,0
D,F,D,6378,100,6378,1,0
D,G,D,9253,100,9253,1,0
D,H,D,1437,100,1437,1,0
A,E,E,1474,100,1474,1,0
B,E,E,4280,100,4280,1,0
C,E,E,9817,100,9817,1,0
D,E,E,9705,100,9705,1,0
E,F,E,3707,100,3707,1,0
E,G,E,9917,100,9917,1,0
E,H,E,9665,100,9665,1,0
A,F,F,3506,100,3506,1,0
B,F,F,1410,100,1410,1,0
C,F,F,7204,100,7204,1,0
D,F,F,6384,100,6384,1,0
E,F,F,3686,100,3686,1,0
F,G,F,7363,100,7363,1,0
F,H,F,6220,100,6220,1,0
A,G,G,9605,100,9605,1,0
B,G,G,7190,100,7190,1,0
C,G,G,1561,100,1561,1,0
D,G,G,9220,100,9220,1,0
E,G,G,9943,100,9943,1,0
F,G,G,7356,100,7356,1,0
G,H,G,9336,100,9336,1,0
A,H,H,9395,100,9395,1,0
B,H,H,6192,100,6192,1,0
C,H,H,9049,100,9049,1,0
D,H,H,1377,100,1377,1,0
E,H,H,9679,100,9679,1,0
F,H,H,6272,100,6272,1,0
G,H,H,9306,100,9306,1,0
A,B,A,3639,100,3639,1,0
A,C,A,9297,100,9297,1,0
A,D,A,9270,100,9270,1,0
A,E,A,1437,100,1437,1,0
A,F,A,3484,100,3484,1,0
A,G,A,9609,100,9609,1,0
A,H,A,9405,100,9405,1,0
A,B,B,3662,100,3662,1,0
B,C,B,6736,100,6736,1,0
B,D,B,5963,100,5963,1,0
B,E,B,4273,100,4273,1,0
B,F,B,1391,100,1391,1,0
B,G,B,7193,100,7193,1,0
B,H,B,6195,100,6195,1,0
A,C,C,9329,100,9329,1,0
B,C,C,6728,100,6728,1,0
C,D,C,8672,100,8672,1,0
C,E,C,9841,100,9841,1,0
C,F,C,7225,100,7225,1,0
C,G,C,1594,100,1594,1,0
C,H,C,9039,100,9039,1,0
A,D,D,9246,100,9246,1,0
B,D,D,5997,100,5997,1,0
C,D,D,8720,100,8720,1,0
D,E,D,9727,100,9727,1,0
D,F,D,6338,100,6338,1,0
D,G,D,9206,100,9206,1,0
D,H,D,1369,100,1369,1,0
A,E,E,1381,100,1381,1,0
B,E,E,4268,100,4268,1,0
C,E,E,9868,100,9868,1,0
D,E,E,9735,100,9735,1,0
E,F,E,3705,100,3705,1,0
E,G,E,9938,100,9938,1,0
E,H,E,9676,100,9676,1,0
A,F,F,3542,100,3542,1,0
B,F,F,1372,100,1372,1,0
C,F,F,7197,100,7197,1,0
D,F,F,6355,100,6355,1,0
E,F,F,3687,100,3687,1,0
F,G,F,7357,100,7357,1,0
F,H,F,6227,100,6227,1,0
A,G,G,9627,100,9627,1,0
B,G,G,7166,100,7166,1,0
C,G,G,1586,100,1586,1,0
D,G,G,9223,100,9223,1,0
E,G,G,9931,100,9931,1,0
F,G,G,7379,100,7379,1,0
G,H,G,9336,100,9336,1,0
A,H,H,9405,100,9405,1,0
B,H,H,6184,100,6184,1,0
C,H,H,9041,100,9041,1,0
D,H,H,1398,100,1398,1,0
E,H,H,9630,100,9630,1,0
F,H,H,6266,100,6266,1,0
G,H,H,9273,100,9273,1,0
A,B,A,3639,100,3639,1,0
A,C,A,9318,100,9318,1,0
A,D,A,9287,100,9287,1,0
A,E,A,1441,100,1441,1,0
A,F,A,3525,100,3525,1,0
A,G,A,9596,100,9596,1,0
A,H,A,9426,100,9426,1,0
A,B,B,3686,100,3686,1,0
B,C,B,6733,100,6733,1,0
B,D,B,5955,100,5955,1,0
B,E,B,4305,100,4305,1,0
B,F,B,1393,100,1393,1,0
B,G,B,7222,100,7222,1,0
B,H,B,6203,100,6203,1,0
A,C,C,9300,100,9300,1,0
B,C,C,6780,100,6780,1,0
C,D,C,8721,100,8721,1,0
C,E,C,9820,100,9820,1,0
C,F,C,7172,100,7172,1,0
C,G,C,1579,100,1579,1,0
C,H,C,9020,100,9020,1,0
A,D,D,9252,100,9252,1,0
B,D,D,6008,100,6008,1,0
C,D,D,8725,100,8725,1,0
D,E,D,9753,100,9753,1,0
D,F,D,6356,100,6356,1,0
D,G,D,9210,100,9210,1,0
D,H,D,1429,100,1429,1,0
A,E,E,1461,100,1461,1,0
B,E,E,4310,100,4310,1,0
C,E,E,9826,100,9826,1,0
D,E,E,9656,100,9656,1,0
E,F,E,3685,100,3685,1,0
E,G,E,9912,100,9912,1,0
E,H,E,9627,100,9627,1,0
A,F,F,3526,100,3526,1,0
B,F,F,1393,100,1393,1,0
C,F,F,7193,100,7193,1,0
D,F,F,6350,100,6350,1,0
E,F,F,3746,100,3746,1,0
F,G,F,7368,100,7368,1,0
F,H,F,6260,100,6260,1,0
A,G,G,9630,100,9630,1,0
B,G,G,7180,100,7180,1,0
C,G,G,1584,100,1584,1,0
D,G,G,9246,100,9246,1,0
E,G,G,9932,100,9932,1,0
F,G,G,7348,100,7348,1,0
G,H,G,9343,100,9343,1,0
A,H,H,9410,100,9410,1,0
B,H,H,6202,100,6202,1,0
C,H,H,9046,100,9046,1,0
D,H,H,1394,100,1394,1,0
E,H,H,9631,100,9631,1,0
F,H,H,6282,100,6282,1,0
G,H,H,9310,100,9310,1,0
A,B,A,3669,100,3669,1,0
A,C,A,9294,100,9294,1,0
A,D,A,9271,100,9271,1,0
A,E,A,1434,100,1434,1,0
A,F,A,3518,100,3518,1,0
A,G,A,9610,100,9610,1,0
A,H,A,9457,100,9457,1,0
A,B,B,3679,100,3679,1,0
B,C,B,6769,100,6769,1,0
B,D,B,5954,100,5954,1,0
B,E,B,4306,100,4306,1,0
B,F,B,1406,100,1406,1,0
B,G,B,7192,100,7192,1,0
B,H,B,6153,100,6153,1,0
A,C,C,9336,100,9336,1,0
B,C,C,6758,100,6758,1,0
C,D,C,8710,100,8710,1,0
C,E,C,9826,100,9826,1,0
C,F,C,7210,100,7210,1,0
C,G,C,1558,100,1558,1,0
C,H,C,9077,100,9077,1,0
A,D,D,9226,100,9226,1,0
B,D,D,5983,100,5983,1,0
C,D,D,8705,100,8705,1,0
D,E,D,9763,100,9763,1,0
D,F,D,6332,100,6332,1,0
D,G,D,9248,100,9248,1,0
D,H,D,1412,100,1412,1,0
A,E,E,1462,100,1462,1,0
B,E,E,4303,100,4303,1,0
C,E,E,9840,100,9840,1,0
D,E,E,9754,100,9754,1,0
E,F,E,3696,100,3696,1,0
E,G,E,9900,100,9900,1,0
E,H,E,9688,100,9688,1,0
A,F,F,3495,100,3495,1,0
B,F,F,1422,100,1422,1,0
C,F,F,7211,100,7211,1,0
D,F,F,6349,100,6349,1,0
E,F,F,3696,100,3696,1,0
F,G,F,7350,100,7350,1,0
F,H,F,6241,100,6241,1,0
A,G,G,9531,100,9531,1,0
B,G,G,7167,100,7167,1,0
C,G,G,1582,100,1582,1,0
D,G,G,9210,100,9210,1,0
E,G,G,9945,100,9945,1,0
F,G,G,7363,100,7363,1,0
G,H,G,9325,100,9325,1,0
A,H,H,9361,100,9361,1,0
B,H,H,6179,100,6179,1,0
C,H,H,9041,100,9041,1,0
D,H,H,1406,100,1406,1,0
E,H,H,9653,100,9653,1,0
F,H,H,6292,100,6292,1,0
G,H,H,9340,100,9340,1,0
A,B,A,3611,100,3611,1,0
A,C,A,9298,100,9298,1,0
A,D,A,9269,100,9269,1,0
A,E,A,1437,100,1437,1,0
A,F,A,3546,100,3546,1,0
A,G,A,9638,100,9638,1,0
A,H,A,9381,100,9381,1,0
A,B,B,3617,100,3617,1,0
B,C,B,6737,100,6737,1,0
B,D,B,5976,100,5976,1,0
B,E,B,4327,100,4327,1,0
B,F,B,1391,100,1391,1,0
B,G,B,7199,100,7199,1,0
B,H,B,6173,100,6173,1,0
A,C,C,9277,100,9277,1,0
B,C,C,6775,100,6775,1,0
C,D,C,8704,100,8704,1,0
C,E,C,9803,100,9803,1,0
C,F,C,7232,100,7232,1,0
C,G,C,1566,100,1566,1,0
C,H,C,9024,100,9024,1,0
A,D,D,9275,100,9275,1,0
B,D,D,5948,100,5948,1,0
C,D,D,8728,100,8728,1,0
D,E,D,9756,100,9756,1,0
D,F,D,6368,100,6368,1,0
D,G,D,9222,100,9222,1,0
D,H,D,1401,100,1401,1,0
A,E,E,1432,100,1432,1,0
B,E,E,4315,100,4315,1,0
C,E,E,9859,100,9859,1,0
D,E,E,9741,100,9741,1,0
E,F,E,3739,100,3739,1,0
E,G,E,9924,100,9924,1,0
E,H,E,9642,100,9642,1,0
A,F,F,3533,100,3533,1,0
B,F,F,1356,100,1356,1,0
C,F,F,7192,100,7192,1,0
D,F,F,6372,100,6372,1,0
E,F,F,3711,100,3711,1,0
F,G,F,7372,100,7372,1,0
F,H,F,6278,100,6278,1,0
A,G,G,9596,100,9596,1,0
B,G,G,7193,100,7193,1,0
C,G,G,1534,100,1534,1,0
D,G,G,9273,100,9273,1,0
E,G,G,9914,100,9914,1,0
F,G,G,7362,100,7362,1,0
G,H,G,9301,100,9301,1,0
A,H,H,9436,100,9436,1,0
B,H,H,6171,100,6171,1,0
C,H,H,9055,100,9055,1,0
D,H,H,1445,100,1445,1,0
E,H,H,9613,100,9613,1,0
F,H,H,6265,100,6265,1,0
G,H,H,9320,100,9320,1,0
A,B,A,3689,100,3689,1,0
A,C,A,9339,100,9339,1,0
A,D,A,9291,100,9291,1,0
A,E,A,1453,100,1453,1,0
A,F,A,3492,100,3492,1,0
A,G,A,9628,100,9628,1,0
A,H,A,9371,100,9371,1,0
A,B,B,3657,100,3657,1,0
B,C,B,6708,100,6708,1,0
B,D,B,5939,100,5939,1,0
B,E,B,4285,100,4285,1,0
B,F,B,1354,100,1354,1,0
B,G,B,7230,100,7230,1,0
B,H,B,6215,100,6215,1,0
A,C,C,9340,100,9340,1,0
B,C,C,6736,100,6736,1,0
C,D,C,8715,100,8715,1,0
C,E,C,9801,100,9801,1,0
C,F,C,7192,100,7192,1,0
C,G,C,1589,100,1589,1,0
C,H,C,9002,100,9002,1,0
A,D,D,9296,100,9296,1,0
B,D,D,5911,100,5911,1,0
C,D,D,8675,100,8675,1,0
D,E,D,9716,100,9716,1,0
D,F,D,6366,100,6366,1,0
D,G,D,9234,100,9234,1,0
D,H,D,1444,100,1444,1,0
A,E,E,1508,100,1508,1,0
B,E,E,4258,100,4258,1,0
C,E,E,9831,100,9831,1,0
D,E,E,9740,100,9740,1,0
E,F,E,3697,100,3697,1,0
E,G,E,9889,100,9889,1,0
E,H,E,9671,100,9671,1,0
A,F,F,3559,100,3559,1,0
B,F,F,1417,100,1417,1,0
C,F,F,7183,100,7183,1,0
D,F,F,6318,100,6318,1,0
E,F,F,3685,100,3685,1,0
F,G,F,7364,100,7364,1,0
F,H,F,6322,100,6322,1,0
A,G,G,9603,100,9603,1,0
B,G,G,7178,100,7178,1,0
C,G,G,1564,100,1564,1,0
D,G,G,9259,100,9259,1,0
E,G,G,9907,100,9907,1,0
F,G,G,7337,100,7337,1,0
G,H,G,9303,100,9303,1,0
A,H,H,9430,100,9430,1,0
B,H,H,6195,100,6195,1,0
C,H,H,9075,100,9075,1,0
D,H,H,1446,100,1446,1,0
E,H,H,9618,100,9618,1,0
F,H,H,6258,100,6258,1,0
G,H,H,9332,100,9332,1,0
A,B,A,3622,100,3622,1,0
A,C,A,9346,100,9346,1,0
A,D,A,9276,100,9276,1,0
A,E,A,1463,100,1463,1,0
A,F,A,3522,100,3522,1,0
A,G,A,9639,100,9639,1,0
A,H,A,9392,100,9392,1,0
A,B,B,3659,100,3659,1,0
B,C,B,6769,100,6769,1,0
B,D,B,5987,100,5987,1,0
B,E,B,4275,100,4275,1,0
B,F,B,1440,100,1440,1,0
B,G,B,7201,100,7201,1,0
B,H,B,6187,100,6187,1,0
A,C,C,9327,100,9327,1,0
B,C,C,6725,100,6725,1,0
C,D,C,8714,100,8714,1,0
C,E,C,9843,100,9843,1,0
C,F,C,7235,100,7235,1,0
C,G,C,1616,100,1616,1,0
C,H,C,9055,100,9055,1,0
A,D,D,9257,100,9257,1,0
B,D,D,5964,100,5964,1,0
C,D,D,8708,100,8708,1,0
D,E,D,9750,100,9750,1,0
D,F,D,6347,100,6347,1,0
D,G,D,9230,100,9230,1,0
D,H,D,1414,100,1414,1,0
A,E,E,1413,100,1413,1,0
B,E,E,4307,100,4307,1,0
C,E,E,9800,100,9800,1,0
D,E,E,9722,100,9722,1,0
E,F,E,3704,100,3704,1,0
E,G,E,9892,100,9892,1,0
E,H,E,9673,100,9673,1,0
A,F,F,3530,100,3530,1,0
B,F,F,1393,100,1393,1,0
C,F,F,7205,100,7205,1,0
D,F,F,6339,100,6339,1,0
E,F,F,3680,100,3680,1,0
F,G,F,7369,100,7369,1,0
F,H,F,6283,100,6283,1,0
A,G,G,9557,100,9557,1,0
B,G,G,7237,100,7237,1,0
C,G,G,1562,100,1562,1,0
D,G,G,9232,100,9232,1,0
E,G,G,9918,100,9918,1,0
F,G,G,7350,100,7350,1,0
G,H,G,9313,100,9313,1,0
A,H,H,9373,100,9373,1,0
B,H,H,6185,100,6185,1,0
C,H,H,9006,100,9006,1,0
D,H,H,1403,100,1403,1,0
E,H,H,9643,100,9643,1,0
F,H,H,6283,100,6283,1,0
G,H,H,9315,100,9315,1,0
A,B,A,3642,100,3642,1,0
A,C,A,9318,100,9318,1,0
A,D,A,9273,100,9273,1,0
A,E,A,1438,100,1438,1,0
A,F,A,3522,100,3522,1,0
A,G,A,9565,100,9565,1,0
A,H,A,9409,100,9409,1,0
A,B,B,3661,100,3661,1,0
B,C,B,6748,100,6748,1,0
B,D,B,5960,100,5960,1,0
B,E,B,4299,100,4299,1,0
B,F,B,1376,100,1376,1,0
B,G,B,7236,100,7236,1,0
B,H,B,6169,100,6169,1,0
A,C,C,9302,100,9302,1,0
B,C,C,6719,100,6719,1,0
C,D,C,8713,100,8713,1,0
C,E,C,9803,100,9803,1,0
C,F,C,7190,100,7190,1,0
C,G,C,1565,100,1565,1,0
C,H,C,9049,100,9049,1,0
A,D,D,9238,100,9238,1,0
B,D,D,5977,100,5977,1,0
C,D,D,8719,100,8719,1,0
D,E,D,9685,100,9685,1,0
D,F,D,6373,100,6373,1,0
D,G,D,9262,100,9262,1,0
D,H,D,1424,100,1424,1,0
A,E,E,1400,100,1400,1,0
B,E,E,4267,100,4267,1,0
C,E,E,9854,100,9854,1,0
D,E,E,9682,100,9682,1,0
E,F,E,3707,100,3707,1,0
E,G,E,9929,100,9929,1,0
E,H,E,9674,100,9674,1,0
A,F,F,3525,100,3525,1,0
B,F,F,1372,100,1372,1,0
C,F,F,7200,100,7200,1,0
D,F,F,6395,100,6395,1,0
E,F,F,3731,100,3731,1,0
F,G,F,7366,100,7366,1,0
F,H,F,6306,100,6306,1,0
A,G,G,9573,100,9573,1,0
B,G,G,7176,100,7176,1,0
C,G,G,1619,100,1619,1,0
D,G,G,9221,100,9221,1,0
E,G,G,9887,100,9887,1,0
F,G,G,7350,100,7350,1,0
G,H,G,9325,100,9325,1,0
A,H,H,9388,100,9388,1,0
B,H,H,6182,100,6182,1,0
C,H,H,9073,100,9073,1,0
D,H,H,1402,100,1402,1,0
E,H,H,9667,100,9667,1,0
F,H,H,6265,100,6265,1,0
G,H,H,9356,100,9356,1,0
A,B,A,3627,100,3627,1,0
A,C,A,9264,100,9264,1,0
A,D,A,9289,100,9289,1,0
A,E,A,1456,100,1456,1,0
A,F,A,3526,100,3526,1,0
A,G,A,9589,100,9589,1,0
A,H,A,9453,100,9453,1,0
A,B,B,3669,100,3669,1,0
B,C,B,6750,100,6750,1,0
B,D,B,5974,100,5974,1,0
B,E,B,4295,100,4295,1,0
B,F,B,1393,100,1393,1,0
B,G,B,7186,100,7186,1,0
B,H,B,6223,100,6223,1,0
A,C,C,9285,100,9285,1,0
B,C,C,6760,100,6760,1,0
C,D,C,8738,100,8738,1,0
C,E,C,9816,100,9816,1,0
C,F,C,7220,100,7220,1,0
C,G,C,1615,100,1615,1,0
C,H,C,9002,100,9002,1,0
A,D,D,9252,100,9252,1,0
B,D,D,5937,100,5937,1,0
C,D,D,8706,100,8706,1,0
D,E,D,9700,100,9700,1,0
D,F,D,6345,100,6345,1,0
D,G,D,9224,100,9224,1,0
D,H,D,1397,100,1397,1,0
A,E,E,1444,100,1444,1,0
B,E,E,4330,100,4330,1,0
C,E,E,9828,100,9828,1,0
D,E,E,9683,100,9683,1,0
E,F,E,3679,100,3679,1,0
E,G,E,9940,100,9940,1,0
E,H,E,9664,100,9664,1,0
A,F,F,3513,100,3513,1,0
B,F,F,1420,100,1420,1,0
C,F,F,7193,100,7193,1,0
D,F,F,6336,100,6336,1,0
E,F,F,3665,100,3665,1,0
F,G,F,7369,100,7369,1,0
F,H,F,6235,100,6235,1,0
A,G,G,9620,100,9620,1,0
B,G,G,7157,100,7157,1,0
C,G,G,1559,100,1559,1,0
D,G,G,9214,100,9214,1,0
E,G,G,9881,100,9881,1,0
F,G,G,7355,100,7355,1,0
G,H,G,9326,100,9326,1,0
A,H,H,9426,100,9426,1,0
B,H,H,6203,100,6203,1,0
C,H,H,9013,100,9013,1,0
D,H,H,1408,100,1408,1,0
E,H,H,9648,100,9648,1,0
F,H,H,6254,100,6254,1,0
G,H,H,9339,100,9339,1,0
A,B,A,3645,100,3645,1,0
A,C,A,9292,100,9292,1,0
A,D,A,9291,100,9291,1,0
A,E,A,1403,100,1403,1,0
A,F,A,3523,100,3523,1,0
A,G,A,9595,100,9595,1,0
A,H,A,9402,100,9402,1,0
A,B,B,3676,100,3676,1,0
B,C,B,6730,100,6730,1,0
B,D,B,5979,100,5979,1,0
B,E,B,4305,100,4305,1,0
B,F,B,1411,100,1411,1,0
B,G,B,7204,100,7204,1,0
B,H,B,6188,100,6188,1,0
A,C,C,9248,100,9248,1,0
B,C,C,6712,100,6712,1,0
C,D,C,8701,100,8701,1,0
C,E,C,9837,100,9837,1,0
C,F,C,7206,100,7206,1,0
C,G,C,1600,100,1600,1,0
C,H,C,9027,100,9027,1,0
A,D,D,9251,100,9251,1,0
B,D,D,5975,100,5975,1,0
C,D,D,8746,100,8746,1,0
D,E,D,9675,100,9675,1,0
D,F,D,6337,100,6337,1,0
D,G,D,9256,100,9256,1,0
D,H,D,1412,100,1412,1,0
A,E,E,1428,100,1428,1,0
B,E,E,4311,100,4311,1,0
C,E,E,9820,100,9820,1,0
D,E,E,9719,100,9719,1,0
E,F,E,3721,100,3721,1,0
E,G,E,9923,100,9923,1,0
E,H,E,9619,100,9619,1,0
A,F,F,3553,100,3553,1,0
B,F,F,1396,100,1396,1,0
C,F,F,7222,100,7222,1,0
D,F,F,6346,100,6346,1,0
E,F,F,3700,100,3700,1,0
F,G,F,7387,100,7387,1,0
F,H,F,6288,100,6288,1,0
A,G,G,9607,100,9607,1,0
B,G,G,7230,100,7230,1,0
C,G,G,1571,100,1571,1,0
D,G,G,9238,100,9238,1,0
E,G,G,9926,100,9926,1,0
F,G,G,7368,100,7368,1,0
G,H,G,9328,100,9328,1,0
A,H,H,9382,100,9382,1,0
B,H,H,6192,100,6192,1,0
C,H,H,9024,100,9024,1,0
D,H,H,1380,100,1380,1,0
E,H,H,9665,100,9665,1,0
F,H,H,6281,100,6281,1,0
G,H,H,9329,100,9329,1,0
A,B,A,3669,100,3669,1,0
A,C,A,9265,100,9265,1,0
A,D,A,9251,100,9251,1,0
A,E,A,1428,100,1428,1,0
A,F,A,3563,100,3563,1,0
A,G,A,9638,100,9638,1,0
A,H,A,9373,100,9373,1,0
A,B,B,3642,100,3642,1,0
B,C,B,6726,100,6726,1,0
B,D,B,5966,100,5966,1,0
B,E,B,4270,100,4270,1,0
B,F,B,1372,100,1372,1,0
B,G,B,7140,100,7140,1,0
B,H,B,6183,100,6183,1,0
A,C,C,9312,100,9312,1,0
B,C,C,6740,100,6740,1,0
C,D,C,8715,100,8715,1,0
C,E,C,9806,100,9806,1,0
C,F,C,7241,100,7241,1,0
C,G,C,1545,100,1545,1,0
C,H,C,9065,100,9065,1,0
A,D,D,9254,100,9254,1,0
B,D,D,5951,100,5951,1,0
C,D,D,8732,100,8732,1,0
D,E,D,9736,100,9736,1,0
D,F,D,6347,100,6347,1,0
D,G,D,9206,100,9206,1,0
D,H,D,1424,100,1424,1,0
A,E,E,1508,100,1508,1,0
B,E,E,4297,100,4297,1,0
C,E,E,9852,100,9852,1,0
D,E,E,9734,100,9734,1,0
E,F,E,3691,100,3691,1,0
E,G,E,9911,100,9911,1,0
E,H,E,9606,100,9606,1,0
A,F,F,3547,100,3547,1,0
B,F,F,1374,100,1374,1,0
C,F,F,7208,100,7208,1,0
D,F,F,6370,100,6370,1,0
E,F,F,3681,100,3681,1,0
F,G,F,7362,100,7362,1,0
F,H,F,6298,100,6298,1,0
A,G,G,9658,100,9658,1,0
B,G,G,7165,100,7165,1,0
C,G,G,1599,100,1599,1,0
D,G,G,9240,100,9240,1,0
E,G,G,9895,100,9895,1,0
F,G,G,7357,100,7357,1,0
G,H,G,9320,100,9320,1,0
A,H,H,9410,100,9410,1,0
B,H,H,6186,100,6186,1,0
C,H,H,9084,100,9084,1,0
D,H,H,1400,100,1400,1,0
E,H,H,9665,100,9665,1,0
F,H,H,6251,100,6251,1,0
G,H,H,9330,100,9330,1,0
A,B,A,3641,100,3641,1,0
A,C,A,9300,100,9300,1,0
A,D,A,9288,100,9288,1,0
A,E,A,1414,100,1414,1,0
A,F,A,3524,100,3524,1,0
A,G,A,9604,100,9604,1,0
A,H,A,9393,100,9393,1,0
A,B,B,3613,100,3613,1,0
B,C,B,6758,100,6758,1,0
B,D,B,5967,100,5967,1,0
B,E,B,4321,100,4321,1,0
B,F,B,1389,100,1389,1,0
B,G,B,7157,100,7157,1,0
B,H,B,6200,100,6200,1,0
A,C,C,9262,100,9262,1,0
B,C,C,6760,100,6760,1,0
C,D,C,8743,100,8743,1,0
C,E,C,9837,100,9837,1,0
C,F,C,7193,100,7193,1,0
C,G,C,1579,100,1579,1,0
C,H,C,9022,100,9022,1,0
A,D,D,9256,100,9256,1,0
B,D,D,5973,100,5973,1,0
C,D,D,8717,100,8717,1,0
D,E,D,9754,100,9754,1,0
D,F,D,6344,100,6344,1,0
D,G,D,9231,100,9231,1,0
D,H,D,1455,100,1455,1,0
A,E,E,1467,100,1467,1,0
B,E,E,4311,100,4311,1,0
C,E,E,9824,100,9824,1,0
D,E,E,9799,100,9799,1,0
E,F,E,3691,100,3691,1,0
E,G,E,9943,100,9943,1,0
E,H,E,9628,100,9628,1,0
A,F,F,3532,100,3532,1,0
B,F,F,1422,100,1422,1,0
C,F,F,7204,100,7204,1,0
D,F,F,6330,100,6330,1,0
E,F,F,3703,100,3703,1,0
F,G,F,7348,100,7348,1,0
F,H,F,6266,100,6266,1,0
A,G,G,9631,100,9631,1,0
B,G,G,7216,100,7216,1,0
C,G,G,1589,100,1589,1,0
D,G,G,9231,100,9231,1,0
E,G,G,9881,100,9881,1,0
F,G,G,7367,100,7367,1,0
G,H,G,9364,100,9364,1,0
A,H,H,9390,100,9390,1,0
B,H,H,6246,100,6246,1,0
C,H,H,9025,100,9025,1,0
D,H,H,1428,100,1428,1,0
E,H,H,9653,100,9653,1,0
F,H,H,6289,100,6289,1,0
G,H,H,9310,100,9310,1,0
A,B,A,3636,100,3636,1,0
A,C,A,9279,100,9279,1,0
A,D,A,9241,100,9241,1,0
A,E,A,1421,100,1421,1,0
A,F,A,3524,100,3524,1,0
A,G,A,9607,100,9607,1,0
A,H,A,9419,100,9419,1,0
A,B,B,3638,100,3638,1,0
B,C,B,6779,100,6779,1,0
B,D,B,5981,100,5981,1,0
B,E,B,4309,100,4309,1,0
B,F,B,1417,100,1417,1,0
B,G,B,7206,100,7206,1,0
B,H,B,6217,100,6217,1,0
A,C,C,9344,100,9344,1,0
B,C,C,6737,100,6737,1,0
C,D,C,8750,100,8750,1,0
C,E,C,9807,100,9807,1,0
C,F,C,7234,100,7234,1,0
C,G,C,1635,100,1635,1,0
C,H,C,9080,100,9080,1,0
A,D,D,9273,100,9273,1,0
B,D,D,5980,100,5980,1,0
C,D,D,8675,100,8675,1,0
D,E,D,9703,100,9703,1,0
D,F,D,6354,100,6354,1,0
D,G,D,9241,100,9241,1,0
D,H,D,1420,100,1420,1,0
A,E,E,1412,100,1412,1,0
B,E,E,4313,100,4313,1,0
C,E,E,9885,100,9885,1,0
D,E,E,9635,100,9635,1,0
E,F,E,3665,100,3665,1,0
E,G,E,9924,100,9924,1,0
E,H,E,9651,100,9651,1,0
A,F,F,3533,100,3533,1,0
B,F,F,1411,100,1411,1,0
C,F,F,7200,100,7200,1,0
D,F,F,6345,100,6345,1,0
E,F,F,3698,100,3698,1,0
F,G,F,7379,100,7379,1,0
F,H,F,6229,100,6229,1,0
A,G,G,9610,100,9610,1,0
B,G,G,7200,100,7200,1,0
C,G,G,1572,100,1572,1,0
D,G,G,9215,100,9215,1,0
E,G,G,9922,100,9922,1,0
F,G,G,7349,100,7349,1,0
G,H,G,9281,100,9281,1,0
A,H,H,9394,100,9394,1,0
B,H,H,6198,100,6198,1,0
C,H,H,9057,100,9057,1,0
D,H,H,1439,100,1439,1,0
E,H,H,9661,100,9661,1,0
F,H,H,6294,100,6294,1,0
G,H,H,9333,100,9333,1,0
A,B,A,3649,100,3649,1,0
A,C,A,9323,100,9323,1,0
A,D,A,9262,100,9262,1,0
A,E,A,1404,100,1404,1,0
A,F,A,3552,100,3552,1,0
A,G,A,9606,100,9606,1,0
A,H,A,9397,100,9397,1,0
A,B,B,3663,100,3663,1,0
B,C,B,6707,100,6707,1,0
B,D,B,5935,100,5935,1,0
B,E,B,4299,100,4299,1,0
B,F,B,1396,100,1396,1,0
B,G,B,7176,100,7176,1,0
B,H,B,6193,100,6193,1,0
A,C,C,9339,100,9339,1,0
B,C,C,6713,100,6713,1,0
C,D,C,8735,100,8735,1,0
C,E,C,9815,100,9815,1,0
C,F,C,7200,100,7200,1,0
C,G,C,1605,100,1605,1,0
C,H,C,9065,100,9065,1,0
A,D,D,9280,100,9280,1,0
B,D,D,5957,100,5957,1,0
C,D,D,8737,100,8737,1,0
D,E,D,9689,100,9689,1,0
D,F,D,6365,100,6365,1,0
D,G,D,9230,100,9230,1,0
D,H,D,1487,100,1487,1,0
A,E,E,1462,100,1462,1,0
B,E,E,4305,100,4305,1,0
C,E,E,9844,100,9844,1,0
D,E,E,9780,100,9780,1,0
E,F,E,3676,100,3676,1,0
E,G,E,9919,100,9919,1,0
E,H,E,9686,100,9686,1,0
A,F,F,3471,100,3471,1,0
B,F,F,1385,100,1385,1,0
C,F,F,7222,100,7222,1,0
D,F,F,6384,100,6384,1,0
E,F,F,3705,100,3705,1,0
F,G,F,7344,100,7344,1,0
F,H,F,6286,100,6286,1,0
A,G,G,9610,100,9610,1,0
B,G,G,7189,100,7189,1,0
C,G,G,1542,100,1542,1,0
D,G,G,9214,100,9214,1,0
E,G,G,9892,100,9892,1,0
F,G,G,7374,100,7374,1,0
G,H,G,9304,100,9304,1,0
A,H,H,9417,100,9417,1,0
B,H,H,6141,100,6141,1,0
C,H,H,9060,100,9060,1,0
D,H,H,1394,100,1394,1,0
E,H,H,9609,100,9609,1,0
F,H,H,6290,100,6290,1,0
G,H,H,9316,100,9316,1,0
A,B,A,3665,100,3665,1,0
A,C,A,9281,100,9281,1,0
A,D,A,9246,100,9246,1,0
A,E,A,1446,100,1446,1,0
A,F,A,3523,100,3523,1,0
A,G,A,9639,100,9639,1,0
A,H,A,9433,100,9433,1,0
A,B,B,3644,100,3644,1,0
B,C,B,6739,100,6739,1,0
B,D,B,5990,100,5990,1,0
B,E,B,4298,100,4298,1,0
B,F,B,1414,100,1414,1,0
B,G,B,7230,100,7230,1,0
B,H,B,6226,100,6226,1,0
A,C,C,9342,100,9342,1,0
B,C,C,6720,100,6720,1,0
C,D,C,8723,100,8723,1,0
C,E,C,9849,100,9849,1,0
C,F,C,7184,100,7184,1,0
C,G,C,1586,100,1586,1,0
C,H,C,9050,100,9050,1,0
A,D,D,9273,100,9273,1,0
B,D,D,6004,100,6004,1,0
C,D,D,8760,100,8760,1,0
D,E,D,9704,100,9704,1,0
D,F,D,6311,100,6311,1,0
D,G,D,9247,100,9247,1,0
D,H,D,1441,100,1441,1,0
A,E,E,1392,100,1392,1,0
B,E,E,4328,100,4328,1,0
C,E,E,9822,100,9822,1,0
D,E,E,9675,100,9675,1,0
E,F,E,3688,100,3688,1,0
E,G,E,9922,100,9922,1,0
E,H,E,9621,100,9621,1,0
A,F,F,3522,100,3522,1,0
B,F,F,1420,100,1420,1,0
C,F,F,7232,100,7232,1,0
D,F,F,6346,100,6346,1,0
E,F,F,3721,100,3721,1,0
F,G,F,7373,100,7373,1,0
F,H,F,6256,100,6256,1,0
A,G,G,9614,100,9614,1,0
B,G,G,7188,100,7188,1,0
C,G,G,1567,100,1567,1,0
D,G,G,9245,100,9245,1,0
E,G,G,9901,100,9901,1,0
F,G,G,7363,100,7363,1,0
G,H,G,9311,100,9311,1,0
A,H,H,9420,100,9420,1,0
B,H,H,6201,100,6201,1,0
C,H,H,9076,100,9076,1,0
D,H,H,1396,100,1396,1,0
E,H,H,9655,100,9655,1,0
F,H,H,6311,100,6311,1,0
G,H,H,9313,100,9313,1,0
A,B,A,3642,100,3642,1,0
A,C,A,9352,100,9352,1,0
A,D,A,9264,100,9264,1,0
A,E,A,1449,100,1449,1,0
A,F,A,3536,100,3536,1,0
A,G,A,9638,100,9638,1,0
A,H,A,9433,100,9433,1,0
A,B,B,3628,100,3628,1,0
B,C,B,6715,100,6715,1,0
B,D,B,5990,100,5990,1,0
B,E,B,4312,100,4312,1,0
B,F,B,1434,100,1434,1,0
B,G,B,7167,100,7167,1,0
B,H,B,6203,100,6203,1,0
A,C,C,9280,100,9280,1,0
B,C,C,6761,100,6761,1,0
C,D,C,8746,100,8746,1,0
C,E,C,9833,100,9833,1,0
C,F,C,7210,100,7210,1,0
C,G,C,1592,100,1592,1,0
C,H,C,9048,100,9048,1,0
A,D,D,9247,100,9247,1,0
B,D,D,5949,100,5949,1,0
C,D,D,8694,100,8694,1,0
D,E,D,9758,100,9758,1,0
D,F,D,6335,100,6335,1,0
D,G,D,9200,100,9200,1,0
D,H,D,1403,100,1403,1,0
A,E,E,1437,100,1437,1,0
B,E,E,4285,100,4285,1,0
C,E,E,9797,100,9797,1,0
D,E,E,9649,100,9649,1,0
E,F,E,3675,100,3675,1,0
E,G,E,9912,100,9912,1,0
E,H,E,9676,100,9676,1,0
A,F,F,3507,100,3507,1,0
B,F,F,1404,100,1404,1,0
C,F,F,7219,100,7219,1,0
D,F,F,6344,100,6344,1,0
E,F,F,3740,100,3740,1,0
F,G,F,7352,100,7352,1,0
F,H,F,6268,100,6268,1,0
A,G,G,9622,100,9622,1,0
B,G,G,7214,100,7214,1,0
C,G,G,1568,100,1568,1,0
D,G,G,9229,100,9229,1,0
E,G,G,9935,100,9935,1,0
F,G,G,7367,100,7367,1,0
G,H,G,9277,100,9277,1,0
A,H,H,9429,100,9429,1,0
B,H,H,6166,100,6166,1,0
C,H,H,8999,100,8999,1,0
D,H,H,1433,100,1433,1,0
E,H,H,9637,100,9637,1,0
F,H,H,6320,100,6320,1,0
G,H,H,9332,100,9332,1,0
A,B,A,3623,100,3623,1,0
A,C,A,9323,100,9323,1,0
A,D,A,9271,100,9271,1,0
A,E,A,1455,100,1455,1,0
A,F,A,3513,100,3513,1,0
A,G,A,9589,100,9589,1,0
A,H,A,9446,100,9446,1,0
A,B,B,3653,100,3653,1,0
B,C,B,6716,100,6716,1,0
B,D,B,5973,100,5973,1,0
B,E,B,4317,100,4317,1,0
B,F,B,1397,100,1397,1,0
B,G,B,7211,100,7211,1,0
B,H,B,6240,100,6240,1,0
A,C,C,9286,100,9286,1,0
B,C,C,6752,100,6752,1,0
C,D,C,8724,100,8724,1,0
C,E,C,9835,100,9835,1,0
C,F,C,7208,100,7208,1,0
C,G,C,1562,100,1562,1,0
C,H,C,9103,100,9103,1,0
A,D,D,9255,100,9255,1,0
B,D,D,5975,100,5975,1,0
C,D,D,8741,100,8741,1,0
D,E,D,9705,100,9705,1,0
D,F,D,6364,100,6364,1,0
D,G,D,9209,100,9209,1,0
D,H,D,1453,100,1453,1,0
A,E,E,1473,100,1473,1,0
B,E,E,4276,100,4276,1,0
C,E,E,9823,100,9823,1,0
D,E,E,9702,100,9702,1,0
E,F,E,3677,100,3677,1,0
E,G,E,9938,100,9938,1,0
E,H,E,9666,100,9666,1,0
A,F,F,3518,100,3518,1,0
B,F,F,1434,100,1434,1,0
C,F,F,7192,100,7192,1,0
D,F,F,6348,100,6348,1,0
E,F,F,3672,100,3672,1,0
F,G,F,7359,100,7359,1,0
F,H,F,6238,100,6238,1,0
A,G,G,9527,100,9527,1,0
B,G,G,7171,100,7171,1,0
C,G,G,1603,100,1603,1,0
D,G,G,9208,100,9208,1,0
E,G,G,9916,100,9916,1,0
F,G,G,7376,100,7376,1,0
G,H,G,9297,100,9297,1,0
A,H,H,9406,100,9406,1,0
B,H,H,6194,100,6194,1,0
C,H,H,9050,100,9050,1,0
D,H,H,1461,100,1461,1,0
E,H,H,9687,100,9687,1,0
F,H,H,6316,100,6316,1,0
G,H,H,9324,100,9324,1,0
A,B,A,3614,100,3614,1,0
A,C,A,9325,100,9325,1,0
A,D,A,9281,100,9281,1,0
A,E,A,1456,100,1456,1,0
A,F,A,3564,100,3564,1,0
A,G,A,9644,100,9644,1,0
A,H,A,9413,100,9413,1,0
A,B,B,3620,100,3620,1,0
B,C,B,6744,100,6744,1,0
B,D,B,5944,100,5944,1,0
B,E,B,4344,100,4344,1,0
B,F,B,1396,100,1396,1,0
B,G,B,7195,100,7195,1,0
B,H,B,6185,100,6185,1,0
A,C,C,9241,100,9241,1,0
B,C,C,6710,100,6710,1,0
C,D,C,8736,100,8736,1,0
C,E,C,9798,100,9798,1,0
C,F,C,7194,100,7194,1,0
C,G,C,1554,100,1554,1,0
C,H,C,9053,100,9053,1,0
A,D,D,9252,100,9252,1,0
B,D,D,5973,100,5973,1,0
C,D,D,8729,100,8729,1,0
D,E,D,9771,100,9771,1,0
D,F,D,6373,100,6373,1,0
D,G,D,9198,100,9198,1,0
D,H,D,1501,100,1501,1,0
A,E,E,1407,100,1407,1,0
B,E,E,4316,100,4316,1,0
C,E,E,9833,100,9833,1,0
D,E,E,9679,100,9679,1,0
E,F,E,3679,100,3679,1,0
E,G,E,9921,100,9921,1,0
E,H,E,9639,100,9639,1,0
A,F,F,3529,100,3529,1,0
B,F,F,1385,100,1385,1,0
C,F,F,7218,100,7218,1,0
D,F,F,6361,100,6361,1,0
E,F,F,3706,100,3706,1,0
F,G,F,7374,100,7374,1,0
F,H,F,6248,100,6248,1,0
A,G,G,9613,100,9613,1,0
B,G,G,7154,100,7154,1,0
C,G,G,1581,100,1581,1,0
D,G,G,9270,100,9270,1,0
E,G,G,9911,100,9911,1,0
F,G,G,7353,100,7353,1,0
G,H,G,9366,100,9366,1,0
A,H,H,9427,100,9427,1,0
B,H,H,6172,100,6172,1,0
C,H,H,9032,100,9032,1,0
D,H,H,1378,100,1378,1,0
E,H,H,9640,100,9640,1,0
F,H,H,6273,100,6273,1,0
G,H,H,9345,100,9345,1,0
A,B,A,3621,100,3621,1,0
A,C,A,9281,100,9281,1,0
A,D,A,9279,100,9279,1,0
A,E,A,1473,100,1473,1,0
A,F,A,3536,100,3536,1,0
A,G,A,9549,100,9549,1,0
A,H,A,9398,100,9398,1,0
A,B,B,3613,100,3613,1,0
B,C,B,6728,100,6728,1,0
B,D,B,5965,100,5965,1,0
B,E,B,4289,100,4289,1,0
B,F,B,1386,100,1386,1,0
B,G,B,7194,100,7194,1,0
B,H,B,6205,100,6205,1,0
A,C,C,9259,100,9259,1,0
B,C,C,6756,100,6756,1,0
C,D,C,8703,100,8703,1,0
C,E,C,9846,100,9846,1,0
C,F,C,7209,100,7209,1,0
C,G,C,1593,100,1593,1,0
C,H,C,9074,100,9074,1,0
A,D,D,9249,100,9249,1,0
B,D,D,5936,100,5936,1,0
C,D,D,8726,100,8726,1,0
D,E,D,9791,100,9791,1,0
D,F,D,6375,100,6375,1,0
D,G,D,9234,100,9234,1,0
D,H,D,1383,100,1383,1,0
A,E,E,1453,100,1453,1,0
B,E,E,4317,100,4317,1,0
C,E,E,9850,100,9850,1,0
D,E,E,9748,100,9748,1,0
E,F,E,3661,100,3661,1,0
E,G,E,9942,100,9942,1,0
E,H,E,9682,100,9682,1,0
A,F,F,3544,100,3544,1,0
B,F,F,1399,100,1399,1,0
C,F,F,7189,100,7189,1,0
D,F,F,6312,100,6312,1,0
E,F,F,3699,100,3699,1,0
F,G,F,7363,100,7363,1,0
F,H,F,6232,100,6232,1,0
A,G,G,9551,100,9551,1,0
B,G,G,7171,100,7171,1,0
C,G,G,1547,100,1547,1,0
D,G,G,9240,100,9240,1,0
E,G,G,9915,100,9915,1,0
F,G,G,7346,100,7346,1,0
G,H,G,9312,100,9312,1,0
A,H,H,9400,100,9400,1,0
B,H,H,6178,100,6178,1,0
C,H,H,9041,100,9041,1,0
D,H,H,1399,100,1399,1,0
E,H,H,9673,100,9673,1,0
F,H,H,6254,100,6254,1,0
G,H,H,9329,100,9329,1,0
A,B,A,3669,100,3669,1,0
A,C,A,9346,100,9346,1,0
A,D,A,9281,100,9281,1,0
A,E,A,1403,100,1403,1,0
A,F,A,3526,100,3526,1,0
A,G,A,9627,100,9627,1,0
A,H,A,9358,100,9358,1,0
A,B,B,3655,100,3655,1,0
B,C,B,6763,100,6763,1,0
B,D,B,5939,100,5939,1,0
B,E,B,4327,100,4327,1,0
B,F,B,1413,100,1413,1,0
B,G,B,7187,100,7187,1,0
B,H,B,6197,100,6197,1,0
A,C,C,9307,100,9307,1,0
B,C,C,6719,100,6719,1,0
C,D,C,8737,100,8737,1,0
C,E,C,9816,100,9816,1,0
C,F,C,7192,100,7192,1,0
C,G,C,1550,100,1550,1,0
C,H,C,9078,100,9078,1,0
A,D,D,9275,100,9275,1,0
B,D,D,5997,100,5997,1,0
C,D,D,8742,100,8742,1,0
D,E,D,9810,100,9810,1,0
D,F,D,6323,100,6323,1,0
D,G,D,9248,100,9248,1,0
D,H,D,1448,100,1448,1,0
A,E,E,1447,100,1447,1,0
B,E,E,4290,100,4290,1,0
C,E,E,9828,100,9828,1,0
D,E,E,9767,100,9767,1,0
E,F,E,3731,100,3731,1,0
E,G,E,9931,100,9931,1,0
E,H,E,9637,100,9637,1,0
A,F,F,3523,100,3523,1,0
B,F,F,1419,100,1419,1,0
C,F,F,7213,100,7213,1,0
D,F,F,6328,100,6328,1,0
E,F,F,3680,100,3680,1,0
F,G,F,7364,100,7364,1,0
F,H,F,6282,100,6282,1,0
A,G,G,9627,100,9627,1,0
B,G,G,7189,100,7189,1,0
C,G,G,1637,100,1637,1,0
D,G,G,9251,100,9251,1,0
E,G,G,9908,100,9908,1,0
F,G,G,7359,100,7359,1,0
G,H,G,9316,100,9316,1,0
A,H,H,9405,100,9405,1,0
B,H,H,6198,100,6198,1,0
C,H,H,9002,100,9002,1,0
D,H,H,1406,100,1406,1,0
E,H,H,9604,100,9604,1,0
F,H,H,6250,100,6250,1,0
G,H,H,9329,100,9329,1,0
A,B,A,3673,100,3673,1,0
A,C,A,9306,100,9306,1,0
A,D,A,9278,100,9278,1,0
A,E,A,1444,100,1444,1,0
A,F,A,3492,100,3492,1,0
A,G,A,9592,100,9592,1,0
A,H,A,9397,100,9397,1,0
A,B,B,3631,100,3631,1,0
B,C,B,6735,100,6735,1,0
B,D,B,6010,100,6010,1,0
B,E,B,4275,100,4275,1,0
B,F,B,1423,100,1423,1,0
B,G,B,7220,100,7220,1,0
B,H,B,6206,100,6206,1,0
A,C,C,9319,100,9319,1,0
B,C,C,6749,100,6749,1,0
C,D,C,8753,100,8753,1,0
C,E,C,9822,100,9822,1,0
C,F,C,7191,100,7191,1,0
C,G,C,1547,100,1547,1,0
C,H,C,9030,100,9030,1,0
A,D,D,9263,100,9263,1,0
B,D,D,5940,100,5940,1,0
C,D,D,8723,100,8723,1,0
D,E,D,9709,100,9709,1,0
D,F,D,6364,100,6364,1,0
D,G,D,9252,100,9252,1,0
D,H,D,1432,100,1432,1,0
A,E,E,1447,100,1447,1,0
B,E,E,4303,100,4303,1,0
C,E,E,9838,100,9838,1,0
D,E,E,9703,100,9703,1,0
E,F,E,3688,100,3688,1,0
E,G,E,9902,100,9902,1,0
E,H,E,9619,100,9619,1,0
A,F,F,3514,100,3514,1,0
B,F,F,1414,100,1414,1,0
C,F,F,7211,100,7211,1,0
D,F,F,6340,100,6340,1,0
E,F,F,3717,100,3717,1,0
F,G,F,7346,100,7346,1,0
F,H,F,6238,100,6238,1,0
A,G,G,9605,100,9605,1,0
B,G,G,7167,100,7167,1,0
C,G,G,1541,100,1541,1,0
D,G,G,9236,100,9236,1,0
E,G,G,9923,100,9923,1,0
F,G,G,7379,100,7379,1,0
G,H,G,9330,100,9330,1,0
A,H,H,9389,100,9389,1,0
B,H,H,6161,100,6161,1,0
C,H,H,8995,100,8995,1,0
D,H,H,1419,100,1419,1,0
E,H,H,9674,100,9674,1,0
F,H,H,6275,100,6275,1,0
G,H,H,9325,100,9325,1,0
A,B,A,3603,100,3603,1,0
A,C,A,9286,100,9286,1,0
A,D,A,9270,100,9270,1,0
A,E,A,1462,100,1462,1,0
A,F,A,3539,100,3539,1,0
A,G,A,9593,100,9593,1,0
A,H,A,9413,100,9413,1,0
A,B,B,3624,100,3624,1,0
B,C,B,6733,100,6733,1,0
B,D,B,5951,100,5951,1,0
B,E,B,4308,100,4308,1,0
B,F,B,1398,100,1398,1,0
B,G,B,7156,100,7156,1,0
B,H,B,6149,100,6149,1,0
A,C,C,9280,100,9280,1,0
B,C,C,6744,100,6744,1,0
C,D,C,8681,100,8681,1,0
C,E,C,9812,100,9812,1,0
C,F,C,7192,100,7192,1,0
C,G,C,1616,100,1616,1,0
C,H,C,9024,100,9024,1,0
A,D,D,9276,100,9276,1,0
B,D,D,5973,100,5973,1,0
C,D,D,8748,100,8748,1,0
D,E,D,9727,100,9727,1,0
D,F,D,6350,100,6350,1,0
D,G,D,9264,100,9264,1,0
D,H,D,1367,100,1367,1,0
A,E,E,1474,100,1474,1,0
B,E,E,4297,100,4297,1,0
C,E,E,9815,100,9815,1,0
D,E,E,9733,100,9733,1,0
E,F,E,3696,100,3696,1,0
E,G,E,9946,100,9946,1,0
E,H,E,9687,100,9687,1,0
A,F,F,3514,100,3514,1,0
B,F,F,1425,100,1425,1,0
C,F,F,7198,100,7198,1,0
D,F,F,6391,100,6391,1,0
E,F,F,3674,100,3674,1,0
F,G,F,7338,100,7338,1,0
F,H,F,6291,100,6291,1,0
A,G,G,9621,100,9621,1,0
B,G,G,7235,100,7235,1,0
C,G,G,1593,100,1593,1,0
D,G,G,9200,100,9200,1,0
E,G,G,9921,100,9921,1,0
F,G,G,7369,100,7369,1,0
G,H,G,9345,100,9345,1,0
A,H,H,9450,100,9450,1,0
B,H,H,6195,100,6195,1,0
C,H,H,9069,100,9069,1,0
D,H,H,1410,100,1410,1,0
E,H,H,9638,100,9638,1,0
F,H,H,6241,100,6241,1,0
G,H,H,9309,100,9309,1,0
A,B,A,3651,100,3651,1,0
A,C,A,9233,100,9233,1,0
A,D,A,9259,100,9259,1,0
A,E,A,1414,100,1414,1,0
A,F,A,3524,100,3524,1,0
A,G,A,9600,100,9600,1,0
A,H,A,9391,100,9391,1,0
A,B,B,3633,100,3633,1,0
B,C,B,6715,100,6715,1,0
B,D,B,5998,100,5998,1,0
B,E,B,4301,100,4301,1,0
B,F,B,1380,100,1380,1,0
B,G,B,7180,100,7180,1,0
B,H,B,6219,100,6219,1,0
A,C,C,9265,100,9265,1,0
B,C,C,6745,100,6745,1,0
C,D,C,8716,100,8716,1,0
C,E,C,9834,100,9834,1,0
C,F,C,7181,100,7181,1,0
C,G,C,1563,100,1563,1,0
C,H,C,9059,100,9059,1,0
A,D,D,9254,100,9254,1,0
B,D,D,5965,100,5965,1,0
C,D,D,8742,100,8742,1,0
D,E,D,9705,100,9705,1,0
D,F,D,6342,100,6342,1,0
D,G,D,9218,100,9218,1,0
D,H,D,1407,100,1407,1,0
A,E,E,1427,100,1427,1,0
B,E,E,4344,100,4344,1,0
C,E,E,9864,100,9864,1,0
D,E,E,9708,100,9708,1,0
E,F,E,3708,100,3708,1,0
E,G,E,9939,100,9939,1,0
E,H,E,9665,100,9665,1,0
A,F,F,3506,100,3506,1,0
B,F,F,1423,100,1423,1,0
C,F,F,7204,100,7204,1,0
D,F,F,6343,100,6343,1,0
E,F,F,3701,100,3701,1,0
F,G,F,7371,100,7371,1,0
F,H,F,6325,100,6325,1,0
A,G,G,9580,100,9580,1,0
B,G,G,7164,100,7164,1,0
C,G,G,1536,100,1536,1,0
D,G,G,9240,100,9240,1,0
E,G,G,9938,100,9938,1,0
F,G,G,7386,100,7386,1,0
G,H,G,9309,100,9309,1,0
A,H,H,9373,100,9373,1,0
B,H,H,6185,100,6185,1,0
C,H,H,9046,100,9046,1,0
D,H,H,1446,100,1446,1,0
E,H,H,9662,100,9662,1,0
F,H,H,6253,100,6253,1,0
G,H,H,9373,100,9373,1,0
A,B,A,3625,100,3625,1,0
A,C,A,9277,100,9277,1,0
A,D,A,9246,100,9246,1,0
A,E,A,1450,100,1450,1,0
A,F,A,3524,100,3524,1,0
A,G,A,9613,100,9613,1,0
A,H,A,9370,100,9370,1,0
A,B,B,3634,100,3634,1,0
B,C,B,6714,100,6714,1,0
B,D,B,5978,100,5978,1,0
B,E,B,4297,100,4297,1,0
B,F,B,1362,100,1362,1,0
B,G,B,7222,100,7222,1,0
B,H,B,6242,100,6242,1,0
A,C,C,9292,100,9292,1,0
B,C,C,6766,100,6766,1,0
C,D,C,8691,100,8691,1,0
C,E,C,9828,100,9828,1,0
C,F,C,7221,100,7221,1,0
C,G,C,1593,100,1593,1,0
C,H,C,9074,100,9074,1,0
A,D,D,9260,100,9260,1,0
B,D,D,5917,100,5917,1,0
C,D,D,8706,100,8706,1,0
D,E,D,9734,100,9734,1,0
D,F,D,6326,100,6326,1,0
D,G,D,9217,100,9217,1,0
D,H,D,1406,100,1406,1,0
A,E,E,1479,100,1479,1,0
B,E,E,4321,100,4321,1,0
C,E,E,9805,100,9805,1,0
D,E,E,9726,100,9726,1,0
E,F,E,3717,100,3717,1,0
E,G,E,9902,100,9902,1,0
E,H,E,9639,100,9639,1,0
A,F,F,3516,100,3516,1,0
B,F,F,1414,100,1414,1,0
C,F,F,7205,100,7205,1,0
D,F,F,6350,100,6350,1,0
E,F,F,3722,100,3722,1,0
F,G,F,7373,100,7373,1,0
F,H,F,6276,100,6276,1,0
A,G,G,9590,100,9590,1,0
B,G,G,7178,100,7178,1,0
C,G,G,1619,100,1619,1,0
D,G,G,9255,100,9255,1,0
E,G,G,9895,100,9895,1,0
F,G,G,7344,100,7344,1,0
G,H,G,9318,100,9318,1,0
A,H,H,9434,100,9434,1,0
B,H,H,6185,100,6185,1,0
C,H,H,9095,100,9095,1,0
D,H,H,1393,100,1393,1,0
E,H,H,9643,100,9643,1,0
F,H,H,6291,100,6291,1,0
G,H,H,9321,100,9321,1,0
A,B,A,3701,100,3701,1,0
A,C,A,9295,100,9295,1,0
A,D,A,9272,100,9272,1,0
A,E,A,1460,100,1460,1,0
A,F,A,3517,100,3517,1,0
A,G,A,9552,100,9552,1,0
A,H,A,9401,100,9401,1,0
A,B,B,3620,100,3620,1,0
B,C,B,6708,100,6708,1,0
B,D,B,5939,100,5939,1,0
B,E,B,4295,100,4295,1,0
B,F,B,1442,100,1442,1,0
B,G,B,7197,100,7197,1,0
B,H,B,6223,100,6223,1,0
A,C,C,9307,100,9307,1,0
B,C,C,6741,100,6741,1,0
C,D,C,8716,100,8716,1,0
C,E,C,9831,100,9831,1,0
C,F,C,7206,100,7206,1,0
C,G,C,1580,100,1580,1,0
C,H,C,9045,100,9045,1,0
A,D,D,9289,100,9289,1,0
B,D,D,5963,100,5963,1,0
C,D,D,8748,100,8748,1,0
D,E,D,9762,100,9762,1,0
D,F,D,6288,100,6288,1,0
D,G,D,9244,100,9244,1,0
D,H,D,1403,100,1403,1,0
A,E,E,1407,100,1407,1,0
B,E,E,4291,100,4291,1,0
C,E,E,9824,100,9824,1,0
D,E,E,9732,100,9732,1,0
E,F,E,3691,100,3691,1,0
E,G,E,9911,100,9911,1,0
E,H,E,9694,100,9694,1,0
A,F,F,3561,100,3561,1,0
B,F,F,1405,100,1405,1,0
C,F,F,7170,100,7170,1,0
D,F,F,6391,100,6391,1,0
E,F,F,3683,100,3683,1,0
F,G,F,7360,100,7360,1,0
F,H,F,6285,100,6285,1,0
A,G,G,9583,100,9583,1,0
B,G,G,7202,100,7202,1,0
C,G,G,1540,100,1540,1,0
D,G,G,9239,100,9239,1,0
E,G,G,9891,100,9891,1,0
F,G,G,7345,100,7345,1,0
G,H,G,9354,100,9354,1,0
A,H,H,9414,100,9414,1,0
B,H,H,6174,100,6174,1,0
C,H,H,9078,100,9078,1,0
D,H,H,1514,100,1514,1,0
E,H,H,9650,100,9650,1,0
F,H,H,6253,100,6253,1,0
G,H,H,9345,100,9345,1,0
A,B,A,3606,100,3606,1,0
A,C,A,9296,100,9296,1,0
A,D,A,9275,100,9275,1,0
A,E,A,1432,100,1432,1,0
A,F,A,3519,100,3519,1,0
A,G,A,9603,100,9603,1,0
A,H,A,9356,100,9356,1,0
A,B,B,3613,100,3613,1,0
B,C,B,6717,100,6717,1,0
B,D,B,5918,100,5918,1,0
B,E,B,4303,100,4303,1,0
B,F,B,1378,100,1378,1,0
B,G,B,7176,100,7176,1,0
B,H,B,6183,100,6183,1,0
A,C,C,9301,100,9301,1,0
B,C,C,6735,100,6735,1,0
C,D,C,8738,100,8738,1,0
C,E,C,9872,100,9872,1,0
C,F,C,7218,100,7218,1,0
C,G,C,1605,100,1605,1,0
C,H,C,9067,100,9067,1,0
A,D,D,9298,100,9298,1,0
B,D,D,5947,100,5947,1,0
C,D,D,8709,100,8709,1,0
D,E,D,9726,100,9726,1,0
D,F,D,6334,100,6334,1,0
D,G,D,9238,100,9238,1,0
D,H,D,1432,100,1432,1,0
A,E,E,1468,100,1468,1,0
B,E,E,4333,100,4333,1,0
C,E,E,9891,100,9891,1,0
D,E,E,9743,100,9743,1,0
E,F,E,3672,100,3672,1,0
E,G,E,9895,100,9895,1,0
E,H,E,9651,100,9651,1,0
A,F,F,3549,100,3549,1,0
B,F,F,1377,100,1377,1,0
C,F,F,7183,100,7183,1,0
D,F,F,6372,100,6372,1,0
E,F,F,3760,100,3760,1,0
F,G,F,7362,100,7362,1,0
F,H,F,6295,100,6295,1,0
A,G,G,9564,100,9564,1,0
B,G,G,7225,100,7225,1,0
C,G,G,1598,100,1598,1,0
D,G,G,9217,100,9217,1,0
E,G,G,9927,100,9927,1,0
F,G,G,7364,100,7364,1,0
G,H,G,9330,100,9330,1,0
A,H,H,9377,100,9377,1,0
B,H,H,6223,100,6223,1,0
C,H,H,9039,100,9039,1,0
D,H,H,1435,100,1435,1,0
E,H,H,9674,100,9674,1,0
F,H,H,6287,100,6287,1,0
G,H,H,9343,100,9343,1,0
A,B,A,3610,100,3610,1,0
A,C,A,9285,100,9285,1,0
A,D,A,9264,100,9264,1,0
A,E,A,1455,100,1455,1,0
A,F,A,3519,100,3519,1,0
A,G,A,9606,100,9606,1,0
A,H,A,9371,100,9371,1,0
A,B,B,3606,100,3606,1,0
B,C,B,6753,100,6753,1,0
B,D,B,5918,100,5918,1,0
B,E,B,4323,100,4323,1,0
B,F,B,1421,100,1421,1,0
B,G,B,7232,100,7232,1,0
B,H,B,6148,100,6148,1,0
A,C,C,9308,100,9308,1,0
B,C,C,6747,100,6747,1,0
C,D,C,8720,100,8720,1,0
C,E,C,9809,100,9809,1,0
C,F,C,7208,100,7208,1,0
C,G,C,1575,100,1575,1,0
C,H,C,9072,100,9072,1,0
A,D,D,9285,100,9285,1,0
B,D,D,5976,100,5976,1,0
C,D,D,8702,100,8702,1,0
D,E,D,9710,100,9710,1,0
D,F,D,6358,100,6358,1,0
D,G,D,9200,100,9200,1,0
D,H,D,1416,100,1416,1,0
A,E,E,1427,100,1427,1,0
B,E,E,4258,100,4258,1,0
C,E,E,9851,100,9851,1,0
D,E,E,9708,100,9708,1,0
E,F,E,3697,100,3697,1,0
E,G,E,9920,100,9920,1,0
E,H,E,9660,100,9660,1,0
A,F,F,3533,100,3533,1,0
B,F,F,1439,100,1439,1,0
C,F,F,7228,100,7228,1,0
D,F,F,6352,100,6352,1,0
E,F,F,3715,100,3715,1,0
F,G,F,7392,100,7392,1,0
F,H,F,6297,100,6297,1,0
A,G,G,9615,100,9615,1,0
B,G,G,7169,100,7169,1,0
C,G,G,1564,100,1564,1,0
D,G,G,9263,100,9263,1,0
E,G,G,9883,100,9883,1,0
F,G,G,7379,100,7379,1,0
G,H,G,9344,100,9344,1,0
A,H,H,9405,100,9405,1,0
B,H,H,6168,100,6168,1,0
C,H,H,9069,100,9069,1,0
D,H,H,1408,100,1408,1,0
E,H,H,9630,100,9630,1,0
F,H,H,6292,100,6292,1,0
G,H,H,9336,100,9336,1,0
A,B,A,3658,100,3658,1,0
A,C,A,9343,100,9343,1,0
A,D,A,9266,100,9266,1,0
A,E,A,1461,100,1461,1,0
A,F,A,3490,100,3490,1,0
A,G,A,9619,100,9619,1,0
A,H,A,9393,100,9393,1,0
A,B,B,3595,100,3595,1,0
B,C,B,6724,100,6724,1,0
B,D,B,5911,100,5911,1,0
B,E,B,4318,100,4318,1,0
B,F,B,1404,100,1404,1,0
B,G,B,7215,100,7215,1,0
B,H,B,6242,100,6242,1,0
A,C,C,9247,100,9247,1,0
B,C,C,6731,100,6731,1,0
C,D,C,8724,100,8724,1,0
C,E,C,9846,100,9846,1,0
C,F,C,7196,100,7196,1,0
C,G,C,1598,100,1598,1,0
C,H,C,9038,100,9038,1,0
A,D,D,9259,100,9259,1,0
B,D,D,6010,100,6010,1,0
C,D,D,8724,100,8724,1,0
D,E,D,9730,100,9730,1,0
D,F,D,6358,100,6358,1,0
D,G,D,9274,100,9274,1,0
D,H,D,1383,100,1383,1,0
A,E,E,1419,100,1419,1,0
B,E,E,4328,100,4328,1,0
C,E,E,9886,100,9886,1,0
D,E,E,9750,100,9750,1,0
E,F,E,3676,100,3676,1,0
E,G,E,9919,100,9919,1,0
E,H,E,9700,100,9700,1,0
A,F,F,3521,100,3521,1,0
B,F,F,1416,100,1416,1,0
C,F,F,7185,100,7185,1,0
D,F,F,6363,100,6363,1,0
E,F,F,3756,100,3756,1,0
F,G,F,7360,100,7360,1,0
F,H,F,6234,100,6234,1,0
A,G,G,9632,100,9632,1,0
B,G,G,7195,100,7195,1,0
C,G,G,1568,100,1568,1,0
D,G,G,9254,100,9254,1,0
E,G,G,9943,100,9943,1,0
F,G,G,7360,100,7360,1,0
G,H,G,9307,100,9307,1,0
A,H,H,9428,100,9428,1,0
B,H,H,6223,100,6223,1,0
C,H,H,9025,100,9025,1,0
D,H,H,1398,100,1398,1,0
E,H,H,9656,100,9656,1,0
F,H,H,6272,100,6272,1,0
G,H,H,9345,100,9345,1,0
A,B,A,3623,100,3623,1,0
A,C,A,9314,100,9314,1,0
A,D,A,9268,100,9268,1,0
A,E,A,1417,100,1417,1,0
A,F,A,3532,100,3532,1,0
A,G,A,9590,100,9590,1,0
A,H,A,9387,100,9387,1,0
A,B,B,3648,100,3648,1,0
B,C,B,6768,100,6768,1,0
B,D,B,5972,100,5972,1,0
B,E,B,4320,100,4320,1,0
B,F,B,1411,100,1411,1,0
B,G,B,7200,100,7200,1,0
B,H,B,6162,100,6162,1,0
A,C,C,9284,100,9284,1,0
B,C,C,6740,100,6740,1,0
C,D,C,8717,100,8717,1,0
C,E,C,9793,100,9793,1,0
C,F,C,7232,100,7232,1,0
C,G,C,1584,100,1584,1,0
C,H,C,9065,100,9065,1,0
A,D,D,9281,100,9281,1,0
B,D,D,5908,100,5908,1,0
C,D,D,8724,100,8724,1,0
D,E,D,9753,100,9753,1,0
D,F,D,6353,100,6353,1,0
D,G,D,9264,100,9264,1,0
D,H,D,1407,100,1407,1,0
A,E,E,1460,100,1460,1,0
B,E,E,4341,100,4341,1,0
C,E,E,9825,100,9825,1,0
D,E,E,9697,100,9697,1,0
E,F,E,3645,100,3645,1,0
E,G,E,9921,100,9921,1,0
E,H,E,9684,100,9684,1,0
A,F,F,3538,100,3538,1,0
B,F,F,1420,100,1420,1,0
C,F,F,7215,100,7215,1,0
D,F,F,6355,100,6355,1,0
E,F,F,3697,100,3697,1,0
F,G,F,7366,100,7366,1,0
F,H,F,6305,100,6305,1,0
A,G,G,9605,100,9605,1,0
B,G,G,7179,100,7179,1,0
C,G,G,1571,100,1571,1,0
D,G,G,9265,100,9265,1,0
E,G,G,9890,100,9890,1,0
F,G,G,7371,100,7371,1,0
G,H,G,9308,100,9308,1,0
A,H,H,9387,100,9387,1,0
B,H,H,6188,100,6188,1,0
C,H,H,9037,100,9037,1,0
D,H,H,1421,100,1421,1,0
E,H,H,9649,100,9649,1,0
F,H,H,6302,100,6302,1,0
G,H,H,9308,100,9308,1,0
A,B,A,3626,100,3626,1,0
A,C,A,9281,100,9281,1,0
A,D,A,9272,100,9272,1,0
A,E,A,1439,100,1439,1,0
A,F,A,3560,100,3560,1,0
A,G,A,9609,100,9609,1,0
A,H,A,9356,100,9356,1,0
A,B,B,3655,100,3655,1,0
B,C,B,6715,100,6715,1,0
B,D,B,5953,100,5953,1,0
B,E,B,4304,100,4304,1,0
B,F,B,1387,100,1387,1,0
B,G,B,7199,100,7199,1,0
B,H,B,6157,100,6157,1,0
A,C,C,9292,100,9292,1,0
B,C,C,6743,100,6743,1,0
C,D,C,8742,100,8742,1,0
C,E,C,9871,100,9871,1,0
C,F,C,7219,100,7219,1,0
C,G,C,1589,100,1589,1,0
C,H,C,9044,100,9044,1,0
A,D,D,9262,100,9262,1,0
B,D,D,5929,100,5929,1,0
C,D,D,8722,100,8722,1,0
D,E,D,9671,100,9671,1,0
D,F,D,6359,100,6359,1,0
D,G,D,9232,100,9232,1,0
D,H,D,1462,100,1462,1,0
A,E,E,1484,100,1484,1,0
B,E,E,4313,100,4313,1,0
C,E,E,9792,100,9792,1,0
D,E,E,9713,100,9713,1,0
E,F,E,3679,100,3679,1,0
E,G,E,9929,100,9929,1,0
E,H,E,9677,100,9677,1,0
A,F,F,3557,100,3557,1,0
B,F,F,1436,100,1436,1,0
C,F,F,7198,100,7198,1,0
D,F,F,6324,100,6324,1,0
E,F,F,3687,100,3687,1,0
F,G,F,7357,100,7357,1,0
F,H,F,6309,100,6309,1,0
A,G,G,9629,100,9629,1,0
B,G,G,7178,100,7178,1,0
C,G,G,1578,100,1578,1,0
D,G,G,9209,100,9209,1,0
E,G,G,9917,100,9917,1,0
F,G,G,7368,100,7368,1,0
G,H,G,9276,100,9276,1,0
A,H,H,9382,100,9382,1,0
B,H,H,6223,100,6223,1,0
C,H,H,9075,100,9075,1,0
D,H,H,1449,100,1449,1,0
E,H,H,9686,100,9686,1,0
F,H,H,6289,100,6289,1,0
G,H,H,9312,100,9312,1,0
A,B,A,3636,100,3636,1,0
A,C,A,9305,100,9305,1,0
A,D,A,9264,100,9264,1,0
A,E,A,1395,100,1395,1,0
A,F,A,3538,100,3538,1,0
A,G,A,9659,100,9659,1,0
A,H,A,9448,100,9448,1,0
A,B,B,3631,100,3631,1,0
B,C,B,6731,100,6731,1,0
B,D,B,5961,100,5961,1,0
B,E,B,4322,100,4322,1,0
B,F,B,1380,100,1380,1,0
B,G,B,7173,100,7173,1,0
B,H,B,6201,100,6201,1,0
A,C,C,9265,100,9265,1,0
B,C,C,6751,100,6751,1,0
C,D,C,8702,100,8702,1,0
C,E,C,9811,100,9811,1,0
C,F,C,7216,100,7216,1,0
C,G,C,1565,100,1565,1,0
C,H,C,9074,100,9074,1,0
A,D,D,9287,100,9287,1,0
B,D,D,5994,100,5994,1,0
C,D,D,8721,100,8721,1,0
D,E,D,9770,100,9770,1,0
D,F,D,6315,100,6315,1,0
D,G,D,9224,100,9224,1,0
D,H,D,1438,100,1438,1,0
A,E,E,1472,100,1472,1,0
B,E,E,4307,100,4307,1,0
C,E,E,9835,100,9835,1,0
D,E,E,9742,100,9742,1,0
E,F,E,3676,100,3676,1,0
E,G,E,9910,100,9910,1,0
E,H,E,9642,100,9642,1,0
A,F,F,3490,100,3490,1,0
B,F,F,1393,100,1393,1,0
C,F,F,7207,100,7207,1,0
D,F,F,6345,100,6345,1,0
E,F,F,3697,100,3697,1,0
F,G,F,7397,100,7397,1,0
F,H,F,6271,100,6271,1,0
A,G,G,9624,100,9624,1,0
B,G,G,7182,100,7182,1,0
C,G,G,1539,100,1539,1,0
D,G,G,9284,100,9284,1,0
E,G,G,9896,100,9896,1,0
F,G,G,7403,100,7403,1,0
G,H,G,9365,100,9365,1,0
A,H,H,9363,100,9363,1,0
B,H,H,6185,100,6185,1,0
C,H,H,9054,100,9054,1,0
D,H,H,1401,100,1401,1,0
E,H,H,9653,100,9653,1,0
F,H,H,6239,100,6239,1,0
G,H,H,9296,100,9296,1,0
A,B,A,3645,100,3645,1,0
A,C,A,9293,100,9293,1,0
A,D,A,9238,100,9238,1,0
A,E,A,1440,100,1440,1,0
A,F,A,3521,100,3521,1,0
A,G,A,9598,100,9598,1,0
A,H,A,9426,100,9426,1,0
A,B,B,3653,100,3653,1,0
B,C,B,6720,100,6720,1,0
B,D,B,5928,100,5928,1,0
B,E,B,4301,100,4301,1,0
B,F,B,1418,100,1418,1,0
B,G,B,7184,100,7184,1,0
B,H,B,6185,100,6185,1,0
A,C,C,9338,100,9338,1,0
B,C,C,6744,100,6744,1,0
C,D,C,8737,100,8737,1,0
C,E,C,9812,100,9812,1,0
C,F,C,7221,100,7221,1,0
C,G,C,1612,100,1612,1,0
C,H,C,9048,100,9048,1,0
A,D,D,9263,100,9263,1,0
B,D,D,5966,100,5966,1,0
C,D,D,8749,100,8749,1,0
D,E,D,9694,100,9694,1,0
D,F,D,6342,100,6342,1,0
D,G,D,9238,100,9238,1,0
D,H,D,1420,100,1420,1,0
A,E,E,1471,100,1471,1,0
B,E,E,4298,100,4298,1,0
C,E,E,9836,100,9836,1,0
D,E,E,9731,100,9731,1,0
E,F,E,3668,100,3668,1,0
E,G,E,9904,100,9904,1,0
E,H,E,9629,100,9629,1,0
A,F,F,3508,100,3508,1,0
B,F,F,1379,100,1379,1,0
C,F,F,7188,100,7188,1,0
D,F,F,6392,100,6392,1,0
E,F,F,3697,100,3697,1,0
F,G,F,7355,100,7355,1,0
F,H,F,6297,100,6297,1,0
A,G,G,9626,100,9626,1,0
B,G,G,7187,100,7187,1,0
C,G,G,1590,100,1590,1,0
D,G,G,9266,100,9266,1,0
E,G,G,9870,100,9870,1,0
F,G,G,7349,100,7349,1,0
G,H,G,9326,100,9326,1,0
A,H,H,9378,100,9378,1,0
B,H,H,6188,100,6188,1,0
C,H,H,9041,100,9041,1,0
D,H,H,1465,100,1465,1,0
E,H,H,9657,100,9657,1,0
F,H,H,6266,100,6266,1,0
G,H,H,9327,100,9327,1,0
A,B,A,3632,100,3632,1,0
A,C,A,9317,100,9317,1,0
A,D,A,9294,100,9294,1,0
A,E,A,1389,100,1389,1,0
A,F,A,3530,100,3530,1,0
A,G,A,9547,100,9547,1,0
A,H,A,9400,100,9400,1,0
A,B,B,3631,100,3631,1,0
B,C,B,6735,100,6735,1,0
B,D,B,5931,100,5931,1,0
B,E,B,4273,100,4273,1,0
B,F,B,1408,100,1408,1,0
B,G,B,7187,100,7187,1,0
B,H,B,6215,100,6215,1,0
A,C,C,9316,100,9316,1,0
B,C,C,6708,100,6708,1,0
C,D,C,8728,100,8728,1,0
C,E,C,9828,100,9828,1,0
C,F,C,7217,100,7217,1,0
C,G,C,1560,100,1560,1,0
C,H,C,9018,100,9018,1,0
A,D,D,9263,100,9263,1,0
B,D,D,5986,100,5986,1,0
C,D,D,8710,100,8710,1,0
D,E,D,9725,100,9725,1,0
D,F,D,6393,100,6393,1,0
D,G,D,9252,100,9252,1,0
D,H,D,1402,100,1402,1,0
A,E,E,1519,100,1519,1,0
B,E,E,4295,100,4295,1,0
C,E,E,9851,100,9851,1,0
D,E,E,9740,100,9740,1,0
E,F,E,3712,100,3712,1,0
E,G,E,9900,100,9900,1,0
E,H,E,9674,100,9674,1,0
A,F,F,3523,100,3523,1,0
B,F,F,1377,100,1377,1,0
C,F,F,7198,100,7198,1,0
D,F,F,6375,100,6375,1,0
E,F,F,3738,100,3738,1,0
F,G,F,7372,100,7372,1,0
F,H,F,6250,100,6250,1,0
A,G,G,9622,100,9622,1,0
B,G,G,7196,100,7196,1,0
C,G,G,1557,100,1557,1,0
D,G,G,9271,100,9271,1,0
E,G,G,9917,100,9917,1,0
F,G,G,7351,100,7351,1,0
G,H,G,9301,100,9301,1,0
A,H,H,9389,100,9389,1,0
B,H,H,6138,100,6138,1,0
C,H,H,8997,100,8997,1,0
D,H,H,1401,100,1401,1,0
E,H,H,9668,100,9668,1,0
F,H,H,6245,100,6245,1,0
G,H,H,9300,100,9300,1,0
A,B,A,3641,100,3641,1,0
A,C,A,9284,100,9284,1,0
A,D,A,9287,100,9287,1,0
A,E,A,1402,100,1402,1,0
A,F,A,3525,100,3525,1,0
A,G,A,9550,100,9550,1,0
A,H,A,9378,100,9378,1,0
A,B,B,3689,100,3689,1,0
B,C,B,6723,100,6723,1,0
B,D,B,5990,100,5990,1,0
B,E,B,4332,100,4332,1,0
B,F,B,1405,100,1405,1,0
B,G,B,7188,100,7188,1,0
B,H,B,6203,100,6203,1,0
A,C,C,9252,100,9252,1,0
B,C,C,6722,100,6722,1,0
C,D,C,8718,100,8718,1,0
C,E,C,9826,100,9826,1,0
C,F,C,7186,100,7186,1,0
C,G,C,1596,100,1596,1,0
C,H,C,9056,100,9056,1,0
A,D,D,9286,100,9286,1,0
B,D,D,5950,100,5950,1,0
C,D,D,8707,100,8707,1,0
D,E,D,9730,100,9730,1,0
D,F,D,6342,100,6342,1,0
D,G,D,9222,100,9222,1,0
D,H,D,1426,100,1426,1,0
A,E,E,1481,100,1481,1,0
B,E,E,4310,100,4310,1,0
C,E,E,9845,100,9845,1,0
D,E,E,9696,100,9696,1,0
E,F,E,3693,100,3693,1,0
E,G,E,9928,100,9928,1,0
E,H,E,9641,100,9641,1,0
A,F,F,3511,100,3511,1,0
B,F,F,1368,100,1368,1,0
C,F,F,7208,100,7208,1,0
D,F,F,6328,100,6328,1,0
E,F,F,3723,100,3723,1,0
F,G,F,7348,100,7348,1,0
F,H,F,6229,100,6229,1,0
A,G,G,9621,100,9621,1,0
B,G,G,7163,100,7163,1,0
C,G,G,1557,100,1557,1,0
D,G,G,9212,100,9212,1,0
E,G,G,9912,100,9912,1,0
F,G,G,7344,100,7344,1,0
G,H,G,9287,100,9287,1,0
A,H,H,9411,100,9411,1,0
B,H,H,6169,100,6169,1,0
C,H,H,9037,100,9037,1,0
D,H,H,1408,100,1408,1,0
E,H,H,9647,100,9647,1,0
F,H,H,6243,100,6243,1,0
G,H,H,9338,100,9338,1,0
A,B,A,3621,100,3621,1,0
A,C,A,9311,100,9311,1,0
A,D,A,9274,100,9274,1,0
A,E,A,1425,100,1425,1,0
A,F,A,3535,100,3535,1,0
A,G,A,9619,100,9619,1,0
A,H,A,9394,100,9394,1,0
A,B,B,3660,100,3660,1,0
B,C,B,6707,100,6707,1,0
B,D,B,5971,100,5971,1,0
B,E,B,4254,100,4254,1,0
B,F,B,1378,100,1378,1,0
B,G,B,7216,100,7216,1,0
B,H,B,6149,100,6149,1,0
A,C,C,9300,100,9300,1,0
B,C,C,6730,100,6730,1,0
C,D,C,8682,100,8682,1,0
C,E,C,9802,100,9802,1,0
C,F,C,7198,100,7198,1,0
C,G,C,1580,100,1580,1,0
C,H,C,9015,100,9015,1,0
A,D,D,9273,100,9273,1,0
B,D,D,5919,100,5919,1,0
C,D,D,8742,100,8742,1,0
D,E,D,9734,100,9734,1,0
D,F,D,6303,100,6303,1,0
D,G,D,9242,100,9242,1,0
D,H,D,1386,100,1386,1,0
A,E,E,1461,100,1461,1,0
B,E,E,4316,100,4316,1,0
C,E,E,9841,100,9841,1,0
D,E,E,9715,100,9715,1,0
E,F,E,3676,100,3676,1,0
E,G,E,9933,100,9933,1,0
E,H,E,9632,100,9632,1,0
A,F,F,3523,100,3523,1,0
B,F,F,1385,100,1385,1,0
C,F,F,7211,100,7211,1,0
D,F,F,6315,100,6315,1,0
E,F,F,3738,100,3738,1,0
F,G,F,7359,100,7359,1,0
F,H,F,6258,100,6258,1,0
A,G,G,9595,100,9595,1,0
B,G,G,7198,100,7198,1,0
C,G,G,1600,100,1600,1,0
D,G,G,9240,100,9240,1,0
E,G,G,9911,100,9911,1,0
F,G,G,7355,100,7355,1,0
G,H,G,9320,100,9320,1,0
A,H,H,9375,100,9375,1,0
B,H,H,6227,100,6227,1,0
C,H,H,9033,100,9033,1,0
D,H,H,1479,100,1479,1,0
E,H,H,9631,100,9631,1,0
F,H,H,6328,100,6328,1,0
G,H,H,9333,100,9333,1,0
A,B,A,3656,100,3656,1,0
A,C,A,9301,100,9301,1,0
A,D,A,9264,100,9264,1,0
A,E,A,1397,100,1397,1,0
A,F,A,3510,100,3510,1,0
A,G,A,9632,100,9632,1,0
A,H,A,9393,100,9393,1,0
A,B,B,3663,100,3663,1,0
B,C,B,6712,100,6712,1,0
B,D,B,5979,100,5979,1,0
B,E,B,4289,100,4289,1,0
B,F,B,1419,100,1419,1,0
B,G,B,7151,100,7151,1,0
B,H,B,6191,100,6191,1,0
A,C,C,9309,100,9309,1,0
B,C,C,6724,100,6724,1,0
C,D,C,8760,100,8760,1,0
C,E,C,9800,100,9800,1,0
C,F,C,7234,100,7234,1,0
C,G,C,1604,100,1604,1,0
C,H,C,9051,100,9051,1,0
A,D,D,9295,100,9295,1,0
B,D,D,5920,100,5920,1,0
C,D,D,8725,100,8725,1,0
D,E,D,9746,100,9746,1,0
D,F,D,6333,100,6333,1,0
D,G,D,9231,100,9231,1,0
D,H,D,1452,100,1452,1,0
A,E,E,1400,100,1400,1,0
B,E,E,4361,100,4361,1,0
C,E,E,9869,100,9869,1,0
D,E,E,9720,100,9720,1,0
E,F,E,3690,100,3690,1,0
E,G,E,9903,100,9903,1,0
E,H,E,9636,100,9636,1,0
A,F,F,3507,100,3507,1,0
B,F,F,1421,100,1421,1,0
C,F,F,7193,100,7193,1,0
D,F,F,6355,100,6355,1,0
E,F,F,3674,100,3674,1,0
F,G,F,7360,100,7360,1,0
F,H,F,6310,100,6310,1,0
A,G,G,9611,100,9611,1,0
B,G,G,7190,100,7190,1,0
C,G,G,1588,100,1588,1,0
D,G,G,9214,100,9214,1,0
E,G,G,9902,100,9902,1,0
F,G,G,7360,100,7360,1,0
G,H,G,9286,100,9286,1,0
A,H,H,9403,100,9403,1,0
B,H,H,6184,100,6184,1,0
C,H,H,9046,100,9046,1,0
D,H,H,1402,100,1402,1,0
E,H,H,9641,100,9641,1,0
F,H,H,6292,100,6292,1,0
G,H,H,9301,100,9301,1,0
A,B,A,3620,100,3620,1,0
A,C,A,9305,100,9305,1,0
A,D,A,9256,100,9256,1,0
A,E,A,1451,100,1451,1,0
A,F,A,3562,100,3562,1,0
A,G,A,9576,100,9576,1,0
A,H,A,9380,100,9380,1,0
A,B,B,3697,100,3697,1,0
B,C,B,6763,100,6763,1,0
B,D,B,5946,100,5946,1,0
B,E,B,4314,100,4314,1,0
B,F,B,1372,100,1372,1,0
B,G,B,7226,100,7226,1,0
B,H,B,6249,100,6249,1,0
A,C,C,9252,100,9252,1,0
B,C,C,6768,100,6768,1,0
C,D,C,8716,100,8716,1,0
C,E,C,9872,100,9872,1,0
C,F,C,7232,100,7232,1,0
C,G,C,1575,100,1575,1,0
C,H,C,9043,100,9043,1,0
A,D,D,9289,100,9289,1,0
B,D,D,5962,100,5962,1,0
C,D,D,8725,100,8725,1,0
D,E,D,9703,100,9703,1,0
D,F,D,6350,100,6350,1,0
D,G,D,9222,100,9222,1,0
D,H,D,1383,100,1383,1,0
A,E,E,1468,100,1468,1,0
B,E,E,4301,100,4301,1,0
C,E,E,9843,100,9843,1,0
D,E,E,9749,100,9749,1,0
E,F,E,3677,100,3677,1,0
E,G,E,9921,100,9921,1,0
E,H,E,9701,100,9701,1,0
A,F,F,3505,100,3505,1,0
B,F,F,1443,100,1443,1,0
C,F,F,7185,100,7185,1,0
D,F,F,6336,100,6336,1,0
E,F,F,3703,100,3703,1,0
F,G,F,7380,100,7380,1,0
F,H,F,6299,100,6299,1,0
A,G,G,9618,100,9618,1,0
B,G,G,7201,100,7201,1,0
C,G,G,1600,100,1600,1,0
D,G,G,9305,100,9305,1,0
E,G,G,9925,100,9925,1,0
F,G,G,7371,100,7371,1,0
G,H,G,9364,100,9364,1,0
A,H,H,9405,100,9405,1,0
B,H,H,6185,100,6185,1,0
C,H,H,9084,100,9084,1,0
D,H,H,1405,100,1405,1,0
E,H,H,9661,100,9661,1,0
F,H,H,6247,100,6247,1,0
G,H,H,9327,100,9327,1,0
A,B,A,3655,100,3655,1,0
A,C,A,9272,100,9272,1,0
A,D,A,9274,100,9274,1,0
A,E,A,1411,100,1411,1,0
A,F,A,3509,100,3509,1,0
A,G,A,9606,100,9606,1,0
A,H,A,9461,100,9461,1,0
A,B,B,3605,100,3605,1,0
B,C,B,6762,100,6762,1,0
B,D,B,5940,100,5940,1,0
B,E,B,4325,100,4325,1,0
B,F,B,1398,100,1398,1,0
B,G,B,7160,100,7160,1,0
B,H,B,6213,100,6213,1,0
A,C,C,9303,100,9303,1,0
B,C,C,6719,100,6719,1,0
C,D,C,8727,100,8727,1,0
C,E,C,9834,100,9834,1,0
C,F,C,7202,100,7202,1,0
C,G,C,1597,100,1597,1,0
C,H,C,9053,100,9053,1,0
A,D,D,9255,100,9255,1,0
B,D,D,5989,100,5989,1,0
C,D,D,8731,100,8731,1,0
D,E,D,9747,100,9747,1,0
D,F,D,6347,100,6347,1,0
D,G,D,9241,100,9241,1,0
D,H,D,1421,100,1421,1,0
A,E,E,1417,100,1417,1,0
B,E,E,4330,100,4330,1,0
C,E,E,9885,100,9885,1,0
D,E,E,9697,100,9697,1,0
E,F,E,3716,100,3716,1,0
E,G,E,9930,100,9930,1,0
E,H,E,9651,100,9651,1,0
A,F,F,3518,100,3518,1,0
B,F,F,1383,100,1383,1,0
C,F,F,7189,100,7189,1,0
D,F,F,6343,100,6343,1,0
E,F,F,3735,100,3735,1,0
F,G,F,7392,100,7392,1,0
F,H,F,6304,100,6304,1,0
A,G,G,9528,100,9528,1,0
B,G,G,7189,100,7189,1,0
C,G,G,1579,100,1579,1,0
D,G,G,9272,100,9272,1,0
E,G,G,9899,100,9899,1,0
F,G,G,7378,100,7378,1,0
G,H,G,9324,100,9324,1,0
A,H,H,9411,100,9411,1,0
B,H,H,6207,100,6207,1,0
C,H,H,9011,100,9011,1,0
D,H,H,1457,100,1457,1,0
E,H,H,9664,100,9664,1,0
F,H,H,6259,100,6259,1,0
G,H,H,9361,100,9361,1,0
A,B,A,3615,100,3615,1,0
A,C,A,9281,100,9281,1,0
A,D,A,9276,100,9276,1,0
A,E,A,1455,100,1455,1,0
A,F,A,3535,100,3535,1,0
A,G,A,9605,100,9605,1,0
A,H,A,9404,100,9404,1,0
A,B,B,3628,100,3628,1,0
B,C,B,6721,100,6721,1,0
B,D,B,6004,100,6004,1,0
B,E,B,4266,100,4266,1,0
B,F,B,1416,100,1416,1,0
B,G,B,7201,100,7201,1,0
B,H,B,6173,100,6173,1,0
A,C,C,9250,100,9250,1,0
B,C,C,6712,100,6712,1,0
C,D,C,8738,100,8738,1,0
C,E,C,9854,100,9854,1,0
C,F,C,7201,100,7201,1,0
C,G,C,1576,100,1576,1,0
C,H,C,9074,100,9074,1,0
A,D,D,9260,100,9260,1,0
B,D,D,5966,100,5966,1,0
C,D,D,8723,100,8723,1,0
D,E,D,9749,100,9749,1,0
D,F,D,6331,100,6331,1,0
D,G,D,9234,100,9234,1,0
D,H,D,1410,100,1410,1,0
A,E,E,1406,100,1406,1,0
B,E,E,4331,100,4331,1,0
C,E,E,9792,100,9792,1,0
D,E,E,9710,100,9710,1,0
E,F,E,3693,100,3693,1,0
E,G,E,9956,100,9956,1,0
E,H,E,9649,100,9649,1,0
A,F,F,3497,100,3497,1,0
B,F,F,1404,100,1404,1,0
C,F,F,7190,100,7190,1,0
D,F,F,6369,100,6369,1,0
E,F,F,3688,100,3688,1,0
F,G,F,7349,100,7349,1,0
F,H,F,6252,100,6252,1,0
A,G,G,9606,100,9606,1,0
B,G,G,7211,100,7211,1,0
C,G,G,1590,100,1590,1,0
D,G,G,9244,100,9244,1,0
E,G,G,9933,100,9933,1,0
F,G,G,7402,100,7402,1,0
G,H,G,9279,100,9279,1,0
A,H,H,9380,100,9380,1,0
B,H,H,6199,100,6199,1,0
C,H,H,9084,100,9084,1,0
D,H,H,1387,100,1387,1,0
E,H,H,9640,100,9640,1,0
F,H,H,6267,100,6267,1,0
G,H,H,9339,100,9339,1,0
A,B,A,3671,100,3671,1,0
A,C,A,9324,100,9324,1,0
A,D,A,9283,100,9283,1,0
A,E,A,1402,100,1402,1,0
A,F,A,3497,100,3497,1,0
A,G,A,9575,100,9575,1,0
A,H,A,9423,100,9423,1,0
A,B,B,3620,100,3620,1,0
B,C,B,6766,100,6766,1,0
B,D,B,5917,100,5917,1,0
B,E,B,4328,100,4328,1,0
B,F,B,1427,100,1427,1,0
B,G,B,7187,100,7187,1,0
B,H,B,6206,100,6206,1,0
A,C,C,9291,100,9291,1,0
B,C,C,6706,100,6706,1,0
C,D,C,8706,100,8706,1,0
C,E,C,9824,100,9824,1,0
C,F,C,7209,100,7209,1,0
C,G,C,1601,100,1601,1,0
C,H,C,9074,100,9074,1,0
A,D,D,9265,100,9265,1,0
B,D,D,6004,100,6004,1,0
C,D,D,8717,100,8717,1,0
D,E,D,9763,100,9763,1,0
D,F,D,6356,100,6356,1,0
D,G,D,9246,100,9246,1,0
D,H,D,1412,100,1412,1,0
A,E,E,1419,100,1419,1,0
B,E,E,4307,100,4307,1,0
C,E,E,9820,100,9820,1,0
D,E,E,9774,100,9774,1,0
E,F,E,3733,100,3733,1,0
E,G,E,9914,100,9914,1,0
E,H,E,9628,100,9628,1,0
A,F,F,3550,100,3550,1,0
B,F,F,1413,100,1413,1,0
C,F,F,7197,100,7197,1,0
D,F,F,6311,100,6311,1,0
E,F,F,3690,100,3690,1,0
F,G,F,7358,100,7358,1,0
F,H,F,6236,100,6236,1,0
A,G,G,9638,100,9638,1,0
B,G,G,7159,100,7159,1,0
C,G,G,1570,100,1570,1,0
D,G,G,9253,100,9253,1,0
E,G,G,9905,100,9905,1,0
F,G,G,7342,100,7342,1,0
G,H,G,9335,100,9335,1,0
A,H,H,9383,100,9383,1,0
B,H,H,6218,100,6218,1,0
C,H,H,9002,100,9002,1,0
D,H,H,1450,100,1450,1,0
E,H,H,9645,100,9645,1,0
F,H,H,6261,100,6261,1,0
G,H,H,9360,100,9360,1,0
A,B,A,3618,100,3618,1,0
A,C,A,9329,100,9329,1,0
A,D,A,9259,100,9259,1,0
A,E,A,1485,100,1485,1,0
A,F,A,3548,100,3548,1,0
A,G,A,9598,100,9598,1,0
A,H,A,9434,100,9434,1,0
A,B,B,3664,100,3664,1,0
B,C,B,6734,100,6734,1,0
B,D,B,5938,100,5938,1,0
B,E,B,4349,100,4349,1,0
B,F,B,1398,100,1398,1,0
B,G,B,7179,100,7179,1,0
B,H,B,6213,100,6213,1,0
A,C,C,9282,100,9282,1,0
B,C,C,6728,100,6728,1,0
C,D,C,8693,100,8693,1,0
C,E,C,9796,100,9796,1,0
C,F,C,7190,100,7190,1,0
C,G,C,1558,100,1558,1,0
C,H,C,9015,100,9015,1,0
A,D,D,9275,100,9275,1,0
B,D,D,6002,100,6002,1,0
C,D,D,8699,100,8699,1,0
D,E,D,9719,100,9719,1,0
D,F,D,6371,100,6371,1,0
D,G,D,9236,100,9236,1,0
D,H,D,1391,100,1391,1,0
A,E,E,1432,100,1432,1,0
B,E,E,4314,100,4314,1,0
C,E,E,9827,100,9827,1,0
D,E,E,9684,100,9684,1,0
E,F,E,3716,100,3716,1,0
E,G,E,9903,100,9903,1,0
E,H,E,9611,100,9611,1,0
A,F,F,3499,100,3499,1,0
B,F,F,1406,100,1406,1,0
C,F,F,7198,100,7198,1,0
D,F,F,6361,100,6361,1,0
E,F,F,3694,100,3694,1,0
F,G,F,7395,100,7395,1,0
F,H,F,6302,100,6302,1,0
A,G,G,9619,100,9619,1,0
B,G,G,7157,100,7157,1,0
C,G,G,1620,100,1620,1,0
D,G,G,9220,100,9220,1,0
E,G,G,9901,100,9901,1,0
F,G,G,7377,100,7377,1,0
G,H,G,9332,100,9332,1,0
A,H,H,9427,100,9427,1,0
B,H,H,6190,100,6190,1,0
C,H,H,9074,100,9074,1,0
D,H,H,1358,100,1358,1,0
E,H,H,9683,100,9683,1,0
F,H,H,6274,100,6274,1,0
G,H,H,9343,100,9343,1,0
A,B,A,3613,100,3613,1,0
A,C,A,9316,100,9316,1,0
A,D,A,9271,100,9271,1,0
A,E,A,1459,100,1459,1,0
A,F,A,3508,100,3508,1,0
A,G,A,9572,100,9572,1,0
A,H,A,9460,100,9460,1,0
A,B,B,3624,100,3624,1,0
B,C,B,6714,100,6714,1,0
B,D,B,5919,100,5919,1,0
B,E,B,4297,100,4297,1,0
B,F,B,1390,100,1390,1,0
B,G,B,7179,100,7179,1,0
B,H,B,6220,100,6220,1,0
A,C,C,9312,100,9312,1,0
B,C,C,6754,100,6754,1,0
C,D,C,8718,100,8718,1,0
C,E,C,9798,100,9798,1,0
C,F,C,7202,100,7202,1,0
C,G,C,1622,100,1622,1,0
C,H,C,9088,100,9088,1,0
A,D,D,9309,100,9309,1,0
B,D,D,5998,100,5998,1,0
C,D,D,8720,100,8720,1,0
D,E,D,9753,100,9753,1,0
D,F,D,6363,100,6363,1,0
D,G,D,9267,100,9267,1,0
D,H,D,1447,100,1447,1,0
A,E,E,1496,100,1496,1,0
B,E,E,4360,100,4360,1,0
C,E,E,9809,100,9809,1,0
D,E,E,9635,100,9635,1,0
E,F,E,3681,100,3681,1,0
E,G,E,9926,100,9926,1,0
E,H,E,9667,100,9667,1,0
A,F,F,3526,100,3526,1,0
B,F,F,1429,100,1429,1,0
C,F,F,7207,100,7207,1,0
D,F,F,6351,100,6351,1,0
E,F,F,3685,100,3685,1,0
F,G,F,7373,100,7373,1,0
F,H,F,6249,100,6249,1,0
A,G,G,9608,100,9608,1,0
B,G,G,7242,100,7242,1,0
C,G,G,1572,100,1572,1,0
D,G,G,9252,100,9252,1,0
E,G,G,9928,100,9928,1,0
F,G,G,7376,100,7376,1,0
G,H,G,9318,100,9318,1,0
A,H,H,9389,100,9389,1,0
B,H,H,6161,100,6161,1,0
C,H,H,9063,100,9063,1,0
D,H,H,1407,100,1407,1,0
E,H,H,9664,100,9664,1,0
F,H,H,6290,100,6290,1,0
G,H,H,9335,100,9335,1,0
A,B,A,3655,100,3655,1,0
A,C,A,9299,100,9299,1,0
A,D,A,9255,100,9255,1,0
A,E,A,1406,100,1406,1,0
A,F,A,3516,100,3516,1,0
A,G,A,9619,100,9619,1,0
A,H,A,9406,100,9406,1,0
A,B,B,3603,100,3603,1,0
B,C,B,6717,100,6717,1,0
B,D,B,5940,100,5940,1,0
B,E,B,4294,100,4294,1,0
B,F,B,1417,100,1417,1,0
B,G,B,7190,100,7190,1,0
B,H,B,6209,100,6209,1,0
A,C,C,9235,100,9235,1,0
B,C,C,6741,100,6741,1,0
C,D,C,8719,100,8719,1,0
C,E,C,9797,100,9797,1,0
C,F,C,7183,100,7183,1,0
C,G,C,1532,100,1532,1,0
C,H,C,9087,100,9087,1,0
A,D,D,9262,100,9262,1,0
B,D,D,5968,100,5968,1,0
C,D,D,8741,100,8741,1,0
D,E,D,9748,100,9748,1,0
D,F,D,6338,100,6338,1,0
D,G,D,9242,100,9242,1,0
D,H,D,1411,100,1411,1,0
A,E,E,1439,100,1439,1,0
B,E,E,4351,100,4351,1,0
C,E,E,9814,100,9814,1,0
D,E,E,9739,100,9739,1,0
E,F,E,3721,100,3721,1,0
E,G,E,9896,100,9896,1,0
E,H,E,9661,100,9661,1,0
A,F,F,3567,100,3567,1,0
B,F,F,1411,100,1411,1,0
C,F,F,7221,100,7221,1,0
D,F,F,6374,100,6374,1,0
E,F,F,3697,100,3697,1,0
F,G,F,7373,100,7373,1,0
F,H,F,6325,100,6325,1,0
A,G,G,9605,100,9605,1,0
B,G,G,7168,100,7168,1,0
C,G,G,1564,100,1564,1,0
D,G,G,9228,100,9228,1,0
E,G,G,9930,100,9930,1,0
F,G,G,7362,100,7362,1,0
G,H,G,9328,100,9328,1,0
A,H,H,9401,100,9401,1,0
B,H,H,6181,100,6181,1,0
C,H,H,9067,100,9067,1,0
D,H,H,1412,100,1412,1,0
E,H,H,9655,100,9655,1,0
F,H,H,6282,100,6282,1,0
G,H,H,9332,100,9332,1,0
A,B,A,3632,100,3632,1,0
A,C,A,9253,100,9253,1,0
A,D,A,9277,100,9277,1,0
A,E,A,1426,100,1426,1,0
A,F,A,3521,100,3521,1,0
A,G,A,9656,100,9656,1,0
A,H,A,9418,100,9418,1,0
A,B,B,3611,100,3611,1,0
B,C,B,6748,100,6748,1,0
B,D,B,5998,100,5998,1,0
B,E,B,4319,100,4319,1,0
B,F,B,1448,100,1448,1,0
B,G,B,7194,100,7194,1,0
B,H,B,6157,100,6157,1,0
A,C,C,9289,100,9289,1,0
B,C,C,6739,100,6739,1,0
C,D,C,8727,100,8727,1,0
C,E,C,9831,100,9831,1,0
C,F,C,7188,100,7188,1,0
C,G,C,1550,100,1550,1,0
C,H,C,9064,100,9064,1,0
A,D,D,9274,100,9274,1,0
B,D,D,5946,100,5946,1,0
C,D,D,8719,100,8719,1,0
D,E,D,9722,100,9722,1,0
D,F,D,6299,100,6299,1,0
D,G,D,9264,100,9264,1,0
D,H,D,1369,100,1369,1,0
A,E,E,1472,100,1472,1,0
B,E,E,4344,100,4344,1,0
C,E,E,9878,100,9878,1,0
D,E,E,9768,100,9768,1,0
E,F,E,3691,100,3691,1,0
E,G,E,9895,100,9895,1,0
E,H,E,9647,100,9647,1,0
A,F,F,3529,100,3529,1,0
B,F,F,1407,100,1407,1,0
C,F,F,7185,100,7185,1,0
D,F,F,6340,100,6340,1,0
E,F,F,3709,100,3709,1,0
F,G,F,7373,100,7373,1,0
F,H,F,6279,100,6279,1,0
A,G,G,9650,100,9650,1,0
B,G,G,7137,100,7137,1,0
C,G,G,1555,100,1555,1,0
D,G,G,9234,100,9234,1,0
E,G,G,9932,100,9932,1,0
F,G,G,7360,100,7360,1,0
G,H,G,9358,100,9358,1,0
A,H,H,9443,100,9443,1,0
B,H,H,6191,100,6191,1,0
C,H,H,9028,100,9028,1,0
D,H,H,1362,100,1362,1,0
E,H,H,9671,100,9671,1,0
F,H,H,6280,100,6280,1,0
G,H,H,9380,100,9380,1,0
A,B,A,3654,100,3654,1,0
A,C,A,9312,100,9312,1,0
A,D,A,9276,100,9276,1,0
A,E,A,1474,100,1474,1,0
A,F,A,3517,100,3517,1,0
A,G,A,9552,100,9552,1,0
A,H,A,9370,100,9370,1,0
A,B,B,3644,100,3644,1,0
B,C,B,6725,100,6725,1,0
B,D,B,5927,100,5927,1,0
B,E,B,4259,100,4259,1,0
B,F,B,1439,100,1439,1,0
B,G,B,7196,100,7196,1,0
B,H,B,6201,100,6201,1,0
A,C,C,9311,100,9311,1,0
B,C,C,6745,100,6745,1,0
C,D,C,8720,100,8720,1,0
C,E,C,9826,100,9826,1,0
C,F,C,7225,100,7225,1,0
C,G,C,1606,100,1606,1,0
C,H,C,9035,100,9035,1,0
A,D,D,9255,100,9255,1,0
B,D,D,6002,100,6002,1,0
C,D,D,8708,100,8708,1,0
D,E,D,9759,100,9759,1,0
D,F,D,6385,100,6385,1,0
D,G,D,9204,100,9204,1,0
D,H,D,1414,100,1414,1,0
A,E,E,1490,100,1490,1,0
B,E,E,4289,100,4289,1,0
C,E,E,9854,100,9854,1,0
D,E,E,9714,100,9714,1,0
E,F,E,3700,100,3700,1,0
E,G,E,9926,100,9926,1,0
E,H,E,9672,100,9672,1,0
A,F,F,3495,100,3495,1,0
B,F,F,1422,100,1422,1,0
C,F,F,7213,100,7213,1,0
D,F,F,6375,100,6375,1,0
E,F,F,3685,100,3685,1,0
F,G,F,7373,100,7373,1,0
F,H,F,6274,100,6274,1,0
A,G,G,9549,100,9549,1,0
B,G,G,7194,100,7194,1,0
C,G,G,1577,100,1577,1,0
D,G,G,9223,100,9223,1,0
E,G,G,9896,100,9896,1,0
F,G,G,7361,100,7361,1,0
G,H,G,9304,100,9304,1,0
A,H,H,9375,100,9375,1,0
B,H,H,6182,100,6182,1,0
C,H,H,9064,100,9064,1,0
D,H,H,1449,100,1449,1,0
E,H,H,9680,100,9680,1,0
F,H,H,6270,100,6270,1,0
G,H,H,9347,100,9347,1,0
A,B,A,3659,100,3659,1,0
A,C,A,9283,100,9283,1,0
A,D,A,9264,100,9264,1,0
A,E,A,1441,100,1441,1,0
A,F,A,3530,100,3530,1,0
A,G,A,9648,100,9648,1,0
A,H,A,9400,100,9400,1,0
A,B,B,3617,100,3617,1,0
B,C,B,6745,100,6745,1,0
B,D,B,5994,100,5994,1,0
B,E,B,4306,100,4306,1,0
B,F,B,1394,100,1394,1,0
B,G,B,7188,100,7188,1,0
B,H,B,6177,100,6177,1,0
A,C,C,9321,100,9321,1,0
B,C,C,6742,100,6742,1,0
C,D,C,8685,100,8685,1,0
C,E,C,9808,100,9808,1,0
C,F,C,7209,100,7209,1,0
C,G,C,1554,100,1554,1,0
C,H,C,9032,100,9032,1,0
A,D,D,9268,100,9268,1,0
B,D,D,5934,100,5934,1,0
C,D,D,8758,100,8758,1,0
D,E,D,9762,100,9762,1,0
D,F,D,6363,100,6363,1,0
D,G,D,9236,100,9236,1,0
D,H,D,1399,100,1399,1,0
A,E,E,1414,100,1414,1,0
B,E,E,4318,100,4318,1,0
C,E,E,9815,100,9815,1,0
D,E,E,9794,100,9794,1,0
E,F,E,3696,100,3696,1,0
E,G,E,9923,100,9923,1,0
E,H,E,9614,100,9614,1,0
A,F,F,3534,100,3534,1,0
B,F,F,1404,100,1404,1,0
C,F,F,7226,100,7226,1,0
D,F,F,6330,100,6330,1,0
E,F,F,3693,100,3693,1,0
F,G,F,7377,100,7377,1,0
F,H,F,6292,100,6292,1,0
A,G,G,9605,100,9605,1,0
B,G,G,7208,100,7208,1,0
C,G,G,1560,100,1560,1,0
D,G,G,9222,100,9222,1,0
E,G,G,9940,100,9940,1,0
F,G,G,7392,100,7392,1,0
G,H,G,9362,100,9362,1,0
A,H,H,9419,100,9419,1,0
B,H,H,6181,100,6181,1,0
C,H,H,9029,100,9029,1,0
D,H,H,1436,100,1436,1,0
E,H,H,9658,100,9658,1,0
F,H,H,6251,100,6251,1,0
G,H,H,9287,100,9287,1,0
A,B,A,3641,100,3641,1,0
A,C,A,9264,100,9264,1,0
A,D,A,9287,100,9287,1,0
A,E,A,1449,100,1449,1,0
A,F,A,3509,100,3509,1,0
A,G,A,9603,100,9603,1,0
A,H,A,9400,100,9400,1,0
A,B,B,3622,100,3622,1,0
B,C,B,6759,100,6759,1,0
B,D,B,5964,100,5964,1,0
B,E,B,4307,100,4307,1,0
B,F,B,1406,100,1406,1,0
B,G,B,7159,100,7159,1,0
B,H,B,6161,100,6161,1,0
A,C,C,9271,100,9271,1,0
B,C,C,6754,100,6754,1,0
C,D,C,8699,100,8699,1,0
C,E,C,9803,100,9803,1,0
C,F,C,7218,100,7218,1,0
C,G,C,1561,100,1561,1,0
C,H,C,9030,100,9030,1,0
A,D,D,9262,100,9262,1,0
B,D,D,5941,100,5941,1,0
C,D,D,8733,100,8733,1,0
D,E,D,9703,100,9703,1,0
D,F,D,6321,100,6321,1,0
D,G,D,9213,100,9213,1,0
D,H,D,1439,100,1439,1,0
A,E,E,1400,100,1400,1,0
B,E,E,4329,100,4329,1,0
C,E,E,9814,100,9814,1,0
D,E,E,9711,100,9711,1,0
E,F,E,3660,100,3660,1,0
E,G,E,9914,100,9914,1,0
E,H,E,9674,100,9674,1,0
A,F,F,3549,100,3549,1,0
B,F,F,1398,100,1398,1,0
C,F,F,7239,100,7239,1,0
D,F,F,6349,100,6349,1,0
E,F,F,3731,100,3731,1,0
F,G,F,7374,100,7374,1,0
F,H,F,6303,100,6303,1,0
A,G,G,9600,100,9600,1,0
B,G,G,7201,100,7201,1,0
C,G,G,1584,100,1584,1,0
D,G,G,9221,100,9221,1,0
E,G,G,9903,100,9903,1,0
F,G,G,7349,100,7349,1,0
G,H,G,9280,100,9280,1,0
A,H,H,9352,100,9352,1,0
B,H,H,6188,100,6188,1,0
C,H,H,8990,100,8990,1,0
D,H,H,1407,100,1407,1,0
E,H,H,9658,100,9658,1,0
F,H,H,6309,100,6309,1,0
G,H,H,9334,100,9334,1,0
A,B,A,3615,100,3615,1,0
A,C,A,9294,100,9294,1,0
A,D,A,9269,100,9269,1,0
A,E,A,1421,100,1421,1,0
A,F,A,3502,100,3502,1,0
A,G,A,9615,100,9615,1,0
A,H,A,9390,100,9390,1,0
A,B,B,3599,100,3599,1,0
B,C,B,6722,100,6722,1,0
B,D,B,6001,100,6001,1,0
B,E,B,4302,100,4302,1,0
B,F,B,1412,100,1412,1,0
B,G,B,7199,100,7199,1,0
B,H,B,6183,100,6183,1,0
A,C,C,9311,100,9311,1,0
B,C,C,6731,100,6731,1,0
C,D,C,8715,100,8715,1,0
C,E,C,9834,100,9834,1,0
C,F,C,7204,100,7204,1,0
C,G,C,1570,100,1570,1,0
C,H,C,9098,100,9098,1,0
A,D,D,9290,100,9290,1,0
B,D,D,5969,100,5969,1,0
C,D,D,8712,100,8712,1,0
D,E,D,9713,100,9713,1,0
D,F,D,6332,100,6332,1,0
D,G,D,9245,100,9245,1,0
D,H,D,1421,100,1421,1,0
A,E,E,1450,100,1450,1,0
B,E,E,4292,100,4292,1,0
C,E,E,9843,100,9843,1,0
D,E,E,9750,100,9750,1,0
E,F,E,3703,100,3703,1,0
E,G,E,9924,100,9924,1,0
E,H,E,9680,100,9680,1,0
A,F,F,3536,100,3536,1,0
B,F,F,1409,100,1409,1,0
C,F,F,7220,100,7220,1,0
D,F,F,6372,100,6372,1,0
E,F,F,3685,100,3685,1,0
F,G,F,7358,100,7358,1,0
F,H,F,6231,100,6231,1,0
A,G,G,9515,100,9515,1,0
B,G,G,7219,100,7219,1,0
C,G,G,1565,100,1565,1,0
D,G,G,9207,100,9207,1,0
E,G,G,9912,100,9912,1,0
F,G,G,7376,100,7376,1,0
G,H,G,9318,100,9318,1,0
A,H,H,9393,100,9393,1,0
B,H,H,6192,100,6192,1,0
C,H,H,9074,100,9074,1,0
D,H,H,1428,100,1428,1,0
E,H,H,9636,100,9636,1,0
F,H,H,6272,100,6272,1,0
G,H,H,9306,100,9306,1,0
A,B,A,3636,100,3636,1,0
A,C,A,9273,100,9273,1,0
A,D,A,9266,100,9266,1,0
A,E,A,1421,100,1421,1,0
A,F,A,3487,100,3487,1,0
A,G,A,9565,100,9565,1,0
A,H,A,9446,100,9446,1,0
A,B,B,3627,100,3627,1,0
B,C,B,6783,100,6783,1,0
B,D,B,5924,100,5924,1,0
B,E,B,4316,100,4316,1,0
B,F,B,1427,100,1427,1,0
B,G,B,7193,100,7193,1,0
B,H,B,6231,100,6231,1,0
A,C,C,9298,100,9298,1,0
B,C,C,6743,100,6743,1,0
C,D,C,8708,100,8708,1,0
C,E,C,9851,100,9851,1,0
C,F,C,7241,100,7241,1,0
C,G,C,1605,100,1605,1,0
C,H,C,9019,100,9019,1,0
A,D,D,9270,100,9270,1,0
B,D,D,5965,100,5965,1,0
C,D,D,8726,100,8726,1,0
D,E,D,9706,100,9706,1,0
D,F,D,6349,100,6349,1,0
D,G,D,9230,100,9230,1,0
D,H,D,1412,100,1412,1,0
A,E,E,1455,100,1455,1,0
B,E,E,4272,100,4272,1,0
C,E,E,9800,100,9800,1,0
D,E,E,9647,100,9647,1,0
E,F,E,3677,100,3677,1,0
E,G,E,9911,100,9911,1,0
E,H,E,9681,100,9681,1,0
A,F,F,3518,100,3518,1,0
B,F,F,1437,100,1437,1,0
C,F,F,7234,100,7234,1,0
D,F,F,6383,100,6383,1,0
E,F,F,3670,100,3670,1,0
F,G,F,7359,100,7359,1,0
F,H,F,6317,100,6317,1,0
A,G,G,9519,100,9519,1,0
B,G,G,7217,100,7217,1,0
C,G,G,1592,100,1592,1,0
D,G,G,9227,100,9227,1,0
E,G,G,9904,100,9904,1,0
F,G,G,7353,100,7353,1,0
G,H,G,9342,100,9342,1,0
A,H,H,9394,100,9394,1,0
B,H,H,6216,100,6216,1,0
C,H,H,9043,100,9043,1,0
D,H,H,1402,100,1402,1,0
E,H,H,9675,100,9675,1,0
F,H,H,6292,100,6292,1,0
G,H,H,9311,100,9311,1,0
A,B,A,3648,100,3648,1,0
A,C,A,9291,100,9291,1,0
A,D,A,9262,100,9262,1,0
A,E,A,1412,100,1412,1,0
A,F,A,3544,100,3544,1,0
A,G,A,9595,100,9595,1,0
A,H,A,9405,100,9405,1,0
A,B,B,3671,100,3671,1,0
B,C,B,6752,100,6752,1,0
B,D,B,5956,100,5956,1,0
B,E,B,4292,100,4292,1,0
B,F,B,1416,100,1416,1,0
B,G,B,7219,100,7219,1,0
B,H,B,6149,100,6149,1,0
A,C,C,9287,100,9287,1,0
B,C,C,6750,100,6750,1,0
C,D,C,8737,100,8737,1,0
C,E,C,9840,100,9840,1,0
C,F,C,7223,100,7223,1,0
C,G,C,1600,100,1600,1,0
C,H,C,9045,100,9045,1,0
A,D,D,9266,100,9266,1,0
B,D,D,5944,100,5944,1,0
C,D,D,8710,100,8710,1,0
D,E,D,9753,100,9753,1,0
D,F,D,6351,100,6351,1,0
D,G,D,9253,100,9253,1,0
D,H,D,1385,100,1385,1,0
A,E,E,1494,100,1494,1,0
B,E,E,4334,100,4334,1,0
C,E,E,9840,100,9840,1,0
D,E,E,9738,100,9738,1,0
E,F,E,3696,100,3696,1,0
E,G,E,9933,100,9933,1,0
E,H,E,9662,100,9662,1,0
A,F,F,3479,100,3479,1,0
B,F,F,1385,100,1385,1,0
C,F,F,7217,100,7217,1,0
D,F,F,6345,100,6345,1,0
E,F,F,3694,100,3694,1,0
F,G,F,7392,100,7392,1,0
F,H,F,6290,100,6290,1,0
A,G,G,9618,100,9618,1,0
B,G,G,7192,100,7192,1,0
C,G,G,1571,100,1571,1,0
D,G,G,9250,100,9250,1,0
E,G,G,9923,100,9923,1,0
F,G,G,7360,100,7360,1,0
G,H,G,9320,100,9320,1,0
A,H,H,9359,100,9359,1,0
B,H,H,6197,100,6197,1,0
C,H,H,9036,100,9036,1,0
D,H,H,1402,100,1402,1,0
E,H,H,9643,100,9643,1,0
F,H,H,6282,100,6282,1,0
G,H,H,9299,100,9299,1,0
A,B,A,3597,100,3597,1,0
A,C,A,9304,100,9304,1,0
A,D,A,9278,100,9278,1,0
A,E,A,1421,100,1421,1,0
A,F,A,3533,100,3533,1,0
A,G,A,9586,100,9586,1,0
A,H,A,9395,100,9395,1,0
A,B,B,3664,100,3664,1,0
B,C,B,6757,100,6757,1,0
B,D,B,5979,100,5979,1,0
B,E,B,4326,100,4326,1,0
B,F,B,1415,100,1415,1,0
B,G,B,7201,100,7201,1,0
B,H,B,6216,100,6216,1,0
A,C,C,9275,100,9275,1,0
B,C,C,6741,100,6741,1,0
C,D,C,8749,100,8749,1,0
C,E,C,9858,100,9858,1,0
C,F,C,7192,100,7192,1,0
C,G,C,1625,100,1625,1,0
C,H,C,9051,100,9051,1,0
A,D,D,9281,100,9281,1,0
B,D,D,5971,100,5971,1,0
C,D,D,8733,100,8733,1,0
D,E,D,9687,100,9687,1,0
D,F,D,6360,100,6360,1,0
D,G,D,9281,100,9281,1,0
D,H,D,1422,100,1422,1,0
A,E,E,1460,100,1460,1,0
B,E,E,4277,100,4277,1,0
C,E,E,9846,100,9846,1,0
D,E,E,9737,100,9737,1,0
E,F,E,3708,100,3708,1,0
E,G,E,9934,100,9934,1,0
E,H,E,9651,100,9651,1,0
A,F,F,3507,100,3507,1,0
B,F,F,1432,100,1432,1,0
C,F,F,7222,100,7222,1,0
D,F,F,6373,100,6373,1,0
E,F,F,3700,100,3700,1,0
F,G,F,7364,100,7364,1,0
F,H,F,6243,100,6243,1,0
A,G,G,9602,100,9602,1,0
B,G,G,7229,100,7229,1,0
C,G,G,1570,100,1570,1,0
D,G,G,9253,100,9253,1,0
E,G,G,9927,100,9927,1,0
F,G,G,7360,100,7360,1,0
G,H,G,9333,100,9333,1,0
A,H,H,9399,100,9399,1,0
B,H,H,6196,100,6196,1,0
C,H,H,9078,100,9078,1,0
D,H,H,1393,100,1393,1,0
E,H,H,9644,100,9644,1,0
F,H,H,6251,100,6251,1,0
G,H,H,9295,100,9295,1,0
A,B,A,3594,100,3594,1,0
A,C,A,9314,100,9314,1,0
A,D,A,9259,100,9259,1,0
A,E,A,1421,100,1421,1,0
A,F,A,3518,100,3518,1,0
A,G,A,9620,100,9620,1,0
A,H,A,9401,100,9401,1,0
A,B,B,3629,100,3629,1,0
B,C,B,6716,100,6716,1,0
B,D,B,5963,100,5963,1,0
B,E,B,4287,100,4287,1,0
B,F,B,1402,100,1402,1,0
B,G,B,7182,100,7182,1,0
B,H,B,6166,100,6166,1,0
A,C,C,9365,100,9365,1,0
B,C,C,6784,100,6784,1,0
C,D,C,8685,100,8685,1,0
C,E,C,9802,100,9802,1,0
C,F,C,7231,100,7231,1,0
C,G,C,1587,100,1587,1,0
C,H,C,9012,100,9012,1,0
A,D,D,9269,100,9269,1,0
B,D,D,6008,100,6008,1,0
C,D,D,8736,100,8736,1,0
D,E,D,9721,100,9721,1,0
D,F,D,6369,100,6369,1,0
D,G,D,9260,100,9260,1,0
D,H,D,1441,100,1441,1,0
A,E,E,1371,100,1371,1,0
B,E,E,4292,100,4292,1,0
C,E,E,9771,100,9771,1,0
D,E,E,9799,100,9799,1,0
E,F,E,3679,100,3679,1,0
E,G,E,9924,100,9924,1,0
E,H,E,9667,100,9667,1,0
A,F,F,3456,100,3456,1,0
B,F,F,1380,100,1380,1,0
C,F,F,7217,100,7217,1,0
D,F,F,6325,100,6325,1,0
E,F,F,3698,100,3698,1,0
F,G,F,7397,100,7397,1,0
F,H,F,6276,100,6276,1,0
A,G,G,9610,100,9610,1,0
B,G,G,7189,100,7189,1,0
C,G,G,1580,100,1580,1,0
D,G,G,9270,100,9270,1,0
E,G,G,9920,100,9920,1,0
F,G,G,7375,100,7375,1,0
G,H,G,9342,100,9342,1,0
A,H,H,9431,100,9431,1,0
B,H,H,6182,100,6182,1,0
C,H,H,9001,100,9001,1,0
D,H,H,1421,100,1421,1,0
E,H,H,9686,100,9686,1,0
F,H,H,6266,100,6266,1,0
G,H,H,9352,100,9352,1,0
A,B,A,3662,100,3662,1,0
A,C,A,9261,100,9261,1,0
A,D,A,9253,100,9253,1,0
A,E,A,1451,100,1451,1,0
A,F,A,3563,100,3563,1,0
A,G,A,9630,100,9630,1,0
A,H,A,9394,100,9394,1,0
A,B,B,3658,100,3658,1,0
B,C,B,6734,100,6734,1,0
B,D,B,5962,100,5962,1,0
B,E,B,4269,100,4269,1,0
B,F,B,1415,100,1415,1,0
B,G,B,7242,100,7242,1,0
B,H,B,6234,100,6234,1,0
A,C,C,9275,100,9275,1,0
B,C,C,6736,100,6736,1,0
C,D,C,8737,100,8737,1,0
C,E,C,9830,100,9830,1,0
C,F,C,7209,100,7209,1,0
C,G,C,1577,100,1577,1,0
C,H,C,9056,100,9056,1,0
A,D,D,9272,100,9272,1,0
B,D,D,5936,100,5936,1,0
C,D,D,8735,100,8735,1,0
D,E,D,9753,100,9753,1,0
D,F,D,6387,100,6387,1,0
D,G,D,9253,100,9253,1,0
D,H,D,1420,100,1420,1,0
A,E,E,1448,100,1448,1,0
B,E,E,4289,100,4289,1,0
C,E,E,9836,100,9836,1,0
D,E,E,9737,100,9737,1,0
E,F,E,3721,100,3721,1,0
E,G,E,9904,100,9904,1,0
E,H,E,9635,100,9635,1,0
A,F,F,3526,100,3526,1,0
B,F,F,1417,100,1417,1,0
C,F,F,7237,100,7237,1,0
D,F,F,6320,100,6320,1,0
E,F,F,3712,100,3712,1,0
F,G,F,7373,100,7373,1,0
F,H,F,6270,100,6270,1,0
A,G,G,9639,100,9639,1,0
B,G,G,7172,100,7172,1,0
C,G,G,1579,100,1579,1,0
D,G,G,9227,100,9227,1,0
E,G,G,9921,100,9921,1,0
F,G,G,7379,100,7379,1,0
G,H,G,9319,100,9319,1,0
A,H,H,9453,100,9453,1,0
B,H,H,6159,100,6159,1,0
C,H,H,9042,100,9042,1,0
D,H,H,1391,100,1391,1,0
E,H,H,9641,100,9641,1,0
F,H,H,6293,100,6293,1,0
G,H,H,9317,100,9317,1,0
A,B,A,3657,100,3657,1,0
A,C,A,9328,100,9328,1,0
A,D,A,9291,100,9291,1,0
A,E,A,1400,100,1400,1,0
A,F,A,3515,100,3515,1,0
A,G,A,9641,100,9641,1,0
A,H,A,9401,100,9401,1,0
A,B,B,3650,100,3650,1,0
B,C,B,6715,100,6715,1,0
B,D,B,5937,100,5937,1,0
B,E,B,4309,100,4309,1,0
B,F,B,1387,100,1387,1,0
B,G,B,7172,100,7172,1,0
B,H,B,6161,100,6161,1,0
A,C,C,9265,100,9265,1,0
B,C,C,6725,100,6725,1,0
C,D,C,8748,100,8748,1,0
C,E,C,9837,100,9837,1,0
C,F,C,7208,100,7208,1,0
C,G,C,1565,100,1565,1,0
C,H,C,9058,100,9058,1,0
A,D,D,9278,100,9278,1,0
B,D,D,5894,100,5894,1,0
C,D,D,8741,100,8741,1,0
D,E,D,9753,100,9753,1,0
D,F,D,6326,100,6326,1,0
D,G,D,9207,100,9207,1,0
D,H,D,1375,100,1375,1,0
A,E,E,1398,100,1398,1,0
B,E,E,4274,100,4274,1,0
C,E,E,9828,100,9828,1,0
D,E,E,9741,100,9741,1,0
E,F,E,3703,100,3703,1,0
E,G,E,9898,100,9898,1,0
E,H,E,9661,100,9661,1,0
A,F,F,3479,100,3479,1,0
B,F,F,1393,100,1393,1,0
C,F,F,7206,100,7206,1,0
D,F,F,6331,100,6331,1,0
E,F,F,3704,100,3704,1,0
F,G,F,7350,100,7350,1,0
F,H,F,6273,100,6273,1,0
A,G,G,9598,100,9598,1,0
B,G,G,7209,100,7209,1,0
C,G,G,1602,100,1602,1,0
D,G,G,9210,100,9210,1,0
E,G,G,9940,100,9940,1,0
F,G,G,7372,100,7372,1,0
G,H,G,9309,100,9309,1,0
A,H,H,9422,100,9422,1,0
B,H,H,6220,100,6220,1,0
C,H,H,9071,100,9071,1,0
D,H,H,1391,100,1391,1,0
E,H,H,9664,100,9664,1,0
F,H,H,6267,100,6267,1,0
G,H,H,9305,100,9305,1,0
A,B,A,3675,100,3675,1,0
A,C,A,9314,100,9314,1,0
A,D,A,9263,100,9263,1,0
A,E,A,1423,100,1423,1,0
A,F,A,3541,100,3541,1,0
A,G,A,9654,100,9654,1,0
A,H,A,9386,100,9386,1,0
A,B,B,3667,100,3667,1,0
B,C,B,6786,100,6786,1,0
B,D,B,5954,100,5954,1,0
B,E,B,4290,100,4290,1,0
B,F,B,1379,100,1379,1,0
B,G,B,7185,100,7185,1,0
B,H,B,6277,100,6277,1,0
A,C,C,9271,100,9271,1,0
B,C,C,6730,100,6730,1,0
C,D,C,8721,100,8721,1,0
C,E,C,9855,100,9855,1,0
C,F,C,7195,100,7195,1,0
C,G,C,1589,100,1589,1,0
C,H,C,9040,100,9040,1,0
A,D,D,9257,100,9257,1,0
B,D,D,5916,100,5916,1,0
C,D,D,8704,100,8704,1,0
D,E,D,9725,100,9725,1,0
D,F,D,6391,100,6391,1,0
D,G,D,9239,100,9239,1,0
D,H,D,1427,100,1427,1,0
A,E,E,1425,100,1425,1,0
B,E,E,4303,100,4303,1,0
C,E,E,9766,100,9766,1,0
D,E,E,9736,100,9736,1,0
E,F,E,3683,100,3683,1,0
E,G,E,9916,100,9916,1,0
E,H,E,9664,100,9664,1,0
A,F,F,3494,100,3494,1,0
B,F,F,1447,100,1447,1,0
C,F,F,7194,100,7194,1,0
D,F,F,6340,100,6340,1,0
E,F,F,3721,100,3721,1,0
F,G,F,7364,100,7364,1,0
F,H,F,6258,100,6258,1,0
A,G,G,9627,100,9627,1,0
B,G,G,7215,100,7215,1,0
C,G,G,1550,100,1550,1,0
D,G,G,9265,100,9265,1,0
E,G,G,9908,100,9908,1,0
F,G,G,7371,100,7371,1,0
G,H,G,9366,100,9366,1,0
A,H,H,9379,100,9379,1,0
B,H,H,6228,100,6228,1,0
C,H,H,9063,100,9063,1,0
D,H,H,1415,100,1415,1,0
E,H,H,9680,100,9680,1,0
F,H,H,6282,100,6282,1,0
G,H,H,9292,100,9292,1,0
A,B,A,3676,100,3676,1,0
A,C,A,9315,100,9315,1,0
A,D,A,9270,100,9270,1,0
A,E,A,1455,100,1455,1,0
A,F,A,3519,100,3519,1,0
A,G,A,9637,100,9637,1,0
A,H,A,9432,100,9432,1,0
A,B,B,3613,100,3613,1,0
B,C,B,6742,100,6742,1,0
B,D,B,5928,100,5928,1,0
B,E,B,4293,100,4293,1,0
B,F,B,1394,100,1394,1,0
B,G,B,7172,100,7172,1,0
B,H,B,6182,100,6182,1,0
A,C,C,9338,100,9338,1,0
B,C,C,6735,100,6735,1,0
C,D,C,8688,100,8688,1,0
C,E,C,9796,100,9796,1,0
C,F,C,7211,100,7211,1,0
C,G,C,1610,100,1610,1,0
C,H,C,9058,100,9058,1,0
A,D,D,9252,100,9252,1,0
B,D,D,5975,100,5975,1,0
C,D,D,8706,100,8706,1,0
D,E,D,9771,100,9771,1,0
D,F,D,6313,100,6313,1,0
D,G,D,9263,100,9263,1,0
D,H,D,1420,100,1420,1,0
A,E,E,1404,100,1404,1,0
B,E,E,4301,100,4301,1,0
C,E,E,9866,100,9866,1,0
D,E,E,9702,100,9702,1,0
E,F,E,3689,100,3689,1,0
E,G,E,9924,100,9924,1,0
E,H,E,9638,100,9638,1,0
A,F,F,3515,100,3515,1,0
B,F,F,1354,100,1354,1,0
C,F,F,7198,100,7198,1,0
D,F,F,6348,100,6348,1,0
E,F,F,3693,100,3693,1,0
F,G,F,7369,100,7369,1,0
F,H,F,6243,100,6243,1,0
A,G,G,9594,100,9594,1,0
B,G,G,7211,100,7211,1,0
C,G,G,1576,100,1576,1,0
D,G,G,9240,100,9240,1,0
E,G,G,9907,100,9907,1,0
F,G,G,7356,100,7356,1,0
G,H,G,9363,100,9363,1,0
A,H,H,9409,100,9409,1,0
B,H,H,6233,100,6233,1,0
C,H,H,9080,100,9080,1,0
D,H,H,1387,100,1387,1,0
E,H,H,9677,100,9677,1,0
F,H,H,6298,100,6298,1,0
G,H,H,9311,100,9311,1,0
A,B,A,3650,100,3650,1,0
A,C,A,9323,100,9323,1,0
A,D,A,9297,100,9297,1,0
A,E,A,1447,100,1447,1,0
A,F,A,3525,100,3525,1,0
A,G,A,9567,100,9567,1,0
A,H,A,9413,100,9413,1,0
A,B,B,3658,100,3658,1,0
B,C,B,6717,100,6717,1,0
B,D,B,5939,100,5939,1,0
B,E,B,4291,100,4291,1,0
B,F,B,1406,100,1406,1,0
B,G,B,7213,100,7213,1,0
B,H,B,6265,100,6265,1,0
A,C,C,9277,100,9277,1,0
B,C,C,6703,100,6703,1,0
C,D,C,8703,100,8703,1,0
C,E,C,9817,100,9817,1,0
C,F,C,7239,100,7239,1,0
C,G,C,1614,100,1614,1,0
C,H,C,9036,100,9036,1,0
A,D,D,9264,100,9264,1,0
B,D,D,5929,100,5929,1,0
C,D,D,8705,100,8705,1,0
D,E,D,9692,100,9692,1,0
D,F,D,6375,100,6375,1,0
D,G,D,9279,100,9279,1,0
D,H,D,1416,100,1416,1,0
A,E,E,1476,100,1476,1,0
B,E,E,4344,100,4344,1,0
C,E,E,9823,100,9823,1,0
D,E,E,9769,100,9769,1,0
E,F,E,3670,100,3670,1,0
E,G,E,9919,100,9919,1,0
E,H,E,9660,100,9660,1,0
A,F,F,3518,100,3518,1,0
B,F,F,1374,100,1374,1,0
C,F,F,7199,100,7199,1,0
D,F,F,6342,100,6342,1,0
E,F,F,3672,100,3672,1,0
F,G,F,7379,100,7379,1,0
F,H,F,6261,100,6261,1,0
A,G,G,9594,100,9594,1,0
B,G,G,7153,100,7153,1,0
C,G,G,1565,100,1565,1,0
D,G,G,9244,100,9244,1,0
E,G,G,9915,100,9915,1,0
F,G,G,7361,100,7361,1,0
G,H,G,9316,100,9316,1,0
A,H,H,9391,100,9391,1,0
B,H,H,6196,100,6196,1,0
C,H,H,9030,100,9030,1,0
D,H,H,1404,100,1404,1,0
E,H,H,9651,100,9651,1,0
F,H,H,6255,100,6255,1,0
G,H,H,9297,100,9297,1,0
A,B,A,3623,100,3623,1,0
A,C,A,9253,100,9253,1,0
A,D,A,9263,100,9263,1,0
A,E,A,1430,100,1430,1,0
A,F,A,3520,100,3520,1,0
A,G,A,9590,100,9590,1,0
A,H,A,9437,100,9437,1,0
A,B,B,3617,100,3617,1,0
B,C,B,6810,100,6810,1,0
B,D,B,5939,100,5939,1,0
B,E,B,4331,100,4331,1,0
B,F,B,1421,100,1421,1,0
B,G,B,7194,100,7194,1,0
B,H,B,6226,100,6226,1,0
A,C,C,9338,100,9338,1,0
B,C,C,6743,100,6743,1,0
C,D,C,8748,100,8748,1,0
C,E,C,9758,100,9758,1,0
C,F,C,7221,100,7221,1,0
C,G,C,1566,100,1566,1,0
C,H,C,9087,100,9087,1,0
A,D,D,9284,100,9284,1,0
B,D,D,5933,100,5933,1,0
C,D,D,8707,100,8707,1,0
D,E,D,9719,100,9719,1,0
D,F,D,6349,100,6349,1,0
D,G,D,9243,100,9243,1,0
D,H,D,1391,100,1391,1,0
A,E,E,1360,100,1360,1,0
B,E,E,4339,100,4339,1,0
C,E,E,9785,100,9785,1,0
D,E,E,9711,100,9711,1,0
E,F,E,3662,100,3662,1,0
E,G,E,9903,100,9903,1,0
E,H,E,9671,100,9671,1,0
A,F,F,3495,100,3495,1,0
B,F,F,1416,100,1416,1,0
C,F,F,7198,100,7198,1,0
D,F,F,6329,100,6329,1,0
E,F,F,3717,100,3717,1,0
F,G,F,7369,100,7369,1,0
F,H,F,6278,100,6278,1,0
A,G,G,9613,100,9613,1,0
B,G,G,7209,100,7209,1,0
C,G,G,1582,100,1582,1,0
D,G,G,9262,100,9262,1,0
E,G,G,9915,100,9915,1,0
F,G,G,7350,100,7350,1,0
G,H,G,9310,100,9310,1,0
A,H,H,9420,100,9420,1,0
B,H,H,6190,100,6190,1,0
C,H,H,9059,100,9059,1,0
D,H,H,1366,100,1366,1,0
E,H,H,9683,100,9683,1,0
F,H,H,6246,100,6246,1,0
G,H,H,9295,100,9295,1,0
A,B,A,3615,100,3615,1,0
A,C,A,9287,100,9287,1,0
A,D,A,9255,100,9255,1,0
A,E,A,1425,100,1425,1,0
A,F,A,3503,100,3503,1,0
A,G,A,9637,100,9637,1,0
A,H,A,9356,100,9356,1,0
A,B,B,3660,100,3660,1,0
B,C,B,6724,100,6724,1,0
B,D,B,5969,100,5969,1,0
B,E,B,4285,100,4285,1,0
B,F,B,1420,100,1420,1,0
B,G,B,7199,100,7199,1,0
B,H,B,6219,100,6219,1,0
A,C,C,9267,100,9267,1,0
B,C,C,6698,100,6698,1,0
C,D,C,8767,100,8767,1,0
C,E,C,9849,100,9849,1,0
C,F,C,7213,100,7213,1,0
C,G,C,1567,100,1567,1,0
C,H,C,9051,100,9051,1,0
A,D,D,9255,100,9255,1,0
B,D,D,5997,100,5997,1,0
C,D,D,8739,100,8739,1,0
D,E,D,9795,100,9795,1,0
D,F,D,6316,100,6316,1,0
D,G,D,9203,100,9203,1,0
D,H,D,1425,100,1425,1,0
A,E,E,1416,100,1416,1,0
B,E,E,4310,100,4310,1,0
C,E,E,9838,100,9838,1,0
D,E,E,9718,100,9718,1,0
E,F,E,3693,100,3693,1,0
E,G,E,9899,100,9899,1,0
E,H,E,9664,100,9664,1,0
A,F,F,3549,100,3549,1,0
B,F,F,1400,100,1400,1,0
C,F,F,7181,100,7181,1,0
D,F,F,6365,100,6365,1,0
E,F,F,3689,100,3689,1,0
F,G,F,7345,100,7345,1,0
F,H,F,6268,100,6268,1,0
A,G,G,9639,100,9639,1,0
B,G,G,7215,100,7215,1,0
C,G,G,1590,100,1590,1,0
D,G,G,9234,100,9234,1,0
E,G,G,9919,100,9919,1,0
F,G,G,7386,100,7386,1,0
G,H,G,9333,100,9333,1,0
A,H,H,9404,100,9404,1,0
B,H,H,6223,100,6223,1,0
C,H,H,9070,100,9070,1,0
D,H,H,1377,100,1377,1,0
E,H,H,9658,100,9658,1,0
F,H,H,6310,100,6310,1,0
G,H,H,9337,100,9337,1,0
A,B,A,3663,100,3663,1,0
A,C,A,9309,100,9309,1,0
A,D,A,9260,100,9260,1,0
A,E,A,1434,100,1434,1,0
A,F,A,3524,100,3524,1,0
A,G,A,9609,100,9609,1,0
A,H,A,9428,100,9428,1,0
A,B,B,3646,100,3646,1,0
B,C,B,6748,100,6748,1,0
B,D,B,5930,100,5930,1,0
B,E,B,4323,100,4323,1,0
B,F,B,1388,100,1388,1,0
B,G,B,7194,100,7194,1,0
B,H,B,6208,100,6208,1,0
A,C,C,9339,100,9339,1,0
B,C,C,6733,100,6733,1,0
C,D,C,8731,100,8731,1,0
C,E,C,9809,100,9809,1,0
C,F,C,7227,100,7227,1,0
C,G,C,1548,100,1548,1,0
C,H,C,9058,100,9058,1,0
A,D,D,9297,100,9297,1,0
B,D,D,5966,100,5966,1,0
C,D,D,8721,100,8721,1,0
D,E,D,9706,100,9706,1,0
D,F,D,6380,100,6380,1,0
D,G,D,9260,100,9260,1,0
D,H,D,1456,100,1456,1,0
A,E,E,1422,100,1422,1,0
B,E,E,4345,100,4345,1,0
C,E,E,9802,100,9802,1,0
D,E,E,9797,100,9797,1,0
E,F,E,3667,100,3667,1,0
E,G,E,9929,100,9929,1,0
E,H,E,9635,100,9635,1,0
A,F,F,3517,100,3517,1,0
B,F,F,1412,100,1412,1,0
C,F,F,7197,100,7197,1,0
D,F,F,6350,100,6350,1,0
E,F,F,3691,100,3691,1,0
F,G,F,7372,100,7372,1,0
F,H,F,6219,100,6219,1,0
A,G,G,9645,100,9645,1,0
B,G,G,7186,100,7186,1,0
C,G,G,1549,100,1549,1,0
D,G,G,9220,100,9220,1,0
E,G,G,9911,100,9911,1,0
F,G,G,7384,100,7384,1,0
G,H,G,9315,100,9315,1,0
A,H,H,9382,100,9382,1,0
B,H,H,6219,100,6219,1,0
C,H,H,9030,100,9030,1,0
D,H,H,1409,100,1409,1,0
E,H,H,9640,100,9640,1,0
F,H,H,6316,100,6316,1,0
G,H,H,9355,100,9355,1,0
A,B,A,3655,100,3655,1,0
A,C,A,9310,100,9310,1,0
A,D,A,9269,100,9269,1,0
A,E,A,1389,100,1389,1,0
A,F,A,3557,100,3557,1,0
A,G,A,9657,100,9657,1,0
A,H,A,9413,100,9413,1,0
A,B,B,3636,100,3636,1,0
B,C,B,6781,100,6781,1,0
B,D,B,5928,100,5928,1,0
B,E,B,4344,100,4344,1,0
B,F,B,1417,100,1417,1,0
B,G,B,7187,100,7187,1,0
B,H,B,6173,100,6173,1,0
A,C,C,9262,100,9262,1,0
B,C,C,6730,100,6730,1,0
C,D,C,8726,100,8726,1,0
C,E,C,9827,100,9827,1,0
C,F,C,7203,100,7203,1,0
C,G,C,1551,100,1551,1,0
C,H,C,9044,100,9044,1,0
A,D,D,9263,100,9263,1,0
B,D,D,5944,100,5944,1,0
C,D,D,8755,100,8755,1,0
D,E,D,9713,100,9713,1,0
D,F,D,6378,100,6378,1,0
D,G,D,9245,100,9245,1,0
D,H,D,1392,100,1392,1,0
A,E,E,1512,100,1512,1,0
B,E,E,4306,100,4306,1,0
C,E,E,9821,100,9821,1,0
D,E,E,9619,100,9619,1,0
E,F,E,3670,100,3670,1,0
E,G,E,9931,100,9931,1,0
E,H,E,9693,100,9693,1,0
A,F,F,3553,100,3553,1,0
B,F,F,1384,100,1384,1,0
C,F,F,7188,100,7188,1,0
D,F,F,6354,100,6354,1,0
E,F,F,3675,100,3675,1,0
F,G,F,7361,100,7361,1,0
F,H,F,6290,100,6290,1,0
A,G,G,9589,100,9589,1,0
B,G,G,7174,100,7174,1,0
C,G,G,1607,100,1607,1,0
D,G,G,9234,100,9234,1,0
E,G,G,9901,100,9901,1,0
F,G,G,7352,100,7352,1,0
G,H,G,9299,100,9299,1,0
A,H,H,9394,100,9394,1,0
B,H,H,6148,100,6148,1,0
C,H,H,9084,100,9084,1,0
D,H,H,1480,100,1480,1,0
E,H,H,9662,100,9662,1,0
F,H,H,6270,100,6270,1,0
G,H,H,9327,100,9327,1,0
A,B,A,3632,100,3632,1,0
A,C,A,9304,100,9304,1,0
A,D,A,9279,100,9279,1,0
A,E,A,1418,100,1418,1,0
A,F,A,3552,100,3552,1,0
A,G,A,9635,100,9635,1,0
A,H,A,9367,100,9367,1,0
A,B,B,3613,100,3613,1,0
B,C,B,6733,100,6733,1,0
B,D,B,5950,100,5950,1,0
B,E,B,4301,100,4301,1,0
B,F,B,1403,100,1403,1,0
B,G,B,7207,100,7207,1,0
B,H,B,6238,100,6238,1,0
A,C,C,9275,100,9275,1,0
B,C,C,6737,100,6737,1,0
C,D,C,8742,100,8742,1,0
C,E,C,9816,100,9816,1,0
C,F,C,7220,100,7220,1,0
C,G,C,1583,100,1583,1,0
C,H,C,9063,100,9063,1,0
A,D,D,9272,100,9272,1,0
B,D,D,5956,100,5956,1,0
C,D,D,8714,100,8714,1,0
D,E,D,9694,100,9694,1,0
D,F,D,6385,100,6385,1,0
D,G,D,9253,100,9253,1,0
D,H,D,1471,100,1471,1,0
A,E,E,1400,100,1400,1,0
B,E,E,4279,100,4279,1,0
C,E,E,9813,100,9813,1,0
D,E,E,9629,100,9629,1,0
E,F,E,3721,100,3721,1,0
E,G,E,9939,100,9939,1,0
E,H,E,9640,100,9640,1,0
A,F,F,3499,100,3499,1,0
B,F,F,1407,100,1407,1,0
C,F,F,7208,100,7208,1,0
D,F,F,6328,100,6328,1,0
E,F,F,3697,100,3697,1,0
F,G,F,7386,100,7386,1,0
F,H,F,6313,100,6313,1,0
A,G,G,9615,100,9615,1,0
B,G,G,7223,100,7223,1,0
C,G,G,1575,100,1575,1,0
D,G,G,9211,100,9211,1,0
E,G,G,9962,100,9962,1,0
F,G,G,7343,100,7343,1,0
G,H,G,9352,100,9352,1,0
A,H,H,9431,100,9431,1,0
B,H,H,6169,100,6169,1,0
C,H,H,9055,100,9055,1,0
D,H,H,1408,100,1408,1,0
E,H,H,9664,100,9664,1,0
F,H,H,6239,100,6239,1,0
G,H,H,9282,100,9282,1,0
A,B,A,3625,100,3625,1,0
A,C,A,9281,100,9281,1,0
A,D,A,9286,100,9286,1,0
A,E,A,1430,100,1430,1,0
A,F,A,3522,100,3522,1,0
A,G,A,9607,100,9607,1,0
A,H,A,9397,100,9397,1,0
A,B,B,3639,100,3639,1,0
B,C,B,6714,100,6714,1,0
B,D,B,5938,100,5938,1,0
B,E,B,4299,100,4299,1,0
B,F,B,1415,100,1415,1,0
B,G,B,7215,100,7215,1,0
B,H,B,6242,100,6242,1,0
A,C,C,9368,100,9368,1,0
B,C,C,6722,100,6722,1,0
C,D,C,8693,100,8693,1,0
C,E,C,9823,100,9823,1,0
C,F,C,7210,100,7210,1,0
C,G,C,1611,100,1611,1,0
C,H,C,9079,100,9079,1,0
A,D,D,9265,100,9265,1,0
B,D,D,6014,100,6014,1,0
C,D,D,8702,100,8702,1,0
D,E,D,9719,100,9719,1,0
D,F,D,6364,100,6364,1,0
D,G,D,9229,100,9229,1,0
D,H,D,1408,100,1408,1,0
A,E,E,1477,100,1477,1,0
B,E,E,4341,100,4341,1,0
C,E,E,9829,100,9829,1,0
D,E,E,9726,100,9726,1,0
E,F,E,3712,100,3712,1,0
E,G,E,9933,100,9933,1,0
E,H,E,9660,100,9660,1,0
A,F,F,3528,100,3528,1,0
B,F,F,1441,100,1441,1,0
C,F,F,7228,100,7228,1,0
D,F,F,6351,100,6351,1,0
E,F,F,3715,100,3715,1,0
F,G,F,7372,100,7372,1,0
F,H,F,6283,100,6283,1,0
A,G,G,9619,100,9619,1,0
B,G,G,7185,100,7185,1,0
C,G,G,1567,100,1567,1,0
D,G,G,9209,100,9209,1,0
E,G,G,9904,100,9904,1,0
F,G,G,7389,100,7389,1,0
G,H,G,9320,100,9320,1,0
A,H,H,9432,100,9432,1,0
B,H,H,6185,100,6185,1,0
C,H,H,8998,100,8998,1,0
D,H,H,1384,100,1384,1,0
E,H,H,9661,100,9661,1,0
F,H,H,6263,100,6263,1,0
G,H,H,9314,100,9314,1,0
A,B,A,3658,100,3658,1,0
A,C,A,9292,100,9292,1,0
A,D,A,9308,100,9308,1,0
A,E,A,1462,100,1462,1,0
A,F,A,3545,100,3545,1,0
A,G,A,9610,100,9610,1,0
A,H,A,9374,100,9374,1,0
A,B,B,3579,100,3579,1,0
B,C,B,6755,100,6755,1,0
B,D,B,5962,100,5962,1,0
B,E,B,4312,100,4312,1,0
B,F,B,1407,100,1407,1,0
B,G,B,7191,100,7191,1,0
B,H,B,6197,100,6197,1,0
A,C,C,9305,100,9305,1,0
B,C,C,6768,100,6768,1,0
C,D,C,8741,100,8741,1,0
C,E,C,9840,100,9840,1,0
C,F,C,7228,100,7228,1,0
C,G,C,1597,100,1597,1,0
C,H,C,9041,100,9041,1,0
A,D,D,9274,100,9274,1,0
B,D,D,5950,100,5950,1,0
C,D,D,8734,100,8734,1,0
D,E,D,9731,100,9731,1,0
D,F,D,6316,100,6316,1,0
D,G,D,9245,100,9245,1,0
D,H,D,1365,100,1365,1,0
A,E,E,1396,100,1396,1,0
B,E,E,4285,100,4285,1,0
C,E,E,9837,100,9837,1,0
D,E,E,9741,100,9741,1,0
E,F,E,3700,100,3700,1,0
E,G,E,9943,100,9943,1,0
E,H,E,9653,100,9653,1,0
A,F,F,3505,100,3505,1,0
B,F,F,1437,100,1437,1,0
C,F,F,7202,100,7202,1,0
D,F,F,6356,100,6356,1,0
E,F,F,3714,100,3714,1,0
F,G,F,7363,100,7363,1,0
F,H,F,6296,100,6296,1,0
A,G,G,9609,100,9609,1,0
B,G,G,7189,100,7189,1,0
C,G,G,1592,100,1592,1,0
D,G,G,9260,100,9260,1,0
E,G,G,9908,100,9908,1,0
F,G,G,7370,100,7370,1,0
G,H,G,9364,100,9364,1,0
A,H,H,9399,100,9399,1,0
B,H,H,6227,100,6227,1,0
C,H,H,9071,100,9071,1,0
D,H,H,1421,100,1421,1,0
E,H,H,9644,100,9644,1,0
F,H,H,6270,100,6270,1,0
G,H,H,9342,100,9342,1,0
A,B,A,3645,100,3645,1,0
A,C,A,9275,100,9275,1,0
A,D,A,9282,100,9282,1,0
A,E,A,1436,100,1436,1,0
A,F,A,3538,100,3538,1,0
A,G,A,9610,100,9610,1,0
A,H,A,9392,100,9392,1,0
A,B,B,3617,100,3617,1,0
B,C,B,6707,100,6707,1,0
B,D,B,5953,100,5953,1,0
B,E,B,4310,100,4310,1,0
B,F,B,1430,100,1430,1,0
B,G,B,7200,100,7200,1,0
B,H,B,6185,100,6185,1,0
A,C,C,9346,100,9346,1,0
B,C,C,6734,100,6734,1,0
C,D,C,8741,100,8741,1,0
C,E,C,9815,100,9815,1,0
C,F,C,7194,100,7194,1,0
C,G,C,1576,100,1576,1,0
C,H,C,9029,100,9029,1,0
A,D,D,9268,100,9268,1,0
B,D,D,5976,100,5976,1,0
C,D,D,8726,100,8726,1,0
D,E,D,9734,100,9734,1,0
D,F,D,6350,100,6350,1,0
D,G,D,9239,100,9239,1,0
D,H,D,1386,100,1386,1,0
A,E,E,1431,100,1431,1,0
B,E,E,4293,100,4293,1,0
C,E,E,9823,100,9823,1,0
D,E,E,9762,100,9762,1,0
E,F,E,3711,100,3711,1,0
E,G,E,9906,100,9906,1,0
E,H,E,9658,100,9658,1,0
A,F,F,3495,100,3495,1,0
B,F,F,1407,100,1407,1,0
C,F,F,7164,100,7164,1,0
D,F,F,6319,100,6319,1,0
E,F,F,3692,100,3692,1,0
F,G,F,7363,100,7363,1,0
F,H,F,6236,100,6236,1,0
A,G,G,9590,100,9590,1,0
B,G,G,7197,100,7197,1,0
C,G,G,1618,100,1618,1,0
D,G,G,9228,100,9228,1,0
E,G,G,9942,100,9942,1,0
F,G,G,7333,100,7333,1,0
G,H,G,9313,100,9313,1,0
A,H,H,9376,100,9376,1,0
B,H,H,6250,100,6250,1,0
C,H,H,9023,100,9023,1,0
D,H,H,1420,100,1420,1,0
E,H,H,9681,100,9681,1,0
F,H,H,6273,100,6273,1,0
G,H,H,9339,100,9339,1,0
A,B,A,3643,100,3643,1,0
A,C,A,9294,100,9294,1,0
A,D,A,9271,100,9271,1,0
A,E,A,1417,100,1417,1,0
A,F,A,3568,100,3568,1,0
A,G,A,9555,100,9555,1,0
A,H,A,9430,100,9430,1,0
A,B,B,3623,100,3623,1,0
B,C,B,6748,100,6748,1,0
B,D,B,5954,100,5954,1,0
B,E,B,4340,100,4340,1,0
B,F,B,1416,100,1416,1,0
B,G,B,7212,100,7212,1,0
B,H,B,6219,100,6219,1,0
A,C,C,9280,100,9280,1,0
B,C,C,6736,100,6736,1,0
C,D,C,8734,100,8734,1,0
C,E,C,9848,100,9848,1,0
C,F,C,7173,100,7173,1,0
C,G,C,1605,100,1605,1,0
C,H,C,9073,100,9073,1,0
A,D,D,9263,100,9263,1,0
B,D,D,5982,100,5982,1,0
C,D,D,8720,100,8720,1,0
D,E,D,9726,100,9726,1,0
D,F,D,6371,100,6371,1,0
D,G,D,9219,100,9219,1,0
D,H,D,1529,100,1529,1,0
A,E,E,1435,100,1435,1,0
B,E,E,4299,100,4299,1,0
C,E,E,9854,100,9854,1,0
D,E,E,9747,100,9747,1,0
E,F,E,3694,100,3694,1,0
E,G,E,9917,100,9917,1,0
E,H,E,9614,100,9614,1,0
A,F,F,3510,100,3510,1,0
B,F,F,1393,100,1393,1,0
C,F,F,7207,100,7207,1,0
D,F,F,6334,100,6334,1,0
E,F,F,3704,100,3704,1,0
F,G,F,7377,100,7377,1,0
F,H,F,6268,100,6268,1,0
A,G,G,9557,100,9557,1,0
B,G,G,7167,100,7167,1,0
C,G,G,1583,100,1583,1,0
D,G,G,9246,100,9246,1,0
E,G,G,9922,100,9922,1,0
F,G,G,7379,100,7379,1,0
G,H,G,9330,100,9330,1,0
A,H,H,9384,100,9384,1,0
B,H,H,6228,100,6228,1,0
C,H,H,9021,100,9021,1,0
D,H,H,1473,100,1473,1,0
E,H,H,9682,100,9682,1,0
F,H,H,6262,100,6262,1,0
G,H,H,9336,100,9336,1,0
A,B,A,3651,100,3651,1,0
A,C,A,9278,100,9278,1,0
A,D,A,9291,100,9291,1,0
A,E,A,1450,100,1450,1,0
A,F,A,3537,100,3537,1,0
A,G,A,9592,100,9592,1,0
A,H,A,9420,100,9420,1,0
A,B,B,3683,100,3683,1,0
B,C,B,6743,100,6743,1,0
B,D,B,5959,100,5959,1,0
B,E,B,4273,100,4273,1,0
B,F,B,1408,100,1408,1,0
B,G,B,7215,100,7215,1,0
B,H,B,6238,100,6238,1,0
A,C,C,9307,100,9307,1,0
B,C,C,6723,100,6723,1,0
C,D,C,8727,100,8727,1,0
C,E,C,9838,100,9838,1,0
C,F,C,7226,100,7226,1,0
C,G,C,1588,100,1588,1,0
C,H,C,9022,100,9022,1,0
A,D,D,9272,100,9272,1,0
B,D,D,6002,100,6002,1,0
C,D,D,8732,100,8732,1,0
D,E,D,9701,100,9701,1,0
D,F,D,6366,100,6366,1,0
D,G,D,9263,100,9263,1,0
D,H,D,1393,100,1393,1,0
A,E,E,1436,100,1436,1,0
B,E,E,4311,100,4311,1,0
C,E,E,9835,100,9835,1,0
D,E,E,9714,100,9714,1,0
E,F,E,3663,100,3663,1,0
E,G,E,9904,100,9904,1,0
E,H,E,9648,100,9648,1,0
A,F,F,3549,100,3549,1,0
B,F,F,1386,100,1386,1,0
C,F,F,7202,100,7202,1,0
D,F,F,6348,100,6348,1,0
E,F,F,3698,100,3698,1,0
F,G,F,7367,100,7367,1,0
F,H,F,6304,100,6304,1,0
A,G,G,9647,100,9647,1,0
B,G,G,7188,100,7188,1,0
C,G,G,1589,100,1589,1,0
D,G,G,9280,100,9280,1,0
E,G,G,9921,100,9921,1,0
F,G,G,7377,100,7377,1,0
G,H,G,9326,100,9326,1,0
A,H,H,9375,100,9375,1,0
B,H,H,6206,100,6206,1,0
C,H,H,9019,100,9019,1,0
D,H,H,1435,100,1435,1,0
E,H,H,9644,100,9644,1,0
F,H,H,6278,100,6278,1,0
G,H,H,9356,100,9356,1,0
A,B,A,3643,100,3643,1,0
A,C,A,9354,100,9354,1,0
A,D,A,9263,100,9263,1,0
A,E,A,1440,100,1440,1,0
A,F,A,3475,100,3475,1,0
A,G,A,9605,100,9605,1,0
A,H,A,9420,100,9420,1,0
A,B,B,3650,100,3650,1,0
B,C,B,6754,100,6754,1,0
B,D,B,5972,100,5972,1,0
B,E,B,4290,100,4290,1,0
B,F,B,1440,100,1440,1,0
B,G,B,7196,100,7196,1,0
B,H,B,6185,100,6185,1,0
A,C,C,9247,100,9247,1,0
B,C,C,6721,100,6721,1,0
C,D,C,8726,100,8726,1,0
C,E,C,9835,100,9835,1,0
C,F,C,7220,100,7220,1,0
C,G,C,1642,100,1642,1,0
C,H,C,9021,100,9021,1,0
A,D,D,9290,100,9290,1,0
B,D,D,5959,100,5959,1,0
C,D,D,8753,100,8753,1,0
D,E,D,9761,100,9761,1,0
D,F,D,6340,100,6340,1,0
D,G,D,9241,100,9241,1,0
D,H,D,1421,100,1421,1,0
A,E,E,1463,100,1463,1,0
B,E,E,4303,100,4303,1,0
C,E,E,9809,100,9809,1,0
D,E,E,9643,100,9643,1,0
E,F,E,3668,100,3668,1,0
E,G,E,9930,100,9930,1,0
E,H,E,9649,100,9649,1,0
A,F,F,3543,100,3543,1,0
B,F,F,1379,100,1379,1,0
C,F,F,7185,100,7185,1,0
D,F,F,6387,100,6387,1,0
E,F,F,3713,100,3713,1,0
F,G,F,7362,100,7362,1,0
F,H,F,6292,100,6292,1,0
A,G,G,9617,100,9617,1,0
B,G,G,7236,100,7236,1,0
C,G,G,1592,100,1592,1,0
D,G,G,9236,100,9236,1,0
E,G,G,9909,100,9909,1,0
F,G,G,7358,100,7358,1,0
G,H,G,9330,100,9330,1,0
A,H,H,9409,100,9409,1,0
B,H,H,6217,100,6217,1,0
C,H,H,9045,100,9045,1,0
D,H,H,1395,100,1395,1,0
E,H,H,9618,100,9618,1,0
F,H,H,6300,100,6300,1,0
G,H,H,9305,100,9305,1,0
A,B,A,3636,100,3636,1,0
A,C,A,9304,100,9304,1,0
A,D,A,9274,100,9274,1,0
A,E,A,1429,100,1429,1,0
A,F,A,3488,100,3488,1,0
A,G,A,9620,100,9620,1,0
A,H,A,9402,100,9402,1,0
A,B,B,3630,100,3630,1,0
B,C,B,6721,100,6721,1,0
B,D,B,5925,100,5925,1,0
B,E,B,4281,100,4281,1,0
B,F,B,1398,100,1398,1,0
B,G,B,7162,100,7162,1,0
B,H,B,6162,100,6162,1,0
A,C,C,9331,100,9331,1,0
B,C,C,6756,100,6756,1,0
C,D,C,8738,100,8738,1,0
C,E,C,9842,100,9842,1,0
C,F,C,7203,100,7203,1,0
C,G,C,1586,100,1586,1,0
C,H,C,9048,100,9048,1,0
A,D,D,9268,100,9268,1,0
B,D,D,5966,100,5966,1,0
C,D,D,8737,100,8737,1,0
D,E,D,9753,100,9753,1,0
D,F,D,6338,100,6338,1,0
D,G,D,9252,100,9252,1,0
D,H,D,1429,100,1429,1,0
A,E,E,1508,100,1508,1,0
B,E,E,4311,100,4311,1,0
C,E,E,9868,100,9868,1,0
D,E,E,9691,100,9691,1,0
E,F,E,3658,100,3658,1,0
E,G,E,9923,100,9923,1,0
E,H,E,9657,100,9657,1,0
A,F,F,3543,100,3543,1,0
B,F,F,1423,100,1423,1,0
C,F,F,7213,100,7213,1,0
D,F,F,6348,100,6348,1,0
E,F,F,3705,100,3705,1,0
F,G,F,7375,100,7375,1,0
F,H,F,6275,100,6275,1,0
A,G,G,9653,100,9653,1,0
B,G,G,7185,100,7185,1,0
C,G,G,1570,100,1570,1,0
D,G,G,9213,100,9213,1,0
E,G,G,9903,100,9903,1,0
F,G,G,7375,100,7375,1,0
G,H,G,9350,100,9350,1,0
A,H,H,9419,100,9419,1,0
B,H,H,6215,100,6215,1,0
C,H,H,9049,100,9049,1,0
D,H,H,1396,100,1396,1,0
E,H,H,9648,100,9648,1,0
F,H,H,6253,100,6253,1,0
G,H,H,9297,100,9297,1,0
A,B,A,3654,100,3654,1,0
A,C,A,9275,100,9275,1,0
A,D,A,9279,100,9279,1,0
A,E,A,1418,100,1418,1,0
A,F,A,3498,100,3498,1,0
A,G,A,9633,100,9633,1,0
A,H,A,9467,100,9467,1,0
A,B,B,3618,100,3618,1,0
B,C,B,6757,100,6757,1,0
B,D,B,5954,100,5954,1,0
B,E,B,4297,100,4297,1,0
B,F,B,1414,100,1414,1,0
B,G,B,7216,100,7216,1,0
B,H,B,6205,100,6205,1,0
A,C,C,9279,100,9279,1,0
B,C,C,6736,100,6736,1,0
C,D,C,8744,100,8744,1,0
C,E,C,9824,100,9824,1,0
C,F,C,7216,100,7216,1,0
C,G,C,1583,100,1583,1,0
C,H,C,9014,100,9014,1,0
A,D,D,9271,100,9271,1,0
B,D,D,5927,100,5927,1,0
C,D,D,8710,100,8710,1,0
D,E,D,9686,100,9686,1,0
D,F,D,6325,100,6325,1,0
D,G,D,9241,100,9241,1,0
D,H,D,1412,100,1412,1,0
A,E,E,1463,100,1463,1,0
B,E,E,4308,100,4308,1,0
C,E,E,9812,100,9812,1,0
D,E,E,9668,100,9668,1,0
E,F,E,3684,100,3684,1,0
E,G,E,9906,100,9906,1,0
E,H,E,9648,100,9648,1,0
A,F,F,3523,100,3523,1,0
B,F,F,1434,100,1434,1,0
C,F,F,7231,100,7231,1,0
D,F,F,6376,100,6376,1,0
E,F,F,3692,100,3692,1,0
F,G,F,7383,100,7383,1,0
F,H,F,6299,100,6299,1,0
A,G,G,9578,100,9578,1,0
B,G,G,7213,100,7213,1,0
C,G,G,1583,100,1583,1,0
D,G,G,9188,100,9188,1,0
E,G,G,9903,100,9903,1,0
F,G,G,7388,100,7388,1,0
G,H,G,9298,100,9298,1,0
A,H,H,9438,100,9438,1,0
B,H,H,6213,100,6213,1,0
C,H,H,9037,100,9037,1,0
D,H,H,1455,100,1455,1,0
E,H,H,9633,100,9633,1,0
F,H,H,6256,100,6256,1,0
G,H,H,9301,100,9301,1,0
A,B,A,3667,100,3667,1,0
A,C,A,9306,100,9306,1,0
A,D,A,9290,100,9290,1,0
A,E,A,1468,100,1468,1,0
A,F,A,3508,100,3508,1,0
A,G,A,9620,100,9620,1,0
A,H,A,9388,100,9388,1,0
A,B,B,3644,100,3644,1,0
B,C,B,6709,100,6709,1,0
B,D,B,5978,100,5978,1,0
B,E,B,4307,100,4307,1,0
B,F,B,1420,100,1420,1,0
B,G,B,7193,100,7193,1,0
B,H,B,6191,100,6191,1,0
A,C,C,9343,100,9343,1,0
B,C,C,6716,100,6716,1,0
C,D,C,8730,100,8730,1,0
C,E,C,9829,100,9829,1,0
C,F,C,7216,100,7216,1,0
C,G,C,1611,100,1611,1,0
C,H,C,9056,100,9056,1,0
A,D,D,9268,100,9268,1,0
B,D,D,5917,100,5917,1,0
C,D,D,8696,100,8696,1,0
D,E,D,9696,100,9696,1,0
D,F,D,6345,100,6345,1,0
D,G,D,9244,100,9244,1,0
D,H,D,1444,100,1444,1,0
A,E,E,1495,100,1495,1,0
B,E,E,4304,100,4304,1,0
C,E,E,9810,100,9810,1,0
D,E,E,9764,100,9764,1,0
E,F,E,3678,100,3678,1,0
E,G,E,9918,100,9918,1,0
E,H,E,9674,100,9674,1,0
A,F,F,3515,100,3515,1,0
B,F,F,1385,100,1385,1,0
C,F,F,7230,100,7230,1,0
D,F,F,6375,100,6375,1,0
E,F,F,3694,100,3694,1,0
F,G,F,7365,100,7365,1,0
F,H,F,6263,100,6263,1,0
A,G,G,9580,100,9580,1,0
B,G,G,7195,100,7195,1,0
C,G,G,1556,100,1556,1,0
D,G,G,9269,100,9269,1,0
E,G,G,9911,100,9911,1,0
F,G,G,7376,100,7376,1,0
G,H,G,9328,100,9328,1,0
A,H,H,9405,100,9405,1,0
B,H,H,6185,100,6185,1,0
C,H,H,9042,100,9042,1,0
D,H,H,1442,100,1442,1,0
E,H,H,9643,100,9643,1,0
F,H,H,6257,100,6257,1,0
G,H,H,9320,100,9320,1,0
A,B,A,3657,100,3657,1,0
A,C,A,9293,100,9293,1,0
A,D,A,9259,100,9259,1,0
A,E,A,1430,100,1430,1,0
A,F,A,3498,100,3498,1,0
A,G,A,9569,100,9569,1,0
A,H,A,9433,100,9433,1,0
A,B,B,3690,100,3690,1,0
B,C,B,6752,100,6752,1,0
B,D,B,5978,100,5978,1,0
B,E,B,4266,100,4266,1,0
B,F,B,1406,100,1406,1,0
B,G,B,7193,100,7193,1,0
B,H,B,6166,100,6166,1,0
A,C,C,9317,100,9317,1,0
B,C,C,6709,100,6709,1,0
C,D,C,8747,100,8747,1,0
C,E,C,9818,100,9818,1,0
C,F,C,7194,100,7194,1,0
C,G,C,1596,100,1596,1,0
C,H,C,9063,100,9063,1,0
A,D,D,9299,100,9299,1,0
B,D,D,5964,100,5964,1,0
C,D,D,8690,100,8690,1,0
D,E,D,9760,100,9760,1,0
D,F,D,6353,100,6353,1,0
D,G,D,9269,100,9269,1,0
D,H,D,1452,100,1452,1,0
A,E,E,1457,100,1457,1,0
B,E,E,4315,100,4315,1,0
C,E,E,9869,100,9869,1,0
D,E,E,9755,100,9755,1,0
E,F,E,3691,100,3691,1,0
E,G,E,9897,100,9897,1,0
E,H,E,9658,100,9658,1,0
A,F,F,3518,100,3518,1,0
B,F,F,1431,100,1431,1,0
C,F,F,7209,100,7209,1,0
D,F,F,6387,100,6387,1,0
E,F,F,3718,100,3718,1,0
F,G,F,7355,100,7355,1,0
F,H,F,6282,100,6282,1,0
A,G,G,9563,100,9563,1,0
B,G,G,7184,100,7184,1,0
C,G,G,1596,100,1596,1,0
D,G,G,9295,100,9295,1,0
E,G,G,9917,100,9917,1,0
F,G,G,7374,100,7374,1,0
G,H,G,9339,100,9339,1,0
A,H,H,9402,100,9402,1,0
B,H,H,6203,100,6203,1,0
C,H,H,9048,100,9048,1,0
D,H,H,1385,100,1385,1,0
E,H,H,9678,100,9678,1,0
F,H,H,6326,100,6326,1,0
G,H,H,9320,100,9320,1,0
A,B,A,3649,100,3649,1,0
A,C,A,9289,100,9289,1,0
A,D,A,9259,100,9259,1,0
A,E,A,1468,100,1468,1,0
A,F,A,3516,100,3516,1,0
A,G,A,9592,100,9592,1,0
A,H,A,9376,100,9376,1,0
A,B,B,3652,100,3652,1,0
B,C,B,6743,100,6743,1,0
B,D,B,5935,100,5935,1,0
B,E,B,4300,100,4300,1,0
B,F,B,1406,100,1406,1,0
B,G,B,7208,100,7208,1,0
B,H,B,6205,100,6205,1,0
A,C,C,9291,100,9291,1,0
B,C,C,6730,100,6730,1,0
C,D,C,8735,100,8735,1,0
C,E,C,9838,100,9838,1,0
C,F,C,7195,100,7195,1,0
C,G,C,1594,100,1594,1,0
C,H,C,9047,100,9047,1,0
A,D,D,9268,100,9268,1,0
B,D,D,5998,100,5998,1,0
C,D,D,8739,100,8739,1,0
D,E,D,9755,100,9755,1,0
D,F,D,6355,100,6355,1,0
D,G,D,9236,100,9236,1,0
D,H,D,1422,100,1422,1,0
A,E,E,1383,100,1383,1,0
B,E,E,4382,100,4382,1,0
C,E,E,9837,100,9837,1,0
D,E,E,9674,100,9674,1,0
E,F,E,3684,100,3684,1,0
E,G,E,9907,100,9907,1,0
E,H,E,9676,100,9676,1,0
A,F,F,3494,100,3494,1,0
B,F,F,1398,100,1398,1,0
C,F,F,7228,100,7228,1,0
D,F,F,6358,100,6358,1,0
E,F,F,3681,100,3681,1,0
F,G,F,7366,100,7366,1,0
F,H,F,6266,100,6266,1,0
A,G,G,9590,100,9590,1,0
B,G,G,7201,100,7201,1,0
C,G,G,1555,100,1555,1,0
D,G,G,9224,100,9224,1,0
E,G,G,9918,100,9918,1,0
F,G,G,7387,100,7387,1,0
G,H,G,9364,100,9364,1,0
A,H,H,9396,100,9396,1,0
B,H,H,6217,100,6217,1,0
C,H,H,9086,100,9086,1,0
D,H,H,1475,100,1475,1,0
E,H,H,9635,100,9635,1,0
F,H,H,6278,100,6278,1,0
G,H,H,9352,100,9352,1,0
A,B,A,3621,100,3621,1,0
A,C,A,9211,100,9211,1,0
A,D,A,9286,100,9286,1,0
A,E,A,1427,100,1427,1,0
A,F,A,3524,100,3524,1,0
A,G,A,9580,100,9580,1,0
A,H,A,9404,100,9404,1,0
A,B,B,3641,100,3641,1,0
B,C,B,6723,100,6723,1,0
B,D,B,5960,100,5960,1,0
B,E,B,4287,100,4287,1,0
B,F,B,1404,100,1404,1,0
B,G,B,7190,100,7190,1,0
B,H,B,6211,100,6211,1,0
A,C,C,9315,100,9315,1,0
B,C,C,6708,100,6708,1,0
C,D,C,8681,100,8681,1,0
C,E,C,9849,100,9849,1,0
C,F,C,7227,100,7227,1,0
C,G,C,1600,100,1600,1,0
C,H,C,9031,100,9031,1,0
A,D,D,9278,100,9278,1,0
B,D,D,5991,100,5991,1,0
C,D,D,8709,100,8709,1,0
D,E,D,9693,100,9693,1,0
D,F,D,6325,100,6325,1,0
D,G,D,9213,100,9213,1,0
D,H,D,1354,100,1354,1,0
A,E,E,1392,100,1392,1,0
B,E,E,4359,100,4359,1,0
C,E,E,9853,100,9853,1,0
D,E,E,9719,100,9719,1,0
E,F,E,3707,100,3707,1,0
E,G,E,9903,100,9903,1,0
E,H,E,9689,100,9689,1,0
A,F,F,3532,100,3532,1,0
B,F,F,1390,100,1390,1,0
C,F,F,7189,100,7189,1,0
D,F,F,6321,100,6321,1,0
E,F,F,3717,100,3717,1,0
F,G,F,7342,100,7342,1,0
F,H,F,6230,100,6230,1,0
A,G,G,9624,100,9624,1,0
B,G,G,7157,100,7157,1,0
C,G,G,1553,100,1553,1,0
D,G,G,9228,100,9228,1,0
E,G,G,9916,100,9916,1,0
F,G,G,7363,100,7363,1,0
G,H,G,9352,100,9352,1,0
A,H,H,9396,100,9396,1,0
B,H,H,6222,100,6222,1,0
C,H,H,9062,100,9062,1,0
D,H,H,1498,100,1498,1,0
E,H,H,9678,100,9678,1,0
F,H,H,6270,100,6270,1,0
G,H,H,9306,100,9306,1,0
A,B,A,3651,100,3651,1,0
A,C,A,9317,100,9317,1,0
A,D,A,9266,100,9266,1,0
A,E,A,1442,100,1442,1,0
A,F,A,3510,100,3510,1,0
A,G,A,9548,100,9548,1,0
A,H,A,9368,100,9368,1,0
A,B,B,3626,100,3626,1,0
B,C,B,6696,100,6696,1,0
B,D,B,5964,100,5964,1,0
B,E,B,4342,100,4342,1,0
B,F,B,1362,100,1362,1,0
B,G,B,7182,100,7182,1,0
B,H,B,6229,100,6229,1,0
A,C,C,9260,100,9260,1,0
B,C,C,6749,100,6749,1,0
C,D,C,8713,100,8713,1,0
C,E,C,9825,100,9825,1,0
C,F,C,7198,100,7198,1,0
C,G,C,1608,100,1608,1,0
C,H,C,9119,100,9119,1,0
A,D,D,9268,100,9268,1,0
B,D,D,5973,100,5973,1,0
C,D,D,8696,100,8696,1,0
D,E,D,9755,100,9755,1,0
D,F,D,6306,100,6306,1,0
D,G,D,9207,100,9207,1,0
D,H,D,1398,100,1398,1,0
A,E,E,1412,100,1412,1,0
B,E,E,4348,100,4348,1,0
C,E,E,9837,100,9837,1,0
D,E,E,9694,100,9694,1,0
E,F,E,3658,100,3658,1,0
E,G,E,9927,100,9927,1,0
E,H,E,9651,100,9651,1,0
A,F,F,3543,100,3543,1,0
B,F,F,1371,100,1371,1,0
C,F,F,7172,100,7172,1,0
D,F,F,6372,100,6372,1,0
E,F,F,3728,100,3728,1,0
F,G,F,7357,100,7357,1,0
F,H,F,6303,100,6303,1,0
A,G,G,9646,100,9646,1,0
B,G,G,7181,100,7181,1,0
C,G,G,1543,100,1543,1,0
D,G,G,9232,100,9232,1,0
E,G,G,9938,100,9938,1,0
F,G,G,7345,100,7345,1,0
G,H,G,9353,100,9353,1,0
A,H,H,9401,100,9401,1,0
B,H,H,6264,100,6264,1,0
C,H,H,9007,100,9007,1,0
D,H,H,1443,100,1443,1,0
E,H,H,9615,100,9615,1,0
F,H,H,6305,100,6305,1,0
G,H,H,9341,100,9341,1,0
A,B,A,3672,100,3672,1,0
A,C,A,9314,100,9314,1,0
A,D,A,9278,100,9278,1,0
A,E,A,1449,100,1449,1,0
A,F,A,3517,100,3517,1,0
A,G,A,9599,100,9599,1,0
A,H,A,9404,100,9404,1,0
A,B,B,3682,100,3682,1,0
B,C,B,6741,100,6741,1,0
B,D,B,5970,100,5970,1,0
B,E,B,4304,100,4304,1,0
B,F,B,1405,100,1405,1,0
B,G,B,7214,100,7214,1,0
B,H,B,6195,100,6195,1,0
A,C,C,9282,100,9282,1,0
B,C,C,6762,100,6762,1,0
C,D,C,8684,100,8684,1,0
C,E,C,9850,100,9850,1,0
C,F,C,7231,100,7231,1,0
C,G,C,1567,100,1567,1,0
C,H,C,9062,100,9062,1,0
A,D,D,9262,100,9262,1,0
B,D,D,5961,100,5961,1,0
C,D,D,8706,100,8706,1,0
D,E,D,9726,100,9726,1,0
D,F,D,6372,100,6372,1,0
D,G,D,9235,100,9235,1,0
D,H,D,1400,100,1400,1,0
A,E,E,1472,100,1472,1,0
B,E,E,4309,100,4309,1,0
C,E,E,9866,100,9866,1,0
D,E,E,9717,100,9717,1,0
E,F,E,3677,100,3677,1,0
E,G,E,9931,100,9931,1,0
E,H,E,9654,100,9654,1,0
A,F,F,3547,100,3547,1,0
B,F,F,1405,100,1405,1,0
C,F,F,7215,100,7215,1,0
D,F,F,6348,100,6348,1,0
E,F,F,3694,100,3694,1,0
F,G,F,7353,100,7353,1,0
F,H,F,6279,100,6279,1,0
A,G,G,9582,100,9582,1,0
B,G,G,7199,100,7199,1,0
C,G,G,1599,100,1599,1,0
D,G,G,9236,100,9236,1,0
E,G,G,9947,100,9947,1,0
F,G,G,7336,100,7336,1,0
G,H,G,9320,100,9320,1,0
A,H,H,9411,100,9411,1,0
B,H,H,6228,100,6228,1,0
C,H,H,9014,100,9014,1,0
D,H,H,1388,100,1388,1,0
E,H,H,9643,100,9643,1,0
F,H,H,6243,100,6243,1,0
G,H,H,9297,100,9297,1,0
A,B,A,3647,100,3647,1,0
A,C,A,9276,100,9276,1,0
A,D,A,9248,100,9248,1,0
A,E,A,1407,100,1407,1,0
A,F,A,3530,100,3530,1,0
A,G,A,9572,100,9572,1,0
A,H,A,9390,100,9390,1,0
A,B,B,3632,100,3632,1,0
B,C,B,6735,100,6735,1,0
B,D,B,5962,100,5962,1,0
B,E,B,4292,100,4292,1,0
B,F,B,1375,100,1375,1,0
B,G,B,7212,100,7212,1,0
B,H,B,6150,100,6150,1,0
A,C,C,9320,100,9320,1,0
B,C,C,6742,100,6742,1,0
C,D,C,8745,100,8745,1,0
C,E,C,9814,100,9814,1,0
C,F,C,7196,100,7196,1,0
C,G,C,1562,100,1562,1,0
C,H,C,9031,100,9031,1,0
A,D,D,9258,100,9258,1,0
B,D,D,5927,100,5927,1,0
C,D,D,8737,100,8737,1,0
D,E,D,9730,100,9730,1,0
D,F,D,6332,100,6332,1,0
D,G,D,9200,100,9200,1,0
D,H,D,1421,100,1421,1,0
A,E,E,1395,100,1395,1,0
B,E,E,4336,100,4336,1,0
C,E,E,9781,100,9781,1,0
D,E,E,9720,100,9720,1,0
E,F,E,3701,100,3701,1,0
E,G,E,9925,100,9925,1,0
E,H,E,9715,100,9715,1,0
A,F,F,3562,100,3562,1,0
B,F,F,1408,100,1408,1,0
C,F,F,7185,100,7185,1,0
D,F,F,6330,100,6330,1,0
E,F,F,3702,100,3702,1,0
F,G,F,7383,100,7383,1,0
F,H,F,6266,100,6266,1,0
A,G,G,9579,100,9579,1,0
B,G,G,7231,100,7231,1,0
C,G,G,1585,100,1585,1,0
D,G,G,9267,100,9267,1,0
E,G,G,9927,100,9927,1,0
F,G,G,7376,100,7376,1,0
G,H,G,9359,100,9359,1,0
A,H,H,9389,100,9389,1,0
B,H,H,6206,100,6206,1,0
C,H,H,9069,100,9069,1,0
D,H,H,1439,100,1439,1,0
E,H,H,9672,100,9672,1,0
F,H,H,6307,100,6307,1,0
G,H,H,9330,100,9330,1,0
A,B,A,3639,100,3639,1,0
A,C,A,9294,100,9294,1,0
A,D,A,9257,100,9257,1,0
A,E,A,1428,100,1428,1,0
A,F,A,3504,100,3504,1,0
A,G,A,9587,100,9587,1,0
A,H,A,9432,100,9432,1,0
A,B,B,3613,100,3613,1,0
B,C,B,6707,100,6707,1,0
B,D,B,5987,100,5987,1,0
B,E,B,4310,100,4310,1,0
B,F,B,1398,100,1398,1,0
B,G,B,7211,100,7211,1,0
B,H,B,6208,100,6208,1,0
A,C,C,9337,100,9337,1,0
B,C,C,6739,100,6739,1,0
C,D,C,8722,100,8722,1,0
C,E,C,9840,100,9840,1,0
C,F,C,7193,100,7193,1,0
C,G,C,1584,100,1584,1,0
C,H,C,9064,100,9064,1,0
A,D,D,9259,100,9259,1,0
B,D,D,5970,100,5970,1,0
C,D,D,8702,100,8702,1,0
D,E,D,9743,100,9743,1,0
D,F,D,6349,100,6349,1,0
D,G,D,9215,100,9215,1,0
D,H,D,1465,100,1465,1,0
A,E,E,1360,100,1360,1,0
B,E,E,4298,100,4298,1,0
C,E,E,9899,100,9899,1,0
D,E,E,9733,100,9733,1,0
E,F,E,3699,100,3699,1,0
E,G,E,9902,100,9902,1,0
E,H,E,9698,100,9698,1,0
A,F,F,3532,100,3532,1,0
B,F,F,1409,100,1409,1,0
C,F,F,7206,100,7206,1,0
D,F,F,6336,100,6336,1,0
E,F,F,3689,100,3689,1,0
F,G,F,7397,100,7397,1,0
F,H,F,6279,100,6279,1,0
A,G,G,9630,100,9630,1,0
B,G,G,7157,100,7157,1,0
C,G,G,1578,100,1578,1,0
D,G,G,9248,100,9248,1,0
E,G,G,9931,100,9931,1,0
F,G,G,7382,100,7382,1,0
G,H,G,9365,100,9365,1,0
A,H,H,9393,100,9393,1,0
B,H,H,6197,100,6197,1,0
C,H,H,9075,100,9075,1,0
D,H,H,1474,100,1474,1,0
E,H,H,9645,100,9645,1,0
F,H,H,6251,100,6251,1,0
G,H,H,9334,100,9334,1,0
A,B,A,3672,100,3672,1,0
A,C,A,9266,100,9266,1,0
A,D,A,9282,100,9282,1,0
A,E,A,1419,100,1419,1,0
A,F,A,3525,100,3525,1,0
A,G,A,9603,100,9603,1,0
A,H,A,9446,100,9446,1,0
A,B,B,3640,100,3640,1,0
B,C,B,6756,100,6756,1,0
B,D,B,5956,100,5956,1,0
B,E,B,4330,100,4330,1,0
B,F,B,1395,100,1395,1,0
B,G,B,7197,100,7197,1,0
B,H,B,6215,100,6215,1,0
A,C,C,9352,100,9352,1,0
B,C,C,6753,100,6753,1,0
C,D,C,8721,100,8721,1,0
C,E,C,9858,100,9858,1,0
C,F,C,7208,100,7208,1,0
C,G,C,1573,100,1573,1,0
C,H,C,9075,100,9075,1,0
A,D,D,9258,100,9258,1,0
B,D,D,5940,100,5940,1,0
C,D,D,8703,100,8703,1,0
D,E,D,9731,100,9731,1,0
D,F,D,6332,100,6332,1,0
D,G,D,9207,100,9207,1,0
D,H,D,1408,100,1408,1,0
A,E,E,1413,100,1413,1,0
B,E,E,4293,100,4293,1,0
C,E,E,9780,100,9780,1,0
D,E,E,9742,100,9742,1,0
E,F,E,3679,100,3679,1,0
E,G,E,9910,100,9910,1,0
E,H,E,9673,100,9673,1,0
A,F,F,3598,100,3598,1,0
B,F,F,1387,100,1387,1,0
C,F,F,7199,100,7199,1,0
D,F,F,6333,100,6333,1,0
E,F,F,3678,100,3678,1,0
F,G,F,7373,100,7373,1,0
F,H,F,6247,100,6247,1,0
A,G,G,9622,100,9622,1,0
B,G,G,7208,100,7208,1,0
C,G,G,1609,100,1609,1,0
D,G,G,9262,100,9262,1,0
E,G,G,9917,100,9917,1,0
F,G,G,7356,100,7356,1,0
G,H,G,9338,100,9338,1,0
A,H,H,9401,100,9401,1,0
B,H,H,6199,100,6199,1,0
C,H,H,9051,100,9051,1,0
D,H,H,1402,100,1402,1,0
E,H,H,9665,100,9665,1,0
F,H,H,6269,100,6269,1,0
G,H,H,9329,100,9329,1,0
A,B,A,3639,100,3639,1,0
A,C,A,9297,100,9297,1,0
A,D,A,9291,100,9291,1,0
A,E,A,1492,100,1492,1,0
A,F,A,3530,100,3530,1,0
A,G,A,9557,100,9557,1,0
A,H,A,9407,100,9407,1,0
A,B,B,3642,100,3642,1,0
B,C,B,6767,100,6767,1,0
B,D,B,5954,100,5954,1,0
B,E,B,4315,100,4315,1,0
B,F,B,1411,100,1411,1,0
B,G,B,7180,100,7180,1,0
B,H,B,6268,100,6268,1,0
A,C,C,9255,100,9255,1,0
B,C,C,6730,100,6730,1,0
C,D,C,8710,100,8710,1,0
C,E,C,9832,100,9832,1,0
C,F,C,7225,100,7225,1,0
C,G,C,1576,100,1576,1,0
C,H,C,9073,100,9073,1,0
A,D,D,9259,100,9259,1,0
B,D,D,5961,100,5961,1,0
C,D,D,8709,100,8709,1,0
D,E,D,9725,100,9725,1,0
D,F,D,6336,100,6336,1,0
D,G,D,9206,100,9206,1,0
D,H,D,1409,100,1409,1,0
A,E,E,1397,100,1397,1,0
B,E,E,4330,100,4330,1,0
C,E,E,9763,100,9763,1,0
D,E,E,9747,100,9747,1,0
E,F,E,3696,100,3696,1,0
E,G,E,9920,100,9920,1,0
E,H,E,9680,100,9680,1,0
A,F,F,3530,100,3530,1,0
B,F,F,1443,100,1443,1,0
C,F,F,7215,100,7215,1,0
D,F,F,6311,100,6311,1,0
E,F,F,3703,100,3703,1,0
F,G,F,7340,100,7340,1,0
F,H,F,6246,100,6246,1,0
A,G,G,9608,100,9608,1,0
B,G,G,7214,100,7214,1,0
C,G,G,1606,100,1606,1,0
D,G,G,9209,100,9209,1,0
E,G,G,9895,100,9895,1,0
F,G,G,7370,100,7370,1,0
G,H,G,9317,100,9317,1,0
A,H,H,9377,100,9377,1,0
B,H,H,6231,100,6231,1,0
C,H,H,9049,100,9049,1,0
D,H,H,1433,100,1433,1,0
E,H,H,9675,100,9675,1,0
F,H,H,6253,100,6253,1,0
G,H,H,9312,100,9312,1,0
A,B,A,3660,100,3660,1,0
A,C,A,9276,100,9276,1,0
A,D,A,9263,100,9263,1,0
A,E,A,1462,100,1462,1,0
A,F,A,3557,100,3557,1,0
A,G,A,9623,100,9623,1,0
A,H,A,9403,100,9403,1,0
A,B,B,3593,100,3593,1,0
B,C,B,6738,100,6738,1,0
B,D,B,5990,100,5990,1,0
B,E,B,4315,100,4315,1,0
B,F,B,1425,100,1425,1,0
B,G,B,7206,100,7206,1,0
B,H,B,6223,100,6223,1,0
A,C,C,9263,100,9263,1,0
B,C,C,6755,100,6755,1,0
C,D,C,8730,100,8730,1,0
C,E,C,9816,100,9816,1,0
C,F,C,7201,100,7201,1,0
C,G,C,1578,100,1578,1,0
C,H,C,9083,100,9083,1,0
A,D,D,9259,100,9259,1,0
B,D,D,5950,100,5950,1,0
C,D,D,8758,100,8758,1,0
D,E,D,9780,100,9780,1,0
D,F,D,6337,100,6337,1,0
D,G,D,9259,100,9259,1,0
D,H,D,1441,100,1441,1,0
A,E,E,1421,100,1421,1,0
B,E,E,4305,100,4305,1,0
C,E,E,9853,100,9853,1,0
D,E,E,9629,100,9629,1,0
E,F,E,3687,100,3687,1,0
E,G,E,9942,100,9942,1,0
E,H,E,9608,100,9608,1,0
A,F,F,3550,100,3550,1,0
B,F,F,1398,100,1398,1,0
C,F,F,7211,100,7211,1,0
D,F,F,6353,100,6353,1,0
E,F,F,3690,100,3690,1,0
F,G,F,7361,100,7361,1,0
F,H,F,6255,100,6255,1,0
A,G,G,9577,100,9577,1,0
B,G,G,7163,100,7163,1,0
C,G,G,1570,100,1570,1,0
D,G,G,9260,100,9260,1,0
E,G,G,9898,100,9898,1,0
F,G,G,7362,100,7362,1,0
G,H,G,9333,100,9333,1,0
A,H,H,9348,100,9348,1,0
B,H,H,6188,100,6188,1,0
C,H,H,9090,100,9090,1,0
D,H,H,1433,100,1433,1,0
E,H,H,9669,100,9669,1,0
F,H,H,6273,100,6273,1,0
G,H,H,9328,100,9328,1,0
A,B,A,3615,100,3615,1,0
A,C,A,9276,100,9276,1,0
A,D,A,9274,100,9274,1,0
A,E,A,1458,100,1458,1,0
A,F,A,3554,100,3554,1,0
A,G,A,9579,100,9579,1,0
A,H,A,9412,100,9412,1,0
A,B,B,3620,100,3620,1,0
B,C,B,6757,100,6757,1,0
B,D,B,5992,100,5992,1,0
B,E,B,4331,100,4331,1,0
B,F,B,1430,100,1430,1,0
B,G,B,7173,100,7173,1,0
B,H,B,6200,100,6200,1,0
A,C,C,9279,100,9279,1,0
B,C,C,6760,100,6760,1,0
C,D,C,8704,100,8704,1,0
C,E,C,9799,100,9799,1,0
C,F,C,7201,100,7201,1,0
C,G,C,1615,100,1615,1,0
C,H,C,9017,100,9017,1,0
A,D,D,9281,100,9281,1,0
B,D,D,5976,100,5976,1,0
C,D,D,8708,100,8708,1,0
D,E,D,9760,100,9760,1,0
D,F,D,6350,100,6350,1,0
D,G,D,9224,100,9224,1,0
D,H,D,1414,100,1414,1,0
A,E,E,1381,100,1381,1,0
B,E,E,4292,100,4292,1,0
C,E,E,9853,100,9853,1,0
D,E,E,9708,100,9708,1,0
E,F,E,3677,100,3677,1,0
E,G,E,9889,100,9889,1,0
E,H,E,9636,100,9636,1,0
A,F,F,3484,100,3484,1,0
B,F,F,1423,100,1423,1,0
C,F,F,7206,100,7206,1,0
D,F,F,6371,100,6371,1,0
E,F,F,3698,100,3698,1,0
F,G,F,7380,100,7380,1,0
F,H,F,6261,100,6261,1,0
A,G,G,9609,100,9609,1,0
B,G,G,7222,100,7222,1,0
C,G,G,1635,100,1635,1,0
D,G,G,9235,100,9235,1,0
E,G,G,9920,100,9920,1,0
F,G,G,7370,100,7370,1,0
G,H,G,9317,100,9317,1,0
A,H,H,9365,100,9365,1,0
B,H,H,6207,100,6207,1,0
C,H,H,9078,100,9078,1,0
D,H,H,1448,100,1448,1,0
E,H,H,9677,100,9677,1,0
F,H,H,6291,100,6291,1,0
G,H,H,9315,100,9315,1,0
A,B,A,3626,100,3626,1,0
A,C,A,9286,100,9286,1,0
A,D,A,9275,100,9275,1,0
A,E,A,1485,100,1485,1,0
A,F,A,3498,100,3498,1,0
A,G,A,9594,100,9594,1,0
A,H,A,9394,100,9394,1,0
A,B,B,3646,100,3646,1,0
B,C,B,6733,100,6733,1,0
B,D,B,5977,100,5977,1,0
B,E,B,4317,100,4317,1,0
B,F,B,1399,100,1399,1,0
B,G,B,7219,100,7219,1,0
B,H,B,6221,100,6221,1,0
A,C,C,9323,100,9323,1,0
B,C,C,6729,100,6729,1,0
C,D,C,8695,100,8695,1,0
C,E,C,9843,100,9843,1,0
C,F,C,7172,100,7172,1,0
C,G,C,1597,100,1597,1,0
C,H,C,9020,100,9020,1,0
A,D,D,9271,100,9271,1,0
B,D,D,5913,100,5913,1,0
C,D,D,8742,100,8742,1,0
D,E,D,9708,100,9708,1,0
D,F,D,6340,100,6340,1,0
D,G,D,9200,100,9200,1,0
D,H,D,1441,100,1441,1,0
A,E,E,1482,100,1482,1,0
B,E,E,4297,100,4297,1,0
C,E,E,9850,100,9850,1,0
D,E,E,9764,100,9764,1,0
E,F,E,3699,100,3699,1,0
E,G,E,9896,100,9896,1,0
E,H,E,9639,100,9639,1,0
A,F,F,3512,100,3512,1,0
B,F,F,1407,100,1407,1,0
C,F,F,7223,100,7223,1,0
D,F,F,6374,100,6374,1,0
E,F,F,3677,100,3677,1,0
F,G,F,7368,100,7368,1,0
F,H,F,6226,100,6226,1,0
A,G,G,9590,100,9590,1,0
B,G,G,7188,100,7188,1,0
C,G,G,1600,100,1600,1,0
D,G,G,9241,100,9241,1,0
E,G,G,9909,100,9909,1,0
F,G,G,7387,100,7387,1,0
G,H,G,9347,100,9347,1,0
A,H,H,9393,100,9393,1,0
B,H,H,6189,100,6189,1,0
C,H,H,9071,100,9071,1,0
D,H,H,1462,100,1462,1,0
E,H,H,9623,100,9623,1,0
F,H,H,6318,100,6318,1,0
G,H,H,9325,100,9325,1,0
A,B,A,3677,100,3677,1,0
A,C,A,9258,100,9258,1,0
A,D,A,9286,100,9286,1,0
A,E,A,1421,100,1421,1,0
A,F,A,3527,100,3527,1,0
A,G,A,9604,100,9604,1,0
A,H,A,9418,100,9418,1,0
A,B,B,3650,100,3650,1,0
B,C,B,6723,100,6723,1,0
B,D,B,5935,100,5935,1,0
B,E,B,4306,100,4306,1,0
B,F,B,1354,100,1354,1,0
B,G,B,7187,100,7187,1,0
B,H,B,6303,100,6303,1,0
A,C,C,9338,100,9338,1,0
B,C,C,6752,100,6752,1,0
C,D,C,8745,100,8745,1,0
C,E,C,9867,100,9867,1,0
C,F,C,7209,100,7209,1,0
C,G,C,1566,100,1566,1,0
C,H,C,9019,100,9019,1,0
A,D,D,9289,100,9289,1,0
B,D,D,5977,100,5977,1,0
C,D,D,8734,100,8734,1,0
D,E,D,9716,100,9716,1,0
D,F,D,6349,100,6349,1,0
D,G,D,9281,100,9281,1,0
D,H,D,1393,100,1393,1,0
A,E,E,1421,100,1421,1,0
B,E,E,4310,100,4310,1,0
C,E,E,9843,100,9843,1,0
D,E,E,9730,100,9730,1,0
E,F,E,3710,100,3710,1,0
E,G,E,9909,100,9909,1,0
E,H,E,9708,100,9708,1,0
A,F,F,3580,100,3580,1,0
B,F,F,1398,100,1398,1,0
C,F,F,7208,100,7208,1,0
D,F,F,6362,100,6362,1,0
E,F,F,3697,100,3697,1,0
F,G,F,7360,100,7360,1,0
F,H,F,6282,100,6282,1,0
A,G,G,9630,100,9630,1,0
B,G,G,7190,100,7190,1,0
C,G,G,1574,100,1574,1,0
D,G,G,9284,100,9284,1,0
E,G,G,9923,100,9923,1,0
F,G,G,7382,100,7382,1,0
G,H,G,9273,100,9273,1,0
A,H,H,9407,100,9407,1,0
B,H,H,6169,100,6169,1,0
C,H,H,9063,100,9063,1,0
D,H,H,1430,100,1430,1,0
E,H,H,9651,100,9651,1,0
F,H,H,6302,100,6302,1,0
G,H,H,9321,100,9321,1,0
A,B,A,3661,100,3661,1,0
A,C,A,9253,100,9253,1,0
A,D,A,9282,100,9282,1,0
A,E,A,1462,100,1462,1,0
A,F,A,3524,100,3524,1,0
A,G,A,9578,100,9578,1,0
A,H,A,9373,100,9373,1,0
A,B,B,3625,100,3625,1,0
B,C,B,6705,100,6705,1,0
B,D,B,5963,100,5963,1,0
B,E,B,4297,100,4297,1,0
B,F,B,1412,100,1412,1,0
B,G,B,7174,100,7174,1,0
B,H,B,6193,100,6193,1,0
A,C,C,9269,100,9269,1,0
B,C,C,6722,100,6722,1,0
C,D,C,8704,100,8704,1,0
C,E,C,9846,100,9846,1,0
C,F,C,7181,100,7181,1,0
C,G,C,1555,100,1555,1,0
C,H,C,9039,100,9039,1,0
A,D,D,9286,100,9286,1,0
B,D,D,5924,100,5924,1,0
C,D,D,8735,100,8735,1,0
D,E,D,9724,100,9724,1,0
D,F,D,6399,100,6399,1,0
D,G,D,9235,100,9235,1,0
D,H,D,1423,100,1423,1,0
A,E,E,1411,100,1411,1,0
B,E,E,4385,100,4385,1,0
C,E,E,9810,100,9810,1,0
D,E,E,9799,100,9799,1,0
E,F,E,3691,100,3691,1,0
E,G,E,9909,100,9909,1,0
E,H,E,9687,100,9687,1,0
A,F,F,3581,100,3581,1,0
B,F,F,1422,100,1422,1,0
C,F,F,7224,100,7224,1,0
D,F,F,6343,100,6343,1,0
E,F,F,3679,100,3679,1,0
F,G,F,7347,100,7347,1,0
F,H,F,6241,100,6241,1,0
A,G,G,9613,100,9613,1,0
B,G,G,7227,100,7227,1,0
C,G,G,1536,100,1536,1,0
D,G,G,9243,100,9243,1,0
E,G,G,9932,100,9932,1,0
F,G,G,7360,100,7360,1,0
G,H,G,9348,100,9348,1,0
A,H,H,9382,100,9382,1,0
B,H,H,6238,100,6238,1,0
C,H,H,9087,100,9087,1,0
D,H,H,1468,100,1468,1,0
E,H,H,9639,100,9639,1,0
F,H,H,6229,100,6229,1,0
G,H,H,9299,100,9299,1,0
A,B,A,3623,100,3623,1,0
A,C,A,9248,100,9248,1,0
A,D,A,9302,100,9302,1,0
A,E,A,1449,100,1449,1,0
A,F,A,3494,100,3494,1,0
A,G,A,9633,100,9633,1,0
A,H,A,9414,100,9414,1,0
A,B,B,3620,100,3620,1,0
B,C,B,6724,100,6724,1,0
B,D,B,5946,100,5946,1,0
B,E,B,4309,100,4309,1,0
B,F,B,1409,100,1409,1,0
B,G,B,7194,100,7194,1,0
B,H,B,6217,100,6217,1,0
A,C,C,9368,100,9368,1,0
B,C,C,6755,100,6755,1,0
C,D,C,8719,100,8719,1,0
C,E,C,9818,100,9818,1,0
C,F,C,7203,100,7203,1,0
C,G,C,1599,100,1599,1,0
C,H,C,9072,100,9072,1,0
A,D,D,9267,100,9267,1,0
B,D,D,5953,100,5953,1,0
C,D,D,8738,100,8738,1,0
D,E,D,9790,100,9790,1,0
D,F,D,6340,100,6340,1,0
D,G,D,9210,100,9210,1,0
D,H,D,1474,100,1474,1,0
A,E,E,1426,100,1426,1,0
B,E,E,4304,100,4304,1,0
C,E,E,9863,100,9863,1,0
D,E,E,9738,100,9738,1,0
E,F,E,3666,100,3666,1,0
E,G,E,9918,100,9918,1,0
E,H,E,9658,100,9658,1,0
A,F,F,3498,100,3498,1,0
B,F,F,1406,100,1406,1,0
C,F,F,7181,100,7181,1,0
D,F,F,6326,100,6326,1,0
E,F,F,3693,100,3693,1,0
F,G,F,7366,100,7366,1,0
F,H,F,6291,100,6291,1,0
A,G,G,9615,100,9615,1,0
B,G,G,7200,100,7200,1,0
C,G,G,1596,100,1596,1,0
D,G,G,9250,100,9250,1,0
E,G,G,9924,100,9924,1,0
F,G,G,7357,100,7357,1,0
G,H,G,9317,100,9317,1,0
A,H,H,9411,100,9411,1,0
B,H,H,6189,100,6189,1,0
C,H,H,9062,100,9062,1,0
D,H,H,1410,100,1410,1,0
E,H,H,9653,100,9653,1,0
F,H,H,6261,100,6261,1,0
G,H,H,9298,100,9298,1,0
A,B,A,3613,100,3613,1,0
A,C,A,9330,100,9330,1,0
A,D,A,9257,100,9257,1,0
A,E,A,1450,100,1450,1,0
A,F,A,3535,100,3535,1,0
A,G,A,9608,100,9608,1,0
A,H,A,9361,100,9361,1,0
A,B,B,3639,100,3639,1,0
B,C,B,6707,100,6707,1,0
B,D,B,5936,100,5936,1,0
B,E,B,4270,100,4270,1,0
B,F,B,1382,100,1382,1,0
B,G,B,7199,100,7199,1,0
B,H,B,6209,100,6209,1,0
A,C,C,9296,100,9296,1,0
B,C,C,6731,100,6731,1,0
C,D,C,8761,100,8761,1,0
C,E,C,9801,100,9801,1,0
C,F,C,7201,100,7201,1,0
C,G,C,1606,100,1606,1,0
C,H,C,9077,100,9077,1,0
A,D,D,9291,100,9291,1,0
B,D,D,5997,100,5997,1,0
C,D,D,8737,100,8737,1,0
D,E,D,9687,100,9687,1,0
D,F,D,6334,100,6334,1,0
D,G,D,9274,100,9274,1,0
D,H,D,1432,100,1432,1,0
A,E,E,1402,100,1402,1,0
B,E,E,4279,100,4279,1,0
C,E,E,9837,100,9837,1,0
D,E,E,9723,100,9723,1,0
E,F,E,3713,100,3713,1,0
E,G,E,9909,100,9909,1,0
E,H,E,9624,100,9624,1,0
A,F,F,3524,100,3524,1,0
B,F,F,1456,100,1456,1,0
C,F,F,7178,100,7178,1,0
D,F,F,6336,100,6336,1,0
E,F,F,3674,100,3674,1,0
F,G,F,7356,100,7356,1,0
F,H,F,6259,100,6259,1,0
A,G,G,9569,100,9569,1,0
B,G,G,7203,100,7203,1,0
C,G,G,1531,100,1531,1,0
D,G,G,9217,100,9217,1,0
E,G,G,9931,100,9931,1,0
F,G,G,7376,100,7376,1,0
G,H,G,9295,100,9295,1,0
A,H,H,9409,100,9409,1,0
B,H,H,6168,100,6168,1,0
C,H,H,9036,100,9036,1,0
D,H,H,1390,100,1390,1,0
E,H,H,9678,100,9678,1,0
F,H,H,6282,100,6282,1,0
G,H,H,9305,100,9305,1,0
A,B,A,3651,100,3651,1,0
A,C,A,9295,100,9295,1,0
A,D,A,9259,100,9259,1,0
A,E,A,1408,100,1408,1,0
A,F,A,3539,100,3539,1,0
A,G,A,9554,100,9554,1,0
A,H,A,9369,100,9369,1,0
A,B,B,3622,100,3622,1,0
B,C,B,6718,100,6718,1,0
B,D,B,5976,100,5976,1,0
B,E,B,4304,100,4304,1,0
B,F,B,1427,100,1427,1,0
B,G,B,7231,100,7231,1,0
B,H,B,6265,100,6265,1,0
A,C,C,9310,100,9310,1,0
B,C,C,6726,100,6726,1,0
C,D,C,8694,100,8694,1,0
C,E,C,9809,100,9809,1,0
C,F,C,7205,100,7205,1,0
C,G,C,1546,100,1546,1,0
C,H,C,9074,100,9074,1,0
A,D,D,9271,100,9271,1,0
B,D,D,5974,100,5974,1,0
C,D,D,8712,100,8712,1,0
D,E,D,9703,100,9703,1,0
D,F,D,6321,100,6321,1,0
D,G,D,9261,100,9261,1,0
D,H,D,1461,100,1461,1,0
A,E,E,1428,100,1428,1,0
B,E,E,4295,100,4295,1,0
C,E,E,9826,100,9826,1,0
D,E,E,9773,100,9773,1,0
E,F,E,3713,100,3713,1,0
E,G,E,9920,100,9920,1,0
E,H,E,9601,100,9601,1,0
A,F,F,3542,100,3542,1,0
B,F,F,1432,100,1432,1,0
C,F,F,7221,100,7221,1,0
D,F,F,6315,100,6315,1,0
E,F,F,3719,100,3719,1,0
F,G,F,7371,100,7371,1,0
F,H,F,6274,100,6274,1,0
A,G,G,9606,100,9606,1,0
B,G,G,7206,100,7206,1,0
C,G,G,1573,100,1573,1,0
D,G,G,9262,100,9262,1,0
E,G,G,9920,100,9920,1,0
F,G,G,7361,100,7361,1,0
G,H,G,9357,100,9357,1,0
A,H,H,9372,100,9372,1,0
B,H,H,6250,100,6250,1,0
C,H,H,9057,100,9057,1,0
D,H,H,1442,100,1442,1,0
E,H,H,9615,100,9615,1,0
F,H,H,6252,100,6252,1,0
G,H,H,9309,100,9309,1,0
A,B,A,3621,100,3621,1,0
A,C,A,9330,100,9330,1,0
A,D,A,9258,100,9258,1,0
A,E,A,1445,100,1445,1,0
A,F,A,3479,100,3479,1,0
A,G,A,9663,100,9663,1,0
A,H,A,9404,100,9404,1,0
A,B,B,3640,100,3640,1,0
B,C,B,6744,100,6744,1,0
B,D,B,6009,100,6009,1,0
B,E,B,4275,100,4275,1,0
B,F,B,1413,100,1413,1,0
B,G,B,7197,100,7197,1,0
B,H,B,6215,100,6215,1,0
A,C,C,9323,100,9323,1,0
B,C,C,6731,100,6731,1,0
C,D,C,8718,100,8718,1,0
C,E,C,9839,100,9839,1,0
C,F,C,7236,100,7236,1,0
C,G,C,1568,100,1568,1,0
C,H,C,9090,100,9090,1,0
A,D,D,9265,100,9265,1,0
B,D,D,5939,100,5939,1,0
C,D,D,8709,100,8709,1,0
D,E,D,9748,100,9748,1,0
D,F,D,6334,100,6334,1,0
D,G,D,9217,100,9217,1,0
D,H,D,1421,100,1421,1,0
A,E,E,1429,100,1429,1,0
B,E,E,4355,100,4355,1,0
C,E,E,9870,100,9870,1,0
D,E,E,9706,100,9706,1,0
E,F,E,3717,100,3717,1,0
E,G,E,9941,100,9941,1,0
E,H,E,9673,100,9673,1,0
A,F,F,3550,100,3550,1,0
B,F,F,1426,100,1426,1,0
C,F,F,7226,100,7226,1,0
D,F,F,6333,100,6333,1,0
E,F,F,3691,100,3691,1,0
F,G,F,7361,100,7361,1,0
F,H,F,6298,100,6298,1,0
A,G,G,9616,100,9616,1,0
B,G,G,7213,100,7213,1,0
C,G,G,1610,100,1610,1,0
D,G,G,9245,100,9245,1,0
E,G,G,9905,100,9905,1,0
F,G,G,7318,100,7318,1,0
G,H,G,9335,100,9335,1,0
A,H,H,9413,100,9413,1,0
B,H,H,6194,100,6194,1,0
C,H,H,9031,100,9031,1,0
D,H,H,1409,100,1409,1,0
E,H,H,9630,100,9630,1,0
F,H,H,6290,100,6290,1,0
G,H,H,9329,100,9329,1,0
A,B,A,3599,100,3599,1,0
A,C,A,9364,100,9364,1,0
A,D,A,9266,100,9266,1,0
A,E,A,1411,100,1411,1,0
A,F,A,3501,100,3501,1,0
A,G,A,9607,100,9607,1,0
A,H,A,9404,100,9404,1,0
A,B,B,3635,100,3635,1,0
B,C,B,6750,100,6750,1,0
B,D,B,5919,100,5919,1,0
B,E,B,4330,100,4330,1,0
B,F,B,1390,100,1390,1,0
B,G,B,7206,100,7206,1,0
B,H,B,6172,100,6172,1,0
A,C,C,9314,100,9314,1,0
B,C,C,6708,100,6708,1,0
C,D,C,8736,100,8736,1,0
C,E,C,9849,100,9849,1,0
C,F,C,7189,100,7189,1,0
C,G,C,1618,100,1618,1,0
C,H,C,9074,100,9074,1,0
A,D,D,9272,100,9272,1,0
B,D,D,5960,100,5960,1,0
C,D,D,8779,100,8779,1,0
D,E,D,9731,100,9731,1,0
D,F,D,6362,100,6362,1,0
D,G,D,9193,100,9193,1,0
D,H,D,1452,100,1452,1,0
A,E,E,1393,100,1393,1,0
B,E,E,4307,100,4307,1,0
C,E,E,9829,100,9829,1,0
D,E,E,9773,100,9773,1,0
E,F,E,3693,100,3693,1,0
E,G,E,9935,100,9935,1,0
E,H,E,9648,100,9648,1,0
A,F,F,3526,100,3526,1,0
B,F,F,1376,100,1376,1,0
C,F,F,7192,100,7192,1,0
D,F,F,6355,100,6355,1,0
E,F,F,3673,100,3673,1,0
F,G,F,7342,100,7342,1,0
F,H,F,6303,100,6303,1,0
A,G,G,9627,100,9627,1,0
B,G,G,7178,100,7178,1,0
C,G,G,1618,100,1618,1,0
D,G,G,9251,100,9251,1,0
E,G,G,9930,100,9930,1,0
F,G,G,7360,100,7360,1,0
G,H,G,9312,100,9312,1,0
A,H,H,9380,100,9380,1,0
B,H,H,6215,100,6215,1,0
C,H,H,9035,100,9035,1,0
D,H,H,1452,100,1452,1,0
E,H,H,9665,100,9665,1,0
F,H,H,6272,100,6272,1,0
G,H,H,9329,100,9329,1,0
A,B,A,3647,100,3647,1,0
A,C,A,9284,100,9284,1,0
A,D,A,9265,100,9265,1,0
A,E,A,1403,100,1403,1,0
A,F,A,3482,100,3482,1,0
A,G,A,9641,100,9641,1,0
A,H,A,9430,100,9430,1,0
A,B,B,3612,100,3612,1,0
B,C,B,6758,100,6758,1,0
B,D,B,5938,100,5938,1,0
B,E,B,4306,100,4306,1,0
B,F,B,1401,100,1401,1,0
B,G,B,7222,100,7222,1,0
B,H,B,6208,100,6208,1,0
A,C,C,9278,100,9278,1,0
B,C,C,6728,100,6728,1,0
C,D,C,8693,100,8693,1,0
C,E,C,9808,100,9808,1,0
C,F,C,7227,100,7227,1,0
C,G,C,1565,100,1565,1,0
C,H,C,9033,100,9033,1,0
A,D,D,9277,100,9277,1,0
B,D,D,5989,100,5989,1,0
C,D,D,8714,100,8714,1,0
D,E,D,9683,100,9683,1,0
D,F,D,6367,100,6367,1,0
D,G,D,9225,100,9225,1,0
D,H,D,1359,100,1359,1,0
A,E,E,1477,100,1477,1,0
B,E,E,4300,100,4300,1,0
C,E,E,9806,100,9806,1,0
D,E,E,9719,100,9719,1,0
E,F,E,3692,100,3692,1,0
E,G,E,9927,100,9927,1,0
E,H,E,9658,100,9658,1,0
A,F,F,3499,100,3499,1,0
B,F,F,1399,100,1399,1,0
C,F,F,7248,100,7248,1,0
D,F,F,6357,100,6357,1,0
E,F,F,3717,100,3717,1,0
F,G,F,7402,100,7402,1,0
F,H,F,6247,100,6247,1,0
A,G,G,9574,100,9574,1,0
B,G,G,7222,100,7222,1,0
C,G,G,1592,100,1592,1,0
D,G,G,9245,100,9245,1,0
E,G,G,9943,100,9943,1,0
F,G,G,7364,100,7364,1,0
G,H,G,9334,100,9334,1,0
A,H,H,9471,100,9471,1,0
B,H,H,6228,100,6228,1,0
C,H,H,9053,100,9053,1,0
D,H,H,1436,100,1436,1,0
E,H,H,9618,100,9618,1,0
F,H,H,6255,100,6255,1,0
G,H,H,9313,100,9313,1,0
A,B,A,3617,100,3617,1,0
A,C,A,9281,100,9281,1,0
A,D,A,9264,100,9264,1,0
A,E,A,1461,100,1461,1,0
A,F,A,3509,100,3509,1,0
A,G,A,9578,100,9578,1,0
A,H,A,9394,100,9394,1,0
A,B,B,3628,100,3628,1,0
B,C,B,6744,100,6744,1,0
B,D,B,5968,100,5968,1,0
B,E,B,4261,100,4261,1,0
B,F,B,1395,100,1395,1,0
B,G,B,7199,100,7199,1,0
B,H,B,6182,100,6182,1,0
A,C,C,9296,100,9296,1,0
B,C,C,6710,100,6710,1,0
C,D,C,8731,100,8731,1,0
C,E,C,9812,100,9812,1,0
C,F,C,7180,100,7180,1,0
C,G,C,1604,100,1604,1,0
C,H,C,9083,100,9083,1,0
A,D,D,9247,100,9247,1,0
B,D,D,5949,100,5949,1,0
C,D,D,8690,100,8690,1,0
D,E,D,9750,100,9750,1,0
D,F,D,6378,100,6378,1,0
D,G,D,9230,100,9230,1,0
D,H,D,1400,100,1400,1,0
A,E,E,1396,100,1396,1,0
B,E,E,4310,100,4310,1,0
C,E,E,9853,100,9853,1,0
D,E,E,9765,100,9765,1,0
E,F,E,3671,100,3671,1,0
E,G,E,9917,100,9917,1,0
E,H,E,9664,100,9664,1,0
A,F,F,3502,100,3502,1,0
B,F,F,1401,100,1401,1,0
C,F,F,7187,100,7187,1,0
D,F,F,6333,100,6333,1,0
E,F,F,3720,100,3720,1,0
F,G,F,7377,100,7377,1,0
F,H,F,6288,100,6288,1,0
A,G,G,9534,100,9534,1,0
B,G,G,7142,100,7142,1,0
C,G,G,1589,100,1589,1,0
D,G,G,9213,100,9213,1,0
E,G,G,9946,100,9946,1,0
F,G,G,7354,100,7354,1,0
G,H,G,9295,100,9295,1,0
A,H,H,9409,100,9409,1,0
B,H,H,6223,100,6223,1,0
C,H,H,9078,100,9078,1,0
D,H,H,1356,100,1356,1,0
E,H,H,9656,100,9656,1,0
F,H,H,6305,100,6305,1,0
G,H,H,9295,100,9295,1,0
A,B,A,3633,100,3633,1,0
A,C,A,9283,100,9283,1,0
A,D,A,9263,100,9263,1,0
A,E,A,1424,100,1424,1,0
A,F,A,3490,100,3490,1,0
A,G,A,9659,100,9659,1,0
A,H,A,9408,100,9408,1,0
A,B,B,3648,100,3648,1,0
B,C,B,6754,100,6754,1,0
B,D,B,5915,100,5915,1,0
B,E,B,4294,100,4294,1,0
B,F,B,1352,100,1352,1,0
B,G,B,7213,100,7213,1,0
B,H,B,6188,100,6188,1,0
A,C,C,9306,100,9306,1,0
B,C,C,6725,100,6725,1,0
C,D,C,8715,100,8715,1,0
C,E,C,9761,100,9761,1,0
C,F,C,7220,100,7220,1,0
C,G,C,1577,100,1577,1,0
C,H,C,9015,100,9015,1,0
A,D,D,9275,100,9275,1,0
B,D,D,5952,100,5952,1,0
C,D,D,8698,100,8698,1,0
D,E,D,9664,100,9664,1,0
D,F,D,6335,100,6335,1,0
D,G,D,9243,100,9243,1,0
D,H,D,1439,100,1439,1,0
A,E,E,1454,100,1454,1,0
B,E,E,4323,100,4323,1,0
C,E,E,9794,100,9794,1,0
D,E,E,9741,100,9741,1,0
E,F,E,3674,100,3674,1,0
E,G,E,9889,100,9889,1,0
E,H,E,9649,100,9649,1,0
A,F,F,3501,100,3501,1,0
B,F,F,1395,100,1395,1,0
C,F,F,7220,100,7220,1,0
D,F,F,6368,100,6368,1,0
E,F,F,3674,100,3674,1,0
F,G,F,7366,100,7366,1,0
F,H,F,6325,100,6325,1,0
A,G,G,9608,100,9608,1,0
B,G,G,7136,100,7136,1,0
C,G,G,1562,100,1562,1,0
D,G,G,9230,100,9230,1,0
E,G,G,9912,100,9912,1,0
F,G,G,7359,100,7359,1,0
G,H,G,9346,100,9346,1,0
A,H,H,9409,100,9409,1,0
B,H,H,6222,100,6222,1,0
C,H,H,9048,100,9048,1,0
D,H,H,1375,100,1375,1,0
E,H,H,9633,100,9633,1,0
F,H,H,6269,100,6269,1,0
G,H,H,9319,100,9319,1,0
A,B,A,3677,100,3677,1,0
A,C,A,9282,100,9282,1,0
A,D,A,9260,100,9260,1,0
A,E,A,1447,100,1447,1,0
A,F,A,3515,100,3515,1,0
A,G,A,9621,100,9621,1,0
A,H,A,9438,100,9438,1,0
A,B,B,3659,100,3659,1,0
B,C,B,6722,100,6722,1,0
B,D,B,5934,100,5934,1,0
B,E,B,4305,100,4305,1,0
B,F,B,1409,100,1409,1,0
B,G,B,7182,100,7182,1,0
B,H,B,6186,100,6186,1,0
A,C,C,9266,100,9266,1,0
B,C,C,6722,100,6722,1,0
C,D,C,8726,100,8726,1,0
C,E,C,9822,100,9822,1,0
C,F,C,7199,100,7199,1,0
C,G,C,1579,100,1579,1,0
C,H,C,9083,100,9083,1,0
A,D,D,9264,100,9264,1,0
B,D,D,5962,100,5962,1,0
C,D,D,8734,100,8734,1,0
D,E,D,9708,100,9708,1,0
D,F,D,6349,100,6349,1,0
D,G,D,9251,100,9251,1,0
D,H,D,1451,100,1451,1,0
A,E,E,1495,100,1495,1,0
B,E,E,4298,100,4298,1,0
C,E,E,9795,100,9795,1,0
D,E,E,9718,100,9718,1,0
E,F,E,3707,100,3707,1,0
E,G,E,9907,100,9907,1,0
E,H,E,9664,100,9664,1,0
A,F,F,3564,100,3564,1,0
B,F,F,1394,100,1394,1,0
C,F,F,7205,100,7205,1,0
D,F,F,6356,100,6356,1,0
E,F,F,3702,100,3702,1,0
F,G,F,7377,100,7377,1,0
F,H,F,6262,100,6262,1,0
A,G,G,9608,100,9608,1,0
B,G,G,7186,100,7186,1,0
C,G,G,1613,100,1613,1,0
D,G,G,9243,100,9243,1,0
E,G,G,9904,100,9904,1,0
F,G,G,7362,100,7362,1,0
G,H,G,9360,100,9360,1,0
A,H,H,9393,100,9393,1,0
B,H,H,6169,100,6169,1,0
C,H,H,9049,100,9049,1,0
D,H,H,1450,100,1450,1,0
E,H,H,9638,100,9638,1,0
F,H,H,6261,100,6261,1,0
G,H,H,9344,100,9344,1,0
A,B,A,3630,100,3630,1,0
A,C,A,9301,100,9301,1,0
A,D,A,9268,100,9268,1,0
A,E,A,1441,100,1441,1,0
A,F,A,3523,100,3523,1,0
A,G,A,9554,100,9554,1,0
A,H,A,9375,100,9375,1,0
A,B,B,3644,100,3644,1,0
B,C,B,6702,100,6702,1,0
B,D,B,5921,100,5921,1,0
B,E,B,4280,100,4280,1,0
B,F,B,1393,100,1393,1,0
B,G,B,7215,100,7215,1,0
B,H,B,6168,100,6168,1,0
A,C,C,9277,100,9277,1,0
B,C,C,6736,100,6736,1,0
C,D,C,8744,100,8744,1,0
C,E,C,9802,100,9802,1,0
C,F,C,7213,100,7213,1,0
C,G,C,1559,100,1559,1,0
C,H,C,9009,100,9009,1,0
A,D,D,9290,100,9290,1,0
B,D,D,5955,100,5955,1,0
C,D,D,8763,100,8763,1,0
D,E,D,9732,100,9732,1,0
D,F,D,6336,100,6336,1,0
D,G,D,9245,100,9245,1,0
D,H,D,1420,100,1420,1,0
A,E,E,1416,100,1416,1,0
B,E,E,4315,100,4315,1,0
C,E,E,9822,100,9822,1,0
D,E,E,9703,100,9703,1,0
E,F,E,3729,100,3729,1,0
E,G,E,9921,100,9921,1,0
E,H,E,9677,100,9677,1,0
A,F,F,3566,100,3566,1,0
B,F,F,1404,100,1404,1,0
C,F,F,7223,100,7223,1,0
D,F,F,6380,100,6380,1,0
E,F,F,3738,100,3738,1,0
F,G,F,7340,100,7340,1,0
F,H,F,6295,100,6295,1,0
A,G,G,9611,100,9611,1,0
B,G,G,7213,100,7213,1,0
C,G,G,1560,100,1560,1,0
D,G,G,9215,100,9215,1,0
E,G,G,9934,100,9934,1,0
F,G,G,7376,100,7376,1,0
G,H,G,9308,100,9308,1,0
A,H,H,9376,100,9376,1,0
B,H,H,6178,100,6178,1,0
C,H,H,9029,100,9029,1,0
D,H,H,1452,100,1452,1,0
E,H,H,9642,100,9642,1,0
F,H,H,6278,100,6278,1,0
G,H,H,9313,100,9313,1,0
A,B,A,3640,100,3640,1,0
A,C,A,9315,100,9315,1,0
A,D,A,9296,100,9296,1,0
A,E,A,1489,100,1489,1,0
A,F,A,3484,100,3484,1,0
A,G,A,9614,100,9614,1,0
A,H,A,9437,100,9437,1,0
A,B,B,3656,100,3656,1,0
B,C,B,6725,100,6725,1,0
B,D,B,5984,100,5984,1,0
B,E,B,4315,100,4315,1,0
B,F,B,1415,100,1415,1,0
B,G,B,7174,100,7174,1,0
B,H,B,6215,100,6215,1,0
A,C,C,9324,100,9324,1,0
B,C,C,6737,100,6737,1,0
C,D,C,8736,100,8736,1,0
C,E,C,9833,100,9833,1,0
C,F,C,7201,100,7201,1,0
C,G,C,1588,100,1588,1,0
C,H,C,9081,100,9081,1,0
A,D,D,9248,100,9248,1,0
B,D,D,5934,100,5934,1,0
C,D,D,8736,100,8736,1,0
D,E,D,9682,100,9682,1,0
D,F,D,6369,100,6369,1,0
D,G,D,9211,100,9211,1,0
D,H,D,1422,100,1422,1,0
A,E,E,1458,100,1458,1,0
B,E,E,4337,100,4337,1,0
C,E,E,9816,100,9816,1,0
D,E,E,9733,100,9733,1,0
E,F,E,3725,100,3725,1,0
E,G,E,9920,100,9920,1,0
E,H,E,9667,100,9667,1,0
A,F,F,3508,100,3508,1,0
B,F,F,1412,100,1412,1,0
C,F,F,7209,100,7209,1,0
D,F,F,6372,100,6372,1,0
E,F,F,3704,100,3704,1,0
F,G,F,7376,100,7376,1,0
F,H,F,6293,100,6293,1,0
A,G,G,9586,100,9586,1,0
B,G,G,7170,100,7170,1,0
C,G,G,1579,100,1579,1,0
D,G,G,9226,100,9226,1,0
E,G,G,9940,100,9940,1,0
F,G,G,7363,100,7363,1,0
G,H,G,9293,100,9293,1,0
A,H,H,9399,100,9399,1,0
B,H,H,6224,100,6224,1,0
C,H,H,9042,100,9042,1,0
D,H,H,1451,100,1451,1,0
E,H,H,9644,100,9644,1,0
F,H,H,6246,100,6246,1,0
G,H,H,9330,100,9330,1,0
A,B,A,3633,100,3633,1,0
A,C,A,9292,100,9292,1,0
A,D,A,9254,100,9254,1,0
A,E,A,1415,100,1415,1,0
A,F,A,3506,100,3506,1,0
A,G,A,9603,100,9603,1,0
A,H,A,9367,100,9367,1,0
A,B,B,3643,100,3643,1,0
B,C,B,6759,100,6759,1,0
B,D,B,5978,100,5978,1,0
B,E,B,4336,100,4336,1,0
B,F,B,1394,100,1394,1,0
B,G,B,7203,100,7203,1,0
B,H,B,6162,100,6162,1,0
A,C,C,9307,100,9307,1,0
B,C,C,6767,100,6767,1,0
C,D,C,8722,100,8722,1,0
C,E,C,9805,100,9805,1,0
C,F,C,7203,100,7203,1,0
C,G,C,1555,100,1555,1,0
C,H,C,9072,100,9072,1,0
A,D,D,9263,100,9263,1,0
B,D,D,5955,100,5955,1,0
C,D,D,8764,100,8764,1,0
D,E,D,9699,100,9699,1,0
D,F,D,6356,100,6356,1,0
D,G,D,9253,100,9253,1,0
D,H,D,1414,100,1414,1,0
A,E,E,1451,100,1451,1,0
B,E,E,4289,100,4289,1,0
C,E,E,9854,100,9854,1,0
D,E,E,9714,100,9714,1,0
E,F,E,3684,100,3684,1,0
E,G,E,9943,100,9943,1,0
E,H,E,9669,100,9669,1,0
A,F,F,3484,100,3484,1,0
B,F,F,1376,100,1376,1,0
C,F,F,7228,100,7228,1,0
D,F,F,6381,100,6381,1,0
E,F,F,3707,100,3707,1,0
F,G,F,7403,100,7403,1,0
F,H,F,6271,100,6271,1,0
A,G,G,9580,100,9580,1,0
B,G,G,7219,100,7219,1,0
C,G,G,1605,100,1605,1,0
D,G,G,9251,100,9251,1,0
E,G,G,9888,100,9888,1,0
F,G,G,7353,100,7353,1,0
G,H,G,9301,100,9301,1,0
A,H,H,9451,100,9451,1,0
B,H,H,6226,100,6226,1,0
C,H,H,9046,100,9046,1,0
D,H,H,1445,100,1445,1,0
E,H,H,9651,100,9651,1,0
F,H,H,6282,100,6282,1,0
G,H,H,9314,100,9314,1,0
A,B,A,3640,100,3640,1,0
A,C,A,9295,100,9295,1,0
A,D,A,9278,100,9278,1,0
A,E,A,1395,100,1395,1,0
A,F,A,3502,100,3502,1,0
A,G,A,9655,100,9655,1,0
A,H,A,9391,100,9391,1,0
A,B,B,3640,100,3640,1,0
B,C,B,6717,100,6717,1,0
B,D,B,6014,100,6014,1,0
B,E,B,4329,100,4329,1,0
B,F,B,1416,100,1416,1,0
B,G,B,7201,100,7201,1,0
B,H,B,6197,100,6197,1,0
A,C,C,9290,100,9290,1,0
B,C,C,6720,100,6720,1,0
C,D,C,8727,100,8727,1,0
C,E,C,9875,100,9875,1,0
C,F,C,7196,100,7196,1,0
C,G,C,1563,100,1563,1,0
C,H,C,9059,100,9059,1,0
A,D,D,9280,100,9280,1,0
B,D,D,5983,100,5983,1,0
C,D,D,8717,100,8717,1,0
D,E,D,9727,100,9727,1,0
D,F,D,6373,100,6373,1,0
D,G,D,9232,100,9232,1,0
D,H,D,1383,100,1383,1,0
A,E,E,1426,100,1426,1,0
B,E,E,4288,100,4288,1,0
C,E,E,9792,100,9792,1,0
D,E,E,9767,100,9767,1,0
E,F,E,3733,100,3733,1,0
E,G,E,9923,100,9923,1,0
E,H,E,9632,100,9632,1,0
A,F,F,3532,100,3532,1,0
B,F,F,1387,100,1387,1,0
C,F,F,7228,100,7228,1,0
D,F,F,6348,100,6348,1,0
E,F,F,3682,100,3682,1,0
F,G,F,7374,100,7374,1,0
F,H,F,6286,100,6286,1,0
A,G,G,9562,100,9562,1,0
B,G,G,7189,100,7189,1,0
C,G,G,1554,100,1554,1,0
D,G,G,9234,100,9234,1,0
E,G,G,9931,100,9931,1,0
F,G,G,7358,100,7358,1,0
G,H,G,9325,100,9325,1,0
A,H,H,9406,100,9406,1,0
B,H,H,6198,100,6198,1,0
C,H,H,9060,100,9060,1,0
D,H,H,1449,100,1449,1,0
E,H,H,9643,100,9643,1,0
F,H,H,6276,100,6276,1,0
G,H,H,9327,100,9327,1,0
A,B,A,3652,100,3652,1,0
A,C,A,9273,100,9273,1,0
A,D,A,9281,100,9281,1,0
A,E,A,1431,100,1431,1,0
A,F,A,3502,100,3502,1,0
A,G,A,9642,100,9642,1,0
A,H,A,9412,100,9412,1,0
A,B,B,3645,100,3645,1,0
B,C,B,6765,100,6765,1,0
B,D,B,5994,100,5994,1,0
B,E,B,4290,100,4290,1,0
B,F,B,1388,100,1388,1,0
B,G,B,7199,100,7199,1,0
B,H,B,6211,100,6211,1,0
A,C,C,9306,100,9306,1,0
B,C,C,6740,100,6740,1,0
C,D,C,8726,100,8726,1,0
C,E,C,9806,100,9806,1,0
C,F,C,7219,100,7219,1,0
C,G,C,1622,100,1622,1,0
C,H,C,8996,100,8996,1,0
A,D,D,9273,100,9273,1,0
B,D,D,5978,100,5978,1,0
C,D,D,8678,100,8678,1,0
D,E,D,9812,100,9812,1,0
D,F,D,6355,100,6355,1,0
D,G,D,9223,100,9223,1,0
D,H,D,1451,100,1451,1,0
A,E,E,1416,100,1416,1,0
B,E,E,4261,100,4261,1,0
C,E,E,9765,100,9765,1,0
D,E,E,9728,100,9728,1,0
E,F,E,3672,100,3672,1,0
E,G,E,9923,100,9923,1,0
E,H,E,9646,100,9646,1,0
A,F,F,3504,100,3504,1,0
B,F,F,1406,100,1406,1,0
C,F,F,7198,100,7198,1,0
D,F,F,6357,100,6357,1,0
E,F,F,3710,100,3710,1,0
F,G,F,7375,100,7375,1,0
F,H,F,6307,100,6307,1,0
A,G,G,9586,100,9586,1,0
B,G,G,7160,100,7160,1,0
C,G,G,1599,100,1599,1,0
D,G,G,9243,100,9243,1,0
E,G,G,9918,100,9918,1,0
F,G,G,7355,100,7355,1,0
G,H,G,9330,100,9330,1,0
A,H,H,9397,100,9397,1,0
B,H,H,6162,100,6162,1,0
C,H,H,9071,100,9071,1,0
D,H,H,1443,100,1443,1,0
E,H,H,9646,100,9646,1,0
F,H,H,6266,100,6266,1,0
G,H,H,9282,100,9282,1,0
A,B,A,3647,100,3647,1,0
A,C,A,9282,100,9282,1,0
A,D,A,9272,100,9272,1,0
A,E,A,1484,100,1484,1,0
A,F,A,3488,100,3488,1,0
A,G,A,9608,100,9608,1,0
A,H,A,9367,100,9367,1,0
A,B,B,3701,100,3701,1,0
B,C,B,6735,100,6735,1,0
B,D,B,5969,100,5969,1,0
B,E,B,4282,100,4282,1,0
B,F,B,1403,100,1403,1,0
B,G,B,7162,100,7162,1,0
B,H,B,6177,100,6177,1,0
A,C,C,9320,100,9320,1,0
B,C,C,6751,100,6751,1,0
C,D,C,8700,100,8700,1,0
C,E,C,9847,100,9847,1,0
C,F,C,7207,100,7207,1,0
C,G,C,1584,100,1584,1,0
C,H,C,9059,100,9059,1,0
A,D,D,9255,100,9255,1,0
B,D,D,6006,100,6006,1,0
C,D,D,8739,100,8739,1,0
D,E,D,9712,100,9712,1,0
D,F,D,6350,100,6350,1,0
D,G,D,9268,100,9268,1,0
D,H,D,1401,100,1401,1,0
A,E,E,1403,100,1403,1,0
B,E,E,4313,100,4313,1,0
C,E,E,9855,100,9855,1,0
D,E,E,9742,100,9742,1,0
E,F,E,3715,100,3715,1,0
E,G,E,9937,100,9937,1,0
E,H,E,9658,100,9658,1,0
A,F,F,3488,100,3488,1,0
B,F,F,1398,100,1398,1,0
C,F,F,7211,100,7211,1,0
D,F,F,6362,100,6362,1,0
E,F,F,3725,100,3725,1,0
F,G,F,7336,100,7336,1,0
F,H,F,6283,100,6283,1,0
A,G,G,9562,100,9562,1,0
B,G,G,7179,100,7179,1,0
C,G,G,1635,100,1635,1,0
D,G,G,9217,100,9217,1,0
E,G,G,9940,100,9940,1,0
F,G,G,7351,100,7351,1,0
G,H,G,9328,100,9328,1,0
A,H,H,9387,100,9387,1,0
B,H,H,6193,100,6193,1,0
C,H,H,9071,100,9071,1,0
D,H,H,1488,100,1488,1,0
E,H,H,9653,100,9653,1,0
F,H,H,6222,100,6222,1,0
G,H,H,9334,100,9334,1,0
A,B,A,3649,100,3649,1,0
A,C,A,9301,100,9301,1,0
A,D,A,9299,100,9299,1,0
A,E,A,1427,100,1427,1,0
A,F,A,3520,100,3520,1,0
A,G,A,9573,100,9573,1,0
A,H,A,9437,100,9437,1,0
A,B,B,3634,100,3634,1,0
B,C,B,6727,100,6727,1,0
B,D,B,5957,100,5957,1,0
B,E,B,4293,100,4293,1,0
B,F,B,1427,100,1427,1,0
B,G,B,7185,100,7185,1,0
B,H,B,6187,100,6187,1,0
A,C,C,9347,100,9347,1,0
B,C,C,6746,100,6746,1,0
C,D,C,8755,100,8755,1,0
C,E,C,9808,100,9808,1,0
C,F,C,7215,100,7215,1,0
C,G,C,1601,100,1601,1,0
C,H,C,9090,100,9090,1,0
A,D,D,9272,100,9272,1,0
B,D,D,5968,100,5968,1,0
C,D,D,8698,100,8698,1,0
D,E,D,9683,100,9683,1,0
D,F,D,6334,100,6334,1,0
D,G,D,9229,100,9229,1,0
D,H,D,1377,100,1377,1,0
A,E,E,1447,100,1447,1,0
B,E,E,4305,100,4305,1,0
C,E,E,9875,100,9875,1,0
D,E,E,9691,100,9691,1,0
E,F,E,3673,100,3673,1,0
E,G,E,9910,100,9910,1,0
E,H,E,9638,100,9638,1,0
A,F,F,3531,100,3531,1,0
B,F,F,1400,100,1400,1,0
C,F,F,7200,100,7200,1,0
D,F,F,6369,100,6369,1,0
E,F,F,3737,100,3737,1,0
F,G,F,7371,100,7371,1,0
F,H,F,6260,100,6260,1,0
A,G,G,9595,100,9595,1,0
B,G,G,7198,100,7198,1,0
C,G,G,1562,100,1562,1,0
D,G,G,9232,100,9232,1,0
E,G,G,9882,100,9882,1,0
F,G,G,7368,100,7368,1,0
G,H,G,9325,100,9325,1,0
A,H,H,9389,100,9389,1,0
B,H,H,6172,100,6172,1,0
C,H,H,9030,100,9030,1,0
D,H,H,1398,100,1398,1,0
E,H,H,9671,100,9671,1,0
F,H,H,6280,100,6280,1,0
G,H,H,9344,100,9344,1,0
A,B,A,3646,100,3646,1,0
A,C,A,9301,100,9301,1,0
A,D,A,9278,100,9278,1,0
A,E,A,1464,100,1464,1,0
A,F,A,3491,100,3491,1,0
A,G,A,9621,100,9621,1,0
A,H,A,9418,100,9418,1,0
A,B,B,3633,100,3633,1,0
B,C,B,6760,100,6760,1,0
B,D,B,5947,100,5947,1,0
B,E,B,4346,100,4346,1,0
B,F,B,1403,100,1403,1,0
B,G,B,7190,100,7190,1,0
B,H,B,6137,100,6137,1,0
A,C,C,9265,100,9265,1,0
B,C,C,6773,100,6773,1,0
C,D,C,8768,100,8768,1,0
C,E,C,9858,100,9858,1,0
C,F,C,7228,100,7228,1,0
C,G,C,1599,100,1599,1,0
C,H,C,9037,100,9037,1,0
A,D,D,9254,100,9254,1,0
B,D,D,5986,100,5986,1,0
C,D,D,8753,100,8753,1,0
D,E,D,9728,100,9728,1,0
D,F,D,6390,100,6390,1,0
D,G,D,9205,100,9205,1,0
D,H,D,1454,100,1454,1,0
A,E,E,1455,100,1455,1,0
B,E,E,4301,100,4301,1,0
C,E,E,9883,100,9883,1,0
D,E,E,9665,100,9665,1,0
E,F,E,3717,100,3717,1,0
E,G,E,9898,100,9898,1,0
E,H,E,9663,100,9663,1,0
A,F,F,3496,100,3496,1,0
B,F,F,1399,100,1399,1,0
C,F,F,7193,100,7193,1,0
D,F,F,6347,100,6347,1,0
E,F,F,3740,100,3740,1,0
F,G,F,7345,100,7345,1,0
F,H,F,6267,100,6267,1,0
A,G,G,9606,100,9606,1,0
B,G,G,7196,100,7196,1,0
C,G,G,1582,100,1582,1,0
D,G,G,9233,100,9233,1,0
E,G,G,9945,100,9945,1,0
F,G,G,7338,100,7338,1,0
G,H,G,9326,100,9326,1,0
A,H,H,9388,100,9388,1,0
B,H,H,6176,100,6176,1,0
C,H,H,9012,100,9012,1,0
D,H,H,1363,100,1363,1,0
E,H,H,9627,100,9627,1,0
F,H,H,6246,100,6246,1,0
G,H,H,9330,100,9330,1,0
A,B,A,3646,100,3646,1,0
A,C,A,9279,100,9279,1,0
A,D,A,9271,100,9271,1,0
A,E,A,1394,100,1394,1,0
A,F,A,3517,100,3517,1,0
A,G,A,9649,100,9649,1,0
A,H,A,9439,100,9439,1,0
A,B,B,3621,100,3621,1,0
B,C,B,6725,100,6725,1,0
B,D,B,6017,100,6017,1,0
B,E,B,4341,100,4341,1,0
B,F,B,1414,100,1414,1,0
B,G,B,7167,100,7167,1,0
B,H,B,6215,100,6215,1,0
A,C,C,9279,100,9279,1,0
B,C,C,6726,100,6726,1,0
C,D,C,8735,100,8735,1,0
C,E,C,9841,100,9841,1,0
C,F,C,7230,100,7230,1,0
C,G,C,1612,100,1612,1,0
C,H,C,9063,100,9063,1,0
A,D,D,9298,100,9298,1,0
B,D,D,5959,100,5959,1,0
C,D,D,8770,100,8770,1,0
D,E,D,9742,100,9742,1,0
D,F,D,6325,100,6325,1,0
D,G,D,9201,100,9201,1,0
D,H,D,1458,100,1458,1,0
A,E,E,1423,100,1423,1,0
B,E,E,4313,100,4313,1,0
C,E,E,9855,100,9855,1,0
D,E,E,9745,100,9745,1,0
E,F,E,3663,100,3663,1,0
E,G,E,9947,100,9947,1,0
E,H,E,9657,100,9657,1,0
A,F,F,3500,100,3500,1,0
B,F,F,1389,100,1389,1,0
C,F,F,7201,100,7201,1,0
D,F,F,6358,100,6358,1,0
E,F,F,3706,100,3706,1,0
F,G,F,7352,100,7352,1,0
F,H,F,6241,100,6241,1,0
A,G,G,9618,100,9618,1,0
B,G,G,7227,100,7227,1,0
C,G,G,1595,100,1595,1,0
D,G,G,9237,100,9237,1,0
E,G,G,9926,100,9926,1,0
F,G,G,7357,100,7357,1,0
G,H,G,9321,100,9321,1,0
A,H,H,9380,100,9380,1,0
B,H,H,6169,100,6169,1,0
C,H,H,9045,100,9045,1,0
D,H,H,1467,100,1467,1,0
E,H,H,9638,100,9638,1,0
F,H,H,6302,100,6302,1,0
G,H,H,9321,100,9321,1,0
A,B,A,3624,100,3624,1,0
A,C,A,9290,100,9290,1,0
A,D,A,9278,100,9278,1,0
A,E,A,1460,100,1460,1,0
A,F,A,3505,100,3505,1,0
A,G,A,9593,100,9593,1,0
A,H,A,9400,100,9400,1,0
A,B,B,3641,100,3641,1,0
B,C,B,6761,100,6761,1,0
B,D,B,5946,100,5946,1,0
B,E,B,4314,100,4314,1,0
B,F,B,1429,100,1429,1,0
B,G,B,7188,100,7188,1,0
B,H,B,6188,100,6188,1,0
A,C,C,9295,100,9295,1,0
B,C,C,6749,100,6749,1,0
C,D,C,8700,100,8700,1,0
C,E,C,9850,100,9850,1,0
C,F,C,7161,100,7161,1,0
C,G,C,1584,100,1584,1,0
C,H,C,9050,100,9050,1,0
A,D,D,9264,100,9264,1,0
B,D,D,5929,100,5929,1,0
C,D,D,8737,100,8737,1,0
D,E,D,9683,100,9683,1,0
D,F,D,6320,100,6320,1,0
D,G,D,9233,100,9233,1,0
D,H,D,1385,100,1385,1,0
A,E,E,1443,100,1443,1,0
B,E,E,4337,100,4337,1,0
C,E,E,9824,100,9824,1,0
D,E,E,9766,100,9766,1,0
E,F,E,3699,100,3699,1,0
E,G,E,9910,100,9910,1,0
E,H,E,9667,100,9667,1,0
A,F,F,3507,100,3507,1,0
B,F,F,1416,100,1416,1,0
C,F,F,7193,100,7193,1,0
D,F,F,6381,100,6381,1,0
E,F,F,3690,100,3690,1,0
F,G,F,7352,100,7352,1,0
F,H,F,6219,100,6219,1,0
A,G,G,9581,100,9581,1,0
B,G,G,7174,100,7174,1,0
C,G,G,1555,100,1555,1,0
D,G,G,9230,100,9230,1,0
E,G,G,9914,100,9914,1,0
F,G,G,7364,100,7364,1,0
G,H,G,9318,100,9318,1,0
A,H,H,9444,100,9444,1,0
B,H,H,6227,100,6227,1,0
C,H,H,9027,100,9027,1,0
D,H,H,1417,100,1417,1,0
E,H,H,9665,100,9665,1,0
F,H,H,6280,100,6280,1,0
G,H,H,9346,100,9346,1,0
A,B,A,3643,100,3643,1,0
A,C,A,9319,100,9319,1,0
A,D,A,9265,100,9265,1,0
A,E,A,1455,100,1455,1,0
A,F,A,3517,100,3517,1,0
A,G,A,9555,100,9555,1,0
A,H,A,9397,100,9397,1,0
A,B,B,3660,100,3660,1,0
B,C,B,6745,100,6745,1,0
B,D,B,5923,100,5923,1,0
B,E,B,4322,100,4322,1,0
B,F,B,1397,100,1397,1,0
B,G,B,7203,100,7203,1,0
B,H,B,6196,100,6196,1,0
A,C,C,9302,100,9302,1,0
B,C,C,6737,100,6737,1,0
C,D,C,8721,100,8721,1,0
C,E,C,9854,100,9854,1,0
C,F,C,7196,100,7196,1,0
C,G,C,1594,100,1594,1,0
C,H,C,9059,100,9059,1,0
A,D,D,9269,100,9269,1,0
B,D,D,5991,100,5991,1,0
C,D,D,8712,100,8712,1,0
D,E,D,9758,100,9758,1,0
D,F,D,6382,100,6382,1,0
D,G,D,9255,100,9255,1,0
D,H,D,1442,100,1442,1,0
A,E,E,1442,100,1442,1,0
B,E,E,4263,100,4263,1,0
C,E,E,9788,100,9788,1,0
D,E,E,9692,100,9692,1,0
E,F,E,3651,100,3651,1,0
E,G,E,9926,100,9926,1,0
E,H,E,9701,100,9701,1,0
A,F,F,3505,100,3505,1,0
B,F,F,1395,100,1395,1,0
C,F,F,7234,100,7234,1,0
D,F,F,6350,100,6350,1,0
E,F,F,3688,100,3688,1,0
F,G,F,7358,100,7358,1,0
F,H,F,6282,100,6282,1,0
A,G,G,9580,100,9580,1,0
B,G,G,7198,100,7198,1,0
C,G,G,1565,100,1565,1,0
D,G,G,9240,100,9240,1,0
E,G,G,9917,100,9917,1,0
F,G,G,7349,100,7349,1,0
G,H,G,9314,100,9314,1,0
A,H,H,9407,100,9407,1,0
B,H,H,6183,100,6183,1,0
C,H,H,9064,100,9064,1,0
D,H,H,1424,100,1424,1,0
E,H,H,9645,100,9645,1,0
F,H,H,6267,100,6267,1,0
G,H,H,9337,100,9337,1,0
A,B,A,3655,100,3655,1,0
A,C,A,9325,100,9325,1,0
A,D,A,9296,100,9296,1,0
A,E,A,1416,100,1416,1,0
A,F,A,3551,100,3551,1,0
A,G,A,9629,100,9629,1,0
A,H,A,9437,100,9437,1,0
A,B,B,3660,100,3660,1,0
B,C,B,6701,100,6701,1,0
B,D,B,5970,100,5970,1,0
B,E,B,4314,100,4314,1,0
B,F,B,1396,100,1396,1,0
B,G,B,7194,100,7194,1,0
B,H,B,6244,100,6244,1,0
A,C,C,9311,100,9311,1,0
B,C,C,6722,100,6722,1,0
C,D,C,8734,100,8734,1,0
C,E,C,9857,100,9857,1,0
C,F,C,7187,100,7187,1,0
C,G,C,1583,100,1583,1,0
C,H,C,9058,100,9058,1,0
A,D,D,9272,100,9272,1,0
B,D,D,5935,100,5935,1,0
C,D,D,8710,100,8710,1,0
D,E,D,9683,100,9683,1,0
D,F,D,6334,100,6334,1,0
D,G,D,9242,100,9242,1,0
D,H,D,1407,100,1407,1,0
A,E,E,1414,100,1414,1,0
B,E,E,4281,100,4281,1,0
C,E,E,9781,100,9781,1,0
D,E,E,9743,100,9743,1,0
E,F,E,3684,100,3684,1,0
E,G,E,9927,100,9927,1,0
E,H,E,9683,100,9683,1,0
A,F,F,3537,100,3537,1,0
B,F,F,1405,100,1405,1,0
C,F,F,7204,100,7204,1,0
D,F,F,6353,100,6353,1,0
E,F,F,3710,100,3710,1,0
F,G,F,7388,100,7388,1,0
F,H,F,6283,100,6283,1,0
A,G,G,9613,100,9613,1,0
B,G,G,7221,100,7221,1,0
C,G,G,1608,100,1608,1,0
D,G,G,9277,100,9277,1,0
E,G,G,9925,100,9925,1,0
F,G,G,7365,100,7365,1,0
G,H,G,9327,100,9327,1,0
A,H,H,9403,100,9403,1,0
B,H,H,6185,100,6185,1,0
C,H,H,9048,100,9048,1,0
D,H,H,1390,100,1390,1,0
E,H,H,9648,100,9648,1,0
F,H,H,6260,100,6260,1,0
G,H,H,9351,100,9351,1,0
A,B,A,3677,100,3677,1,0
A,C,A,9287,100,9287,1,0
A,D,A,9269,100,9269,1,0
A,E,A,1392,100,1392,1,0
A,F,A,3544,100,3544,1,0
A,G,A,9653,100,9653,1,0
A,H,A,9432,100,9432,1,0
A,B,B,3653,100,3653,1,0
B,C,B,6726,100,6726,1,0
B,D,B,5999,100,5999,1,0
B,E,B,4308,100,4308,1,0
B,F,B,1403,100,1403,1,0
B,G,B,7189,100,7189,1,0
B,H,B,6180,100,6180,1,0
A,C,C,9300,100,9300,1,0
B,C,C,6720,100,6720,1,0
C,D,C,8728,100,8728,1,0
C,E,C,9883,100,9883,1,0
C,F,C,7216,100,7216,1,0
C,G,C,1594,100,1594,1,0
C,H,C,9045,100,9045,1,0
A,D,D,9266,100,9266,1,0
B,D,D,5962,100,5962,1,0
C,D,D,8701,100,8701,1,0
D,E,D,9706,100,9706,1,0
D,F,D,6328,100,6328,1,0
D,G,D,9276,100,9276,1,0
D,H,D,1458,100,1458,1,0
A,E,E,1471,100,1471,1,0
B,E,E,4287,100,4287,1,0
C,E,E,9815,100,9815,1,0
D,E,E,9729,100,9729,1,0
E,F,E,3676,100,3676,1,0
E,G,E,9923,100,9923,1,0
E,H,E,9652,100,9652,1,0
A,F,F,3519,100,3519,1,0
B,F,F,1419,100,1419,1,0
C,F,F,7185,100,7185,1,0
D,F,F,6346,100,6346,1,0
E,F,F,3697,100,3697,1,0
F,G,F,7408,100,7408,1,0
F,H,F,6311,100,6311,1,0
A,G,G,9610,100,9610,1,0
B,G,G,7171,100,7171,1,0
C,G,G,1525,100,1525,1,0
D,G,G,9224,100,9224,1,0
E,G,G,9906,100,9906,1,0
F,G,G,7380,100,7380,1,0
G,H,G,9301,100,9301,1,0
A,H,H,9391,100,9391,1,0
B,H,H,6196,100,6196,1,0
C,H,H,9040,100,9040,1,0
D,H,H,1452,100,1452,1,0
E,H,H,9662,100,9662,1,0
F,H,H,6310,100,6310,1,0
G,H,H,9310,100,9310,1,0
A,B,A,3614,100,3614,1,0
A,C,A,9306,100,9306,1,0
A,D,A,9271,100,9271,1,0
A,E,A,1411,100,1411,1,0
A,F,A,3508,100,3508,1,0
A,G,A,9633,100,9633,1,0
A,H,A,9412,100,9412,1,0
A,B,B,3656,100,3656,1,0
B,C,B,6743,100,6743,1,0
B,D,B,5940,100,5940,1,0
B,E,B,4307,100,4307,1,0
B,F,B,1421,100,1421,1,0
B,G,B,7197,100,7197,1,0
B,H,B,6176,100,6176,1,0
A,C,C,9343,100,9343,1,0
B,C,C,6766,100,6766,1,0
C,D,C,8721,100,8721,1,0
C,E,C,9814,100,9814,1,0
C,F,C,7193,100,7193,1,0
C,G,C,1565,100,1565,1,0
C,H,C,9010,100,9010,1,0
A,D,D,9266,100,9266,1,0
B,D,D,5967,100,5967,1,0
C,D,D,8739,100,8739,1,0
D,E,D,9699,100,9699,1,0
D,F,D,6330,100,6330,1,0
D,G,D,9211,100,9211,1,0
D,H,D,1390,100,1390,1,0
A,E,E,1423,100,1423,1,0
B,E,E,4300,100,4300,1,0
C,E,E,9824,100,9824,1,0
D,E,E,9709,100,9709,1,0
E,F,E,3708,100,3708,1,0
E,G,E,9903,100,9903,1,0
E,H,E,9653,100,9653,1,0
A,F,F,3564,100,3564,1,0
B,F,F,1413,100,1413,1,0
C,F,F,7239,100,7239,1,0
D,F,F,6375,100,6375,1,0
E,F,F,3701,100,3701,1,0
F,G,F,7380,100,7380,1,0
F,H,F,6279,100,6279,1,0
A,G,G,9602,100,9602,1,0
B,G,G,7212,100,7212,1,0
C,G,G,1551,100,1551,1,0
D,G,G,9239,100,9239,1,0
E,G,G,9923,100,9923,1,0
F,G,G,7352,100,7352,1,0
G,H,G,9343,100,9343,1,0
A,H,H,9374,100,9374,1,0
B,H,H,6233,100,6233,1,0
C,H,H,9054,100,9054,1,0
D,H,H,1433,100,1433,1,0
E,H,H,9638,100,9638,1,0
F,H,H,6277,100,6277,1,0
G,H,H,9324,100,9324,1,0
A,B,A,3624,100,3624,1,0
A,C,A,9264,100,9264,1,0
A,D,A,9292,100,9292,1,0
A,E,A,1422,100,1422,1,0
A,F,A,3501,100,3501,1,0
A,G,A,9633,100,9633,1,0
A,H,A,9415,100,9415,1,0
A,B,B,3632,100,3632,1,0
B,C,B,6734,100,6734,1,0
B,D,B,5938,100,5938,1,0
B,E,B,4297,100,4297,1,0
B,F,B,1385,100,1385,1,0
B,G,B,7150,100,7150,1,0
B,H,B,6197,100,6197,1,0
A,C,C,9318,100,9318,1,0
B,C,C,6769,100,6769,1,0
C,D,C,8750,100,8750,1,0
C,E,C,9821,100,9821,1,0
C,F,C,7213,100,7213,1,0
C,G,C,1570,100,1570,1,0
C,H,C,9050,100,9050,1,0
A,D,D,9274,100,9274,1,0
B,D,D,5974,100,5974,1,0
C,D,D,8715,100,8715,1,0
D,E,D,9718,100,9718,1,0
D,F,D,6332,100,6332,1,0
D,G,D,9266,100,9266,1,0
D,H,D,1416,100,1416,1,0
A,E,E,1435,100,1435,1,0
B,E,E,4318,100,4318,1,0
C,E,E,9807,100,9807,1,0
D,E,E,9692,100,9692,1,0
E,F,E,3690,100,3690,1,0
E,G,E,9932,100,9932,1,0
E,H,E,9677,100,9677,1,0
A,F,F,3562,100,3562,1,0
B,F,F,1386,100,1386,1,0
C,F,F,7192,100,7192,1,0
D,F,F,6326,100,6326,1,0
E,F,F,3654,100,3654,1,0
F,G,F,7346,100,7346,1,0
F,H,F,6248,100,6248,1,0
A,G,G,9597,100,9597,1,0
B,G,G,7207,100,7207,1,0
C,G,G,1551,100,1551,1,0
D,G,G,9224,100,9224,1,0
E,G,G,9922,100,9922,1,0
F,G,G,7402,100,7402,1,0
G,H,G,9316,100,9316,1,0
A,H,H,9372,100,9372,1,0
B,H,H,6246,100,6246,1,0
C,H,H,9036,100,9036,1,0
D,H,H,1415,100,1415,1,0
E,H,H,9670,100,9670,1,0
F,H,H,6307,100,6307,1,0
G,H,H,9340,100,9340,1,0
A,B,A,3654,100,3654,1,0
A,C,A,9310,100,9310,1,0
A,D,A,9243,100,9243,1,0
A,E,A,1442,100,1442,1,0
A,F,A,3549,100,3549,1,0
A,G,A,9565,100,9565,1,0
A,H,A,9376,100,9376,1,0
A,B,B,3667,100,3667,1,0
B,C,B,6729,100,6729,1,0
B,D,B,5976,100,5976,1,0
B,E,B,4296,100,4296,1,0
B,F,B,1386,100,1386,1,0
B,G,B,7218,100,7218,1,0
B,H,B,6221,100,6221,1,0
A,C,C,9273,100,9273,1,0
B,C,C,6701,100,6701,1,0
C,D,C,8758,100,8758,1,0
C,E,C,9833,100,9833,1,0
C,F,C,7224,100,7224,1,0
C,G,C,1531,100,1531,1,0
C,H,C,9051,100,9051,1,0
A,D,D,9263,100,9263,1,0
B,D,D,5977,100,5977,1,0
C,D,D,8713,100,8713,1,0
D,E,D,9766,100,9766,1,0
D,F,D,6353,100,6353,1,0
D,G,D,9230,100,9230,1,0
D,H,D,1487,100,1487,1,0
A,E,E,1440,100,1440,1,0
B,E,E,4309,100,4309,1,0
C,E,E,9859,100,9859,1,0
D,E,E,9720,100,9720,1,0
E,F,E,3693,100,3693,1,0
E,G,E,9895,100,9895,1,0
E,H,E,9650,100,9650,1,0
A,F,F,3483,100,3483,1,0
B,F,F,1391,100,1391,1,0
C,F,F,7241,100,7241,1,0
D,F,F,6343,100,6343,1,0
E,F,F,3704,100,3704,1,0
F,G,F,7361,100,7361,1,0
F,H,F,6282,100,6282,1,0
A,G,G,9546,100,9546,1,0
B,G,G,7244,100,7244,1,0
C,G,G,1587,100,1587,1,0
D,G,G,9237,100,9237,1,0
E,G,G,9921,100,9921,1,0
F,G,G,7388,100,7388,1,0
G,H,G,9315,100,9315,1,0
A,H,H,9391,100,9391,1,0
B,H,H,6131,100,6131,1,0
C,H,H,9066,100,9066,1,0
D,H,H,1397,100,1397,1,0
E,H,H,9654,100,9654,1,0
F,H,H,6320,100,6320,1,0
G,H,H,9305,100,9305,1,0
A,B,A,3634,100,3634,1,0
A,C,A,9285,100,9285,1,0
A,D,A,9258,100,9258,1,0
A,E,A,1473,100,1473,1,0
A,F,A,3517,100,3517,1,0
A,G,A,9557,100,9557,1,0
A,H,A,9415,100,9415,1,0
A,B,B,3642,100,3642,1,0
B,C,B,6798,100,6798,1,0
B,D,B,5953,100,5953,1,0
B,E,B,4317,100,4317,1,0
B,F,B,1411,100,1411,1,0
B,G,B,7221,100,7221,1,0
B,H,B,6162,100,6162,1,0
A,C,C,9291,100,9291,1,0
B,C,C,6758,100,6758,1,0
C,D,C,8690,100,8690,1,0
C,E,C,9809,100,9809,1,0
C,F,C,7214,100,7214,1,0
C,G,C,1585,100,1585,1,0
C,H,C,9051,100,9051,1,0
A,D,D,9278,100,9278,1,0
B,D,D,5887,100,5887,1,0
C,D,D,8751,100,8751,1,0
D,E,D,9768,100,9768,1,0
D,F,D,6362,100,6362,1,0
D,G,D,9253,100,9253,1,0
D,H,D,1420,100,1420,1,0
A,E,E,1455,100,1455,1,0
B,E,E,4300,100,4300,1,0
C,E,E,9831,100,9831,1,0
D,E,E,9713,100,9713,1,0
E,F,E,3689,100,3689,1,0
E,G,E,9941,100,9941,1,0
E,H,E,9667,100,9667,1,0
A,F,F,3545,100,3545,1,0
B,F,F,1430,100,1430,1,0
C,F,F,7194,100,7194,1,0
D,F,F,6310,100,6310,1,0
E,F,F,3727,100,3727,1,0
F,G,F,7388,100,7388,1,0
F,H,F,6304,100,6304,1,0
A,G,G,9559,100,9559,1,0
B,G,G,7198,100,7198,1,0
C,G,G,1598,100,1598,1,0
D,G,G,9238,100,9238,1,0
E,G,G,9923,100,9923,1,0
F,G,G,7397,100,7397,1,0
G,H,G,9331,100,9331,1,0
A,H,H,9412,100,9412,1,0
B,H,H,6176,100,6176,1,0
C,H,H,9036,100,9036,1,0
D,H,H,1362,100,1362,1,0
E,H,H,9668,100,9668,1,0
F,H,H,6263,100,6263,1,0
G,H,H,9340,100,9340,1,0
A,B,A,3624,100,3624,1,0
A,C,A,9284,100,9284,1,0
A,D,A,9283,100,9283,1,0
A,E,A,1441,100,1441,1,0
A,F,A,3554,100,3554,1,0
A,G,A,9619,100,9619,1,0
A,H,A,9365,100,9365,1,0
A,B,B,3656,100,3656,1,0
B,C,B,6716,100,6716,1,0
B,D,B,5963,100,5963,1,0
B,E,B,4343,100,4343,1,0
B,F,B,1411,100,1411,1,0
B,G,B,7178,100,7178,1,0
B,H,B,6248,100,6248,1,0
A,C,C,9285,100,9285,1,0
B,C,C,6720,100,6720,1,0
C,D,C,8735,100,8735,1,0
C,E,C,9831,100,9831,1,0
C,F,C,7225,100,7225,1,0
C,G,C,1557,100,1557,1,0
C,H,C,9056,100,9056,1,0
A,D,D,9264,100,9264,1,0
B,D,D,6004,100,6004,1,0
C,D,D,8725,100,8725,1,0
D,E,D,9702,100,9702,1,0
D,F,D,6315,100,6315,1,0
D,G,D,9248,100,9248,1,0
D,H,D,1450,100,1450,1,0
A,E,E,1471,100,1471,1,0
B,E,E,4292,100,4292,1,0
C,E,E,9846,100,9846,1,0
D,E,E,9801,100,9801,1,0
E,F,E,3691,100,3691,1,0
E,G,E,9924,100,9924,1,0
E,H,E,9643,100,9643,1,0
A,F,F,3510,100,3510,1,0
B,F,F,1401,100,1401,1,0
C,F,F,7187,100,7187,1,0
D,F,F,6356,100,6356,1,0
E,F,F,3668,100,3668,1,0
F,G,F,7357,100,7357,1,0
F,H,F,6273,100,6273,1,0
A,G,G,9608,100,9608,1,0
B,G,G,7191,100,7191,1,0
C,G,G,1541,100,1541,1,0
D,G,G,9238,100,9238,1,0
E,G,G,9908,100,9908,1,0
F,G,G,7371,100,7371,1,0
G,H,G,9334,100,9334,1,0
A,H,H,9462,100,9462,1,0
B,H,H,6205,100,6205,1,0
C,H,H,9081,100,9081,1,0
D,H,H,1479,100,1479,1,0
E,H,H,9635,100,9635,1,0
F,H,H,6288,100,6288,1,0
G,H,H,9358,100,9358,1,0
A,B,A,3617,100,3617,1,0
A,C,A,9287,100,9287,1,0
A,D,A,9289,100,9289,1,0
A,E,A,1431,100,1431,1,0
A,F,A,3504,100,3504,1,0
A,G,A,9615,100,9615,1,0
A,H,A,9380,100,9380,1,0
A,B,B,3655,100,3655,1,0
B,C,B,6729,100,6729,1,0
B,D,B,5940,100,5940,1,0
B,E,B,4266,100,4266,1,0
B,F,B,1433,100,1433,1,0
B,G,B,7198,100,7198,1,0
B,H,B,6250,100,6250,1,0
A,C,C,9284,100,9284,1,0
B,C,C,6738,100,6738,1,0
C,D,C,8724,100,8724,1,0
C,E,C,9820,100,9820,1,0
C,F,C,7201,100,7201,1,0
C,G,C,1553,100,1553,1,0
C,H,C,9012,100,9012,1,0
A,D,D,9280,100,9280,1,0
B,D,D,5970,100,5970,1,0
C,D,D,8755,100,8755,1,0
D,E,D,9749,100,9749,1,0
D,F,D,6339,100,6339,1,0
D,G,D,9216,100,9216,1,0
D,H,D,1451,100,1451,1,0
A,E,E,1450,100,1450,1,0
B,E,E,4307,100,4307,1,0
C,E,E,9840,100,9840,1,0
D,E,E,9744,100,9744,1,0
E,F,E,3685,100,3685,1,0
E,G,E,9949,100,9949,1,0
E,H,E,9696,100,9696,1,0
A,F,F,3517,100,3517,1,0
B,F,F,1440,100,1440,1,0
C,F,F,7224,100,7224,1,0
D,F,F,6314,100,6314,1,0
E,F,F,3695,100,3695,1,0
F,G,F,7363,100,7363,1,0
F,H,F,6285,100,6285,1,0
A,G,G,9596,100,9596,1,0
B,G,G,7182,100,7182,1,0
C,G,G,1577,100,1577,1,0
D,G,G,9245,100,9245,1,0
E,G,G,9895,100,9895,1,0
F,G,G,7343,100,7343,1,0
G,H,G,9320,100,9320,1,0
A,H,H,9402,100,9402,1,0
B,H,H,6169,100,6169,1,0
C,H,H,9045,100,9045,1,0
D,H,H,1431,100,1431,1,0
E,H,H,9620,100,9620,1,0
F,H,H,6323,100,6323,1,0
G,H,H,9330,100,9330,1,0
A,B,A,3655,100,3655,1,0
A,C,A,9305,100,9305,1,0
A,D,A,9262,100,9262,1,0
A,E,A,1430,100,1430,1,0
A,F,A,3537,100,3537,1,0
A,G,A,9575,100,9575,1,0
A,H,A,9384,100,9384,1,0
A,B,B,3613,100,3613,1,0
B,C,B,6739,100,6739,1,0
B,D,B,5971,100,5971,1,0
B,E,B,4302,100,4302,1,0
B,F,B,1424,100,1424,1,0
B,G,B,7171,100,7171,1,0
B,H,B,6243,100,6243,1,0
A,C,C,9269,100,9269,1,0
B,C,C,6752,100,6752,1,0
C,D,C,8731,100,8731,1,0
C,E,C,9814,100,9814,1,0
C,F,C,7234,100,7234,1,0
C,G,C,1593,100,1593,1,0
C,H,C,9097,100,9097,1,0
A,D,D,9262,100,9262,1,0
B,D,D,5960,100,5960,1,0
C,D,D,8742,100,8742,1,0
D,E,D,9755,100,9755,1,0
D,F,D,6326,100,6326,1,0
D,G,D,9245,100,9245,1,0
D,H,D,1414,100,1414,1,0
A,E,E,1474,100,1474,1,0
B,E,E,4363,100,4363,1,0
C,E,E,9874,100,9874,1,0
D,E,E,9741,100,9741,1,0
E,F,E,3723,100,3723,1,0
E,G,E,9942,100,9942,1,0
E,H,E,9661,100,9661,1,0
A,F,F,3519,100,3519,1,0
B,F,F,1391,100,1391,1,0
C,F,F,7214,100,7214,1,0
D,F,F,6352,100,6352,1,0
E,F,F,3710,100,3710,1,0
F,G,F,7373,100,7373,1,0
F,H,F,6235,100,6235,1,0
A,G,G,9630,100,9630,1,0
B,G,G,7165,100,7165,1,0
C,G,G,1568,100,1568,1,0
D,G,G,9229,100,9229,1,0
E,G,G,9934,100,9934,1,0
F,G,G,7396,100,7396,1,0
G,H,G,9341,100,9341,1,0
A,H,H,9395,100,9395,1,0
B,H,H,6180,100,6180,1,0
C,H,H,9057,100,9057,1,0
D,H,H,1399,100,1399,1,0
E,H,H,9667,100,9667,1,0
F,H,H,6287,100,6287,1,0
G,H,H,9325,100,9325,1,0
A,B,A,3636,100,3636,1,0
A,C,A,9275,100,9275,1,0
A,D,A,9274,100,9274,1,0
A,E,A,1459,100,1459,1,0
A,F,A,3485,100,3485,1,0
A,G,A,9619,100,9619,1,0
A,H,A,9347,100,9347,1,0
A,B,B,3672,100,3672,1,0
B,C,B,6771,100,6771,1,0
B,D,B,5897,100,5897,1,0
B,E,B,4311,100,4311,1,0
B,F,B,1381,100,1381,1,0
B,G,B,7177,100,7177,1,0
B,H,B,6222,100,6222,1,0
A,C,C,9293,100,9293,1,0
B,C,C,6731,100,6731,1,0
C,D,C,8677,100,8677,1,0
C,E,C,9815,100,9815,1,0
C,F,C,7236,100,7236,1,0
C,G,C,1584,100,1584,1,0
C,H,C,9049,100,9049,1,0
A,D,D,9312,100,9312,1,0
B,D,D,5941,100,5941,1,0
C,D,D,8741,100,8741,1,0
D,E,D,9686,100,9686,1,0
D,F,D,6359,100,6359,1,0
D,G,D,9254,100,9254,1,0
D,H,D,1394,100,1394,1,0
A,E,E,1483,100,1483,1,0
B,E,E,4300,100,4300,1,0
C,E,E,9811,100,9811,1,0
D,E,E,9711,100,9711,1,0
E,F,E,3687,100,3687,1,0
E,G,E,9898,100,9898,1,0
E,H,E,9627,100,9627,1,0
A,F,F,3530,100,3530,1,0
B,F,F,1383,100,1383,1,0
C,F,F,7177,100,7177,1,0
D,F,F,6341,100,6341,1,0
E,F,F,3724,100,3724,1,0
F,G,F,7379,100,7379,1,0
F,H,F,6282,100,6282,1,0
A,G,G,9607,100,9607,1,0
B,G,G,7211,100,7211,1,0
C,G,G,1542,100,1542,1,0
D,G,G,9226,100,9226,1,0
E,G,G,9882,100,9882,1,0
F,G,G,7393,100,7393,1,0
G,H,G,9316,100,9316,1,0
A,H,H,9371,100,9371,1,0
B,H,H,6186,100,6186,1,0
C,H,H,9054,100,9054,1,0
D,H,H,1405,100,1405,1,0
E,H,H,9630,100,9630,1,0
F,H,H,6259,100,6259,1,0
G,H,H,9343,100,9343,1,0
A,B,A,3632,100,3632,1,0
A,C,A,9331,100,9331,1,0
A,D,A,9276,100,9276,1,0
A,E,A,1434,100,1434,1,0
A,F,A,3509,100,3509,1,0
A,G,A,9563,100,9563,1,0
A,H,A,9371,100,9371,1,0
A,B,B,3633,100,3633,1,0
B,C,B,6745,100,6745,1,0
B,D,B,5976,100,5976,1,0
B,E,B,4348,100,4348,1,0
B,F,B,1430,100,1430,1,0
B,G,B,7185,100,7185,1,0
B,H,B,6215,100,6215,1,0
A,C,C,9277,100,9277,1,0
B,C,C,6735,100,6735,1,0
C,D,C,8710,100,8710,1,0
C,E,C,9802,100,9802,1,0
C,F,C,7199,100,7199,1,0
C,G,C,1559,100,1559,1,0
C,H,C,9021,100,9021,1,0
A,D,D,9233,100,9233,1,0
B,D,D,5970,100,5970,1,0
C,D,D,8677,100,8677,1,0
D,E,D,9755,100,9755,1,0
D,F,D,6316,100,6316,1,0
D,G,D,9221,100,9221,1,0
D,H,D,1384,100,1384,1,0
A,E,E,1519,100,1519,1,0
B,E,E,4268,100,4268,1,0
C,E,E,9844,100,9844,1,0
D,E,E,9767,100,9767,1,0
E,F,E,3717,100,3717,1,0
E,G,E,9910,100,9910,1,0
E,H,E,9651,100,9651,1,0
A,F,F,3525,100,3525,1,0
B,F,F,1398,100,1398,1,0
C,F,F,7193,100,7193,1,0
D,F,F,6350,100,6350,1,0
E,F,F,3707,100,3707,1,0
F,G,F,7362,100,7362,1,0
F,H,F,6249,100,6249,1,0
A,G,G,9580,100,9580,1,0
B,G,G,7179,100,7179,1,0
C,G,G,1596,100,1596,1,0
D,G,G,9212,100,9212,1,0
E,G,G,9944,100,9944,1,0
F,G,G,7404,100,7404,1,0
G,H,G,9342,100,9342,1,0
A,H,H,9437,100,9437,1,0
B,H,H,6190,100,6190,1,0
C,H,H,9037,100,9037,1,0
D,H,H,1418,100,1418,1,0
E,H,H,9640,100,9640,1,0
F,H,H,6267,100,6267,1,0
G,H,H,9344,100,9344,1,0
A,B,A,3651,100,3651,1,0
A,C,A,9307,100,9307,1,0
A,D,A,9273,100,9273,1,0
A,E,A,1456,100,1456,1,0
A,F,A,3536,100,3536,1,0
A,G,A,9628,100,9628,1,0
A,H,A,9402,100,9402,1,0
A,B,B,3645,100,3645,1,0
B,C,B,6760,100,6760,1,0
B,D,B,5970,100,5970,1,0
B,E,B,4291,100,4291,1,0
B,F,B,1411,100,1411,1,0
B,G,B,7160,100,7160,1,0
B,H,B,6149,100,6149,1,0
A,C,C,9281,100,9281,1,0
B,C,C,6721,100,6721,1,0
C,D,C,8717,100,8717,1,0
C,E,C,9816,100,9816,1,0
C,F,C,7209,100,7209,1,0
C,G,C,1575,100,1575,1,0
C,H,C,9096,100,9096,1,0
A,D,D,9254,100,9254,1,0
B,D,D,5988,100,5988,1,0
C,D,D,8750,100,8750,1,0
D,E,D,9749,100,9749,1,0
D,F,D,6329,100,6329,1,0
D,G,D,9224,100,9224,1,0
D,H,D,1444,100,1444,1,0
A,E,E,1480,100,1480,1,0
B,E,E,4295,100,4295,1,0
C,E,E,9827,100,9827,1,0
D,E,E,9674,100,9674,1,0
E,F,E,3677,100,3677,1,0
E,G,E,9936,100,9936,1,0
E,H,E,9690,100,9690,1,0
A,F,F,3520,100,3520,1,0
B,F,F,1382,100,1382,1,0
C,F,F,7181,100,7181,1,0
D,F,F,6379,100,6379,1,0
E,F,F,3684,100,3684,1,0
F,G,F,7388,100,7388,1,0
F,H,F,6280,100,6280,1,0
A,G,G,9625,100,9625,1,0
B,G,G,7198,100,7198,1,0
C,G,G,1590,100,1590,1,0
D,G,G,9219,100,9219,1,0
E,G,G,9940,100,9940,1,0
F,G,G,7402,100,7402,1,0
G,H,G,9322,100,9322,1,0
A,H,H,9407,100,9407,1,0
B,H,H,6213,100,6213,1,0
C,H,H,9071,100,9071,1,0
D,H,H,1380,100,1380,1,0
E,H,H,9640,100,9640,1,0
F,H,H,6280,100,6280,1,0
G,H,H,9325,100,9325,1,0
A,B,A,3621,100,3621,1,0
A,C,A,9251,100,9251,1,0
A,D,A,9253,100,9253,1,0
A,E,A,1448,100,1448,1,0
A,F,A,3545,100,3545,1,0
A,G,A,9609,100,9609,1,0
A,H,A,9399,100,9399,1,0
A,B,B,3659,100,3659,1,0
B,C,B,6752,100,6752,1,0
B,D,B,5963,100,5963,1,0
B,E,B,4300,100,4300,1,0
B,F,B,1404,100,1404,1,0
B,G,B,7207,100,7207,1,0
B,H,B,6219,100,6219,1,0
A,C,C,9320,100,9320,1,0
B,C,C,6721,100,6721,1,0
C,D,C,8700,100,8700,1,0
C,E,C,9836,100,9836,1,0
C,F,C,7209,100,7209,1,0
C,G,C,1534,100,1534,1,0
C,H,C,9059,100,9059,1,0
A,D,D,9260,100,9260,1,0
B,D,D,5930,100,5930,1,0
C,D,D,8715,100,8715,1,0
D,E,D,9690,100,9690,1,0
D,F,D,6348,100,6348,1,0
D,G,D,9228,100,9228,1,0
D,H,D,1444,100,1444,1,0
A,E,E,1447,100,1447,1,0
B,E,E,4279,100,4279,1,0
C,E,E,9837,100,9837,1,0
D,E,E,9737,100,9737,1,0
E,F,E,3688,100,3688,1,0
E,G,E,9915,100,9915,1,0
E,H,E,9661,100,9661,1,0
A,F,F,3504,100,3504,1,0
B,F,F,1427,100,1427,1,0
C,F,F,7193,100,7193,1,0
D,F,F,6374,100,6374,1,0
E,F,F,3703,100,3703,1,0
F,G,F,7369,100,7369,1,0
F,H,F,6249,100,6249,1,0
A,G,G,9621,100,9621,1,0
B,G,G,7178,100,7178,1,0
C,G,G,1580,100,1580,1,0
D,G,G,9231,100,9231,1,0
E,G,G,9928,100,9928,1,0
F,G,G,7379,100,7379,1,0
G,H,G,9307,100,9307,1,0
A,H,H,9375,100,9375,1,0
B,H,H,6183,100,6183,1,0
C,H,H,9075,100,9075,1,0
D,H,H,1445,100,1445,1,0
E,H,H,9649,100,9649,1,0
F,H,H,6311,100,6311,1,0
G,H,H,9356,100,9356,1,0
A,B,A,3672,100,3672,1,0
A,C,A,9327,100,9327,1,0
A,D,A,9252,100,9252,1,0
A,E,A,1406,100,1406,1,0
A,F,A,3484,100,3484,1,0
A,G,A,9578,100,9578,1,0
A,H,A,9397,100,9397,1,0
A,B,B,3658,100,3658,1,0
B,C,B,6759,100,6759,1,0
B,D,B,5923,100,5923,1,0
B,E,B,4323,100,4323,1,0
B,F,B,1389,100,1389,1,0
B,G,B,7187,100,7187,1,0
B,H,B,6153,100,6153,1,0
A,C,C,9339,100,9339,1,0
B,C,C,6750,100,6750,1,0
C,D,C,8768,100,8768,1,0
C,E,C,9804,100,9804,1,0
C,F,C,7218,100,7218,1,0
C,G,C,1547,100,1547,1,0
C,H,C,9062,100,9062,1,0
A,D,D,9255,100,9255,1,0
B,D,D,5942,100,5942,1,0
C,D,D,8733,100,8733,1,0
D,E,D,9720,100,9720,1,0
D,F,D,6322,100,6322,1,0
D,G,D,9232,100,9232,1,0
D,H,D,1406,100,1406,1,0
A,E,E,1435,100,1435,1,0
B,E,E,4307,100,4307,1,0
C,E,E,9868,100,9868,1,0
D,E,E,9688,100,9688,1,0
E,F,E,3694,100,3694,1,0
E,G,E,9930,100,9930,1,0
E,H,E,9633,100,9633,1,0
A,F,F,3503,100,3503,1,0
B,F,F,1421,100,1421,1,0
C,F,F,7220,100,7220,1,0
D,F,F,6320,100,6320,1,0
E,F,F,3699,100,3699,1,0
F,G,F,7344,100,7344,1,0
F,H,F,6263,100,6263,1,0
A,G,G,9613,100,9613,1,0
B,G,G,7214,100,7214,1,0
C,G,G,1584,100,1584,1,0
D,G,G,9244,100,9244,1,0
E,G,G,9914,100,9914,1,0
F,G,G,7383,100,7383,1,0
G,H,G,9327,100,9327,1,0
A,H,H,9370,100,9370,1,0
B,H,H,6220,100,6220,1,0
C,H,H,9057,100,9057,1,0
D,H,H,1383,100,1383,1,0
E,H,H,9669,100,9669,1,0
F,H,H,6310,100,6310,1,0
G,H,H,9340,100,9340,1,0
A,B,A,3614,100,3614,1,0
A,C,A,9303,100,9303,1,0
A,D,A,9269,100,9269,1,0
A,E,A,1423,100,1423,1,0
A,F,A,3475,100,3475,1,0
A,G,A,9581,100,9581,1,0
A,H,A,9434,100,9434,1,0
A,B,B,3656,100,3656,1,0
B,C,B,6751,100,6751,1,0
B,D,B,5967,100,5967,1,0
B,E,B,4254,100,4254,1,0
B,F,B,1376,100,1376,1,0
B,G,B,7188,100,7188,1,0
B,H,B,6210,100,6210,1,0
A,C,C,9305,100,9305,1,0
B,C,C,6713,100,6713,1,0
C,D,C,8727,100,8727,1,0
C,E,C,9770,100,9770,1,0
C,F,C,7228,100,7228,1,0
C,G,C,1565,100,1565,1,0
C,H,C,9039,100,9039,1,0
A,D,D,9286,100,9286,1,0
B,D,D,5936,100,5936,1,0
C,D,D,8726,100,8726,1,0
D,E,D,9716,100,9716,1,0
D,F,D,6358,100,6358,1,0
D,G,D,9226,100,9226,1,0
D,H,D,1403,100,1403,1,0
A,E,E,1411,100,1411,1,0
B,E,E,4309,100,4309,1,0
C,E,E,9828,100,9828,1,0
D,E,E,9700,100,9700,1,0
E,F,E,3725,100,3725,1,0
E,G,E,9920,100,9920,1,0
E,H,E,9664,100,9664,1,0
A,F,F,3543,100,3543,1,0
B,F,F,1427,100,1427,1,0
C,F,F,7201,100,7201,1,0
D,F,F,6343,100,6343,1,0
E,F,F,3679,100,3679,1,0
F,G,F,7386,100,7386,1,0
F,H,F,6253,100,6253,1,0
A,G,G,9606,100,9606,1,0
B,G,G,7206,100,7206,1,0
C,G,G,1605,100,1605,1,0
D,G,G,9254,100,9254,1,0
E,G,G,9952,100,9952,1,0
F,G,G,7349,100,7349,1,0
G,H,G,9316,100,9316,1,0
A,H,H,9382,100,9382,1,0
B,H,H,6195,100,6195,1,0
C,H,H,9095,100,9095,1,0
D,H,H,1348,100,1348,1,0
E,H,H,9652,100,9652,1,0
F,H,H,6284,100,6284,1,0
G,H,H,9327,100,9327,1,0
A,B,A,3652,100,3652,1,0
A,C,A,9298,100,9298,1,0
A,D,A,9269,100,9269,1,0
A,E,A,1408,100,1408,1,0
A,F,A,3522,100,3522,1,0
A,G,A,9640,100,9640,1,0
A,H,A,9451,100,9451,1,0
A,B,B,3639,100,3639,1,0
B,C,B,6700,100,6700,1,0
B,D,B,6010,100,6010,1,0
B,E,B,4330,100,4330,1,0
B,F,B,1416,100,1416,1,0
B,G,B,7220,100,7220,1,0
B,H,B,6205,100,6205,1,0
A,C,C,9277,100,9277,1,0
B,C,C,6723,100,6723,1,0
C,D,C,8749,100,8749,1,0
C,E,C,9827,100,9827,1,0
C,F,C,7185,100,7185,1,0
C,G,C,1593,100,1593,1,0
C,H,C,9033,100,9033,1,0
A,D,D,9271,100,9271,1,0
B,D,D,5974,100,5974,1,0
C,D,D,8721,100,8721,1,0
D,E,D,9645,100,9645,1,0
D,F,D,6324,100,6324,1,0
D,G,D,9216,100,9216,1,0
D,H,D,1429,100,1429,1,0
A,E,E,1452,100,1452,1,0
B,E,E,4324,100,4324,1,0
C,E,E,9809,100,9809,1,0
D,E,E,9675,100,9675,1,0
E,F,E,3710,100,3710,1,0
E,G,E,9908,100,9908,1,0
E,H,E,9665,100,9665,1,0
A,F,F,3512,100,3512,1,0
B,F,F,1378,100,1378,1,0
C,F,F,7228,100,7228,1,0
D,F,F,6351,100,6351,1,0
E,F,F,3723,100,3723,1,0
F,G,F,7384,100,7384,1,0
F,H,F,6238,100,6238,1,0
A,G,G,9549,100,9549,1,0
B,G,G,7184,100,7184,1,0
C,G,G,1542,100,1542,1,0
D,G,G,9252,100,9252,1,0
E,G,G,9895,100,9895,1,0
F,G,G,7376,100,7376,1,0
G,H,G,9317,100,9317,1,0
A,H,H,9418,100,9418,1,0
B,H,H,6203,100,6203,1,0
C,H,H,9054,100,9054,1,0
D,H,H,1419,100,1419,1,0
E,H,H,9628,100,9628,1,0
F,H,H,6281,100,6281,1,0
G,H,H,9300,100,9300,1,0
A,B,A,3675,100,3675,1,0
A,C,A,9335,100,9335,1,0
A,D,A,9255,100,9255,1,0
A,E,A,1449,100,1449,1,0
A,F,A,3492,100,3492,1,0
A,G,A,9629,100,9629,1,0
A,H,A,9393,100,9393,1,0
A,B,B,3645,100,3645,1,0
B,C,B,6735,100,6735,1,0
B,D,B,5962,100,5962,1,0
B,E,B,4300,100,4300,1,0
B,F,B,1387,100,1387,1,0
B,G,B,7194,100,7194,1,0
B,H,B,6194,100,6194,1,0
A,C,C,9311,100,9311,1,0
B,C,C,6729,100,6729,1,0
C,D,C,8754,100,8754,1,0
C,E,C,9848,100,9848,1,0
C,F,C,7220,100,7220,1,0
C,G,C,1571,100,1571,1,0
C,H,C,9025,100,9025,1,0
A,D,D,9297,100,9297,1,0
B,D,D,5948,100,5948,1,0
C,D,D,8761,100,8761,1,0
D,E,D,9752,100,9752,1,0
D,F,D,6336,100,6336,1,0
D,G,D,9224,100,9224,1,0
D,H,D,1460,100,1460,1,0
A,E,E,1515,100,1515,1,0
B,E,E,4297,100,4297,1,0
C,E,E,9814,100,9814,1,0
D,E,E,9742,100,9742,1,0
E,F,E,3707,100,3707,1,0
E,G,E,9900,100,9900,1,0
E,H,E,9683,100,9683,1,0
A,F,F,3498,100,3498,1,0
B,F,F,1415,100,1415,1,0
C,F,F,7211,100,7211,1,0
D,F,F,6334,100,6334,1,0
E,F,F,3688,100,3688,1,0
F,G,F,7365,100,7365,1,0
F,H,F,6269,100,6269,1,0
A,G,G,9638,100,9638,1,0
B,G,G,7160,100,7160,1,0
C,G,G,1509,100,1509,1,0
D,G,G,9263,100,9263,1,0
E,G,G,9931,100,9931,1,0
F,G,G,7369,100,7369,1,0
G,H,G,9308,100,9308,1,0
A,H,H,9376,100,9376,1,0
B,H,H,6240,100,6240,1,0
C,H,H,9045,100,9045,1,0
D,H,H,1446,100,1446,1,0
E,H,H,9673,100,9673,1,0
F,H,H,6289,100,6289,1,0
G,H,H,9309,100,9309,1,0
A,B,A,3649,100,3649,1,0
A,C,A,9259,100,9259,1,0
A,D,A,9301,100,9301,1,0
A,E,A,1441,100,1441,1,0
A,F,A,3476,100,3476,1,0
A,G,A,9615,100,9615,1,0
A,H,A,9401,100,9401,1,0
A,B,B,3682,100,3682,1,0
B,C,B,6718,100,6718,1,0
B,D,B,5908,100,5908,1,0
B,E,B,4305,100,4305,1,0
B,F,B,1392,100,1392,1,0
B,G,B,7217,100,7217,1,0
B,H,B,6200,100,6200,1,0
A,C,C,9278,100,9278,1,0
B,C,C,6737,100,6737,1,0
C,D,C,8749,100,8749,1,0
C,E,C,9804,100,9804,1,0
C,F,C,7195,100,7195,1,0
C,G,C,1595,100,1595,1,0
C,H,C,9036,100,9036,1,0
A,D,D,9300,100,9300,1,0
B,D,D,5953,100,5953,1,0
C,D,D,8744,100,8744,1,0
D,E,D,9712,100,9712,1,0
D,F,D,6345,100,6345,1,0
D,G,D,9242,100,9242,1,0
D,H,D,1416,100,1416,1,0
A,E,E,1422,100,1422,1,0
B,E,E,4289,100,4289,1,0
C,E,E,9818,100,9818,1,0
D,E,E,9774,100,9774,1,0
E,F,E,3681,100,3681,1,0
E,G,E,9922,100,9922,1,0
E,H,E,9640,100,9640,1,0
A,F,F,3495,100,3495,1,0
B,F,F,1462,100,1462,1,0
C,F,F,7210,100,7210,1,0
D,F,F,6373,100,6373,1,0
E,F,F,3693,100,3693,1,0
F,G,F,7352,100,7352,1,0
F,H,F,6295,100,6295,1,0
A,G,G,9565,100,9565,1,0
B,G,G,7183,100,7183,1,0
C,G,G,1559,100,1559,1,0
D,G,G,9219,100,9219,1,0
E,G,G,9956,100,9956,1,0
F,G,G,7353,100,7353,1,0
G,H,G,9319,100,9319,1,0
A,H,H,9426,100,9426,1,0
B,H,H,6233,100,6233,1,0
C,H,H,9066,100,9066,1,0
D,H,H,1478,100,1478,1,0
E,H,H,9669,100,9669,1,0
F,H,H,6243,100,6243,1,0
G,H,H,9340,100,9340,1,0
A,B,A,3611,100,3611,1,0
A,C,A,9284,100,9284,1,0
A,D,A,9280,100,9280,1,0
A,E,A,1451,100,1451,1,0
A,F,A,3538,100,3538,1,0
A,G,A,9580,100,9580,1,0
A,H,A,9371,100,9371,1,0
A,B,B,3637,100,3637,1,0
B,C,B,6764,100,6764,1,0
B,D,B,5952,100,5952,1,0
B,E,B,4330,100,4330,1,0
B,F,B,1381,100,1381,1,0
B,G,B,7191,100,7191,1,0
B,H,B,6190,100,6190,1,0
A,C,C,9261,100,9261,1,0
B,C,C,6786,100,6786,1,0
C,D,C,8724,100,8724,1,0
C,E,C,9842,100,9842,1,0
C,F,C,7191,100,7191,1,0
C,G,C,1585,100,1585,1,0
C,H,C,9086,100,9086,1,0
A,D,D,9260,100,9260,1,0
B,D,D,6006,100,6006,1,0
C,D,D,8720,100,8720,1,0
D,E,D,9765,100,9765,1,0
D,F,D,6397,100,6397,1,0
D,G,D,9268,100,9268,1,0
D,H,D,1378,100,1378,1,0
A,E,E,1458,100,1458,1,0
B,E,E,4323,100,4323,1,0
C,E,E,9859,100,9859,1,0
D,E,E,9720,100,9720,1,0
E,F,E,3707,100,3707,1,0
E,G,E,9920,100,9920,1,0
E,H,E,9669,100,9669,1,0
A,F,F,3530,100,3530,1,0
B,F,F,1407,100,1407,1,0
C,F,F,7221,100,7221,1,0
D,F,F,6313,100,6313,1,0
E,F,F,3690,100,3690,1,0
F,G,F,7360,100,7360,1,0
F,H,F,6248,100,6248,1,0
A,G,G,9573,100,9573,1,0
B,G,G,7154,100,7154,1,0
C,G,G,1586,100,1586,1,0
D,G,G,9269,100,9269,1,0
E,G,G,9940,100,9940,1,0
F,G,G,7372,100,7372,1,0
G,H,G,9348,100,9348,1,0
A,H,H,9464,100,9464,1,0
B,H,H,6188,100,6188,1,0
C,H,H,9040,100,9040,1,0
D,H,H,1423,100,1423,1,0
E,H,H,9671,100,9671,1,0
F,H,H,6261,100,6261,1,0
G,H,H,9349,100,9349,1,0
A,B,A,3635,100,3635,1,0
A,C,A,9294,100,9294,1,0
A,D,A,9281,100,9281,1,0
A,E,A,1414,100,1414,1,0
A,F,A,3503,100,3503,1,0
A,G,A,9606,100,9606,1,0
A,H,A,9432,100,9432,1,0
A,B,B,3600,100,3600,1,0
B,C,B,6722,100,6722,1,0
B,D,B,5957,100,5957,1,0
B,E,B,4323,100,4323,1,0
B,F,B,1380,100,1380,1,0
B,G,B,7210,100,7210,1,0
B,H,B,6209,100,6209,1,0
A,C,C,9287,100,9287,1,0
B,C,C,6736,100,6736,1,0
C,D,C,8741,100,8741,1,0
C,E,C,9880,100,9880,1,0
C,F,C,7237,100,7237,1,0
C,G,C,1593,100,1593,1,0
C,H,C,9025,100,9025,1,0
A,D,D,9288,100,9288,1,0
B,D,D,5996,100,5996,1,0
C,D,D,8725,100,8725,1,0
D,E,D,9749,100,9749,1,0
D,F,D,6337,100,6337,1,0
D,G,D,9278,100,9278,1,0
D,H,D,1401,100,1401,1,0
A,E,E,1495,100,1495,1,0
B,E,E,4319,100,4319,1,0
C,E,E,9841,100,9841,1,0
D,E,E,9720,100,9720,1,0
E,F,E,3688,100,3688,1,0
E,G,E,9948,100,9948,1,0
E,H,E,9619,100,9619,1,0
A,F,F,3556,100,3556,1,0
B,F,F,1416,100,1416,1,0
C,F,F,7218,100,7218,1,0
D,F,F,6352,100,6352,1,0
E,F,F,3682,100,3682,1,0
F,G,F,7340,100,7340,1,0
F,H,F,6247,100,6247,1,0
A,G,G,9625,100,9625,1,0
B,G,G,7199,100,7199,1,0
C,G,G,1627,100,1627,1,0
D,G,G,9252,100,9252,1,0
E,G,G,9945,100,9945,1,0
F,G,G,7343,100,7343,1,0
G,H,G,9311,100,9311,1,0
A,H,H,9397,100,9397,1,0
B,H,H,6190,100,6190,1,0
C,H,H,9036,100,9036,1,0
D,H,H,1404,100,1404,1,0
E,H,H,9646,100,9646,1,0
F,H,H,6303,100,6303,1,0
G,H,H,9331,100,9331,1,0
A,B,A,3651,100,3651,1,0
A,C,A,9301,100,9301,1,0
A,D,A,9258,100,9258,1,0
A,E,A,1472,100,1472,1,0
A,F,A,3530,100,3530,1,0
A,G,A,9601,100,9601,1,0
A,H,A,9426,100,9426,1,0
A,B,B,3628,100,3628,1,0
B,C,B,6764,100,6764,1,0
B,D,B,5950,100,5950,1,0
B,E,B,4298,100,4298,1,0
B,F,B,1428,100,1428,1,0
B,G,B,7217,100,7217,1,0
B,H,B,6244,100,6244,1,0
A,C,C,9262,100,9262,1,0
B,C,C,6724,100,6724,1,0
C,D,C,8703,100,8703,1,0
C,E,C,9830,100,9830,1,0
C,F,C,7195,100,7195,1,0
C,G,C,1589,100,1589,1,0
C,H,C,9075,100,9075,1,0
A,D,D,9263,100,9263,1,0
B,D,D,5948,100,5948,1,0
C,D,D,8742,100,8742,1,0
D,E,D,9708,100,9708,1,0
D,F,D,6381,100,6381,1,0
D,G,D,9252,100,9252,1,0
D,H,D,1407,100,1407,1,0
A,E,E,1494,100,1494,1,0
B,E,E,4318,100,4318,1,0
C,E,E,9833,100,9833,1,0
D,E,E,9734,100,9734,1,0
E,F,E,3721,100,3721,1,0
E,G,E,9907,100,9907,1,0
E,H,E,9644,100,9644,1,0
A,F,F,3521,100,3521,1,0
B,F,F,1398,100,1398,1,0
C,F,F,7250,100,7250,1,0
D,F,F,6323,100,6323,1,0
E,F,F,3735,100,3735,1,0
F,G,F,7375,100,7375,1,0
F,H,F,6307,100,6307,1,0
A,G,G,9605,100,9605,1,0
B,G,G,7214,100,7214,1,0
C,G,G,1613,100,1613,1,0
D,G,G,9250,100,9250,1,0
E,G,G,9894,100,9894,1,0
F,G,G,7365,100,7365,1,0
G,H,G,9327,100,9327,1,0
A,H,H,9399,100,9399,1,0
B,H,H,6202,100,6202,1,0
C,H,H,9041,100,9041,1,0
D,H,H,1384,100,1384,1,0
E,H,H,9654,100,9654,1,0
F,H,H,6247,100,6247,1,0
G,H,H,9337,100,9337,1,0
A,B,A,3616,100,3616,1,0
A,C,A,9323,100,9323,1,0
A,D,A,9282,100,9282,1,0
A,E,A,1458,100,1458,1,0
A,F,A,3536,100,3536,1,0
A,G,A,9619,100,9619,1,0
A,H,A,9415,100,9415,1,0
A,B,B,3644,100,3644,1,0
B,C,B,6744,100,6744,1,0
B,D,B,5979,100,5979,1,0
B,E,B,4331,100,4331,1,0
B,F,B,1413,100,1413,1,0
B,G,B,7172,100,7172,1,0
B,H,B,6187,100,6187,1,0
A,C,C,9339,100,9339,1,0
B,C,C,6734,100,6734,1,0
C,D,C,8684,100,8684,1,0
C,E,C,9875,100,9875,1,0
C,F,C,7200,100,7200,1,0
C,G,C,1588,100,1588,1,0
C,H,C,9056,100,9056,1,0
A,D,D,9274,100,9274,1,0
B,D,D,5960,100,5960,1,0
C,D,D,8729,100,8729,1,0
D,E,D,9791,100,9791,1,0
D,F,D,6345,100,6345,1,0
D,G,D,9244,100,9244,1,0
D,H,D,1390,100,1390,1,0
A,E,E,1478,100,1478,1,0
B,E,E,4266,100,4266,1,0
C,E,E,9854,100,9854,1,0
D,E,E,9742,100,9742,1,0
E,F,E,3653,100,3653,1,0
E,G,E,9945,100,9945,1,0
E,H,E,9689,100,9689,1,0
A,F,F,3513,100,3513,1,0
B,F,F,1386,100,1386,1,0
C,F,F,7200,100,7200,1,0
D,F,F,6351,100,6351,1,0
E,F,F,3679,100,3679,1,0
F,G,F,7373,100,7373,1,0
F,H,F,6265,100,6265,1,0
A,G,G,9593,100,9593,1,0
B,G,G,7216,100,7216,1,0
C,G,G,1568,100,1568,1,0
D,G,G,9247,100,9247,1,0
E,G,G,9971,100,9971,1,0
F,G,G,7379,100,7379,1,0
G,H,G,9317,100,9317,1,0
A,H,H,9407,100,9407,1,0
B,H,H,6169,100,6169,1,0
C,H,H,9070,100,9070,1,0
D,H,H,1370,100,1370,1,0
E,H,H,9691,100,9691,1,0
F,H,H,6233,100,6233,1,0
G,H,H,9286,100,9286,1,0
A,B,A,3672,100,3672,1,0
A,C,A,9295,100,9295,1,0
A,D,A,9284,100,9284,1,0
A,E,A,1426,100,1426,1,0
A,F,A,3476,100,3476,1,0
A,G,A,9592,100,9592,1,0
A,H,A,9403,100,9403,1,0
A,B,B,3662,100,3662,1,0
B,C,B,6760,100,6760,1,0
B,D,B,5939,100,5939,1,0
B,E,B,4296,100,4296,1,0
B,F,B,1392,100,1392,1,0
B,G,B,7180,100,7180,1,0
B,H,B,6154,100,6154,1,0
A,C,C,9303,100,9303,1,0
B,C,C,6713,100,6713,1,0
C,D,C,8722,100,8722,1,0
C,E,C,9857,100,9857,1,0
C,F,C,7220,100,7220,1,0
C,G,C,1571,100,1571,1,0
C,H,C,9020,100,9020,1,0
A,D,D,9258,100,9258,1,0
B,D,D,5991,100,5991,1,0
C,D,D,8739,100,8739,1,0
D,E,D,9714,100,9714,1,0
D,F,D,6386,100,6386,1,0
D,G,D,9230,100,9230,1,0
D,H,D,1362,100,1362,1,0
A,E,E,1512,100,1512,1,0
B,E,E,4303,100,4303,1,0
C,E,E,9829,100,9829,1,0
D,E,E,9758,100,9758,1,0
E,F,E,3708,100,3708,1,0
E,G,E,9953,100,9953,1,0
E,H,E,9660,100,9660,1,0
A,F,F,3579,100,3579,1,0
B,F,F,1411,100,1411,1,0
C,F,F,7224,100,7224,1,0
D,F,F,6357,100,6357,1,0
E,F,F,3671,100,3671,1,0
F,G,F,7372,100,7372,1,0
F,H,F,6312,100,6312,1,0
A,G,G,9608,100,9608,1,0
B,G,G,7227,100,7227,1,0
C,G,G,1593,100,1593,1,0
D,G,G,9256,100,9256,1,0
E,G,G,9929,100,9929,1,0
F,G,G,7370,100,7370,1,0
G,H,G,9333,100,9333,1,0
A,H,H,9361,100,9361,1,0
B,H,H,6149,100,6149,1,0
C,H,H,8997,100,8997,1,0
D,H,H,1376,100,1376,1,0
E,H,H,9627,100,9627,1,0
F,H,H,6261,100,6261,1,0
G,H,H,9300,100,9300,1,0
A,B,A,3629,100,3629,1,0
A,C,A,9342,100,9342,1,0
A,D,A,9241,100,9241,1,0
A,E,A,1441,100,1441,1,0
A,F,A,3519,100,3519,1,0
A,G,A,9608,100,9608,1,0
A,H,A,9413,100,9413,1,0
A,B,B,3607,100,3607,1,0
B,C,B,6739,100,6739,1,0
B,D,B,6000,100,6000,1,0
B,E,B,4301,100,4301,1,0
B,F,B,1398,100,1398,1,0
B,G,B,7189,100,7189,1,0
B,H,B,6167,100,6167,1,0
A,C,C,9276,100,9276,1,0
B,C,C,6760,100,6760,1,0
C,D,C,8730,100,8730,1,0
C,E,C,9841,100,9841,1,0
C,F,C,7236,100,7236,1,0
C,G,C,1630,100,1630,1,0
C,H,C,9060,100,9060,1,0
A,D,D,9249,100,9249,1,0
B,D,D,5995,100,5995,1,0
C,D,D,8729,100,8729,1,0
D,E,D,9772,100,9772,1,0
D,F,D,6384,100,6384,1,0
D,G,D,9232,100,9232,1,0
D,H,D,1395,100,1395,1,0
A,E,E,1395,100,1395,1,0
B,E,E,4266,100,4266,1,0
C,E,E,9838,100,9838,1,0
D,E,E,9768,100,9768,1,0
E,F,E,3694,100,3694,1,0
E,G,E,9935,100,9935,1,0
E,H,E,9644,100,9644,1,0
A,F,F,3501,100,3501,1,0
B,F,F,1419,100,1419,1,0
C,F,F,7194,100,7194,1,0
D,F,F,6358,100,6358,1,0
E,F,F,3694,100,3694,1,0
F,G,F,7387,100,7387,1,0
F,H,F,6228,100,6228,1,0
A,G,G,9629,100,9629,1,0
B,G,G,7184,100,7184,1,0
C,G,G,1615,100,1615,1,0
D,G,G,9203,100,9203,1,0
E,G,G,9880,100,9880,1,0
F,G,G,7388,100,7388,1,0
G,H,G,9295,100,9295,1,0
A,H,H,9393,100,9393,1,0
B,H,H,6170,100,6170,1,0
C,H,H,9068,100,9068,1,0
D,H,H,1432,100,1432,1,0
E,H,H,9654,100,9654,1,0
F,H,H,6284,100,6284,1,0
G,H,H,9327,100,9327,1,0
A,B,A,3613,100,3613,1,0
A,C,A,9281,100,9281,1,0
A,D,A,9265,100,9265,1,0
A,E,A,1451,100,1451,1,0
A,F,A,3509,100,3509,1,0
A,G,A,9610,100,9610,1,0
A,H,A,9380,100,9380,1,0
A,B,B,3615,100,3615,1,0
B,C,B,6758,100,6758,1,0
B,D,B,5926,100,5926,1,0
B,E,B,4321,100,4321,1,0
B,F,B,1417,100,1417,1,0
B,G,B,7188,100,7188,1,0
B,H,B,6183,100,6183,1,0
A,C,C,9272,100,9272,1,0
B,C,C,6714,100,6714,1,0
C,D,C,8702,100,8702,1,0
C,E,C,9841,100,9841,1,0
C,F,C,7231,100,7231,1,0
C,G,C,1583,100,1583,1,0
C,H,C,9039,100,9039,1,0
A,D,D,9246,100,9246,1,0
B,D,D,5929,100,5929,1,0
C,D,D,8724,100,8724,1,0
D,E,D,9725,100,9725,1,0
D,F,D,6316,100,6316,1,0
D,G,D,9238,100,9238,1,0
D,H,D,1427,100,1427,1,0
A,E,E,1425,100,1425,1,0
B,E,E,4301,100,4301,1,0
C,E,E,9786,100,9786,1,0
D,E,E,9722,100,9722,1,0
E,F,E,3693,100,3693,1,0
E,G,E,9918,100,9918,1,0
E,H,E,9678,100,9678,1,0
A,F,F,3522,100,3522,1,0
B,F,F,1427,100,1427,1,0
C,F,F,7174,100,7174,1,0
D,F,F,6329,100,6329,1,0
E,F,F,3684,100,3684,1,0
F,G,F,7373,100,7373,1,0
F,H,F,6256,100,6256,1,0
A,G,G,9542,100,9542,1,0
B,G,G,7189,100,7189,1,0
C,G,G,1588,100,1588,1,0
D,G,G,9230,100,9230,1,0
E,G,G,9961,100,9961,1,0
F,G,G,7347,100,7347,1,0
G,H,G,9336,100,9336,1,0
A,H,H,9369,100,9369,1,0
B,H,H,6216,100,6216,1,0
C,H,H,9040,100,9040,1,0
D,H,H,1434,100,1434,1,0
E,H,H,9666,100,9666,1,0
F,H,H,6258,100,6258,1,0
G,H,H,9360,100,9360,1,0
A,B,A,3651,100,3651,1,0
A,C,A,9301,100,9301,1,0
A,D,A,9265,100,9265,1,0
A,E,A,1444,100,1444,1,0
A,F,A,3494,100,3494,1,0
A,G,A,9641,100,9641,1,0
A,H,A,9393,100,9393,1,0
A,B,B,3648,100,3648,1,0
B,C,B,6731,100,6731,1,0
B,D,B,5977,100,5977,1,0
B,E,B,4305,100,4305,1,0
B,F,B,1435,100,1435,1,0
B,G,B,7206,100,7206,1,0
B,H,B,6206,100,6206,1,0
A,C,C,9286,100,9286,1,0
B,C,C,6733,100,6733,1,0
C,D,C,8768,100,8768,1,0
C,E,C,9819,100,9819,1,0
C,F,C,7185,100,7185,1,0
C,G,C,1559,100,1559,1,0
C,H,C,9082,100,9082,1,0
A,D,D,9276,100,9276,1,0
B,D,D,5927,100,5927,1,0
C,D,D,8758,100,8758,1,0
D,E,D,9777,100,9777,1,0
D,F,D,6344,100,6344,1,0
D,G,D,9217,100,9217,1,0
D,H,D,1421,100,1421,1,0
A,E,E,1369,100,1369,1,0
B,E,E,4362,100,4362,1,0
C,E,E,9822,100,9822,1,0
D,E,E,9708,100,9708,1,0
E,F,E,3697,100,3697,1,0
E,G,E,9933,100,9933,1,0
E,H,E,9651,100,9651,1,0
A,F,F,3522,100,3522,1,0
B,F,F,1359,100,1359,1,0
C,F,F,7221,100,7221,1,0
D,F,F,6328,100,6328,1,0
E,F,F,3699,100,3699,1,0
F,G,F,7365,100,7365,1,0
F,H,F,6266,100,6266,1,0
A,G,G,9551,100,9551,1,0
B,G,G,7197,100,7197,1,0
C,G,G,1587,100,1587,1,0
D,G,G,9232,100,9232,1,0
E,G,G,9935,100,9935,1,0
F,G,G,7381,100,7381,1,0
G,H,G,9300,100,9300,1,0
A,H,H,9405,100,9405,1,0
B,H,H,6169,100,6169,1,0
C,H,H,9058,100,9058,1,0
D,H,H,1408,100,1408,1,0
E,H,H,9698,100,9698,1,0
F,H,H,6252,100,6252,1,0
G,H,H,9302,100,9302,1,0
A,B,A,3642,100,3642,1,0
A,C,A,9285,100,9285,1,0
A,D,A,9264,100,9264,1,0
A,E,A,1405,100,1405,1,0
A,F,A,3516,100,3516,1,0
A,G,A,9547,100,9547,1,0
A,H,A,9460,100,9460,1,0
A,B,B,3637,100,3637,1,0
B,C,B,6753,100,6753,1,0
B,D,B,5976,100,5976,1,0
B,E,B,4303,100,4303,1,0
B,F,B,1425,100,1425,1,0
B,G,B,7191,100,7191,1,0
B,H,B,6205,100,6205,1,0
A,C,C,9263,100,9263,1,0
B,C,C,6738,100,6738,1,0
C,D,C,8735,100,8735,1,0
C,E,C,9855,100,9855,1,0
C,F,C,7211,100,7211,1,0
C,G,C,1588,100,1588,1,0
C,H,C,9059,100,9059,1,0
A,D,D,9259,100,9259,1,0
B,D,D,5960,100,5960,1,0
C,D,D,8733,100,8733,1,0
D,E,D,9767,100,9767,1,0
D,F,D,6332,100,6332,1,0
D,G,D,9204,100,9204,1,0
D,H,D,1431,100,1431,1,0
A,E,E,1482,100,1482,1,0
B,E,E,4336,100,4336,1,0
C,E,E,9838,100,9838,1,0
D,E,E,9749,100,9749,1,0
E,F,E,3723,100,3723,1,0
E,G,E,9899,100,9899,1,0
E,H,E,9675,100,9675,1,0
A,F,F,3520,100,3520,1,0
B,F,F,1402,100,1402,1,0
C,F,F,7186,100,7186,1,0
D,F,F,6345,100,6345,1,0
E,F,F,3699,100,3699,1,0
F,G,F,7350,100,7350,1,0
F,H,F,6287,100,6287,1,0
A,G,G,9575,100,9575,1,0
B,G,G,7184,100,7184,1,0
C,G,G,1599,100,1599,1,0
D,G,G,9248,100,9248,1,0
E,G,G,9908,100,9908,1,0
F,G,G,7367,100,7367,1,0
G,H,G,9324,100,9324,1,0
A,H,H,9396,100,9396,1,0
B,H,H,6237,100,6237,1,0
C,H,H,9054,100,9054,1,0
D,H,H,1391,100,1391,1,0
E,H,H,9664,100,9664,1,0
F,H,H,6305,100,6305,1,0
G,H,H,9347,100,9347,1,0
A,B,A,3643,100,3643,1,0
A,C,A,9306,100,9306,1,0
A,D,A,9270,100,9270,1,0
A,E,A,1470,100,1470,1,0
A,F,A,3514,100,3514,1,0
A,G,A,9620,100,9620,1,0
A,H,A,9373,100,9373,1,0
A,B,B,3617,100,3617,1,0
B,C,B,6717,100,6717,1,0
B,D,B,5965,100,5965,1,0
B,E,B,4332,100,4332,1,0
B,F,B,1414,100,1414,1,0
B,G,B,7172,100,7172,1,0
B,H,B,6220,100,6220,1,0
A,C,C,9337,100,9337,1,0
B,C,C,6765,100,6765,1,0
C,D,C,8750,100,8750,1,0
C,E,C,9850,100,9850,1,0
C,F,C,7204,100,7204,1,0
C,G,C,1591,100,1591,1,0
C,H,C,9076,100,9076,1,0
A,D,D,9271,100,9271,1,0
B,D,D,6007,100,6007,1,0
C,D,D,8711,100,8711,1,0
D,E,D,9734,100,9734,1,0
D,F,D,6388,100,6388,1,0
D,G,D,9207,100,9207,1,0
D,H,D,1455,100,1455,1,0
A,E,E,1509,100,1509,1,0
B,E,E,4285,100,4285,1,0
C,E,E,9826,100,9826,1,0
D,E,E,9691,100,9691,1,0
E,F,E,3715,100,3715,1,0
E,G,E,9927,100,9927,1,0
E,H,E,9646,100,9646,1,0
A,F,F,3488,100,3488,1,0
B,F,F,1396,100,1396,1,0
C,F,F,7192,100,7192,1,0
D,F,F,6325,100,6325,1,0
E,F,F,3684,100,3684,1,0
F,G,F,7370,100,7370,1,0
F,H,F,6259,100,6259,1,0
A,G,G,9553,100,9553,1,0
B,G,G,7156,100,7156,1,0
C,G,G,1613,100,1613,1,0
D,G,G,9232,100,9232,1,0
E,G,G,9938,100,9938,1,0
F,G,G,7382,100,7382,1,0
G,H,G,9283,100,9283,1,0
A,H,H,9410,100,9410,1,0
B,H,H,6184,100,6184,1,0
C,H,H,9030,100,9030,1,0
D,H,H,1406,100,1406,1,0
E,H,H,9654,100,9654,1,0
F,H,H,6245,100,6245,1,0
G,H,H,9335,100,9335,1,0
A,B,A,3663,100,3663,1,0
A,C,A,9239,100,9239,1,0
A,D,A,9272,100,9272,1,0
A,E,A,1453,100,1453,1,0
A,F,A,3516,100,3516,1,0
A,G,A,9596,100,9596,1,0
A,H,A,9396,100,9396,1,0
A,B,B,3665,100,3665,1,0
B,C,B,6773,100,6773,1,0
B,D,B,5937,100,5937,1,0
B,E,B,4302,100,4302,1,0
B,F,B,1392,100,1392,1,0
B,G,B,7177,100,7177,1,0
B,H,B,6175,100,6175,1,0
A,C,C,9247,100,9247,1,0
B,C,C,6721,100,6721,1,0
C,D,C,8749,100,8749,1,0
C,E,C,9781,100,9781,1,0
C,F,C,7236,100,7236,1,0
C,G,C,1613,100,1613,1,0
C,H,C,9030,100,9030,1,0
A,D,D,9278,100,9278,1,0
B,D,D,5964,100,5964,1,0
C,D,D,8744,100,8744,1,0
D,E,D,9677,100,9677,1,0
D,F,D,6306,100,6306,1,0
D,G,D,9245,100,9245,1,0
D,H,D,1410,100,1410,1,0
A,E,E,1485,100,1485,1,0
B,E,E,4288,100,4288,1,0
C,E,E,9815,100,9815,1,0
D,E,E,9653,100,9653,1,0
E,F,E,3725,100,3725,1,0
E,G,E,9877,100,9877,1,0
E,H,E,9614,100,9614,1,0
A,F,F,3539,100,3539,1,0
B,F,F,1398,100,1398,1,0
C,F,F,7189,100,7189,1,0
D,F,F,6365,100,6365,1,0
E,F,F,3654,100,3654,1,0
F,G,F,7338,100,7338,1,0
F,H,F,6310,100,6310,1,0
A,G,G,9606,100,9606,1,0
B,G,G,7160,100,7160,1,0
C,G,G,1571,100,1571,1,0
D,G,G,9241,100,9241,1,0
E,G,G,9872,100,9872,1,0
F,G,G,7390,100,7390,1,0
G,H,G,9374,100,9374,1,0
A,H,H,9390,100,9390,1,0
B,H,H,6179,100,6179,1,0
C,H,H,9049,100,9049,1,0
D,H,H,1407,100,1407,1,0
E,H,H,9657,100,9657,1,0
F,H,H,6284,100,6284,1,0
G,H,H,9315,100,9315,1,0
A,B,A,3601,100,3601,1,0
A,C,A,9268,100,9268,1,0
A,D,A,9270,100,9270,1,0
A,E,A,1422,100,1422,1,0
A,F,A,3536,100,3536,1,0
A,G,A,9552,100,9552,1,0
A,H,A,9448,100,9448,1,0
A,B,B,3619,100,3619,1,0
B,C,B,6771,100,6771,1,0
B,D,B,5940,100,5940,1,0
B,E,B,4301,100,4301,1,0
B,F,B,1391,100,1391,1,0
B,G,B,7186,100,7186,1,0
B,H,B,6168,100,6168,1,0
A,C,C,9247,100,9247,1,0
B,C,C,6759,100,6759,1,0
C,D,C,8697,100,8697,1,0
C,E,C,9850,100,9850,1,0
C,F,C,7218,100,7218,1,0
C,G,C,1571,100,1571,1,0
C,H,C,9042,100,9042,1,0
A,D,D,9259,100,9259,1,0
B,D,D,5970,100,5970,1,0
C,D,D,8769,100,8769,1,0
D,E,D,9745,100,9745,1,0
D,F,D,6315,100,6315,1,0
D,G,D,9248,100,9248,1,0
D,H,D,1431,100,1431,1,0
A,E,E,1458,100,1458,1,0
B,E,E,4337,100,4337,1,0
C,E,E,9851,100,9851,1,0
D,E,E,9760,100,9760,1,0
E,F,E,3679,100,3679,1,0
E,G,E,9923,100,9923,1,0
E,H,E,9691,100,9691,1,0
A,F,F,3544,100,3544,1,0
B,F,F,1361,100,1361,1,0
C,F,F,7192,100,7192,1,0
D,F,F,6389,100,6389,1,0
E,F,F,3714,100,3714,1,0
F,G,F,7385,100,7385,1,0
F,H,F,6303,100,6303,1,0
A,G,G,9626,100,9626,1,0
B,G,G,7196,100,7196,1,0
C,G,G,1565,100,1565,1,0
D,G,G,9223,100,9223,1,0
E,G,G,9912,100,9912,1,0
F,G,G,7381,100,7381,1,0
G,H,G,9344,100,9344,1,0
A,H,H,9415,100,9415,1,0
B,H,H,6209,100,6209,1,0
C,H,H,9055,100,9055,1,0
D,H,H,1429,100,1429,1,0
E,H,H,9676,100,9676,1,0
F,H,H,6246,100,6246,1,0
G,H,H,9340,100,9340,1,0
A,B,A,3633,100,3633,1,0
A,C,A,9262,100,9262,1,0
A,D,A,9284,100,9284,1,0
A,E,A,1437,100,1437,1,0
A,F,A,3499,100,3499,1,0
A,G,A,9624,100,9624,1,0
A,H,A,9403,100,9403,1,0
A,B,B,3636,100,3636,1,0
B,C,B,6727,100,6727,1,0
B,D,B,5946,100,5946,1,0
B,E,B,4295,100,4295,1,0
B,F,B,1417,100,1417,1,0
B,G,B,7200,100,7200,1,0
B,H,B,6191,100,6191,1,0
A,C,C,9291,100,9291,1,0
B,C,C,6715,100,6715,1,0
C,D,C,8704,100,8704,1,0
C,E,C,9838,100,9838,1,0
C,F,C,7195,100,7195,1,0
C,G,C,1573,100,1573,1,0
C,H,C,9028,100,9028,1,0
A,D,D,9259,100,9259,1,0
B,D,D,5936,100,5936,1,0
C,D,D,8706,100,8706,1,0
D,E,D,9762,100,9762,1,0
D,F,D,6349,100,6349,1,0
D,G,D,9230,100,9230,1,0
D,H,D,1480,100,1480,1,0
A,E,E,1452,100,1452,1,0
B,E,E,4281,100,4281,1,0
C,E,E,9796,100,9796,1,0
D,E,E,9689,100,9689,1,0
E,F,E,3653,100,3653,1,0
E,G,E,9937,100,9937,1,0
E,H,E,9656,100,9656,1,0
A,F,F,3508,100,3508,1,0
B,F,F,1392,100,1392,1,0
C,F,F,7182,100,7182,1,0
D,F,F,6365,100,6365,1,0
E,F,F,3718,100,3718,1,0
F,G,F,7377,100,7377,1,0
F,H,F,6286,100,6286,1,0
A,G,G,9640,100,9640,1,0
B,G,G,7179,100,7179,1,0
C,G,G,1563,100,1563,1,0
D,G,G,9248,100,9248,1,0
E,G,G,9927,100,9927,1,0
F,G,G,7361,100,7361,1,0
G,H,G,9325,100,9325,1,0
A,H,H,9432,100,9432,1,0
B,H,H,6217,100,6217,1,0
C,H,H,9025,100,9025,1,0
D,H,H,1418,100,1418,1,0
E,H,H,9658,100,9658,1,0
F,H,H,6243,100,6243,1,0
G,H,H,9332,100,9332,1,0
A,B,A,3659,100,3659,1,0
A,C,A,9311,100,9311,1,0
A,D,A,9290,100,9290,1,0
A,E,A,1424,100,1424,1,0
A,F,A,3540,100,3540,1,0
A,G,A,9625,100,9625,1,0
A,H,A,9413,100,9413,1,0
A,B,B,3682,100,3682,1,0
B,C,B,6714,100,6714,1,0
B,D,B,5957,100,5957,1,0
B,E,B,4264,100,4264,1,0
B,F,B,1425,100,1425,1,0
B,G,B,7205,100,7205,1,0
B,H,B,6208,100,6208,1,0
A,C,C,9274,100,9274,1,0
B,C,C,6723,100,6723,1,0
C,D,C,8736,100,8736,1,0
C,E,C,9843,100,9843,1,0
C,F,C,7199,100,7199,1,0
C,G,C,1553,100,1553,1,0
C,H,C,9053,100,9053,1,0
A,D,D,9281,100,9281,1,0
B,D,D,5964,100,5964,1,0
C,D,D,8690,100,8690,1,0
D,E,D,9655,100,9655,1,0
D,F,D,6358,100,6358,1,0
D,G,D,9236,100,9236,1,0
D,H,D,1413,100,1413,1,0
A,E,E,1383,100,1383,1,0
B,E,E,4308,100,4308,1,0
C,E,E,9837,100,9837,1,0
D,E,E,9749,100,9749,1,0
E,F,E,3654,100,3654,1,0
E,G,E,9920,100,9920,1,0
E,H,E,9619,100,9619,1,0
A,F,F,3532,100,3532,1,0
B,F,F,1400,100,1400,1,0
C,F,F,7216,100,7216,1,0
D,F,F,6350,100,6350,1,0
E,F,F,3671,100,3671,1,0
F,G,F,7367,100,7367,1,0
F,H,F,6315,100,6315,1,0
A,G,G,9622,100,9622,1,0
B,G,G,7212,100,7212,1,0
C,G,G,1543,100,1543,1,0
D,G,G,9234,100,9234,1,0
E,G,G,9914,100,9914,1,0
F,G,G,7368,100,7368,1,0
G,H,G,9297,100,9297,1,0
A,H,H,9431,100,9431,1,0
B,H,H,6202,100,6202,1,0
C,H,H,9038,100,9038,1,0
D,H,H,1430,100,1430,1,0
E,H,H,9658,100,9658,1,0
F,H,H,6279,100,6279,1,0
G,H,H,9336,100,9336,1,0
A,B,A,3657,100,3657,1,0
A,C,A,9310,100,9310,1,0
A,D,A,9278,100,9278,1,0
A,E,A,1493,100,1493,1,0
A,F,A,3493,100,3493,1,0
A,G,A,9643,100,9643,1,0
A,H,A,9424,100,9424,1,0
A,B,B,3633,100,3633,1,0
B,C,B,6694,100,6694,1,0
B,D,B,5919,100,5919,1,0
B,E,B,4322,100,4322,1,0
B,F,B,1403,100,1403,1,0
B,G,B,7171,100,7171,1,0
B,H,B,6193,100,6193,1,0
A,C,C,9263,100,9263,1,0
B,C,C,6761,100,6761,1,0
C,D,C,8683,100,8683,1,0
C,E,C,9823,100,9823,1,0
C,F,C,7230,100,7230,1,0
C,G,C,1600,100,1600,1,0
C,H,C,9028,100,9028,1,0
A,D,D,9275,100,9275,1,0
B,D,D,5985,100,5985,1,0
C,D,D,8758,100,8758,1,0
D,E,D,9762,100,9762,1,0
D,F,D,6339,100,6339,1,0
D,G,D,9216,100,9216,1,0
D,H,D,1469,100,1469,1,0
A,E,E,1501,100,1501,1,0
B,E,E,4349,100,4349,1,0
C,E,E,9823,100,9823,1,0
D,E,E,9635,100,9635,1,0
E,F,E,3693,100,3693,1,0
E,G,E,9906,100,9906,1,0
E,H,E,9647,100,9647,1,0
A,F,F,3530,100,3530,1,0
B,F,F,1423,100,1423,1,0
C,F,F,7202,100,7202,1,0
D,F,F,6350,100,6350,1,0
E,F,F,3708,100,3708,1,0
F,G,F,7360,100,7360,1,0
F,H,F,6311,100,6311,1,0
A,G,G,9606,100,9606,1,0
B,G,G,7211,100,7211,1,0
C,G,G,1570,100,1570,1,0
D,G,G,9238,100,9238,1,0
E,G,G,9927,100,9927,1,0
F,G,G,7370,100,7370,1,0
G,H,G,9326,100,9326,1,0
A,H,H,9380,100,9380,1,0
B,H,H,6165,100,6165,1,0
C,H,H,9063,100,9063,1,0
D,H,H,1442,100,1442,1,0
E,H,H,9633,100,9633,1,0
F,H,H,6283,100,6283,1,0
G,H,H,9318,100,9318,1,0
A,B,A,3638,100,3638,1,0
A,C,A,9274,100,9274,1,0
A,D,A,9260,100,9260,1,0
A,E,A,1403,100,1403,1,0
A,F,A,3517,100,3517,1,0
A,G,A,9611,100,9611,1,0
A,H,A,9400,100,9400,1,0
A,B,B,3629,100,3629,1,0
B,C,B,6744,100,6744,1,0
B,D,B,5932,100,5932,1,0
B,E,B,4346,100,4346,1,0
B,F,B,1420,100,1420,1,0
B,G,B,7184,100,7184,1,0
B,H,B,6186,100,6186,1,0
A,C,C,9292,100,9292,1,0
B,C,C,6766,100,6766,1,0
C,D,C,8687,100,8687,1,0
C,E,C,9829,100,9829,1,0
C,F,C,7207,100,7207,1,0
C,G,C,1541,100,1541,1,0
C,H,C,9032,100,9032,1,0
A,D,D,9268,100,9268,1,0
B,D,D,5992,100,5992,1,0
C,D,D,8706,100,8706,1,0
D,E,D,9745,100,9745,1,0
D,F,D,6356,100,6356,1,0
D,G,D,9219,100,9219,1,0
D,H,D,1382,100,1382,1,0
A,E,E,1450,100,1450,1,0
B,E,E,4282,100,4282,1,0
C,E,E,9806,100,9806,1,0
D,E,E,9762,100,9762,1,0
E,F,E,3731,100,3731,1,0
E,G,E,9934,100,9934,1,0
E,H,E,9640,100,9640,1,0
A,F,F,3555,100,3555,1,0
B,F,F,1386,100,1386,1,0
C,F,F,7184,100,7184,1,0
D,F,F,6365,100,6365,1,0
E,F,F,3697,100,3697,1,0
F,G,F,7380,100,7380,1,0
F,H,F,6291,100,6291,1,0
A,G,G,9641,100,9641,1,0
B,G,G,7189,100,7189,1,0
C,G,G,1599,100,1599,1,0
D,G,G,9242,100,9242,1,0
E,G,G,9907,100,9907,1,0
F,G,G,7368,100,7368,1,0
G,H,G,9316,100,9316,1,0
A,H,H,9392,100,9392,1,0
B,H,H,6184,100,6184,1,0
C,H,H,9060,100,9060,1,0
D,H,H,1428,100,1428,1,0
E,H,H,9639,100,9639,1,0
F,H,H,6268,100,6268,1,0
G,H,H,9329,100,9329,1,0
A,B,A,3634,100,3634,1,0
A,C,A,9304,100,9304,1,0
A,D,A,9275,100,9275,1,0
A,E,A,1447,100,1447,1,0
A,F,A,3478,100,3478,1,0
A,G,A,9599,100,9599,1,0
A,H,A,9408,100,9408,1,0
A,B,B,3637,100,3637,1,0
B,C,B,6751,100,6751,1,0
B,D,B,5929,100,5929,1,0
B,E,B,4311,100,4311,1,0
B,F,B,1393,100,1393,1,0
B,G,B,7191,100,7191,1,0
B,H,B,6216,100,6216,1,0
A,C,C,9327,100,9327,1,0
B,C,C,6721,100,6721,1,0
C,D,C,8767,100,8767,1,0
C,E,C,9851,100,9851,1,0
C,F,C,7207,100,7207,1,0
C,G,C,1540,100,1540,1,0
C,H,C,9074,100,9074,1,0
A,D,D,9249,100,9249,1,0
B,D,D,5932,100,5932,1,0
C,D,D,8758,100,8758,1,0
D,E,D,9758,100,9758,1,0
D,F,D,6355,100,6355,1,0
D,G,D,9226,100,9226,1,0
D,H,D,1406,100,1406,1,0
A,E,E,1439,100,1439,1,0
B,E,E,4312,100,4312,1,0
C,E,E,9817,100,9817,1,0
D,E,E,9697,100,9697,1,0
E,F,E,3696,100,3696,1,0
E,G,E,9946,100,9946,1,0
E,H,E,9650,100,9650,1,0
A,F,F,3564,100,3564,1,0
B,F,F,1390,100,1390,1,0
C,F,F,7192,100,7192,1,0
D,F,F,6331,100,6331,1,0
E,F,F,3695,100,3695,1,0
F,G,F,7368,100,7368,1,0
F,H,F,6288,100,6288,1,0
A,G,G,9578,100,9578,1,0
B,G,G,7206,100,7206,1,0
C,G,G,1633,100,1633,1,0
D,G,G,9244,100,9244,1,0
E,G,G,9926,100,9926,1,0
F,G,G,7374,100,7374,1,0
G,H,G,9315,100,9315,1,0
A,H,H,9424,100,9424,1,0
B,H,H,6229,100,6229,1,0
C,H,H,9017,100,9017,1,0
D,H,H,1391,100,1391,1,0
E,H,H,9663,100,9663,1,0
F,H,H,6243,100,6243,1,0
G,H,H,9292,100,9292,1,0
A,B,A,3665,100,3665,1,0
A,C,A,9271,100,9271,1,0
A,D,A,9257,100,9257,1,0
A,E,A,1441,100,1441,1,0
A,F,A,3520,100,3520,1,0
A,G,A,9546,100,9546,1,0
A,H,A,9359,100,9359,1,0
A,B,B,3664,100,3664,1,0
B,C,B,6732,100,6732,1,0
B,D,B,5960,100,5960,1,0
B,E,B,4292,100,4292,1,0
B,F,B,1428,100,1428,1,0
B,G,B,7203,100,7203,1,0
B,H,B,6202,100,6202,1,0
A,C,C,9333,100,9333,1,0
B,C,C,6737,100,6737,1,0
C,D,C,8744,100,8744,1,0
C,E,C,9854,100,9854,1,0
C,F,C,7213,100,7213,1,0
C,G,C,1619,100,1619,1,0
C,H,C,9035,100,9035,1,0
A,D,D,9264,100,9264,1,0
B,D,D,5981,100,5981,1,0
C,D,D,8738,100,8738,1,0
D,E,D,9786,100,9786,1,0
D,F,D,6333,100,6333,1,0
D,G,D,9235,100,9235,1,0
D,H,D,1415,100,1415,1,0
A,E,E,1408,100,1408,1,0
B,E,E,4344,100,4344,1,0
C,E,E,9826,100,9826,1,0
D,E,E,9773,100,9773,1,0
E,F,E,3705,100,3705,1,0
E,G,E,9908,100,9908,1,0
E,H,E,9665,100,9665,1,0
A,F,F,3531,100,3531,1,0
B,F,F,1420,100,1420,1,0
C,F,F,7203,100,7203,1,0
D,F,F,6346,100,6346,1,0
E,F,F,3694,100,3694,1,0
F,G,F,7376,100,7376,1,0
F,H,F,6292,100,6292,1,0
A,G,G,9593,100,9593,1,0
B,G,G,7189,100,7189,1,0
C,G,G,1542,100,1542,1,0
D,G,G,9238,100,9238,1,0
E,G,G,9919,100,9919,1,0
F,G,G,7377,100,7377,1,0
G,H,G,9370,100,9370,1,0
A,H,H,9390,100,9390,1,0
B,H,H,6207,100,6207,1,0
C,H,H,9078,100,9078,1,0
D,H,H,1388,100,1388,1,0
E,H,H,9657,100,9657,1,0
F,H,H,6268,100,6268,1,0
G,H,H,9325,100,9325,1,0
A,B,A,3609,100,3609,1,0
A,C,A,9354,100,9354,1,0
A,D,A,9257,100,9257,1,0
A,E,A,1437,100,1437,1,0
A,F,A,3516,100,3516,1,0
A,G,A,9625,100,9625,1,0
A,H,A,9391,100,9391,1,0
A,B,B,3682,100,3682,1,0
B,C,B,6717,100,6717,1,0
B,D,B,5971,100,5971,1,0
B,E,B,4330,100,4330,1,0
B,F,B,1423,100,1423,1,0
B,G,B,7188,100,7188,1,0
B,H,B,6176,100,6176,1,0
A,C,C,9281,100,9281,1,0
B,C,C,6733,100,6733,1,0
C,D,C,8737,100,8737,1,0
C,E,C,9839,100,9839,1,0
C,F,C,7186,100,7186,1,0
C,G,C,1557,100,1557,1,0
C,H,C,9020,100,9020,1,0
A,D,D,9264,100,9264,1,0
B,D,D,5968,100,5968,1,0
C,D,D,8739,100,8739,1,0
D,E,D,9683,100,9683,1,0
D,F,D,6330,100,6330,1,0
D,G,D,9209,100,9209,1,0
D,H,D,1378,100,1378,1,0
A,E,E,1456,100,1456,1,0
B,E,E,4265,100,4265,1,0
C,E,E,9813,100,9813,1,0
D,E,E,9779,100,9779,1,0
E,F,E,3721,100,3721,1,0
E,G,E,9935,100,9935,1,0
E,H,E,9647,100,9647,1,0
A,F,F,3522,100,3522,1,0
B,F,F,1388,100,1388,1,0
C,F,F,7191,100,7191,1,0
D,F,F,6373,100,6373,1,0
E,F,F,3703,100,3703,1,0
F,G,F,7390,100,7390,1,0
F,H,F,6307,100,6307,1,0
A,G,G,9569,100,9569,1,0
B,G,G,7210,100,7210,1,0
C,G,G,1605,100,1605,1,0
D,G,G,9227,100,9227,1,0
E,G,G,9918,100,9918,1,0
F,G,G,7366,100,7366,1,0
G,H,G,9327,100,9327,1,0
A,H,H,9435,100,9435,1,0
B,H,H,6214,100,6214,1,0
C,H,H,9051,100,9051,1,0
D,H,H,1409,100,1409,1,0
E,H,H,9618,100,9618,1,0
F,H,H,6270,100,6270,1,0
G,H,H,9342,100,9342,1,0
A,B,A,3601,100,3601,1,0
A,C,A,9295,100,9295,1,0
A,D,A,9278,100,9278,1,0
A,E,A,1447,100,1447,1,0
A,F,A,3568,100,3568,1,0
A,G,A,9592,100,9592,1,0
A,H,A,9395,100,9395,1,0
A,B,B,3652,100,3652,1,0
B,C,B,6714,100,6714,1,0
B,D,B,5942,100,5942,1,0
B,E,B,4307,100,4307,1,0
B,F,B,1414,100,1414,1,0
B,G,B,7165,100,7165,1,0
B,H,B,6213,100,6213,1,0
A,C,C,9303,100,9303,1,0
B,C,C,6723,100,6723,1,0
C,D,C,8748,100,8748,1,0
C,E,C,9795,100,9795,1,0
C,F,C,7204,100,7204,1,0
C,G,C,1604,100,1604,1,0
C,H,C,9015,100,9015,1,0
A,D,D,9269,100,9269,1,0
B,D,D,5976,100,5976,1,0
C,D,D,8749,100,8749,1,0
D,E,D,9719,100,9719,1,0
D,F,D,6333,100,6333,1,0
D,G,D,9222,100,9222,1,0
D,H,D,1491,100,1491,1,0
A,E,E,1464,100,1464,1,0
B,E,E,4317,100,4317,1,0
C,E,E,9856,100,9856,1,0
D,E,E,9731,100,9731,1,0
E,F,E,3700,100,3700,1,0
E,G,E,9953,100,9953,1,0
E,H,E,9650,100,9650,1,0
A,F,F,3511,100,3511,1,0
B,F,F,1409,100,1409,1,0
C,F,F,7198,100,7198,1,0
D,F,F,6337,100,6337,1,0
E,F,F,3697,100,3697,1,0
F,G,F,7372,100,7372,1,0
F,H,F,6298,100,6298,1,0
A,G,G,9634,100,9634,1,0
B,G,G,7139,100,7139,1,0
C,G,G,1559,100,1559,1,0
D,G,G,9233,100,9233,1,0
E,G,G,9928,100,9928,1,0
F,G,G,7359,100,7359,1,0
G,H,G,9353,100,9353,1,0
A,H,H,9434,100,9434,1,0
B,H,H,6181,100,6181,1,0
C,H,H,9052,100,9052,1,0
D,H,H,1452,100,1452,1,0
E,H,H,9657,100,9657,1,0
F,H,H,6315,100,6315,1,0
G,H,H,9305,100,9305,1,0
A,B,A,3675,100,3675,1,0
A,C,A,9296,100,9296,1,0
A,D,A,9254,100,9254,1,0
A,E,A,1449,100,1449,1,0
A,F,A,3517,100,3517,1,0
A,G,A,9603,100,9603,1,0
A,H,A,9451,100,9451,1,0
A,B,B,3672,100,3672,1,0
B,C,B,6743,100,6743,1,0
B,D,B,5939,100,5939,1,0
B,E,B,4342,100,4342,1,0
B,F,B,1387,100,1387,1,0
B,G,B,7187,100,7187,1,0
B,H,B,6181,100,6181,1,0
A,C,C,9292,100,9292,1,0
B,C,C,6748,100,6748,1,0
C,D,C,8718,100,8718,1,0
C,E,C,9810,100,9810,1,0
C,F,C,7236,100,7236,1,0
C,G,C,1531,100,1531,1,0
C,H,C,9040,100,9040,1,0
A,D,D,9251,100,9251,1,0
B,D,D,5992,100,5992,1,0
C,D,D,8748,100,8748,1,0
D,E,D,9700,100,9700,1,0
D,F,D,6369,100,6369,1,0
D,G,D,9243,100,9243,1,0
D,H,D,1457,100,1457,1,0
A,E,E,1433,100,1433,1,0
B,E,E,4311,100,4311,1,0
C,E,E,9824,100,9824,1,0
D,E,E,9726,100,9726,1,0
E,F,E,3705,100,3705,1,0
E,G,E,9916,100,9916,1,0
E,H,E,9629,100,9629,1,0
A,F,F,3519,100,3519,1,0
B,F,F,1456,100,1456,1,0
C,F,F,7216,100,7216,1,0
D,F,F,6350,100,6350,1,0
E,F,F,3698,100,3698,1,0
F,G,F,7352,100,7352,1,0
F,H,F,6288,100,6288,1,0
A,G,G,9654,100,9654,1,0
B,G,G,7184,100,7184,1,0
C,G,G,1559,100,1559,1,0
D,G,G,9210,100,9210,1,0
E,G,G,9915,100,9915,1,0
F,G,G,7363,100,7363,1,0
G,H,G,9344,100,9344,1,0
A,H,H,9394,100,9394,1,0
B,H,H,6196,100,6196,1,0
C,H,H,9042,100,9042,1,0
D,H,H,1373,100,1373,1,0
E,H,H,9633,100,9633,1,0
F,H,H,6297,100,6297,1,0
G,H,H,9355,100,9355,1,0
A,B,A,3678,100,3678,1,0
A,C,A,9305,100,9305,1,0
A,D,A,9243,100,9243,1,0
A,E,A,1409,100,1409,1,0
A,F,A,3548,100,3548,1,0
A,G,A,9623,100,9623,1,0
A,H,A,9384,100,9384,1,0
A,B,B,3629,100,3629,1,0
B,C,B,6754,100,6754,1,0
B,D,B,5968,100,5968,1,0
B,E,B,4293,100,4293,1,0
B,F,B,1429,100,1429,1,0
B,G,B,7215,100,7215,1,0
B,H,B,6206,100,6206,1,0
A,C,C,9295,100,9295,1,0
B,C,C,6705,100,6705,1,0
C,D,C,8742,100,8742,1,0
C,E,C,9839,100,9839,1,0
C,F,C,7209,100,7209,1,0
C,G,C,1615,100,1615,1,0
C,H,C,9044,100,9044,1,0
A,D,D,9246,100,9246,1,0
B,D,D,5926,100,5926,1,0
C,D,D,8733,100,8733,1,0
D,E,D,9749,100,9749,1,0
D,F,D,6376,100,6376,1,0
D,G,D,9273,100,9273,1,0
D,H,D,1413,100,1413,1,0
A,E,E,1454,100,1454,1,0
B,E,E,4325,100,4325,1,0
C,E,E,9831,100,9831,1,0
D,E,E,9781,100,9781,1,0
E,F,E,3646,100,3646,1,0
E,G,E,9933,100,9933,1,0
E,H,E,9660,100,9660,1,0
A,F,F,3523,100,3523,1,0
B,F,F,1421,100,1421,1,0
C,F,F,7203,100,7203,1,0
D,F,F,6365,100,6365,1,0
E,F,F,3722,100,3722,1,0
F,G,F,7374,100,7374,1,0
F,H,F,6264,100,6264,1,0
A,G,G,9590,100,9590,1,0
B,G,G,7211,100,7211,1,0
C,G,G,1531,100,1531,1,0
D,G,G,9207,100,9207,1,0
E,G,G,9939,100,9939,1,0
F,G,G,7352,100,7352,1,0
G,H,G,9321,100,9321,1,0
A,H,H,9364,100,9364,1,0
B,H,H,6205,100,6205,1,0
C,H,H,9056,100,9056,1,0
D,H,H,1431,100,1431,1,0
E,H,H,9669,100,9669,1,0
F,H,H,6274,100,6274,1,0
G,H,H,9308,100,9308,1,0
A,B,A,3641,100,3641,1,0
A,C,A,9282,100,9282,1,0
A,D,A,9275,100,9275,1,0
A,E,A,1474,100,1474,1,0
A,F,A,3539,100,3539,1,0
A,G,A,9565,100,9565,1,0
A,H,A,9437,100,9437,1,0
A,B,B,3653,100,3653,1,0
B,C,B,6729,100,6729,1,0
B,D,B,5931,100,5931,1,0
B,E,B,4331,100,4331,1,0
B,F,B,1406,100,1406,1,0
B,G,B,7186,100,7186,1,0
B,H,B,6151,100,6151,1,0
A,C,C,9245,100,9245,1,0
B,C,C,6744,100,6744,1,0
C,D,C,8705,100,8705,1,0
C,E,C,9848,100,9848,1,0
C,F,C,7194,100,7194,1,0
C,G,C,1542,100,1542,1,0
C,H,C,9074,100,9074,1,0
A,D,D,9275,100,9275,1,0
B,D,D,5960,100,5960,1,0
C,D,D,8705,100,8705,1,0
D,E,D,9738,100,9738,1,0
D,F,D,6339,100,6339,1,0
D,G,D,9219,100,9219,1,0
D,H,D,1442,100,1442,1,0
A,E,E,1468,100,1468,1,0
B,E,E,4285,100,4285,1,0
C,E,E,9888,100,9888,1,0
D,E,E,9663,100,9663,1,0
E,F,E,3689,100,3689,1,0
E,G,E,9906,100,9906,1,0
E,H,E,9684,100,9684,1,0
A,F,F,3505,100,3505,1,0
B,F,F,1403,100,1403,1,0
C,F,F,7202,100,7202,1,0
D,F,F,6318,100,6318,1,0
E,F,F,3723,100,3723,1,0
F,G,F,7364,100,7364,1,0
F,H,F,6251,100,6251,1,0
A,G,G,9566,100,9566,1,0
B,G,G,7189,100,7189,1,0
C,G,G,1532,100,1532,1,0
D,G,G,9268,100,9268,1,0
E,G,G,9926,100,9926,1,0
F,G,G,7357,100,7357,1,0
G,H,G,9335,100,9335,1,0
A,H,H,9397,100,9397,1,0
B,H,H,6202,100,6202,1,0
C,H,H,9053,100,9053,1,0
D,H,H,1461,100,1461,1,0
E,H,H,9685,100,9685,1,0
F,H,H,6226,100,6226,1,0
G,H,H,9305,100,9305,1,0
A,B,A,3631,100,3631,1,0
A,C,A,9308,100,9308,1,0
A,D,A,9277,100,9277,1,0
A,E,A,1424,100,1424,1,0
A,F,A,3559,100,3559,1,0
A,G,A,9584,100,9584,1,0
A,H,A,9416,100,9416,1,0
A,B,B,3642,100,3642,1,0
B,C,B,6741,100,6741,1,0
B,D,B,5981,100,5981,1,0
B,E,B,4334,100,4334,1,0
B,F,B,1387,100,1387,1,0
B,G,B,7190,100,7190,1,0
B,H,B,6233,100,6233,1,0
A,C,C,9305,100,9305,1,0
B,C,C,6744,100,6744,1,0
C,D,C,8771,100,8771,1,0
C,E,C,9822,100,9822,1,0
C,F,C,7202,100,7202,1,0
C,G,C,1617,100,1617,1,0
C,H,C,9028,100,9028,1,0
A,D,D,9282,100,9282,1,0
B,D,D,5979,100,5979,1,0
C,D,D,8721,100,8721,1,0
D,E,D,9701,100,9701,1,0
D,F,D,6371,100,6371,1,0
D,G,D,9229,100,9229,1,0
D,H,D,1356,100,1356,1,0
A,E,E,1477,100,1477,1,0
B,E,E,4313,100,4313,1,0
C,E,E,9792,100,9792,1,0
D,E,E,9707,100,9707,1,0
E,F,E,3708,100,3708,1,0
E,G,E,9900,100,9900,1,0
E,H,E,9663,100,9663,1,0
A,F,F,3564,100,3564,1,0
B,F,F,1416,100,1416,1,0
C,F,F,7207,100,7207,1,0
D,F,F,6378,100,6378,1,0
E,F,F,3721,100,3721,1,0
F,G,F,7354,100,7354,1,0
F,H,F,6271,100,6271,1,0
A,G,G,9619,100,9619,1,0
B,G,G,7169,100,7169,1,0
C,G,G,1575,100,1575,1,0
D,G,G,9248,100,9248,1,0
E,G,G,9918,100,9918,1,0
F,G,G,7366,100,7366,1,0
G,H,G,9277,100,9277,1,0
A,H,H,9431,100,9431,1,0
B,H,H,6195,100,6195,1,0
C,H,H,8998,100,8998,1,0
D,H,H,1420,100,1420,1,0
E,H,H,9654,100,9654,1,0
F,H,H,6273,100,6273,1,0
G,H,H,9324,100,9324,1,0
A,B,A,3641,100,3641,1,0
A,C,A,9245,100,9245,1,0
A,D,A,9297,100,9297,1,0
A,E,A,1411,100,1411,1,0
A,F,A,3563,100,3563,1,0
A,G,A,9623,100,9623,1,0
A,H,A,9383,100,9383,1,0
A,B,B,3626,100,3626,1,0
B,C,B,6742,100,6742,1,0
B,D,B,5950,100,5950,1,0
B,E,B,4283,100,4283,1,0
B,F,B,1391,100,1391,1,0
B,G,B,7203,100,7203,1,0
B,H,B,6219,100,6219,1,0
A,C,C,9303,100,9303,1,0
B,C,C,6782,100,6782,1,0
C,D,C,8740,100,8740,1,0
C,E,C,9854,100,9854,1,0
C,F,C,7190,100,7190,1,0
C,G,C,1603,100,1603,1,0
C,H,C,9031,100,9031,1,0
A,D,D,9258,100,9258,1,0
B,D,D,5932,100,5932,1,0
C,D,D,8744,100,8744,1,0
D,E,D,9800,100,9800,1,0
D,F,D,6339,100,6339,1,0
D,G,D,9247,100,9247,1,0
D,H,D,1378,100,1378,1,0
A,E,E,1487,100,1487,1,0
B,E,E,4309,100,4309,1,0
C,E,E,9876,100,9876,1,0
D,E,E,9693,100,9693,1,0
E,F,E,3708,100,3708,1,0
E,G,E,9940,100,9940,1,0
E,H,E,9654,100,9654,1,0
A,F,F,3554,100,3554,1,0
B,F,F,1392,100,1392,1,0
C,F,F,7181,100,7181,1,0
D,F,F,6355,100,6355,1,0
E,F,F,3715,100,3715,1,0
F,G,F,7398,100,7398,1,0
F,H,F,6282,100,6282,1,0
A,G,G,9630,100,9630,1,0
B,G,G,7167,100,7167,1,0
C,G,G,1596,100,1596,1,0
D,G,G,9245,100,9245,1,0
E,G,G,9895,100,9895,1,0
F,G,G,7347,100,7347,1,0
G,H,G,9358,100,9358,1,0
A,H,H,9394,100,9394,1,0
B,H,H,6229,100,6229,1,0
C,H,H,9057,100,9057,1,0
D,H,H,1418,100,1418,1,0
E,H,H,9689,100,9689,1,0
F,H,H,6266,100,6266,1,0
G,H,H,9343,100,9343,1,0
A,B,A,3645,100,3645,1,0
A,C,A,9268,100,9268,1,0
A,D,A,9261,100,9261,1,0
A,E,A,1430,100,1430,1,0
A,F,A,3563,100,3563,1,0
A,G,A,9563,100,9563,1,0
A,H,A,9421,100,9421,1,0
A,B,B,3663,100,3663,1,0
B,C,B,6732,100,6732,1,0
B,D,B,6001,100,6001,1,0
B,E,B,4300,100,4300,1,0
B,F,B,1438,100,1438,1,0
B,G,B,7157,100,7157,1,0
B,H,B,6170,100,6170,1,0
A,C,C,9330,100,9330,1,0
B,C,C,6738,100,6738,1,0
C,D,C,8692,100,8692,1,0
C,E,C,9866,100,9866,1,0
C,F,C,7197,100,7197,1,0
C,G,C,1583,100,1583,1,0
C,H,C,9075,100,9075,1,0
A,D,D,9270,100,9270,1,0
B,D,D,5989,100,5989,1,0
C,D,D,8719,100,8719,1,0
D,E,D,9722,100,9722,1,0
D,F,D,6323,100,6323,1,0
D,G,D,9266,100,9266,1,0
D,H,D,1405,100,1405,1,0
A,E,E,1429,100,1429,1,0
B,E,E,4307,100,4307,1,0
C,E,E,9804,100,9804,1,0
D,E,E,9760,100,9760,1,0
E,F,E,3697,100,3697,1,0
E,G,E,9910,100,9910,1,0
E,H,E,9588,100,9588,1,0
A,F,F,3527,100,3527,1,0
B,F,F,1399,100,1399,1,0
C,F,F,7235,100,7235,1,0
D,F,F,6318,100,6318,1,0
E,F,F,3689,100,3689,1,0
F,G,F,7353,100,7353,1,0
F,H,F,6237,100,6237,1,0
A,G,G,9627,100,9627,1,0
B,G,G,7168,100,7168,1,0
C,G,G,1570,100,1570,1,0
D,G,G,9234,100,9234,1,0
E,G,G,9929,100,9929,1,0
F,G,G,7370,100,7370,1,0
G,H,G,9330,100,9330,1,0
A,H,H,9408,100,9408,1,0
B,H,H,6189,100,6189,1,0
C,H,H,9050,100,9050,1,0
D,H,H,1366,100,1366,1,0
E,H,H,9652,100,9652,1,0
F,H,H,6284,100,6284,1,0
G,H,H,9323,100,9323,1,0
A,B,A,3636,100,3636,1,0
A,C,A,9329,100,9329,1,0
A,D,A,9295,100,9295,1,0
A,E,A,1432,100,1432,1,0
A,F,A,3554,100,3554,1,0
A,G,A,9614,100,9614,1,0
A,H,A,9405,100,9405,1,0
A,B,B,3653,100,3653,1,0
B,C,B,6752,100,6752,1,0
B,D,B,5917,100,5917,1,0
B,E,B,4353,100,4353,1,0
B,F,B,1423,100,1423,1,0
B,G,B,7200,100,7200,1,0
B,H,B,6210,100,6210,1,0
A,C,C,9330,100,9330,1,0
B,C,C,6734,100,6734,1,0
C,D,C,8749,100,8749,1,0
C,E,C,9821,100,9821,1,0
C,F,C,7217,100,7217,1,0
C,G,C,1584,100,1584,1,0
C,H,C,9083,100,9083,1,0
A,D,D,9258,100,9258,1,0
B,D,D,5953,100,5953,1,0
C,D,D,8723,100,8723,1,0
D,E,D,9785,100,9785,1,0
D,F,D,6355,100,6355,1,0
D,G,D,9244,100,9244,1,0
D,H,D,1427,100,1427,1,0
A,E,E,1432,100,1432,1,0
B,E,E,4316,100,4316,1,0
C,E,E,9827,100,9827,1,0
D,E,E,9741,100,9741,1,0
E,F,E,3691,100,3691,1,0
E,G,E,9896,100,9896,1,0
E,H,E,9671,100,9671,1,0
A,F,F,3520,100,3520,1,0
B,F,F,1408,100,1408,1,0
C,F,F,7225,100,7225,1,0
D,F,F,6382,100,6382,1,0
E,F,F,3706,100,3706,1,0
F,G,F,7358,100,7358,1,0
F,H,F,6229,100,6229,1,0
A,G,G,9558,100,9558,1,0
B,G,G,7176,100,7176,1,0
C,G,G,1606,100,1606,1,0
D,G,G,9229,100,9229,1,0
E,G,G,9907,100,9907,1,0
F,G,G,7379,100,7379,1,0
G,H,G,9300,100,9300,1,0
A,H,H,9364,100,9364,1,0
B,H,H,6203,100,6203,1,0
C,H,H,9054,100,9054,1,0
D,H,H,1417,100,1417,1,0
E,H,H,9640,100,9640,1,0
F,H,H,6276,100,6276,1,0
G,H,H,9348,100,9348,1,0
A,B,A,3635,100,3635,1,0
A,C,A,9275,100,9275,1,0
A,D,A,9265,100,9265,1,0
A,E,A,1453,100,1453,1,0
A,F,A,3515,100,3515,1,0
A,G,A,9618,100,9618,1,0
A,H,A,9375,100,9375,1,0
A,B,B,3611,100,3611,1,0
B,C,B,6724,100,6724,1,0
B,D,B,5977,100,5977,1,0
B,E,B,4292,100,4292,1,0
B,F,B,1418,100,1418,1,0
B,G,B,7229,100,7229,1,0
B,H,B,6178,100,6178,1,0
A,C,C,9339,100,9339,1,0
B,C,C,6745,100,6745,1,0
C,D,C,8693,100,8693,1,0
C,E,C,9830,100,9830,1,0
C,F,C,7227,100,7227,1,0
C,G,C,1554,100,1554,1,0
C,H,C,9047,100,9047,1,0
A,D,D,9264,100,9264,1,0
B,D,D,5929,100,5929,1,0
C,D,D,8712,100,8712,1,0
D,E,D,9695,100,9695,1,0
D,F,D,6352,100,6352,1,0
D,G,D,9250,100,9250,1,0
D,H,D,1449,100,1449,1,0
A,E,E,1449,100,1449,1,0
B,E,E,4305,100,4305,1,0
C,E,E,9812,100,9812,1,0
D,E,E,9824,100,9824,1,0
E,F,E,3714,100,3714,1,0
E,G,E,9892,100,9892,1,0
E,H,E,9661,100,9661,1,0
A,F,F,3519,100,3519,1,0
B,F,F,1372,100,1372,1,0
C,F,F,7229,100,7229,1,0
D,F,F,6361,100,6361,1,0
E,F,F,3685,100,3685,1,0
F,G,F,7385,100,7385,1,0
F,H,F,6297,100,6297,1,0
A,G,G,9590,100,9590,1,0
B,G,G,7170,100,7170,1,0
C,G,G,1591,100,1591,1,0
D,G,G,9239,100,9239,1,0
E,G,G,9918,100,9918,1,0
F,G,G,7376,100,7376,1,0
G,H,G,9314,100,9314,1,0
A,H,H,9353,100,9353,1,0
B,H,H,6219,100,6219,1,0
C,H,H,9037,100,9037,1,0
D,H,H,1389,100,1389,1,0
E,H,H,9677,100,9677,1,0
F,H,H,6292,100,6292,1,0
G,H,H,9293,100,9293,1,0
A,B,A,3669,100,3669,1,0
A,C,A,9305,100,9305,1,0
A,D,A,9275,100,9275,1,0
A,E,A,1437,100,1437,1,0
A,F,A,3539,100,3539,1,0
A,G,A,9634,100,9634,1,0
A,H,A,9367,100,9367,1,0
A,B,B,3621,100,3621,1,0
B,C,B,6761,100,6761,1,0
B,D,B,5966,100,5966,1,0
B,E,B,4287,100,4287,1,0
B,F,B,1450,100,1450,1,0
B,G,B,7207,100,7207,1,0
B,H,B,6214,100,6214,1,0
A,C,C,9287,100,9287,1,0
B,C,C,6759,100,6759,1,0
C,D,C,8716,100,8716,1,0
C,E,C,9827,100,9827,1,0
C,F,C,7227,100,7227,1,0
C,G,C,1589,100,1589,1,0
C,H,C,9050,100,9050,1,0
A,D,D,9254,100,9254,1,0
B,D,D,5967,100,5967,1,0
C,D,D,8721,100,8721,1,0
D,E,D,9781,100,9781,1,0
D,F,D,6354,100,6354,1,0
D,G,D,9229,100,9229,1,0
D,H,D,1407,100,1407,1,0
A,E,E,1462,100,1462,1,0
B,E,E,4297,100,4297,1,0
C,E,E,9797,100,9797,1,0
D,E,E,9724,100,9724,1,0
E,F,E,3679,100,3679,1,0
E,G,E,9908,100,9908,1,0
E,H,E,9678,100,9678,1,0
A,F,F,3523,100,3523,1,0
B,F,F,1391,100,1391,1,0
C,F,F,7206,100,7206,1,0
D,F,F,6335,100,6335,1,0
E,F,F,3726,100,3726,1,0
F,G,F,7356,100,7356,1,0
F,H,F,6291,100,6291,1,0
A,G,G,9580,100,9580,1,0
B,G,G,7236,100,7236,1,0
C,G,G,1545,100,1545,1,0
D,G,G,9251,100,9251,1,0
E,G,G,9942,100,9942,1,0
F,G,G,7374,100,7374,1,0
G,H,G,9321,100,9321,1,0
A,H,H,9438,100,9438,1,0
B,H,H,6168,100,6168,1,0
C,H,H,9081,100,9081,1,0
D,H,H,1416,100,1416,1,0
E,H,H,9647,100,9647,1,0
F,H,H,6266,100,6266,1,0
G,H,H,9317,100,9317,1,0
A,B,A,3674,100,3674,1,0
A,C,A,9311,100,9311,1,0
A,D,A,9247,100,9247,1,0
A,E,A,1433,100,1433,1,0
A,F,A,3467,100,3467,1,0
A,G,A,9634,100,9634,1,0
A,H,A,9381,100,9381,1,0
A,B,B,3646,100,3646,1,0
B,C,B,6700,100,6700,1,0
B,D,B,6011,100,6011,1,0
B,E,B,4323,100,4323,1,0
B,F,B,1433,100,1433,1,0
B,G,B,7176,100,7176,1,0
B,H,B,6240,100,6240,1,0
A,C,C,9267,100,9267,1,0
B,C,C,6757,100,6757,1,0
C,D,C,8732,100,8732,1,0
C,E,C,9861,100,9861,1,0
C,F,C,7245,100,7245,1,0
C,G,C,1563,100,1563,1,0
C,H,C,9035,100,9035,1,0
A,D,D,9251,100,9251,1,0
B,D,D,5962,100,5962,1,0
C,D,D,8709,100,8709,1,0
D,E,D,9716,100,9716,1,0
D,F,D,6341,100,6341,1,0
D,G,D,9295,100,9295,1,0
D,H,D,1456,100,1456,1,0
A,E,E,1409,100,1409,1,0
B,E,E,4308,100,4308,1,0
C,E,E,9862,100,9862,1,0
D,E,E,9745,100,9745,1,0
E,F,E,3699,100,3699,1,0
E,G,E,9907,100,9907,1,0
E,H,E,9634,100,9634,1,0
A,F,F,3510,100,3510,1,0
B,F,F,1393,100,1393,1,0
C,F,F,7205,100,7205,1,0
D,F,F,6380,100,6380,1,0
E,F,F,3711,100,3711,1,0
F,G,F,7390,100,7390,1,0
F,H,F,6276,100,6276,1,0
A,G,G,9598,100,9598,1,0
B,G,G,7229,100,7229,1,0
C,G,G,1562,100,1562,1,0
D,G,G,9245,100,9245,1,0
E,G,G,9965,100,9965,1,0
F,G,G,7353,100,7353,1,0
G,H,G,9317,100,9317,1,0
A,H,H,9360,100,9360,1,0
B,H,H,6188,100,6188,1,0
C,H,H,9050,100,9050,1,0
D,H,H,1405,100,1405,1,0
E,H,H,9677,100,9677,1,0
F,H,H,6277,100,6277,1,0
G,H,H,9306,100,9306,1,0
A,B,A,3637,100,3637,1,0
A,C,A,9342,100,9342,1,0
A,D,A,9268,100,9268,1,0
A,E,A,1489,100,1489,1,0
A,F,A,3538,100,3538,1,0
A,G,A,9622,100,9622,1,0
A,H,A,9449,100,9449,1,0
A,B,B,3635,100,3635,1,0
B,C,B,6721,100,6721,1,0
B,D,B,6016,100,6016,1,0
B,E,B,4315,100,4315,1,0
B,F,B,1416,100,1416,1,0
B,G,B,7215,100,7215,1,0
B,H,B,6185,100,6185,1,0
A,C,C,9294,100,9294,1,0
B,C,C,6740,100,6740,1,0
C,D,C,8749,100,8749,1,0
C,E,C,9844,100,9844,1,0
C,F,C,7233,100,7233,1,0
C,G,C,1615,100,1615,1,0
C,H,C,9062,100,9062,1,0
A,D,D,9271,100,9271,1,0
B,D,D,5990,100,5990,1,0
C,D,D,8731,100,8731,1,0
D,E,D,9686,100,9686,1,0
D,F,D,6358,100,6358,1,0
D,G,D,9249,100,9249,1,0
D,H,D,1426,100,1426,1,0
A,E,E,1441,100,1441,1,0
B,E,E,4282,100,4282,1,0
C,E,E,9840,100,9840,1,0
D,E,E,9772,100,9772,1,0
E,F,E,3706,100,3706,1,0
E,G,E,9934,100,9934,1,0
E,H,E,9649,100,9649,1,0
A,F,F,3529,100,3529,1,0
B,F,F,1369,100,1369,1,0
C,F,F,7215,100,7215,1,0
D,F,F,6382,100,6382,1,0
E,F,F,3668,100,3668,1,0
F,G,F,7366,100,7366,1,0
F,H,F,6270,100,6270,1,0
A,G,G,9602,100,9602,1,0
B,G,G,7207,100,7207,1,0
C,G,G,1602,100,1602,1,0
D,G,G,9218,100,9218,1,0
E,G,G,9880,100,9880,1,0
F,G,G,7366,100,7366,1,0
G,H,G,9314,100,9314,1,0
A,H,H,9411,100,9411,1,0
B,H,H,6169,100,6169,1,0
C,H,H,9076,100,9076,1,0
D,H,H,1406,100,1406,1,0
E,H,H,9662,100,9662,1,0
F,H,H,6299,100,6299,1,0
G,H,H,9319,100,9319,1,0
A,B,A,3637,100,3637,1,0
A,C,A,9296,100,9296,1,0
A,D,A,9267,100,9267,1,0
A,E,A,1466,100,1466,1,0
A,F,A,3495,100,3495,1,0
A,G,A,9549,100,9549,1,0
A,H,A,9395,100,9395,1,0
A,B,B,3636,100,3636,1,0
B,C,B,6735,100,6735,1,0
B,D,B,5914,100,5914,1,0
B,E,B,4274,100,4274,1,0
B,F,B,1396,100,1396,1,0
B,G,B,7207,100,7207,1,0
B,H,B,6288,100,6288,1,0
A,C,C,9336,100,9336,1,0
B,C,C,6727,100,6727,1,0
C,D,C,8700,100,8700,1,0
C,E,C,9837,100,9837,1,0
C,F,C,7191,100,7191,1,0
C,G,C,1586,100,1586,1,0
C,H,C,9026,100,9026,1,0
A,D,D,9257,100,9257,1,0
B,D,D,5981,100,5981,1,0
C,D,D,8751,100,8751,1,0
D,E,D,9745,100,9745,1,0
D,F,D,6353,100,6353,1,0
D,G,D,9230,100,9230,1,0
D,H,D,1498,100,1498,1,0
A,E,E,1458,100,1458,1,0
B,E,E,4326,100,4326,1,0
C,E,E,9851,100,9851,1,0
D,E,E,9774,100,9774,1,0
E,F,E,3693,100,3693,1,0
E,G,E,9976,100,9976,1,0
E,H,E,9650,100,9650,1,0
A,F,F,3492,100,3492,1,0
B,F,F,1398,100,1398,1,0
C,F,F,7182,100,7182,1,0
D,F,F,6330,100,6330,1,0
E,F,F,3691,100,3691,1,0
F,G,F,7387,100,7387,1,0
F,H,F,6252,100,6252,1,0
A,G,G,9623,100,9623,1,0
B,G,G,7192,100,7192,1,0
C,G,G,1555,100,1555,1,0
D,G,G,9244,100,9244,1,0
E,G,G,9930,100,9930,1,0
F,G,G,7367,100,7367,1,0
G,H,G,9334,100,9334,1,0
A,H,H,9364,100,9364,1,0
B,H,H,6196,100,6196,1,0
C,H,H,9021,100,9021,1,0
D,H,H,1376,100,1376,1,0
E,H,H,9676,100,9676,1,0
F,H,H,6248,100,6248,1,0
G,H,H,9317,100,9317,1,0
A,B,A,3624,100,3624,1,0
A,C,A,9288,100,9288,1,0
A,D,A,9263,100,9263,1,0
A,E,A,1421,100,1421,1,0
A,F,A,3538,100,3538,1,0
A,G,A,9588,100,9588,1,0
A,H,A,9376,100,9376,1,0
A,B,B,3615,100,3615,1,0
B,C,B,6749,100,6749,1,0
B,D,B,5960,100,5960,1,0
B,E,B,4284,100,4284,1,0
B,F,B,1429,100,1429,1,0
B,G,B,7203,100,7203,1,0
B,H,B,6238,100,6238,1,0
A,C,C,9276,100,9276,1,0
B,C,C,6745,100,6745,1,0
C,D,C,8749,100,8749,1,0
C,E,C,9844,100,9844,1,0
C,F,C,7211,100,7211,1,0
C,G,C,1595,100,1595,1,0
C,H,C,9073,100,9073,1,0
A,D,D,9280,100,9280,1,0
B,D,D,5952,100,5952,1,0
C,D,D,8735,100,8735,1,0
D,E,D,9742,100,9742,1,0
D,F,D,6407,100,6407,1,0
D,G,D,9215,100,9215,1,0
D,H,D,1420,100,1420,1,0
A,E,E,1400,100,1400,1,0
B,E,E,4304,100,4304,1,0
C,E,E,9827,100,9827,1,0
D,E,E,9756,100,9756,1,0
E,F,E,3653,100,3653,1,0
E,G,E,9925,100,9925,1,0
E,H,E,9632,100,9632,1,0
A,F,F,3541,100,3541,1,0
B,F,F,1382,100,1382,1,0
C,F,F,7185,100,7185,1,0
D,F,F,6355,100,6355,1,0
E,F,F,3714,100,3714,1,0
F,G,F,7383,100,7383,1,0
F,H,F,6261,100,6261,1,0
A,G,G,9590,100,9590,1,0
B,G,G,7182,100,7182,1,0
C,G,G,1570,100,1570,1,0
D,G,G,9227,100,9227,1,0
E,G,G,9889,100,9889,1,0
F,G,G,7353,100,7353,1,0
G,H,G,9323,100,9323,1,0
A,H,H,9437,100,9437,1,0
B,H,H,6192,100,6192,1,0
C,H,H,9062,100,9062,1,0
D,H,H,1446,100,1446,1,0
E,H,H,9689,100,9689,1,0
F,H,H,6317,100,6317,1,0
G,H,H,9321,100,9321,1,0
A,B,A,3670,100,3670,1,0
A,C,A,9296,100,9296,1,0
A,D,A,9262,100,9262,1,0
A,E,A,1427,100,1427,1,0
A,F,A,3503,100,3503,1,0
A,G,A,9642,100,9642,1,0
A,H,A,9397,100,9397,1,0
A,B,B,3631,100,3631,1,0
B,C,B,6728,100,6728,1,0
B,D,B,5953,100,5953,1,0
B,E,B,4324,100,4324,1,0
B,F,B,1439,100,1439,1,0
B,G,B,7184,100,7184,1,0
B,H,B,6213,100,6213,1,0
A,C,C,9285,100,9285,1,0
B,C,C,6721,100,6721,1,0
C,D,C,8704,100,8704,1,0
C,E,C,9802,100,9802,1,0
C,F,C,7201,100,7201,1,0
C,G,C,1615,100,1615,1,0
C,H,C,9007,100,9007,1,0
A,D,D,9265,100,9265,1,0
B,D,D,6010,100,6010,1,0
C,D,D,8747,100,8747,1,0
D,E,D,9713,100,9713,1,0
D,F,D,6355,100,6355,1,0
D,G,D,9253,100,9253,1,0
D,H,D,1440,100,1440,1,0
A,E,E,1407,100,1407,1,0
B,E,E,4297,100,4297,1,0
C,E,E,9827,100,9827,1,0
D,E,E,9774,100,9774,1,0
E,F,E,3667,100,3667,1,0
E,G,E,9911,100,9911,1,0
E,H,E,9667,100,9667,1,0
A,F,F,3500,100,3500,1,0
B,F,F,1379,100,1379,1,0
C,F,F,7192,100,7192,1,0
D,F,F,6330,100,6330,1,0
E,F,F,3686,100,3686,1,0
F,G,F,7359,100,7359,1,0
F,H,F,6234,100,6234,1,0
A,G,G,9582,100,9582,1,0
B,G,G,7209,100,7209,1,0
C,G,G,1577,100,1577,1,0
D,G,G,9217,100,9217,1,0
E,G,G,9912,100,9912,1,0
F,G,G,7353,100,7353,1,0
G,H,G,9335,100,9335,1,0
A,H,H,9420,100,9420,1,0
B,H,H,6170,100,6170,1,0
C,H,H,9034,100,9034,1,0
D,H,H,1449,100,1449,1,0
E,H,H,9618,100,9618,1,0
F,H,H,6302,100,6302,1,0
G,H,H,9302,100,9302,1,0
A,B,A,3652,100,3652,1,0
A,C,A,9271,100,9271,1,0
A,D,A,9275,100,9275,1,0
A,E,A,1436,100,1436,1,0
A,F,A,3508,100,3508,1,0
A,G,A,9629,100,9629,1,0
A,H,A,9437,100,9437,1,0
A,B,B,3592,100,3592,1,0
B,C,B,6710,100,6710,1,0
B,D,B,5960,100,5960,1,0
B,E,B,4274,100,4274,1,0
B,F,B,1425,100,1425,1,0
B,G,B,7167,100,7167,1,0
B,H,B,6236,100,6236,1,0
A,C,C,9296,100,9296,1,0
B,C,C,6737,100,6737,1,0
C,D,C,8723,100,8723,1,0
C,E,C,9795,100,9795,1,0
C,F,C,7201,100,7201,1,0
C,G,C,1617,100,1617,1,0
C,H,C,9034,100,9034,1,0
A,D,D,9275,100,9275,1,0
B,D,D,5932,100,5932,1,0
C,D,D,8710,100,8710,1,0
D,E,D,9748,100,9748,1,0
D,F,D,6339,100,6339,1,0
D,G,D,9230,100,9230,1,0
D,H,D,1426,100,1426,1,0
A,E,E,1448,100,1448,1,0
B,E,E,4328,100,4328,1,0
C,E,E,9826,100,9826,1,0
D,E,E,9734,100,9734,1,0
E,F,E,3697,100,3697,1,0
E,G,E,9930,100,9930,1,0
E,H,E,9648,100,9648,1,0
A,F,F,3506,100,3506,1,0
B,F,F,1376,100,1376,1,0
C,F,F,7189,100,7189,1,0
D,F,F,6371,100,6371,1,0
E,F,F,3687,100,3687,1,0
F,G,F,7398,100,7398,1,0
F,H,F,6272,100,6272,1,0
A,G,G,9628,100,9628,1,0
B,G,G,7250,100,7250,1,0
C,G,G,1642,100,1642,1,0
D,G,G,9254,100,9254,1,0
E,G,G,9909,100,9909,1,0
F,G,G,7402,100,7402,1,0
G,H,G,9290,100,9290,1,0
A,H,H,9384,100,9384,1,0
B,H,H,6233,100,6233,1,0
C,H,H,9083,100,9083,1,0
D,H,H,1388,100,1388,1,0
E,H,H,9674,100,9674,1,0
F,H,H,6262,100,6262,1,0
G,H,H,9299,100,9299,1,0
A,B,A,3634,100,3634,1,0
A,C,A,9314,100,9314,1,0
A,D,A,9254,100,9254,1,0
A,E,A,1437,100,1437,1,0
A,F,A,3563,100,3563,1,0
A,G,A,9576,100,9576,1,0
A,H,A,9403,100,9403,1,0
A,B,B,3579,100,3579,1,0
B,C,B,6748,100,6748,1,0
B,D,B,5984,100,5984,1,0
B,E,B,4273,100,4273,1,0
B,F,B,1425,100,1425,1,0
B,G,B,7182,100,7182,1,0
B,H,B,6184,100,6184,1,0
A,C,C,9233,100,9233,1,0
B,C,C,6755,100,6755,1,0
C,D,C,8710,100,8710,1,0
C,E,C,9793,100,9793,1,0
C,F,C,7192,100,7192,1,0
C,G,C,1605,100,1605,1,0
C,H,C,9020,100,9020,1,0
A,D,D,9296,100,9296,1,0
B,D,D,5969,100,5969,1,0
C,D,D,8742,100,8742,1,0
D,E,D,9753,100,9753,1,0
D,F,D,6370,100,6370,1,0
D,G,D,9224,100,9224,1,0
D,H,D,1419,100,1419,1,0
A,E,E,1417,100,1417,1,0
B,E,E,4322,100,4322,1,0
C,E,E,9801,100,9801,1,0
D,E,E,9728,100,9728,1,0
E,F,E,3694,100,3694,1,0
E,G,E,9911,100,9911,1,0
E,H,E,9622,100,9622,1,0
A,F,F,3512,100,3512,1,0
B,F,F,1394,100,1394,1,0
C,F,F,7211,100,7211,1,0
D,F,F,6338,100,6338,1,0
E,F,F,3702,100,3702,1,0
F,G,F,7392,100,7392,1,0
F,H,F,6266,100,6266,1,0
A,G,G,9631,100,9631,1,0
B,G,G,7214,100,7214,1,0
C,G,G,1570,100,1570,1,0
D,G,G,9235,100,9235,1,0
E,G,G,9929,100,9929,1,0
F,G,G,7354,100,7354,1,0
G,H,G,9316,100,9316,1,0
A,H,H,9427,100,9427,1,0
B,H,H,6200,100,6200,1,0
C,H,H,9061,100,9061,1,0
D,H,H,1435,100,1435,1,0
E,H,H,9657,100,9657,1,0
F,H,H,6285,100,6285,1,0
G,H,H,9311,100,9311,1,0
A,B,A,3659,100,3659,1,0
A,C,A,9314,100,9314,1,0
A,D,A,9258,100,9258,1,0
A,E,A,1418,100,1418,1,0
A,F,A,3542,100,3542,1,0
A,G,A,9567,100,9567,1,0
A,H,A,9367,100,9367,1,0
A,B,B,3625,100,3625,1,0
B,C,B,6727,100,6727,1,0
B,D,B,6003,100,6003,1,0
B,E,B,4321,100,4321,1,0
B,F,B,1395,100,1395,1,0
B,G,B,7186,100,7186,1,0
B,H,B,6227,100,6227,1,0
A,C,C,9318,100,9318,1,0
B,C,C,6767,100,6767,1,0
C,D,C,8729,100,8729,1,0
C,E,C,9848,100,9848,1,0
C,F,C,7220,100,7220,1,0
C,G,C,1612,100,1612,1,0
C,H,C,9037,100,9037,1,0
A,D,D,9271,100,9271,1,0
B,D,D,5939,100,5939,1,0
C,D,D,8711,100,8711,1,0
D,E,D,9704,100,9704,1,0
D,F,D,6370,100,6370,1,0
D,G,D,9244,100,9244,1,0
D,H,D,1434,100,1434,1,0
A,E,E,1426,100,1426,1,0
B,E,E,4292,100,4292,1,0
C,E,E,9867,100,9867,1,0
D,E,E,9810,100,9810,1,0
E,F,E,3678,100,3678,1,0
E,G,E,9920,100,9920,1,0
E,H,E,9653,100,9653,1,0
A,F,F,3582,100,3582,1,0
B,F,F,1420,100,1420,1,0
C,F,F,7218,100,7218,1,0
D,F,F,6354,100,6354,1,0
E,F,F,3673,100,3673,1,0
F,G,F,7382,100,7382,1,0
F,H,F,6288,100,6288,1,0
A,G,G,9556,100,9556,1,0
B,G,G,7207,100,7207,1,0
C,G,G,1613,100,1613,1,0
D,G,G,9252,100,9252,1,0
E,G,G,9918,100,9918,1,0
F,G,G,7361,100,7361,1,0
G,H,G,9338,100,9338,1,0
A,H,H,9437,100,9437,1,0
B,H,H,6195,100,6195,1,0
C,H,H,9074,100,9074,1,0
D,H,H,1447,100,1447,1,0
E,H,H,9655,100,9655,1,0
F,H,H,6264,100,6264,1,0
G,H,H,9309,100,9309,1,0
A,B,A,3648,100,3648,1,0
A,C,A,9329,100,9329,1,0
A,D,A,9270,100,9270,1,0
A,E,A,1391,100,1391,1,0
A,F,A,3530,100,3530,1,0
A,G,A,9610,100,9610,1,0
A,H,A,9393,100,9393,1,0
A,B,B,3623,100,3623,1,0
B,C,B,6711,100,6711,1,0
B,D,B,5914,100,5914,1,0
B,E,B,4304,100,4304,1,0
B,F,B,1403,100,1403,1,0
B,G,B,7207,100,7207,1,0
B,H,B,6249,100,6249,1,0
A,C,C,9280,100,9280,1,0
B,C,C,6738,100,6738,1,0
C,D,C,8735,100,8735,1,0
C,E,C,9883,100,9883,1,0
C,F,C,7211,100,7211,1,0
C,G,C,1544,100,1544,1,0
C,H,C,9065,100,9065,1,0
A,D,D,9264,100,9264,1,0
B,D,D,5986,100,5986,1,0
C,D,D,8756,100,8756,1,0
D,E,D,9645,100,9645,1,0
D,F,D,6358,100,6358,1,0
D,G,D,9223,100,9223,1,0
D,H,D,1459,100,1459,1,0
A,E,E,1454,100,1454,1,0
B,E,E,4309,100,4309,1,0
C,E,E,9853,100,9853,1,0
D,E,E,9724,100,9724,1,0
E,F,E,3693,100,3693,1,0
E,G,E,9948,100,9948,1,0
E,H,E,9641,100,9641,1,0
A,F,F,3508,100,3508,1,0
B,F,F,1370,100,1370,1,0
C,F,F,7214,100,7214,1,0
D,F,F,6336,100,6336,1,0
E,F,F,3680,100,3680,1,0
F,G,F,7375,100,7375,1,0
F,H,F,6287,100,6287,1,0
A,G,G,9594,100,9594,1,0
B,G,G,7194,100,7194,1,0
C,G,G,1588,100,1588,1,0
D,G,G,9245,100,9245,1,0
E,G,G,9936,100,9936,1,0
F,G,G,7411,100,7411,1,0
G,H,G,9340,100,9340,1,0
A,H,H,9382,100,9382,1,0
B,H,H,6227,100,6227,1,0
C,H,H,9042,100,9042,1,0
D,H,H,1454,100,1454,1,0
E,H,H,9648,100,9648,1,0
F,H,H,6281,100,6281,1,0
G,H,H,9324,100,9324,1,0
A,B,A,3656,100,3656,1,0
A,C,A,9318,100,9318,1,0
A,D,A,9279,100,9279,1,0
A,E,A,1416,100,1416,1,0
A,F,A,3517,100,3517,1,0
A,G,A,9557,100,9557,1,0
A,H,A,9381,100,9381,1,0
A,B,B,3646,100,3646,1,0
B,C,B,6738,100,6738,1,0
B,D,B,6010,100,6010,1,0
B,E,B,4329,100,4329,1,0
B,F,B,1362,100,1362,1,0
B,G,B,7155,100,7155,1,0
B,H,B,6164,100,6164,1,0
A,C,C,9279,100,9279,1,0
B,C,C,6730,100,6730,1,0
C,D,C,8711,100,8711,1,0
C,E,C,9819,100,9819,1,0
C,F,C,7179,100,7179,1,0
C,G,C,1557,100,1557,1,0
C,H,C,9101,100,9101,1,0
A,D,D,9286,100,9286,1,0
B,D,D,5982,100,5982,1,0
C,D,D,8727,100,8727,1,0
D,E,D,9676,100,9676,1,0
D,F,D,6384,100,6384,1,0
D,G,D,9251,100,9251,1,0
D,H,D,1476,100,1476,1,0
A,E,E,1402,100,1402,1,0
B,E,E,4277,100,4277,1,0
C,E,E,9824,100,9824,1,0
D,E,E,9686,100,9686,1,0
E,F,E,3710,100,3710,1,0
E,G,E,9942,100,9942,1,0
E,H,E,9624,100,9624,1,0
A,F,F,3501,100,3501,1,0
B,F,F,1427,100,1427,1,0
C,F,F,7193,100,7193,1,0
D,F,F,6324,100,6324,1,0
E,F,F,3684,100,3684,1,0
F,G,F,7359,100,7359,1,0
F,H,F,6249,100,6249,1,0
A,G,G,9622,100,9622,1,0
B,G,G,7189,100,7189,1,0
C,G,G,1607,100,1607,1,0
D,G,G,9216,100,9216,1,0
E,G,G,9923,100,9923,1,0
F,G,G,7382,100,7382,1,0
G,H,G,9334,100,9334,1,0
A,H,H,9383,100,9383,1,0
B,H,H,6222,100,6222,1,0
C,H,H,9061,100,9061,1,0
D,H,H,1382,100,1382,1,0
E,H,H,9630,100,9630,1,0
F,H,H,6277,100,6277,1,0
G,H,H,9335,100,9335,1,0
A,B,A,3649,100,3649,1,0
A,C,A,9302,100,9302,1,0
A,D,A,9281,100,9281,1,0
A,E,A,1434,100,1434,1,0
A,F,A,3523,100,3523,1,0
A,G,A,9634,100,9634,1,0
A,H,A,9413,100,9413,1,0
A,B,B,3641,100,3641,1,0
B,C,B,6735,100,6735,1,0
B,D,B,5956,100,5956,1,0
B,E,B,4256,100,4256,1,0
B,F,B,1415,100,1415,1,0
B,G,B,7196,100,7196,1,0
B,H,B,6225,100,6225,1,0
A,C,C,9257,100,9257,1,0
B,C,C,6736,100,6736,1,0
C,D,C,8693,100,8693,1,0
C,E,C,9839,100,9839,1,0
C,F,C,7174,100,7174,1,0
C,G,C,1592,100,1592,1,0
C,H,C,9044,100,9044,1,0
A,D,D,9275,100,9275,1,0
B,D,D,5972,100,5972,1,0
C,D,D,8753,100,8753,1,0
D,E,D,9765,100,9765,1,0
D,F,D,6371,100,6371,1,0
D,G,D,9244,100,9244,1,0
D,H,D,1435,100,1435,1,0
A,E,E,1467,100,1467,1,0
B,E,E,4300,100,4300,1,0
C,E,E,9813,100,9813,1,0
D,E,E,9659,100,9659,1,0
E,F,E,3659,100,3659,1,0
E,G,E,9914,100,9914,1,0
E,H,E,9649,100,9649,1,0
A,F,F,3534,100,3534,1,0
B,F,F,1377,100,1377,1,0
C,F,F,7213,100,7213,1,0
D,F,F,6350,100,6350,1,0
E,F,F,3687,100,3687,1,0
F,G,F,7396,100,7396,1,0
F,H,F,6303,100,6303,1,0
A,G,G,9555,100,9555,1,0
B,G,G,7208,100,7208,1,0
C,G,G,1590,100,1590,1,0
D,G,G,9258,100,9258,1,0
E,G,G,9883,100,9883,1,0
F,G,G,7368,100,7368,1,0
G,H,G,9334,100,9334,1,0
A,H,H,9424,100,9424,1,0
B,H,H,6195,100,6195,1,0
C,H,H,9108,100,9108,1,0
D,H,H,1441,100,1441,1,0
E,H,H,9660,100,9660,1,0
F,H,H,6304,100,6304,1,0
G,H,H,9373,100,9373,1,0
A,B,A,3617,100,3617,1,0
A,C,A,9276,100,9276,1,0
A,D,A,9266,100,9266,1,0
A,E,A,1461,100,1461,1,0
A,F,A,3556,100,3556,1,0
A,G,A,9559,100,9559,1,0
A,H,A,9404,100,9404,1,0
A,B,B,3639,100,3639,1,0
B,C,B,6752,100,6752,1,0
B,D,B,5919,100,5919,1,0
B,E,B,4292,100,4292,1,0
B,F,B,1427,100,1427,1,0
B,G,B,7196,100,7196,1,0
B,H,B,6204,100,6204,1,0
A,C,C,9288,100,9288,1,0
B,C,C,6722,100,6722,1,0
C,D,C,8740,100,8740,1,0
C,E,C,9859,100,9859,1,0
C,F,C,7197,100,7197,1,0
C,G,C,1586,100,1586,1,0
C,H,C,9071,100,9071,1,0
A,D,D,9285,100,9285,1,0
B,D,D,5922,100,5922,1,0
C,D,D,8730,100,8730,1,0
D,E,D,9731,100,9731,1,0
D,F,D,6393,100,6393,1,0
D,G,D,9258,100,9258,1,0
D,H,D,1431,100,1431,1,0
A,E,E,1514,100,1514,1,0
B,E,E,4295,100,4295,1,0
C,E,E,9826,100,9826,1,0
D,E,E,9730,100,9730,1,0
E,F,E,3737,100,3737,1,0
E,G,E,9919,100,9919,1,0
E,H,E,9651,100,9651,1,0
A,F,F,3540,100,3540,1,0
B,F,F,1379,100,1379,1,0
C,F,F,7226,100,7226,1,0
D,F,F,6318,100,6318,1,0
E,F,F,3675,100,3675,1,0
F,G,F,7349,100,7349,1,0
F,H,F,6272,100,6272,1,0
A,G,G,9576,100,9576,1,0
B,G,G,7196,100,7196,1,0
C,G,G,1590,100,1590,1,0
D,G,G,9220,100,9220,1,0
E,G,G,9949,100,9949,1,0
F,G,G,7379,100,7379,1,0
G,H,G,9301,100,9301,1,0
A,H,H,9383,100,9383,1,0
B,H,H,6219,100,6219,1,0
C,H,H,9081,100,9081,1,0
D,H,H,1382,100,1382,1,0
E,H,H,9652,100,9652,1,0
F,H,H,6290,100,6290,1,0
G,H,H,9300,100,9300,1,0
A,B,A,3649,100,3649,1,0
A,C,A,9327,100,9327,1,0
A,D,A,9256,100,9256,1,0
A,E,A,1416,100,1416,1,0
A,F,A,3545,100,3545,1,0
A,G,A,9649,100,9649,1,0
A,H,A,9453,100,9453,1,0
A,B,B,3641,100,3641,1,0
B,C,B,6749,100,6749,1,0
B,D,B,5960,100,5960,1,0
B,E,B,4315,100,4315,1,0
B,F,B,1431,100,1431,1,0
B,G,B,7190,100,7190,1,0
B,H,B,6224,100,6224,1,0
A,C,C,9276,100,9276,1,0
B,C,C,6756,100,6756,1,0
C,D,C,8722,100,8722,1,0
C,E,C,9846,100,9846,1,0
C,F,C,7203,100,7203,1,0
C,G,C,1555,100,1555,1,0
C,H,C,9027,100,9027,1,0
A,D,D,9272,100,9272,1,0
B,D,D,5913,100,5913,1,0
C,D,D,8710,100,8710,1,0
D,E,D,9692,100,9692,1,0
D,F,D,6354,100,6354,1,0
D,G,D,9235,100,9235,1,0
D,H,D,1381,100,1381,1,0
A,E,E,1404,100,1404,1,0
B,E,E,4290,100,4290,1,0
C,E,E,9832,100,9832,1,0
D,E,E,9690,100,9690,1,0
E,F,E,3666,100,3666,1,0
E,G,E,9897,100,9897,1,0
E,H,E,9677,100,9677,1,0
A,F,F,3540,100,3540,1,0
B,F,F,1410,100,1410,1,0
C,F,F,7231,100,7231,1,0
D,F,F,6339,100,6339,1,0
E,F,F,3667,100,3667,1,0
F,G,F,7376,100,7376,1,0
F,H,F,6251,100,6251,1,0
A,G,G,9623,100,9623,1,0
B,G,G,7210,100,7210,1,0
C,G,G,1579,100,1579,1,0
D,G,G,9228,100,9228,1,0
E,G,G,9901,100,9901,1,0
F,G,G,7347,100,7347,1,0
G,H,G,9329,100,9329,1,0
A,H,H,9444,100,9444,1,0
B,H,H,6249,100,6249,1,0
C,H,H,9047,100,9047,1,0
D,H,H,1378,100,1378,1,0
E,H,H,9650,100,9650,1,0
F,H,H,6290,100,6290,1,0
G,H,H,9300,100,9300,1,0
A,B,A,3640,100,3640,1,0
A,C,A,9274,100,9274,1,0
A,D,A,9270,100,9270,1,0
A,E,A,1429,100,1429,1,0
A,F,A,3479,100,3479,1,0
A,G,A,9622,100,9622,1,0
A,H,A,9434,100,9434,1,0
A,B,B,3637,100,3637,1,0
B,C,B,6744,100,6744,1,0
B,D,B,5983,100,5983,1,0
B,E,B,4337,100,4337,1,0
B,F,B,1402,100,1402,1,0
B,G,B,7220,100,7220,1,0
B,H,B,6217,100,6217,1,0
A,C,C,9279,100,9279,1,0
B,C,C,6722,100,6722,1,0
C,D,C,8707,100,8707,1,0
C,E,C,9850,100,9850,1,0
C,F,C,7194,100,7194,1,0
C,G,C,1621,100,1621,1,0
C,H,C,9027,100,9027,1,0
A,D,D,9268,100,9268,1,0
B,D,D,5951,100,5951,1,0
C,D,D,8696,100,8696,1,0
D,E,D,9745,100,9745,1,0
D,F,D,6397,100,6397,1,0
D,G,D,9300,100,9300,1,0
D,H,D,1498,100,1498,1,0
A,E,E,1389,100,1389,1,0
B,E,E,4230,100,4230,1,0
C,E,E,9796,100,9796,1,0
D,E,E,9695,100,9695,1,0
E,F,E,3674,100,3674,1,0
E,G,E,9902,100,9902,1,0
E,H,E,9651,100,9651,1,0
A,F,F,3507,100,3507,1,0
B,F,F,1381,100,1381,1,0
C,F,F,7216,100,7216,1,0
D,F,F,6370,100,6370,1,0
E,F,F,3685,100,3685,1,0
F,G,F,7380,100,7380,1,0
F,H,F,6227,100,6227,1,0
A,G,G,9585,100,9585,1,0
B,G,G,7222,100,7222,1,0
C,G,G,1597,100,1597,1,0
D,G,G,9208,100,9208,1,0
E,G,G,9915,100,9915,1,0
F,G,G,7351,100,7351,1,0
G,H,G,9350,100,9350,1,0
A,H,H,9393,100,9393,1,0
B,H,H,6216,100,6216,1,0
C,H,H,9075,100,9075,1,0
D,H,H,1416,100,1416,1,0
E,H,H,9708,100,9708,1,0
F,H,H,6307,100,6307,1,0
G,H,H,9340,100,9340,1,0
A,B,A,3644,100,3644,1,0
A,C,A,9280,100,9280,1,0
A,D,A,9287,100,9287,1,0
A,E,A,1428,100,1428,1,0
A,F,A,3494,100,3494,1,0
A,G,A,9623,100,9623,1,0
A,H,A,9372,100,9372,1,0
A,B,B,3654,100,3654,1,0
B,C,B,6769,100,6769,1,0
B,D,B,5948,100,5948,1,0
B,E,B,4310,100,4310,1,0
B,F,B,1390,100,1390,1,0
B,G,B,7200,100,7200,1,0
B,H,B,6142,100,6142,1,0
A,C,C,9327,100,9327,1,0
B,C,C,6719,100,6719,1,0
C,D,C,8761,100,8761,1,0
C,E,C,9824,100,9824,1,0
C,F,C,7214,100,7214,1,0
C,G,C,1558,100,1558,1,0
C,H,C,9034,100,9034,1,0
A,D,D,9287,100,9287,1,0
B,D,D,6018,100,6018,1,0
C,D,D,8719,100,8719,1,0
D,E,D,9774,100,9774,1,0
D,F,D,6347,100,6347,1,0
D,G,D,9239,100,9239,1,0
D,H,D,1423,100,1423,1,0
A,E,E,1402,100,1402,1,0
B,E,E,4302,100,4302,1,0
C,E,E,9812,100,9812,1,0
D,E,E,9752,100,9752,1,0
E,F,E,3697,100,3697,1,0
E,G,E,9921,100,9921,1,0
E,H,E,9666,100,9666,1,0
A,F,F,3488,100,3488,1,0
B,F,F,1456,100,1456,1,0
C,F,F,7215,100,7215,1,0
D,F,F,6374,100,6374,1,0
E,F,F,3693,100,3693,1,0
F,G,F,7366,100,7366,1,0
F,H,F,6316,100,6316,1,0
A,G,G,9616,100,9616,1,0
B,G,G,7215,100,7215,1,0
C,G,G,1612,100,1612,1,0
D,G,G,9283,100,9283,1,0
E,G,G,9899,100,9899,1,0
F,G,G,7354,100,7354,1,0
G,H,G,9315,100,9315,1,0
A,H,H,9402,100,9402,1,0
B,H,H,6211,100,6211,1,0
C,H,H,9063,100,9063,1,0
D,H,H,1431,100,1431,1,0
E,H,H,9644,100,9644,1,0
F,H,H,6253,100,6253,1,0
G,H,H,9340,100,9340,1,0
A,B,A,3626,100,3626,1,0
A,C,A,9306,100,9306,1,0
A,D,A,9281,100,9281,1,0
A,E,A,1459,100,1459,1,0
A,F,A,3457,100,3457,1,0
A,G,A,9641,100,9641,1,0
A,H,A,9419,100,9419,1,0
A,B,B,3620,100,3620,1,0
B,C,B,6748,100,6748,1,0
B,D,B,6001,100,6001,1,0
B,E,B,4289,100,4289,1,0
B,F,B,1402,100,1402,1,0
B,G,B,7212,100,7212,1,0
B,H,B,6193,100,6193,1,0
A,C,C,9240,100,9240,1,0
B,C,C,6747,100,6747,1,0
C,D,C,8721,100,8721,1,0
C,E,C,9835,100,9835,1,0
C,F,C,7200,100,7200,1,0
C,G,C,1606,100,1606,1,0
C,H,C,9059,100,9059,1,0
A,D,D,9267,100,9267,1,0
B,D,D,5934,100,5934,1,0
C,D,D,8716,100,8716,1,0
D,E,D,9721,100,9721,1,0
D,F,D,6340,100,6340,1,0
D,G,D,9251,100,9251,1,0
D,H,D,1407,100,1407,1,0
A,E,E,1404,100,1404,1,0
B,E,E,4260,100,4260,1,0
C,E,E,9812,100,9812,1,0
D,E,E,9678,100,9678,1,0
E,F,E,3677,100,3677,1,0
E,G,E,9893,100,9893,1,0
E,H,E,9663,100,9663,1,0
A,F,F,3523,100,3523,1,0
B,F,F,1362,100,1362,1,0
C,F,F,7188,100,7188,1,0
D,F,F,6363,100,6363,1,0
E,F,F,3700,100,3700,1,0
F,G,F,7357,100,7357,1,0
F,H,F,6240,100,6240,1,0
A,G,G,9629,100,9629,1,0
B,G,G,7228,100,7228,1,0
C,G,G,1554,100,1554,1,0
D,G,G,9248,100,9248,1,0
E,G,G,9941,100,9941,1,0
F,G,G,7376,100,7376,1,0
G,H,G,9334,100,9334,1,0
A,H,H,9391,100,9391,1,0
B,H,H,6235,100,6235,1,0
C,H,H,9061,100,9061,1,0
D,H,H,1430,100,1430,1,0
E,H,H,9640,100,9640,1,0
F,H,H,6310,100,6310,1,0
G,H,H,9321,100,9321,1,0
A,B,A,3635,100,3635,1,0
A,C,A,9248,100,9248,1,0
A,D,A,9264,100,9264,1,0
A,E,A,1417,100,1417,1,0
A,F,A,3500,100,3500,1,0
A,G,A,9585,100,9585,1,0
A,H,A,9454,100,9454,1,0
A,B,B,3621,100,3621,1,0
B,C,B,6756,100,6756,1,0
B,D,B,5999,100,5999,1,0
B,E,B,4345,100,4345,1,0
B,F,B,1401,100,1401,1,0
B,G,B,7175,100,7175,1,0
B,H,B,6224,100,6224,1,0
A,C,C,9307,100,9307,1,0
B,C,C,6726,100,6726,1,0
C,D,C,8718,100,8718,1,0
C,E,C,9822,100,9822,1,0
C,F,C,7192,100,7192,1,0
C,G,C,1581,100,1581,1,0
C,H,C,9019,100,9019,1,0
A,D,D,9297,100,9297,1,0
B,D,D,5954,100,5954,1,0
C,D,D,8709,100,8709,1,0
D,E,D,9704,100,9704,1,0
D,F,D,6333,100,6333,1,0
D,G,D,9211,100,9211,1,0
D,H,D,1392,100,1392,1,0
A,E,E,1392,100,1392,1,0
B,E,E,4329,100,4329,1,0
C,E,E,9790,100,9790,1,0
D,E,E,9736,100,9736,1,0
E,F,E,3705,100,3705,1,0
E,G,E,9909,100,9909,1,0
E,H,E,9652,100,9652,1,0
A,F,F,3525,100,3525,1,0
B,F,F,1419,100,1419,1,0
C,F,F,7224,100,7224,1,0
D,F,F,6382,100,6382,1,0
E,F,F,3700,100,3700,1,0
F,G,F,7340,100,7340,1,0
F,H,F,6335,100,6335,1,0
A,G,G,9606,100,9606,1,0
B,G,G,7140,100,7140,1,0
C,G,G,1587,100,1587,1,0
D,G,G,9228,100,9228,1,0
E,G,G,9901,100,9901,1,0
F,G,G,7365,100,7365,1,0
G,H,G,9342,100,9342,1,0
A,H,H,9410,100,9410,1,0
B,H,H,6217,100,6217,1,0
C,H,H,9026,100,9026,1,0
D,H,H,1433,100,1433,1,0
E,H,H,9671,100,9671,1,0
F,H,H,6252,100,6252,1,0
G,H,H,9318,100,9318,1,0
A,B,A,3671,100,3671,1,0
A,C,A,9273,100,9273,1,0
A,D,A,9269,100,9269,1,0
A,E,A,1469,100,1469,1,0
A,F,A,3506,100,3506,1,0
A,G,A,9609,100,9609,1,0
A,H,A,9426,100,9426,1,0
A,B,B,3648,100,3648,1,0
B,C,B,6723,100,6723,1,0
B,D,B,5976,100,5976,1,0
B,E,B,4283,100,4283,1,0
B,F,B,1402,100,1402,1,0
B,G,B,7194,100,7194,1,0
B,H,B,6214,100,6214,1,0
A,C,C,9309,100,9309,1,0
B,C,C,6712,100,6712,1,0
C,D,C,8747,100,8747,1,0
C,E,C,9777,100,9777,1,0
C,F,C,7193,100,7193,1,0
C,G,C,1554,100,1554,1,0
C,H,C,9104,100,9104,1,0
A,D,D,9279,100,9279,1,0
B,D,D,5912,100,5912,1,0
C,D,D,8713,100,8713,1,0
D,E,D,9684,100,9684,1,0
D,F,D,6389,100,6389,1,0
D,G,D,9245,100,9245,1,0
D,H,D,1458,100,1458,1,0
A,E,E,1425,100,1425,1,0
B,E,E,4317,100,4317,1,0
C,E,E,9828,100,9828,1,0
D,E,E,9749,100,9749,1,0
E,F,E,3695,100,3695,1,0
E,G,E,9930,100,9930,1,0
E,H,E,9619,100,9619,1,0
A,F,F,3528,100,3528,1,0
B,F,F,1385,100,1385,1,0
C,F,F,7210,100,7210,1,0
D,F,F,6339,100,6339,1,0
E,F,F,3690,100,3690,1,0
F,G,F,7373,100,7373,1,0
F,H,F,6264,100,6264,1,0
A,G,G,9642,100,9642,1,0
B,G,G,7208,100,7208,1,0
C,G,G,1585,100,1585,1,0
D,G,G,9245,100,9245,1,0
E,G,G,9925,100,9925,1,0
F,G,G,7332,100,7332,1,0
G,H,G,9358,100,9358,1,0
A,H,H,9436,100,9436,1,0
B,H,H,6161,100,6161,1,0
C,H,H,9072,100,9072,1,0
D,H,H,1444,100,1444,1,0
E,H,H,9660,100,9660,1,0
F,H,H,6240,100,6240,1,0
G,H,H,9305,100,9305,1,0
A,B,A,3655,100,3655,1,0
A,C,A,9309,100,9309,1,0
A,D,A,9277,100,9277,1,0
A,E,A,1443,100,1443,1,0
A,F,A,3516,100,3516,1,0
A,G,A,9617,100,9617,1,0
A,H,A,9371,100,9371,1,0
A,B,B,3613,100,3613,1,0
B,C,B,6715,100,6715,1,0
B,D,B,5957,100,5957,1,0
B,E,B,4310,100,4310,1,0
B,F,B,1412,100,1412,1,0
B,G,B,7201,100,7201,1,0
B,H,B,6156,100,6156,1,0
A,C,C,9273,100,9273,1,0
B,C,C,6805,100,6805,1,0
C,D,C,8744,100,8744,1,0
C,E,C,9810,100,9810,1,0
C,F,C,7210,100,7210,1,0
C,G,C,1571,100,1571,1,0
C,H,C,9084,100,9084,1,0
A,D,D,9238,100,9238,1,0
B,D,D,5975,100,5975,1,0
C,D,D,8703,100,8703,1,0
D,E,D,9716,100,9716,1,0
D,F,D,6373,100,6373,1,0
D,G,D,9222,100,9222,1,0
D,H,D,1412,100,1412,1,0
A,E,E,1460,100,1460,1,0
B,E,E,4306,100,4306,1,0
C,E,E,9821,100,9821,1,0
D,E,E,9722,100,9722,1,0
E,F,E,3699,100,3699,1,0
E,G,E,9899,100,9899,1,0
E,H,E,9624,100,9624,1,0
A,F,F,3507,100,3507,1,0
B,F,F,1389,100,1389,1,0
C,F,F,7206,100,7206,1,0
D,F,F,6336,100,6336,1,0
E,F,F,3702,100,3702,1,0
F,G,F,7338,100,7338,1,0
F,H,F,6238,100,6238,1,0
A,G,G,9610,100,9610,1,0
B,G,G,7192,100,7192,1,0
C,G,G,1576,100,1576,1,0
D,G,G,9244,100,9244,1,0
E,G,G,9943,100,9943,1,0
F,G,G,7371,100,7371,1,0
G,H,G,9330,100,9330,1,0
A,H,H,9398,100,9398,1,0
B,H,H,6208,100,6208,1,0
C,H,H,9042,100,9042,1,0
D,H,H,1464,100,1464,1,0
E,H,H,9642,100,9642,1,0
F,H,H,6247,100,6247,1,0
G,H,H,9291,100,9291,1,0
A,B,A,3655,100,3655,1,0
A,C,A,9339,100,9339,1,0
A,D,A,9289,100,9289,1,0
A,E,A,1458,100,1458,1,0
A,F,A,3534,100,3534,1,0
A,G,A,9663,100,9663,1,0
A,H,A,9384,100,9384,1,0
A,B,B,3661,100,3661,1,0
B,C,B,6696,100,6696,1,0
B,D,B,5978,100,5978,1,0
B,E,B,4290,100,4290,1,0
B,F,B,1409,100,1409,1,0
B,G,B,7211,100,7211,1,0
B,H,B,6167,100,6167,1,0
A,C,C,9313,100,9313,1,0
B,C,C,6734,100,6734,1,0
C,D,C,8694,100,8694,1,0
C,E,C,9850,100,9850,1,0
C,F,C,7187,100,7187,1,0
C,G,C,1563,100,1563,1,0
C,H,C,9094,100,9094,1,0
A,D,D,9259,100,9259,1,0
B,D,D,6002,100,6002,1,0
C,D,D,8729,100,8729,1,0
D,E,D,9699,100,9699,1,0
D,F,D,6384,100,6384,1,0
D,G,D,9242,100,9242,1,0
D,H,D,1373,100,1373,1,0
A,E,E,1381,100,1381,1,0
B,E,E,4301,100,4301,1,0
C,E,E,9813,100,9813,1,0
D,E,E,9753,100,9753,1,0
E,F,E,3693,100,3693,1,0
E,G,E,9921,100,9921,1,0
E,H,E,9661,100,9661,1,0
A,F,F,3507,100,3507,1,0
B,F,F,1389,100,1389,1,0
C,F,F,7208,100,7208,1,0
D,F,F,6384,100,6384,1,0
E,F,F,3701,100,3701,1,0
F,G,F,7373,100,7373,1,0
F,H,F,6272,100,6272,1,0
A,G,G,9603,100,9603,1,0
B,G,G,7237,100,7237,1,0
C,G,G,1628,100,1628,1,0
D,G,G,9261,100,9261,1,0
E,G,G,9885,100,9885,1,0
F,G,G,7375,100,7375,1,0
G,H,G,9370,100,9370,1,0
A,H,H,9437,100,9437,1,0
B,H,H,6206,100,6206,1,0
C,H,H,9065,100,9065,1,0
D,H,H,1452,100,1452,1,0
E,H,H,9665,100,9665,1,0
F,H,H,6256,100,6256,1,0
G,H,H,9356,100,9356,1,0
A,B,A,3608,100,3608,1,0
A,C,A,9245,100,9245,1,0
A,D,A,9270,100,9270,1,0
A,E,A,1427,100,1427,1,0
A,F,A,3560,100,3560,1,0
A,G,A,9599,100,9599,1,0
A,H,A,9412,100,9412,1,0
A,B,B,3655,100,3655,1,0
B,C,B,6707,100,6707,1,0
B,D,B,5986,100,5986,1,0
B,E,B,4352,100,4352,1,0
B,F,B,1408,100,1408,1,0
B,G,B,7190,100,7190,1,0
B,H,B,6281,100,6281,1,0
A,C,C,9253,100,9253,1,0
B,C,C,6775,100,6775,1,0
C,D,C,8719,100,8719,1,0
C,E,C,9827,100,9827,1,0
C,F,C,7198,100,7198,1,0
C,G,C,1614,100,1614,1,0
C,H,C,9063,100,9063,1,0
A,D,D,9262,100,9262,1,0
B,D,D,5961,100,5961,1,0
C,D,D,8698,100,8698,1,0
D,E,D,9739,100,9739,1,0
D,F,D,6389,100,6389,1,0
D,G,D,9260,100,9260,1,0
D,H,D,1483,100,1483,1,0
A,E,E,1411,100,1411,1,0
B,E,E,4341,100,4341,1,0
C,E,E,9817,100,9817,1,0
D,E,E,9694,100,9694,1,0
E,F,E,3697,100,3697,1,0
E,G,E,9929,100,9929,1,0
E,H,E,9672,100,9672,1,0
A,F,F,3502,100,3502,1,0
B,F,F,1384,100,1384,1,0
C,F,F,7183,100,7183,1,0
D,F,F,6372,100,6372,1,0
E,F,F,3687,100,3687,1,0
F,G,F,7363,100,7363,1,0
F,H,F,6282,100,6282,1,0
A,G,G,9622,100,9622,1,0
B,G,G,7174,100,7174,1,0
C,G,G,1624,100,1624,1,0
D,G,G,9215,100,9215,1,0
E,G,G,9926,100,9926,1,0
F,G,G,7362,100,7362,1,0
G,H,G,9342,100,9342,1,0
A,H,H,9415,100,9415,1,0
B,H,H,6126,100,6126,1,0
C,H,H,9042,100,9042,1,0
D,H,H,1483,100,1483,1,0
E,H,H,9658,100,9658,1,0
F,H,H,6284,100,6284,1,0
G,H,H,9337,100,9337,1,0
A,B,A,3633,100,3633,1,0
A,C,A,9312,100,9312,1,0
A,D,A,9286,100,9286,1,0
A,E,A,1413,100,1413,1,0
A,F,A,3539,100,3539,1,0
A,G,A,9595,100,9595,1,0
A,H,A,9410,100,9410,1,0
A,B,B,3638,100,3638,1,0
B,C,B,6782,100,6782,1,0
B,D,B,5980,100,5980,1,0
B,E,B,4307,100,4307,1,0
B,F,B,1416,100,1416,1,0
B,G,B,7207,100,7207,1,0
B,H,B,6199,100,6199,1,0
A,C,C,9284,100,9284,1,0
B,C,C,6744,100,6744,1,0
C,D,C,8705,100,8705,1,0
C,E,C,9847,100,9847,1,0
C,F,C,7181,100,7181,1,0
C,G,C,1597,100,1597,1,0
C,H,C,9006,100,9006,1,0
A,D,D,9282,100,9282,1,0
B,D,D,5983,100,5983,1,0
C,D,D,8722,100,8722,1,0
D,E,D,9732,100,9732,1,0
D,F,D,6342,100,6342,1,0
D,G,D,9257,100,9257,1,0
D,H,D,1395,100,1395,1,0
A,E,E,1476,100,1476,1,0
B,E,E,4307,100,4307,1,0
C,E,E,9861,100,9861,1,0
D,E,E,9699,100,9699,1,0
E,F,E,3708,100,3708,1,0
E,G,E,9915,100,9915,1,0
E,H,E,9629,100,9629,1,0
A,F,F,3496,100,3496,1,0
B,F,F,1393,100,1393,1,0
C,F,F,7254,100,7254,1,0
D,F,F,6361,100,6361,1,0
E,F,F,3704,100,3704,1,0
F,G,F,7384,100,7384,1,0
F,H,F,6261,100,6261,1,0
A,G,G,9591,100,9591,1,0
B,G,G,7184,100,7184,1,0
C,G,G,1581,100,1581,1,0
D,G,G,9230,100,9230,1,0
E,G,G,9932,100,9932,1,0
F,G,G,7379,100,7379,1,0
G,H,G,9370,100,9370,1,0
A,H,H,9389,100,9389,1,0
B,H,H,6223,100,6223,1,0
C,H,H,9073,100,9073,1,0
D,H,H,1418,100,1418,1,0
E,H,H,9626,100,9626,1,0
F,H,H,6310,100,6310,1,0
G,H,H,9303,100,9303,1,0
A,B,A,3645,100,3645,1,0
A,C,A,9270,100,9270,1,0
A,D,A,9280,100,9280,1,0
A,E,A,1477,100,1477,1,0
A,F,A,3517,100,3517,1,0
A,G,A,9617,100,9617,1,0
A,H,A,9437,100,9437,1,0
A,B,B,3672,100,3672,1,0
B,C,B,6743,100,6743,1,0
B,D,B,5933,100,5933,1,0
B,E,B,4291,100,4291,1,0
B,F,B,1375,100,1375,1,0
B,G,B,7173,100,7173,1,0
B,H,B,6231,100,6231,1,0
A,C,C,9289,100,9289,1,0
B,C,C,6694,100,6694,1,0
C,D,C,8736,100,8736,1,0
C,E,C,9843,100,9843,1,0
C,F,C,7207,100,7207,1,0
C,G,C,1554,100,1554,1,0
C,H,C,9043,100,9043,1,0
A,D,D,9256,100,9256,1,0
B,D,D,5980,100,5980,1,0
C,D,D,8726,100,8726,1,0
D,E,D,9740,100,9740,1,0
D,F,D,6330,100,6330,1,0
D,G,D,9214,100,9214,1,0
D,H,D,1451,100,1451,1,0
A,E,E,1427,100,1427,1,0
B,E,E,4276,100,4276,1,0
C,E,E,9767,100,9767,1,0
D,E,E,9715,100,9715,1,0
E,F,E,3721,100,3721,1,0
E,G,E,9932,100,9932,1,0
E,H,E,9605,100,9605,1,0
A,F,F,3508,100,3508,1,0
B,F,F,1391,100,1391,1,0
C,F,F,7228,100,7228,1,0
D,F,F,6336,100,6336,1,0
E,F,F,3704,100,3704,1,0
F,G,F,7371,100,7371,1,0
F,H,F,6251,100,6251,1,0
A,G,G,9580,100,9580,1,0
B,G,G,7189,100,7189,1,0
C,G,G,1581,100,1581,1,0
D,G,G,9232,100,9232,1,0
E,G,G,9904,100,9904,1,0
F,G,G,7374,100,7374,1,0
G,H,G,9320,100,9320,1,0
A,H,H,9382,100,9382,1,0
B,H,H,6164,100,6164,1,0
C,H,H,9011,100,9011,1,0
D,H,H,1400,100,1400,1,0
E,H,H,9655,100,9655,1,0
F,H,H,6277,100,6277,1,0
G,H,H,9298,100,9298,1,0
A,B,A,3599,100,3599,1,0
A,C,A,9264,100,9264,1,0
A,D,A,9274,100,9274,1,0
A,E,A,1458,100,1458,1,0
A,F,A,3508,100,3508,1,0
A,G,A,9630,100,9630,1,0
A,H,A,9411,100,9411,1,0
A,B,B,3633,100,3633,1,0
B,C,B,6750,100,6750,1,0
B,D,B,5953,100,5953,1,0
B,E,B,4316,100,4316,1,0
B,F,B,1376,100,1376,1,0
B,G,B,7216,100,7216,1,0
B,H,B,6216,100,6216,1,0
A,C,C,9317,100,9317,1,0
B,C,C,6753,100,6753,1,0
C,D,C,8737,100,8737,1,0
C,E,C,9851,100,9851,1,0
C,F,C,7224,100,7224,1,0
C,G,C,1630,100,1630,1,0
C,H,C,9056,100,9056,1,0
A,D,D,9257,100,9257,1,0
B,D,D,5978,100,5978,1,0
C,D,D,8713,100,8713,1,0
D,E,D,9690,100,9690,1,0
D,F,D,6348,100,6348,1,0
D,G,D,9237,100,9237,1,0
D,H,D,1398,100,1398,1,0
A,E,E,1402,100,1402,1,0
B,E,E,4325,100,4325,1,0
C,E,E,9779,100,9779,1,0
D,E,E,9740,100,9740,1,0
E,F,E,3708,100,3708,1,0
E,G,E,9940,100,9940,1,0
E,H,E,9696,100,9696,1,0
A,F,F,3539,100,3539,1,0
B,F,F,1449,100,1449,1,0
C,F,F,7211,100,7211,1,0
D,F,F,6324,100,6324,1,0
E,F,F,3723,100,3723,1,0
F,G,F,7372,100,7372,1,0
F,H,F,6313,100,6313,1,0
A,G,G,9591,100,9591,1,0
B,G,G,7180,100,7180,1,0
C,G,G,1620,100,1620,1,0
D,G,G,9299,100,9299,1,0
E,G,G,9926,100,9926,1,0
F,G,G,7382,100,7382,1,0
G,H,G,9326,100,9326,1,0
A,H,H,9438,100,9438,1,0
B,H,H,6191,100,6191,1,0
C,H,H,9015,100,9015,1,0
D,H,H,1423,100,1423,1,0
E,H,H,9656,100,9656,1,0
F,H,H,6269,100,6269,1,0
G,H,H,9321,100,9321,1,0
A,B,A,3623,100,3623,1,0
A,C,A,9259,100,9259,1,0
A,D,A,9267,100,9267,1,0
A,E,A,1413,100,1413,1,0
A,F,A,3525,100,3525,1,0
A,G,A,9586,100,9586,1,0
A,H,A,9419,100,9419,1,0
A,B,B,3642,100,3642,1,0
B,C,B,6708,100,6708,1,0
B,D,B,6001,100,6001,1,0
B,E,B,4310,100,4310,1,0
B,F,B,1416,100,1416,1,0
B,G,B,7205,100,7205,1,0
B,H,B,6242,100,6242,1,0
A,C,C,9283,100,9283,1,0
B,C,C,6739,100,6739,1,0
C,D,C,8714,100,8714,1,0
C,E,C,9854,100,9854,1,0
C,F,C,7213,100,7213,1,0
C,G,C,1579,100,1579,1,0
C,H,C,9040,100,9040,1,0
A,D,D,9271,100,9271,1,0
B,D,D,5981,100,5981,1,0
C,D,D,8705,100,8705,1,0
D,E,D,9767,100,9767,1,0
D,F,D,6378,100,6378,1,0
D,G,D,9239,100,9239,1,0
D,H,D,1441,100,1441,1,0
A,E,E,1400,100,1400,1,0
B,E,E,4314,100,4314,1,0
C,E,E,9823,100,9823,1,0
D,E,E,9746,100,9746,1,0
E,F,E,3692,100,3692,1,0
E,G,E,9923,100,9923,1,0
E,H,E,9637,100,9637,1,0
A,F,F,3479,100,3479,1,0
B,F,F,1406,100,1406,1,0
C,F,F,7205,100,7205,1,0
D,F,F,6333,100,6333,1,0
E,F,F,3675,100,3675,1,0
F,G,F,7387,100,7387,1,0
F,H,F,6293,100,6293,1,0
A,G,G,9609,100,9609,1,0
B,G,G,7138,100,7138,1,0
C,G,G,1539,100,1539,1,0
D,G,G,9221,100,9221,1,0
E,G,G,9937,100,9937,1,0
F,G,G,7387,100,7387,1,0
G,H,G,9342,100,9342,1,0
A,H,H,9425,100,9425,1,0
B,H,H,6126,100,6126,1,0
C,H,H,9070,100,9070,1,0
D,H,H,1479,100,1479,1,0
E,H,H,9626,100,9626,1,0
F,H,H,6251,100,6251,1,0
G,H,H,9326,100,9326,1,0
A,B,A,3652,100,3652,1,0
A,C,A,9301,100,9301,1,0
A,D,A,9267,100,9267,1,0
A,E,A,1428,100,1428,1,0
A,F,A,3543,100,3543,1,0
A,G,A,9580,100,9580,1,0
A,H,A,9405,100,9405,1,0
A,B,B,3650,100,3650,1,0
B,C,B,6754,100,6754,1,0
B,D,B,5962,100,5962,1,0
B,E,B,4296,100,4296,1,0
B,F,B,1398,100,1398,1,0
B,G,B,7205,100,7205,1,0
B,H,B,6150,100,6150,1,0
A,C,C,9308,100,9308,1,0
B,C,C,6722,100,6722,1,0
C,D,C,8694,100,8694,1,0
C,E,C,9825,100,9825,1,0
C,F,C,7209,100,7209,1,0
C,G,C,1584,100,1584,1,0
C,H,C,9031,100,9031,1,0
A,D,D,9266,100,9266,1,0
B,D,D,5982,100,5982,1,0
C,D,D,8774,100,8774,1,0
D,E,D,9702,100,9702,1,0
D,F,D,6345,100,6345,1,0
D,G,D,9258,100,9258,1,0
D,H,D,1406,100,1406,1,0
A,E,E,1513,100,1513,1,0
B,E,E,4308,100,4308,1,0
C,E,E,9804,100,9804,1,0
D,E,E,9801,100,9801,1,0
E,F,E,3682,100,3682,1,0
E,G,E,9910,100,9910,1,0
E,H,E,9607,100,9607,1,0
A,F,F,3524,100,3524,1,0
B,F,F,1379,100,1379,1,0
C,F,F,7209,100,7209,1,0
D,F,F,6386,100,6386,1,0
E,F,F,3696,100,3696,1,0
F,G,F,7363,100,7363,1,0
F,H,F,6280,100,6280,1,0
A,G,G,9574,100,9574,1,0
B,G,G,7207,100,7207,1,0
C,G,G,1565,100,1565,1,0
D,G,G,9204,100,9204,1,0
E,G,G,9940,100,9940,1,0
F,G,G,7369,100,7369,1,0
G,H,G,9306,100,9306,1,0
A,H,H,9412,100,9412,1,0
B,H,H,6222,100,6222,1,0
C,H,H,9020,100,9020,1,0
D,H,H,1428,100,1428,1,0
E,H,H,9650,100,9650,1,0
F,H,H,6293,100,6293,1,0
G,H,H,9329,100,9329,1,0
A,B,A,3613,100,3613,1,0
A,C,A,9273,100,9273,1,0
A,D,A,9273,100,9273,1,0
A,E,A,1410,100,1410,1,0
A,F,A,3533,100,3533,1,0
A,G,A,9560,100,9560,1,0
A,H,A,9445,100,9445,1,0
A,B,B,3678,100,3678,1,0
B,C,B,6744,100,6744,1,0
B,D,B,5977,100,5977,1,0
B,E,B,4296,100,4296,1,0
B,F,B,1390,100,1390,1,0
B,G,B,7135,100,7135,1,0
B,H,B,6216,100,6216,1,0
A,C,C,9328,100,9328,1,0
B,C,C,6736,100,6736,1,0
C,D,C,8722,100,8722,1,0
C,E,C,9854,100,9854,1,0
C,F,C,7181,100,7181,1,0
C,G,C,1595,100,1595,1,0
C,H,C,9095,100,9095,1,0
A,D,D,9239,100,9239,1,0
B,D,D,5951,100,5951,1,0
C,D,D,8703,100,8703,1,0
D,E,D,9740,100,9740,1,0
D,F,D,6359,100,6359,1,0
D,G,D,9219,100,9219,1,0
D,H,D,1465,100,1465,1,0
A,E,E,1457,100,1457,1,0
B,E,E,4295,100,4295,1,0
C,E,E,9846,100,9846,1,0
D,E,E,9733,100,9733,1,0
E,F,E,3710,100,3710,1,0
E,G,E,9934,100,9934,1,0
E,H,E,9656,100,9656,1,0
A,F,F,3522,100,3522,1,0
B,F,F,1394,100,1394,1,0
C,F,F,7238,100,7238,1,0
D,F,F,6359,100,6359,1,0
E,F,F,3695,100,3695,1,0
F,G,F,7361,100,7361,1,0
F,H,F,6298,100,6298,1,0
A,G,G,9592,100,9592,1,0
B,G,G,7172,100,7172,1,0
C,G,G,1566,100,1566,1,0
D,G,G,9211,100,9211,1,0
E,G,G,9935,100,9935,1,0
F,G,G,7366,100,7366,1,0
G,H,G,9329,100,9329,1,0
A,H,H,9398,100,9398,1,0
B,H,H,6183,100,6183,1,0
C,H,H,9054,100,9054,1,0
D,H,H,1392,100,1392,1,0
E,H,H,9624,100,9624,1,0
F,H,H,6315,100,6315,1,0
G,H,H,9347,100,9347,1,0
A,B,A,3646,100,3646,1,0
A,C,A,9363,100,9363,1,0
A,D,A,9275,100,9275,1,0
A,E,A,1422,100,1422,1,0
A,F,A,3517,100,3517,1,0
A,G,A,9605,100,9605,1,0
A,H,A,9412,100,9412,1,0
A,B,B,3639,100,3639,1,0
B,C,B,6776,100,6776,1,0
B,D,B,5964,100,5964,1,0
B,E,B,4309,100,4309,1,0
B,F,B,1415,100,1415,1,0
B,G,B,7184,100,7184,1,0
B,H,B,6197,100,6197,1,0
A,C,C,9324,100,9324,1,0
B,C,C,6721,100,6721,1,0
C,D,C,8693,100,8693,1,0
C,E,C,9847,100,9847,1,0
C,F,C,7226,100,7226,1,0
C,G,C,1609,100,1609,1,0
C,H,C,9044,100,9044,1,0
A,D,D,9263,100,9263,1,0
B,D,D,5969,100,5969,1,0
C,D,D,8775,100,8775,1,0
D,E,D,9703,100,9703,1,0
D,F,D,6342,100,6342,1,0
D,G,D,9245,100,9245,1,0
D,H,D,1463,100,1463,1,0
A,E,E,1447,100,1447,1,0
B,E,E,4295,100,4295,1,0
C,E,E,9775,100,9775,1,0
D,E,E,9693,100,9693,1,0
E,F,E,3689,100,3689,1,0
E,G,E,9903,100,9903,1,0
E,H,E,9680,100,9680,1,0
A,F,F,3533,100,3533,1,0
B,F,F,1409,100,1409,1,0
C,F,F,7233,100,7233,1,0
D,F,F,6357,100,6357,1,0
E,F,F,3697,100,3697,1,0
F,G,F,7351,100,7351,1,0
F,H,F,6281,100,6281,1,0
A,G,G,9648,100,9648,1,0
B,G,G,7187,100,7187,1,0
C,G,G,1612,100,1612,1,0
D,G,G,9243,100,9243,1,0
E,G,G,9940,100,9940,1,0
F,G,G,7370,100,7370,1,0
G,H,G,9332,100,9332,1,0
A,H,H,9418,100,9418,1,0
B,H,H,6186,100,6186,1,0
C,H,H,9017,100,9017,1,0
D,H,H,1390,100,1390,1,0
E,H,H,9640,100,9640,1,0
F,H,H,6231,100,6231,1,0
G,H,H,9310,100,9310,1,0
A,B,A,3669,100,3669,1,0
A,C,A,9278,100,9278,1,0
A,D,A,9265,100,9265,1,0
A,E,A,1433,100,1433,1,0
A,F,A,3505,100,3505,1,0
A,G,A,9647,100,9647,1,0
A,H,A,9435,100,9435,1,0
A,B,B,3636,100,3636,1,0
B,C,B,6775,100,6775,1,0
B,D,B,5935,100,5935,1,0
B,E,B,4282,100,4282,1,0
B,F,B,1401,100,1401,1,0
B,G,B,7183,100,7183,1,0
B,H,B,6195,100,6195,1,0
A,C,C,9288,100,9288,1,0
B,C,C,6737,100,6737,1,0
C,D,C,8707,100,8707,1,0
C,E,C,9818,100,9818,1,0
C,F,C,7219,100,7219,1,0
C,G,C,1583,100,1583,1,0
C,H,C,9046,100,9046,1,0
A,D,D,9271,100,9271,1,0
B,D,D,5978,100,5978,1,0
C,D,D,8720,100,8720,1,0
D,E,D,9731,100,9731,1,0
D,F,D,6321,100,6321,1,0
D,G,D,9247,100,9247,1,0
D,H,D,1382,100,1382,1,0
A,E,E,1441,100,1441,1,0
B,E,E,4344,100,4344,1,0
C,E,E,9858,100,9858,1,0
D,E,E,9708,100,9708,1,0
E,F,E,3721,100,3721,1,0
E,G,E,9907,100,9907,1,0
E,H,E,9657,100,9657,1,0
A,F,F,3499,100,3499,1,0
B,F,F,1369,100,1369,1,0
C,F,F,7220,100,7220,1,0
D,F,F,6336,100,6336,1,0
E,F,F,3706,100,3706,1,0
F,G,F,7357,100,7357,1,0
F,H,F,6260,100,6260,1,0
A,G,G,9595,100,9595,1,0
B,G,G,7175,100,7175,1,0
C,G,G,1596,100,1596,1,0
D,G,G,9235,100,9235,1,0
E,G,G,9942,100,9942,1,0
F,G,G,7412,100,7412,1,0
G,H,G,9325,100,9325,1,0
A,H,H,9353,100,9353,1,0
B,H,H,6191,100,6191,1,0
C,H,H,9046,100,9046,1,0
D,H,H,1399,100,1399,1,0
E,H,H,9683,100,9683,1,0
F,H,H,6219,100,6219,1,0
G,H,H,9285,100,9285,1,0
A,B,A,3617,100,3617,1,0
A,C,A,9254,100,9254,1,0
A,D,A,9275,100,9275,1,0
A,E,A,1462,100,1462,1,0
A,F,A,3557,100,3557,1,0
A,G,A,9583,100,9583,1,0
A,H,A,9415,100,9415,1,0
A,B,B,3628,100,3628,1,0
B,C,B,6759,100,6759,1,0
B,D,B,5956,100,5956,1,0
B,E,B,4291,100,4291,1,0
B,F,B,1403,100,1403,1,0
B,G,B,7195,100,7195,1,0
B,H,B,6223,100,6223,1,0
A,C,C,9272,100,9272,1,0
B,C,C,6751,100,6751,1,0
C,D,C,8747,100,8747,1,0
C,E,C,9821,100,9821,1,0
C,F,C,7207,100,7207,1,0
C,G,C,1552,100,1552,1,0
C,H,C,9056,100,9056,1,0
A,D,D,9257,100,9257,1,0
B,D,D,5941,100,5941,1,0
C,D,D,8691,100,8691,1,0
D,E,D,9748,100,9748,1,0
D,F,D,6346,100,6346,1,0
D,G,D,9260,100,9260,1,0
D,H,D,1378,100,1378,1,0
A,E,E,1478,100,1478,1,0
B,E,E,4297,100,4297,1,0
C,E,E,9821,100,9821,1,0
D,E,E,9635,100,9635,1,0
E,F,E,3702,100,3702,1,0
E,G,E,9942,100,9942,1,0
E,H,E,9623,100,9623,1,0
A,F,F,3557,100,3557,1,0
B,F,F,1376,100,1376,1,0
C,F,F,7200,100,7200,1,0
D,F,F,6361,100,6361,1,0
E,F,F,3664,100,3664,1,0
F,G,F,7355,100,7355,1,0
F,H,F,6250,100,6250,1,0
A,G,G,9578,100,9578,1,0
B,G,G,7182,100,7182,1,0
C,G,G,1598,100,1598,1,0
D,G,G,9227,100,9227,1,0
E,G,G,9926,100,9926,1,0
F,G,G,7365,100,7365,1,0
G,H,G,9308,100,9308,1,0
A,H,H,9388,100,9388,1,0
B,H,H,6180,100,6180,1,0
C,H,H,9062,100,9062,1,0
D,H,H,1412,100,1412,1,0
E,H,H,9661,100,9661,1,0
F,H,H,6272,100,6272,1,0
G,H,H,9337,100,9337,1,0
A,B,A,3623,100,3623,1,0
A,C,A,9267,100,9267,1,0
A,D,A,9254,100,9254,1,0
A,E,A,1412,100,1412,1,0
A,F,A,3535,100,3535,1,0
A,G,A,9613,100,9613,1,0
A,H,A,9417,100,9417,1,0
A,B,B,3681,100,3681,1,0
B,C,B,6724,100,6724,1,0
B,D,B,5944,100,5944,1,0
B,E,B,4300,100,4300,1,0
B,F,B,1378,100,1378,1,0
B,G,B,7206,100,7206,1,0
B,H,B,6217,100,6217,1,0
A,C,C,9321,100,9321,1,0
B,C,C,6765,100,6765,1,0
C,D,C,8735,100,8735,1,0
C,E,C,9820,100,9820,1,0
C,F,C,7220,100,7220,1,0
C,G,C,1573,100,1573,1,0
C,H,C,9051,100,9051,1,0
A,D,D,9242,100,9242,1,0
B,D,D,5948,100,5948,1,0
C,D,D,8753,100,8753,1,0
D,E,D,9724,100,9724,1,0
D,F,D,6362,100,6362,1,0
D,G,D,9207,100,9207,1,0
D,H,D,1431,100,1431,1,0
A,E,E,1483,100,1483,1,0
B,E,E,4292,100,4292,1,0
C,E,E,9773,100,9773,1,0
D,E,E,9704,100,9704,1,0
E,F,E,3697,100,3697,1,0
E,G,E,9911,100,9911,1,0
E,H,E,9665,100,9665,1,0
A,F,F,3529,100,3529,1,0
B,F,F,1394,100,1394,1,0
C,F,F,7236,100,7236,1,0
D,F,F,6325,100,6325,1,0
E,F,F,3702,100,3702,1,0
F,G,F,7370,100,7370,1,0
F,H,F,6285,100,6285,1,0
A,G,G,9634,100,9634,1,0
B,G,G,7220,100,7220,1,0
C,G,G,1571,100,1571,1,0
D,G,G,9232,100,9232,1,0
E,G,G,9895,100,9895,1,0
F,G,G,7372,100,7372,1,0
G,H,G,9329,100,9329,1,0
A,H,H,9390,100,9390,1,0
B,H,H,6223,100,6223,1,0
C,H,H,9002,100,9002,1,0
D,H,H,1443,100,1443,1,0
E,H,H,9676,100,9676,1,0
F,H,H,6270,100,6270,1,0
G,H,H,9282,100,9282,1,0
A,B,A,3651,100,3651,1,0
A,C,A,9339,100,9339,1,0
A,D,A,9264,100,9264,1,0
A,E,A,1449,100,1449,1,0
A,F,A,3525,100,3525,1,0
A,G,A,9603,100,9603,1,0
A,H,A,9397,100,9397,1,0
A,B,B,3660,100,3660,1,0
B,C,B,6765,100,6765,1,0
B,D,B,5936,100,5936,1,0
B,E,B,4314,100,4314,1,0
B,F,B,1414,100,1414,1,0
B,G,B,7146,100,7146,1,0
B,H,B,6167,100,6167,1,0
A,C,C,9279,100,9279,1,0
B,C,C,6733,100,6733,1,0
C,D,C,8727,100,8727,1,0
C,E,C,9838,100,9838,1,0
C,F,C,7186,100,7186,1,0
C,G,C,1550,100,1550,1,0
C,H,C,9038,100,9038,1,0
A,D,D,9303,100,9303,1,0
B,D,D,5964,100,5964,1,0
C,D,D,8705,100,8705,1,0
D,E,D,9716,100,9716,1,0
D,F,D,6329,100,6329,1,0
D,G,D,9194,100,9194,1,0
D,H,D,1407,100,1407,1,0
A,E,E,1458,100,1458,1,0
B,E,E,4293,100,4293,1,0
C,E,E,9844,100,9844,1,0
D,E,E,9772,100,9772,1,0
E,F,E,3662,100,3662,1,0
E,G,E,9907,100,9907,1,0
E,H,E,9678,100,9678,1,0
A,F,F,3554,100,3554,1,0
B,F,F,1393,100,1393,1,0
C,F,F,7221,100,7221,1,0
D,F,F,6369,100,6369,1,0
E,F,F,3695,100,3695,1,0
F,G,F,7386,100,7386,1,0
F,H,F,6284,100,6284,1,0
A,G,G,9637,100,9637,1,0
B,G,G,7191,100,7191,1,0
C,G,G,1597,100,1597,1,0
D,G,G,9236,100,9236,1,0
E,G,G,9927,100,9927,1,0
F,G,G,7372,100,7372,1,0
G,H,G,9336,100,9336,1,0
A,H,H,9409,100,9409,1,0
B,H,H,6122,100,6122,1,0
C,H,H,9055,100,9055,1,0
D,H,H,1472,100,1472,1,0
E,H,H,9638,100,9638,1,0
F,H,H,6271,100,6271,1,0
G,H,H,9329,100,9329,1,0
A,B,A,3630,100,3630,1,0
A,C,A,9334,100,9334,1,0
A,D,A,9250,100,9250,1,0
A,E,A,1404,100,1404,1,0
A,F,A,3471,100,3471,1,0
A,G,A,9635,100,9635,1,0
A,H,A,9419,100,9419,1,0
A,B,B,3684,100,3684,1,0
B,C,B,6746,100,6746,1,0
B,D,B,5981,100,5981,1,0
B,E,B,4349,100,4349,1,0
B,F,B,1394,100,1394,1,0
B,G,B,7160,100,7160,1,0
B,H,B,6195,100,6195,1,0
A,C,C,9278,100,9278,1,0
B,C,C,6736,100,6736,1,0
C,D,C,8713,100,8713,1,0
C,E,C,9815,100,9815,1,0
C,F,C,7176,100,7176,1,0
C,G,C,1587,100,1587,1,0
C,H,C,9123,100,9123,1,0
A,D,D,9295,100,9295,1,0
B,D,D,5965,100,5965,1,0
C,D,D,8749,100,8749,1,0
D,E,D,9794,100,9794,1,0
D,F,D,6346,100,6346,1,0
D,G,D,9262,100,9262,1,0
D,H,D,1469,100,1469,1,0
A,E,E,1437,100,1437,1,0
B,E,E,4274,100,4274,1,0
C,E,E,9822,100,9822,1,0
D,E,E,9740,100,9740,1,0
E,F,E,3687,100,3687,1,0
E,G,E,9922,100,9922,1,0
E,H,E,9673,100,9673,1,0
A,F,F,3509,100,3509,1,0
B,F,F,1364,100,1364,1,0
C,F,F,7221,100,7221,1,0
D,F,F,6310,100,6310,1,0
E,F,F,3760,100,3760,1,0
F,G,F,7367,100,7367,1,0
F,H,F,6274,100,6274,1,0
A,G,G,9625,100,9625,1,0
B,G,G,7185,100,7185,1,0
C,G,G,1566,100,1566,1,0
D,G,G,9233,100,9233,1,0
E,G,G,9926,100,9926,1,0
F,G,G,7318,100,7318,1,0
G,H,G,9347,100,9347,1,0
A,H,H,9427,100,9427,1,0
B,H,H,6247,100,6247,1,0
C,H,H,9099,100,9099,1,0
D,H,H,1408,100,1408,1,0
E,H,H,9679,100,9679,1,0
F,H,H,6229,100,6229,1,0
G,H,H,9296,100,9296,1,0
A,B,A,3621,100,3621,1,0
A,C,A,9285,100,9285,1,0
A,D,A,9264,100,9264,1,0
A,E,A,1470,100,1470,1,0
A,F,A,3516,100,3516,1,0
A,G,A,9583,100,9583,1,0
A,H,A,9373,100,9373,1,0
A,B,B,3602,100,3602,1,0
B,C,B,6751,100,6751,1,0
B,D,B,5953,100,5953,1,0
B,E,B,4363,100,4363,1,0
B,F,B,1389,100,1389,1,0
B,G,B,7200,100,7200,1,0
B,H,B,6153,100,6153,1,0
A,C,C,9263,100,9263,1,0
B,C,C,6777,100,6777,1,0
C,D,C,8736,100,8736,1,0
C,E,C,9847,100,9847,1,0
C,F,C,7205,100,7205,1,0
C,G,C,1624,100,1624,1,0
C,H,C,9030,100,9030,1,0
A,D,D,9259,100,9259,1,0
B,D,D,5976,100,5976,1,0
C,D,D,8739,100,8739,1,0
D,E,D,9707,100,9707,1,0
D,F,D,6306,100,6306,1,0
D,G,D,9210,100,9210,1,0
D,H,D,1395,100,1395,1,0
A,E,E,1437,100,1437,1,0
B,E,E,4324,100,4324,1,0
C,E,E,9773,100,9773,1,0
D,E,E,9735,100,9735,1,0
E,F,E,3707,100,3707,1,0
E,G,E,9907,100,9907,1,0
E,H,E,9631,100,9631,1,0
A,F,F,3535,100,3535,1,0
B,F,F,1412,100,1412,1,0
C,F,F,7229,100,7229,1,0
D,F,F,6351,100,6351,1,0
E,F,F,3709,100,3709,1,0
F,G,F,7349,100,7349,1,0
F,H,F,6245,100,6245,1,0
A,G,G,9612,100,9612,1,0
B,G,G,7203,100,7203,1,0
C,G,G,1536,100,1536,1,0
D,G,G,9239,100,9239,1,0
E,G,G,9915,100,9915,1,0
F,G,G,7365,100,7365,1,0
G,H,G,9287,100,9287,1,0
A,H,H,9413,100,9413,1,0
B,H,H,6226,100,6226,1,0
C,H,H,9086,100,9086,1,0
D,H,H,1463,100,1463,1,0
E,H,H,9643,100,9643,1,0
F,H,H,6264,100,6264,1,0
G,H,H,9287,100,9287,1,0
A,B,A,3665,100,3665,1,0
A,C,A,9304,100,9304,1,0
A,D,A,9277,100,9277,1,0
A,E,A,1461,100,1461,1,0
A,F,A,3542,100,3542,1,0
A,G,A,9604,100,9604,1,0
A,H,A,9390,100,9390,1,0
A,B,B,3618,100,3618,1,0
B,C,B,6732,100,6732,1,0
B,D,B,5938,100,5938,1,0
B,E,B,4306,100,4306,1,0
B,F,B,1378,100,1378,1,0
B,G,B,7185,100,7185,1,0
B,H,B,6172,100,6172,1,0
A,C,C,9266,100,9266,1,0
B,C,C,6752,100,6752,1,0
C,D,C,8734,100,8734,1,0
C,E,C,9815,100,9815,1,0
C,F,C,7210,100,7210,1,0
C,G,C,1637,100,1637,1,0
C,H,C,9040,100,9040,1,0
A,D,D,9306,100,9306,1,0
B,D,D,5926,100,5926,1,0
C,D,D,8709,100,8709,1,0
D,E,D,9748,100,9748,1,0
D,F,D,6365,100,6365,1,0
D,G,D,9264,100,9264,1,0
D,H,D,1425,100,1425,1,0
A,E,E,1410,100,1410,1,0
B,E,E,4262,100,4262,1,0
C,E,E,9875,100,9875,1,0
D,E,E,9725,100,9725,1,0
E,F,E,3685,100,3685,1,0
E,G,E,9942,100,9942,1,0
E,H,E,9657,100,9657,1,0
A,F,F,3511,100,3511,1,0
B,F,F,1372,100,1372,1,0
C,F,F,7245,100,7245,1,0
D,F,F,6355,100,6355,1,0
E,F,F,3696,100,3696,1,0
F,G,F,7377,100,7377,1,0
F,H,F,6217,100,6217,1,0
A,G,G,9593,100,9593,1,0
B,G,G,7183,100,7183,1,0
C,G,G,1587,100,1587,1,0
D,G,G,9264,100,9264,1,0
E,G,G,9916,100,9916,1,0
F,G,G,7376,100,7376,1,0
G,H,G,9353,100,9353,1,0
A,H,H,9427,100,9427,1,0
B,H,H,6250,100,6250,1,0
C,H,H,9062,100,9062,1,0
D,H,H,1424,100,1424,1,0
E,H,H,9652,100,9652,1,0
F,H,H,6236,100,6236,1,0
G,H,H,9297,100,9297,1,0
A,B,A,3644,100,3644,1,0
A,C,A,9276,100,9276,1,0
A,D,A,9270,100,9270,1,0
A,E,A,1449,100,1449,1,0
A,F,A,3542,100,3542,1,0
A,G,A,9579,100,9579,1,0
A,H,A,9430,100,9430,1,0
A,B,B,3598,100,3598,1,0
B,C,B,6738,100,6738,1,0
B,D,B,5908,100,5908,1,0
B,E,B,4334,100,4334,1,0
B,F,B,1411,100,1411,1,0
B,G,B,7190,100,7190,1,0
B,H,B,6188,100,6188,1,0
A,C,C,9280,100,9280,1,0
B,C,C,6740,100,6740,1,0
C,D,C,8767,100,8767,1,0
C,E,C,9853,100,9853,1,0
C,F,C,7204,100,7204,1,0
C,G,C,1571,100,1571,1,0
C,H,C,9101,100,9101,1,0
A,D,D,9272,100,9272,1,0
B,D,D,5936,100,5936,1,0
C,D,D,8728,100,8728,1,0
D,E,D,9725,100,9725,1,0
D,F,D,6343,100,6343,1,0
D,G,D,9235,100,9235,1,0
D,H,D,1425,100,1425,1,0
A,E,E,1460,100,1460,1,0
B,E,E,4288,100,4288,1,0
C,E,E,9769,100,9769,1,0
D,E,E,9665,100,9665,1,0
E,F,E,3711,100,3711,1,0
E,G,E,9917,100,9917,1,0
E,H,E,9666,100,9666,1,0
A,F,F,3572,100,3572,1,0
B,F,F,1379,100,1379,1,0
C,F,F,7233,100,7233,1,0
D,F,F,6343,100,6343,1,0
E,F,F,3682,100,3682,1,0
F,G,F,7349,100,7349,1,0
F,H,F,6283,100,6283,1,0
A,G,G,9637,100,9637,1,0
B,G,G,7162,100,7162,1,0
C,G,G,1563,100,1563,1,0
D,G,G,9237,100,9237,1,0
E,G,G,9903,100,9903,1,0
F,G,G,7368,100,7368,1,0
G,H,G,9340,100,9340,1,0
A,H,H,9471,100,9471,1,0
B,H,H,6172,100,6172,1,0
C,H,H,9070,100,9070,1,0
D,H,H,1423,100,1423,1,0
E,H,H,9643,100,9643,1,0
F,H,H,6263,100,6263,1,0
G,H,H,9325,100,9325,1,0
A,B,A,3633,100,3633,1,0
A,C,A,9266,100,9266,1,0
A,D,A,9260,100,9260,1,0
A,E,A,1425,100,1425,1,0
A,F,A,3511,100,3511,1,0
A,G,A,9600,100,9600,1,0
A,H,A,9400,100,9400,1,0
A,B,B,3658,100,3658,1,0
B,C,B,6725,100,6725,1,0
B,D,B,5968,100,5968,1,0
B,E,B,4301,100,4301,1,0
B,F,B,1414,100,1414,1,0
B,G,B,7190,100,7190,1,0
B,H,B,6219,100,6219,1,0
A,C,C,9325,100,9325,1,0
B,C,C,6775,100,6775,1,0
C,D,C,8747,100,8747,1,0
C,E,C,9823,100,9823,1,0
C,F,C,7216,100,7216,1,0
C,G,C,1596,100,1596,1,0
C,H,C,9106,100,9106,1,0
A,D,D,9258,100,9258,1,0
B,D,D,5977,100,5977,1,0
C,D,D,8731,100,8731,1,0
D,E,D,9730,100,9730,1,0
D,F,D,6350,100,6350,1,0
D,G,D,9218,100,9218,1,0
D,H,D,1396,100,1396,1,0
A,E,E,1427,100,1427,1,0
B,E,E,4328,100,4328,1,0
C,E,E,9805,100,9805,1,0
D,E,E,9730,100,9730,1,0
E,F,E,3714,100,3714,1,0
E,G,E,9926,100,9926,1,0
E,H,E,9618,100,9618,1,0
A,F,F,3507,100,3507,1,0
B,F,F,1413,100,1413,1,0
C,F,F,7224,100,7224,1,0
D,F,F,6324,100,6324,1,0
E,F,F,3707,100,3707,1,0
F,G,F,7368,100,7368,1,0
F,H,F,6253,100,6253,1,0
A,G,G,9611,100,9611,1,0
B,G,G,7214,100,7214,1,0
C,G,G,1619,100,1619,1,0
D,G,G,9182,100,9182,1,0
E,G,G,9929,100,9929,1,0
F,G,G,7384,100,7384,1,0
G,H,G,9335,100,9335,1,0
A,H,H,9452,100,9452,1,0
B,H,H,6210,100,6210,1,0
C,H,H,9016,100,9016,1,0
D,H,H,1419,100,1419,1,0
E,H,H,9678,100,9678,1,0
F,H,H,6270,100,6270,1,0
G,H,H,9300,100,9300,1,0
A,B,A,3655,100,3655,1,0
A,C,A,9308,100,9308,1,0
A,D,A,9295,100,9295,1,0
A,E,A,1452,100,1452,1,0
A,F,A,3503,100,3503,1,0
A,G,A,9617,100,9617,1,0
A,H,A,9373,100,9373,1,0
A,B,B,3621,100,3621,1,0
B,C,B,6745,100,6745,1,0
B,D,B,5938,100,5938,1,0
B,E,B,4267,100,4267,1,0
B,F,B,1403,100,1403,1,0
B,G,B,7190,100,7190,1,0
B,H,B,6219,100,6219,1,0
A,C,C,9257,100,9257,1,0
B,C,C,6704,100,6704,1,0
C,D,C,8692,100,8692,1,0
C,E,C,9831,100,9831,1,0
C,F,C,7166,100,7166,1,0
C,G,C,1560,100,1560,1,0
C,H,C,9056,100,9056,1,0
A,D,D,9252,100,9252,1,0
B,D,D,5958,100,5958,1,0
C,D,D,8710,100,8710,1,0
D,E,D,9752,100,9752,1,0
D,F,D,6335,100,6335,1,0
D,G,D,9223,100,9223,1,0
D,H,D,1431,100,1431,1,0
A,E,E,1406,100,1406,1,0
B,E,E,4275,100,4275,1,0
C,E,E,9781,100,9781,1,0
D,E,E,9732,100,9732,1,0
E,F,E,3697,100,3697,1,0
E,G,E,9925,100,9925,1,0
E,H,E,9666,100,9666,1,0
A,F,F,3551,100,3551,1,0
B,F,F,1386,100,1386,1,0
C,F,F,7185,100,7185,1,0
D,F,F,6385,100,6385,1,0
E,F,F,3697,100,3697,1,0
F,G,F,7374,100,7374,1,0
F,H,F,6267,100,6267,1,0
A,G,G,9608,100,9608,1,0
B,G,G,7173,100,7173,1,0
C,G,G,1590,100,1590,1,0
D,G,G,9214,100,9214,1,0
E,G,G,9903,100,9903,1,0
F,G,G,7358,100,7358,1,0
G,H,G,9338,100,9338,1,0
A,H,H,9432,100,9432,1,0
B,H,H,6183,100,6183,1,0
C,H,H,9036,100,9036,1,0
D,H,H,1441,100,1441,1,0
E,H,H,9635,100,9635,1,0
F,H,H,6249,100,6249,1,0
G,H,H,9354,100,9354,1,0
A,B,A,3666,100,3666,1,0
A,C,A,9259,100,9259,1,0
A,D,A,9282,100,9282,1,0
A,E,A,1459,100,1459,1,0
A,F,A,3456,100,3456,1,0
A,G,A,9578,100,9578,1,0
A,H,A,9405,100,9405,1,0
A,B,B,3595,100,3595,1,0
B,C,B,6736,100,6736,1,0
B,D,B,5931,100,5931,1,0
B,E,B,4330,100,4330,1,0
B,F,B,1426,100,1426,1,0
B,G,B,7181,100,7181,1,0
B,H,B,6250,100,6250,1,0
A,C,C,9302,100,9302,1,0
B,C,C,6743,100,6743,1,0
C,D,C,8747,100,8747,1,0
C,E,C,9806,100,9806,1,0
C,F,C,7206,100,7206,1,0
C,G,C,1616,100,1616,1,0
C,H,C,9020,100,9020,1,0
A,D,D,9280,100,9280,1,0
B,D,D,5952,100,5952,1,0
C,D,D,8763,100,8763,1,0
D,E,D,9743,100,9743,1,0
D,F,D,6397,100,6397,1,0
D,G,D,9258,100,9258,1,0
D,H,D,1421,100,1421,1,0
A,E,E,1420,100,1420,1,0
B,E,E,4324,100,4324,1,0
C,E,E,9862,100,9862,1,0
D,E,E,9654,100,9654,1,0
E,F,E,3704,100,3704,1,0
E,G,E,9929,100,9929,1,0
E,H,E,9682,100,9682,1,0
A,F,F,3497,100,3497,1,0
B,F,F,1393,100,1393,1,0
C,F,F,7199,100,7199,1,0
D,F,F,6341,100,6341,1,0
E,F,F,3697,100,3697,1,0
F,G,F,7370,100,7370,1,0
F,H,F,6253,100,6253,1,0
A,G,G,9602,100,9602,1,0
B,G,G,7184,100,7184,1,0
C,G,G,1521,100,1521,1,0
D,G,G,9230,100,9230,1,0
E,G,G,9895,100,9895,1,0
F,G,G,7374,100,7374,1,0
G,H,G,9319,100,9319,1,0
A,H,H,9374,100,9374,1,0
B,H,H,6197,100,6197,1,0
C,H,H,9078,100,9078,1,0
D,H,H,1406,100,1406,1,0
E,H,H,9654,100,9654,1,0
F,H,H,6273,100,6273,1,0
G,H,H,9329,100,9329,1,0
A,B,A,3644,100,3644,1,0
A,C,A,9280,100,9280,1,0
A,D,A,9269,100,9269,1,0
A,E,A,1435,100,1435,1,0
A,F,A,3547,100,3547,1,0
A,G,A,9646,100,9646,1,0
A,H,A,9417,100,9417,1,0
A,B,B,3683,100,3683,1,0
B,C,B,6718,100,6718,1,0
B,D,B,5930,100,5930,1,0
B,E,B,4338,100,4338,1,0
B,F,B,1409,100,1409,1,0
B,G,B,7196,100,7196,1,0
B,H,B,6209,100,6209,1,0
A,C,C,9300,100,9300,1,0
B,C,C,6719,100,6719,1,0
C,D,C,8709,100,8709,1,0
C,E,C,9809,100,9809,1,0
C,F,C,7232,100,7232,1,0
C,G,C,1521,100,1521,1,0
C,H,C,9029,100,9029,1,0
A,D,D,9233,100,9233,1,0
B,D,D,5970,100,5970,1,0
C,D,D,8735,100,8735,1,0
D,E,D,9763,100,9763,1,0
D,F,D,6370,100,6370,1,0
D,G,D,9273,100,9273,1,0
D,H,D,1377,100,1377,1,0
A,E,E,1425,100,1425,1,0
B,E,E,4306,100,4306,1,0
C,E,E,9812,100,9812,1,0
D,E,E,9764,100,9764,1,0
E,F,E,3718,100,3718,1,0
E,G,E,9936,100,9936,1,0
E,H,E,9646,100,9646,1,0
A,F,F,3511,100,3511,1,0
B,F,F,1397,100,1397,1,0
C,F,F,7205,100,7205,1,0
D,F,F,6375,100,6375,1,0
E,F,F,3673,100,3673,1,0
F,G,F,7358,100,7358,1,0
F,H,F,6219,100,6219,1,0
A,G,G,9608,100,9608,1,0
B,G,G,7138,100,7138,1,0
C,G,G,1551,100,1551,1,0
D,G,G,9211,100,9211,1,0
E,G,G,9906,100,9906,1,0
F,G,G,7350,100,7350,1,0
G,H,G,9317,100,9317,1,0
A,H,H,9406,100,9406,1,0
B,H,H,6193,100,6193,1,0
C,H,H,9072,100,9072,1,0
D,H,H,1449,100,1449,1,0
E,H,H,9653,100,9653,1,0
F,H,H,6254,100,6254,1,0
G,H,H,9343,100,9343,1,0
A,B,A,3669,100,3669,1,0
A,C,A,9249,100,9249,1,0
A,D,A,9245,100,9245,1,0
A,E,A,1445,100,1445,1,0
A,F,A,3520,100,3520,1,0
A,G,A,9645,100,9645,1,0
A,H,A,9397,100,9397,1,0
A,B,B,3611,100,3611,1,0
B,C,B,6754,100,6754,1,0
B,D,B,5960,100,5960,1,0
B,E,B,4282,100,4282,1,0
B,F,B,1393,100,1393,1,0
B,G,B,7186,100,7186,1,0
B,H,B,6247,100,6247,1,0
A,C,C,9270,100,9270,1,0
B,C,C,6746,100,6746,1,0
C,D,C,8689,100,8689,1,0
C,E,C,9810,100,9810,1,0
C,F,C,7202,100,7202,1,0
C,G,C,1597,100,1597,1,0
C,H,C,9037,100,9037,1,0
A,D,D,9271,100,9271,1,0
B,D,D,5943,100,5943,1,0
C,D,D,8733,100,8733,1,0
D,E,D,9756,100,9756,1,0
D,F,D,6381,100,6381,1,0
D,G,D,9229,100,9229,1,0
D,H,D,1415,100,1415,1,0
A,E,E,1449,100,1449,1,0
B,E,E,4361,100,4361,1,0
C,E,E,9769,100,9769,1,0
D,E,E,9723,100,9723,1,0
E,F,E,3718,100,3718,1,0
E,G,E,9906,100,9906,1,0
E,H,E,9654,100,9654,1,0
A,F,F,3510,100,3510,1,0
B,F,F,1398,100,1398,1,0
C,F,F,7213,100,7213,1,0
D,F,F,6372,100,6372,1,0
E,F,F,3690,100,3690,1,0
F,G,F,7371,100,7371,1,0
F,H,F,6282,100,6282,1,0
A,G,G,9547,100,9547,1,0
B,G,G,7232,100,7232,1,0
C,G,G,1570,100,1570,1,0
D,G,G,9271,100,9271,1,0
E,G,G,9909,100,9909,1,0
F,G,G,7382,100,7382,1,0
G,H,G,9312,100,9312,1,0
A,H,H,9439,100,9439,1,0
B,H,H,6158,100,6158,1,0
C,H,H,9056,100,9056,1,0
D,H,H,1461,100,1461,1,0
E,H,H,9683,100,9683,1,0
F,H,H,6267,100,6267,1,0
G,H,H,9302,100,9302,1,0
A,B,A,3641,100,3641,1,0
A,C,A,9304,100,9304,1,0
A,D,A,9267,100,9267,1,0
A,E,A,1396,100,1396,1,0
A,F,A,3508,100,3508,1,0
A,G,A,9626,100,9626,1,0
A,H,A,9440,100,9440,1,0
A,B,B,3635,100,3635,1,0
B,C,B,6721,100,6721,1,0
B,D,B,5962,100,5962,1,0
B,E,B,4256,100,4256,1,0
B,F,B,1387,100,1387,1,0
B,G,B,7190,100,7190,1,0
B,H,B,6170,100,6170,1,0
A,C,C,9261,100,9261,1,0
B,C,C,6724,100,6724,1,0
C,D,C,8733,100,8733,1,0
C,E,C,9791,100,9791,1,0
C,F,C,7211,100,7211,1,0
C,G,C,1586,100,1586,1,0
C,H,C,8998,100,8998,1,0
A,D,D,9277,100,9277,1,0
B,D,D,5977,100,5977,1,0
C,D,D,8750,100,8750,1,0
D,E,D,9764,100,9764,1,0
D,F,D,6334,100,6334,1,0
D,G,D,9253,100,9253,1,0
D,H,D,1365,100,1365,1,0
A,E,E,1466,100,1466,1,0
B,E,E,4307,100,4307,1,0
C,E,E,9829,100,9829,1,0
D,E,E,9722,100,9722,1,0
E,F,E,3706,100,3706,1,0
E,G,E,9913,100,9913,1,0
E,H,E,9610,100,9610,1,0
A,F,F,3544,100,3544,1,0
B,F,F,1402,100,1402,1,0
C,F,F,7214,100,7214,1,0
D,F,F,6323,100,6323,1,0
E,F,F,3694,100,3694,1,0
F,G,F,7380,100,7380,1,0
F,H,F,6260,100,6260,1,0
A,G,G,9622,100,9622,1,0
B,G,G,7204,100,7204,1,0
C,G,G,1584,100,1584,1,0
D,G,G,9255,100,9255,1,0
E,G,G,9940,100,9940,1,0
F,G,G,7355,100,7355,1,0
G,H,G,9286,100,9286,1,0
A,H,H,9376,100,9376,1,0
B,H,H,6199,100,6199,1,0
C,H,H,9029,100,9029,1,0
D,H,H,1404,100,1404,1,0
E,H,H,9644,100,9644,1,0
F,H,H,6282,100,6282,1,0
G,H,H,9295,100,9295,1,0
A,B,A,3625,100,3625,1,0
A,C,A,9245,100,9245,1,0
A,D,A,9264,100,9264,1,0
A,E,A,1436,100,1436,1,0
A,F,A,3525,100,3525,1,0
A,G,A,9630,100,9630,1,0
A,H,A,9405,100,9405,1,0
A,B,B,3653,100,3653,1,0
B,C,B,6702,100,6702,1,0
B,D,B,6016,100,6016,1,0
B,E,B,4312,100,4312,1,0
B,F,B,1403,100,1403,1,0
B,G,B,7170,100,7170,1,0
B,H,B,6215,100,6215,1,0
A,C,C,9327,100,9327,1,0
B,C,C,6708,100,6708,1,0
C,D,C,8743,100,8743,1,0
C,E,C,9823,100,9823,1,0
C,F,C,7218,100,7218,1,0
C,G,C,1606,100,1606,1,0
C,H,C,9079,100,9079,1,0
A,D,D,9273,100,9273,1,0
B,D,D,6003,100,6003,1,0
C,D,D,8731,100,8731,1,0
D,E,D,9700,100,9700,1,0
D,F,D,6332,100,6332,1,0
D,G,D,9215,100,9215,1,0
D,H,D,1458,100,1458,1,0
A,E,E,1480,100,1480,1,0
B,E,E,4286,100,4286,1,0
C,E,E,9853,100,9853,1,0
D,E,E,9787,100,9787,1,0
E,F,E,3684,100,3684,1,0
E,G,E,9928,100,9928,1,0
E,H,E,9666,100,9666,1,0
A,F,F,3511,100,3511,1,0
B,F,F,1410,100,1410,1,0
C,F,F,7213,100,7213,1,0
D,F,F,6387,100,6387,1,0
E,F,F,3687,100,3687,1,0
F,G,F,7375,100,7375,1,0
F,H,F,6256,100,6256,1,0
A,G,G,9605,100,9605,1,0
B,G,G,7242,100,7242,1,0
C,G,G,1547,100,1547,1,0
D,G,G,9217,100,9217,1,0
E,G,G,9939,100,9939,1,0
F,G,G,7371,100,7371,1,0
G,H,G,9257,100,9257,1,0
A,H,H,9392,100,9392,1,0
B,H,H,6202,100,6202,1,0
C,H,H,9019,100,9019,1,0
D,H,H,1438,100,1438,1,0
E,H,H,9664,100,9664,1,0
F,H,H,6257,100,6257,1,0
G,H,H,9300,100,9300,1,0
A,B,A,3628,100,3628,1,0
A,C,A,9258,100,9258,1,0
A,D,A,9295,100,9295,1,0
A,E,A,1427,100,1427,1,0
A,F,A,3521,100,3521,1,0
A,G,A,9605,100,9605,1,0
A,H,A,9440,100,9440,1,0
A,B,B,3636,100,3636,1,0
B,C,B,6721,100,6721,1,0
B,D,B,5921,100,5921,1,0
B,E,B,4299,100,4299,1,0
B,F,B,1391,100,1391,1,0
B,G,B,7210,100,7210,1,0
B,H,B,6247,100,6247,1,0
A,C,C,9284,100,9284,1,0
B,C,C,6741,100,6741,1,0
C,D,C,8716,100,8716,1,0
C,E,C,9818,100,9818,1,0
C,F,C,7220,100,7220,1,0
C,G,C,1553,100,1553,1,0
C,H,C,9042,100,9042,1,0
A,D,D,9272,100,9272,1,0
B,D,D,5956,100,5956,1,0
C,D,D,8763,100,8763,1,0
D,E,D,9741,100,9741,1,0
D,F,D,6353,100,6353,1,0
D,G,D,9247,100,9247,1,0
D,H,D,1451,100,1451,1,0
A,E,E,1412,100,1412,1,0
B,E,E,4316,100,4316,1,0
C,E,E,9810,100,9810,1,0
D,E,E,9721,100,9721,1,0
E,F,E,3700,100,3700,1,0
E,G,E,9912,100,9912,1,0
E,H,E,9683,100,9683,1,0
A,F,F,3519,100,3519,1,0
B,F,F,1442,100,1442,1,0
C,F,F,7219,100,7219,1,0
D,F,F,6354,100,6354,1,0
E,F,F,3675,100,3675,1,0
F,G,F,7369,100,7369,1,0
F,H,F,6316,100,6316,1,0
A,G,G,9615,100,9615,1,0
B,G,G,7166,100,7166,1,0
C,G,G,1620,100,1620,1,0
D,G,G,9244,100,9244,1,0
E,G,G,9946,100,9946,1,0
F,G,G,7362,100,7362,1,0
G,H,G,9282,100,9282,1,0
A,H,H,9412,100,9412,1,0
B,H,H,6193,100,6193,1,0
C,H,H,9064,100,9064,1,0
D,H,H,1426,100,1426,1,0
E,H,H,9648,100,9648,1,0
F,H,H,6260,100,6260,1,0
G,H,H,9324,100,9324,1,0
A,B,A,3665,100,3665,1,0
A,C,A,9264,100,9264,1,0
A,D,A,9287,100,9287,1,0
A,E,A,1488,100,1488,1,0
A,F,A,3510,100,3510,1,0
A,G,A,9606,100,9606,1,0
A,H,A,9402,100,9402,1,0
A,B,B,3651,100,3651,1,0
B,C,B,6710,100,6710,1,0
B,D,B,6024,100,6024,1,0
B,E,B,4314,100,4314,1,0
B,F,B,1402,100,1402,1,0
B,G,B,7165,100,7165,1,0
B,H,B,6217,100,6217,1,0
A,C,C,9276,100,9276,1,0
B,C,C,6746,100,6746,1,0
C,D,C,8693,100,8693,1,0
C,E,C,9831,100,9831,1,0
C,F,C,7191,100,7191,1,0
C,G,C,1597,100,1597,1,0
C,H,C,9056,100,9056,1,0
A,D,D,9279,100,9279,1,0
B,D,D,5941,100,5941,1,0
C,D,D,8734,100,8734,1,0
D,E,D,9777,100,9777,1,0
D,F,D,6334,100,6334,1,0
D,G,D,9216,100,9216,1,0
D,H,D,1387,100,1387,1,0
A,E,E,1448,100,1448,1,0
B,E,E,4243,100,4243,1,0
C,E,E,9834,100,9834,1,0
D,E,E,9715,100,9715,1,0
E,F,E,3704,100,3704,1,0
E,G,E,9903,100,9903,1,0
E,H,E,9629,100,9629,1,0
A,F,F,3582,100,3582,1,0
B,F,F,1369,100,1369,1,0
C,F,F,7210,100,7210,1,0
D,F,F,6356,100,6356,1,0
E,F,F,3695,100,3695,1,0
F,G,F,7386,100,7386,1,0
F,H,F,6267,100,6267,1,0
A,G,G,9636,100,9636,1,0
B,G,G,7177,100,7177,1,0
C,G,G,1541,100,1541,1,0
D,G,G,9226,100,9226,1,0
E,G,G,9915,100,9915,1,0
F,G,G,7367,100,7367,1,0
G,H,G,9349,100,9349,1,0
A,H,H,9444,100,9444,1,0
B,H,H,6223,100,6223,1,0
C,H,H,9049,100,9049,1,0
D,H,H,1444,100,1444,1,0
E,H,H,9643,100,9643,1,0
F,H,H,6273,100,6273,1,0
G,H,H,9330,100,9330,1,0
A,B,A,3660,100,3660,1,0
A,C,A,9296,100,9296,1,0
A,D,A,9286,100,9286,1,0
A,E,A,1385,100,1385,1,0
A,F,A,3520,100,3520,1,0
A,G,A,9601,100,9601,1,0
A,H,A,9388,100,9388,1,0
A,B,B,3620,100,3620,1,0
B,C,B,6719,100,6719,1,0
B,D,B,5956,100,5956,1,0
B,E,B,4298,100,4298,1,0
B,F,B,1387,100,1387,1,0
B,G,B,7210,100,7210,1,0
B,H,B,6208,100,6208,1,0
A,C,C,9295,100,9295,1,0
B,C,C,6767,100,6767,1,0
C,D,C,8721,100,8721,1,0
C,E,C,9864,100,9864,1,0
C,F,C,7220,100,7220,1,0
C,G,C,1600,100,1600,1,0
C,H,C,9106,100,9106,1,0
A,D,D,9282,100,9282,1,0
B,D,D,5978,100,5978,1,0
C,D,D,8707,100,8707,1,0
D,E,D,9745,100,9745,1,0
D,F,D,6350,100,6350,1,0
D,G,D,9272,100,9272,1,0
D,H,D,1453,100,1453,1,0
A,E,E,1421,100,1421,1,0
B,E,E,4287,100,4287,1,0
C,E,E,9830,100,9830,1,0
D,E,E,9724,100,9724,1,0
E,F,E,3663,100,3663,1,0
E,G,E,9935,100,9935,1,0
E,H,E,9659,100,9659,1,0
A,F,F,3507,100,3507,1,0
B,F,F,1406,100,1406,1,0
C,F,F,7175,100,7175,1,0
D,F,F,6326,100,6326,1,0
E,F,F,3710,100,3710,1,0
F,G,F,7361,100,7361,1,0
F,H,F,6292,100,6292,1,0
A,G,G,9631,100,9631,1,0
B,G,G,7211,100,7211,1,0
C,G,G,1543,100,1543,1,0
D,G,G,9227,100,9227,1,0
E,G,G,9921,100,9921,1,0
F,G,G,7384,100,7384,1,0
G,H,G,9293,100,9293,1,0
A,H,H,9450,100,9450,1,0
B,H,H,6203,100,6203,1,0
C,H,H,9072,100,9072,1,0
D,H,H,1460,100,1460,1,0
E,H,H,9656,100,9656,1,0
F,H,H,6300,100,6300,1,0
G,H,H,9354,100,9354,1,0
A,B,A,3668,100,3668,1,0
A,C,A,9330,100,9330,1,0
A,D,A,9266,100,9266,1,0
A,E,A,1439,100,1439,1,0
A,F,A,3483,100,3483,1,0
A,G,A,9642,100,9642,1,0
A,H,A,9411,100,9411,1,0
A,B,B,3673,100,3673,1,0
B,C,B,6742,100,6742,1,0
B,D,B,5973,100,5973,1,0
B,E,B,4303,100,4303,1,0
B,F,B,1414,100,1414,1,0
B,G,B,7199,100,7199,1,0
B,H,B,6215,100,6215,1,0
A,C,C,9271,100,9271,1,0
B,C,C,6721,100,6721,1,0
C,D,C,8774,100,8774,1,0
C,E,C,9817,100,9817,1,0
C,F,C,7198,100,7198,1,0
C,G,C,1608,100,1608,1,0
C,H,C,9023,100,9023,1,0
A,D,D,9290,100,9290,1,0
B,D,D,5966,100,5966,1,0
C,D,D,8735,100,8735,1,0
D,E,D,9788,100,9788,1,0
D,F,D,6372,100,6372,1,0
D,G,D,9251,100,9251,1,0
D,H,D,1465,100,1465,1,0
A,E,E,1449,100,1449,1,0
B,E,E,4333,100,4333,1,0
C,E,E,9815,100,9815,1,0
D,E,E,9750,100,9750,1,0
E,F,E,3683,100,3683,1,0
E,G,E,9914,100,9914,1,0
E,H,E,9703,100,9703,1,0
A,F,F,3516,100,3516,1,0
B,F,F,1374,100,1374,1,0
C,F,F,7210,100,7210,1,0
D,F,F,6352,100,6352,1,0
E,F,F,3683,100,3683,1,0
F,G,F,7365,100,7365,1,0
F,H,F,6279,100,6279,1,0
A,G,G,9636,100,9636,1,0
B,G,G,7178,100,7178,1,0
C,G,G,1612,100,1612,1,0
D,G,G,9227,100,9227,1,0
E,G,G,9923,100,9923,1,0
F,G,G,7346,100,7346,1,0
G,H,G,9316,100,9316,1,0
A,H,H,9423,100,9423,1,0
B,H,H,6135,100,6135,1,0
C,H,H,9040,100,9040,1,0
D,H,H,1393,100,1393,1,0
E,H,H,9687,100,9687,1,0
F,H,H,6275,100,6275,1,0
G,H,H,9346,100,9346,1,0
A,B,A,3683,100,3683,1,0
A,C,A,9268,100,9268,1,0
A,D,A,9259,100,9259,1,0
A,E,A,1473,100,1473,1,0
A,F,A,3522,100,3522,1,0
A,G,A,9574,100,9574,1,0
A,H,A,9370,100,9370,1,0
A,B,B,3620,100,3620,1,0
B,C,B,6725,100,6725,1,0
B,D,B,5952,100,5952,1,0
B,E,B,4313,100,4313,1,0
B,F,B,1402,100,1402,1,0
B,G,B,7206,100,7206,1,0
B,H,B,6245,100,6245,1,0
A,C,C,9387,100,9387,1,0
B,C,C,6756,100,6756,1,0
C,D,C,8757,100,8757,1,0
C,E,C,9839,100,9839,1,0
C,F,C,7190,100,7190,1,0
C,G,C,1590,100,1590,1,0
C,H,C,9065,100,9065,1,0
A,D,D,9258,100,9258,1,0
B,D,D,5946,100,5946,1,0
C,D,D,8727,100,8727,1,0
D,E,D,9758,100,9758,1,0
D,F,D,6335,100,6335,1,0
D,G,D,9209,100,9209,1,0
D,H,D,1444,100,1444,1,0
A,E,E,1448,100,1448,1,0
B,E,E,4286,100,4286,1,0
C,E,E,9843,100,9843,1,0
D,E,E,9774,100,9774,1,0
E,F,E,3717,100,3717,1,0
E,G,E,9930,100,9930,1,0
E,H,E,9651,100,9651,1,0
A,F,F,3545,100,3545,1,0
B,F,F,1413,100,1413,1,0
C,F,F,7211,100,7211,1,0
D,F,F,6334,100,6334,1,0
E,F,F,3713,100,3713,1,0
F,G,F,7380,100,7380,1,0
F,H,F,6245,100,6245,1,0
A,G,G,9607,100,9607,1,0
B,G,G,7220,100,7220,1,0
C,G,G,1566,100,1566,1,0
D,G,G,9254,100,9254,1,0
E,G,G,9926,100,9926,1,0
F,G,G,7341,100,7341,1,0
G,H,G,9323,100,9323,1,0
A,H,H,9366,100,9366,1,0
B,H,H,6228,100,6228,1,0
C,H,H,9023,100,9023,1,0
D,H,H,1385,100,1385,1,0
E,H,H,9667,100,9667,1,0
F,H,H,6289,100,6289,1,0
G,H,H,9285,100,9285,1,0
A,B,A,3607,100,3607,1,0
A,C,A,9317,100,9317,1,0
A,D,A,9275,100,9275,1,0
A,E,A,1444,100,1444,1,0
A,F,A,3566,100,3566,1,0
A,G,A,9601,100,9601,1,0
A,H,A,9358,100,9358,1,0
A,B,B,3625,100,3625,1,0
B,C,B,6759,100,6759,1,0
B,D,B,5957,100,5957,1,0
B,E,B,4275,100,4275,1,0
B,F,B,1428,100,1428,1,0
B,G,B,7160,100,7160,1,0
B,H,B,6203,100,6203,1,0
A,C,C,9246,100,9246,1,0
B,C,C,6704,100,6704,1,0
C,D,C,8702,100,8702,1,0
C,E,C,9817,100,9817,1,0
C,F,C,7200,100,7200,1,0
C,G,C,1584,100,1584,1,0
C,H,C,9020,100,9020,1,0
A,D,D,9276,100,9276,1,0
B,D,D,5941,100,5941,1,0
C,D,D,8723,100,8723,1,0
D,E,D,9713,100,9713,1,0
D,F,D,6355,100,6355,1,0
D,G,D,9254,100,9254,1,0
D,H,D,1419,100,1419,1,0
A,E,E,1447,100,1447,1,0
B,E,E,4330,100,4330,1,0
C,E,E,9821,100,9821,1,0
D,E,E,9700,100,9700,1,0
E,F,E,3681,100,3681,1,0
E,G,E,9939,100,9939,1,0
E,H,E,9657,100,9657,1,0
A,F,F,3557,100,3557,1,0
B,F,F,1392,100,1392,1,0
C,F,F,7204,100,7204,1,0
D,F,F,6377,100,6377,1,0
E,F,F,3688,100,3688,1,0
F,G,F,7377,100,7377,1,0
F,H,F,6289,100,6289,1,0
A,G,G,9622,100,9622,1,0
B,G,G,7202,100,7202,1,0
C,G,G,1577,100,1577,1,0
D,G,G,9235,100,9235,1,0
E,G,G,9908,100,9908,1,0
F,G,G,7361,100,7361,1,0
G,H,G,9280,100,9280,1,0
A,H,H,9398,100,9398,1,0
B,H,H,6248,100,6248,1,0
C,H,H,9031,100,9031,1,0
D,H,H,1441,100,1441,1,0
E,H,H,9669,100,9669,1,0
F,H,H,6306,100,6306,1,0
G,H,H,9329,100,9329,1,0
A,B,A,3665,100,3665,1,0
A,C,A,9281,100,9281,1,0
A,D,A,9267,100,9267,1,0
A,E,A,1439,100,1439,1,0
A,F,A,3520,100,3520,1,0
A,G,A,9560,100,9560,1,0
A,H,A,9434,100,9434,1,0
A,B,B,3620,100,3620,1,0
B,C,B,6756,100,6756,1,0
B,D,B,5950,100,5950,1,0
B,E,B,4313,100,4313,1,0
B,F,B,1406,100,1406,1,0
B,G,B,7193,100,7193,1,0
B,H,B,6207,100,6207,1,0
A,C,C,9278,100,9278,1,0
B,C,C,6706,100,6706,1,0
C,D,C,8766,100,8766,1,0
C,E,C,9860,100,9860,1,0
C,F,C,7214,100,7214,1,0
C,G,C,1555,100,1555,1,0
C,H,C,9021,100,9021,1,0
A,D,D,9266,100,9266,1,0
B,D,D,5966,100,5966,1,0
C,D,D,8733,100,8733,1,0
D,E,D,9675,100,9675,1,0
D,F,D,6320,100,6320,1,0
D,G,D,9197,100,9197,1,0
D,H,D,1396,100,1396,1,0
A,E,E,1381,100,1381,1,0
B,E,E,4309,100,4309,1,0
C,E,E,9804,100,9804,1,0
D,E,E,9708,100,9708,1,0
E,F,E,3692,100,3692,1,0
E,G,E,9918,100,9918,1,0
E,H,E,9666,100,9666,1,0
A,F,F,3513,100,3513,1,0
B,F,F,1401,100,1401,1,0
C,F,F,7214,100,7214,1,0
D,F,F,6329,100,6329,1,0
E,F,F,3687,100,3687,1,0
F,G,F,7344,100,7344,1,0
F,H,F,6254,100,6254,1,0
A,G,G,9622,100,9622,1,0
B,G,G,7175,100,7175,1,0
C,G,G,1570,100,1570,1,0
D,G,G,9264,100,9264,1,0
E,G,G,9921,100,9921,1,0
F,G,G,7344,100,7344,1,0
G,H,G,9344,100,9344,1,0
A,H,H,9421,100,9421,1,0
B,H,H,6232,100,6232,1,0
C,H,H,9036,100,9036,1,0
D,H,H,1377,100,1377,1,0
E,H,H,9664,100,9664,1,0
F,H,H,6323,100,6323,1,0
G,H,H,9363,100,9363,1,0
A,B,A,3659,100,3659,1,0
A,C,A,9333,100,9333,1,0
A,D,A,9280,100,9280,1,0
A,E,A,1441,100,1441,1,0
A,F,A,3536,100,3536,1,0
A,G,A,9569,100,9569,1,0
A,H,A,9423,100,9423,1,0
A,B,B,3650,100,3650,1,0
B,C,B,6739,100,6739,1,0
B,D,B,5957,100,5957,1,0
B,E,B,4282,100,4282,1,0
B,F,B,1435,100,1435,1,0
B,G,B,7176,100,7176,1,0
B,H,B,6159,100,6159,1,0
A,C,C,9317,100,9317,1,0
B,C,C,6757,100,6757,1,0
C,D,C,8691,100,8691,1,0
C,E,C,9833,100,9833,1,0
C,F,C,7203,100,7203,1,0
C,G,C,1595,100,1595,1,0
C,H,C,9046,100,9046,1,0
A,D,D,9264,100,9264,1,0
B,D,D,5909,100,5909,1,0
C,D,D,8720,100,8720,1,0
D,E,D,9736,100,9736,1,0
D,F,D,6362,100,6362,1,0
D,G,D,9203,100,9203,1,0
D,H,D,1405,100,1405,1,0
A,E,E,1431,100,1431,1,0
B,E,E,4334,100,4334,1,0
C,E,E,9835,100,9835,1,0
D,E,E,9712,100,9712,1,0
E,F,E,3734,100,3734,1,0
E,G,E,9920,100,9920,1,0
E,H,E,9668,100,9668,1,0
A,F,F,3553,100,3553,1,0
B,F,F,1435,100,1435,1,0
C,F,F,7207,100,7207,1,0
D,F,F,6335,100,6335,1,0
E,F,F,3708,100,3708,1,0
F,G,F,7375,100,7375,1,0
F,H,F,6281,100,6281,1,0
A,G,G,9604,100,9604,1,0
B,G,G,7161,100,7161,1,0
C,G,G,1584,100,1584,1,0
D,G,G,9271,100,9271,1,0
E,G,G,9932,100,9932,1,0
F,G,G,7403,100,7403,1,0
G,H,G,9292,100,9292,1,0
A,H,H,9432,100,9432,1,0
B,H,H,6234,100,6234,1,0
C,H,H,9031,100,9031,1,0
D,H,H,1475,100,1475,1,0
E,H,H,9643,100,9643,1,0
F,H,H,6243,100,6243,1,0
G,H,H,9314,100,9314,1,0
A,B,A,3659,100,3659,1,0
A,C,A,9325,100,9325,1,0
A,D,A,9276,100,9276,1,0
A,E,A,1430,100,1430,1,0
A,F,A,3499,100,3499,1,0
A,G,A,9577,100,9577,1,0
A,H,A,9399,100,9399,1,0
A,B,B,3613,100,3613,1,0
B,C,B,6731,100,6731,1,0
B,D,B,5951,100,5951,1,0
B,E,B,4270,100,4270,1,0
B,F,B,1414,100,1414,1,0
B,G,B,7205,100,7205,1,0
B,H,B,6187,100,6187,1,0
A,C,C,9292,100,9292,1,0
B,C,C,6745,100,6745,1,0
C,D,C,8761,100,8761,1,0
C,E,C,9863,100,9863,1,0
C,F,C,7212,100,7212,1,0
C,G,C,1568,100,1568,1,0
C,H,C,9039,100,9039,1,0
A,D,D,9289,100,9289,1,0
B,D,D,5943,100,5943,1,0
C,D,D,8725,100,8725,1,0
D,E,D,9745,100,9745,1,0
D,F,D,6352,100,6352,1,0
D,G,D,9239,100,9239,1,0
D,H,D,1376,100,1376,1,0
A,E,E,1383,100,1383,1,0
B,E,E,4297,100,4297,1,0
C,E,E,9849,100,9849,1,0
D,E,E,9712,100,9712,1,0
E,F,E,3724,100,3724,1,0
E,G,E,9935,100,9935,1,0
E,H,E,9701,100,9701,1,0
A,F,F,3506,100,3506,1,0
B,F,F,1403,100,1403,1,0
C,F,F,7197,100,7197,1,0
D,F,F,6348,100,6348,1,0
E,F,F,3719,100,3719,1,0
F,G,F,7345,100,7345,1,0
F,H,F,6263,100,6263,1,0
A,G,G,9595,100,9595,1,0
B,G,G,7145,100,7145,1,0
C,G,G,1635,100,1635,1,0
D,G,G,9211,100,9211,1,0
E,G,G,9950,100,9950,1,0
F,G,G,7379,100,7379,1,0
G,H,G,9315,100,9315,1,0
A,H,H,9363,100,9363,1,0
B,H,H,6217,100,6217,1,0
C,H,H,9025,100,9025,1,0
D,H,H,1443,100,1443,1,0
E,H,H,9660,100,9660,1,0
F,H,H,6278,100,6278,1,0
G,H,H,9330,100,9330,1,0
A,B,A,3643,100,3643,1,0
A,C,A,9276,100,9276,1,0
A,D,A,9277,100,9277,1,0
A,E,A,1440,100,1440,1,0
A,F,A,3516,100,3516,1,0
A,G,A,9650,100,9650,1,0
A,H,A,9388,100,9388,1,0
A,B,B,3686,100,3686,1,0
B,C,B,6739,100,6739,1,0
B,D,B,5948,100,5948,1,0
B,E,B,4311,100,4311,1,0
B,F,B,1379,100,1379,1,0
B,G,B,7213,100,7213,1,0
B,H,B,6188,100,6188,1,0
A,C,C,9323,100,9323,1,0
B,C,C,6719,100,6719,1,0
C,D,C,8730,100,8730,1,0
C,E,C,9819,100,9819,1,0
C,F,C,7242,100,7242,1,0
C,G,C,1615,100,1615,1,0
C,H,C,9043,100,9043,1,0
A,D,D,9308,100,9308,1,0
B,D,D,5981,100,5981,1,0
C,D,D,8741,100,8741,1,0
D,E,D,9786,100,9786,1,0
D,F,D,6333,100,6333,1,0
D,G,D,9237,100,9237,1,0
D,H,D,1432,100,1432,1,0
A,E,E,1413,100,1413,1,0
B,E,E,4317,100,4317,1,0
C,E,E,9869,100,9869,1,0
D,E,E,9700,100,9700,1,0
E,F,E,3698,100,3698,1,0
E,G,E,9899,100,9899,1,0
E,H,E,9660,100,9660,1,0
A,F,F,3505,100,3505,1,0
B,F,F,1426,100,1426,1,0
C,F,F,7231,100,7231,1,0
D,F,F,6304,100,6304,1,0
E,F,F,3667,100,3667,1,0
F,G,F,7364,100,7364,1,0
F,H,F,6248,100,6248,1,0
A,G,G,9601,100,9601,1,0
B,G,G,7210,100,7210,1,0
C,G,G,1564,100,1564,1,0
D,G,G,9250,100,9250,1,0
E,G,G,9936,100,9936,1,0
F,G,G,7373,100,7373,1,0
G,H,G,9322,100,9322,1,0
A,H,H,9384,100,9384,1,0
B,H,H,6216,100,6216,1,0
C,H,H,9029,100,9029,1,0
D,H,H,1421,100,1421,1,0
E,H,H,9647,100,9647,1,0
F,H,H,6249,100,6249,1,0
G,H,H,9325,100,9325,1,0
A,B,A,3631,100,3631,1,0
A,C,A,9337,100,9337,1,0
A,D,A,9254,100,9254,1,0
A,E,A,1426,100,1426,1,0
A,F,A,3521,100,3521,1,0
A,G,A,9623,100,9623,1,0
A,H,A,9394,100,9394,1,0
A,B,B,3634,100,3634,1,0
B,C,B,6763,100,6763,1,0
B,D,B,6002,100,6002,1,0
B,E,B,4301,100,4301,1,0
B,F,B,1430,100,1430,1,0
B,G,B,7212,100,7212,1,0
B,H,B,6260,100,6260,1,0
A,C,C,9282,100,9282,1,0
B,C,C,6719,100,6719,1,0
C,D,C,8730,100,8730,1,0
C,E,C,9810,100,9810,1,0
C,F,C,7245,100,7245,1,0
C,G,C,1595,100,1595,1,0
C,H,C,9088,100,9088,1,0
A,D,D,9237,100,9237,1,0
B,D,D,5995,100,5995,1,0
C,D,D,8703,100,8703,1,0
D,E,D,9786,100,9786,1,0
D,F,D,6348,100,6348,1,0
D,G,D,9249,100,9249,1,0
D,H,D,1333,100,1333,1,0
A,E,E,1379,100,1379,1,0
B,E,E,4365,100,4365,1,0
C,E,E,9832,100,9832,1,0
D,E,E,9700,100,9700,1,0
E,F,E,3704,100,3704,1,0
E,G,E,9902,100,9902,1,0
E,H,E,9642,100,9642,1,0
A,F,F,3516,100,3516,1,0
B,F,F,1364,100,1364,1,0
C,F,F,7194,100,7194,1,0
D,F,F,6349,100,6349,1,0
E,F,F,3704,100,3704,1,0
F,G,F,7356,100,7356,1,0
F,H,F,6281,100,6281,1,0
A,G,G,9576,100,9576,1,0
B,G,G,7228,100,7228,1,0
C,G,G,1568,100,1568,1,0
D,G,G,9261,100,9261,1,0
E,G,G,9892,100,9892,1,0
F,G,G,7400,100,7400,1,0
G,H,G,9304,100,9304,1,0
A,H,H,9375,100,9375,1,0
B,H,H,6220,100,6220,1,0
C,H,H,9054,100,9054,1,0
D,H,H,1469,100,1469,1,0
E,H,H,9663,100,9663,1,0
F,H,H,6260,100,6260,1,0
G,H,H,9333,100,9333,1,0
A,B,A,3624,100,3624,1,0
A,C,A,9241,100,9241,1,0
A,D,A,9258,100,9258,1,0
A,E,A,1414,100,1414,1,0
A,F,A,3562,100,3562,1,0
A,G,A,9598,100,9598,1,0
A,H,A,9404,100,9404,1,0
A,B,B,3615,100,3615,1,0
B,C,B,6693,100,6693,1,0
B,D,B,5975,100,5975,1,0
B,E,B,4314,100,4314,1,0
B,F,B,1376,100,1376,1,0
B,G,B,7175,100,7175,1,0
B,H,B,6211,100,6211,1,0
A,C,C,9297,100,9297,1,0
B,C,C,6750,100,6750,1,0
C,D,C,8694,100,8694,1,0
C,E,C,9854,100,9854,1,0
C,F,C,7201,100,7201,1,0
C,G,C,1521,100,1521,1,0
C,H,C,9029,100,9029,1,0
A,D,D,9263,100,9263,1,0
B,D,D,5981,100,5981,1,0
C,D,D,8740,100,8740,1,0
D,E,D,9710,100,9710,1,0
D,F,D,6336,100,6336,1,0
D,G,D,9242,100,9242,1,0
D,H,D,1401,100,1401,1,0
A,E,E,1386,100,1386,1,0
B,E,E,4302,100,4302,1,0
C,E,E,9815,100,9815,1,0
D,E,E,9755,100,9755,1,0
E,F,E,3656,100,3656,1,0
E,G,E,9930,100,9930,1,0
E,H,E,9653,100,9653,1,0
A,F,F,3534,100,3534,1,0
B,F,F,1398,100,1398,1,0
C,F,F,7191,100,7191,1,0
D,F,F,6310,100,6310,1,0
E,F,F,3670,100,3670,1,0
F,G,F,7378,100,7378,1,0
F,H,F,6274,100,6274,1,0
A,G,G,9624,100,9624,1,0
B,G,G,7182,100,7182,1,0
C,G,G,1594,100,1594,1,0
D,G,G,9228,100,9228,1,0
E,G,G,9921,100,9921,1,0
F,G,G,7365,100,7365,1,0
G,H,G,9365,100,9365,1,0
A,H,H,9376,100,9376,1,0
B,H,H,6195,100,6195,1,0
C,H,H,9016,100,9016,1,0
D,H,H,1459,100,1459,1,0
E,H,H,9698,100,9698,1,0
F,H,H,6253,100,6253,1,0
G,H,H,9324,100,9324,1,0
A,B,A,3639,100,3639,1,0
A,C,A,9327,100,9327,1,0
A,D,A,9295,100,9295,1,0
A,E,A,1422,100,1422,1,0
A,F,A,3537,100,3537,1,0
A,G,A,9593,100,9593,1,0
A,H,A,9384,100,9384,1,0
A,B,B,3601,100,3601,1,0
B,C,B,6718,100,6718,1,0
B,D,B,5983,100,5983,1,0
B,E,B,4329,100,4329,1,0
B,F,B,1398,100,1398,1,0
B,G,B,7196,100,7196,1,0
B,H,B,6253,100,6253,1,0
A,C,C,9275,100,9275,1,0
B,C,C,6709,100,6709,1,0
C,D,C,8713,100,8713,1,0
C,E,C,9834,100,9834,1,0
C,F,C,7203,100,7203,1,0
C,G,C,1623,100,1623,1,0
C,H,C,9034,100,9034,1,0
A,D,D,9293,100,9293,1,0
B,D,D,6007,100,6007,1,0
C,D,D,8698,100,8698,1,0
D,E,D,9723,100,9723,1,0
D,F,D,6368,100,6368,1,0
D,G,D,9250,100,9250,1,0
D,H,D,1470,100,1470,1,0
A,E,E,1400,100,1400,1,0
B,E,E,4286,100,4286,1,0
C,E,E,9804,100,9804,1,0
D,E,E,9755,100,9755,1,0
E,F,E,3695,100,3695,1,0
E,G,E,9915,100,9915,1,0
E,H,E,9662,100,9662,1,0
A,F,F,3577,100,3577,1,0
B,F,F,1419,100,1419,1,0
C,F,F,7208,100,7208,1,0
D,F,F,6331,100,6331,1,0
E,F,F,3689,100,3689,1,0
F,G,F,7373,100,7373,1,0
F,H,F,6277,100,6277,1,0
A,G,G,9622,100,9622,1,0
B,G,G,7184,100,7184,1,0
C,G,G,1606,100,1606,1,0
D,G,G,9251,100,9251,1,0
E,G,G,9910,100,9910,1,0
F,G,G,7341,100,7341,1,0
G,H,G,9288,100,9288,1,0
A,H,H,9403,100,9403,1,0
B,H,H,6212,100,6212,1,0
C,H,H,9065,100,9065,1,0
D,H,H,1432,100,1432,1,0
E,H,H,9630,100,9630,1,0
F,H,H,6285,100,6285,1,0
G,H,H,9335,100,9335,1,0
A,B,A,3630,100,3630,1,0
A,C,A,9358,100,9358,1,0
A,D,A,9287,100,9287,1,0
A,E,A,1455,100,1455,1,0
A,F,A,3527,100,3527,1,0
A,G,A,9597,100,9597,1,0
A,H,A,9424,100,9424,1,0
A,B,B,3637,100,3637,1,0
B,C,B,6712,100,6712,1,0
B,D,B,5915,100,5915,1,0
B,E,B,4293,100,4293,1,0
B,F,B,1389,100,1389,1,0
B,G,B,7187,100,7187,1,0
B,H,B,6213,100,6213,1,0
A,C,C,9263,100,9263,1,0
B,C,C,6719,100,6719,1,0
C,D,C,8758,100,8758,1,0
C,E,C,9848,100,9848,1,0
C,F,C,7245,100,7245,1,0
C,G,C,1609,100,1609,1,0
C,H,C,9052,100,9052,1,0
A,D,D,9283,100,9283,1,0
B,D,D,5968,100,5968,1,0
C,D,D,8722,100,8722,1,0
D,E,D,9693,100,9693,1,0
D,F,D,6373,100,6373,1,0
D,G,D,9229,100,9229,1,0
D,H,D,1390,100,1390,1,0
A,E,E,1376,100,1376,1,0
B,E,E,4329,100,4329,1,0
C,E,E,9839,100,9839,1,0
D,E,E,9730,100,9730,1,0
E,F,E,3692,100,3692,1,0
E,G,E,9908,100,9908,1,0
E,H,E,9671,100,9671,1,0
A,F,F,3555,100,3555,1,0
B,F,F,1394,100,1394,1,0
C,F,F,7228,100,7228,1,0
D,F,F,6371,100,6371,1,0
E,F,F,3718,100,3718,1,0
F,G,F,7382,100,7382,1,0
F,H,F,6241,100,6241,1,0
A,G,G,9607,100,9607,1,0
B,G,G,7179,100,7179,1,0
C,G,G,1567,100,1567,1,0
D,G,G,9236,100,9236,1,0
E,G,G,9897,100,9897,1,0
F,G,G,7372,100,7372,1,0
G,H,G,9303,100,9303,1,0
A,H,H,9369,100,9369,1,0
B,H,H,6195,100,6195,1,0
C,H,H,9098,100,9098,1,0
D,H,H,1415,100,1415,1,0
E,H,H,9652,100,9652,1,0
F,H,H,6275,100,6275,1,0
G,H,H,9362,100,9362,1,0
A,B,A,3712,100,3712,1,0
A,C,A,9318,100,9318,1,0
A,D,A,9268,100,9268,1,0
A,E,A,1421,100,1421,1,0
A,F,A,3484,100,3484,1,0
A,G,A,9619,100,9619,1,0
A,H,A,9358,100,9358,1,0
A,B,B,3645,100,3645,1,0
B,C,B,6737,100,6737,1,0
B,D,B,5917,100,5917,1,0
B,E,B,4305,100,4305,1,0
B,F,B,1388,100,1388,1,0
B,G,B,7223,100,7223,1,0
B,H,B,6224,100,6224,1,0
A,C,C,9315,100,9315,1,0
B,C,C,6732,100,6732,1,0
C,D,C,8744,100,8744,1,0
C,E,C,9820,100,9820,1,0
C,F,C,7185,100,7185,1,0
C,G,C,1576,100,1576,1,0
C,H,C,9058,100,9058,1,0
A,D,D,9300,100,9300,1,0
B,D,D,5926,100,5926,1,0
C,D,D,8730,100,8730,1,0
D,E,D,9696,100,9696,1,0
D,F,D,6337,100,6337,1,0
D,G,D,9248,100,9248,1,0
D,H,D,1397,100,1397,1,0
A,E,E,1405,100,1405,1,0
B,E,E,4333,100,4333,1,0
C,E,E,9764,100,9764,1,0
D,E,E,9730,100,9730,1,0
E,F,E,3662,100,3662,1,0
E,G,E,9906,100,9906,1,0
E,H,E,9627,100,9627,1,0
A,F,F,3523,100,3523,1,0
B,F,F,1408,100,1408,1,0
C,F,F,7213,100,7213,1,0
D,F,F,6360,100,6360,1,0
E,F,F,3671,100,3671,1,0
F,G,F,7360,100,7360,1,0
F,H,F,6285,100,6285,1,0
A,G,G,9630,100,9630,1,0
B,G,G,7228,100,7228,1,0
C,G,G,1583,100,1583,1,0
D,G,G,9218,100,9218,1,0
E,G,G,9929,100,9929,1,0
F,G,G,7336,100,7336,1,0
G,H,G,9327,100,9327,1,0
A,H,H,9392,100,9392,1,0
B,H,H,6166,100,6166,1,0
C,H,H,9062,100,9062,1,0
D,H,H,1364,100,1364,1,0
E,H,H,9670,100,9670,1,0
F,H,H,6267,100,6267,1,0
G,H,H,9324,100,9324,1,0
A,B,A,3673,100,3673,1,0
A,C,A,9288,100,9288,1,0
A,D,A,9276,100,9276,1,0
A,E,A,1417,100,1417,1,0
A,F,A,3534,100,3534,1,0
A,G,A,9596,100,9596,1,0
A,H,A,9405,100,9405,1,0
A,B,B,3613,100,3613,1,0
B,C,B,6781,100,6781,1,0
B,D,B,6008,100,6008,1,0
B,E,B,4291,100,4291,1,0
B,F,B,1403,100,1403,1,0
B,G,B,7210,100,7210,1,0
B,H,B,6213,100,6213,1,0
A,C,C,9325,100,9325,1,0
B,C,C,6763,100,6763,1,0
C,D,C,8749,100,8749,1,0
C,E,C,9848,100,9848,1,0
C,F,C,7224,100,7224,1,0
C,G,C,1593,100,1593,1,0
C,H,C,9072,100,9072,1,0
A,D,D,9271,100,9271,1,0
B,D,D,5995,100,5995,1,0
C,D,D,8723,100,8723,1,0
D,E,D,9781,100,9781,1,0
D,F,D,6393,100,6393,1,0
D,G,D,9246,100,9246,1,0
D,H,D,1436,100,1436,1,0
A,E,E,1387,100,1387,1,0
B,E,E,4316,100,4316,1,0
C,E,E,9804,100,9804,1,0
D,E,E,9761,100,9761,1,0
E,F,E,3708,100,3708,1,0
E,G,E,9924,100,9924,1,0
E,H,E,9674,100,9674,1,0
A,F,F,3506,100,3506,1,0
B,F,F,1423,100,1423,1,0
C,F,F,7201,100,7201,1,0
D,F,F,6354,100,6354,1,0
E,F,F,3693,100,3693,1,0
F,G,F,7374,100,7374,1,0
F,H,F,6282,100,6282,1,0
A,G,G,9599,100,9599,1,0
B,G,G,7169,100,7169,1,0
C,G,G,1588,100,1588,1,0
D,G,G,9224,100,9224,1,0
E,G,G,9893,100,9893,1,0
F,G,G,7361,100,7361,1,0
G,H,G,9360,100,9360,1,0
A,H,H,9472,100,9472,1,0
B,H,H,6224,100,6224,1,0
C,H,H,8990,100,8990,1,0
D,H,H,1429,100,1429,1,0
E,H,H,9691,100,9691,1,0
F,H,H,6259,100,6259,1,0
G,H,H,9338,100,9338,1,0
A,B,A,3639,100,3639,1,0
A,C,A,9264,100,9264,1,0
A,D,A,9270,100,9270,1,0
A,E,A,1449,100,1449,1,0
A,F,A,3517,100,3517,1,0
A,G,A,9590,100,9590,1,0
A,H,A,9406,100,9406,1,0
A,B,B,3633,100,3633,1,0
B,C,B,6739,100,6739,1,0
B,D,B,5943,100,5943,1,0
B,E,B,4303,100,4303,1,0
B,F,B,1368,100,1368,1,0
B,G,B,7223,100,7223,1,0
B,H,B,6186,100,6186,1,0
A,C,C,9347,100,9347,1,0
B,C,C,6745,100,6745,1,0
C,D,C,8741,100,8741,1,0
C,E,C,9835,100,9835,1,0
C,F,C,7230,100,7230,1,0
C,G,C,1587,100,1587,1,0
C,H,C,9034,100,9034,1,0
A,D,D,9284,100,9284,1,0
B,D,D,5960,100,5960,1,0
C,D,D,8721,100,8721,1,0
D,E,D,9742,100,9742,1,0
D,F,D,6350,100,6350,1,0
D,G,D,9278,100,9278,1,0
D,H,D,1441,100,1441,1,0
A,E,E,1408,100,1408,1,0
B,E,E,4299,100,4299,1,0
C,E,E,9843,100,9843,1,0
D,E,E,9729,100,9729,1,0
E,F,E,3690,100,3690,1,0
E,G,E,9902,100,9902,1,0
E,H,E,9623,100,9623,1,0
A,F,F,3466,100,3466,1,0
B,F,F,1399,100,1399,1,0
C,F,F,7206,100,7206,1,0
D,F,F,6351,100,6351,1,0
E,F,F,3682,100,3682,1,0
F,G,F,7383,100,7383,1,0
F,H,F,6271,100,6271,1,0
A,G,G,9608,100,9608,1,0
B,G,G,7172,100,7172,1,0
C,G,G,1593,100,1593,1,0
D,G,G,9217,100,9217,1,0
E,G,G,9929,100,9929,1,0
F,G,G,7368,100,7368,1,0
G,H,G,9327,100,9327,1,0
A,H,H,9353,100,9353,1,0
B,H,H,6198,100,6198,1,0
C,H,H,9014,100,9014,1,0
D,H,H,1477,100,1477,1,0
E,H,H,9668,100,9668,1,0
F,H,H,6326,100,6326,1,0
G,H,H,9373,100,9373,1,0
A,B,A,3614,100,3614,1,0
A,C,A,9279,100,9279,1,0
A,D,A,9259,100,9259,1,0
A,E,A,1490,100,1490,1,0
A,F,A,3535,100,3535,1,0
A,G,A,9537,100,9537,1,0
A,H,A,9382,100,9382,1,0
A,B,B,3647,100,3647,1,0
B,C,B,6721,100,6721,1,0
B,D,B,5967,100,5967,1,0
B,E,B,4335,100,4335,1,0
B,F,B,1363,100,1363,1,0
B,G,B,7201,100,7201,1,0
B,H,B,6200,100,6200,1,0
A,C,C,9277,100,9277,1,0
B,C,C,6742,100,6742,1,0
C,D,C,8709,100,8709,1,0
C,E,C,9805,100,9805,1,0
C,F,C,7199,100,7199,1,0
C,G,C,1566,100,1566,1,0
C,H,C,9036,100,9036,1,0
A,D,D,9271,100,9271,1,0
B,D,D,5975,100,5975,1,0
C,D,D,8743,100,8743,1,0
D,E,D,9795,100,9795,1,0
D,F,D,6347,100,6347,1,0
D,G,D,9233,100,9233,1,0
D,H,D,1438,100,1438,1,0
A,E,E,1439,100,1439,1,0
B,E,E,4324,100,4324,1,0
C,E,E,9846,100,9846,1,0
D,E,E,9718,100,9718,1,0
E,F,E,3695,100,3695,1,0
E,G,E,9904,100,9904,1,0
E,H,E,9685,100,9685,1,0
A,F,F,3513,100,3513,1,0
B,F,F,1398,100,1398,1,0
C,F,F,7181,100,7181,1,0
D,F,F,6369,100,6369,1,0
E,F,F,3667,100,3667,1,0
F,G,F,7375,100,7375,1,0
F,H,F,6273,100,6273,1,0
A,G,G,9624,100,9624,1,0
B,G,G,7163,100,7163,1,0
C,G,G,1582,100,1582,1,0
D,G,G,9214,100,9214,1,0
E,G,G,9917,100,9917,1,0
F,G,G,7352,100,7352,1,0
G,H,G,9292,100,9292,1,0
A,H,H,9431,100,9431,1,0
B,H,H,6159,100,6159,1,0
C,H,H,9034,100,9034,1,0
D,H,H,1420,100,1420,1,0
E,H,H,9639,100,9639,1,0
F,H,H,6282,100,6282,1,0
G,H,H,9334,100,9334,1,0
A,B,A,3673,100,3673,1,0
A,C,A,9335,100,9335,1,0
A,D,A,9263,100,9263,1,0
A,E,A,1446,100,1446,1,0
A,F,A,3552,100,3552,1,0
A,G,A,9594,100,9594,1,0
A,H,A,9472,100,9472,1,0
A,B,B,3645,100,3645,1,0
B,C,B,6732,100,6732,1,0
B,D,B,5949,100,5949,1,0
B,E,B,4296,100,4296,1,0
B,F,B,1393,100,1393,1,0
B,G,B,7182,100,7182,1,0
B,H,B,6195,100,6195,1,0
A,C,C,9316,100,9316,1,0
B,C,C,6755,100,6755,1,0
C,D,C,8703,100,8703,1,0
C,E,C,9825,100,9825,1,0
C,F,C,7213,100,7213,1,0
C,G,C,1571,100,1571,1,0
C,H,C,9044,100,9044,1,0
A,D,D,9276,100,9276,1,0
B,D,D,5991,100,5991,1,0
C,D,D,8736,100,8736,1,0
D,E,D,9745,100,9745,1,0
D,F,D,6351,100,6351,1,0
D,G,D,9297,100,9297,1,0
D,H,D,1416,100,1416,1,0
A,E,E,1463,100,1463,1,0
B,E,E,4311,100,4311,1,0
C,E,E,9872,100,9872,1,0
D,E,E,9736,100,9736,1,0
E,F,E,3721,100,3721,1,0
E,G,E,9911,100,9911,1,0
E,H,E,9644,100,9644,1,0
A,F,F,3463,100,3463,1,0
B,F,F,1399,100,1399,1,0
C,F,F,7199,100,7199,1,0
D,F,F,6333,100,6333,1,0
E,F,F,3737,100,3737,1,0
F,G,F,7374,100,7374,1,0
F,H,F,6234,100,6234,1,0
A,G,G,9627,100,9627,1,0
B,G,G,7208,100,7208,1,0
C,G,G,1559,100,1559,1,0
D,G,G,9215,100,9215,1,0
E,G,G,9961,100,9961,1,0
F,G,G,7373,100,7373,1,0
G,H,G,9344,100,9344,1,0
A,H,H,9369,100,9369,1,0
B,H,H,6210,100,6210,1,0
C,H,H,9062,100,9062,1,0
D,H,H,1434,100,1434,1,0
E,H,H,9666,100,9666,1,0
F,H,H,6252,100,6252,1,0
G,H,H,9353,100,9353,1,0
A,B,A,3620,100,3620,1,0
A,C,A,9294,100,9294,1,0
A,D,A,9259,100,9259,1,0
A,E,A,1392,100,1392,1,0
A,F,A,3517,100,3517,1,0
A,G,A,9546,100,9546,1,0
A,H,A,9430,100,9430,1,0
A,B,B,3650,100,3650,1,0
B,C,B,6755,100,6755,1,0
B,D,B,5993,100,5993,1,0
B,E,B,4322,100,4322,1,0
B,F,B,1409,100,1409,1,0
B,G,B,7172,100,7172,1,0
B,H,B,6155,100,6155,1,0
A,C,C,9261,100,9261,1,0
B,C,C,6732,100,6732,1,0
C,D,C,8730,100,8730,1,0
C,E,C,9793,100,9793,1,0
C,F,C,7205,100,7205,1,0
C,G,C,1608,100,1608,1,0
C,H,C,9081,100,9081,1,0
A,D,D,9268,100,9268,1,0
B,D,D,5946,100,5946,1,0
C,D,D,8693,100,8693,1,0
D,E,D,9715,100,9715,1,0
D,F,D,6348,100,6348,1,0
D,G,D,9240,100,9240,1,0
D,H,D,1416,100,1416,1,0
A,E,E,1449,100,1449,1,0
B,E,E,4290,100,4290,1,0
C,E,E,9827,100,9827,1,0
D,E,E,9744,100,9744,1,0
E,F,E,3689,100,3689,1,0
E,G,E,9903,100,9903,1,0
E,H,E,9656,100,9656,1,0
A,F,F,3533,100,3533,1,0
B,F,F,1427,100,1427,1,0
C,F,F,7205,100,7205,1,0
D,F,F,6336,100,6336,1,0
E,F,F,3673,100,3673,1,0
F,G,F,7376,100,7376,1,0
F,H,F,6237,100,6237,1,0
A,G,G,9563,100,9563,1,0
B,G,G,7190,100,7190,1,0
C,G,G,1573,100,1573,1,0
D,G,G,9235,100,9235,1,0
E,G,G,9944,100,9944,1,0
F,G,G,7376,100,7376,1,0
G,H,G,9295,100,9295,1,0
A,H,H,9414,100,9414,1,0
B,H,H,6172,100,6172,1,0
C,H,H,9055,100,9055,1,0
D,H,H,1461,100,1461,1,0
E,H,H,9652,100,9652,1,0
F,H,H,6293,100,6293,1,0
G,H,H,9353,100,9353,1,0
A,B,A,3648,100,3648,1,0
A,C,A,9280,100,9280,1,0
A,D,A,9285,100,9285,1,0
A,E,A,1467,100,1467,1,0
A,F,A,3492,100,3492,1,0
A,G,A,9604,100,9604,1,0
A,H,A,9349,100,9349,1,0
A,B,B,3655,100,3655,1,0
B,C,B,6738,100,6738,1,0
B,D,B,5984,100,5984,1,0
B,E,B,4346,100,4346,1,0
B,F,B,1407,100,1407,1,0
B,G,B,7206,100,7206,1,0
B,H,B,6200,100,6200,1,0
A,C,C,9247,100,9247,1,0
B,C,C,6714,100,6714,1,0
C,D,C,8733,100,8733,1,0
C,E,C,9836,100,9836,1,0
C,F,C,7240,100,7240,1,0
C,G,C,1615,100,1615,1,0
C,H,C,9053,100,9053,1,0
A,D,D,9278,100,9278,1,0
B,D,D,5887,100,5887,1,0
C,D,D,8709,100,8709,1,0
D,E,D,9722,100,9722,1,0
D,F,D,6348,100,6348,1,0
D,G,D,9228,100,9228,1,0
D,H,D,1471,100,1471,1,0
A,E,E,1491,100,1491,1,0
B,E,E,4283,100,4283,1,0
C,E,E,9788,100,9788,1,0
D,E,E,9792,100,9792,1,0
E,F,E,3708,100,3708,1,0
E,G,E,9899,100,9899,1,0
E,H,E,9651,100,9651,1,0
A,F,F,3536,100,3536,1,0
B,F,F,1378,100,1378,1,0
C,F,F,7190,100,7190,1,0
D,F,F,6344,100,6344,1,0
E,F,F,3683,100,3683,1,0
F,G,F,7377,100,7377,1,0
F,H,F,6295,100,6295,1,0
A,G,G,9617,100,9617,1,0
B,G,G,7198,100,7198,1,0
C,G,G,1600,100,1600,1,0
D,G,G,9235,100,9235,1,0
E,G,G,9912,100,9912,1,0
F,G,G,7378,100,7378,1,0
G,H,G,9315,100,9315,1,0
A,H,H,9408,100,9408,1,0
B,H,H,6196,100,6196,1,0
C,H,H,9035,100,9035,1,0
D,H,H,1425,100,1425,1,0
E,H,H,9682,100,9682,1,0
F,H,H,6236,100,6236,1,0
G,H,H,9357,100,9357,1,0
A,B,A,3627,100,3627,1,0
A,C,A,9297,100,9297,1,0
A,D,A,9278,100,9278,1,0
A,E,A,1431,100,1431,1,0
A,F,A,3521,100,3521,1,0
A,G,A,9656,100,9656,1,0
A,H,A,9411,100,9411,1,0
A,B,B,3612,100,3612,1,0
B,C,B,6746,100,6746,1,0
B,D,B,5935,100,5935,1,0
B,E,B,4325,100,4325,1,0
B,F,B,1388,100,1388,1,0
B,G,B,7186,100,7186,1,0
B,H,B,6240,100,6240,1,0
A,C,C,9288,100,9288,1,0
B,C,C,6781,100,6781,1,0
C,D,C,8705,100,8705,1,0
C,E,C,9825,100,9825,1,0
C,F,C,7220,100,7220,1,0
C,G,C,1560,100,1560,1,0
C,H,C,9097,100,9097,1,0
A,D,D,9266,100,9266,1,0
B,D,D,5909,100,5909,1,0
C,D,D,8721,100,8721,1,0
D,E,D,9713,100,9713,1,0
D,F,D,6374,100,6374,1,0
D,G,D,9272,100,9272,1,0
D,H,D,1426,100,1426,1,0
A,E,E,1469,100,1469,1,0
B,E,E,4318,100,4318,1,0
C,E,E,9816,100,9816,1,0
D,E,E,9729,100,9729,1,0
E,F,E,3649,100,3649,1,0
E,G,E,9912,100,9912,1,0
E,H,E,9645,100,9645,1,0
A,F,F,3506,100,3506,1,0
B,F,F,1444,100,1444,1,0
C,F,F,7212,100,7212,1,0
D,F,F,6383,100,6383,1,0
E,F,F,3694,100,3694,1,0
F,G,F,7372,100,7372,1,0
F,H,F,6286,100,6286,1,0
A,G,G,9636,100,9636,1,0
B,G,G,7187,100,7187,1,0
C,G,G,1507,100,1507,1,0
D,G,G,9239,100,9239,1,0
E,G,G,9933,100,9933,1,0
F,G,G,7369,100,7369,1,0
G,H,G,9334,100,9334,1,0
A,H,H,9381,100,9381,1,0
B,H,H,6192,100,6192,1,0
C,H,H,9098,100,9098,1,0
D,H,H,1460,100,1460,1,0
E,H,H,9640,100,9640,1,0
F,H,H,6279,100,6279,1,0
G,H,H,9358,100,9358,1,0
A,B,A,3663,100,3663,1,0
A,C,A,9242,100,9242,1,0
A,D,A,9289,100,9289,1,0
A,E,A,1460,100,1460,1,0
A,F,A,3523,100,3523,1,0
A,G,A,9663,100,9663,1,0
A,H,A,9431,100,9431,1,0
A,B,B,3657,100,3657,1,0
B,C,B,6723,100,6723,1,0
B,D,B,5964,100,5964,1,0
B,E,B,4314,100,4314,1,0
B,F,B,1428,100,1428,1,0
B,G,B,7196,100,7196,1,0
B,H,B,6143,100,6143,1,0
A,C,C,9290,100,9290,1,0
B,C,C,6749,100,6749,1,0
C,D,C,8741,100,8741,1,0
C,E,C,9828,100,9828,1,0
C,F,C,7194,100,7194,1,0
C,G,C,1603,100,1603,1,0
C,H,C,9074,100,9074,1,0
A,D,D,9287,100,9287,1,0
B,D,D,5951,100,5951,1,0
C,D,D,8737,100,8737,1,0
D,E,D,9705,100,9705,1,0
D,F,D,6347,100,6347,1,0
D,G,D,9223,100,9223,1,0
D,H,D,1388,100,1388,1,0
A,E,E,1484,100,1484,1,0
B,E,E,4313,100,4313,1,0
C,E,E,9848,100,9848,1,0
D,E,E,9732,100,9732,1,0
E,F,E,3731,100,3731,1,0
E,G,E,9909,100,9909,1,0
E,H,E,9644,100,9644,1,0
A,F,F,3520,100,3520,1,0
B,F,F,1425,100,1425,1,0
C,F,F,7191,100,7191,1,0
D,F,F,6346,100,6346,1,0
E,F,F,3717,100,3717,1,0
F,G,F,7379,100,7379,1,0
F,H,F,6217,100,6217,1,0
A,G,G,9592,100,9592,1,0
B,G,G,7190,100,7190,1,0
C,G,G,1576,100,1576,1,0
D,G,G,9273,100,9273,1,0
E,G,G,9914,100,9914,1,0
F,G,G,7356,100,7356,1,0
G,H,G,9328,100,9328,1,0
A,H,H,9412,100,9412,1,0
B,H,H,6250,100,6250,1,0
C,H,H,9029,100,9029,1,0
D,H,H,1441,100,1441,1,0
E,H,H,9660,100,9660,1,0
F,H,H,6310,100,6310,1,0
G,H,H,9314,100,9314,1,0
A,B,A,3620,100,3620,1,0
A,C,A,9257,100,9257,1,0
A,D,A,9297,100,9297,1,0
A,E,A,1446,100,1446,1,0
A,F,A,3516,100,3516,1,0
A,G,A,9622,100,9622,1,0
A,H,A,9412,100,9412,1,0
A,B,B,3660,100,3660,1,0
B,C,B,6712,100,6712,1,0
B,D,B,5941,100,5941,1,0
B,E,B,4362,100,4362,1,0
B,F,B,1407,100,1407,1,0
B,G,B,7202,100,7202,1,0
B,H,B,6208,100,6208,1,0
A,C,C,9311,100,9311,1,0
B,C,C,6703,100,6703,1,0
C,D,C,8695,100,8695,1,0
C,E,C,9782,100,9782,1,0
C,F,C,7178,100,7178,1,0
C,G,C,1575,100,1575,1,0
C,H,C,9054,100,9054,1,0
A,D,D,9287,100,9287,1,0
B,D,D,5916,100,5916,1,0
C,D,D,8751,100,8751,1,0
D,E,D,9749,100,9749,1,0
D,F,D,6350,100,6350,1,0
D,G,D,9242,100,9242,1,0
D,H,D,1426,100,1426,1,0
A,E,E,1436,100,1436,1,0
B,E,E,4282,100,4282,1,0
C,E,E,9810,100,9810,1,0
D,E,E,9697,100,9697,1,0
E,F,E,3701,100,3701,1,0
E,G,E,9930,100,9930,1,0
E,H,E,9656,100,9656,1,0
A,F,F,3541,100,3541,1,0
B,F,F,1429,100,1429,1,0
C,F,F,7211,100,7211,1,0
D,F,F,6382,100,6382,1,0
E,F,F,3675,100,3675,1,0
F,G,F,7381,100,7381,1,0
F,H,F,6300,100,6300,1,0
A,G,G,9610,100,9610,1,0
B,G,G,7184,100,7184,1,0
C,G,G,1543,100,1543,1,0
D,G,G,9220,100,9220,1,0
E,G,G,9930,100,9930,1,0
F,G,G,7365,100,7365,1,0
G,H,G,9309,100,9309,1,0
A,H,H,9437,100,9437,1,0
B,H,H,6176,100,6176,1,0
C,H,H,9045,100,9045,1,0
D,H,H,1457,100,1457,1,0
E,H,H,9647,100,9647,1,0
F,H,H,6270,100,6270,1,0
G,H,H,9318,100,9318,1,0
A,B,A,3611,100,3611,1,0
A,C,A,9272,100,9272,1,0
A,D,A,9282,100,9282,1,0
A,E,A,1446,100,1446,1,0
A,F,A,3519,100,3519,1,0
A,G,A,9617,100,9617,1,0
A,H,A,9387,100,9387,1,0
A,B,B,3687,100,3687,1,0
B,C,B,6724,100,6724,1,0
B,D,B,5968,100,5968,1,0
B,E,B,4307,100,4307,1,0
B,F,B,1408,100,1408,1,0
B,G,B,7183,100,7183,1,0
B,H,B,6266,100,6266,1,0
A,C,C,9266,100,9266,1,0
B,C,C,6740,100,6740,1,0
C,D,C,8768,100,8768,1,0
C,E,C,9825,100,9825,1,0
C,F,C,7236,100,7236,1,0
C,G,C,1570,100,1570,1,0
C,H,C,8998,100,8998,1,0
A,D,D,9261,100,9261,1,0
B,D,D,6007,100,6007,1,0
C,D,D,8727,100,8727,1,0
D,E,D,9781,100,9781,1,0
D,F,D,6345,100,6345,1,0
D,G,D,9241,100,9241,1,0
D,H,D,1453,100,1453,1,0
A,E,E,1473,100,1473,1,0
B,E,E,4301,100,4301,1,0
C,E,E,9860,100,9860,1,0
D,E,E,9797,100,9797,1,0
E,F,E,3656,100,3656,1,0
E,G,E,9924,100,9924,1,0
E,H,E,9641,100,9641,1,0
A,F,F,3498,100,3498,1,0
B,F,F,1426,100,1426,1,0
C,F,F,7226,100,7226,1,0
D,F,F,6376,100,6376,1,0
E,F,F,3727,100,3727,1,0
F,G,F,7377,100,7377,1,0
F,H,F,6300,100,6300,1,0
A,G,G,9614,100,9614,1,0
B,G,G,7188,100,7188,1,0
C,G,G,1559,100,1559,1,0
D,G,G,9265,100,9265,1,0
E,G,G,9930,100,9930,1,0
F,G,G,7406,100,7406,1,0
G,H,G,9358,100,9358,1,0
A,H,H,9409,100,9409,1,0
B,H,H,6197,100,6197,1,0
C,H,H,9026,100,9026,1,0
D,H,H,1437,100,1437,1,0
E,H,H,9629,100,9629,1,0
F,H,H,6273,100,6273,1,0
G,H,H,9297,100,9297,1,0
A,B,A,3678,100,3678,1,0
A,C,A,9268,100,9268,1,0
A,D,A,9288,100,9288,1,0
A,E,A,1451,100,1451,1,0
A,F,A,3522,100,3522,1,0
A,G,A,9635,100,9635,1,0
A,H,A,9428,100,9428,1,0
A,B,B,3682,100,3682,1,0
B,C,B,6769,100,6769,1,0
B,D,B,5941,100,5941,1,0
B,E,B,4340,100,4340,1,0
B,F,B,1365,100,1365,1,0
B,G,B,7159,100,7159,1,0
B,H,B,6191,100,6191,1,0
A,C,C,9299,100,9299,1,0
B,C,C,6728,100,6728,1,0
C,D,C,8788,100,8788,1,0
C,E,C,9854,100,9854,1,0
C,F,C,7199,100,7199,1,0
C,G,C,1620,100,1620,1,0
C,H,C,9094,100,9094,1,0
A,D,D,9233,100,9233,1,0
B,D,D,5997,100,5997,1,0
C,D,D,8686,100,8686,1,0
D,E,D,9721,100,9721,1,0
D,F,D,6336,100,6336,1,0
D,G,D,9222,100,9222,1,0
D,H,D,1455,100,1455,1,0
A,E,E,1413,100,1413,1,0
B,E,E,4301,100,4301,1,0
C,E,E,9844,100,9844,1,0
D,E,E,9774,100,9774,1,0
E,F,E,3691,100,3691,1,0
E,G,E,9939,100,9939,1,0
E,H,E,9677,100,9677,1,0
A,F,F,3512,100,3512,1,0
B,F,F,1385,100,1385,1,0
C,F,F,7228,100,7228,1,0
D,F,F,6336,100,6336,1,0
E,F,F,3685,100,3685,1,0
F,G,F,7367,100,7367,1,0
F,H,F,6333,100,6333,1,0
A,G,G,9515,100,9515,1,0
B,G,G,7209,100,7209,1,0
C,G,G,1564,100,1564,1,0
D,G,G,9226,100,9226,1,0
E,G,G,9930,100,9930,1,0
F,G,G,7373,100,7373,1,0
G,H,G,9338,100,9338,1,0
A,H,H,9348,100,9348,1,0
B,H,H,6242,100,6242,1,0
C,H,H,9060,100,9060,1,0
D,H,H,1372,100,1372,1,0
E,H,H,9638,100,9638,1,0
F,H,H,6277,100,6277,1,0
G,H,H,9277,100,9277,1,0
A,B,A,3622,100,3622,1,0
A,C,A,9270,100,9270,1,0
A,D,A,9274,100,9274,1,0
A,E,A,1429,100,1429,1,0
A,F,A,3518,100,3518,1,0
A,G,A,9589,100,9589,1,0
A,H,A,9438,100,9438,1,0
A,B,B,3651,100,3651,1,0
B,C,B,6737,100,6737,1,0
B,D,B,5950,100,5950,1,0
B,E,B,4336,100,4336,1,0
B,F,B,1412,100,1412,1,0
B,G,B,7179,100,7179,1,0
B,H,B,6179,100,6179,1,0
A,C,C,9263,100,9263,1,0
B,C,C,6751,100,6751,1,0
C,D,C,8725,100,8725,1,0
C,E,C,9809,100,9809,1,0
C,F,C,7192,100,7192,1,0
C,G,C,1595,100,1595,1,0
C,H,C,9049,100,9049,1,0
A,D,D,9275,100,9275,1,0
B,D,D,5997,100,5997,1,0
C,D,D,8737,100,8737,1,0
D,E,D,9705,100,9705,1,0
D,F,D,6311,100,6311,1,0
D,G,D,9200,100,9200,1,0
D,H,D,1429,100,1429,1,0
A,E,E,1446,100,1446,1,0
B,E,E,4309,100,4309,1,0
C,E,E,9801,100,9801,1,0
D,E,E,9720,100,9720,1,0
E,F,E,3683,100,3683,1,0
E,G,E,9938,100,9938,1,0
E,H,E,9636,100,9636,1,0
A,F,F,3544,100,3544,1,0
B,F,F,1376,100,1376,1,0
C,F,F,7227,100,7227,1,0
D,F,F,6337,100,6337,1,0
E,F,F,3689,100,3689,1,0
F,G,F,7373,100,7373,1,0
F,H,F,6274,100,6274,1,0
A,G,G,9576,100,9576,1,0
B,G,G,7230,100,7230,1,0
C,G,G,1585,100,1585,1,0
D,G,G,9213,100,9213,1,0
E,G,G,9885,100,9885,1,0
F,G,G,7337,100,7337,1,0
G,H,G,9331,100,9331,1,0
A,H,H,9401,100,9401,1,0
B,H,H,6186,100,6186,1,0
C,H,H,9060,100,9060,1,0
D,H,H,1496,100,1496,1,0
E,H,H,9663,100,9663,1,0
F,H,H,6293,100,6293,1,0
G,H,H,9285,100,9285,1,0
A,B,A,3628,100,3628,1,0
A,C,A,9326,100,9326,1,0
A,D,A,9276,100,9276,1,0
A,E,A,1450,100,1450,1,0
A,F,A,3497,100,3497,1,0
A,G,A,9541,100,9541,1,0
A,H,A,9435,100,9435,1,0
A,B,B,3658,100,3658,1,0
B,C,B,6744,100,6744,1,0
B,D,B,5932,100,5932,1,0
B,E,B,4314,100,4314,1,0
B,F,B,1376,100,1376,1,0
B,G,B,7199,100,7199,1,0
B,H,B,6176,100,6176,1,0
A,C,C,9250,100,9250,1,0
B,C,C,6693,100,6693,1,0
C,D,C,8716,100,8716,1,0
C,E,C,9799,100,9799,1,0
C,F,C,7206,100,7206,1,0
C,G,C,1553,100,1553,1,0
C,H,C,9047,100,9047,1,0
A,D,D,9306,100,9306,1,0
B,D,D,5943,100,5943,1,0
C,D,D,8725,100,8725,1,0
D,E,D,9734,100,9734,1,0
D,F,D,6358,100,6358,1,0
D,G,D,9206,100,9206,1,0
D,H,D,1406,100,1406,1,0
A,E,E,1437,100,1437,1,0
B,E,E,4279,100,4279,1,0
C,E,E,9838,100,9838,1,0
D,E,E,9714,100,9714,1,0
E,F,E,3704,100,3704,1,0
E,G,E,9901,100,9901,1,0
E,H,E,9667,100,9667,1,0
A,F,F,3529,100,3529,1,0
B,F,F,1413,100,1413,1,0
C,F,F,7219,100,7219,1,0
D,F,F,6375,100,6375,1,0
E,F,F,3700,100,3700,1,0
F,G,F,7353,100,7353,1,0
F,H,F,6255,100,6255,1,0
A,G,G,9600,100,9600,1,0
B,G,G,7194,100,7194,1,0
C,G,G,1611,100,1611,1,0
D,G,G,9259,100,9259,1,0
E,G,G,9908,100,9908,1,0
F,G,G,7367,100,7367,1,0
G,H,G,9319,100,9319,1,0
A,H,H,9409,100,9409,1,0
B,H,H,6150,100,6150,1,0
C,H,H,9067,100,9067,1,0
D,H,H,1382,100,1382,1,0
E,H,H,9680,100,9680,1,0
F,H,H,6248,100,6248,1,0
G,H,H,9353,100,9353,1,0
A,B,A,3621,100,3621,1,0
A,C,A,9290,100,9290,1,0
A,D,A,9237,100,9237,1,0
A,E,A,1397,100,1397,1,0
A,F,A,3500,100,3500,1,0
A,G,A,9549,100,9549,1,0
A,H,A,9365,100,9365,1,0
A,B,B,3640,100,3640,1,0
B,C,B,6723,100,6723,1,0
B,D,B,6003,100,6003,1,0
B,E,B,4284,100,4284,1,0
B,F,B,1431,100,1431,1,0
B,G,B,7199,100,7199,1,0
B,H,B,6214,100,6214,1,0
A,C,C,9289,100,9289,1,0
B,C,C,6719,100,6719,1,0
C,D,C,8701,100,8701,1,0
C,E,C,9804,100,9804,1,0
C,F,C,7232,100,7232,1,0
C,G,C,1587,100,1587,1,0
C,H,C,9035,100,9035,1,0
A,D,D,9236,100,9236,1,0
B,D,D,5962,100,5962,1,0
C,D,D,8706,100,8706,1,0
D,E,D,9715,100,9715,1,0
D,F,D,6361,100,6361,1,0
D,G,D,9222,100,9222,1,0
D,H,D,1437,100,1437,1,0
A,E,E,1489,100,1489,1,0
B,E,E,4317,100,4317,1,0
C,E,E,9837,100,9837,1,0
D,E,E,9740,100,9740,1,0
E,F,E,3664,100,3664,1,0
E,G,E,9939,100,9939,1,0
E,H,E,9686,100,9686,1,0
A,F,F,3506,100,3506,1,0
B,F,F,1389,100,1389,1,0
C,F,F,7228,100,7228,1,0
D,F,F,6351,100,6351,1,0
E,F,F,3682,100,3682,1,0
F,G,F,7357,100,7357,1,0
F,H,F,6240,100,6240,1,0
A,G,G,9609,100,9609,1,0
B,G,G,7175,100,7175,1,0
C,G,G,1557,100,1557,1,0
D,G,G,9224,100,9224,1,0
E,G,G,9927,100,9927,1,0
F,G,G,7363,100,7363,1,0
G,H,G,9302,100,9302,1,0
A,H,H,9407,100,9407,1,0
B,H,H,6189,100,6189,1,0
C,H,H,9025,100,9025,1,0
D,H,H,1383,100,1383,1,0
E,H,H,9676,100,9676,1,0
F,H,H,6273,100,6273,1,0
G,H,H,9307,100,9307,1,0
A,B,A,3626,100,3626,1,0
A,C,A,9352,100,9352,1,0
A,D,A,9263,100,9263,1,0
A,E,A,1410,100,1410,1,0
A,F,A,3525,100,3525,1,0
A,G,A,9627,100,9627,1,0
A,H,A,9449,100,9449,1,0
A,B,B,3633,100,3633,1,0
B,C,B,6712,100,6712,1,0
B,D,B,5903,100,5903,1,0
B,E,B,4298,100,4298,1,0
B,F,B,1399,100,1399,1,0
B,G,B,7218,100,7218,1,0
B,H,B,6201,100,6201,1,0
A,C,C,9317,100,9317,1,0
B,C,C,6722,100,6722,1,0
C,D,C,8734,100,8734,1,0
C,E,C,9851,100,9851,1,0
C,F,C,7203,100,7203,1,0
C,G,C,1618,100,1618,1,0
C,H,C,9040,100,9040,1,0
A,D,D,9250,100,9250,1,0
B,D,D,5975,100,5975,1,0
C,D,D,8734,100,8734,1,0
D,E,D,9783,100,9783,1,0
D,F,D,6318,100,6318,1,0
D,G,D,9235,100,9235,1,0
D,H,D,1474,100,1474,1,0
A,E,E,1444,100,1444,1,0
B,E,E,4291,100,4291,1,0
C,E,E,9764,100,9764,1,0
D,E,E,9779,100,9779,1,0
E,F,E,3674,100,3674,1,0
E,G,E,9905,100,9905,1,0
E,H,E,9606,100,9606,1,0
A,F,F,3512,100,3512,1,0
B,F,F,1409,100,1409,1,0
C,F,F,7212,100,7212,1,0
D,F,F,6326,100,6326,1,0
E,F,F,3681,100,3681,1,0
F,G,F,7332,100,7332,1,0
F,H,F,6249,100,6249,1,0
A,G,G,9587,100,9587,1,0
B,G,G,7163,100,7163,1,0
C,G,G,1590,100,1590,1,0
D,G,G,9260,100,9260,1,0
E,G,G,9958,100,9958,1,0
F,G,G,7396,100,7396,1,0
G,H,G,9339,100,9339,1,0
A,H,H,9364,100,9364,1,0
B,H,H,6177,100,6177,1,0
C,H,H,9023,100,9023,1,0
D,H,H,1436,100,1436,1,0
E,H,H,9643,100,9643,1,0
F,H,H,6242,100,6242,1,0
G,H,H,9309,100,9309,1,0
A,B,A,3620,100,3620,1,0
A,C,A,9278,100,9278,1,0
A,D,A,9272,100,9272,1,0
A,E,A,1405,100,1405,1,0
A,F,A,3510,100,3510,1,0
A,G,A,9638,100,9638,1,0
A,H,A,9367,100,9367,1,0
A,B,B,3638,100,3638,1,0
B,C,B,6715,100,6715,1,0
B,D,B,5939,100,5939,1,0
B,E,B,4297,100,4297,1,0
B,F,B,1405,100,1405,1,0
B,G,B,7183,100,7183,1,0
B,H,B,6191,100,6191,1,0
A,C,C,9250,100,9250,1,0
B,C,C,6741,100,6741,1,0
C,D,C,8744,100,8744,1,0
C,E,C,9817,100,9817,1,0
C,F,C,7181,100,7181,1,0
C,G,C,1568,100,1568,1,0
C,H,C,8975,100,8975,1,0
A,D,D,9296,100,9296,1,0
B,D,D,5986,100,5986,1,0
C,D,D,8703,100,8703,1,0
D,E,D,9781,100,9781,1,0
D,F,D,6299,100,6299,1,0
D,G,D,9201,100,9201,1,0
D,H,D,1449,100,1449,1,0
A,E,E,1427,100,1427,1,0
B,E,E,4304,100,4304,1,0
C,E,E,9820,100,9820,1,0
D,E,E,9740,100,9740,1,0
E,F,E,3687,100,3687,1,0
E,G,E,9906,100,9906,1,0
E,H,E,9637,100,9637,1,0
A,F,F,3506,100,3506,1,0
B,F,F,1442,100,1442,1,0
C,F,F,7222,100,7222,1,0
D,F,F,6320,100,6320,1,0
E,F,F,3683,100,3683,1,0
F,G,F,7373,100,7373,1,0
F,H,F,6268,100,6268,1,0
A,G,G,9607,100,9607,1,0
B,G,G,7208,100,7208,1,0
C,G,G,1564,100,1564,1,0
D,G,G,9215,100,9215,1,0
E,G,G,9926,100,9926,1,0
F,G,G,7366,100,7366,1,0
G,H,G,9298,100,9298,1,0
A,H,H,9360,100,9360,1,0
B,H,H,6193,100,6193,1,0
C,H,H,9058,100,9058,1,0
D,H,H,1384,100,1384,1,0
E,H,H,9648,100,9648,1,0
F,H,H,6252,100,6252,1,0
G,H,H,9298,100,9298,1,0
A,B,A,3642,100,3642,1,0
A,C,A,9323,100,9323,1,0
A,D,A,9262,100,9262,1,0
A,E,A,1503,100,1503,1,0
A,F,A,3520,100,3520,1,0
A,G,A,9615,100,9615,1,0
A,H,A,9421,100,9421,1,0
A,B,B,3607,100,3607,1,0
B,C,B,6716,100,6716,1,0
B,D,B,5974,100,5974,1,0
B,E,B,4353,100,4353,1,0
B,F,B,1375,100,1375,1,0
B,G,B,7179,100,7179,1,0
B,H,B,6189,100,6189,1,0
A,C,C,9318,100,9318,1,0
B,C,C,6701,100,6701,1,0
C,D,C,8679,100,8679,1,0
C,E,C,9844,100,9844,1,0
C,F,C,7203,100,7203,1,0
C,G,C,1543,100,1543,1,0
C,H,C,9067,100,9067,1,0
A,D,D,9266,100,9266,1,0
B,D,D,5941,100,5941,1,0
C,D,D,8695,100,8695,1,0
D,E,D,9763,100,9763,1,0
D,F,D,6337,100,6337,1,0
D,G,D,9210,100,9210,1,0
D,H,D,1398,100,1398,1,0
A,E,E,1452,100,1452,1,0
B,E,E,4316,100,4316,1,0
C,E,E,9831,100,9831,1,0
D,E,E,9726,100,9726,1,0
E,F,E,3675,100,3675,1,0
E,G,E,9940,100,9940,1,0
E,H,E,9642,100,9642,1,0
A,F,F,3492,100,3492,1,0
B,F,F,1405,100,1405,1,0
C,F,F,7198,100,7198,1,0
D,F,F,6344,100,6344,1,0
E,F,F,3701,100,3701,1,0
F,G,F,7402,100,7402,1,0
F,H,F,6247,100,6247,1,0
A,G,G,9636,100,9636,1,0
B,G,G,7198,100,7198,1,0
C,G,G,1604,100,1604,1,0
D,G,G,9234,100,9234,1,0
E,G,G,9925,100,9925,1,0
F,G,G,7360,100,7360,1,0
G,H,G,9343,100,9343,1,0
A,H,H,9411,100,9411,1,0
B,H,H,6201,100,6201,1,0
C,H,H,9062,100,9062,1,0
D,H,H,1395,100,1395,1,0
E,H,H,9632,100,9632,1,0
F,H,H,6252,100,6252,1,0
G,H,H,9342,100,9342,1,0
A,B,A,3614,100,3614,1,0
A,C,A,9303,100,9303,1,0
A,D,A,9283,100,9283,1,0
A,E,A,1404,100,1404,1,0
A,F,A,3545,100,3545,1,0
A,G,A,9579,100,9579,1,0
A,H,A,9391,100,9391,1,0
A,B,B,3611,100,3611,1,0
B,C,B,6709,100,6709,1,0
B,D,B,5950,100,5950,1,0
B,E,B,4290,100,4290,1,0
B,F,B,1388,100,1388,1,0
B,G,B,7191,100,7191,1,0
B,H,B,6242,100,6242,1,0
A,C,C,9354,100,9354,1,0
B,C,C,6742,100,6742,1,0
C,D,C,8719,100,8719,1,0
C,E,C,9815,100,9815,1,0
C,F,C,7213,100,7213,1,0
C,G,C,1578,100,1578,1,0
C,H,C,9088,100,9088,1,0
A,D,D,9307,100,9307,1,0
B,D,D,5926,100,5926,1,0
C,D,D,8710,100,8710,1,0
D,E,D,9725,100,9725,1,0
D,F,D,6350,100,6350,1,0
D,G,D,9238,100,9238,1,0
D,H,D,1465,100,1465,1,0
A,E,E,1415,100,1415,1,0
B,E,E,4359,100,4359,1,0
C,E,E,9833,100,9833,1,0
D,E,E,9754,100,9754,1,0
E,F,E,3685,100,3685,1,0
E,G,E,9938,100,9938,1,0
E,H,E,9658,100,9658,1,0
A,F,F,3556,100,3556,1,0
B,F,F,1367,100,1367,1,0
C,F,F,7199,100,7199,1,0
D,F,F,6334,100,6334,1,0
E,F,F,3695,100,3695,1,0
F,G,F,7354,100,7354,1,0
F,H,F,6255,100,6255,1,0
A,G,G,9570,100,9570,1,0
B,G,G,7160,100,7160,1,0
C,G,G,1616,100,1616,1,0
D,G,G,9227,100,9227,1,0
E,G,G,9927,100,9927,1,0
F,G,G,7368,100,7368,1,0
G,H,G,9320,100,9320,1,0
A,H,H,9398,100,9398,1,0
B,H,H,6224,100,6224,1,0
C,H,H,9018,100,9018,1,0
D,H,H,1418,100,1418,1,0
E,H,H,9641,100,9641,1,0
F,H,H,6283,100,6283,1,0
G,H,H,9324,100,9324,1,0
A,B,A,3643,100,3643,1,0
A,C,A,9313,100,9313,1,0
A,D,A,9287,100,9287,1,0
A,E,A,1448,100,1448,1,0
A,F,A,3507,100,3507,1,0
A,G,A,9555,100,9555,1,0
A,H,A,9445,100,9445,1,0
A,B,B,3638,100,3638,1,0
B,C,B,6728,100,6728,1,0
B,D,B,5999,100,5999,1,0
B,E,B,4299,100,4299,1,0
B,F,B,1415,100,1415,1,0
B,G,B,7216,100,7216,1,0
B,H,B,6188,100,6188,1,0
A,C,C,9292,100,9292,1,0
B,C,C,6725,100,6725,1,0
C,D,C,8713,100,8713,1,0
C,E,C,9821,100,9821,1,0
C,F,C,7161,100,7161,1,0
C,G,C,1540,100,1540,1,0
C,H,C,9078,100,9078,1,0
A,D,D,9254,100,9254,1,0
B,D,D,5989,100,5989,1,0
C,D,D,8729,100,8729,1,0
D,E,D,9788,100,9788,1,0
D,F,D,6324,100,6324,1,0
D,G,D,9194,100,9194,1,0
D,H,D,1463,100,1463,1,0
A,E,E,1446,100,1446,1,0
B,E,E,4324,100,4324,1,0
C,E,E,9786,100,9786,1,0
D,E,E,9753,100,9753,1,0
E,F,E,3669,100,3669,1,0
E,G,E,9939,100,9939,1,0
E,H,E,9642,100,9642,1,0
A,F,F,3518,100,3518,1,0
B,F,F,1400,100,1400,1,0
C,F,F,7217,100,7217,1,0
D,F,F,6361,100,6361,1,0
E,F,F,3731,100,3731,1,0
F,G,F,7351,100,7351,1,0
F,H,F,6243,100,6243,1,0
A,G,G,9557,100,9557,1,0
B,G,G,7167,100,7167,1,0
C,G,G,1594,100,1594,1,0
D,G,G,9236,100,9236,1,0
E,G,G,9904,100,9904,1,0
F,G,G,7365,100,7365,1,0
G,H,G,9285,100,9285,1,0
A,H,H,9477,100,9477,1,0
B,H,H,6195,100,6195,1,0
C,H,H,9039,100,9039,1,0
D,H,H,1385,100,1385,1,0
E,H,H,9613,100,9613,1,0
F,H,H,6273,100,6273,1,0
G,H,H,9361,100,9361,1,0
A,B,A,3687,100,3687,1,0
A,C,A,9338,100,9338,1,0
A,D,A,9250,100,9250,1,0
A,E,A,1459,100,1459,1,0
A,F,A,3528,100,3528,1,0
A,G,A,9626,100,9626,1,0
A,H,A,9386,100,9386,1,0
A,B,B,3658,100,3658,1,0
B,C,B,6708,100,6708,1,0
B,D,B,5952,100,5952,1,0
B,E,B,4352,100,4352,1,0
B,F,B,1394,100,1394,1,0
B,G,B,7197,100,7197,1,0
B,H,B,6233,100,6233,1,0
A,C,C,9348,100,9348,1,0
B,C,C,6727,100,6727,1,0
C,D,C,8735,100,8735,1,0
C,E,C,9854,100,9854,1,0
C,F,C,7177,100,7177,1,0
C,G,C,1617,100,1617,1,0
C,H,C,9081,100,9081,1,0
A,D,D,9296,100,9296,1,0
B,D,D,5984,100,5984,1,0
C,D,D,8698,100,8698,1,0
D,E,D,9754,100,9754,1,0
D,F,D,6337,100,6337,1,0
D,G,D,9236,100,9236,1,0
D,H,D,1486,100,1486,1,0
A,E,E,1452,100,1452,1,0
B,E,E,4297,100,4297,1,0
C,E,E,9854,100,9854,1,0
D,E,E,9713,100,9713,1,0
E,F,E,3689,100,3689,1,0
E,G,E,9931,100,9931,1,0
E,H,E,9699,100,9699,1,0
A,F,F,3524,100,3524,1,0
B,F,F,1410,100,1410,1,0
C,F,F,7228,100,7228,1,0
D,F,F,6336,100,6336,1,0
E,F,F,3677,100,3677,1,0
F,G,F,7402,100,7402,1,0
F,H,F,6258,100,6258,1,0
A,G,G,9561,100,9561,1,0
B,G,G,7204,100,7204,1,0
C,G,G,1597,100,1597,1,0
D,G,G,9231,100,9231,1,0
E,G,G,9890,100,9890,1,0
F,G,G,7399,100,7399,1,0
G,H,G,9314,100,9314,1,0
A,H,H,9397,100,9397,1,0
B,H,H,6196,100,6196,1,0
C,H,H,9077,100,9077,1,0
D,H,H,1407,100,1407,1,0
E,H,H,9629,100,9629,1,0
F,H,H,6266,100,6266,1,0
G,H,H,9352,100,9352,1,0
A,B,A,3653,100,3653,1,0
A,C,A,9297,100,9297,1,0
A,D,A,9271,100,9271,1,0
A,E,A,1444,100,1444,1,0
A,F,A,3559,100,3559,1,0
A,G,A,9563,100,9563,1,0
A,H,A,9398,100,9398,1,0
A,B,B,3632,100,3632,1,0
B,C,B,6693,100,6693,1,0
B,D,B,5993,100,5993,1,0
B,E,B,4284,100,4284,1,0
B,F,B,1421,100,1421,1,0
B,G,B,7177,100,7177,1,0
B,H,B,6214,100,6214,1,0
A,C,C,9345,100,9345,1,0
B,C,C,6730,100,6730,1,0
C,D,C,8726,100,8726,1,0
C,E,C,9861,100,9861,1,0
C,F,C,7204,100,7204,1,0
C,G,C,1556,100,1556,1,0
C,H,C,9052,100,9052,1,0
A,D,D,9274,100,9274,1,0
B,D,D,5899,100,5899,1,0
C,D,D,8733,100,8733,1,0
D,E,D,9747,100,9747,1,0
D,F,D,6346,100,6346,1,0
D,G,D,9246,100,9246,1,0
D,H,D,1457,100,1457,1,0
A,E,E,1474,100,1474,1,0
B,E,E,4319,100,4319,1,0
C,E,E,9861,100,9861,1,0
D,E,E,9774,100,9774,1,0
E,F,E,3718,100,3718,1,0
E,G,E,9906,100,9906,1,0
E,H,E,9682,100,9682,1,0
A,F,F,3517,100,3517,1,0
B,F,F,1399,100,1399,1,0
C,F,F,7227,100,7227,1,0
D,F,F,6361,100,6361,1,0
E,F,F,3697,100,3697,1,0
F,G,F,7343,100,7343,1,0
F,H,F,6286,100,6286,1,0
A,G,G,9615,100,9615,1,0
B,G,G,7154,100,7154,1,0
C,G,G,1623,100,1623,1,0
D,G,G,9222,100,9222,1,0
E,G,G,9908,100,9908,1,0
F,G,G,7376,100,7376,1,0
G,H,G,9362,100,9362,1,0
A,H,H,9357,100,9357,1,0
B,H,H,6226,100,6226,1,0
C,H,H,9039,100,9039,1,0
D,H,H,1417,100,1417,1,0
E,H,H,9641,100,9641,1,0
F,H,H,6283,100,6283,1,0
G,H,H,9316,100,9316,1,0
A,B,A,3616,100,3616,1,0
A,C,A,9271,100,9271,1,0
A,D,A,9254,100,9254,1,0
A,E,A,1452,100,1452,1,0
A,F,A,3508,100,3508,1,0
A,G,A,9625,100,9625,1,0
A,H,A,9426,100,9426,1,0
A,B,B,3638,100,3638,1,0
B,C,B,6764,100,6764,1,0
B,D,B,5978,100,5978,1,0
B,E,B,4283,100,4283,1,0
B,F,B,1398,100,1398,1,0
B,G,B,7216,100,7216,1,0
B,H,B,6217,100,6217,1,0
A,C,C,9284,100,9284,1,0
B,C,C,6737,100,6737,1,0
C,D,C,8743,100,8743,1,0
C,E,C,9793,100,9793,1,0
C,F,C,7217,100,7217,1,0
C,G,C,1619,100,1619,1,0
C,H,C,9049,100,9049,1,0
A,D,D,9289,100,9289,1,0
B,D,D,5951,100,5951,1,0
C,D,D,8728,100,8728,1,0
D,E,D,9675,100,9675,1,0
D,F,D,6322,100,6322,1,0
D,G,D,9200,100,9200,1,0
D,H,D,1400,100,1400,1,0
A,E,E,1466,100,1466,1,0
B,E,E,4269,100,4269,1,0
C,E,E,9806,100,9806,1,0
D,E,E,9731,100,9731,1,0
E,F,E,3660,100,3660,1,0
E,G,E,9914,100,9914,1,0
E,H,E,9681,100,9681,1,0
A,F,F,3516,100,3516,1,0
B,F,F,1385,100,1385,1,0
C,F,F,7199,100,7199,1,0
D,F,F,6382,100,6382,1,0
E,F,F,3716,100,3716,1,0
F,G,F,7359,100,7359,1,0
F,H,F,6255,100,6255,1,0
A,G,G,9608,100,9608,1,0
B,G,G,7157,100,7157,1,0
C,G,G,1578,100,1578,1,0
D,G,G,9233,100,9233,1,0
E,G,G,9931,100,9931,1,0
F,G,G,7361,100,7361,1,0
G,H,G,9315,100,9315,1,0
A,H,H,9399,100,9399,1,0
B,H,H,6253,100,6253,1,0
C,H,H,9036,100,9036,1,0
D,H,H,1412,100,1412,1,0
E,H,H,9655,100,9655,1,0
F,H,H,6266,100,6266,1,0
G,H,H,9307,100,9307,1,0
A,B,A,3638,100,3638,1,0
A,C,A,9278,100,9278,1,0
A,D,A,9263,100,9263,1,0
A,E,A,1467,100,1467,1,0
A,F,A,3492,100,3492,1,0
A,G,A,9623,100,9623,1,0
A,H,A,9426,100,9426,1,0
A,B,B,3649,100,3649,1,0
B,C,B,6736,100,6736,1,0
B,D,B,5955,100,5955,1,0
B,E,B,4329,100,4329,1,0
B,F,B,1403,100,1403,1,0
B,G,B,7191,100,7191,1,0
B,H,B,6234,100,6234,1,0
A,C,C,9290,100,9290,1,0
B,C,C,6714,100,6714,1,0
C,D,C,8767,100,8767,1,0
C,E,C,9803,100,9803,1,0
C,F,C,7217,100,7217,1,0
C,G,C,1575,100,1575,1,0
C,H,C,9020,100,9020,1,0
A,D,D,9288,100,9288,1,0
B,D,D,5933,100,5933,1,0
C,D,D,8718,100,8718,1,0
D,E,D,9788,100,9788,1,0
D,F,D,6335,100,6335,1,0
D,G,D,9194,100,9194,1,0
D,H,D,1423,100,1423,1,0
A,E,E,1394,100,1394,1,0
B,E,E,4311,100,4311,1,0
C,E,E,9870,100,9870,1,0
D,E,E,9706,100,9706,1,0
E,F,E,3746,100,3746,1,0
E,G,E,9919,100,9919,1,0
E,H,E,9671,100,9671,1,0
A,F,F,3489,100,3489,1,0
B,F,F,1439,100,1439,1,0
C,F,F,7218,100,7218,1,0
D,F,F,6348,100,6348,1,0
E,F,F,3700,100,3700,1,0
F,G,F,7355,100,7355,1,0
F,H,F,6283,100,6283,1,0
A,G,G,9639,100,9639,1,0
B,G,G,7185,100,7185,1,0
C,G,G,1582,100,1582,1,0
D,G,G,9234,100,9234,1,0
E,G,G,9928,100,9928,1,0
F,G,G,7366,100,7366,1,0
G,H,G,9335,100,9335,1,0
A,H,H,9422,100,9422,1,0
B,H,H,6221,100,6221,1,0
C,H,H,9039,100,9039,1,0
D,H,H,1428,100,1428,1,0
E,H,H,9675,100,9675,1,0
F,H,H,6261,100,6261,1,0
G,H,H,9311,100,9311,1,0
A,B,A,3652,100,3652,1,0
A,C,A,9342,100,9342,1,0
A,D,A,9288,100,9288,1,0
A,E,A,1412,100,1412,1,0
A,F,A,3507,100,3507,1,0
A,G,A,9658,100,9658,1,0
A,H,A,9371,100,9371,1,0
A,B,B,3612,100,3612,1,0
B,C,B,6724,100,6724,1,0
B,D,B,6001,100,6001,1,0
B,E,B,4334,100,4334,1,0
B,F,B,1431,100,1431,1,0
B,G,B,7183,100,7183,1,0
B,H,B,6176,100,6176,1,0
A,C,C,9275,100,9275,1,0
B,C,C,6788,100,6788,1,0
C,D,C,8714,100,8714,1,0
C,E,C,9837,100,9837,1,0
C,F,C,7235,100,7235,1,0
C,G,C,1628,100,1628,1,0
C,H,C,9001,100,9001,1,0
A,D,D,9268,100,9268,1,0
B,D,D,5947,100,5947,1,0
C,D,D,8711,100,8711,1,0
D,E,D,9754,100,9754,1,0
D,F,D,6372,100,6372,1,0
D,G,D,9242,100,9242,1,0
D,H,D,1362,100,1362,1,0
A,E,E,1478,100,1478,1,0
B,E,E,4277,100,4277,1,0
C,E,E,9852,100,9852,1,0
D,E,E,9733,100,9733,1,0
E,F,E,3725,100,3725,1,0
E,G,E,9920,100,9920,1,0
E,H,E,9667,100,9667,1,0
A,F,F,3527,100,3527,1,0
B,F,F,1405,100,1405,1,0
C,F,F,7214,100,7214,1,0
D,F,F,6348,100,6348,1,0
E,F,F,3680,100,3680,1,0
F,G,F,7392,100,7392,1,0
F,H,F,6276,100,6276,1,0
A,G,G,9602,100,9602,1,0
B,G,G,7190,100,7190,1,0
C,G,G,1598,100,1598,1,0
D,G,G,9224,100,9224,1,0
E,G,G,9916,100,9916,1,0
F,G,G,7394,100,7394,1,0
G,H,G,9317,100,9317,1,0
A,H,H,9436,100,9436,1,0
B,H,H,6189,100,6189,1,0
C,H,H,9041,100,9041,1,0
D,H,H,1419,100,1419,1,0
E,H,H,9625,100,9625,1,0
F,H,H,6301,100,6301,1,0
G,H,H,9319,100,9319,1,0
A,B,A,3645,100,3645,1,0
A,C,A,9268,100,9268,1,0
A,D,A,9271,100,9271,1,0
A,E,A,1461,100,1461,1,0
A,F,A,3471,100,3471,1,0
A,G,A,9615,100,9615,1,0
A,H,A,9413,100,9413,1,0
A,B,B,3605,100,3605,1,0
B,C,B,6733,100,6733,1,0
B,D,B,5943,100,5943,1,0
B,E,B,4327,100,4327,1,0
B,F,B,1417,100,1417,1,0
B,G,B,7175,100,7175,1,0
B,H,B,6230,100,6230,1,0
A,C,C,9276,100,9276,1,0
B,C,C,6781,100,6781,1,0
C,D,C,8740,100,8740,1,0
C,E,C,9838,100,9838,1,0
C,F,C,7211,100,7211,1,0
C,G,C,1606,100,1606,1,0
C,H,C,9062,100,9062,1,0
A,D,D,9279,100,9279,1,0
B,D,D,5942,100,5942,1,0
C,D,D,8760,100,8760,1,0
D,E,D,9698,100,9698,1,0
D,F,D,6352,100,6352,1,0
D,G,D,9257,100,9257,1,0
D,H,D,1398,100,1398,1,0
A,E,E,1394,100,1394,1,0
B,E,E,4301,100,4301,1,0
C,E,E,9827,100,9827,1,0
D,E,E,9768,100,9768,1,0
E,F,E,3685,100,3685,1,0
E,G,E,9920,100,9920,1,0
E,H,E,9623,100,9623,1,0
A,F,F,3574,100,3574,1,0
B,F,F,1409,100,1409,1,0
C,F,F,7197,100,7197,1,0
D,F,F,6351,100,6351,1,0
E,F,F,3675,100,3675,1,0
F,G,F,7384,100,7384,1,0
F,H,F,6206,100,6206,1,0
A,G,G,9627,100,9627,1,0
B,G,G,7208,100,7208,1,0
C,G,G,1615,100,1615,1,0
D,G,G,9222,100,9222,1,0
E,G,G,9922,100,9922,1,0
F,G,G,7336,100,7336,1,0
G,H,G,9323,100,9323,1,0
A,H,H,9409,100,9409,1,0
B,H,H,6206,100,6206,1,0
C,H,H,9030,100,9030,1,0
D,H,H,1440,100,1440,1,0
E,H,H,9669,100,9669,1,0
F,H,H,6262,100,6262,1,0
G,H,H,9365,100,9365,1,0
A,B,A,3664,100,3664,1,0
A,C,A,9284,100,9284,1,0
A,D,A,9274,100,9274,1,0
A,E,A,1444,100,1444,1,0
A,F,A,3531,100,3531,1,0
A,G,A,9640,100,9640,1,0
A,H,A,9407,100,9407,1,0
A,B,B,3606,100,3606,1,0
B,C,B,6737,100,6737,1,0
B,D,B,5987,100,5987,1,0
B,E,B,4303,100,4303,1,0
B,F,B,1395,100,1395,1,0
B,G,B,7194,100,7194,1,0
B,H,B,6189,100,6189,1,0
A,C,C,9325,100,9325,1,0
B,C,C,6712,100,6712,1,0
C,D,C,8676,100,8676,1,0
C,E,C,9813,100,9813,1,0
C,F,C,7201,100,7201,1,0
C,G,C,1554,100,1554,1,0
C,H,C,9055,100,9055,1,0
A,D,D,9268,100,9268,1,0
B,D,D,5962,100,5962,1,0
C,D,D,8726,100,8726,1,0
D,E,D,9735,100,9735,1,0
D,F,D,6355,100,6355,1,0
D,G,D,9275,100,9275,1,0
D,H,D,1400,100,1400,1,0
A,E,E,1402,100,1402,1,0
B,E,E,4292,100,4292,1,0
C,E,E,9786,100,9786,1,0
D,E,E,9747,100,9747,1,0
E,F,E,3721,100,3721,1,0
E,G,E,9931,100,9931,1,0
E,H,E,9618,100,9618,1,0
A,F,F,3508,100,3508,1,0
B,F,F,1399,100,1399,1,0
C,F,F,7221,100,7221,1,0
D,F,F,6339,100,6339,1,0
E,F,F,3685,100,3685,1,0
F,G,F,7368,100,7368,1,0
F,H,F,6302,100,6302,1,0
A,G,G,9610,100,9610,1,0
B,G,G,7227,100,7227,1,0
C,G,G,1626,100,1626,1,0
D,G,G,9219,100,9219,1,0
E,G,G,9916,100,9916,1,0
F,G,G,7362,100,7362,1,0
G,H,G,9374,100,9374,1,0
A,H,H,9420,100,9420,1,0
B,H,H,6171,100,6171,1,0
C,H,H,9020,100,9020,1,0
D,H,H,1475,100,1475,1,0
E,H,H,9659,100,9659,1,0
F,H,H,6251,100,6251,1,0
G,H,H,9287,100,9287,1,0
A,B,A,3671,100,3671,1,0
A,C,A,9290,100,9290,1,0
A,D,A,9269,100,9269,1,0
A,E,A,1426,100,1426,1,0
A,F,A,3509,100,3509,1,0
A,G,A,9622,100,9622,1,0
A,H,A,9412,100,9412,1,0
A,B,B,3599,100,3599,1,0
B,C,B,6743,100,6743,1,0
B,D,B,5911,100,5911,1,0
B,E,B,4286,100,4286,1,0
B,F,B,1351,100,1351,1,0
B,G,B,7195,100,7195,1,0
B,H,B,6199,100,6199,1,0
A,C,C,9302,100,9302,1,0
B,C,C,6747,100,6747,1,0
C,D,C,8727,100,8727,1,0
C,E,C,9823,100,9823,1,0
C,F,C,7212,100,7212,1,0
C,G,C,1589,100,1589,1,0
C,H,C,9077,100,9077,1,0
A,D,D,9264,100,9264,1,0
B,D,D,5955,100,5955,1,0
C,D,D,8745,100,8745,1,0
D,E,D,9786,100,9786,1,0
D,F,D,6346,100,6346,1,0
D,G,D,9269,100,9269,1,0
D,H,D,1455,100,1455,1,0
A,E,E,1428,100,1428,1,0
B,E,E,4300,100,4300,1,0
C,E,E,9859,100,9859,1,0
D,E,E,9691,100,9691,1,0
E,F,E,3689,100,3689,1,0
E,G,E,9899,100,9899,1,0
E,H,E,9680,100,9680,1,0
A,F,F,3570,100,3570,1,0
B,F,F,1397,100,1397,1,0
C,F,F,7197,100,7197,1,0
D,F,F,6357,100,6357,1,0
E,F,F,3681,100,3681,1,0
F,G,F,7346,100,7346,1,0
F,H,F,6269,100,6269,1,0
A,G,G,9608,100,9608,1,0
B,G,G,7213,100,7213,1,0
C,G,G,1568,100,1568,1,0
D,G,G,9236,100,9236,1,0
E,G,G,9914,100,9914,1,0
F,G,G,7367,100,7367,1,0
G,H,G,9330,100,9330,1,0
A,H,H,9418,100,9418,1,0
B,H,H,6211,100,6211,1,0
C,H,H,9101,100,9101,1,0
D,H,H,1391,100,1391,1,0
E,H,H,9629,100,9629,1,0
F,H,H,6258,100,6258,1,0
G,H,H,9333,100,9333,1,0
A,B,A,3651,100,3651,1,0
A,C,A,9355,100,9355,1,0
A,D,A,9246,100,9246,1,0
A,E,A,1405,100,1405,1,0
A,F,A,3511,100,3511,1,0
A,G,A,9613,100,9613,1,0
A,H,A,9404,100,9404,1,0
A,B,B,3617,100,3617,1,0
B,C,B,6752,100,6752,1,0
B,D,B,5948,100,5948,1,0
B,E,B,4326,100,4326,1,0
B,F,B,1411,100,1411,1,0
B,G,B,7214,100,7214,1,0
B,H,B,6279,100,6279,1,0
A,C,C,9305,100,9305,1,0
B,C,C,6706,100,6706,1,0
C,D,C,8723,100,8723,1,0
C,E,C,9807,100,9807,1,0
C,F,C,7193,100,7193,1,0
C,G,C,1574,100,1574,1,0
C,H,C,9024,100,9024,1,0
A,D,D,9298,100,9298,1,0
B,D,D,5994,100,5994,1,0
C,D,D,8685,100,8685,1,0
D,E,D,9703,100,9703,1,0
D,F,D,6323,100,6323,1,0
D,G,D,9240,100,9240,1,0
D,H,D,1369,100,1369,1,0
A,E,E,1496,100,1496,1,0
B,E,E,4343,100,4343,1,0
C,E,E,9827,100,9827,1,0
D,E,E,9725,100,9725,1,0
E,F,E,3669,100,3669,1,0
E,G,E,9903,100,9903,1,0
E,H,E,9648,100,9648,1,0
A,F,F,3509,100,3509,1,0
B,F,F,1400,100,1400,1,0
C,F,F,7196,100,7196,1,0
D,F,F,6359,100,6359,1,0
E,F,F,3696,100,3696,1,0
F,G,F,7403,100,7403,1,0
F,H,F,6272,100,6272,1,0
A,G,G,9630,100,9630,1,0
B,G,G,7175,100,7175,1,0
C,G,G,1577,100,1577,1,0
D,G,G,9229,100,9229,1,0
E,G,G,9885,100,9885,1,0
F,G,G,7359,100,7359,1,0
G,H,G,9345,100,9345,1,0
A,H,H,9424,100,9424,1,0
B,H,H,6184,100,6184,1,0
C,H,H,9048,100,9048,1,0
D,H,H,1441,100,1441,1,0
E,H,H,9642,100,9642,1,0
F,H,H,6324,100,6324,1,0
G,H,H,9330,100,9330,1,0
A,B,A,3642,100,3642,1,0
A,C,A,9336,100,9336,1,0
A,D,A,9283,100,9283,1,0
A,E,A,1445,100,1445,1,0
A,F,A,3504,100,3504,1,0
A,G,A,9597,100,9597,1,0
A,H,A,9404,100,9404,1,0
A,B,B,3654,100,3654,1,0
B,C,B,6726,100,6726,1,0
B,D,B,5954,100,5954,1,0
B,E,B,4296,100,4296,1,0
B,F,B,1376,100,1376,1,0
B,G,B,7185,100,7185,1,0
B,H,B,6184,100,6184,1,0
A,C,C,9303,100,9303,1,0
B,C,C,6718,100,6718,1,0
C,D,C,8725,100,8725,1,0
C,E,C,9854,100,9854,1,0
C,F,C,7204,100,7204,1,0
C,G,C,1553,100,1553,1,0
C,H,C,9032,100,9032,1,0
A,D,D,9257,100,9257,1,0
B,D,D,5969,100,5969,1,0
C,D,D,8706,100,8706,1,0
D,E,D,9776,100,9776,1,0
D,F,D,6391,100,6391,1,0
D,G,D,9220,100,9220,1,0
D,H,D,1426,100,1426,1,0
A,E,E,1383,100,1383,1,0
B,E,E,4333,100,4333,1,0
C,E,E,9864,100,9864,1,0
D,E,E,9720,100,9720,1,0
E,F,E,3734,100,3734,1,0
E,G,E,9886,100,9886,1,0
E,H,E,9662,100,9662,1,0
A,F,F,3502,100,3502,1,0
B,F,F,1403,100,1403,1,0
C,F,F,7212,100,7212,1,0
D,F,F,6328,100,6328,1,0
E,F,F,3688,100,3688,1,0
F,G,F,7370,100,7370,1,0
F,H,F,6241,100,6241,1,0
A,G,G,9616,100,9616,1,0
B,G,G,7231,100,7231,1,0
C,G,G,1576,100,1576,1,0
D,G,G,9204,100,9204,1,0
E,G,G,9946,100,9946,1,0
F,G,G,7376,100,7376,1,0
G,H,G,9329,100,9329,1,0
A,H,H,9439,100,9439,1,0
B,H,H,6201,100,6201,1,0
C,H,H,9053,100,9053,1,0
D,H,H,1514,100,1514,1,0
E,H,H,9664,100,9664,1,0
F,H,H,6246,100,6246,1,0
G,H,H,9361,100,9361,1,0
A,B,A,3660,100,3660,1,0
A,C,A,9277,100,9277,1,0
A,D,A,9265,100,9265,1,0
A,E,A,1423,100,1423,1,0
A,F,A,3506,100,3506,1,0
A,G,A,9637,100,9637,1,0
A,H,A,9457,100,9457,1,0
A,B,B,3671,100,3671,1,0
B,C,B,6742,100,6742,1,0
B,D,B,5915,100,5915,1,0
B,E,B,4329,100,4329,1,0
B,F,B,1361,100,1361,1,0
B,G,B,7137,100,7137,1,0
B,H,B,6153,100,6153,1,0
A,C,C,9210,100,9210,1,0
B,C,C,6776,100,6776,1,0
C,D,C,8744,100,8744,1,0
C,E,C,9795,100,9795,1,0
C,F,C,7226,100,7226,1,0
C,G,C,1605,100,1605,1,0
C,H,C,9032,100,9032,1,0
A,D,D,9279,100,9279,1,0
B,D,D,5952,100,5952,1,0
C,D,D,8703,100,8703,1,0
D,E,D,9689,100,9689,1,0
D,F,D,6356,100,6356,1,0
D,G,D,9219,100,9219,1,0
D,H,D,1436,100,1436,1,0
A,E,E,1461,100,1461,1,0
B,E,E,4278,100,4278,1,0
C,E,E,9850,100,9850,1,0
D,E,E,9663,100,9663,1,0
E,F,E,3684,100,3684,1,0
E,G,E,9914,100,9914,1,0
E,H,E,9668,100,9668,1,0
A,F,F,3530,100,3530,1,0
B,F,F,1398,100,1398,1,0
C,F,F,7221,100,7221,1,0
D,F,F,6352,100,6352,1,0
E,F,F,3690,100,3690,1,0
F,G,F,7368,100,7368,1,0
F,H,F,6280,100,6280,1,0
A,G,G,9598,100,9598,1,0
B,G,G,7217,100,7217,1,0
C,G,G,1607,100,1607,1,0
D,G,G,9262,100,9262,1,0
E,G,G,9944,100,9944,1,0
F,G,G,7347,100,7347,1,0
G,H,G,9355,100,9355,1,0
A,H,H,9424,100,9424,1,0
B,H,H,6188,100,6188,1,0
C,H,H,9017,100,9017,1,0
D,H,H,1482,100,1482,1,0
E,H,H,9638,100,9638,1,0
F,H,H,6238,100,6238,1,0
G,H,H,9300,100,9300,1,0
A,B,A,3665,100,3665,1,0
A,C,A,9286,100,9286,1,0
A,D,A,9260,100,9260,1,0
A,E,A,1430,100,1430,1,0
A,F,A,3546,100,3546,1,0
A,G,A,9637,100,9637,1,0
A,H,A,9421,100,9421,1,0
A,B,B,3613,100,3613,1,0
B,C,B,6726,100,6726,1,0
B,D,B,5938,100,5938,1,0
B,E,B,4308,100,4308,1,0
B,F,B,1373,100,1373,1,0
B,G,B,7208,100,7208,1,0
B,H,B,6180,100,6180,1,0
A,C,C,9258,100,9258,1,0
B,C,C,6757,100,6757,1,0
C,D,C,8738,100,8738,1,0
C,E,C,9815,100,9815,1,0
C,F,C,7195,100,7195,1,0
C,G,C,1549,100,1549,1,0
C,H,C,9035,100,9035,1,0
A,D,D,9269,100,9269,1,0
B,D,D,5937,100,5937,1,0
C,D,D,8758,100,8758,1,0
D,E,D,9710,100,9710,1,0
D,F,D,6368,100,6368,1,0
D,G,D,9260,100,9260,1,0
D,H,D,1439,100,1439,1,0
A,E,E,1475,100,1475,1,0
B,E,E,4325,100,4325,1,0
C,E,E,9831,100,9831,1,0
D,E,E,9760,100,9760,1,0
E,F,E,3694,100,3694,1,0
E,G,E,9915,100,9915,1,0
E,H,E,9637,100,9637,1,0
A,F,F,3561,100,3561,1,0
B,F,F,1416,100,1416,1,0
C,F,F,7183,100,7183,1,0
D,F,F,6331,100,6331,1,0
E,F,F,3660,100,3660,1,0
F,G,F,7389,100,7389,1,0
F,H,F,6235,100,6235,1,0
A,G,G,9563,100,9563,1,0
B,G,G,7227,100,7227,1,0
C,G,G,1563,100,1563,1,0
D,G,G,9245,100,9245,1,0
E,G,G,9925,100,9925,1,0
F,G,G,7396,100,7396,1,0
G,H,G,9312,100,9312,1,0
A,H,H,9409,100,9409,1,0
B,H,H,6189,100,6189,1,0
C,H,H,9030,100,9030,1,0
D,H,H,1436,100,1436,1,0
E,H,H,9643,100,9643,1,0
F,H,H,6317,100,6317,1,0
G,H,H,9363,100,9363,1,0
A,B,A,3617,100,3617,1,0
A,C,A,9318,100,9318,1,0
A,D,A,9290,100,9290,1,0
A,E,A,1405,100,1405,1,0
A,F,A,3519,100,3519,1,0
A,G,A,9628,100,9628,1,0
A,H,A,9403,100,9403,1,0
A,B,B,3633,100,3633,1,0
B,C,B,6751,100,6751,1,0
B,D,B,5947,100,5947,1,0
B,E,B,4329,100,4329,1,0
B,F,B,1354,100,1354,1,0
B,G,B,7189,100,7189,1,0
B,H,B,6224,100,6224,1,0
A,C,C,9226,100,9226,1,0
B,C,C,6720,100,6720,1,0
C,D,C,8742,100,8742,1,0
C,E,C,9835,100,9835,1,0
C,F,C,7198,100,7198,1,0
C,G,C,1600,100,1600,1,0
C,H,C,9063,100,9063,1,0
A,D,D,9308,100,9308,1,0
B,D,D,5954,100,5954,1,0
C,D,D,8728,100,8728,1,0
D,E,D,9667,100,9667,1,0
D,F,D,6342,100,6342,1,0
D,G,D,9239,100,9239,1,0
D,H,D,1409,100,1409,1,0
A,E,E,1439,100,1439,1,0
B,E,E,4311,100,4311,1,0
C,E,E,9823,100,9823,1,0
D,E,E,9677,100,9677,1,0
E,F,E,3705,100,3705,1,0
E,G,E,9924,100,9924,1,0
E,H,E,9692,100,9692,1,0
A,F,F,3539,100,3539,1,0
B,F,F,1401,100,1401,1,0
C,F,F,7215,100,7215,1,0
D,F,F,6327,100,6327,1,0
E,F,F,3713,100,3713,1,0
F,G,F,7331,100,7331,1,0
F,H,F,6319,100,6319,1,0
A,G,G,9643,100,9643,1,0
B,G,G,7190,100,7190,1,0
C,G,G,1590,100,1590,1,0
D,G,G,9219,100,9219,1,0
E,G,G,9865,100,9865,1,0
F,G,G,7367,100,7367,1,0
G,H,G,9314,100,9314,1,0
A,H,H,9413,100,9413,1,0
B,H,H,6181,100,6181,1,0
C,H,H,9039,100,9039,1,0
D,H,H,1361,100,1361,1,0
E,H,H,9695,100,9695,1,0
F,H,H,6276,100,6276,1,0
G,H,H,9321,100,9321,1,0
A,B,A,3640,100,3640,1,0
A,C,A,9268,100,9268,1,0
A,D,A,9262,100,9262,1,0
A,E,A,1481,100,1481,1,0
A,F,A,3510,100,3510,1,0
A,G,A,9612,100,9612,1,0
A,H,A,9401,100,9401,1,0
A,B,B,3668,100,3668,1,0
B,C,B,6702,100,6702,1,0
B,D,B,5991,100,5991,1,0
B,E,B,4318,100,4318,1,0
B,F,B,1425,100,1425,1,0
B,G,B,7181,100,7181,1,0
B,H,B,6248,100,6248,1,0
A,C,C,9303,100,9303,1,0
B,C,C,6730,100,6730,1,0
C,D,C,8749,100,8749,1,0
C,E,C,9837,100,9837,1,0
C,F,C,7218,100,7218,1,0
C,G,C,1598,100,1598,1,0
C,H,C,9058,100,9058,1,0
A,D,D,9271,100,9271,1,0
B,D,D,5981,100,5981,1,0
C,D,D,8705,100,8705,1,0
D,E,D,9692,100,9692,1,0
D,F,D,6399,100,6399,1,0
D,G,D,9252,100,9252,1,0
D,H,D,1496,100,1496,1,0
A,E,E,1452,100,1452,1,0
B,E,E,4312,100,4312,1,0
C,E,E,9818,100,9818,1,0
D,E,E,9700,100,9700,1,0
E,F,E,3720,100,3720,1,0
E,G,E,9912,100,9912,1,0
E,H,E,9677,100,9677,1,0
A,F,F,3566,100,3566,1,0
B,F,F,1405,100,1405,1,0
C,F,F,7212,100,7212,1,0
D,F,F,6339,100,6339,1,0
E,F,F,3682,100,3682,1,0
F,G,F,7381,100,7381,1,0
F,H,F,6212,100,6212,1,0
A,G,G,9586,100,9586,1,0
B,G,G,7236,100,7236,1,0
C,G,G,1586,100,1586,1,0
D,G,G,9254,100,9254,1,0
E,G,G,9931,100,9931,1,0
F,G,G,7374,100,7374,1,0
G,H,G,9377,100,9377,1,0
A,H,H,9459,100,9459,1,0
B,H,H,6217,100,6217,1,0
C,H,H,9043,100,9043,1,0
D,H,H,1425,100,1425,1,0
E,H,H,9646,100,9646,1,0
F,H,H,6284,100,6284,1,0
G,H,H,9346,100,9346,1,0
A,B,A,3617,100,3617,1,0
A,C,A,9298,100,9298,1,0
A,D,A,9267,100,9267,1,0
A,E,A,1438,100,1438,1,0
A,F,A,3569,100,3569,1,0
A,G,A,9601,100,9601,1,0
A,H,A,9415,100,9415,1,0
A,B,B,3617,100,3617,1,0
B,C,B,6744,100,6744,1,0
B,D,B,5938,100,5938,1,0
B,E,B,4304,100,4304,1,0
B,F,B,1419,100,1419,1,0
B,G,B,7231,100,7231,1,0
B,H,B,6159,100,6159,1,0
A,C,C,9300,100,9300,1,0
B,C,C,6759,100,6759,1,0
C,D,C,8722,100,8722,1,0
C,E,C,9825,100,9825,1,0
C,F,C,7199,100,7199,1,0
C,G,C,1549,100,1549,1,0
C,H,C,9032,100,9032,1,0
A,D,D,9258,100,9258,1,0
B,D,D,5970,100,5970,1,0
C,D,D,8719,100,8719,1,0
D,E,D,9757,100,9757,1,0
D,F,D,6390,100,6390,1,0
D,G,D,9250,100,9250,1,0
D,H,D,1376,100,1376,1,0
A,E,E,1433,100,1433,1,0
B,E,E,4302,100,4302,1,0
C,E,E,9809,100,9809,1,0
D,E,E,9738,100,9738,1,0
E,F,E,3720,100,3720,1,0
E,G,E,9930,100,9930,1,0
E,H,E,9647,100,9647,1,0
A,F,F,3526,100,3526,1,0
B,F,F,1412,100,1412,1,0
C,F,F,7190,100,7190,1,0
D,F,F,6361,100,6361,1,0
E,F,F,3688,100,3688,1,0
F,G,F,7373,100,7373,1,0
F,H,F,6309,100,6309,1,0
A,G,G,9613,100,9613,1,0
B,G,G,7211,100,7211,1,0
C,G,G,1597,100,1597,1,0
D,G,G,9234,100,9234,1,0
E,G,G,9941,100,9941,1,0
F,G,G,7346,100,7346,1,0
G,H,G,9339,100,9339,1,0
A,H,H,9387,100,9387,1,0
B,H,H,6172,100,6172,1,0
C,H,H,9005,100,9005,1,0
D,H,H,1412,100,1412,1,0
E,H,H,9671,100,9671,1,0
F,H,H,6254,100,6254,1,0
G,H,H,9327,100,9327,1,0
A,B,A,3630,100,3630,1,0
A,C,A,9292,100,9292,1,0
A,D,A,9267,100,9267,1,0
A,E,A,1466,100,1466,1,0
A,F,A,3562,100,3562,1,0
A,G,A,9580,100,9580,1,0
A,H,A,9437,100,9437,1,0
A,B,B,3603,100,3603,1,0
B,C,B,6739,100,6739,1,0
B,D,B,5953,100,5953,1,0
B,E,B,4273,100,4273,1,0
B,F,B,1425,100,1425,1,0
B,G,B,7202,100,7202,1,0
B,H,B,6228,100,6228,1,0
A,C,C,9247,100,9247,1,0
B,C,C,6719,100,6719,1,0
C,D,C,8733,100,8733,1,0
C,E,C,9845,100,9845,1,0
C,F,C,7174,100,7174,1,0
C,G,C,1571,100,1571,1,0
C,H,C,9077,100,9077,1,0
A,D,D,9256,100,9256,1,0
B,D,D,5941,100,5941,1,0
C,D,D,8728,100,8728,1,0
D,E,D,9738,100,9738,1,0
D,F,D,6353,100,6353,1,0
D,G,D,9210,100,9210,1,0
D,H,D,1409,100,1409,1,0
A,E,E,1474,100,1474,1,0
B,E,E,4292,100,4292,1,0
C,E,E,9783,100,9783,1,0
D,E,E,9756,100,9756,1,0
E,F,E,3702,100,3702,1,0
E,G,E,9902,100,9902,1,0
E,H,E,9668,100,9668,1,0
A,F,F,3554,100,3554,1,0
B,F,F,1367,100,1367,1,0
C,F,F,7200,100,7200,1,0
D,F,F,6350,100,6350,1,0
E,F,F,3704,100,3704,1,0
F,G,F,7364,100,7364,1,0
F,H,F,6298,100,6298,1,0
A,G,G,9564,100,9564,1,0
B,G,G,7216,100,7216,1,0
C,G,G,1590,100,1590,1,0
D,G,G,9217,100,9217,1,0
E,G,G,9931,100,9931,1,0
F,G,G,7367,100,7367,1,0
G,H,G,9312,100,9312,1,0
A,H,H,9404,100,9404,1,0
B,H,H,6181,100,6181,1,0
C,H,H,9074,100,9074,1,0
D,H,H,1384,100,1384,1,0
E,H,H,9657,100,9657,1,0
F,H,H,6258,100,6258,1,0
G,H,H,9325,100,9325,1,0
A,B,A,3623,100,3623,1,0
A,C,A,9245,100,9245,1,0
A,D,A,9275,100,9275,1,0
A,E,A,1425,100,1425,1,0
A,F,A,3524,100,3524,1,0
A,G,A,9578,100,9578,1,0
A,H,A,9408,100,9408,1,0
A,B,B,3647,100,3647,1,0
B,C,B,6744,100,6744,1,0
B,D,B,5989,100,5989,1,0
B,E,B,4331,100,4331,1,0
B,F,B,1408,100,1408,1,0
B,G,B,7174,100,7174,1,0
B,H,B,6128,100,6128,1,0
A,C,C,9292,100,9292,1,0
B,C,C,6734,100,6734,1,0
C,D,C,8744,100,8744,1,0
C,E,C,9830,100,9830,1,0
C,F,C,7242,100,7242,1,0
C,G,C,1557,100,1557,1,0
C,H,C,9074,100,9074,1,0
A,D,D,9256,100,9256,1,0
B,D,D,5977,100,5977,1,0
C,D,D,8720,100,8720,1,0
D,E,D,9712,100,9712,1,0
D,F,D,6335,100,6335,1,0
D,G,D,9252,100,9252,1,0
D,H,D,1451,100,1451,1,0
A,E,E,1449,100,1449,1,0
B,E,E,4313,100,4313,1,0
C,E,E,9846,100,9846,1,0
D,E,E,9770,100,9770,1,0
E,F,E,3665,100,3665,1,0
E,G,E,9934,100,9934,1,0
E,H,E,9620,100,9620,1,0
A,F,F,3534,100,3534,1,0
B,F,F,1420,100,1420,1,0
C,F,F,7196,100,7196,1,0
D,F,F,6351,100,6351,1,0
E,F,F,3715,100,3715,1,0
F,G,F,7399,100,7399,1,0
F,H,F,6273,100,6273,1,0
A,G,G,9617,100,9617,1,0
B,G,G,7214,100,7214,1,0
C,G,G,1577,100,1577,1,0
D,G,G,9244,100,9244,1,0
E,G,G,9917,100,9917,1,0
F,G,G,7365,100,7365,1,0
G,H,G,9278,100,9278,1,0
A,H,H,9399,100,9399,1,0
B,H,H,6185,100,6185,1,0
C,H,H,9069,100,9069,1,0
D,H,H,1396,100,1396,1,0
E,H,H,9675,100,9675,1,0
F,H,H,6278,100,6278,1,0
G,H,H,9340,100,9340,1,0
A,B,A,3634,100,3634,1,0
A,C,A,9337,100,9337,1,0
A,D,A,9242,100,9242,1,0
A,E,A,1441,100,1441,1,0
A,F,A,3519,100,3519,1,0
A,G,A,9600,100,9600,1,0
A,H,A,9421,100,9421,1,0
A,B,B,3606,100,3606,1,0
B,C,B,6782,100,6782,1,0
B,D,B,5956,100,5956,1,0
B,E,B,4322,100,4322,1,0
B,F,B,1426,100,1426,1,0
B,G,B,7197,100,7197,1,0
B,H,B,6188,100,6188,1,0
A,C,C,9289,100,9289,1,0
B,C,C,6746,100,6746,1,0
C,D,C,8743,100,8743,1,0
C,E,C,9870,100,9870,1,0
C,F,C,7195,100,7195,1,0
C,G,C,1582,100,1582,1,0
C,H,C,9063,100,9063,1,0
A,D,D,9293,100,9293,1,0
B,D,D,5997,100,5997,1,0
C,D,D,8719,100,8719,1,0
D,E,D,9748,100,9748,1,0
D,F,D,6325,100,6325,1,0
D,G,D,9251,100,9251,1,0
D,H,D,1442,100,1442,1,0
A,E,E,1403,100,1403,1,0
B,E,E,4269,100,4269,1,0
C,E,E,9865,100,9865,1,0
D,E,E,9716,100,9716,1,0
E,F,E,3682,100,3682,1,0
E,G,E,9924,100,9924,1,0
E,H,E,9680,100,9680,1,0
A,F,F,3548,100,3548,1,0
B,F,F,1407,100,1407,1,0
C,F,F,7202,100,7202,1,0
D,F,F,6360,100,6360,1,0
E,F,F,3685,100,3685,1,0
F,G,F,7378,100,7378,1,0
F,H,F,6316,100,6316,1,0
A,G,G,9627,100,9627,1,0
B,G,G,7204,100,7204,1,0
C,G,G,1597,100,1597,1,0
D,G,G,9244,100,9244,1,0
E,G,G,9881,100,9881,1,0
F,G,G,7363,100,7363,1,0
G,H,G,9337,100,9337,1,0
A,H,H,9417,100,9417,1,0
B,H,H,6219,100,6219,1,0
C,H,H,9077,100,9077,1,0
D,H,H,1420,100,1420,1,0
E,H,H,9619,100,9619,1,0
F,H,H,6251,100,6251,1,0
G,H,H,9312,100,9312,1,0
A,B,A,3678,100,3678,1,0
A,C,A,9309,100,9309,1,0
A,D,A,9299,100,9299,1,0
A,E,A,1439,100,1439,1,0
A,F,A,3564,100,3564,1,0
A,G,A,9609,100,9609,1,0
A,H,A,9376,100,9376,1,0
A,B,B,3606,100,3606,1,0
B,C,B,6744,100,6744,1,0
B,D,B,5941,100,5941,1,0
B,E,B,4279,100,4279,1,0
B,F,B,1421,100,1421,1,0
B,G,B,7189,100,7189,1,0
B,H,B,6221,100,6221,1,0
A,C,C,9316,100,9316,1,0
B,C,C,6729,100,6729,1,0
C,D,C,8734,100,8734,1,0
C,E,C,9789,100,9789,1,0
C,F,C,7219,100,7219,1,0
C,G,C,1600,100,1600,1,0
C,H,C,9063,100,9063,1,0
A,D,D,9251,100,9251,1,0
B,D,D,5972,100,5972,1,0
C,D,D,8739,100,8739,1,0
D,E,D,9698,100,9698,1,0
D,F,D,6379,100,6379,1,0
D,G,D,9250,100,9250,1,0
D,H,D,1483,100,1483,1,0
A,E,E,1437,100,1437,1,0
B,E,E,4292,100,4292,1,0
C,E,E,9844,100,9844,1,0
D,E,E,9733,100,9733,1,0
E,F,E,3680,100,3680,1,0
E,G,E,9906,100,9906,1,0
E,H,E,9684,100,9684,1,0
A,F,F,3551,100,3551,1,0
B,F,F,1397,100,1397,1,0
C,F,F,7218,100,7218,1,0
D,F,F,6347,100,6347,1,0
E,F,F,3670,100,3670,1,0
F,G,F,7389,100,7389,1,0
F,H,F,6310,100,6310,1,0
A,G,G,9566,100,9566,1,0
B,G,G,7175,100,7175,1,0
C,G,G,1581,100,1581,1,0
D,G,G,9234,100,9234,1,0
E,G,G,9934,100,9934,1,0
F,G,G,7351,100,7351,1,0
G,H,G,9359,100,9359,1,0
A,H,H,9391,100,9391,1,0
B,H,H,6189,100,6189,1,0
C,H,H,9060,100,9060,1,0
D,H,H,1390,100,1390,1,0
E,H,H,9637,100,9637,1,0
F,H,H,6284,100,6284,1,0
G,H,H,9314,100,9314,1,0
A,B,A,3665,100,3665,1,0
A,C,A,9295,100,9295,1,0
A,D,A,9280,100,9280,1,0
A,E,A,1434,100,1434,1,0
A,F,A,3517,100,3517,1,0
A,G,A,9633,100,9633,1,0
A,H,A,9440,100,9440,1,0
A,B,B,3576,100,3576,1,0
B,C,B,6737,100,6737,1,0
B,D,B,5956,100,5956,1,0
B,E,B,4304,100,4304,1,0
B,F,B,1412,100,1412,1,0
B,G,B,7168,100,7168,1,0
B,H,B,6211,100,6211,1,0
A,C,C,9265,100,9265,1,0
B,C,C,6750,100,6750,1,0
C,D,C,8682,100,8682,1,0
C,E,C,9835,100,9835,1,0
C,F,C,7205,100,7205,1,0
C,G,C,1602,100,1602,1,0
C,H,C,9062,100,9062,1,0
A,D,D,9257,100,9257,1,0
B,D,D,5982,100,5982,1,0
C,D,D,8686,100,8686,1,0
D,E,D,9694,100,9694,1,0
D,F,D,6320,100,6320,1,0
D,G,D,9190,100,9190,1,0
D,H,D,1415,100,1415,1,0
A,E,E,1380,100,1380,1,0
B,E,E,4313,100,4313,1,0
C,E,E,9869,100,9869,1,0
D,E,E,9791,100,9791,1,0
E,F,E,3680,100,3680,1,0
E,G,E,9914,100,9914,1,0
E,H,E,9613,100,9613,1,0
A,F,F,3564,100,3564,1,0
B,F,F,1426,100,1426,1,0
C,F,F,7204,100,7204,1,0
D,F,F,6346,100,6346,1,0
E,F,F,3718,100,3718,1,0
F,G,F,7369,100,7369,1,0
F,H,F,6272,100,6272,1,0
A,G,G,9592,100,9592,1,0
B,G,G,7185,100,7185,1,0
C,G,G,1584,100,1584,1,0
D,G,G,9222,100,9222,1,0
E,G,G,9903,100,9903,1,0
F,G,G,7377,100,7377,1,0
G,H,G,9295,100,9295,1,0
A,H,H,9432,100,9432,1,0
B,H,H,6216,100,6216,1,0
C,H,H,9034,100,9034,1,0
D,H,H,1418,100,1418,1,0
E,H,H,9660,100,9660,1,0
F,H,H,6318,100,6318,1,0
G,H,H,9303,100,9303,1,0
A,B,A,3633,100,3633,1,0
A,C,A,9329,100,9329,1,0
A,D,A,9276,100,9276,1,0
A,E,A,1446,100,1446,1,0
A,F,A,3517,100,3517,1,0
A,G,A,9594,100,9594,1,0
A,H,A,9398,100,9398,1,0
A,B,B,3630,100,3630,1,0
B,C,B,6759,100,6759,1,0
B,D,B,5960,100,5960,1,0
B,E,B,4314,100,4314,1,0
B,F,B,1411,100,1411,1,0
B,G,B,7214,100,7214,1,0
B,H,B,6203,100,6203,1,0
A,C,C,9278,100,9278,1,0
B,C,C,6734,100,6734,1,0
C,D,C,8700,100,8700,1,0
C,E,C,9852,100,9852,1,0
C,F,C,7186,100,7186,1,0
C,G,C,1590,100,1590,1,0
C,H,C,9029,100,9029,1,0
A,D,D,9269,100,9269,1,0
B,D,D,5910,100,5910,1,0
C,D,D,8736,100,8736,1,0
D,E,D,9731,100,9731,1,0
D,F,D,6331,100,6331,1,0
D,G,D,9232,100,9232,1,0
D,H,D,1418,100,1418,1,0
A,E,E,1494,100,1494,1,0
B,E,E,4331,100,4331,1,0
C,E,E,9820,100,9820,1,0
D,E,E,9769,100,9769,1,0
E,F,E,3680,100,3680,1,0
E,G,E,9925,100,9925,1,0
E,H,E,9654,100,9654,1,0
A,F,F,3506,100,3506,1,0
B,F,F,1398,100,1398,1,0
C,F,F,7237,100,7237,1,0
D,F,F,6375,100,6375,1,0
E,F,F,3680,100,3680,1,0
F,G,F,7358,100,7358,1,0
F,H,F,6228,100,6228,1,0
A,G,G,9648,100,9648,1,0
B,G,G,7171,100,7171,1,0
C,G,G,1536,100,1536,1,0
D,G,G,9237,100,9237,1,0
E,G,G,9922,100,9922,1,0
F,G,G,7354,100,7354,1,0
G,H,G,9325,100,9325,1,0
A,H,H,9418,100,9418,1,0
B,H,H,6217,100,6217,1,0
C,H,H,9029,100,9029,1,0
D,H,H,1423,100,1423,1,0
E,H,H,9630,100,9630,1,0
F,H,H,6272,100,6272,1,0
G,H,H,9351,100,9351,1,0
A,B,A,3650,100,3650,1,0
A,C,A,9316,100,9316,1,0
A,D,A,9271,100,9271,1,0
A,E,A,1427,100,1427,1,0
A,F,A,3563,100,3563,1,0
A,G,A,9534,100,9534,1,0
A,H,A,9376,100,9376,1,0
A,B,B,3645,100,3645,1,0
B,C,B,6748,100,6748,1,0
B,D,B,5938,100,5938,1,0
B,E,B,4311,100,4311,1,0
B,F,B,1402,100,1402,1,0
B,G,B,7228,100,7228,1,0
B,H,B,6159,100,6159,1,0
A,C,C,9291,100,9291,1,0
B,C,C,6731,100,6731,1,0
C,D,C,8726,100,8726,1,0
C,E,C,9843,100,9843,1,0
C,F,C,7210,100,7210,1,0
C,G,C,1545,100,1545,1,0
C,H,C,9069,100,9069,1,0
A,D,D,9285,100,9285,1,0
B,D,D,5972,100,5972,1,0
C,D,D,8737,100,8737,1,0
D,E,D,9686,100,9686,1,0
D,F,D,6371,100,6371,1,0
D,G,D,9255,100,9255,1,0
D,H,D,1362,100,1362,1,0
A,E,E,1458,100,1458,1,0
B,E,E,4301,100,4301,1,0
C,E,E,9822,100,9822,1,0
D,E,E,9698,100,9698,1,0
E,F,E,3677,100,3677,1,0
E,G,E,9910,100,9910,1,0
E,H,E,9648,100,9648,1,0
A,F,F,3520,100,3520,1,0
B,F,F,1385,100,1385,1,0
C,F,F,7197,100,7197,1,0
D,F,F,6370,100,6370,1,0
E,F,F,3717,100,3717,1,0
F,G,F,7376,100,7376,1,0
F,H,F,6308,100,6308,1,0
A,G,G,9612,100,9612,1,0
B,G,G,7230,100,7230,1,0
C,G,G,1547,100,1547,1,0
D,G,G,9238,100,9238,1,0
E,G,G,9907,100,9907,1,0
F,G,G,7360,100,7360,1,0
G,H,G,9299,100,9299,1,0
A,H,H,9366,100,9366,1,0
B,H,H,6187,100,6187,1,0
C,H,H,9017,100,9017,1,0
D,H,H,1450,100,1450,1,0
E,H,H,9649,100,9649,1,0
F,H,H,6257,100,6257,1,0
G,H,H,9341,100,9341,1,0
A,B,A,3632,100,3632,1,0
A,C,A,9264,100,9264,1,0
A,D,A,9272,100,9272,1,0
A,E,A,1429,100,1429,1,0
A,F,A,3516,100,3516,1,0
A,G,A,9579,100,9579,1,0
A,H,A,9390,100,9390,1,0
A,B,B,3644,100,3644,1,0
B,C,B,6709,100,6709,1,0
B,D,B,5946,100,5946,1,0
B,E,B,4290,100,4290,1,0
B,F,B,1388,100,1388,1,0
B,G,B,7192,100,7192,1,0
B,H,B,6225,100,6225,1,0
A,C,C,9289,100,9289,1,0
B,C,C,6726,100,6726,1,0
C,D,C,8746,100,8746,1,0
C,E,C,9841,100,9841,1,0
C,F,C,7210,100,7210,1,0
C,G,C,1576,100,1576,1,0
C,H,C,9124,100,9124,1,0
A,D,D,9264,100,9264,1,0
B,D,D,5992,100,5992,1,0
C,D,D,8733,100,8733,1,0
D,E,D,9736,100,9736,1,0
D,F,D,6306,100,6306,1,0
D,G,D,9251,100,9251,1,0
D,H,D,1410,100,1410,1,0
A,E,E,1460,100,1460,1,0
B,E,E,4385,100,4385,1,0
C,E,E,9823,100,9823,1,0
D,E,E,9744,100,9744,1,0
E,F,E,3699,100,3699,1,0
E,G,E,9903,100,9903,1,0
E,H,E,9708,100,9708,1,0
A,F,F,3548,100,3548,1,0
B,F,F,1408,100,1408,1,0
C,F,F,7210,100,7210,1,0
D,F,F,6382,100,6382,1,0
E,F,F,3693,100,3693,1,0
F,G,F,7377,100,7377,1,0
F,H,F,6288,100,6288,1,0
A,G,G,9600,100,9600,1,0
B,G,G,7182,100,7182,1,0
C,G,G,1639,100,1639,1,0
D,G,G,9231,100,9231,1,0
E,G,G,9916,100,9916,1,0
F,G,G,7345,100,7345,1,0
G,H,G,9292,100,9292,1,0
A,H,H,9450,100,9450,1,0
B,H,H,6263,100,6263,1,0
C,H,H,9090,100,9090,1,0
D,H,H,1415,100,1415,1,0
E,H,H,9633,100,9633,1,0
F,H,H,6266,100,6266,1,0
G,H,H,9314,100,9314,1,0
A,B,A,3599,100,3599,1,0
A,C,A,9278,100,9278,1,0
A,D,A,9291,100,9291,1,0
A,E,A,1403,100,1403,1,0
A,F,A,3519,100,3519,1,0
A,G,A,9652,100,9652,1,0
A,H,A,9434,100,9434,1,0
A,B,B,3663,100,3663,1,0
B,C,B,6772,100,6772,1,0
B,D,B,5949,100,5949,1,0
B,E,B,4327,100,4327,1,0
B,F,B,1400,100,1400,1,0
B,G,B,7219,100,7219,1,0
B,H,B,6217,100,6217,1,0
A,C,C,9339,100,9339,1,0
B,C,C,6767,100,6767,1,0
C,D,C,8720,100,8720,1,0
C,E,C,9801,100,9801,1,0
C,F,C,7196,100,7196,1,0
C,G,C,1611,100,1611,1,0
C,H,C,9078,100,9078,1,0
A,D,D,9264,100,9264,1,0
B,D,D,5944,100,5944,1,0
C,D,D,8720,100,8720,1,0
D,E,D,9754,100,9754,1,0
D,F,D,6335,100,6335,1,0
D,G,D,9207,100,9207,1,0
D,H,D,1367,100,1367,1,0
A,E,E,1467,100,1467,1,0
B,E,E,4310,100,4310,1,0
C,E,E,9843,100,9843,1,0
D,E,E,9729,100,9729,1,0
E,F,E,3701,100,3701,1,0
E,G,E,9902,100,9902,1,0
E,H,E,9697,100,9697,1,0
A,F,F,3548,100,3548,1,0
B,F,F,1418,100,1418,1,0
C,F,F,7196,100,7196,1,0
D,F,F,6372,100,6372,1,0
E,F,F,3723,100,3723,1,0
F,G,F,7377,100,7377,1,0
F,H,F,6309,100,6309,1,0
A,G,G,9600,100,9600,1,0
B,G,G,7182,100,7182,1,0
C,G,G,1535,100,1535,1,0
D,G,G,9232,100,9232,1,0
E,G,G,9925,100,9925,1,0
F,G,G,7386,100,7386,1,0
G,H,G,9348,100,9348,1,0
A,H,H,9409,100,9409,1,0
B,H,H,6262,100,6262,1,0
C,H,H,9055,100,9055,1,0
D,H,H,1398,100,1398,1,0
E,H,H,9664,100,9664,1,0
F,H,H,6269,100,6269,1,0
G,H,H,9282,100,9282,1,0
A,B,A,3646,100,3646,1,0
A,C,A,9270,100,9270,1,0
A,D,A,9238,100,9238,1,0
A,E,A,1443,100,1443,1,0
A,F,A,3534,100,3534,1,0
A,G,A,9597,100,9597,1,0
A,H,A,9391,100,9391,1,0
A,B,B,3653,100,3653,1,0
B,C,B,6745,100,6745,1,0
B,D,B,5985,100,5985,1,0
B,E,B,4306,100,4306,1,0
B,F,B,1369,100,1369,1,0
B,G,B,7166,100,7166,1,0
B,H,B,6195,100,6195,1,0
A,C,C,9308,100,9308,1,0
B,C,C,6747,100,6747,1,0
C,D,C,8771,100,8771,1,0
C,E,C,9820,100,9820,1,0
C,F,C,7202,100,7202,1,0
C,G,C,1567,100,1567,1,0
C,H,C,9080,100,9080,1,0
A,D,D,9292,100,9292,1,0
B,D,D,5939,100,5939,1,0
C,D,D,8750,100,8750,1,0
D,E,D,9760,100,9760,1,0
D,F,D,6376,100,6376,1,0
D,G,D,9247,100,9247,1,0
D,H,D,1411,100,1411,1,0
A,E,E,1480,100,1480,1,0
B,E,E,4351,100,4351,1,0
C,E,E,9794,100,9794,1,0
D,E,E,9741,100,9741,1,0
E,F,E,3690,100,3690,1,0
E,G,E,9910,100,9910,1,0
E,H,E,9636,100,9636,1,0
A,F,F,3542,100,3542,1,0
B,F,F,1416,100,1416,1,0
C,F,F,7210,100,7210,1,0
D,F,F,6357,100,6357,1,0
E,F,F,3739,100,3739,1,0
F,G,F,7368,100,7368,1,0
F,H,F,6273,100,6273,1,0
A,G,G,9600,100,9600,1,0
B,G,G,7201,100,7201,1,0
C,G,G,1560,100,1560,1,0
D,G,G,9244,100,9244,1,0
E,G,G,9906,100,9906,1,0
F,G,G,7399,100,7399,1,0
G,H,G,9323,100,9323,1,0
A,H,H,9437,100,9437,1,0
B,H,H,6191,100,6191,1,0
C,H,H,9081,100,9081,1,0
D,H,H,1399,100,1399,1,0
E,H,H,9677,100,9677,1,0
F,H,H,6320,100,6320,1,0
G,H,H,9355,100,9355,1,0
A,B,A,3623,100,3623,1,0
A,C,A,9320,100,9320,1,0
A,D,A,9277,100,9277,1,0
A,E,A,1401,100,1401,1,0
A,F,A,3569,100,3569,1,0
A,G,A,9621,100,9621,1,0
A,H,A,9438,100,9438,1,0
A,B,B,3617,100,3617,1,0
B,C,B,6762,100,6762,1,0
B,D,B,5972,100,5972,1,0
B,E,B,4352,100,4352,1,0
B,F,B,1425,100,1425,1,0
B,G,B,7189,100,7189,1,0
B,H,B,6236,100,6236,1,0
A,C,C,9265,100,9265,1,0
B,C,C,6742,100,6742,1,0
C,D,C,8692,100,8692,1,0
C,E,C,9816,100,9816,1,0
C,F,C,7214,100,7214,1,0
C,G,C,1595,100,1595,1,0
C,H,C,9056,100,9056,1,0
A,D,D,9286,100,9286,1,0
B,D,D,5924,100,5924,1,0
C,D,D,8718,100,8718,1,0
D,E,D,9679,100,9679,1,0
D,F,D,6334,100,6334,1,0
D,G,D,9221,100,9221,1,0
D,H,D,1407,100,1407,1,0
A,E,E,1486,100,1486,1,0
B,E,E,4275,100,4275,1,0
C,E,E,9791,100,9791,1,0
D,E,E,9653,100,9653,1,0
E,F,E,3684,100,3684,1,0
E,G,E,9911,100,9911,1,0
E,H,E,9619,100,9619,1,0
A,F,F,3513,100,3513,1,0
B,F,F,1369,100,1369,1,0
C,F,F,7217,100,7217,1,0
D,F,F,6338,100,6338,1,0
E,F,F,3682,100,3682,1,0
F,G,F,7359,100,7359,1,0
F,H,F,6232,100,6232,1,0
A,G,G,9555,100,9555,1,0
B,G,G,7178,100,7178,1,0
C,G,G,1618,100,1618,1,0
D,G,G,9256,100,9256,1,0
E,G,G,9918,100,9918,1,0
F,G,G,7379,100,7379,1,0
G,H,G,9291,100,9291,1,0
A,H,H,9361,100,9361,1,0
B,H,H,6179,100,6179,1,0
C,H,H,9056,100,9056,1,0
D,H,H,1441,100,1441,1,0
E,H,H,9671,100,9671,1,0
F,H,H,6250,100,6250,1,0
G,H,H,9341,100,9341,1,0
A,B,A,3635,100,3635,1,0
A,C,A,9335,100,9335,1,0
A,D,A,9261,100,9261,1,0
A,E,A,1453,100,1453,1,0
A,F,A,3573,100,3573,1,0
A,G,A,9601,100,9601,1,0
A,H,A,9356,100,9356,1,0
A,B,B,3654,100,3654,1,0
B,C,B,6770,100,6770,1,0
B,D,B,5944,100,5944,1,0
B,E,B,4282,100,4282,1,0
B,F,B,1375,100,1375,1,0
B,G,B,7174,100,7174,1,0
B,H,B,6168,100,6168,1,0
A,C,C,9371,100,9371,1,0
B,C,C,6746,100,6746,1,0
C,D,C,8750,100,8750,1,0
C,E,C,9850,100,9850,1,0
C,F,C,7217,100,7217,1,0
C,G,C,1620,100,1620,1,0
C,H,C,9039,100,9039,1,0
A,D,D,9265,100,9265,1,0
B,D,D,5991,100,5991,1,0
C,D,D,8700,100,8700,1,0
D,E,D,9759,100,9759,1,0
D,F,D,6332,100,6332,1,0
D,G,D,9221,100,9221,1,0
D,H,D,1431,100,1431,1,0
A,E,E,1487,100,1487,1,0
B,E,E,4295,100,4295,1,0
C,E,E,9839,100,9839,1,0
D,E,E,9780,100,9780,1,0
E,F,E,3676,100,3676,1,0
E,G,E,9951,100,9951,1,0
E,H,E,9656,100,9656,1,0
A,F,F,3502,100,3502,1,0
B,F,F,1417,100,1417,1,0
C,F,F,7215,100,7215,1,0
D,F,F,6350,100,6350,1,0
E,F,F,3673,100,3673,1,0
F,G,F,7366,100,7366,1,0
F,H,F,6276,100,6276,1,0
A,G,G,9590,100,9590,1,0
B,G,G,7188,100,7188,1,0
C,G,G,1602,100,1602,1,0
D,G,G,9237,100,9237,1,0
E,G,G,9944,100,9944,1,0
F,G,G,7375,100,7375,1,0
G,H,G,9340,100,9340,1,0
A,H,H,9379,100,9379,1,0
B,H,H,6207,100,6207,1,0
C,H,H,9049,100,9049,1,0
D,H,H,1436,100,1436,1,0
E,H,H,9667,100,9667,1,0
F,H,H,6292,100,6292,1,0
G,H,H,9326,100,9326,1,0
A,B,A,3619,100,3619,1,0
A,C,A,9268,100,9268,1,0
A,D,A,9279,100,9279,1,0
A,E,A,1432,100,1432,1,0
A,F,A,3537,100,3537,1,0
A,G,A,9577,100,9577,1,0
A,H,A,9418,100,9418,1,0
A,B,B,3644,100,3644,1,0
B,C,B,6753,100,6753,1,0
B,D,B,5948,100,5948,1,0
B,E,B,4313,100,4313,1,0
B,F,B,1443,100,1443,1,0
B,G,B,7201,100,7201,1,0
B,H,B,6194,100,6194,1,0
A,C,C,9309,100,9309,1,0
B,C,C,6738,100,6738,1,0
C,D,C,8730,100,8730,1,0
C,E,C,9848,100,9848,1,0
C,F,C,7220,100,7220,1,0
C,G,C,1584,100,1584,1,0
C,H,C,9051,100,9051,1,0
A,D,D,9233,100,9233,1,0
B,D,D,5916,100,5916,1,0
C,D,D,8767,100,8767,1,0
D,E,D,9683,100,9683,1,0
D,F,D,6352,100,6352,1,0
D,G,D,9250,100,9250,1,0
D,H,D,1392,100,1392,1,0
A,E,E,1465,100,1465,1,0
B,E,E,4296,100,4296,1,0
C,E,E,9821,100,9821,1,0
D,E,E,9745,100,9745,1,0
E,F,E,3679,100,3679,1,0
E,G,E,9959,100,9959,1,0
E,H,E,9655,100,9655,1,0
A,F,F,3564,100,3564,1,0
B,F,F,1451,100,1451,1,0
C,F,F,7234,100,7234,1,0
D,F,F,6373,100,6373,1,0
E,F,F,3711,100,3711,1,0
F,G,F,7371,100,7371,1,0
F,H,F,6236,100,6236,1,0
A,G,G,9604,100,9604,1,0
B,G,G,7202,100,7202,1,0
C,G,G,1582,100,1582,1,0
D,G,G,9240,100,9240,1,0
E,G,G,9904,100,9904,1,0
F,G,G,7352,100,7352,1,0
G,H,G,9295,100,9295,1,0
A,H,H,9356,100,9356,1,0
B,H,H,6196,100,6196,1,0
C,H,H,9053,100,9053,1,0
D,H,H,1396,100,1396,1,0
E,H,H,9690,100,9690,1,0
F,H,H,6282,100,6282,1,0
G,H,H,9294,100,9294,1,0
A,B,A,3636,100,3636,1,0
A,C,A,9302,100,9302,1,0
A,D,A,9245,100,9245,1,0
A,E,A,1456,100,1456,1,0
A,F,A,3522,100,3522,1,0
A,G,A,9591,100,9591,1,0
A,H,A,9379,100,9379,1,0
A,B,B,3660,100,3660,1,0
B,C,B,6752,100,6752,1,0
B,D,B,5919,100,5919,1,0
B,E,B,4336,100,4336,1,0
B,F,B,1410,100,1410,1,0
B,G,B,7214,100,7214,1,0
B,H,B,6241,100,6241,1,0
A,C,C,9268,100,9268,1,0
B,C,C,6725,100,6725,1,0
C,D,C,8745,100,8745,1,0
C,E,C,9848,100,9848,1,0
C,F,C,7208,100,7208,1,0
C,G,C,1549,100,1549,1,0
C,H,C,9048,100,9048,1,0
A,D,D,9274,100,9274,1,0
B,D,D,5949,100,5949,1,0
C,D,D,8760,100,8760,1,0
D,E,D,9712,100,9712,1,0
D,F,D,6350,100,6350,1,0
D,G,D,9236,100,9236,1,0
D,H,D,1416,100,1416,1,0
A,E,E,1399,100,1399,1,0
B,E,E,4335,100,4335,1,0
C,E,E,9809,100,9809,1,0
D,E,E,9714,100,9714,1,0
E,F,E,3648,100,3648,1,0
E,G,E,9939,100,9939,1,0
E,H,E,9699,100,9699,1,0
A,F,F,3485,100,3485,1,0
B,F,F,1408,100,1408,1,0
C,F,F,7240,100,7240,1,0
D,F,F,6357,100,6357,1,0
E,F,F,3711,100,3711,1,0
F,G,F,7385,100,7385,1,0
F,H,F,6237,100,6237,1,0
A,G,G,9627,100,9627,1,0
B,G,G,7159,100,7159,1,0
C,G,G,1607,100,1607,1,0
D,G,G,9206,100,9206,1,0
E,G,G,9925,100,9925,1,0
F,G,G,7355,100,7355,1,0
G,H,G,9338,100,9338,1,0
A,H,H,9373,100,9373,1,0
B,H,H,6258,100,6258,1,0
C,H,H,9067,100,9067,1,0
D,H,H,1441,100,1441,1,0
E,H,H,9675,100,9675,1,0
F,H,H,6265,100,6265,1,0
G,H,H,9285,100,9285,1,0
A,B,A,3649,100,3649,1,0
A,C,A,9339,100,9339,1,0
A,D,A,9253,100,9253,1,0
A,E,A,1467,100,1467,1,0
A,F,A,3553,100,3553,1,0
A,G,A,9590,100,9590,1,0
A,H,A,9460,100,9460,1,0
A,B,B,3642,100,3642,1,0
B,C,B,6755,100,6755,1,0
B,D,B,5991,100,5991,1,0
B,E,B,4299,100,4299,1,0
B,F,B,1390,100,1390,1,0
B,G,B,7227,100,7227,1,0
B,H,B,6233,100,6233,1,0
A,C,C,9257,100,9257,1,0
B,C,C,6726,100,6726,1,0
C,D,C,8713,100,8713,1,0
C,E,C,9840,100,9840,1,0
C,F,C,7224,100,7224,1,0
C,G,C,1587,100,1587,1,0
C,H,C,9078,100,9078,1,0
A,D,D,9268,100,9268,1,0
B,D,D,5976,100,5976,1,0
C,D,D,8730,100,8730,1,0
D,E,D,9775,100,9775,1,0
D,F,D,6393,100,6393,1,0
D,G,D,9279,100,9279,1,0
D,H,D,1488,100,1488,1,0
A,E,E,1472,100,1472,1,0
B,E,E,4317,100,4317,1,0
C,E,E,9827,100,9827,1,0
D,E,E,9792,100,9792,1,0
E,F,E,3649,100,3649,1,0
E,G,E,9941,100,9941,1,0
E,H,E,9640,100,9640,1,0
A,F,F,3515,100,3515,1,0
B,F,F,1423,100,1423,1,0
C,F,F,7214,100,7214,1,0
D,F,F,6347,100,6347,1,0
E,F,F,3690,100,3690,1,0
F,G,F,7339,100,7339,1,0
F,H,F,6298,100,6298,1,0
A,G,G,9609,100,9609,1,0
B,G,G,7212,100,7212,1,0
C,G,G,1558,100,1558,1,0
D,G,G,9248,100,9248,1,0
E,G,G,9890,100,9890,1,0
F,G,G,7354,100,7354,1,0
G,H,G,9276,100,9276,1,0
A,H,H,9415,100,9415,1,0
B,H,H,6247,100,6247,1,0
C,H,H,9074,100,9074,1,0
D,H,H,1426,100,1426,1,0
E,H,H,9695,100,9695,1,0
F,H,H,6283,100,6283,1,0
G,H,H,9344,100,9344,1,0
A,B,A,3676,100,3676,1,0
A,C,A,9322,100,9322,1,0
A,D,A,9288,100,9288,1,0
A,E,A,1432,100,1432,1,0
A,F,A,3523,100,3523,1,0
A,G,A,9631,100,9631,1,0
A,H,A,9403,100,9403,1,0
A,B,B,3635,100,3635,1,0
B,C,B,6739,100,6739,1,0
B,D,B,5959,100,5959,1,0
B,E,B,4305,100,4305,1,0
B,F,B,1428,100,1428,1,0
B,G,B,7180,100,7180,1,0
B,H,B,6211,100,6211,1,0
A,C,C,9322,100,9322,1,0
B,C,C,6730,100,6730,1,0
C,D,C,8741,100,8741,1,0
C,E,C,9781,100,9781,1,0
C,F,C,7194,100,7194,1,0
C,G,C,1580,100,1580,1,0
C,H,C,9028,100,9028,1,0
A,D,D,9307,100,9307,1,0
B,D,D,5947,100,5947,1,0
C,D,D,8720,100,8720,1,0
D,E,D,9741,100,9741,1,0
D,F,D,6335,100,6335,1,0
D,G,D,9234,100,9234,1,0
D,H,D,1390,100,1390,1,0
A,E,E,1443,100,1443,1,0
B,E,E,4334,100,4334,1,0
C,E,E,9853,100,9853,1,0
D,E,E,9724,100,9724,1,0
E,F,E,3716,100,3716,1,0
E,G,E,9936,100,9936,1,0
E,H,E,9654,100,9654,1,0
A,F,F,3563,100,3563,1,0
B,F,F,1405,100,1405,1,0
C,F,F,7234,100,7234,1,0
D,F,F,6343,100,6343,1,0
E,F,F,3718,100,3718,1,0
F,G,F,7380,100,7380,1,0
F,H,F,6258,100,6258,1,0
A,G,G,9619,100,9619,1,0
B,G,G,7190,100,7190,1,0
C,G,G,1564,100,1564,1,0
D,G,G,9236,100,9236,1,0
E,G,G,9921,100,9921,1,0
F,G,G,7362,100,7362,1,0
G,H,G,9312,100,9312,1,0
A,H,H,9350,100,9350,1,0
B,H,H,6227,100,6227,1,0
C,H,H,9010,100,9010,1,0
D,H,H,1435,100,1435,1,0
E,H,H,9675,100,9675,1,0
F,H,H,6261,100,6261,1,0
G,H,H,9342,100,9342,1,0
A,B,A,3656,100,3656,1,0
A,C,A,9292,100,9292,1,0
A,D,A,9292,100,9292,1,0
A,E,A,1427,100,1427,1,0
A,F,A,3502,100,3502,1,0
A,G,A,9583,100,9583,1,0
A,H,A,9480,100,9480,1,0
A,B,B,3654,100,3654,1,0
B,C,B,6738,100,6738,1,0
B,D,B,5976,100,5976,1,0
B,E,B,4293,100,4293,1,0
B,F,B,1422,100,1422,1,0
B,G,B,7206,100,7206,1,0
B,H,B,6247,100,6247,1,0
A,C,C,9307,100,9307,1,0
B,C,C,6734,100,6734,1,0
C,D,C,8756,100,8756,1,0
C,E,C,9833,100,9833,1,0
C,F,C,7194,100,7194,1,0
C,G,C,1624,100,1624,1,0
C,H,C,9061,100,9061,1,0
A,D,D,9266,100,9266,1,0
B,D,D,6008,100,6008,1,0
C,D,D,8717,100,8717,1,0
D,E,D,9762,100,9762,1,0
D,F,D,6336,100,6336,1,0
D,G,D,9241,100,9241,1,0
D,H,D,1390,100,1390,1,0
A,E,E,1446,100,1446,1,0
B,E,E,4314,100,4314,1,0
C,E,E,9821,100,9821,1,0
D,E,E,9667,100,9667,1,0
E,F,E,3721,100,3721,1,0
E,G,E,9930,100,9930,1,0
E,H,E,9636,100,9636,1,0
A,F,F,3504,100,3504,1,0
B,F,F,1386,100,1386,1,0
C,F,F,7208,100,7208,1,0
D,F,F,6330,100,6330,1,0
E,F,F,3668,100,3668,1,0
F,G,F,7352,100,7352,1,0
F,H,F,6283,100,6283,1,0
A,G,G,9605,100,9605,1,0
B,G,G,7210,100,7210,1,0
C,G,G,1607,100,1607,1,0
D,G,G,9225,100,9225,1,0
E,G,G,9920,100,9920,1,0
F,G,G,7379,100,7379,1,0
G,H,G,9330,100,9330,1,0
A,H,H,9372,100,9372,1,0
B,H,H,6170,100,6170,1,0
C,H,H,9056,100,9056,1,0
D,H,H,1384,100,1384,1,0
E,H,H,9675,100,9675,1,0
F,H,H,6284,100,6284,1,0
G,H,H,9307,100,9307,1,0
A,B,A,3618,100,3618,1,0
A,C,A,9264,100,9264,1,0
A,D,A,9245,100,9245,1,0
A,E,A,1485,100,1485,1,0
A,F,A,3515,100,3515,1,0
A,G,A,9580,100,9580,1,0
A,H,A,9428,100,9428,1,0
A,B,B,3618,100,3618,1,0
B,C,B,6737,100,6737,1,0
B,D,B,5980,100,5980,1,0
B,E,B,4269,100,4269,1,0
B,F,B,1420,100,1420,1,0
B,G,B,7216,100,7216,1,0
B,H,B,6155,100,6155,1,0
A,C,C,9323,100,9323,1,0
B,C,C,6709,100,6709,1,0
C,D,C,8707,100,8707,1,0
C,E,C,9803,100,9803,1,0
C,F,C,7214,100,7214,1,0
C,G,C,1571,100,1571,1,0
C,H,C,9074,100,9074,1,0
A,D,D,9275,100,9275,1,0
B,D,D,5936,100,5936,1,0
C,D,D,8744,100,8744,1,0
D,E,D,9742,100,9742,1,0
D,F,D,6330,100,6330,1,0
D,G,D,9300,100,9300,1,0
D,H,D,1444,100,1444,1,0
A,E,E,1410,100,1410,1,0
B,E,E,4286,100,4286,1,0
C,E,E,9806,100,9806,1,0
D,E,E,9731,100,9731,1,0
E,F,E,3702,100,3702,1,0
E,G,E,9900,100,9900,1,0
E,H,E,9669,100,9669,1,0
A,F,F,3504,100,3504,1,0
B,F,F,1431,100,1431,1,0
C,F,F,7228,100,7228,1,0
D,F,F,6350,100,6350,1,0
E,F,F,3702,100,3702,1,0
F,G,F,7378,100,7378,1,0
F,H,F,6311,100,6311,1,0
A,G,G,9611,100,9611,1,0
B,G,G,7168,100,7168,1,0
C,G,G,1602,100,1602,1,0
D,G,G,9252,100,9252,1,0
E,G,G,9882,100,9882,1,0
F,G,G,7341,100,7341,1,0
G,H,G,9327,100,9327,1,0
A,H,H,9374,100,9374,1,0
B,H,H,6220,100,6220,1,0
C,H,H,9035,100,9035,1,0
D,H,H,1466,100,1466,1,0
E,H,H,9681,100,9681,1,0
F,H,H,6298,100,6298,1,0
G,H,H,9308,100,9308,1,0
A,B,A,3613,100,3613,1,0
A,C,A,9297,100,9297,1,0
A,D,A,9263,100,9263,1,0
A,E,A,1395,100,1395,1,0
A,F,A,3510,100,3510,1,0
A,G,A,9618,100,9618,1,0
A,H,A,9404,100,9404,1,0
A,B,B,3586,100,3586,1,0
B,C,B,6697,100,6697,1,0
B,D,B,5957,100,5957,1,0
B,E,B,4274,100,4274,1,0
B,F,B,1401,100,1401,1,0
B,G,B,7136,100,7136,1,0
B,H,B,6191,100,6191,1,0
A,C,C,9269,100,9269,1,0
B,C,C,6721,100,6721,1,0
C,D,C,8737,100,8737,1,0
C,E,C,9842,100,9842,1,0
C,F,C,7223,100,7223,1,0
C,G,C,1544,100,1544,1,0
C,H,C,9092,100,9092,1,0
A,D,D,9265,100,9265,1,0
B,D,D,5906,100,5906,1,0
C,D,D,8691,100,8691,1,0
D,E,D,9761,100,9761,1,0
D,F,D,6327,100,6327,1,0
D,G,D,9231,100,9231,1,0
D,H,D,1341,100,1341,1,0
A,E,E,1418,100,1418,1,0
B,E,E,4306,100,4306,1,0
C,E,E,9817,100,9817,1,0
D,E,E,9730,100,9730,1,0
E,F,E,3677,100,3677,1,0
E,G,E,9922,100,9922,1,0
E,H,E,9661,100,9661,1,0
A,F,F,3566,100,3566,1,0
B,F,F,1395,100,1395,1,0
C,F,F,7208,100,7208,1,0
D,F,F,6328,100,6328,1,0
E,F,F,3732,100,3732,1,0
F,G,F,7358,100,7358,1,0
F,H,F,6277,100,6277,1,0
A,G,G,9646,100,9646,1,0
B,G,G,7220,100,7220,1,0
C,G,G,1556,100,1556,1,0
D,G,G,9296,100,9296,1,0
E,G,G,9918,100,9918,1,0
F,G,G,7353,100,7353,1,0
G,H,G,9314,100,9314,1,0
A,H,H,9392,100,9392,1,0
B,H,H,6187,100,6187,1,0
C,H,H,9075,100,9075,1,0
D,H,H,1393,100,1393,1,0
E,H,H,9643,100,9643,1,0
F,H,H,6256,100,6256,1,0
G,H,H,9321,100,9321,1,0
A,B,A,3654,100,3654,1,0
A,C,A,9289,100,9289,1,0
A,D,A,9248,100,9248,1,0
A,E,A,1458,100,1458,1,0
A,F,A,3520,100,3520,1,0
A,G,A,9643,100,9643,1,0
A,H,A,9364,100,9364,1,0
A,B,B,3646,100,3646,1,0
B,C,B,6723,100,6723,1,0
B,D,B,5980,100,5980,1,0
B,E,B,4336,100,4336,1,0
B,F,B,1417,100,1417,1,0
B,G,B,7180,100,7180,1,0
B,H,B,6177,100,6177,1,0
A,C,C,9274,100,9274,1,0
B,C,C,6750,100,6750,1,0
C,D,C,8728,100,8728,1,0
C,E,C,9837,100,9837,1,0
C,F,C,7201,100,7201,1,0
C,G,C,1610,100,1610,1,0
C,H,C,9037,100,9037,1,0
A,D,D,9251,100,9251,1,0
B,D,D,5981,100,5981,1,0
C,D,D,8716,100,8716,1,0
D,E,D,9711,100,9711,1,0
D,F,D,6347,100,6347,1,0
D,G,D,9250,100,9250,1,0
D,H,D,1452,100,1452,1,0
A,E,E,1506,100,1506,1,0
B,E,E,4311,100,4311,1,0
C,E,E,9854,100,9854,1,0
D,E,E,9727,100,9727,1,0
E,F,E,3724,100,3724,1,0
E,G,E,9909,100,9909,1,0
E,H,E,9672,100,9672,1,0
A,F,F,3546,100,3546,1,0
B,F,F,1401,100,1401,1,0
C,F,F,7222,100,7222,1,0
D,F,F,6345,100,6345,1,0
E,F,F,3723,100,3723,1,0
F,G,F,7403,100,7403,1,0
F,H,F,6237,100,6237,1,0
A,G,G,9602,100,9602,1,0
B,G,G,7195,100,7195,1,0
C,G,G,1574,100,1574,1,0
D,G,G,9231,100,9231,1,0
E,G,G,9882,100,9882,1,0
F,G,G,7378,100,7378,1,0
G,H,G,9342,100,9342,1,0
A,H,H,9397,100,9397,1,0
B,H,H,6187,100,6187,1,0
C,H,H,9061,100,9061,1,0
D,H,H,1443,100,1443,1,0
E,H,H,9660,100,9660,1,0
F,H,H,6307,100,6307,1,0
G,H,H,9365,100,9365,1,0
A,B,A,3619,100,3619,1,0
A,C,A,9283,100,9283,1,0
A,D,A,9278,100,9278,1,0
A,E,A,1415,100,1415,1,0
A,F,A,3533,100,3533,1,0
A,G,A,9650,100,9650,1,0
A,H,A,9417,100,9417,1,0
A,B,B,3621,100,3621,1,0
B,C,B,6757,100,6757,1,0
B,D,B,5969,100,5969,1,0
B,E,B,4295,100,4295,1,0
B,F,B,1420,100,1420,1,0
B,G,B,7153,100,7153,1,0
B,H,B,6171,100,6171,1,0
A,C,C,9300,100,9300,1,0
B,C,C,6737,100,6737,1,0
C,D,C,8738,100,8738,1,0
C,E,C,9846,100,9846,1,0
C,F,C,7212,100,7212,1,0
C,G,C,1579,100,1579,1,0
C,H,C,9058,100,9058,1,0
A,D,D,9271,100,9271,1,0
B,D,D,5944,100,5944,1,0
C,D,D,8715,100,8715,1,0
D,E,D,9682,100,9682,1,0
D,F,D,6353,100,6353,1,0
D,G,D,9233,100,9233,1,0
D,H,D,1386,100,1386,1,0
A,E,E,1404,100,1404,1,0
B,E,E,4300,100,4300,1,0
C,E,E,9791,100,9791,1,0
D,E,E,9779,100,9779,1,0
E,F,E,3688,100,3688,1,0
E,G,E,9923,100,9923,1,0
E,H,E,9647,100,9647,1,0
A,F,F,3543,100,3543,1,0
B,F,F,1413,100,1413,1,0
C,F,F,7192,100,7192,1,0
D,F,F,6328,100,6328,1,0
E,F,F,3704,100,3704,1,0
F,G,F,7380,100,7380,1,0
F,H,F,6308,100,6308,1,0
A,G,G,9625,100,9625,1,0
B,G,G,7179,100,7179,1,0
C,G,G,1602,100,1602,1,0
D,G,G,9182,100,9182,1,0
E,G,G,9915,100,9915,1,0
F,G,G,7356,100,7356,1,0
G,H,G,9309,100,9309,1,0
A,H,H,9460,100,9460,1,0
B,H,H,6205,100,6205,1,0
C,H,H,9048,100,9048,1,0
D,H,H,1452,100,1452,1,0
E,H,H,9655,100,9655,1,0
F,H,H,6282,100,6282,1,0
G,H,H,9329,100,9329,1,0
A,B,A,3625,100,3625,1,0
A,C,A,9298,100,9298,1,0
A,D,A,9272,100,9272,1,0
A,E,A,1422,100,1422,1,0
A,F,A,3555,100,3555,1,0
A,G,A,9593,100,9593,1,0
A,H,A,9421,100,9421,1,0
A,B,B,3653,100,3653,1,0
B,C,B,6782,100,6782,1,0
B,D,B,5968,100,5968,1,0
B,E,B,4262,100,4262,1,0
B,F,B,1404,100,1404,1,0
B,G,B,7172,100,7172,1,0
B,H,B,6198,100,6198,1,0
A,C,C,9308,100,9308,1,0
B,C,C,6760,100,6760,1,0
C,D,C,8718,100,8718,1,0
C,E,C,9861,100,9861,1,0
C,F,C,7174,100,7174,1,0
C,G,C,1533,100,1533,1,0
C,H,C,9065,100,9065,1,0
A,D,D,9263,100,9263,1,0
B,D,D,5956,100,5956,1,0
C,D,D,8727,100,8727,1,0
D,E,D,9710,100,9710,1,0
D,F,D,6362,100,6362,1,0
D,G,D,9199,100,9199,1,0
D,H,D,1407,100,1407,1,0
A,E,E,1487,100,1487,1,0
B,E,E,4337,100,4337,1,0
C,E,E,9846,100,9846,1,0
D,E,E,9770,100,9770,1,0
E,F,E,3672,100,3672,1,0
E,G,E,9913,100,9913,1,0
E,H,E,9627,100,9627,1,0
A,F,F,3532,100,3532,1,0
B,F,F,1414,100,1414,1,0
C,F,F,7214,100,7214,1,0
D,F,F,6360,100,6360,1,0
E,F,F,3698,100,3698,1,0
F,G,F,7398,100,7398,1,0
F,H,F,6242,100,6242,1,0
A,G,G,9624,100,9624,1,0
B,G,G,7250,100,7250,1,0
C,G,G,1574,100,1574,1,0
D,G,G,9234,100,9234,1,0
E,G,G,9948,100,9948,1,0
F,G,G,7396,100,7396,1,0
G,H,G,9286,100,9286,1,0
A,H,H,9457,100,9457,1,0
B,H,H,6203,100,6203,1,0
C,H,H,9020,100,9020,1,0
D,H,H,1480,100,1480,1,0
E,H,H,9667,100,9667,1,0
F,H,H,6243,100,6243,1,0
G,H,H,9348,100,9348,1,0
A,B,A,3654,100,3654,1,0
A,C,A,9296,100,9296,1,0
A,D,A,9277,100,9277,1,0
A,E,A,1391,100,1391,1,0
A,F,A,3576,100,3576,1,0
A,G,A,9633,100,9633,1,0
A,H,A,9393,100,9393,1,0
A,B,B,3603,100,3603,1,0
B,C,B,6720,100,6720,1,0
B,D,B,5992,100,5992,1,0
B,E,B,4344,100,4344,1,0
B,F,B,1399,100,1399,1,0
B,G,B,7210,100,7210,1,0
B,H,B,6168,100,6168,1,0
A,C,C,9318,100,9318,1,0
B,C,C,6779,100,6779,1,0
C,D,C,8747,100,8747,1,0
C,E,C,9802,100,9802,1,0
C,F,C,7206,100,7206,1,0
C,G,C,1593,100,1593,1,0
C,H,C,9073,100,9073,1,0
A,D,D,9271,100,9271,1,0
B,D,D,5899,100,5899,1,0
C,D,D,8698,100,8698,1,0
D,E,D,9740,100,9740,1,0
D,F,D,6380,100,6380,1,0
D,G,D,9263,100,9263,1,0
D,H,D,1389,100,1389,1,0
A,E,E,1401,100,1401,1,0
B,E,E,4282,100,4282,1,0
C,E,E,9876,100,9876,1,0
D,E,E,9741,100,9741,1,0
E,F,E,3668,100,3668,1,0
E,G,E,9901,100,9901,1,0
E,H,E,9641,100,9641,1,0
A,F,F,3527,100,3527,1,0
B,F,F,1371,100,1371,1,0
C,F,F,7218,100,7218,1,0
D,F,F,6352,100,6352,1,0
E,F,F,3717,100,3717,1,0
F,G,F,7382,100,7382,1,0
F,H,F,6228,100,6228,1,0
A,G,G,9563,100,9563,1,0
B,G,G,7236,100,7236,1,0
C,G,G,1541,100,1541,1,0
D,G,G,9205,100,9205,1,0
E,G,G,9925,100,9925,1,0
F,G,G,7372,100,7372,1,0
G,H,G,9329,100,9329,1,0
A,H,H,9368,100,9368,1,0
B,H,H,6180,100,6180,1,0
C,H,H,9015,100,9015,1,0
D,H,H,1411,100,1411,1,0
E,H,H,9657,100,9657,1,0
F,H,H,6283,100,6283,1,0
G,H,H,9330,100,9330,1,0
A,B,A,3651,100,3651,1,0
A,C,A,9268,100,9268,1,0
A,D,A,9274,100,9274,1,0
A,E,A,1462,100,1462,1,0
A,F,A,3533,100,3533,1,0
A,G,A,9594,100,9594,1,0
A,H,A,9405,100,9405,1,0
A,B,B,3656,100,3656,1,0
B,C,B,6774,100,6774,1,0
B,D,B,5978,100,5978,1,0
B,E,B,4296,100,4296,1,0
B,F,B,1396,100,1396,1,0
B,G,B,7206,100,7206,1,0
B,H,B,6156,100,6156,1,0
A,C,C,9348,100,9348,1,0
B,C,C,6696,100,6696,1,0
C,D,C,8744,100,8744,1,0
C,E,C,9816,100,9816,1,0
C,F,C,7202,100,7202,1,0
C,G,C,1611,100,1611,1,0
C,H,C,9005,100,9005,1,0
A,D,D,9251,100,9251,1,0
B,D,D,5983,100,5983,1,0
C,D,D,8706,100,8706,1,0
D,E,D,9731,100,9731,1,0
D,F,D,6363,100,6363,1,0
D,G,D,9224,100,9224,1,0
D,H,D,1468,100,1468,1,0
A,E,E,1413,100,1413,1,0
B,E,E,4279,100,4279,1,0
C,E,E,9806,100,9806,1,0
D,E,E,9720,100,9720,1,0
E,F,E,3684,100,3684,1,0
E,G,E,9926,100,9926,1,0
E,H,E,9655,100,9655,1,0
A,F,F,3511,100,3511,1,0
B,F,F,1417,100,1417,1,0
C,F,F,7225,100,7225,1,0
D,F,F,6344,100,6344,1,0
E,F,F,3694,100,3694,1,0
F,G,F,7375,100,7375,1,0
F,H,F,6275,100,6275,1,0
A,G,G,9649,100,9649,1,0
B,G,G,7186,100,7186,1,0
C,G,G,1546,100,1546,1,0
D,G,G,9169,100,9169,1,0
E,G,G,9926,100,9926,1,0
F,G,G,7356,100,7356,1,0
G,H,G,9353,100,9353,1,0
A,H,H,9421,100,9421,1,0
B,H,H,6152,100,6152,1,0
C,H,H,9054,100,9054,1,0
D,H,H,1401,100,1401,1,0
E,H,H,9642,100,9642,1,0
F,H,H,6240,100,6240,1,0
G,H,H,9352,100,9352,1,0
A,B,A,3636,100,3636,1,0
A,C,A,9279,100,9279,1,0
A,D,A,9278,100,9278,1,0
A,E,A,1443,100,1443,1,0
A,F,A,3513,100,3513,1,0
A,G,A,9640,100,9640,1,0
A,H,A,9360,100,9360,1,0
A,B,B,3661,100,3661,1,0
B,C,B,6739,100,6739,1,0
B,D,B,5938,100,5938,1,0
B,E,B,4331,100,4331,1,0
B,F,B,1375,100,1375,1,0
B,G,B,7144,100,7144,1,0
B,H,B,6193,100,6193,1,0
A,C,C,9277,100,9277,1,0
B,C,C,6740,100,6740,1,0
C,D,C,8780,100,8780,1,0
C,E,C,9861,100,9861,1,0
C,F,C,7222,100,7222,1,0
C,G,C,1577,100,1577,1,0
C,H,C,9053,100,9053,1,0
A,D,D,9259,100,9259,1,0
B,D,D,5988,100,5988,1,0
C,D,D,8726,100,8726,1,0
D,E,D,9744,100,9744,1,0
D,F,D,6373,100,6373,1,0
D,G,D,9206,100,9206,1,0
D,H,D,1414,100,1414,1,0
A,E,E,1400,100,1400,1,0
B,E,E,4319,100,4319,1,0
C,E,E,9806,100,9806,1,0
D,E,E,9776,100,9776,1,0
E,F,E,3701,100,3701,1,0
E,G,E,9908,100,9908,1,0
E,H,E,9646,100,9646,1,0
A,F,F,3522,100,3522,1,0
B,F,F,1383,100,1383,1,0
C,F,F,7237,100,7237,1,0
D,F,F,6345,100,6345,1,0
E,F,F,3699,100,3699,1,0
F,G,F,7342,100,7342,1,0
F,H,F,6282,100,6282,1,0
A,G,G,9592,100,9592,1,0
B,G,G,7186,100,7186,1,0
C,G,G,1562,100,1562,1,0
D,G,G,9224,100,9224,1,0
E,G,G,9923,100,9923,1,0
F,G,G,7352,100,7352,1,0
G,H,G,9316,100,9316,1,0
A,H,H,9348,100,9348,1,0
B,H,H,6227,100,6227,1,0
C,H,H,9003,100,9003,1,0
D,H,H,1402,100,1402,1,0
E,H,H,9644,100,9644,1,0
F,H,H,6290,100,6290,1,0
G,H,H,9303,100,9303,1,0
A,B,A,3633,100,3633,1,0
A,C,A,9278,100,9278,1,0
A,D,A,9271,100,9271,1,0
A,E,A,1479,100,1479,1,0
A,F,A,3488,100,3488,1,0
A,G,A,9615,100,9615,1,0
A,H,A,9384,100,9384,1,0
A,B,B,3656,100,3656,1,0
B,C,B,6744,100,6744,1,0
B,D,B,5966,100,5966,1,0
B,E,B,4297,100,4297,1,0
B,F,B,1398,100,1398,1,0
B,G,B,7159,100,7159,1,0
B,H,B,6238,100,6238,1,0
A,C,C,9281,100,9281,1,0
B,C,C,6726,100,6726,1,0
C,D,C,8710,100,8710,1,0
C,E,C,9853,100,9853,1,0
C,F,C,7181,100,7181,1,0
C,G,C,1565,100,1565,1,0
C,H,C,9053,100,9053,1,0
A,D,D,9281,100,9281,1,0
B,D,D,5981,100,5981,1,0
C,D,D,8735,100,8735,1,0
D,E,D,9793,100,9793,1,0
D,F,D,6381,100,6381,1,0
D,G,D,9264,100,9264,1,0
D,H,D,1406,100,1406,1,0
A,E,E,1415,100,1415,1,0
B,E,E,4275,100,4275,1,0
C,E,E,9824,100,9824,1,0
D,E,E,9772,100,9772,1,0
E,F,E,3722,100,3722,1,0
E,G,E,9930,100,9930,1,0
E,H,E,9671,100,9671,1,0
A,F,F,3518,100,3518,1,0
B,F,F,1421,100,1421,1,0
C,F,F,7222,100,7222,1,0
D,F,F,6350,100,6350,1,0
E,F,F,3682,100,3682,1,0
F,G,F,7352,100,7352,1,0
F,H,F,6240,100,6240,1,0
A,G,G,9600,100,9600,1,0
B,G,G,7168,100,7168,1,0
C,G,G,1553,100,1553,1,0
D,G,G,9240,100,9240,1,0
E,G,G,9897,100,9897,1,0
F,G,G,7350,100,7350,1,0
G,H,G,9307,100,9307,1,0
A,H,H,9396,100,9396,1,0
B,H,H,6228,100,6228,1,0
C,H,H,9053,100,9053,1,0
D,H,H,1448,100,1448,1,0
E,H,H,9663,100,9663,1,0
F,H,H,6244,100,6244,1,0
G,H,H,9314,100,9314,1,0
A,B,A,3640,100,3640,1,0
A,C,A,9316,100,9316,1,0
A,D,A,9295,100,9295,1,0
A,E,A,1439,100,1439,1,0
A,F,A,3514,100,3514,1,0
A,G,A,9520,100,9520,1,0
A,H,A,9380,100,9380,1,0
A,B,B,3622,100,3622,1,0
B,C,B,6727,100,6727,1,0
B,D,B,5936,100,5936,1,0
B,E,B,4265,100,4265,1,0
B,F,B,1411,100,1411,1,0
B,G,B,7221,100,7221,1,0
B,H,B,6187,100,6187,1,0
A,C,C,9298,100,9298,1,0
B,C,C,6714,100,6714,1,0
C,D,C,8727,100,8727,1,0
C,E,C,9819,100,9819,1,0
C,F,C,7193,100,7193,1,0
C,G,C,1580,100,1580,1,0
C,H,C,9021,100,9021,1,0
A,D,D,9272,100,9272,1,0
B,D,D,5956,100,5956,1,0
C,D,D,8742,100,8742,1,0
D,E,D,9781,100,9781,1,0
D,F,D,6371,100,6371,1,0
D,G,D,9238,100,9238,1,0
D,H,D,1358,100,1358,1,0
A,E,E,1457,100,1457,1,0
B,E,E,4316,100,4316,1,0
C,E,E,9810,100,9810,1,0
D,E,E,9687,100,9687,1,0
E,F,E,3699,100,3699,1,0
E,G,E,9913,100,9913,1,0
E,H,E,9664,100,9664,1,0
A,F,F,3559,100,3559,1,0
B,F,F,1423,100,1423,1,0
C,F,F,7221,100,7221,1,0
D,F,F,6351,100,6351,1,0
E,F,F,3727,100,3727,1,0
F,G,F,7372,100,7372,1,0
F,H,F,6281,100,6281,1,0
A,G,G,9613,100,9613,1,0
B,G,G,7200,100,7200,1,0
C,G,G,1517,100,1517,1,0
D,G,G,9260,100,9260,1,0
E,G,G,9913,100,9913,1,0
F,G,G,7348,100,7348,1,0
G,H,G,9347,100,9347,1,0
A,H,H,9374,100,9374,1,0
B,H,H,6185,100,6185,1,0
C,H,H,9090,100,9090,1,0
D,H,H,1447,100,1447,1,0
E,H,H,9653,100,9653,1,0
F,H,H,6237,100,6237,1,0
G,H,H,9314,100,9314,1,0
A,B,A,3622,100,3622,1,0
A,C,A,9294,100,9294,1,0
A,D,A,9251,100,9251,1,0
A,E,A,1400,100,1400,1,0
A,F,A,3516,100,3516,1,0
A,G,A,9601,100,9601,1,0
A,H,A,9427,100,9427,1,0
A,B,B,3644,100,3644,1,0
B,C,B,6750,100,6750,1,0
B,D,B,5973,100,5973,1,0
B,E,B,4326,100,4326,1,0
B,F,B,1399,100,1399,1,0
B,G,B,7226,100,7226,1,0
B,H,B,6212,100,6212,1,0
A,C,C,9273,100,9273,1,0
B,C,C,6720,100,6720,1,0
C,D,C,8740,100,8740,1,0
C,E,C,9828,100,9828,1,0
C,F,C,7200,100,7200,1,0
C,G,C,1591,100,1591,1,0
C,H,C,9002,100,9002,1,0
A,D,D,9276,100,9276,1,0
B,D,D,5975,100,5975,1,0
C,D,D,8754,100,8754,1,0
D,E,D,9698,100,9698,1,0
D,F,D,6335,100,6335,1,0
D,G,D,9225,100,9225,1,0
D,H,D,1445,100,1445,1,0
A,E,E,1447,100,1447,1,0
B,E,E,4344,100,4344,1,0
C,E,E,9866,100,9866,1,0
D,E,E,9752,100,9752,1,0
E,F,E,3706,100,3706,1,0
E,G,E,9938,100,9938,1,0
E,H,E,9639,100,9639,1,0
A,F,F,3491,100,3491,1,0
B,F,F,1403,100,1403,1,0
C,F,F,7235,100,7235,1,0
D,F,F,6349,100,6349,1,0
E,F,F,3683,100,3683,1,0
F,G,F,7355,100,7355,1,0
F,H,F,6320,100,6320,1,0
A,G,G,9599,100,9599,1,0
B,G,G,7174,100,7174,1,0
C,G,G,1562,100,1562,1,0
D,G,G,9234,100,9234,1,0
E,G,G,9924,100,9924,1,0
F,G,G,7337,100,7337,1,0
G,H,G,9350,100,9350,1,0
A,H,H,9388,100,9388,1,0
B,H,H,6184,100,6184,1,0
C,H,H,9044,100,9044,1,0
D,H,H,1430,100,1430,1,0
E,H,H,9682,100,9682,1,0
F,H,H,6258,100,6258,1,0
G,H,H,9300,100,9300,1,0
A,B,A,3627,100,3627,1,0
A,C,A,9278,100,9278,1,0
A,D,A,9257,100,9257,1,0
A,E,A,1434,100,1434,1,0
A,F,A,3517,100,3517,1,0
A,G,A,9561,100,9561,1,0
A,H,A,9402,100,9402,1,0
A,B,B,3617,100,3617,1,0
B,C,B,6758,100,6758,1,0
B,D,B,5960,100,5960,1,0
B,E,B,4332,100,4332,1,0
B,F,B,1354,100,1354,1,0
B,G,B,7184,100,7184,1,0
B,H,B,6221,100,6221,1,0
A,C,C,9273,100,9273,1,0
B,C,C,6717,100,6717,1,0
C,D,C,8746,100,8746,1,0
C,E,C,9831,100,9831,1,0
C,F,C,7210,100,7210,1,0
C,G,C,1550,100,1550,1,0
C,H,C,9059,100,9059,1,0
A,D,D,9268,100,9268,1,0
B,D,D,5909,100,5909,1,0
C,D,D,8703,100,8703,1,0
D,E,D,9744,100,9744,1,0
D,F,D,6348,100,6348,1,0
D,G,D,9271,100,9271,1,0
D,H,D,1422,100,1422,1,0
A,E,E,1438,100,1438,1,0
B,E,E,4307,100,4307,1,0
C,E,E,9818,100,9818,1,0
D,E,E,9815,100,9815,1,0
E,F,E,3757,100,3757,1,0
E,G,E,9913,100,9913,1,0
E,H,E,9704,100,9704,1,0
A,F,F,3553,100,3553,1,0
B,F,F,1399,100,1399,1,0
C,F,F,7214,100,7214,1,0
D,F,F,6349,100,6349,1,0
E,F,F,3721,100,3721,1,0
F,G,F,7360,100,7360,1,0
F,H,F,6281,100,6281,1,0
A,G,G,9580,100,9580,1,0
B,G,G,7139,100,7139,1,0
C,G,G,1581,100,1581,1,0
D,G,G,9246,100,9246,1,0
E,G,G,9930,100,9930,1,0
F,G,G,7369,100,7369,1,0
G,H,G,9349,100,9349,1,0
A,H,H,9413,100,9413,1,0
B,H,H,6195,100,6195,1,0
C,H,H,9014,100,9014,1,0
D,H,H,1423,100,1423,1,0
E,H,H,9638,100,9638,1,0
F,H,H,6294,100,6294,1,0
G,H,H,9320,100,9320,1,0
A,B,A,3648,100,3648,1,0
A,C,A,9243,100,9243,1,0
A,D,A,9282,100,9282,1,0
A,E,A,1442,100,1442,1,0
A,F,A,3530,100,3530,1,0
A,G,A,9622,100,9622,1,0
A,H,A,9358,100,9358,1,0
A,B,B,3657,100,3657,1,0
B,C,B,6729,100,6729,1,0
B,D,B,5981,100,5981,1,0
B,E,B,4354,100,4354,1,0
B,F,B,1422,100,1422,1,0
B,G,B,7186,100,7186,1,0
B,H,B,6191,100,6191,1,0
A,C,C,9290,100,9290,1,0
B,C,C,6805,100,6805,1,0
C,D,C,8744,100,8744,1,0
C,E,C,9847,100,9847,1,0
C,F,C,7191,100,7191,1,0
C,G,C,1601,100,1601,1,0
C,H,C,9112,100,9112,1,0
A,D,D,9232,100,9232,1,0
B,D,D,5928,100,5928,1,0
C,D,D,8758,100,8758,1,0
D,E,D,9699,100,9699,1,0
D,F,D,6341,100,6341,1,0
D,G,D,9220,100,9220,1,0
D,H,D,1463,100,1463,1,0
A,E,E,1421,100,1421,1,0
B,E,E,4282,100,4282,1,0
C,E,E,9865,100,9865,1,0
D,E,E,9721,100,9721,1,0
E,F,E,3681,100,3681,1,0
E,G,E,9921,100,9921,1,0
E,H,E,9676,100,9676,1,0
A,F,F,3521,100,3521,1,0
B,F,F,1385,100,1385,1,0
C,F,F,7214,100,7214,1,0
D,F,F,6329,100,6329,1,0
E,F,F,3705,100,3705,1,0
F,G,F,7385,100,7385,1,0
F,H,F,6296,100,6296,1,0
A,G,G,9585,100,9585,1,0
B,G,G,7184,100,7184,1,0
C,G,G,1570,100,1570,1,0
D,G,G,9228,100,9228,1,0
E,G,G,9929,100,9929,1,0
F,G,G,7390,100,7390,1,0
G,H,G,9347,100,9347,1,0
A,H,H,9389,100,9389,1,0
B,H,H,6220,100,6220,1,0
C,H,H,9056,100,9056,1,0
D,H,H,1386,100,1386,1,0
E,H,H,9657,100,9657,1,0
F,H,H,6329,100,6329,1,0
G,H,H,9304,100,9304,1,0
A,B,A,3605,100,3605,1,0
A,C,A,9264,100,9264,1,0
A,D,A,9279,100,9279,1,0
A,E,A,1441,100,1441,1,0
A,F,A,3510,100,3510,1,0
A,G,A,9620,100,9620,1,0
A,H,A,9431,100,9431,1,0
A,B,B,3605,100,3605,1,0
B,C,B,6746,100,6746,1,0
B,D,B,5981,100,5981,1,0
B,E,B,4306,100,4306,1,0
B,F,B,1417,100,1417,1,0
B,G,B,7187,100,7187,1,0
B,H,B,6191,100,6191,1,0
A,C,C,9321,100,9321,1,0
B,C,C,6785,100,6785,1,0
C,D,C,8754,100,8754,1,0
C,E,C,9816,100,9816,1,0
C,F,C,7224,100,7224,1,0
C,G,C,1580,100,1580,1,0
C,H,C,9008,100,9008,1,0
A,D,D,9268,100,9268,1,0
B,D,D,5959,100,5959,1,0
C,D,D,8705,100,8705,1,0
D,E,D,9771,100,9771,1,0
D,F,D,6326,100,6326,1,0
D,G,D,9222,100,9222,1,0
D,H,D,1412,100,1412,1,0
A,E,E,1451,100,1451,1,0
B,E,E,4318,100,4318,1,0
C,E,E,9846,100,9846,1,0
D,E,E,9699,100,9699,1,0
E,F,E,3659,100,3659,1,0
E,G,E,9940,100,9940,1,0
E,H,E,9669,100,9669,1,0
A,F,F,3545,100,3545,1,0
B,F,F,1410,100,1410,1,0
C,F,F,7215,100,7215,1,0
D,F,F,6389,100,6389,1,0
E,F,F,3713,100,3713,1,0
F,G,F,7358,100,7358,1,0
F,H,F,6309,100,6309,1,0
A,G,G,9573,100,9573,1,0
B,G,G,7198,100,7198,1,0
C,G,G,1606,100,1606,1,0
D,G,G,9234,100,9234,1,0
E,G,G,9923,100,9923,1,0
F,G,G,7387,100,7387,1,0
G,H,G,9306,100,9306,1,0
A,H,H,9412,100,9412,1,0
B,H,H,6210,100,6210,1,0
C,H,H,9062,100,9062,1,0
D,H,H,1427,100,1427,1,0
E,H,H,9656,100,9656,1,0
F,H,H,6270,100,6270,1,0
G,H,H,9351,100,9351,1,0
A,B,A,3631,100,3631,1,0
A,C,A,9303,100,9303,1,0
A,D,A,9245,100,9245,1,0
A,E,A,1444,100,1444,1,0
A,F,A,3485,100,3485,1,0
A,G,A,9578,100,9578,1,0
A,H,A,9371,100,9371,1,0
A,B,B,3671,100,3671,1,0
B,C,B,6756,100,6756,1,0
B,D,B,5950,100,5950,1,0
B,E,B,4333,100,4333,1,0
B,F,B,1401,100,1401,1,0
B,G,B,7206,100,7206,1,0
B,H,B,6181,100,6181,1,0
A,C,C,9287,100,9287,1,0
B,C,C,6755,100,6755,1,0
C,D,C,8718,100,8718,1,0
C,E,C,9802,100,9802,1,0
C,F,C,7207,100,7207,1,0
C,G,C,1573,100,1573,1,0
C,H,C,9073,100,9073,1,0
A,D,D,9270,100,9270,1,0
B,D,D,5964,100,5964,1,0
C,D,D,8750,100,8750,1,0
D,E,D,9664,100,9664,1,0
D,F,D,6361,100,6361,1,0
D,G,D,9260,100,9260,1,0
D,H,D,1433,100,1433,1,0
A,E,E,1478,100,1478,1,0
B,E,E,4266,100,4266,1,0
C,E,E,9815,100,9815,1,0
D,E,E,9662,100,9662,1,0
E,F,E,3706,100,3706,1,0
E,G,E,9909,100,9909,1,0
E,H,E,9687,100,9687,1,0
A,F,F,3513,100,3513,1,0
B,F,F,1409,100,1409,1,0
C,F,F,7192,100,7192,1,0
D,F,F,6350,100,6350,1,0
E,F,F,3720,100,3720,1,0
F,G,F,7390,100,7390,1,0
F,H,F,6232,100,6232,1,0
A,G,G,9606,100,9606,1,0
B,G,G,7189,100,7189,1,0
C,G,G,1539,100,1539,1,0
D,G,G,9250,100,9250,1,0
E,G,G,9929,100,9929,1,0
F,G,G,7336,100,7336,1,0
G,H,G,9281,100,9281,1,0
A,H,H,9432,100,9432,1,0
B,H,H,6171,100,6171,1,0
C,H,H,9043,100,9043,1,0
D,H,H,1409,100,1409,1,0
E,H,H,9646,100,9646,1,0
F,H,H,6265,100,6265,1,0
G,H,H,9380,100,9380,1,0
A,B,A,3616,100,3616,1,0
A,C,A,9284,100,9284,1,0
A,D,A,9241,100,9241,1,0
A,E,A,1459,100,1459,1,0
A,F,A,3523,100,3523,1,0
A,G,A,9574,100,9574,1,0
A,H,A,9446,100,9446,1,0
A,B,B,3642,100,3642,1,0
B,C,B,6775,100,6775,1,0
B,D,B,6014,100,6014,1,0
B,E,B,4293,100,4293,1,0
B,F,B,1399,100,1399,1,0
B,G,B,7135,100,7135,1,0
B,H,B,6211,100,6211,1,0
A,C,C,9343,100,9343,1,0
B,C,C,6693,100,6693,1,0
C,D,C,8711,100,8711,1,0
C,E,C,9789,100,9789,1,0
C,F,C,7194,100,7194,1,0
C,G,C,1587,100,1587,1,0
C,H,C,9077,100,9077,1,0
A,D,D,9269,100,9269,1,0
B,D,D,5995,100,5995,1,0
C,D,D,8721,100,8721,1,0
D,E,D,9740,100,9740,1,0
D,F,D,6337,100,6337,1,0
D,G,D,9244,100,9244,1,0
D,H,D,1423,100,1423,1,0
A,E,E,1410,100,1410,1,0
B,E,E,4291,100,4291,1,0
C,E,E,9798,100,9798,1,0
D,E,E,9661,100,9661,1,0
E,F,E,3677,100,3677,1,0
E,G,E,9913,100,9913,1,0
E,H,E,9626,100,9626,1,0
A,F,F,3505,100,3505,1,0
B,F,F,1394,100,1394,1,0
C,F,F,7186,100,7186,1,0
D,F,F,6308,100,6308,1,0
E,F,F,3680,100,3680,1,0
F,G,F,7368,100,7368,1,0
F,H,F,6251,100,6251,1,0
A,G,G,9604,100,9604,1,0
B,G,G,7189,100,7189,1,0
C,G,G,1582,100,1582,1,0
D,G,G,9239,100,9239,1,0
E,G,G,9944,100,9944,1,0
F,G,G,7360,100,7360,1,0
G,H,G,9295,100,9295,1,0
A,H,H,9396,100,9396,1,0
B,H,H,6199,100,6199,1,0
C,H,H,9053,100,9053,1,0
D,H,H,1444,100,1444,1,0
E,H,H,9702,100,9702,1,0
F,H,H,6282,100,6282,1,0
G,H,H,9358,100,9358,1,0
A,B,A,3664,100,3664,1,0
A,C,A,9257,100,9257,1,0
A,D,A,9262,100,9262,1,0
A,E,A,1455,100,1455,1,0
A,F,A,3503,100,3503,1,0
A,G,A,9619,100,9619,1,0
A,H,A,9422,100,9422,1,0
A,B,B,3654,100,3654,1,0
B,C,B,6737,100,6737,1,0
B,D,B,5968,100,5968,1,0
B,E,B,4386,100,4386,1,0
B,F,B,1417,100,1417,1,0
B,G,B,7191,100,7191,1,0
B,H,B,6212,100,6212,1,0
A,C,C,9323,100,9323,1,0
B,C,C,6729,100,6729,1,0
C,D,C,8738,100,8738,1,0
C,E,C,9839,100,9839,1,0
C,F,C,7208,100,7208,1,0
C,G,C,1569,100,1569,1,0
C,H,C,9043,100,9043,1,0
A,D,D,9271,100,9271,1,0
B,D,D,6003,100,6003,1,0
C,D,D,8699,100,8699,1,0
D,E,D,9751,100,9751,1,0
D,F,D,6373,100,6373,1,0
D,G,D,9271,100,9271,1,0
D,H,D,1398,100,1398,1,0
A,E,E,1476,100,1476,1,0
B,E,E,4292,100,4292,1,0
C,E,E,9764,100,9764,1,0
D,E,E,9742,100,9742,1,0
E,F,E,3710,100,3710,1,0
E,G,E,9930,100,9930,1,0
E,H,E,9657,100,9657,1,0
A,F,F,3530,100,3530,1,0
B,F,F,1390,100,1390,1,0
C,F,F,7241,100,7241,1,0
D,F,F,6351,100,6351,1,0
E,F,F,3670,100,3670,1,0
F,G,F,7369,100,7369,1,0
F,H,F,6267,100,6267,1,0
A,G,G,9613,100,9613,1,0
B,G,G,7174,100,7174,1,0
C,G,G,1580,100,1580,1,0
D,G,G,9232,100,9232,1,0
E,G,G,9908,100,9908,1,0
F,G,G,7356,100,7356,1,0
G,H,G,9349,100,9349,1,0
A,H,H,9417,100,9417,1,0
B,H,H,6225,100,6225,1,0
C,H,H,9063,100,9063,1,0
D,H,H,1408,100,1408,1,0
E,H,H,9658,100,9658,1,0
F,H,H,6333,100,6333,1,0
G,H,H,9302,100,9302,1,0
A,B,A,3641,100,3641,1,0
A,C,A,9338,100,9338,1,0
A,D,A,9278,100,9278,1,0
A,E,A,1459,100,1459,1,0
A,F,A,3537,100,3537,1,0
A,G,A,9606,100,9606,1,0
A,H,A,9400,100,9400,1,0
A,B,B,3652,100,3652,1,0
B,C,B,6735,100,6735,1,0
B,D,B,5970,100,5970,1,0
B,E,B,4275,100,4275,1,0
B,F,B,1387,100,1387,1,0
B,G,B,7217,100,7217,1,0
B,H,B,6208,100,6208,1,0
A,C,C,9275,100,9275,1,0
B,C,C,6747,100,6747,1,0
C,D,C,8751,100,8751,1,0
C,E,C,9812,100,9812,1,0
C,F,C,7201,100,7201,1,0
C,G,C,1555,100,1555,1,0
C,H,C,9058,100,9058,1,0
A,D,D,9265,100,9265,1,0
B,D,D,5939,100,5939,1,0
C,D,D,8715,100,8715,1,0
D,E,D,9760,100,9760,1,0
D,F,D,6371,100,6371,1,0
D,G,D,9204,100,9204,1,0
D,H,D,1426,100,1426,1,0
A,E,E,1421,100,1421,1,0
B,E,E,4285,100,4285,1,0
C,E,E,9816,100,9816,1,0
D,E,E,9686,100,9686,1,0
E,F,E,3641,100,3641,1,0
E,G,E,9930,100,9930,1,0
E,H,E,9623,100,9623,1,0
A,F,F,3545,100,3545,1,0
B,F,F,1383,100,1383,1,0
C,F,F,7202,100,7202,1,0
D,F,F,6344,100,6344,1,0
E,F,F,3717,100,3717,1,0
F,G,F,7388,100,7388,1,0
F,H,F,6246,100,6246,1,0
A,G,G,9591,100,9591,1,0
B,G,G,7142,100,7142,1,0
C,G,G,1566,100,1566,1,0
D,G,G,9216,100,9216,1,0
E,G,G,9928,100,9928,1,0
F,G,G,7387,100,7387,1,0
G,H,G,9353,100,9353,1,0
A,H,H,9424,100,9424,1,0
B,H,H,6205,100,6205,1,0
C,H,H,9044,100,9044,1,0
D,H,H,1398,100,1398,1,0
E,H,H,9653,100,9653,1,0
F,H,H,6241,100,6241,1,0
G,H,H,9337,100,9337,1,0
A,B,A,3627,100,3627,1,0
A,C,A,9281,100,9281,1,0
A,D,A,9251,100,9251,1,0
A,E,A,1450,100,1450,1,0
A,F,A,3522,100,3522,1,0
A,G,A,9577,100,9577,1,0
A,H,A,9411,100,9411,1,0
A,B,B,3623,100,3623,1,0
B,C,B,6703,100,6703,1,0
B,D,B,5942,100,5942,1,0
B,E,B,4341,100,4341,1,0
B,F,B,1417,100,1417,1,0
B,G,B,7194,100,7194,1,0
B,H,B,6229,100,6229,1,0
A,C,C,9311,100,9311,1,0
B,C,C,6714,100,6714,1,0
C,D,C,8729,100,8729,1,0
C,E,C,9833,100,9833,1,0
C,F,C,7208,100,7208,1,0
C,G,C,1617,100,1617,1,0
C,H,C,9029,100,9029,1,0
A,D,D,9271,100,9271,1,0
B,D,D,6007,100,6007,1,0
C,D,D,8705,100,8705,1,0
D,E,D,9709,100,9709,1,0
D,F,D,6370,100,6370,1,0
D,G,D,9222,100,9222,1,0
D,H,D,1414,100,1414,1,0
A,E,E,1415,100,1415,1,0
B,E,E,4342,100,4342,1,0
C,E,E,9837,100,9837,1,0
D,E,E,9688,100,9688,1,0
E,F,E,3701,100,3701,1,0
E,G,E,9939,100,9939,1,0
E,H,E,9685,100,9685,1,0
A,F,F,3502,100,3502,1,0
B,F,F,1395,100,1395,1,0
C,F,F,7193,100,7193,1,0
D,F,F,6395,100,6395,1,0
E,F,F,3671,100,3671,1,0
F,G,F,7391,100,7391,1,0
F,H,F,6312,100,6312,1,0
A,G,G,9599,100,9599,1,0
B,G,G,7167,100,7167,1,0
C,G,G,1594,100,1594,1,0
D,G,G,9241,100,9241,1,0
E,G,G,9961,100,9961,1,0
F,G,G,7421,100,7421,1,0
G,H,G,9333,100,9333,1,0
A,H,H,9409,100,9409,1,0
B,H,H,6174,100,6174,1,0
C,H,H,9031,100,9031,1,0
D,H,H,1502,100,1502,1,0
E,H,H,9654,100,9654,1,0
F,H,H,6273,100,6273,1,0
G,H,H,9320,100,9320,1,0
A,B,A,3628,100,3628,1,0
A,C,A,9310,100,9310,1,0
A,D,A,9263,100,9263,1,0
A,E,A,1426,100,1426,1,0
A,F,A,3490,100,3490,1,0
A,G,A,9641,100,9641,1,0
A,H,A,9351,100,9351,1,0
A,B,B,3637,100,3637,1,0
B,C,B,6744,100,6744,1,0
B,D,B,5960,100,5960,1,0
B,E,B,4282,100,4282,1,0
B,F,B,1417,100,1417,1,0
B,G,B,7196,100,7196,1,0
B,H,B,6174,100,6174,1,0
A,C,C,9331,100,9331,1,0
B,C,C,6719,100,6719,1,0
C,D,C,8682,100,8682,1,0
C,E,C,9865,100,9865,1,0
C,F,C,7186,100,7186,1,0
C,G,C,1569,100,1569,1,0
C,H,C,9020,100,9020,1,0
A,D,D,9267,100,9267,1,0
B,D,D,5922,100,5922,1,0
C,D,D,8763,100,8763,1,0
D,E,D,9686,100,9686,1,0
D,F,D,6366,100,6366,1,0
D,G,D,9268,100,9268,1,0
D,H,D,1394,100,1394,1,0
A,E,E,1480,100,1480,1,0
B,E,E,4315,100,4315,1,0
C,E,E,9821,100,9821,1,0
D,E,E,9659,100,9659,1,0
E,F,E,3697,100,3697,1,0
E,G,E,9904,100,9904,1,0
E,H,E,9619,100,9619,1,0
A,F,F,3524,100,3524,1,0
B,F,F,1380,100,1380,1,0
C,F,F,7248,100,7248,1,0
D,F,F,6357,100,6357,1,0
E,F,F,3686,100,3686,1,0
F,G,F,7363,100,7363,1,0
F,H,F,6258,100,6258,1,0
A,G,G,9593,100,9593,1,0
B,G,G,7206,100,7206,1,0
C,G,G,1556,100,1556,1,0
D,G,G,9233,100,9233,1,0
E,G,G,9932,100,9932,1,0
F,G,G,7348,100,7348,1,0
G,H,G,9329,100,9329,1,0
A,H,H,9401,100,9401,1,0
B,H,H,6217,100,6217,1,0
C,H,H,9045,100,9045,1,0
D,H,H,1412,100,1412,1,0
E,H,H,9658,100,9658,1,0
F,H,H,6296,100,6296,1,0
G,H,H,9305,100,9305,1,0
A,B,A,3633,100,3633,1,0
A,C,A,9280,100,9280,1,0
A,D,A,9265,100,9265,1,0
A,E,A,1381,100,1381,1,0
A,F,A,3568,100,3568,1,0
A,G,A,9588,100,9588,1,0
A,H,A,9450,100,9450,1,0
A,B,B,3661,100,3661,1,0
B,C,B,6733,100,6733,1,0
B,D,B,5981,100,5981,1,0
B,E,B,4286,100,4286,1,0
B,F,B,1399,100,1399,1,0
B,G,B,7173,100,7173,1,0
B,H,B,6193,100,6193,1,0
A,C,C,9275,100,9275,1,0
B,C,C,6724,100,6724,1,0
C,D,C,8735,100,8735,1,0
C,E,C,9868,100,9868,1,0
C,F,C,7210,100,7210,1,0
C,G,C,1617,100,1617,1,0
C,H,C,9024,100,9024,1,0
A,D,D,9265,100,9265,1,0
B,D,D,5930,100,5930,1,0
C,D,D,8718,100,8718,1,0
D,E,D,9678,100,9678,1,0
D,F,D,6342,100,6342,1,0
D,G,D,9216,100,9216,1,0
D,H,D,1457,100,1457,1,0
A,E,E,1376,100,1376,1,0
B,E,E,4310,100,4310,1,0
C,E,E,9794,100,9794,1,0
D,E,E,9744,100,9744,1,0
E,F,E,3699,100,3699,1,0
E,G,E,9907,100,9907,1,0
E,H,E,9681,100,9681,1,0
A,F,F,3522,100,3522,1,0
B,F,F,1386,100,1386,1,0
C,F,F,7208,100,7208,1,0
D,F,F,6358,100,6358,1,0
E,F,F,3698,100,3698,1,0
F,G,F,7362,100,7362,1,0
F,H,F,6298,100,6298,1,0
A,G,G,9607,100,9607,1,0
B,G,G,7168,100,7168,1,0
C,G,G,1575,100,1575,1,0
D,G,G,9217,100,9217,1,0
E,G,G,9944,100,9944,1,0
F,G,G,7347,100,7347,1,0
G,H,G,9341,100,9341,1,0
A,H,H,9418,100,9418,1,0
B,H,H,6181,100,6181,1,0
C,H,H,9029,100,9029,1,0
D,H,H,1382,100,1382,1,0
E,H,H,9698,100,9698,1,0
F,H,H,6270,100,6270,1,0
G,H,H,9307,100,9307,1,0
A,B,A,3624,100,3624,1,0
A,C,A,9284,100,9284,1,0
A,D,A,9275,100,9275,1,0
A,E,A,1442,100,1442,1,0
A,F,A,3486,100,3486,1,0
A,G,A,9637,100,9637,1,0
A,H,A,9395,100,9395,1,0
A,B,B,3627,100,3627,1,0
B,C,B,6750,100,6750,1,0
B,D,B,5948,100,5948,1,0
B,E,B,4316,100,4316,1,0
B,F,B,1396,100,1396,1,0
B,G,B,7200,100,7200,1,0
B,H,B,6215,100,6215,1,0
A,C,C,9345,100,9345,1,0
B,C,C,6731,100,6731,1,0
C,D,C,8719,100,8719,1,0
C,E,C,9793,100,9793,1,0
C,F,C,7215,100,7215,1,0
C,G,C,1546,100,1546,1,0
C,H,C,9049,100,9049,1,0
A,D,D,9293,100,9293,1,0
B,D,D,5909,100,5909,1,0
C,D,D,8736,100,8736,1,0
D,E,D,9699,100,9699,1,0
D,F,D,6362,100,6362,1,0
D,G,D,9237,100,9237,1,0
D,H,D,1458,100,1458,1,0
A,E,E,1462,100,1462,1,0
B,E,E,4331,100,4331,1,0
C,E,E,9865,100,9865,1,0
D,E,E,9647,100,9647,1,0
E,F,E,3724,100,3724,1,0
E,G,E,9890,100,9890,1,0
E,H,E,9651,100,9651,1,0
A,F,F,3543,100,3543,1,0
B,F,F,1437,100,1437,1,0
C,F,F,7230,100,7230,1,0
D,F,F,6339,100,6339,1,0
E,F,F,3709,100,3709,1,0
F,G,F,7357,100,7357,1,0
F,H,F,6243,100,6243,1,0
A,G,G,9583,100,9583,1,0
B,G,G,7179,100,7179,1,0
C,G,G,1582,100,1582,1,0
D,G,G,9205,100,9205,1,0
E,G,G,9929,100,9929,1,0
F,G,G,7350,100,7350,1,0
G,H,G,9286,100,9286,1,0
A,H,H,9410,100,9410,1,0
B,H,H,6225,100,6225,1,0
C,H,H,9076,100,9076,1,0
D,H,H,1376,100,1376,1,0
E,H,H,9667,100,9667,1,0
F,H,H,6271,100,6271,1,0
G,H,H,9316,100,9316,1,0
A,B,A,3631,100,3631,1,0
A,C,A,9274,100,9274,1,0
A,D,A,9263,100,9263,1,0
A,E,A,1481,100,1481,1,0
A,F,A,3489,100,3489,1,0
A,G,A,9620,100,9620,1,0
A,H,A,9410,100,9410,1,0
A,B,B,3629,100,3629,1,0
B,C,B,6762,100,6762,1,0
B,D,B,5990,100,5990,1,0
B,E,B,4322,100,4322,1,0
B,F,B,1364,100,1364,1,0
B,G,B,7180,100,7180,1,0
B,H,B,6264,100,6264,1,0
A,C,C,9353,100,9353,1,0
B,C,C,6736,100,6736,1,0
C,D,C,8729,100,8729,1,0
C,E,C,9854,100,9854,1,0
C,F,C,7209,100,7209,1,0
C,G,C,1580,100,1580,1,0
C,H,C,9039,100,9039,1,0
A,D,D,9262,100,9262,1,0
B,D,D,5949,100,5949,1,0
C,D,D,8721,100,8721,1,0
D,E,D,9779,100,9779,1,0
D,F,D,6372,100,6372,1,0
D,G,D,9277,100,9277,1,0
D,H,D,1466,100,1466,1,0
A,E,E,1411,100,1411,1,0
B,E,E,4314,100,4314,1,0
C,E,E,9853,100,9853,1,0
D,E,E,9744,100,9744,1,0
E,F,E,3724,100,3724,1,0
E,G,E,9893,100,9893,1,0
E,H,E,9686,100,9686,1,0
A,F,F,3516,100,3516,1,0
B,F,F,1402,100,1402,1,0
C,F,F,7216,100,7216,1,0
D,F,F,6321,100,6321,1,0
E,F,F,3681,100,3681,1,0
F,G,F,7364,100,7364,1,0
F,H,F,6314,100,6314,1,0
A,G,G,9558,100,9558,1,0
B,G,G,7188,100,7188,1,0
C,G,G,1618,100,1618,1,0
D,G,G,9245,100,9245,1,0
E,G,G,9921,100,9921,1,0
F,G,G,7334,100,7334,1,0
G,H,G,9370,100,9370,1,0
A,H,H,9383,100,9383,1,0
B,H,H,6162,100,6162,1,0
C,H,H,9026,100,9026,1,0
D,H,H,1454,100,1454,1,0
E,H,H,9685,100,9685,1,0
F,H,H,6278,100,6278,1,0
G,H,H,9352,100,9352,1,0
A,B,A,3616,100,3616,1,0
A,C,A,9298,100,9298,1,0
A,D,A,9265,100,9265,1,0
A,E,A,1434,100,1434,1,0
A,F,A,3537,100,3537,1,0
A,G,A,9601,100,9601,1,0
A,H,A,9363,100,9363,1,0
A,B,B,3622,100,3622,1,0
B,C,B,6718,100,6718,1,0
B,D,B,5964,100,5964,1,0
B,E,B,4323,100,4323,1,0
B,F,B,1396,100,1396,1,0
B,G,B,7194,100,7194,1,0
B,H,B,6288,100,6288,1,0
A,C,C,9324,100,9324,1,0
B,C,C,6755,100,6755,1,0
C,D,C,8744,100,8744,1,0
C,E,C,9870,100,9870,1,0
C,F,C,7223,100,7223,1,0
C,G,C,1602,100,1602,1,0
C,H,C,9061,100,9061,1,0
A,D,D,9299,100,9299,1,0
B,D,D,5951,100,5951,1,0
C,D,D,8720,100,8720,1,0
D,E,D,9684,100,9684,1,0
D,F,D,6390,100,6390,1,0
D,G,D,9212,100,9212,1,0
D,H,D,1465,100,1465,1,0
A,E,E,1412,100,1412,1,0
B,E,E,4300,100,4300,1,0
C,E,E,9790,100,9790,1,0
D,E,E,9695,100,9695,1,0
E,F,E,3671,100,3671,1,0
E,G,E,9929,100,9929,1,0
E,H,E,9694,100,9694,1,0
A,F,F,3496,100,3496,1,0
B,F,F,1377,100,1377,1,0
C,F,F,7205,100,7205,1,0
D,F,F,6343,100,6343,1,0
E,F,F,3698,100,3698,1,0
F,G,F,7345,100,7345,1,0
F,H,F,6228,100,6228,1,0
A,G,G,9612,100,9612,1,0
B,G,G,7204,100,7204,1,0
C,G,G,1577,100,1577,1,0
D,G,G,9245,100,9245,1,0
E,G,G,9957,100,9957,1,0
F,G,G,7353,100,7353,1,0
G,H,G,9346,100,9346,1,0
A,H,H,9397,100,9397,1,0
B,H,H,6161,100,6161,1,0
C,H,H,9065,100,9065,1,0
D,H,H,1500,100,1500,1,0
E,H,H,9647,100,9647,1,0
F,H,H,6252,100,6252,1,0
G,H,H,9330,100,9330,1,0
A,B,A,3672,100,3672,1,0
A,C,A,9274,100,9274,1,0
A,D,A,9260,100,9260,1,0
A,E,A,1444,100,1444,1,0
A,F,A,3476,100,3476,1,0
A,G,A,9599,100,9599,1,0
A,H,A,9367,100,9367,1,0
A,B,B,3634,100,3634,1,0
B,C,B,6753,100,6753,1,0
B,D,B,5960,100,5960,1,0
B,E,B,4308,100,4308,1,0
B,F,B,1426,100,1426,1,0
B,G,B,7171,100,7171,1,0
B,H,B,6175,100,6175,1,0
A,C,C,9316,100,9316,1,0
B,C,C,6731,100,6731,1,0
C,D,C,8721,100,8721,1,0
C,E,C,9830,100,9830,1,0
C,F,C,7242,100,7242,1,0
C,G,C,1570,100,1570,1,0
C,H,C,9054,100,9054,1,0
A,D,D,9255,100,9255,1,0
B,D,D,5912,100,5912,1,0
C,D,D,8720,100,8720,1,0
D,E,D,9745,100,9745,1,0
D,F,D,6339,100,6339,1,0
D,G,D,9270,100,9270,1,0
D,H,D,1387,100,1387,1,0
A,E,E,1520,100,1520,1,0
B,E,E,4309,100,4309,1,0
C,E,E,9817,100,9817,1,0
D,E,E,9699,100,9699,1,0
E,F,E,3745,100,3745,1,0
E,G,E,9920,100,9920,1,0
E,H,E,9646,100,9646,1,0
A,F,F,3513,100,3513,1,0
B,F,F,1405,100,1405,1,0
C,F,F,7212,100,7212,1,0
D,F,F,6327,100,6327,1,0
E,F,F,3717,100,3717,1,0
F,G,F,7378,100,7378,1,0
F,H,F,6297,100,6297,1,0
A,G,G,9597,100,9597,1,0
B,G,G,7191,100,7191,1,0
C,G,G,1545,100,1545,1,0
D,G,G,9220,100,9220,1,0
E,G,G,9937,100,9937,1,0
F,G,G,7353,100,7353,1,0
G,H,G,9312,100,9312,1,0
A,H,H,9414,100,9414,1,0
B,H,H,6212,100,6212,1,0
C,H,H,9031,100,9031,1,0
D,H,H,1429,100,1429,1,0
E,H,H,9663,100,9663,1,0
F,H,H,6244,100,6244,1,0
G,H,H,9338,100,9338,1,0
A,B,A,3619,100,3619,1,0
A,C,A,9259,100,9259,1,0
A,D,A,9241,100,9241,1,0
A,E,A,1444,100,1444,1,0
A,F,A,3519,100,3519,1,0
A,G,A,9641,100,9641,1,0
A,H,A,9405,100,9405,1,0
A,B,B,3655,100,3655,1,0
B,C,B,6719,100,6719,1,0
B,D,B,5966,100,5966,1,0
B,E,B,4320,100,4320,1,0
B,F,B,1406,100,1406,1,0
B,G,B,7178,100,7178,1,0
B,H,B,6165,100,6165,1,0
A,C,C,9280,100,9280,1,0
B,C,C,6719,100,6719,1,0
C,D,C,8756,100,8756,1,0
C,E,C,9849,100,9849,1,0
C,F,C,7243,100,7243,1,0
C,G,C,1565,100,1565,1,0
C,H,C,9076,100,9076,1,0
A,D,D,9264,100,9264,1,0
B,D,D,5975,100,5975,1,0
C,D,D,8724,100,8724,1,0
D,E,D,9745,100,9745,1,0
D,F,D,6343,100,6343,1,0
D,G,D,9223,100,9223,1,0
D,H,D,1401,100,1401,1,0
A,E,E,1421,100,1421,1,0
B,E,E,4308,100,4308,1,0
C,E,E,9829,100,9829,1,0
D,E,E,9801,100,9801,1,0
E,F,E,3687,100,3687,1,0
E,G,E,9940,100,9940,1,0
E,H,E,9645,100,9645,1,0
A,F,F,3507,100,3507,1,0
B,F,F,1385,100,1385,1,0
C,F,F,7212,100,7212,1,0
D,F,F,6356,100,6356,1,0
E,F,F,3707,100,3707,1,0
F,G,F,7366,100,7366,1,0
F,H,F,6284,100,6284,1,0
A,G,G,9603,100,9603,1,0
B,G,G,7198,100,7198,1,0
C,G,G,1590,100,1590,1,0
D,G,G,9257,100,9257,1,0
E,G,G,9890,100,9890,1,0
F,G,G,7381,100,7381,1,0
G,H,G,9335,100,9335,1,0
A,H,H,9406,100,9406,1,0
B,H,H,6230,100,6230,1,0
C,H,H,9041,100,9041,1,0
D,H,H,1427,100,1427,1,0
E,H,H,9656,100,9656,1,0
F,H,H,6273,100,6273,1,0
G,H,H,9285,100,9285,1,0
A,B,A,3652,100,3652,1,0
A,C,A,9334,100,9334,1,0
A,D,A,9295,100,9295,1,0
A,E,A,1467,100,1467,1,0
A,F,A,3498,100,3498,1,0
A,G,A,9611,100,9611,1,0
A,H,A,9410,100,9410,1,0
A,B,B,3686,100,3686,1,0
B,C,B,6732,100,6732,1,0
B,D,B,5958,100,5958,1,0
B,E,B,4301,100,4301,1,0
B,F,B,1428,100,1428,1,0
B,G,B,7175,100,7175,1,0
B,H,B,6143,100,6143,1,0
A,C,C,9302,100,9302,1,0
B,C,C,6733,100,6733,1,0
C,D,C,8741,100,8741,1,0
C,E,C,9776,100,9776,1,0
C,F,C,7199,100,7199,1,0
C,G,C,1548,100,1548,1,0
C,H,C,9095,100,9095,1,0
A,D,D,9299,100,9299,1,0
B,D,D,5956,100,5956,1,0
C,D,D,8749,100,8749,1,0
D,E,D,9732,100,9732,1,0
D,F,D,6346,100,6346,1,0
D,G,D,9238,100,9238,1,0
D,H,D,1393,100,1393,1,0
A,E,E,1387,100,1387,1,0
B,E,E,4310,100,4310,1,0
C,E,E,9829,100,9829,1,0
D,E,E,9668,100,9668,1,0
E,F,E,3683,100,3683,1,0
E,G,E,9930,100,9930,1,0
E,H,E,9680,100,9680,1,0
A,F,F,3482,100,3482,1,0
B,F,F,1403,100,1403,1,0
C,F,F,7205,100,7205,1,0
D,F,F,6373,100,6373,1,0
E,F,F,3684,100,3684,1,0
F,G,F,7392,100,7392,1,0
F,H,F,6315,100,6315,1,0
A,G,G,9589,100,9589,1,0
B,G,G,7223,100,7223,1,0
C,G,G,1578,100,1578,1,0
D,G,G,9217,100,9217,1,0
E,G,G,9912,100,9912,1,0
F,G,G,7325,100,7325,1,0
G,H,G,9281,100,9281,1,0
A,H,H,9394,100,9394,1,0
B,H,H,6166,100,6166,1,0
C,H,H,9048,100,9048,1,0
D,H,H,1457,100,1457,1,0
E,H,H,9666,100,9666,1,0
F,H,H,6293,100,6293,1,0
G,H,H,9306,100,9306,1,0
A,B,A,3655,100,3655,1,0
A,C,A,9287,100,9287,1,0
A,D,A,9287,100,9287,1,0
A,E,A,1450,100,1450,1,0
A,F,A,3514,100,3514,1,0
A,G,A,9601,100,9601,1,0
A,H,A,9370,100,9370,1,0
A,B,B,3625,100,3625,1,0
B,C,B,6761,100,6761,1,0
B,D,B,5970,100,5970,1,0
B,E,B,4330,100,4330,1,0
B,F,B,1417,100,1417,1,0
B,G,B,7190,100,7190,1,0
B,H,B,6187,100,6187,1,0
A,C,C,9301,100,9301,1,0
B,C,C,6767,100,6767,1,0
C,D,C,8684,100,8684,1,0
C,E,C,9838,100,9838,1,0
C,F,C,7212,100,7212,1,0
C,G,C,1595,100,1595,1,0
C,H,C,9051,100,9051,1,0
A,D,D,9257,100,9257,1,0
B,D,D,5962,100,5962,1,0
C,D,D,8710,100,8710,1,0
D,E,D,9745,100,9745,1,0
D,F,D,6394,100,6394,1,0
D,G,D,9249,100,9249,1,0
D,H,D,1410,100,1410,1,0
A,E,E,1461,100,1461,1,0
B,E,E,4326,100,4326,1,0
C,E,E,9853,100,9853,1,0
D,E,E,9751,100,9751,1,0
E,F,E,3710,100,3710,1,0
E,G,E,9923,100,9923,1,0
E,H,E,9670,100,9670,1,0
A,F,F,3502,100,3502,1,0
B,F,F,1438,100,1438,1,0
C,F,F,7211,100,7211,1,0
D,F,F,6331,100,6331,1,0
E,F,F,3688,100,3688,1,0
F,G,F,7337,100,7337,1,0
F,H,F,6250,100,6250,1,0
A,G,G,9615,100,9615,1,0
B,G,G,7213,100,7213,1,0
C,G,G,1599,100,1599,1,0
D,G,G,9236,100,9236,1,0
E,G,G,9883,100,9883,1,0
F,G,G,7364,100,7364,1,0
G,H,G,9315,100,9315,1,0
A,H,H,9398,100,9398,1,0
B,H,H,6262,100,6262,1,0
C,H,H,9051,100,9051,1,0
D,H,H,1446,100,1446,1,0
E,H,H,9639,100,9639,1,0
F,H,H,6239,100,6239,1,0
G,H,H,9361,100,9361,1,0
A,B,A,3613,100,3613,1,0
A,C,A,9293,100,9293,1,0
A,D,A,9279,100,9279,1,0
A,E,A,1416,100,1416,1,0
A,F,A,3486,100,3486,1,0
A,G,A,9543,100,9543,1,0
A,H,A,9331,100,9331,1,0
A,B,B,3638,100,3638,1,0
B,C,B,6735,100,6735,1,0
B,D,B,5946,100,5946,1,0
B,E,B,4279,100,4279,1,0
B,F,B,1387,100,1387,1,0
B,G,B,7228,100,7228,1,0
B,H,B,6180,100,6180,1,0
A,C,C,9295,100,9295,1,0
B,C,C,6746,100,6746,1,0
C,D,C,8705,100,8705,1,0
C,E,C,9811,100,9811,1,0
C,F,C,7201,100,7201,1,0
C,G,C,1564,100,1564,1,0
C,H,C,9033,100,9033,1,0
A,D,D,9259,100,9259,1,0
B,D,D,5921,100,5921,1,0
C,D,D,8727,100,8727,1,0
D,E,D,9722,100,9722,1,0
D,F,D,6332,100,6332,1,0
D,G,D,9245,100,9245,1,0
D,H,D,1434,100,1434,1,0
A,E,E,1466,100,1466,1,0
B,E,E,4292,100,4292,1,0
C,E,E,9845,100,9845,1,0
D,E,E,9647,100,9647,1,0
E,F,E,3716,100,3716,1,0
E,G,E,9907,100,9907,1,0
E,H,E,9670,100,9670,1,0
A,F,F,3516,100,3516,1,0
B,F,F,1404,100,1404,1,0
C,F,F,7212,100,7212,1,0
D,F,F,6390,100,6390,1,0
E,F,F,3680,100,3680,1,0
F,G,F,7375,100,7375,1,0
F,H,F,6282,100,6282,1,0
A,G,G,9628,100,9628,1,0
B,G,G,7186,100,7186,1,0
C,G,G,1581,100,1581,1,0
D,G,G,9245,100,9245,1,0
E,G,G,9896,100,9896,1,0
F,G,G,7345,100,7345,1,0
G,H,G,9326,100,9326,1,0
A,H,H,9403,100,9403,1,0
B,H,H,6211,100,6211,1,0
C,H,H,8996,100,8996,1,0
D,H,H,1396,100,1396,1,0
E,H,H,9668,100,9668,1,0
F,H,H,6250,100,6250,1,0
G,H,H,9312,100,9312,1,0
A,B,A,3653,100,3653,1,0
A,C,A,9275,100,9275,1,0
A,D,A,9250,100,9250,1,0
A,E,A,1413,100,1413,1,0
A,F,A,3526,100,3526,1,0
A,G,A,9634,100,9634,1,0
A,H,A,9401,100,9401,1,0
A,B,B,3611,100,3611,1,0
B,C,B,6736,100,6736,1,0
B,D,B,5991,100,5991,1,0
B,E,B,4340,100,4340,1,0
B,F,B,1449,100,1449,1,0
B,G,B,7203,100,7203,1,0
B,H,B,6192,100,6192,1,0
A,C,C,9311,100,9311,1,0
B,C,C,6725,100,6725,1,0
C,D,C,8701,100,8701,1,0
C,E,C,9815,100,9815,1,0
C,F,C,7214,100,7214,1,0
C,G,C,1553,100,1553,1,0
C,H,C,9027,100,9027,1,0
A,D,D,9263,100,9263,1,0
B,D,D,5971,100,5971,1,0
C,D,D,8767,100,8767,1,0
D,E,D,9752,100,9752,1,0
D,F,D,6356,100,6356,1,0
D,G,D,9219,100,9219,1,0
D,H,D,1448,100,1448,1,0
A,E,E,1455,100,1455,1,0
B,E,E,4310,100,4310,1,0
C,E,E,9867,100,9867,1,0
D,E,E,9770,100,9770,1,0
E,F,E,3687,100,3687,1,0
E,G,E,9914,100,9914,1,0
E,H,E,9666,100,9666,1,0
A,F,F,3566,100,3566,1,0
B,F,F,1400,100,1400,1,0
C,F,F,7214,100,7214,1,0
D,F,F,6344,100,6344,1,0
E,F,F,3712,100,3712,1,0
F,G,F,7380,100,7380,1,0
F,H,F,6293,100,6293,1,0
A,G,G,9622,100,9622,1,0
B,G,G,7192,100,7192,1,0
C,G,G,1542,100,1542,1,0
D,G,G,9215,100,9215,1,0
E,G,G,9906,100,9906,1,0
F,G,G,7362,100,7362,1,0
G,H,G,9345,100,9345,1,0
A,H,H,9380,100,9380,1,0
B,H,H,6217,100,6217,1,0
C,H,H,9076,100,9076,1,0
D,H,H,1419,100,1419,1,0
E,H,H,9664,100,9664,1,0
F,H,H,6263,100,6263,1,0
G,H,H,9350,100,9350,1,0
A,B,A,3644,100,3644,1,0
A,C,A,9284,100,9284,1,0
A,D,A,9269,100,9269,1,0
A,E,A,1472,100,1472,1,0
A,F,A,3548,100,3548,1,0
A,G,A,9594,100,9594,1,0
A,H,A,9362,100,9362,1,0
A,B,B,3651,100,3651,1,0
B,C,B,6763,100,6763,1,0
B,D,B,5939,100,5939,1,0
B,E,B,4329,100,4329,1,0
B,F,B,1384,100,1384,1,0
B,G,B,7172,100,7172,1,0
B,H,B,6211,100,6211,1,0
A,C,C,9309,100,9309,1,0
B,C,C,6759,100,6759,1,0
C,D,C,8707,100,8707,1,0
C,E,C,9848,100,9848,1,0
C,F,C,7214,100,7214,1,0
C,G,C,1584,100,1584,1,0
C,H,C,9049,100,9049,1,0
A,D,D,9293,100,9293,1,0
B,D,D,5974,100,5974,1,0
C,D,D,8706,100,8706,1,0
D,E,D,9755,100,9755,1,0
D,F,D,6342,100,6342,1,0
D,G,D,9234,100,9234,1,0
D,H,D,1406,100,1406,1,0
A,E,E,1417,100,1417,1,0
B,E,E,4304,100,4304,1,0
C,E,E,9828,100,9828,1,0
D,E,E,9716,100,9716,1,0
E,F,E,3698,100,3698,1,0
E,G,E,9912,100,9912,1,0
E,H,E,9687,100,9687,1,0
A,F,F,3526,100,3526,1,0
B,F,F,1401,100,1401,1,0
C,F,F,7204,100,7204,1,0
D,F,F,6353,100,6353,1,0
E,F,F,3691,100,3691,1,0
F,G,F,7363,100,7363,1,0
F,H,F,6284,100,6284,1,0
A,G,G,9619,100,9619,1,0
B,G,G,7207,100,7207,1,0
C,G,G,1590,100,1590,1,0
D,G,G,9234,100,9234,1,0
E,G,G,9929,100,9929,1,0
F,G,G,7368,100,7368,1,0
G,H,G,9319,100,9319,1,0
A,H,H,9429,100,9429,1,0
B,H,H,6199,100,6199,1,0
C,H,H,9067,100,9067,1,0
D,H,H,1460,100,1460,1,0
E,H,H,9621,100,9621,1,0
F,H,H,6264,100,6264,1,0
G,H,H,9281,100,9281,1,0
A,B,A,3650,100,3650,1,0
A,C,A,9276,100,9276,1,0
A,D,A,9252,100,9252,1,0
A,E,A,1431,100,1431,1,0
A,F,A,3477,100,3477,1,0
A,G,A,9625,100,9625,1,0
A,H,A,9382,100,9382,1,0
A,B,B,3621,100,3621,1,0
B,C,B,6727,100,6727,1,0
B,D,B,5940,100,5940,1,0
B,E,B,4295,100,4295,1,0
B,F,B,1394,100,1394,1,0
B,G,B,7198,100,7198,1,0
B,H,B,6192,100,6192,1,0
A,C,C,9319,100,9319,1,0
B,C,C,6716,100,6716,1,0
C,D,C,8713,100,8713,1,0
C,E,C,9802,100,9802,1,0
C,F,C,7191,100,7191,1,0
C,G,C,1591,100,1591,1,0
C,H,C,9046,100,9046,1,0
A,D,D,9278,100,9278,1,0
B,D,D,5949,100,5949,1,0
C,D,D,8746,100,8746,1,0
D,E,D,9749,100,9749,1,0
D,F,D,6330,100,6330,1,0
D,G,D,9247,100,9247,1,0
D,H,D,1412,100,1412,1,0
A,E,E,1416,100,1416,1,0
B,E,E,4318,100,4318,1,0
C,E,E,9835,100,9835,1,0
D,E,E,9793,100,9793,1,0
E,F,E,3661,100,3661,1,0
E,G,E,9896,100,9896,1,0
E,H,E,9674,100,9674,1,0
A,F,F,3530,100,3530,1,0
B,F,F,1387,100,1387,1,0
C,F,F,7186,100,7186,1,0
D,F,F,6356,100,6356,1,0
E,F,F,3725,100,3725,1,0
F,G,F,7375,100,7375,1,0
F,H,F,6239,100,6239,1,0
A,G,G,9543,100,9543,1,0
B,G,G,7194,100,7194,1,0
C,G,G,1628,100,1628,1,0
D,G,G,9222,100,9222,1,0
E,G,G,9933,100,9933,1,0
F,G,G,7376,100,7376,1,0
G,H,G,9338,100,9338,1,0
A,H,H,9372,100,9372,1,0
B,H,H,6185,100,6185,1,0
C,H,H,9075,100,9075,1,0
D,H,H,1410,100,1410,1,0
E,H,H,9645,100,9645,1,0
F,H,H,6329,100,6329,1,0
G,H,H,9370,100,9370,1,0
A,B,A,3651,100,3651,1,0
A,C,A,9303,100,9303,1,0
A,D,A,9257,100,9257,1,0
A,E,A,1442,100,1442,1,0
A,F,A,3484,100,3484,1,0
A,G,A,9634,100,9634,1,0
A,H,A,9402,100,9402,1,0
A,B,B,3612,100,3612,1,0
B,C,B,6700,100,6700,1,0
B,D,B,5940,100,5940,1,0
B,E,B,4289,100,4289,1,0
B,F,B,1410,100,1410,1,0
B,G,B,7191,100,7191,1,0
B,H,B,6203,100,6203,1,0
A,C,C,9305,100,9305,1,0
B,C,C,6730,100,6730,1,0
C,D,C,8731,100,8731,1,0
C,E,C,9860,100,9860,1,0
C,F,C,7191,100,7191,1,0
C,G,C,1592,100,1592,1,0
C,H,C,9073,100,9073,1,0
A,D,D,9275,100,9275,1,0
B,D,D,5961,100,5961,1,0
C,D,D,8748,100,8748,1,0
D,E,D,9679,100,9679,1,0
D,F,D,6333,100,6333,1,0
D,G,D,9215,100,9215,1,0
D,H,D,1396,100,1396,1,0
A,E,E,1368,100,1368,1,0
B,E,E,4331,100,4331,1,0
C,E,E,9855,100,9855,1,0
D,E,E,9758,100,9758,1,0
E,F,E,3703,100,3703,1,0
E,G,E,9903,100,9903,1,0
E,H,E,9675,100,9675,1,0
A,F,F,3499,100,3499,1,0
B,F,F,1383,100,1383,1,0
C,F,F,7215,100,7215,1,0
D,F,F,6372,100,6372,1,0
E,F,F,3713,100,3713,1,0
F,G,F,7351,100,7351,1,0
F,H,F,6288,100,6288,1,0
A,G,G,9589,100,9589,1,0
B,G,G,7240,100,7240,1,0
C,G,G,1582,100,1582,1,0
D,G,G,9240,100,9240,1,0
E,G,G,9907,100,9907,1,0
F,G,G,7341,100,7341,1,0
G,H,G,9307,100,9307,1,0
A,H,H,9378,100,9378,1,0
B,H,H,6220,100,6220,1,0
C,H,H,9044,100,9044,1,0
D,H,H,1425,100,1425,1,0
E,H,H,9665,100,9665,1,0
F,H,H,6261,100,6261,1,0
G,H,H,9346,100,9346,1,0
A,B,A,3615,100,3615,1,0
A,C,A,9337,100,9337,1,0
A,D,A,9268,100,9268,1,0
A,E,A,1395,100,1395,1,0
A,F,A,3564,100,3564,1,0
A,G,A,9565,100,9565,1,0
A,H,A,9437,100,9437,1,0
A,B,B,3630,100,3630,1,0
B,C,B,6721,100,6721,1,0
B,D,B,5981,100,5981,1,0
B,E,B,4305,100,4305,1,0
B,F,B,1396,100,1396,1,0
B,G,B,7178,100,7178,1,0
B,H,B,6215,100,6215,1,0
A,C,C,9327,100,9327,1,0
B,C,C,6765,100,6765,1,0
C,D,C,8721,100,8721,1,0
C,E,C,9813,100,9813,1,0
C,F,C,7199,100,7199,1,0
C,G,C,1567,100,1567,1,0
C,H,C,9010,100,9010,1,0
A,D,D,9258,100,9258,1,0
B,D,D,5977,100,5977,1,0
C,D,D,8738,100,8738,1,0
D,E,D,9751,100,9751,1,0
D,F,D,6383,100,6383,1,0
D,G,D,9234,100,9234,1,0
D,H,D,1410,100,1410,1,0
A,E,E,1385,100,1385,1,0
B,E,E,4312,100,4312,1,0
C,E,E,9787,100,9787,1,0
D,E,E,9729,100,9729,1,0
E,F,E,3712,100,3712,1,0
E,G,E,9925,100,9925,1,0
E,H,E,9633,100,9633,1,0
A,F,F,3515,100,3515,1,0
B,F,F,1381,100,1381,1,0
C,F,F,7193,100,7193,1,0
D,F,F,6370,100,6370,1,0
E,F,F,3674,100,3674,1,0
F,G,F,7375,100,7375,1,0
F,H,F,6299,100,6299,1,0
A,G,G,9590,100,9590,1,0
B,G,G,7195,100,7195,1,0
C,G,G,1559,100,1559,1,0
D,G,G,9222,100,9222,1,0
E,G,G,9919,100,9919,1,0
F,G,G,7398,100,7398,1,0
G,H,G,9341,100,9341,1,0
A,H,H,9361,100,9361,1,0
B,H,H,6184,100,6184,1,0
C,H,H,9055,100,9055,1,0
D,H,H,1439,100,1439,1,0
E,H,H,9677,100,9677,1,0
F,H,H,6209,100,6209,1,0
G,H,H,9327,100,9327,1,0
A,B,A,3633,100,3633,1,0
A,C,A,9287,100,9287,1,0
A,D,A,9287,100,9287,1,0
A,E,A,1444,100,1444,1,0
A,F,A,3457,100,3457,1,0
A,G,A,9663,100,9663,1,0
A,H,A,9457,100,9457,1,0
A,B,B,3658,100,3658,1,0
B,C,B,6725,100,6725,1,0
B,D,B,5947,100,5947,1,0
B,E,B,4314,100,4314,1,0
B,F,B,1401,100,1401,1,0
B,G,B,7166,100,7166,1,0
B,H,B,6179,100,6179,1,0
A,C,C,9317,100,9317,1,0
B,C,C,6771,100,6771,1,0
C,D,C,8727,100,8727,1,0
C,E,C,9804,100,9804,1,0
C,F,C,7233,100,7233,1,0
C,G,C,1625,100,1625,1,0
C,H,C,9033,100,9033,1,0
A,D,D,9246,100,9246,1,0
B,D,D,5967,100,5967,1,0
C,D,D,8738,100,8738,1,0
D,E,D,9696,100,9696,1,0
D,F,D,6325,100,6325,1,0
D,G,D,9188,100,9188,1,0
D,H,D,1353,100,1353,1,0
A,E,E,1437,100,1437,1,0
B,E,E,4322,100,4322,1,0
C,E,E,9865,100,9865,1,0
D,E,E,9722,100,9722,1,0
E,F,E,3670,100,3670,1,0
E,G,E,9914,100,9914,1,0
E,H,E,9635,100,9635,1,0
A,F,F,3508,100,3508,1,0
B,F,F,1422,100,1422,1,0
C,F,F,7216,100,7216,1,0
D,F,F,6347,100,6347,1,0
E,F,F,3742,100,3742,1,0
F,G,F,7390,100,7390,1,0
F,H,F,6252,100,6252,1,0
A,G,G,9573,100,9573,1,0
B,G,G,7184,100,7184,1,0
C,G,G,1590,100,1590,1,0
D,G,G,9254,100,9254,1,0
E,G,G,9903,100,9903,1,0
F,G,G,7324,100,7324,1,0
G,H,G,9331,100,9331,1,0
A,H,H,9378,100,9378,1,0
B,H,H,6215,100,6215,1,0
C,H,H,9053,100,9053,1,0
D,H,H,1464,100,1464,1,0
E,H,H,9686,100,9686,1,0
F,H,H,6301,100,6301,1,0
G,H,H,9316,100,9316,1,0
A,B,A,3623,100,3623,1,0
A,C,A,9275,100,9275,1,0
A,D,A,9259,100,9259,1,0
A,E,A,1405,100,1405,1,0
A,F,A,3525,100,3525,1,0
A,G,A,9549,100,9549,1,0
A,H,A,9370,100,9370,1,0
A,B,B,3636,100,3636,1,0
B,C,B,6737,100,6737,1,0
B,D,B,5936,100,5936,1,0
B,E,B,4311,100,4311,1,0
B,F,B,1408,100,1408,1,0
B,G,B,7182,100,7182,1,0
B,H,B,6237,100,6237,1,0
A,C,C,9325,100,9325,1,0
B,C,C,6728,100,6728,1,0
C,D,C,8731,100,8731,1,0
C,E,C,9843,100,9843,1,0
C,F,C,7197,100,7197,1,0
C,G,C,1620,100,1620,1,0
C,H,C,9023,100,9023,1,0
A,D,D,9279,100,9279,1,0
B,D,D,5972,100,5972,1,0
C,D,D,8712,100,8712,1,0
D,E,D,9681,100,9681,1,0
D,F,D,6336,100,6336,1,0
D,G,D,9251,100,9251,1,0
D,H,D,1375,100,1375,1,0
A,E,E,1419,100,1419,1,0
B,E,E,4346,100,4346,1,0
C,E,E,9821,100,9821,1,0
D,E,E,9768,100,9768,1,0
E,F,E,3690,100,3690,1,0
E,G,E,9908,100,9908,1,0
E,H,E,9706,100,9706,1,0
A,F,F,3520,100,3520,1,0
B,F,F,1412,100,1412,1,0
C,F,F,7197,100,7197,1,0
D,F,F,6360,100,6360,1,0
E,F,F,3694,100,3694,1,0
F,G,F,7393,100,7393,1,0
F,H,F,6259,100,6259,1,0
A,G,G,9617,100,9617,1,0
B,G,G,7196,100,7196,1,0
C,G,G,1564,100,1564,1,0
D,G,G,9245,100,9245,1,0
E,G,G,9872,100,9872,1,0
F,G,G,7322,100,7322,1,0
G,H,G,9344,100,9344,1,0
A,H,H,9478,100,9478,1,0
B,H,H,6191,100,6191,1,0
C,H,H,9067,100,9067,1,0
D,H,H,1387,100,1387,1,0
E,H,H,9656,100,9656,1,0
F,H,H,6252,100,6252,1,0
G,H,H,9331,100,9331,1,0
A,B,A,3631,100,3631,1,0
A,C,A,9293,100,9293,1,0
A,D,A,9313,100,9313,1,0
A,E,A,1437,100,1437,1,0
A,F,A,3532,100,3532,1,0
A,G,A,9598,100,9598,1,0
A,H,A,9411,100,9411,1,0
A,B,B,3632,100,3632,1,0
B,C,B,6753,100,6753,1,0
B,D,B,6014,100,6014,1,0
B,E,B,4308,100,4308,1,0
B,F,B,1404,100,1404,1,0
B,G,B,7187,100,7187,1,0
B,H,B,6216,100,6216,1,0
A,C,C,9344,100,9344,1,0
B,C,C,6734,100,6734,1,0
C,D,C,8741,100,8741,1,0
C,E,C,9861,100,9861,1,0
C,F,C,7238,100,7238,1,0
C,G,C,1578,100,1578,1,0
C,H,C,9044,100,9044,1,0
A,D,D,9273,100,9273,1,0
B,D,D,5918,100,5918,1,0
C,D,D,8744,100,8744,1,0
D,E,D,9798,100,9798,1,0
D,F,D,6365,100,6365,1,0
D,G,D,9262,100,9262,1,0
D,H,D,1395,100,1395,1,0
A,E,E,1363,100,1363,1,0
B,E,E,4293,100,4293,1,0
C,E,E,9829,100,9829,1,0
D,E,E,9766,100,9766,1,0
E,F,E,3706,100,3706,1,0
E,G,E,9911,100,9911,1,0
E,H,E,9639,100,9639,1,0
A,F,F,3513,100,3513,1,0
B,F,F,1397,100,1397,1,0
C,F,F,7205,100,7205,1,0
D,F,F,6394,100,6394,1,0
E,F,F,3708,100,3708,1,0
F,G,F,7385,100,7385,1,0
F,H,F,6320,100,6320,1,0
A,G,G,9617,100,9617,1,0
B,G,G,7204,100,7204,1,0
C,G,G,1538,100,1538,1,0
D,G,G,9224,100,9224,1,0
E,G,G,9931,100,9931,1,0
F,G,G,7348,100,7348,1,0
G,H,G,9272,100,9272,1,0
A,H,H,9415,100,9415,1,0
B,H,H,6251,100,6251,1,0
C,H,H,9036,100,9036,1,0
D,H,H,1433,100,1433,1,0
E,H,H,9658,100,9658,1,0
F,H,H,6275,100,6275,1,0
G,H,H,9296,100,9296,1,0
A,B,A,3641,100,3641,1,0
A,C,A,9307,100,9307,1,0
A,D,A,9264,100,9264,1,0
A,E,A,1482,100,1482,1,0
A,F,A,3543,100,3543,1,0
A,G,A,9636,100,9636,1,0
A,H,A,9395,100,9395,1,0
A,B,B,3646,100,3646,1,0
B,C,B,6739,100,6739,1,0
B,D,B,5982,100,5982,1,0
B,E,B,4288,100,4288,1,0
B,F,B,1371,100,1371,1,0
B,G,B,7220,100,7220,1,0
B,H,B,6216,100,6216,1,0
A,C,C,9332,100,9332,1,0
B,C,C,6735,100,6735,1,0
C,D,C,8718,100,8718,1,0
C,E,C,9809,100,9809,1,0
C,F,C,7223,100,7223,1,0
C,G,C,1574,100,1574,1,0
C,H,C,9035,100,9035,1,0
A,D,D,9278,100,9278,1,0
B,D,D,5995,100,5995,1,0
C,D,D,8733,100,8733,1,0
D,E,D,9717,100,9717,1,0
D,F,D,6355,100,6355,1,0
D,G,D,9237,100,9237,1,0
D,H,D,1432,100,1432,1,0
A,E,E,1442,100,1442,1,0
B,E,E,4324,100,4324,1,0
C,E,E,9853,100,9853,1,0
D,E,E,9796,100,9796,1,0
E,F,E,3683,100,3683,1,0
E,G,E,9926,100,9926,1,0
E,H,E,9622,100,9622,1,0
A,F,F,3557,100,3557,1,0
B,F,F,1416,100,1416,1,0
C,F,F,7191,100,7191,1,0
D,F,F,6357,100,6357,1,0
E,F,F,3686,100,3686,1,0
F,G,F,7362,100,7362,1,0
F,H,F,6255,100,6255,1,0
A,G,G,9602,100,9602,1,0
B,G,G,7211,100,7211,1,0
C,G,G,1570,100,1570,1,0
D,G,G,9253,100,9253,1,0
E,G,G,9914,100,9914,1,0
F,G,G,7377,100,7377,1,0
G,H,G,9334,100,9334,1,0
A,H,H,9413,100,9413,1,0
B,H,H,6209,100,6209,1,0
C,H,H,9046,100,9046,1,0
D,H,H,1486,100,1486,1,0
E,H,H,9640,100,9640,1,0
F,H,H,6256,100,6256,1,0
G,H,H,9330,100,9330,1,0
A,B,A,3666,100,3666,1,0
A,C,A,9239,100,9239,1,0
A,D,A,9259,100,9259,1,0
A,E,A,1483,100,1483,1,0
A,F,A,3520,100,3520,1,0
A,G,A,9596,100,9596,1,0
A,H,A,9447,100,9447,1,0
A,B,B,3641,100,3641,1,0
B,C,B,6725,100,6725,1,0
B,D,B,5947,100,5947,1,0
B,E,B,4274,100,4274,1,0
B,F,B,1388,100,1388,1,0
B,G,B,7184,100,7184,1,0
B,H,B,6206,100,6206,1,0
A,C,C,9245,100,9245,1,0
B,C,C,6746,100,6746,1,0
C,D,C,8710,100,8710,1,0
C,E,C,9843,100,9843,1,0
C,F,C,7218,100,7218,1,0
C,G,C,1581,100,1581,1,0
C,H,C,9023,100,9023,1,0
A,D,D,9245,100,9245,1,0
B,D,D,5921,100,5921,1,0
C,D,D,8758,100,8758,1,0
D,E,D,9771,100,9771,1,0
D,F,D,6372,100,6372,1,0
D,G,D,9256,100,9256,1,0
D,H,D,1463,100,1463,1,0
A,E,E,1451,100,1451,1,0
B,E,E,4285,100,4285,1,0
C,E,E,9810,100,9810,1,0
D,E,E,9738,100,9738,1,0
E,F,E,3703,100,3703,1,0
E,G,E,9936,100,9936,1,0
E,H,E,9641,100,9641,1,0
A,F,F,3497,100,3497,1,0
B,F,F,1405,100,1405,1,0
C,F,F,7210,100,7210,1,0
D,F,F,6377,100,6377,1,0
E,F,F,3717,100,3717,1,0
F,G,F,7378,100,7378,1,0
F,H,F,6256,100,6256,1,0
A,G,G,9554,100,9554,1,0
B,G,G,7185,100,7185,1,0
C,G,G,1595,100,1595,1,0
D,G,G,9229,100,9229,1,0
E,G,G,9947,100,9947,1,0
F,G,G,7366,100,7366,1,0
G,H,G,9292,100,9292,1,0
A,H,H,9401,100,9401,1,0
B,H,H,6210,100,6210,1,0
C,H,H,9033,100,9033,1,0
D,H,H,1402,100,1402,1,0
E,H,H,9646,100,9646,1,0
F,H,H,6273,100,6273,1,0
G,H,H,9324,100,9324,1,0
A,B,A,3603,100,3603,1,0
A,C,A,9280,100,9280,1,0
A,D,A,9271,100,9271,1,0
A,E,A,1441,100,1441,1,0
A,F,A,3522,100,3522,1,0
A,G,A,9591,100,9591,1,0
A,H,A,9430,100,9430,1,0
A,B,B,3628,100,3628,1,0
B,C,B,6755,100,6755,1,0
B,D,B,6004,100,6004,1,0
B,E,B,4353,100,4353,1,0
B,F,B,1399,100,1399,1,0
B,G,B,7137,100,7137,1,0
B,H,B,6193,100,6193,1,0
A,C,C,9317,100,9317,1,0
B,C,C,6728,100,6728,1,0
C,D,C,8693,100,8693,1,0
C,E,C,9834,100,9834,1,0
C,F,C,7197,100,7197,1,0
C,G,C,1571,100,1571,1,0
C,H,C,9079,100,9079,1,0
A,D,D,9270,100,9270,1,0
B,D,D,5907,100,5907,1,0
C,D,D,8744,100,8744,1,0
D,E,D,9720,100,9720,1,0
D,F,D,6351,100,6351,1,0
D,G,D,9194,100,9194,1,0
D,H,D,1432,100,1432,1,0
A,E,E,1449,100,1449,1,0
B,E,E,4267,100,4267,1,0
C,E,E,9861,100,9861,1,0
D,E,E,9724,100,9724,1,0
E,F,E,3702,100,3702,1,0
E,G,E,9903,100,9903,1,0
E,H,E,9625,100,9625,1,0
A,F,F,3557,100,3557,1,0
B,F,F,1427,100,1427,1,0
C,F,F,7217,100,7217,1,0
D,F,F,6350,100,6350,1,0
E,F,F,3686,100,3686,1,0
F,G,F,7387,100,7387,1,0
F,H,F,6252,100,6252,1,0
A,G,G,9601,100,9601,1,0
B,G,G,7176,100,7176,1,0
C,G,G,1595,100,1595,1,0
D,G,G,9248,100,9248,1,0
E,G,G,9912,100,9912,1,0
F,G,G,7361,100,7361,1,0
G,H,G,9340,100,9340,1,0
A,H,H,9405,100,9405,1,0
B,H,H,6229,100,6229,1,0
C,H,H,9042,100,9042,1,0
D,H,H,1371,100,1371,1,0
E,H,H,9647,100,9647,1,0
F,H,H,6253,100,6253,1,0
G,H,H,9316,100,9316,1,0
A,B,A,3631,100,3631,1,0
A,C,A,9297,100,9297,1,0
A,D,A,9273,100,9273,1,0
A,E,A,1474,100,1474,1,0
A,F,A,3476,100,3476,1,0
A,G,A,9583,100,9583,1,0
A,H,A,9426,100,9426,1,0
A,B,B,3612,100,3612,1,0
B,C,B,6779,100,6779,1,0
B,D,B,5950,100,5950,1,0
B,E,B,4322,100,4322,1,0
B,F,B,1402,100,1402,1,0
B,G,B,7197,100,7197,1,0
B,H,B,6148,100,6148,1,0
A,C,C,9298,100,9298,1,0
B,C,C,6722,100,6722,1,0
C,D,C,8711,100,8711,1,0
C,E,C,9802,100,9802,1,0
C,F,C,7209,100,7209,1,0
C,G,C,1590,100,1590,1,0
C,H,C,9036,100,9036,1,0
A,D,D,9296,100,9296,1,0
B,D,D,5946,100,5946,1,0
C,D,D,8714,100,8714,1,0
D,E,D,9745,100,9745,1,0
D,F,D,6393,100,6393,1,0
D,G,D,9241,100,9241,1,0
D,H,D,1425,100,1425,1,0
A,E,E,1459,100,1459,1,0
B,E,E,4282,100,4282,1,0
C,E,E,9831,100,9831,1,0
D,E,E,9732,100,9732,1,0
E,F,E,3687,100,3687,1,0
E,G,E,9906,100,9906,1,0
E,H,E,9600,100,9600,1,0
A,F,F,3508,100,3508,1,0
B,F,F,1404,100,1404,1,0
C,F,F,7200,100,7200,1,0
D,F,F,6347,100,6347,1,0
E,F,F,3708,100,3708,1,0
F,G,F,7350,100,7350,1,0
F,H,F,6282,100,6282,1,0
A,G,G,9601,100,9601,1,0
B,G,G,7188,100,7188,1,0
C,G,G,1535,100,1535,1,0
D,G,G,9210,100,9210,1,0
E,G,G,9935,100,9935,1,0
F,G,G,7378,100,7378,1,0
G,H,G,9361,100,9361,1,0
A,H,H,9412,100,9412,1,0
B,H,H,6152,100,6152,1,0
C,H,H,9010,100,9010,1,0
D,H,H,1417,100,1417,1,0
E,H,H,9630,100,9630,1,0
F,H,H,6292,100,6292,1,0
G,H,H,9343,100,9343,1,0
A,B,A,3637,100,3637,1,0
A,C,A,9314,100,9314,1,0
A,D,A,9298,100,9298,1,0
A,E,A,1440,100,1440,1,0
A,F,A,3513,100,3513,1,0
A,G,A,9593,100,9593,1,0
A,H,A,9347,100,9347,1,0
A,B,B,3656,100,3656,1,0
B,C,B,6722,100,6722,1,0
B,D,B,5979,100,5979,1,0
B,E,B,4285,100,4285,1,0
B,F,B,1404,100,1404,1,0
B,G,B,7162,100,7162,1,0
B,H,B,6136,100,6136,1,0
A,C,C,9239,100,9239,1,0
B,C,C,6691,100,6691,1,0
C,D,C,8738,100,8738,1,0
C,E,C,9877,100,9877,1,0
C,F,C,7224,100,7224,1,0
C,G,C,1540,100,1540,1,0
C,H,C,9033,100,9033,1,0
A,D,D,9293,100,9293,1,0
B,D,D,5960,100,5960,1,0
C,D,D,8732,100,8732,1,0
D,E,D,9716,100,9716,1,0
D,F,D,6373,100,6373,1,0
D,G,D,9252,100,9252,1,0
D,H,D,1423,100,1423,1,0
A,E,E,1460,100,1460,1,0
B,E,E,4329,100,4329,1,0
C,E,E,9811,100,9811,1,0
D,E,E,9703,100,9703,1,0
E,F,E,3718,100,3718,1,0
E,G,E,9908,100,9908,1,0
E,H,E,9643,100,9643,1,0
A,F,F,3543,100,3543,1,0
B,F,F,1404,100,1404,1,0
C,F,F,7208,100,7208,1,0
D,F,F,6363,100,6363,1,0
E,F,F,3669,100,3669,1,0
F,G,F,7360,100,7360,1,0
F,H,F,6271,100,6271,1,0
A,G,G,9593,100,9593,1,0
B,G,G,7190,100,7190,1,0
C,G,G,1614,100,1614,1,0
D,G,G,9235,100,9235,1,0
E,G,G,9926,100,9926,1,0
F,G,G,7360,100,7360,1,0
G,H,G,9282,100,9282,1,0
A,H,H,9376,100,9376,1,0
B,H,H,6203,100,6203,1,0
C,H,H,9051,100,9051,1,0
D,H,H,1358,100,1358,1,0
E,H,H,9683,100,9683,1,0
F,H,H,6251,100,6251,1,0
G,H,H,9314,100,9314,1,0
A,B,A,3652,100,3652,1,0
A,C,A,9311,100,9311,1,0
A,D,A,9285,100,9285,1,0
A,E,A,1432,100,1432,1,0
A,F,A,3507,100,3507,1,0
A,G,A,9576,100,9576,1,0
A,H,A,9405,100,9405,1,0
A,B,B,3657,100,3657,1,0
B,C,B,6749,100,6749,1,0
B,D,B,5911,100,5911,1,0
B,E,B,4307,100,4307,1,0
B,F,B,1409,100,1409,1,0
B,G,B,7176,100,7176,1,0
B,H,B,6160,100,6160,1,0
A,C,C,9293,100,9293,1,0
B,C,C,6693,100,6693,1,0
C,D,C,8704,100,8704,1,0
C,E,C,9803,100,9803,1,0
C,F,C,7204,100,7204,1,0
C,G,C,1614,100,1614,1,0
C,H,C,9056,100,9056,1,0
A,D,D,9283,100,9283,1,0
B,D,D,5976,100,5976,1,0
C,D,D,8736,100,8736,1,0
D,E,D,9752,100,9752,1,0
D,F,D,6361,100,6361,1,0
D,G,D,9246,100,9246,1,0
D,H,D,1429,100,1429,1,0
A,E,E,1433,100,1433,1,0
B,E,E,4281,100,4281,1,0
C,E,E,9809,100,9809,1,0
D,E,E,9799,100,9799,1,0
E,F,E,3690,100,3690,1,0
E,G,E,9914,100,9914,1,0
E,H,E,9620,100,9620,1,0
A,F,F,3506,100,3506,1,0
B,F,F,1408,100,1408,1,0
C,F,F,7190,100,7190,1,0
D,F,F,6377,100,6377,1,0
E,F,F,3705,100,3705,1,0
F,G,F,7359,100,7359,1,0
F,H,F,6251,100,6251,1,0
A,G,G,9615,100,9615,1,0
B,G,G,7185,100,7185,1,0
C,G,G,1537,100,1537,1,0
D,G,G,9228,100,9228,1,0
E,G,G,9932,100,9932,1,0
F,G,G,7361,100,7361,1,0
G,H,G,9271,100,9271,1,0
A,H,H,9401,100,9401,1,0
B,H,H,6141,100,6141,1,0
C,H,H,9068,100,9068,1,0
D,H,H,1433,100,1433,1,0
E,H,H,9671,100,9671,1,0
F,H,H,6320,100,6320,1,0
G,H,H,9325,100,9325,1,0
A,B,A,3624,100,3624,1,0
A,C,A,9301,100,9301,1,0
A,D,A,9281,100,9281,1,0
A,E,A,1435,100,1435,1,0
A,F,A,3525,100,3525,1,0
A,G,A,9617,100,9617,1,0
A,H,A,9416,100,9416,1,0
A,B,B,3640,100,3640,1,0
B,C,B,6679,100,6679,1,0
B,D,B,5951,100,5951,1,0
B,E,B,4303,100,4303,1,0
B,F,B,1398,100,1398,1,0
B,G,B,7220,100,7220,1,0
B,H,B,6182,100,6182,1,0
A,C,C,9314,100,9314,1,0
B,C,C,6719,100,6719,1,0
C,D,C,8707,100,8707,1,0
C,E,C,9840,100,9840,1,0
C,F,C,7187,100,7187,1,0
C,G,C,1583,100,1583,1,0
C,H,C,9058,100,9058,1,0
A,D,D,9269,100,9269,1,0
B,D,D,5967,100,5967,1,0
C,D,D,8694,100,8694,1,0
D,E,D,9766,100,9766,1,0
D,F,D,6393,100,6393,1,0
D,G,D,9267,100,9267,1,0
D,H,D,1393,100,1393,1,0
A,E,E,1463,100,1463,1,0
B,E,E,4296,100,4296,1,0
C,E,E,9791,100,9791,1,0
D,E,E,9738,100,9738,1,0
E,F,E,3691,100,3691,1,0
E,G,E,9943,100,9943,1,0
E,H,E,9634,100,9634,1,0
A,F,F,3504,100,3504,1,0
B,F,F,1409,100,1409,1,0
C,F,F,7223,100,7223,1,0
D,F,F,6331,100,6331,1,0
E,F,F,3733,100,3733,1,0
F,G,F,7356,100,7356,1,0
F,H,F,6331,100,6331,1,0
A,G,G,9584,100,9584,1,0
B,G,G,7183,100,7183,1,0
C,G,G,1601,100,1601,1,0
D,G,G,9288,100,9288,1,0
E,G,G,9937,100,9937,1,0
F,G,G,7382,100,7382,1,0
G,H,G,9295,100,9295,1,0
A,H,H,9432,100,9432,1,0
B,H,H,6220,100,6220,1,0
C,H,H,9015,100,9015,1,0
D,H,H,1412,100,1412,1,0
E,H,H,9671,100,9671,1,0
F,H,H,6303,100,6303,1,0
G,H,H,9299,100,9299,1,0
A,B,A,3637,100,3637,1,0
A,C,A,9264,100,9264,1,0
A,D,A,9271,100,9271,1,0
A,E,A,1462,100,1462,1,0
A,F,A,3532,100,3532,1,0
A,G,A,9639,100,9639,1,0
A,H,A,9365,100,9365,1,0
A,B,B,3665,100,3665,1,0
B,C,B,6742,100,6742,1,0
B,D,B,5959,100,5959,1,0
B,E,B,4276,100,4276,1,0
B,F,B,1376,100,1376,1,0
B,G,B,7193,100,7193,1,0
B,H,B,6261,100,6261,1,0
A,C,C,9343,100,9343,1,0
B,C,C,6805,100,6805,1,0
C,D,C,8729,100,8729,1,0
C,E,C,9803,100,9803,1,0
C,F,C,7212,100,7212,1,0
C,G,C,1550,100,1550,1,0
C,H,C,9016,100,9016,1,0
A,D,D,9288,100,9288,1,0
B,D,D,5951,100,5951,1,0
C,D,D,8730,100,8730,1,0
D,E,D,9731,100,9731,1,0
D,F,D,6332,100,6332,1,0
D,G,D,9243,100,9243,1,0
D,H,D,1420,100,1420,1,0
A,E,E,1404,100,1404,1,0
B,E,E,4332,100,4332,1,0
C,E,E,9858,100,9858,1,0
D,E,E,9728,100,9728,1,0
E,F,E,3681,100,3681,1,0
E,G,E,9906,100,9906,1,0
E,H,E,9656,100,9656,1,0
A,F,F,3505,100,3505,1,0
B,F,F,1391,100,1391,1,0
C,F,F,7210,100,7210,1,0
D,F,F,6377,100,6377,1,0
E,F,F,3701,100,3701,1,0
F,G,F,7381,100,7381,1,0
F,H,F,6274,100,6274,1,0
A,G,G,9597,100,9597,1,0
B,G,G,7187,100,7187,1,0
C,G,G,1609,100,1609,1,0
D,G,G,9233,100,9233,1,0
E,G,G,9883,100,9883,1,0
F,G,G,7374,100,7374,1,0
G,H,G,9321,100,9321,1,0
A,H,H,9417,100,9417,1,0
B,H,H,6216,100,6216,1,0
C,H,H,9103,100,9103,1,0
D,H,H,1402,100,1402,1,0
E,H,H,9626,100,9626,1,0
F,H,H,6278,100,6278,1,0
G,H,H,9335,100,9335,1,0
A,B,A,3654,100,3654,1,0
A,C,A,9295,100,9295,1,0
A,D,A,9260,100,9260,1,0
A,E,A,1423,100,1423,1,0
A,F,A,3563,100,3563,1,0
A,G,A,9589,100,9589,1,0
A,H,A,9344,100,9344,1,0
A,B,B,3650,100,3650,1,0
B,C,B,6700,100,6700,1,0
B,D,B,5942,100,5942,1,0
B,E,B,4250,100,4250,1,0
B,F,B,1393,100,1393,1,0
B,G,B,7188,100,7188,1,0
B,H,B,6225,100,6225,1,0
A,C,C,9304,100,9304,1,0
B,C,C,6746,100,6746,1,0
C,D,C,8746,100,8746,1,0
C,E,C,9852,100,9852,1,0
C,F,C,7212,100,7212,1,0
C,G,C,1583,100,1583,1,0
C,H,C,9066,100,9066,1,0
A,D,D,9271,100,9271,1,0
B,D,D,5945,100,5945,1,0
C,D,D,8728,100,8728,1,0
D,E,D,9693,100,9693,1,0
D,F,D,6345,100,6345,1,0
D,G,D,9245,100,9245,1,0
D,H,D,1425,100,1425,1,0
A,E,E,1437,100,1437,1,0
B,E,E,4306,100,4306,1,0
C,E,E,9852,100,9852,1,0
D,E,E,9755,100,9755,1,0
E,F,E,3684,100,3684,1,0
E,G,E,9915,100,9915,1,0
E,H,E,9677,100,9677,1,0
A,F,F,3533,100,3533,1,0
B,F,F,1382,100,1382,1,0
C,F,F,7199,100,7199,1,0
D,F,F,6350,100,6350,1,0
E,F,F,3675,100,3675,1,0
F,G,F,7378,100,7378,1,0
F,H,F,6295,100,6295,1,0
A,G,G,9559,100,9559,1,0
B,G,G,7183,100,7183,1,0
C,G,G,1564,100,1564,1,0
D,G,G,9228,100,9228,1,0
E,G,G,9907,100,9907,1,0
F,G,G,7350,100,7350,1,0
G,H,G,9355,100,9355,1,0
A,H,H,9409,100,9409,1,0
B,H,H,6219,100,6219,1,0
C,H,H,9084,100,9084,1,0
D,H,H,1422,100,1422,1,0
E,H,H,9663,100,9663,1,0
F,H,H,6308,100,6308,1,0
G,H,H,9314,100,9314,1,0
A,B,A,3602,100,3602,1,0
A,C,A,9329,100,9329,1,0
A,D,A,9289,100,9289,1,0
A,E,A,1447,100,1447,1,0
A,F,A,3532,100,3532,1,0
A,G,A,9633,100,9633,1,0
A,H,A,9394,100,9394,1,0
A,B,B,3624,100,3624,1,0
B,C,B,6760,100,6760,1,0
B,D,B,5948,100,5948,1,0
B,E,B,4297,100,4297,1,0
B,F,B,1417,100,1417,1,0
B,G,B,7207,100,7207,1,0
B,H,B,6215,100,6215,1,0
A,C,C,9325,100,9325,1,0
B,C,C,6732,100,6732,1,0
C,D,C,8701,100,8701,1,0
C,E,C,9808,100,9808,1,0
C,F,C,7211,100,7211,1,0
C,G,C,1550,100,1550,1,0
C,H,C,9058,100,9058,1,0
A,D,D,9278,100,9278,1,0
B,D,D,5943,100,5943,1,0
C,D,D,8709,100,8709,1,0
D,E,D,9739,100,9739,1,0
D,F,D,6381,100,6381,1,0
D,G,D,9271,100,9271,1,0
D,H,D,1409,100,1409,1,0
A,E,E,1408,100,1408,1,0
B,E,E,4300,100,4300,1,0
C,E,E,9879,100,9879,1,0
D,E,E,9755,100,9755,1,0
E,F,E,3698,100,3698,1,0
E,G,E,9894,100,9894,1,0
E,H,E,9687,100,9687,1,0
A,F,F,3513,100,3513,1,0
B,F,F,1403,100,1403,1,0
C,F,F,7207,100,7207,1,0
D,F,F,6343,100,6343,1,0
E,F,F,3675,100,3675,1,0
F,G,F,7371,100,7371,1,0
F,H,F,6263,100,6263,1,0
A,G,G,9627,100,9627,1,0
B,G,G,7192,100,7192,1,0
C,G,G,1607,100,1607,1,0
D,G,G,9248,100,9248,1,0
E,G,G,9911,100,9911,1,0
F,G,G,7368,100,7368,1,0
G,H,G,9319,100,9319,1,0
A,H,H,9410,100,9410,1,0
B,H,H,6223,100,6223,1,0
C,H,H,9069,100,9069,1,0
D,H,H,1475,100,1475,1,0
E,H,H,9663,100,9663,1,0
F,H,H,6278,100,6278,1,0
G,H,H,9312,100,9312,1,0
A,B,A,3628,100,3628,1,0
A,C,A,9269,100,9269,1,0
A,D,A,9265,100,9265,1,0
A,E,A,1399,100,1399,1,0
A,F,A,3486,100,3486,1,0
A,G,A,9597,100,9597,1,0
A,H,A,9373,100,9373,1,0
A,B,B,3638,100,3638,1,0
B,C,B,6713,100,6713,1,0
B,D,B,5973,100,5973,1,0
B,E,B,4316,100,4316,1,0
B,F,B,1414,100,1414,1,0
B,G,B,7177,100,7177,1,0
B,H,B,6235,100,6235,1,0
A,C,C,9313,100,9313,1,0
B,C,C,6767,100,6767,1,0
C,D,C,8738,100,8738,1,0
C,E,C,9838,100,9838,1,0
C,F,C,7213,100,7213,1,0
C,G,C,1569,100,1569,1,0
C,H,C,9096,100,9096,1,0
A,D,D,9286,100,9286,1,0
B,D,D,5927,100,5927,1,0
C,D,D,8724,100,8724,1,0
D,E,D,9719,100,9719,1,0
D,F,D,6338,100,6338,1,0
D,G,D,9255,100,9255,1,0
D,H,D,1386,100,1386,1,0
A,E,E,1423,100,1423,1,0
B,E,E,4288,100,4288,1,0
C,E,E,9853,100,9853,1,0
D,E,E,9709,100,9709,1,0
E,F,E,3705,100,3705,1,0
E,G,E,9926,100,9926,1,0
E,H,E,9641,100,9641,1,0
A,F,F,3502,100,3502,1,0
B,F,F,1431,100,1431,1,0
C,F,F,7229,100,7229,1,0
D,F,F,6348,100,6348,1,0
E,F,F,3689,100,3689,1,0
F,G,F,7376,100,7376,1,0
F,H,F,6304,100,6304,1,0
A,G,G,9591,100,9591,1,0
B,G,G,7180,100,7180,1,0
C,G,G,1592,100,1592,1,0
D,G,G,9245,100,9245,1,0
E,G,G,9934,100,9934,1,0
F,G,G,7376,100,7376,1,0
G,H,G,9325,100,9325,1,0
A,H,H,9389,100,9389,1,0
B,H,H,6256,100,6256,1,0
C,H,H,9044,100,9044,1,0
D,H,H,1448,100,1448,1,0
E,H,H,9685,100,9685,1,0
F,H,H,6249,100,6249,1,0
G,H,H,9342,100,9342,1,0
A,B,A,3632,100,3632,1,0
A,C,A,9287,100,9287,1,0
A,D,A,9274,100,9274,1,0
A,E,A,1407,100,1407,1,0
A,F,A,3562,100,3562,1,0
A,G,A,9637,100,9637,1,0
A,H,A,9351,100,9351,1,0
A,B,B,3634,100,3634,1,0
B,C,B,6725,100,6725,1,0
B,D,B,5931,100,5931,1,0
B,E,B,4336,100,4336,1,0
B,F,B,1436,100,1436,1,0
B,G,B,7177,100,7177,1,0
B,H,B,6212,100,6212,1,0
A,C,C,9269,100,9269,1,0
B,C,C,6766,100,6766,1,0
C,D,C,8696,100,8696,1,0
C,E,C,9824,100,9824,1,0
C,F,C,7197,100,7197,1,0
C,G,C,1553,100,1553,1,0
C,H,C,9067,100,9067,1,0
A,D,D,9278,100,9278,1,0
B,D,D,5979,100,5979,1,0
C,D,D,8688,100,8688,1,0
D,E,D,9756,100,9756,1,0
D,F,D,6390,100,6390,1,0
D,G,D,9228,100,9228,1,0
D,H,D,1382,100,1382,1,0
A,E,E,1433,100,1433,1,0
B,E,E,4297,100,4297,1,0
C,E,E,9818,100,9818,1,0
D,E,E,9670,100,9670,1,0
E,F,E,3740,100,3740,1,0
E,G,E,9923,100,9923,1,0
E,H,E,9652,100,9652,1,0
A,F,F,3527,100,3527,1,0
B,F,F,1398,100,1398,1,0
C,F,F,7210,100,7210,1,0
D,F,F,6351,100,6351,1,0
E,F,F,3698,100,3698,1,0
F,G,F,7350,100,7350,1,0
F,H,F,6313,100,6313,1,0
A,G,G,9585,100,9585,1,0
B,G,G,7178,100,7178,1,0
C,G,G,1577,100,1577,1,0
D,G,G,9245,100,9245,1,0
E,G,G,9932,100,9932,1,0
F,G,G,7366,100,7366,1,0
G,H,G,9311,100,9311,1,0
A,H,H,9405,100,9405,1,0
B,H,H,6138,100,6138,1,0
C,H,H,8984,100,8984,1,0
D,H,H,1443,100,1443,1,0
E,H,H,9618,100,9618,1,0
F,H,H,6279,100,6279,1,0
G,H,H,9300,100,9300,1,0
A,B,A,3657,100,3657,1,0
A,C,A,9310,100,9310,1,0
A,D,A,9270,100,9270,1,0
A,E,A,1423,100,1423,1,0
A,F,A,3507,100,3507,1,0
A,G,A,9627,100,9627,1,0
A,H,A,9375,100,9375,1,0
A,B,B,3620,100,3620,1,0
B,C,B,6741,100,6741,1,0
B,D,B,5958,100,5958,1,0
B,E,B,4309,100,4309,1,0
B,F,B,1418,100,1418,1,0
B,G,B,7169,100,7169,1,0
B,H,B,6176,100,6176,1,0
A,C,C,9271,100,9271,1,0
B,C,C,6722,100,6722,1,0
C,D,C,8691,100,8691,1,0
C,E,C,9795,100,9795,1,0
C,F,C,7200,100,7200,1,0
C,G,C,1563,100,1563,1,0
C,H,C,9027,100,9027,1,0
A,D,D,9272,100,9272,1,0
B,D,D,5974,100,5974,1,0
C,D,D,8730,100,8730,1,0
D,E,D,9712,100,9712,1,0
D,F,D,6356,100,6356,1,0
D,G,D,9203,100,9203,1,0
D,H,D,1384,100,1384,1,0
A,E,E,1401,100,1401,1,0
B,E,E,4300,100,4300,1,0
C,E,E,9865,100,9865,1,0
D,E,E,9678,100,9678,1,0
E,F,E,3715,100,3715,1,0
E,G,E,9917,100,9917,1,0
E,H,E,9620,100,9620,1,0
A,F,F,3525,100,3525,1,0
B,F,F,1393,100,1393,1,0
C,F,F,7221,100,7221,1,0
D,F,F,6352,100,6352,1,0
E,F,F,3713,100,3713,1,0
F,G,F,7352,100,7352,1,0
F,H,F,6237,100,6237,1,0
A,G,G,9593,100,9593,1,0
B,G,G,7207,100,7207,1,0
C,G,G,1614,100,1614,1,0
D,G,G,9236,100,9236,1,0
E,G,G,9934,100,9934,1,0
F,G,G,7360,100,7360,1,0
G,H,G,9320,100,9320,1,0
A,H,H,9407,100,9407,1,0
B,H,H,6199,100,6199,1,0
C,H,H,9063,100,9063,1,0
D,H,H,1440,100,1440,1,0
E,H,H,9641,100,9641,1,0
F,H,H,6261,100,6261,1,0
G,H,H,9352,100,9352,1,0
A,B,A,3648,100,3648,1,0
A,C,A,9319,100,9319,1,0
A,D,A,9263,100,9263,1,0
A,E,A,1455,100,1455,1,0
A,F,A,3517,100,3517,1,0
A,G,A,9625,100,9625,1,0
A,H,A,9397,100,9397,1,0
A,B,B,3608,100,3608,1,0
B,C,B,6734,100,6734,1,0
B,D,B,5984,100,5984,1,0
B,E,B,4292,100,4292,1,0
B,F,B,1429,100,1429,1,0
B,G,B,7186,100,7186,1,0
B,H,B,6219,100,6219,1,0
A,C,C,9284,100,9284,1,0
B,C,C,6734,100,6734,1,0
C,D,C,8715,100,8715,1,0
C,E,C,9854,100,9854,1,0
C,F,C,7186,100,7186,1,0
C,G,C,1587,100,1587,1,0
C,H,C,9057,100,9057,1,0
A,D,D,9293,100,9293,1,0
B,D,D,5982,100,5982,1,0
C,D,D,8714,100,8714,1,0
D,E,D,9752,100,9752,1,0
D,F,D,6366,100,6366,1,0
D,G,D,9275,100,9275,1,0
D,H,D,1415,100,1415,1,0
A,E,E,1439,100,1439,1,0
B,E,E,4316,100,4316,1,0
C,E,E,9827,100,9827,1,0
D,E,E,9663,100,9663,1,0
E,F,E,3646,100,3646,1,0
E,G,E,9914,100,9914,1,0
E,H,E,9650,100,9650,1,0
A,F,F,3528,100,3528,1,0
B,F,F,1416,100,1416,1,0
C,F,F,7222,100,7222,1,0
D,F,F,6377,100,6377,1,0
E,F,F,3686,100,3686,1,0
F,G,F,7376,100,7376,1,0
F,H,F,6305,100,6305,1,0
A,G,G,9613,100,9613,1,0
B,G,G,7238,100,7238,1,0
C,G,G,1611,100,1611,1,0
D,G,G,9227,100,9227,1,0
E,G,G,9926,100,9926,1,0
F,G,G,7350,100,7350,1,0
G,H,G,9336,100,9336,1,0
A,H,H,9352,100,9352,1,0
B,H,H,6201,100,6201,1,0
C,H,H,9066,100,9066,1,0
D,H,H,1387,100,1387,1,0
E,H,H,9642,100,9642,1,0
F,H,H,6247,100,6247,1,0
G,H,H,9339,100,9339,1,0
A,B,A,3642,100,3642,1,0
A,C,A,9275,100,9275,1,0
A,D,A,9270,100,9270,1,0
A,E,A,1457,100,1457,1,0
A,F,A,3567,100,3567,1,0
A,G,A,9587,100,9587,1,0
A,H,A,9384,100,9384,1,0
A,B,B,3618,100,3618,1,0
B,C,B,6729,100,6729,1,0
B,D,B,6007,100,6007,1,0
B,E,B,4310,100,4310,1,0
B,F,B,1397,100,1397,1,0
B,G,B,7182,100,7182,1,0
B,H,B,6197,100,6197,1,0
A,C,C,9274,100,9274,1,0
B,C,C,6738,100,6738,1,0
C,D,C,8753,100,8753,1,0
C,E,C,9776,100,9776,1,0
C,F,C,7210,100,7210,1,0
C,G,C,1610,100,1610,1,0
C,H,C,9051,100,9051,1,0
A,D,D,9278,100,9278,1,0
B,D,D,5966,100,5966,1,0
C,D,D,8740,100,8740,1,0
D,E,D,9729,100,9729,1,0
D,F,D,6341,100,6341,1,0
D,G,D,9270,100,9270,1,0
D,H,D,1433,100,1433,1,0
A,E,E,1450,100,1450,1,0
B,E,E,4301,100,4301,1,0
C,E,E,9824,100,9824,1,0
D,E,E,9773,100,9773,1,0
E,F,E,3688,100,3688,1,0
E,G,E,9915,100,9915,1,0
E,H,E,9625,100,9625,1,0
A,F,F,3519,100,3519,1,0
B,F,F,1419,100,1419,1,0
C,F,F,7185,100,7185,1,0
D,F,F,6347,100,6347,1,0
E,F,F,3672,100,3672,1,0
F,G,F,7366,100,7366,1,0
F,H,F,6295,100,6295,1,0
A,G,G,9596,100,9596,1,0
B,G,G,7191,100,7191,1,0
C,G,G,1609,100,1609,1,0
D,G,G,9246,100,9246,1,0
E,G,G,9948,100,9948,1,0
F,G,G,7394,100,7394,1,0
G,H,G,9296,100,9296,1,0
A,H,H,9366,100,9366,1,0
B,H,H,6173,100,6173,1,0
C,H,H,9070,100,9070,1,0
D,H,H,1370,100,1370,1,0
E,H,H,9632,100,9632,1,0
F,H,H,6240,100,6240,1,0
G,H,H,9330,100,9330,1,0
A,B,A,3637,100,3637,1,0
A,C,A,9308,100,9308,1,0
A,D,A,9292,100,9292,1,0
A,E,A,1435,100,1435,1,0
A,F,A,3499,100,3499,1,0
A,G,A,9644,100,9644,1,0
A,H,A,9393,100,9393,1,0
A,B,B,3621,100,3621,1,0
B,C,B,6772,100,6772,1,0
B,D,B,5942,100,5942,1,0
B,E,B,4287,100,4287,1,0
B,F,B,1442,100,1442,1,0
B,G,B,7177,100,7177,1,0
B,H,B,6165,100,6165,1,0
A,C,C,9308,100,9308,1,0
B,C,C,6691,100,6691,1,0
C,D,C,8694,100,8694,1,0
C,E,C,9806,100,9806,1,0
C,F,C,7202,100,7202,1,0
C,G,C,1578,100,1578,1,0
C,H,C,9014,100,9014,1,0
A,D,D,9225,100,9225,1,0
B,D,D,5926,100,5926,1,0
C,D,D,8721,100,8721,1,0
D,E,D,9665,100,9665,1,0
D,F,D,6346,100,6346,1,0
D,G,D,9248,100,9248,1,0
D,H,D,1421,100,1421,1,0
A,E,E,1472,100,1472,1,0
B,E,E,4260,100,4260,1,0
C,E,E,9843,100,9843,1,0
D,E,E,9749,100,9749,1,0
E,F,E,3726,100,3726,1,0
E,G,E,9945,100,9945,1,0
E,H,E,9655,100,9655,1,0
A,F,F,3482,100,3482,1,0
B,F,F,1411,100,1411,1,0
C,F,F,7197,100,7197,1,0
D,F,F,6320,100,6320,1,0
E,F,F,3686,100,3686,1,0
F,G,F,7386,100,7386,1,0
F,H,F,6275,100,6275,1,0
A,G,G,9621,100,9621,1,0
B,G,G,7221,100,7221,1,0
C,G,G,1541,100,1541,1,0
D,G,G,9266,100,9266,1,0
E,G,G,9934,100,9934,1,0
F,G,G,7375,100,7375,1,0
G,H,G,9351,100,9351,1,0
A,H,H,9416,100,9416,1,0
B,H,H,6195,100,6195,1,0
C,H,H,9073,100,9073,1,0
D,H,H,1425,100,1425,1,0
E,H,H,9651,100,9651,1,0
F,H,H,6266,100,6266,1,0
G,H,H,9313,100,9313,1,0
A,B,A,3632,100,3632,1,0
A,C,A,9334,100,9334,1,0
A,D,A,9243,100,9243,1,0
A,E,A,1450,100,1450,1,0
A,F,A,3517,100,3517,1,0
A,G,A,9532,100,9532,1,0
A,H,A,9391,100,9391,1,0
A,B,B,3625,100,3625,1,0
B,C,B,6780,100,6780,1,0
B,D,B,5904,100,5904,1,0
B,E,B,4334,100,4334,1,0
B,F,B,1390,100,1390,1,0
B,G,B,7201,100,7201,1,0
B,H,B,6228,100,6228,1,0
A,C,C,9272,100,9272,1,0
B,C,C,6710,100,6710,1,0
C,D,C,8718,100,8718,1,0
C,E,C,9835,100,9835,1,0
C,F,C,7201,100,7201,1,0
C,G,C,1592,100,1592,1,0
C,H,C,9040,100,9040,1,0
A,D,D,9269,100,9269,1,0
B,D,D,5958,100,5958,1,0
C,D,D,8709,100,8709,1,0
D,E,D,9732,100,9732,1,0
D,F,D,6335,100,6335,1,0
D,G,D,9241,100,9241,1,0
D,H,D,1417,100,1417,1,0
A,E,E,1433,100,1433,1,0
B,E,E,4302,100,4302,1,0
C,E,E,9826,100,9826,1,0
D,E,E,9782,100,9782,1,0
E,F,E,3726,100,3726,1,0
E,G,E,9947,100,9947,1,0
E,H,E,9688,100,9688,1,0
A,F,F,3542,100,3542,1,0
B,F,F,1385,100,1385,1,0
C,F,F,7215,100,7215,1,0
D,F,F,6338,100,6338,1,0
E,F,F,3769,100,3769,1,0
F,G,F,7387,100,7387,1,0
F,H,F,6253,100,6253,1,0
A,G,G,9569,100,9569,1,0
B,G,G,7191,100,7191,1,0
C,G,G,1625,100,1625,1,0
D,G,G,9214,100,9214,1,0
E,G,G,9932,100,9932,1,0
F,G,G,7370,100,7370,1,0
G,H,G,9325,100,9325,1,0
A,H,H,9389,100,9389,1,0
B,H,H,6197,100,6197,1,0
C,H,H,9059,100,9059,1,0
D,H,H,1420,100,1420,1,0
E,H,H,9618,100,9618,1,0
F,H,H,6284,100,6284,1,0
G,H,H,9313,100,9313,1,0
A,B,A,3661,100,3661,1,0
A,C,A,9301,100,9301,1,0
A,D,A,9273,100,9273,1,0
A,E,A,1455,100,1455,1,0
A,F,A,3503,100,3503,1,0
A,G,A,9582,100,9582,1,0
A,H,A,9382,100,9382,1,0
A,B,B,3627,100,3627,1,0
B,C,B,6750,100,6750,1,0
B,D,B,5932,100,5932,1,0
B,E,B,4266,100,4266,1,0
B,F,B,1394,100,1394,1,0
B,G,B,7160,100,7160,1,0
B,H,B,6167,100,6167,1,0
A,C,C,9323,100,9323,1,0
B,C,C,6758,100,6758,1,0
C,D,C,8763,100,8763,1,0
C,E,C,9857,100,9857,1,0
C,F,C,7226,100,7226,1,0
C,G,C,1557,100,1557,1,0
C,H,C,9074,100,9074,1,0
A,D,D,9265,100,9265,1,0
B,D,D,5980,100,5980,1,0
C,D,D,8720,100,8720,1,0
D,E,D,9682,100,9682,1,0
D,F,D,6306,100,6306,1,0
D,G,D,9198,100,9198,1,0
D,H,D,1413,100,1413,1,0
A,E,E,1418,100,1418,1,0
B,E,E,4297,100,4297,1,0
C,E,E,9773,100,9773,1,0
D,E,E,9758,100,9758,1,0
E,F,E,3706,100,3706,1,0
E,G,E,9898,100,9898,1,0
E,H,E,9656,100,9656,1,0
A,F,F,3521,100,3521,1,0
B,F,F,1371,100,1371,1,0
C,F,F,7195,100,7195,1,0
D,F,F,6382,100,6382,1,0
E,F,F,3687,100,3687,1,0
F,G,F,7358,100,7358,1,0
F,H,F,6299,100,6299,1,0
A,G,G,9606,100,9606,1,0
B,G,G,7178,100,7178,1,0
C,G,G,1581,100,1581,1,0
D,G,G,9218,100,9218,1,0
E,G,G,9937,100,9937,1,0
F,G,G,7356,100,7356,1,0
G,H,G,9341,100,9341,1,0
A,H,H,9378,100,9378,1,0
B,H,H,6246,100,6246,1,0
C,H,H,9060,100,9060,1,0
D,H,H,1440,100,1440,1,0
E,H,H,9646,100,9646,1,0
F,H,H,6260,100,6260,1,0
G,H,H,9301,100,9301,1,0
A,B,A,3650,100,3650,1,0
A,C,A,9296,100,9296,1,0
A,D,A,9265,100,9265,1,0
A,E,A,1410,100,1410,1,0
A,F,A,3557,100,3557,1,0
A,G,A,9628,100,9628,1,0
A,H,A,9392,100,9392,1,0
A,B,B,3638,100,3638,1,0
B,C,B,6738,100,6738,1,0
B,D,B,5961,100,5961,1,0
B,E,B,4268,100,4268,1,0
B,F,B,1440,100,1440,1,0
B,G,B,7190,100,7190,1,0
B,H,B,6228,100,6228,1,0
A,C,C,9272,100,9272,1,0
B,C,C,6758,100,6758,1,0
C,D,C,8724,100,8724,1,0
C,E,C,9848,100,9848,1,0
C,F,C,7185,100,7185,1,0
C,G,C,1555,100,1555,1,0
C,H,C,9047,100,9047,1,0
A,D,D,9297,100,9297,1,0
B,D,D,5958,100,5958,1,0
C,D,D,8712,100,8712,1,0
D,E,D,9737,100,9737,1,0
D,F,D,6368,100,6368,1,0
D,G,D,9281,100,9281,1,0
D,H,D,1418,100,1418,1,0
A,E,E,1471,100,1471,1,0
B,E,E,4303,100,4303,1,0
C,E,E,9817,100,9817,1,0
D,E,E,9747,100,9747,1,0
E,F,E,3724,100,3724,1,0
E,G,E,9931,100,9931,1,0
E,H,E,9607,100,9607,1,0
A,F,F,3489,100,3489,1,0
B,F,F,1410,100,1410,1,0
C,F,F,7225,100,7225,1,0
D,F,F,6377,100,6377,1,0
E,F,F,3698,100,3698,1,0
F,G,F,7353,100,7353,1,0
F,H,F,6270,100,6270,1,0
A,G,G,9578,100,9578,1,0
B,G,G,7172,100,7172,1,0
C,G,G,1591,100,1591,1,0
D,G,G,9182,100,9182,1,0
E,G,G,9929,100,9929,1,0
F,G,G,7366,100,7366,1,0
G,H,G,9286,100,9286,1,0
A,H,H,9407,100,9407,1,0
B,H,H,6211,100,6211,1,0
C,H,H,9075,100,9075,1,0
D,H,H,1407,100,1407,1,0
E,H,H,9676,100,9676,1,0
F,H,H,6254,100,6254,1,0
G,H,H,9303,100,9303,1,0
A,B,A,3632,100,3632,1,0
A,C,A,9281,100,9281,1,0
A,D,A,9282,100,9282,1,0
A,E,A,1416,100,1416,1,0
A,F,A,3520,100,3520,1,0
A,G,A,9590,100,9590,1,0
A,H,A,9381,100,9381,1,0
A,B,B,3644,100,3644,1,0
B,C,B,6711,100,6711,1,0
B,D,B,5927,100,5927,1,0
B,E,B,4289,100,4289,1,0
B,F,B,1397,100,1397,1,0
B,G,B,7192,100,7192,1,0
B,H,B,6196,100,6196,1,0
A,C,C,9259,100,9259,1,0
B,C,C,6751,100,6751,1,0
C,D,C,8708,100,8708,1,0
C,E,C,9851,100,9851,1,0
C,F,C,7201,100,7201,1,0
C,G,C,1551,100,1551,1,0
C,H,C,9028,100,9028,1,0
A,D,D,9278,100,9278,1,0
B,D,D,5929,100,5929,1,0
C,D,D,8687,100,8687,1,0
D,E,D,9766,100,9766,1,0
D,F,D,6388,100,6388,1,0
D,G,D,9210,100,9210,1,0
D,H,D,1417,100,1417,1,0
A,E,E,1421,100,1421,1,0
B,E,E,4291,100,4291,1,0
C,E,E,9844,100,9844,1,0
D,E,E,9800,100,9800,1,0
E,F,E,3702,100,3702,1,0
E,G,E,9936,100,9936,1,0
E,H,E,9675,100,9675,1,0
A,F,F,3551,100,3551,1,0
B,F,F,1421,100,1421,1,0
C,F,F,7204,100,7204,1,0
D,F,F,6331,100,6331,1,0
E,F,F,3761,100,3761,1,0
F,G,F,7363,100,7363,1,0
F,H,F,6300,100,6300,1,0
A,G,G,9537,100,9537,1,0
B,G,G,7169,100,7169,1,0
C,G,G,1575,100,1575,1,0
D,G,G,9233,100,9233,1,0
E,G,G,9942,100,9942,1,0
F,G,G,7326,100,7326,1,0
G,H,G,9363,100,9363,1,0
A,H,H,9434,100,9434,1,0
B,H,H,6193,100,6193,1,0
C,H,H,9047,100,9047,1,0
D,H,H,1419,100,1419,1,0
E,H,H,9676,100,9676,1,0
F,H,H,6260,100,6260,1,0
G,H,H,9304,100,9304,1,0
A,B,A,3655,100,3655,1,0
A,C,A,9273,100,9273,1,0
A,D,A,9260,100,9260,1,0
A,E,A,1443,100,1443,1,0
A,F,A,3525,100,3525,1,0
A,G,A,9608,100,9608,1,0
A,H,A,9433,100,9433,1,0
A,B,B,3653,100,3653,1,0
B,C,B,6742,100,6742,1,0
B,D,B,6014,100,6014,1,0
B,E,B,4321,100,4321,1,0
B,F,B,1388,100,1388,1,0
B,G,B,7183,100,7183,1,0
B,H,B,6259,100,6259,1,0
A,C,C,9294,100,9294,1,0
B,C,C,6741,100,6741,1,0
C,D,C,8751,100,8751,1,0
C,E,C,9842,100,9842,1,0
C,F,C,7203,100,7203,1,0
C,G,C,1596,100,1596,1,0
C,H,C,9053,100,9053,1,0
A,D,D,9284,100,9284,1,0
B,D,D,5944,100,5944,1,0
C,D,D,8754,100,8754,1,0
D,E,D,9712,100,9712,1,0
D,F,D,6392,100,6392,1,0
D,G,D,9241,100,9241,1,0
D,H,D,1385,100,1385,1,0
A,E,E,1434,100,1434,1,0
B,E,E,4315,100,4315,1,0
C,E,E,9787,100,9787,1,0
D,E,E,9715,100,9715,1,0
E,F,E,3671,100,3671,1,0
E,G,E,9929,100,9929,1,0
E,H,E,9659,100,9659,1,0
A,F,F,3587,100,3587,1,0
B,F,F,1462,100,1462,1,0
C,F,F,7235,100,7235,1,0
D,F,F,6374,100,6374,1,0
E,F,F,3701,100,3701,1,0
F,G,F,7391,100,7391,1,0
F,H,F,6279,100,6279,1,0
A,G,G,9627,100,9627,1,0
B,G,G,7211,100,7211,1,0
C,G,G,1571,100,1571,1,0
D,G,G,9231,100,9231,1,0
E,G,G,9911,100,9911,1,0
F,G,G,7369,100,7369,1,0
G,H,G,9330,100,9330,1,0
A,H,H,9401,100,9401,1,0
B,H,H,6193,100,6193,1,0
C,H,H,9054,100,9054,1,0
D,H,H,1439,100,1439,1,0
E,H,H,9654,100,9654,1,0
F,H,H,6285,100,6285,1,0
G,H,H,9318,100,9318,1,0
A,B,A,3630,100,3630,1,0
A,C,A,9318,100,9318,1,0
A,D,A,9275,100,9275,1,0
A,E,A,1465,100,1465,1,0
A,F,A,3510,100,3510,1,0
A,G,A,9628,100,9628,1,0
A,H,A,9385,100,9385,1,0
A,B,B,3668,100,3668,1,0
B,C,B,6718,100,6718,1,0
B,D,B,5977,100,5977,1,0
B,E,B,4296,100,4296,1,0
B,F,B,1404,100,1404,1,0
B,G,B,7203,100,7203,1,0
B,H,B,6165,100,6165,1,0
A,C,C,9334,100,9334,1,0
B,C,C,6694,100,6694,1,0
C,D,C,8745,100,8745,1,0
C,E,C,9846,100,9846,1,0
C,F,C,7213,100,7213,1,0
C,G,C,1539,100,1539,1,0
C,H,C,9062,100,9062,1,0
A,D,D,9233,100,9233,1,0
B,D,D,5984,100,5984,1,0
C,D,D,8734,100,8734,1,0
D,E,D,9684,100,9684,1,0
D,F,D,6382,100,6382,1,0
D,G,D,9244,100,9244,1,0
D,H,D,1436,100,1436,1,0
A,E,E,1463,100,1463,1,0
B,E,E,4312,100,4312,1,0
C,E,E,9835,100,9835,1,0
D,E,E,9774,100,9774,1,0
E,F,E,3685,100,3685,1,0
E,G,E,9920,100,9920,1,0
E,H,E,9663,100,9663,1,0
A,F,F,3479,100,3479,1,0
B,F,F,1395,100,1395,1,0
C,F,F,7241,100,7241,1,0
D,F,F,6357,100,6357,1,0
E,F,F,3657,100,3657,1,0
F,G,F,7378,100,7378,1,0
F,H,F,6247,100,6247,1,0
A,G,G,9576,100,9576,1,0
B,G,G,7231,100,7231,1,0
C,G,G,1616,100,1616,1,0
D,G,G,9205,100,9205,1,0
E,G,G,9927,100,9927,1,0
F,G,G,7371,100,7371,1,0
G,H,G,9319,100,9319,1,0
A,H,H,9429,100,9429,1,0
B,H,H,6181,100,6181,1,0
C,H,H,9045,100,9045,1,0
D,H,H,1408,100,1408,1,0
E,H,H,9643,100,9643,1,0
F,H,H,6233,100,6233,1,0
G,H,H,9312,100,9312,1,0
A,B,A,3629,100,3629,1,0
A,C,A,9334,100,9334,1,0
A,D,A,9261,100,9261,1,0
A,E,A,1468,100,1468,1,0
A,F,A,3547,100,3547,1,0
A,G,A,9589,100,9589,1,0
A,H,A,9438,100,9438,1,0
A,B,B,3660,100,3660,1,0
B,C,B,6752,100,6752,1,0
B,D,B,6007,100,6007,1,0
B,E,B,4358,100,4358,1,0
B,F,B,1390,100,1390,1,0
B,G,B,7210,100,7210,1,0
B,H,B,6180,100,6180,1,0
A,C,C,9286,100,9286,1,0
B,C,C,6749,100,6749,1,0
C,D,C,8723,100,8723,1,0
C,E,C,9810,100,9810,1,0
C,F,C,7214,100,7214,1,0
C,G,C,1619,100,1619,1,0
C,H,C,9008,100,9008,1,0
A,D,D,9269,100,9269,1,0
B,D,D,5975,100,5975,1,0
C,D,D,8713,100,8713,1,0
D,E,D,9753,100,9753,1,0
D,F,D,6314,100,6314,1,0
D,G,D,9251,100,9251,1,0
D,H,D,1420,100,1420,1,0
A,E,E,1386,100,1386,1,0
B,E,E,4301,100,4301,1,0
C,E,E,9813,100,9813,1,0
D,E,E,9691,100,9691,1,0
E,F,E,3641,100,3641,1,0
E,G,E,9921,100,9921,1,0
E,H,E,9658,100,9658,1,0
A,F,F,3521,100,3521,1,0
B,F,F,1418,100,1418,1,0
C,F,F,7193,100,7193,1,0
D,F,F,6371,100,6371,1,0
E,F,F,3685,100,3685,1,0
F,G,F,7330,100,7330,1,0
F,H,F,6244,100,6244,1,0
A,G,G,9555,100,9555,1,0
B,G,G,7214,100,7214,1,0
C,G,G,1555,100,1555,1,0
D,G,G,9211,100,9211,1,0
E,G,G,9926,100,9926,1,0
F,G,G,7376,100,7376,1,0
G,H,G,9295,100,9295,1,0
A,H,H,9414,100,9414,1,0
B,H,H,6195,100,6195,1,0
C,H,H,9068,100,9068,1,0
D,H,H,1403,100,1403,1,0
E,H,H,9623,100,9623,1,0
F,H,H,6284,100,6284,1,0
G,H,H,9331,100,9331,1,0
A,B,A,3660,100,3660,1,0
A,C,A,9293,100,9293,1,0
A,D,A,9313,100,9313,1,0
A,E,A,1411,100,1411,1,0
A,F,A,3472,100,3472,1,0
A,G,A,9593,100,9593,1,0
A,H,A,9402,100,9402,1,0
A,B,B,3637,100,3637,1,0
B,C,B,6715,100,6715,1,0
B,D,B,5986,100,5986,1,0
B,E,B,4284,100,4284,1,0
B,F,B,1401,100,1401,1,0
B,G,B,7212,100,7212,1,0
B,H,B,6248,100,6248,1,0
A,C,C,9338,100,9338,1,0
B,C,C,6730,100,6730,1,0
C,D,C,8710,100,8710,1,0
C,E,C,9819,100,9819,1,0
C,F,C,7192,100,7192,1,0
C,G,C,1561,100,1561,1,0
C,H,C,9046,100,9046,1,0
A,D,D,9276,100,9276,1,0
B,D,D,5965,100,5965,1,0
C,D,D,8725,100,8725,1,0
D,E,D,9730,100,9730,1,0
D,F,D,6358,100,6358,1,0
D,G,D,9228,100,9228,1,0
D,H,D,1460,100,1460,1,0
A,E,E,1466,100,1466,1,0
B,E,E,4267,100,4267,1,0
C,E,E,9838,100,9838,1,0
D,E,E,9716,100,9716,1,0
E,F,E,3712,100,3712,1,0
E,G,E,9902,100,9902,1,0
E,H,E,9667,100,9667,1,0
A,F,F,3505,100,3505,1,0
B,F,F,1404,100,1404,1,0
C,F,F,7196,100,7196,1,0
D,F,F,6323,100,6323,1,0
E,F,F,3654,100,3654,1,0
F,G,F,7397,100,7397,1,0
F,H,F,6301,100,6301,1,0
A,G,G,9596,100,9596,1,0
B,G,G,7166,100,7166,1,0
C,G,G,1587,100,1587,1,0
D,G,G,9255,100,9255,1,0
E,G,G,9903,100,9903,1,0
F,G,G,7396,100,7396,1,0
G,H,G,9364,100,9364,1,0
A,H,H,9392,100,9392,1,0
B,H,H,6179,100,6179,1,0
C,H,H,9058,100,9058,1,0
D,H,H,1385,100,1385,1,0
E,H,H,9627,100,9627,1,0
F,H,H,6295,100,6295,1,0
G,H,H,9348,100,9348,1,0
A,B,A,3629,100,3629,1,0
A,C,A,9292,100,9292,1,0
A,D,A,9273,100,9273,1,0
A,E,A,1425,100,1425,1,0
A,F,A,3546,100,3546,1,0
A,G,A,9628,100,9628,1,0
A,H,A,9345,100,9345,1,0
A,B,B,3645,100,3645,1,0
B,C,B,6742,100,6742,1,0
B,D,B,6008,100,6008,1,0
B,E,B,4302,100,4302,1,0
B,F,B,1404,100,1404,1,0
B,G,B,7197,100,7197,1,0
B,H,B,6210,100,6210,1,0
A,C,C,9248,100,9248,1,0
B,C,C,6744,100,6744,1,0
C,D,C,8766,100,8766,1,0
C,E,C,9862,100,9862,1,0
C,F,C,7219,100,7219,1,0
C,G,C,1595,100,1595,1,0
C,H,C,9048,100,9048,1,0
A,D,D,9275,100,9275,1,0
B,D,D,5999,100,5999,1,0
C,D,D,8706,100,8706,1,0
D,E,D,9740,100,9740,1,0
D,F,D,6318,100,6318,1,0
D,G,D,9211,100,9211,1,0
D,H,D,1436,100,1436,1,0
A,E,E,1466,100,1466,1,0
B,E,E,4317,100,4317,1,0
C,E,E,9798,100,9798,1,0
D,E,E,9696,100,9696,1,0
E,F,E,3699,100,3699,1,0
E,G,E,9923,100,9923,1,0
E,H,E,9673,100,9673,1,0
A,F,F,3520,100,3520,1,0
B,F,F,1376,100,1376,1,0
C,F,F,7184,100,7184,1,0
D,F,F,6347,100,6347,1,0
E,F,F,3700,100,3700,1,0
F,G,F,7380,100,7380,1,0
F,H,F,6258,100,6258,1,0
A,G,G,9603,100,9603,1,0
B,G,G,7176,100,7176,1,0
C,G,G,1566,100,1566,1,0
D,G,G,9230,100,9230,1,0
E,G,G,9929,100,9929,1,0
F,G,G,7383,100,7383,1,0
G,H,G,9297,100,9297,1,0
A,H,H,9384,100,9384,1,0
B,H,H,6172,100,6172,1,0
C,H,H,9038,100,9038,1,0
D,H,H,1440,100,1440,1,0
E,H,H,9677,100,9677,1,0
F,H,H,6270,100,6270,1,0
G,H,H,9312,100,9312,1,0
A,B,A,3648,100,3648,1,0
A,C,A,9267,100,9267,1,0
A,D,A,9281,100,9281,1,0
A,E,A,1418,100,1418,1,0
A,F,A,3527,100,3527,1,0
A,G,A,9583,100,9583,1,0
A,H,A,9384,100,9384,1,0
A,B,B,3650,100,3650,1,0
B,C,B,6775,100,6775,1,0
B,D,B,5977,100,5977,1,0
B,E,B,4269,100,4269,1,0
B,F,B,1423,100,1423,1,0
B,G,B,7192,100,7192,1,0
B,H,B,6198,100,6198,1,0
A,C,C,9314,100,9314,1,0
B,C,C,6736,100,6736,1,0
C,D,C,8734,100,8734,1,0
C,E,C,9836,100,9836,1,0
C,F,C,7220,100,7220,1,0
C,G,C,1574,100,1574,1,0
C,H,C,9028,100,9028,1,0
A,D,D,9268,100,9268,1,0
B,D,D,5955,100,5955,1,0
C,D,D,8716,100,8716,1,0
D,E,D,9748,100,9748,1,0
D,F,D,6358,100,6358,1,0
D,G,D,9233,100,9233,1,0
D,H,D,1410,100,1410,1,0
A,E,E,1478,100,1478,1,0
B,E,E,4317,100,4317,1,0
C,E,E,9863,100,9863,1,0
D,E,E,9717,100,9717,1,0
E,F,E,3715,100,3715,1,0
E,G,E,9939,100,9939,1,0
E,H,E,9673,100,9673,1,0
A,F,F,3531,100,3531,1,0
B,F,F,1418,100,1418,1,0
C,F,F,7194,100,7194,1,0
D,F,F,6392,100,6392,1,0
E,F,F,3679,100,3679,1,0
F,G,F,7346,100,7346,1,0
F,H,F,6289,100,6289,1,0
A,G,G,9593,100,9593,1,0
B,G,G,7175,100,7175,1,0
C,G,G,1570,100,1570,1,0
D,G,G,9224,100,9224,1,0
E,G,G,9896,100,9896,1,0
F,G,G,7350,100,7350,1,0
G,H,G,9329,100,9329,1,0
A,H,H,9411,100,9411,1,0
B,H,H,6218,100,6218,1,0
C,H,H,9009,100,9009,1,0
D,H,H,1402,100,1402,1,0
E,H,H,9632,100,9632,1,0
F,H,H,6298,100,6298,1,0
G,H,H,9307,100,9307,1,0
A,B,A,3634,100,3634,1,0
A,C,A,9322,100,9322,1,0
A,D,A,9268,100,9268,1,0
A,E,A,1412,100,1412,1,0
A,F,A,3546,100,3546,1,0
A,G,A,9593,100,9593,1,0
A,H,A,9400,100,9400,1,0
A,B,B,3665,100,3665,1,0
B,C,B,6733,100,6733,1,0
B,D,B,5948,100,5948,1,0
B,E,B,4321,100,4321,1,0
B,F,B,1395,100,1395,1,0
B,G,B,7197,100,7197,1,0
B,H,B,6210,100,6210,1,0
A,C,C,9295,100,9295,1,0
B,C,C,6711,100,6711,1,0
C,D,C,8720,100,8720,1,0
C,E,C,9823,100,9823,1,0
C,F,C,7181,100,7181,1,0
C,G,C,1603,100,1603,1,0
C,H,C,9063,100,9063,1,0
A,D,D,9266,100,9266,1,0
B,D,D,5991,100,5991,1,0
C,D,D,8710,100,8710,1,0
D,E,D,9729,100,9729,1,0
D,F,D,6349,100,6349,1,0
D,G,D,9232,100,9232,1,0
D,H,D,1430,100,1430,1,0
A,E,E,1488,100,1488,1,0
B,E,E,4294,100,4294,1,0
C,E,E,9833,100,9833,1,0
D,E,E,9779,100,9779,1,0
E,F,E,3680,100,3680,1,0
E,G,E,9920,100,9920,1,0
E,H,E,9617,100,9617,1,0
A,F,F,3527,100,3527,1,0
B,F,F,1385,100,1385,1,0
C,F,F,7190,100,7190,1,0
D,F,F,6333,100,6333,1,0
E,F,F,3712,100,3712,1,0
F,G,F,7362,100,7362,1,0
F,H,F,6254,100,6254,1,0
A,G,G,9626,100,9626,1,0
B,G,G,7198,100,7198,1,0
C,G,G,1608,100,1608,1,0
D,G,G,9245,100,9245,1,0
E,G,G,9921,100,9921,1,0
F,G,G,7369,100,7369,1,0
G,H,G,9334,100,9334,1,0
A,H,H,9405,100,9405,1,0
B,H,H,6218,100,6218,1,0
C,H,H,9030,100,9030,1,0
D,H,H,1414,100,1414,1,0
E,H,H,9665,100,9665,1,0
F,H,H,6273,100,6273,1,0
G,H,H,9307,100,9307,1,0
A,B,A,3643,100,3643,1,0
A,C,A,9263,100,9263,1,0
A,D,A,9286,100,9286,1,0
A,E,A,1405,100,1405,1,0
A,F,A,3520,100,3520,1,0
A,G,A,9593,100,9593,1,0
A,H,A,9434,100,9434,1,0
A,B,B,3636,100,3636,1,0
B,C,B,6737,100,6737,1,0
B,D,B,5931,100,5931,1,0
B,E,B,4298,100,4298,1,0
B,F,B,1416,100,1416,1,0
B,G,B,7190,100,7190,1,0
B,H,B,6176,100,6176,1,0
A,C,C,9256,100,9256,1,0
B,C,C,6726,100,6726,1,0
C,D,C,8691,100,8691,1,0
C,E,C,9863,100,9863,1,0
C,F,C,7202,100,7202,1,0
C,G,C,1558,100,1558,1,0
C,H,C,9012,100,9012,1,0
A,D,D,9294,100,9294,1,0
B,D,D,5962,100,5962,1,0
C,D,D,8712,100,8712,1,0
D,E,D,9645,100,9645,1,0
D,F,D,6379,100,6379,1,0
D,G,D,9266,100,9266,1,0
D,H,D,1454,100,1454,1,0
A,E,E,1455,100,1455,1,0
B,E,E,4280,100,4280,1,0
C,E,E,9804,100,9804,1,0
D,E,E,9681,100,9681,1,0
E,F,E,3705,100,3705,1,0
E,G,E,9896,100,9896,1,0
E,H,E,9651,100,9651,1,0
A,F,F,3513,100,3513,1,0
B,F,F,1393,100,1393,1,0
C,F,F,7201,100,7201,1,0
D,F,F,6349,100,6349,1,0
E,F,F,3701,100,3701,1,0
F,G,F,7386,100,7386,1,0
F,H,F,6240,100,6240,1,0
A,G,G,9631,100,9631,1,0
B,G,G,7245,100,7245,1,0
C,G,G,1575,100,1575,1,0
D,G,G,9249,100,9249,1,0
E,G,G,9921,100,9921,1,0
F,G,G,7366,100,7366,1,0
G,H,G,9356,100,9356,1,0
A,H,H,9402,100,9402,1,0
B,H,H,6220,100,6220,1,0
C,H,H,9079,100,9079,1,0
D,H,H,1441,100,1441,1,0
E,H,H,9660,100,9660,1,0
F,H,H,6287,100,6287,1,0
G,H,H,9348,100,9348,1,0
A,B,A,3622,100,3622,1,0
A,C,A,9300,100,9300,1,0
A,D,A,9276,100,9276,1,0
A,E,A,1411,100,1411,1,0
A,F,A,3584,100,3584,1,0
A,G,A,9594,100,9594,1,0
A,H,A,9420,100,9420,1,0
A,B,B,3625,100,3625,1,0
B,C,B,6748,100,6748,1,0
B,D,B,5960,100,5960,1,0
B,E,B,4316,100,4316,1,0
B,F,B,1411,100,1411,1,0
B,G,B,7203,100,7203,1,0
B,H,B,6174,100,6174,1,0
A,C,C,9311,100,9311,1,0
B,C,C,6759,100,6759,1,0
C,D,C,8682,100,8682,1,0
C,E,C,9831,100,9831,1,0
C,F,C,7232,100,7232,1,0
C,G,C,1596,100,1596,1,0
C,H,C,9060,100,9060,1,0
A,D,D,9277,100,9277,1,0
B,D,D,5970,100,5970,1,0
C,D,D,8729,100,8729,1,0
D,E,D,9726,100,9726,1,0
D,F,D,6346,100,6346,1,0
D,G,D,9230,100,9230,1,0
D,H,D,1418,100,1418,1,0
A,E,E,1478,100,1478,1,0
B,E,E,4251,100,4251,1,0
C,E,E,9871,100,9871,1,0
D,E,E,9723,100,9723,1,0
E,F,E,3704,100,3704,1,0
E,G,E,9920,100,9920,1,0
E,H,E,9612,100,9612,1,0
A,F,F,3522,100,3522,1,0
B,F,F,1395,100,1395,1,0
C,F,F,7219,100,7219,1,0
D,F,F,6347,100,6347,1,0
E,F,F,3685,100,3685,1,0
F,G,F,7347,100,7347,1,0
F,H,F,6259,100,6259,1,0
A,G,G,9624,100,9624,1,0
B,G,G,7163,100,7163,1,0
C,G,G,1582,100,1582,1,0
D,G,G,9217,100,9217,1,0
E,G,G,9940,100,9940,1,0
F,G,G,7339,100,7339,1,0
G,H,G,9292,100,9292,1,0
A,H,H,9422,100,9422,1,0
B,H,H,6167,100,6167,1,0
C,H,H,9021,100,9021,1,0
D,H,H,1418,100,1418,1,0
E,H,H,9657,100,9657,1,0
F,H,H,6278,100,6278,1,0
G,H,H,9334,100,9334,1,0
A,B,A,3646,100,3646,1,0
A,C,A,9314,100,9314,1,0
A,D,A,9283,100,9283,1,0
A,E,A,1425,100,1425,1,0
A,F,A,3499,100,3499,1,0
A,G,A,9617,100,9617,1,0
A,H,A,9416,100,9416,1,0
A,B,B,3643,100,3643,1,0
B,C,B,6747,100,6747,1,0
B,D,B,5982,100,5982,1,0
B,E,B,4321,100,4321,1,0
B,F,B,1402,100,1402,1,0
B,G,B,7216,100,7216,1,0
B,H,B,6209,100,6209,1,0
A,C,C,9316,100,9316,1,0
B,C,C,6750,100,6750,1,0
C,D,C,8740,100,8740,1,0
C,E,C,9823,100,9823,1,0
C,F,C,7204,100,7204,1,0
C,G,C,1598,100,1598,1,0
C,H,C,9058,100,9058,1,0
A,D,D,9290,100,9290,1,0
B,D,D,5962,100,5962,1,0
C,D,D,8706,100,8706,1,0
D,E,D,9745,100,9745,1,0
D,F,D,6330,100,6330,1,0
D,G,D,9252,100,9252,1,0
D,H,D,1374,100,1374,1,0
A,E,E,1442,100,1442,1,0
B,E,E,4342,100,4342,1,0
C,E,E,9833,100,9833,1,0
D,E,E,9727,100,9727,1,0
E,F,E,3715,100,3715,1,0
E,G,E,9903,100,9903,1,0
E,H,E,9680,100,9680,1,0
A,F,F,3512,100,3512,1,0
B,F,F,1371,100,1371,1,0
C,F,F,7212,100,7212,1,0
D,F,F,6350,100,6350,1,0
E,F,F,3689,100,3689,1,0
F,G,F,7358,100,7358,1,0
F,H,F,6299,100,6299,1,0
A,G,G,9605,100,9605,1,0
B,G,G,7161,100,7161,1,0
C,G,G,1602,100,1602,1,0
D,G,G,9235,100,9235,1,0
E,G,G,9921,100,9921,1,0
F,G,G,7386,100,7386,1,0
G,H,G,9311,100,9311,1,0
A,H,H,9380,100,9380,1,0
B,H,H,6208,100,6208,1,0
C,H,H,9010,100,9010,1,0
D,H,H,1421,100,1421,1,0
E,H,H,9651,100,9651,1,0
F,H,H,6298,100,6298,1,0
G,H,H,9316,100,9316,1,0
A,B,A,3635,100,3635,1,0
A,C,A,9251,100,9251,1,0
A,D,A,9276,100,9276,1,0
A,E,A,1419,100,1419,1,0
A,F,A,3540,100,3540,1,0
A,G,A,9652,100,9652,1,0
A,H,A,9408,100,9408,1,0
A,B,B,3629,100,3629,1,0
B,C,B,6707,100,6707,1,0
B,D,B,5982,100,5982,1,0
B,E,B,4342,100,4342,1,0
B,F,B,1374,100,1374,1,0
B,G,B,7244,100,7244,1,0
B,H,B,6190,100,6190,1,0
A,C,C,9333,100,9333,1,0
B,C,C,6762,100,6762,1,0
C,D,C,8716,100,8716,1,0
C,E,C,9818,100,9818,1,0
C,F,C,7228,100,7228,1,0
C,G,C,1608,100,1608,1,0
C,H,C,9060,100,9060,1,0
A,D,D,9265,100,9265,1,0
B,D,D,5969,100,5969,1,0
C,D,D,8691,100,8691,1,0
D,E,D,9775,100,9775,1,0
D,F,D,6319,100,6319,1,0
D,G,D,9200,100,9200,1,0
D,H,D,1435,100,1435,1,0
A,E,E,1461,100,1461,1,0
B,E,E,4299,100,4299,1,0
C,E,E,9763,100,9763,1,0
D,E,E,9720,100,9720,1,0
E,F,E,3696,100,3696,1,0
E,G,E,9921,100,9921,1,0
E,H,E,9648,100,9648,1,0
A,F,F,3559,100,3559,1,0
B,F,F,1432,100,1432,1,0
C,F,F,7226,100,7226,1,0
D,F,F,6329,100,6329,1,0
E,F,F,3692,100,3692,1,0
F,G,F,7375,100,7375,1,0
F,H,F,6247,100,6247,1,0
A,G,G,9630,100,9630,1,0
B,G,G,7174,100,7174,1,0
C,G,G,1559,100,1559,1,0
D,G,G,9226,100,9226,1,0
E,G,G,9929,100,9929,1,0
F,G,G,7360,100,7360,1,0
G,H,G,9352,100,9352,1,0
A,H,H,9405,100,9405,1,0
B,H,H,6151,100,6151,1,0
C,H,H,9034,100,9034,1,0
D,H,H,1437,100,1437,1,0
E,H,H,9665,100,9665,1,0
F,H,H,6306,100,6306,1,0
G,H,H,9325,100,9325,1,0
A,B,A,3651,100,3651,1,0
A,C,A,9275,100,9275,1,0
A,D,A,9263,100,9263,1,0
A,E,A,1463,100,1463,1,0
A,F,A,3499,100,3499,1,0
A,G,A,9614,100,9614,1,0
A,H,A,9381,100,9381,1,0
A,B,B,3640,100,3640,1,0
B,C,B,6733,100,6733,1,0
B,D,B,5940,100,5940,1,0
B,E,B,4285,100,4285,1,0
B,F,B,1421,100,1421,1,0
B,G,B,7165,100,7165,1,0
B,H,B,6211,100,6211,1,0
A,C,C,9294,100,9294,1,0
B,C,C,6760,100,6760,1,0
C,D,C,8716,100,8716,1,0
C,E,C,9865,100,9865,1,0
C,F,C,7213,100,7213,1,0
C,G,C,1555,100,1555,1,0
C,H,C,9057,100,9057,1,0
A,D,D,9253,100,9253,1,0
B,D,D,5955,100,5955,1,0
C,D,D,8733,100,8733,1,0
D,E,D,9727,100,9727,1,0
D,F,D,6360,100,6360,1,0
D,G,D,9256,100,9256,1,0
D,H,D,1388,100,1388,1,0
A,E,E,1504,100,1504,1,0
B,E,E,4316,100,4316,1,0
C,E,E,9828,100,9828,1,0
D,E,E,9716,100,9716,1,0
E,F,E,3696,100,3696,1,0
E,G,E,9904,100,9904,1,0
E,H,E,9691,100,9691,1,0
A,F,F,3529,100,3529,1,0
B,F,F,1369,100,1369,1,0
C,F,F,7219,100,7219,1,0
D,F,F,6360,100,6360,1,0
E,F,F,3701,100,3701,1,0
F,G,F,7360,100,7360,1,0
F,H,F,6270,100,6270,1,0
A,G,G,9619,100,9619,1,0
B,G,G,7178,100,7178,1,0
C,G,G,1631,100,1631,1,0
D,G,G,9232,100,9232,1,0
E,G,G,9953,100,9953,1,0
F,G,G,7381,100,7381,1,0
G,H,G,9318,100,9318,1,0
A,H,H,9427,100,9427,1,0
B,H,H,6133,100,6133,1,0
C,H,H,9070,100,9070,1,0
D,H,H,1500,100,1500,1,0
E,H,H,9631,100,9631,1,0
F,H,H,6266,100,6266,1,0
G,H,H,9335,100,9335,1,0
A,B,A,3656,100,3656,1,0
A,C,A,9276,100,9276,1,0
A,D,A,9278,100,9278,1,0
A,E,A,1425,100,1425,1,0
A,F,A,3510,100,3510,1,0
A,G,A,9647,100,9647,1,0
A,H,A,9404,100,9404,1,0
A,B,B,3613,100,3613,1,0
B,C,B,6707,100,6707,1,0
B,D,B,5957,100,5957,1,0
B,E,B,4321,100,4321,1,0
B,F,B,1408,100,1408,1,0
B,G,B,7190,100,7190,1,0
B,H,B,6179,100,6179,1,0
A,C,C,9250,100,9250,1,0
B,C,C,6695,100,6695,1,0
C,D,C,8691,100,8691,1,0
C,E,C,9806,100,9806,1,0
C,F,C,7213,100,7213,1,0
C,G,C,1626,100,1626,1,0
C,H,C,9022,100,9022,1,0
A,D,D,9240,100,9240,1,0
B,D,D,5982,100,5982,1,0
C,D,D,8750,100,8750,1,0
D,E,D,9757,100,9757,1,0
D,F,D,6365,100,6365,1,0
D,G,D,9229,100,9229,1,0
D,H,D,1411,100,1411,1,0
A,E,E,1415,100,1415,1,0
B,E,E,4302,100,4302,1,0
C,E,E,9837,100,9837,1,0
D,E,E,9738,100,9738,1,0
E,F,E,3691,100,3691,1,0
E,G,E,9925,100,9925,1,0
E,H,E,9650,100,9650,1,0
A,F,F,3509,100,3509,1,0
B,F,F,1393,100,1393,1,0
C,F,F,7200,100,7200,1,0
D,F,F,6346,100,6346,1,0
E,F,F,3672,100,3672,1,0
F,G,F,7373,100,7373,1,0
F,H,F,6297,100,6297,1,0
A,G,G,9589,100,9589,1,0
B,G,G,7197,100,7197,1,0
C,G,G,1574,100,1574,1,0
D,G,G,9204,100,9204,1,0
E,G,G,9926,100,9926,1,0
F,G,G,7356,100,7356,1,0
G,H,G,9370,100,9370,1,0
A,H,H,9460,100,9460,1,0
B,H,H,6163,100,6163,1,0
C,H,H,9082,100,9082,1,0
D,H,H,1388,100,1388,1,0
E,H,H,9646,100,9646,1,0
F,H,H,6253,100,6253,1,0
G,H,H,9349,100,9349,1,0
A,B,A,3624,100,3624,1,0
A,C,A,9324,100,9324,1,0
A,D,A,9268,100,9268,1,0
A,E,A,1446,100,1446,1,0
A,F,A,3573,100,3573,1,0
A,G,A,9599,100,9599,1,0
A,H,A,9382,100,9382,1,0
A,B,B,3627,100,3627,1,0
B,C,B,6749,100,6749,1,0
B,D,B,5965,100,5965,1,0
B,E,B,4344,100,4344,1,0
B,F,B,1386,100,1386,1,0
B,G,B,7189,100,7189,1,0
B,H,B,6205,100,6205,1,0
A,C,C,9328,100,9328,1,0
B,C,C,6709,100,6709,1,0
C,D,C,8712,100,8712,1,0
C,E,C,9857,100,9857,1,0
C,F,C,7202,100,7202,1,0
C,G,C,1608,100,1608,1,0
C,H,C,9108,100,9108,1,0
A,D,D,9279,100,9279,1,0
B,D,D,5959,100,5959,1,0
C,D,D,8707,100,8707,1,0
D,E,D,9800,100,9800,1,0
D,F,D,6336,100,6336,1,0
D,G,D,9232,100,9232,1,0
D,H,D,1406,100,1406,1,0
A,E,E,1412,100,1412,1,0
B,E,E,4338,100,4338,1,0
C,E,E,9813,100,9813,1,0
D,E,E,9699,100,9699,1,0
E,F,E,3695,100,3695,1,0
E,G,E,9909,100,9909,1,0
E,H,E,9671,100,9671,1,0
A,F,F,3528,100,3528,1,0
B,F,F,1435,100,1435,1,0
C,F,F,7207,100,7207,1,0
D,F,F,6361,100,6361,1,0
E,F,F,3730,100,3730,1,0
F,G,F,7382,100,7382,1,0
F,H,F,6256,100,6256,1,0
A,G,G,9625,100,9625,1,0
B,G,G,7167,100,7167,1,0
C,G,G,1573,100,1573,1,0
D,G,G,9272,100,9272,1,0
E,G,G,9934,100,9934,1,0
F,G,G,7388,100,7388,1,0
G,H,G,9360,100,9360,1,0
A,H,H,9380,100,9380,1,0
B,H,H,6245,100,6245,1,0
C,H,H,9003,100,9003,1,0
D,H,H,1416,100,1416,1,0
E,H,H,9668,100,9668,1,0
F,H,H,6300,100,6300,1,0
G,H,H,9314,100,9314,1,0
A,B,A,3659,100,3659,1,0
A,C,A,9279,100,9279,1,0
A,D,A,9291,100,9291,1,0
A,E,A,1400,100,1400,1,0
A,F,A,3514,100,3514,1,0
A,G,A,9615,100,9615,1,0
A,H,A,9386,100,9386,1,0
A,B,B,3599,100,3599,1,0
B,C,B,6710,100,6710,1,0
B,D,B,5966,100,5966,1,0
B,E,B,4290,100,4290,1,0
B,F,B,1425,100,1425,1,0
B,G,B,7170,100,7170,1,0
B,H,B,6256,100,6256,1,0
A,C,C,9296,100,9296,1,0
B,C,C,6717,100,6717,1,0
C,D,C,8753,100,8753,1,0
C,E,C,9857,100,9857,1,0
C,F,C,7223,100,7223,1,0
C,G,C,1550,100,1550,1,0
C,H,C,9005,100,9005,1,0
A,D,D,9252,100,9252,1,0
B,D,D,5940,100,5940,1,0
C,D,D,8735,100,8735,1,0
D,E,D,9758,100,9758,1,0
D,F,D,6332,100,6332,1,0
D,G,D,9202,100,9202,1,0
D,H,D,1408,100,1408,1,0
A,E,E,1439,100,1439,1,0
B,E,E,4294,100,4294,1,0
C,E,E,9804,100,9804,1,0
D,E,E,9772,100,9772,1,0
E,F,E,3711,100,3711,1,0
E,G,E,9935,100,9935,1,0
E,H,E,9650,100,9650,1,0
A,F,F,3547,100,3547,1,0
B,F,F,1401,100,1401,1,0
C,F,F,7202,100,7202,1,0
D,F,F,6339,100,6339,1,0
E,F,F,3698,100,3698,1,0
F,G,F,7382,100,7382,1,0
F,H,F,6241,100,6241,1,0
A,G,G,9578,100,9578,1,0
B,G,G,7225,100,7225,1,0
C,G,G,1570,100,1570,1,0
D,G,G,9224,100,9224,1,0
E,G,G,9906,100,9906,1,0
F,G,G,7351,100,7351,1,0
G,H,G,9325,100,9325,1,0
A,H,H,9411,100,9411,1,0
B,H,H,6131,100,6131,1,0
C,H,H,9078,100,9078,1,0
D,H,H,1435,100,1435,1,0
E,H,H,9643,100,9643,1,0
F,H,H,6320,100,6320,1,0
G,H,H,9324,100,9324,1,0
A,B,A,3652,100,3652,1,0
A,C,A,9248,100,9248,1,0
A,D,A,9265,100,9265,1,0
A,E,A,1429,100,1429,1,0
A,F,A,3487,100,3487,1,0
A,G,A,9586,100,9586,1,0
A,H,A,9372,100,9372,1,0
A,B,B,3701,100,3701,1,0
B,C,B,6754,100,6754,1,0
B,D,B,5994,100,5994,1,0
B,E,B,4304,100,4304,1,0
B,F,B,1407,100,1407,1,0
B,G,B,7193,100,7193,1,0
B,H,B,6155,100,6155,1,0
A,C,C,9290,100,9290,1,0
B,C,C,6771,100,6771,1,0
C,D,C,8746,100,8746,1,0
C,E,C,9823,100,9823,1,0
C,F,C,7210,100,7210,1,0
C,G,C,1622,100,1622,1,0
C,H,C,9065,100,9065,1,0
A,D,D,9265,100,9265,1,0
B,D,D,5991,100,5991,1,0
C,D,D,8706,100,8706,1,0
D,E,D,9743,100,9743,1,0
D,F,D,6385,100,6385,1,0
D,G,D,9260,100,9260,1,0
D,H,D,1396,100,1396,1,0
A,E,E,1488,100,1488,1,0
B,E,E,4278,100,4278,1,0
C,E,E,9833,100,9833,1,0
D,E,E,9747,100,9747,1,0
E,F,E,3668,100,3668,1,0
E,G,E,9899,100,9899,1,0
E,H,E,9693,100,9693,1,0
A,F,F,3513,100,3513,1,0
B,F,F,1434,100,1434,1,0
C,F,F,7193,100,7193,1,0
D,F,F,6343,100,6343,1,0
E,F,F,3720,100,3720,1,0
F,G,F,7378,100,7378,1,0
F,H,F,6270,100,6270,1,0
A,G,G,9630,100,9630,1,0
B,G,G,7208,100,7208,1,0
C,G,G,1561,100,1561,1,0
D,G,G,9262,100,9262,1,0
E,G,G,9920,100,9920,1,0
F,G,G,7376,100,7376,1,0
G,H,G,9319,100,9319,1,0
A,H,H,9333,100,9333,1,0
B,H,H,6230,100,6230,1,0
C,H,H,9001,100,9001,1,0
D,H,H,1478,100,1478,1,0
E,H,H,9661,100,9661,1,0
F,H,H,6294,100,6294,1,0
G,H,H,9292,100,9292,1,0
A,B,A,3646,100,3646,1,0
A,C,A,9293,100,9293,1,0
A,D,A,9249,100,9249,1,0
A,E,A,1449,100,1449,1,0
A,F,A,3527,100,3527,1,0
A,G,A,9644,100,9644,1,0
A,H,A,9371,100,9371,1,0
A,B,B,3632,100,3632,1,0
B,C,B,6738,100,6738,1,0
B,D,B,5950,100,5950,1,0
B,E,B,4295,100,4295,1,0
B,F,B,1373,100,1373,1,0
B,G,B,7190,100,7190,1,0
B,H,B,6157,100,6157,1,0
A,C,C,9316,100,9316,1,0
B,C,C,6746,100,6746,1,0
C,D,C,8710,100,8710,1,0
C,E,C,9821,100,9821,1,0
C,F,C,7238,100,7238,1,0
C,G,C,1599,100,1599,1,0
C,H,C,9066,100,9066,1,0
A,D,D,9294,100,9294,1,0
B,D,D,5969,100,5969,1,0
C,D,D,8741,100,8741,1,0
D,E,D,9777,100,9777,1,0
D,F,D,6398,100,6398,1,0
D,G,D,9245,100,9245,1,0
D,H,D,1413,100,1413,1,0
A,E,E,1474,100,1474,1,0
B,E,E,4317,100,4317,1,0
C,E,E,9846,100,9846,1,0
D,E,E,9760,100,9760,1,0
E,F,E,3689,100,3689,1,0
E,G,E,9900,100,9900,1,0
E,H,E,9646,100,9646,1,0
A,F,F,3551,100,3551,1,0
B,F,F,1411,100,1411,1,0
C,F,F,7215,100,7215,1,0
D,F,F,6353,100,6353,1,0
E,F,F,3670,100,3670,1,0
F,G,F,7375,100,7375,1,0
F,H,F,6292,100,6292,1,0
A,G,G,9543,100,9543,1,0
B,G,G,7170,100,7170,1,0
C,G,G,1629,100,1629,1,0
D,G,G,9271,100,9271,1,0
E,G,G,9907,100,9907,1,0
F,G,G,7402,100,7402,1,0
G,H,G,9281,100,9281,1,0
A,H,H,9399,100,9399,1,0
B,H,H,6231,100,6231,1,0
C,H,H,9062,100,9062,1,0
D,H,H,1446,100,1446,1,0
E,H,H,9651,100,9651,1,0
F,H,H,6274,100,6274,1,0
G,H,H,9334,100,9334,1,0
A,B,A,3655,100,3655,1,0
A,C,A,9287,100,9287,1,0
A,D,A,9268,100,9268,1,0
A,E,A,1474,100,1474,1,0
A,F,A,3514,100,3514,1,0
A,G,A,9637,100,9637,1,0
A,H,A,9423,100,9423,1,0
A,B,B,3624,100,3624,1,0
B,C,B,6736,100,6736,1,0
B,D,B,5987,100,5987,1,0
B,E,B,4322,100,4322,1,0
B,F,B,1429,100,1429,1,0
B,G,B,7223,100,7223,1,0
B,H,B,6233,100,6233,1,0
A,C,C,9303,100,9303,1,0
B,C,C,6720,100,6720,1,0
C,D,C,8736,100,8736,1,0
C,E,C,9814,100,9814,1,0
C,F,C,7219,100,7219,1,0
C,G,C,1550,100,1550,1,0
C,H,C,9040,100,9040,1,0
A,D,D,9270,100,9270,1,0
B,D,D,5965,100,5965,1,0
C,D,D,8706,100,8706,1,0
D,E,D,9702,100,9702,1,0
D,F,D,6412,100,6412,1,0
D,G,D,9198,100,9198,1,0
D,H,D,1441,100,1441,1,0
A,E,E,1417,100,1417,1,0
B,E,E,4310,100,4310,1,0
C,E,E,9842,100,9842,1,0
D,E,E,9659,100,9659,1,0
E,F,E,3688,100,3688,1,0
E,G,E,9900,100,9900,1,0
E,H,E,9701,100,9701,1,0
A,F,F,3548,100,3548,1,0
B,F,F,1403,100,1403,1,0
C,F,F,7261,100,7261,1,0
D,F,F,6317,100,6317,1,0
E,F,F,3709,100,3709,1,0
F,G,F,7366,100,7366,1,0
F,H,F,6321,100,6321,1,0
A,G,G,9611,100,9611,1,0
B,G,G,7243,100,7243,1,0
C,G,G,1597,100,1597,1,0
D,G,G,9258,100,9258,1,0
E,G,G,9925,100,9925,1,0
F,G,G,7391,100,7391,1,0
G,H,G,9324,100,9324,1,0
A,H,H,9387,100,9387,1,0
B,H,H,6181,100,6181,1,0
C,H,H,9039,100,9039,1,0
D,H,H,1482,100,1482,1,0
E,H,H,9680,100,9680,1,0
F,H,H,6278,100,6278,1,0
G,H,H,9332,100,9332,1,0
A,B,A,3631,100,3631,1,0
A,C,A,9339,100,9339,1,0
A,D,A,9277,100,9277,1,0
A,E,A,1466,100,1466,1,0
A,F,A,3508,100,3508,1,0
A,G,A,9643,100,9643,1,0
A,H,A,9410,100,9410,1,0
A,B,B,3631,100,3631,1,0
B,C,B,6717,100,6717,1,0
B,D,B,5987,100,5987,1,0
B,E,B,4295,100,4295,1,0
B,F,B,1428,100,1428,1,0
B,G,B,7165,100,7165,1,0
B,H,B,6248,100,6248,1,0
A,C,C,9280,100,9280,1,0
B,C,C,6741,100,6741,1,0
C,D,C,8723,100,8723,1,0
C,E,C,9853,100,9853,1,0
C,F,C,7192,100,7192,1,0
C,G,C,1557,100,1557,1,0
C,H,C,9085,100,9085,1,0
A,D,D,9266,100,9266,1,0
B,D,D,5956,100,5956,1,0
C,D,D,8719,100,8719,1,0
D,E,D,9700,100,9700,1,0
D,F,D,6371,100,6371,1,0
D,G,D,9230,100,9230,1,0
D,H,D,1445,100,1445,1,0
A,E,E,1433,100,1433,1,0
B,E,E,4310,100,4310,1,0
C,E,E,9831,100,9831,1,0
D,E,E,9785,100,9785,1,0
E,F,E,3691,100,3691,1,0
E,G,E,9942,100,9942,1,0
E,H,E,9645,100,9645,1,0
A,F,F,3536,100,3536,1,0
B,F,F,1408,100,1408,1,0
C,F,F,7189,100,7189,1,0
D,F,F,6338,100,6338,1,0
E,F,F,3668,100,3668,1,0
F,G,F,7388,100,7388,1,0
F,H,F,6264,100,6264,1,0
A,G,G,9615,100,9615,1,0
B,G,G,7165,100,7165,1,0
C,G,G,1587,100,1587,1,0
D,G,G,9231,100,9231,1,0
E,G,G,9912,100,9912,1,0
F,G,G,7323,100,7323,1,0
G,H,G,9315,100,9315,1,0
A,H,H,9450,100,9450,1,0
B,H,H,6233,100,6233,1,0
C,H,H,9054,100,9054,1,0
D,H,H,1447,100,1447,1,0
E,H,H,9649,100,9649,1,0
F,H,H,6239,100,6239,1,0
G,H,H,9340,100,9340,1,0
A,B,A,3643,100,3643,1,0
A,C,A,9282,100,9282,1,0
A,D,A,9274,100,9274,1,0
A,E,A,1433,100,1433,1,0
A,F,A,3502,100,3502,1,0
A,G,A,9596,100,9596,1,0
A,H,A,9366,100,9366,1,0
A,B,B,3686,100,3686,1,0
B,C,B,6746,100,6746,1,0
B,D,B,6003,100,6003,1,0
B,E,B,4268,100,4268,1,0
B,F,B,1376,100,1376,1,0
B,G,B,7203,100,7203,1,0
B,H,B,6217,100,6217,1,0
A,C,C,9305,100,9305,1,0
B,C,C,6695,100,6695,1,0
C,D,C,8696,100,8696,1,0
C,E,C,9851,100,9851,1,0
C,F,C,7210,100,7210,1,0
C,G,C,1571,100,1571,1,0
C,H,C,9017,100,9017,1,0
A,D,D,9295,100,9295,1,0
B,D,D,5959,100,5959,1,0
C,D,D,8728,100,8728,1,0
D,E,D,9672,100,9672,1,0
D,F,D,6321,100,6321,1,0
D,G,D,9237,100,9237,1,0
D,H,D,1461,100,1461,1,0
A,E,E,1401,100,1401,1,0
B,E,E,4321,100,4321,1,0
C,E,E,9866,100,9866,1,0
D,E,E,9760,100,9760,1,0
E,F,E,3687,100,3687,1,0
E,G,E,9925,100,9925,1,0
E,H,E,9659,100,9659,1,0
A,F,F,3539,100,3539,1,0
B,F,F,1388,100,1388,1,0
C,F,F,7227,100,7227,1,0
D,F,F,6343,100,6343,1,0
E,F,F,3683,100,3683,1,0
F,G,F,7359,100,7359,1,0
F,H,F,6238,100,6238,1,0
A,G,G,9593,100,9593,1,0
B,G,G,7193,100,7193,1,0
C,G,G,1551,100,1551,1,0
D,G,G,9244,100,9244,1,0
E,G,G,9958,100,9958,1,0
F,G,G,7343,100,7343,1,0
G,H,G,9353,100,9353,1,0
A,H,H,9430,100,9430,1,0
B,H,H,6218,100,6218,1,0
C,H,H,9033,100,9033,1,0
D,H,H,1406,100,1406,1,0
E,H,H,9623,100,9623,1,0
F,H,H,6266,100,6266,1,0
G,H,H,9291,100,9291,1,0
A,B,A,3605,100,3605,1,0
A,C,A,9318,100,9318,1,0
A,D,A,9261,100,9261,1,0
A,E,A,1425,100,1425,1,0
A,F,A,3588,100,3588,1,0
A,G,A,9628,100,9628,1,0
A,H,A,9391,100,9391,1,0
A,B,B,3676,100,3676,1,0
B,C,B,6738,100,6738,1,0
B,D,B,5983,100,5983,1,0
B,E,B,4287,100,4287,1,0
B,F,B,1417,100,1417,1,0
B,G,B,7216,100,7216,1,0
B,H,B,6191,100,6191,1,0
A,C,C,9258,100,9258,1,0
B,C,C,6734,100,6734,1,0
C,D,C,8735,100,8735,1,0
C,E,C,9803,100,9803,1,0
C,F,C,7199,100,7199,1,0
C,G,C,1587,100,1587,1,0
C,H,C,9023,100,9023,1,0
A,D,D,9300,100,9300,1,0
B,D,D,5955,100,5955,1,0
C,D,D,8738,100,8738,1,0
D,E,D,9677,100,9677,1,0
D,F,D,6365,100,6365,1,0
D,G,D,9222,100,9222,1,0
D,H,D,1415,100,1415,1,0
A,E,E,1418,100,1418,1,0
B,E,E,4299,100,4299,1,0
C,E,E,9853,100,9853,1,0
D,E,E,9677,100,9677,1,0
E,F,E,3678,100,3678,1,0
E,G,E,9923,100,9923,1,0
E,H,E,9659,100,9659,1,0
A,F,F,3556,100,3556,1,0
B,F,F,1409,100,1409,1,0
C,F,F,7186,100,7186,1,0
D,F,F,6367,100,6367,1,0
E,F,F,3688,100,3688,1,0
F,G,F,7377,100,7377,1,0
F,H,F,6309,100,6309,1,0
A,G,G,9628,100,9628,1,0
B,G,G,7214,100,7214,1,0
C,G,G,1542,100,1542,1,0
D,G,G,9242,100,9242,1,0
E,G,G,9898,100,9898,1,0
F,G,G,7379,100,7379,1,0
G,H,G,9327,100,9327,1,0
A,H,H,9432,100,9432,1,0
B,H,H,6246,100,6246,1,0
C,H,H,9072,100,9072,1,0
D,H,H,1463,100,1463,1,0
E,H,H,9669,100,9669,1,0
F,H,H,6271,100,6271,1,0
G,H,H,9323,100,9323,1,0
A,B,A,3626,100,3626,1,0
A,C,A,9273,100,9273,1,0
A,D,A,9288,100,9288,1,0
A,E,A,1453,100,1453,1,0
A,F,A,3519,100,3519,1,0
A,G,A,9569,100,9569,1,0
A,H,A,9456,100,9456,1,0
A,B,B,3630,100,3630,1,0
B,C,B,6704,100,6704,1,0
B,D,B,5924,100,5924,1,0
B,E,B,4326,100,4326,1,0
B,F,B,1407,100,1407,1,0
B,G,B,7169,100,7169,1,0
B,H,B,6153,100,6153,1,0
A,C,C,9315,100,9315,1,0
B,C,C,6750,100,6750,1,0
C,D,C,8720,100,8720,1,0
C,E,C,9768,100,9768,1,0
C,F,C,7212,100,7212,1,0
C,G,C,1556,100,1556,1,0
C,H,C,9101,100,9101,1,0
A,D,D,9290,100,9290,1,0
B,D,D,5987,100,5987,1,0
C,D,D,8720,100,8720,1,0
D,E,D,9730,100,9730,1,0
D,F,D,6322,100,6322,1,0
D,G,D,9263,100,9263,1,0
D,H,D,1450,100,1450,1,0
A,E,E,1412,100,1412,1,0
B,E,E,4349,100,4349,1,0
C,E,E,9877,100,9877,1,0
D,E,E,9732,100,9732,1,0
E,F,E,3690,100,3690,1,0
E,G,E,9911,100,9911,1,0
E,H,E,9628,100,9628,1,0
A,F,F,3528,100,3528,1,0
B,F,F,1390,100,1390,1,0
C,F,F,7197,100,7197,1,0
D,F,F,6355,100,6355,1,0
E,F,F,3691,100,3691,1,0
F,G,F,7379,100,7379,1,0
F,H,F,6251,100,6251,1,0
A,G,G,9616,100,9616,1,0
B,G,G,7171,100,7171,1,0
C,G,G,1566,100,1566,1,0
D,G,G,9245,100,9245,1,0
E,G,G,9940,100,9940,1,0
F,G,G,7378,100,7378,1,0
G,H,G,9336,100,9336,1,0
A,H,H,9443,100,9443,1,0
B,H,H,6220,100,6220,1,0
C,H,H,9034,100,9034,1,0
D,H,H,1396,100,1396,1,0
E,H,H,9640,100,9640,1,0
F,H,H,6249,100,6249,1,0
G,H,H,9284,100,9284,1,0
A,B,A,3650,100,3650,1,0
A,C,A,9323,100,9323,1,0
A,D,A,9249,100,9249,1,0
A,E,A,1416,100,1416,1,0
A,F,A,3520,100,3520,1,0
A,G,A,9630,100,9630,1,0
A,H,A,9447,100,9447,1,0
A,B,B,3672,100,3672,1,0
B,C,B,6712,100,6712,1,0
B,D,B,5977,100,5977,1,0
B,E,B,4337,100,4337,1,0
B,F,B,1402,100,1402,1,0
B,G,B,7177,100,7177,1,0
B,H,B,6188,100,6188,1,0
A,C,C,9291,100,9291,1,0
B,C,C,6714,100,6714,1,0
C,D,C,8731,100,8731,1,0
C,E,C,9833,100,9833,1,0
C,F,C,7216,100,7216,1,0
C,G,C,1549,100,1549,1,0
C,H,C,9033,100,9033,1,0
A,D,D,9280,100,9280,1,0
B,D,D,5994,100,5994,1,0
C,D,D,8727,100,8727,1,0
D,E,D,9698,100,9698,1,0
D,F,D,6366,100,6366,1,0
D,G,D,9239,100,9239,1,0
D,H,D,1444,100,1444,1,0
A,E,E,1401,100,1401,1,0
B,E,E,4271,100,4271,1,0
C,E,E,9835,100,9835,1,0
D,E,E,9749,100,9749,1,0
E,F,E,3678,100,3678,1,0
E,G,E,9930,100,9930,1,0
E,H,E,9635,100,9635,1,0
A,F,F,3525,100,3525,1,0
B,F,F,1425,100,1425,1,0
C,F,F,7171,100,7171,1,0
D,F,F,6357,100,6357,1,0
E,F,F,3694,100,3694,1,0
F,G,F,7390,100,7390,1,0
F,H,F,6264,100,6264,1,0
A,G,G,9604,100,9604,1,0
B,G,G,7189,100,7189,1,0
C,G,G,1571,100,1571,1,0
D,G,G,9238,100,9238,1,0
E,G,G,9908,100,9908,1,0
F,G,G,7343,100,7343,1,0
G,H,G,9364,100,9364,1,0
A,H,H,9373,100,9373,1,0
B,H,H,6199,100,6199,1,0
C,H,H,9059,100,9059,1,0
D,H,H,1423,100,1423,1,0
E,H,H,9650,100,9650,1,0
F,H,H,6290,100,6290,1,0
G,H,H,9354,100,9354,1,0
A,B,A,3629,100,3629,1,0
A,C,A,9307,100,9307,1,0
A,D,A,9264,100,9264,1,0
A,E,A,1424,100,1424,1,0
A,F,A,3480,100,3480,1,0
A,G,A,9574,100,9574,1,0
A,H,A,9375,100,9375,1,0
A,B,B,3669,100,3669,1,0
B,C,B,6753,100,6753,1,0
B,D,B,5936,100,5936,1,0
B,E,B,4288,100,4288,1,0
B,F,B,1415,100,1415,1,0
B,G,B,7182,100,7182,1,0
B,H,B,6210,100,6210,1,0
A,C,C,9292,100,9292,1,0
B,C,C,6747,100,6747,1,0
C,D,C,8716,100,8716,1,0
C,E,C,9825,100,9825,1,0
C,F,C,7210,100,7210,1,0
C,G,C,1568,100,1568,1,0
C,H,C,9044,100,9044,1,0
A,D,D,9252,100,9252,1,0
B,D,D,5951,100,5951,1,0
C,D,D,8711,100,8711,1,0
D,E,D,9708,100,9708,1,0
D,F,D,6374,100,6374,1,0
D,G,D,9248,100,9248,1,0
D,H,D,1476,100,1476,1,0
A,E,E,1414,100,1414,1,0
B,E,E,4311,100,4311,1,0
C,E,E,9853,100,9853,1,0
D,E,E,9672,100,9672,1,0
E,F,E,3685,100,3685,1,0
E,G,E,9940,100,9940,1,0
E,H,E,9618,100,9618,1,0
A,F,F,3491,100,3491,1,0
B,F,F,1418,100,1418,1,0
C,F,F,7218,100,7218,1,0
D,F,F,6343,100,6343,1,0
E,F,F,3680,100,3680,1,0
F,G,F,7364,100,7364,1,0
F,H,F,6268,100,6268,1,0
A,G,G,9619,100,9619,1,0
B,G,G,7175,100,7175,1,0
C,G,G,1551,100,1551,1,0
D,G,G,9207,100,9207,1,0
E,G,G,9918,100,9918,1,0
F,G,G,7360,100,7360,1,0
G,H,G,9303,100,9303,1,0
A,H,H,9383,100,9383,1,0
B,H,H,6186,100,6186,1,0
C,H,H,9049,100,9049,1,0
D,H,H,1455,100,1455,1,0
E,H,H,9669,100,9669,1,0
F,H,H,6276,100,6276,1,0
G,H,H,9302,100,9302,1,0
A,B,A,3641,100,3641,1,0
A,C,A,9339,100,9339,1,0
A,D,A,9299,100,9299,1,0
A,E,A,1422,100,1422,1,0
A,F,A,3480,100,3480,1,0
A,G,A,9649,100,9649,1,0
A,H,A,9421,100,9421,1,0
A,B,B,3676,100,3676,1,0
B,C,B,6738,100,6738,1,0
B,D,B,5995,100,5995,1,0
B,E,B,4286,100,4286,1,0
B,F,B,1380,100,1380,1,0
B,G,B,7190,100,7190,1,0
B,H,B,6159,100,6159,1,0
A,C,C,9290,100,9290,1,0
B,C,C,6720,100,6720,1,0
C,D,C,8735,100,8735,1,0
C,E,C,9854,100,9854,1,0
C,F,C,7191,100,7191,1,0
C,G,C,1596,100,1596,1,0
C,H,C,9026,100,9026,1,0
A,D,D,9264,100,9264,1,0
B,D,D,6018,100,6018,1,0
C,D,D,8732,100,8732,1,0
D,E,D,9778,100,9778,1,0
D,F,D,6391,100,6391,1,0
D,G,D,9226,100,9226,1,0
D,H,D,1394,100,1394,1,0
A,E,E,1512,100,1512,1,0
B,E,E,4322,100,4322,1,0
C,E,E,9892,100,9892,1,0
D,E,E,9729,100,9729,1,0
E,F,E,3693,100,3693,1,0
E,G,E,9918,100,9918,1,0
E,H,E,9654,100,9654,1,0
A,F,F,3520,100,3520,1,0
B,F,F,1425,100,1425,1,0
C,F,F,7193,100,7193,1,0
D,F,F,6334,100,6334,1,0
E,F,F,3687,100,3687,1,0
F,G,F,7349,100,7349,1,0
F,H,F,6286,100,6286,1,0
A,G,G,9595,100,9595,1,0
B,G,G,7193,100,7193,1,0
C,G,G,1587,100,1587,1,0
D,G,G,9235,100,9235,1,0
E,G,G,9894,100,9894,1,0
F,G,G,7406,100,7406,1,0
G,H,G,9317,100,9317,1,0
A,H,H,9432,100,9432,1,0
B,H,H,6246,100,6246,1,0
C,H,H,9073,100,9073,1,0
D,H,H,1384,100,1384,1,0
E,H,H,9643,100,9643,1,0
F,H,H,6281,100,6281,1,0
G,H,H,9295,100,9295,1,0
A,B,A,3638,100,3638,1,0
A,C,A,9284,100,9284,1,0
A,D,A,9278,100,9278,1,0
A,E,A,1437,100,1437,1,0
A,F,A,3552,100,3552,1,0
A,G,A,9637,100,9637,1,0
A,H,A,9397,100,9397,1,0
A,B,B,3597,100,3597,1,0
B,C,B,6717,100,6717,1,0
B,D,B,5940,100,5940,1,0
B,E,B,4289,100,4289,1,0
B,F,B,1400,100,1400,1,0
B,G,B,7206,100,7206,1,0
B,H,B,6177,100,6177,1,0
A,C,C,9293,100,9293,1,0
B,C,C,6748,100,6748,1,0
C,D,C,8711,100,8711,1,0
C,E,C,9862,100,9862,1,0
C,F,C,7207,100,7207,1,0
C,G,C,1559,100,1559,1,0
C,H,C,9043,100,9043,1,0
A,D,D,9257,100,9257,1,0
B,D,D,5953,100,5953,1,0
C,D,D,8696,100,8696,1,0
D,E,D,9700,100,9700,1,0
D,F,D,6342,100,6342,1,0
D,G,D,9245,100,9245,1,0
D,H,D,1449,100,1449,1,0
A,E,E,1399,100,1399,1,0
B,E,E,4301,100,4301,1,0
C,E,E,9844,100,9844,1,0
D,E,E,9757,100,9757,1,0
E,F,E,3677,100,3677,1,0
E,G,E,9927,100,9927,1,0
E,H,E,9687,100,9687,1,0
A,F,F,3503,100,3503,1,0
B,F,F,1377,100,1377,1,0
C,F,F,7191,100,7191,1,0
D,F,F,6392,100,6392,1,0
E,F,F,3710,100,3710,1,0
F,G,F,7355,100,7355,1,0
F,H,F,6298,100,6298,1,0
A,G,G,9595,100,9595,1,0
B,G,G,7164,100,7164,1,0
C,G,G,1577,100,1577,1,0
D,G,G,9210,100,9210,1,0
E,G,G,9927,100,9927,1,0
F,G,G,7379,100,7379,1,0
G,H,G,9354,100,9354,1,0
A,H,H,9405,100,9405,1,0
B,H,H,6188,100,6188,1,0
C,H,H,9050,100,9050,1,0
D,H,H,1389,100,1389,1,0
E,H,H,9681,100,9681,1,0
F,H,H,6272,100,6272,1,0
G,H,H,9324,100,9324,1,0
A,B,A,3650,100,3650,1,0
A,C,A,9294,100,9294,1,0
A,D,A,9264,100,9264,1,0
A,E,A,1447,100,1447,1,0
A,F,A,3584,100,3584,1,0
A,G,A,9624,100,9624,1,0
A,H,A,9356,100,9356,1,0
A,B,B,3633,100,3633,1,0
B,C,B,6736,100,6736,1,0
B,D,B,5935,100,5935,1,0
B,E,B,4330,100,4330,1,0
B,F,B,1414,100,1414,1,0
B,G,B,7185,100,7185,1,0
B,H,B,6186,100,6186,1,0
A,C,C,9349,100,9349,1,0
B,C,C,6765,100,6765,1,0
C,D,C,8757,100,8757,1,0
C,E,C,9868,100,9868,1,0
C,F,C,7192,100,7192,1,0
C,G,C,1571,100,1571,1,0
C,H,C,9032,100,9032,1,0
A,D,D,9272,100,9272,1,0
B,D,D,5920,100,5920,1,0
C,D,D,8708,100,8708,1,0
D,E,D,9733,100,9733,1,0
D,F,D,6344,100,6344,1,0
D,G,D,9258,100,9258,1,0
D,H,D,1406,100,1406,1,0
A,E,E,1446,100,1446,1,0
B,E,E,4317,100,4317,1,0
C,E,E,9738,100,9738,1,0
D,E,E,9762,100,9762,1,0
E,F,E,3697,100,3697,1,0
E,G,E,9939,100,9939,1,0
E,H,E,9646,100,9646,1,0
A,F,F,3515,100,3515,1,0
B,F,F,1377,100,1377,1,0
C,F,F,7211,100,7211,1,0
D,F,F,6370,100,6370,1,0
E,F,F,3708,100,3708,1,0
F,G,F,7349,100,7349,1,0
F,H,F,6230,100,6230,1,0
A,G,G,9648,100,9648,1,0
B,G,G,7153,100,7153,1,0
C,G,G,1570,100,1570,1,0
D,G,G,9211,100,9211,1,0
E,G,G,9935,100,9935,1,0
F,G,G,7368,100,7368,1,0
G,H,G,9309,100,9309,1,0
A,H,H,9389,100,9389,1,0
B,H,H,6209,100,6209,1,0
C,H,H,9003,100,9003,1,0
D,H,H,1355,100,1355,1,0
E,H,H,9645,100,9645,1,0
F,H,H,6244,100,6244,1,0
G,H,H,9331,100,9331,1,0
A,B,A,3676,100,3676,1,0
A,C,A,9254,100,9254,1,0
A,D,A,9285,100,9285,1,0
A,E,A,1478,100,1478,1,0
A,F,A,3535,100,3535,1,0
A,G,A,9588,100,9588,1,0
A,H,A,9394,100,9394,1,0
A,B,B,3647,100,3647,1,0
B,C,B,6728,100,6728,1,0
B,D,B,5988,100,5988,1,0
B,E,B,4320,100,4320,1,0
B,F,B,1395,100,1395,1,0
B,G,B,7187,100,7187,1,0
B,H,B,6239,100,6239,1,0
A,C,C,9239,100,9239,1,0
B,C,C,6699,100,6699,1,0
C,D,C,8727,100,8727,1,0
C,E,C,9865,100,9865,1,0
C,F,C,7232,100,7232,1,0
C,G,C,1606,100,1606,1,0
C,H,C,9020,100,9020,1,0
A,D,D,9264,100,9264,1,0
B,D,D,5982,100,5982,1,0
C,D,D,8693,100,8693,1,0
D,E,D,9755,100,9755,1,0
D,F,D,6367,100,6367,1,0
D,G,D,9227,100,9227,1,0
D,H,D,1405,100,1405,1,0
A,E,E,1495,100,1495,1,0
B,E,E,4367,100,4367,1,0
C,E,E,9795,100,9795,1,0
D,E,E,9734,100,9734,1,0
E,F,E,3687,100,3687,1,0
E,G,E,9925,100,9925,1,0
E,H,E,9687,100,9687,1,0
A,F,F,3531,100,3531,1,0
B,F,F,1413,100,1413,1,0
C,F,F,7199,100,7199,1,0
D,F,F,6325,100,6325,1,0
E,F,F,3713,100,3713,1,0
F,G,F,7368,100,7368,1,0
F,H,F,6291,100,6291,1,0
A,G,G,9618,100,9618,1,0
B,G,G,7178,100,7178,1,0
C,G,G,1559,100,1559,1,0
D,G,G,9278,100,9278,1,0
E,G,G,9907,100,9907,1,0
F,G,G,7352,100,7352,1,0
G,H,G,9325,100,9325,1,0
A,H,H,9428,100,9428,1,0
B,H,H,6201,100,6201,1,0
C,H,H,9037,100,9037,1,0
D,H,H,1390,100,1390,1,0
E,H,H,9623,100,9623,1,0
F,H,H,6272,100,6272,1,0
G,H,H,9295,100,9295,1,0
A,B,A,3712,100,3712,1,0
A,C,A,9328,100,9328,1,0
A,D,A,9245,100,9245,1,0
A,E,A,1447,100,1447,1,0
A,F,A,3552,100,3552,1,0
A,G,A,9635,100,9635,1,0
A,H,A,9420,100,9420,1,0
A,B,B,3676,100,3676,1,0
B,C,B,6730,100,6730,1,0
B,D,B,5977,100,5977,1,0
B,E,B,4300,100,4300,1,0
B,F,B,1414,100,1414,1,0
B,G,B,7229,100,7229,1,0
B,H,B,6243,100,6243,1,0
A,C,C,9325,100,9325,1,0
B,C,C,6696,100,6696,1,0
C,D,C,8720,100,8720,1,0
C,E,C,9809,100,9809,1,0
C,F,C,7218,100,7218,1,0
C,G,C,1592,100,1592,1,0
C,H,C,9041,100,9041,1,0
A,D,D,9272,100,9272,1,0
B,D,D,5944,100,5944,1,0
C,D,D,8769,100,8769,1,0
D,E,D,9690,100,9690,1,0
D,F,D,6335,100,6335,1,0
D,G,D,9212,100,9212,1,0
D,H,D,1381,100,1381,1,0
A,E,E,1469,100,1469,1,0
B,E,E,4324,100,4324,1,0
C,E,E,9833,100,9833,1,0
D,E,E,9707,100,9707,1,0
E,F,E,3684,100,3684,1,0
E,G,E,9934,100,9934,1,0
E,H,E,9688,100,9688,1,0
A,F,F,3528,100,3528,1,0
B,F,F,1369,100,1369,1,0
C,F,F,7211,100,7211,1,0
D,F,F,6357,100,6357,1,0
E,F,F,3760,100,3760,1,0
F,G,F,7375,100,7375,1,0
F,H,F,6239,100,6239,1,0
A,G,G,9598,100,9598,1,0
B,G,G,7228,100,7228,1,0
C,G,G,1554,100,1554,1,0
D,G,G,9221,100,9221,1,0
E,G,G,9919,100,9919,1,0
F,G,G,7345,100,7345,1,0
G,H,G,9314,100,9314,1,0
A,H,H,9376,100,9376,1,0
B,H,H,6219,100,6219,1,0
C,H,H,9071,100,9071,1,0
D,H,H,1482,100,1482,1,0
E,H,H,9656,100,9656,1,0
F,H,H,6233,100,6233,1,0
G,H,H,9310,100,9310,1,0
A,B,A,3712,100,3712,1,0
A,C,A,9311,100,9311,1,0
A,D,A,9267,100,9267,1,0
A,E,A,1480,100,1480,1,0
A,F,A,3476,100,3476,1,0
A,G,A,9555,100,9555,1,0
A,H,A,9412,100,9412,1,0
A,B,B,3587,100,3587,1,0
B,C,B,6743,100,6743,1,0
B,D,B,5942,100,5942,1,0
B,E,B,4283,100,4283,1,0
B,F,B,1401,100,1401,1,0
B,G,B,7186,100,7186,1,0
B,H,B,6183,100,6183,1,0
A,C,C,9292,100,9292,1,0
B,C,C,6727,100,6727,1,0
C,D,C,8719,100,8719,1,0
C,E,C,9839,100,9839,1,0
C,F,C,7225,100,7225,1,0
C,G,C,1609,100,1609,1,0
C,H,C,9084,100,9084,1,0
A,D,D,9254,100,9254,1,0
B,D,D,5954,100,5954,1,0
C,D,D,8775,100,8775,1,0
D,E,D,9726,100,9726,1,0
D,F,D,6373,100,6373,1,0
D,G,D,9230,100,9230,1,0
D,H,D,1488,100,1488,1,0
A,E,E,1433,100,1433,1,0
B,E,E,4322,100,4322,1,0
C,E,E,9875,100,9875,1,0
D,E,E,9736,100,9736,1,0
E,F,E,3739,100,3739,1,0
E,G,E,9904,100,9904,1,0
E,H,E,9685,100,9685,1,0
A,F,F,3532,100,3532,1,0
B,F,F,1408,100,1408,1,0
C,F,F,7206,100,7206,1,0
D,F,F,6336,100,6336,1,0
E,F,F,3728,100,3728,1,0
F,G,F,7349,100,7349,1,0
F,H,F,6245,100,6245,1,0
A,G,G,9628,100,9628,1,0
B,G,G,7180,100,7180,1,0
C,G,G,1522,100,1522,1,0
D,G,G,9239,100,9239,1,0
E,G,G,9912,100,9912,1,0
F,G,G,7383,100,7383,1,0
G,H,G,9309,100,9309,1,0
A,H,H,9385,100,9385,1,0
B,H,H,6207,100,6207,1,0
C,H,H,9014,100,9014,1,0
D,H,H,1379,100,1379,1,0
E,H,H,9667,100,9667,1,0
F,H,H,6267,100,6267,1,0
G,H,H,9296,100,9296,1,0
A,B,A,3634,100,3634,1,0
A,C,A,9309,100,9309,1,0
A,D,A,9275,100,9275,1,0
A,E,A,1428,100,1428,1,0
A,F,A,3520,100,3520,1,0
A,G,A,9637,100,9637,1,0
A,H,A,9380,100,9380,1,0
A,B,B,3647,100,3647,1,0
B,C,B,6755,100,6755,1,0
B,D,B,5940,100,5940,1,0
B,E,B,4319,100,4319,1,0
B,F,B,1387,100,1387,1,0
B,G,B,7200,100,7200,1,0
B,H,B,6199,100,6199,1,0
A,C,C,9283,100,9283,1,0
B,C,C,6714,100,6714,1,0
C,D,C,8719,100,8719,1,0
C,E,C,9827,100,9827,1,0
C,F,C,7200,100,7200,1,0
C,G,C,1550,100,1550,1,0
C,H,C,9090,100,9090,1,0
A,D,D,9254,100,9254,1,0
B,D,D,5958,100,5958,1,0
C,D,D,8738,100,8738,1,0
D,E,D,9766,100,9766,1,0
D,F,D,6356,100,6356,1,0
D,G,D,9261,100,9261,1,0
D,H,D,1411,100,1411,1,0
A,E,E,1402,100,1402,1,0
B,E,E,4297,100,4297,1,0
C,E,E,9834,100,9834,1,0
D,E,E,9708,100,9708,1,0
E,F,E,3695,100,3695,1,0
E,G,E,9905,100,9905,1,0
E,H,E,9690,100,9690,1,0
A,F,F,3518,100,3518,1,0
B,F,F,1398,100,1398,1,0
C,F,F,7224,100,7224,1,0
D,F,F,6337,100,6337,1,0
E,F,F,3698,100,3698,1,0
F,G,F,7381,100,7381,1,0
F,H,F,6219,100,6219,1,0
A,G,G,9602,100,9602,1,0
B,G,G,7182,100,7182,1,0
C,G,G,1609,100,1609,1,0
D,G,G,9253,100,9253,1,0
E,G,G,9914,100,9914,1,0
F,G,G,7380,100,7380,1,0
G,H,G,9319,100,9319,1,0
A,H,H,9411,100,9411,1,0
B,H,H,6153,100,6153,1,0
C,H,H,9011,100,9011,1,0
D,H,H,1373,100,1373,1,0
E,H,H,9694,100,9694,1,0
F,H,H,6271,100,6271,1,0
G,H,H,9348,100,9348,1,0
A,B,A,3636,100,3636,1,0
A,C,A,9293,100,9293,1,0
A,D,A,9271,100,9271,1,0
A,E,A,1444,100,1444,1,0
A,F,A,3539,100,3539,1,0
A,G,A,9568,100,9568,1,0
A,H,A,9400,100,9400,1,0
A,B,B,3645,100,3645,1,0
B,C,B,6725,100,6725,1,0
B,D,B,6026,100,6026,1,0
B,E,B,4320,100,4320,1,0
B,F,B,1448,100,1448,1,0
B,G,B,7213,100,7213,1,0
B,H,B,6179,100,6179,1,0
A,C,C,9260,100,9260,1,0
B,C,C,6746,100,6746,1,0
C,D,C,8748,100,8748,1,0
C,E,C,9815,100,9815,1,0
C,F,C,7221,100,7221,1,0
C,G,C,1596,100,1596,1,0
C,H,C,9011,100,9011,1,0
A,D,D,9246,100,9246,1,0
B,D,D,5984,100,5984,1,0
C,D,D,8747,100,8747,1,0
D,E,D,9752,100,9752,1,0
D,F,D,6367,100,6367,1,0
D,G,D,9240,100,9240,1,0
D,H,D,1375,100,1375,1,0
A,E,E,1480,100,1480,1,0
B,E,E,4308,100,4308,1,0
C,E,E,9900,100,9900,1,0
D,E,E,9698,100,9698,1,0
E,F,E,3744,100,3744,1,0
E,G,E,9918,100,9918,1,0
E,H,E,9649,100,9649,1,0
A,F,F,3531,100,3531,1,0
B,F,F,1385,100,1385,1,0
C,F,F,7198,100,7198,1,0
D,F,F,6357,100,6357,1,0
E,F,F,3739,100,3739,1,0
F,G,F,7371,100,7371,1,0
F,H,F,6249,100,6249,1,0
A,G,G,9620,100,9620,1,0
B,G,G,7135,100,7135,1,0
C,G,G,1572,100,1572,1,0
D,G,G,9258,100,9258,1,0
E,G,G,9914,100,9914,1,0
F,G,G,7376,100,7376,1,0
G,H,G,9324,100,9324,1,0
A,H,H,9407,100,9407,1,0
B,H,H,6233,100,6233,1,0
C,H,H,9090,100,9090,1,0
D,H,H,1403,100,1403,1,0
E,H,H,9660,100,9660,1,0
F,H,H,6257,100,6257,1,0
G,H,H,9347,100,9347,1,0
A,B,A,3631,100,3631,1,0
A,C,A,9277,100,9277,1,0
A,D,A,9248,100,9248,1,0
A,E,A,1430,100,1430,1,0
A,F,A,3524,100,3524,1,0
A,G,A,9555,100,9555,1,0
A,H,A,9399,100,9399,1,0
A,B,B,3631,100,3631,1,0
B,C,B,6760,100,6760,1,0
B,D,B,5950,100,5950,1,0
B,E,B,4327,100,4327,1,0
B,F,B,1382,100,1382,1,0
B,G,B,7186,100,7186,1,0
B,H,B,6173,100,6173,1,0
A,C,C,9328,100,9328,1,0
B,C,C,6732,100,6732,1,0
C,D,C,8758,100,8758,1,0
C,E,C,9829,100,9829,1,0
C,F,C,7217,100,7217,1,0
C,G,C,1534,100,1534,1,0
C,H,C,9058,100,9058,1,0
A,D,D,9288,100,9288,1,0
B,D,D,5956,100,5956,1,0
C,D,D,8737,100,8737,1,0
D,E,D,9761,100,9761,1,0
D,F,D,6336,100,6336,1,0
D,G,D,9245,100,9245,1,0
D,H,D,1388,100,1388,1,0
A,E,E,1403,100,1403,1,0
B,E,E,4339,100,4339,1,0
C,E,E,9839,100,9839,1,0
D,E,E,9716,100,9716,1,0
E,F,E,3692,100,3692,1,0
E,G,E,9922,100,9922,1,0
E,H,E,9626,100,9626,1,0
A,F,F,3506,100,3506,1,0
B,F,F,1422,100,1422,1,0
C,F,F,7182,100,7182,1,0
D,F,F,6353,100,6353,1,0
E,F,F,3682,100,3682,1,0
F,G,F,7366,100,7366,1,0
F,H,F,6272,100,6272,1,0
A,G,G,9563,100,9563,1,0
B,G,G,7225,100,7225,1,0
C,G,G,1623,100,1623,1,0
D,G,G,9233,100,9233,1,0
E,G,G,9945,100,9945,1,0
F,G,G,7360,100,7360,1,0
G,H,G,9306,100,9306,1,0
A,H,H,9383,100,9383,1,0
B,H,H,6162,100,6162,1,0
C,H,H,9021,100,9021,1,0
D,H,H,1440,100,1440,1,0
E,H,H,9667,100,9667,1,0
F,H,H,6252,100,6252,1,0
G,H,H,9330,100,9330,1,0
A,B,A,3618,100,3618,1,0
A,C,A,9316,100,9316,1,0
A,D,A,9269,100,9269,1,0
A,E,A,1423,100,1423,1,0
A,F,A,3533,100,3533,1,0
A,G,A,9652,100,9652,1,0
A,H,A,9421,100,9421,1,0
A,B,B,3687,100,3687,1,0
B,C,B,6732,100,6732,1,0
B,D,B,5944,100,5944,1,0
B,E,B,4294,100,4294,1,0
B,F,B,1399,100,1399,1,0
B,G,B,7198,100,7198,1,0
B,H,B,6205,100,6205,1,0
A,C,C,9257,100,9257,1,0
B,C,C,6764,100,6764,1,0
C,D,C,8726,100,8726,1,0
C,E,C,9876,100,9876,1,0
C,F,C,7232,100,7232,1,0
C,G,C,1555,100,1555,1,0
C,H,C,9053,100,9053,1,0
A,D,D,9254,100,9254,1,0
B,D,D,5950,100,5950,1,0
C,D,D,8710,100,8710,1,0
D,E,D,9743,100,9743,1,0
D,F,D,6354,100,6354,1,0
D,G,D,9248,100,9248,1,0
D,H,D,1424,100,1424,1,0
A,E,E,1443,100,1443,1,0
B,E,E,4318,100,4318,1,0
C,E,E,9845,100,9845,1,0
D,E,E,9741,100,9741,1,0
E,F,E,3683,100,3683,1,0
E,G,E,9918,100,9918,1,0
E,H,E,9665,100,9665,1,0
A,F,F,3483,100,3483,1,0
B,F,F,1402,100,1402,1,0
C,F,F,7219,100,7219,1,0
D,F,F,6367,100,6367,1,0
E,F,F,3688,100,3688,1,0
F,G,F,7385,100,7385,1,0
F,H,F,6220,100,6220,1,0
A,G,G,9616,100,9616,1,0
B,G,G,7226,100,7226,1,0
C,G,G,1605,100,1605,1,0
D,G,G,9245,100,9245,1,0
E,G,G,9865,100,9865,1,0
F,G,G,7360,100,7360,1,0
G,H,G,9326,100,9326,1,0
A,H,H,9437,100,9437,1,0
B,H,H,6203,100,6203,1,0
C,H,H,9048,100,9048,1,0
D,H,H,1405,100,1405,1,0
E,H,H,9685,100,9685,1,0
F,H,H,6247,100,6247,1,0
G,H,H,9348,100,9348,1,0
A,B,A,3624,100,3624,1,0
A,C,A,9275,100,9275,1,0
A,D,A,9286,100,9286,1,0
A,E,A,1439,100,1439,1,0
A,F,A,3513,100,3513,1,0
A,G,A,9609,100,9609,1,0
A,H,A,9413,100,9413,1,0
A,B,B,3658,100,3658,1,0
B,C,B,6701,100,6701,1,0
B,D,B,5980,100,5980,1,0
B,E,B,4328,100,4328,1,0
B,F,B,1409,100,1409,1,0
B,G,B,7220,100,7220,1,0
B,H,B,6220,100,6220,1,0
A,C,C,9324,100,9324,1,0
B,C,C,6709,100,6709,1,0
C,D,C,8700,100,8700,1,0
C,E,C,9832,100,9832,1,0
C,F,C,7232,100,7232,1,0
C,G,C,1554,100,1554,1,0
C,H,C,9052,100,9052,1,0
A,D,D,9271,100,9271,1,0
B,D,D,5956,100,5956,1,0
C,D,D,8773,100,8773,1,0
D,E,D,9771,100,9771,1,0
D,F,D,6347,100,6347,1,0
D,G,D,9183,100,9183,1,0
D,H,D,1441,100,1441,1,0
A,E,E,1454,100,1454,1,0
B,E,E,4313,100,4313,1,0
C,E,E,9838,100,9838,1,0
D,E,E,9797,100,9797,1,0
E,F,E,3668,100,3668,1,0
E,G,E,9892,100,9892,1,0
E,H,E,9675,100,9675,1,0
A,F,F,3504,100,3504,1,0
B,F,F,1396,100,1396,1,0
C,F,F,7208,100,7208,1,0
D,F,F,6370,100,6370,1,0
E,F,F,3688,100,3688,1,0
F,G,F,7372,100,7372,1,0
F,H,F,6272,100,6272,1,0
A,G,G,9582,100,9582,1,0
B,G,G,7209,100,7209,1,0
C,G,G,1628,100,1628,1,0
D,G,G,9241,100,9241,1,0
E,G,G,9910,100,9910,1,0
F,G,G,7361,100,7361,1,0
G,H,G,9356,100,9356,1,0
A,H,H,9405,100,9405,1,0
B,H,H,6196,100,6196,1,0
C,H,H,9082,100,9082,1,0
D,H,H,1456,100,1456,1,0
E,H,H,9647,100,9647,1,0
F,H,H,6290,100,6290,1,0
G,H,H,9346,100,9346,1,0
A,B,A,3634,100,3634,1,0
A,C,A,9265,100,9265,1,0
A,D,A,9268,100,9268,1,0
A,E,A,1418,100,1418,1,0
A,F,A,3530,100,3530,1,0
A,G,A,9673,100,9673,1,0
A,H,A,9350,100,9350,1,0
A,B,B,3609,100,3609,1,0
B,C,B,6738,100,6738,1,0
B,D,B,5977,100,5977,1,0
B,E,B,4298,100,4298,1,0
B,F,B,1377,100,1377,1,0
B,G,B,7214,100,7214,1,0
B,H,B,6215,100,6215,1,0
A,C,C,9267,100,9267,1,0
B,C,C,6737,100,6737,1,0
C,D,C,8719,100,8719,1,0
C,E,C,9866,100,9866,1,0
C,F,C,7200,100,7200,1,0
C,G,C,1627,100,1627,1,0
C,H,C,9046,100,9046,1,0
A,D,D,9270,100,9270,1,0
B,D,D,5989,100,5989,1,0
C,D,D,8739,100,8739,1,0
D,E,D,9714,100,9714,1,0
D,F,D,6329,100,6329,1,0
D,G,D,9241,100,9241,1,0
D,H,D,1396,100,1396,1,0
A,E,E,1437,100,1437,1,0
B,E,E,4292,100,4292,1,0
C,E,E,9849,100,9849,1,0
D,E,E,9786,100,9786,1,0
E,F,E,3687,100,3687,1,0
E,G,E,9923,100,9923,1,0
E,H,E,9633,100,9633,1,0
A,F,F,3517,100,3517,1,0
B,F,F,1405,100,1405,1,0
C,F,F,7208,100,7208,1,0
D,F,F,6322,100,6322,1,0
E,F,F,3700,100,3700,1,0
F,G,F,7338,100,7338,1,0
F,H,F,6247,100,6247,1,0
A,G,G,9571,100,9571,1,0
B,G,G,7228,100,7228,1,0
C,G,G,1529,100,1529,1,0
D,G,G,9255,100,9255,1,0
E,G,G,9927,100,9927,1,0
F,G,G,7374,100,7374,1,0
G,H,G,9325,100,9325,1,0
A,H,H,9373,100,9373,1,0
B,H,H,6241,100,6241,1,0
C,H,H,9054,100,9054,1,0
D,H,H,1412,100,1412,1,0
E,H,H,9632,100,9632,1,0
F,H,H,6283,100,6283,1,0
G,H,H,9335,100,9335,1,0
A,B,A,3665,100,3665,1,0
A,C,A,9295,100,9295,1,0
A,D,A,9269,100,9269,1,0
A,E,A,1425,100,1425,1,0
A,F,A,3502,100,3502,1,0
A,G,A,9574,100,9574,1,0
A,H,A,9443,100,9443,1,0
A,B,B,3659,100,3659,1,0
B,C,B,6757,100,6757,1,0
B,D,B,5944,100,5944,1,0
B,E,B,4322,100,4322,1,0
B,F,B,1416,100,1416,1,0
B,G,B,7186,100,7186,1,0
B,H,B,6215,100,6215,1,0
A,C,C,9333,100,9333,1,0
B,C,C,6781,100,6781,1,0
C,D,C,8701,100,8701,1,0
C,E,C,9799,100,9799,1,0
C,F,C,7200,100,7200,1,0
C,G,C,1587,100,1587,1,0
C,H,C,9020,100,9020,1,0
A,D,D,9272,100,9272,1,0
B,D,D,5951,100,5951,1,0
C,D,D,8734,100,8734,1,0
D,E,D,9655,100,9655,1,0
D,F,D,6347,100,6347,1,0
D,G,D,9233,100,9233,1,0
D,H,D,1395,100,1395,1,0
A,E,E,1413,100,1413,1,0
B,E,E,4284,100,4284,1,0
C,E,E,9837,100,9837,1,0
D,E,E,9800,100,9800,1,0
E,F,E,3692,100,3692,1,0
E,G,E,9949,100,9949,1,0
E,H,E,9622,100,9622,1,0
A,F,F,3504,100,3504,1,0
B,F,F,1399,100,1399,1,0
C,F,F,7204,100,7204,1,0
D,F,F,6362,100,6362,1,0
E,F,F,3690,100,3690,1,0
F,G,F,7366,100,7366,1,0
F,H,F,6286,100,6286,1,0
A,G,G,9567,100,9567,1,0
B,G,G,7209,100,7209,1,0
C,G,G,1587,100,1587,1,0
D,G,G,9227,100,9227,1,0
E,G,G,9942,100,9942,1,0
F,G,G,7372,100,7372,1,0
G,H,G,9326,100,9326,1,0
A,H,H,9388,100,9388,1,0
B,H,H,6195,100,6195,1,0
C,H,H,9073,100,9073,1,0
D,H,H,1413,100,1413,1,0
E,H,H,9619,100,9619,1,0
F,H,H,6323,100,6323,1,0
G,H,H,9310,100,9310,1,0
A,B,A,3651,100,3651,1,0
A,C,A,9317,100,9317,1,0
A,D,A,9259,100,9259,1,0
A,E,A,1444,100,1444,1,0
A,F,A,3551,100,3551,1,0
A,G,A,9638,100,9638,1,0
A,H,A,9472,100,9472,1,0
A,B,B,3678,100,3678,1,0
B,C,B,6700,100,6700,1,0
B,D,B,5995,100,5995,1,0
B,E,B,4306,100,4306,1,0
B,F,B,1426,100,1426,1,0
B,G,B,7189,100,7189,1,0
B,H,B,6185,100,6185,1,0
A,C,C,9325,100,9325,1,0
B,C,C,6731,100,6731,1,0
C,D,C,8734,100,8734,1,0
C,E,C,9781,100,9781,1,0
C,F,C,7220,100,7220,1,0
C,G,C,1610,100,1610,1,0
C,H,C,9063,100,9063,1,0
A,D,D,9275,100,9275,1,0
B,D,D,5965,100,5965,1,0
C,D,D,8704,100,8704,1,0
D,E,D,9768,100,9768,1,0
D,F,D,6347,100,6347,1,0
D,G,D,9218,100,9218,1,0
D,H,D,1382,100,1382,1,0
A,E,E,1392,100,1392,1,0
B,E,E,4324,100,4324,1,0
C,E,E,9861,100,9861,1,0
D,E,E,9711,100,9711,1,0
E,F,E,3670,100,3670,1,0
E,G,E,9945,100,9945,1,0
E,H,E,9694,100,9694,1,0
A,F,F,3542,100,3542,1,0
B,F,F,1407,100,1407,1,0
C,F,F,7198,100,7198,1,0
D,F,F,6356,100,6356,1,0
E,F,F,3692,100,3692,1,0
F,G,F,7338,100,7338,1,0
F,H,F,6267,100,6267,1,0
A,G,G,9636,100,9636,1,0
B,G,G,7183,100,7183,1,0
C,G,G,1571,100,1571,1,0
D,G,G,9251,100,9251,1,0
E,G,G,9920,100,9920,1,0
F,G,G,7395,100,7395,1,0
G,H,G,9348,100,9348,1,0
A,H,H,9393,100,9393,1,0
B,H,H,6223,100,6223,1,0
C,H,H,9054,100,9054,1,0
D,H,H,1395,100,1395,1,0
E,H,H,9655,100,9655,1,0
F,H,H,6306,100,6306,1,0
G,H,H,9282,100,9282,1,0
A,B,A,3630,100,3630,1,0
A,C,A,9329,100,9329,1,0
A,D,A,9268,100,9268,1,0
A,E,A,1431,100,1431,1,0
A,F,A,3522,100,3522,1,0
A,G,A,9603,100,9603,1,0
A,H,A,9394,100,9394,1,0
A,B,B,3635,100,3635,1,0
B,C,B,6758,100,6758,1,0
B,D,B,5960,100,5960,1,0
B,E,B,4312,100,4312,1,0
B,F,B,1395,100,1395,1,0
B,G,B,7194,100,7194,1,0
B,H,B,6173,100,6173,1,0
A,C,C,9274,100,9274,1,0
B,C,C,6730,100,6730,1,0
C,D,C,8704,100,8704,1,0
C,E,C,9832,100,9832,1,0
C,F,C,7197,100,7197,1,0
C,G,C,1585,100,1585,1,0
C,H,C,9029,100,9029,1,0
A,D,D,9247,100,9247,1,0
B,D,D,5975,100,5975,1,0
C,D,D,8691,100,8691,1,0
D,E,D,9752,100,9752,1,0
D,F,D,6354,100,6354,1,0
D,G,D,9223,100,9223,1,0
D,H,D,1414,100,1414,1,0
A,E,E,1494,100,1494,1,0
B,E,E,4335,100,4335,1,0
C,E,E,9810,100,9810,1,0
D,E,E,9751,100,9751,1,0
E,F,E,3711,100,3711,1,0
E,G,E,9900,100,9900,1,0
E,H,E,9671,100,9671,1,0
A,F,F,3500,100,3500,1,0
B,F,F,1418,100,1418,1,0
C,F,F,7189,100,7189,1,0
D,F,F,6349,100,6349,1,0
E,F,F,3697,100,3697,1,0
F,G,F,7355,100,7355,1,0
F,H,F,6220,100,6220,1,0
A,G,G,9598,100,9598,1,0
B,G,G,7199,100,7199,1,0
C,G,G,1573,100,1573,1,0
D,G,G,9197,100,9197,1,0
E,G,G,9908,100,9908,1,0
F,G,G,7375,100,7375,1,0
G,H,G,9344,100,9344,1,0
A,H,H,9437,100,9437,1,0
B,H,H,6201,100,6201,1,0
C,H,H,9059,100,9059,1,0
D,H,H,1444,100,1444,1,0
E,H,H,9618,100,9618,1,0
F,H,H,6277,100,6277,1,0
G,H,H,9367,100,9367,1,0
A,B,A,3621,100,3621,1,0
A,C,A,9300,100,9300,1,0
A,D,A,9255,100,9255,1,0
A,E,A,1392,100,1392,1,0
A,F,A,3515,100,3515,1,0
A,G,A,9616,100,9616,1,0
A,H,A,9380,100,9380,1,0
A,B,B,3634,100,3634,1,0
B,C,B,6736,100,6736,1,0
B,D,B,5962,100,5962,1,0
B,E,B,4325,100,4325,1,0
B,F,B,1404,100,1404,1,0
B,G,B,7208,100,7208,1,0
B,H,B,6213,100,6213,1,0
A,C,C,9288,100,9288,1,0
B,C,C,6738,100,6738,1,0
C,D,C,8717,100,8717,1,0
C,E,C,9871,100,9871,1,0
C,F,C,7204,100,7204,1,0
C,G,C,1550,100,1550,1,0
C,H,C,9050,100,9050,1,0
A,D,D,9302,100,9302,1,0
B,D,D,5982,100,5982,1,0
C,D,D,8725,100,8725,1,0
D,E,D,9683,100,9683,1,0
D,F,D,6351,100,6351,1,0
D,G,D,9244,100,9244,1,0
D,H,D,1396,100,1396,1,0
A,E,E,1456,100,1456,1,0
B,E,E,4285,100,4285,1,0
C,E,E,9819,100,9819,1,0
D,E,E,9728,100,9728,1,0
E,F,E,3680,100,3680,1,0
E,G,E,9927,100,9927,1,0
E,H,E,9653,100,9653,1,0
A,F,F,3514,100,3514,1,0
B,F,F,1399,100,1399,1,0
C,F,F,7206,100,7206,1,0
D,F,F,6330,100,6330,1,0
E,F,F,3667,100,3667,1,0
F,G,F,7402,100,7402,1,0
F,H,F,6250,100,6250,1,0
A,G,G,9589,100,9589,1,0
B,G,G,7201,100,7201,1,0
C,G,G,1604,100,1604,1,0
D,G,G,9228,100,9228,1,0
E,G,G,9936,100,9936,1,0
F,G,G,7388,100,7388,1,0
G,H,G,9311,100,9311,1,0
A,H,H,9434,100,9434,1,0
B,H,H,6221,100,6221,1,0
C,H,H,9061,100,9061,1,0
D,H,H,1428,100,1428,1,0
E,H,H,9672,100,9672,1,0
F,H,H,6257,100,6257,1,0
G,H,H,9313,100,9313,1,0
A,B,A,3628,100,3628,1,0
A,C,A,9272,100,9272,1,0
A,D,A,9278,100,9278,1,0
A,E,A,1399,100,1399,1,0
A,F,A,3476,100,3476,1,0
A,G,A,9611,100,9611,1,0
A,H,A,9446,100,9446,1,0
A,B,B,3636,100,3636,1,0
B,C,B,6753,100,6753,1,0
B,D,B,6008,100,6008,1,0
B,E,B,4333,100,4333,1,0
B,F,B,1446,100,1446,1,0
B,G,B,7177,100,7177,1,0
B,H,B,6241,100,6241,1,0
A,C,C,9300,100,9300,1,0
B,C,C,6776,100,6776,1,0
C,D,C,8744,100,8744,1,0
C,E,C,9833,100,9833,1,0
C,F,C,7212,100,7212,1,0
C,G,C,1595,100,1595,1,0
C,H,C,9046,100,9046,1,0
A,D,D,9290,100,9290,1,0
B,D,D,5928,100,5928,1,0
C,D,D,8702,100,8702,1,0
D,E,D,9778,100,9778,1,0
D,F,D,6333,100,6333,1,0
D,G,D,9279,100,9279,1,0
D,H,D,1397,100,1397,1,0
A,E,E,1385,100,1385,1,0
B,E,E,4292,100,4292,1,0
C,E,E,9837,100,9837,1,0
D,E,E,9742,100,9742,1,0
E,F,E,3712,100,3712,1,0
E,G,E,9911,100,9911,1,0
E,H,E,9617,100,9617,1,0
A,F,F,3489,100,3489,1,0
B,F,F,1410,100,1410,1,0
C,F,F,7212,100,7212,1,0
D,F,F,6334,100,6334,1,0
E,F,F,3689,100,3689,1,0
F,G,F,7337,100,7337,1,0
F,H,F,6243,100,6243,1,0
A,G,G,9600,100,9600,1,0
B,G,G,7135,100,7135,1,0
C,G,G,1570,100,1570,1,0
D,G,G,9241,100,9241,1,0
E,G,G,9913,100,9913,1,0
F,G,G,7377,100,7377,1,0
G,H,G,9319,100,9319,1,0
A,H,H,9361,100,9361,1,0
B,H,H,6179,100,6179,1,0
C,H,H,9082,100,9082,1,0
D,H,H,1409,100,1409,1,0
E,H,H,9664,100,9664,1,0
F,H,H,6278,100,6278,1,0
G,H,H,9336,100,9336,1,0
A,B,A,3684,100,3684,1,0
A,C,A,9283,100,9283,1,0
A,D,A,9280,100,9280,1,0
A,E,A,1449,100,1449,1,0
A,F,A,3513,100,3513,1,0
A,G,A,9594,100,9594,1,0
A,H,A,9412,100,9412,1,0
A,B,B,3608,100,3608,1,0
B,C,B,6760,100,6760,1,0
B,D,B,5974,100,5974,1,0
B,E,B,4292,100,4292,1,0
B,F,B,1406,100,1406,1,0
B,G,B,7213,100,7213,1,0
B,H,B,6203,100,6203,1,0
A,C,C,9307,100,9307,1,0
B,C,C,6735,100,6735,1,0
C,D,C,8747,100,8747,1,0
C,E,C,9813,100,9813,1,0
C,F,C,7196,100,7196,1,0
C,G,C,1582,100,1582,1,0
C,H,C,9073,100,9073,1,0
A,D,D,9238,100,9238,1,0
B,D,D,5943,100,5943,1,0
C,D,D,8737,100,8737,1,0
D,E,D,9736,100,9736,1,0
D,F,D,6363,100,6363,1,0
D,G,D,9237,100,9237,1,0
D,H,D,1453,100,1453,1,0
A,E,E,1417,100,1417,1,0
B,E,E,4306,100,4306,1,0
C,E,E,9818,100,9818,1,0
D,E,E,9726,100,9726,1,0
E,F,E,3681,100,3681,1,0
E,G,E,9889,100,9889,1,0
E,H,E,9677,100,9677,1,0
A,F,F,3543,100,3543,1,0
B,F,F,1428,100,1428,1,0
C,F,F,7208,100,7208,1,0
D,F,F,6369,100,6369,1,0
E,F,F,3704,100,3704,1,0
F,G,F,7349,100,7349,1,0
F,H,F,6273,100,6273,1,0
A,G,G,9556,100,9556,1,0
B,G,G,7173,100,7173,1,0
C,G,G,1567,100,1567,1,0
D,G,G,9245,100,9245,1,0
E,G,G,9902,100,9902,1,0
F,G,G,7375,100,7375,1,0
G,H,G,9340,100,9340,1,0
A,H,H,9370,100,9370,1,0
B,H,H,6227,100,6227,1,0
C,H,H,9039,100,9039,1,0
D,H,H,1439,100,1439,1,0
E,H,H,9648,100,9648,1,0
F,H,H,6290,100,6290,1,0
G,H,H,9354,100,9354,1,0
A,B,A,3617,100,3617,1,0
A,C,A,9303,100,9303,1,0
A,D,A,9278,100,9278,1,0
A,E,A,1413,100,1413,1,0
A,F,A,3555,100,3555,1,0
A,G,A,9625,100,9625,1,0
A,H,A,9411,100,9411,1,0
A,B,B,3607,100,3607,1,0
B,C,B,6719,100,6719,1,0
B,D,B,5960,100,5960,1,0
B,E,B,4304,100,4304,1,0
B,F,B,1436,100,1436,1,0
B,G,B,7212,100,7212,1,0
B,H,B,6194,100,6194,1,0
A,C,C,9369,100,9369,1,0
B,C,C,6720,100,6720,1,0
C,D,C,8760,100,8760,1,0
C,E,C,9887,100,9887,1,0
C,F,C,7201,100,7201,1,0
C,G,C,1561,100,1561,1,0
C,H,C,9014,100,9014,1,0
A,D,D,9289,100,9289,1,0
B,D,D,5946,100,5946,1,0
C,D,D,8712,100,8712,1,0
D,E,D,9726,100,9726,1,0
D,F,D,6351,100,6351,1,0
D,G,D,9237,100,9237,1,0
D,H,D,1366,100,1366,1,0
A,E,E,1432,100,1432,1,0
B,E,E,4333,100,4333,1,0
C,E,E,9800,100,9800,1,0
D,E,E,9704,100,9704,1,0
E,F,E,3729,100,3729,1,0
E,G,E,9924,100,9924,1,0
E,H,E,9660,100,9660,1,0
A,F,F,3552,100,3552,1,0
B,F,F,1421,100,1421,1,0
C,F,F,7187,100,7187,1,0
D,F,F,6347,100,6347,1,0
E,F,F,3707,100,3707,1,0
F,G,F,7372,100,7372,1,0
F,H,F,6317,100,6317,1,0
A,G,G,9603,100,9603,1,0
B,G,G,7204,100,7204,1,0
C,G,G,1559,100,1559,1,0
D,G,G,9236,100,9236,1,0
E,G,G,9933,100,9933,1,0
F,G,G,7366,100,7366,1,0
G,H,G,9314,100,9314,1,0
A,H,H,9388,100,9388,1,0
B,H,H,6186,100,6186,1,0
C,H,H,9005,100,9005,1,0
D,H,H,1460,100,1460,1,0
E,H,H,9621,100,9621,1,0
F,H,H,6283,100,6283,1,0
G,H,H,9343,100,9343,1,0
A,B,A,3655,100,3655,1,0
A,C,A,9297,100,9297,1,0
A,D,A,9265,100,9265,1,0
A,E,A,1402,100,1402,1,0
A,F,A,3499,100,3499,1,0
A,G,A,9642,100,9642,1,0
A,H,A,9430,100,9430,1,0
A,B,B,3659,100,3659,1,0
B,C,B,6703,100,6703,1,0
B,D,B,5984,100,5984,1,0
B,E,B,4272,100,4272,1,0
B,F,B,1408,100,1408,1,0
B,G,B,7190,100,7190,1,0
B,H,B,6234,100,6234,1,0
A,C,C,9314,100,9314,1,0
B,C,C,6730,100,6730,1,0
C,D,C,8749,100,8749,1,0
C,E,C,9835,100,9835,1,0
C,F,C,7213,100,7213,1,0
C,G,C,1565,100,1565,1,0
C,H,C,9047,100,9047,1,0
A,D,D,9264,100,9264,1,0
B,D,D,5953,100,5953,1,0
C,D,D,8717,100,8717,1,0
D,E,D,9768,100,9768,1,0
D,F,D,6368,100,6368,1,0
D,G,D,9207,100,9207,1,0
D,H,D,1404,100,1404,1,0
A,E,E,1437,100,1437,1,0
B,E,E,4286,100,4286,1,0
C,E,E,9775,100,9775,1,0
D,E,E,9751,100,9751,1,0
E,F,E,3653,100,3653,1,0
E,G,E,9929,100,9929,1,0
E,H,E,9664,100,9664,1,0
A,F,F,3489,100,3489,1,0
B,F,F,1426,100,1426,1,0
C,F,F,7215,100,7215,1,0
D,F,F,6343,100,6343,1,0
E,F,F,3692,100,3692,1,0
F,G,F,7361,100,7361,1,0
F,H,F,6324,100,6324,1,0
A,G,G,9606,100,9606,1,0
B,G,G,7202,100,7202,1,0
C,G,G,1574,100,1574,1,0
D,G,G,9269,100,9269,1,0
E,G,G,9911,100,9911,1,0
F,G,G,7375,100,7375,1,0
G,H,G,9328,100,9328,1,0
A,H,H,9365,100,9365,1,0
B,H,H,6135,100,6135,1,0
C,H,H,8989,100,8989,1,0
D,H,H,1404,100,1404,1,0
E,H,H,9658,100,9658,1,0
F,H,H,6281,100,6281,1,0
G,H,H,9345,100,9345,1,0
A,B,A,3672,100,3672,1,0
A,C,A,9289,100,9289,1,0
A,D,A,9269,100,9269,1,0
A,E,A,1443,100,1443,1,0
A,F,A,3530,100,3530,1,0
A,G,A,9571,100,9571,1,0
A,H,A,9424,100,9424,1,0
A,B,B,3639,100,3639,1,0
B,C,B,6729,100,6729,1,0
B,D,B,5941,100,5941,1,0
B,E,B,4308,100,4308,1,0
B,F,B,1429,100,1429,1,0
B,G,B,7187,100,7187,1,0
B,H,B,6188,100,6188,1,0
A,C,C,9311,100,9311,1,0
B,C,C,6756,100,6756,1,0
C,D,C,8683,100,8683,1,0
C,E,C,9812,100,9812,1,0
C,F,C,7208,100,7208,1,0
C,G,C,1577,100,1577,1,0
C,H,C,9052,100,9052,1,0
A,D,D,9238,100,9238,1,0
B,D,D,5961,100,5961,1,0
C,D,D,8746,100,8746,1,0
D,E,D,9719,100,9719,1,0
D,F,D,6366,100,6366,1,0
D,G,D,9259,100,9259,1,0
D,H,D,1452,100,1452,1,0
A,E,E,1451,100,1451,1,0
B,E,E,4315,100,4315,1,0
C,E,E,9829,100,9829,1,0
D,E,E,9744,100,9744,1,0
E,F,E,3703,100,3703,1,0
E,G,E,9945,100,9945,1,0
E,H,E,9639,100,9639,1,0
A,F,F,3554,100,3554,1,0
B,F,F,1385,100,1385,1,0
C,F,F,7221,100,7221,1,0
D,F,F,6347,100,6347,1,0
E,F,F,3686,100,3686,1,0
F,G,F,7364,100,7364,1,0
F,H,F,6287,100,6287,1,0
A,G,G,9602,100,9602,1,0
B,G,G,7193,100,7193,1,0
C,G,G,1585,100,1585,1,0
D,G,G,9264,100,9264,1,0
E,G,G,9965,100,9965,1,0
F,G,G,7402,100,7402,1,0
G,H,G,9336,100,9336,1,0
A,H,H,9385,100,9385,1,0
B,H,H,6176,100,6176,1,0
C,H,H,9060,100,9060,1,0
D,H,H,1362,100,1362,1,0
E,H,H,9642,100,9642,1,0
F,H,H,6284,100,6284,1,0
G,H,H,9316,100,9316,1,0
A,B,A,3657,100,3657,1,0
A,C,A,9264,100,9264,1,0
A,D,A,9264,100,9264,1,0
A,E,A,1418,100,1418,1,0
A,F,A,3528,100,3528,1,0
A,G,A,9624,100,9624,1,0
A,H,A,9422,100,9422,1,0
A,B,B,3650,100,3650,1,0
B,C,B,6748,100,6748,1,0
B,D,B,5970,100,5970,1,0
B,E,B,4305,100,4305,1,0
B,F,B,1429,100,1429,1,0
B,G,B,7199,100,7199,1,0
B,H,B,6164,100,6164,1,0
A,C,C,9282,100,9282,1,0
B,C,C,6761,100,6761,1,0
C,D,C,8706,100,8706,1,0
C,E,C,9861,100,9861,1,0
C,F,C,7200,100,7200,1,0
C,G,C,1574,100,1574,1,0
C,H,C,9020,100,9020,1,0
A,D,D,9287,100,9287,1,0
B,D,D,5967,100,5967,1,0
C,D,D,8743,100,8743,1,0
D,E,D,9746,100,9746,1,0
D,F,D,6371,100,6371,1,0
D,G,D,9231,100,9231,1,0
D,H,D,1417,100,1417,1,0
A,E,E,1508,100,1508,1,0
B,E,E,4278,100,4278,1,0
C,E,E,9831,100,9831,1,0
D,E,E,9691,100,9691,1,0
E,F,E,3720,100,3720,1,0
E,G,E,9916,100,9916,1,0
E,H,E,9623,100,9623,1,0
A,F,F,3484,100,3484,1,0
B,F,F,1389,100,1389,1,0
C,F,F,7215,100,7215,1,0
D,F,F,6371,100,6371,1,0
E,F,F,3688,100,3688,1,0
F,G,F,7360,100,7360,1,0
F,H,F,6296,100,6296,1,0
A,G,G,9573,100,9573,1,0
B,G,G,7177,100,7177,1,0
C,G,G,1552,100,1552,1,0
D,G,G,9288,100,9288,1,0
E,G,G,9921,100,9921,1,0
F,G,G,7386,100,7386,1,0
G,H,G,9315,100,9315,1,0
A,H,H,9373,100,9373,1,0
B,H,H,6219,100,6219,1,0
C,H,H,9036,100,9036,1,0
D,H,H,1449,100,1449,1,0
E,H,H,9655,100,9655,1,0
F,H,H,6295,100,6295,1,0
G,H,H,9309,100,9309,1,0
A,B,A,3642,100,3642,1,0
A,C,A,9364,100,9364,1,0
A,D,A,9264,100,9264,1,0
A,E,A,1423,100,1423,1,0
A,F,A,3524,100,3524,1,0
A,G,A,9641,100,9641,1,0
A,H,A,9419,100,9419,1,0
A,B,B,3669,100,3669,1,0
B,C,B,6786,100,6786,1,0
B,D,B,5958,100,5958,1,0
B,E,B,4319,100,4319,1,0
B,F,B,1427,100,1427,1,0
B,G,B,7189,100,7189,1,0
B,H,B,6215,100,6215,1,0
A,C,C,9287,100,9287,1,0
B,C,C,6751,100,6751,1,0
C,D,C,8743,100,8743,1,0
C,E,C,9809,100,9809,1,0
C,F,C,7207,100,7207,1,0
C,G,C,1605,100,1605,1,0
C,H,C,9019,100,9019,1,0
A,D,D,9275,100,9275,1,0
B,D,D,5957,100,5957,1,0
C,D,D,8720,100,8720,1,0
D,E,D,9689,100,9689,1,0
D,F,D,6351,100,6351,1,0
D,G,D,9198,100,9198,1,0
D,H,D,1410,100,1410,1,0
A,E,E,1406,100,1406,1,0
B,E,E,4290,100,4290,1,0
C,E,E,9829,100,9829,1,0
D,E,E,9676,100,9676,1,0
E,F,E,3696,100,3696,1,0
E,G,E,9912,100,9912,1,0
E,H,E,9686,100,9686,1,0
A,F,F,3513,100,3513,1,0
B,F,F,1385,100,1385,1,0
C,F,F,7213,100,7213,1,0
D,F,F,6381,100,6381,1,0
E,F,F,3680,100,3680,1,0
F,G,F,7357,100,7357,1,0
F,H,F,6217,100,6217,1,0
A,G,G,9618,100,9618,1,0
B,G,G,7208,100,7208,1,0
C,G,G,1599,100,1599,1,0
D,G,G,9214,100,9214,1,0
E,G,G,9909,100,9909,1,0
F,G,G,7381,100,7381,1,0
G,H,G,9315,100,9315,1,0
A,H,H,9375,100,9375,1,0
B,H,H,6222,100,6222,1,0
C,H,H,9033,100,9033,1,0
D,H,H,1414,100,1414,1,0
E,H,H,9637,100,9637,1,0
F,H,H,6276,100,6276,1,0
G,H,H,9282,100,9282,1,0
A,B,A,3641,100,3641,1,0
A,C,A,9295,100,9295,1,0
A,D,A,9248,100,9248,1,0
A,E,A,1423,100,1423,1,0
A,F,A,3551,100,3551,1,0
A,G,A,9565,100,9565,1,0
A,H,A,9390,100,9390,1,0
A,B,B,3598,100,3598,1,0
B,C,B,6776,100,6776,1,0
B,D,B,5970,100,5970,1,0
B,E,B,4285,100,4285,1,0
B,F,B,1398,100,1398,1,0
B,G,B,7187,100,7187,1,0
B,H,B,6146,100,6146,1,0
A,C,C,9307,100,9307,1,0
B,C,C,6738,100,6738,1,0
C,D,C,8724,100,8724,1,0
C,E,C,9841,100,9841,1,0
C,F,C,7243,100,7243,1,0
C,G,C,1593,100,1593,1,0
C,H,C,9082,100,9082,1,0
A,D,D,9290,100,9290,1,0
B,D,D,5915,100,5915,1,0
C,D,D,8710,100,8710,1,0
D,E,D,9782,100,9782,1,0
D,F,D,6368,100,6368,1,0
D,G,D,9237,100,9237,1,0
D,H,D,1453,100,1453,1,0
A,E,E,1420,100,1420,1,0
B,E,E,4321,100,4321,1,0
C,E,E,9835,100,9835,1,0
D,E,E,9681,100,9681,1,0
E,F,E,3654,100,3654,1,0
E,G,E,9951,100,9951,1,0
E,H,E,9638,100,9638,1,0
A,F,F,3538,100,3538,1,0
B,F,F,1389,100,1389,1,0
C,F,F,7204,100,7204,1,0
D,F,F,6355,100,6355,1,0
E,F,F,3690,100,3690,1,0
F,G,F,7368,100,7368,1,0
F,H,F,6263,100,6263,1,0
A,G,G,9609,100,9609,1,0
B,G,G,7181,100,7181,1,0
C,G,G,1578,100,1578,1,0
D,G,G,9237,100,9237,1,0
E,G,G,9917,100,9917,1,0
F,G,G,7364,100,7364,1,0
G,H,G,9281,100,9281,1,0
A,H,H,9388,100,9388,1,0
B,H,H,6247,100,6247,1,0
C,H,H,9048,100,9048,1,0
D,H,H,1454,100,1454,1,0
E,H,H,9658,100,9658,1,0
F,H,H,6282,100,6282,1,0
G,H,H,9346,100,9346,1,0
A,B,A,3629,100,3629,1,0
A,C,A,9303,100,9303,1,0
A,D,A,9266,100,9266,1,0
A,E,A,1425,100,1425,1,0
A,F,A,3498,100,3498,1,0
A,G,A,9543,100,9543,1,0
A,H,A,9433,100,9433,1,0
A,B,B,3658,100,3658,1,0
B,C,B,6757,100,6757,1,0
B,D,B,5938,100,5938,1,0
B,E,B,4348,100,4348,1,0
B,F,B,1408,100,1408,1,0
B,G,B,7173,100,7173,1,0
B,H,B,6198,100,6198,1,0
A,C,C,9255,100,9255,1,0
B,C,C,6782,100,6782,1,0
C,D,C,8716,100,8716,1,0
C,E,C,9837,100,9837,1,0
C,F,C,7230,100,7230,1,0
C,G,C,1618,100,1618,1,0
C,H,C,9045,100,9045,1,0
A,D,D,9271,100,9271,1,0
B,D,D,5982,100,5982,1,0
C,D,D,8716,100,8716,1,0
D,E,D,9712,100,9712,1,0
D,F,D,6354,100,6354,1,0
D,G,D,9241,100,9241,1,0
D,H,D,1415,100,1415,1,0
A,E,E,1446,100,1446,1,0
B,E,E,4281,100,4281,1,0
C,E,E,9836,100,9836,1,0
D,E,E,9707,100,9707,1,0
E,F,E,3706,100,3706,1,0
E,G,E,9943,100,9943,1,0
E,H,E,9640,100,9640,1,0
A,F,F,3554,100,3554,1,0
B,F,F,1385,100,1385,1,0
C,F,F,7198,100,7198,1,0
D,F,F,6344,100,6344,1,0
E,F,F,3685,100,3685,1,0
F,G,F,7372,100,7372,1,0
F,H,F,6309,100,6309,1,0
A,G,G,9591,100,9591,1,0
B,G,G,7206,100,7206,1,0
C,G,G,1586,100,1586,1,0
D,G,G,9219,100,9219,1,0
E,G,G,9906,100,9906,1,0
F,G,G,7374,100,7374,1,0
G,H,G,9295,100,9295,1,0
A,H,H,9383,100,9383,1,0
B,H,H,6197,100,6197,1,0
C,H,H,9031,100,9031,1,0
D,H,H,1454,100,1454,1,0
E,H,H,9698,100,9698,1,0
F,H,H,6298,100,6298,1,0
G,H,H,9315,100,9315,1,0
A,B,A,3687,100,3687,1,0
A,C,A,9316,100,9316,1,0
A,D,A,9275,100,9275,1,0
A,E,A,1459,100,1459,1,0
A,F,A,3469,100,3469,1,0
A,G,A,9580,100,9580,1,0
A,H,A,9421,100,9421,1,0
A,B,B,3637,100,3637,1,0
B,C,B,6759,100,6759,1,0
B,D,B,5936,100,5936,1,0
B,E,B,4299,100,4299,1,0
B,F,B,1380,100,1380,1,0
B,G,B,7158,100,7158,1,0
B,H,B,6197,100,6197,1,0
A,C,C,9319,100,9319,1,0
B,C,C,6731,100,6731,1,0
C,D,C,8756,100,8756,1,0
C,E,C,9815,100,9815,1,0
C,F,C,7202,100,7202,1,0
C,G,C,1612,100,1612,1,0
C,H,C,9062,100,9062,1,0
A,D,D,9263,100,9263,1,0
B,D,D,5953,100,5953,1,0
C,D,D,8738,100,8738,1,0
D,E,D,9732,100,9732,1,0
D,F,D,6337,100,6337,1,0
D,G,D,9202,100,9202,1,0
D,H,D,1432,100,1432,1,0
A,E,E,1474,100,1474,1,0
B,E,E,4330,100,4330,1,0
C,E,E,9862,100,9862,1,0
D,E,E,9696,100,9696,1,0
E,F,E,3694,100,3694,1,0
E,G,E,9895,100,9895,1,0
E,H,E,9687,100,9687,1,0
A,F,F,3514,100,3514,1,0
B,F,F,1376,100,1376,1,0
C,F,F,7199,100,7199,1,0
D,F,F,6344,100,6344,1,0
E,F,F,3722,100,3722,1,0
F,G,F,7381,100,7381,1,0
F,H,F,6228,100,6228,1,0
A,G,G,9575,100,9575,1,0
B,G,G,7160,100,7160,1,0
C,G,G,1542,100,1542,1,0
D,G,G,9240,100,9240,1,0
E,G,G,9918,100,9918,1,0
F,G,G,7384,100,7384,1,0
G,H,G,9349,100,9349,1,0
A,H,H,9390,100,9390,1,0
B,H,H,6186,100,6186,1,0
C,H,H,9051,100,9051,1,0
D,H,H,1385,100,1385,1,0
E,H,H,9664,100,9664,1,0
F,H,H,6279,100,6279,1,0
G,H,H,9324,100,9324,1,0
A,B,A,3645,100,3645,1,0
A,C,A,9300,100,9300,1,0
A,D,A,9258,100,9258,1,0
A,E,A,1452,100,1452,1,0
A,F,A,3496,100,3496,1,0
A,G,A,9555,100,9555,1,0
A,H,A,9425,100,9425,1,0
A,B,B,3641,100,3641,1,0
B,C,B,6752,100,6752,1,0
B,D,B,5934,100,5934,1,0
B,E,B,4286,100,4286,1,0
B,F,B,1393,100,1393,1,0
B,G,B,7214,100,7214,1,0
B,H,B,6188,100,6188,1,0
A,C,C,9292,100,9292,1,0
B,C,C,6750,100,6750,1,0
C,D,C,8716,100,8716,1,0
C,E,C,9839,100,9839,1,0
C,F,C,7220,100,7220,1,0
C,G,C,1571,100,1571,1,0
C,H,C,9021,100,9021,1,0
A,D,D,9306,100,9306,1,0
B,D,D,5959,100,5959,1,0
C,D,D,8731,100,8731,1,0
D,E,D,9788,100,9788,1,0
D,F,D,6339,100,6339,1,0
D,G,D,9247,100,9247,1,0
D,H,D,1413,100,1413,1,0
A,E,E,1421,100,1421,1,0
B,E,E,4312,100,4312,1,0
C,E,E,9810,100,9810,1,0
D,E,E,9731,100,9731,1,0
E,F,E,3726,100,3726,1,0
E,G,E,9930,100,9930,1,0
E,H,E,9678,100,9678,1,0
A,F,F,3503,100,3503,1,0
B,F,F,1402,100,1402,1,0
C,F,F,7199,100,7199,1,0
D,F,F,6355,100,6355,1,0
E,F,F,3696,100,3696,1,0
F,G,F,7368,100,7368,1,0
F,H,F,6291,100,6291,1,0
A,G,G,9566,100,9566,1,0
B,G,G,7207,100,7207,1,0
C,G,G,1587,100,1587,1,0
D,G,G,9230,100,9230,1,0
E,G,G,9914,100,9914,1,0
F,G,G,7342,100,7342,1,0
G,H,G,9346,100,9346,1,0
A,H,H,9392,100,9392,1,0
B,H,H,6204,100,6204,1,0
C,H,H,9030,100,9030,1,0
D,H,H,1389,100,1389,1,0
E,H,H,9659,100,9659,1,0
F,H,H,6267,100,6267,1,0
G,H,H,9360,100,9360,1,0
A,B,A,3673,100,3673,1,0
A,C,A,9333,100,9333,1,0
A,D,A,9278,100,9278,1,0
A,E,A,1400,100,1400,1,0
A,F,A,3570,100,3570,1,0
A,G,A,9604,100,9604,1,0
A,H,A,9373,100,9373,1,0
A,B,B,3643,100,3643,1,0
B,C,B,6716,100,6716,1,0
B,D,B,5927,100,5927,1,0
B,E,B,4297,100,4297,1,0
B,F,B,1418,100,1418,1,0
B,G,B,7197,100,7197,1,0
B,H,B,6162,100,6162,1,0
A,C,C,9296,100,9296,1,0
B,C,C,6729,100,6729,1,0
C,D,C,8696,100,8696,1,0
C,E,C,9864,100,9864,1,0
C,F,C,7225,100,7225,1,0
C,G,C,1586,100,1586,1,0
C,H,C,9039,100,9039,1,0
A,D,D,9255,100,9255,1,0
B,D,D,5901,100,5901,1,0
C,D,D,8744,100,8744,1,0
D,E,D,9658,100,9658,1,0
D,F,D,6356,100,6356,1,0
D,G,D,9246,100,9246,1,0
D,H,D,1483,100,1483,1,0
A,E,E,1463,100,1463,1,0
B,E,E,4333,100,4333,1,0
C,E,E,9817,100,9817,1,0
D,E,E,9659,100,9659,1,0
E,F,E,3708,100,3708,1,0
E,G,E,9925,100,9925,1,0
E,H,E,9629,100,9629,1,0
A,F,F,3548,100,3548,1,0
B,F,F,1371,100,1371,1,0
C,F,F,7234,100,7234,1,0
D,F,F,6360,100,6360,1,0
E,F,F,3685,100,3685,1,0
F,G,F,7378,100,7378,1,0
F,H,F,6321,100,6321,1,0
A,G,G,9555,100,9555,1,0
B,G,G,7215,100,7215,1,0
C,G,G,1578,100,1578,1,0
D,G,G,9258,100,9258,1,0
E,G,G,9928,100,9928,1,0
F,G,G,7379,100,7379,1,0
G,H,G,9344,100,9344,1,0
A,H,H,9384,100,9384,1,0
B,H,H,6249,100,6249,1,0
C,H,H,9071,100,9071,1,0
D,H,H,1445,100,1445,1,0
E,H,H,9647,100,9647,1,0
F,H,H,6273,100,6273,1,0
G,H,H,9307,100,9307,1,0
A,B,A,3651,100,3651,1,0
A,C,A,9303,100,9303,1,0
A,D,A,9271,100,9271,1,0
A,E,A,1477,100,1477,1,0
A,F,A,3530,100,3530,1,0
A,G,A,9638,100,9638,1,0
A,H,A,9382,100,9382,1,0
A,B,B,3625,100,3625,1,0
B,C,B,6700,100,6700,1,0
B,D,B,5903,100,5903,1,0
B,E,B,4333,100,4333,1,0
B,F,B,1360,100,1360,1,0
B,G,B,7172,100,7172,1,0
B,H,B,6184,100,6184,1,0
A,C,C,9290,100,9290,1,0
B,C,C,6732,100,6732,1,0
C,D,C,8699,100,8699,1,0
C,E,C,9797,100,9797,1,0
C,F,C,7205,100,7205,1,0
C,G,C,1624,100,1624,1,0
C,H,C,9080,100,9080,1,0
A,D,D,9262,100,9262,1,0
B,D,D,5925,100,5925,1,0
C,D,D,8734,100,8734,1,0
D,E,D,9764,100,9764,1,0
D,F,D,6342,100,6342,1,0
D,G,D,9248,100,9248,1,0
D,H,D,1443,100,1443,1,0
A,E,E,1446,100,1446,1,0
B,E,E,4288,100,4288,1,0
C,E,E,9802,100,9802,1,0
D,E,E,9768,100,9768,1,0
E,F,E,3705,100,3705,1,0
E,G,E,9920,100,9920,1,0
E,H,E,9649,100,9649,1,0
A,F,F,3537,100,3537,1,0
B,F,F,1426,100,1426,1,0
C,F,F,7214,100,7214,1,0
D,F,F,6346,100,6346,1,0
E,F,F,3693,100,3693,1,0
F,G,F,7351,100,7351,1,0
F,H,F,6303,100,6303,1,0
A,G,G,9619,100,9619,1,0
B,G,G,7202,100,7202,1,0
C,G,G,1592,100,1592,1,0
D,G,G,9250,100,9250,1,0
E,G,G,9887,100,9887,1,0
F,G,G,7391,100,7391,1,0
G,H,G,9298,100,9298,1,0
A,H,H,9382,100,9382,1,0
B,H,H,6222,100,6222,1,0
C,H,H,9035,100,9035,1,0
D,H,H,1426,100,1426,1,0
E,H,H,9666,100,9666,1,0
F,H,H,6278,100,6278,1,0
G,H,H,9295,100,9295,1,0
A,B,A,3638,100,3638,1,0
A,C,A,9301,100,9301,1,0
A,D,A,9283,100,9283,1,0
A,E,A,1478,100,1478,1,0
A,F,A,3533,100,3533,1,0
A,G,A,9568,100,9568,1,0
A,H,A,9415,100,9415,1,0
A,B,B,3620,100,3620,1,0
B,C,B,6754,100,6754,1,0
B,D,B,5919,100,5919,1,0
B,E,B,4335,100,4335,1,0
B,F,B,1404,100,1404,1,0
B,G,B,7156,100,7156,1,0
B,H,B,6220,100,6220,1,0
A,C,C,9339,100,9339,1,0
B,C,C,6732,100,6732,1,0
C,D,C,8731,100,8731,1,0
C,E,C,9799,100,9799,1,0
C,F,C,7211,100,7211,1,0
C,G,C,1628,100,1628,1,0
C,H,C,9096,100,9096,1,0
A,D,D,9278,100,9278,1,0
B,D,D,5911,100,5911,1,0
C,D,D,8730,100,8730,1,0
D,E,D,9678,100,9678,1,0
D,F,D,6372,100,6372,1,0
D,G,D,9230,100,9230,1,0
D,H,D,1385,100,1385,1,0
A,E,E,1530,100,1530,1,0
B,E,E,4305,100,4305,1,0
C,E,E,9843,100,9843,1,0
D,E,E,9767,100,9767,1,0
E,F,E,3680,100,3680,1,0
E,G,E,9939,100,9939,1,0
E,H,E,9685,100,9685,1,0
A,F,F,3533,100,3533,1,0
B,F,F,1405,100,1405,1,0
C,F,F,7211,100,7211,1,0
D,F,F,6354,100,6354,1,0
E,F,F,3720,100,3720,1,0
F,G,F,7342,100,7342,1,0
F,H,F,6310,100,6310,1,0
A,G,G,9607,100,9607,1,0
B,G,G,7200,100,7200,1,0
C,G,G,1557,100,1557,1,0
D,G,G,9253,100,9253,1,0
E,G,G,9913,100,9913,1,0
F,G,G,7372,100,7372,1,0
G,H,G,9300,100,9300,1,0
A,H,H,9402,100,9402,1,0
B,H,H,6228,100,6228,1,0
C,H,H,9027,100,9027,1,0
D,H,H,1482,100,1482,1,0
E,H,H,9678,100,9678,1,0
F,H,H,6309,100,6309,1,0
G,H,H,9318,100,9318,1,0
A,B,A,3616,100,3616,1,0
A,C,A,9351,100,9351,1,0
A,D,A,9282,100,9282,1,0
A,E,A,1403,100,1403,1,0
A,F,A,3525,100,3525,1,0
A,G,A,9627,100,9627,1,0
A,H,A,9430,100,9430,1,0
A,B,B,3675,100,3675,1,0
B,C,B,6737,100,6737,1,0
B,D,B,5961,100,5961,1,0
B,E,B,4287,100,4287,1,0
B,F,B,1428,100,1428,1,0
B,G,B,7207,100,7207,1,0
B,H,B,6187,100,6187,1,0
A,C,C,9344,100,9344,1,0
B,C,C,6744,100,6744,1,0
C,D,C,8721,100,8721,1,0
C,E,C,9819,100,9819,1,0
C,F,C,7174,100,7174,1,0
C,G,C,1561,100,1561,1,0
C,H,C,9027,100,9027,1,0
A,D,D,9280,100,9280,1,0
B,D,D,5988,100,5988,1,0
C,D,D,8734,100,8734,1,0
D,E,D,9745,100,9745,1,0
D,F,D,6338,100,6338,1,0
D,G,D,9268,100,9268,1,0
D,H,D,1453,100,1453,1,0
A,E,E,1400,100,1400,1,0
B,E,E,4287,100,4287,1,0
C,E,E,9793,100,9793,1,0
D,E,E,9718,100,9718,1,0
E,F,E,3692,100,3692,1,0
E,G,E,9911,100,9911,1,0
E,H,E,9651,100,9651,1,0
A,F,F,3538,100,3538,1,0
B,F,F,1393,100,1393,1,0
C,F,F,7232,100,7232,1,0
D,F,F,6351,100,6351,1,0
E,F,F,3728,100,3728,1,0
F,G,F,7365,100,7365,1,0
F,H,F,6278,100,6278,1,0
A,G,G,9591,100,9591,1,0
B,G,G,7208,100,7208,1,0
C,G,G,1577,100,1577,1,0
D,G,G,9231,100,9231,1,0
E,G,G,9917,100,9917,1,0
F,G,G,7366,100,7366,1,0
G,H,G,9288,100,9288,1,0
A,H,H,9416,100,9416,1,0
B,H,H,6212,100,6212,1,0
C,H,H,9072,100,9072,1,0
D,H,H,1397,100,1397,1,0
E,H,H,9644,100,9644,1,0
F,H,H,6267,100,6267,1,0
G,H,H,9293,100,9293,1,0
A,B,A,3593,100,3593,1,0
A,C,A,9286,100,9286,1,0
A,D,A,9286,100,9286,1,0
A,E,A,1452,100,1452,1,0
A,F,A,3490,100,3490,1,0
A,G,A,9565,100,9565,1,0
A,H,A,9377,100,9377,1,0
A,B,B,3616,100,3616,1,0
B,C,B,6731,100,6731,1,0
B,D,B,5948,100,5948,1,0
B,E,B,4280,100,4280,1,0
B,F,B,1394,100,1394,1,0
B,G,B,7177,100,7177,1,0
B,H,B,6178,100,6178,1,0
A,C,C,9292,100,9292,1,0
B,C,C,6737,100,6737,1,0
C,D,C,8733,100,8733,1,0
C,E,C,9803,100,9803,1,0
C,F,C,7231,100,7231,1,0
C,G,C,1560,100,1560,1,0
C,H,C,9060,100,9060,1,0
A,D,D,9269,100,9269,1,0
B,D,D,5985,100,5985,1,0
C,D,D,8763,100,8763,1,0
D,E,D,9722,100,9722,1,0
D,F,D,6393,100,6393,1,0
D,G,D,9247,100,9247,1,0
D,H,D,1426,100,1426,1,0
A,E,E,1446,100,1446,1,0
B,E,E,4301,100,4301,1,0
C,E,E,9766,100,9766,1,0
D,E,E,9703,100,9703,1,0
E,F,E,3654,100,3654,1,0
E,G,E,9951,100,9951,1,0
E,H,E,9655,100,9655,1,0
A,F,F,3496,100,3496,1,0
B,F,F,1442,100,1442,1,0
C,F,F,7203,100,7203,1,0
D,F,F,6365,100,6365,1,0
E,F,F,3702,100,3702,1,0
F,G,F,7386,100,7386,1,0
F,H,F,6281,100,6281,1,0
A,G,G,9596,100,9596,1,0
B,G,G,7165,100,7165,1,0
C,G,G,1618,100,1618,1,0
D,G,G,9264,100,9264,1,0
E,G,G,9934,100,9934,1,0
F,G,G,7381,100,7381,1,0
G,H,G,9330,100,9330,1,0
A,H,H,9417,100,9417,1,0
B,H,H,6170,100,6170,1,0
C,H,H,9081,100,9081,1,0
D,H,H,1397,100,1397,1,0
E,H,H,9630,100,9630,1,0
F,H,H,6301,100,6301,1,0
G,H,H,9360,100,9360,1,0
A,B,A,3642,100,3642,1,0
A,C,A,9268,100,9268,1,0
A,D,A,9277,100,9277,1,0
A,E,A,1453,100,1453,1,0
A,F,A,3490,100,3490,1,0
A,G,A,9611,100,9611,1,0
A,H,A,9376,100,9376,1,0
A,B,B,3643,100,3643,1,0
B,C,B,6742,100,6742,1,0
B,D,B,5948,100,5948,1,0
B,E,B,4332,100,4332,1,0
B,F,B,1408,100,1408,1,0
B,G,B,7194,100,7194,1,0
B,H,B,6221,100,6221,1,0
A,C,C,9272,100,9272,1,0
B,C,C,6728,100,6728,1,0
C,D,C,8742,100,8742,1,0
C,E,C,9814,100,9814,1,0
C,F,C,7202,100,7202,1,0
C,G,C,1533,100,1533,1,0
C,H,C,9090,100,9090,1,0
A,D,D,9284,100,9284,1,0
B,D,D,5970,100,5970,1,0
C,D,D,8734,100,8734,1,0
D,E,D,9713,100,9713,1,0
D,F,D,6367,100,6367,1,0
D,G,D,9208,100,9208,1,0
D,H,D,1430,100,1430,1,0
A,E,E,1422,100,1422,1,0
B,E,E,4278,100,4278,1,0
C,E,E,9818,100,9818,1,0
D,E,E,9733,100,9733,1,0
E,F,E,3664,100,3664,1,0
E,G,E,9953,100,9953,1,0
E,H,E,9689,100,9689,1,0
A,F,F,3529,100,3529,1,0
B,F,F,1430,100,1430,1,0
C,F,F,7213,100,7213,1,0
D,F,F,6355,100,6355,1,0
E,F,F,3702,100,3702,1,0
F,G,F,7355,100,7355,1,0
F,H,F,6292,100,6292,1,0
A,G,G,9527,100,9527,1,0
B,G,G,7207,100,7207,1,0
C,G,G,1592,100,1592,1,0
D,G,G,9279,100,9279,1,0
E,G,G,9937,100,9937,1,0
F,G,G,7370,100,7370,1,0
G,H,G,9334,100,9334,1,0
A,H,H,9346,100,9346,1,0
B,H,H,6246,100,6246,1,0
C,H,H,9010,100,9010,1,0
D,H,H,1403,100,1403,1,0
E,H,H,9652,100,9652,1,0
F,H,H,6328,100,6328,1,0
G,H,H,9329,100,9329,1,0
A,B,A,3649,100,3649,1,0
A,C,A,9309,100,9309,1,0
A,D,A,9259,100,9259,1,0
A,E,A,1405,100,1405,1,0
A,F,A,3525,100,3525,1,0
A,G,A,9570,100,9570,1,0
A,H,A,9402,100,9402,1,0
A,B,B,3584,100,3584,1,0
B,C,B,6708,100,6708,1,0
B,D,B,5953,100,5953,1,0
B,E,B,4329,100,4329,1,0
B,F,B,1381,100,1381,1,0
B,G,B,7198,100,7198,1,0
B,H,B,6214,100,6214,1,0
A,C,C,9279,100,9279,1,0
B,C,C,6736,100,6736,1,0
C,D,C,8721,100,8721,1,0
C,E,C,9819,100,9819,1,0
C,F,C,7190,100,7190,1,0
C,G,C,1565,100,1565,1,0
C,H,C,9014,100,9014,1,0
A,D,D,9283,100,9283,1,0
B,D,D,5979,100,5979,1,0
C,D,D,8747,100,8747,1,0
D,E,D,9693,100,9693,1,0
D,F,D,6348,100,6348,1,0
D,G,D,9214,100,9214,1,0
D,H,D,1430,100,1430,1,0
A,E,E,1400,100,1400,1,0
B,E,E,4265,100,4265,1,0
C,E,E,9800,100,9800,1,0
D,E,E,9745,100,9745,1,0
E,F,E,3704,100,3704,1,0
E,G,E,9901,100,9901,1,0
E,H,E,9682,100,9682,1,0
A,F,F,3513,100,3513,1,0
B,F,F,1442,100,1442,1,0
C,F,F,7217,100,7217,1,0
D,F,F,6356,100,6356,1,0
E,F,F,3697,100,3697,1,0
F,G,F,7354,100,7354,1,0
F,H,F,6306,100,6306,1,0
A,G,G,9614,100,9614,1,0
B,G,G,7153,100,7153,1,0
C,G,G,1535,100,1535,1,0
D,G,G,9230,100,9230,1,0
E,G,G,9913,100,9913,1,0
F,G,G,7394,100,7394,1,0
G,H,G,9377,100,9377,1,0
A,H,H,9369,100,9369,1,0
B,H,H,6203,100,6203,1,0
C,H,H,9075,100,9075,1,0
D,H,H,1404,100,1404,1,0
E,H,H,9640,100,9640,1,0
F,H,H,6330,100,6330,1,0
G,H,H,9328,100,9328,1,0
A,B,A,3638,100,3638,1,0
A,C,A,9318,100,9318,1,0
A,D,A,9258,100,9258,1,0
A,E,A,1455,100,1455,1,0
A,F,A,3559,100,3559,1,0
A,G,A,9625,100,9625,1,0
A,H,A,9435,100,9435,1,0
A,B,B,3615,100,3615,1,0
B,C,B,6727,100,6727,1,0
B,D,B,5963,100,5963,1,0
B,E,B,4307,100,4307,1,0
B,F,B,1398,100,1398,1,0
B,G,B,7195,100,7195,1,0
B,H,B,6200,100,6200,1,0
A,C,C,9303,100,9303,1,0
B,C,C,6695,100,6695,1,0
C,D,C,8742,100,8742,1,0
C,E,C,9849,100,9849,1,0
C,F,C,7228,100,7228,1,0
C,G,C,1531,100,1531,1,0
C,H,C,9023,100,9023,1,0
A,D,D,9251,100,9251,1,0
B,D,D,5923,100,5923,1,0
C,D,D,8725,100,8725,1,0
D,E,D,9725,100,9725,1,0
D,F,D,6372,100,6372,1,0
D,G,D,9273,100,9273,1,0
D,H,D,1405,100,1405,1,0
A,E,E,1436,100,1436,1,0
B,E,E,4299,100,4299,1,0
C,E,E,9853,100,9853,1,0
D,E,E,9723,100,9723,1,0
E,F,E,3697,100,3697,1,0
E,G,E,9934,100,9934,1,0
E,H,E,9619,100,9619,1,0
A,F,F,3519,100,3519,1,0
B,F,F,1451,100,1451,1,0
C,F,F,7193,100,7193,1,0
D,F,F,6338,100,6338,1,0
E,F,F,3702,100,3702,1,0
F,G,F,7384,100,7384,1,0
F,H,F,6282,100,6282,1,0
A,G,G,9591,100,9591,1,0
B,G,G,7222,100,7222,1,0
C,G,G,1595,100,1595,1,0
D,G,G,9243,100,9243,1,0
E,G,G,9908,100,9908,1,0
F,G,G,7348,100,7348,1,0
G,H,G,9325,100,9325,1,0
A,H,H,9404,100,9404,1,0
B,H,H,6202,100,6202,1,0
C,H,H,9017,100,9017,1,0
D,H,H,1446,100,1446,1,0
E,H,H,9674,100,9674,1,0
F,H,H,6288,100,6288,1,0
G,H,H,9332,100,9332,1,0
A,B,A,3642,100,3642,1,0
A,C,A,9278,100,9278,1,0
A,D,A,9268,100,9268,1,0
A,E,A,1415,100,1415,1,0
A,F,A,3532,100,3532,1,0
A,G,A,9626,100,9626,1,0
A,H,A,9397,100,9397,1,0
A,B,B,3640,100,3640,1,0
B,C,B,6736,100,6736,1,0
B,D,B,6019,100,6019,1,0
B,E,B,4324,100,4324,1,0
B,F,B,1400,100,1400,1,0
B,G,B,7196,100,7196,1,0
B,H,B,6224,100,6224,1,0
A,C,C,9258,100,9258,1,0
B,C,C,6741,100,6741,1,0
C,D,C,8731,100,8731,1,0
C,E,C,9819,100,9819,1,0
C,F,C,7209,100,7209,1,0
C,G,C,1590,100,1590,1,0
C,H,C,9040,100,9040,1,0
A,D,D,9251,100,9251,1,0
B,D,D,5930,100,5930,1,0
C,D,D,8728,100,8728,1,0
D,E,D,9804,100,9804,1,0
D,F,D,6315,100,6315,1,0
D,G,D,9216,100,9216,1,0
D,H,D,1439,100,1439,1,0
A,E,E,1441,100,1441,1,0
B,E,E,4319,100,4319,1,0
C,E,E,9856,100,9856,1,0
D,E,E,9716,100,9716,1,0
E,F,E,3705,100,3705,1,0
E,G,E,9891,100,9891,1,0
E,H,E,9660,100,9660,1,0
A,F,F,3537,100,3537,1,0
B,F,F,1414,100,1414,1,0
C,F,F,7219,100,7219,1,0
D,F,F,6332,100,6332,1,0
E,F,F,3679,100,3679,1,0
F,G,F,7349,100,7349,1,0
F,H,F,6291,100,6291,1,0
A,G,G,9615,100,9615,1,0
B,G,G,7186,100,7186,1,0
C,G,G,1618,100,1618,1,0
D,G,G,9236,100,9236,1,0
E,G,G,9937,100,9937,1,0
F,G,G,7378,100,7378,1,0
G,H,G,9328,100,9328,1,0
A,H,H,9445,100,9445,1,0
B,H,H,6197,100,6197,1,0
C,H,H,9063,100,9063,1,0
D,H,H,1410,100,1410,1,0
E,H,H,9674,100,9674,1,0
F,H,H,6240,100,6240,1,0
G,H,H,9314,100,9314,1,0
A,B,A,3630,100,3630,1,0
A,C,A,9301,100,9301,1,0
A,D,A,9274,100,9274,1,0
A,E,A,1459,100,1459,1,0
A,F,A,3550,100,3550,1,0
A,G,A,9599,100,9599,1,0
A,H,A,9348,100,9348,1,0
A,B,B,3648,100,3648,1,0
B,C,B,6741,100,6741,1,0
B,D,B,6010,100,6010,1,0
B,E,B,4291,100,4291,1,0
B,F,B,1408,100,1408,1,0
B,G,B,7190,100,7190,1,0
B,H,B,6225,100,6225,1,0
A,C,C,9271,100,9271,1,0
B,C,C,6710,100,6710,1,0
C,D,C,8726,100,8726,1,0
C,E,C,9827,100,9827,1,0
C,F,C,7215,100,7215,1,0
C,G,C,1624,100,1624,1,0
C,H,C,9010,100,9010,1,0
A,D,D,9269,100,9269,1,0
B,D,D,5946,100,5946,1,0
C,D,D,8724,100,8724,1,0
D,E,D,9755,100,9755,1,0
D,F,D,6367,100,6367,1,0
D,G,D,9231,100,9231,1,0
D,H,D,1386,100,1386,1,0
A,E,E,1410,100,1410,1,0
B,E,E,4306,100,4306,1,0
C,E,E,9858,100,9858,1,0
D,E,E,9769,100,9769,1,0
E,F,E,3690,100,3690,1,0
E,G,E,9924,100,9924,1,0
E,H,E,9667,100,9667,1,0
A,F,F,3553,100,3553,1,0
B,F,F,1422,100,1422,1,0
C,F,F,7190,100,7190,1,0
D,F,F,6358,100,6358,1,0
E,F,F,3691,100,3691,1,0
F,G,F,7368,100,7368,1,0
F,H,F,6305,100,6305,1,0
A,G,G,9611,100,9611,1,0
B,G,G,7164,100,7164,1,0
C,G,G,1540,100,1540,1,0
D,G,G,9271,100,9271,1,0
E,G,G,9907,100,9907,1,0
F,G,G,7349,100,7349,1,0
G,H,G,9356,100,9356,1,0
A,H,H,9402,100,9402,1,0
B,H,H,6188,100,6188,1,0
C,H,H,9058,100,9058,1,0
D,H,H,1448,100,1448,1,0
E,H,H,9676,100,9676,1,0
F,H,H,6253,100,6253,1,0
G,H,H,9330,100,9330,1,0
A,B,A,3644,100,3644,1,0
A,C,A,9300,100,9300,1,0
A,D,A,9268,100,9268,1,0
A,E,A,1406,100,1406,1,0
A,F,A,3576,100,3576,1,0
A,G,A,9610,100,9610,1,0
A,H,A,9395,100,9395,1,0
A,B,B,3626,100,3626,1,0
B,C,B,6700,100,6700,1,0
B,D,B,5953,100,5953,1,0
B,E,B,4284,100,4284,1,0
B,F,B,1384,100,1384,1,0
B,G,B,7207,100,7207,1,0
B,H,B,6223,100,6223,1,0
A,C,C,9300,100,9300,1,0
B,C,C,6755,100,6755,1,0
C,D,C,8733,100,8733,1,0
C,E,C,9830,100,9830,1,0
C,F,C,7186,100,7186,1,0
C,G,C,1596,100,1596,1,0
C,H,C,9059,100,9059,1,0
A,D,D,9289,100,9289,1,0
B,D,D,5977,100,5977,1,0
C,D,D,8671,100,8671,1,0
D,E,D,9689,100,9689,1,0
D,F,D,6361,100,6361,1,0
D,G,D,9259,100,9259,1,0
D,H,D,1468,100,1468,1,0
A,E,E,1425,100,1425,1,0
B,E,E,4329,100,4329,1,0
C,E,E,9833,100,9833,1,0
D,E,E,9710,100,9710,1,0
E,F,E,3654,100,3654,1,0
E,G,E,9914,100,9914,1,0
E,H,E,9654,100,9654,1,0
A,F,F,3538,100,3538,1,0
B,F,F,1404,100,1404,1,0
C,F,F,7219,100,7219,1,0
D,F,F,6339,100,6339,1,0
E,F,F,3664,100,3664,1,0
F,G,F,7351,100,7351,1,0
F,H,F,6246,100,6246,1,0
A,G,G,9594,100,9594,1,0
B,G,G,7191,100,7191,1,0
C,G,G,1568,100,1568,1,0
D,G,G,9239,100,9239,1,0
E,G,G,9903,100,9903,1,0
F,G,G,7339,100,7339,1,0
G,H,G,9345,100,9345,1,0
A,H,H,9419,100,9419,1,0
B,H,H,6190,100,6190,1,0
C,H,H,9059,100,9059,1,0
D,H,H,1430,100,1430,1,0
E,H,H,9668,100,9668,1,0
F,H,H,6278,100,6278,1,0
G,H,H,9360,100,9360,1,0
A,B,A,3665,100,3665,1,0
A,C,A,9245,100,9245,1,0
A,D,A,9272,100,9272,1,0
A,E,A,1404,100,1404,1,0
A,F,A,3521,100,3521,1,0
A,G,A,9597,100,9597,1,0
A,H,A,9398,100,9398,1,0
A,B,B,3635,100,3635,1,0
B,C,B,6771,100,6771,1,0
B,D,B,5938,100,5938,1,0
B,E,B,4299,100,4299,1,0
B,F,B,1429,100,1429,1,0
B,G,B,7204,100,7204,1,0
B,H,B,6195,100,6195,1,0
A,C,C,9274,100,9274,1,0
B,C,C,6725,100,6725,1,0
C,D,C,8727,100,8727,1,0
C,E,C,9845,100,9845,1,0
C,F,C,7194,100,7194,1,0
C,G,C,1580,100,1580,1,0
C,H,C,9065,100,9065,1,0
A,D,D,9308,100,9308,1,0
B,D,D,5956,100,5956,1,0
C,D,D,8760,100,8760,1,0
D,E,D,9732,100,9732,1,0
D,F,D,6363,100,6363,1,0
D,G,D,9253,100,9253,1,0
D,H,D,1426,100,1426,1,0
A,E,E,1430,100,1430,1,0
B,E,E,4307,100,4307,1,0
C,E,E,9849,100,9849,1,0
D,E,E,9828,100,9828,1,0
E,F,E,3713,100,3713,1,0
E,G,E,9906,100,9906,1,0
E,H,E,9642,100,9642,1,0
A,F,F,3495,100,3495,1,0
B,F,F,1398,100,1398,1,0
C,F,F,7202,100,7202,1,0
D,F,F,6392,100,6392,1,0
E,F,F,3708,100,3708,1,0
F,G,F,7379,100,7379,1,0
F,H,F,6232,100,6232,1,0
A,G,G,9609,100,9609,1,0
B,G,G,7205,100,7205,1,0
C,G,G,1595,100,1595,1,0
D,G,G,9214,100,9214,1,0
E,G,G,9929,100,9929,1,0
F,G,G,7354,100,7354,1,0
G,H,G,9327,100,9327,1,0
A,H,H,9401,100,9401,1,0
B,H,H,6214,100,6214,1,0
C,H,H,9012,100,9012,1,0
D,H,H,1412,100,1412,1,0
E,H,H,9677,100,9677,1,0
F,H,H,6292,100,6292,1,0
G,H,H,9330,100,9330,1,0
A,B,A,3616,100,3616,1,0
A,C,A,9307,100,9307,1,0
A,D,A,9278,100,9278,1,0
A,E,A,1407,100,1407,1,0
A,F,A,3519,100,3519,1,0
A,G,A,9601,100,9601,1,0
A,H,A,9424,100,9424,1,0
A,B,B,3652,100,3652,1,0
B,C,B,6752,100,6752,1,0
B,D,B,6005,100,6005,1,0
B,E,B,4340,100,4340,1,0
B,F,B,1391,100,1391,1,0
B,G,B,7153,100,7153,1,0
B,H,B,6197,100,6197,1,0
A,C,C,9280,100,9280,1,0
B,C,C,6740,100,6740,1,0
C,D,C,8733,100,8733,1,0
C,E,C,9847,100,9847,1,0
C,F,C,7175,100,7175,1,0
C,G,C,1602,100,1602,1,0
C,H,C,9036,100,9036,1,0
A,D,D,9285,100,9285,1,0
B,D,D,5951,100,5951,1,0
C,D,D,8736,100,8736,1,0
D,E,D,9730,100,9730,1,0
D,F,D,6344,100,6344,1,0
D,G,D,9214,100,9214,1,0
D,H,D,1403,100,1403,1,0
A,E,E,1421,100,1421,1,0
B,E,E,4273,100,4273,1,0
C,E,E,9866,100,9866,1,0
D,E,E,9810,100,9810,1,0
E,F,E,3704,100,3704,1,0
E,G,E,9939,100,9939,1,0
E,H,E,9650,100,9650,1,0
A,F,F,3551,100,3551,1,0
B,F,F,1386,100,1386,1,0
C,F,F,7185,100,7185,1,0
D,F,F,6333,100,6333,1,0
E,F,F,3712,100,3712,1,0
F,G,F,7379,100,7379,1,0
F,H,F,6251,100,6251,1,0
A,G,G,9592,100,9592,1,0
B,G,G,7185,100,7185,1,0
C,G,G,1610,100,1610,1,0
D,G,G,9228,100,9228,1,0
E,G,G,9908,100,9908,1,0
F,G,G,7379,100,7379,1,0
G,H,G,9340,100,9340,1,0
A,H,H,9389,100,9389,1,0
B,H,H,6224,100,6224,1,0
C,H,H,9065,100,9065,1,0
D,H,H,1412,100,1412,1,0
E,H,H,9641,100,9641,1,0
F,H,H,6290,100,6290,1,0
G,H,H,9344,100,9344,1,0
A,B,A,3619,100,3619,1,0
A,C,A,9316,100,9316,1,0
A,D,A,9261,100,9261,1,0
A,E,A,1459,100,1459,1,0
A,F,A,3522,100,3522,1,0
A,G,A,9609,100,9609,1,0
A,H,A,9454,100,9454,1,0
A,B,B,3626,100,3626,1,0
B,C,B,6746,100,6746,1,0
B,D,B,5991,100,5991,1,0
B,E,B,4292,100,4292,1,0
B,F,B,1428,100,1428,1,0
B,G,B,7167,100,7167,1,0
B,H,B,6221,100,6221,1,0
A,C,C,9272,100,9272,1,0
B,C,C,6720,100,6720,1,0
C,D,C,8753,100,8753,1,0
C,E,C,9858,100,9858,1,0
C,F,C,7208,100,7208,1,0
C,G,C,1629,100,1629,1,0
C,H,C,9042,100,9042,1,0
A,D,D,9270,100,9270,1,0
B,D,D,5919,100,5919,1,0
C,D,D,8736,100,8736,1,0
D,E,D,9729,100,9729,1,0
D,F,D,6302,100,6302,1,0
D,G,D,9229,100,9229,1,0
D,H,D,1413,100,1413,1,0
A,E,E,1427,100,1427,1,0
B,E,E,4284,100,4284,1,0
C,E,E,9833,100,9833,1,0
D,E,E,9736,100,9736,1,0
E,F,E,3671,100,3671,1,0
E,G,E,9908,100,9908,1,0
E,H,E,9618,100,9618,1,0
A,F,F,3547,100,3547,1,0
B,F,F,1405,100,1405,1,0
C,F,F,7227,100,7227,1,0
D,F,F,6386,100,6386,1,0
E,F,F,3707,100,3707,1,0
F,G,F,7377,100,7377,1,0
F,H,F,6334,100,6334,1,0
A,G,G,9585,100,9585,1,0
B,G,G,7159,100,7159,1,0
C,G,G,1574,100,1574,1,0
D,G,G,9200,100,9200,1,0
E,G,G,9910,100,9910,1,0
F,G,G,7373,100,7373,1,0
G,H,G,9314,100,9314,1,0
A,H,H,9403,100,9403,1,0
B,H,H,6168,100,6168,1,0
C,H,H,9034,100,9034,1,0
D,H,H,1394,100,1394,1,0
E,H,H,9661,100,9661,1,0
F,H,H,6303,100,6303,1,0
G,H,H,9325,100,9325,1,0
A,B,A,3653,100,3653,1,0
A,C,A,9294,100,9294,1,0
A,D,A,9241,100,9241,1,0
A,E,A,1444,100,1444,1,0
A,F,A,3500,100,3500,1,0
A,G,A,9591,100,9591,1,0
A,H,A,9371,100,9371,1,0
A,B,B,3658,100,3658,1,0
B,C,B,6721,100,6721,1,0
B,D,B,5974,100,5974,1,0
B,E,B,4311,100,4311,1,0
B,F,B,1396,100,1396,1,0
B,G,B,7181,100,7181,1,0
B,H,B,6237,100,6237,1,0
A,C,C,9284,100,9284,1,0
B,C,C,6750,100,6750,1,0
C,D,C,8702,100,8702,1,0
C,E,C,9819,100,9819,1,0
C,F,C,7198,100,7198,1,0
C,G,C,1584,100,1584,1,0
C,H,C,9075,100,9075,1,0
A,D,D,9285,100,9285,1,0
B,D,D,5977,100,5977,1,0
C,D,D,8727,100,8727,1,0
D,E,D,9732,100,9732,1,0
D,F,D,6378,100,6378,1,0
D,G,D,9204,100,9204,1,0
D,H,D,1352,100,1352,1,0
A,E,E,1409,100,1409,1,0
B,E,E,4314,100,4314,1,0
C,E,E,9868,100,9868,1,0
D,E,E,9770,100,9770,1,0
E,F,E,3686,100,3686,1,0
E,G,E,9938,100,9938,1,0
E,H,E,9682,100,9682,1,0
A,F,F,3494,100,3494,1,0
B,F,F,1421,100,1421,1,0
C,F,F,7181,100,7181,1,0
D,F,F,6346,100,6346,1,0
E,F,F,3727,100,3727,1,0
F,G,F,7339,100,7339,1,0
F,H,F,6280,100,6280,1,0
A,G,G,9559,100,9559,1,0
B,G,G,7199,100,7199,1,0
C,G,G,1583,100,1583,1,0
D,G,G,9210,100,9210,1,0
E,G,G,9899,100,9899,1,0
F,G,G,7356,100,7356,1,0
G,H,G,9326,100,9326,1,0
A,H,H,9370,100,9370,1,0
B,H,H,6159,100,6159,1,0
C,H,H,9025,100,9025,1,0
D,H,H,1483,100,1483,1,0
E,H,H,9667,100,9667,1,0
F,H,H,6285,100,6285,1,0
G,H,H,9358,100,9358,1,0
A,B,A,3665,100,3665,1,0
A,C,A,9269,100,9269,1,0
A,D,A,9249,100,9249,1,0
A,E,A,1470,100,1470,1,0
A,F,A,3582,100,3582,1,0
A,G,A,9635,100,9635,1,0
A,H,A,9446,100,9446,1,0
A,B,B,3650,100,3650,1,0
B,C,B,6689,100,6689,1,0
B,D,B,5952,100,5952,1,0
B,E,B,4305,100,4305,1,0
B,F,B,1398,100,1398,1,0
B,G,B,7221,100,7221,1,0
B,H,B,6205,100,6205,1,0
A,C,C,9340,100,9340,1,0
B,C,C,6712,100,6712,1,0
C,D,C,8730,100,8730,1,0
C,E,C,9803,100,9803,1,0
C,F,C,7216,100,7216,1,0
C,G,C,1601,100,1601,1,0
C,H,C,9034,100,9034,1,0
A,D,D,9265,100,9265,1,0
B,D,D,5933,100,5933,1,0
C,D,D,8736,100,8736,1,0
D,E,D,9798,100,9798,1,0
D,F,D,6315,100,6315,1,0
D,G,D,9221,100,9221,1,0
D,H,D,1423,100,1423,1,0
A,E,E,1459,100,1459,1,0
B,E,E,4322,100,4322,1,0
C,E,E,9791,100,9791,1,0
D,E,E,9708,100,9708,1,0
E,F,E,3675,100,3675,1,0
E,G,E,9918,100,9918,1,0
E,H,E,9630,100,9630,1,0
A,F,F,3534,100,3534,1,0
B,F,F,1385,100,1385,1,0
C,F,F,7193,100,7193,1,0
D,F,F,6374,100,6374,1,0
E,F,F,3690,100,3690,1,0
F,G,F,7363,100,7363,1,0
F,H,F,6298,100,6298,1,0
A,G,G,9616,100,9616,1,0
B,G,G,7147,100,7147,1,0
C,G,G,1592,100,1592,1,0
D,G,G,9245,100,9245,1,0
E,G,G,9910,100,9910,1,0
F,G,G,7362,100,7362,1,0
G,H,G,9360,100,9360,1,0
A,H,H,9362,100,9362,1,0
B,H,H,6210,100,6210,1,0
C,H,H,9071,100,9071,1,0
D,H,H,1425,100,1425,1,0
E,H,H,9669,100,9669,1,0
F,H,H,6283,100,6283,1,0
G,H,H,9317,100,9317,1,0
A,B,A,3657,100,3657,1,0
A,C,A,9291,100,9291,1,0
A,D,A,9282,100,9282,1,0
A,E,A,1459,100,1459,1,0
A,F,A,3487,100,3487,1,0
A,G,A,9588,100,9588,1,0
A,H,A,9435,100,9435,1,0
A,B,B,3665,100,3665,1,0
B,C,B,6727,100,6727,1,0
B,D,B,5921,100,5921,1,0
B,E,B,4281,100,4281,1,0
B,F,B,1403,100,1403,1,0
B,G,B,7203,100,7203,1,0
B,H,B,6176,100,6176,1,0
A,C,C,9353,100,9353,1,0
B,C,C,6720,100,6720,1,0
C,D,C,8724,100,8724,1,0
C,E,C,9822,100,9822,1,0
C,F,C,7185,100,7185,1,0
C,G,C,1605,100,1605,1,0
C,H,C,9063,100,9063,1,0
A,D,D,9254,100,9254,1,0
B,D,D,5946,100,5946,1,0
C,D,D,8734,100,8734,1,0
D,E,D,9804,100,9804,1,0
D,F,D,6320,100,6320,1,0
D,G,D,9260,100,9260,1,0
D,H,D,1461,100,1461,1,0
A,E,E,1420,100,1420,1,0
B,E,E,4303,100,4303,1,0
C,E,E,9816,100,9816,1,0
D,E,E,9768,100,9768,1,0
E,F,E,3708,100,3708,1,0
E,G,E,9934,100,9934,1,0
E,H,E,9618,100,9618,1,0
A,F,F,3507,100,3507,1,0
B,F,F,1393,100,1393,1,0
C,F,F,7232,100,7232,1,0
D,F,F,6375,100,6375,1,0
E,F,F,3687,100,3687,1,0
F,G,F,7366,100,7366,1,0
F,H,F,6277,100,6277,1,0
A,G,G,9580,100,9580,1,0
B,G,G,7185,100,7185,1,0
C,G,G,1546,100,1546,1,0
D,G,G,9240,100,9240,1,0
E,G,G,9926,100,9926,1,0
F,G,G,7359,100,7359,1,0
G,H,G,9308,100,9308,1,0
A,H,H,9367,100,9367,1,0
B,H,H,6170,100,6170,1,0
C,H,H,9050,100,9050,1,0
D,H,H,1402,100,1402,1,0
E,H,H,9662,100,9662,1,0
F,H,H,6251,100,6251,1,0
G,H,H,9332,100,9332,1,0
A,B,A,3636,100,3636,1,0
A,C,A,9296,100,9296,1,0
A,D,A,9250,100,9250,1,0
A,E,A,1466,100,1466,1,0
A,F,A,3514,100,3514,1,0
A,G,A,9637,100,9637,1,0
A,H,A,9370,100,9370,1,0
A,B,B,3664,100,3664,1,0
B,C,B,6746,100,6746,1,0
B,D,B,5939,100,5939,1,0
B,E,B,4312,100,4312,1,0
B,F,B,1412,100,1412,1,0
B,G,B,7203,100,7203,1,0
B,H,B,6162,100,6162,1,0
A,C,C,9308,100,9308,1,0
B,C,C,6727,100,6727,1,0
C,D,C,8735,100,8735,1,0
C,E,C,9838,100,9838,1,0
C,F,C,7227,100,7227,1,0
C,G,C,1604,100,1604,1,0
C,H,C,9108,100,9108,1,0
A,D,D,9257,100,9257,1,0
B,D,D,5963,100,5963,1,0
C,D,D,8748,100,8748,1,0
D,E,D,9741,100,9741,1,0
D,F,D,6388,100,6388,1,0
D,G,D,9242,100,9242,1,0
D,H,D,1398,100,1398,1,0
A,E,E,1428,100,1428,1,0
B,E,E,4371,100,4371,1,0
C,E,E,9821,100,9821,1,0
D,E,E,9722,100,9722,1,0
E,F,E,3701,100,3701,1,0
E,G,E,9938,100,9938,1,0
E,H,E,9636,100,9636,1,0
A,F,F,3572,100,3572,1,0
B,F,F,1383,100,1383,1,0
C,F,F,7209,100,7209,1,0
D,F,F,6366,100,6366,1,0
E,F,F,3724,100,3724,1,0
F,G,F,7379,100,7379,1,0
F,H,F,6257,100,6257,1,0
A,G,G,9589,100,9589,1,0
B,G,G,7156,100,7156,1,0
C,G,G,1582,100,1582,1,0
D,G,G,9258,100,9258,1,0
E,G,G,9912,100,9912,1,0
F,G,G,7367,100,7367,1,0
G,H,G,9307,100,9307,1,0
A,H,H,9437,100,9437,1,0
B,H,H,6222,100,6222,1,0
C,H,H,9053,100,9053,1,0
D,H,H,1420,100,1420,1,0
E,H,H,9660,100,9660,1,0
F,H,H,6251,100,6251,1,0
G,H,H,9321,100,9321,1,0
A,B,A,3686,100,3686,1,0
A,C,A,9299,100,9299,1,0
A,D,A,9261,100,9261,1,0
A,E,A,1402,100,1402,1,0
A,F,A,3523,100,3523,1,0
A,G,A,9570,100,9570,1,0
A,H,A,9419,100,9419,1,0
A,B,B,3619,100,3619,1,0
B,C,B,6731,100,6731,1,0
B,D,B,5930,100,5930,1,0
B,E,B,4296,100,4296,1,0
B,F,B,1404,100,1404,1,0
B,G,B,7155,100,7155,1,0
B,H,B,6203,100,6203,1,0
A,C,C,9282,100,9282,1,0
B,C,C,6726,100,6726,1,0
C,D,C,8755,100,8755,1,0
C,E,C,9824,100,9824,1,0
C,F,C,7207,100,7207,1,0
C,G,C,1540,100,1540,1,0
C,H,C,9015,100,9015,1,0
A,D,D,9260,100,9260,1,0
B,D,D,5987,100,5987,1,0
C,D,D,8731,100,8731,1,0
D,E,D,9756,100,9756,1,0
D,F,D,6374,100,6374,1,0
D,G,D,9243,100,9243,1,0
D,H,D,1366,100,1366,1,0
A,E,E,1430,100,1430,1,0
B,E,E,4278,100,4278,1,0
C,E,E,9834,100,9834,1,0
D,E,E,9734,100,9734,1,0
E,F,E,3715,100,3715,1,0
E,G,E,9924,100,9924,1,0
E,H,E,9603,100,9603,1,0
A,F,F,3557,100,3557,1,0
B,F,F,1411,100,1411,1,0
C,F,F,7232,100,7232,1,0
D,F,F,6352,100,6352,1,0
E,F,F,3737,100,3737,1,0
F,G,F,7377,100,7377,1,0
F,H,F,6300,100,6300,1,0
A,G,G,9625,100,9625,1,0
B,G,G,7196,100,7196,1,0
C,G,G,1534,100,1534,1,0
D,G,G,9254,100,9254,1,0
E,G,G,9928,100,9928,1,0
F,G,G,7364,100,7364,1,0
G,H,G,9341,100,9341,1,0
A,H,H,9394,100,9394,1,0
B,H,H,6252,100,6252,1,0
C,H,H,9039,100,9039,1,0
D,H,H,1406,100,1406,1,0
E,H,H,9663,100,9663,1,0
F,H,H,6281,100,6281,1,0
G,H,H,9338,100,9338,1,0
A,B,A,3636,100,3636,1,0
A,C,A,9304,100,9304,1,0
A,D,A,9289,100,9289,1,0
A,E,A,1430,100,1430,1,0
A,F,A,3553,100,3553,1,0
A,G,A,9577,100,9577,1,0
A,H,A,9419,100,9419,1,0
A,B,B,3592,100,3592,1,0
B,C,B,6774,100,6774,1,0
B,D,B,5978,100,5978,1,0
B,E,B,4304,100,4304,1,0
B,F,B,1421,100,1421,1,0
B,G,B,7189,100,7189,1,0
B,H,B,6215,100,6215,1,0
A,C,C,9325,100,9325,1,0
B,C,C,6757,100,6757,1,0
C,D,C,8740,100,8740,1,0
C,E,C,9857,100,9857,1,0
C,F,C,7186,100,7186,1,0
C,G,C,1561,100,1561,1,0
C,H,C,9080,100,9080,1,0
A,D,D,9288,100,9288,1,0
B,D,D,6016,100,6016,1,0
C,D,D,8744,100,8744,1,0
D,E,D,9730,100,9730,1,0
D,F,D,6363,100,6363,1,0
D,G,D,9255,100,9255,1,0
D,H,D,1390,100,1390,1,0
A,E,E,1413,100,1413,1,0
B,E,E,4325,100,4325,1,0
C,E,E,9785,100,9785,1,0
D,E,E,9733,100,9733,1,0
E,F,E,3654,100,3654,1,0
E,G,E,9928,100,9928,1,0
E,H,E,9646,100,9646,1,0
A,F,F,3507,100,3507,1,0
B,F,F,1361,100,1361,1,0
C,F,F,7226,100,7226,1,0
D,F,F,6339,100,6339,1,0
E,F,F,3698,100,3698,1,0
F,G,F,7380,100,7380,1,0
F,H,F,6290,100,6290,1,0
A,G,G,9613,100,9613,1,0
B,G,G,7218,100,7218,1,0
C,G,G,1590,100,1590,1,0
D,G,G,9237,100,9237,1,0
E,G,G,9927,100,9927,1,0
F,G,G,7371,100,7371,1,0
G,H,G,9343,100,9343,1,0
A,H,H,9401,100,9401,1,0
B,H,H,6223,100,6223,1,0
C,H,H,9035,100,9035,1,0
D,H,H,1445,100,1445,1,0
E,H,H,9656,100,9656,1,0
F,H,H,6326,100,6326,1,0
G,H,H,9334,100,9334,1,0
A,B,A,3624,100,3624,1,0
A,C,A,9303,100,9303,1,0
A,D,A,9250,100,9250,1,0
A,E,A,1449,100,1449,1,0
A,F,A,3510,100,3510,1,0
A,G,A,9594,100,9594,1,0
A,H,A,9390,100,9390,1,0
A,B,B,3644,100,3644,1,0
B,C,B,6743,100,6743,1,0
B,D,B,5938,100,5938,1,0
B,E,B,4308,100,4308,1,0
B,F,B,1387,100,1387,1,0
B,G,B,7165,100,7165,1,0
B,H,B,6204,100,6204,1,0
A,C,C,9340,100,9340,1,0
B,C,C,6734,100,6734,1,0
C,D,C,8711,100,8711,1,0
C,E,C,9802,100,9802,1,0
C,F,C,7235,100,7235,1,0
C,G,C,1563,100,1563,1,0
C,H,C,9059,100,9059,1,0
A,D,D,9277,100,9277,1,0
B,D,D,5990,100,5990,1,0
C,D,D,8707,100,8707,1,0
D,E,D,9684,100,9684,1,0
D,F,D,6400,100,6400,1,0
D,G,D,9218,100,9218,1,0
D,H,D,1440,100,1440,1,0
A,E,E,1504,100,1504,1,0
B,E,E,4334,100,4334,1,0
C,E,E,9822,100,9822,1,0
D,E,E,9655,100,9655,1,0
E,F,E,3692,100,3692,1,0
E,G,E,9910,100,9910,1,0
E,H,E,9641,100,9641,1,0
A,F,F,3512,100,3512,1,0
B,F,F,1385,100,1385,1,0
C,F,F,7232,100,7232,1,0
D,F,F,6355,100,6355,1,0
E,F,F,3727,100,3727,1,0
F,G,F,7374,100,7374,1,0
F,H,F,6310,100,6310,1,0
A,G,G,9607,100,9607,1,0
B,G,G,7139,100,7139,1,0
C,G,G,1592,100,1592,1,0
D,G,G,9262,100,9262,1,0
E,G,G,9947,100,9947,1,0
F,G,G,7355,100,7355,1,0
G,H,G,9354,100,9354,1,0
A,H,H,9362,100,9362,1,0
B,H,H,6169,100,6169,1,0
C,H,H,9070,100,9070,1,0
D,H,H,1411,100,1411,1,0
E,H,H,9626,100,9626,1,0
F,H,H,6343,100,6343,1,0
G,H,H,9321,100,9321,1,0
A,B,A,3615,100,3615,1,0
A,C,A,9299,100,9299,1,0
A,D,A,9284,100,9284,1,0
A,E,A,1479,100,1479,1,0
A,F,A,3508,100,3508,1,0
A,G,A,9572,100,9572,1,0
A,H,A,9451,100,9451,1,0
A,B,B,3665,100,3665,1,0
B,C,B,6756,100,6756,1,0
B,D,B,5990,100,5990,1,0
B,E,B,4335,100,4335,1,0
B,F,B,1369,100,1369,1,0
B,G,B,7221,100,7221,1,0
B,H,B,6188,100,6188,1,0
A,C,C,9317,100,9317,1,0
B,C,C,6725,100,6725,1,0
C,D,C,8695,100,8695,1,0
C,E,C,9841,100,9841,1,0
C,F,C,7196,100,7196,1,0
C,G,C,1595,100,1595,1,0
C,H,C,9040,100,9040,1,0
A,D,D,9269,100,9269,1,0
B,D,D,5960,100,5960,1,0
C,D,D,8710,100,8710,1,0
D,E,D,9765,100,9765,1,0
D,F,D,6369,100,6369,1,0
D,G,D,9203,100,9203,1,0
D,H,D,1426,100,1426,1,0
A,E,E,1460,100,1460,1,0
B,E,E,4266,100,4266,1,0
C,E,E,9828,100,9828,1,0
D,E,E,9766,100,9766,1,0
E,F,E,3705,100,3705,1,0
E,G,E,9906,100,9906,1,0
E,H,E,9653,100,9653,1,0
A,F,F,3471,100,3471,1,0
B,F,F,1404,100,1404,1,0
C,F,F,7212,100,7212,1,0
D,F,F,6325,100,6325,1,0
E,F,F,3727,100,3727,1,0
F,G,F,7382,100,7382,1,0
F,H,F,6255,100,6255,1,0
A,G,G,9611,100,9611,1,0
B,G,G,7132,100,7132,1,0
C,G,G,1602,100,1602,1,0
D,G,G,9256,100,9256,1,0
E,G,G,9936,100,9936,1,0
F,G,G,7377,100,7377,1,0
G,H,G,9342,100,9342,1,0
A,H,H,9393,100,9393,1,0
B,H,H,6182,100,6182,1,0
C,H,H,9063,100,9063,1,0
D,H,H,1388,100,1388,1,0
E,H,H,9648,100,9648,1,0
F,H,H,6290,100,6290,1,0
G,H,H,9312,100,9312,1,0
A,B,A,3671,100,3671,1,0
A,C,A,9327,100,9327,1,0
A,D,A,9288,100,9288,1,0
A,E,A,1421,100,1421,1,0
A,F,A,3517,100,3517,1,0
A,G,A,9538,100,9538,1,0
A,H,A,9382,100,9382,1,0
A,B,B,3636,100,3636,1,0
B,C,B,6747,100,6747,1,0
B,D,B,5980,100,5980,1,0
B,E,B,4296,100,4296,1,0
B,F,B,1418,100,1418,1,0
B,G,B,7201,100,7201,1,0
B,H,B,6174,100,6174,1,0
A,C,C,9271,100,9271,1,0
B,C,C,6733,100,6733,1,0
C,D,C,8705,100,8705,1,0
C,E,C,9804,100,9804,1,0
C,F,C,7236,100,7236,1,0
C,G,C,1549,100,1549,1,0
C,H,C,9086,100,9086,1,0
A,D,D,9270,100,9270,1,0
B,D,D,5941,100,5941,1,0
C,D,D,8716,100,8716,1,0
D,E,D,9743,100,9743,1,0
D,F,D,6331,100,6331,1,0
D,G,D,9227,100,9227,1,0
D,H,D,1441,100,1441,1,0
A,E,E,1462,100,1462,1,0
B,E,E,4322,100,4322,1,0
C,E,E,9862,100,9862,1,0
D,E,E,9774,100,9774,1,0
E,F,E,3718,100,3718,1,0
E,G,E,9938,100,9938,1,0
E,H,E,9704,100,9704,1,0
A,F,F,3509,100,3509,1,0
B,F,F,1431,100,1431,1,0
C,F,F,7213,100,7213,1,0
D,F,F,6337,100,6337,1,0
E,F,F,3678,100,3678,1,0
F,G,F,7364,100,7364,1,0
F,H,F,6258,100,6258,1,0
A,G,G,9641,100,9641,1,0
B,G,G,7223,100,7223,1,0
C,G,G,1563,100,1563,1,0
D,G,G,9228,100,9228,1,0
E,G,G,9916,100,9916,1,0
F,G,G,7368,100,7368,1,0
G,H,G,9295,100,9295,1,0
A,H,H,9393,100,9393,1,0
B,H,H,6180,100,6180,1,0
C,H,H,9034,100,9034,1,0
D,H,H,1398,100,1398,1,0
E,H,H,9689,100,9689,1,0
F,H,H,6338,100,6338,1,0
G,H,H,9319,100,9319,1,0
A,B,A,3632,100,3632,1,0
A,C,A,9287,100,9287,1,0
A,D,A,9256,100,9256,1,0
A,E,A,1444,100,1444,1,0
A,F,A,3546,100,3546,1,0
A,G,A,9612,100,9612,1,0
A,H,A,9423,100,9423,1,0
A,B,B,3634,100,3634,1,0
B,C,B,6754,100,6754,1,0
B,D,B,5974,100,5974,1,0
B,E,B,4286,100,4286,1,0
B,F,B,1397,100,1397,1,0
B,G,B,7187,100,7187,1,0
B,H,B,6190,100,6190,1,0
A,C,C,9269,100,9269,1,0
B,C,C,6705,100,6705,1,0
C,D,C,8703,100,8703,1,0
C,E,C,9822,100,9822,1,0
C,F,C,7207,100,7207,1,0
C,G,C,1605,100,1605,1,0
C,H,C,9031,100,9031,1,0
A,D,D,9271,100,9271,1,0
B,D,D,5969,100,5969,1,0
C,D,D,8712,100,8712,1,0
D,E,D,9749,100,9749,1,0
D,F,D,6342,100,6342,1,0
D,G,D,9236,100,9236,1,0
D,H,D,1435,100,1435,1,0
A,E,E,1471,100,1471,1,0
B,E,E,4306,100,4306,1,0
C,E,E,9848,100,9848,1,0
D,E,E,9700,100,9700,1,0
E,F,E,3714,100,3714,1,0
E,G,E,9930,100,9930,1,0
E,H,E,9647,100,9647,1,0
A,F,F,3571,100,3571,1,0
B,F,F,1439,100,1439,1,0
C,F,F,7228,100,7228,1,0
D,F,F,6385,100,6385,1,0
E,F,F,3687,100,3687,1,0
F,G,F,7357,100,7357,1,0
F,H,F,6252,100,6252,1,0
A,G,G,9592,100,9592,1,0
B,G,G,7218,100,7218,1,0
C,G,G,1590,100,1590,1,0
D,G,G,9207,100,9207,1,0
E,G,G,9903,100,9903,1,0
F,G,G,7377,100,7377,1,0
G,H,G,9298,100,9298,1,0
A,H,H,9385,100,9385,1,0
B,H,H,6161,100,6161,1,0
C,H,H,9074,100,9074,1,0
D,H,H,1422,100,1422,1,0
E,H,H,9660,100,9660,1,0
F,H,H,6250,100,6250,1,0
G,H,H,9349,100,9349,1,0
A,B,A,3611,100,3611,1,0
A,C,A,9277,100,9277,1,0
A,D,A,9260,100,9260,1,0
A,E,A,1459,100,1459,1,0
A,F,A,3517,100,3517,1,0
A,G,A,9615,100,9615,1,0
A,H,A,9384,100,9384,1,0
A,B,B,3640,100,3640,1,0
B,C,B,6736,100,6736,1,0
B,D,B,5950,100,5950,1,0
B,E,B,4340,100,4340,1,0
B,F,B,1420,100,1420,1,0
B,G,B,7158,100,7158,1,0
B,H,B,6190,100,6190,1,0
A,C,C,9291,100,9291,1,0
B,C,C,6771,100,6771,1,0
C,D,C,8728,100,8728,1,0
C,E,C,9827,100,9827,1,0
C,F,C,7201,100,7201,1,0
C,G,C,1588,100,1588,1,0
C,H,C,9056,100,9056,1,0
A,D,D,9267,100,9267,1,0
B,D,D,5974,100,5974,1,0
C,D,D,8735,100,8735,1,0
D,E,D,9779,100,9779,1,0
D,F,D,6382,100,6382,1,0
D,G,D,9183,100,9183,1,0
D,H,D,1423,100,1423,1,0
A,E,E,1424,100,1424,1,0
B,E,E,4337,100,4337,1,0
C,E,E,9853,100,9853,1,0
D,E,E,9769,100,9769,1,0
E,F,E,3693,100,3693,1,0
E,G,E,9929,100,9929,1,0
E,H,E,9664,100,9664,1,0
A,F,F,3506,100,3506,1,0
B,F,F,1393,100,1393,1,0
C,F,F,7234,100,7234,1,0
D,F,F,6359,100,6359,1,0
E,F,F,3714,100,3714,1,0
F,G,F,7357,100,7357,1,0
F,H,F,6290,100,6290,1,0
A,G,G,9572,100,9572,1,0
B,G,G,7189,100,7189,1,0
C,G,G,1631,100,1631,1,0
D,G,G,9226,100,9226,1,0
E,G,G,9926,100,9926,1,0
F,G,G,7359,100,7359,1,0
G,H,G,9344,100,9344,1,0
A,H,H,9401,100,9401,1,0
B,H,H,6194,100,6194,1,0
C,H,H,9025,100,9025,1,0
D,H,H,1428,100,1428,1,0
E,H,H,9643,100,9643,1,0
F,H,H,6278,100,6278,1,0
G,H,H,9332,100,9332,1,0
A,B,A,3632,100,3632,1,0
A,C,A,9355,100,9355,1,0
A,D,A,9253,100,9253,1,0
A,E,A,1446,100,1446,1,0
A,F,A,3481,100,3481,1,0
A,G,A,9562,100,9562,1,0
A,H,A,9443,100,9443,1,0
A,B,B,3626,100,3626,1,0
B,C,B,6703,100,6703,1,0
B,D,B,5987,100,5987,1,0
B,E,B,4268,100,4268,1,0
B,F,B,1400,100,1400,1,0
B,G,B,7216,100,7216,1,0
B,H,B,6180,100,6180,1,0
A,C,C,9302,100,9302,1,0
B,C,C,6725,100,6725,1,0
C,D,C,8697,100,8697,1,0
C,E,C,9845,100,9845,1,0
C,F,C,7223,100,7223,1,0
C,G,C,1571,100,1571,1,0
C,H,C,9037,100,9037,1,0
A,D,D,9267,100,9267,1,0
B,D,D,5973,100,5973,1,0
C,D,D,8742,100,8742,1,0
D,E,D,9755,100,9755,1,0
D,F,D,6309,100,6309,1,0
D,G,D,9261,100,9261,1,0
D,H,D,1461,100,1461,1,0
A,E,E,1416,100,1416,1,0
B,E,E,4294,100,4294,1,0
C,E,E,9825,100,9825,1,0
D,E,E,9672,100,9672,1,0
E,F,E,3686,100,3686,1,0
E,G,E,9940,100,9940,1,0
E,H,E,9690,100,9690,1,0
A,F,F,3514,100,3514,1,0
B,F,F,1450,100,1450,1,0
C,F,F,7190,100,7190,1,0
D,F,F,6369,100,6369,1,0
E,F,F,3671,100,3671,1,0
F,G,F,7363,100,7363,1,0
F,H,F,6293,100,6293,1,0
A,G,G,9630,100,9630,1,0
B,G,G,7203,100,7203,1,0
C,G,G,1556,100,1556,1,0
D,G,G,9233,100,9233,1,0
E,G,G,9916,100,9916,1,0
F,G,G,7357,100,7357,1,0
G,H,G,9357,100,9357,1,0
A,H,H,9407,100,9407,1,0
B,H,H,6223,100,6223,1,0
C,H,H,9062,100,9062,1,0
D,H,H,1454,100,1454,1,0
E,H,H,9655,100,9655,1,0
F,H,H,6257,100,6257,1,0
G,H,H,9354,100,9354,1,0
A,B,A,3640,100,3640,1,0
A,C,A,9295,100,9295,1,0
A,D,A,9295,100,9295,1,0
A,E,A,1429,100,1429,1,0
A,F,A,3507,100,3507,1,0
A,G,A,9549,100,9549,1,0
A,H,A,9390,100,9390,1,0
A,B,B,3658,100,3658,1,0
B,C,B,6710,100,6710,1,0
B,D,B,5968,100,5968,1,0
B,E,B,4304,100,4304,1,0
B,F,B,1398,100,1398,1,0
B,G,B,7192,100,7192,1,0
B,H,B,6167,100,6167,1,0
A,C,C,9327,100,9327,1,0
B,C,C,6744,100,6744,1,0
C,D,C,8731,100,8731,1,0
C,E,C,9806,100,9806,1,0
C,F,C,7212,100,7212,1,0
C,G,C,1567,100,1567,1,0
C,H,C,9090,100,9090,1,0
A,D,D,9275,100,9275,1,0
B,D,D,6001,100,6001,1,0
C,D,D,8741,100,8741,1,0
D,E,D,9682,100,9682,1,0
D,F,D,6361,100,6361,1,0
D,G,D,9248,100,9248,1,0
D,H,D,1418,100,1418,1,0
A,E,E,1423,100,1423,1,0
B,E,E,4314,100,4314,1,0
C,E,E,9775,100,9775,1,0
D,E,E,9818,100,9818,1,0
E,F,E,3690,100,3690,1,0
E,G,E,9932,100,9932,1,0
E,H,E,9656,100,9656,1,0
A,F,F,3536,100,3536,1,0
B,F,F,1414,100,1414,1,0
C,F,F,7219,100,7219,1,0
D,F,F,6348,100,6348,1,0
E,F,F,3706,100,3706,1,0
F,G,F,7377,100,7377,1,0
F,H,F,6267,100,6267,1,0
A,G,G,9610,100,9610,1,0
B,G,G,7179,100,7179,1,0
C,G,G,1592,100,1592,1,0
D,G,G,9257,100,9257,1,0
E,G,G,9905,100,9905,1,0
F,G,G,7338,100,7338,1,0
G,H,G,9303,100,9303,1,0
A,H,H,9384,100,9384,1,0
B,H,H,6181,100,6181,1,0
C,H,H,9075,100,9075,1,0
D,H,H,1379,100,1379,1,0
E,H,H,9644,100,9644,1,0
F,H,H,6244,100,6244,1,0
G,H,H,9367,100,9367,1,0
A,B,A,3648,100,3648,1,0
A,C,A,9290,100,9290,1,0
A,D,A,9270,100,9270,1,0
A,E,A,1458,100,1458,1,0
A,F,A,3517,100,3517,1,0
A,G,A,9575,100,9575,1,0
A,H,A,9411,100,9411,1,0
A,B,B,3668,100,3668,1,0
B,C,B,6786,100,6786,1,0
B,D,B,5967,100,5967,1,0
B,E,B,4357,100,4357,1,0
B,F,B,1435,100,1435,1,0
B,G,B,7182,100,7182,1,0
B,H,B,6198,100,6198,1,0
A,C,C,9270,100,9270,1,0
B,C,C,6747,100,6747,1,0
C,D,C,8699,100,8699,1,0
C,E,C,9761,100,9761,1,0
C,F,C,7197,100,7197,1,0
C,G,C,1583,100,1583,1,0
C,H,C,9028,100,9028,1,0
A,D,D,9242,100,9242,1,0
B,D,D,5973,100,5973,1,0
C,D,D,8763,100,8763,1,0
D,E,D,9715,100,9715,1,0
D,F,D,6384,100,6384,1,0
D,G,D,9242,100,9242,1,0
D,H,D,1461,100,1461,1,0
A,E,E,1462,100,1462,1,0
B,E,E,4322,100,4322,1,0
C,E,E,9874,100,9874,1,0
D,E,E,9737,100,9737,1,0
E,F,E,3708,100,3708,1,0
E,G,E,9913,100,9913,1,0
E,H,E,9711,100,9711,1,0
A,F,F,3537,100,3537,1,0
B,F,F,1411,100,1411,1,0
C,F,F,7223,100,7223,1,0
D,F,F,6348,100,6348,1,0
E,F,F,3718,100,3718,1,0
F,G,F,7359,100,7359,1,0
F,H,F,6274,100,6274,1,0
A,G,G,9639,100,9639,1,0
B,G,G,7244,100,7244,1,0
C,G,G,1601,100,1601,1,0
D,G,G,9232,100,9232,1,0
E,G,G,9919,100,9919,1,0
F,G,G,7376,100,7376,1,0
G,H,G,9319,100,9319,1,0
A,H,H,9395,100,9395,1,0
B,H,H,6217,100,6217,1,0
C,H,H,9054,100,9054,1,0
D,H,H,1389,100,1389,1,0
E,H,H,9650,100,9650,1,0
F,H,H,6263,100,6263,1,0
G,H,H,9309,100,9309,1,0
A,B,A,3618,100,3618,1,0
A,C,A,9307,100,9307,1,0
A,D,A,9282,100,9282,1,0
A,E,A,1474,100,1474,1,0
A,F,A,3502,100,3502,1,0
A,G,A,9560,100,9560,1,0
A,H,A,9438,100,9438,1,0
A,B,B,3647,100,3647,1,0
B,C,B,6738,100,6738,1,0
B,D,B,5989,100,5989,1,0
B,E,B,4287,100,4287,1,0
B,F,B,1406,100,1406,1,0
B,G,B,7202,100,7202,1,0
B,H,B,6223,100,6223,1,0
A,C,C,9261,100,9261,1,0
B,C,C,6716,100,6716,1,0
C,D,C,8725,100,8725,1,0
C,E,C,9812,100,9812,1,0
C,F,C,7197,100,7197,1,0
C,G,C,1533,100,1533,1,0
C,H,C,9027,100,9027,1,0
A,D,D,9259,100,9259,1,0
B,D,D,5929,100,5929,1,0
C,D,D,8712,100,8712,1,0
D,E,D,9746,100,9746,1,0
D,F,D,6337,100,6337,1,0
D,G,D,9268,100,9268,1,0
D,H,D,1454,100,1454,1,0
A,E,E,1430,100,1430,1,0
B,E,E,4339,100,4339,1,0
C,E,E,9807,100,9807,1,0
D,E,E,9774,100,9774,1,0
E,F,E,3733,100,3733,1,0
E,G,E,9889,100,9889,1,0
E,H,E,9689,100,9689,1,0
A,F,F,3511,100,3511,1,0
B,F,F,1394,100,1394,1,0
C,F,F,7204,100,7204,1,0
D,F,F,6377,100,6377,1,0
E,F,F,3721,100,3721,1,0
F,G,F,7368,100,7368,1,0
F,H,F,6262,100,6262,1,0
A,G,G,9580,100,9580,1,0
B,G,G,7211,100,7211,1,0
C,G,G,1579,100,1579,1,0
D,G,G,9241,100,9241,1,0
E,G,G,9945,100,9945,1,0
F,G,G,7393,100,7393,1,0
G,H,G,9322,100,9322,1,0
A,H,H,9403,100,9403,1,0
B,H,H,6215,100,6215,1,0
C,H,H,8997,100,8997,1,0
D,H,H,1460,100,1460,1,0
E,H,H,9644,100,9644,1,0
F,H,H,6288,100,6288,1,0
G,H,H,9301,100,9301,1,0
A,B,A,3661,100,3661,1,0
A,C,A,9278,100,9278,1,0
A,D,A,9286,100,9286,1,0
A,E,A,1441,100,1441,1,0
A,F,A,3520,100,3520,1,0
A,G,A,9631,100,9631,1,0
A,H,A,9418,100,9418,1,0
A,B,B,3613,100,3613,1,0
B,C,B,6755,100,6755,1,0
B,D,B,5944,100,5944,1,0
B,E,B,4308,100,4308,1,0
B,F,B,1400,100,1400,1,0
B,G,B,7170,100,7170,1,0
B,H,B,6195,100,6195,1,0
A,C,C,9317,100,9317,1,0
B,C,C,6699,100,6699,1,0
C,D,C,8707,100,8707,1,0
C,E,C,9832,100,9832,1,0
C,F,C,7179,100,7179,1,0
C,G,C,1586,100,1586,1,0
C,H,C,9057,100,9057,1,0
A,D,D,9246,100,9246,1,0
B,D,D,5980,100,5980,1,0
C,D,D,8708,100,8708,1,0
D,E,D,9803,100,9803,1,0
D,F,D,6323,100,6323,1,0
D,G,D,9239,100,9239,1,0
D,H,D,1454,100,1454,1,0
A,E,E,1431,100,1431,1,0
B,E,E,4282,100,4282,1,0
C,E,E,9813,100,9813,1,0
D,E,E,9763,100,9763,1,0
E,F,E,3676,100,3676,1,0
E,G,E,9917,100,9917,1,0
E,H,E,9664,100,9664,1,0
A,F,F,3522,100,3522,1,0
B,F,F,1405,100,1405,1,0
C,F,F,7190,100,7190,1,0
D,F,F,6334,100,6334,1,0
E,F,F,3738,100,3738,1,0
F,G,F,7364,100,7364,1,0
F,H,F,6286,100,6286,1,0
A,G,G,9614,100,9614,1,0
B,G,G,7195,100,7195,1,0
C,G,G,1588,100,1588,1,0
D,G,G,9241,100,9241,1,0
E,G,G,9912,100,9912,1,0
F,G,G,7372,100,7372,1,0
G,H,G,9342,100,9342,1,0
A,H,H,9409,100,9409,1,0
B,H,H,6207,100,6207,1,0
C,H,H,9008,100,9008,1,0
D,H,H,1374,100,1374,1,0
E,H,H,9658,100,9658,1,0
F,H,H,6282,100,6282,1,0
G,H,H,9329,100,9329,1,0
A,B,A,3625,100,3625,1,0
A,C,A,9335,100,9335,1,0
A,D,A,9276,100,9276,1,0
A,E,A,1468,100,1468,1,0
A,F,A,3564,100,3564,1,0
A,G,A,9647,100,9647,1,0
A,H,A,9380,100,9380,1,0
A,B,B,3638,100,3638,1,0
B,C,B,6746,100,6746,1,0
B,D,B,5979,100,5979,1,0
B,E,B,4323,100,4323,1,0
B,F,B,1363,100,1363,1,0
B,G,B,7191,100,7191,1,0
B,H,B,6138,100,6138,1,0
A,C,C,9285,100,9285,1,0
B,C,C,6734,100,6734,1,0
C,D,C,8685,100,8685,1,0
C,E,C,9849,100,9849,1,0
C,F,C,7203,100,7203,1,0
C,G,C,1580,100,1580,1,0
C,H,C,9035,100,9035,1,0
A,D,D,9269,100,9269,1,0
B,D,D,5960,100,5960,1,0
C,D,D,8709,100,8709,1,0
D,E,D,9678,100,9678,1,0
D,F,D,6384,100,6384,1,0
D,G,D,9241,100,9241,1,0
D,H,D,1435,100,1435,1,0
A,E,E,1440,100,1440,1,0
B,E,E,4271,100,4271,1,0
C,E,E,9823,100,9823,1,0
D,E,E,9774,100,9774,1,0
E,F,E,3690,100,3690,1,0
E,G,E,9903,100,9903,1,0
E,H,E,9624,100,9624,1,0
A,F,F,3510,100,3510,1,0
B,F,F,1441,100,1441,1,0
C,F,F,7199,100,7199,1,0
D,F,F,6370,100,6370,1,0
E,F,F,3665,100,3665,1,0
F,G,F,7352,100,7352,1,0
F,H,F,6325,100,6325,1,0
A,G,G,9587,100,9587,1,0
B,G,G,7203,100,7203,1,0
C,G,G,1582,100,1582,1,0
D,G,G,9232,100,9232,1,0
E,G,G,9908,100,9908,1,0
F,G,G,7346,100,7346,1,0
G,H,G,9301,100,9301,1,0
A,H,H,9437,100,9437,1,0
B,H,H,6174,100,6174,1,0
C,H,H,9044,100,9044,1,0
D,H,H,1428,100,1428,1,0
E,H,H,9645,100,9645,1,0
F,H,H,6309,100,6309,1,0
G,H,H,9339,100,9339,1,0
A,B,A,3628,100,3628,1,0
A,C,A,9254,100,9254,1,0
A,D,A,9277,100,9277,1,0
A,E,A,1436,100,1436,1,0
A,F,A,3464,100,3464,1,0
A,G,A,9653,100,9653,1,0
A,H,A,9376,100,9376,1,0
A,B,B,3601,100,3601,1,0
B,C,B,6719,100,6719,1,0
B,D,B,5915,100,5915,1,0
B,E,B,4290,100,4290,1,0
B,F,B,1412,100,1412,1,0
B,G,B,7199,100,7199,1,0
B,H,B,6182,100,6182,1,0
A,C,C,9259,100,9259,1,0
B,C,C,6750,100,6750,1,0
C,D,C,8750,100,8750,1,0
C,E,C,9838,100,9838,1,0
C,F,C,7236,100,7236,1,0
C,G,C,1589,100,1589,1,0
C,H,C,9039,100,9039,1,0
A,D,D,9261,100,9261,1,0
B,D,D,5957,100,5957,1,0
C,D,D,8746,100,8746,1,0
D,E,D,9766,100,9766,1,0
D,F,D,6385,100,6385,1,0
D,G,D,9196,100,9196,1,0
D,H,D,1383,100,1383,1,0
A,E,E,1389,100,1389,1,0
B,E,E,4282,100,4282,1,0
C,E,E,9801,100,9801,1,0
D,E,E,9753,100,9753,1,0
E,F,E,3692,100,3692,1,0
E,G,E,9908,100,9908,1,0
E,H,E,9645,100,9645,1,0
A,F,F,3510,100,3510,1,0
B,F,F,1403,100,1403,1,0
C,F,F,7217,100,7217,1,0
D,F,F,6345,100,6345,1,0
E,F,F,3713,100,3713,1,0
F,G,F,7351,100,7351,1,0
F,H,F,6278,100,6278,1,0
A,G,G,9648,100,9648,1,0
B,G,G,7187,100,7187,1,0
C,G,G,1538,100,1538,1,0
D,G,G,9264,100,9264,1,0
E,G,G,9914,100,9914,1,0
F,G,G,7380,100,7380,1,0
G,H,G,9350,100,9350,1,0
A,H,H,9402,100,9402,1,0
B,H,H,6181,100,6181,1,0
C,H,H,9065,100,9065,1,0
D,H,H,1389,100,1389,1,0
E,H,H,9618,100,9618,1,0
F,H,H,6320,100,6320,1,0
G,H,H,9334,100,9334,1,0
A,B,A,3631,100,3631,1,0
A,C,A,9314,100,9314,1,0
A,D,A,9276,100,9276,1,0
A,E,A,1448,100,1448,1,0
A,F,A,3498,100,3498,1,0
A,G,A,9564,100,9564,1,0
A,H,A,9404,100,9404,1,0
A,B,B,3629,100,3629,1,0
B,C,B,6738,100,6738,1,0
B,D,B,5998,100,5998,1,0
B,E,B,4338,100,4338,1,0
B,F,B,1418,100,1418,1,0
B,G,B,7140,100,7140,1,0
B,H,B,6206,100,6206,1,0
A,C,C,9254,100,9254,1,0
B,C,C,6744,100,6744,1,0
C,D,C,8764,100,8764,1,0
C,E,C,9859,100,9859,1,0
C,F,C,7216,100,7216,1,0
C,G,C,1609,100,1609,1,0
C,H,C,9043,100,9043,1,0
A,D,D,9280,100,9280,1,0
B,D,D,5955,100,5955,1,0
C,D,D,8709,100,8709,1,0
D,E,D,9695,100,9695,1,0
D,F,D,6349,100,6349,1,0
D,G,D,9265,100,9265,1,0
D,H,D,1441,100,1441,1,0
A,E,E,1465,100,1465,1,0
B,E,E,4306,100,4306,1,0
C,E,E,9801,100,9801,1,0
D,E,E,9743,100,9743,1,0
E,F,E,3654,100,3654,1,0
E,G,E,9905,100,9905,1,0
E,H,E,9647,100,9647,1,0
A,F,F,3489,100,3489,1,0
B,F,F,1403,100,1403,1,0
C,F,F,7223,100,7223,1,0
D,F,F,6343,100,6343,1,0
E,F,F,3698,100,3698,1,0
F,G,F,7378,100,7378,1,0
F,H,F,6225,100,6225,1,0
A,G,G,9550,100,9550,1,0
B,G,G,7163,100,7163,1,0
C,G,G,1607,100,1607,1,0
D,G,G,9248,100,9248,1,0
E,G,G,9908,100,9908,1,0
F,G,G,7370,100,7370,1,0
G,H,G,9342,100,9342,1,0
A,H,H,9477,100,9477,1,0
B,H,H,6175,100,6175,1,0
C,H,H,9065,100,9065,1,0
D,H,H,1427,100,1427,1,0
E,H,H,9665,100,9665,1,0
F,H,H,6270,100,6270,1,0
G,H,H,9311,100,9311,1,0
A,B,A,3657,100,3657,1,0
A,C,A,9326,100,9326,1,0
A,D,A,9291,100,9291,1,0
A,E,A,1425,100,1425,1,0
A,F,A,3498,100,3498,1,0
A,G,A,9590,100,9590,1,0
A,H,A,9384,100,9384,1,0
A,B,B,3659,100,3659,1,0
B,C,B,6783,100,6783,1,0
B,D,B,6005,100,6005,1,0
B,E,B,4313,100,4313,1,0
B,F,B,1396,100,1396,1,0
B,G,B,7179,100,7179,1,0
B,H,B,6154,100,6154,1,0
A,C,C,9278,100,9278,1,0
B,C,C,6720,100,6720,1,0
C,D,C,8734,100,8734,1,0
C,E,C,9799,100,9799,1,0
C,F,C,7191,100,7191,1,0
C,G,C,1547,100,1547,1,0
C,H,C,9012,100,9012,1,0
A,D,D,9268,100,9268,1,0
B,D,D,5994,100,5994,1,0
C,D,D,8747,100,8747,1,0
D,E,D,9676,100,9676,1,0
D,F,D,6346,100,6346,1,0
D,G,D,9231,100,9231,1,0
D,H,D,1388,100,1388,1,0
A,E,E,1445,100,1445,1,0
B,E,E,4311,100,4311,1,0
C,E,E,9837,100,9837,1,0
D,E,E,9740,100,9740,1,0
E,F,E,3694,100,3694,1,0
E,G,E,9888,100,9888,1,0
E,H,E,9646,100,9646,1,0
A,F,F,3498,100,3498,1,0
B,F,F,1405,100,1405,1,0
C,F,F,7190,100,7190,1,0
D,F,F,6350,100,6350,1,0
E,F,F,3707,100,3707,1,0
F,G,F,7386,100,7386,1,0
F,H,F,6266,100,6266,1,0
A,G,G,9584,100,9584,1,0
B,G,G,7168,100,7168,1,0
C,G,G,1600,100,1600,1,0
D,G,G,9279,100,9279,1,0
E,G,G,9905,100,9905,1,0
F,G,G,7352,100,7352,1,0
G,H,G,9305,100,9305,1,0
A,H,H,9377,100,9377,1,0
B,H,H,6212,100,6212,1,0
C,H,H,9065,100,9065,1,0
D,H,H,1445,100,1445,1,0
E,H,H,9665,100,9665,1,0
F,H,H,6292,100,6292,1,0
G,H,H,9331,100,9331,1,0
A,B,A,3657,100,3657,1,0
A,C,A,9278,100,9278,1,0
A,D,A,9270,100,9270,1,0
A,E,A,1416,100,1416,1,0
A,F,A,3526,100,3526,1,0
A,G,A,9553,100,9553,1,0
A,H,A,9409,100,9409,1,0
A,B,B,3645,100,3645,1,0
B,C,B,6743,100,6743,1,0
B,D,B,5953,100,5953,1,0
B,E,B,4304,100,4304,1,0
B,F,B,1401,100,1401,1,0
B,G,B,7205,100,7205,1,0
B,H,B,6169,100,6169,1,0
A,C,C,9290,100,9290,1,0
B,C,C,6721,100,6721,1,0
C,D,C,8734,100,8734,1,0
C,E,C,9818,100,9818,1,0
C,F,C,7202,100,7202,1,0
C,G,C,1612,100,1612,1,0
C,H,C,9048,100,9048,1,0
A,D,D,9302,100,9302,1,0
B,D,D,5933,100,5933,1,0
C,D,D,8744,100,8744,1,0
D,E,D,9785,100,9785,1,0
D,F,D,6335,100,6335,1,0
D,G,D,9248,100,9248,1,0
D,H,D,1415,100,1415,1,0
A,E,E,1423,100,1423,1,0
B,E,E,4296,100,4296,1,0
C,E,E,9763,100,9763,1,0
D,E,E,9731,100,9731,1,0
E,F,E,3701,100,3701,1,0
E,G,E,9903,100,9903,1,0
E,H,E,9634,100,9634,1,0
A,F,F,3579,100,3579,1,0
B,F,F,1374,100,1374,1,0
C,F,F,7212,100,7212,1,0
D,F,F,6358,100,6358,1,0
E,F,F,3673,100,3673,1,0
F,G,F,7380,100,7380,1,0
F,H,F,6309,100,6309,1,0
A,G,G,9623,100,9623,1,0
B,G,G,7196,100,7196,1,0
C,G,G,1552,100,1552,1,0
D,G,G,9244,100,9244,1,0
E,G,G,9901,100,9901,1,0
F,G,G,7375,100,7375,1,0
G,H,G,9310,100,9310,1,0
A,H,H,9365,100,9365,1,0
B,H,H,6169,100,6169,1,0
C,H,H,9048,100,9048,1,0
D,H,H,1415,100,1415,1,0
E,H,H,9655,100,9655,1,0
F,H,H,6310,100,6310,1,0
G,H,H,9332,100,9332,1,0
A,B,A,3676,100,3676,1,0
A,C,A,9281,100,9281,1,0
A,D,A,9237,100,9237,1,0
A,E,A,1412,100,1412,1,0
A,F,A,3525,100,3525,1,0
A,G,A,9561,100,9561,1,0
A,H,A,9411,100,9411,1,0
A,B,B,3654,100,3654,1,0
B,C,B,6748,100,6748,1,0
B,D,B,5972,100,5972,1,0
B,E,B,4300,100,4300,1,0
B,F,B,1383,100,1383,1,0
B,G,B,7231,100,7231,1,0
B,H,B,6175,100,6175,1,0
A,C,C,9304,100,9304,1,0
B,C,C,6704,100,6704,1,0
C,D,C,8735,100,8735,1,0
C,E,C,9841,100,9841,1,0
C,F,C,7215,100,7215,1,0
C,G,C,1610,100,1610,1,0
C,H,C,9055,100,9055,1,0
A,D,D,9293,100,9293,1,0
B,D,D,5967,100,5967,1,0
C,D,D,8682,100,8682,1,0
D,E,D,9713,100,9713,1,0
D,F,D,6371,100,6371,1,0
D,G,D,9246,100,9246,1,0
D,H,D,1463,100,1463,1,0
A,E,E,1451,100,1451,1,0
B,E,E,4286,100,4286,1,0
C,E,E,9864,100,9864,1,0
D,E,E,9740,100,9740,1,0
E,F,E,3674,100,3674,1,0
E,G,E,9939,100,9939,1,0
E,H,E,9682,100,9682,1,0
A,F,F,3533,100,3533,1,0
B,F,F,1390,100,1390,1,0
C,F,F,7231,100,7231,1,0
D,F,F,6319,100,6319,1,0
E,F,F,3697,100,3697,1,0
F,G,F,7386,100,7386,1,0
F,H,F,6261,100,6261,1,0
A,G,G,9583,100,9583,1,0
B,G,G,7162,100,7162,1,0
C,G,G,1590,100,1590,1,0
D,G,G,9227,100,9227,1,0
E,G,G,9927,100,9927,1,0
F,G,G,7381,100,7381,1,0
G,H,G,9286,100,9286,1,0
A,H,H,9415,100,9415,1,0
B,H,H,6160,100,6160,1,0
C,H,H,9029,100,9029,1,0
D,H,H,1429,100,1429,1,0
E,H,H,9647,100,9647,1,0
F,H,H,6274,100,6274,1,0
G,H,H,9335,100,9335,1,0
A,B,A,3615,100,3615,1,0
A,C,A,9265,100,9265,1,0
A,D,A,9269,100,9269,1,0
A,E,A,1483,100,1483,1,0
A,F,A,3536,100,3536,1,0
A,G,A,9641,100,9641,1,0
A,H,A,9407,100,9407,1,0
A,B,B,3627,100,3627,1,0
B,C,B,6766,100,6766,1,0
B,D,B,5955,100,5955,1,0
B,E,B,4253,100,4253,1,0
B,F,B,1435,100,1435,1,0
B,G,B,7172,100,7172,1,0
B,H,B,6194,100,6194,1,0
A,C,C,9298,100,9298,1,0
B,C,C,6688,100,6688,1,0
C,D,C,8709,100,8709,1,0
C,E,C,9804,100,9804,1,0
C,F,C,7219,100,7219,1,0
C,G,C,1603,100,1603,1,0
C,H,C,9073,100,9073,1,0
A,D,D,9311,100,9311,1,0
B,D,D,5994,100,5994,1,0
C,D,D,8710,100,8710,1,0
D,E,D,9725,100,9725,1,0
D,F,D,6324,100,6324,1,0
D,G,D,9197,100,9197,1,0
D,H,D,1441,100,1441,1,0
A,E,E,1418,100,1418,1,0
B,E,E,4319,100,4319,1,0
C,E,E,9833,100,9833,1,0
D,E,E,9668,100,9668,1,0
E,F,E,3711,100,3711,1,0
E,G,E,9927,100,9927,1,0
E,H,E,9632,100,9632,1,0
A,F,F,3570,100,3570,1,0
B,F,F,1432,100,1432,1,0
C,F,F,7251,100,7251,1,0
D,F,F,6389,100,6389,1,0
E,F,F,3724,100,3724,1,0
F,G,F,7338,100,7338,1,0
F,H,F,6306,100,6306,1,0
A,G,G,9555,100,9555,1,0
B,G,G,7235,100,7235,1,0
C,G,G,1570,100,1570,1,0
D,G,G,9255,100,9255,1,0
E,G,G,9927,100,9927,1,0
F,G,G,7363,100,7363,1,0
G,H,G,9334,100,9334,1,0
A,H,H,9395,100,9395,1,0
B,H,H,6225,100,6225,1,0
C,H,H,9054,100,9054,1,0
D,H,H,1398,100,1398,1,0
E,H,H,9681,100,9681,1,0
F,H,H,6297,100,6297,1,0
G,H,H,9316,100,9316,1,0
A,B,A,3663,100,3663,1,0
A,C,A,9305,100,9305,1,0
A,D,A,9272,100,9272,1,0
A,E,A,1445,100,1445,1,0
A,F,A,3476,100,3476,1,0
A,G,A,9605,100,9605,1,0
A,H,A,9395,100,9395,1,0
A,B,B,3653,100,3653,1,0
B,C,B,6776,100,6776,1,0
B,D,B,5978,100,5978,1,0
B,E,B,4307,100,4307,1,0
B,F,B,1423,100,1423,1,0
B,G,B,7187,100,7187,1,0
B,H,B,6193,100,6193,1,0
A,C,C,9298,100,9298,1,0
B,C,C,6740,100,6740,1,0
C,D,C,8715,100,8715,1,0
C,E,C,9864,100,9864,1,0
C,F,C,7241,100,7241,1,0
C,G,C,1594,100,1594,1,0
C,H,C,9009,100,9009,1,0
A,D,D,9276,100,9276,1,0
B,D,D,5928,100,5928,1,0
C,D,D,8732,100,8732,1,0
D,E,D,9745,100,9745,1,0
D,F,D,6346,100,6346,1,0
D,G,D,9229,100,9229,1,0
D,H,D,1449,100,1449,1,0
A,E,E,1447,100,1447,1,0
B,E,E,4271,100,4271,1,0
C,E,E,9811,100,9811,1,0
D,E,E,9670,100,9670,1,0
E,F,E,3706,100,3706,1,0
E,G,E,9918,100,9918,1,0
E,H,E,9676,100,9676,1,0
A,F,F,3525,100,3525,1,0
B,F,F,1415,100,1415,1,0
C,F,F,7223,100,7223,1,0
D,F,F,6309,100,6309,1,0
E,F,F,3710,100,3710,1,0
F,G,F,7375,100,7375,1,0
F,H,F,6294,100,6294,1,0
A,G,G,9622,100,9622,1,0
B,G,G,7201,100,7201,1,0
C,G,G,1602,100,1602,1,0
D,G,G,9232,100,9232,1,0
E,G,G,9892,100,9892,1,0
F,G,G,7338,100,7338,1,0
G,H,G,9323,100,9323,1,0
A,H,H,9445,100,9445,1,0
B,H,H,6172,100,6172,1,0
C,H,H,9051,100,9051,1,0
D,H,H,1378,100,1378,1,0
E,H,H,9671,100,9671,1,0
F,H,H,6279,100,6279,1,0
G,H,H,9305,100,9305,1,0
A,B,A,3646,100,3646,1,0
A,C,A,9288,100,9288,1,0
A,D,A,9274,100,9274,1,0
A,E,A,1405,100,1405,1,0
A,F,A,3499,100,3499,1,0
A,G,A,9571,100,9571,1,0
A,H,A,9385,100,9385,1,0
A,B,B,3606,100,3606,1,0
B,C,B,6729,100,6729,1,0
B,D,B,5985,100,5985,1,0
B,E,B,4313,100,4313,1,0
B,F,B,1433,100,1433,1,0
B,G,B,7205,100,7205,1,0
B,H,B,6227,100,6227,1,0
A,C,C,9292,100,9292,1,0
B,C,C,6768,100,6768,1,0
C,D,C,8710,100,8710,1,0
C,E,C,9815,100,9815,1,0
C,F,C,7204,100,7204,1,0
C,G,C,1568,100,1568,1,0
C,H,C,9109,100,9109,1,0
A,D,D,9264,100,9264,1,0
B,D,D,5951,100,5951,1,0
C,D,D,8707,100,8707,1,0
D,E,D,9733,100,9733,1,0
D,F,D,6317,100,6317,1,0
D,G,D,9236,100,9236,1,0
D,H,D,1433,100,1433,1,0
A,E,E,1402,100,1402,1,0
B,E,E,4286,100,4286,1,0
C,E,E,9850,100,9850,1,0
D,E,E,9723,100,9723,1,0
E,F,E,3722,100,3722,1,0
E,G,E,9916,100,9916,1,0
E,H,E,9667,100,9667,1,0
A,F,F,3516,100,3516,1,0
B,F,F,1425,100,1425,1,0
C,F,F,7222,100,7222,1,0
D,F,F,6333,100,6333,1,0
E,F,F,3703,100,3703,1,0
F,G,F,7357,100,7357,1,0
F,H,F,6310,100,6310,1,0
A,G,G,9612,100,9612,1,0
B,G,G,7216,100,7216,1,0
C,G,G,1552,100,1552,1,0
D,G,G,9225,100,9225,1,0
E,G,G,9933,100,9933,1,0
F,G,G,7372,100,7372,1,0
G,H,G,9348,100,9348,1,0
A,H,H,9376,100,9376,1,0
B,H,H,6201,100,6201,1,0
C,H,H,9076,100,9076,1,0
D,H,H,1434,100,1434,1,0
E,H,H,9665,100,9665,1,0
F,H,H,6299,100,6299,1,0
G,H,H,9319,100,9319,1,0
A,B,A,3639,100,3639,1,0
A,C,A,9288,100,9288,1,0
A,D,A,9277,100,9277,1,0
A,E,A,1403,100,1403,1,0
A,F,A,3536,100,3536,1,0
A,G,A,9590,100,9590,1,0
A,H,A,9363,100,9363,1,0
A,B,B,3649,100,3649,1,0
B,C,B,6737,100,6737,1,0
B,D,B,6007,100,6007,1,0
B,E,B,4326,100,4326,1,0
B,F,B,1423,100,1423,1,0
B,G,B,7195,100,7195,1,0
B,H,B,6188,100,6188,1,0
A,C,C,9322,100,9322,1,0
B,C,C,6704,100,6704,1,0
C,D,C,8729,100,8729,1,0
C,E,C,9810,100,9810,1,0
C,F,C,7207,100,7207,1,0
C,G,C,1565,100,1565,1,0
C,H,C,9061,100,9061,1,0
A,D,D,9280,100,9280,1,0
B,D,D,5960,100,5960,1,0
C,D,D,8701,100,8701,1,0
D,E,D,9733,100,9733,1,0
D,F,D,6350,100,6350,1,0
D,G,D,9265,100,9265,1,0
D,H,D,1429,100,1429,1,0
A,E,E,1523,100,1523,1,0
B,E,E,4282,100,4282,1,0
C,E,E,9816,100,9816,1,0
D,E,E,9724,100,9724,1,0
E,F,E,3675,100,3675,1,0
E,G,E,9935,100,9935,1,0
E,H,E,9664,100,9664,1,0
A,F,F,3533,100,3533,1,0
B,F,F,1417,100,1417,1,0
C,F,F,7215,100,7215,1,0
D,F,F,6362,100,6362,1,0
E,F,F,3672,100,3672,1,0
F,G,F,7369,100,7369,1,0
F,H,F,6272,100,6272,1,0
A,G,G,9565,100,9565,1,0
B,G,G,7236,100,7236,1,0
C,G,G,1616,100,1616,1,0
D,G,G,9226,100,9226,1,0
E,G,G,9902,100,9902,1,0
F,G,G,7362,100,7362,1,0
G,H,G,9335,100,9335,1,0
A,H,H,9407,100,9407,1,0
B,H,H,6247,100,6247,1,0
C,H,H,9038,100,9038,1,0
D,H,H,1408,100,1408,1,0
E,H,H,9672,100,9672,1,0
F,H,H,6271,100,6271,1,0
G,H,H,9300,100,9300,1,0
A,B,A,3636,100,3636,1,0
A,C,A,9291,100,9291,1,0
A,D,A,9290,100,9290,1,0
A,E,A,1435,100,1435,1,0
A,F,A,3511,100,3511,1,0
A,G,A,9623,100,9623,1,0
A,H,A,9384,100,9384,1,0
A,B,B,3651,100,3651,1,0
B,C,B,6803,100,6803,1,0
B,D,B,6026,100,6026,1,0
B,E,B,4312,100,4312,1,0
B,F,B,1387,100,1387,1,0
B,G,B,7179,100,7179,1,0
B,H,B,6223,100,6223,1,0
A,C,C,9211,100,9211,1,0
B,C,C,6750,100,6750,1,0
C,D,C,8710,100,8710,1,0
C,E,C,9796,100,9796,1,0
C,F,C,7195,100,7195,1,0
C,G,C,1603,100,1603,1,0
C,H,C,9036,100,9036,1,0
A,D,D,9263,100,9263,1,0
B,D,D,6002,100,6002,1,0
C,D,D,8729,100,8729,1,0
D,E,D,9720,100,9720,1,0
D,F,D,6366,100,6366,1,0
D,G,D,9230,100,9230,1,0
D,H,D,1469,100,1469,1,0
A,E,E,1390,100,1390,1,0
B,E,E,4336,100,4336,1,0
C,E,E,9829,100,9829,1,0
D,E,E,9793,100,9793,1,0
E,F,E,3743,100,3743,1,0
E,G,E,9912,100,9912,1,0
E,H,E,9611,100,9611,1,0
A,F,F,3529,100,3529,1,0
B,F,F,1420,100,1420,1,0
C,F,F,7200,100,7200,1,0
D,F,F,6358,100,6358,1,0
E,F,F,3669,100,3669,1,0
F,G,F,7383,100,7383,1,0
F,H,F,6291,100,6291,1,0
A,G,G,9614,100,9614,1,0
B,G,G,7209,100,7209,1,0
C,G,G,1635,100,1635,1,0
D,G,G,9250,100,9250,1,0
E,G,G,9907,100,9907,1,0
F,G,G,7380,100,7380,1,0
G,H,G,9348,100,9348,1,0
A,H,H,9392,100,9392,1,0
B,H,H,6214,100,6214,1,0
C,H,H,9044,100,9044,1,0
D,H,H,1406,100,1406,1,0
E,H,H,9655,100,9655,1,0
F,H,H,6272,100,6272,1,0
G,H,H,9347,100,9347,1,0
A,B,A,3662,100,3662,1,0
A,C,A,9280,100,9280,1,0
A,D,A,9258,100,9258,1,0
A,E,A,1452,100,1452,1,0
A,F,A,3553,100,3553,1,0
A,G,A,9572,100,9572,1,0
A,H,A,9384,100,9384,1,0
A,B,B,3662,100,3662,1,0
B,C,B,6761,100,6761,1,0
B,D,B,5938,100,5938,1,0
B,E,B,4329,100,4329,1,0
B,F,B,1391,100,1391,1,0
B,G,B,7208,100,7208,1,0
B,H,B,6157,100,6157,1,0
A,C,C,9280,100,9280,1,0
B,C,C,6732,100,6732,1,0
C,D,C,8706,100,8706,1,0
C,E,C,9805,100,9805,1,0
C,F,C,7228,100,7228,1,0
C,G,C,1586,100,1586,1,0
C,H,C,9021,100,9021,1,0
A,D,D,9276,100,9276,1,0
B,D,D,6014,100,6014,1,0
C,D,D,8730,100,8730,1,0
D,E,D,9683,100,9683,1,0
D,F,D,6344,100,6344,1,0
D,G,D,9219,100,9219,1,0
D,H,D,1389,100,1389,1,0
A,E,E,1392,100,1392,1,0
B,E,E,4311,100,4311,1,0
C,E,E,9858,100,9858,1,0
D,E,E,9776,100,9776,1,0
E,F,E,3697,100,3697,1,0
E,G,E,9917,100,9917,1,0
E,H,E,9675,100,9675,1,0
A,F,F,3528,100,3528,1,0
B,F,F,1383,100,1383,1,0
C,F,F,7190,100,7190,1,0
D,F,F,6340,100,6340,1,0
E,F,F,3702,100,3702,1,0
F,G,F,7359,100,7359,1,0
F,H,F,6295,100,6295,1,0
A,G,G,9590,100,9590,1,0
B,G,G,7163,100,7163,1,0
C,G,G,1577,100,1577,1,0
D,G,G,9234,100,9234,1,0
E,G,G,9926,100,9926,1,0
F,G,G,7377,100,7377,1,0
G,H,G,9325,100,9325,1,0
A,H,H,9432,100,9432,1,0
B,H,H,6218,100,6218,1,0
C,H,H,9007,100,9007,1,0
D,H,H,1364,100,1364,1,0
E,H,H,9654,100,9654,1,0
F,H,H,6249,100,6249,1,0
G,H,H,9298,100,9298,1,0
A,B,A,3655,100,3655,1,0
A,C,A,9289,100,9289,1,0
A,D,A,9279,100,9279,1,0
A,E,A,1411,100,1411,1,0
A,F,A,3533,100,3533,1,0
A,G,A,9605,100,9605,1,0
A,H,A,9364,100,9364,1,0
A,B,B,3625,100,3625,1,0
B,C,B,6741,100,6741,1,0
B,D,B,5907,100,5907,1,0
B,E,B,4282,100,4282,1,0
B,F,B,1406,100,1406,1,0
B,G,B,7200,100,7200,1,0
B,H,B,6237,100,6237,1,0
A,C,C,9259,100,9259,1,0
B,C,C,6754,100,6754,1,0
C,D,C,8732,100,8732,1,0
C,E,C,9887,100,9887,1,0
C,F,C,7196,100,7196,1,0
C,G,C,1624,100,1624,1,0
C,H,C,9067,100,9067,1,0
A,D,D,9264,100,9264,1,0
B,D,D,6005,100,6005,1,0
C,D,D,8746,100,8746,1,0
D,E,D,9713,100,9713,1,0
D,F,D,6334,100,6334,1,0
D,G,D,9251,100,9251,1,0
D,H,D,1349,100,1349,1,0
A,E,E,1443,100,1443,1,0
B,E,E,4257,100,4257,1,0
C,E,E,9850,100,9850,1,0
D,E,E,9719,100,9719,1,0
E,F,E,3696,100,3696,1,0
E,G,E,9900,100,9900,1,0
E,H,E,9625,100,9625,1,0
A,F,F,3506,100,3506,1,0
B,F,F,1414,100,1414,1,0
C,F,F,7208,100,7208,1,0
D,F,F,6386,100,6386,1,0
E,F,F,3695,100,3695,1,0
F,G,F,7376,100,7376,1,0
F,H,F,6269,100,6269,1,0
A,G,G,9582,100,9582,1,0
B,G,G,7185,100,7185,1,0
C,G,G,1595,100,1595,1,0
D,G,G,9236,100,9236,1,0
E,G,G,9921,100,9921,1,0
F,G,G,7395,100,7395,1,0
G,H,G,9321,100,9321,1,0
A,H,H,9442,100,9442,1,0
B,H,H,6211,100,6211,1,0
C,H,H,9070,100,9070,1,0
D,H,H,1402,100,1402,1,0
E,H,H,9634,100,9634,1,0
F,H,H,6251,100,6251,1,0
G,H,H,9315,100,9315,1,0
A,B,A,3659,100,3659,1,0
A,C,A,9272,100,9272,1,0
A,D,A,9260,100,9260,1,0
A,E,A,1425,100,1425,1,0
A,F,A,3524,100,3524,1,0
A,G,A,9617,100,9617,1,0
A,H,A,9408,100,9408,1,0
A,B,B,3618,100,3618,1,0
B,C,B,6764,100,6764,1,0
B,D,B,5927,100,5927,1,0
B,E,B,4346,100,4346,1,0
B,F,B,1417,100,1417,1,0
B,G,B,7193,100,7193,1,0
B,H,B,6194,100,6194,1,0
A,C,C,9308,100,9308,1,0
B,C,C,6767,100,6767,1,0
C,D,C,8738,100,8738,1,0
C,E,C,9846,100,9846,1,0
C,F,C,7194,100,7194,1,0
C,G,C,1558,100,1558,1,0
C,H,C,9063,100,9063,1,0
A,D,D,9284,100,9284,1,0
B,D,D,5925,100,5925,1,0
C,D,D,8738,100,8738,1,0
D,E,D,9726,100,9726,1,0
D,F,D,6332,100,6332,1,0
D,G,D,9273,100,9273,1,0
D,H,D,1449,100,1449,1,0
A,E,E,1451,100,1451,1,0
B,E,E,4297,100,4297,1,0
C,E,E,9842,100,9842,1,0
D,E,E,9758,100,9758,1,0
E,F,E,3692,100,3692,1,0
E,G,E,9927,100,9927,1,0
E,H,E,9664,100,9664,1,0
A,F,F,3535,100,3535,1,0
B,F,F,1385,100,1385,1,0
C,F,F,7199,100,7199,1,0
D,F,F,6325,100,6325,1,0
E,F,F,3683,100,3683,1,0
F,G,F,7345,100,7345,1,0
F,H,F,6246,100,6246,1,0
A,G,G,9600,100,9600,1,0
B,G,G,7201,100,7201,1,0
C,G,G,1609,100,1609,1,0
D,G,G,9225,100,9225,1,0
E,G,G,9921,100,9921,1,0
F,G,G,7341,100,7341,1,0
G,H,G,9333,100,9333,1,0
A,H,H,9397,100,9397,1,0
B,H,H,6141,100,6141,1,0
C,H,H,9069,100,9069,1,0
D,H,H,1459,100,1459,1,0
E,H,H,9650,100,9650,1,0
F,H,H,6292,100,6292,1,0
G,H,H,9335,100,9335,1,0
A,B,A,3621,100,3621,1,0
A,C,A,9284,100,9284,1,0
A,D,A,9255,100,9255,1,0
A,E,A,1466,100,1466,1,0
A,F,A,3483,100,3483,1,0
A,G,A,9573,100,9573,1,0
A,H,A,9399,100,9399,1,0
A,B,B,3650,100,3650,1,0
B,C,B,6743,100,6743,1,0
B,D,B,5987,100,5987,1,0
B,E,B,4317,100,4317,1,0
B,F,B,1383,100,1383,1,0
B,G,B,7191,100,7191,1,0
B,H,B,6192,100,6192,1,0
A,C,C,9268,100,9268,1,0
B,C,C,6705,100,6705,1,0
C,D,C,8734,100,8734,1,0
C,E,C,9870,100,9870,1,0
C,F,C,7184,100,7184,1,0
C,G,C,1576,100,1576,1,0
C,H,C,9041,100,9041,1,0
A,D,D,9268,100,9268,1,0
B,D,D,5986,100,5986,1,0
C,D,D,8733,100,8733,1,0
D,E,D,9671,100,9671,1,0
D,F,D,6346,100,6346,1,0
D,G,D,9267,100,9267,1,0
D,H,D,1408,100,1408,1,0
A,E,E,1405,100,1405,1,0
B,E,E,4314,100,4314,1,0
C,E,E,9857,100,9857,1,0
D,E,E,9711,100,9711,1,0
E,F,E,3723,100,3723,1,0
E,G,E,9923,100,9923,1,0
E,H,E,9606,100,9606,1,0
A,F,F,3555,100,3555,1,0
B,F,F,1379,100,1379,1,0
C,F,F,7207,100,7207,1,0
D,F,F,6347,100,6347,1,0
E,F,F,3683,100,3683,1,0
F,G,F,7402,100,7402,1,0
F,H,F,6268,100,6268,1,0
A,G,G,9611,100,9611,1,0
B,G,G,7192,100,7192,1,0
C,G,G,1575,100,1575,1,0
D,G,G,9247,100,9247,1,0
E,G,G,9960,100,9960,1,0
F,G,G,7364,100,7364,1,0
G,H,G,9358,100,9358,1,0
A,H,H,9401,100,9401,1,0
B,H,H,6177,100,6177,1,0
C,H,H,9026,100,9026,1,0
D,H,H,1431,100,1431,1,0
E,H,H,9677,100,9677,1,0
F,H,H,6251,100,6251,1,0
G,H,H,9352,100,9352,1,0
A,B,A,3644,100,3644,1,0
A,C,A,9277,100,9277,1,0
A,D,A,9245,100,9245,1,0
A,E,A,1448,100,1448,1,0
A,F,A,3492,100,3492,1,0
A,G,A,9610,100,9610,1,0
A,H,A,9418,100,9418,1,0
A,B,B,3607,100,3607,1,0
B,C,B,6726,100,6726,1,0
B,D,B,5915,100,5915,1,0
B,E,B,4329,100,4329,1,0
B,F,B,1399,100,1399,1,0
B,G,B,7172,100,7172,1,0
B,H,B,6146,100,6146,1,0
A,C,C,9282,100,9282,1,0
B,C,C,6744,100,6744,1,0
C,D,C,8738,100,8738,1,0
C,E,C,9779,100,9779,1,0
C,F,C,7212,100,7212,1,0
C,G,C,1593,100,1593,1,0
C,H,C,9066,100,9066,1,0
A,D,D,9259,100,9259,1,0
B,D,D,5978,100,5978,1,0
C,D,D,8739,100,8739,1,0
D,E,D,9690,100,9690,1,0
D,F,D,6305,100,6305,1,0
D,G,D,9240,100,9240,1,0
D,H,D,1460,100,1460,1,0
A,E,E,1404,100,1404,1,0
B,E,E,4302,100,4302,1,0
C,E,E,9846,100,9846,1,0
D,E,E,9744,100,9744,1,0
E,F,E,3709,100,3709,1,0
E,G,E,9916,100,9916,1,0
E,H,E,9683,100,9683,1,0
A,F,F,3527,100,3527,1,0
B,F,F,1425,100,1425,1,0
C,F,F,7192,100,7192,1,0
D,F,F,6325,100,6325,1,0
E,F,F,3676,100,3676,1,0
F,G,F,7387,100,7387,1,0
F,H,F,6303,100,6303,1,0
A,G,G,9542,100,9542,1,0
B,G,G,7221,100,7221,1,0
C,G,G,1599,100,1599,1,0
D,G,G,9228,100,9228,1,0
E,G,G,9938,100,9938,1,0
F,G,G,7366,100,7366,1,0
G,H,G,9344,100,9344,1,0
A,H,H,9412,100,9412,1,0
B,H,H,6180,100,6180,1,0
C,H,H,9072,100,9072,1,0
D,H,H,1419,100,1419,1,0
E,H,H,9631,100,9631,1,0
F,H,H,6234,100,6234,1,0
G,H,H,9305,100,9305,1,0
A,B,A,3638,100,3638,1,0
A,C,A,9288,100,9288,1,0
A,D,A,9294,100,9294,1,0
A,E,A,1495,100,1495,1,0
A,F,A,3510,100,3510,1,0
A,G,A,9637,100,9637,1,0
A,H,A,9406,100,9406,1,0
A,B,B,3662,100,3662,1,0
B,C,B,6768,100,6768,1,0
B,D,B,5939,100,5939,1,0
B,E,B,4296,100,4296,1,0
B,F,B,1425,100,1425,1,0
B,G,B,7197,100,7197,1,0
B,H,B,6132,100,6132,1,0
A,C,C,9315,100,9315,1,0
B,C,C,6743,100,6743,1,0
C,D,C,8708,100,8708,1,0
C,E,C,9840,100,9840,1,0
C,F,C,7203,100,7203,1,0
C,G,C,1581,100,1581,1,0
C,H,C,9041,100,9041,1,0
A,D,D,9271,100,9271,1,0
B,D,D,5905,100,5905,1,0
C,D,D,8713,100,8713,1,0
D,E,D,9732,100,9732,1,0
D,F,D,6369,100,6369,1,0
D,G,D,9253,100,9253,1,0
D,H,D,1463,100,1463,1,0
A,E,E,1430,100,1430,1,0
B,E,E,4319,100,4319,1,0
C,E,E,9850,100,9850,1,0
D,E,E,9752,100,9752,1,0
E,F,E,3697,100,3697,1,0
E,G,E,9924,100,9924,1,0
E,H,E,9668,100,9668,1,0
A,F,F,3531,100,3531,1,0
B,F,F,1385,100,1385,1,0
C,F,F,7206,100,7206,1,0
D,F,F,6320,100,6320,1,0
E,F,F,3723,100,3723,1,0
F,G,F,7329,100,7329,1,0
F,H,F,6300,100,6300,1,0
A,G,G,9630,100,9630,1,0
B,G,G,7236,100,7236,1,0
C,G,G,1577,100,1577,1,0
D,G,G,9233,100,9233,1,0
E,G,G,9924,100,9924,1,0
F,G,G,7369,100,7369,1,0
G,H,G,9354,100,9354,1,0
A,H,H,9359,100,9359,1,0
B,H,H,6189,100,6189,1,0
C,H,H,9015,100,9015,1,0
D,H,H,1402,100,1402,1,0
E,H,H,9656,100,9656,1,0
F,H,H,6287,100,6287,1,0
G,H,H,9308,100,9308,1,0
A,B,A,3617,100,3617,1,0
A,C,A,9355,100,9355,1,0
A,D,A,9272,100,9272,1,0
A,E,A,1448,100,1448,1,0
A,F,A,3568,100,3568,1,0
A,G,A,9620,100,9620,1,0
A,H,A,9428,100,9428,1,0
A,B,B,3655,100,3655,1,0
B,C,B,6766,100,6766,1,0
B,D,B,5937,100,5937,1,0
B,E,B,4344,100,4344,1,0
B,F,B,1401,100,1401,1,0
B,G,B,7172,100,7172,1,0
B,H,B,6214,100,6214,1,0
A,C,C,9277,100,9277,1,0
B,C,C,6748,100,6748,1,0
C,D,C,8730,100,8730,1,0
C,E,C,9824,100,9824,1,0
C,F,C,7214,100,7214,1,0
C,G,C,1576,100,1576,1,0
C,H,C,9057,100,9057,1,0
A,D,D,9267,100,9267,1,0
B,D,D,5967,100,5967,1,0
C,D,D,8733,100,8733,1,0
D,E,D,9781,100,9781,1,0
D,F,D,6364,100,6364,1,0
D,G,D,9235,100,9235,1,0
D,H,D,1435,100,1435,1,0
A,E,E,1467,100,1467,1,0
B,E,E,4286,100,4286,1,0
C,E,E,9811,100,9811,1,0
D,E,E,9660,100,9660,1,0
E,F,E,3687,100,3687,1,0
E,G,E,9925,100,9925,1,0
E,H,E,9703,100,9703,1,0
A,F,F,3523,100,3523,1,0
B,F,F,1409,100,1409,1,0
C,F,F,7243,100,7243,1,0
D,F,F,6308,100,6308,1,0
E,F,F,3670,100,3670,1,0
F,G,F,7364,100,7364,1,0
F,H,F,6305,100,6305,1,0
A,G,G,9563,100,9563,1,0
B,G,G,7226,100,7226,1,0
C,G,G,1522,100,1522,1,0
D,G,G,9238,100,9238,1,0
E,G,G,9912,100,9912,1,0
F,G,G,7360,100,7360,1,0
G,H,G,9333,100,9333,1,0
A,H,H,9442,100,9442,1,0
B,H,H,6200,100,6200,1,0
C,H,H,9050,100,9050,1,0
D,H,H,1474,100,1474,1,0
E,H,H,9640,100,9640,1,0
F,H,H,6310,100,6310,1,0
G,H,H,9299,100,9299,1,0
A,B,A,3659,100,3659,1,0
A,C,A,9283,100,9283,1,0
A,D,A,9268,100,9268,1,0
A,E,A,1425,100,1425,1,0
A,F,A,3523,100,3523,1,0
A,G,A,9623,100,9623,1,0
A,H,A,9439,100,9439,1,0
A,B,B,3636,100,3636,1,0
B,C,B,6725,100,6725,1,0
B,D,B,5933,100,5933,1,0
B,E,B,4290,100,4290,1,0
B,F,B,1387,100,1387,1,0
B,G,B,7206,100,7206,1,0
B,H,B,6185,100,6185,1,0
A,C,C,9281,100,9281,1,0
B,C,C,6742,100,6742,1,0
C,D,C,8748,100,8748,1,0
C,E,C,9845,100,9845,1,0
C,F,C,7207,100,7207,1,0
C,G,C,1609,100,1609,1,0
C,H,C,9042,100,9042,1,0
A,D,D,9275,100,9275,1,0
B,D,D,5955,100,5955,1,0
C,D,D,8747,100,8747,1,0
D,E,D,9748,100,9748,1,0
D,F,D,6341,100,6341,1,0
D,G,D,9217,100,9217,1,0
D,H,D,1461,100,1461,1,0
A,E,E,1424,100,1424,1,0
B,E,E,4324,100,4324,1,0
C,E,E,9872,100,9872,1,0
D,E,E,9716,100,9716,1,0
E,F,E,3673,100,3673,1,0
E,G,E,9917,100,9917,1,0
E,H,E,9648,100,9648,1,0
A,F,F,3528,100,3528,1,0
B,F,F,1456,100,1456,1,0
C,F,F,7212,100,7212,1,0
D,F,F,6372,100,6372,1,0
E,F,F,3700,100,3700,1,0
F,G,F,7359,100,7359,1,0
F,H,F,6289,100,6289,1,0
A,G,G,9613,100,9613,1,0
B,G,G,7219,100,7219,1,0
C,G,G,1635,100,1635,1,0
D,G,G,9226,100,9226,1,0
E,G,G,9898,100,9898,1,0
F,G,G,7372,100,7372,1,0
G,H,G,9312,100,9312,1,0
A,H,H,9352,100,9352,1,0
B,H,H,6198,100,6198,1,0
C,H,H,8998,100,8998,1,0
D,H,H,1408,100,1408,1,0
E,H,H,9685,100,9685,1,0
F,H,H,6259,100,6259,1,0
G,H,H,9326,100,9326,1,0
A,B,A,3617,100,3617,1,0
A,C,A,9273,100,9273,1,0
A,D,A,9268,100,9268,1,0
A,E,A,1429,100,1429,1,0
A,F,A,3520,100,3520,1,0
A,G,A,9594,100,9594,1,0
A,H,A,9416,100,9416,1,0
A,B,B,3643,100,3643,1,0
B,C,B,6701,100,6701,1,0
B,D,B,5943,100,5943,1,0
B,E,B,4313,100,4313,1,0
B,F,B,1397,100,1397,1,0
B,G,B,7228,100,7228,1,0
B,H,B,6168,100,6168,1,0
A,C,C,9295,100,9295,1,0
B,C,C,6730,100,6730,1,0
C,D,C,8722,100,8722,1,0
C,E,C,9809,100,9809,1,0
C,F,C,7181,100,7181,1,0
C,G,C,1573,100,1573,1,0
C,H,C,9073,100,9073,1,0
A,D,D,9308,100,9308,1,0
B,D,D,5951,100,5951,1,0
C,D,D,8679,100,8679,1,0
D,E,D,9753,100,9753,1,0
D,F,D,6332,100,6332,1,0
D,G,D,9241,100,9241,1,0
D,H,D,1385,100,1385,1,0
A,E,E,1420,100,1420,1,0
B,E,E,4289,100,4289,1,0
C,E,E,9774,100,9774,1,0
D,E,E,9718,100,9718,1,0
E,F,E,3670,100,3670,1,0
E,G,E,9918,100,9918,1,0
E,H,E,9637,100,9637,1,0
A,F,F,3547,100,3547,1,0
B,F,F,1387,100,1387,1,0
C,F,F,7217,100,7217,1,0
D,F,F,6350,100,6350,1,0
E,F,F,3688,100,3688,1,0
F,G,F,7352,100,7352,1,0
F,H,F,6241,100,6241,1,0
A,G,G,9580,100,9580,1,0
B,G,G,7203,100,7203,1,0
C,G,G,1558,100,1558,1,0
D,G,G,9264,100,9264,1,0
E,G,G,9935,100,9935,1,0
F,G,G,7403,100,7403,1,0
G,H,G,9338,100,9338,1,0
A,H,H,9403,100,9403,1,0
B,H,H,6180,100,6180,1,0
C,H,H,9057,100,9057,1,0
D,H,H,1385,100,1385,1,0
E,H,H,9639,100,9639,1,0
F,H,H,6282,100,6282,1,0
G,H,H,9320,100,9320,1,0
A,B,A,3640,100,3640,1,0
A,C,A,9275,100,9275,1,0
A,D,A,9292,100,9292,1,0
A,E,A,1468,100,1468,1,0
A,F,A,3476,100,3476,1,0
A,G,A,9615,100,9615,1,0
A,H,A,9412,100,9412,1,0
A,B,B,3612,100,3612,1,0
B,C,B,6736,100,6736,1,0
B,D,B,5980,100,5980,1,0
B,E,B,4282,100,4282,1,0
B,F,B,1378,100,1378,1,0
B,G,B,7175,100,7175,1,0
B,H,B,6198,100,6198,1,0
A,C,C,9262,100,9262,1,0
B,C,C,6737,100,6737,1,0
C,D,C,8737,100,8737,1,0
C,E,C,9836,100,9836,1,0
C,F,C,7223,100,7223,1,0
C,G,C,1535,100,1535,1,0
C,H,C,9059,100,9059,1,0
A,D,D,9251,100,9251,1,0
B,D,D,5935,100,5935,1,0
C,D,D,8747,100,8747,1,0
D,E,D,9735,100,9735,1,0
D,F,D,6316,100,6316,1,0
D,G,D,9252,100,9252,1,0
D,H,D,1374,100,1374,1,0
A,E,E,1427,100,1427,1,0
B,E,E,4279,100,4279,1,0
C,E,E,9801,100,9801,1,0
D,E,E,9732,100,9732,1,0
E,F,E,3662,100,3662,1,0
E,G,E,9894,100,9894,1,0
E,H,E,9649,100,9649,1,0
A,F,F,3489,100,3489,1,0
B,F,F,1427,100,1427,1,0
C,F,F,7192,100,7192,1,0
D,F,F,6343,100,6343,1,0
E,F,F,3722,100,3722,1,0
F,G,F,7356,100,7356,1,0
F,H,F,6267,100,6267,1,0
A,G,G,9618,100,9618,1,0
B,G,G,7142,100,7142,1,0
C,G,G,1547,100,1547,1,0
D,G,G,9238,100,9238,1,0
E,G,G,9915,100,9915,1,0
F,G,G,7375,100,7375,1,0
G,H,G,9321,100,9321,1,0
A,H,H,9394,100,9394,1,0
B,H,H,6212,100,6212,1,0
C,H,H,9082,100,9082,1,0
D,H,H,1426,100,1426,1,0
E,H,H,9677,100,9677,1,0
F,H,H,6278,100,6278,1,0
G,H,H,9300,100,9300,1,0
A,B,A,3673,100,3673,1,0
A,C,A,9303,100,9303,1,0
A,D,A,9287,100,9287,1,0
A,E,A,1440,100,1440,1,0
A,F,A,3505,100,3505,1,0
A,G,A,9637,100,9637,1,0
A,H,A,9399,100,9399,1,0
A,B,B,3626,100,3626,1,0
B,C,B,6730,100,6730,1,0
B,D,B,5933,100,5933,1,0
B,E,B,4320,100,4320,1,0
B,F,B,1409,100,1409,1,0
B,G,B,7206,100,7206,1,0
B,H,B,6171,100,6171,1,0
A,C,C,9304,100,9304,1,0
B,C,C,6779,100,6779,1,0
C,D,C,8721,100,8721,1,0
C,E,C,9804,100,9804,1,0
C,F,C,7215,100,7215,1,0
C,G,C,1596,100,1596,1,0
C,H,C,9006,100,9006,1,0
A,D,D,9249,100,9249,1,0
B,D,D,5979,100,5979,1,0
C,D,D,8710,100,8710,1,0
D,E,D,9690,100,9690,1,0
D,F,D,6313,100,6313,1,0
D,G,D,9278,100,9278,1,0
D,H,D,1406,100,1406,1,0
A,E,E,1421,100,1421,1,0
B,E,E,4270,100,4270,1,0
C,E,E,9830,100,9830,1,0
D,E,E,9716,100,9716,1,0
E,F,E,3672,100,3672,1,0
E,G,E,9921,100,9921,1,0
E,H,E,9658,100,9658,1,0
A,F,F,3510,100,3510,1,0
B,F,F,1383,100,1383,1,0
C,F,F,7192,100,7192,1,0
D,F,F,6350,100,6350,1,0
E,F,F,3707,100,3707,1,0
F,G,F,7361,100,7361,1,0
F,H,F,6277,100,6277,1,0
A,G,G,9588,100,9588,1,0
B,G,G,7176,100,7176,1,0
C,G,G,1576,100,1576,1,0
D,G,G,9234,100,9234,1,0
E,G,G,9928,100,9928,1,0
F,G,G,7359,100,7359,1,0
G,H,G,9287,100,9287,1,0
A,H,H,9369,100,9369,1,0
B,H,H,6211,100,6211,1,0
C,H,H,9062,100,9062,1,0
D,H,H,1367,100,1367,1,0
E,H,H,9647,100,9647,1,0
F,H,H,6259,100,6259,1,0
G,H,H,9310,100,9310,1,0
A,B,A,3677,100,3677,1,0
A,C,A,9328,100,9328,1,0
A,D,A,9279,100,9279,1,0
A,E,A,1452,100,1452,1,0
A,F,A,3552,100,3552,1,0
A,G,A,9605,100,9605,1,0
A,H,A,9408,100,9408,1,0
A,B,B,3643,100,3643,1,0
B,C,B,6747,100,6747,1,0
B,D,B,5957,100,5957,1,0
B,E,B,4305,100,4305,1,0
B,F,B,1390,100,1390,1,0
B,G,B,7190,100,7190,1,0
B,H,B,6246,100,6246,1,0
A,C,C,9266,100,9266,1,0
B,C,C,6747,100,6747,1,0
C,D,C,8711,100,8711,1,0
C,E,C,9850,100,9850,1,0
C,F,C,7210,100,7210,1,0
C,G,C,1534,100,1534,1,0
C,H,C,9047,100,9047,1,0
A,D,D,9290,100,9290,1,0
B,D,D,5985,100,5985,1,0
C,D,D,8754,100,8754,1,0
D,E,D,9659,100,9659,1,0
D,F,D,6329,100,6329,1,0
D,G,D,9244,100,9244,1,0
D,H,D,1496,100,1496,1,0
A,E,E,1446,100,1446,1,0
B,E,E,4279,100,4279,1,0
C,E,E,9791,100,9791,1,0
D,E,E,9743,100,9743,1,0
E,F,E,3649,100,3649,1,0
E,G,E,9908,100,9908,1,0
E,H,E,9679,100,9679,1,0
A,F,F,3559,100,3559,1,0
B,F,F,1413,100,1413,1,0
C,F,F,7231,100,7231,1,0
D,F,F,6353,100,6353,1,0
E,F,F,3709,100,3709,1,0
F,G,F,7379,100,7379,1,0
F,H,F,6296,100,6296,1,0
A,G,G,9600,100,9600,1,0
B,G,G,7196,100,7196,1,0
C,G,G,1539,100,1539,1,0
D,G,G,9240,100,9240,1,0
E,G,G,9940,100,9940,1,0
F,G,G,7414,100,7414,1,0
G,H,G,9344,100,9344,1,0
A,H,H,9463,100,9463,1,0
B,H,H,6186,100,6186,1,0
C,H,H,9018,100,9018,1,0
D,H,H,1396,100,1396,1,0
E,H,H,9658,100,9658,1,0
F,H,H,6303,100,6303,1,0
G,H,H,9331,100,9331,1,0
A,B,A,3672,100,3672,1,0
A,C,A,9280,100,9280,1,0
A,D,A,9273,100,9273,1,0
A,E,A,1404,100,1404,1,0
A,F,A,3522,100,3522,1,0
A,G,A,9635,100,9635,1,0
A,H,A,9447,100,9447,1,0
A,B,B,3614,100,3614,1,0
B,C,B,6748,100,6748,1,0
B,D,B,5984,100,5984,1,0
B,E,B,4319,100,4319,1,0
B,F,B,1414,100,1414,1,0
B,G,B,7199,100,7199,1,0
B,H,B,6178,100,6178,1,0
A,C,C,9271,100,9271,1,0
B,C,C,6736,100,6736,1,0
C,D,C,8723,100,8723,1,0
C,E,C,9820,100,9820,1,0
C,F,C,7213,100,7213,1,0
C,G,C,1553,100,1553,1,0
C,H,C,9058,100,9058,1,0
A,D,D,9264,100,9264,1,0
B,D,D,5953,100,5953,1,0
C,D,D,8725,100,8725,1,0
D,E,D,9800,100,9800,1,0
D,F,D,6346,100,6346,1,0
D,G,D,9250,100,9250,1,0
D,H,D,1420,100,1420,1,0
A,E,E,1439,100,1439,1,0
B,E,E,4325,100,4325,1,0
C,E,E,9842,100,9842,1,0
D,E,E,9766,100,9766,1,0
E,F,E,3684,100,3684,1,0
E,G,E,9950,100,9950,1,0
E,H,E,9667,100,9667,1,0
A,F,F,3514,100,3514,1,0
B,F,F,1407,100,1407,1,0
C,F,F,7183,100,7183,1,0
D,F,F,6374,100,6374,1,0
E,F,F,3685,100,3685,1,0
F,G,F,7341,100,7341,1,0
F,H,F,6269,100,6269,1,0
A,G,G,9612,100,9612,1,0
B,G,G,7178,100,7178,1,0
C,G,G,1550,100,1550,1,0
D,G,G,9209,100,9209,1,0
E,G,G,9917,100,9917,1,0
F,G,G,7356,100,7356,1,0
G,H,G,9305,100,9305,1,0
A,H,H,9364,100,9364,1,0
B,H,H,6203,100,6203,1,0
C,H,H,9051,100,9051,1,0
D,H,H,1408,100,1408,1,0
E,H,H,9664,100,9664,1,0
F,H,H,6268,100,6268,1,0
G,H,H,9290,100,9290,1,0
A,B,A,3630,100,3630,1,0
A,C,A,9325,100,9325,1,0
A,D,A,9257,100,9257,1,0
A,E,A,1405,100,1405,1,0
A,F,A,3532,100,3532,1,0
A,G,A,9639,100,9639,1,0
A,H,A,9368,100,9368,1,0
A,B,B,3640,100,3640,1,0
B,C,B,6723,100,6723,1,0
B,D,B,5945,100,5945,1,0
B,E,B,4277,100,4277,1,0
B,F,B,1398,100,1398,1,0
B,G,B,7208,100,7208,1,0
B,H,B,6187,100,6187,1,0
A,C,C,9240,100,9240,1,0
B,C,C,6755,100,6755,1,0
C,D,C,8742,100,8742,1,0
C,E,C,9872,100,9872,1,0
C,F,C,7238,100,7238,1,0
C,G,C,1564,100,1564,1,0
C,H,C,9013,100,9013,1,0
A,D,D,9280,100,9280,1,0
B,D,D,5948,100,5948,1,0
C,D,D,8739,100,8739,1,0
D,E,D,9727,100,9727,1,0
D,F,D,6355,100,6355,1,0
D,G,D,9201,100,9201,1,0
D,H,D,1402,100,1402,1,0
A,E,E,1476,100,1476,1,0
B,E,E,4313,100,4313,1,0
C,E,E,9849,100,9849,1,0
D,E,E,9679,100,9679,1,0
E,F,E,3696,100,3696,1,0
E,G,E,9908,100,9908,1,0
E,H,E,9636,100,9636,1,0
A,F,F,3483,100,3483,1,0
B,F,F,1382,100,1382,1,0
C,F,F,7206,100,7206,1,0
D,F,F,6357,100,6357,1,0
E,F,F,3666,100,3666,1,0
F,G,F,7357,100,7357,1,0
F,H,F,6288,100,6288,1,0
A,G,G,9603,100,9603,1,0
B,G,G,7157,100,7157,1,0
C,G,G,1560,100,1560,1,0
D,G,G,9262,100,9262,1,0
E,G,G,9913,100,9913,1,0
F,G,G,7364,100,7364,1,0
G,H,G,9315,100,9315,1,0
A,H,H,9432,100,9432,1,0
B,H,H,6244,100,6244,1,0
C,H,H,9041,100,9041,1,0
D,H,H,1407,100,1407,1,0
E,H,H,9642,100,9642,1,0
F,H,H,6275,100,6275,1,0
G,H,H,9349,100,9349,1,0
A,B,A,3663,100,3663,1,0
A,C,A,9327,100,9327,1,0
A,D,A,9270,100,9270,1,0
A,E,A,1430,100,1430,1,0
A,F,A,3564,100,3564,1,0
A,G,A,9654,100,9654,1,0
A,H,A,9400,100,9400,1,0
A,B,B,3594,100,3594,1,0
B,C,B,6741,100,6741,1,0
B,D,B,5942,100,5942,1,0
B,E,B,4323,100,4323,1,0
B,F,B,1428,100,1428,1,0
B,G,B,7207,100,7207,1,0
B,H,B,6210,100,6210,1,0
A,C,C,9310,100,9310,1,0
B,C,C,6725,100,6725,1,0
C,D,C,8710,100,8710,1,0
C,E,C,9825,100,9825,1,0
C,F,C,7211,100,7211,1,0
C,G,C,1616,100,1616,1,0
C,H,C,9041,100,9041,1,0
A,D,D,9239,100,9239,1,0
B,D,D,6004,100,6004,1,0
C,D,D,8733,100,8733,1,0
D,E,D,9732,100,9732,1,0
D,F,D,6348,100,6348,1,0
D,G,D,9235,100,9235,1,0
D,H,D,1378,100,1378,1,0
A,E,E,1415,100,1415,1,0
B,E,E,4294,100,4294,1,0
C,E,E,9853,100,9853,1,0
D,E,E,9734,100,9734,1,0
E,F,E,3711,100,3711,1,0
E,G,E,9927,100,9927,1,0
E,H,E,9627,100,9627,1,0
A,F,F,3516,100,3516,1,0
B,F,F,1415,100,1415,1,0
C,F,F,7202,100,7202,1,0
D,F,F,6374,100,6374,1,0
E,F,F,3697,100,3697,1,0
F,G,F,7368,100,7368,1,0
F,H,F,6273,100,6273,1,0
A,G,G,9596,100,9596,1,0
B,G,G,7188,100,7188,1,0
C,G,G,1571,100,1571,1,0
D,G,G,9250,100,9250,1,0
E,G,G,9923,100,9923,1,0
F,G,G,7381,100,7381,1,0
G,H,G,9349,100,9349,1,0
A,H,H,9385,100,9385,1,0
B,H,H,6171,100,6171,1,0
C,H,H,9070,100,9070,1,0
D,H,H,1404,100,1404,1,0
E,H,H,9669,100,9669,1,0
F,H,H,6320,100,6320,1,0
G,H,H,9341,100,9341,1,0
A,B,A,3633,100,3633,1,0
A,C,A,9326,100,9326,1,0
A,D,A,9280,100,9280,1,0
A,E,A,1425,100,1425,1,0
A,F,A,3538,100,3538,1,0
A,G,A,9585,100,9585,1,0
A,H,A,9417,100,9417,1,0
A,B,B,3639,100,3639,1,0
B,C,B,6730,100,6730,1,0
B,D,B,5925,100,5925,1,0
B,E,B,4277,100,4277,1,0
B,F,B,1387,100,1387,1,0
B,G,B,7178,100,7178,1,0
B,H,B,6206,100,6206,1,0
A,C,C,9296,100,9296,1,0
B,C,C,6704,100,6704,1,0
C,D,C,8760,100,8760,1,0
C,E,C,9834,100,9834,1,0
C,F,C,7219,100,7219,1,0
C,G,C,1541,100,1541,1,0
C,H,C,9083,100,9083,1,0
A,D,D,9270,100,9270,1,0
B,D,D,5934,100,5934,1,0
C,D,D,8690,100,8690,1,0
D,E,D,9753,100,9753,1,0
D,F,D,6341,100,6341,1,0
D,G,D,9200,100,9200,1,0
D,H,D,1443,100,1443,1,0
A,E,E,1416,100,1416,1,0
B,E,E,4293,100,4293,1,0
C,E,E,9837,100,9837,1,0
D,E,E,9728,100,9728,1,0
E,F,E,3708,100,3708,1,0
E,G,E,9920,100,9920,1,0
E,H,E,9649,100,9649,1,0
A,F,F,3483,100,3483,1,0
B,F,F,1385,100,1385,1,0
C,F,F,7211,100,7211,1,0
D,F,F,6351,100,6351,1,0
E,F,F,3716,100,3716,1,0
F,G,F,7373,100,7373,1,0
F,H,F,6253,100,6253,1,0
A,G,G,9613,100,9613,1,0
B,G,G,7203,100,7203,1,0
C,G,G,1580,100,1580,1,0
D,G,G,9270,100,9270,1,0
E,G,G,9933,100,9933,1,0
F,G,G,7382,100,7382,1,0
G,H,G,9350,100,9350,1,0
A,H,H,9441,100,9441,1,0
B,H,H,6181,100,6181,1,0
C,H,H,9052,100,9052,1,0
D,H,H,1386,100,1386,1,0
E,H,H,9651,100,9651,1,0
F,H,H,6269,100,6269,1,0
G,H,H,9329,100,9329,1,0
A,B,A,3649,100,3649,1,0
A,C,A,9281,100,9281,1,0
A,D,A,9289,100,9289,1,0
A,E,A,1440,100,1440,1,0
A,F,A,3522,100,3522,1,0
A,G,A,9598,100,9598,1,0
A,H,A,9398,100,9398,1,0
A,B,B,3641,100,3641,1,0
B,C,B,6720,100,6720,1,0
B,D,B,5965,100,5965,1,0
B,E,B,4321,100,4321,1,0
B,F,B,1419,100,1419,1,0
B,G,B,7203,100,7203,1,0
B,H,B,6191,100,6191,1,0
A,C,C,9368,100,9368,1,0
B,C,C,6714,100,6714,1,0
C,D,C,8719,100,8719,1,0
C,E,C,9843,100,9843,1,0
C,F,C,7192,100,7192,1,0
C,G,C,1588,100,1588,1,0
C,H,C,9067,100,9067,1,0
A,D,D,9257,100,9257,1,0
B,D,D,5990,100,5990,1,0
C,D,D,8733,100,8733,1,0
D,E,D,9729,100,9729,1,0
D,F,D,6374,100,6374,1,0
D,G,D,9229,100,9229,1,0
D,H,D,1420,100,1420,1,0
A,E,E,1413,100,1413,1,0
B,E,E,4275,100,4275,1,0
C,E,E,9837,100,9837,1,0
D,E,E,9756,100,9756,1,0
E,F,E,3698,100,3698,1,0
E,G,E,9917,100,9917,1,0
E,H,E,9651,100,9651,1,0
A,F,F,3581,100,3581,1,0
B,F,F,1407,100,1407,1,0
C,F,F,7228,100,7228,1,0
D,F,F,6371,100,6371,1,0
E,F,F,3674,100,3674,1,0
F,G,F,7376,100,7376,1,0
F,H,F,6289,100,6289,1,0
A,G,G,9615,100,9615,1,0
B,G,G,7187,100,7187,1,0
C,G,G,1549,100,1549,1,0
D,G,G,9230,100,9230,1,0
E,G,G,9910,100,9910,1,0
F,G,G,7353,100,7353,1,0
G,H,G,9324,100,9324,1,0
A,H,H,9419,100,9419,1,0
B,H,H,6203,100,6203,1,0
C,H,H,9065,100,9065,1,0
D,H,H,1498,100,1498,1,0
E,H,H,9686,100,9686,1,0
F,H,H,6302,100,6302,1,0
G,H,H,9352,100,9352,1,0
A,B,A,3628,100,3628,1,0
A,C,A,9302,100,9302,1,0
A,D,A,9286,100,9286,1,0
A,E,A,1456,100,1456,1,0
A,F,A,3475,100,3475,1,0
A,G,A,9534,100,9534,1,0
A,H,A,9411,100,9411,1,0
A,B,B,3635,100,3635,1,0
B,C,B,6775,100,6775,1,0
B,D,B,5942,100,5942,1,0
B,E,B,4281,100,4281,1,0
B,F,B,1378,100,1378,1,0
B,G,B,7181,100,7181,1,0
B,H,B,6222,100,6222,1,0
A,C,C,9323,100,9323,1,0
B,C,C,6691,100,6691,1,0
C,D,C,8744,100,8744,1,0
C,E,C,9816,100,9816,1,0
C,F,C,7210,100,7210,1,0
C,G,C,1586,100,1586,1,0
C,H,C,9045,100,9045,1,0
A,D,D,9293,100,9293,1,0
B,D,D,5929,100,5929,1,0
C,D,D,8735,100,8735,1,0
D,E,D,9731,100,9731,1,0
D,F,D,6404,100,6404,1,0
D,G,D,9224,100,9224,1,0
D,H,D,1421,100,1421,1,0
A,E,E,1451,100,1451,1,0
B,E,E,4316,100,4316,1,0
C,E,E,9831,100,9831,1,0
D,E,E,9704,100,9704,1,0
E,F,E,3661,100,3661,1,0
E,G,E,9927,100,9927,1,0
E,H,E,9656,100,9656,1,0
A,F,F,3555,100,3555,1,0
B,F,F,1432,100,1432,1,0
C,F,F,7228,100,7228,1,0
D,F,F,6351,100,6351,1,0
E,F,F,3688,100,3688,1,0
F,G,F,7354,100,7354,1,0
F,H,F,6313,100,6313,1,0
A,G,G,9559,100,9559,1,0
B,G,G,7183,100,7183,1,0
C,G,G,1570,100,1570,1,0
D,G,G,9252,100,9252,1,0
E,G,G,9915,100,9915,1,0
F,G,G,7381,100,7381,1,0
G,H,G,9310,100,9310,1,0
A,H,H,9409,100,9409,1,0
B,H,H,6247,100,6247,1,0
C,H,H,9075,100,9075,1,0
D,H,H,1404,100,1404,1,0
E,H,H,9684,100,9684,1,0
F,H,H,6301,100,6301,1,0
G,H,H,9373,100,9373,1,0
