a,b,master,dist_mm,quality_percent,raw_mm,ok,fail
A,B,A,4781,100,4781,1,0
A,C,A,10677,100,10677,1,0
A,D,A,9537,100,9537,1,0
A,E,A,1405,100,1405,1,0
A,F,A,5055,100,5055,1,0
A,G,A,10654,100,10654,1,0
A,H,A,9922,100,9922,1,0
A,B,B,4744,100,4744,1,0
B,C,B,7006,100,7006,1,0
B,D,B,5283,100,5283,1,0
B,E,B,5184,100,5184,1,0
B,F,B,1355,100,1355,1,0
B,G,B,7090,100,7090,1,0
B,H,B,5768,100,5768,1,0
A,C,C,10632,100,10632,1,0
B,C,C,7023,100,7023,1,0
C,D,C,8739,100,8739,1,0
C,E,C,10795,100,10795,1,0
C,F,C,7174,100,7174,1,0
C,G,C,1388,100,1388,1,0
C,H,C,8991,100,8991,1,0
A,D,D,9544,100,9544,1,0
B,D,D,5277,100,5277,1,0
C,D,D,8757,100,8757,1,0
D,E,D,9920,100,9920,1,0
D,F,D,5371,100,5371,1,0
D,G,D,8862,100,8862,1,0
D,H,D,1465,100,1465,1,0
A,E,E,1432,100,1432,1,0
B,E,E,5165,100,5165,1,0
C,E,E,10774,100,10774,1,0
D,E,E,9931,100,9931,1,0
E,F,E,5097,100,5097,1,0
E,G,E,10652,100,10652,1,0
E,H,E,10126,100,10126,1,0
A,F,F,5053,100,5053,1,0
B,F,F,1347,100,1347,1,0
C,F,F,7195,100,7195,1,0
D,F,F,5367,100,5367,1,0
E,F,F,5097,100,5097,1,0
F,G,F,7004,100,7004,1,0
F,H,F,5471,100,5471,1,0
A,G,G,10659,100,10659,1,0
B,G,G,7052,100,7052,1,0
C,G,G,1427,100,1427,1,0
D,G,G,8877,100,8877,1,0
E,G,G,10635,100,10635,1,0
F,G,G,6966,100,6966,1,0
G,H,G,8874,100,8874,1,0
A,H,H,9949,100,9949,1,0
B,H,H,5744,100,5744,1,0
C,H,H,8884,100,8884,1,0
D,H,H,1504,100,1504,1,0
E,H,H,10141,100,10141,1,0
F,H,H,5428,100,5428,1,0
G,H,H,8875,100,8875,1,0
A,B,A,4765,100,4765,1,0
A,C,A,10614,100,10614,1,0
A,D,A,9519,100,9519,1,0
A,E,A,1379,100,1379,1,0
A,F,A,5022,100,5022,1,0
A,G,A,10638,100,10638,1,0
A,H,A,9930,100,9930,1,0
A,B,B,4790,100,4790,1,0
B,C,B,6985,100,6985,1,0
B,D,B,5337,100,5337,1,0
B,E,B,5205,100,5205,1,0
B,F,B,1361,100,1361,1,0
B,G,B,7037,100,7037,1,0
B,H,B,5743,100,5743,1,0
A,C,C,10632,100,10632,1,0
B,C,C,7008,100,7008,1,0
C,D,C,8775,100,8775,1,0
C,E,C,10823,100,10823,1,0
C,F,C,7177,100,7177,1,0
C,G,C,1337,100,1337,1,0
C,H,C,8926,100,8926,1,0
A,D,D,9546,100,9546,1,0
B,D,D,5265,100,5265,1,0
C,D,D,8730,100,8730,1,0
D,E,D,9940,100,9940,1,0
D,F,D,5385,100,5385,1,0
D,G,D,8856,100,8856,1,0
D,H,D,1562,100,1562,1,0
A,E,E,1441,100,1441,1,0
B,E,E,5162,100,5162,1,0
C,E,E,10842,100,10842,1,0
D,E,E,9934,100,9934,1,0
E,F,E,5092,100,5092,1,0
E,G,E,10641,100,10641,1,0
E,H,E,10163,100,10163,1,0
A,F,F,5047,100,5047,1,0
B,F,F,1362,100,1362,1,0
C,F,F,7209,100,7209,1,0
D,F,F,5369,100,5369,1,0
E,F,F,5077,100,5077,1,0
F,G,F,7029,100,7029,1,0
F,H,F,5457,100,5457,1,0
A,G,G,10585,100,10585,1,0
B,G,G,7072,100,7072,1,0
C,G,G,1352,100,1352,1,0
D,G,G,8904,100,8904,1,0
E,G,G,10657,100,10657,1,0
F,G,G,7012,100,7012,1,0
G,H,G,8863,100,8863,1,0
A,H,H,9944,100,9944,1,0
B,H,H,5737,100,5737,1,0
C,H,H,8963,100,8963,1,0
D,H,H,1523,100,1523,1,0
E,H,H,10144,100,10144,1,0
F,H,H,5477,100,5477,1,0
G,H,H,8895,100,8895,1,0
A,B,A,4807,100,4807,1,0
A,C,A,10630,100,10630,1,0
A,D,A,9540,100,9540,1,0
A,E,A,1379,100,1379,1,0
A,F,A,5090,100,5090,1,0
A,G,A,10659,100,10659,1,0
A,H,A,9904,100,9904,1,0
A,B,B,4772,100,4772,1,0
B,C,B,6999,100,6999,1,0
B,D,B,5264,100,5264,1,0
B,E,B,5210,100,5210,1,0
B,F,B,1363,100,1363,1,0
B,G,B,7106,100,7106,1,0
B,H,B,5736,100,5736,1,0
A,C,C,10662,100,10662,1,0
B,C,C,6978,100,6978,1,0
C,D,C,8738,100,8738,1,0
C,E,C,10805,100,10805,1,0
C,F,C,7176,100,7176,1,0
C,G,C,1406,100,1406,1,0
C,H,C,8949,100,8949,1,0
A,D,D,9527,100,9527,1,0
B,D,D,5256,100,5256,1,0
C,D,D,8751,100,8751,1,0
D,E,D,9951,100,9951,1,0
D,F,D,5342,100,5342,1,0
D,G,D,8908,100,8908,1,0
D,H,D,1521,100,1521,1,0
A,E,E,1419,100,1419,1,0
B,E,E,5216,100,5216,1,0
C,E,E,10777,100,10777,1,0
D,E,E,9957,100,9957,1,0
E,F,E,5146,100,5146,1,0
E,G,E,10645,100,10645,1,0
E,H,E,10153,100,10153,1,0
A,F,F,5038,100,5038,1,0
B,F,F,1350,100,1350,1,0
C,F,F,7198,100,7198,1,0
D,F,F,5374,100,5374,1,0
E,F,F,5088,100,5088,1,0
F,G,F,7016,100,7016,1,0
F,H,F,5438,100,5438,1,0
A,G,G,10636,100,10636,1,0
B,G,G,7112,100,7112,1,0
C,G,G,1363,100,1363,1,0
D,G,G,8923,100,8923,1,0
E,G,G,10640,100,10640,1,0
F,G,G,6997,100,6997,1,0
G,H,G,8889,100,8889,1,0
A,H,H,9937,100,9937,1,0
B,H,H,5756,100,5756,1,0
C,H,H,8926,100,8926,1,0
D,H,H,1494,100,1494,1,0
E,H,H,10150,100,10150,1,0
F,H,H,5438,100,5438,1,0
G,H,H,8891,100,8891,1,0
A,B,A,4751,100,4751,1,0
A,C,A,10671,100,10671,1,0
A,D,A,9523,100,9523,1,0
A,E,A,1425,100,1425,1,0
A,F,A,5073,100,5073,1,0
A,G,A,10644,100,10644,1,0
A,H,A,9959,100,9959,1,0
A,B,B,4759,100,4759,1,0
B,C,B,6974,100,6974,1,0
B,D,B,5296,100,5296,1,0
B,E,B,5163,100,5163,1,0
B,F,B,1335,100,1335,1,0
B,G,B,7065,100,7065,1,0
B,H,B,5760,100,5760,1,0
A,C,C,10592,100,10592,1,0
B,C,C,7008,100,7008,1,0
C,D,C,8733,100,8733,1,0
C,E,C,10832,100,10832,1,0
C,F,C,7179,100,7179,1,0
C,G,C,1355,100,1355,1,0
C,H,C,8932,100,8932,1,0
A,D,D,9500,100,9500,1,0
B,D,D,5266,100,5266,1,0
C,D,D,8722,100,8722,1,0
D,E,D,9916,100,9916,1,0
D,F,D,5343,100,5343,1,0
D,G,D,8872,100,8872,1,0
D,H,D,1514,100,1514,1,0
A,E,E,1395,100,1395,1,0
B,E,E,5171,100,5171,1,0
C,E,E,10829,100,10829,1,0
D,E,E,9953,100,9953,1,0
E,F,E,5119,100,5119,1,0
E,G,E,10629,100,10629,1,0
E,H,E,10136,100,10136,1,0
A,F,F,5065,100,5065,1,0
B,F,F,1360,100,1360,1,0
C,F,F,7223,100,7223,1,0
D,F,F,5372,100,5372,1,0
E,F,F,5096,100,5096,1,0
F,G,F,7023,100,7023,1,0
F,H,F,5481,100,5481,1,0
A,G,G,10647,100,10647,1,0
B,G,G,7078,100,7078,1,0
C,G,G,1377,100,1377,1,0
D,G,G,8905,100,8905,1,0
E,G,G,10643,100,10643,1,0
F,G,G,6995,100,6995,1,0
G,H,G,8895,100,8895,1,0
A,H,H,9936,100,9936,1,0
B,H,H,5734,100,5734,1,0
C,H,H,8943,100,8943,1,0
D,H,H,1475,100,1475,1,0
E,H,H,10148,100,10148,1,0
F,H,H,5448,100,5448,1,0
G,H,H,8860,100,8860,1,0
A,B,A,4752,100,4752,1,0
A,C,A,10645,100,10645,1,0
A,D,A,9518,100,9518,1,0
A,E,A,1432,100,1432,1,0
A,F,A,5014,100,5014,1,0
A,G,A,10664,100,10664,1,0
A,H,A,9923,100,9923,1,0
A,B,B,4793,100,4793,1,0
B,C,B,7012,100,7012,1,0
B,D,B,5275,100,5275,1,0
B,E,B,5177,100,5177,1,0
B,F,B,1372,100,1372,1,0
B,G,B,7072,100,7072,1,0
B,H,B,5714,100,5714,1,0
A,C,C,10679,100,10679,1,0
B,C,C,6989,100,6989,1,0
C,D,C,8751,100,8751,1,0
C,E,C,10787,100,10787,1,0
C,F,C,7226,100,7226,1,0
C,G,C,1419,100,1419,1,0
C,H,C,8949,100,8949,1,0
A,D,D,9555,100,9555,1,0
B,D,D,5272,100,5272,1,0
C,D,D,8758,100,8758,1,0
D,E,D,9923,100,9923,1,0
D,F,D,5372,100,5372,1,0
D,G,D,8921,100,8921,1,0
D,H,D,1548,100,1548,1,0
A,E,E,1400,100,1400,1,0
B,E,E,5210,100,5210,1,0
C,E,E,10826,100,10826,1,0
D,E,E,9944,100,9944,1,0
E,F,E,5102,100,5102,1,0
E,G,E,10620,100,10620,1,0
E,H,E,10175,100,10175,1,0
A,F,F,5014,100,5014,1,0
B,F,F,1366,100,1366,1,0
C,F,F,7194,100,7194,1,0
D,F,F,5329,100,5329,1,0
E,F,F,5150,100,5150,1,0
F,G,F,7019,100,7019,1,0
F,H,F,5504,100,5504,1,0
A,G,G,10613,100,10613,1,0
B,G,G,7112,100,7112,1,0
C,G,G,1396,100,1396,1,0
D,G,G,8839,100,8839,1,0
E,G,G,10635,100,10635,1,0
F,G,G,7030,100,7030,1,0
G,H,G,8866,100,8866,1,0
A,H,H,9946,100,9946,1,0
B,H,H,5777,100,5777,1,0
C,H,H,8963,100,8963,1,0
D,H,H,1509,100,1509,1,0
E,H,H,10123,100,10123,1,0
F,H,H,5465,100,5465,1,0
G,H,H,8906,100,8906,1,0
A,B,A,4789,100,4789,1,0
A,C,A,10608,100,10608,1,0
A,D,A,9529,100,9529,1,0
A,E,A,1440,100,1440,1,0
A,F,A,5078,100,5078,1,0
A,G,A,10656,100,10656,1,0
A,H,A,9932,100,9932,1,0
A,B,B,4806,100,4806,1,0
B,C,B,7035,100,7035,1,0
B,D,B,5301,100,5301,1,0
B,E,B,5168,100,5168,1,0
B,F,B,1352,100,1352,1,0
B,G,B,7072,100,7072,1,0
B,H,B,5714,100,5714,1,0
A,C,C,10607,100,10607,1,0
B,C,C,7013,100,7013,1,0
C,D,C,8707,100,8707,1,0
C,E,C,10829,100,10829,1,0
C,F,C,7176,100,7176,1,0
C,G,C,1364,100,1364,1,0
C,H,C,8960,100,8960,1,0
A,D,D,9517,100,9517,1,0
B,D,D,5311,100,5311,1,0
C,D,D,8731,100,8731,1,0
D,E,D,9900,100,9900,1,0
D,F,D,5347,100,5347,1,0
D,G,D,8876,100,8876,1,0
D,H,D,1453,100,1453,1,0
A,E,E,1427,100,1427,1,0
B,E,E,5198,100,5198,1,0
C,E,E,10813,100,10813,1,0
D,E,E,9986,100,9986,1,0
E,F,E,5132,100,5132,1,0
E,G,E,10640,100,10640,1,0
E,H,E,10170,100,10170,1,0
A,F,F,5084,100,5084,1,0
B,F,F,1320,100,1320,1,0
C,F,F,7174,100,7174,1,0
D,F,F,5393,100,5393,1,0
E,F,F,5122,100,5122,1,0
F,G,F,7008,100,7008,1,0
F,H,F,5462,100,5462,1,0
A,G,G,10613,100,10613,1,0
B,G,G,7031,100,7031,1,0
C,G,G,1384,100,1384,1,0
D,G,G,8872,100,8872,1,0
E,G,G,10605,100,10605,1,0
F,G,G,6967,100,6967,1,0
G,H,G,8874,100,8874,1,0
A,H,H,9932,100,9932,1,0
B,H,H,5754,100,5754,1,0
C,H,H,8900,100,8900,1,0
D,H,H,1535,100,1535,1,0
E,H,H,10163,100,10163,1,0
F,H,H,5433,100,5433,1,0
G,H,H,8870,100,8870,1,0
A,B,A,4776,100,4776,1,0
A,C,A,10647,100,10647,1,0
A,D,A,9525,100,9525,1,0
A,E,A,1398,100,1398,1,0
A,F,A,5046,100,5046,1,0
A,G,A,10647,100,10647,1,0
A,H,A,9930,100,9930,1,0
A,B,B,4759,100,4759,1,0
B,C,B,6991,100,6991,1,0
B,D,B,5299,100,5299,1,0
B,E,B,5195,100,5195,1,0
B,F,B,1368,100,1368,1,0
B,G,B,7058,100,7058,1,0
B,H,B,5711,100,5711,1,0
A,C,C,10626,100,10626,1,0
B,C,C,7009,100,7009,1,0
C,D,C,8745,100,8745,1,0
C,E,C,10780,100,10780,1,0
C,F,C,7207,100,7207,1,0
C,G,C,1369,100,1369,1,0
C,H,C,8888,100,8888,1,0
A,D,D,9510,100,9510,1,0
B,D,D,5320,100,5320,1,0
C,D,D,8729,100,8729,1,0
D,E,D,9962,100,9962,1,0
D,F,D,5329,100,5329,1,0
D,G,D,8900,100,8900,1,0
D,H,D,1459,100,1459,1,0
A,E,E,1458,100,1458,1,0
B,E,E,5202,100,5202,1,0
C,E,E,10837,100,10837,1,0
D,E,E,9887,100,9887,1,0
E,F,E,5099,100,5099,1,0
E,G,E,10649,100,10649,1,0
E,H,E,10128,100,10128,1,0
A,F,F,5044,100,5044,1,0
B,F,F,1342,100,1342,1,0
C,F,F,7233,100,7233,1,0
D,F,F,5372,100,5372,1,0
E,F,F,5081,100,5081,1,0
F,G,F,6977,100,6977,1,0
F,H,F,5467,100,5467,1,0
A,G,G,10640,100,10640,1,0
B,G,G,7068,100,7068,1,0
C,G,G,1391,100,1391,1,0
D,G,G,8895,100,8895,1,0
E,G,G,10632,100,10632,1,0
F,G,G,6967,100,6967,1,0
G,H,G,8900,100,8900,1,0
A,H,H,9974,100,9974,1,0
B,H,H,5712,100,5712,1,0
C,H,H,8919,100,8919,1,0
D,H,H,1446,100,1446,1,0
E,H,H,10155,100,10155,1,0
F,H,H,5436,100,5436,1,0
G,H,H,8894,100,8894,1,0
A,B,A,4797,100,4797,1,0
A,C,A,10676,100,10676,1,0
A,D,A,9525,100,9525,1,0
A,E,A,1392,100,1392,1,0
A,F,A,5038,100,5038,1,0
A,G,A,10655,100,10655,1,0
A,H,A,9952,100,9952,1,0
A,B,B,4760,100,4760,1,0
B,C,B,7037,100,7037,1,0
B,D,B,5259,100,5259,1,0
B,E,B,5189,100,5189,1,0
B,F,B,1355,100,1355,1,0
B,G,B,7093,100,7093,1,0
B,H,B,5757,100,5757,1,0
A,C,C,10610,100,10610,1,0
B,C,C,7014,100,7014,1,0
C,D,C,8720,100,8720,1,0
C,E,C,10797,100,10797,1,0
C,F,C,7199,100,7199,1,0
C,G,C,1336,100,1336,1,0
C,H,C,8973,100,8973,1,0
A,D,D,9499,100,9499,1,0
B,D,D,5281,100,5281,1,0
C,D,D,8756,100,8756,1,0
D,E,D,9958,100,9958,1,0
D,F,D,5349,100,5349,1,0
D,G,D,8909,100,8909,1,0
D,H,D,1497,100,1497,1,0
A,E,E,1398,100,1398,1,0
B,E,E,5198,100,5198,1,0
C,E,E,10806,100,10806,1,0
D,E,E,9861,100,9861,1,0
E,F,E,5127,100,5127,1,0
E,G,E,10606,100,10606,1,0
E,H,E,10123,100,10123,1,0
A,F,F,5005,100,5005,1,0
B,F,F,1335,100,1335,1,0
C,F,F,7216,100,7216,1,0
D,F,F,5331,100,5331,1,0
E,F,F,5094,100,5094,1,0
F,G,F,6991,100,6991,1,0
F,H,F,5464,100,5464,1,0
A,G,G,10608,100,10608,1,0
B,G,G,7088,100,7088,1,0
C,G,G,1402,100,1402,1,0
D,G,G,8918,100,8918,1,0
E,G,G,10622,100,10622,1,0
F,G,G,6987,100,6987,1,0
G,H,G,8900,100,8900,1,0
A,H,H,9934,100,9934,1,0
B,H,H,5741,100,5741,1,0
C,H,H,8987,100,8987,1,0
D,H,H,1525,100,1525,1,0
E,H,H,10132,100,10132,1,0
F,H,H,5506,100,5506,1,0
G,H,H,8897,100,8897,1,0
A,B,A,4782,100,4782,1,0
A,C,A,10600,100,10600,1,0
A,D,A,9517,100,9517,1,0
A,E,A,1445,100,1445,1,0
A,F,A,5044,100,5044,1,0
A,G,A,10669,100,10669,1,0
A,H,A,9944,100,9944,1,0
A,B,B,4797,100,4797,1,0
B,C,B,7017,100,7017,1,0
B,D,B,5299,100,5299,1,0
B,E,B,5217,100,5217,1,0
B,F,B,1336,100,1336,1,0
B,G,B,7081,100,7081,1,0
B,H,B,5753,100,5753,1,0
A,C,C,10624,100,10624,1,0
B,C,C,7037,100,7037,1,0
C,D,C,8777,100,8777,1,0
C,E,C,10809,100,10809,1,0
C,F,C,7199,100,7199,1,0
C,G,C,1407,100,1407,1,0
C,H,C,8935,100,8935,1,0
A,D,D,9522,100,9522,1,0
B,D,D,5313,100,5313,1,0
C,D,D,8763,100,8763,1,0
D,E,D,9954,100,9954,1,0
D,F,D,5385,100,5385,1,0
D,G,D,8909,100,8909,1,0
D,H,D,1518,100,1518,1,0
A,E,E,1423,100,1423,1,0
B,E,E,5153,100,5153,1,0
C,E,E,10823,100,10823,1,0
D,E,E,9971,100,9971,1,0
E,F,E,5119,100,5119,1,0
E,G,E,10634,100,10634,1,0
E,H,E,10183,100,10183,1,0
A,F,F,5039,100,5039,1,0
B,F,F,1332,100,1332,1,0
C,F,F,7206,100,7206,1,0
D,F,F,5379,100,5379,1,0
E,F,F,5103,100,5103,1,0
F,G,F,6984,100,6984,1,0
F,H,F,5450,100,5450,1,0
A,G,G,10599,100,10599,1,0
B,G,G,7122,100,7122,1,0
C,G,G,1382,100,1382,1,0
D,G,G,8888,100,8888,1,0
E,G,G,10624,100,10624,1,0
F,G,G,7016,100,7016,1,0
G,H,G,8827,100,8827,1,0
A,H,H,9941,100,9941,1,0
B,H,H,5723,100,5723,1,0
C,H,H,8975,100,8975,1,0
D,H,H,1494,100,1494,1,0
E,H,H,10173,100,10173,1,0
F,H,H,5485,100,5485,1,0
G,H,H,8840,100,8840,1,0
A,B,A,4753,100,4753,1,0
A,C,A,10636,100,10636,1,0
A,D,A,9499,100,9499,1,0
A,E,A,1427,100,1427,1,0
A,F,A,5069,100,5069,1,0
A,G,A,10648,100,10648,1,0
A,H,A,9955,100,9955,1,0
A,B,B,4754,100,4754,1,0
B,C,B,6996,100,6996,1,0
B,D,B,5296,100,5296,1,0
B,E,B,5194,100,5194,1,0
B,F,B,1355,100,1355,1,0
B,G,B,7057,100,7057,1,0
B,H,B,5739,100,5739,1,0
A,C,C,10664,100,10664,1,0
B,C,C,7020,100,7020,1,0
C,D,C,8739,100,8739,1,0
C,E,C,10782,100,10782,1,0
C,F,C,7208,100,7208,1,0
C,G,C,1398,100,1398,1,0
C,H,C,8946,100,8946,1,0
A,D,D,9520,100,9520,1,0
B,D,D,5258,100,5258,1,0
C,D,D,8721,100,8721,1,0
D,E,D,9972,100,9972,1,0
D,F,D,5355,100,5355,1,0
D,G,D,8894,100,8894,1,0
D,H,D,1472,100,1472,1,0
A,E,E,1403,100,1403,1,0
B,E,E,5187,100,5187,1,0
C,E,E,10853,100,10853,1,0
D,E,E,9978,100,9978,1,0
E,F,E,5078,100,5078,1,0
E,G,E,10620,100,10620,1,0
E,H,E,10097,100,10097,1,0
A,F,F,5071,100,5071,1,0
B,F,F,1380,100,1380,1,0
C,F,F,7178,100,7178,1,0
D,F,F,5350,100,5350,1,0
E,F,F,5091,100,5091,1,0
F,G,F,7013,100,7013,1,0
F,H,F,5462,100,5462,1,0
A,G,G,10651,100,10651,1,0
B,G,G,7037,100,7037,1,0
C,G,G,1367,100,1367,1,0
D,G,G,8902,100,8902,1,0
E,G,G,10651,100,10651,1,0
F,G,G,6977,100,6977,1,0
G,H,G,8895,100,8895,1,0
A,H,H,9962,100,9962,1,0
B,H,H,5755,100,5755,1,0
C,H,H,8910,100,8910,1,0
D,H,H,1462,100,1462,1,0
E,H,H,10164,100,10164,1,0
F,H,H,5451,100,5451,1,0
G,H,H,8858,100,8858,1,0
A,B,A,4788,100,4788,1,0
A,C,A,10638,100,10638,1,0
A,D,A,9548,100,9548,1,0
A,E,A,1385,100,1385,1,0
A,F,A,5057,100,5057,1,0
A,G,A,10676,100,10676,1,0
A,H,A,9965,100,9965,1,0
A,B,B,4824,100,4824,1,0
B,C,B,7012,100,7012,1,0
B,D,B,5260,100,5260,1,0
B,E,B,5169,100,5169,1,0
B,F,B,1351,100,1351,1,0
B,G,B,7087,100,7087,1,0
B,H,B,5758,100,5758,1,0
A,C,C,10634,100,10634,1,0
B,C,C,6983,100,6983,1,0
C,D,C,8763,100,8763,1,0
C,E,C,10834,100,10834,1,0
C,F,C,7170,100,7170,1,0
C,G,C,1359,100,1359,1,0
C,H,C,8941,100,8941,1,0
A,D,D,9528,100,9528,1,0
B,D,D,5280,100,5280,1,0
C,D,D,8724,100,8724,1,0
D,E,D,9926,100,9926,1,0
D,F,D,5350,100,5350,1,0
D,G,D,8917,100,8917,1,0
D,H,D,1502,100,1502,1,0
A,E,E,1420,100,1420,1,0
B,E,E,5202,100,5202,1,0
C,E,E,10830,100,10830,1,0
D,E,E,9894,100,9894,1,0
E,F,E,5103,100,5103,1,0
E,G,E,10609,100,10609,1,0
E,H,E,10150,100,10150,1,0
A,F,F,5045,100,5045,1,0
B,F,F,1377,100,1377,1,0
C,F,F,7196,100,7196,1,0
D,F,F,5363,100,5363,1,0
E,F,F,5160,100,5160,1,0
F,G,F,6995,100,6995,1,0
F,H,F,5441,100,5441,1,0
A,G,G,10657,100,10657,1,0
B,G,G,7060,100,7060,1,0
C,G,G,1355,100,1355,1,0
D,G,G,8890,100,8890,1,0
E,G,G,10648,100,10648,1,0
F,G,G,7001,100,7001,1,0
G,H,G,8873,100,8873,1,0
A,H,H,9926,100,9926,1,0
B,H,H,5718,100,5718,1,0
C,H,H,8940,100,8940,1,0
D,H,H,1477,100,1477,1,0
E,H,H,10145,100,10145,1,0
F,H,H,5472,100,5472,1,0
G,H,H,8890,100,8890,1,0
A,B,A,4736,100,4736,1,0
A,C,A,10587,100,10587,1,0
A,D,A,9527,100,9527,1,0
A,E,A,1390,100,1390,1,0
A,F,A,5102,100,5102,1,0
A,G,A,10655,100,10655,1,0
A,H,A,9967,100,9967,1,0
A,B,B,4807,100,4807,1,0
B,C,B,6990,100,6990,1,0
B,D,B,5345,100,5345,1,0
B,E,B,5183,100,5183,1,0
B,F,B,1384,100,1384,1,0
B,G,B,7088,100,7088,1,0
B,H,B,5724,100,5724,1,0
A,C,C,10729,100,10729,1,0
B,C,C,7011,100,7011,1,0
C,D,C,8717,100,8717,1,0
C,E,C,10787,100,10787,1,0
C,F,C,7188,100,7188,1,0
C,G,C,1392,100,1392,1,0
C,H,C,8910,100,8910,1,0
A,D,D,9529,100,9529,1,0
B,D,D,5304,100,5304,1,0
C,D,D,8725,100,8725,1,0
D,E,D,9953,100,9953,1,0
D,F,D,5368,100,5368,1,0
D,G,D,8896,100,8896,1,0
D,H,D,1526,100,1526,1,0
A,E,E,1465,100,1465,1,0
B,E,E,5181,100,5181,1,0
C,E,E,10808,100,10808,1,0
D,E,E,9885,100,9885,1,0
E,F,E,5125,100,5125,1,0
E,G,E,10631,100,10631,1,0
E,H,E,10166,100,10166,1,0
A,F,F,5111,100,5111,1,0
B,F,F,1392,100,1392,1,0
C,F,F,7190,100,7190,1,0
D,F,F,5403,100,5403,1,0
E,F,F,5098,100,5098,1,0
F,G,F,7031,100,7031,1,0
F,H,F,5460,100,5460,1,0
A,G,G,10662,100,10662,1,0
B,G,G,7134,100,7134,1,0
C,G,G,1380,100,1380,1,0
D,G,G,8877,100,8877,1,0
E,G,G,10616,100,10616,1,0
F,G,G,6994,100,6994,1,0
G,H,G,8882,100,8882,1,0
A,H,H,9912,100,9912,1,0
B,H,H,5737,100,5737,1,0
C,H,H,8919,100,8919,1,0
D,H,H,1496,100,1496,1,0
E,H,H,10123,100,10123,1,0
F,H,H,5451,100,5451,1,0
G,H,H,8880,100,8880,1,0
A,B,A,4760,100,4760,1,0
A,C,A,10608,100,10608,1,0
A,D,A,9537,100,9537,1,0
A,E,A,1376,100,1376,1,0
A,F,A,5059,100,5059,1,0
A,G,A,10639,100,10639,1,0
A,H,A,9916,100,9916,1,0
A,B,B,4752,100,4752,1,0
B,C,B,6990,100,6990,1,0
B,D,B,5308,100,5308,1,0
B,E,B,5203,100,5203,1,0
B,F,B,1348,100,1348,1,0
B,G,B,7052,100,7052,1,0
B,H,B,5719,100,5719,1,0
A,C,C,10685,100,10685,1,0
B,C,C,7041,100,7041,1,0
C,D,C,8724,100,8724,1,0
C,E,C,10806,100,10806,1,0
C,F,C,7192,100,7192,1,0
C,G,C,1345,100,1345,1,0
C,H,C,8961,100,8961,1,0
A,D,D,9512,100,9512,1,0
B,D,D,5248,100,5248,1,0
C,D,D,8763,100,8763,1,0
D,E,D,9922,100,9922,1,0
D,F,D,5353,100,5353,1,0
D,G,D,8920,100,8920,1,0
D,H,D,1527,100,1527,1,0
A,E,E,1444,100,1444,1,0
B,E,E,5205,100,5205,1,0
C,E,E,10820,100,10820,1,0
D,E,E,9917,100,9917,1,0
E,F,E,5055,100,5055,1,0
E,G,E,10632,100,10632,1,0
E,H,E,10105,100,10105,1,0
A,F,F,5073,100,5073,1,0
B,F,F,1347,100,1347,1,0
C,F,F,7200,100,7200,1,0
D,F,F,5361,100,5361,1,0
E,F,F,5111,100,5111,1,0
F,G,F,7013,100,7013,1,0
F,H,F,5486,100,5486,1,0
A,G,G,10628,100,10628,1,0
B,G,G,7075,100,7075,1,0
C,G,G,1384,100,1384,1,0
D,G,G,8909,100,8909,1,0
E,G,G,10639,100,10639,1,0
F,G,G,7022,100,7022,1,0
G,H,G,8866,100,8866,1,0
A,H,H,9941,100,9941,1,0
B,H,H,5755,100,5755,1,0
C,H,H,8968,100,8968,1,0
D,H,H,1540,100,1540,1,0
E,H,H,10166,100,10166,1,0
F,H,H,5443,100,5443,1,0
G,H,H,8894,100,8894,1,0
A,B,A,4772,100,4772,1,0
A,C,A,10650,100,10650,1,0
A,D,A,9501,100,9501,1,0
A,E,A,1379,100,1379,1,0
A,F,A,5091,100,5091,1,0
A,G,A,10634,100,10634,1,0
A,H,A,9947,100,9947,1,0
A,B,B,4757,100,4757,1,0
B,C,B,7028,100,7028,1,0
B,D,B,5305,100,5305,1,0
B,E,B,5146,100,5146,1,0
B,F,B,1387,100,1387,1,0
B,G,B,7074,100,7074,1,0
B,H,B,5744,100,5744,1,0
A,C,C,10634,100,10634,1,0
B,C,C,7011,100,7011,1,0
C,D,C,8722,100,8722,1,0
C,E,C,10839,100,10839,1,0
C,F,C,7167,100,7167,1,0
C,G,C,1348,100,1348,1,0
C,H,C,8957,100,8957,1,0
A,D,D,9543,100,9543,1,0
B,D,D,5280,100,5280,1,0
C,D,D,8756,100,8756,1,0
D,E,D,9934,100,9934,1,0
D,F,D,5363,100,5363,1,0
D,G,D,8958,100,8958,1,0
D,H,D,1501,100,1501,1,0
A,E,E,1397,100,1397,1,0
B,E,E,5176,100,5176,1,0
C,E,E,10842,100,10842,1,0
D,E,E,9966,100,9966,1,0
E,F,E,5088,100,5088,1,0
E,G,E,10626,100,10626,1,0
E,H,E,10138,100,10138,1,0
A,F,F,5076,100,5076,1,0
B,F,F,1342,100,1342,1,0
C,F,F,7215,100,7215,1,0
D,F,F,5353,100,5353,1,0
E,F,F,5118,100,5118,1,0
F,G,F,7021,100,7021,1,0
F,H,F,5462,100,5462,1,0
A,G,G,10591,100,10591,1,0
B,G,G,7080,100,7080,1,0
C,G,G,1379,100,1379,1,0
D,G,G,8893,100,8893,1,0
E,G,G,10609,100,10609,1,0
F,G,G,6951,100,6951,1,0
G,H,G,8839,100,8839,1,0
A,H,H,9948,100,9948,1,0
B,H,H,5730,100,5730,1,0
C,H,H,8918,100,8918,1,0
D,H,H,1482,100,1482,1,0
E,H,H,10112,100,10112,1,0
F,H,H,5488,100,5488,1,0
G,H,H,8877,100,8877,1,0
A,B,A,4790,100,4790,1,0
A,C,A,10657,100,10657,1,0
A,D,A,9541,100,9541,1,0
A,E,A,1419,100,1419,1,0
A,F,A,5018,100,5018,1,0
A,G,A,10654,100,10654,1,0
A,H,A,9930,100,9930,1,0
A,B,B,4805,100,4805,1,0
B,C,B,7017,100,7017,1,0
B,D,B,5289,100,5289,1,0
B,E,B,5182,100,5182,1,0
B,F,B,1349,100,1349,1,0
B,G,B,7057,100,7057,1,0
B,H,B,5771,100,5771,1,0
A,C,C,10613,100,10613,1,0
B,C,C,7034,100,7034,1,0
C,D,C,8772,100,8772,1,0
C,E,C,10814,100,10814,1,0
C,F,C,7184,100,7184,1,0
C,G,C,1408,100,1408,1,0
C,H,C,8944,100,8944,1,0
A,D,D,9550,100,9550,1,0
B,D,D,5284,100,5284,1,0
C,D,D,8706,100,8706,1,0
D,E,D,9913,100,9913,1,0
D,F,D,5374,100,5374,1,0
D,G,D,8892,100,8892,1,0
D,H,D,1520,100,1520,1,0
A,E,E,1453,100,1453,1,0
B,E,E,5169,100,5169,1,0
C,E,E,10757,100,10757,1,0
D,E,E,9955,100,9955,1,0
E,F,E,5119,100,5119,1,0
E,G,E,10602,100,10602,1,0
E,H,E,10133,100,10133,1,0
A,F,F,5072,100,5072,1,0
B,F,F,1361,100,1361,1,0
C,F,F,7212,100,7212,1,0
D,F,F,5359,100,5359,1,0
E,F,F,5116,100,5116,1,0
F,G,F,6991,100,6991,1,0
F,H,F,5475,100,5475,1,0
A,G,G,10632,100,10632,1,0
B,G,G,7160,100,7160,1,0
C,G,G,1421,100,1421,1,0
D,G,G,8893,100,8893,1,0
E,G,G,10674,100,10674,1,0
F,G,G,7025,100,7025,1,0
G,H,G,8859,100,8859,1,0
A,H,H,9946,100,9946,1,0
B,H,H,5801,100,5801,1,0
C,H,H,8955,100,8955,1,0
D,H,H,1453,100,1453,1,0
E,H,H,10158,100,10158,1,0
F,H,H,5472,100,5472,1,0
G,H,H,8866,100,8866,1,0
A,B,A,4783,100,4783,1,0
A,C,A,10596,100,10596,1,0
A,D,A,9556,100,9556,1,0
A,E,A,1382,100,1382,1,0
A,F,A,5059,100,5059,1,0
A,G,A,10649,100,10649,1,0
A,H,A,9963,100,9963,1,0
A,B,B,4748,100,4748,1,0
B,C,B,6988,100,6988,1,0
B,D,B,5295,100,5295,1,0
B,E,B,5147,100,5147,1,0
B,F,B,1364,100,1364,1,0
B,G,B,7081,100,7081,1,0
B,H,B,5722,100,5722,1,0
A,C,C,10633,100,10633,1,0
B,C,C,6983,100,6983,1,0
C,D,C,8767,100,8767,1,0
C,E,C,10843,100,10843,1,0
C,F,C,7214,100,7214,1,0
C,G,C,1394,100,1394,1,0
C,H,C,8970,100,8970,1,0
A,D,D,9543,100,9543,1,0
B,D,D,5291,100,5291,1,0
C,D,D,8752,100,8752,1,0
D,E,D,9951,100,9951,1,0
D,F,D,5369,100,5369,1,0
D,G,D,8905,100,8905,1,0
D,H,D,1449,100,1449,1,0
A,E,E,1403,100,1403,1,0
B,E,E,5203,100,5203,1,0
C,E,E,10780,100,10780,1,0
D,E,E,9948,100,9948,1,0
E,F,E,5113,100,5113,1,0
E,G,E,10618,100,10618,1,0
E,H,E,10103,100,10103,1,0
A,F,F,5010,100,5010,1,0
B,F,F,1352,100,1352,1,0
C,F,F,7200,100,7200,1,0
D,F,F,5349,100,5349,1,0
E,F,F,5104,100,5104,1,0
F,G,F,7017,100,7017,1,0
F,H,F,5494,100,5494,1,0
A,G,G,10641,100,10641,1,0
B,G,G,7058,100,7058,1,0
C,G,G,1385,100,1385,1,0
D,G,G,8915,100,8915,1,0
E,G,G,10612,100,10612,1,0
F,G,G,7016,100,7016,1,0
G,H,G,8861,100,8861,1,0
A,H,H,9908,100,9908,1,0
B,H,H,5754,100,5754,1,0
C,H,H,8942,100,8942,1,0
D,H,H,1502,100,1502,1,0
E,H,H,10160,100,10160,1,0
F,H,H,5421,100,5421,1,0
G,H,H,8852,100,8852,1,0
A,B,A,4766,100,4766,1,0
A,C,A,10652,100,10652,1,0
A,D,A,9545,100,9545,1,0
A,E,A,1416,100,1416,1,0
A,F,A,5030,100,5030,1,0
A,G,A,10609,100,10609,1,0
A,H,A,9917,100,9917,1,0
A,B,B,4741,100,4741,1,0
B,C,B,7016,100,7016,1,0
B,D,B,5338,100,5338,1,0
B,E,B,5149,100,5149,1,0
B,F,B,1357,100,1357,1,0
B,G,B,7106,100,7106,1,0
B,H,B,5698,100,5698,1,0
A,C,C,10617,100,10617,1,0
B,C,C,7002,100,7002,1,0
C,D,C,8783,100,8783,1,0
C,E,C,10807,100,10807,1,0
C,F,C,7159,100,7159,1,0
C,G,C,1421,100,1421,1,0
C,H,C,8952,100,8952,1,0
A,D,D,9523,100,9523,1,0
B,D,D,5267,100,5267,1,0
C,D,D,8726,100,8726,1,0
D,E,D,9950,100,9950,1,0
D,F,D,5375,100,5375,1,0
D,G,D,8875,100,8875,1,0
D,H,D,1470,100,1470,1,0
A,E,E,1389,100,1389,1,0
B,E,E,5176,100,5176,1,0
C,E,E,10861,100,10861,1,0
D,E,E,9883,100,9883,1,0
E,F,E,5119,100,5119,1,0
E,G,E,10645,100,10645,1,0
E,H,E,10166,100,10166,1,0
A,F,F,5065,100,5065,1,0
B,F,F,1327,100,1327,1,0
C,F,F,7233,100,7233,1,0
D,F,F,5365,100,5365,1,0
E,F,F,5106,100,5106,1,0
F,G,F,7001,100,7001,1,0
F,H,F,5443,100,5443,1,0
A,G,G,10553,100,10553,1,0
B,G,G,7051,100,7051,1,0
C,G,G,1326,100,1326,1,0
D,G,G,8882,100,8882,1,0
E,G,G,10630,100,10630,1,0
F,G,G,7012,100,7012,1,0
G,H,G,8882,100,8882,1,0
A,H,H,9974,100,9974,1,0
B,H,H,5764,100,5764,1,0
C,H,H,8966,100,8966,1,0
D,H,H,1536,100,1536,1,0
E,H,H,10139,100,10139,1,0
F,H,H,5453,100,5453,1,0
G,H,H,8870,100,8870,1,0
A,B,A,4779,100,4779,1,0
A,C,A,10617,100,10617,1,0
A,D,A,9541,100,9541,1,0
A,E,A,1422,100,1422,1,0
A,F,A,5026,100,5026,1,0
A,G,A,10659,100,10659,1,0
A,H,A,10000,100,10000,1,0
A,B,B,4795,100,4795,1,0
B,C,B,7037,100,7037,1,0
B,D,B,5306,100,5306,1,0
B,E,B,5157,100,5157,1,0
B,F,B,1346,100,1346,1,0
B,G,B,7088,100,7088,1,0
B,H,B,5708,100,5708,1,0
A,C,C,10633,100,10633,1,0
B,C,C,6991,100,6991,1,0
C,D,C,8729,100,8729,1,0
C,E,C,10811,100,10811,1,0
C,F,C,7183,100,7183,1,0
C,G,C,1365,100,1365,1,0
C,H,C,8942,100,8942,1,0
A,D,D,9514,100,9514,1,0
B,D,D,5281,100,5281,1,0
C,D,D,8711,100,8711,1,0
D,E,D,9971,100,9971,1,0
D,F,D,5336,100,5336,1,0
D,G,D,8878,100,8878,1,0
D,H,D,1504,100,1504,1,0
A,E,E,1444,100,1444,1,0
B,E,E,5229,100,5229,1,0
C,E,E,10807,100,10807,1,0
D,E,E,9927,100,9927,1,0
E,F,E,5091,100,5091,1,0
E,G,E,10620,100,10620,1,0
E,H,E,10116,100,10116,1,0
A,F,F,5124,100,5124,1,0
B,F,F,1345,100,1345,1,0
C,F,F,7189,100,7189,1,0
D,F,F,5338,100,5338,1,0
E,F,F,5121,100,5121,1,0
F,G,F,7005,100,7005,1,0
F,H,F,5478,100,5478,1,0
A,G,G,10572,100,10572,1,0
B,G,G,7089,100,7089,1,0
C,G,G,1343,100,1343,1,0
D,G,G,8891,100,8891,1,0
E,G,G,10650,100,10650,1,0
F,G,G,6978,100,6978,1,0
G,H,G,8901,100,8901,1,0
A,H,H,9947,100,9947,1,0
B,H,H,5727,100,5727,1,0
C,H,H,8893,100,8893,1,0
D,H,H,1467,100,1467,1,0
E,H,H,10174,100,10174,1,0
F,H,H,5449,100,5449,1,0
G,H,H,8858,100,8858,1,0
A,B,A,4776,100,4776,1,0
A,C,A,10671,100,10671,1,0
A,D,A,9520,100,9520,1,0
A,E,A,1454,100,1454,1,0
A,F,A,5052,100,5052,1,0
A,G,A,10622,100,10622,1,0
A,H,A,9933,100,9933,1,0
A,B,B,4741,100,4741,1,0
B,C,B,7041,100,7041,1,0
B,D,B,5317,100,5317,1,0
B,E,B,5191,100,5191,1,0
B,F,B,1327,100,1327,1,0
B,G,B,7116,100,7116,1,0
B,H,B,5752,100,5752,1,0
A,C,C,10677,100,10677,1,0
B,C,C,6995,100,6995,1,0
C,D,C,8764,100,8764,1,0
C,E,C,10887,100,10887,1,0
C,F,C,7184,100,7184,1,0
C,G,C,1342,100,1342,1,0
C,H,C,8953,100,8953,1,0
A,D,D,9556,100,9556,1,0
B,D,D,5286,100,5286,1,0
C,D,D,8771,100,8771,1,0
D,E,D,9915,100,9915,1,0
D,F,D,5360,100,5360,1,0
D,G,D,8867,100,8867,1,0
D,H,D,1510,100,1510,1,0
A,E,E,1399,100,1399,1,0
B,E,E,5184,100,5184,1,0
C,E,E,10817,100,10817,1,0
D,E,E,9883,100,9883,1,0
E,F,E,5086,100,5086,1,0
E,G,E,10658,100,10658,1,0
E,H,E,10144,100,10144,1,0
A,F,F,5044,100,5044,1,0
B,F,F,1353,100,1353,1,0
C,F,F,7179,100,7179,1,0
D,F,F,5324,100,5324,1,0
E,F,F,5079,100,5079,1,0
F,G,F,7019,100,7019,1,0
F,H,F,5446,100,5446,1,0
A,G,G,10679,100,10679,1,0
B,G,G,7052,100,7052,1,0
C,G,G,1353,100,1353,1,0
D,G,G,8885,100,8885,1,0
E,G,G,10647,100,10647,1,0
F,G,G,7006,100,7006,1,0
G,H,G,8902,100,8902,1,0
A,H,H,10006,100,10006,1,0
B,H,H,5770,100,5770,1,0
C,H,H,8923,100,8923,1,0
D,H,H,1504,100,1504,1,0
E,H,H,10159,100,10159,1,0
F,H,H,5493,100,5493,1,0
G,H,H,8872,100,8872,1,0
A,B,A,4798,100,4798,1,0
A,C,A,10629,100,10629,1,0
A,D,A,9524,100,9524,1,0
A,E,A,1446,100,1446,1,0
A,F,A,5012,100,5012,1,0
A,G,A,10674,100,10674,1,0
A,H,A,9984,100,9984,1,0
A,B,B,4762,100,4762,1,0
B,C,B,7016,100,7016,1,0
B,D,B,5287,100,5287,1,0
B,E,B,5178,100,5178,1,0
B,F,B,1358,100,1358,1,0
B,G,B,7103,100,7103,1,0
B,H,B,5738,100,5738,1,0
A,C,C,10654,100,10654,1,0
B,C,C,7023,100,7023,1,0
C,D,C,8764,100,8764,1,0
C,E,C,10795,100,10795,1,0
C,F,C,7192,100,7192,1,0
C,G,C,1398,100,1398,1,0
C,H,C,9013,100,9013,1,0
A,D,D,9556,100,9556,1,0
B,D,D,5298,100,5298,1,0
C,D,D,8741,100,8741,1,0
D,E,D,9974,100,9974,1,0
D,F,D,5364,100,5364,1,0
D,G,D,8888,100,8888,1,0
D,H,D,1458,100,1458,1,0
A,E,E,1458,100,1458,1,0
B,E,E,5171,100,5171,1,0
C,E,E,10802,100,10802,1,0
D,E,E,9960,100,9960,1,0
E,F,E,5123,100,5123,1,0
E,G,E,10638,100,10638,1,0
E,H,E,10129,100,10129,1,0
A,F,F,5091,100,5091,1,0
B,F,F,1356,100,1356,1,0
C,F,F,7217,100,7217,1,0
D,F,F,5357,100,5357,1,0
E,F,F,5093,100,5093,1,0
F,G,F,7018,100,7018,1,0
F,H,F,5462,100,5462,1,0
A,G,G,10582,100,10582,1,0
B,G,G,7062,100,7062,1,0
C,G,G,1335,100,1335,1,0
D,G,G,8894,100,8894,1,0
E,G,G,10628,100,10628,1,0
F,G,G,6987,100,6987,1,0
G,H,G,8846,100,8846,1,0
A,H,H,9980,100,9980,1,0
B,H,H,5707,100,5707,1,0
C,H,H,8975,100,8975,1,0
D,H,H,1511,100,1511,1,0
E,H,H,10151,100,10151,1,0
F,H,H,5447,100,5447,1,0
G,H,H,8860,100,8860,1,0
A,B,A,4765,100,4765,1,0
A,C,A,10623,100,10623,1,0
A,D,A,9531,100,9531,1,0
A,E,A,1428,100,1428,1,0
A,F,A,4983,100,4983,1,0
A,G,A,10639,100,10639,1,0
A,H,A,9932,100,9932,1,0
A,B,B,4757,100,4757,1,0
B,C,B,7024,100,7024,1,0
B,D,B,5268,100,5268,1,0
B,E,B,5179,100,5179,1,0
B,F,B,1387,100,1387,1,0
B,G,B,7043,100,7043,1,0
B,H,B,5720,100,5720,1,0
A,C,C,10664,100,10664,1,0
B,C,C,7009,100,7009,1,0
C,D,C,8759,100,8759,1,0
C,E,C,10795,100,10795,1,0
C,F,C,7192,100,7192,1,0
C,G,C,1402,100,1402,1,0
C,H,C,8951,100,8951,1,0
A,D,D,9523,100,9523,1,0
B,D,D,5251,100,5251,1,0
C,D,D,8726,100,8726,1,0
D,E,D,9921,100,9921,1,0
D,F,D,5391,100,5391,1,0
D,G,D,8887,100,8887,1,0
D,H,D,1579,100,1579,1,0
A,E,E,1431,100,1431,1,0
B,E,E,5218,100,5218,1,0
C,E,E,10825,100,10825,1,0
D,E,E,9852,100,9852,1,0
E,F,E,5093,100,5093,1,0
E,G,E,10624,100,10624,1,0
E,H,E,10165,100,10165,1,0
A,F,F,5054,100,5054,1,0
B,F,F,1334,100,1334,1,0
C,F,F,7201,100,7201,1,0
D,F,F,5361,100,5361,1,0
E,F,F,5112,100,5112,1,0
F,G,F,6990,100,6990,1,0
F,H,F,5467,100,5467,1,0
A,G,G,10592,100,10592,1,0
B,G,G,7065,100,7065,1,0
C,G,G,1411,100,1411,1,0
D,G,G,8877,100,8877,1,0
E,G,G,10638,100,10638,1,0
F,G,G,6990,100,6990,1,0
G,H,G,8838,100,8838,1,0
A,H,H,9895,100,9895,1,0
B,H,H,5712,100,5712,1,0
C,H,H,8934,100,8934,1,0
D,H,H,1474,100,1474,1,0
E,H,H,10167,100,10167,1,0
F,H,H,5440,100,5440,1,0
G,H,H,8876,100,8876,1,0
A,B,A,4757,100,4757,1,0
A,C,A,10652,100,10652,1,0
A,D,A,9551,100,9551,1,0
A,E,A,1423,100,1423,1,0
A,F,A,5067,100,5067,1,0
A,G,A,10572,100,10572,1,0
A,H,A,9948,100,9948,1,0
A,B,B,4759,100,4759,1,0
B,C,B,7009,100,7009,1,0
B,D,B,5310,100,5310,1,0
B,E,B,5193,100,5193,1,0
B,F,B,1352,100,1352,1,0
B,G,B,7090,100,7090,1,0
B,H,B,5749,100,5749,1,0
A,C,C,10605,100,10605,1,0
B,C,C,7033,100,7033,1,0
C,D,C,8733,100,8733,1,0
C,E,C,10761,100,10761,1,0
C,F,C,7181,100,7181,1,0
C,G,C,1362,100,1362,1,0
C,H,C,8924,100,8924,1,0
A,D,D,9548,100,9548,1,0
B,D,D,5306,100,5306,1,0
C,D,D,8750,100,8750,1,0
D,E,D,9954,100,9954,1,0
D,F,D,5388,100,5388,1,0
D,G,D,8876,100,8876,1,0
D,H,D,1464,100,1464,1,0
A,E,E,1400,100,1400,1,0
B,E,E,5203,100,5203,1,0
C,E,E,10769,100,10769,1,0
D,E,E,9907,100,9907,1,0
E,F,E,5102,100,5102,1,0
E,G,E,10636,100,10636,1,0
E,H,E,10143,100,10143,1,0
A,F,F,5077,100,5077,1,0
B,F,F,1358,100,1358,1,0
C,F,F,7165,100,7165,1,0
D,F,F,5335,100,5335,1,0
E,F,F,5095,100,5095,1,0
F,G,F,7030,100,7030,1,0
F,H,F,5490,100,5490,1,0
A,G,G,10647,100,10647,1,0
B,G,G,7053,100,7053,1,0
C,G,G,1367,100,1367,1,0
D,G,G,8924,100,8924,1,0
E,G,G,10637,100,10637,1,0
F,G,G,7009,100,7009,1,0
G,H,G,8879,100,8879,1,0
A,H,H,10025,100,10025,1,0
B,H,H,5743,100,5743,1,0
C,H,H,8923,100,8923,1,0
D,H,H,1512,100,1512,1,0
E,H,H,10130,100,10130,1,0
F,H,H,5460,100,5460,1,0
G,H,H,8866,100,8866,1,0
A,B,A,4774,100,4774,1,0
A,C,A,10624,100,10624,1,0
A,D,A,9554,100,9554,1,0
A,E,A,1381,100,1381,1,0
A,F,A,5067,100,5067,1,0
A,G,A,10643,100,10643,1,0
A,H,A,9951,100,9951,1,0
A,B,B,4791,100,4791,1,0
B,C,B,7013,100,7013,1,0
B,D,B,5285,100,5285,1,0
B,E,B,5173,100,5173,1,0
B,F,B,1339,100,1339,1,0
B,G,B,7056,100,7056,1,0
B,H,B,5731,100,5731,1,0
A,C,C,10633,100,10633,1,0
B,C,C,7051,100,7051,1,0
C,D,C,8752,100,8752,1,0
C,E,C,10831,100,10831,1,0
C,F,C,7197,100,7197,1,0
C,G,C,1323,100,1323,1,0
C,H,C,8900,100,8900,1,0
A,D,D,9544,100,9544,1,0
B,D,D,5281,100,5281,1,0
C,D,D,8728,100,8728,1,0
D,E,D,9934,100,9934,1,0
D,F,D,5358,100,5358,1,0
D,G,D,8879,100,8879,1,0
D,H,D,1452,100,1452,1,0
A,E,E,1388,100,1388,1,0
B,E,E,5156,100,5156,1,0
C,E,E,10777,100,10777,1,0
D,E,E,9950,100,9950,1,0
E,F,E,5114,100,5114,1,0
E,G,E,10639,100,10639,1,0
E,H,E,10130,100,10130,1,0
A,F,F,5044,100,5044,1,0
B,F,F,1331,100,1331,1,0
C,F,F,7185,100,7185,1,0
D,F,F,5388,100,5388,1,0
E,F,F,5090,100,5090,1,0
F,G,F,7015,100,7015,1,0
F,H,F,5433,100,5433,1,0
A,G,G,10652,100,10652,1,0
B,G,G,7071,100,7071,1,0
C,G,G,1342,100,1342,1,0
D,G,G,8898,100,8898,1,0
E,G,G,10641,100,10641,1,0
F,G,G,6993,100,6993,1,0
G,H,G,8859,100,8859,1,0
A,H,H,9945,100,9945,1,0
B,H,H,5728,100,5728,1,0
C,H,H,8960,100,8960,1,0
D,H,H,1474,100,1474,1,0
E,H,H,10145,100,10145,1,0
F,H,H,5449,100,5449,1,0
G,H,H,8891,100,8891,1,0
A,B,A,4766,100,4766,1,0
A,C,A,10662,100,10662,1,0
A,D,A,9529,100,9529,1,0
A,E,A,1424,100,1424,1,0
A,F,A,5111,100,5111,1,0
A,G,A,10626,100,10626,1,0
A,H,A,9966,100,9966,1,0
A,B,B,4790,100,4790,1,0
B,C,B,7013,100,7013,1,0
B,D,B,5297,100,5297,1,0
B,E,B,5203,100,5203,1,0
B,F,B,1332,100,1332,1,0
B,G,B,7066,100,7066,1,0
B,H,B,5743,100,5743,1,0
A,C,C,10640,100,10640,1,0
B,C,C,6999,100,6999,1,0
C,D,C,8755,100,8755,1,0
C,E,C,10844,100,10844,1,0
C,F,C,7185,100,7185,1,0
C,G,C,1361,100,1361,1,0
C,H,C,8963,100,8963,1,0
A,D,D,9533,100,9533,1,0
B,D,D,5304,100,5304,1,0
C,D,D,8742,100,8742,1,0
D,E,D,9941,100,9941,1,0
D,F,D,5353,100,5353,1,0
D,G,D,8875,100,8875,1,0
D,H,D,1482,100,1482,1,0
A,E,E,1392,100,1392,1,0
B,E,E,5219,100,5219,1,0
C,E,E,10863,100,10863,1,0
D,E,E,9960,100,9960,1,0
E,F,E,5114,100,5114,1,0
E,G,E,10645,100,10645,1,0
E,H,E,10150,100,10150,1,0
A,F,F,5051,100,5051,1,0
B,F,F,1334,100,1334,1,0
C,F,F,7178,100,7178,1,0
D,F,F,5327,100,5327,1,0
E,F,F,5103,100,5103,1,0
F,G,F,7017,100,7017,1,0
F,H,F,5421,100,5421,1,0
A,G,G,10634,100,10634,1,0
B,G,G,7104,100,7104,1,0
C,G,G,1351,100,1351,1,0
D,G,G,8912,100,8912,1,0
E,G,G,10594,100,10594,1,0
F,G,G,6991,100,6991,1,0
G,H,G,8849,100,8849,1,0
A,H,H,9970,100,9970,1,0
B,H,H,5688,100,5688,1,0
C,H,H,8923,100,8923,1,0
D,H,H,1493,100,1493,1,0
E,H,H,10123,100,10123,1,0
F,H,H,5475,100,5475,1,0
G,H,H,8904,100,8904,1,0
A,B,A,4729,100,4729,1,0
A,C,A,10670,100,10670,1,0
A,D,A,9526,100,9526,1,0
A,E,A,1389,100,1389,1,0
A,F,A,5009,100,5009,1,0
A,G,A,10620,100,10620,1,0
A,H,A,9946,100,9946,1,0
A,B,B,4755,100,4755,1,0
B,C,B,7040,100,7040,1,0
B,D,B,5269,100,5269,1,0
B,E,B,5142,100,5142,1,0
B,F,B,1327,100,1327,1,0
B,G,B,7087,100,7087,1,0
B,H,B,5718,100,5718,1,0
A,C,C,10617,100,10617,1,0
B,C,C,6995,100,6995,1,0
C,D,C,8717,100,8717,1,0
C,E,C,10805,100,10805,1,0
C,F,C,7170,100,7170,1,0
C,G,C,1376,100,1376,1,0
C,H,C,8946,100,8946,1,0
A,D,D,9517,100,9517,1,0
B,D,D,5280,100,5280,1,0
C,D,D,8720,100,8720,1,0
D,E,D,9935,100,9935,1,0
D,F,D,5326,100,5326,1,0
D,G,D,8875,100,8875,1,0
D,H,D,1502,100,1502,1,0
A,E,E,1398,100,1398,1,0
B,E,E,5167,100,5167,1,0
C,E,E,10821,100,10821,1,0
D,E,E,9896,100,9896,1,0
E,F,E,5109,100,5109,1,0
E,G,E,10671,100,10671,1,0
E,H,E,10175,100,10175,1,0
A,F,F,5116,100,5116,1,0
B,F,F,1344,100,1344,1,0
C,F,F,7205,100,7205,1,0
D,F,F,5351,100,5351,1,0
E,F,F,5075,100,5075,1,0
F,G,F,7010,100,7010,1,0
F,H,F,5456,100,5456,1,0
A,G,G,10640,100,10640,1,0
B,G,G,7084,100,7084,1,0
C,G,G,1405,100,1405,1,0
D,G,G,8921,100,8921,1,0
E,G,G,10640,100,10640,1,0
F,G,G,6997,100,6997,1,0
G,H,G,8848,100,8848,1,0
A,H,H,9898,100,9898,1,0
B,H,H,5755,100,5755,1,0
C,H,H,8890,100,8890,1,0
D,H,H,1507,100,1507,1,0
E,H,H,10160,100,10160,1,0
F,H,H,5487,100,5487,1,0
G,H,H,8856,100,8856,1,0
A,B,A,4764,100,4764,1,0
A,C,A,10615,100,10615,1,0
A,D,A,9520,100,9520,1,0
A,E,A,1372,100,1372,1,0
A,F,A,5075,100,5075,1,0
A,G,A,10616,100,10616,1,0
A,H,A,9942,100,9942,1,0
A,B,B,4765,100,4765,1,0
B,C,B,7004,100,7004,1,0
B,D,B,5283,100,5283,1,0
B,E,B,5153,100,5153,1,0
B,F,B,1368,100,1368,1,0
B,G,B,7067,100,7067,1,0
B,H,B,5719,100,5719,1,0
A,C,C,10661,100,10661,1,0
B,C,C,7008,100,7008,1,0
C,D,C,8741,100,8741,1,0
C,E,C,10853,100,10853,1,0
C,F,C,7174,100,7174,1,0
C,G,C,1353,100,1353,1,0
C,H,C,8970,100,8970,1,0
A,D,D,9538,100,9538,1,0
B,D,D,5332,100,5332,1,0
C,D,D,8755,100,8755,1,0
D,E,D,9938,100,9938,1,0
D,F,D,5386,100,5386,1,0
D,G,D,8901,100,8901,1,0
D,H,D,1515,100,1515,1,0
A,E,E,1471,100,1471,1,0
B,E,E,5150,100,5150,1,0
C,E,E,10767,100,10767,1,0
D,E,E,9881,100,9881,1,0
E,F,E,5090,100,5090,1,0
E,G,E,10632,100,10632,1,0
E,H,E,10122,100,10122,1,0
A,F,F,5078,100,5078,1,0
B,F,F,1334,100,1334,1,0
C,F,F,7211,100,7211,1,0
D,F,F,5405,100,5405,1,0
E,F,F,5087,100,5087,1,0
F,G,F,6991,100,6991,1,0
F,H,F,5469,100,5469,1,0
A,G,G,10629,100,10629,1,0
B,G,G,7065,100,7065,1,0
C,G,G,1394,100,1394,1,0
D,G,G,8880,100,8880,1,0
E,G,G,10614,100,10614,1,0
F,G,G,6984,100,6984,1,0
G,H,G,8849,100,8849,1,0
A,H,H,9937,100,9937,1,0
B,H,H,5715,100,5715,1,0
C,H,H,8946,100,8946,1,0
D,H,H,1476,100,1476,1,0
E,H,H,10143,100,10143,1,0
F,H,H,5464,100,5464,1,0
G,H,H,8870,100,8870,1,0
A,B,A,4791,100,4791,1,0
A,C,A,10629,100,10629,1,0
A,D,A,9514,100,9514,1,0
A,E,A,1397,100,1397,1,0
A,F,A,5078,100,5078,1,0
A,G,A,10599,100,10599,1,0
A,H,A,9962,100,9962,1,0
A,B,B,4792,100,4792,1,0
B,C,B,7001,100,7001,1,0
B,D,B,5317,100,5317,1,0
B,E,B,5154,100,5154,1,0
B,F,B,1396,100,1396,1,0
B,G,B,7049,100,7049,1,0
B,H,B,5787,100,5787,1,0
A,C,C,10586,100,10586,1,0
B,C,C,7005,100,7005,1,0
C,D,C,8752,100,8752,1,0
C,E,C,10809,100,10809,1,0
C,F,C,7194,100,7194,1,0
C,G,C,1367,100,1367,1,0
C,H,C,8949,100,8949,1,0
A,D,D,9514,100,9514,1,0
B,D,D,5246,100,5246,1,0
C,D,D,8703,100,8703,1,0
D,E,D,9897,100,9897,1,0
D,F,D,5387,100,5387,1,0
D,G,D,8934,100,8934,1,0
D,H,D,1494,100,1494,1,0
A,E,E,1379,100,1379,1,0
B,E,E,5159,100,5159,1,0
C,E,E,10859,100,10859,1,0
D,E,E,9920,100,9920,1,0
E,F,E,5124,100,5124,1,0
E,G,E,10623,100,10623,1,0
E,H,E,10140,100,10140,1,0
A,F,F,5102,100,5102,1,0
B,F,F,1390,100,1390,1,0
C,F,F,7194,100,7194,1,0
D,F,F,5389,100,5389,1,0
E,F,F,5104,100,5104,1,0
F,G,F,7027,100,7027,1,0
F,H,F,5460,100,5460,1,0
A,G,G,10643,100,10643,1,0
B,G,G,7058,100,7058,1,0
C,G,G,1364,100,1364,1,0
D,G,G,8870,100,8870,1,0
E,G,G,10637,100,10637,1,0
F,G,G,7014,100,7014,1,0
G,H,G,8856,100,8856,1,0
A,H,H,9979,100,9979,1,0
B,H,H,5774,100,5774,1,0
C,H,H,8927,100,8927,1,0
D,H,H,1457,100,1457,1,0
E,H,H,10139,100,10139,1,0
F,H,H,5473,100,5473,1,0
G,H,H,8902,100,8902,1,0
A,B,A,4805,100,4805,1,0
A,C,A,10655,100,10655,1,0
A,D,A,9543,100,9543,1,0
A,E,A,1414,100,1414,1,0
A,F,A,5055,100,5055,1,0
A,G,A,10662,100,10662,1,0
A,H,A,9939,100,9939,1,0
A,B,B,4733,100,4733,1,0
B,C,B,6980,100,6980,1,0
B,D,B,5250,100,5250,1,0
B,E,B,5201,100,5201,1,0
B,F,B,1338,100,1338,1,0
B,G,B,7035,100,7035,1,0
B,H,B,5762,100,5762,1,0
A,C,C,10622,100,10622,1,0
B,C,C,7049,100,7049,1,0
C,D,C,8742,100,8742,1,0
C,E,C,10818,100,10818,1,0
C,F,C,7178,100,7178,1,0
C,G,C,1329,100,1329,1,0
C,H,C,8911,100,8911,1,0
A,D,D,9537,100,9537,1,0
B,D,D,5310,100,5310,1,0
C,D,D,8734,100,8734,1,0
D,E,D,9919,100,9919,1,0
D,F,D,5345,100,5345,1,0
D,G,D,8884,100,8884,1,0
D,H,D,1490,100,1490,1,0
A,E,E,1440,100,1440,1,0
B,E,E,5229,100,5229,1,0
C,E,E,10804,100,10804,1,0
D,E,E,9998,100,9998,1,0
E,F,E,5122,100,5122,1,0
E,G,E,10616,100,10616,1,0
E,H,E,10166,100,10166,1,0
A,F,F,5080,100,5080,1,0
B,F,F,1358,100,1358,1,0
C,F,F,7168,100,7168,1,0
D,F,F,5363,100,5363,1,0
E,F,F,5092,100,5092,1,0
F,G,F,7010,100,7010,1,0
F,H,F,5449,100,5449,1,0
A,G,G,10637,100,10637,1,0
B,G,G,7053,100,7053,1,0
C,G,G,1399,100,1399,1,0
D,G,G,8909,100,8909,1,0
E,G,G,10624,100,10624,1,0
F,G,G,7014,100,7014,1,0
G,H,G,8874,100,8874,1,0
A,H,H,9984,100,9984,1,0
B,H,H,5752,100,5752,1,0
C,H,H,8923,100,8923,1,0
D,H,H,1471,100,1471,1,0
E,H,H,10166,100,10166,1,0
F,H,H,5505,100,5505,1,0
G,H,H,8907,100,8907,1,0
A,B,A,4788,100,4788,1,0
A,C,A,10614,100,10614,1,0
A,D,A,9529,100,9529,1,0
A,E,A,1419,100,1419,1,0
A,F,A,5037,100,5037,1,0
A,G,A,10649,100,10649,1,0
A,H,A,9932,100,9932,1,0
A,B,B,4756,100,4756,1,0
B,C,B,7026,100,7026,1,0
B,D,B,5301,100,5301,1,0
B,E,B,5162,100,5162,1,0
B,F,B,1354,100,1354,1,0
B,G,B,7054,100,7054,1,0
B,H,B,5762,100,5762,1,0
A,C,C,10634,100,10634,1,0
B,C,C,7002,100,7002,1,0
C,D,C,8726,100,8726,1,0
C,E,C,10790,100,10790,1,0
C,F,C,7206,100,7206,1,0
C,G,C,1399,100,1399,1,0
C,H,C,8910,100,8910,1,0
A,D,D,9512,100,9512,1,0
B,D,D,5304,100,5304,1,0
C,D,D,8694,100,8694,1,0
D,E,D,9958,100,9958,1,0
D,F,D,5346,100,5346,1,0
D,G,D,8902,100,8902,1,0
D,H,D,1482,100,1482,1,0
A,E,E,1441,100,1441,1,0
B,E,E,5146,100,5146,1,0
C,E,E,10799,100,10799,1,0
D,E,E,9913,100,9913,1,0
E,F,E,5074,100,5074,1,0
E,G,E,10654,100,10654,1,0
E,H,E,10158,100,10158,1,0
A,F,F,5004,100,5004,1,0
B,F,F,1353,100,1353,1,0
C,F,F,7169,100,7169,1,0
D,F,F,5358,100,5358,1,0
E,F,F,5093,100,5093,1,0
F,G,F,7011,100,7011,1,0
F,H,F,5421,100,5421,1,0
A,G,G,10660,100,10660,1,0
B,G,G,7111,100,7111,1,0
C,G,G,1354,100,1354,1,0
D,G,G,8878,100,8878,1,0
E,G,G,10616,100,10616,1,0
F,G,G,6992,100,6992,1,0
G,H,G,8866,100,8866,1,0
A,H,H,9973,100,9973,1,0
B,H,H,5757,100,5757,1,0
C,H,H,8907,100,8907,1,0
D,H,H,1472,100,1472,1,0
E,H,H,10157,100,10157,1,0
F,H,H,5422,100,5422,1,0
G,H,H,8858,100,8858,1,0
A,B,A,4799,100,4799,1,0
A,C,A,10680,100,10680,1,0
A,D,A,9523,100,9523,1,0
A,E,A,1379,100,1379,1,0
A,F,A,5081,100,5081,1,0
A,G,A,10649,100,10649,1,0
A,H,A,9938,100,9938,1,0
A,B,B,4758,100,4758,1,0
B,C,B,6989,100,6989,1,0
B,D,B,5279,100,5279,1,0
B,E,B,5200,100,5200,1,0
B,F,B,1370,100,1370,1,0
B,G,B,7068,100,7068,1,0
B,H,B,5767,100,5767,1,0
A,C,C,10626,100,10626,1,0
B,C,C,7005,100,7005,1,0
C,D,C,8751,100,8751,1,0
C,E,C,10807,100,10807,1,0
C,F,C,7188,100,7188,1,0
C,G,C,1390,100,1390,1,0
C,H,C,8932,100,8932,1,0
A,D,D,9521,100,9521,1,0
B,D,D,5260,100,5260,1,0
C,D,D,8786,100,8786,1,0
D,E,D,9886,100,9886,1,0
D,F,D,5347,100,5347,1,0
D,G,D,8902,100,8902,1,0
D,H,D,1461,100,1461,1,0
A,E,E,1394,100,1394,1,0
B,E,E,5193,100,5193,1,0
C,E,E,10823,100,10823,1,0
D,E,E,9923,100,9923,1,0
E,F,E,5106,100,5106,1,0
E,G,E,10602,100,10602,1,0
E,H,E,10136,100,10136,1,0
A,F,F,5054,100,5054,1,0
B,F,F,1313,100,1313,1,0
C,F,F,7199,100,7199,1,0
D,F,F,5365,100,5365,1,0
E,F,F,5140,100,5140,1,0
F,G,F,6978,100,6978,1,0
F,H,F,5421,100,5421,1,0
A,G,G,10616,100,10616,1,0
B,G,G,7089,100,7089,1,0
C,G,G,1322,100,1322,1,0
D,G,G,8880,100,8880,1,0
E,G,G,10605,100,10605,1,0
F,G,G,6971,100,6971,1,0
G,H,G,8858,100,8858,1,0
A,H,H,9928,100,9928,1,0
B,H,H,5744,100,5744,1,0
C,H,H,8975,100,8975,1,0
D,H,H,1518,100,1518,1,0
E,H,H,10146,100,10146,1,0
F,H,H,5477,100,5477,1,0
G,H,H,8863,100,8863,1,0
A,B,A,4728,100,4728,1,0
A,C,A,10645,100,10645,1,0
A,D,A,9521,100,9521,1,0
A,E,A,1383,100,1383,1,0
A,F,A,5077,100,5077,1,0
A,G,A,10676,100,10676,1,0
A,H,A,10000,100,10000,1,0
A,B,B,4794,100,4794,1,0
B,C,B,6991,100,6991,1,0
B,D,B,5290,100,5290,1,0
B,E,B,5171,100,5171,1,0
B,F,B,1365,100,1365,1,0
B,G,B,7086,100,7086,1,0
B,H,B,5767,100,5767,1,0
A,C,C,10632,100,10632,1,0
B,C,C,7001,100,7001,1,0
C,D,C,8737,100,8737,1,0
C,E,C,10801,100,10801,1,0
C,F,C,7192,100,7192,1,0
C,G,C,1409,100,1409,1,0
C,H,C,8943,100,8943,1,0
A,D,D,9526,100,9526,1,0
B,D,D,5285,100,5285,1,0
C,D,D,8747,100,8747,1,0
D,E,D,9977,100,9977,1,0
D,F,D,5359,100,5359,1,0
D,G,D,8916,100,8916,1,0
D,H,D,1459,100,1459,1,0
A,E,E,1421,100,1421,1,0
B,E,E,5196,100,5196,1,0
C,E,E,10808,100,10808,1,0
D,E,E,9923,100,9923,1,0
E,F,E,5095,100,5095,1,0
E,G,E,10614,100,10614,1,0
E,H,E,10185,100,10185,1,0
A,F,F,5106,100,5106,1,0
B,F,F,1360,100,1360,1,0
C,F,F,7204,100,7204,1,0
D,F,F,5324,100,5324,1,0
E,F,F,5073,100,5073,1,0
F,G,F,7001,100,7001,1,0
F,H,F,5459,100,5459,1,0
A,G,G,10613,100,10613,1,0
B,G,G,7071,100,7071,1,0
C,G,G,1407,100,1407,1,0
D,G,G,8893,100,8893,1,0
E,G,G,10643,100,10643,1,0
F,G,G,7032,100,7032,1,0
G,H,G,8891,100,8891,1,0
A,H,H,9976,100,9976,1,0
B,H,H,5728,100,5728,1,0
C,H,H,8936,100,8936,1,0
D,H,H,1524,100,1524,1,0
E,H,H,10173,100,10173,1,0
F,H,H,5433,100,5433,1,0
G,H,H,8841,100,8841,1,0
A,B,A,4749,100,4749,1,0
A,C,A,10633,100,10633,1,0
A,D,A,9524,100,9524,1,0
A,E,A,1417,100,1417,1,0
A,F,A,5073,100,5073,1,0
A,G,A,10598,100,10598,1,0
A,H,A,10014,100,10014,1,0
A,B,B,4749,100,4749,1,0
B,C,B,7014,100,7014,1,0
B,D,B,5277,100,5277,1,0
B,E,B,5174,100,5174,1,0
B,F,B,1356,100,1356,1,0
B,G,B,7036,100,7036,1,0
B,H,B,5715,100,5715,1,0
A,C,C,10664,100,10664,1,0
B,C,C,7038,100,7038,1,0
C,D,C,8731,100,8731,1,0
C,E,C,10836,100,10836,1,0
C,F,C,7187,100,7187,1,0
C,G,C,1359,100,1359,1,0
C,H,C,8945,100,8945,1,0
A,D,D,9523,100,9523,1,0
B,D,D,5303,100,5303,1,0
C,D,D,8719,100,8719,1,0
D,E,D,9957,100,9957,1,0
D,F,D,5349,100,5349,1,0
D,G,D,8881,100,8881,1,0
D,H,D,1492,100,1492,1,0
A,E,E,1463,100,1463,1,0
B,E,E,5196,100,5196,1,0
C,E,E,10853,100,10853,1,0
D,E,E,9959,100,9959,1,0
E,F,E,5098,100,5098,1,0
E,G,E,10610,100,10610,1,0
E,H,E,10144,100,10144,1,0
A,F,F,5060,100,5060,1,0
B,F,F,1334,100,1334,1,0
C,F,F,7200,100,7200,1,0
D,F,F,5370,100,5370,1,0
E,F,F,5102,100,5102,1,0
F,G,F,7012,100,7012,1,0
F,H,F,5441,100,5441,1,0
A,G,G,10606,100,10606,1,0
B,G,G,7082,100,7082,1,0
C,G,G,1374,100,1374,1,0
D,G,G,8937,100,8937,1,0
E,G,G,10633,100,10633,1,0
F,G,G,6992,100,6992,1,0
G,H,G,8815,100,8815,1,0
A,H,H,10010,100,10010,1,0
B,H,H,5738,100,5738,1,0
C,H,H,8934,100,8934,1,0
D,H,H,1534,100,1534,1,0
E,H,H,10153,100,10153,1,0
F,H,H,5477,100,5477,1,0
G,H,H,8859,100,8859,1,0
A,B,A,4789,100,4789,1,0
A,C,A,10609,100,10609,1,0
A,D,A,9524,100,9524,1,0
A,E,A,1360,100,1360,1,0
A,F,A,5061,100,5061,1,0
A,G,A,10619,100,10619,1,0
A,H,A,9960,100,9960,1,0
A,B,B,4771,100,4771,1,0
B,C,B,6999,100,6999,1,0
B,D,B,5239,100,5239,1,0
B,E,B,5220,100,5220,1,0
B,F,B,1345,100,1345,1,0
B,G,B,7104,100,7104,1,0
B,H,B,5756,100,5756,1,0
A,C,C,10674,100,10674,1,0
B,C,C,7002,100,7002,1,0
C,D,C,8734,100,8734,1,0
C,E,C,10802,100,10802,1,0
C,F,C,7168,100,7168,1,0
C,G,C,1346,100,1346,1,0
C,H,C,8932,100,8932,1,0
A,D,D,9531,100,9531,1,0
B,D,D,5288,100,5288,1,0
C,D,D,8727,100,8727,1,0
D,E,D,9874,100,9874,1,0
D,F,D,5385,100,5385,1,0
D,G,D,8881,100,8881,1,0
D,H,D,1498,100,1498,1,0
A,E,E,1412,100,1412,1,0
B,E,E,5245,100,5245,1,0
C,E,E,10771,100,10771,1,0
D,E,E,9897,100,9897,1,0
E,F,E,5121,100,5121,1,0
E,G,E,10614,100,10614,1,0
E,H,E,10110,100,10110,1,0
A,F,F,5046,100,5046,1,0
B,F,F,1345,100,1345,1,0
C,F,F,7238,100,7238,1,0
D,F,F,5360,100,5360,1,0
E,F,F,5115,100,5115,1,0
F,G,F,6988,100,6988,1,0
F,H,F,5435,100,5435,1,0
A,G,G,10643,100,10643,1,0
B,G,G,7108,100,7108,1,0
C,G,G,1368,100,1368,1,0
D,G,G,8922,100,8922,1,0
E,G,G,10645,100,10645,1,0
F,G,G,7013,100,7013,1,0
G,H,G,8881,100,8881,1,0
A,H,H,9960,100,9960,1,0
B,H,H,5745,100,5745,1,0
C,H,H,8919,100,8919,1,0
D,H,H,1549,100,1549,1,0
E,H,H,10176,100,10176,1,0
F,H,H,5429,100,5429,1,0
G,H,H,8878,100,8878,1,0
A,B,A,4791,100,4791,1,0
A,C,A,10630,100,10630,1,0
A,D,A,9502,100,9502,1,0
A,E,A,1434,100,1434,1,0
A,F,A,5100,100,5100,1,0
A,G,A,10562,100,10562,1,0
A,H,A,9985,100,9985,1,0
A,B,B,4793,100,4793,1,0
B,C,B,7002,100,7002,1,0
B,D,B,5299,100,5299,1,0
B,E,B,5191,100,5191,1,0
B,F,B,1365,100,1365,1,0
B,G,B,7098,100,7098,1,0
B,H,B,5726,100,5726,1,0
A,C,C,10630,100,10630,1,0
B,C,C,7023,100,7023,1,0
C,D,C,8726,100,8726,1,0
C,E,C,10840,100,10840,1,0
C,F,C,7166,100,7166,1,0
C,G,C,1379,100,1379,1,0
C,H,C,8981,100,8981,1,0
A,D,D,9542,100,9542,1,0
B,D,D,5313,100,5313,1,0
C,D,D,8727,100,8727,1,0
D,E,D,9958,100,9958,1,0
D,F,D,5359,100,5359,1,0
D,G,D,8916,100,8916,1,0
D,H,D,1457,100,1457,1,0
A,E,E,1399,100,1399,1,0
B,E,E,5168,100,5168,1,0
C,E,E,10824,100,10824,1,0
D,E,E,9924,100,9924,1,0
E,F,E,5069,100,5069,1,0
E,G,E,10631,100,10631,1,0
E,H,E,10153,100,10153,1,0
A,F,F,5071,100,5071,1,0
B,F,F,1359,100,1359,1,0
C,F,F,7183,100,7183,1,0
D,F,F,5395,100,5395,1,0
E,F,F,5098,100,5098,1,0
F,G,F,6982,100,6982,1,0
F,H,F,5475,100,5475,1,0
A,G,G,10662,100,10662,1,0
B,G,G,7053,100,7053,1,0
C,G,G,1332,100,1332,1,0
D,G,G,8923,100,8923,1,0
E,G,G,10630,100,10630,1,0
F,G,G,7012,100,7012,1,0
G,H,G,8872,100,8872,1,0
A,H,H,9921,100,9921,1,0
B,H,H,5704,100,5704,1,0
C,H,H,8977,100,8977,1,0
D,H,H,1444,100,1444,1,0
E,H,H,10131,100,10131,1,0
F,H,H,5430,100,5430,1,0
G,H,H,8867,100,8867,1,0
A,B,A,4771,100,4771,1,0
A,C,A,10626,100,10626,1,0
A,D,A,9531,100,9531,1,0
A,E,A,1403,100,1403,1,0
A,F,A,5080,100,5080,1,0
A,G,A,10602,100,10602,1,0
A,H,A,9990,100,9990,1,0
A,B,B,4767,100,4767,1,0
B,C,B,7028,100,7028,1,0
B,D,B,5288,100,5288,1,0
B,E,B,5179,100,5179,1,0
B,F,B,1370,100,1370,1,0
B,G,B,7073,100,7073,1,0
B,H,B,5699,100,5699,1,0
A,C,C,10638,100,10638,1,0
B,C,C,7024,100,7024,1,0
C,D,C,8742,100,8742,1,0
C,E,C,10815,100,10815,1,0
C,F,C,7189,100,7189,1,0
C,G,C,1386,100,1386,1,0
C,H,C,8922,100,8922,1,0
A,D,D,9554,100,9554,1,0
B,D,D,5330,100,5330,1,0
C,D,D,8732,100,8732,1,0
D,E,D,9951,100,9951,1,0
D,F,D,5350,100,5350,1,0
D,G,D,8897,100,8897,1,0
D,H,D,1511,100,1511,1,0
A,E,E,1383,100,1383,1,0
B,E,E,5177,100,5177,1,0
C,E,E,10836,100,10836,1,0
D,E,E,9949,100,9949,1,0
E,F,E,5106,100,5106,1,0
E,G,E,10638,100,10638,1,0
E,H,E,10117,100,10117,1,0
A,F,F,5051,100,5051,1,0
B,F,F,1363,100,1363,1,0
C,F,F,7218,100,7218,1,0
D,F,F,5373,100,5373,1,0
E,F,F,5109,100,5109,1,0
F,G,F,7007,100,7007,1,0
F,H,F,5499,100,5499,1,0
A,G,G,10621,100,10621,1,0
B,G,G,7084,100,7084,1,0
C,G,G,1414,100,1414,1,0
D,G,G,8893,100,8893,1,0
E,G,G,10606,100,10606,1,0
F,G,G,6984,100,6984,1,0
G,H,G,8851,100,8851,1,0
A,H,H,9925,100,9925,1,0
B,H,H,5718,100,5718,1,0
C,H,H,8890,100,8890,1,0
D,H,H,1440,100,1440,1,0
E,H,H,10130,100,10130,1,0
F,H,H,5437,100,5437,1,0
G,H,H,8842,100,8842,1,0
A,B,A,4757,100,4757,1,0
A,C,A,10636,100,10636,1,0
A,D,A,9517,100,9517,1,0
A,E,A,1402,100,1402,1,0
A,F,A,5034,100,5034,1,0
A,G,A,10652,100,10652,1,0
A,H,A,9974,100,9974,1,0
A,B,B,4741,100,4741,1,0
B,C,B,7055,100,7055,1,0
B,D,B,5275,100,5275,1,0
B,E,B,5180,100,5180,1,0
B,F,B,1369,100,1369,1,0
B,G,B,7057,100,7057,1,0
B,H,B,5731,100,5731,1,0
A,C,C,10590,100,10590,1,0
B,C,C,7020,100,7020,1,0
C,D,C,8740,100,8740,1,0
C,E,C,10866,100,10866,1,0
C,F,C,7203,100,7203,1,0
C,G,C,1363,100,1363,1,0
C,H,C,8926,100,8926,1,0
A,D,D,9523,100,9523,1,0
B,D,D,5285,100,5285,1,0
C,D,D,8732,100,8732,1,0
D,E,D,9928,100,9928,1,0
D,F,D,5380,100,5380,1,0
D,G,D,8864,100,8864,1,0
D,H,D,1483,100,1483,1,0
A,E,E,1467,100,1467,1,0
B,E,E,5204,100,5204,1,0
C,E,E,10813,100,10813,1,0
D,E,E,9916,100,9916,1,0
E,F,E,5073,100,5073,1,0
E,G,E,10647,100,10647,1,0
E,H,E,10137,100,10137,1,0
A,F,F,5050,100,5050,1,0
B,F,F,1363,100,1363,1,0
C,F,F,7213,100,7213,1,0
D,F,F,5375,100,5375,1,0
E,F,F,5074,100,5074,1,0
F,G,F,7004,100,7004,1,0
F,H,F,5489,100,5489,1,0
A,G,G,10649,100,10649,1,0
B,G,G,7069,100,7069,1,0
C,G,G,1374,100,1374,1,0
D,G,G,8885,100,8885,1,0
E,G,G,10661,100,10661,1,0
F,G,G,6978,100,6978,1,0
G,H,G,8845,100,8845,1,0
A,H,H,9937,100,9937,1,0
B,H,H,5718,100,5718,1,0
C,H,H,8950,100,8950,1,0
D,H,H,1498,100,1498,1,0
E,H,H,10150,100,10150,1,0
F,H,H,5459,100,5459,1,0
G,H,H,8862,100,8862,1,0
A,B,A,4800,100,4800,1,0
A,C,A,10589,100,10589,1,0
A,D,A,9542,100,9542,1,0
A,E,A,1360,100,1360,1,0
A,F,A,5080,100,5080,1,0
A,G,A,10659,100,10659,1,0
A,H,A,9931,100,9931,1,0
A,B,B,4776,100,4776,1,0
B,C,B,7039,100,7039,1,0
B,D,B,5267,100,5267,1,0
B,E,B,5191,100,5191,1,0
B,F,B,1375,100,1375,1,0
B,G,B,7065,100,7065,1,0
B,H,B,5757,100,5757,1,0
A,C,C,10651,100,10651,1,0
B,C,C,7033,100,7033,1,0
C,D,C,8734,100,8734,1,0
C,E,C,10858,100,10858,1,0
C,F,C,7206,100,7206,1,0
C,G,C,1376,100,1376,1,0
C,H,C,8898,100,8898,1,0
A,D,D,9509,100,9509,1,0
B,D,D,5282,100,5282,1,0
C,D,D,8750,100,8750,1,0
D,E,D,9920,100,9920,1,0
D,F,D,5351,100,5351,1,0
D,G,D,8865,100,8865,1,0
D,H,D,1490,100,1490,1,0
A,E,E,1448,100,1448,1,0
B,E,E,5148,100,5148,1,0
C,E,E,10811,100,10811,1,0
D,E,E,9963,100,9963,1,0
E,F,E,5099,100,5099,1,0
E,G,E,10603,100,10603,1,0
E,H,E,10145,100,10145,1,0
A,F,F,5102,100,5102,1,0
B,F,F,1335,100,1335,1,0
C,F,F,7192,100,7192,1,0
D,F,F,5351,100,5351,1,0
E,F,F,5088,100,5088,1,0
F,G,F,6976,100,6976,1,0
F,H,F,5447,100,5447,1,0
A,G,G,10643,100,10643,1,0
B,G,G,7086,100,7086,1,0
C,G,G,1379,100,1379,1,0
D,G,G,8911,100,8911,1,0
E,G,G,10621,100,10621,1,0
F,G,G,6996,100,6996,1,0
G,H,G,8874,100,8874,1,0
A,H,H,9954,100,9954,1,0
B,H,H,5749,100,5749,1,0
C,H,H,8991,100,8991,1,0
D,H,H,1461,100,1461,1,0
E,H,H,10115,100,10115,1,0
F,H,H,5428,100,5428,1,0
G,H,H,8875,100,8875,1,0
A,B,A,4750,100,4750,1,0
A,C,A,10609,100,10609,1,0
A,D,A,9506,100,9506,1,0
A,E,A,1440,100,1440,1,0
A,F,A,5104,100,5104,1,0
A,G,A,10663,100,10663,1,0
A,H,A,9942,100,9942,1,0
A,B,B,4807,100,4807,1,0
B,C,B,7035,100,7035,1,0
B,D,B,5295,100,5295,1,0
B,E,B,5188,100,5188,1,0
B,F,B,1378,100,1378,1,0
B,G,B,7053,100,7053,1,0
B,H,B,5758,100,5758,1,0
A,C,C,10673,100,10673,1,0
B,C,C,7018,100,7018,1,0
C,D,C,8744,100,8744,1,0
C,E,C,10796,100,10796,1,0
C,F,C,7178,100,7178,1,0
C,G,C,1352,100,1352,1,0
C,H,C,8932,100,8932,1,0
A,D,D,9519,100,9519,1,0
B,D,D,5239,100,5239,1,0
C,D,D,8728,100,8728,1,0
D,E,D,9913,100,9913,1,0
D,F,D,5357,100,5357,1,0
D,G,D,8893,100,8893,1,0
D,H,D,1453,100,1453,1,0
A,E,E,1384,100,1384,1,0
B,E,E,5190,100,5190,1,0
C,E,E,10782,100,10782,1,0
D,E,E,9957,100,9957,1,0
E,F,E,5126,100,5126,1,0
E,G,E,10642,100,10642,1,0
E,H,E,10137,100,10137,1,0
A,F,F,5088,100,5088,1,0
B,F,F,1358,100,1358,1,0
C,F,F,7211,100,7211,1,0
D,F,F,5351,100,5351,1,0
E,F,F,5080,100,5080,1,0
F,G,F,6997,100,6997,1,0
F,H,F,5465,100,5465,1,0
A,G,G,10630,100,10630,1,0
B,G,G,7072,100,7072,1,0
C,G,G,1370,100,1370,1,0
D,G,G,8875,100,8875,1,0
E,G,G,10618,100,10618,1,0
F,G,G,6986,100,6986,1,0
G,H,G,8862,100,8862,1,0
A,H,H,9953,100,9953,1,0
B,H,H,5804,100,5804,1,0
C,H,H,8984,100,8984,1,0
D,H,H,1501,100,1501,1,0
E,H,H,10138,100,10138,1,0
F,H,H,5475,100,5475,1,0
G,H,H,8888,100,8888,1,0
A,B,A,4769,100,4769,1,0
A,C,A,10661,100,10661,1,0
A,D,A,9529,100,9529,1,0
A,E,A,1384,100,1384,1,0
A,F,A,5041,100,5041,1,0
A,G,A,10648,100,10648,1,0
A,H,A,9953,100,9953,1,0
A,B,B,4804,100,4804,1,0
B,C,B,7018,100,7018,1,0
B,D,B,5248,100,5248,1,0
B,E,B,5211,100,5211,1,0
B,F,B,1310,100,1310,1,0
B,G,B,7063,100,7063,1,0
B,H,B,5731,100,5731,1,0
A,C,C,10649,100,10649,1,0
B,C,C,6999,100,6999,1,0
C,D,C,8760,100,8760,1,0
C,E,C,10798,100,10798,1,0
C,F,C,7178,100,7178,1,0
C,G,C,1383,100,1383,1,0
C,H,C,8934,100,8934,1,0
A,D,D,9536,100,9536,1,0
B,D,D,5285,100,5285,1,0
C,D,D,8750,100,8750,1,0
D,E,D,9905,100,9905,1,0
D,F,D,5340,100,5340,1,0
D,G,D,8903,100,8903,1,0
D,H,D,1464,100,1464,1,0
A,E,E,1432,100,1432,1,0
B,E,E,5196,100,5196,1,0
C,E,E,10803,100,10803,1,0
D,E,E,9920,100,9920,1,0
E,F,E,5109,100,5109,1,0
E,G,E,10645,100,10645,1,0
E,H,E,10183,100,10183,1,0
A,F,F,5026,100,5026,1,0
B,F,F,1335,100,1335,1,0
C,F,F,7212,100,7212,1,0
D,F,F,5349,100,5349,1,0
E,F,F,5090,100,5090,1,0
F,G,F,7001,100,7001,1,0
F,H,F,5475,100,5475,1,0
A,G,G,10641,100,10641,1,0
B,G,G,7100,100,7100,1,0
C,G,G,1386,100,1386,1,0
D,G,G,8923,100,8923,1,0
E,G,G,10616,100,10616,1,0
F,G,G,7029,100,7029,1,0
G,H,G,8866,100,8866,1,0
A,H,H,9915,100,9915,1,0
B,H,H,5702,100,5702,1,0
C,H,H,8926,100,8926,1,0
D,H,H,1491,100,1491,1,0
E,H,H,10161,100,10161,1,0
F,H,H,5459,100,5459,1,0
G,H,H,8875,100,8875,1,0
A,B,A,4760,100,4760,1,0
A,C,A,10620,100,10620,1,0
A,D,A,9528,100,9528,1,0
A,E,A,1429,100,1429,1,0
A,F,A,5061,100,5061,1,0
A,G,A,10593,100,10593,1,0
A,H,A,9947,100,9947,1,0
A,B,B,4759,100,4759,1,0
B,C,B,6998,100,6998,1,0
B,D,B,5306,100,5306,1,0
B,E,B,5211,100,5211,1,0
B,F,B,1363,100,1363,1,0
B,G,B,7048,100,7048,1,0
B,H,B,5723,100,5723,1,0
A,C,C,10660,100,10660,1,0
B,C,C,7012,100,7012,1,0
C,D,C,8738,100,8738,1,0
C,E,C,10829,100,10829,1,0
C,F,C,7182,100,7182,1,0
C,G,C,1412,100,1412,1,0
C,H,C,8980,100,8980,1,0
A,D,D,9535,100,9535,1,0
B,D,D,5289,100,5289,1,0
C,D,D,8712,100,8712,1,0
D,E,D,9956,100,9956,1,0
D,F,D,5345,100,5345,1,0
D,G,D,8884,100,8884,1,0
D,H,D,1512,100,1512,1,0
A,E,E,1450,100,1450,1,0
B,E,E,5150,100,5150,1,0
C,E,E,10754,100,10754,1,0
D,E,E,9868,100,9868,1,0
E,F,E,5106,100,5106,1,0
E,G,E,10621,100,10621,1,0
E,H,E,10149,100,10149,1,0
A,F,F,5042,100,5042,1,0
B,F,F,1370,100,1370,1,0
C,F,F,7201,100,7201,1,0
D,F,F,5379,100,5379,1,0
E,F,F,5080,100,5080,1,0
F,G,F,7025,100,7025,1,0
F,H,F,5439,100,5439,1,0
A,G,G,10620,100,10620,1,0
B,G,G,7098,100,7098,1,0
C,G,G,1406,100,1406,1,0
D,G,G,8905,100,8905,1,0
E,G,G,10623,100,10623,1,0
F,G,G,6978,100,6978,1,0
G,H,G,8881,100,8881,1,0
A,H,H,9967,100,9967,1,0
B,H,H,5753,100,5753,1,0
C,H,H,8960,100,8960,1,0
D,H,H,1443,100,1443,1,0
E,H,H,10149,100,10149,1,0
F,H,H,5453,100,5453,1,0
G,H,H,8841,100,8841,1,0
A,B,A,4786,100,4786,1,0
A,C,A,10676,100,10676,1,0
A,D,A,9562,100,9562,1,0
A,E,A,1400,100,1400,1,0
A,F,A,5073,100,5073,1,0
A,G,A,10614,100,10614,1,0
A,H,A,9945,100,9945,1,0
A,B,B,4796,100,4796,1,0
B,C,B,6995,100,6995,1,0
B,D,B,5315,100,5315,1,0
B,E,B,5169,100,5169,1,0
B,F,B,1370,100,1370,1,0
B,G,B,7093,100,7093,1,0
B,H,B,5719,100,5719,1,0
A,C,C,10598,100,10598,1,0
B,C,C,6982,100,6982,1,0
C,D,C,8758,100,8758,1,0
C,E,C,10843,100,10843,1,0
C,F,C,7181,100,7181,1,0
C,G,C,1345,100,1345,1,0
C,H,C,8982,100,8982,1,0
A,D,D,9541,100,9541,1,0
B,D,D,5320,100,5320,1,0
C,D,D,8726,100,8726,1,0
D,E,D,9949,100,9949,1,0
D,F,D,5372,100,5372,1,0
D,G,D,8899,100,8899,1,0
D,H,D,1444,100,1444,1,0
A,E,E,1384,100,1384,1,0
B,E,E,5183,100,5183,1,0
C,E,E,10811,100,10811,1,0
D,E,E,9938,100,9938,1,0
E,F,E,5111,100,5111,1,0
E,G,E,10630,100,10630,1,0
E,H,E,10146,100,10146,1,0
A,F,F,5045,100,5045,1,0
B,F,F,1379,100,1379,1,0
C,F,F,7186,100,7186,1,0
D,F,F,5328,100,5328,1,0
E,F,F,5129,100,5129,1,0
F,G,F,6996,100,6996,1,0
F,H,F,5406,100,5406,1,0
A,G,G,10608,100,10608,1,0
B,G,G,7026,100,7026,1,0
C,G,G,1384,100,1384,1,0
D,G,G,8876,100,8876,1,0
E,G,G,10636,100,10636,1,0
F,G,G,7020,100,7020,1,0
G,H,G,8828,100,8828,1,0
A,H,H,9965,100,9965,1,0
B,H,H,5741,100,5741,1,0
C,H,H,8952,100,8952,1,0
D,H,H,1485,100,1485,1,0
E,H,H,10124,100,10124,1,0
F,H,H,5492,100,5492,1,0
G,H,H,8890,100,8890,1,0
A,B,A,4772,100,4772,1,0
A,C,A,10635,100,10635,1,0
A,D,A,9527,100,9527,1,0
A,E,A,1449,100,1449,1,0
A,F,A,5085,100,5085,1,0
A,G,A,10602,100,10602,1,0
A,H,A,9940,100,9940,1,0
A,B,B,4740,100,4740,1,0
B,C,B,7015,100,7015,1,0
B,D,B,5314,100,5314,1,0
B,E,B,5171,100,5171,1,0
B,F,B,1356,100,1356,1,0
B,G,B,7112,100,7112,1,0
B,H,B,5757,100,5757,1,0
A,C,C,10598,100,10598,1,0
B,C,C,7016,100,7016,1,0
C,D,C,8754,100,8754,1,0
C,E,C,10846,100,10846,1,0
C,F,C,7204,100,7204,1,0
C,G,C,1389,100,1389,1,0
C,H,C,8948,100,8948,1,0
A,D,D,9526,100,9526,1,0
B,D,D,5264,100,5264,1,0
C,D,D,8740,100,8740,1,0
D,E,D,9910,100,9910,1,0
D,F,D,5373,100,5373,1,0
D,G,D,8887,100,8887,1,0
D,H,D,1407,100,1407,1,0
A,E,E,1384,100,1384,1,0
B,E,E,5168,100,5168,1,0
C,E,E,10783,100,10783,1,0
D,E,E,9957,100,9957,1,0
E,F,E,5080,100,5080,1,0
E,G,E,10625,100,10625,1,0
E,H,E,10136,100,10136,1,0
A,F,F,5109,100,5109,1,0
B,F,F,1337,100,1337,1,0
C,F,F,7191,100,7191,1,0
D,F,F,5348,100,5348,1,0
E,F,F,5127,100,5127,1,0
F,G,F,7007,100,7007,1,0
F,H,F,5461,100,5461,1,0
A,G,G,10639,100,10639,1,0
B,G,G,7024,100,7024,1,0
C,G,G,1387,100,1387,1,0
D,G,G,8875,100,8875,1,0
E,G,G,10629,100,10629,1,0
F,G,G,6986,100,6986,1,0
G,H,G,8874,100,8874,1,0
A,H,H,9950,100,9950,1,0
B,H,H,5681,100,5681,1,0
C,H,H,8937,100,8937,1,0
D,H,H,1491,100,1491,1,0
E,H,H,10114,100,10114,1,0
F,H,H,5460,100,5460,1,0
G,H,H,8903,100,8903,1,0
A,B,A,4735,100,4735,1,0
A,C,A,10690,100,10690,1,0
A,D,A,9516,100,9516,1,0
A,E,A,1424,100,1424,1,0
A,F,A,5062,100,5062,1,0
A,G,A,10626,100,10626,1,0
A,H,A,9930,100,9930,1,0
A,B,B,4782,100,4782,1,0
B,C,B,6997,100,6997,1,0
B,D,B,5292,100,5292,1,0
B,E,B,5163,100,5163,1,0
B,F,B,1352,100,1352,1,0
B,G,B,7088,100,7088,1,0
B,H,B,5713,100,5713,1,0
A,C,C,10651,100,10651,1,0
B,C,C,7018,100,7018,1,0
C,D,C,8744,100,8744,1,0
C,E,C,10806,100,10806,1,0
C,F,C,7212,100,7212,1,0
C,G,C,1351,100,1351,1,0
C,H,C,8910,100,8910,1,0
A,D,D,9530,100,9530,1,0
B,D,D,5278,100,5278,1,0
C,D,D,8775,100,8775,1,0
D,E,D,9943,100,9943,1,0
D,F,D,5387,100,5387,1,0
D,G,D,8888,100,8888,1,0
D,H,D,1481,100,1481,1,0
A,E,E,1398,100,1398,1,0
B,E,E,5241,100,5241,1,0
C,E,E,10818,100,10818,1,0
D,E,E,9869,100,9869,1,0
E,F,E,5090,100,5090,1,0
E,G,E,10629,100,10629,1,0
E,H,E,10116,100,10116,1,0
A,F,F,5067,100,5067,1,0
B,F,F,1374,100,1374,1,0
C,F,F,7191,100,7191,1,0
D,F,F,5384,100,5384,1,0
E,F,F,5077,100,5077,1,0
F,G,F,7007,100,7007,1,0
F,H,F,5435,100,5435,1,0
A,G,G,10608,100,10608,1,0
B,G,G,7070,100,7070,1,0
C,G,G,1400,100,1400,1,0
D,G,G,8941,100,8941,1,0
E,G,G,10639,100,10639,1,0
F,G,G,7015,100,7015,1,0
G,H,G,8868,100,8868,1,0
A,H,H,9964,100,9964,1,0
B,H,H,5784,100,5784,1,0
C,H,H,8935,100,8935,1,0
D,H,H,1512,100,1512,1,0
E,H,H,10177,100,10177,1,0
F,H,H,5458,100,5458,1,0
G,H,H,8850,100,8850,1,0
A,B,A,4786,100,4786,1,0
A,C,A,10626,100,10626,1,0
A,D,A,9530,100,9530,1,0
A,E,A,1399,100,1399,1,0
A,F,A,5037,100,5037,1,0
A,G,A,10651,100,10651,1,0
A,H,A,9935,100,9935,1,0
A,B,B,4761,100,4761,1,0
B,C,B,7045,100,7045,1,0
B,D,B,5279,100,5279,1,0
B,E,B,5171,100,5171,1,0
B,F,B,1361,100,1361,1,0
B,G,B,7105,100,7105,1,0
B,H,B,5818,100,5818,1,0
A,C,C,10709,100,10709,1,0
B,C,C,7030,100,7030,1,0
C,D,C,8761,100,8761,1,0
C,E,C,10759,100,10759,1,0
C,F,C,7197,100,7197,1,0
C,G,C,1355,100,1355,1,0
C,H,C,8938,100,8938,1,0
A,D,D,9524,100,9524,1,0
B,D,D,5245,100,5245,1,0
C,D,D,8733,100,8733,1,0
D,E,D,9914,100,9914,1,0
D,F,D,5340,100,5340,1,0
D,G,D,8885,100,8885,1,0
D,H,D,1446,100,1446,1,0
A,E,E,1409,100,1409,1,0
B,E,E,5166,100,5166,1,0
C,E,E,10782,100,10782,1,0
D,E,E,9893,100,9893,1,0
E,F,E,5129,100,5129,1,0
E,G,E,10644,100,10644,1,0
E,H,E,10153,100,10153,1,0
A,F,F,5055,100,5055,1,0
B,F,F,1382,100,1382,1,0
C,F,F,7186,100,7186,1,0
D,F,F,5343,100,5343,1,0
E,F,F,5075,100,5075,1,0
F,G,F,6988,100,6988,1,0
F,H,F,5438,100,5438,1,0
A,G,G,10615,100,10615,1,0
B,G,G,7093,100,7093,1,0
C,G,G,1324,100,1324,1,0
D,G,G,8937,100,8937,1,0
E,G,G,10652,100,10652,1,0
F,G,G,6978,100,6978,1,0
G,H,G,8871,100,8871,1,0
A,H,H,9921,100,9921,1,0
B,H,H,5751,100,5751,1,0
C,H,H,8990,100,8990,1,0
D,H,H,1519,100,1519,1,0
E,H,H,10187,100,10187,1,0
F,H,H,5480,100,5480,1,0
G,H,H,8865,100,8865,1,0
A,B,A,4801,100,4801,1,0
A,C,A,10624,100,10624,1,0
A,D,A,9538,100,9538,1,0
A,E,A,1434,100,1434,1,0
A,F,A,5071,100,5071,1,0
A,G,A,10630,100,10630,1,0
A,H,A,10004,100,10004,1,0
A,B,B,4782,100,4782,1,0
B,C,B,7034,100,7034,1,0
B,D,B,5248,100,5248,1,0
B,E,B,5183,100,5183,1,0
B,F,B,1380,100,1380,1,0
B,G,B,7061,100,7061,1,0
B,H,B,5723,100,5723,1,0
A,C,C,10605,100,10605,1,0
B,C,C,6994,100,6994,1,0
C,D,C,8763,100,8763,1,0
C,E,C,10814,100,10814,1,0
C,F,C,7210,100,7210,1,0
C,G,C,1387,100,1387,1,0
C,H,C,8885,100,8885,1,0
A,D,D,9521,100,9521,1,0
B,D,D,5287,100,5287,1,0
C,D,D,8713,100,8713,1,0
D,E,D,9924,100,9924,1,0
D,F,D,5400,100,5400,1,0
D,G,D,8897,100,8897,1,0
D,H,D,1553,100,1553,1,0
A,E,E,1397,100,1397,1,0
B,E,E,5231,100,5231,1,0
C,E,E,10804,100,10804,1,0
D,E,E,9850,100,9850,1,0
E,F,E,5121,100,5121,1,0
E,G,E,10623,100,10623,1,0
E,H,E,10124,100,10124,1,0
A,F,F,5088,100,5088,1,0
B,F,F,1335,100,1335,1,0
C,F,F,7216,100,7216,1,0
D,F,F,5383,100,5383,1,0
E,F,F,5141,100,5141,1,0
F,G,F,7000,100,7000,1,0
F,H,F,5456,100,5456,1,0
A,G,G,10628,100,10628,1,0
B,G,G,7103,100,7103,1,0
C,G,G,1373,100,1373,1,0
D,G,G,8910,100,8910,1,0
E,G,G,10646,100,10646,1,0
F,G,G,7016,100,7016,1,0
G,H,G,8843,100,8843,1,0
A,H,H,9929,100,9929,1,0
B,H,H,5704,100,5704,1,0
C,H,H,8952,100,8952,1,0
D,H,H,1429,100,1429,1,0
E,H,H,10134,100,10134,1,0
F,H,H,5509,100,5509,1,0
G,H,H,8891,100,8891,1,0
A,B,A,4762,100,4762,1,0
A,C,A,10584,100,10584,1,0
A,D,A,9530,100,9530,1,0
A,E,A,1412,100,1412,1,0
A,F,A,5019,100,5019,1,0
A,G,A,10583,100,10583,1,0
A,H,A,9923,100,9923,1,0
A,B,B,4775,100,4775,1,0
B,C,B,7010,100,7010,1,0
B,D,B,5268,100,5268,1,0
B,E,B,5169,100,5169,1,0
B,F,B,1346,100,1346,1,0
B,G,B,7057,100,7057,1,0
B,H,B,5757,100,5757,1,0
A,C,C,10685,100,10685,1,0
B,C,C,7005,100,7005,1,0
C,D,C,8760,100,8760,1,0
C,E,C,10855,100,10855,1,0
C,F,C,7228,100,7228,1,0
C,G,C,1361,100,1361,1,0
C,H,C,8920,100,8920,1,0
A,D,D,9518,100,9518,1,0
B,D,D,5278,100,5278,1,0
C,D,D,8698,100,8698,1,0
D,E,D,9942,100,9942,1,0
D,F,D,5377,100,5377,1,0
D,G,D,8904,100,8904,1,0
D,H,D,1492,100,1492,1,0
A,E,E,1367,100,1367,1,0
B,E,E,5159,100,5159,1,0
C,E,E,10828,100,10828,1,0
D,E,E,9946,100,9946,1,0
E,F,E,5121,100,5121,1,0
E,G,E,10633,100,10633,1,0
E,H,E,10143,100,10143,1,0
A,F,F,5106,100,5106,1,0
B,F,F,1350,100,1350,1,0
C,F,F,7191,100,7191,1,0
D,F,F,5381,100,5381,1,0
E,F,F,5137,100,5137,1,0
F,G,F,6996,100,6996,1,0
F,H,F,5466,100,5466,1,0
A,G,G,10632,100,10632,1,0
B,G,G,7083,100,7083,1,0
C,G,G,1365,100,1365,1,0
D,G,G,8907,100,8907,1,0
E,G,G,10662,100,10662,1,0
F,G,G,6967,100,6967,1,0
G,H,G,8878,100,8878,1,0
A,H,H,9965,100,9965,1,0
B,H,H,5715,100,5715,1,0
C,H,H,8926,100,8926,1,0
D,H,H,1522,100,1522,1,0
E,H,H,10178,100,10178,1,0
F,H,H,5453,100,5453,1,0
G,H,H,8850,100,8850,1,0
A,B,A,4805,100,4805,1,0
A,C,A,10615,100,10615,1,0
A,D,A,9508,100,9508,1,0
A,E,A,1403,100,1403,1,0
A,F,A,5098,100,5098,1,0
A,G,A,10597,100,10597,1,0
A,H,A,9950,100,9950,1,0
A,B,B,4772,100,4772,1,0
B,C,B,6971,100,6971,1,0
B,D,B,5323,100,5323,1,0
B,E,B,5197,100,5197,1,0
B,F,B,1355,100,1355,1,0
B,G,B,7071,100,7071,1,0
B,H,B,5748,100,5748,1,0
A,C,C,10638,100,10638,1,0
B,C,C,7018,100,7018,1,0
C,D,C,8715,100,8715,1,0
C,E,C,10842,100,10842,1,0
C,F,C,7196,100,7196,1,0
C,G,C,1343,100,1343,1,0
C,H,C,8947,100,8947,1,0
A,D,D,9526,100,9526,1,0
B,D,D,5255,100,5255,1,0
C,D,D,8754,100,8754,1,0
D,E,D,9976,100,9976,1,0
D,F,D,5357,100,5357,1,0
D,G,D,8897,100,8897,1,0
D,H,D,1557,100,1557,1,0
A,E,E,1393,100,1393,1,0
B,E,E,5165,100,5165,1,0
C,E,E,10837,100,10837,1,0
D,E,E,9981,100,9981,1,0
E,F,E,5091,100,5091,1,0
E,G,E,10665,100,10665,1,0
E,H,E,10168,100,10168,1,0
A,F,F,5059,100,5059,1,0
B,F,F,1358,100,1358,1,0
C,F,F,7201,100,7201,1,0
D,F,F,5341,100,5341,1,0
E,F,F,5109,100,5109,1,0
F,G,F,7010,100,7010,1,0
F,H,F,5508,100,5508,1,0
A,G,G,10627,100,10627,1,0
B,G,G,7092,100,7092,1,0
C,G,G,1400,100,1400,1,0
D,G,G,8895,100,8895,1,0
E,G,G,10643,100,10643,1,0
F,G,G,6972,100,6972,1,0
G,H,G,8826,100,8826,1,0
A,H,H,9920,100,9920,1,0
B,H,H,5680,100,5680,1,0
C,H,H,8889,100,8889,1,0
D,H,H,1502,100,1502,1,0
E,H,H,10149,100,10149,1,0
F,H,H,5437,100,5437,1,0
G,H,H,8863,100,8863,1,0
A,B,A,4733,100,4733,1,0
A,C,A,10606,100,10606,1,0
A,D,A,9535,100,9535,1,0
A,E,A,1447,100,1447,1,0
A,F,A,4995,100,4995,1,0
A,G,A,10565,100,10565,1,0
A,H,A,9945,100,9945,1,0
A,B,B,4751,100,4751,1,0
B,C,B,7010,100,7010,1,0
B,D,B,5270,100,5270,1,0
B,E,B,5170,100,5170,1,0
B,F,B,1385,100,1385,1,0
B,G,B,7054,100,7054,1,0
B,H,B,5764,100,5764,1,0
A,C,C,10607,100,10607,1,0
B,C,C,7024,100,7024,1,0
C,D,C,8711,100,8711,1,0
C,E,C,10848,100,10848,1,0
C,F,C,7189,100,7189,1,0
C,G,C,1388,100,1388,1,0
C,H,C,8971,100,8971,1,0
A,D,D,9511,100,9511,1,0
B,D,D,5278,100,5278,1,0
C,D,D,8688,100,8688,1,0
D,E,D,9929,100,9929,1,0
D,F,D,5375,100,5375,1,0
D,G,D,8934,100,8934,1,0
D,H,D,1467,100,1467,1,0
A,E,E,1375,100,1375,1,0
B,E,E,5191,100,5191,1,0
C,E,E,10790,100,10790,1,0
D,E,E,9924,100,9924,1,0
E,F,E,5088,100,5088,1,0
E,G,E,10613,100,10613,1,0
E,H,E,10131,100,10131,1,0
A,F,F,5076,100,5076,1,0
B,F,F,1372,100,1372,1,0
C,F,F,7177,100,7177,1,0
D,F,F,5370,100,5370,1,0
E,F,F,5086,100,5086,1,0
F,G,F,6992,100,6992,1,0
F,H,F,5442,100,5442,1,0
A,G,G,10607,100,10607,1,0
B,G,G,7085,100,7085,1,0
C,G,G,1376,100,1376,1,0
D,G,G,8888,100,8888,1,0
E,G,G,10630,100,10630,1,0
F,G,G,7030,100,7030,1,0
G,H,G,8868,100,8868,1,0
A,H,H,9944,100,9944,1,0
B,H,H,5761,100,5761,1,0
C,H,H,8929,100,8929,1,0
D,H,H,1517,100,1517,1,0
E,H,H,10165,100,10165,1,0
F,H,H,5450,100,5450,1,0
G,H,H,8885,100,8885,1,0
A,B,A,4747,100,4747,1,0
A,C,A,10622,100,10622,1,0
A,D,A,9531,100,9531,1,0
A,E,A,1374,100,1374,1,0
A,F,A,5022,100,5022,1,0
A,G,A,10655,100,10655,1,0
A,H,A,9953,100,9953,1,0
A,B,B,4778,100,4778,1,0
B,C,B,7018,100,7018,1,0
B,D,B,5277,100,5277,1,0
B,E,B,5197,100,5197,1,0
B,F,B,1331,100,1331,1,0
B,G,B,7058,100,7058,1,0
B,H,B,5702,100,5702,1,0
A,C,C,10602,100,10602,1,0
B,C,C,7007,100,7007,1,0
C,D,C,8702,100,8702,1,0
C,E,C,10823,100,10823,1,0
C,F,C,7189,100,7189,1,0
C,G,C,1413,100,1413,1,0
C,H,C,8901,100,8901,1,0
A,D,D,9530,100,9530,1,0
B,D,D,5301,100,5301,1,0
C,D,D,8790,100,8790,1,0
D,E,D,9880,100,9880,1,0
D,F,D,5347,100,5347,1,0
D,G,D,8876,100,8876,1,0
D,H,D,1501,100,1501,1,0
A,E,E,1479,100,1479,1,0
B,E,E,5181,100,5181,1,0
C,E,E,10772,100,10772,1,0
D,E,E,9861,100,9861,1,0
E,F,E,5101,100,5101,1,0
E,G,E,10620,100,10620,1,0
E,H,E,10190,100,10190,1,0
A,F,F,5026,100,5026,1,0
B,F,F,1338,100,1338,1,0
C,F,F,7162,100,7162,1,0
D,F,F,5402,100,5402,1,0
E,F,F,5103,100,5103,1,0
F,G,F,7006,100,7006,1,0
F,H,F,5466,100,5466,1,0
A,G,G,10660,100,10660,1,0
B,G,G,7066,100,7066,1,0
C,G,G,1370,100,1370,1,0
D,G,G,8911,100,8911,1,0
E,G,G,10669,100,10669,1,0
F,G,G,7015,100,7015,1,0
G,H,G,8866,100,8866,1,0
A,H,H,10012,100,10012,1,0
B,H,H,5762,100,5762,1,0
C,H,H,8975,100,8975,1,0
D,H,H,1513,100,1513,1,0
E,H,H,10158,100,10158,1,0
F,H,H,5457,100,5457,1,0
G,H,H,8890,100,8890,1,0
A,B,A,4759,100,4759,1,0
A,C,A,10609,100,10609,1,0
A,D,A,9514,100,9514,1,0
A,E,A,1415,100,1415,1,0
A,F,A,5038,100,5038,1,0
A,G,A,10627,100,10627,1,0
A,H,A,9985,100,9985,1,0
A,B,B,4750,100,4750,1,0
B,C,B,7020,100,7020,1,0
B,D,B,5277,100,5277,1,0
B,E,B,5211,100,5211,1,0
B,F,B,1347,100,1347,1,0
B,G,B,7098,100,7098,1,0
B,H,B,5715,100,5715,1,0
A,C,C,10637,100,10637,1,0
B,C,C,7035,100,7035,1,0
C,D,C,8776,100,8776,1,0
C,E,C,10823,100,10823,1,0
C,F,C,7218,100,7218,1,0
C,G,C,1369,100,1369,1,0
C,H,C,8920,100,8920,1,0
A,D,D,9540,100,9540,1,0
B,D,D,5326,100,5326,1,0
C,D,D,8743,100,8743,1,0
D,E,D,9897,100,9897,1,0
D,F,D,5374,100,5374,1,0
D,G,D,8876,100,8876,1,0
D,H,D,1476,100,1476,1,0
A,E,E,1364,100,1364,1,0
B,E,E,5157,100,5157,1,0
C,E,E,10806,100,10806,1,0
D,E,E,9929,100,9929,1,0
E,F,E,5126,100,5126,1,0
E,G,E,10627,100,10627,1,0
E,H,E,10122,100,10122,1,0
A,F,F,5058,100,5058,1,0
B,F,F,1342,100,1342,1,0
C,F,F,7198,100,7198,1,0
D,F,F,5356,100,5356,1,0
E,F,F,5098,100,5098,1,0
F,G,F,7020,100,7020,1,0
F,H,F,5449,100,5449,1,0
A,G,G,10646,100,10646,1,0
B,G,G,7095,100,7095,1,0
C,G,G,1357,100,1357,1,0
D,G,G,8917,100,8917,1,0
E,G,G,10623,100,10623,1,0
F,G,G,6988,100,6988,1,0
G,H,G,8885,100,8885,1,0
A,H,H,9957,100,9957,1,0
B,H,H,5734,100,5734,1,0
C,H,H,8948,100,8948,1,0
D,H,H,1497,100,1497,1,0
E,H,H,10132,100,10132,1,0
F,H,H,5429,100,5429,1,0
G,H,H,8861,100,8861,1,0
A,B,A,4816,100,4816,1,0
A,C,A,10671,100,10671,1,0
A,D,A,9536,100,9536,1,0
A,E,A,1415,100,1415,1,0
A,F,A,5062,100,5062,1,0
A,G,A,10623,100,10623,1,0
A,H,A,9878,100,9878,1,0
A,B,B,4830,100,4830,1,0
B,C,B,6996,100,6996,1,0
B,D,B,5273,100,5273,1,0
B,E,B,5223,100,5223,1,0
B,F,B,1354,100,1354,1,0
B,G,B,7075,100,7075,1,0
B,H,B,5738,100,5738,1,0
A,C,C,10590,100,10590,1,0
B,C,C,7014,100,7014,1,0
C,D,C,8751,100,8751,1,0
C,E,C,10857,100,10857,1,0
C,F,C,7174,100,7174,1,0
C,G,C,1344,100,1344,1,0
C,H,C,8956,100,8956,1,0
A,D,D,9538,100,9538,1,0
B,D,D,5287,100,5287,1,0
C,D,D,8755,100,8755,1,0
D,E,D,9915,100,9915,1,0
D,F,D,5385,100,5385,1,0
D,G,D,8901,100,8901,1,0
D,H,D,1532,100,1532,1,0
A,E,E,1389,100,1389,1,0
B,E,E,5217,100,5217,1,0
C,E,E,10841,100,10841,1,0
D,E,E,9885,100,9885,1,0
E,F,E,5130,100,5130,1,0
E,G,E,10618,100,10618,1,0
E,H,E,10155,100,10155,1,0
A,F,F,5094,100,5094,1,0
B,F,F,1355,100,1355,1,0
C,F,F,7180,100,7180,1,0
D,F,F,5362,100,5362,1,0
E,F,F,5117,100,5117,1,0
F,G,F,6983,100,6983,1,0
F,H,F,5450,100,5450,1,0
A,G,G,10615,100,10615,1,0
B,G,G,7085,100,7085,1,0
C,G,G,1364,100,1364,1,0
D,G,G,8879,100,8879,1,0
E,G,G,10628,100,10628,1,0
F,G,G,6975,100,6975,1,0
G,H,G,8808,100,8808,1,0
A,H,H,9988,100,9988,1,0
B,H,H,5728,100,5728,1,0
C,H,H,8946,100,8946,1,0
D,H,H,1451,100,1451,1,0
E,H,H,10144,100,10144,1,0
F,H,H,5472,100,5472,1,0
G,H,H,8870,100,8870,1,0
A,B,A,4767,100,4767,1,0
A,C,A,10695,100,10695,1,0
A,D,A,9542,100,9542,1,0
A,E,A,1434,100,1434,1,0
A,F,A,5042,100,5042,1,0
A,G,A,10652,100,10652,1,0
A,H,A,9943,100,9943,1,0
A,B,B,4793,100,4793,1,0
B,C,B,7047,100,7047,1,0
B,D,B,5269,100,5269,1,0
B,E,B,5166,100,5166,1,0
B,F,B,1354,100,1354,1,0
B,G,B,7081,100,7081,1,0
B,H,B,5679,100,5679,1,0
A,C,C,10691,100,10691,1,0
B,C,C,7018,100,7018,1,0
C,D,C,8723,100,8723,1,0
C,E,C,10847,100,10847,1,0
C,F,C,7198,100,7198,1,0
C,G,C,1424,100,1424,1,0
C,H,C,8939,100,8939,1,0
A,D,D,9506,100,9506,1,0
B,D,D,5287,100,5287,1,0
C,D,D,8766,100,8766,1,0
D,E,D,9938,100,9938,1,0
D,F,D,5353,100,5353,1,0
D,G,D,8903,100,8903,1,0
D,H,D,1498,100,1498,1,0
A,E,E,1430,100,1430,1,0
B,E,E,5164,100,5164,1,0
C,E,E,10817,100,10817,1,0
D,E,E,9941,100,9941,1,0
E,F,E,5093,100,5093,1,0
E,G,E,10664,100,10664,1,0
E,H,E,10127,100,10127,1,0
A,F,F,5034,100,5034,1,0
B,F,F,1336,100,1336,1,0
C,F,F,7193,100,7193,1,0
D,F,F,5338,100,5338,1,0
E,F,F,5117,100,5117,1,0
F,G,F,6995,100,6995,1,0
F,H,F,5489,100,5489,1,0
A,G,G,10643,100,10643,1,0
B,G,G,7037,100,7037,1,0
C,G,G,1402,100,1402,1,0
D,G,G,8907,100,8907,1,0
E,G,G,10659,100,10659,1,0
F,G,G,7000,100,7000,1,0
G,H,G,8912,100,8912,1,0
A,H,H,9932,100,9932,1,0
B,H,H,5729,100,5729,1,0
C,H,H,8935,100,8935,1,0
D,H,H,1514,100,1514,1,0
E,H,H,10163,100,10163,1,0
F,H,H,5477,100,5477,1,0
G,H,H,8867,100,8867,1,0
A,B,A,4762,100,4762,1,0
A,C,A,10635,100,10635,1,0
A,D,A,9537,100,9537,1,0
A,E,A,1392,100,1392,1,0
A,F,A,5009,100,5009,1,0
A,G,A,10641,100,10641,1,0
A,H,A,9944,100,9944,1,0
A,B,B,4753,100,4753,1,0
B,C,B,7007,100,7007,1,0
B,D,B,5261,100,5261,1,0
B,E,B,5174,100,5174,1,0
B,F,B,1356,100,1356,1,0
B,G,B,7076,100,7076,1,0
B,H,B,5716,100,5716,1,0
A,C,C,10647,100,10647,1,0
B,C,C,6999,100,6999,1,0
C,D,C,8750,100,8750,1,0
C,E,C,10826,100,10826,1,0
C,F,C,7192,100,7192,1,0
C,G,C,1348,100,1348,1,0
C,H,C,8939,100,8939,1,0
A,D,D,9496,100,9496,1,0
B,D,D,5286,100,5286,1,0
C,D,D,8747,100,8747,1,0
D,E,D,9964,100,9964,1,0
D,F,D,5350,100,5350,1,0
D,G,D,8946,100,8946,1,0
D,H,D,1464,100,1464,1,0
A,E,E,1427,100,1427,1,0
B,E,E,5205,100,5205,1,0
C,E,E,10812,100,10812,1,0
D,E,E,9996,100,9996,1,0
E,F,E,5105,100,5105,1,0
E,G,E,10629,100,10629,1,0
E,H,E,10178,100,10178,1,0
A,F,F,5072,100,5072,1,0
B,F,F,1384,100,1384,1,0
C,F,F,7183,100,7183,1,0
D,F,F,5356,100,5356,1,0
E,F,F,5102,100,5102,1,0
F,G,F,6999,100,6999,1,0
F,H,F,5475,100,5475,1,0
A,G,G,10664,100,10664,1,0
B,G,G,7039,100,7039,1,0
C,G,G,1361,100,1361,1,0
D,G,G,8925,100,8925,1,0
E,G,G,10673,100,10673,1,0
F,G,G,6992,100,6992,1,0
G,H,G,8849,100,8849,1,0
A,H,H,9984,100,9984,1,0
B,H,H,5782,100,5782,1,0
C,H,H,8908,100,8908,1,0
D,H,H,1508,100,1508,1,0
E,H,H,10138,100,10138,1,0
F,H,H,5440,100,5440,1,0
G,H,H,8900,100,8900,1,0
A,B,A,4784,100,4784,1,0
A,C,A,10611,100,10611,1,0
A,D,A,9546,100,9546,1,0
A,E,A,1457,100,1457,1,0
A,F,A,5026,100,5026,1,0
A,G,A,10574,100,10574,1,0
A,H,A,9946,100,9946,1,0
A,B,B,4807,100,4807,1,0
B,C,B,7010,100,7010,1,0
B,D,B,5306,100,5306,1,0
B,E,B,5179,100,5179,1,0
B,F,B,1356,100,1356,1,0
B,G,B,7077,100,7077,1,0
B,H,B,5847,100,5847,1,0
A,C,C,10622,100,10622,1,0
B,C,C,7037,100,7037,1,0
C,D,C,8765,100,8765,1,0
C,E,C,10790,100,10790,1,0
C,F,C,7201,100,7201,1,0
C,G,C,1400,100,1400,1,0
C,H,C,8905,100,8905,1,0
A,D,D,9534,100,9534,1,0
B,D,D,5271,100,5271,1,0
C,D,D,8751,100,8751,1,0
D,E,D,9928,100,9928,1,0
D,F,D,5382,100,5382,1,0
D,G,D,8884,100,8884,1,0
D,H,D,1456,100,1456,1,0
A,E,E,1454,100,1454,1,0
B,E,E,5191,100,5191,1,0
C,E,E,10865,100,10865,1,0
D,E,E,9896,100,9896,1,0
E,F,E,5115,100,5115,1,0
E,G,E,10627,100,10627,1,0
E,H,E,10103,100,10103,1,0
A,F,F,5037,100,5037,1,0
B,F,F,1356,100,1356,1,0
C,F,F,7234,100,7234,1,0
D,F,F,5356,100,5356,1,0
E,F,F,5138,100,5138,1,0
F,G,F,7020,100,7020,1,0
F,H,F,5458,100,5458,1,0
A,G,G,10648,100,10648,1,0
B,G,G,7068,100,7068,1,0
C,G,G,1361,100,1361,1,0
D,G,G,8902,100,8902,1,0
E,G,G,10649,100,10649,1,0
F,G,G,7007,100,7007,1,0
G,H,G,8877,100,8877,1,0
A,H,H,9969,100,9969,1,0
B,H,H,5737,100,5737,1,0
C,H,H,8943,100,8943,1,0
D,H,H,1504,100,1504,1,0
E,H,H,10131,100,10131,1,0
F,H,H,5461,100,5461,1,0
G,H,H,8859,100,8859,1,0
A,B,A,4748,100,4748,1,0
A,C,A,10637,100,10637,1,0
A,D,A,9539,100,9539,1,0
A,E,A,1446,100,1446,1,0
A,F,A,5057,100,5057,1,0
A,G,A,10653,100,10653,1,0
A,H,A,9954,100,9954,1,0
A,B,B,4778,100,4778,1,0
B,C,B,7004,100,7004,1,0
B,D,B,5327,100,5327,1,0
B,E,B,5176,100,5176,1,0
B,F,B,1341,100,1341,1,0
B,G,B,7092,100,7092,1,0
B,H,B,5750,100,5750,1,0
A,C,C,10627,100,10627,1,0
B,C,C,7009,100,7009,1,0
C,D,C,8737,100,8737,1,0
C,E,C,10866,100,10866,1,0
C,F,C,7178,100,7178,1,0
C,G,C,1392,100,1392,1,0
C,H,C,8885,100,8885,1,0
A,D,D,9555,100,9555,1,0
B,D,D,5270,100,5270,1,0
C,D,D,8735,100,8735,1,0
D,E,D,9873,100,9873,1,0
D,F,D,5360,100,5360,1,0
D,G,D,8904,100,8904,1,0
D,H,D,1538,100,1538,1,0
A,E,E,1406,100,1406,1,0
B,E,E,5178,100,5178,1,0
C,E,E,10801,100,10801,1,0
D,E,E,9915,100,9915,1,0
E,F,E,5097,100,5097,1,0
E,G,E,10625,100,10625,1,0
E,H,E,10162,100,10162,1,0
A,F,F,5072,100,5072,1,0
B,F,F,1370,100,1370,1,0
C,F,F,7192,100,7192,1,0
D,F,F,5356,100,5356,1,0
E,F,F,5090,100,5090,1,0
F,G,F,6996,100,6996,1,0
F,H,F,5449,100,5449,1,0
A,G,G,10631,100,10631,1,0
B,G,G,7047,100,7047,1,0
C,G,G,1379,100,1379,1,0
D,G,G,8911,100,8911,1,0
E,G,G,10623,100,10623,1,0
F,G,G,7007,100,7007,1,0
G,H,G,8861,100,8861,1,0
A,H,H,10008,100,10008,1,0
B,H,H,5752,100,5752,1,0
C,H,H,8923,100,8923,1,0
D,H,H,1440,100,1440,1,0
E,H,H,10154,100,10154,1,0
F,H,H,5427,100,5427,1,0
G,H,H,8867,100,8867,1,0
A,B,A,4785,100,4785,1,0
A,C,A,10728,100,10728,1,0
A,D,A,9533,100,9533,1,0
A,E,A,1382,100,1382,1,0
A,F,A,5057,100,5057,1,0
A,G,A,10594,100,10594,1,0
A,H,A,9943,100,9943,1,0
A,B,B,4820,100,4820,1,0
B,C,B,7019,100,7019,1,0
B,D,B,5291,100,5291,1,0
B,E,B,5183,100,5183,1,0
B,F,B,1375,100,1375,1,0
B,G,B,7080,100,7080,1,0
B,H,B,5753,100,5753,1,0
A,C,C,10670,100,10670,1,0
B,C,C,7045,100,7045,1,0
C,D,C,8743,100,8743,1,0
C,E,C,10814,100,10814,1,0
C,F,C,7179,100,7179,1,0
C,G,C,1386,100,1386,1,0
C,H,C,8998,100,8998,1,0
A,D,D,9515,100,9515,1,0
B,D,D,5244,100,5244,1,0
C,D,D,8759,100,8759,1,0
D,E,D,9921,100,9921,1,0
D,F,D,5389,100,5389,1,0
D,G,D,8893,100,8893,1,0
D,H,D,1477,100,1477,1,0
A,E,E,1414,100,1414,1,0
B,E,E,5205,100,5205,1,0
C,E,E,10793,100,10793,1,0
D,E,E,9945,100,9945,1,0
E,F,E,5148,100,5148,1,0
E,G,E,10624,100,10624,1,0
E,H,E,10147,100,10147,1,0
A,F,F,5070,100,5070,1,0
B,F,F,1377,100,1377,1,0
C,F,F,7231,100,7231,1,0
D,F,F,5361,100,5361,1,0
E,F,F,5123,100,5123,1,0
F,G,F,6999,100,6999,1,0
F,H,F,5472,100,5472,1,0
A,G,G,10658,100,10658,1,0
B,G,G,7103,100,7103,1,0
C,G,G,1329,100,1329,1,0
D,G,G,8892,100,8892,1,0
E,G,G,10600,100,10600,1,0
F,G,G,7026,100,7026,1,0
G,H,G,8815,100,8815,1,0
A,H,H,9945,100,9945,1,0
B,H,H,5744,100,5744,1,0
C,H,H,8955,100,8955,1,0
D,H,H,1539,100,1539,1,0
E,H,H,10144,100,10144,1,0
F,H,H,5419,100,5419,1,0
G,H,H,8904,100,8904,1,0
A,B,A,4823,100,4823,1,0
A,C,A,10609,100,10609,1,0
A,D,A,9525,100,9525,1,0
A,E,A,1460,100,1460,1,0
A,F,A,5056,100,5056,1,0
A,G,A,10667,100,10667,1,0
A,H,A,9979,100,9979,1,0
A,B,B,4780,100,4780,1,0
B,C,B,7004,100,7004,1,0
B,D,B,5298,100,5298,1,0
B,E,B,5184,100,5184,1,0
B,F,B,1349,100,1349,1,0
B,G,B,7078,100,7078,1,0
B,H,B,5747,100,5747,1,0
A,C,C,10617,100,10617,1,0
B,C,C,7027,100,7027,1,0
C,D,C,8729,100,8729,1,0
C,E,C,10828,100,10828,1,0
C,F,C,7188,100,7188,1,0
C,G,C,1380,100,1380,1,0
C,H,C,8954,100,8954,1,0
A,D,D,9563,100,9563,1,0
B,D,D,5259,100,5259,1,0
C,D,D,8775,100,8775,1,0
D,E,D,9920,100,9920,1,0
D,F,D,5376,100,5376,1,0
D,G,D,8909,100,8909,1,0
D,H,D,1515,100,1515,1,0
A,E,E,1351,100,1351,1,0
B,E,E,5196,100,5196,1,0
C,E,E,10810,100,10810,1,0
D,E,E,9916,100,9916,1,0
E,F,E,5135,100,5135,1,0
E,G,E,10602,100,10602,1,0
E,H,E,10133,100,10133,1,0
A,F,F,5039,100,5039,1,0
B,F,F,1306,100,1306,1,0
C,F,F,7181,100,7181,1,0
D,F,F,5352,100,5352,1,0
E,F,F,5087,100,5087,1,0
F,G,F,6986,100,6986,1,0
F,H,F,5423,100,5423,1,0
A,G,G,10607,100,10607,1,0
B,G,G,7079,100,7079,1,0
C,G,G,1344,100,1344,1,0
D,G,G,8887,100,8887,1,0
E,G,G,10621,100,10621,1,0
F,G,G,7029,100,7029,1,0
G,H,G,8888,100,8888,1,0
A,H,H,9941,100,9941,1,0
B,H,H,5763,100,5763,1,0
C,H,H,8941,100,8941,1,0
D,H,H,1513,100,1513,1,0
E,H,H,10141,100,10141,1,0
F,H,H,5487,100,5487,1,0
G,H,H,8834,100,8834,1,0
A,B,A,4775,100,4775,1,0
A,C,A,10609,100,10609,1,0
A,D,A,9533,100,9533,1,0
A,E,A,1397,100,1397,1,0
A,F,A,5058,100,5058,1,0
A,G,A,10590,100,10590,1,0
A,H,A,9942,100,9942,1,0
A,B,B,4813,100,4813,1,0
B,C,B,7015,100,7015,1,0
B,D,B,5329,100,5329,1,0
B,E,B,5175,100,5175,1,0
B,F,B,1351,100,1351,1,0
B,G,B,7058,100,7058,1,0
B,H,B,5693,100,5693,1,0
A,C,C,10638,100,10638,1,0
B,C,C,6990,100,6990,1,0
C,D,C,8754,100,8754,1,0
C,E,C,10804,100,10804,1,0
C,F,C,7191,100,7191,1,0
C,G,C,1376,100,1376,1,0
C,H,C,8941,100,8941,1,0
A,D,D,9536,100,9536,1,0
B,D,D,5242,100,5242,1,0
C,D,D,8715,100,8715,1,0
D,E,D,9876,100,9876,1,0
D,F,D,5386,100,5386,1,0
D,G,D,8887,100,8887,1,0
D,H,D,1489,100,1489,1,0
A,E,E,1365,100,1365,1,0
B,E,E,5195,100,5195,1,0
C,E,E,10820,100,10820,1,0
D,E,E,9921,100,9921,1,0
E,F,E,5080,100,5080,1,0
E,G,E,10631,100,10631,1,0
E,H,E,10136,100,10136,1,0
A,F,F,5050,100,5050,1,0
B,F,F,1369,100,1369,1,0
C,F,F,7210,100,7210,1,0
D,F,F,5355,100,5355,1,0
E,F,F,5093,100,5093,1,0
F,G,F,7010,100,7010,1,0
F,H,F,5406,100,5406,1,0
A,G,G,10613,100,10613,1,0
B,G,G,7097,100,7097,1,0
C,G,G,1352,100,1352,1,0
D,G,G,8885,100,8885,1,0
E,G,G,10642,100,10642,1,0
F,G,G,6982,100,6982,1,0
G,H,G,8900,100,8900,1,0
A,H,H,9930,100,9930,1,0
B,H,H,5722,100,5722,1,0
C,H,H,8953,100,8953,1,0
D,H,H,1482,100,1482,1,0
E,H,H,10141,100,10141,1,0
F,H,H,5440,100,5440,1,0
G,H,H,8866,100,8866,1,0
A,B,A,4767,100,4767,1,0
A,C,A,10668,100,10668,1,0
A,D,A,9521,100,9521,1,0
A,E,A,1388,100,1388,1,0
A,F,A,5063,100,5063,1,0
A,G,A,10596,100,10596,1,0
A,H,A,9917,100,9917,1,0
A,B,B,4765,100,4765,1,0
B,C,B,6982,100,6982,1,0
B,D,B,5330,100,5330,1,0
B,E,B,5179,100,5179,1,0
B,F,B,1353,100,1353,1,0
B,G,B,7050,100,7050,1,0
B,H,B,5755,100,5755,1,0
A,C,C,10633,100,10633,1,0
B,C,C,7054,100,7054,1,0
C,D,C,8770,100,8770,1,0
C,E,C,10830,100,10830,1,0
C,F,C,7184,100,7184,1,0
C,G,C,1358,100,1358,1,0
C,H,C,8932,100,8932,1,0
A,D,D,9535,100,9535,1,0
B,D,D,5291,100,5291,1,0
C,D,D,8703,100,8703,1,0
D,E,D,9904,100,9904,1,0
D,F,D,5402,100,5402,1,0
D,G,D,8908,100,8908,1,0
D,H,D,1459,100,1459,1,0
A,E,E,1417,100,1417,1,0
B,E,E,5164,100,5164,1,0
C,E,E,10786,100,10786,1,0
D,E,E,9905,100,9905,1,0
E,F,E,5105,100,5105,1,0
E,G,E,10669,100,10669,1,0
E,H,E,10130,100,10130,1,0
A,F,F,5059,100,5059,1,0
B,F,F,1354,100,1354,1,0
C,F,F,7165,100,7165,1,0
D,F,F,5354,100,5354,1,0
E,F,F,5126,100,5126,1,0
F,G,F,7003,100,7003,1,0
F,H,F,5439,100,5439,1,0
A,G,G,10629,100,10629,1,0
B,G,G,7098,100,7098,1,0
C,G,G,1415,100,1415,1,0
D,G,G,8856,100,8856,1,0
E,G,G,10626,100,10626,1,0
F,G,G,6978,100,6978,1,0
G,H,G,8836,100,8836,1,0
A,H,H,9958,100,9958,1,0
B,H,H,5693,100,5693,1,0
C,H,H,8962,100,8962,1,0
D,H,H,1468,100,1468,1,0
E,H,H,10174,100,10174,1,0
F,H,H,5489,100,5489,1,0
G,H,H,8875,100,8875,1,0
A,B,A,4759,100,4759,1,0
A,C,A,10635,100,10635,1,0
A,D,A,9537,100,9537,1,0
A,E,A,1394,100,1394,1,0
A,F,A,5092,100,5092,1,0
A,G,A,10619,100,10619,1,0
A,H,A,9922,100,9922,1,0
A,B,B,4790,100,4790,1,0
B,C,B,7047,100,7047,1,0
B,D,B,5337,100,5337,1,0
B,E,B,5174,100,5174,1,0
B,F,B,1380,100,1380,1,0
B,G,B,7100,100,7100,1,0
B,H,B,5740,100,5740,1,0
A,C,C,10618,100,10618,1,0
B,C,C,7034,100,7034,1,0
C,D,C,8732,100,8732,1,0
C,E,C,10849,100,10849,1,0
C,F,C,7227,100,7227,1,0
C,G,C,1357,100,1357,1,0
C,H,C,8933,100,8933,1,0
A,D,D,9511,100,9511,1,0
B,D,D,5285,100,5285,1,0
C,D,D,8712,100,8712,1,0
D,E,D,9952,100,9952,1,0
D,F,D,5337,100,5337,1,0
D,G,D,8920,100,8920,1,0
D,H,D,1464,100,1464,1,0
A,E,E,1419,100,1419,1,0
B,E,E,5154,100,5154,1,0
C,E,E,10874,100,10874,1,0
D,E,E,9948,100,9948,1,0
E,F,E,5099,100,5099,1,0
E,G,E,10615,100,10615,1,0
E,H,E,10129,100,10129,1,0
A,F,F,5063,100,5063,1,0
B,F,F,1381,100,1381,1,0
C,F,F,7192,100,7192,1,0
D,F,F,5387,100,5387,1,0
E,F,F,5076,100,5076,1,0
F,G,F,6991,100,6991,1,0
F,H,F,5475,100,5475,1,0
A,G,G,10624,100,10624,1,0
B,G,G,7100,100,7100,1,0
C,G,G,1363,100,1363,1,0
D,G,G,8900,100,8900,1,0
E,G,G,10618,100,10618,1,0
F,G,G,6983,100,6983,1,0
G,H,G,8864,100,8864,1,0
A,H,H,9958,100,9958,1,0
B,H,H,5678,100,5678,1,0
C,H,H,8944,100,8944,1,0
D,H,H,1486,100,1486,1,0
E,H,H,10151,100,10151,1,0
F,H,H,5450,100,5450,1,0
G,H,H,8869,100,8869,1,0
A,B,A,4768,100,4768,1,0
A,C,A,10635,100,10635,1,0
A,D,A,9537,100,9537,1,0
A,E,A,1395,100,1395,1,0
A,F,A,5053,100,5053,1,0
A,G,A,10596,100,10596,1,0
A,H,A,9977,100,9977,1,0
A,B,B,4757,100,4757,1,0
B,C,B,6996,100,6996,1,0
B,D,B,5278,100,5278,1,0
B,E,B,5139,100,5139,1,0
B,F,B,1358,100,1358,1,0
B,G,B,7068,100,7068,1,0
B,H,B,5716,100,5716,1,0
A,C,C,10594,100,10594,1,0
B,C,C,7019,100,7019,1,0
C,D,C,8752,100,8752,1,0
C,E,C,10849,100,10849,1,0
C,F,C,7196,100,7196,1,0
C,G,C,1367,100,1367,1,0
C,H,C,8922,100,8922,1,0
A,D,D,9513,100,9513,1,0
B,D,D,5331,100,5331,1,0
C,D,D,8744,100,8744,1,0
D,E,D,9855,100,9855,1,0
D,F,D,5359,100,5359,1,0
D,G,D,8921,100,8921,1,0
D,H,D,1549,100,1549,1,0
A,E,E,1368,100,1368,1,0
B,E,E,5192,100,5192,1,0
C,E,E,10795,100,10795,1,0
D,E,E,9926,100,9926,1,0
E,F,E,5108,100,5108,1,0
E,G,E,10614,100,10614,1,0
E,H,E,10160,100,10160,1,0
A,F,F,5102,100,5102,1,0
B,F,F,1325,100,1325,1,0
C,F,F,7207,100,7207,1,0
D,F,F,5358,100,5358,1,0
E,F,F,5090,100,5090,1,0
F,G,F,6986,100,6986,1,0
F,H,F,5422,100,5422,1,0
A,G,G,10632,100,10632,1,0
B,G,G,7106,100,7106,1,0
C,G,G,1419,100,1419,1,0
D,G,G,8877,100,8877,1,0
E,G,G,10627,100,10627,1,0
F,G,G,6996,100,6996,1,0
G,H,G,8877,100,8877,1,0
A,H,H,9985,100,9985,1,0
B,H,H,5752,100,5752,1,0
C,H,H,8918,100,8918,1,0
D,H,H,1480,100,1480,1,0
E,H,H,10176,100,10176,1,0
F,H,H,5449,100,5449,1,0
G,H,H,8882,100,8882,1,0
A,B,A,4808,100,4808,1,0
A,C,A,10616,100,10616,1,0
A,D,A,9549,100,9549,1,0
A,E,A,1413,100,1413,1,0
A,F,A,5062,100,5062,1,0
A,G,A,10612,100,10612,1,0
A,H,A,9959,100,9959,1,0
A,B,B,4772,100,4772,1,0
B,C,B,6979,100,6979,1,0
B,D,B,5304,100,5304,1,0
B,E,B,5211,100,5211,1,0
B,F,B,1341,100,1341,1,0
B,G,B,7081,100,7081,1,0
B,H,B,5725,100,5725,1,0
A,C,C,10681,100,10681,1,0
B,C,C,7004,100,7004,1,0
C,D,C,8772,100,8772,1,0
C,E,C,10814,100,10814,1,0
C,F,C,7187,100,7187,1,0
C,G,C,1396,100,1396,1,0
C,H,C,8960,100,8960,1,0
A,D,D,9530,100,9530,1,0
B,D,D,5299,100,5299,1,0
C,D,D,8710,100,8710,1,0
D,E,D,9927,100,9927,1,0
D,F,D,5393,100,5393,1,0
D,G,D,8897,100,8897,1,0
D,H,D,1496,100,1496,1,0
A,E,E,1420,100,1420,1,0
B,E,E,5171,100,5171,1,0
C,E,E,10821,100,10821,1,0
D,E,E,9959,100,9959,1,0
E,F,E,5111,100,5111,1,0
E,G,E,10655,100,10655,1,0
E,H,E,10132,100,10132,1,0
A,F,F,5060,100,5060,1,0
B,F,F,1320,100,1320,1,0
C,F,F,7195,100,7195,1,0
D,F,F,5389,100,5389,1,0
E,F,F,5098,100,5098,1,0
F,G,F,7009,100,7009,1,0
F,H,F,5441,100,5441,1,0
A,G,G,10619,100,10619,1,0
B,G,G,7113,100,7113,1,0
C,G,G,1367,100,1367,1,0
D,G,G,8892,100,8892,1,0
E,G,G,10603,100,10603,1,0
F,G,G,7003,100,7003,1,0
G,H,G,8862,100,8862,1,0
A,H,H,9923,100,9923,1,0
B,H,H,5733,100,5733,1,0
C,H,H,8886,100,8886,1,0
D,H,H,1449,100,1449,1,0
E,H,H,10141,100,10141,1,0
F,H,H,5432,100,5432,1,0
G,H,H,8893,100,8893,1,0
A,B,A,4783,100,4783,1,0
A,C,A,10602,100,10602,1,0
A,D,A,9533,100,9533,1,0
A,E,A,1365,100,1365,1,0
A,F,A,5087,100,5087,1,0
A,G,A,10633,100,10633,1,0
A,H,A,9931,100,9931,1,0
A,B,B,4781,100,4781,1,0
B,C,B,7048,100,7048,1,0
B,D,B,5332,100,5332,1,0
B,E,B,5169,100,5169,1,0
B,F,B,1328,100,1328,1,0
B,G,B,7061,100,7061,1,0
B,H,B,5695,100,5695,1,0
A,C,C,10674,100,10674,1,0
B,C,C,7001,100,7001,1,0
C,D,C,8768,100,8768,1,0
C,E,C,10802,100,10802,1,0
C,F,C,7190,100,7190,1,0
C,G,C,1430,100,1430,1,0
C,H,C,8962,100,8962,1,0
A,D,D,9527,100,9527,1,0
B,D,D,5284,100,5284,1,0
C,D,D,8724,100,8724,1,0
D,E,D,9913,100,9913,1,0
D,F,D,5342,100,5342,1,0
D,G,D,8868,100,8868,1,0
D,H,D,1504,100,1504,1,0
A,E,E,1377,100,1377,1,0
B,E,E,5139,100,5139,1,0
C,E,E,10874,100,10874,1,0
D,E,E,9925,100,9925,1,0
E,F,E,5076,100,5076,1,0
E,G,E,10635,100,10635,1,0
E,H,E,10164,100,10164,1,0
A,F,F,5071,100,5071,1,0
B,F,F,1347,100,1347,1,0
C,F,F,7192,100,7192,1,0
D,F,F,5359,100,5359,1,0
E,F,F,5106,100,5106,1,0
F,G,F,7013,100,7013,1,0
F,H,F,5491,100,5491,1,0
A,G,G,10600,100,10600,1,0
B,G,G,7063,100,7063,1,0
C,G,G,1353,100,1353,1,0
D,G,G,8907,100,8907,1,0
E,G,G,10639,100,10639,1,0
F,G,G,7003,100,7003,1,0
G,H,G,8875,100,8875,1,0
A,H,H,9945,100,9945,1,0
B,H,H,5806,100,5806,1,0
C,H,H,8968,100,8968,1,0
D,H,H,1463,100,1463,1,0
E,H,H,10145,100,10145,1,0
F,H,H,5433,100,5433,1,0
G,H,H,8890,100,8890,1,0
A,B,A,4804,100,4804,1,0
A,C,A,10681,100,10681,1,0
A,D,A,9525,100,9525,1,0
A,E,A,1437,100,1437,1,0
A,F,A,5041,100,5041,1,0
A,G,A,10608,100,10608,1,0
A,H,A,9949,100,9949,1,0
A,B,B,4754,100,4754,1,0
B,C,B,7034,100,7034,1,0
B,D,B,5308,100,5308,1,0
B,E,B,5178,100,5178,1,0
B,F,B,1364,100,1364,1,0
B,G,B,7066,100,7066,1,0
B,H,B,5684,100,5684,1,0
A,C,C,10640,100,10640,1,0
B,C,C,7015,100,7015,1,0
C,D,C,8754,100,8754,1,0
C,E,C,10849,100,10849,1,0
C,F,C,7197,100,7197,1,0
C,G,C,1361,100,1361,1,0
C,H,C,8953,100,8953,1,0
A,D,D,9541,100,9541,1,0
B,D,D,5275,100,5275,1,0
C,D,D,8698,100,8698,1,0
D,E,D,9950,100,9950,1,0
D,F,D,5340,100,5340,1,0
D,G,D,8927,100,8927,1,0
D,H,D,1502,100,1502,1,0
A,E,E,1495,100,1495,1,0
B,E,E,5195,100,5195,1,0
C,E,E,10835,100,10835,1,0
D,E,E,9896,100,9896,1,0
E,F,E,5105,100,5105,1,0
E,G,E,10635,100,10635,1,0
E,H,E,10137,100,10137,1,0
A,F,F,5078,100,5078,1,0
B,F,F,1336,100,1336,1,0
C,F,F,7172,100,7172,1,0
D,F,F,5350,100,5350,1,0
E,F,F,5122,100,5122,1,0
F,G,F,7009,100,7009,1,0
F,H,F,5435,100,5435,1,0
A,G,G,10621,100,10621,1,0
B,G,G,7050,100,7050,1,0
C,G,G,1391,100,1391,1,0
D,G,G,8920,100,8920,1,0
E,G,G,10642,100,10642,1,0
F,G,G,6984,100,6984,1,0
G,H,G,8871,100,8871,1,0
A,H,H,9925,100,9925,1,0
B,H,H,5776,100,5776,1,0
C,H,H,8946,100,8946,1,0
D,H,H,1463,100,1463,1,0
E,H,H,10152,100,10152,1,0
F,H,H,5437,100,5437,1,0
G,H,H,8861,100,8861,1,0
A,B,A,4758,100,4758,1,0
A,C,A,10640,100,10640,1,0
A,D,A,9518,100,9518,1,0
A,E,A,1416,100,1416,1,0
A,F,A,5034,100,5034,1,0
A,G,A,10633,100,10633,1,0
A,H,A,9917,100,9917,1,0
A,B,B,4769,100,4769,1,0
B,C,B,7034,100,7034,1,0
B,D,B,5282,100,5282,1,0
B,E,B,5210,100,5210,1,0
B,F,B,1340,100,1340,1,0
B,G,B,7068,100,7068,1,0
B,H,B,5740,100,5740,1,0
A,C,C,10601,100,10601,1,0
B,C,C,7046,100,7046,1,0
C,D,C,8732,100,8732,1,0
C,E,C,10817,100,10817,1,0
C,F,C,7185,100,7185,1,0
C,G,C,1411,100,1411,1,0
C,H,C,8933,100,8933,1,0
A,D,D,9526,100,9526,1,0
B,D,D,5319,100,5319,1,0
C,D,D,8735,100,8735,1,0
D,E,D,9891,100,9891,1,0
D,F,D,5406,100,5406,1,0
D,G,D,8869,100,8869,1,0
D,H,D,1476,100,1476,1,0
A,E,E,1461,100,1461,1,0
B,E,E,5152,100,5152,1,0
C,E,E,10767,100,10767,1,0
D,E,E,9890,100,9890,1,0
E,F,E,5086,100,5086,1,0
E,G,E,10632,100,10632,1,0
E,H,E,10129,100,10129,1,0
A,F,F,5083,100,5083,1,0
B,F,F,1366,100,1366,1,0
C,F,F,7203,100,7203,1,0
D,F,F,5345,100,5345,1,0
E,F,F,5095,100,5095,1,0
F,G,F,6986,100,6986,1,0
F,H,F,5445,100,5445,1,0
A,G,G,10600,100,10600,1,0
B,G,G,7092,100,7092,1,0
C,G,G,1375,100,1375,1,0
D,G,G,8894,100,8894,1,0
E,G,G,10613,100,10613,1,0
F,G,G,6999,100,6999,1,0
G,H,G,8854,100,8854,1,0
A,H,H,9937,100,9937,1,0
B,H,H,5796,100,5796,1,0
C,H,H,8963,100,8963,1,0
D,H,H,1483,100,1483,1,0
E,H,H,10177,100,10177,1,0
F,H,H,5472,100,5472,1,0
G,H,H,8871,100,8871,1,0
A,B,A,4748,100,4748,1,0
A,C,A,10642,100,10642,1,0
A,D,A,9520,100,9520,1,0
A,E,A,1431,100,1431,1,0
A,F,A,5065,100,5065,1,0
A,G,A,10620,100,10620,1,0
A,H,A,9993,100,9993,1,0
A,B,B,4768,100,4768,1,0
B,C,B,7026,100,7026,1,0
B,D,B,5322,100,5322,1,0
B,E,B,5165,100,5165,1,0
B,F,B,1363,100,1363,1,0
B,G,B,7020,100,7020,1,0
B,H,B,5731,100,5731,1,0
A,C,C,10665,100,10665,1,0
B,C,C,7003,100,7003,1,0
C,D,C,8766,100,8766,1,0
C,E,C,10804,100,10804,1,0
C,F,C,7195,100,7195,1,0
C,G,C,1357,100,1357,1,0
C,H,C,8972,100,8972,1,0
A,D,D,9523,100,9523,1,0
B,D,D,5289,100,5289,1,0
C,D,D,8767,100,8767,1,0
D,E,D,9895,100,9895,1,0
D,F,D,5384,100,5384,1,0
D,G,D,8897,100,8897,1,0
D,H,D,1544,100,1544,1,0
A,E,E,1374,100,1374,1,0
B,E,E,5157,100,5157,1,0
C,E,E,10867,100,10867,1,0
D,E,E,9914,100,9914,1,0
E,F,E,5098,100,5098,1,0
E,G,E,10631,100,10631,1,0
E,H,E,10162,100,10162,1,0
A,F,F,5073,100,5073,1,0
B,F,F,1363,100,1363,1,0
C,F,F,7193,100,7193,1,0
D,F,F,5367,100,5367,1,0
E,F,F,5124,100,5124,1,0
F,G,F,7021,100,7021,1,0
F,H,F,5406,100,5406,1,0
A,G,G,10627,100,10627,1,0
B,G,G,7067,100,7067,1,0
C,G,G,1369,100,1369,1,0
D,G,G,8897,100,8897,1,0
E,G,G,10654,100,10654,1,0
F,G,G,6980,100,6980,1,0
G,H,G,8868,100,8868,1,0
A,H,H,10012,100,10012,1,0
B,H,H,5750,100,5750,1,0
C,H,H,8943,100,8943,1,0
D,H,H,1488,100,1488,1,0
E,H,H,10193,100,10193,1,0
F,H,H,5459,100,5459,1,0
G,H,H,8861,100,8861,1,0
A,B,A,4755,100,4755,1,0
A,C,A,10628,100,10628,1,0
A,D,A,9547,100,9547,1,0
A,E,A,1405,100,1405,1,0
A,F,A,5051,100,5051,1,0
A,G,A,10628,100,10628,1,0
A,H,A,9974,100,9974,1,0
A,B,B,4818,100,4818,1,0
B,C,B,7015,100,7015,1,0
B,D,B,5270,100,5270,1,0
B,E,B,5158,100,5158,1,0
B,F,B,1359,100,1359,1,0
B,G,B,7068,100,7068,1,0
B,H,B,5779,100,5779,1,0
A,C,C,10633,100,10633,1,0
B,C,C,7039,100,7039,1,0
C,D,C,8735,100,8735,1,0
C,E,C,10842,100,10842,1,0
C,F,C,7187,100,7187,1,0
C,G,C,1379,100,1379,1,0
C,H,C,8952,100,8952,1,0
A,D,D,9525,100,9525,1,0
B,D,D,5288,100,5288,1,0
C,D,D,8739,100,8739,1,0
D,E,D,9887,100,9887,1,0
D,F,D,5356,100,5356,1,0
D,G,D,8887,100,8887,1,0
D,H,D,1423,100,1423,1,0
A,E,E,1447,100,1447,1,0
B,E,E,5222,100,5222,1,0
C,E,E,10761,100,10761,1,0
D,E,E,9929,100,9929,1,0
E,F,E,5122,100,5122,1,0
E,G,E,10657,100,10657,1,0
E,H,E,10145,100,10145,1,0
A,F,F,5070,100,5070,1,0
B,F,F,1385,100,1385,1,0
C,F,F,7182,100,7182,1,0
D,F,F,5360,100,5360,1,0
E,F,F,5124,100,5124,1,0
F,G,F,6983,100,6983,1,0
F,H,F,5497,100,5497,1,0
A,G,G,10630,100,10630,1,0
B,G,G,7078,100,7078,1,0
C,G,G,1383,100,1383,1,0
D,G,G,8894,100,8894,1,0
E,G,G,10628,100,10628,1,0
F,G,G,7012,100,7012,1,0
G,H,G,8830,100,8830,1,0
A,H,H,9912,100,9912,1,0
B,H,H,5765,100,5765,1,0
C,H,H,8955,100,8955,1,0
D,H,H,1496,100,1496,1,0
E,H,H,10109,100,10109,1,0
F,H,H,5497,100,5497,1,0
G,H,H,8856,100,8856,1,0
A,B,A,4798,100,4798,1,0
A,C,A,10587,100,10587,1,0
A,D,A,9507,100,9507,1,0
A,E,A,1363,100,1363,1,0
A,F,A,5049,100,5049,1,0
A,G,A,10605,100,10605,1,0
A,H,A,9974,100,9974,1,0
A,B,B,4796,100,4796,1,0
B,C,B,7014,100,7014,1,0
B,D,B,5266,100,5266,1,0
B,E,B,5169,100,5169,1,0
B,F,B,1355,100,1355,1,0
B,G,B,7073,100,7073,1,0
B,H,B,5701,100,5701,1,0
A,C,C,10625,100,10625,1,0
B,C,C,7036,100,7036,1,0
C,D,C,8745,100,8745,1,0
C,E,C,10819,100,10819,1,0
C,F,C,7184,100,7184,1,0
C,G,C,1353,100,1353,1,0
C,H,C,8952,100,8952,1,0
A,D,D,9531,100,9531,1,0
B,D,D,5248,100,5248,1,0
C,D,D,8715,100,8715,1,0
D,E,D,9900,100,9900,1,0
D,F,D,5353,100,5353,1,0
D,G,D,8890,100,8890,1,0
D,H,D,1468,100,1468,1,0
A,E,E,1416,100,1416,1,0
B,E,E,5186,100,5186,1,0
C,E,E,10790,100,10790,1,0
D,E,E,9982,100,9982,1,0
E,F,E,5081,100,5081,1,0
E,G,E,10623,100,10623,1,0
E,H,E,10149,100,10149,1,0
A,F,F,5050,100,5050,1,0
B,F,F,1343,100,1343,1,0
C,F,F,7219,100,7219,1,0
D,F,F,5368,100,5368,1,0
E,F,F,5097,100,5097,1,0
F,G,F,7011,100,7011,1,0
F,H,F,5453,100,5453,1,0
A,G,G,10585,100,10585,1,0
B,G,G,7084,100,7084,1,0
C,G,G,1385,100,1385,1,0
D,G,G,8882,100,8882,1,0
E,G,G,10641,100,10641,1,0
F,G,G,7017,100,7017,1,0
G,H,G,8890,100,8890,1,0
A,H,H,9891,100,9891,1,0
B,H,H,5792,100,5792,1,0
C,H,H,8937,100,8937,1,0
D,H,H,1501,100,1501,1,0
E,H,H,10145,100,10145,1,0
F,H,H,5447,100,5447,1,0
G,H,H,8847,100,8847,1,0
A,B,A,4779,100,4779,1,0
A,C,A,10670,100,10670,1,0
A,D,A,9507,100,9507,1,0
A,E,A,1384,100,1384,1,0
A,F,A,5058,100,5058,1,0
A,G,A,10642,100,10642,1,0
A,H,A,10007,100,10007,1,0
A,B,B,4789,100,4789,1,0
B,C,B,7039,100,7039,1,0
B,D,B,5313,100,5313,1,0
B,E,B,5132,100,5132,1,0
B,F,B,1353,100,1353,1,0
B,G,B,7062,100,7062,1,0
B,H,B,5733,100,5733,1,0
A,C,C,10610,100,10610,1,0
B,C,C,7031,100,7031,1,0
C,D,C,8784,100,8784,1,0
C,E,C,10793,100,10793,1,0
C,F,C,7203,100,7203,1,0
C,G,C,1422,100,1422,1,0
C,H,C,8905,100,8905,1,0
A,D,D,9525,100,9525,1,0
B,D,D,5268,100,5268,1,0
C,D,D,8798,100,8798,1,0
D,E,D,9934,100,9934,1,0
D,F,D,5389,100,5389,1,0
D,G,D,8907,100,8907,1,0
D,H,D,1504,100,1504,1,0
A,E,E,1390,100,1390,1,0
B,E,E,5148,100,5148,1,0
C,E,E,10789,100,10789,1,0
D,E,E,10015,100,10015,1,0
E,F,E,5130,100,5130,1,0
E,G,E,10640,100,10640,1,0
E,H,E,10121,100,10121,1,0
A,F,F,5062,100,5062,1,0
B,F,F,1374,100,1374,1,0
C,F,F,7182,100,7182,1,0
D,F,F,5370,100,5370,1,0
E,F,F,5101,100,5101,1,0
F,G,F,6994,100,6994,1,0
F,H,F,5454,100,5454,1,0
A,G,G,10588,100,10588,1,0
B,G,G,7069,100,7069,1,0
C,G,G,1383,100,1383,1,0
D,G,G,8904,100,8904,1,0
E,G,G,10655,100,10655,1,0
F,G,G,6982,100,6982,1,0
G,H,G,8832,100,8832,1,0
A,H,H,9935,100,9935,1,0
B,H,H,5736,100,5736,1,0
C,H,H,8915,100,8915,1,0
D,H,H,1444,100,1444,1,0
E,H,H,10119,100,10119,1,0
F,H,H,5457,100,5457,1,0
G,H,H,8894,100,8894,1,0
A,B,A,4761,100,4761,1,0
A,C,A,10618,100,10618,1,0
A,D,A,9559,100,9559,1,0
A,E,A,1420,100,1420,1,0
A,F,A,5032,100,5032,1,0
A,G,A,10641,100,10641,1,0
A,H,A,9953,100,9953,1,0
A,B,B,4774,100,4774,1,0
B,C,B,6985,100,6985,1,0
B,D,B,5274,100,5274,1,0
B,E,B,5149,100,5149,1,0
B,F,B,1342,100,1342,1,0
B,G,B,7103,100,7103,1,0
B,H,B,5776,100,5776,1,0
A,C,C,10585,100,10585,1,0
B,C,C,7028,100,7028,1,0
C,D,C,8700,100,8700,1,0
C,E,C,10814,100,10814,1,0
C,F,C,7190,100,7190,1,0
C,G,C,1399,100,1399,1,0
C,H,C,8921,100,8921,1,0
A,D,D,9530,100,9530,1,0
B,D,D,5279,100,5279,1,0
C,D,D,8745,100,8745,1,0
D,E,D,9985,100,9985,1,0
D,F,D,5379,100,5379,1,0
D,G,D,8878,100,8878,1,0
D,H,D,1502,100,1502,1,0
A,E,E,1393,100,1393,1,0
B,E,E,5200,100,5200,1,0
C,E,E,10831,100,10831,1,0
D,E,E,9931,100,9931,1,0
E,F,E,5087,100,5087,1,0
E,G,E,10640,100,10640,1,0
E,H,E,10137,100,10137,1,0
A,F,F,5049,100,5049,1,0
B,F,F,1334,100,1334,1,0
C,F,F,7198,100,7198,1,0
D,F,F,5330,100,5330,1,0
E,F,F,5091,100,5091,1,0
F,G,F,6994,100,6994,1,0
F,H,F,5422,100,5422,1,0
A,G,G,10676,100,10676,1,0
B,G,G,7100,100,7100,1,0
C,G,G,1383,100,1383,1,0
D,G,G,8890,100,8890,1,0
E,G,G,10643,100,10643,1,0
F,G,G,6971,100,6971,1,0
G,H,G,8884,100,8884,1,0
A,H,H,9945,100,9945,1,0
B,H,H,5727,100,5727,1,0
C,H,H,8912,100,8912,1,0
D,H,H,1516,100,1516,1,0
E,H,H,10148,100,10148,1,0
F,H,H,5427,100,5427,1,0
G,H,H,8880,100,8880,1,0
A,B,A,4800,100,4800,1,0
A,C,A,10640,100,10640,1,0
A,D,A,9522,100,9522,1,0
A,E,A,1404,100,1404,1,0
A,F,A,5095,100,5095,1,0
A,G,A,10678,100,10678,1,0
A,H,A,9900,100,9900,1,0
A,B,B,4772,100,4772,1,0
B,C,B,7001,100,7001,1,0
B,D,B,5309,100,5309,1,0
B,E,B,5194,100,5194,1,0
B,F,B,1353,100,1353,1,0
B,G,B,7079,100,7079,1,0
B,H,B,5735,100,5735,1,0
A,C,C,10680,100,10680,1,0
B,C,C,7008,100,7008,1,0
C,D,C,8757,100,8757,1,0
C,E,C,10841,100,10841,1,0
C,F,C,7174,100,7174,1,0
C,G,C,1352,100,1352,1,0
C,H,C,8888,100,8888,1,0
A,D,D,9522,100,9522,1,0
B,D,D,5291,100,5291,1,0
C,D,D,8732,100,8732,1,0
D,E,D,9927,100,9927,1,0
D,F,D,5365,100,5365,1,0
D,G,D,8897,100,8897,1,0
D,H,D,1512,100,1512,1,0
A,E,E,1397,100,1397,1,0
B,E,E,5202,100,5202,1,0
C,E,E,10815,100,10815,1,0
D,E,E,9920,100,9920,1,0
E,F,E,5101,100,5101,1,0
E,G,E,10640,100,10640,1,0
E,H,E,10136,100,10136,1,0
A,F,F,5065,100,5065,1,0
B,F,F,1378,100,1378,1,0
C,F,F,7195,100,7195,1,0
D,F,F,5364,100,5364,1,0
E,F,F,5099,100,5099,1,0
F,G,F,7020,100,7020,1,0
F,H,F,5422,100,5422,1,0
A,G,G,10579,100,10579,1,0
B,G,G,7103,100,7103,1,0
C,G,G,1368,100,1368,1,0
D,G,G,8869,100,8869,1,0
E,G,G,10619,100,10619,1,0
F,G,G,7025,100,7025,1,0
G,H,G,8871,100,8871,1,0
A,H,H,9940,100,9940,1,0
B,H,H,5738,100,5738,1,0
C,H,H,8880,100,8880,1,0
D,H,H,1537,100,1537,1,0
E,H,H,10151,100,10151,1,0
F,H,H,5450,100,5450,1,0
G,H,H,8888,100,8888,1,0
A,B,A,4769,100,4769,1,0
A,C,A,10609,100,10609,1,0
A,D,A,9537,100,9537,1,0
A,E,A,1428,100,1428,1,0
A,F,A,5077,100,5077,1,0
A,G,A,10628,100,10628,1,0
A,H,A,10027,100,10027,1,0
A,B,B,4789,100,4789,1,0
B,C,B,7012,100,7012,1,0
B,D,B,5319,100,5319,1,0
B,E,B,5189,100,5189,1,0
B,F,B,1352,100,1352,1,0
B,G,B,7039,100,7039,1,0
B,H,B,5751,100,5751,1,0
A,C,C,10624,100,10624,1,0
B,C,C,6998,100,6998,1,0
C,D,C,8719,100,8719,1,0
C,E,C,10809,100,10809,1,0
C,F,C,7160,100,7160,1,0
C,G,C,1372,100,1372,1,0
C,H,C,8979,100,8979,1,0
A,D,D,9522,100,9522,1,0
B,D,D,5242,100,5242,1,0
C,D,D,8728,100,8728,1,0
D,E,D,9969,100,9969,1,0
D,F,D,5335,100,5335,1,0
D,G,D,8916,100,8916,1,0
D,H,D,1452,100,1452,1,0
A,E,E,1405,100,1405,1,0
B,E,E,5212,100,5212,1,0
C,E,E,10814,100,10814,1,0
D,E,E,9934,100,9934,1,0
E,F,E,5103,100,5103,1,0
E,G,E,10642,100,10642,1,0
E,H,E,10167,100,10167,1,0
A,F,F,5052,100,5052,1,0
B,F,F,1335,100,1335,1,0
C,F,F,7187,100,7187,1,0
D,F,F,5367,100,5367,1,0
E,F,F,5119,100,5119,1,0
F,G,F,6998,100,6998,1,0
F,H,F,5462,100,5462,1,0
A,G,G,10630,100,10630,1,0
B,G,G,7109,100,7109,1,0
C,G,G,1362,100,1362,1,0
D,G,G,8916,100,8916,1,0
E,G,G,10634,100,10634,1,0
F,G,G,7021,100,7021,1,0
G,H,G,8888,100,8888,1,0
A,H,H,9979,100,9979,1,0
B,H,H,5724,100,5724,1,0
C,H,H,8954,100,8954,1,0
D,H,H,1457,100,1457,1,0
E,H,H,10135,100,10135,1,0
F,H,H,5488,100,5488,1,0
G,H,H,8882,100,8882,1,0
A,B,A,4768,100,4768,1,0
A,C,A,10603,100,10603,1,0
A,D,A,9506,100,9506,1,0
A,E,A,1398,100,1398,1,0
A,F,A,5063,100,5063,1,0
A,G,A,10650,100,10650,1,0
A,H,A,9960,100,9960,1,0
A,B,B,4791,100,4791,1,0
B,C,B,6991,100,6991,1,0
B,D,B,5286,100,5286,1,0
B,E,B,5175,100,5175,1,0
B,F,B,1378,100,1378,1,0
B,G,B,7090,100,7090,1,0
B,H,B,5742,100,5742,1,0
A,C,C,10673,100,10673,1,0
B,C,C,7025,100,7025,1,0
C,D,C,8713,100,8713,1,0
C,E,C,10804,100,10804,1,0
C,F,C,7199,100,7199,1,0
C,G,C,1393,100,1393,1,0
C,H,C,8929,100,8929,1,0
A,D,D,9522,100,9522,1,0
B,D,D,5298,100,5298,1,0
C,D,D,8767,100,8767,1,0
D,E,D,9926,100,9926,1,0
D,F,D,5386,100,5386,1,0
D,G,D,8888,100,8888,1,0
D,H,D,1458,100,1458,1,0
A,E,E,1394,100,1394,1,0
B,E,E,5203,100,5203,1,0
C,E,E,10804,100,10804,1,0
D,E,E,9882,100,9882,1,0
E,F,E,5127,100,5127,1,0
E,G,E,10617,100,10617,1,0
E,H,E,10089,100,10089,1,0
A,F,F,5082,100,5082,1,0
B,F,F,1351,100,1351,1,0
C,F,F,7220,100,7220,1,0
D,F,F,5345,100,5345,1,0
E,F,F,5103,100,5103,1,0
F,G,F,6992,100,6992,1,0
F,H,F,5423,100,5423,1,0
A,G,G,10608,100,10608,1,0
B,G,G,7110,100,7110,1,0
C,G,G,1358,100,1358,1,0
D,G,G,8921,100,8921,1,0
E,G,G,10641,100,10641,1,0
F,G,G,6985,100,6985,1,0
G,H,G,8871,100,8871,1,0
A,H,H,9951,100,9951,1,0
B,H,H,5724,100,5724,1,0
C,H,H,8946,100,8946,1,0
D,H,H,1502,100,1502,1,0
E,H,H,10116,100,10116,1,0
F,H,H,5467,100,5467,1,0
G,H,H,8900,100,8900,1,0
A,B,A,4771,100,4771,1,0
A,C,A,10635,100,10635,1,0
A,D,A,9521,100,9521,1,0
A,E,A,1396,100,1396,1,0
A,F,A,5039,100,5039,1,0
A,G,A,10595,100,10595,1,0
A,H,A,9952,100,9952,1,0
A,B,B,4778,100,4778,1,0
B,C,B,6994,100,6994,1,0
B,D,B,5273,100,5273,1,0
B,E,B,5197,100,5197,1,0
B,F,B,1372,100,1372,1,0
B,G,B,7088,100,7088,1,0
B,H,B,5735,100,5735,1,0
A,C,C,10589,100,10589,1,0
B,C,C,6999,100,6999,1,0
C,D,C,8785,100,8785,1,0
C,E,C,10838,100,10838,1,0
C,F,C,7196,100,7196,1,0
C,G,C,1351,100,1351,1,0
C,H,C,9005,100,9005,1,0
A,D,D,9524,100,9524,1,0
B,D,D,5310,100,5310,1,0
C,D,D,8771,100,8771,1,0
D,E,D,9890,100,9890,1,0
D,F,D,5340,100,5340,1,0
D,G,D,8868,100,8868,1,0
D,H,D,1522,100,1522,1,0
A,E,E,1459,100,1459,1,0
B,E,E,5193,100,5193,1,0
C,E,E,10825,100,10825,1,0
D,E,E,9944,100,9944,1,0
E,F,E,5101,100,5101,1,0
E,G,E,10614,100,10614,1,0
E,H,E,10142,100,10142,1,0
A,F,F,5068,100,5068,1,0
B,F,F,1374,100,1374,1,0
C,F,F,7176,100,7176,1,0
D,F,F,5361,100,5361,1,0
E,F,F,5116,100,5116,1,0
F,G,F,6987,100,6987,1,0
F,H,F,5451,100,5451,1,0
A,G,G,10628,100,10628,1,0
B,G,G,7105,100,7105,1,0
C,G,G,1386,100,1386,1,0
D,G,G,8884,100,8884,1,0
E,G,G,10642,100,10642,1,0
F,G,G,7027,100,7027,1,0
G,H,G,8871,100,8871,1,0
A,H,H,9970,100,9970,1,0
B,H,H,5815,100,5815,1,0
C,H,H,8974,100,8974,1,0
D,H,H,1520,100,1520,1,0
E,H,H,10127,100,10127,1,0
F,H,H,5464,100,5464,1,0
G,H,H,8858,100,8858,1,0
A,B,A,4772,100,4772,1,0
A,C,A,10606,100,10606,1,0
A,D,A,9512,100,9512,1,0
A,E,A,1415,100,1415,1,0
A,F,A,5065,100,5065,1,0
A,G,A,10647,100,10647,1,0
A,H,A,9984,100,9984,1,0
A,B,B,4801,100,4801,1,0
B,C,B,6986,100,6986,1,0
B,D,B,5269,100,5269,1,0
B,E,B,5192,100,5192,1,0
B,F,B,1359,100,1359,1,0
B,G,B,7094,100,7094,1,0
B,H,B,5740,100,5740,1,0
A,C,C,10602,100,10602,1,0
B,C,C,7005,100,7005,1,0
C,D,C,8767,100,8767,1,0
C,E,C,10818,100,10818,1,0
C,F,C,7160,100,7160,1,0
C,G,C,1376,100,1376,1,0
C,H,C,8953,100,8953,1,0
A,D,D,9553,100,9553,1,0
B,D,D,5258,100,5258,1,0
C,D,D,8740,100,8740,1,0
D,E,D,9867,100,9867,1,0
D,F,D,5355,100,5355,1,0
D,G,D,8869,100,8869,1,0
D,H,D,1551,100,1551,1,0
A,E,E,1392,100,1392,1,0
B,E,E,5161,100,5161,1,0
C,E,E,10858,100,10858,1,0
D,E,E,9955,100,9955,1,0
E,F,E,5132,100,5132,1,0
E,G,E,10614,100,10614,1,0
E,H,E,10161,100,10161,1,0
A,F,F,5065,100,5065,1,0
B,F,F,1323,100,1323,1,0
C,F,F,7204,100,7204,1,0
D,F,F,5380,100,5380,1,0
E,F,F,5118,100,5118,1,0
F,G,F,7020,100,7020,1,0
F,H,F,5507,100,5507,1,0
A,G,G,10650,100,10650,1,0
B,G,G,7071,100,7071,1,0
C,G,G,1422,100,1422,1,0
D,G,G,8907,100,8907,1,0
E,G,G,10622,100,10622,1,0
F,G,G,6982,100,6982,1,0
G,H,G,8879,100,8879,1,0
A,H,H,9988,100,9988,1,0
B,H,H,5727,100,5727,1,0
C,H,H,8953,100,8953,1,0
D,H,H,1455,100,1455,1,0
E,H,H,10156,100,10156,1,0
F,H,H,5454,100,5454,1,0
G,H,H,8845,100,8845,1,0
A,B,A,4775,100,4775,1,0
A,C,A,10643,100,10643,1,0
A,D,A,9526,100,9526,1,0
A,E,A,1443,100,1443,1,0
A,F,A,5033,100,5033,1,0
A,G,A,10599,100,10599,1,0
A,H,A,9994,100,9994,1,0
A,B,B,4788,100,4788,1,0
B,C,B,7041,100,7041,1,0
B,D,B,5279,100,5279,1,0
B,E,B,5132,100,5132,1,0
B,F,B,1334,100,1334,1,0
B,G,B,7048,100,7048,1,0
B,H,B,5691,100,5691,1,0
A,C,C,10661,100,10661,1,0
B,C,C,7037,100,7037,1,0
C,D,C,8747,100,8747,1,0
C,E,C,10871,100,10871,1,0
C,F,C,7185,100,7185,1,0
C,G,C,1380,100,1380,1,0
C,H,C,8944,100,8944,1,0
A,D,D,9517,100,9517,1,0
B,D,D,5285,100,5285,1,0
C,D,D,8747,100,8747,1,0
D,E,D,9887,100,9887,1,0
D,F,D,5405,100,5405,1,0
D,G,D,8893,100,8893,1,0
D,H,D,1483,100,1483,1,0
A,E,E,1363,100,1363,1,0
B,E,E,5167,100,5167,1,0
C,E,E,10828,100,10828,1,0
D,E,E,9939,100,9939,1,0
E,F,E,5131,100,5131,1,0
E,G,E,10641,100,10641,1,0
E,H,E,10162,100,10162,1,0
A,F,F,5060,100,5060,1,0
B,F,F,1332,100,1332,1,0
C,F,F,7171,100,7171,1,0
D,F,F,5360,100,5360,1,0
E,F,F,5063,100,5063,1,0
F,G,F,6992,100,6992,1,0
F,H,F,5425,100,5425,1,0
A,G,G,10630,100,10630,1,0
B,G,G,7046,100,7046,1,0
C,G,G,1383,100,1383,1,0
D,G,G,8907,100,8907,1,0
E,G,G,10635,100,10635,1,0
F,G,G,7029,100,7029,1,0
G,H,G,8858,100,8858,1,0
A,H,H,9921,100,9921,1,0
B,H,H,5771,100,5771,1,0
C,H,H,8940,100,8940,1,0
D,H,H,1525,100,1525,1,0
E,H,H,10163,100,10163,1,0
F,H,H,5441,100,5441,1,0
G,H,H,8881,100,8881,1,0
A,B,A,4771,100,4771,1,0
A,C,A,10698,100,10698,1,0
A,D,A,9520,100,9520,1,0
A,E,A,1413,100,1413,1,0
A,F,A,5036,100,5036,1,0
A,G,A,10661,100,10661,1,0
A,H,A,9938,100,9938,1,0
A,B,B,4810,100,4810,1,0
B,C,B,7017,100,7017,1,0
B,D,B,5308,100,5308,1,0
B,E,B,5207,100,5207,1,0
B,F,B,1321,100,1321,1,0
B,G,B,7076,100,7076,1,0
B,H,B,5695,100,5695,1,0
A,C,C,10615,100,10615,1,0
B,C,C,7005,100,7005,1,0
C,D,C,8751,100,8751,1,0
C,E,C,10863,100,10863,1,0
C,F,C,7220,100,7220,1,0
C,G,C,1379,100,1379,1,0
C,H,C,8977,100,8977,1,0
A,D,D,9524,100,9524,1,0
B,D,D,5333,100,5333,1,0
C,D,D,8738,100,8738,1,0
D,E,D,9947,100,9947,1,0
D,F,D,5335,100,5335,1,0
D,G,D,8908,100,8908,1,0
D,H,D,1550,100,1550,1,0
A,E,E,1398,100,1398,1,0
B,E,E,5219,100,5219,1,0
C,E,E,10819,100,10819,1,0
D,E,E,9942,100,9942,1,0
E,F,E,5126,100,5126,1,0
E,G,E,10651,100,10651,1,0
E,H,E,10147,100,10147,1,0
A,F,F,5050,100,5050,1,0
B,F,F,1325,100,1325,1,0
C,F,F,7220,100,7220,1,0
D,F,F,5331,100,5331,1,0
E,F,F,5096,100,5096,1,0
F,G,F,6999,100,6999,1,0
F,H,F,5425,100,5425,1,0
A,G,G,10571,100,10571,1,0
B,G,G,7081,100,7081,1,0
C,G,G,1358,100,1358,1,0
D,G,G,8885,100,8885,1,0
E,G,G,10659,100,10659,1,0
F,G,G,6993,100,6993,1,0
G,H,G,8828,100,8828,1,0
A,H,H,9945,100,9945,1,0
B,H,H,5731,100,5731,1,0
C,H,H,8963,100,8963,1,0
D,H,H,1503,100,1503,1,0
E,H,H,10114,100,10114,1,0
F,H,H,5437,100,5437,1,0
G,H,H,8865,100,8865,1,0
A,B,A,4762,100,4762,1,0
A,C,A,10642,100,10642,1,0
A,D,A,9532,100,9532,1,0
A,E,A,1371,100,1371,1,0
A,F,A,5076,100,5076,1,0
A,G,A,10626,100,10626,1,0
A,H,A,9988,100,9988,1,0
A,B,B,4815,100,4815,1,0
B,C,B,6982,100,6982,1,0
B,D,B,5237,100,5237,1,0
B,E,B,5163,100,5163,1,0
B,F,B,1356,100,1356,1,0
B,G,B,7094,100,7094,1,0
B,H,B,5734,100,5734,1,0
A,C,C,10674,100,10674,1,0
B,C,C,7015,100,7015,1,0
C,D,C,8708,100,8708,1,0
C,E,C,10838,100,10838,1,0
C,F,C,7214,100,7214,1,0
C,G,C,1362,100,1362,1,0
C,H,C,8886,100,8886,1,0
A,D,D,9528,100,9528,1,0
B,D,D,5255,100,5255,1,0
C,D,D,8730,100,8730,1,0
D,E,D,9937,100,9937,1,0
D,F,D,5393,100,5393,1,0
D,G,D,8879,100,8879,1,0
D,H,D,1478,100,1478,1,0
A,E,E,1429,100,1429,1,0
B,E,E,5180,100,5180,1,0
C,E,E,10817,100,10817,1,0
D,E,E,9884,100,9884,1,0
E,F,E,5114,100,5114,1,0
E,G,E,10613,100,10613,1,0
E,H,E,10131,100,10131,1,0
A,F,F,5065,100,5065,1,0
B,F,F,1378,100,1378,1,0
C,F,F,7211,100,7211,1,0
D,F,F,5364,100,5364,1,0
E,F,F,5109,100,5109,1,0
F,G,F,6990,100,6990,1,0
F,H,F,5444,100,5444,1,0
A,G,G,10633,100,10633,1,0
B,G,G,7059,100,7059,1,0
C,G,G,1367,100,1367,1,0
D,G,G,8873,100,8873,1,0
E,G,G,10640,100,10640,1,0
F,G,G,6986,100,6986,1,0
G,H,G,8874,100,8874,1,0
A,H,H,9929,100,9929,1,0
B,H,H,5759,100,5759,1,0
C,H,H,8940,100,8940,1,0
D,H,H,1486,100,1486,1,0
E,H,H,10159,100,10159,1,0
F,H,H,5443,100,5443,1,0
G,H,H,8886,100,8886,1,0
A,B,A,4789,100,4789,1,0
A,C,A,10707,100,10707,1,0
A,D,A,9529,100,9529,1,0
A,E,A,1434,100,1434,1,0
A,F,A,5120,100,5120,1,0
A,G,A,10627,100,10627,1,0
A,H,A,9931,100,9931,1,0
A,B,B,4785,100,4785,1,0
B,C,B,7064,100,7064,1,0
B,D,B,5271,100,5271,1,0
B,E,B,5158,100,5158,1,0
B,F,B,1362,100,1362,1,0
B,G,B,7079,100,7079,1,0
B,H,B,5768,100,5768,1,0
A,C,C,10638,100,10638,1,0
B,C,C,7002,100,7002,1,0
C,D,C,8770,100,8770,1,0
C,E,C,10810,100,10810,1,0
C,F,C,7188,100,7188,1,0
C,G,C,1399,100,1399,1,0
C,H,C,8929,100,8929,1,0
A,D,D,9536,100,9536,1,0
B,D,D,5302,100,5302,1,0
C,D,D,8757,100,8757,1,0
D,E,D,9938,100,9938,1,0
D,F,D,5345,100,5345,1,0
D,G,D,8909,100,8909,1,0
D,H,D,1516,100,1516,1,0
A,E,E,1423,100,1423,1,0
B,E,E,5198,100,5198,1,0
C,E,E,10793,100,10793,1,0
D,E,E,9905,100,9905,1,0
E,F,E,5139,100,5139,1,0
E,G,E,10636,100,10636,1,0
E,H,E,10142,100,10142,1,0
A,F,F,5017,100,5017,1,0
B,F,F,1350,100,1350,1,0
C,F,F,7179,100,7179,1,0
D,F,F,5360,100,5360,1,0
E,F,F,5103,100,5103,1,0
F,G,F,6995,100,6995,1,0
F,H,F,5510,100,5510,1,0
A,G,G,10631,100,10631,1,0
B,G,G,7086,100,7086,1,0
C,G,G,1328,100,1328,1,0
D,G,G,8860,100,8860,1,0
E,G,G,10621,100,10621,1,0
F,G,G,7028,100,7028,1,0
G,H,G,8856,100,8856,1,0
A,H,H,9961,100,9961,1,0
B,H,H,5745,100,5745,1,0
C,H,H,8961,100,8961,1,0
D,H,H,1484,100,1484,1,0
E,H,H,10156,100,10156,1,0
F,H,H,5489,100,5489,1,0
G,H,H,8869,100,8869,1,0
A,B,A,4795,100,4795,1,0
A,C,A,10626,100,10626,1,0
A,D,A,9508,100,9508,1,0
A,E,A,1426,100,1426,1,0
A,F,A,5020,100,5020,1,0
A,G,A,10645,100,10645,1,0
A,H,A,9922,100,9922,1,0
A,B,B,4790,100,4790,1,0
B,C,B,6980,100,6980,1,0
B,D,B,5306,100,5306,1,0
B,E,B,5189,100,5189,1,0
B,F,B,1356,100,1356,1,0
B,G,B,7058,100,7058,1,0
B,H,B,5764,100,5764,1,0
A,C,C,10626,100,10626,1,0
B,C,C,6995,100,6995,1,0
C,D,C,8722,100,8722,1,0
C,E,C,10849,100,10849,1,0
C,F,C,7180,100,7180,1,0
C,G,C,1316,100,1316,1,0
C,H,C,8934,100,8934,1,0
A,D,D,9539,100,9539,1,0
B,D,D,5298,100,5298,1,0
C,D,D,8733,100,8733,1,0
D,E,D,9960,100,9960,1,0
D,F,D,5360,100,5360,1,0
D,G,D,8901,100,8901,1,0
D,H,D,1461,100,1461,1,0
A,E,E,1431,100,1431,1,0
B,E,E,5168,100,5168,1,0
C,E,E,10829,100,10829,1,0
D,E,E,9943,100,9943,1,0
E,F,E,5086,100,5086,1,0
E,G,E,10625,100,10625,1,0
E,H,E,10127,100,10127,1,0
A,F,F,5047,100,5047,1,0
B,F,F,1381,100,1381,1,0
C,F,F,7202,100,7202,1,0
D,F,F,5361,100,5361,1,0
E,F,F,5096,100,5096,1,0
F,G,F,7014,100,7014,1,0
F,H,F,5477,100,5477,1,0
A,G,G,10661,100,10661,1,0
B,G,G,7070,100,7070,1,0
C,G,G,1370,100,1370,1,0
D,G,G,8864,100,8864,1,0
E,G,G,10626,100,10626,1,0
F,G,G,6994,100,6994,1,0
G,H,G,8864,100,8864,1,0
A,H,H,9951,100,9951,1,0
B,H,H,5722,100,5722,1,0
C,H,H,8902,100,8902,1,0
D,H,H,1501,100,1501,1,0
E,H,H,10153,100,10153,1,0
F,H,H,5433,100,5433,1,0
G,H,H,8896,100,8896,1,0
A,B,A,4769,100,4769,1,0
A,C,A,10630,100,10630,1,0
A,D,A,9555,100,9555,1,0
A,E,A,1388,100,1388,1,0
A,F,A,5078,100,5078,1,0
A,G,A,10598,100,10598,1,0
A,H,A,9900,100,9900,1,0
A,B,B,4770,100,4770,1,0
B,C,B,6994,100,6994,1,0
B,D,B,5306,100,5306,1,0
B,E,B,5143,100,5143,1,0
B,F,B,1376,100,1376,1,0
B,G,B,7071,100,7071,1,0
B,H,B,5695,100,5695,1,0
A,C,C,10656,100,10656,1,0
B,C,C,6992,100,6992,1,0
C,D,C,8689,100,8689,1,0
C,E,C,10784,100,10784,1,0
C,F,C,7191,100,7191,1,0
C,G,C,1372,100,1372,1,0
C,H,C,8902,100,8902,1,0
A,D,D,9536,100,9536,1,0
B,D,D,5262,100,5262,1,0
C,D,D,8724,100,8724,1,0
D,E,D,9927,100,9927,1,0
D,F,D,5340,100,5340,1,0
D,G,D,8894,100,8894,1,0
D,H,D,1488,100,1488,1,0
A,E,E,1384,100,1384,1,0
B,E,E,5203,100,5203,1,0
C,E,E,10820,100,10820,1,0
D,E,E,9904,100,9904,1,0
E,F,E,5101,100,5101,1,0
E,G,E,10611,100,10611,1,0
E,H,E,10126,100,10126,1,0
A,F,F,5035,100,5035,1,0
B,F,F,1340,100,1340,1,0
C,F,F,7214,100,7214,1,0
D,F,F,5363,100,5363,1,0
E,F,F,5123,100,5123,1,0
F,G,F,6982,100,6982,1,0
F,H,F,5458,100,5458,1,0
A,G,G,10645,100,10645,1,0
B,G,G,7084,100,7084,1,0
C,G,G,1344,100,1344,1,0
D,G,G,8889,100,8889,1,0
E,G,G,10610,100,10610,1,0
F,G,G,7011,100,7011,1,0
G,H,G,8886,100,8886,1,0
A,H,H,9924,100,9924,1,0
B,H,H,5752,100,5752,1,0
C,H,H,8962,100,8962,1,0
D,H,H,1537,100,1537,1,0
E,H,H,10140,100,10140,1,0
F,H,H,5484,100,5484,1,0
G,H,H,8872,100,8872,1,0
A,B,A,4823,100,4823,1,0
A,C,A,10649,100,10649,1,0
A,D,A,9542,100,9542,1,0
A,E,A,1406,100,1406,1,0
A,F,A,5070,100,5070,1,0
A,G,A,10646,100,10646,1,0
A,H,A,9969,100,9969,1,0
A,B,B,4748,100,4748,1,0
B,C,B,6979,100,6979,1,0
B,D,B,5260,100,5260,1,0
B,E,B,5186,100,5186,1,0
B,F,B,1355,100,1355,1,0
B,G,B,7079,100,7079,1,0
B,H,B,5717,100,5717,1,0
A,C,C,10628,100,10628,1,0
B,C,C,7018,100,7018,1,0
C,D,C,8719,100,8719,1,0
C,E,C,10785,100,10785,1,0
C,F,C,7197,100,7197,1,0
C,G,C,1322,100,1322,1,0
C,H,C,8895,100,8895,1,0
A,D,D,9584,100,9584,1,0
B,D,D,5324,100,5324,1,0
C,D,D,8698,100,8698,1,0
D,E,D,9908,100,9908,1,0
D,F,D,5371,100,5371,1,0
D,G,D,8888,100,8888,1,0
D,H,D,1497,100,1497,1,0
A,E,E,1353,100,1353,1,0
B,E,E,5159,100,5159,1,0
C,E,E,10800,100,10800,1,0
D,E,E,9935,100,9935,1,0
E,F,E,5107,100,5107,1,0
E,G,E,10633,100,10633,1,0
E,H,E,10148,100,10148,1,0
A,F,F,5048,100,5048,1,0
B,F,F,1396,100,1396,1,0
C,F,F,7192,100,7192,1,0
D,F,F,5342,100,5342,1,0
E,F,F,5097,100,5097,1,0
F,G,F,7006,100,7006,1,0
F,H,F,5420,100,5420,1,0
A,G,G,10637,100,10637,1,0
B,G,G,7093,100,7093,1,0
C,G,G,1379,100,1379,1,0
D,G,G,8875,100,8875,1,0
E,G,G,10632,100,10632,1,0
F,G,G,7035,100,7035,1,0
G,H,G,8863,100,8863,1,0
A,H,H,9973,100,9973,1,0
B,H,H,5712,100,5712,1,0
C,H,H,8922,100,8922,1,0
D,H,H,1533,100,1533,1,0
E,H,H,10114,100,10114,1,0
F,H,H,5500,100,5500,1,0
G,H,H,8848,100,8848,1,0
A,B,A,4782,100,4782,1,0
A,C,A,10660,100,10660,1,0
A,D,A,9506,100,9506,1,0
A,E,A,1408,100,1408,1,0
A,F,A,5025,100,5025,1,0
A,G,A,10635,100,10635,1,0
A,H,A,9983,100,9983,1,0
A,B,B,4777,100,4777,1,0
B,C,B,6979,100,6979,1,0
B,D,B,5281,100,5281,1,0
B,E,B,5154,100,5154,1,0
B,F,B,1374,100,1374,1,0
B,G,B,7056,100,7056,1,0
B,H,B,5723,100,5723,1,0
A,C,C,10623,100,10623,1,0
B,C,C,7030,100,7030,1,0
C,D,C,8780,100,8780,1,0
C,E,C,10797,100,10797,1,0
C,F,C,7200,100,7200,1,0
C,G,C,1367,100,1367,1,0
C,H,C,8961,100,8961,1,0
A,D,D,9538,100,9538,1,0
B,D,D,5288,100,5288,1,0
C,D,D,8735,100,8735,1,0
D,E,D,9881,100,9881,1,0
D,F,D,5336,100,5336,1,0
D,G,D,8906,100,8906,1,0
D,H,D,1531,100,1531,1,0
A,E,E,1397,100,1397,1,0
B,E,E,5205,100,5205,1,0
C,E,E,10811,100,10811,1,0
D,E,E,9957,100,9957,1,0
E,F,E,5105,100,5105,1,0
E,G,E,10631,100,10631,1,0
E,H,E,10130,100,10130,1,0
A,F,F,5048,100,5048,1,0
B,F,F,1354,100,1354,1,0
C,F,F,7207,100,7207,1,0
D,F,F,5352,100,5352,1,0
E,F,F,5114,100,5114,1,0
F,G,F,6999,100,6999,1,0
F,H,F,5472,100,5472,1,0
A,G,G,10660,100,10660,1,0
B,G,G,7096,100,7096,1,0
C,G,G,1427,100,1427,1,0
D,G,G,8879,100,8879,1,0
E,G,G,10594,100,10594,1,0
F,G,G,6993,100,6993,1,0
G,H,G,8894,100,8894,1,0
A,H,H,9937,100,9937,1,0
B,H,H,5719,100,5719,1,0
C,H,H,8906,100,8906,1,0
D,H,H,1463,100,1463,1,0
E,H,H,10121,100,10121,1,0
F,H,H,5443,100,5443,1,0
G,H,H,8847,100,8847,1,0
A,B,A,4763,100,4763,1,0
A,C,A,10632,100,10632,1,0
A,D,A,9538,100,9538,1,0
A,E,A,1424,100,1424,1,0
A,F,A,5058,100,5058,1,0
A,G,A,10628,100,10628,1,0
A,H,A,9923,100,9923,1,0
A,B,B,4816,100,4816,1,0
B,C,B,7051,100,7051,1,0
B,D,B,5320,100,5320,1,0
B,E,B,5158,100,5158,1,0
B,F,B,1353,100,1353,1,0
B,G,B,7098,100,7098,1,0
B,H,B,5762,100,5762,1,0
A,C,C,10619,100,10619,1,0
B,C,C,7024,100,7024,1,0
C,D,C,8722,100,8722,1,0
C,E,C,10836,100,10836,1,0
C,F,C,7198,100,7198,1,0
C,G,C,1423,100,1423,1,0
C,H,C,8927,100,8927,1,0
A,D,D,9544,100,9544,1,0
B,D,D,5271,100,5271,1,0
C,D,D,8734,100,8734,1,0
D,E,D,9905,100,9905,1,0
D,F,D,5315,100,5315,1,0
D,G,D,8857,100,8857,1,0
D,H,D,1513,100,1513,1,0
A,E,E,1375,100,1375,1,0
B,E,E,5212,100,5212,1,0
C,E,E,10841,100,10841,1,0
D,E,E,9935,100,9935,1,0
E,F,E,5127,100,5127,1,0
E,G,E,10620,100,10620,1,0
E,H,E,10196,100,10196,1,0
A,F,F,5039,100,5039,1,0
B,F,F,1328,100,1328,1,0
C,F,F,7189,100,7189,1,0
D,F,F,5373,100,5373,1,0
E,F,F,5113,100,5113,1,0
F,G,F,6999,100,6999,1,0
F,H,F,5420,100,5420,1,0
A,G,G,10622,100,10622,1,0
B,G,G,7083,100,7083,1,0
C,G,G,1393,100,1393,1,0
D,G,G,8889,100,8889,1,0
E,G,G,10631,100,10631,1,0
F,G,G,7006,100,7006,1,0
G,H,G,8858,100,8858,1,0
A,H,H,9897,100,9897,1,0
B,H,H,5762,100,5762,1,0
C,H,H,8930,100,8930,1,0
D,H,H,1470,100,1470,1,0
E,H,H,10173,100,10173,1,0
F,H,H,5428,100,5428,1,0
G,H,H,8878,100,8878,1,0
A,B,A,4779,100,4779,1,0
A,C,A,10651,100,10651,1,0
A,D,A,9556,100,9556,1,0
A,E,A,1385,100,1385,1,0
A,F,A,5086,100,5086,1,0
A,G,A,10627,100,10627,1,0
A,H,A,9977,100,9977,1,0
A,B,B,4801,100,4801,1,0
B,C,B,7030,100,7030,1,0
B,D,B,5267,100,5267,1,0
B,E,B,5195,100,5195,1,0
B,F,B,1368,100,1368,1,0
B,G,B,7087,100,7087,1,0
B,H,B,5721,100,5721,1,0
A,C,C,10644,100,10644,1,0
B,C,C,7055,100,7055,1,0
C,D,C,8765,100,8765,1,0
C,E,C,10852,100,10852,1,0
C,F,C,7200,100,7200,1,0
C,G,C,1359,100,1359,1,0
C,H,C,8959,100,8959,1,0
A,D,D,9534,100,9534,1,0
B,D,D,5258,100,5258,1,0
C,D,D,8747,100,8747,1,0
D,E,D,9940,100,9940,1,0
D,F,D,5368,100,5368,1,0
D,G,D,8868,100,8868,1,0
D,H,D,1543,100,1543,1,0
A,E,E,1399,100,1399,1,0
B,E,E,5212,100,5212,1,0
C,E,E,10807,100,10807,1,0
D,E,E,9938,100,9938,1,0
E,F,E,5085,100,5085,1,0
E,G,E,10638,100,10638,1,0
E,H,E,10148,100,10148,1,0
A,F,F,5065,100,5065,1,0
B,F,F,1338,100,1338,1,0
C,F,F,7171,100,7171,1,0
D,F,F,5331,100,5331,1,0
E,F,F,5115,100,5115,1,0
F,G,F,7010,100,7010,1,0
F,H,F,5473,100,5473,1,0
A,G,G,10585,100,10585,1,0
B,G,G,7073,100,7073,1,0
C,G,G,1328,100,1328,1,0
D,G,G,8884,100,8884,1,0
E,G,G,10660,100,10660,1,0
F,G,G,6982,100,6982,1,0
G,H,G,8876,100,8876,1,0
A,H,H,9930,100,9930,1,0
B,H,H,5752,100,5752,1,0
C,H,H,8914,100,8914,1,0
D,H,H,1482,100,1482,1,0
E,H,H,10147,100,10147,1,0
F,H,H,5478,100,5478,1,0
G,H,H,8875,100,8875,1,0
A,B,A,4798,100,4798,1,0
A,C,A,10624,100,10624,1,0
A,D,A,9487,100,9487,1,0
A,E,A,1401,100,1401,1,0
A,F,A,5032,100,5032,1,0
A,G,A,10647,100,10647,1,0
A,H,A,9980,100,9980,1,0
A,B,B,4771,100,4771,1,0
B,C,B,6979,100,6979,1,0
B,D,B,5292,100,5292,1,0
B,E,B,5159,100,5159,1,0
B,F,B,1326,100,1326,1,0
B,G,B,7069,100,7069,1,0
B,H,B,5759,100,5759,1,0
A,C,C,10653,100,10653,1,0
B,C,C,6993,100,6993,1,0
C,D,C,8729,100,8729,1,0
C,E,C,10824,100,10824,1,0
C,F,C,7207,100,7207,1,0
C,G,C,1360,100,1360,1,0
C,H,C,8964,100,8964,1,0
A,D,D,9522,100,9522,1,0
B,D,D,5303,100,5303,1,0
C,D,D,8738,100,8738,1,0
D,E,D,9952,100,9952,1,0
D,F,D,5352,100,5352,1,0
D,G,D,8927,100,8927,1,0
D,H,D,1509,100,1509,1,0
A,E,E,1365,100,1365,1,0
B,E,E,5184,100,5184,1,0
C,E,E,10837,100,10837,1,0
D,E,E,9901,100,9901,1,0
E,F,E,5111,100,5111,1,0
E,G,E,10607,100,10607,1,0
E,H,E,10153,100,10153,1,0
A,F,F,5074,100,5074,1,0
B,F,F,1377,100,1377,1,0
C,F,F,7159,100,7159,1,0
D,F,F,5350,100,5350,1,0
E,F,F,5098,100,5098,1,0
F,G,F,6992,100,6992,1,0
F,H,F,5455,100,5455,1,0
A,G,G,10602,100,10602,1,0
B,G,G,7085,100,7085,1,0
C,G,G,1358,100,1358,1,0
D,G,G,8885,100,8885,1,0
E,G,G,10628,100,10628,1,0
F,G,G,7029,100,7029,1,0
G,H,G,8885,100,8885,1,0
A,H,H,9948,100,9948,1,0
B,H,H,5735,100,5735,1,0
C,H,H,8918,100,8918,1,0
D,H,H,1535,100,1535,1,0
E,H,H,10154,100,10154,1,0
F,H,H,5444,100,5444,1,0
G,H,H,8833,100,8833,1,0
A,B,A,4787,100,4787,1,0
A,C,A,10590,100,10590,1,0
A,D,A,9510,100,9510,1,0
A,E,A,1458,100,1458,1,0
A,F,A,5029,100,5029,1,0
A,G,A,10647,100,10647,1,0
A,H,A,9911,100,9911,1,0
A,B,B,4795,100,4795,1,0
B,C,B,7036,100,7036,1,0
B,D,B,5318,100,5318,1,0
B,E,B,5166,100,5166,1,0
B,F,B,1326,100,1326,1,0
B,G,B,7083,100,7083,1,0
B,H,B,5702,100,5702,1,0
A,C,C,10635,100,10635,1,0
B,C,C,7015,100,7015,1,0
C,D,C,8756,100,8756,1,0
C,E,C,10802,100,10802,1,0
C,F,C,7203,100,7203,1,0
C,G,C,1399,100,1399,1,0
C,H,C,8977,100,8977,1,0
A,D,D,9546,100,9546,1,0
B,D,D,5267,100,5267,1,0
C,D,D,8715,100,8715,1,0
D,E,D,9968,100,9968,1,0
D,F,D,5386,100,5386,1,0
D,G,D,8920,100,8920,1,0
D,H,D,1490,100,1490,1,0
A,E,E,1406,100,1406,1,0
B,E,E,5211,100,5211,1,0
C,E,E,10830,100,10830,1,0
D,E,E,9971,100,9971,1,0
E,F,E,5095,100,5095,1,0
E,G,E,10642,100,10642,1,0
E,H,E,10181,100,10181,1,0
A,F,F,5053,100,5053,1,0
B,F,F,1362,100,1362,1,0
C,F,F,7178,100,7178,1,0
D,F,F,5371,100,5371,1,0
E,F,F,5113,100,5113,1,0
F,G,F,7032,100,7032,1,0
F,H,F,5418,100,5418,1,0
A,G,G,10611,100,10611,1,0
B,G,G,7101,100,7101,1,0
C,G,G,1336,100,1336,1,0
D,G,G,8905,100,8905,1,0
E,G,G,10641,100,10641,1,0
F,G,G,6989,100,6989,1,0
G,H,G,8860,100,8860,1,0
A,H,H,9903,100,9903,1,0
B,H,H,5776,100,5776,1,0
C,H,H,8964,100,8964,1,0
D,H,H,1470,100,1470,1,0
E,H,H,10143,100,10143,1,0
F,H,H,5465,100,5465,1,0
G,H,H,8884,100,8884,1,0
A,B,A,4787,100,4787,1,0
A,C,A,10680,100,10680,1,0
A,D,A,9529,100,9529,1,0
A,E,A,1415,100,1415,1,0
A,F,A,5056,100,5056,1,0
A,G,A,10682,100,10682,1,0
A,H,A,10004,100,10004,1,0
A,B,B,4805,100,4805,1,0
B,C,B,7001,100,7001,1,0
B,D,B,5292,100,5292,1,0
B,E,B,5190,100,5190,1,0
B,F,B,1342,100,1342,1,0
B,G,B,7083,100,7083,1,0
B,H,B,5751,100,5751,1,0
A,C,C,10682,100,10682,1,0
B,C,C,6997,100,6997,1,0
C,D,C,8761,100,8761,1,0
C,E,C,10789,100,10789,1,0
C,F,C,7181,100,7181,1,0
C,G,C,1396,100,1396,1,0
C,H,C,8965,100,8965,1,0
A,D,D,9531,100,9531,1,0
B,D,D,5320,100,5320,1,0
C,D,D,8703,100,8703,1,0
D,E,D,9877,100,9877,1,0
D,F,D,5360,100,5360,1,0
D,G,D,8894,100,8894,1,0
D,H,D,1456,100,1456,1,0
A,E,E,1362,100,1362,1,0
B,E,E,5174,100,5174,1,0
C,E,E,10833,100,10833,1,0
D,E,E,9904,100,9904,1,0
E,F,E,5092,100,5092,1,0
E,G,E,10650,100,10650,1,0
E,H,E,10090,100,10090,1,0
A,F,F,5080,100,5080,1,0
B,F,F,1374,100,1374,1,0
C,F,F,7185,100,7185,1,0
D,F,F,5349,100,5349,1,0
E,F,F,5082,100,5082,1,0
F,G,F,6988,100,6988,1,0
F,H,F,5468,100,5468,1,0
A,G,G,10644,100,10644,1,0
B,G,G,7098,100,7098,1,0
C,G,G,1352,100,1352,1,0
D,G,G,8875,100,8875,1,0
E,G,G,10625,100,10625,1,0
F,G,G,7012,100,7012,1,0
G,H,G,8846,100,8846,1,0
A,H,H,9936,100,9936,1,0
B,H,H,5713,100,5713,1,0
C,H,H,8938,100,8938,1,0
D,H,H,1512,100,1512,1,0
E,H,H,10109,100,10109,1,0
F,H,H,5437,100,5437,1,0
G,H,H,8878,100,8878,1,0
A,B,A,4760,100,4760,1,0
A,C,A,10672,100,10672,1,0
A,D,A,9531,100,9531,1,0
A,E,A,1374,100,1374,1,0
A,F,A,5060,100,5060,1,0
A,G,A,10598,100,10598,1,0
A,H,A,9953,100,9953,1,0
A,B,B,4803,100,4803,1,0
B,C,B,7057,100,7057,1,0
B,D,B,5283,100,5283,1,0
B,E,B,5176,100,5176,1,0
B,F,B,1359,100,1359,1,0
B,G,B,7078,100,7078,1,0
B,H,B,5765,100,5765,1,0
A,C,C,10648,100,10648,1,0
B,C,C,7016,100,7016,1,0
C,D,C,8731,100,8731,1,0
C,E,C,10793,100,10793,1,0
C,F,C,7197,100,7197,1,0
C,G,C,1357,100,1357,1,0
C,H,C,8926,100,8926,1,0
A,D,D,9517,100,9517,1,0
B,D,D,5292,100,5292,1,0
C,D,D,8719,100,8719,1,0
D,E,D,9938,100,9938,1,0
D,F,D,5355,100,5355,1,0
D,G,D,8882,100,8882,1,0
D,H,D,1512,100,1512,1,0
A,E,E,1435,100,1435,1,0
B,E,E,5204,100,5204,1,0
C,E,E,10832,100,10832,1,0
D,E,E,9946,100,9946,1,0
E,F,E,5094,100,5094,1,0
E,G,E,10630,100,10630,1,0
E,H,E,10152,100,10152,1,0
A,F,F,5099,100,5099,1,0
B,F,F,1363,100,1363,1,0
C,F,F,7194,100,7194,1,0
D,F,F,5352,100,5352,1,0
E,F,F,5123,100,5123,1,0
F,G,F,6986,100,6986,1,0
F,H,F,5455,100,5455,1,0
A,G,G,10637,100,10637,1,0
B,G,G,7099,100,7099,1,0
C,G,G,1359,100,1359,1,0
D,G,G,8892,100,8892,1,0
E,G,G,10605,100,10605,1,0
F,G,G,7012,100,7012,1,0
G,H,G,8865,100,8865,1,0
A,H,H,9910,100,9910,1,0
B,H,H,5742,100,5742,1,0
C,H,H,8958,100,8958,1,0
D,H,H,1504,100,1504,1,0
E,H,H,10143,100,10143,1,0
F,H,H,5483,100,5483,1,0
G,H,H,8863,100,8863,1,0
A,B,A,4778,100,4778,1,0
A,C,A,10655,100,10655,1,0
A,D,A,9522,100,9522,1,0
A,E,A,1446,100,1446,1,0
A,F,A,5034,100,5034,1,0
A,G,A,10632,100,10632,1,0
A,H,A,9929,100,9929,1,0
A,B,B,4758,100,4758,1,0
B,C,B,7008,100,7008,1,0
B,D,B,5306,100,5306,1,0
B,E,B,5167,100,5167,1,0
B,F,B,1393,100,1393,1,0
B,G,B,7058,100,7058,1,0
B,H,B,5718,100,5718,1,0
A,C,C,10652,100,10652,1,0
B,C,C,7035,100,7035,1,0
C,D,C,8749,100,8749,1,0
C,E,C,10836,100,10836,1,0
C,F,C,7187,100,7187,1,0
C,G,C,1403,100,1403,1,0
C,H,C,8956,100,8956,1,0
A,D,D,9544,100,9544,1,0
B,D,D,5318,100,5318,1,0
C,D,D,8725,100,8725,1,0
D,E,D,9977,100,9977,1,0
D,F,D,5372,100,5372,1,0
D,G,D,8903,100,8903,1,0
D,H,D,1481,100,1481,1,0
A,E,E,1402,100,1402,1,0
B,E,E,5165,100,5165,1,0
C,E,E,10820,100,10820,1,0
D,E,E,9963,100,9963,1,0
E,F,E,5111,100,5111,1,0
E,G,E,10646,100,10646,1,0
E,H,E,10155,100,10155,1,0
A,F,F,5053,100,5053,1,0
B,F,F,1397,100,1397,1,0
C,F,F,7195,100,7195,1,0
D,F,F,5363,100,5363,1,0
E,F,F,5088,100,5088,1,0
F,G,F,7005,100,7005,1,0
F,H,F,5452,100,5452,1,0
A,G,G,10604,100,10604,1,0
B,G,G,7076,100,7076,1,0
C,G,G,1358,100,1358,1,0
D,G,G,8890,100,8890,1,0
E,G,G,10613,100,10613,1,0
F,G,G,6980,100,6980,1,0
G,H,G,8860,100,8860,1,0
A,H,H,9939,100,9939,1,0
B,H,H,5752,100,5752,1,0
C,H,H,8911,100,8911,1,0
D,H,H,1441,100,1441,1,0
E,H,H,10138,100,10138,1,0
F,H,H,5458,100,5458,1,0
G,H,H,8869,100,8869,1,0
A,B,A,4783,100,4783,1,0
A,C,A,10674,100,10674,1,0
A,D,A,9539,100,9539,1,0
A,E,A,1461,100,1461,1,0
A,F,A,5036,100,5036,1,0
A,G,A,10618,100,10618,1,0
A,H,A,9953,100,9953,1,0
A,B,B,4773,100,4773,1,0
B,C,B,7010,100,7010,1,0
B,D,B,5276,100,5276,1,0
B,E,B,5164,100,5164,1,0
B,F,B,1342,100,1342,1,0
B,G,B,7069,100,7069,1,0
B,H,B,5730,100,5730,1,0
A,C,C,10641,100,10641,1,0
B,C,C,7001,100,7001,1,0
C,D,C,8776,100,8776,1,0
C,E,C,10789,100,10789,1,0
C,F,C,7204,100,7204,1,0
C,G,C,1361,100,1361,1,0
C,H,C,8929,100,8929,1,0
A,D,D,9517,100,9517,1,0
B,D,D,5221,100,5221,1,0
C,D,D,8746,100,8746,1,0
D,E,D,9877,100,9877,1,0
D,F,D,5336,100,5336,1,0
D,G,D,8887,100,8887,1,0
D,H,D,1493,100,1493,1,0
A,E,E,1381,100,1381,1,0
B,E,E,5220,100,5220,1,0
C,E,E,10860,100,10860,1,0
D,E,E,9941,100,9941,1,0
E,F,E,5099,100,5099,1,0
E,G,E,10629,100,10629,1,0
E,H,E,10114,100,10114,1,0
A,F,F,5023,100,5023,1,0
B,F,F,1327,100,1327,1,0
C,F,F,7227,100,7227,1,0
D,F,F,5359,100,5359,1,0
E,F,F,5094,100,5094,1,0
F,G,F,7003,100,7003,1,0
F,H,F,5458,100,5458,1,0
A,G,G,10645,100,10645,1,0
B,G,G,7067,100,7067,1,0
C,G,G,1358,100,1358,1,0
D,G,G,8876,100,8876,1,0
E,G,G,10644,100,10644,1,0
F,G,G,7005,100,7005,1,0
G,H,G,8842,100,8842,1,0
A,H,H,9962,100,9962,1,0
B,H,H,5792,100,5792,1,0
C,H,H,8972,100,8972,1,0
D,H,H,1528,100,1528,1,0
E,H,H,10152,100,10152,1,0
F,H,H,5407,100,5407,1,0
G,H,H,8871,100,8871,1,0
A,B,A,4797,100,4797,1,0
A,C,A,10624,100,10624,1,0
A,D,A,9499,100,9499,1,0
A,E,A,1378,100,1378,1,0
A,F,A,5078,100,5078,1,0
A,G,A,10612,100,10612,1,0
A,H,A,9958,100,9958,1,0
A,B,B,4789,100,4789,1,0
B,C,B,7039,100,7039,1,0
B,D,B,5305,100,5305,1,0
B,E,B,5185,100,5185,1,0
B,F,B,1340,100,1340,1,0
B,G,B,7093,100,7093,1,0
B,H,B,5804,100,5804,1,0
A,C,C,10592,100,10592,1,0
B,C,C,6996,100,6996,1,0
C,D,C,8777,100,8777,1,0
C,E,C,10827,100,10827,1,0
C,F,C,7221,100,7221,1,0
C,G,C,1389,100,1389,1,0
C,H,C,8928,100,8928,1,0
A,D,D,9522,100,9522,1,0
B,D,D,5277,100,5277,1,0
C,D,D,8725,100,8725,1,0
D,E,D,9867,100,9867,1,0
D,F,D,5389,100,5389,1,0
D,G,D,8892,100,8892,1,0
D,H,D,1465,100,1465,1,0
A,E,E,1376,100,1376,1,0
B,E,E,5190,100,5190,1,0
C,E,E,10799,100,10799,1,0
D,E,E,9939,100,9939,1,0
E,F,E,5094,100,5094,1,0
E,G,E,10627,100,10627,1,0
E,H,E,10106,100,10106,1,0
A,F,F,5081,100,5081,1,0
B,F,F,1392,100,1392,1,0
C,F,F,7214,100,7214,1,0
D,F,F,5370,100,5370,1,0
E,F,F,5081,100,5081,1,0
F,G,F,7023,100,7023,1,0
F,H,F,5444,100,5444,1,0
A,G,G,10626,100,10626,1,0
B,G,G,7043,100,7043,1,0
C,G,G,1409,100,1409,1,0
D,G,G,8924,100,8924,1,0
E,G,G,10647,100,10647,1,0
F,G,G,7018,100,7018,1,0
G,H,G,8889,100,8889,1,0
A,H,H,9963,100,9963,1,0
B,H,H,5747,100,5747,1,0
C,H,H,8937,100,8937,1,0
D,H,H,1489,100,1489,1,0
E,H,H,10141,100,10141,1,0
F,H,H,5461,100,5461,1,0
G,H,H,8896,100,8896,1,0
A,B,A,4775,100,4775,1,0
A,C,A,10653,100,10653,1,0
A,D,A,9526,100,9526,1,0
A,E,A,1374,100,1374,1,0
A,F,A,5047,100,5047,1,0
A,G,A,10591,100,10591,1,0
A,H,A,9924,100,9924,1,0
A,B,B,4792,100,4792,1,0
B,C,B,6985,100,6985,1,0
B,D,B,5265,100,5265,1,0
B,E,B,5222,100,5222,1,0
B,F,B,1359,100,1359,1,0
B,G,B,7062,100,7062,1,0
B,H,B,5743,100,5743,1,0
A,C,C,10619,100,10619,1,0
B,C,C,7014,100,7014,1,0
C,D,C,8752,100,8752,1,0
C,E,C,10837,100,10837,1,0
C,F,C,7223,100,7223,1,0
C,G,C,1397,100,1397,1,0
C,H,C,8934,100,8934,1,0
A,D,D,9530,100,9530,1,0
B,D,D,5289,100,5289,1,0
C,D,D,8762,100,8762,1,0
D,E,D,9878,100,9878,1,0
D,F,D,5358,100,5358,1,0
D,G,D,8892,100,8892,1,0
D,H,D,1464,100,1464,1,0
A,E,E,1399,100,1399,1,0
B,E,E,5184,100,5184,1,0
C,E,E,10853,100,10853,1,0
D,E,E,9929,100,9929,1,0
E,F,E,5106,100,5106,1,0
E,G,E,10656,100,10656,1,0
E,H,E,10132,100,10132,1,0
A,F,F,5064,100,5064,1,0
B,F,F,1336,100,1336,1,0
C,F,F,7227,100,7227,1,0
D,F,F,5374,100,5374,1,0
E,F,F,5072,100,5072,1,0
F,G,F,6981,100,6981,1,0
F,H,F,5441,100,5441,1,0
A,G,G,10588,100,10588,1,0
B,G,G,7069,100,7069,1,0
C,G,G,1387,100,1387,1,0
D,G,G,8915,100,8915,1,0
E,G,G,10652,100,10652,1,0
F,G,G,7031,100,7031,1,0
G,H,G,8868,100,8868,1,0
A,H,H,9926,100,9926,1,0
B,H,H,5750,100,5750,1,0
C,H,H,8942,100,8942,1,0
D,H,H,1438,100,1438,1,0
E,H,H,10136,100,10136,1,0
F,H,H,5418,100,5418,1,0
G,H,H,8867,100,8867,1,0
A,B,A,4764,100,4764,1,0
A,C,A,10638,100,10638,1,0
A,D,A,9548,100,9548,1,0
A,E,A,1386,100,1386,1,0
A,F,A,5031,100,5031,1,0
A,G,A,10659,100,10659,1,0
A,H,A,9919,100,9919,1,0
A,B,B,4756,100,4756,1,0
B,C,B,7027,100,7027,1,0
B,D,B,5301,100,5301,1,0
B,E,B,5173,100,5173,1,0
B,F,B,1333,100,1333,1,0
B,G,B,7055,100,7055,1,0
B,H,B,5718,100,5718,1,0
A,C,C,10684,100,10684,1,0
B,C,C,7022,100,7022,1,0
C,D,C,8696,100,8696,1,0
C,E,C,10841,100,10841,1,0
C,F,C,7171,100,7171,1,0
C,G,C,1340,100,1340,1,0
C,H,C,8933,100,8933,1,0
A,D,D,9532,100,9532,1,0
B,D,D,5286,100,5286,1,0
C,D,D,8765,100,8765,1,0
D,E,D,9989,100,9989,1,0
D,F,D,5367,100,5367,1,0
D,G,D,8865,100,8865,1,0
D,H,D,1472,100,1472,1,0
A,E,E,1405,100,1405,1,0
B,E,E,5156,100,5156,1,0
C,E,E,10841,100,10841,1,0
D,E,E,9959,100,9959,1,0
E,F,E,5130,100,5130,1,0
E,G,E,10643,100,10643,1,0
E,H,E,10142,100,10142,1,0
A,F,F,5079,100,5079,1,0
B,F,F,1337,100,1337,1,0
C,F,F,7202,100,7202,1,0
D,F,F,5330,100,5330,1,0
E,F,F,5100,100,5100,1,0
F,G,F,7023,100,7023,1,0
F,H,F,5427,100,5427,1,0
A,G,G,10605,100,10605,1,0
B,G,G,7064,100,7064,1,0
C,G,G,1351,100,1351,1,0
D,G,G,8933,100,8933,1,0
E,G,G,10633,100,10633,1,0
F,G,G,7004,100,7004,1,0
G,H,G,8887,100,8887,1,0
A,H,H,9975,100,9975,1,0
B,H,H,5771,100,5771,1,0
C,H,H,8960,100,8960,1,0
D,H,H,1517,100,1517,1,0
E,H,H,10156,100,10156,1,0
F,H,H,5455,100,5455,1,0
G,H,H,8871,100,8871,1,0
A,B,A,4778,100,4778,1,0
A,C,A,10666,100,10666,1,0
A,D,A,9532,100,9532,1,0
A,E,A,1457,100,1457,1,0
A,F,A,5055,100,5055,1,0
A,G,A,10624,100,10624,1,0
A,H,A,9982,100,9982,1,0
A,B,B,4744,100,4744,1,0
B,C,B,7018,100,7018,1,0
B,D,B,5261,100,5261,1,0
B,E,B,5149,100,5149,1,0
B,F,B,1338,100,1338,1,0
B,G,B,7071,100,7071,1,0
B,H,B,5743,100,5743,1,0
A,C,C,10654,100,10654,1,0
B,C,C,7029,100,7029,1,0
C,D,C,8765,100,8765,1,0
C,E,C,10768,100,10768,1,0
C,F,C,7212,100,7212,1,0
C,G,C,1368,100,1368,1,0
C,H,C,8910,100,8910,1,0
A,D,D,9560,100,9560,1,0
B,D,D,5293,100,5293,1,0
C,D,D,8743,100,8743,1,0
D,E,D,9963,100,9963,1,0
D,F,D,5389,100,5389,1,0
D,G,D,8903,100,8903,1,0
D,H,D,1541,100,1541,1,0
A,E,E,1380,100,1380,1,0
B,E,E,5173,100,5173,1,0
C,E,E,10815,100,10815,1,0
D,E,E,9885,100,9885,1,0
E,F,E,5113,100,5113,1,0
E,G,E,10656,100,10656,1,0
E,H,E,10108,100,10108,1,0
A,F,F,5097,100,5097,1,0
B,F,F,1316,100,1316,1,0
C,F,F,7223,100,7223,1,0
D,F,F,5389,100,5389,1,0
E,F,F,5126,100,5126,1,0
F,G,F,7004,100,7004,1,0
F,H,F,5417,100,5417,1,0
A,G,G,10638,100,10638,1,0
B,G,G,7059,100,7059,1,0
C,G,G,1371,100,1371,1,0
D,G,G,8908,100,8908,1,0
E,G,G,10623,100,10623,1,0
F,G,G,7037,100,7037,1,0
G,H,G,8847,100,8847,1,0
A,H,H,9928,100,9928,1,0
B,H,H,5771,100,5771,1,0
C,H,H,8963,100,8963,1,0
D,H,H,1498,100,1498,1,0
E,H,H,10132,100,10132,1,0
F,H,H,5485,100,5485,1,0
G,H,H,8861,100,8861,1,0
A,B,A,4759,100,4759,1,0
A,C,A,10678,100,10678,1,0
A,D,A,9539,100,9539,1,0
A,E,A,1428,100,1428,1,0
A,F,A,5039,100,5039,1,0
A,G,A,10542,100,10542,1,0
A,H,A,9960,100,9960,1,0
A,B,B,4790,100,4790,1,0
B,C,B,6992,100,6992,1,0
B,D,B,5260,100,5260,1,0
B,E,B,5243,100,5243,1,0
B,F,B,1319,100,1319,1,0
B,G,B,7071,100,7071,1,0
B,H,B,5729,100,5729,1,0
A,C,C,10649,100,10649,1,0
B,C,C,7063,100,7063,1,0
C,D,C,8756,100,8756,1,0
C,E,C,10852,100,10852,1,0
C,F,C,7203,100,7203,1,0
C,G,C,1386,100,1386,1,0
C,H,C,8935,100,8935,1,0
A,D,D,9538,100,9538,1,0
B,D,D,5326,100,5326,1,0
C,D,D,8720,100,8720,1,0
D,E,D,9883,100,9883,1,0
D,F,D,5362,100,5362,1,0
D,G,D,8924,100,8924,1,0
D,H,D,1491,100,1491,1,0
A,E,E,1439,100,1439,1,0
B,E,E,5196,100,5196,1,0
C,E,E,10810,100,10810,1,0
D,E,E,9944,100,9944,1,0
E,F,E,5114,100,5114,1,0
E,G,E,10642,100,10642,1,0
E,H,E,10169,100,10169,1,0
A,F,F,5044,100,5044,1,0
B,F,F,1345,100,1345,1,0
C,F,F,7197,100,7197,1,0
D,F,F,5329,100,5329,1,0
E,F,F,5073,100,5073,1,0
F,G,F,7014,100,7014,1,0
F,H,F,5447,100,5447,1,0
A,G,G,10649,100,10649,1,0
B,G,G,7070,100,7070,1,0
C,G,G,1394,100,1394,1,0
D,G,G,8864,100,8864,1,0
E,G,G,10639,100,10639,1,0
F,G,G,6989,100,6989,1,0
G,H,G,8854,100,8854,1,0
A,H,H,9910,100,9910,1,0
B,H,H,5733,100,5733,1,0
C,H,H,8935,100,8935,1,0
D,H,H,1484,100,1484,1,0
E,H,H,10163,100,10163,1,0
F,H,H,5458,100,5458,1,0
G,H,H,8864,100,8864,1,0
A,B,A,4753,100,4753,1,0
A,C,A,10637,100,10637,1,0
A,D,A,9526,100,9526,1,0
A,E,A,1371,100,1371,1,0
A,F,A,5027,100,5027,1,0
A,G,A,10627,100,10627,1,0
A,H,A,9969,100,9969,1,0
A,B,B,4765,100,4765,1,0
B,C,B,7026,100,7026,1,0
B,D,B,5262,100,5262,1,0
B,E,B,5216,100,5216,1,0
B,F,B,1349,100,1349,1,0
B,G,B,7076,100,7076,1,0
B,H,B,5777,100,5777,1,0
A,C,C,10637,100,10637,1,0
B,C,C,7051,100,7051,1,0
C,D,C,8766,100,8766,1,0
C,E,C,10824,100,10824,1,0
C,F,C,7175,100,7175,1,0
C,G,C,1321,100,1321,1,0
C,H,C,8949,100,8949,1,0
A,D,D,9546,100,9546,1,0
B,D,D,5297,100,5297,1,0
C,D,D,8722,100,8722,1,0
D,E,D,9956,100,9956,1,0
D,F,D,5368,100,5368,1,0
D,G,D,8896,100,8896,1,0
D,H,D,1467,100,1467,1,0
A,E,E,1415,100,1415,1,0
B,E,E,5165,100,5165,1,0
C,E,E,10781,100,10781,1,0
D,E,E,9937,100,9937,1,0
E,F,E,5049,100,5049,1,0
E,G,E,10634,100,10634,1,0
E,H,E,10140,100,10140,1,0
A,F,F,5100,100,5100,1,0
B,F,F,1377,100,1377,1,0
C,F,F,7206,100,7206,1,0
D,F,F,5366,100,5366,1,0
E,F,F,5100,100,5100,1,0
F,G,F,7002,100,7002,1,0
F,H,F,5435,100,5435,1,0
A,G,G,10560,100,10560,1,0
B,G,G,7090,100,7090,1,0
C,G,G,1391,100,1391,1,0
D,G,G,8868,100,8868,1,0
E,G,G,10644,100,10644,1,0
F,G,G,7002,100,7002,1,0
G,H,G,8884,100,8884,1,0
A,H,H,9963,100,9963,1,0
B,H,H,5745,100,5745,1,0
C,H,H,8933,100,8933,1,0
D,H,H,1478,100,1478,1,0
E,H,H,10130,100,10130,1,0
F,H,H,5463,100,5463,1,0
G,H,H,8879,100,8879,1,0
A,B,A,4774,100,4774,1,0
A,C,A,10626,100,10626,1,0
A,D,A,9526,100,9526,1,0
A,E,A,1413,100,1413,1,0
A,F,A,5060,100,5060,1,0
A,G,A,10619,100,10619,1,0
A,H,A,9934,100,9934,1,0
A,B,B,4789,100,4789,1,0
B,C,B,7036,100,7036,1,0
B,D,B,5286,100,5286,1,0
B,E,B,5178,100,5178,1,0
B,F,B,1303,100,1303,1,0
B,G,B,7074,100,7074,1,0
B,H,B,5772,100,5772,1,0
A,C,C,10605,100,10605,1,0
B,C,C,6999,100,6999,1,0
C,D,C,8713,100,8713,1,0
C,E,C,10822,100,10822,1,0
C,F,C,7196,100,7196,1,0
C,G,C,1393,100,1393,1,0
C,H,C,8950,100,8950,1,0
A,D,D,9521,100,9521,1,0
B,D,D,5263,100,5263,1,0
C,D,D,8735,100,8735,1,0
D,E,D,9855,100,9855,1,0
D,F,D,5358,100,5358,1,0
D,G,D,8881,100,8881,1,0
D,H,D,1461,100,1461,1,0
A,E,E,1397,100,1397,1,0
B,E,E,5193,100,5193,1,0
C,E,E,10820,100,10820,1,0
D,E,E,9928,100,9928,1,0
E,F,E,5115,100,5115,1,0
E,G,E,10652,100,10652,1,0
E,H,E,10169,100,10169,1,0
A,F,F,5055,100,5055,1,0
B,F,F,1360,100,1360,1,0
C,F,F,7179,100,7179,1,0
D,F,F,5349,100,5349,1,0
E,F,F,5129,100,5129,1,0
F,G,F,7020,100,7020,1,0
F,H,F,5492,100,5492,1,0
A,G,G,10611,100,10611,1,0
B,G,G,7088,100,7088,1,0
C,G,G,1332,100,1332,1,0
D,G,G,8889,100,8889,1,0
E,G,G,10680,100,10680,1,0
F,G,G,6985,100,6985,1,0
G,H,G,8889,100,8889,1,0
A,H,H,9952,100,9952,1,0
B,H,H,5766,100,5766,1,0
C,H,H,8935,100,8935,1,0
D,H,H,1479,100,1479,1,0
E,H,H,10126,100,10126,1,0
F,H,H,5468,100,5468,1,0
G,H,H,8879,100,8879,1,0
A,B,A,4782,100,4782,1,0
A,C,A,10637,100,10637,1,0
A,D,A,9522,100,9522,1,0
A,E,A,1395,100,1395,1,0
A,F,A,5072,100,5072,1,0
A,G,A,10597,100,10597,1,0
A,H,A,9898,100,9898,1,0
A,B,B,4764,100,4764,1,0
B,C,B,6983,100,6983,1,0
B,D,B,5317,100,5317,1,0
B,E,B,5210,100,5210,1,0
B,F,B,1358,100,1358,1,0
B,G,B,7043,100,7043,1,0
B,H,B,5738,100,5738,1,0
A,C,C,10665,100,10665,1,0
B,C,C,7038,100,7038,1,0
C,D,C,8767,100,8767,1,0
C,E,C,10752,100,10752,1,0
C,F,C,7184,100,7184,1,0
C,G,C,1367,100,1367,1,0
C,H,C,8949,100,8949,1,0
A,D,D,9524,100,9524,1,0
B,D,D,5289,100,5289,1,0
C,D,D,8715,100,8715,1,0
D,E,D,9878,100,9878,1,0
D,F,D,5343,100,5343,1,0
D,G,D,8861,100,8861,1,0
D,H,D,1483,100,1483,1,0
A,E,E,1457,100,1457,1,0
B,E,E,5151,100,5151,1,0
C,E,E,10783,100,10783,1,0
D,E,E,9904,100,9904,1,0
E,F,E,5115,100,5115,1,0
E,G,E,10640,100,10640,1,0
E,H,E,10106,100,10106,1,0
A,F,F,5062,100,5062,1,0
B,F,F,1372,100,1372,1,0
C,F,F,7205,100,7205,1,0
D,F,F,5370,100,5370,1,0
E,F,F,5087,100,5087,1,0
F,G,F,6999,100,6999,1,0
F,H,F,5439,100,5439,1,0
A,G,G,10584,100,10584,1,0
B,G,G,7057,100,7057,1,0
C,G,G,1363,100,1363,1,0
D,G,G,8936,100,8936,1,0
E,G,G,10646,100,10646,1,0
F,G,G,6998,100,6998,1,0
G,H,G,8893,100,8893,1,0
A,H,H,9908,100,9908,1,0
B,H,H,5780,100,5780,1,0
C,H,H,8950,100,8950,1,0
D,H,H,1476,100,1476,1,0
E,H,H,10166,100,10166,1,0
F,H,H,5447,100,5447,1,0
G,H,H,8880,100,8880,1,0
A,B,A,4727,100,4727,1,0
A,C,A,10635,100,10635,1,0
A,D,A,9547,100,9547,1,0
A,E,A,1391,100,1391,1,0
A,F,A,5065,100,5065,1,0
A,G,A,10603,100,10603,1,0
A,H,A,9947,100,9947,1,0
A,B,B,4788,100,4788,1,0
B,C,B,6993,100,6993,1,0
B,D,B,5261,100,5261,1,0
B,E,B,5203,100,5203,1,0
B,F,B,1349,100,1349,1,0
B,G,B,7067,100,7067,1,0
B,H,B,5776,100,5776,1,0
A,C,C,10623,100,10623,1,0
B,C,C,7002,100,7002,1,0
C,D,C,8721,100,8721,1,0
C,E,C,10852,100,10852,1,0
C,F,C,7176,100,7176,1,0
C,G,C,1376,100,1376,1,0
C,H,C,8953,100,8953,1,0
A,D,D,9524,100,9524,1,0
B,D,D,5283,100,5283,1,0
C,D,D,8736,100,8736,1,0
D,E,D,9950,100,9950,1,0
D,F,D,5379,100,5379,1,0
D,G,D,8890,100,8890,1,0
D,H,D,1493,100,1493,1,0
A,E,E,1380,100,1380,1,0
B,E,E,5147,100,5147,1,0
C,E,E,10829,100,10829,1,0
D,E,E,9981,100,9981,1,0
E,F,E,5121,100,5121,1,0
E,G,E,10623,100,10623,1,0
E,H,E,10130,100,10130,1,0
A,F,F,5069,100,5069,1,0
B,F,F,1353,100,1353,1,0
C,F,F,7224,100,7224,1,0
D,F,F,5378,100,5378,1,0
E,F,F,5124,100,5124,1,0
F,G,F,7007,100,7007,1,0
F,H,F,5433,100,5433,1,0
A,G,G,10617,100,10617,1,0
B,G,G,7066,100,7066,1,0
C,G,G,1352,100,1352,1,0
D,G,G,8907,100,8907,1,0
E,G,G,10593,100,10593,1,0
F,G,G,6992,100,6992,1,0
G,H,G,8899,100,8899,1,0
A,H,H,9943,100,9943,1,0
B,H,H,5711,100,5711,1,0
C,H,H,8915,100,8915,1,0
D,H,H,1432,100,1432,1,0
E,H,H,10166,100,10166,1,0
F,H,H,5448,100,5448,1,0
G,H,H,8880,100,8880,1,0
A,B,A,4749,100,4749,1,0
A,C,A,10610,100,10610,1,0
A,D,A,9518,100,9518,1,0
A,E,A,1415,100,1415,1,0
A,F,A,5022,100,5022,1,0
A,G,A,10587,100,10587,1,0
A,H,A,9921,100,9921,1,0
A,B,B,4808,100,4808,1,0
B,C,B,7018,100,7018,1,0
B,D,B,5315,100,5315,1,0
B,E,B,5193,100,5193,1,0
B,F,B,1355,100,1355,1,0
B,G,B,7078,100,7078,1,0
B,H,B,5713,100,5713,1,0
A,C,C,10637,100,10637,1,0
B,C,C,7021,100,7021,1,0
C,D,C,8711,100,8711,1,0
C,E,C,10820,100,10820,1,0
C,F,C,7207,100,7207,1,0
C,G,C,1344,100,1344,1,0
C,H,C,8895,100,8895,1,0
A,D,D,9536,100,9536,1,0
B,D,D,5252,100,5252,1,0
C,D,D,8710,100,8710,1,0
D,E,D,10013,100,10013,1,0
D,F,D,5400,100,5400,1,0
D,G,D,8916,100,8916,1,0
D,H,D,1515,100,1515,1,0
A,E,E,1347,100,1347,1,0
B,E,E,5145,100,5145,1,0
C,E,E,10827,100,10827,1,0
D,E,E,9881,100,9881,1,0
E,F,E,5086,100,5086,1,0
E,G,E,10619,100,10619,1,0
E,H,E,10132,100,10132,1,0
A,F,F,5071,100,5071,1,0
B,F,F,1390,100,1390,1,0
C,F,F,7199,100,7199,1,0
D,F,F,5365,100,5365,1,0
E,F,F,5095,100,5095,1,0
F,G,F,7004,100,7004,1,0
F,H,F,5480,100,5480,1,0
A,G,G,10596,100,10596,1,0
B,G,G,7076,100,7076,1,0
C,G,G,1402,100,1402,1,0
D,G,G,8873,100,8873,1,0
E,G,G,10622,100,10622,1,0
F,G,G,7001,100,7001,1,0
G,H,G,8921,100,8921,1,0
A,H,H,9934,100,9934,1,0
B,H,H,5705,100,5705,1,0
C,H,H,8927,100,8927,1,0
D,H,H,1503,100,1503,1,0
E,H,H,10148,100,10148,1,0
F,H,H,5445,100,5445,1,0
G,H,H,8894,100,8894,1,0
A,B,A,4824,100,4824,1,0
A,C,A,10717,100,10717,1,0
A,D,A,9550,100,9550,1,0
A,E,A,1405,100,1405,1,0
A,F,A,5071,100,5071,1,0
A,G,A,10654,100,10654,1,0
A,H,A,9905,100,9905,1,0
A,B,B,4768,100,4768,1,0
B,C,B,7006,100,7006,1,0
B,D,B,5319,100,5319,1,0
B,E,B,5167,100,5167,1,0
B,F,B,1381,100,1381,1,0
B,G,B,7090,100,7090,1,0
B,H,B,5731,100,5731,1,0
A,C,C,10631,100,10631,1,0
B,C,C,7003,100,7003,1,0
C,D,C,8711,100,8711,1,0
C,E,C,10871,100,10871,1,0
C,F,C,7203,100,7203,1,0
C,G,C,1355,100,1355,1,0
C,H,C,9013,100,9013,1,0
A,D,D,9518,100,9518,1,0
B,D,D,5290,100,5290,1,0
C,D,D,8713,100,8713,1,0
D,E,D,9910,100,9910,1,0
D,F,D,5379,100,5379,1,0
D,G,D,8884,100,8884,1,0
D,H,D,1467,100,1467,1,0
A,E,E,1401,100,1401,1,0
B,E,E,5181,100,5181,1,0
C,E,E,10808,100,10808,1,0
D,E,E,9961,100,9961,1,0
E,F,E,5111,100,5111,1,0
E,G,E,10641,100,10641,1,0
E,H,E,10108,100,10108,1,0
A,F,F,5035,100,5035,1,0
B,F,F,1350,100,1350,1,0
C,F,F,7221,100,7221,1,0
D,F,F,5355,100,5355,1,0
E,F,F,5106,100,5106,1,0
F,G,F,6991,100,6991,1,0
F,H,F,5486,100,5486,1,0
A,G,G,10587,100,10587,1,0
B,G,G,7053,100,7053,1,0
C,G,G,1315,100,1315,1,0
D,G,G,8884,100,8884,1,0
E,G,G,10612,100,10612,1,0
F,G,G,6996,100,6996,1,0
G,H,G,8907,100,8907,1,0
A,H,H,9918,100,9918,1,0
B,H,H,5757,100,5757,1,0
C,H,H,8924,100,8924,1,0
D,H,H,1481,100,1481,1,0
E,H,H,10142,100,10142,1,0
F,H,H,5434,100,5434,1,0
G,H,H,8883,100,8883,1,0
A,B,A,4768,100,4768,1,0
A,C,A,10676,100,10676,1,0
A,D,A,9543,100,9543,1,0
A,E,A,1441,100,1441,1,0
A,F,A,5075,100,5075,1,0
A,G,A,10646,100,10646,1,0
A,H,A,10008,100,10008,1,0
A,B,B,4805,100,4805,1,0
B,C,B,6992,100,6992,1,0
B,D,B,5293,100,5293,1,0
B,E,B,5224,100,5224,1,0
B,F,B,1363,100,1363,1,0
B,G,B,7075,100,7075,1,0
B,H,B,5740,100,5740,1,0
A,C,C,10665,100,10665,1,0
B,C,C,7014,100,7014,1,0
C,D,C,8708,100,8708,1,0
C,E,C,10811,100,10811,1,0
C,F,C,7186,100,7186,1,0
C,G,C,1327,100,1327,1,0
C,H,C,8911,100,8911,1,0
A,D,D,9545,100,9545,1,0
B,D,D,5279,100,5279,1,0
C,D,D,8753,100,8753,1,0
D,E,D,9968,100,9968,1,0
D,F,D,5384,100,5384,1,0
D,G,D,8916,100,8916,1,0
D,H,D,1529,100,1529,1,0
A,E,E,1413,100,1413,1,0
B,E,E,5190,100,5190,1,0
C,E,E,10838,100,10838,1,0
D,E,E,9968,100,9968,1,0
E,F,E,5093,100,5093,1,0
E,G,E,10602,100,10602,1,0
E,H,E,10137,100,10137,1,0
A,F,F,5034,100,5034,1,0
B,F,F,1349,100,1349,1,0
C,F,F,7205,100,7205,1,0
D,F,F,5363,100,5363,1,0
E,F,F,5103,100,5103,1,0
F,G,F,7009,100,7009,1,0
F,H,F,5440,100,5440,1,0
A,G,G,10660,100,10660,1,0
B,G,G,7084,100,7084,1,0
C,G,G,1334,100,1334,1,0
D,G,G,8879,100,8879,1,0
E,G,G,10648,100,10648,1,0
F,G,G,7020,100,7020,1,0
G,H,G,8880,100,8880,1,0
A,H,H,9946,100,9946,1,0
B,H,H,5712,100,5712,1,0
C,H,H,8915,100,8915,1,0
D,H,H,1476,100,1476,1,0
E,H,H,10161,100,10161,1,0
F,H,H,5448,100,5448,1,0
G,H,H,8864,100,8864,1,0
A,B,A,4763,100,4763,1,0
A,C,A,10676,100,10676,1,0
A,D,A,9526,100,9526,1,0
A,E,A,1391,100,1391,1,0
A,F,A,5063,100,5063,1,0
A,G,A,10656,100,10656,1,0
A,H,A,9896,100,9896,1,0
A,B,B,4802,100,4802,1,0
B,C,B,7077,100,7077,1,0
B,D,B,5276,100,5276,1,0
B,E,B,5187,100,5187,1,0
B,F,B,1328,100,1328,1,0
B,G,B,7087,100,7087,1,0
B,H,B,5759,100,5759,1,0
A,C,C,10666,100,10666,1,0
B,C,C,7029,100,7029,1,0
C,D,C,8753,100,8753,1,0
C,E,C,10823,100,10823,1,0
C,F,C,7195,100,7195,1,0
C,G,C,1382,100,1382,1,0
C,H,C,8948,100,8948,1,0
A,D,D,9525,100,9525,1,0
B,D,D,5305,100,5305,1,0
C,D,D,8730,100,8730,1,0
D,E,D,9872,100,9872,1,0
D,F,D,5378,100,5378,1,0
D,G,D,8891,100,8891,1,0
D,H,D,1508,100,1508,1,0
A,E,E,1373,100,1373,1,0
B,E,E,5176,100,5176,1,0
C,E,E,10798,100,10798,1,0
D,E,E,9892,100,9892,1,0
E,F,E,5119,100,5119,1,0
E,G,E,10628,100,10628,1,0
E,H,E,10143,100,10143,1,0
A,F,F,5071,100,5071,1,0
B,F,F,1333,100,1333,1,0
C,F,F,7181,100,7181,1,0
D,F,F,5359,100,5359,1,0
E,F,F,5088,100,5088,1,0
F,G,F,6991,100,6991,1,0
F,H,F,5479,100,5479,1,0
A,G,G,10640,100,10640,1,0
B,G,G,7119,100,7119,1,0
C,G,G,1390,100,1390,1,0
D,G,G,8910,100,8910,1,0
E,G,G,10642,100,10642,1,0
F,G,G,7011,100,7011,1,0
G,H,G,8856,100,8856,1,0
A,H,H,9997,100,9997,1,0
B,H,H,5705,100,5705,1,0
C,H,H,8911,100,8911,1,0
D,H,H,1549,100,1549,1,0
E,H,H,10157,100,10157,1,0
F,H,H,5484,100,5484,1,0
G,H,H,8830,100,8830,1,0
A,B,A,4776,100,4776,1,0
A,C,A,10563,100,10563,1,0
A,D,A,9545,100,9545,1,0
A,E,A,1353,100,1353,1,0
A,F,A,5042,100,5042,1,0
A,G,A,10669,100,10669,1,0
A,H,A,9965,100,9965,1,0
A,B,B,4780,100,4780,1,0
B,C,B,7030,100,7030,1,0
B,D,B,5314,100,5314,1,0
B,E,B,5189,100,5189,1,0
B,F,B,1357,100,1357,1,0
B,G,B,7072,100,7072,1,0
B,H,B,5770,100,5770,1,0
A,C,C,10647,100,10647,1,0
B,C,C,6985,100,6985,1,0
C,D,C,8765,100,8765,1,0
C,E,C,10790,100,10790,1,0
C,F,C,7176,100,7176,1,0
C,G,C,1364,100,1364,1,0
C,H,C,8948,100,8948,1,0
A,D,D,9490,100,9490,1,0
B,D,D,5297,100,5297,1,0
C,D,D,8768,100,8768,1,0
D,E,D,9900,100,9900,1,0
D,F,D,5366,100,5366,1,0
D,G,D,8927,100,8927,1,0
D,H,D,1495,100,1495,1,0
A,E,E,1391,100,1391,1,0
B,E,E,5203,100,5203,1,0
C,E,E,10864,100,10864,1,0
D,E,E,9931,100,9931,1,0
E,F,E,5093,100,5093,1,0
E,G,E,10636,100,10636,1,0
E,H,E,10127,100,10127,1,0
A,F,F,5034,100,5034,1,0
B,F,F,1344,100,1344,1,0
C,F,F,7189,100,7189,1,0
D,F,F,5344,100,5344,1,0
E,F,F,5120,100,5120,1,0
F,G,F,7000,100,7000,1,0
F,H,F,5492,100,5492,1,0
A,G,G,10674,100,10674,1,0
B,G,G,7070,100,7070,1,0
C,G,G,1432,100,1432,1,0
D,G,G,8892,100,8892,1,0
E,G,G,10615,100,10615,1,0
F,G,G,7009,100,7009,1,0
G,H,G,8857,100,8857,1,0
A,H,H,9929,100,9929,1,0
B,H,H,5779,100,5779,1,0
C,H,H,8934,100,8934,1,0
D,H,H,1557,100,1557,1,0
E,H,H,10141,100,10141,1,0
F,H,H,5456,100,5456,1,0
G,H,H,8850,100,8850,1,0
A,B,A,4768,100,4768,1,0
A,C,A,10606,100,10606,1,0
A,D,A,9518,100,9518,1,0
A,E,A,1404,100,1404,1,0
A,F,A,5043,100,5043,1,0
A,G,A,10594,100,10594,1,0
A,H,A,9928,100,9928,1,0
A,B,B,4744,100,4744,1,0
B,C,B,7005,100,7005,1,0
B,D,B,5289,100,5289,1,0
B,E,B,5159,100,5159,1,0
B,F,B,1367,100,1367,1,0
B,G,B,7075,100,7075,1,0
B,H,B,5761,100,5761,1,0
A,C,C,10647,100,10647,1,0
B,C,C,7008,100,7008,1,0
C,D,C,8729,100,8729,1,0
C,E,C,10798,100,10798,1,0
C,F,C,7168,100,7168,1,0
C,G,C,1334,100,1334,1,0
C,H,C,8986,100,8986,1,0
A,D,D,9529,100,9529,1,0
B,D,D,5272,100,5272,1,0
C,D,D,8751,100,8751,1,0
D,E,D,9964,100,9964,1,0
D,F,D,5360,100,5360,1,0
D,G,D,8916,100,8916,1,0
D,H,D,1508,100,1508,1,0
A,E,E,1361,100,1361,1,0
B,E,E,5167,100,5167,1,0
C,E,E,10827,100,10827,1,0
D,E,E,9885,100,9885,1,0
E,F,E,5101,100,5101,1,0
E,G,E,10604,100,10604,1,0
E,H,E,10123,100,10123,1,0
A,F,F,5038,100,5038,1,0
B,F,F,1351,100,1351,1,0
C,F,F,7181,100,7181,1,0
D,F,F,5339,100,5339,1,0
E,F,F,5099,100,5099,1,0
F,G,F,7021,100,7021,1,0
F,H,F,5408,100,5408,1,0
A,G,G,10618,100,10618,1,0
B,G,G,7094,100,7094,1,0
C,G,G,1367,100,1367,1,0
D,G,G,8884,100,8884,1,0
E,G,G,10641,100,10641,1,0
F,G,G,6973,100,6973,1,0
G,H,G,8893,100,8893,1,0
A,H,H,9940,100,9940,1,0
B,H,H,5763,100,5763,1,0
C,H,H,8918,100,8918,1,0
D,H,H,1449,100,1449,1,0
E,H,H,10137,100,10137,1,0
F,H,H,5466,100,5466,1,0
G,H,H,8866,100,8866,1,0
A,B,A,4773,100,4773,1,0
A,C,A,10611,100,10611,1,0
A,D,A,9534,100,9534,1,0
A,E,A,1455,100,1455,1,0
A,F,A,5084,100,5084,1,0
A,G,A,10612,100,10612,1,0
A,H,A,9917,100,9917,1,0
A,B,B,4739,100,4739,1,0
B,C,B,7010,100,7010,1,0
B,D,B,5269,100,5269,1,0
B,E,B,5227,100,5227,1,0
B,F,B,1327,100,1327,1,0
B,G,B,7112,100,7112,1,0
B,H,B,5786,100,5786,1,0
A,C,C,10599,100,10599,1,0
B,C,C,6990,100,6990,1,0
C,D,C,8699,100,8699,1,0
C,E,C,10804,100,10804,1,0
C,F,C,7226,100,7226,1,0
C,G,C,1414,100,1414,1,0
C,H,C,8968,100,8968,1,0
A,D,D,9514,100,9514,1,0
B,D,D,5336,100,5336,1,0
C,D,D,8761,100,8761,1,0
D,E,D,9942,100,9942,1,0
D,F,D,5317,100,5317,1,0
D,G,D,8882,100,8882,1,0
D,H,D,1518,100,1518,1,0
A,E,E,1430,100,1430,1,0
B,E,E,5204,100,5204,1,0
C,E,E,10822,100,10822,1,0
D,E,E,9875,100,9875,1,0
E,F,E,5071,100,5071,1,0
E,G,E,10627,100,10627,1,0
E,H,E,10167,100,10167,1,0
A,F,F,5076,100,5076,1,0
B,F,F,1310,100,1310,1,0
C,F,F,7185,100,7185,1,0
D,F,F,5335,100,5335,1,0
E,F,F,5089,100,5089,1,0
F,G,F,6989,100,6989,1,0
F,H,F,5455,100,5455,1,0
A,G,G,10556,100,10556,1,0
B,G,G,7084,100,7084,1,0
C,G,G,1320,100,1320,1,0
D,G,G,8912,100,8912,1,0
E,G,G,10625,100,10625,1,0
F,G,G,7035,100,7035,1,0
G,H,G,8857,100,8857,1,0
A,H,H,9979,100,9979,1,0
B,H,H,5714,100,5714,1,0
C,H,H,8928,100,8928,1,0
D,H,H,1464,100,1464,1,0
E,H,H,10127,100,10127,1,0
F,H,H,5478,100,5478,1,0
G,H,H,8857,100,8857,1,0
A,B,A,4764,100,4764,1,0
A,C,A,10631,100,10631,1,0
A,D,A,9532,100,9532,1,0
A,E,A,1385,100,1385,1,0
A,F,A,5057,100,5057,1,0
A,G,A,10639,100,10639,1,0
A,H,A,9932,100,9932,1,0
A,B,B,4757,100,4757,1,0
B,C,B,7011,100,7011,1,0
B,D,B,5303,100,5303,1,0
B,E,B,5162,100,5162,1,0
B,F,B,1338,100,1338,1,0
B,G,B,7119,100,7119,1,0
B,H,B,5758,100,5758,1,0
A,C,C,10621,100,10621,1,0
B,C,C,6967,100,6967,1,0
C,D,C,8748,100,8748,1,0
C,E,C,10793,100,10793,1,0
C,F,C,7199,100,7199,1,0
C,G,C,1314,100,1314,1,0
C,H,C,8941,100,8941,1,0
A,D,D,9532,100,9532,1,0
B,D,D,5300,100,5300,1,0
C,D,D,8738,100,8738,1,0
D,E,D,9920,100,9920,1,0
D,F,D,5407,100,5407,1,0
D,G,D,8892,100,8892,1,0
D,H,D,1488,100,1488,1,0
A,E,E,1457,100,1457,1,0
B,E,E,5175,100,5175,1,0
C,E,E,10842,100,10842,1,0
D,E,E,9860,100,9860,1,0
E,F,E,5084,100,5084,1,0
E,G,E,10630,100,10630,1,0
E,H,E,10154,100,10154,1,0
A,F,F,5070,100,5070,1,0
B,F,F,1370,100,1370,1,0
C,F,F,7178,100,7178,1,0
D,F,F,5349,100,5349,1,0
E,F,F,5099,100,5099,1,0
F,G,F,6981,100,6981,1,0
F,H,F,5408,100,5408,1,0
A,G,G,10628,100,10628,1,0
B,G,G,7057,100,7057,1,0
C,G,G,1352,100,1352,1,0
D,G,G,8916,100,8916,1,0
E,G,G,10617,100,10617,1,0
F,G,G,7016,100,7016,1,0
G,H,G,8852,100,8852,1,0
A,H,H,9940,100,9940,1,0
B,H,H,5791,100,5791,1,0
C,H,H,8964,100,8964,1,0
D,H,H,1471,100,1471,1,0
E,H,H,10144,100,10144,1,0
F,H,H,5444,100,5444,1,0
G,H,H,8883,100,8883,1,0
A,B,A,4798,100,4798,1,0
A,C,A,10614,100,10614,1,0
A,D,A,9522,100,9522,1,0
A,E,A,1402,100,1402,1,0
A,F,A,5102,100,5102,1,0
A,G,A,10573,100,10573,1,0
A,H,A,9946,100,9946,1,0
A,B,B,4748,100,4748,1,0
B,C,B,6968,100,6968,1,0
B,D,B,5297,100,5297,1,0
B,E,B,5202,100,5202,1,0
B,F,B,1372,100,1372,1,0
B,G,B,7123,100,7123,1,0
B,H,B,5703,100,5703,1,0
A,C,C,10619,100,10619,1,0
B,C,C,7031,100,7031,1,0
C,D,C,8702,100,8702,1,0
C,E,C,10843,100,10843,1,0
C,F,C,7211,100,7211,1,0
C,G,C,1331,100,1331,1,0
C,H,C,8946,100,8946,1,0
A,D,D,9558,100,9558,1,0
B,D,D,5311,100,5311,1,0
C,D,D,8764,100,8764,1,0
D,E,D,9974,100,9974,1,0
D,F,D,5346,100,5346,1,0
D,G,D,8873,100,8873,1,0
D,H,D,1452,100,1452,1,0
A,E,E,1418,100,1418,1,0
B,E,E,5222,100,5222,1,0
C,E,E,10764,100,10764,1,0
D,E,E,9946,100,9946,1,0
E,F,E,5109,100,5109,1,0
E,G,E,10637,100,10637,1,0
E,H,E,10123,100,10123,1,0
A,F,F,5087,100,5087,1,0
B,F,F,1340,100,1340,1,0
C,F,F,7191,100,7191,1,0
D,F,F,5347,100,5347,1,0
E,F,F,5100,100,5100,1,0
F,G,F,6973,100,6973,1,0
F,H,F,5409,100,5409,1,0
A,G,G,10638,100,10638,1,0
B,G,G,7072,100,7072,1,0
C,G,G,1374,100,1374,1,0
D,G,G,8910,100,8910,1,0
E,G,G,10605,100,10605,1,0
F,G,G,7020,100,7020,1,0
G,H,G,8868,100,8868,1,0
A,H,H,9949,100,9949,1,0
B,H,H,5755,100,5755,1,0
C,H,H,8951,100,8951,1,0
D,H,H,1476,100,1476,1,0
E,H,H,10155,100,10155,1,0
F,H,H,5497,100,5497,1,0
G,H,H,8896,100,8896,1,0
A,B,A,4824,100,4824,1,0
A,C,A,10638,100,10638,1,0
A,D,A,9505,100,9505,1,0
A,E,A,1422,100,1422,1,0
A,F,A,5061,100,5061,1,0
A,G,A,10599,100,10599,1,0
A,H,A,9969,100,9969,1,0
A,B,B,4720,100,4720,1,0
B,C,B,7007,100,7007,1,0
B,D,B,5313,100,5313,1,0
B,E,B,5153,100,5153,1,0
B,F,B,1352,100,1352,1,0
B,G,B,7106,100,7106,1,0
B,H,B,5756,100,5756,1,0
A,C,C,10602,100,10602,1,0
B,C,C,7018,100,7018,1,0
C,D,C,8758,100,8758,1,0
C,E,C,10845,100,10845,1,0
C,F,C,7211,100,7211,1,0
C,G,C,1346,100,1346,1,0
C,H,C,8957,100,8957,1,0
A,D,D,9530,100,9530,1,0
B,D,D,5261,100,5261,1,0
C,D,D,8776,100,8776,1,0
D,E,D,9902,100,9902,1,0
D,F,D,5389,100,5389,1,0
D,G,D,8887,100,8887,1,0
D,H,D,1468,100,1468,1,0
A,E,E,1382,100,1382,1,0
B,E,E,5195,100,5195,1,0
C,E,E,10789,100,10789,1,0
D,E,E,9840,100,9840,1,0
E,F,E,5079,100,5079,1,0
E,G,E,10627,100,10627,1,0
E,H,E,10157,100,10157,1,0
A,F,F,5033,100,5033,1,0
B,F,F,1379,100,1379,1,0
C,F,F,7226,100,7226,1,0
D,F,F,5353,100,5353,1,0
E,F,F,5108,100,5108,1,0
F,G,F,7004,100,7004,1,0
F,H,F,5466,100,5466,1,0
A,G,G,10622,100,10622,1,0
B,G,G,7082,100,7082,1,0
C,G,G,1345,100,1345,1,0
D,G,G,8890,100,8890,1,0
E,G,G,10618,100,10618,1,0
F,G,G,6986,100,6986,1,0
G,H,G,8904,100,8904,1,0
A,H,H,9991,100,9991,1,0
B,H,H,5717,100,5717,1,0
C,H,H,8943,100,8943,1,0
D,H,H,1457,100,1457,1,0
E,H,H,10139,100,10139,1,0
F,H,H,5420,100,5420,1,0
G,H,H,8871,100,8871,1,0
A,B,A,4775,100,4775,1,0
A,C,A,10626,100,10626,1,0
A,D,A,9531,100,9531,1,0
A,E,A,1420,100,1420,1,0
A,F,A,5076,100,5076,1,0
A,G,A,10644,100,10644,1,0
A,H,A,9919,100,9919,1,0
A,B,B,4771,100,4771,1,0
B,C,B,7008,100,7008,1,0
B,D,B,5233,100,5233,1,0
B,E,B,5179,100,5179,1,0
B,F,B,1352,100,1352,1,0
B,G,B,7054,100,7054,1,0
B,H,B,5781,100,5781,1,0
A,C,C,10622,100,10622,1,0
B,C,C,7040,100,7040,1,0
C,D,C,8757,100,8757,1,0
C,E,C,10819,100,10819,1,0
C,F,C,7188,100,7188,1,0
C,G,C,1371,100,1371,1,0
C,H,C,8960,100,8960,1,0
A,D,D,9527,100,9527,1,0
B,D,D,5302,100,5302,1,0
C,D,D,8756,100,8756,1,0
D,E,D,9877,100,9877,1,0
D,F,D,5348,100,5348,1,0
D,G,D,8876,100,8876,1,0
D,H,D,1497,100,1497,1,0
A,E,E,1401,100,1401,1,0
B,E,E,5160,100,5160,1,0
C,E,E,10837,100,10837,1,0
D,E,E,9883,100,9883,1,0
E,F,E,5107,100,5107,1,0
E,G,E,10648,100,10648,1,0
E,H,E,10177,100,10177,1,0
A,F,F,5026,100,5026,1,0
B,F,F,1349,100,1349,1,0
C,F,F,7177,100,7177,1,0
D,F,F,5392,100,5392,1,0
E,F,F,5103,100,5103,1,0
F,G,F,6998,100,6998,1,0
F,H,F,5461,100,5461,1,0
A,G,G,10625,100,10625,1,0
B,G,G,7067,100,7067,1,0
C,G,G,1401,100,1401,1,0
D,G,G,8873,100,8873,1,0
E,G,G,10625,100,10625,1,0
F,G,G,6978,100,6978,1,0
G,H,G,8860,100,8860,1,0
A,H,H,9919,100,9919,1,0
B,H,H,5689,100,5689,1,0
C,H,H,8915,100,8915,1,0
D,H,H,1467,100,1467,1,0
E,H,H,10175,100,10175,1,0
F,H,H,5498,100,5498,1,0
G,H,H,8869,100,8869,1,0
A,B,A,4823,100,4823,1,0
A,C,A,10679,100,10679,1,0
A,D,A,9530,100,9530,1,0
A,E,A,1461,100,1461,1,0
A,F,A,5045,100,5045,1,0
A,G,A,10638,100,10638,1,0
A,H,A,9941,100,9941,1,0
A,B,B,4810,100,4810,1,0
B,C,B,7015,100,7015,1,0
B,D,B,5336,100,5336,1,0
B,E,B,5179,100,5179,1,0
B,F,B,1357,100,1357,1,0
B,G,B,7084,100,7084,1,0
B,H,B,5743,100,5743,1,0
A,C,C,10658,100,10658,1,0
B,C,C,6995,100,6995,1,0
C,D,C,8722,100,8722,1,0
C,E,C,10838,100,10838,1,0
C,F,C,7202,100,7202,1,0
C,G,C,1330,100,1330,1,0
C,H,C,8952,100,8952,1,0
A,D,D,9530,100,9530,1,0
B,D,D,5255,100,5255,1,0
C,D,D,8758,100,8758,1,0
D,E,D,9987,100,9987,1,0
D,F,D,5343,100,5343,1,0
D,G,D,8906,100,8906,1,0
D,H,D,1580,100,1580,1,0
A,E,E,1433,100,1433,1,0
B,E,E,5178,100,5178,1,0
C,E,E,10826,100,10826,1,0
D,E,E,9937,100,9937,1,0
E,F,E,5120,100,5120,1,0
E,G,E,10604,100,10604,1,0
E,H,E,10163,100,10163,1,0
A,F,F,5025,100,5025,1,0
B,F,F,1381,100,1381,1,0
C,F,F,7193,100,7193,1,0
D,F,F,5325,100,5325,1,0
E,F,F,5121,100,5121,1,0
F,G,F,6993,100,6993,1,0
F,H,F,5424,100,5424,1,0
A,G,G,10627,100,10627,1,0
B,G,G,7073,100,7073,1,0
C,G,G,1349,100,1349,1,0
D,G,G,8941,100,8941,1,0
E,G,G,10654,100,10654,1,0
F,G,G,6995,100,6995,1,0
G,H,G,8855,100,8855,1,0
A,H,H,9900,100,9900,1,0
B,H,H,5766,100,5766,1,0
C,H,H,8895,100,8895,1,0
D,H,H,1483,100,1483,1,0
E,H,H,10156,100,10156,1,0
F,H,H,5480,100,5480,1,0
G,H,H,8879,100,8879,1,0
A,B,A,4770,100,4770,1,0
A,C,A,10626,100,10626,1,0
A,D,A,9532,100,9532,1,0
A,E,A,1449,100,1449,1,0
A,F,A,5093,100,5093,1,0
A,G,A,10642,100,10642,1,0
A,H,A,9952,100,9952,1,0
A,B,B,4810,100,4810,1,0
B,C,B,7018,100,7018,1,0
B,D,B,5264,100,5264,1,0
B,E,B,5194,100,5194,1,0
B,F,B,1357,100,1357,1,0
B,G,B,7075,100,7075,1,0
B,H,B,5784,100,5784,1,0
A,C,C,10615,100,10615,1,0
B,C,C,6998,100,6998,1,0
C,D,C,8693,100,8693,1,0
C,E,C,10840,100,10840,1,0
C,F,C,7175,100,7175,1,0
C,G,C,1374,100,1374,1,0
C,H,C,8910,100,8910,1,0
A,D,D,9535,100,9535,1,0
B,D,D,5279,100,5279,1,0
C,D,D,8746,100,8746,1,0
D,E,D,9875,100,9875,1,0
D,F,D,5348,100,5348,1,0
D,G,D,8893,100,8893,1,0
D,H,D,1465,100,1465,1,0
A,E,E,1412,100,1412,1,0
B,E,E,5192,100,5192,1,0
C,E,E,10822,100,10822,1,0
D,E,E,9942,100,9942,1,0
E,F,E,5083,100,5083,1,0
E,G,E,10636,100,10636,1,0
E,H,E,10133,100,10133,1,0
A,F,F,5082,100,5082,1,0
B,F,F,1353,100,1353,1,0
C,F,F,7182,100,7182,1,0
D,F,F,5346,100,5346,1,0
E,F,F,5095,100,5095,1,0
F,G,F,6986,100,6986,1,0
F,H,F,5462,100,5462,1,0
A,G,G,10636,100,10636,1,0
B,G,G,7068,100,7068,1,0
C,G,G,1398,100,1398,1,0
D,G,G,8945,100,8945,1,0
E,G,G,10627,100,10627,1,0
F,G,G,6976,100,6976,1,0
G,H,G,8875,100,8875,1,0
A,H,H,9930,100,9930,1,0
B,H,H,5749,100,5749,1,0
C,H,H,8948,100,8948,1,0
D,H,H,1483,100,1483,1,0
E,H,H,10133,100,10133,1,0
F,H,H,5453,100,5453,1,0
G,H,H,8900,100,8900,1,0
A,B,A,4760,100,4760,1,0
A,C,A,10612,100,10612,1,0
A,D,A,9508,100,9508,1,0
A,E,A,1421,100,1421,1,0
A,F,A,5076,100,5076,1,0
A,G,A,10653,100,10653,1,0
A,H,A,9944,100,9944,1,0
A,B,B,4779,100,4779,1,0
B,C,B,7006,100,7006,1,0
B,D,B,5274,100,5274,1,0
B,E,B,5185,100,5185,1,0
B,F,B,1370,100,1370,1,0
B,G,B,7049,100,7049,1,0
B,H,B,5831,100,5831,1,0
A,C,C,10642,100,10642,1,0
B,C,C,7019,100,7019,1,0
C,D,C,8755,100,8755,1,0
C,E,C,10771,100,10771,1,0
C,F,C,7184,100,7184,1,0
C,G,C,1392,100,1392,1,0
C,H,C,8969,100,8969,1,0
A,D,D,9497,100,9497,1,0
B,D,D,5294,100,5294,1,0
C,D,D,8739,100,8739,1,0
D,E,D,9987,100,9987,1,0
D,F,D,5336,100,5336,1,0
D,G,D,8887,100,8887,1,0
D,H,D,1480,100,1480,1,0
A,E,E,1387,100,1387,1,0
B,E,E,5220,100,5220,1,0
C,E,E,10775,100,10775,1,0
D,E,E,9996,100,9996,1,0
E,F,E,5095,100,5095,1,0
E,G,E,10664,100,10664,1,0
E,H,E,10181,100,10181,1,0
A,F,F,5036,100,5036,1,0
B,F,F,1362,100,1362,1,0
C,F,F,7214,100,7214,1,0
D,F,F,5363,100,5363,1,0
E,F,F,5115,100,5115,1,0
F,G,F,6984,100,6984,1,0
F,H,F,5484,100,5484,1,0
A,G,G,10595,100,10595,1,0
B,G,G,7075,100,7075,1,0
C,G,G,1376,100,1376,1,0
D,G,G,8885,100,8885,1,0
E,G,G,10624,100,10624,1,0
F,G,G,6993,100,6993,1,0
G,H,G,8890,100,8890,1,0
A,H,H,9920,100,9920,1,0
B,H,H,5747,100,5747,1,0
C,H,H,8929,100,8929,1,0
D,H,H,1510,100,1510,1,0
E,H,H,10141,100,10141,1,0
F,H,H,5455,100,5455,1,0
G,H,H,8846,100,8846,1,0
A,B,A,4782,100,4782,1,0
A,C,A,10622,100,10622,1,0
A,D,A,9527,100,9527,1,0
A,E,A,1403,100,1403,1,0
A,F,A,5122,100,5122,1,0
A,G,A,10605,100,10605,1,0
A,H,A,9938,100,9938,1,0
A,B,B,4754,100,4754,1,0
B,C,B,6996,100,6996,1,0
B,D,B,5239,100,5239,1,0
B,E,B,5220,100,5220,1,0
B,F,B,1376,100,1376,1,0
B,G,B,7081,100,7081,1,0
B,H,B,5741,100,5741,1,0
A,C,C,10637,100,10637,1,0
B,C,C,7005,100,7005,1,0
C,D,C,8699,100,8699,1,0
C,E,C,10770,100,10770,1,0
C,F,C,7208,100,7208,1,0
C,G,C,1384,100,1384,1,0
C,H,C,8953,100,8953,1,0
A,D,D,9526,100,9526,1,0
B,D,D,5251,100,5251,1,0
C,D,D,8737,100,8737,1,0
D,E,D,9919,100,9919,1,0
D,F,D,5314,100,5314,1,0
D,G,D,8890,100,8890,1,0
D,H,D,1523,100,1523,1,0
A,E,E,1481,100,1481,1,0
B,E,E,5195,100,5195,1,0
C,E,E,10801,100,10801,1,0
D,E,E,9930,100,9930,1,0
E,F,E,5117,100,5117,1,0
E,G,E,10614,100,10614,1,0
E,H,E,10138,100,10138,1,0
A,F,F,5079,100,5079,1,0
B,F,F,1340,100,1340,1,0
C,F,F,7165,100,7165,1,0
D,F,F,5370,100,5370,1,0
E,F,F,5095,100,5095,1,0
F,G,F,6990,100,6990,1,0
F,H,F,5460,100,5460,1,0
A,G,G,10630,100,10630,1,0
B,G,G,7095,100,7095,1,0
C,G,G,1328,100,1328,1,0
D,G,G,8877,100,8877,1,0
E,G,G,10631,100,10631,1,0
F,G,G,7036,100,7036,1,0
G,H,G,8843,100,8843,1,0
A,H,H,10018,100,10018,1,0
B,H,H,5756,100,5756,1,0
C,H,H,8920,100,8920,1,0
D,H,H,1486,100,1486,1,0
E,H,H,10141,100,10141,1,0
F,H,H,5454,100,5454,1,0
G,H,H,8871,100,8871,1,0
A,B,A,4755,100,4755,1,0
A,C,A,10689,100,10689,1,0
A,D,A,9552,100,9552,1,0
A,E,A,1450,100,1450,1,0
A,F,A,5075,100,5075,1,0
A,G,A,10632,100,10632,1,0
A,H,A,9937,100,9937,1,0
A,B,B,4772,100,4772,1,0
B,C,B,6992,100,6992,1,0
B,D,B,5268,100,5268,1,0
B,E,B,5138,100,5138,1,0
B,F,B,1333,100,1333,1,0
B,G,B,7090,100,7090,1,0
B,H,B,5778,100,5778,1,0
A,C,C,10668,100,10668,1,0
B,C,C,6989,100,6989,1,0
C,D,C,8776,100,8776,1,0
C,E,C,10855,100,10855,1,0
C,F,C,7176,100,7176,1,0
C,G,C,1365,100,1365,1,0
C,H,C,8945,100,8945,1,0
A,D,D,9503,100,9503,1,0
B,D,D,5323,100,5323,1,0
C,D,D,8766,100,8766,1,0
D,E,D,9924,100,9924,1,0
D,F,D,5348,100,5348,1,0
D,G,D,8885,100,8885,1,0
D,H,D,1470,100,1470,1,0
A,E,E,1480,100,1480,1,0
B,E,E,5199,100,5199,1,0
C,E,E,10855,100,10855,1,0
D,E,E,9908,100,9908,1,0
E,F,E,5125,100,5125,1,0
E,G,E,10613,100,10613,1,0
E,H,E,10089,100,10089,1,0
A,F,F,5030,100,5030,1,0
B,F,F,1373,100,1373,1,0
C,F,F,7209,100,7209,1,0
D,F,F,5371,100,5371,1,0
E,F,F,5108,100,5108,1,0
F,G,F,7003,100,7003,1,0
F,H,F,5448,100,5448,1,0
A,G,G,10619,100,10619,1,0
B,G,G,7096,100,7096,1,0
C,G,G,1404,100,1404,1,0
D,G,G,8891,100,8891,1,0
E,G,G,10611,100,10611,1,0
F,G,G,7037,100,7037,1,0
G,H,G,8895,100,8895,1,0
A,H,H,9994,100,9994,1,0
B,H,H,5733,100,5733,1,0
C,H,H,8944,100,8944,1,0
D,H,H,1498,100,1498,1,0
E,H,H,10154,100,10154,1,0
F,H,H,5443,100,5443,1,0
G,H,H,8848,100,8848,1,0
A,B,A,4787,100,4787,1,0
A,C,A,10663,100,10663,1,0
A,D,A,9526,100,9526,1,0
A,E,A,1425,100,1425,1,0
A,F,A,5055,100,5055,1,0
A,G,A,10632,100,10632,1,0
A,H,A,9928,100,9928,1,0
A,B,B,4729,100,4729,1,0
B,C,B,7011,100,7011,1,0
B,D,B,5326,100,5326,1,0
B,E,B,5190,100,5190,1,0
B,F,B,1323,100,1323,1,0
B,G,B,7061,100,7061,1,0
B,H,B,5725,100,5725,1,0
A,C,C,10612,100,10612,1,0
B,C,C,7008,100,7008,1,0
C,D,C,8766,100,8766,1,0
C,E,C,10809,100,10809,1,0
C,F,C,7197,100,7197,1,0
C,G,C,1386,100,1386,1,0
C,H,C,8906,100,8906,1,0
A,D,D,9545,100,9545,1,0
B,D,D,5282,100,5282,1,0
C,D,D,8756,100,8756,1,0
D,E,D,9914,100,9914,1,0
D,F,D,5366,100,5366,1,0
D,G,D,8893,100,8893,1,0
D,H,D,1457,100,1457,1,0
A,E,E,1395,100,1395,1,0
B,E,E,5199,100,5199,1,0
C,E,E,10781,100,10781,1,0
D,E,E,10024,100,10024,1,0
E,F,E,5099,100,5099,1,0
E,G,E,10613,100,10613,1,0
E,H,E,10111,100,10111,1,0
A,F,F,5063,100,5063,1,0
B,F,F,1333,100,1333,1,0
C,F,F,7192,100,7192,1,0
D,F,F,5339,100,5339,1,0
E,F,F,5093,100,5093,1,0
F,G,F,6964,100,6964,1,0
F,H,F,5449,100,5449,1,0
A,G,G,10617,100,10617,1,0
B,G,G,7083,100,7083,1,0
C,G,G,1374,100,1374,1,0
D,G,G,8879,100,8879,1,0
E,G,G,10627,100,10627,1,0
F,G,G,6961,100,6961,1,0
G,H,G,8867,100,8867,1,0
A,H,H,9954,100,9954,1,0
B,H,H,5684,100,5684,1,0
C,H,H,8958,100,8958,1,0
D,H,H,1467,100,1467,1,0
E,H,H,10153,100,10153,1,0
F,H,H,5436,100,5436,1,0
G,H,H,8878,100,8878,1,0
A,B,A,4767,100,4767,1,0
A,C,A,10626,100,10626,1,0
A,D,A,9522,100,9522,1,0
A,E,A,1398,100,1398,1,0
A,F,A,5058,100,5058,1,0
A,G,A,10596,100,10596,1,0
A,H,A,9931,100,9931,1,0
A,B,B,4778,100,4778,1,0
B,C,B,7017,100,7017,1,0
B,D,B,5306,100,5306,1,0
B,E,B,5161,100,5161,1,0
B,F,B,1367,100,1367,1,0
B,G,B,7064,100,7064,1,0
B,H,B,5726,100,5726,1,0
A,C,C,10603,100,10603,1,0
B,C,C,6993,100,6993,1,0
C,D,C,8728,100,8728,1,0
C,E,C,10784,100,10784,1,0
C,F,C,7175,100,7175,1,0
C,G,C,1342,100,1342,1,0
C,H,C,8932,100,8932,1,0
A,D,D,9511,100,9511,1,0
B,D,D,5277,100,5277,1,0
C,D,D,8743,100,8743,1,0
D,E,D,9893,100,9893,1,0
D,F,D,5403,100,5403,1,0
D,G,D,8894,100,8894,1,0
D,H,D,1516,100,1516,1,0
A,E,E,1392,100,1392,1,0
B,E,E,5164,100,5164,1,0
C,E,E,10887,100,10887,1,0
D,E,E,9935,100,9935,1,0
E,F,E,5093,100,5093,1,0
E,G,E,10624,100,10624,1,0
E,H,E,10170,100,10170,1,0
A,F,F,5080,100,5080,1,0
B,F,F,1330,100,1330,1,0
C,F,F,7209,100,7209,1,0
D,F,F,5362,100,5362,1,0
E,F,F,5130,100,5130,1,0
F,G,F,6984,100,6984,1,0
F,H,F,5467,100,5467,1,0
A,G,G,10585,100,10585,1,0
B,G,G,7079,100,7079,1,0
C,G,G,1363,100,1363,1,0
D,G,G,8902,100,8902,1,0
E,G,G,10647,100,10647,1,0
F,G,G,6980,100,6980,1,0
G,H,G,8858,100,8858,1,0
A,H,H,9990,100,9990,1,0
B,H,H,5734,100,5734,1,0
C,H,H,8928,100,8928,1,0
D,H,H,1467,100,1467,1,0
E,H,H,10121,100,10121,1,0
F,H,H,5473,100,5473,1,0
G,H,H,8877,100,8877,1,0
A,B,A,4771,100,4771,1,0
A,C,A,10642,100,10642,1,0
A,D,A,9548,100,9548,1,0
A,E,A,1442,100,1442,1,0
A,F,A,5055,100,5055,1,0
A,G,A,10649,100,10649,1,0
A,H,A,9938,100,9938,1,0
A,B,B,4748,100,4748,1,0
B,C,B,6977,100,6977,1,0
B,D,B,5301,100,5301,1,0
B,E,B,5209,100,5209,1,0
B,F,B,1344,100,1344,1,0
B,G,B,7073,100,7073,1,0
B,H,B,5766,100,5766,1,0
A,C,C,10679,100,10679,1,0
B,C,C,7002,100,7002,1,0
C,D,C,8792,100,8792,1,0
C,E,C,10836,100,10836,1,0
C,F,C,7166,100,7166,1,0
C,G,C,1352,100,1352,1,0
C,H,C,8920,100,8920,1,0
A,D,D,9506,100,9506,1,0
B,D,D,5248,100,5248,1,0
C,D,D,8744,100,8744,1,0
D,E,D,9896,100,9896,1,0
D,F,D,5396,100,5396,1,0
D,G,D,8907,100,8907,1,0
D,H,D,1476,100,1476,1,0
A,E,E,1420,100,1420,1,0
B,E,E,5192,100,5192,1,0
C,E,E,10807,100,10807,1,0
D,E,E,9946,100,9946,1,0
E,F,E,5090,100,5090,1,0
E,G,E,10651,100,10651,1,0
E,H,E,10135,100,10135,1,0
A,F,F,5118,100,5118,1,0
B,F,F,1338,100,1338,1,0
C,F,F,7180,100,7180,1,0
D,F,F,5392,100,5392,1,0
E,F,F,5096,100,5096,1,0
F,G,F,7018,100,7018,1,0
F,H,F,5438,100,5438,1,0
A,G,G,10636,100,10636,1,0
B,G,G,7073,100,7073,1,0
C,G,G,1381,100,1381,1,0
D,G,G,8906,100,8906,1,0
E,G,G,10630,100,10630,1,0
F,G,G,6986,100,6986,1,0
G,H,G,8844,100,8844,1,0
A,H,H,9976,100,9976,1,0
B,H,H,5735,100,5735,1,0
C,H,H,8929,100,8929,1,0
D,H,H,1503,100,1503,1,0
E,H,H,10140,100,10140,1,0
F,H,H,5496,100,5496,1,0
G,H,H,8871,100,8871,1,0
A,B,A,4769,100,4769,1,0
A,C,A,10649,100,10649,1,0
A,D,A,9509,100,9509,1,0
A,E,A,1411,100,1411,1,0
A,F,A,5057,100,5057,1,0
A,G,A,10599,100,10599,1,0
A,H,A,9951,100,9951,1,0
A,B,B,4794,100,4794,1,0
B,C,B,7005,100,7005,1,0
B,D,B,5310,100,5310,1,0
B,E,B,5228,100,5228,1,0
B,F,B,1372,100,1372,1,0
B,G,B,7073,100,7073,1,0
B,H,B,5764,100,5764,1,0
A,C,C,10674,100,10674,1,0
B,C,C,6999,100,6999,1,0
C,D,C,8732,100,8732,1,0
C,E,C,10772,100,10772,1,0
C,F,C,7156,100,7156,1,0
C,G,C,1388,100,1388,1,0
C,H,C,9005,100,9005,1,0
A,D,D,9520,100,9520,1,0
B,D,D,5297,100,5297,1,0
C,D,D,8768,100,8768,1,0
D,E,D,9961,100,9961,1,0
D,F,D,5335,100,5335,1,0
D,G,D,8873,100,8873,1,0
D,H,D,1502,100,1502,1,0
A,E,E,1392,100,1392,1,0
B,E,E,5189,100,5189,1,0
C,E,E,10853,100,10853,1,0
D,E,E,9911,100,9911,1,0
E,F,E,5111,100,5111,1,0
E,G,E,10663,100,10663,1,0
E,H,E,10131,100,10131,1,0
A,F,F,5086,100,5086,1,0
B,F,F,1376,100,1376,1,0
C,F,F,7170,100,7170,1,0
D,F,F,5363,100,5363,1,0
E,F,F,5103,100,5103,1,0
F,G,F,7003,100,7003,1,0
F,H,F,5410,100,5410,1,0
A,G,G,10619,100,10619,1,0
B,G,G,7073,100,7073,1,0
C,G,G,1368,100,1368,1,0
D,G,G,8881,100,8881,1,0
E,G,G,10618,100,10618,1,0
F,G,G,7009,100,7009,1,0
G,H,G,8860,100,8860,1,0
A,H,H,10007,100,10007,1,0
B,H,H,5750,100,5750,1,0
C,H,H,8928,100,8928,1,0
D,H,H,1484,100,1484,1,0
E,H,H,10174,100,10174,1,0
F,H,H,5420,100,5420,1,0
G,H,H,8875,100,8875,1,0
A,B,A,4791,100,4791,1,0
A,C,A,10651,100,10651,1,0
A,D,A,9528,100,9528,1,0
A,E,A,1395,100,1395,1,0
A,F,A,5067,100,5067,1,0
A,G,A,10613,100,10613,1,0
A,H,A,9946,100,9946,1,0
A,B,B,4754,100,4754,1,0
B,C,B,6974,100,6974,1,0
B,D,B,5276,100,5276,1,0
B,E,B,5191,100,5191,1,0
B,F,B,1322,100,1322,1,0
B,G,B,7089,100,7089,1,0
B,H,B,5692,100,5692,1,0
A,C,C,10655,100,10655,1,0
B,C,C,7011,100,7011,1,0
C,D,C,8770,100,8770,1,0
C,E,C,10848,100,10848,1,0
C,F,C,7189,100,7189,1,0
C,G,C,1363,100,1363,1,0
C,H,C,8910,100,8910,1,0
A,D,D,9506,100,9506,1,0
B,D,D,5291,100,5291,1,0
C,D,D,8753,100,8753,1,0
D,E,D,9962,100,9962,1,0
D,F,D,5369,100,5369,1,0
D,G,D,8936,100,8936,1,0
D,H,D,1463,100,1463,1,0
A,E,E,1395,100,1395,1,0
B,E,E,5217,100,5217,1,0
C,E,E,10837,100,10837,1,0
D,E,E,9965,100,9965,1,0
E,F,E,5116,100,5116,1,0
E,G,E,10621,100,10621,1,0
E,H,E,10096,100,10096,1,0
A,F,F,5065,100,5065,1,0
B,F,F,1390,100,1390,1,0
C,F,F,7178,100,7178,1,0
D,F,F,5380,100,5380,1,0
E,F,F,5080,100,5080,1,0
F,G,F,7005,100,7005,1,0
F,H,F,5494,100,5494,1,0
A,G,G,10604,100,10604,1,0
B,G,G,7056,100,7056,1,0
C,G,G,1319,100,1319,1,0
D,G,G,8919,100,8919,1,0
E,G,G,10636,100,10636,1,0
F,G,G,6990,100,6990,1,0
G,H,G,8848,100,8848,1,0
A,H,H,9922,100,9922,1,0
B,H,H,5751,100,5751,1,0
C,H,H,8952,100,8952,1,0
D,H,H,1507,100,1507,1,0
E,H,H,10165,100,10165,1,0
F,H,H,5460,100,5460,1,0
G,H,H,8883,100,8883,1,0
A,B,A,4768,100,4768,1,0
A,C,A,10631,100,10631,1,0
A,D,A,9528,100,9528,1,0
A,E,A,1426,100,1426,1,0
A,F,A,5051,100,5051,1,0
A,G,A,10600,100,10600,1,0
A,H,A,9974,100,9974,1,0
A,B,B,4769,100,4769,1,0
B,C,B,6985,100,6985,1,0
B,D,B,5275,100,5275,1,0
B,E,B,5214,100,5214,1,0
B,F,B,1369,100,1369,1,0
B,G,B,7065,100,7065,1,0
B,H,B,5716,100,5716,1,0
A,C,C,10619,100,10619,1,0
B,C,C,7052,100,7052,1,0
C,D,C,8720,100,8720,1,0
C,E,C,10839,100,10839,1,0
C,F,C,7170,100,7170,1,0
C,G,C,1367,100,1367,1,0
C,H,C,8912,100,8912,1,0
A,D,D,9531,100,9531,1,0
B,D,D,5289,100,5289,1,0
C,D,D,8721,100,8721,1,0
D,E,D,9945,100,9945,1,0
D,F,D,5354,100,5354,1,0
D,G,D,8863,100,8863,1,0
D,H,D,1475,100,1475,1,0
A,E,E,1478,100,1478,1,0
B,E,E,5140,100,5140,1,0
C,E,E,10845,100,10845,1,0
D,E,E,9911,100,9911,1,0
E,F,E,5078,100,5078,1,0
E,G,E,10673,100,10673,1,0
E,H,E,10163,100,10163,1,0
A,F,F,5064,100,5064,1,0
B,F,F,1356,100,1356,1,0
C,F,F,7181,100,7181,1,0
D,F,F,5352,100,5352,1,0
E,F,F,5114,100,5114,1,0
F,G,F,6998,100,6998,1,0
F,H,F,5444,100,5444,1,0
A,G,G,10609,100,10609,1,0
B,G,G,7112,100,7112,1,0
C,G,G,1375,100,1375,1,0
D,G,G,8881,100,8881,1,0
E,G,G,10644,100,10644,1,0
F,G,G,6977,100,6977,1,0
G,H,G,8903,100,8903,1,0
A,H,H,9956,100,9956,1,0
B,H,H,5692,100,5692,1,0
C,H,H,8904,100,8904,1,0
D,H,H,1470,100,1470,1,0
E,H,H,10114,100,10114,1,0
F,H,H,5446,100,5446,1,0
G,H,H,8860,100,8860,1,0
A,B,A,4783,100,4783,1,0
A,C,A,10575,100,10575,1,0
A,D,A,9524,100,9524,1,0
A,E,A,1358,100,1358,1,0
A,F,A,5078,100,5078,1,0
A,G,A,10646,100,10646,1,0
A,H,A,9926,100,9926,1,0
A,B,B,4786,100,4786,1,0
B,C,B,7007,100,7007,1,0
B,D,B,5257,100,5257,1,0
B,E,B,5154,100,5154,1,0
B,F,B,1357,100,1357,1,0
B,G,B,7087,100,7087,1,0
B,H,B,5742,100,5742,1,0
A,C,C,10639,100,10639,1,0
B,C,C,7063,100,7063,1,0
C,D,C,8726,100,8726,1,0
C,E,C,10794,100,10794,1,0
C,F,C,7159,100,7159,1,0
C,G,C,1371,100,1371,1,0
C,H,C,8950,100,8950,1,0
A,D,D,9543,100,9543,1,0
B,D,D,5291,100,5291,1,0
C,D,D,8784,100,8784,1,0
D,E,D,9926,100,9926,1,0
D,F,D,5393,100,5393,1,0
D,G,D,8895,100,8895,1,0
D,H,D,1456,100,1456,1,0
A,E,E,1423,100,1423,1,0
B,E,E,5202,100,5202,1,0
C,E,E,10814,100,10814,1,0
D,E,E,10015,100,10015,1,0
E,F,E,5107,100,5107,1,0
E,G,E,10655,100,10655,1,0
E,H,E,10162,100,10162,1,0
A,F,F,5095,100,5095,1,0
B,F,F,1365,100,1365,1,0
C,F,F,7199,100,7199,1,0
D,F,F,5347,100,5347,1,0
E,F,F,5097,100,5097,1,0
F,G,F,7003,100,7003,1,0
F,H,F,5463,100,5463,1,0
A,G,G,10643,100,10643,1,0
B,G,G,7108,100,7108,1,0
C,G,G,1371,100,1371,1,0
D,G,G,8905,100,8905,1,0
E,G,G,10645,100,10645,1,0
F,G,G,6995,100,6995,1,0
G,H,G,8866,100,8866,1,0
A,H,H,9963,100,9963,1,0
B,H,H,5742,100,5742,1,0
C,H,H,8950,100,8950,1,0
D,H,H,1484,100,1484,1,0
E,H,H,10167,100,10167,1,0
F,H,H,5420,100,5420,1,0
G,H,H,8877,100,8877,1,0
A,B,A,4773,100,4773,1,0
A,C,A,10649,100,10649,1,0
A,D,A,9516,100,9516,1,0
A,E,A,1420,100,1420,1,0
A,F,A,5020,100,5020,1,0
A,G,A,10645,100,10645,1,0
A,H,A,9919,100,9919,1,0
A,B,B,4762,100,4762,1,0
B,C,B,6981,100,6981,1,0
B,D,B,5336,100,5336,1,0
B,E,B,5190,100,5190,1,0
B,F,B,1362,100,1362,1,0
B,G,B,7085,100,7085,1,0
B,H,B,5785,100,5785,1,0
A,C,C,10650,100,10650,1,0
B,C,C,7033,100,7033,1,0
C,D,C,8738,100,8738,1,0
C,E,C,10822,100,10822,1,0
C,F,C,7200,100,7200,1,0
C,G,C,1345,100,1345,1,0
C,H,C,8931,100,8931,1,0
A,D,D,9571,100,9571,1,0
B,D,D,5289,100,5289,1,0
C,D,D,8735,100,8735,1,0
D,E,D,9930,100,9930,1,0
D,F,D,5390,100,5390,1,0
D,G,D,8922,100,8922,1,0
D,H,D,1537,100,1537,1,0
A,E,E,1390,100,1390,1,0
B,E,E,5196,100,5196,1,0
C,E,E,10835,100,10835,1,0
D,E,E,9897,100,9897,1,0
E,F,E,5111,100,5111,1,0
E,G,E,10610,100,10610,1,0
E,H,E,10155,100,10155,1,0
A,F,F,5045,100,5045,1,0
B,F,F,1363,100,1363,1,0
C,F,F,7203,100,7203,1,0
D,F,F,5375,100,5375,1,0
E,F,F,5078,100,5078,1,0
F,G,F,7007,100,7007,1,0
F,H,F,5438,100,5438,1,0
A,G,G,10637,100,10637,1,0
B,G,G,7120,100,7120,1,0
C,G,G,1319,100,1319,1,0
D,G,G,8908,100,8908,1,0
E,G,G,10633,100,10633,1,0
F,G,G,6966,100,6966,1,0
G,H,G,8849,100,8849,1,0
A,H,H,9945,100,9945,1,0
B,H,H,5708,100,5708,1,0
C,H,H,8952,100,8952,1,0
D,H,H,1438,100,1438,1,0
E,H,H,10158,100,10158,1,0
F,H,H,5407,100,5407,1,0
G,H,H,8893,100,8893,1,0
A,B,A,4756,100,4756,1,0
A,C,A,10649,100,10649,1,0
A,D,A,9510,100,9510,1,0
A,E,A,1422,100,1422,1,0
A,F,A,5040,100,5040,1,0
A,G,A,10579,100,10579,1,0
A,H,A,9984,100,9984,1,0
A,B,B,4756,100,4756,1,0
B,C,B,7015,100,7015,1,0
B,D,B,5291,100,5291,1,0
B,E,B,5168,100,5168,1,0
B,F,B,1396,100,1396,1,0
B,G,B,7056,100,7056,1,0
B,H,B,5778,100,5778,1,0
A,C,C,10648,100,10648,1,0
B,C,C,7016,100,7016,1,0
C,D,C,8722,100,8722,1,0
C,E,C,10830,100,10830,1,0
C,F,C,7190,100,7190,1,0
C,G,C,1369,100,1369,1,0
C,H,C,8888,100,8888,1,0
A,D,D,9513,100,9513,1,0
B,D,D,5334,100,5334,1,0
C,D,D,8710,100,8710,1,0
D,E,D,9945,100,9945,1,0
D,F,D,5354,100,5354,1,0
D,G,D,8869,100,8869,1,0
D,H,D,1471,100,1471,1,0
A,E,E,1394,100,1394,1,0
B,E,E,5163,100,5163,1,0
C,E,E,10878,100,10878,1,0
D,E,E,9957,100,9957,1,0
E,F,E,5106,100,5106,1,0
E,G,E,10641,100,10641,1,0
E,H,E,10126,100,10126,1,0
A,F,F,5062,100,5062,1,0
B,F,F,1381,100,1381,1,0
C,F,F,7161,100,7161,1,0
D,F,F,5334,100,5334,1,0
E,F,F,5110,100,5110,1,0
F,G,F,7015,100,7015,1,0
F,H,F,5470,100,5470,1,0
A,G,G,10580,100,10580,1,0
B,G,G,7103,100,7103,1,0
C,G,G,1386,100,1386,1,0
D,G,G,8908,100,8908,1,0
E,G,G,10655,100,10655,1,0
F,G,G,7005,100,7005,1,0
G,H,G,8916,100,8916,1,0
A,H,H,9899,100,9899,1,0
B,H,H,5686,100,5686,1,0
C,H,H,8972,100,8972,1,0
D,H,H,1470,100,1470,1,0
E,H,H,10141,100,10141,1,0
F,H,H,5468,100,5468,1,0
G,H,H,8880,100,8880,1,0
A,B,A,4781,100,4781,1,0
A,C,A,10625,100,10625,1,0
A,D,A,9536,100,9536,1,0
A,E,A,1448,100,1448,1,0
A,F,A,5060,100,5060,1,0
A,G,A,10669,100,10669,1,0
A,H,A,9966,100,9966,1,0
A,B,B,4710,100,4710,1,0
B,C,B,7012,100,7012,1,0
B,D,B,5275,100,5275,1,0
B,E,B,5199,100,5199,1,0
B,F,B,1331,100,1331,1,0
B,G,B,7059,100,7059,1,0
B,H,B,5736,100,5736,1,0
A,C,C,10609,100,10609,1,0
B,C,C,7024,100,7024,1,0
C,D,C,8752,100,8752,1,0
C,E,C,10829,100,10829,1,0
C,F,C,7175,100,7175,1,0
C,G,C,1381,100,1381,1,0
C,H,C,8909,100,8909,1,0
A,D,D,9516,100,9516,1,0
B,D,D,5267,100,5267,1,0
C,D,D,8742,100,8742,1,0
D,E,D,9914,100,9914,1,0
D,F,D,5365,100,5365,1,0
D,G,D,8886,100,8886,1,0
D,H,D,1484,100,1484,1,0
A,E,E,1464,100,1464,1,0
B,E,E,5186,100,5186,1,0
C,E,E,10838,100,10838,1,0
D,E,E,9905,100,9905,1,0
E,F,E,5130,100,5130,1,0
E,G,E,10631,100,10631,1,0
E,H,E,10167,100,10167,1,0
A,F,F,5050,100,5050,1,0
B,F,F,1374,100,1374,1,0
C,F,F,7189,100,7189,1,0
D,F,F,5377,100,5377,1,0
E,F,F,5067,100,5067,1,0
F,G,F,6999,100,6999,1,0
F,H,F,5468,100,5468,1,0
A,G,G,10596,100,10596,1,0
B,G,G,7098,100,7098,1,0
C,G,G,1352,100,1352,1,0
D,G,G,8881,100,8881,1,0
E,G,G,10616,100,10616,1,0
F,G,G,7007,100,7007,1,0
G,H,G,8885,100,8885,1,0
A,H,H,9921,100,9921,1,0
B,H,H,5723,100,5723,1,0
C,H,H,8917,100,8917,1,0
D,H,H,1456,100,1456,1,0
E,H,H,10155,100,10155,1,0
F,H,H,5458,100,5458,1,0
G,H,H,8887,100,8887,1,0
A,B,A,4773,100,4773,1,0
A,C,A,10682,100,10682,1,0
A,D,A,9507,100,9507,1,0
A,E,A,1377,100,1377,1,0
A,F,A,5045,100,5045,1,0
A,G,A,10576,100,10576,1,0
A,H,A,9961,100,9961,1,0
A,B,B,4771,100,4771,1,0
B,C,B,7033,100,7033,1,0
B,D,B,5313,100,5313,1,0
B,E,B,5172,100,5172,1,0
B,F,B,1358,100,1358,1,0
B,G,B,7098,100,7098,1,0
B,H,B,5756,100,5756,1,0
A,C,C,10639,100,10639,1,0
B,C,C,7021,100,7021,1,0
C,D,C,8746,100,8746,1,0
C,E,C,10826,100,10826,1,0
C,F,C,7188,100,7188,1,0
C,G,C,1386,100,1386,1,0
C,H,C,8969,100,8969,1,0
A,D,D,9514,100,9514,1,0
B,D,D,5320,100,5320,1,0
C,D,D,8764,100,8764,1,0
D,E,D,9888,100,9888,1,0
D,F,D,5395,100,5395,1,0
D,G,D,8867,100,8867,1,0
D,H,D,1481,100,1481,1,0
A,E,E,1388,100,1388,1,0
B,E,E,5209,100,5209,1,0
C,E,E,10817,100,10817,1,0
D,E,E,9907,100,9907,1,0
E,F,E,5118,100,5118,1,0
E,G,E,10672,100,10672,1,0
E,H,E,10117,100,10117,1,0
A,F,F,5081,100,5081,1,0
B,F,F,1366,100,1366,1,0
C,F,F,7195,100,7195,1,0
D,F,F,5358,100,5358,1,0
E,F,F,5110,100,5110,1,0
F,G,F,7010,100,7010,1,0
F,H,F,5446,100,5446,1,0
A,G,G,10632,100,10632,1,0
B,G,G,7076,100,7076,1,0
C,G,G,1376,100,1376,1,0
D,G,G,8892,100,8892,1,0
E,G,G,10616,100,10616,1,0
F,G,G,7032,100,7032,1,0
G,H,G,8884,100,8884,1,0
A,H,H,9995,100,9995,1,0
B,H,H,5759,100,5759,1,0
C,H,H,8927,100,8927,1,0
D,H,H,1487,100,1487,1,0
E,H,H,10134,100,10134,1,0
F,H,H,5460,100,5460,1,0
G,H,H,8856,100,8856,1,0
A,B,A,4794,100,4794,1,0
A,C,A,10604,100,10604,1,0
A,D,A,9534,100,9534,1,0
A,E,A,1404,100,1404,1,0
A,F,A,5107,100,5107,1,0
A,G,A,10586,100,10586,1,0
A,H,A,9939,100,9939,1,0
A,B,B,4744,100,4744,1,0
B,C,B,7006,100,7006,1,0
B,D,B,5324,100,5324,1,0
B,E,B,5211,100,5211,1,0
B,F,B,1361,100,1361,1,0
B,G,B,7088,100,7088,1,0
B,H,B,5736,100,5736,1,0
A,C,C,10666,100,10666,1,0
B,C,C,6990,100,6990,1,0
C,D,C,8753,100,8753,1,0
C,E,C,10836,100,10836,1,0
C,F,C,7159,100,7159,1,0
C,G,C,1403,100,1403,1,0
C,H,C,8928,100,8928,1,0
A,D,D,9569,100,9569,1,0
B,D,D,5288,100,5288,1,0
C,D,D,8711,100,8711,1,0
D,E,D,9915,100,9915,1,0
D,F,D,5389,100,5389,1,0
D,G,D,8895,100,8895,1,0
D,H,D,1477,100,1477,1,0
A,E,E,1369,100,1369,1,0
B,E,E,5171,100,5171,1,0
C,E,E,10817,100,10817,1,0
D,E,E,9931,100,9931,1,0
E,F,E,5107,100,5107,1,0
E,G,E,10609,100,10609,1,0
E,H,E,10139,100,10139,1,0
A,F,F,5066,100,5066,1,0
B,F,F,1340,100,1340,1,0
C,F,F,7186,100,7186,1,0
D,F,F,5341,100,5341,1,0
E,F,F,5101,100,5101,1,0
F,G,F,6981,100,6981,1,0
F,H,F,5447,100,5447,1,0
A,G,G,10662,100,10662,1,0
B,G,G,7049,100,7049,1,0
C,G,G,1356,100,1356,1,0
D,G,G,8873,100,8873,1,0
E,G,G,10636,100,10636,1,0
F,G,G,6987,100,6987,1,0
G,H,G,8866,100,8866,1,0
A,H,H,9939,100,9939,1,0
B,H,H,5771,100,5771,1,0
C,H,H,8913,100,8913,1,0
D,H,H,1464,100,1464,1,0
E,H,H,10156,100,10156,1,0
F,H,H,5490,100,5490,1,0
G,H,H,8875,100,8875,1,0
A,B,A,4785,100,4785,1,0
A,C,A,10610,100,10610,1,0
A,D,A,9532,100,9532,1,0
A,E,A,1400,100,1400,1,0
A,F,A,5071,100,5071,1,0
A,G,A,10638,100,10638,1,0
A,H,A,9948,100,9948,1,0
A,B,B,4735,100,4735,1,0
B,C,B,6997,100,6997,1,0
B,D,B,5237,100,5237,1,0
B,E,B,5147,100,5147,1,0
B,F,B,1336,100,1336,1,0
B,G,B,7064,100,7064,1,0
B,H,B,5756,100,5756,1,0
A,C,C,10618,100,10618,1,0
B,C,C,6999,100,6999,1,0
C,D,C,8706,100,8706,1,0
C,E,C,10821,100,10821,1,0
C,F,C,7186,100,7186,1,0
C,G,C,1377,100,1377,1,0
C,H,C,8919,100,8919,1,0
A,D,D,9519,100,9519,1,0
B,D,D,5307,100,5307,1,0
C,D,D,8777,100,8777,1,0
D,E,D,9927,100,9927,1,0
D,F,D,5381,100,5381,1,0
D,G,D,8902,100,8902,1,0
D,H,D,1459,100,1459,1,0
A,E,E,1386,100,1386,1,0
B,E,E,5206,100,5206,1,0
C,E,E,10817,100,10817,1,0
D,E,E,9885,100,9885,1,0
E,F,E,5062,100,5062,1,0
E,G,E,10645,100,10645,1,0
E,H,E,10168,100,10168,1,0
A,F,F,5043,100,5043,1,0
B,F,F,1332,100,1332,1,0
C,F,F,7175,100,7175,1,0
D,F,F,5333,100,5333,1,0
E,F,F,5097,100,5097,1,0
F,G,F,7000,100,7000,1,0
F,H,F,5438,100,5438,1,0
A,G,G,10634,100,10634,1,0
B,G,G,7053,100,7053,1,0
C,G,G,1383,100,1383,1,0
D,G,G,8881,100,8881,1,0
E,G,G,10632,100,10632,1,0
F,G,G,7015,100,7015,1,0
G,H,G,8873,100,8873,1,0
A,H,H,9968,100,9968,1,0
B,H,H,5749,100,5749,1,0
C,H,H,8950,100,8950,1,0
D,H,H,1515,100,1515,1,0
E,H,H,10132,100,10132,1,0
F,H,H,5472,100,5472,1,0
G,H,H,8833,100,8833,1,0
A,B,A,4804,100,4804,1,0
A,C,A,10693,100,10693,1,0
A,D,A,9505,100,9505,1,0
A,E,A,1422,100,1422,1,0
A,F,A,5082,100,5082,1,0
A,G,A,10657,100,10657,1,0
A,H,A,9961,100,9961,1,0
A,B,B,4778,100,4778,1,0
B,C,B,7007,100,7007,1,0
B,D,B,5248,100,5248,1,0
B,E,B,5204,100,5204,1,0
B,F,B,1342,100,1342,1,0
B,G,B,7083,100,7083,1,0
B,H,B,5729,100,5729,1,0
A,C,C,10626,100,10626,1,0
B,C,C,7033,100,7033,1,0
C,D,C,8766,100,8766,1,0
C,E,C,10806,100,10806,1,0
C,F,C,7205,100,7205,1,0
C,G,C,1364,100,1364,1,0
C,H,C,8991,100,8991,1,0
A,D,D,9509,100,9509,1,0
B,D,D,5323,100,5323,1,0
C,D,D,8737,100,8737,1,0
D,E,D,9957,100,9957,1,0
D,F,D,5355,100,5355,1,0
D,G,D,8901,100,8901,1,0
D,H,D,1469,100,1469,1,0
A,E,E,1401,100,1401,1,0
B,E,E,5150,100,5150,1,0
C,E,E,10814,100,10814,1,0
D,E,E,9967,100,9967,1,0
E,F,E,5105,100,5105,1,0
E,G,E,10627,100,10627,1,0
E,H,E,10141,100,10141,1,0
A,F,F,5036,100,5036,1,0
B,F,F,1335,100,1335,1,0
C,F,F,7173,100,7173,1,0
D,F,F,5327,100,5327,1,0
E,F,F,5096,100,5096,1,0
F,G,F,6978,100,6978,1,0
F,H,F,5454,100,5454,1,0
A,G,G,10576,100,10576,1,0
B,G,G,7051,100,7051,1,0
C,G,G,1360,100,1360,1,0
D,G,G,8888,100,8888,1,0
E,G,G,10639,100,10639,1,0
F,G,G,6985,100,6985,1,0
G,H,G,8860,100,8860,1,0
A,H,H,9930,100,9930,1,0
B,H,H,5710,100,5710,1,0
C,H,H,8923,100,8923,1,0
D,H,H,1488,100,1488,1,0
E,H,H,10106,100,10106,1,0
F,H,H,5524,100,5524,1,0
G,H,H,8879,100,8879,1,0
A,B,A,4726,100,4726,1,0
A,C,A,10604,100,10604,1,0
A,D,A,9538,100,9538,1,0
A,E,A,1420,100,1420,1,0
A,F,A,5072,100,5072,1,0
A,G,A,10662,100,10662,1,0
A,H,A,9950,100,9950,1,0
A,B,B,4746,100,4746,1,0
B,C,B,7048,100,7048,1,0
B,D,B,5278,100,5278,1,0
B,E,B,5170,100,5170,1,0
B,F,B,1368,100,1368,1,0
B,G,B,7067,100,7067,1,0
B,H,B,5774,100,5774,1,0
A,C,C,10603,100,10603,1,0
B,C,C,7036,100,7036,1,0
C,D,C,8719,100,8719,1,0
C,E,C,10836,100,10836,1,0
C,F,C,7192,100,7192,1,0
C,G,C,1392,100,1392,1,0
C,H,C,8927,100,8927,1,0
A,D,D,9541,100,9541,1,0
B,D,D,5290,100,5290,1,0
C,D,D,8706,100,8706,1,0
D,E,D,9892,100,9892,1,0
D,F,D,5376,100,5376,1,0
D,G,D,8919,100,8919,1,0
D,H,D,1495,100,1495,1,0
A,E,E,1427,100,1427,1,0
B,E,E,5212,100,5212,1,0
C,E,E,10805,100,10805,1,0
D,E,E,9948,100,9948,1,0
E,F,E,5101,100,5101,1,0
E,G,E,10629,100,10629,1,0
E,H,E,10154,100,10154,1,0
A,F,F,5051,100,5051,1,0
B,F,F,1414,100,1414,1,0
C,F,F,7212,100,7212,1,0
D,F,F,5373,100,5373,1,0
E,F,F,5089,100,5089,1,0
F,G,F,7011,100,7011,1,0
F,H,F,5403,100,5403,1,0
A,G,G,10615,100,10615,1,0
B,G,G,7076,100,7076,1,0
C,G,G,1361,100,1361,1,0
D,G,G,8915,100,8915,1,0
E,G,G,10635,100,10635,1,0
F,G,G,7014,100,7014,1,0
G,H,G,8846,100,8846,1,0
A,H,H,9910,100,9910,1,0
B,H,H,5730,100,5730,1,0
C,H,H,8963,100,8963,1,0
D,H,H,1463,100,1463,1,0
E,H,H,10186,100,10186,1,0
F,H,H,5453,100,5453,1,0
G,H,H,8901,100,8901,1,0
A,B,A,4781,100,4781,1,0
A,C,A,10662,100,10662,1,0
A,D,A,9527,100,9527,1,0
A,E,A,1465,100,1465,1,0
A,F,A,5087,100,5087,1,0
A,G,A,10591,100,10591,1,0
A,H,A,9951,100,9951,1,0
A,B,B,4754,100,4754,1,0
B,C,B,7064,100,7064,1,0
B,D,B,5226,100,5226,1,0
B,E,B,5152,100,5152,1,0
B,F,B,1384,100,1384,1,0
B,G,B,7060,100,7060,1,0
B,H,B,5695,100,5695,1,0
A,C,C,10658,100,10658,1,0
B,C,C,6965,100,6965,1,0
C,D,C,8748,100,8748,1,0
C,E,C,10800,100,10800,1,0
C,F,C,7201,100,7201,1,0
C,G,C,1375,100,1375,1,0
C,H,C,8935,100,8935,1,0
A,D,D,9497,100,9497,1,0
B,D,D,5305,100,5305,1,0
C,D,D,8727,100,8727,1,0
D,E,D,9924,100,9924,1,0
D,F,D,5371,100,5371,1,0
D,G,D,8858,100,8858,1,0
D,H,D,1529,100,1529,1,0
A,E,E,1420,100,1420,1,0
B,E,E,5140,100,5140,1,0
C,E,E,10838,100,10838,1,0
D,E,E,9938,100,9938,1,0
E,F,E,5060,100,5060,1,0
E,G,E,10654,100,10654,1,0
E,H,E,10157,100,10157,1,0
A,F,F,5111,100,5111,1,0
B,F,F,1338,100,1338,1,0
C,F,F,7177,100,7177,1,0
D,F,F,5372,100,5372,1,0
E,F,F,5097,100,5097,1,0
F,G,F,7014,100,7014,1,0
F,H,F,5491,100,5491,1,0
A,G,G,10670,100,10670,1,0
B,G,G,7103,100,7103,1,0
C,G,G,1359,100,1359,1,0
D,G,G,8941,100,8941,1,0
E,G,G,10649,100,10649,1,0
F,G,G,6987,100,6987,1,0
G,H,G,8875,100,8875,1,0
A,H,H,9950,100,9950,1,0
B,H,H,5766,100,5766,1,0
C,H,H,8941,100,8941,1,0
D,H,H,1498,100,1498,1,0
E,H,H,10132,100,10132,1,0
F,H,H,5420,100,5420,1,0
G,H,H,8819,100,8819,1,0
A,B,A,4760,100,4760,1,0
A,C,A,10626,100,10626,1,0
A,D,A,9543,100,9543,1,0
A,E,A,1402,100,1402,1,0
A,F,A,5035,100,5035,1,0
A,G,A,10636,100,10636,1,0
A,H,A,9946,100,9946,1,0
A,B,B,4792,100,4792,1,0
B,C,B,7020,100,7020,1,0
B,D,B,5326,100,5326,1,0
B,E,B,5252,100,5252,1,0
B,F,B,1380,100,1380,1,0
B,G,B,7065,100,7065,1,0
B,H,B,5736,100,5736,1,0
A,C,C,10618,100,10618,1,0
B,C,C,7032,100,7032,1,0
C,D,C,8717,100,8717,1,0
C,E,C,10759,100,10759,1,0
C,F,C,7197,100,7197,1,0
C,G,C,1381,100,1381,1,0
C,H,C,8933,100,8933,1,0
A,D,D,9558,100,9558,1,0
B,D,D,5313,100,5313,1,0
C,D,D,8746,100,8746,1,0
D,E,D,9932,100,9932,1,0
D,F,D,5371,100,5371,1,0
D,G,D,8877,100,8877,1,0
D,H,D,1488,100,1488,1,0
A,E,E,1384,100,1384,1,0
B,E,E,5199,100,5199,1,0
C,E,E,10808,100,10808,1,0
D,E,E,9917,100,9917,1,0
E,F,E,5090,100,5090,1,0
E,G,E,10617,100,10617,1,0
E,H,E,10195,100,10195,1,0
A,F,F,5073,100,5073,1,0
B,F,F,1337,100,1337,1,0
C,F,F,7192,100,7192,1,0
D,F,F,5356,100,5356,1,0
E,F,F,5123,100,5123,1,0
F,G,F,7003,100,7003,1,0
F,H,F,5488,100,5488,1,0
A,G,G,10607,100,10607,1,0
B,G,G,7045,100,7045,1,0
C,G,G,1348,100,1348,1,0
D,G,G,8884,100,8884,1,0
E,G,G,10637,100,10637,1,0
F,G,G,6980,100,6980,1,0
G,H,G,8833,100,8833,1,0
A,H,H,9948,100,9948,1,0
B,H,H,5783,100,5783,1,0
C,H,H,8912,100,8912,1,0
D,H,H,1482,100,1482,1,0
E,H,H,10127,100,10127,1,0
F,H,H,5480,100,5480,1,0
G,H,H,8864,100,8864,1,0
A,B,A,4784,100,4784,1,0
A,C,A,10652,100,10652,1,0
A,D,A,9537,100,9537,1,0
A,E,A,1472,100,1472,1,0
A,F,A,5055,100,5055,1,0
A,G,A,10623,100,10623,1,0
A,H,A,9967,100,9967,1,0
A,B,B,4774,100,4774,1,0
B,C,B,6997,100,6997,1,0
B,D,B,5285,100,5285,1,0
B,E,B,5189,100,5189,1,0
B,F,B,1360,100,1360,1,0
B,G,B,7059,100,7059,1,0
B,H,B,5789,100,5789,1,0
A,C,C,10660,100,10660,1,0
B,C,C,7004,100,7004,1,0
C,D,C,8730,100,8730,1,0
C,E,C,10824,100,10824,1,0
C,F,C,7183,100,7183,1,0
C,G,C,1371,100,1371,1,0
C,H,C,8909,100,8909,1,0
A,D,D,9504,100,9504,1,0
B,D,D,5306,100,5306,1,0
C,D,D,8725,100,8725,1,0
D,E,D,9907,100,9907,1,0
D,F,D,5396,100,5396,1,0
D,G,D,8894,100,8894,1,0
D,H,D,1540,100,1540,1,0
A,E,E,1399,100,1399,1,0
B,E,E,5182,100,5182,1,0
C,E,E,10806,100,10806,1,0
D,E,E,9944,100,9944,1,0
E,F,E,5077,100,5077,1,0
E,G,E,10657,100,10657,1,0
E,H,E,10123,100,10123,1,0
A,F,F,5056,100,5056,1,0
B,F,F,1352,100,1352,1,0
C,F,F,7188,100,7188,1,0
D,F,F,5352,100,5352,1,0
E,F,F,5110,100,5110,1,0
F,G,F,7015,100,7015,1,0
F,H,F,5415,100,5415,1,0
A,G,G,10647,100,10647,1,0
B,G,G,7100,100,7100,1,0
C,G,G,1368,100,1368,1,0
D,G,G,8883,100,8883,1,0
E,G,G,10646,100,10646,1,0
F,G,G,6975,100,6975,1,0
G,H,G,8841,100,8841,1,0
A,H,H,9979,100,9979,1,0
B,H,H,5724,100,5724,1,0
C,H,H,8957,100,8957,1,0
D,H,H,1461,100,1461,1,0
E,H,H,10139,100,10139,1,0
F,H,H,5518,100,5518,1,0
G,H,H,8857,100,8857,1,0
A,B,A,4715,100,4715,1,0
A,C,A,10640,100,10640,1,0
A,D,A,9524,100,9524,1,0
A,E,A,1382,100,1382,1,0
A,F,A,5023,100,5023,1,0
A,G,A,10632,100,10632,1,0
A,H,A,9962,100,9962,1,0
A,B,B,4771,100,4771,1,0
B,C,B,6995,100,6995,1,0
B,D,B,5320,100,5320,1,0
B,E,B,5145,100,5145,1,0
B,F,B,1375,100,1375,1,0
B,G,B,7061,100,7061,1,0
B,H,B,5713,100,5713,1,0
A,C,C,10640,100,10640,1,0
B,C,C,7010,100,7010,1,0
C,D,C,8768,100,8768,1,0
C,E,C,10866,100,10866,1,0
C,F,C,7158,100,7158,1,0
C,G,C,1342,100,1342,1,0
C,H,C,8931,100,8931,1,0
A,D,D,9545,100,9545,1,0
B,D,D,5273,100,5273,1,0
C,D,D,8752,100,8752,1,0
D,E,D,9892,100,9892,1,0
D,F,D,5408,100,5408,1,0
D,G,D,8887,100,8887,1,0
D,H,D,1501,100,1501,1,0
A,E,E,1440,100,1440,1,0
B,E,E,5220,100,5220,1,0
C,E,E,10793,100,10793,1,0
D,E,E,9906,100,9906,1,0
E,F,E,5102,100,5102,1,0
E,G,E,10651,100,10651,1,0
E,H,E,10144,100,10144,1,0
A,F,F,5070,100,5070,1,0
B,F,F,1337,100,1337,1,0
C,F,F,7192,100,7192,1,0
D,F,F,5354,100,5354,1,0
E,F,F,5081,100,5081,1,0
F,G,F,6999,100,6999,1,0
F,H,F,5473,100,5473,1,0
A,G,G,10588,100,10588,1,0
B,G,G,7078,100,7078,1,0
C,G,G,1401,100,1401,1,0
D,G,G,8872,100,8872,1,0
E,G,G,10630,100,10630,1,0
F,G,G,6986,100,6986,1,0
G,H,G,8897,100,8897,1,0
A,H,H,9942,100,9942,1,0
B,H,H,5752,100,5752,1,0
C,H,H,8944,100,8944,1,0
D,H,H,1464,100,1464,1,0
E,H,H,10159,100,10159,1,0
F,H,H,5474,100,5474,1,0
G,H,H,8890,100,8890,1,0
A,B,A,4800,100,4800,1,0
A,C,A,10610,100,10610,1,0
A,D,A,9516,100,9516,1,0
A,E,A,1389,100,1389,1,0
A,F,A,5025,100,5025,1,0
A,G,A,10588,100,10588,1,0
A,H,A,9960,100,9960,1,0
A,B,B,4792,100,4792,1,0
B,C,B,7004,100,7004,1,0
B,D,B,5306,100,5306,1,0
B,E,B,5181,100,5181,1,0
B,F,B,1337,100,1337,1,0
B,G,B,7058,100,7058,1,0
B,H,B,5684,100,5684,1,0
A,C,C,10661,100,10661,1,0
B,C,C,6994,100,6994,1,0
C,D,C,8746,100,8746,1,0
C,E,C,10852,100,10852,1,0
C,F,C,7193,100,7193,1,0
C,G,C,1376,100,1376,1,0
C,H,C,8950,100,8950,1,0
A,D,D,9503,100,9503,1,0
B,D,D,5299,100,5299,1,0
C,D,D,8751,100,8751,1,0
D,E,D,9892,100,9892,1,0
D,F,D,5386,100,5386,1,0
D,G,D,8905,100,8905,1,0
D,H,D,1486,100,1486,1,0
A,E,E,1454,100,1454,1,0
B,E,E,5204,100,5204,1,0
C,E,E,10821,100,10821,1,0
D,E,E,9977,100,9977,1,0
E,F,E,5082,100,5082,1,0
E,G,E,10637,100,10637,1,0
E,H,E,10155,100,10155,1,0
A,F,F,5070,100,5070,1,0
B,F,F,1356,100,1356,1,0
C,F,F,7204,100,7204,1,0
D,F,F,5359,100,5359,1,0
E,F,F,5170,100,5170,1,0
F,G,F,6994,100,6994,1,0
F,H,F,5429,100,5429,1,0
A,G,G,10633,100,10633,1,0
B,G,G,7083,100,7083,1,0
C,G,G,1409,100,1409,1,0
D,G,G,8883,100,8883,1,0
E,G,G,10621,100,10621,1,0
F,G,G,7000,100,7000,1,0
G,H,G,8854,100,8854,1,0
A,H,H,9904,100,9904,1,0
B,H,H,5814,100,5814,1,0
C,H,H,8920,100,8920,1,0
D,H,H,1543,100,1543,1,0
E,H,H,10170,100,10170,1,0
F,H,H,5483,100,5483,1,0
G,H,H,8875,100,8875,1,0
A,B,A,4766,100,4766,1,0
A,C,A,10633,100,10633,1,0
A,D,A,9524,100,9524,1,0
A,E,A,1388,100,1388,1,0
A,F,A,5027,100,5027,1,0
A,G,A,10621,100,10621,1,0
A,H,A,9931,100,9931,1,0
A,B,B,4760,100,4760,1,0
B,C,B,7011,100,7011,1,0
B,D,B,5316,100,5316,1,0
B,E,B,5200,100,5200,1,0
B,F,B,1367,100,1367,1,0
B,G,B,7087,100,7087,1,0
B,H,B,5739,100,5739,1,0
A,C,C,10612,100,10612,1,0
B,C,C,7021,100,7021,1,0
C,D,C,8708,100,8708,1,0
C,E,C,10795,100,10795,1,0
C,F,C,7199,100,7199,1,0
C,G,C,1345,100,1345,1,0
C,H,C,8930,100,8930,1,0
A,D,D,9530,100,9530,1,0
B,D,D,5314,100,5314,1,0
C,D,D,8778,100,8778,1,0
D,E,D,9886,100,9886,1,0
D,F,D,5386,100,5386,1,0
D,G,D,8893,100,8893,1,0
D,H,D,1480,100,1480,1,0
A,E,E,1405,100,1405,1,0
B,E,E,5165,100,5165,1,0
C,E,E,10792,100,10792,1,0
D,E,E,9865,100,9865,1,0
E,F,E,5092,100,5092,1,0
E,G,E,10631,100,10631,1,0
E,H,E,10149,100,10149,1,0
A,F,F,5068,100,5068,1,0
B,F,F,1366,100,1366,1,0
C,F,F,7194,100,7194,1,0
D,F,F,5387,100,5387,1,0
E,F,F,5104,100,5104,1,0
F,G,F,7010,100,7010,1,0
F,H,F,5451,100,5451,1,0
A,G,G,10614,100,10614,1,0
B,G,G,7057,100,7057,1,0
C,G,G,1384,100,1384,1,0
D,G,G,8869,100,8869,1,0
E,G,G,10640,100,10640,1,0
F,G,G,6995,100,6995,1,0
G,H,G,8896,100,8896,1,0
A,H,H,9913,100,9913,1,0
B,H,H,5720,100,5720,1,0
C,H,H,8927,100,8927,1,0
D,H,H,1535,100,1535,1,0
E,H,H,10176,100,10176,1,0
F,H,H,5502,100,5502,1,0
G,H,H,8887,100,8887,1,0
A,B,A,4804,100,4804,1,0
A,C,A,10589,100,10589,1,0
A,D,A,9548,100,9548,1,0
A,E,A,1405,100,1405,1,0
A,F,A,5074,100,5074,1,0
A,G,A,10597,100,10597,1,0
A,H,A,9922,100,9922,1,0
A,B,B,4759,100,4759,1,0
B,C,B,7029,100,7029,1,0
B,D,B,5285,100,5285,1,0
B,E,B,5164,100,5164,1,0
B,F,B,1368,100,1368,1,0
B,G,B,7099,100,7099,1,0
B,H,B,5772,100,5772,1,0
A,C,C,10610,100,10610,1,0
B,C,C,7012,100,7012,1,0
C,D,C,8737,100,8737,1,0
C,E,C,10781,100,10781,1,0
C,F,C,7182,100,7182,1,0
C,G,C,1363,100,1363,1,0
C,H,C,8944,100,8944,1,0
A,D,D,9528,100,9528,1,0
B,D,D,5305,100,5305,1,0
C,D,D,8774,100,8774,1,0
D,E,D,9935,100,9935,1,0
D,F,D,5348,100,5348,1,0
D,G,D,8924,100,8924,1,0
D,H,D,1515,100,1515,1,0
A,E,E,1396,100,1396,1,0
B,E,E,5170,100,5170,1,0
C,E,E,10834,100,10834,1,0
D,E,E,9953,100,9953,1,0
E,F,E,5103,100,5103,1,0
E,G,E,10660,100,10660,1,0
E,H,E,10131,100,10131,1,0
A,F,F,5018,100,5018,1,0
B,F,F,1328,100,1328,1,0
C,F,F,7191,100,7191,1,0
D,F,F,5364,100,5364,1,0
E,F,F,5144,100,5144,1,0
F,G,F,6982,100,6982,1,0
F,H,F,5458,100,5458,1,0
A,G,G,10599,100,10599,1,0
B,G,G,7093,100,7093,1,0
C,G,G,1380,100,1380,1,0
D,G,G,8872,100,8872,1,0
E,G,G,10650,100,10650,1,0
F,G,G,7010,100,7010,1,0
G,H,G,8895,100,8895,1,0
A,H,H,9935,100,9935,1,0
B,H,H,5767,100,5767,1,0
C,H,H,8905,100,8905,1,0
D,H,H,1460,100,1460,1,0
E,H,H,10157,100,10157,1,0
F,H,H,5443,100,5443,1,0
G,H,H,8849,100,8849,1,0
A,B,A,4771,100,4771,1,0
A,C,A,10618,100,10618,1,0
A,D,A,9535,100,9535,1,0
A,E,A,1384,100,1384,1,0
A,F,A,5120,100,5120,1,0
A,G,A,10646,100,10646,1,0
A,H,A,9955,100,9955,1,0
A,B,B,4779,100,4779,1,0
B,C,B,7016,100,7016,1,0
B,D,B,5323,100,5323,1,0
B,E,B,5173,100,5173,1,0
B,F,B,1365,100,1365,1,0
B,G,B,7098,100,7098,1,0
B,H,B,5689,100,5689,1,0
A,C,C,10631,100,10631,1,0
B,C,C,7009,100,7009,1,0
C,D,C,8729,100,8729,1,0
C,E,C,10768,100,10768,1,0
C,F,C,7200,100,7200,1,0
C,G,C,1396,100,1396,1,0
C,H,C,8888,100,8888,1,0
A,D,D,9557,100,9557,1,0
B,D,D,5308,100,5308,1,0
C,D,D,8744,100,8744,1,0
D,E,D,9897,100,9897,1,0
D,F,D,5366,100,5366,1,0
D,G,D,8912,100,8912,1,0
D,H,D,1440,100,1440,1,0
A,E,E,1414,100,1414,1,0
B,E,E,5215,100,5215,1,0
C,E,E,10815,100,10815,1,0
D,E,E,9871,100,9871,1,0
E,F,E,5086,100,5086,1,0
E,G,E,10629,100,10629,1,0
E,H,E,10117,100,10117,1,0
A,F,F,5065,100,5065,1,0
B,F,F,1340,100,1340,1,0
C,F,F,7195,100,7195,1,0
D,F,F,5397,100,5397,1,0
E,F,F,5131,100,5131,1,0
F,G,F,6980,100,6980,1,0
F,H,F,5408,100,5408,1,0
A,G,G,10581,100,10581,1,0
B,G,G,7043,100,7043,1,0
C,G,G,1343,100,1343,1,0
D,G,G,8930,100,8930,1,0
E,G,G,10622,100,10622,1,0
F,G,G,7006,100,7006,1,0
G,H,G,8896,100,8896,1,0
A,H,H,9948,100,9948,1,0
B,H,H,5731,100,5731,1,0
C,H,H,8931,100,8931,1,0
D,H,H,1447,100,1447,1,0
E,H,H,10166,100,10166,1,0
F,H,H,5473,100,5473,1,0
G,H,H,8894,100,8894,1,0
A,B,A,4751,100,4751,1,0
A,C,A,10646,100,10646,1,0
A,D,A,9518,100,9518,1,0
A,E,A,1440,100,1440,1,0
A,F,A,5059,100,5059,1,0
A,G,A,10650,100,10650,1,0
A,H,A,9916,100,9916,1,0
A,B,B,4824,100,4824,1,0
B,C,B,7007,100,7007,1,0
B,D,B,5316,100,5316,1,0
B,E,B,5193,100,5193,1,0
B,F,B,1352,100,1352,1,0
B,G,B,7077,100,7077,1,0
B,H,B,5716,100,5716,1,0
A,C,C,10645,100,10645,1,0
B,C,C,7020,100,7020,1,0
C,D,C,8748,100,8748,1,0
C,E,C,10796,100,10796,1,0
C,F,C,7184,100,7184,1,0
C,G,C,1399,100,1399,1,0
C,H,C,8943,100,8943,1,0
A,D,D,9509,100,9509,1,0
B,D,D,5270,100,5270,1,0
C,D,D,8722,100,8722,1,0
D,E,D,9968,100,9968,1,0
D,F,D,5361,100,5361,1,0
D,G,D,8906,100,8906,1,0
D,H,D,1530,100,1530,1,0
A,E,E,1358,100,1358,1,0
B,E,E,5172,100,5172,1,0
C,E,E,10810,100,10810,1,0
D,E,E,9891,100,9891,1,0
E,F,E,5077,100,5077,1,0
E,G,E,10619,100,10619,1,0
E,H,E,10163,100,10163,1,0
A,F,F,5064,100,5064,1,0
B,F,F,1333,100,1333,1,0
C,F,F,7182,100,7182,1,0
D,F,F,5371,100,5371,1,0
E,F,F,5124,100,5124,1,0
F,G,F,7010,100,7010,1,0
F,H,F,5460,100,5460,1,0
A,G,G,10621,100,10621,1,0
B,G,G,7121,100,7121,1,0
C,G,G,1374,100,1374,1,0
D,G,G,8888,100,8888,1,0
E,G,G,10642,100,10642,1,0
F,G,G,7000,100,7000,1,0
G,H,G,8884,100,8884,1,0
A,H,H,9983,100,9983,1,0
B,H,H,5753,100,5753,1,0
C,H,H,8959,100,8959,1,0
D,H,H,1546,100,1546,1,0
E,H,H,10131,100,10131,1,0
F,H,H,5460,100,5460,1,0
G,H,H,8856,100,8856,1,0
A,B,A,4799,100,4799,1,0
A,C,A,10613,100,10613,1,0
A,D,A,9548,100,9548,1,0
A,E,A,1421,100,1421,1,0
A,F,A,5064,100,5064,1,0
A,G,A,10572,100,10572,1,0
A,H,A,9905,100,9905,1,0
A,B,B,4754,100,4754,1,0
B,C,B,7057,100,7057,1,0
B,D,B,5297,100,5297,1,0
B,E,B,5177,100,5177,1,0
B,F,B,1330,100,1330,1,0
B,G,B,7094,100,7094,1,0
B,H,B,5785,100,5785,1,0
A,C,C,10652,100,10652,1,0
B,C,C,7021,100,7021,1,0
C,D,C,8731,100,8731,1,0
C,E,C,10828,100,10828,1,0
C,F,C,7168,100,7168,1,0
C,G,C,1396,100,1396,1,0
C,H,C,8957,100,8957,1,0
A,D,D,9564,100,9564,1,0
B,D,D,5299,100,5299,1,0
C,D,D,8716,100,8716,1,0
D,E,D,9950,100,9950,1,0
D,F,D,5371,100,5371,1,0
D,G,D,8904,100,8904,1,0
D,H,D,1451,100,1451,1,0
A,E,E,1375,100,1375,1,0
B,E,E,5183,100,5183,1,0
C,E,E,10830,100,10830,1,0
D,E,E,9883,100,9883,1,0
E,F,E,5116,100,5116,1,0
E,G,E,10643,100,10643,1,0
E,H,E,10108,100,10108,1,0
A,F,F,5065,100,5065,1,0
B,F,F,1310,100,1310,1,0
C,F,F,7183,100,7183,1,0
D,F,F,5357,100,5357,1,0
E,F,F,5108,100,5108,1,0
F,G,F,7001,100,7001,1,0
F,H,F,5454,100,5454,1,0
A,G,G,10625,100,10625,1,0
B,G,G,7103,100,7103,1,0
C,G,G,1369,100,1369,1,0
D,G,G,8892,100,8892,1,0
E,G,G,10640,100,10640,1,0
F,G,G,7014,100,7014,1,0
G,H,G,8858,100,8858,1,0
A,H,H,9936,100,9936,1,0
B,H,H,5762,100,5762,1,0
C,H,H,8944,100,8944,1,0
D,H,H,1524,100,1524,1,0
E,H,H,10156,100,10156,1,0
F,H,H,5506,100,5506,1,0
G,H,H,8848,100,8848,1,0
A,B,A,4743,100,4743,1,0
A,C,A,10649,100,10649,1,0
A,D,A,9515,100,9515,1,0
A,E,A,1436,100,1436,1,0
A,F,A,5066,100,5066,1,0
A,G,A,10636,100,10636,1,0
A,H,A,9937,100,9937,1,0
A,B,B,4769,100,4769,1,0
B,C,B,6992,100,6992,1,0
B,D,B,5259,100,5259,1,0
B,E,B,5187,100,5187,1,0
B,F,B,1376,100,1376,1,0
B,G,B,7063,100,7063,1,0
B,H,B,5780,100,5780,1,0
A,C,C,10675,100,10675,1,0
B,C,C,7030,100,7030,1,0
C,D,C,8754,100,8754,1,0
C,E,C,10832,100,10832,1,0
C,F,C,7194,100,7194,1,0
C,G,C,1412,100,1412,1,0
C,H,C,8937,100,8937,1,0
A,D,D,9499,100,9499,1,0
B,D,D,5310,100,5310,1,0
C,D,D,8722,100,8722,1,0
D,E,D,9928,100,9928,1,0
D,F,D,5363,100,5363,1,0
D,G,D,8869,100,8869,1,0
D,H,D,1505,100,1505,1,0
A,E,E,1404,100,1404,1,0
B,E,E,5199,100,5199,1,0
C,E,E,10868,100,10868,1,0
D,E,E,9896,100,9896,1,0
E,F,E,5090,100,5090,1,0
E,G,E,10645,100,10645,1,0
E,H,E,10144,100,10144,1,0
A,F,F,5089,100,5089,1,0
B,F,F,1367,100,1367,1,0
C,F,F,7177,100,7177,1,0
D,F,F,5370,100,5370,1,0
E,F,F,5099,100,5099,1,0
F,G,F,7020,100,7020,1,0
F,H,F,5440,100,5440,1,0
A,G,G,10674,100,10674,1,0
B,G,G,7083,100,7083,1,0
C,G,G,1420,100,1420,1,0
D,G,G,8874,100,8874,1,0
E,G,G,10649,100,10649,1,0
F,G,G,6993,100,6993,1,0
G,H,G,8881,100,8881,1,0
A,H,H,9913,100,9913,1,0
B,H,H,5753,100,5753,1,0
C,H,H,8964,100,8964,1,0
D,H,H,1445,100,1445,1,0
E,H,H,10178,100,10178,1,0
F,H,H,5435,100,5435,1,0
G,H,H,8866,100,8866,1,0
A,B,A,4794,100,4794,1,0
A,C,A,10648,100,10648,1,0
A,D,A,9515,100,9515,1,0
A,E,A,1412,100,1412,1,0
A,F,A,5036,100,5036,1,0
A,G,A,10644,100,10644,1,0
A,H,A,9921,100,9921,1,0
A,B,B,4806,100,4806,1,0
B,C,B,6994,100,6994,1,0
B,D,B,5320,100,5320,1,0
B,E,B,5192,100,5192,1,0
B,F,B,1392,100,1392,1,0
B,G,B,7080,100,7080,1,0
B,H,B,5758,100,5758,1,0
A,C,C,10695,100,10695,1,0
B,C,C,6998,100,6998,1,0
C,D,C,8753,100,8753,1,0
C,E,C,10778,100,10778,1,0
C,F,C,7197,100,7197,1,0
C,G,C,1384,100,1384,1,0
C,H,C,8956,100,8956,1,0
A,D,D,9541,100,9541,1,0
B,D,D,5278,100,5278,1,0
C,D,D,8708,100,8708,1,0
D,E,D,9900,100,9900,1,0
D,F,D,5388,100,5388,1,0
D,G,D,8878,100,8878,1,0
D,H,D,1457,100,1457,1,0
A,E,E,1428,100,1428,1,0
B,E,E,5196,100,5196,1,0
C,E,E,10807,100,10807,1,0
D,E,E,9903,100,9903,1,0
E,F,E,5109,100,5109,1,0
E,G,E,10647,100,10647,1,0
E,H,E,10119,100,10119,1,0
A,F,F,5100,100,5100,1,0
B,F,F,1390,100,1390,1,0
C,F,F,7195,100,7195,1,0
D,F,F,5347,100,5347,1,0
E,F,F,5104,100,5104,1,0
F,G,F,7014,100,7014,1,0
F,H,F,5432,100,5432,1,0
A,G,G,10600,100,10600,1,0
B,G,G,7120,100,7120,1,0
C,G,G,1335,100,1335,1,0
D,G,G,8925,100,8925,1,0
E,G,G,10647,100,10647,1,0
F,G,G,6995,100,6995,1,0
G,H,G,8851,100,8851,1,0
A,H,H,9974,100,9974,1,0
B,H,H,5765,100,5765,1,0
C,H,H,8955,100,8955,1,0
D,H,H,1494,100,1494,1,0
E,H,H,10136,100,10136,1,0
F,H,H,5474,100,5474,1,0
G,H,H,8878,100,8878,1,0
A,B,A,4824,100,4824,1,0
A,C,A,10706,100,10706,1,0
A,D,A,9547,100,9547,1,0
A,E,A,1381,100,1381,1,0
A,F,A,5016,100,5016,1,0
A,G,A,10651,100,10651,1,0
A,H,A,9907,100,9907,1,0
A,B,B,4760,100,4760,1,0
B,C,B,7023,100,7023,1,0
B,D,B,5345,100,5345,1,0
B,E,B,5201,100,5201,1,0
B,F,B,1379,100,1379,1,0
B,G,B,7081,100,7081,1,0
B,H,B,5768,100,5768,1,0
A,C,C,10627,100,10627,1,0
B,C,C,6990,100,6990,1,0
C,D,C,8758,100,8758,1,0
C,E,C,10840,100,10840,1,0
C,F,C,7171,100,7171,1,0
C,G,C,1372,100,1372,1,0
C,H,C,8917,100,8917,1,0
A,D,D,9529,100,9529,1,0
B,D,D,5295,100,5295,1,0
C,D,D,8726,100,8726,1,0
D,E,D,9915,100,9915,1,0
D,F,D,5354,100,5354,1,0
D,G,D,8929,100,8929,1,0
D,H,D,1491,100,1491,1,0
A,E,E,1421,100,1421,1,0
B,E,E,5195,100,5195,1,0
C,E,E,10813,100,10813,1,0
D,E,E,9864,100,9864,1,0
E,F,E,5091,100,5091,1,0
E,G,E,10629,100,10629,1,0
E,H,E,10138,100,10138,1,0
A,F,F,5035,100,5035,1,0
B,F,F,1365,100,1365,1,0
C,F,F,7180,100,7180,1,0
D,F,F,5373,100,5373,1,0
E,F,F,5100,100,5100,1,0
F,G,F,6973,100,6973,1,0
F,H,F,5404,100,5404,1,0
A,G,G,10634,100,10634,1,0
B,G,G,7063,100,7063,1,0
C,G,G,1394,100,1394,1,0
D,G,G,8876,100,8876,1,0
E,G,G,10622,100,10622,1,0
F,G,G,7030,100,7030,1,0
G,H,G,8830,100,8830,1,0
A,H,H,9900,100,9900,1,0
B,H,H,5751,100,5751,1,0
C,H,H,8907,100,8907,1,0
D,H,H,1514,100,1514,1,0
E,H,H,10116,100,10116,1,0
F,H,H,5457,100,5457,1,0
G,H,H,8847,100,8847,1,0
A,B,A,4736,100,4736,1,0
A,C,A,10575,100,10575,1,0
A,D,A,9518,100,9518,1,0
A,E,A,1447,100,1447,1,0
A,F,A,5056,100,5056,1,0
A,G,A,10611,100,10611,1,0
A,H,A,9954,100,9954,1,0
A,B,B,4748,100,4748,1,0
B,C,B,7018,100,7018,1,0
B,D,B,5322,100,5322,1,0
B,E,B,5180,100,5180,1,0
B,F,B,1363,100,1363,1,0
B,G,B,7065,100,7065,1,0
B,H,B,5747,100,5747,1,0
A,C,C,10653,100,10653,1,0
B,C,C,7023,100,7023,1,0
C,D,C,8777,100,8777,1,0
C,E,C,10796,100,10796,1,0
C,F,C,7175,100,7175,1,0
C,G,C,1361,100,1361,1,0
C,H,C,8954,100,8954,1,0
A,D,D,9500,100,9500,1,0
B,D,D,5319,100,5319,1,0
C,D,D,8768,100,8768,1,0
D,E,D,9931,100,9931,1,0
D,F,D,5343,100,5343,1,0
D,G,D,8843,100,8843,1,0
D,H,D,1479,100,1479,1,0
A,E,E,1479,100,1479,1,0
B,E,E,5205,100,5205,1,0
C,E,E,10877,100,10877,1,0
D,E,E,9942,100,9942,1,0
E,F,E,5120,100,5120,1,0
E,G,E,10624,100,10624,1,0
E,H,E,10109,100,10109,1,0
A,F,F,5046,100,5046,1,0
B,F,F,1329,100,1329,1,0
C,F,F,7178,100,7178,1,0
D,F,F,5370,100,5370,1,0
E,F,F,5126,100,5126,1,0
F,G,F,6977,100,6977,1,0
F,H,F,5464,100,5464,1,0
A,G,G,10631,100,10631,1,0
B,G,G,7081,100,7081,1,0
C,G,G,1377,100,1377,1,0
D,G,G,8909,100,8909,1,0
E,G,G,10614,100,10614,1,0
F,G,G,7009,100,7009,1,0
G,H,G,8843,100,8843,1,0
A,H,H,9907,100,9907,1,0
B,H,H,5760,100,5760,1,0
C,H,H,8972,100,8972,1,0
D,H,H,1498,100,1498,1,0
E,H,H,10138,100,10138,1,0
F,H,H,5468,100,5468,1,0
G,H,H,8858,100,8858,1,0
A,B,A,4779,100,4779,1,0
A,C,A,10599,100,10599,1,0
A,D,A,9514,100,9514,1,0
A,E,A,1391,100,1391,1,0
A,F,A,5052,100,5052,1,0
A,G,A,10638,100,10638,1,0
A,H,A,9960,100,9960,1,0
A,B,B,4754,100,4754,1,0
B,C,B,6993,100,6993,1,0
B,D,B,5338,100,5338,1,0
B,E,B,5159,100,5159,1,0
B,F,B,1369,100,1369,1,0
B,G,B,7065,100,7065,1,0
B,H,B,5796,100,5796,1,0
A,C,C,10681,100,10681,1,0
B,C,C,6992,100,6992,1,0
C,D,C,8748,100,8748,1,0
C,E,C,10824,100,10824,1,0
C,F,C,7175,100,7175,1,0
C,G,C,1354,100,1354,1,0
C,H,C,8935,100,8935,1,0
A,D,D,9552,100,9552,1,0
B,D,D,5259,100,5259,1,0
C,D,D,8756,100,8756,1,0
D,E,D,9929,100,9929,1,0
D,F,D,5346,100,5346,1,0
D,G,D,8920,100,8920,1,0
D,H,D,1517,100,1517,1,0
A,E,E,1476,100,1476,1,0
B,E,E,5150,100,5150,1,0
C,E,E,10780,100,10780,1,0
D,E,E,9962,100,9962,1,0
E,F,E,5152,100,5152,1,0
E,G,E,10650,100,10650,1,0
E,H,E,10138,100,10138,1,0
A,F,F,5047,100,5047,1,0
B,F,F,1350,100,1350,1,0
C,F,F,7176,100,7176,1,0
D,F,F,5405,100,5405,1,0
E,F,F,5116,100,5116,1,0
F,G,F,6971,100,6971,1,0
F,H,F,5490,100,5490,1,0
A,G,G,10627,100,10627,1,0
B,G,G,7098,100,7098,1,0
C,G,G,1365,100,1365,1,0
D,G,G,8921,100,8921,1,0
E,G,G,10652,100,10652,1,0
F,G,G,6975,100,6975,1,0
G,H,G,8890,100,8890,1,0
A,H,H,9924,100,9924,1,0
B,H,H,5759,100,5759,1,0
C,H,H,8938,100,8938,1,0
D,H,H,1576,100,1576,1,0
E,H,H,10151,100,10151,1,0
F,H,H,5492,100,5492,1,0
G,H,H,8875,100,8875,1,0
A,B,A,4755,100,4755,1,0
A,C,A,10637,100,10637,1,0
A,D,A,9574,100,9574,1,0
A,E,A,1427,100,1427,1,0
A,F,A,5051,100,5051,1,0
A,G,A,10609,100,10609,1,0
A,H,A,9946,100,9946,1,0
A,B,B,4755,100,4755,1,0
B,C,B,7003,100,7003,1,0
B,D,B,5293,100,5293,1,0
B,E,B,5190,100,5190,1,0
B,F,B,1372,100,1372,1,0
B,G,B,7090,100,7090,1,0
B,H,B,5690,100,5690,1,0
A,C,C,10592,100,10592,1,0
B,C,C,7008,100,7008,1,0
C,D,C,8710,100,8710,1,0
C,E,C,10818,100,10818,1,0
C,F,C,7170,100,7170,1,0
C,G,C,1396,100,1396,1,0
C,H,C,8948,100,8948,1,0
A,D,D,9531,100,9531,1,0
B,D,D,5285,100,5285,1,0
C,D,D,8703,100,8703,1,0
D,E,D,9945,100,9945,1,0
D,F,D,5385,100,5385,1,0
D,G,D,8872,100,8872,1,0
D,H,D,1455,100,1455,1,0
A,E,E,1389,100,1389,1,0
B,E,E,5207,100,5207,1,0
C,E,E,10797,100,10797,1,0
D,E,E,9935,100,9935,1,0
E,F,E,5102,100,5102,1,0
E,G,E,10621,100,10621,1,0
E,H,E,10122,100,10122,1,0
A,F,F,5065,100,5065,1,0
B,F,F,1392,100,1392,1,0
C,F,F,7187,100,7187,1,0
D,F,F,5360,100,5360,1,0
E,F,F,5100,100,5100,1,0
F,G,F,7009,100,7009,1,0
F,H,F,5471,100,5471,1,0
A,G,G,10653,100,10653,1,0
B,G,G,7042,100,7042,1,0
C,G,G,1360,100,1360,1,0
D,G,G,8901,100,8901,1,0
E,G,G,10620,100,10620,1,0
F,G,G,6980,100,6980,1,0
G,H,G,8886,100,8886,1,0
A,H,H,9940,100,9940,1,0
B,H,H,5771,100,5771,1,0
C,H,H,8956,100,8956,1,0
D,H,H,1507,100,1507,1,0
E,H,H,10131,100,10131,1,0
F,H,H,5421,100,5421,1,0
G,H,H,8851,100,8851,1,0
A,B,A,4782,100,4782,1,0
A,C,A,10620,100,10620,1,0
A,D,A,9531,100,9531,1,0
A,E,A,1367,100,1367,1,0
A,F,A,5021,100,5021,1,0
A,G,A,10597,100,10597,1,0
A,H,A,9952,100,9952,1,0
A,B,B,4747,100,4747,1,0
B,C,B,6999,100,6999,1,0
B,D,B,5273,100,5273,1,0
B,E,B,5179,100,5179,1,0
B,F,B,1333,100,1333,1,0
B,G,B,7073,100,7073,1,0
B,H,B,5710,100,5710,1,0
A,C,C,10651,100,10651,1,0
B,C,C,7033,100,7033,1,0
C,D,C,8761,100,8761,1,0
C,E,C,10822,100,10822,1,0
C,F,C,7193,100,7193,1,0
C,G,C,1355,100,1355,1,0
C,H,C,8959,100,8959,1,0
A,D,D,9523,100,9523,1,0
B,D,D,5296,100,5296,1,0
C,D,D,8751,100,8751,1,0
D,E,D,9928,100,9928,1,0
D,F,D,5380,100,5380,1,0
D,G,D,8923,100,8923,1,0
D,H,D,1472,100,1472,1,0
A,E,E,1391,100,1391,1,0
B,E,E,5167,100,5167,1,0
C,E,E,10853,100,10853,1,0
D,E,E,9920,100,9920,1,0
E,F,E,5143,100,5143,1,0
E,G,E,10616,100,10616,1,0
E,H,E,10147,100,10147,1,0
A,F,F,5102,100,5102,1,0
B,F,F,1341,100,1341,1,0
C,F,F,7206,100,7206,1,0
D,F,F,5381,100,5381,1,0
E,F,F,5096,100,5096,1,0
F,G,F,7004,100,7004,1,0
F,H,F,5423,100,5423,1,0
A,G,G,10598,100,10598,1,0
B,G,G,7075,100,7075,1,0
C,G,G,1392,100,1392,1,0
D,G,G,8929,100,8929,1,0
E,G,G,10612,100,10612,1,0
F,G,G,7026,100,7026,1,0
G,H,G,8820,100,8820,1,0
A,H,H,9983,100,9983,1,0
B,H,H,5763,100,5763,1,0
C,H,H,8918,100,8918,1,0
D,H,H,1462,100,1462,1,0
E,H,H,10132,100,10132,1,0
F,H,H,5465,100,5465,1,0
G,H,H,8885,100,8885,1,0
A,B,A,4781,100,4781,1,0
A,C,A,10706,100,10706,1,0
A,D,A,9519,100,9519,1,0
A,E,A,1408,100,1408,1,0
A,F,A,5047,100,5047,1,0
A,G,A,10660,100,10660,1,0
A,H,A,9947,100,9947,1,0
A,B,B,4781,100,4781,1,0
B,C,B,7004,100,7004,1,0
B,D,B,5277,100,5277,1,0
B,E,B,5196,100,5196,1,0
B,F,B,1359,100,1359,1,0
B,G,B,7061,100,7061,1,0
B,H,B,5723,100,5723,1,0
A,C,C,10686,100,10686,1,0
B,C,C,7002,100,7002,1,0
C,D,C,8754,100,8754,1,0
C,E,C,10840,100,10840,1,0
C,F,C,7207,100,7207,1,0
C,G,C,1369,100,1369,1,0
C,H,C,8931,100,8931,1,0
A,D,D,9549,100,9549,1,0
B,D,D,5271,100,5271,1,0
C,D,D,8708,100,8708,1,0
D,E,D,9944,100,9944,1,0
D,F,D,5360,100,5360,1,0
D,G,D,8920,100,8920,1,0
D,H,D,1458,100,1458,1,0
A,E,E,1432,100,1432,1,0
B,E,E,5178,100,5178,1,0
C,E,E,10797,100,10797,1,0
D,E,E,9937,100,9937,1,0
E,F,E,5103,100,5103,1,0
E,G,E,10635,100,10635,1,0
E,H,E,10141,100,10141,1,0
A,F,F,5114,100,5114,1,0
B,F,F,1361,100,1361,1,0
C,F,F,7219,100,7219,1,0
D,F,F,5348,100,5348,1,0
E,F,F,5092,100,5092,1,0
F,G,F,6990,100,6990,1,0
F,H,F,5485,100,5485,1,0
A,G,G,10639,100,10639,1,0
B,G,G,7069,100,7069,1,0
C,G,G,1393,100,1393,1,0
D,G,G,8908,100,8908,1,0
E,G,G,10632,100,10632,1,0
F,G,G,7029,100,7029,1,0
G,H,G,8840,100,8840,1,0
A,H,H,9956,100,9956,1,0
B,H,H,5749,100,5749,1,0
C,H,H,8919,100,8919,1,0
D,H,H,1477,100,1477,1,0
E,H,H,10137,100,10137,1,0
F,H,H,5497,100,5497,1,0
G,H,H,8904,100,8904,1,0
A,B,A,4776,100,4776,1,0
A,C,A,10623,100,10623,1,0
A,D,A,9544,100,9544,1,0
A,E,A,1421,100,1421,1,0
A,F,A,5071,100,5071,1,0
A,G,A,10584,100,10584,1,0
A,H,A,9956,100,9956,1,0
A,B,B,4768,100,4768,1,0
B,C,B,6989,100,6989,1,0
B,D,B,5237,100,5237,1,0
B,E,B,5156,100,5156,1,0
B,F,B,1316,100,1316,1,0
B,G,B,7056,100,7056,1,0
B,H,B,5765,100,5765,1,0
A,C,C,10647,100,10647,1,0
B,C,C,7038,100,7038,1,0
C,D,C,8751,100,8751,1,0
C,E,C,10829,100,10829,1,0
C,F,C,7186,100,7186,1,0
C,G,C,1392,100,1392,1,0
C,H,C,8940,100,8940,1,0
A,D,D,9540,100,9540,1,0
B,D,D,5271,100,5271,1,0
C,D,D,8732,100,8732,1,0
D,E,D,9897,100,9897,1,0
D,F,D,5310,100,5310,1,0
D,G,D,8902,100,8902,1,0
D,H,D,1463,100,1463,1,0
A,E,E,1386,100,1386,1,0
B,E,E,5149,100,5149,1,0
C,E,E,10827,100,10827,1,0
D,E,E,9912,100,9912,1,0
E,F,E,5113,100,5113,1,0
E,G,E,10640,100,10640,1,0
E,H,E,10127,100,10127,1,0
A,F,F,5058,100,5058,1,0
B,F,F,1339,100,1339,1,0
C,F,F,7212,100,7212,1,0
D,F,F,5335,100,5335,1,0
E,F,F,5123,100,5123,1,0
F,G,F,7003,100,7003,1,0
F,H,F,5468,100,5468,1,0
A,G,G,10608,100,10608,1,0
B,G,G,7098,100,7098,1,0
C,G,G,1370,100,1370,1,0
D,G,G,8884,100,8884,1,0
E,G,G,10612,100,10612,1,0
F,G,G,6977,100,6977,1,0
G,H,G,8869,100,8869,1,0
A,H,H,9940,100,9940,1,0
B,H,H,5755,100,5755,1,0
C,H,H,8955,100,8955,1,0
D,H,H,1476,100,1476,1,0
E,H,H,10187,100,10187,1,0
F,H,H,5446,100,5446,1,0
G,H,H,8845,100,8845,1,0
A,B,A,4782,100,4782,1,0
A,C,A,10664,100,10664,1,0
A,D,A,9541,100,9541,1,0
A,E,A,1363,100,1363,1,0
A,F,A,5087,100,5087,1,0
A,G,A,10571,100,10571,1,0
A,H,A,9942,100,9942,1,0
A,B,B,4789,100,4789,1,0
B,C,B,7022,100,7022,1,0
B,D,B,5288,100,5288,1,0
B,E,B,5208,100,5208,1,0
B,F,B,1334,100,1334,1,0
B,G,B,7086,100,7086,1,0
B,H,B,5694,100,5694,1,0
A,C,C,10641,100,10641,1,0
B,C,C,7020,100,7020,1,0
C,D,C,8717,100,8717,1,0
C,E,C,10836,100,10836,1,0
C,F,C,7189,100,7189,1,0
C,G,C,1380,100,1380,1,0
C,H,C,8961,100,8961,1,0
A,D,D,9522,100,9522,1,0
B,D,D,5271,100,5271,1,0
C,D,D,8722,100,8722,1,0
D,E,D,9944,100,9944,1,0
D,F,D,5382,100,5382,1,0
D,G,D,8891,100,8891,1,0
D,H,D,1496,100,1496,1,0
A,E,E,1374,100,1374,1,0
B,E,E,5211,100,5211,1,0
C,E,E,10830,100,10830,1,0
D,E,E,9947,100,9947,1,0
E,F,E,5101,100,5101,1,0
E,G,E,10641,100,10641,1,0
E,H,E,10069,100,10069,1,0
A,F,F,5054,100,5054,1,0
B,F,F,1323,100,1323,1,0
C,F,F,7191,100,7191,1,0
D,F,F,5344,100,5344,1,0
E,F,F,5078,100,5078,1,0
F,G,F,6988,100,6988,1,0
F,H,F,5483,100,5483,1,0
A,G,G,10616,100,10616,1,0
B,G,G,7058,100,7058,1,0
C,G,G,1347,100,1347,1,0
D,G,G,8883,100,8883,1,0
E,G,G,10619,100,10619,1,0
F,G,G,6959,100,6959,1,0
G,H,G,8910,100,8910,1,0
A,H,H,9916,100,9916,1,0
B,H,H,5760,100,5760,1,0
C,H,H,8953,100,8953,1,0
D,H,H,1495,100,1495,1,0
E,H,H,10130,100,10130,1,0
F,H,H,5475,100,5475,1,0
G,H,H,8873,100,8873,1,0
A,B,A,4779,100,4779,1,0
A,C,A,10704,100,10704,1,0
A,D,A,9523,100,9523,1,0
A,E,A,1399,100,1399,1,0
A,F,A,5046,100,5046,1,0
A,G,A,10628,100,10628,1,0
A,H,A,9960,100,9960,1,0
A,B,B,4764,100,4764,1,0
B,C,B,6991,100,6991,1,0
B,D,B,5290,100,5290,1,0
B,E,B,5194,100,5194,1,0
B,F,B,1333,100,1333,1,0
B,G,B,7100,100,7100,1,0
B,H,B,5737,100,5737,1,0
A,C,C,10654,100,10654,1,0
B,C,C,7004,100,7004,1,0
C,D,C,8719,100,8719,1,0
C,E,C,10803,100,10803,1,0
C,F,C,7175,100,7175,1,0
C,G,C,1376,100,1376,1,0
C,H,C,8912,100,8912,1,0
A,D,D,9513,100,9513,1,0
B,D,D,5259,100,5259,1,0
C,D,D,8751,100,8751,1,0
D,E,D,9889,100,9889,1,0
D,F,D,5401,100,5401,1,0
D,G,D,8862,100,8862,1,0
D,H,D,1510,100,1510,1,0
A,E,E,1445,100,1445,1,0
B,E,E,5182,100,5182,1,0
C,E,E,10833,100,10833,1,0
D,E,E,9918,100,9918,1,0
E,F,E,5121,100,5121,1,0
E,G,E,10645,100,10645,1,0
E,H,E,10155,100,10155,1,0
A,F,F,5063,100,5063,1,0
B,F,F,1374,100,1374,1,0
C,F,F,7213,100,7213,1,0
D,F,F,5364,100,5364,1,0
E,F,F,5089,100,5089,1,0
F,G,F,7014,100,7014,1,0
F,H,F,5502,100,5502,1,0
A,G,G,10585,100,10585,1,0
B,G,G,7074,100,7074,1,0
C,G,G,1410,100,1410,1,0
D,G,G,8902,100,8902,1,0
E,G,G,10649,100,10649,1,0
F,G,G,6992,100,6992,1,0
G,H,G,8880,100,8880,1,0
A,H,H,9996,100,9996,1,0
B,H,H,5753,100,5753,1,0
C,H,H,8973,100,8973,1,0
D,H,H,1511,100,1511,1,0
E,H,H,10129,100,10129,1,0
F,H,H,5490,100,5490,1,0
G,H,H,8842,100,8842,1,0
A,B,A,4774,100,4774,1,0
A,C,A,10667,100,10667,1,0
A,D,A,9555,100,9555,1,0
A,E,A,1426,100,1426,1,0
A,F,A,5070,100,5070,1,0
A,G,A,10604,100,10604,1,0
A,H,A,9932,100,9932,1,0
A,B,B,4787,100,4787,1,0
B,C,B,7033,100,7033,1,0
B,D,B,5322,100,5322,1,0
B,E,B,5164,100,5164,1,0
B,F,B,1374,100,1374,1,0
B,G,B,7079,100,7079,1,0
B,H,B,5705,100,5705,1,0
A,C,C,10636,100,10636,1,0
B,C,C,7007,100,7007,1,0
C,D,C,8722,100,8722,1,0
C,E,C,10823,100,10823,1,0
C,F,C,7225,100,7225,1,0
C,G,C,1421,100,1421,1,0
C,H,C,8918,100,8918,1,0
A,D,D,9558,100,9558,1,0
B,D,D,5313,100,5313,1,0
C,D,D,8742,100,8742,1,0
D,E,D,9950,100,9950,1,0
D,F,D,5349,100,5349,1,0
D,G,D,8907,100,8907,1,0
D,H,D,1448,100,1448,1,0
A,E,E,1366,100,1366,1,0
B,E,E,5177,100,5177,1,0
C,E,E,10833,100,10833,1,0
D,E,E,9996,100,9996,1,0
E,F,E,5081,100,5081,1,0
E,G,E,10616,100,10616,1,0
E,H,E,10121,100,10121,1,0
A,F,F,5094,100,5094,1,0
B,F,F,1377,100,1377,1,0
C,F,F,7203,100,7203,1,0
D,F,F,5338,100,5338,1,0
E,F,F,5091,100,5091,1,0
F,G,F,7008,100,7008,1,0
F,H,F,5467,100,5467,1,0
A,G,G,10612,100,10612,1,0
B,G,G,7100,100,7100,1,0
C,G,G,1395,100,1395,1,0
D,G,G,8903,100,8903,1,0
E,G,G,10618,100,10618,1,0
F,G,G,6994,100,6994,1,0
G,H,G,8856,100,8856,1,0
A,H,H,9957,100,9957,1,0
B,H,H,5749,100,5749,1,0
C,H,H,8952,100,8952,1,0
D,H,H,1477,100,1477,1,0
E,H,H,10145,100,10145,1,0
F,H,H,5442,100,5442,1,0
G,H,H,8861,100,8861,1,0
A,B,A,4797,100,4797,1,0
A,C,A,10680,100,10680,1,0
A,D,A,9538,100,9538,1,0
A,E,A,1416,100,1416,1,0
A,F,A,5061,100,5061,1,0
A,G,A,10620,100,10620,1,0
A,H,A,9918,100,9918,1,0
A,B,B,4805,100,4805,1,0
B,C,B,7019,100,7019,1,0
B,D,B,5305,100,5305,1,0
B,E,B,5185,100,5185,1,0
B,F,B,1362,100,1362,1,0
B,G,B,7066,100,7066,1,0
B,H,B,5770,100,5770,1,0
A,C,C,10641,100,10641,1,0
B,C,C,7011,100,7011,1,0
C,D,C,8736,100,8736,1,0
C,E,C,10808,100,10808,1,0
C,F,C,7189,100,7189,1,0
C,G,C,1349,100,1349,1,0
C,H,C,8950,100,8950,1,0
A,D,D,9519,100,9519,1,0
B,D,D,5288,100,5288,1,0
C,D,D,8738,100,8738,1,0
D,E,D,9907,100,9907,1,0
D,F,D,5382,100,5382,1,0
D,G,D,8891,100,8891,1,0
D,H,D,1572,100,1572,1,0
A,E,E,1392,100,1392,1,0
B,E,E,5195,100,5195,1,0
C,E,E,10844,100,10844,1,0
D,E,E,9881,100,9881,1,0
E,F,E,5103,100,5103,1,0
E,G,E,10644,100,10644,1,0
E,H,E,10136,100,10136,1,0
A,F,F,5068,100,5068,1,0
B,F,F,1371,100,1371,1,0
C,F,F,7218,100,7218,1,0
D,F,F,5349,100,5349,1,0
E,F,F,5096,100,5096,1,0
F,G,F,7007,100,7007,1,0
F,H,F,5419,100,5419,1,0
A,G,G,10641,100,10641,1,0
B,G,G,7112,100,7112,1,0
C,G,G,1388,100,1388,1,0
D,G,G,8891,100,8891,1,0
E,G,G,10612,100,10612,1,0
F,G,G,7010,100,7010,1,0
G,H,G,8867,100,8867,1,0
A,H,H,9915,100,9915,1,0
B,H,H,5759,100,5759,1,0
C,H,H,8999,100,8999,1,0
D,H,H,1487,100,1487,1,0
E,H,H,10128,100,10128,1,0
F,H,H,5473,100,5473,1,0
G,H,H,8873,100,8873,1,0
A,B,A,4802,100,4802,1,0
A,C,A,10599,100,10599,1,0
A,D,A,9581,100,9581,1,0
A,E,A,1412,100,1412,1,0
A,F,A,5102,100,5102,1,0
A,G,A,10621,100,10621,1,0
A,H,A,9988,100,9988,1,0
A,B,B,4771,100,4771,1,0
B,C,B,7002,100,7002,1,0
B,D,B,5301,100,5301,1,0
B,E,B,5132,100,5132,1,0
B,F,B,1377,100,1377,1,0
B,G,B,7074,100,7074,1,0
B,H,B,5744,100,5744,1,0
A,C,C,10626,100,10626,1,0
B,C,C,7025,100,7025,1,0
C,D,C,8705,100,8705,1,0
C,E,C,10787,100,10787,1,0
C,F,C,7217,100,7217,1,0
C,G,C,1352,100,1352,1,0
C,H,C,8991,100,8991,1,0
A,D,D,9526,100,9526,1,0
B,D,D,5315,100,5315,1,0
C,D,D,8733,100,8733,1,0
D,E,D,9924,100,9924,1,0
D,F,D,5332,100,5332,1,0
D,G,D,8868,100,8868,1,0
D,H,D,1518,100,1518,1,0
A,E,E,1405,100,1405,1,0
B,E,E,5183,100,5183,1,0
C,E,E,10807,100,10807,1,0
D,E,E,9875,100,9875,1,0
E,F,E,5114,100,5114,1,0
E,G,E,10638,100,10638,1,0
E,H,E,10133,100,10133,1,0
A,F,F,4994,100,4994,1,0
B,F,F,1330,100,1330,1,0
C,F,F,7194,100,7194,1,0
D,F,F,5368,100,5368,1,0
E,F,F,5088,100,5088,1,0
F,G,F,6984,100,6984,1,0
F,H,F,5428,100,5428,1,0
A,G,G,10603,100,10603,1,0
B,G,G,7073,100,7073,1,0
C,G,G,1338,100,1338,1,0
D,G,G,8874,100,8874,1,0
E,G,G,10628,100,10628,1,0
F,G,G,7017,100,7017,1,0
G,H,G,8824,100,8824,1,0
A,H,H,9944,100,9944,1,0
B,H,H,5729,100,5729,1,0
C,H,H,8945,100,8945,1,0
D,H,H,1491,100,1491,1,0
E,H,H,10185,100,10185,1,0
F,H,H,5438,100,5438,1,0
G,H,H,8892,100,8892,1,0
A,B,A,4779,100,4779,1,0
A,C,A,10643,100,10643,1,0
A,D,A,9546,100,9546,1,0
A,E,A,1386,100,1386,1,0
A,F,A,5085,100,5085,1,0
A,G,A,10570,100,10570,1,0
A,H,A,9984,100,9984,1,0
A,B,B,4768,100,4768,1,0
B,C,B,6987,100,6987,1,0
B,D,B,5253,100,5253,1,0
B,E,B,5172,100,5172,1,0
B,F,B,1347,100,1347,1,0
B,G,B,7097,100,7097,1,0
B,H,B,5754,100,5754,1,0
A,C,C,10649,100,10649,1,0
B,C,C,7017,100,7017,1,0
C,D,C,8722,100,8722,1,0
C,E,C,10841,100,10841,1,0
C,F,C,7192,100,7192,1,0
C,G,C,1359,100,1359,1,0
C,H,C,8972,100,8972,1,0
A,D,D,9545,100,9545,1,0
B,D,D,5276,100,5276,1,0
C,D,D,8771,100,8771,1,0
D,E,D,9877,100,9877,1,0
D,F,D,5345,100,5345,1,0
D,G,D,8931,100,8931,1,0
D,H,D,1501,100,1501,1,0
A,E,E,1388,100,1388,1,0
B,E,E,5167,100,5167,1,0
C,E,E,10841,100,10841,1,0
D,E,E,9991,100,9991,1,0
E,F,E,5110,100,5110,1,0
E,G,E,10647,100,10647,1,0
E,H,E,10119,100,10119,1,0
A,F,F,5027,100,5027,1,0
B,F,F,1336,100,1336,1,0
C,F,F,7174,100,7174,1,0
D,F,F,5353,100,5353,1,0
E,F,F,5078,100,5078,1,0
F,G,F,6988,100,6988,1,0
F,H,F,5442,100,5442,1,0
A,G,G,10623,100,10623,1,0
B,G,G,7020,100,7020,1,0
C,G,G,1366,100,1366,1,0
D,G,G,8893,100,8893,1,0
E,G,G,10620,100,10620,1,0
F,G,G,7017,100,7017,1,0
G,H,G,8815,100,8815,1,0
A,H,H,9954,100,9954,1,0
B,H,H,5758,100,5758,1,0
C,H,H,8963,100,8963,1,0
D,H,H,1577,100,1577,1,0
E,H,H,10177,100,10177,1,0
F,H,H,5423,100,5423,1,0
G,H,H,8876,100,8876,1,0
A,B,A,4762,100,4762,1,0
A,C,A,10666,100,10666,1,0
A,D,A,9508,100,9508,1,0
A,E,A,1363,100,1363,1,0
A,F,A,5032,100,5032,1,0
A,G,A,10622,100,10622,1,0
A,H,A,9963,100,9963,1,0
A,B,B,4767,100,4767,1,0
B,C,B,7015,100,7015,1,0
B,D,B,5287,100,5287,1,0
B,E,B,5177,100,5177,1,0
B,F,B,1371,100,1371,1,0
B,G,B,7049,100,7049,1,0
B,H,B,5690,100,5690,1,0
A,C,C,10637,100,10637,1,0
B,C,C,7039,100,7039,1,0
C,D,C,8757,100,8757,1,0
C,E,C,10839,100,10839,1,0
C,F,C,7204,100,7204,1,0
C,G,C,1346,100,1346,1,0
C,H,C,8914,100,8914,1,0
A,D,D,9509,100,9509,1,0
B,D,D,5273,100,5273,1,0
C,D,D,8724,100,8724,1,0
D,E,D,9955,100,9955,1,0
D,F,D,5351,100,5351,1,0
D,G,D,8907,100,8907,1,0
D,H,D,1505,100,1505,1,0
A,E,E,1382,100,1382,1,0
B,E,E,5162,100,5162,1,0
C,E,E,10829,100,10829,1,0
D,E,E,9968,100,9968,1,0
E,F,E,5104,100,5104,1,0
E,G,E,10632,100,10632,1,0
E,H,E,10147,100,10147,1,0
A,F,F,5061,100,5061,1,0
B,F,F,1330,100,1330,1,0
C,F,F,7223,100,7223,1,0
D,F,F,5349,100,5349,1,0
E,F,F,5109,100,5109,1,0
F,G,F,6986,100,6986,1,0
F,H,F,5460,100,5460,1,0
A,G,G,10658,100,10658,1,0
B,G,G,7064,100,7064,1,0
C,G,G,1350,100,1350,1,0
D,G,G,8891,100,8891,1,0
E,G,G,10650,100,10650,1,0
F,G,G,7041,100,7041,1,0
G,H,G,8879,100,8879,1,0
A,H,H,9979,100,9979,1,0
B,H,H,5750,100,5750,1,0
C,H,H,8937,100,8937,1,0
D,H,H,1451,100,1451,1,0
E,H,H,10120,100,10120,1,0
F,H,H,5439,100,5439,1,0
G,H,H,8842,100,8842,1,0
A,B,A,4766,100,4766,1,0
A,C,A,10681,100,10681,1,0
A,D,A,9523,100,9523,1,0
A,E,A,1393,100,1393,1,0
A,F,A,5058,100,5058,1,0
A,G,A,10601,100,10601,1,0
A,H,A,9921,100,9921,1,0
A,B,B,4804,100,4804,1,0
B,C,B,7025,100,7025,1,0
B,D,B,5265,100,5265,1,0
B,E,B,5149,100,5149,1,0
B,F,B,1364,100,1364,1,0
B,G,B,7057,100,7057,1,0
B,H,B,5804,100,5804,1,0
A,C,C,10632,100,10632,1,0
B,C,C,7024,100,7024,1,0
C,D,C,8744,100,8744,1,0
C,E,C,10818,100,10818,1,0
C,F,C,7197,100,7197,1,0
C,G,C,1389,100,1389,1,0
C,H,C,8894,100,8894,1,0
A,D,D,9512,100,9512,1,0
B,D,D,5300,100,5300,1,0
C,D,D,8717,100,8717,1,0
D,E,D,9917,100,9917,1,0
D,F,D,5381,100,5381,1,0
D,G,D,8894,100,8894,1,0
D,H,D,1465,100,1465,1,0
A,E,E,1430,100,1430,1,0
B,E,E,5181,100,5181,1,0
C,E,E,10816,100,10816,1,0
D,E,E,9896,100,9896,1,0
E,F,E,5105,100,5105,1,0
E,G,E,10606,100,10606,1,0
E,H,E,10159,100,10159,1,0
A,F,F,5071,100,5071,1,0
B,F,F,1349,100,1349,1,0
C,F,F,7200,100,7200,1,0
D,F,F,5345,100,5345,1,0
E,F,F,5088,100,5088,1,0
F,G,F,6978,100,6978,1,0
F,H,F,5502,100,5502,1,0
A,G,G,10633,100,10633,1,0
B,G,G,7060,100,7060,1,0
C,G,G,1365,100,1365,1,0
D,G,G,8883,100,8883,1,0
E,G,G,10610,100,10610,1,0
F,G,G,6992,100,6992,1,0
G,H,G,8886,100,8886,1,0
A,H,H,9942,100,9942,1,0
B,H,H,5771,100,5771,1,0
C,H,H,8908,100,8908,1,0
D,H,H,1540,100,1540,1,0
E,H,H,10109,100,10109,1,0
F,H,H,5463,100,5463,1,0
G,H,H,8885,100,8885,1,0
A,B,A,4737,100,4737,1,0
A,C,A,10621,100,10621,1,0
A,D,A,9520,100,9520,1,0
A,E,A,1369,100,1369,1,0
A,F,A,5059,100,5059,1,0
A,G,A,10608,100,10608,1,0
A,H,A,9987,100,9987,1,0
A,B,B,4780,100,4780,1,0
B,C,B,6994,100,6994,1,0
B,D,B,5286,100,5286,1,0
B,E,B,5170,100,5170,1,0
B,F,B,1355,100,1355,1,0
B,G,B,7065,100,7065,1,0
B,H,B,5758,100,5758,1,0
A,C,C,10600,100,10600,1,0
B,C,C,6999,100,6999,1,0
C,D,C,8711,100,8711,1,0
C,E,C,10816,100,10816,1,0
C,F,C,7191,100,7191,1,0
C,G,C,1331,100,1331,1,0
C,H,C,8967,100,8967,1,0
A,D,D,9523,100,9523,1,0
B,D,D,5293,100,5293,1,0
C,D,D,8746,100,8746,1,0
D,E,D,9905,100,9905,1,0
D,F,D,5403,100,5403,1,0
D,G,D,8867,100,8867,1,0
D,H,D,1490,100,1490,1,0
A,E,E,1466,100,1466,1,0
B,E,E,5145,100,5145,1,0
C,E,E,10823,100,10823,1,0
D,E,E,9932,100,9932,1,0
E,F,E,5095,100,5095,1,0
E,G,E,10615,100,10615,1,0
E,H,E,10197,100,10197,1,0
A,F,F,5092,100,5092,1,0
B,F,F,1405,100,1405,1,0
C,F,F,7189,100,7189,1,0
D,F,F,5359,100,5359,1,0
E,F,F,5087,100,5087,1,0
F,G,F,7013,100,7013,1,0
F,H,F,5454,100,5454,1,0
A,G,G,10613,100,10613,1,0
B,G,G,7047,100,7047,1,0
C,G,G,1388,100,1388,1,0
D,G,G,8919,100,8919,1,0
E,G,G,10650,100,10650,1,0
F,G,G,6994,100,6994,1,0
G,H,G,8900,100,8900,1,0
A,H,H,9910,100,9910,1,0
B,H,H,5754,100,5754,1,0
C,H,H,8907,100,8907,1,0
D,H,H,1449,100,1449,1,0
E,H,H,10128,100,10128,1,0
F,H,H,5450,100,5450,1,0
G,H,H,8903,100,8903,1,0
A,B,A,4780,100,4780,1,0
A,C,A,10571,100,10571,1,0
A,D,A,9503,100,9503,1,0
A,E,A,1394,100,1394,1,0
A,F,A,5068,100,5068,1,0
A,G,A,10623,100,10623,1,0
A,H,A,9930,100,9930,1,0
A,B,B,4805,100,4805,1,0
B,C,B,6970,100,6970,1,0
B,D,B,5271,100,5271,1,0
B,E,B,5189,100,5189,1,0
B,F,B,1372,100,1372,1,0
B,G,B,7085,100,7085,1,0
B,H,B,5748,100,5748,1,0
A,C,C,10644,100,10644,1,0
B,C,C,7034,100,7034,1,0
C,D,C,8723,100,8723,1,0
C,E,C,10829,100,10829,1,0
C,F,C,7197,100,7197,1,0
C,G,C,1385,100,1385,1,0
C,H,C,8976,100,8976,1,0
A,D,D,9556,100,9556,1,0
B,D,D,5305,100,5305,1,0
C,D,D,8744,100,8744,1,0
D,E,D,9977,100,9977,1,0
D,F,D,5348,100,5348,1,0
D,G,D,8870,100,8870,1,0
D,H,D,1489,100,1489,1,0
A,E,E,1444,100,1444,1,0
B,E,E,5190,100,5190,1,0
C,E,E,10851,100,10851,1,0
D,E,E,9941,100,9941,1,0
E,F,E,5086,100,5086,1,0
E,G,E,10621,100,10621,1,0
E,H,E,10069,100,10069,1,0
A,F,F,5047,100,5047,1,0
B,F,F,1361,100,1361,1,0
C,F,F,7166,100,7166,1,0
D,F,F,5368,100,5368,1,0
E,F,F,5117,100,5117,1,0
F,G,F,6985,100,6985,1,0
F,H,F,5497,100,5497,1,0
A,G,G,10653,100,10653,1,0
B,G,G,7072,100,7072,1,0
C,G,G,1343,100,1343,1,0
D,G,G,8887,100,8887,1,0
E,G,G,10655,100,10655,1,0
F,G,G,7019,100,7019,1,0
G,H,G,8845,100,8845,1,0
A,H,H,9920,100,9920,1,0
B,H,H,5794,100,5794,1,0
C,H,H,8942,100,8942,1,0
D,H,H,1525,100,1525,1,0
E,H,H,10143,100,10143,1,0
F,H,H,5436,100,5436,1,0
G,H,H,8887,100,8887,1,0
A,B,A,4801,100,4801,1,0
A,C,A,10642,100,10642,1,0
A,D,A,9530,100,9530,1,0
A,E,A,1460,100,1460,1,0
A,F,A,5081,100,5081,1,0
A,G,A,10648,100,10648,1,0
A,H,A,9979,100,9979,1,0
A,B,B,4792,100,4792,1,0
B,C,B,7027,100,7027,1,0
B,D,B,5257,100,5257,1,0
B,E,B,5197,100,5197,1,0
B,F,B,1370,100,1370,1,0
B,G,B,7087,100,7087,1,0
B,H,B,5699,100,5699,1,0
A,C,C,10589,100,10589,1,0
B,C,C,7032,100,7032,1,0
C,D,C,8740,100,8740,1,0
C,E,C,10794,100,10794,1,0
C,F,C,7187,100,7187,1,0
C,G,C,1318,100,1318,1,0
C,H,C,8983,100,8983,1,0
A,D,D,9538,100,9538,1,0
B,D,D,5276,100,5276,1,0
C,D,D,8758,100,8758,1,0
D,E,D,9943,100,9943,1,0
D,F,D,5400,100,5400,1,0
D,G,D,8920,100,8920,1,0
D,H,D,1488,100,1488,1,0
A,E,E,1412,100,1412,1,0
B,E,E,5212,100,5212,1,0
C,E,E,10832,100,10832,1,0
D,E,E,9984,100,9984,1,0
E,F,E,5115,100,5115,1,0
E,G,E,10650,100,10650,1,0
E,H,E,10167,100,10167,1,0
A,F,F,5094,100,5094,1,0
B,F,F,1342,100,1342,1,0
C,F,F,7210,100,7210,1,0
D,F,F,5371,100,5371,1,0
E,F,F,5120,100,5120,1,0
F,G,F,6997,100,6997,1,0
F,H,F,5406,100,5406,1,0
A,G,G,10625,100,10625,1,0
B,G,G,7106,100,7106,1,0
C,G,G,1383,100,1383,1,0
D,G,G,8903,100,8903,1,0
E,G,G,10631,100,10631,1,0
F,G,G,7000,100,7000,1,0
G,H,G,8852,100,8852,1,0
A,H,H,9935,100,9935,1,0
B,H,H,5755,100,5755,1,0
C,H,H,8924,100,8924,1,0
D,H,H,1488,100,1488,1,0
E,H,H,10109,100,10109,1,0
F,H,H,5444,100,5444,1,0
G,H,H,8879,100,8879,1,0
A,B,A,4777,100,4777,1,0
A,C,A,10633,100,10633,1,0
A,D,A,9547,100,9547,1,0
A,E,A,1415,100,1415,1,0
A,F,A,5066,100,5066,1,0
A,G,A,10627,100,10627,1,0
A,H,A,10000,100,10000,1,0
A,B,B,4759,100,4759,1,0
B,C,B,6995,100,6995,1,0
B,D,B,5289,100,5289,1,0
B,E,B,5154,100,5154,1,0
B,F,B,1345,100,1345,1,0
B,G,B,7103,100,7103,1,0
B,H,B,5754,100,5754,1,0
A,C,C,10618,100,10618,1,0
B,C,C,7034,100,7034,1,0
C,D,C,8761,100,8761,1,0
C,E,C,10831,100,10831,1,0
C,F,C,7203,100,7203,1,0
C,G,C,1376,100,1376,1,0
C,H,C,8946,100,8946,1,0
A,D,D,9517,100,9517,1,0
B,D,D,5296,100,5296,1,0
C,D,D,8735,100,8735,1,0
D,E,D,9915,100,9915,1,0
D,F,D,5350,100,5350,1,0
D,G,D,8924,100,8924,1,0
D,H,D,1580,100,1580,1,0
A,E,E,1348,100,1348,1,0
B,E,E,5151,100,5151,1,0
C,E,E,10829,100,10829,1,0
D,E,E,9959,100,9959,1,0
E,F,E,5080,100,5080,1,0
E,G,E,10626,100,10626,1,0
E,H,E,10173,100,10173,1,0
A,F,F,5044,100,5044,1,0
B,F,F,1356,100,1356,1,0
C,F,F,7201,100,7201,1,0
D,F,F,5347,100,5347,1,0
E,F,F,5067,100,5067,1,0
F,G,F,6992,100,6992,1,0
F,H,F,5430,100,5430,1,0
A,G,G,10567,100,10567,1,0
B,G,G,7063,100,7063,1,0
C,G,G,1371,100,1371,1,0
D,G,G,8916,100,8916,1,0
E,G,G,10591,100,10591,1,0
F,G,G,7006,100,7006,1,0
G,H,G,8864,100,8864,1,0
A,H,H,9931,100,9931,1,0
B,H,H,5711,100,5711,1,0
C,H,H,8946,100,8946,1,0
D,H,H,1477,100,1477,1,0
E,H,H,10120,100,10120,1,0
F,H,H,5484,100,5484,1,0
G,H,H,8866,100,8866,1,0
A,B,A,4764,100,4764,1,0
A,C,A,10668,100,10668,1,0
A,D,A,9515,100,9515,1,0
A,E,A,1434,100,1434,1,0
A,F,A,5077,100,5077,1,0
A,G,A,10571,100,10571,1,0
A,H,A,9958,100,9958,1,0
A,B,B,4803,100,4803,1,0
B,C,B,6995,100,6995,1,0
B,D,B,5267,100,5267,1,0
B,E,B,5168,100,5168,1,0
B,F,B,1344,100,1344,1,0
B,G,B,7088,100,7088,1,0
B,H,B,5702,100,5702,1,0
A,C,C,10621,100,10621,1,0
B,C,C,7037,100,7037,1,0
C,D,C,8748,100,8748,1,0
C,E,C,10830,100,10830,1,0
C,F,C,7185,100,7185,1,0
C,G,C,1365,100,1365,1,0
C,H,C,8919,100,8919,1,0
A,D,D,9522,100,9522,1,0
B,D,D,5231,100,5231,1,0
C,D,D,8757,100,8757,1,0
D,E,D,9905,100,9905,1,0
D,F,D,5375,100,5375,1,0
D,G,D,8880,100,8880,1,0
D,H,D,1466,100,1466,1,0
A,E,E,1414,100,1414,1,0
B,E,E,5202,100,5202,1,0
C,E,E,10845,100,10845,1,0
D,E,E,9890,100,9890,1,0
E,F,E,5083,100,5083,1,0
E,G,E,10636,100,10636,1,0
E,H,E,10126,100,10126,1,0
A,F,F,5078,100,5078,1,0
B,F,F,1379,100,1379,1,0
C,F,F,7184,100,7184,1,0
D,F,F,5371,100,5371,1,0
E,F,F,5095,100,5095,1,0
F,G,F,7002,100,7002,1,0
F,H,F,5475,100,5475,1,0
A,G,G,10650,100,10650,1,0
B,G,G,7070,100,7070,1,0
C,G,G,1405,100,1405,1,0
D,G,G,8915,100,8915,1,0
E,G,G,10631,100,10631,1,0
F,G,G,7019,100,7019,1,0
G,H,G,8892,100,8892,1,0
A,H,H,9918,100,9918,1,0
B,H,H,5748,100,5748,1,0
C,H,H,8961,100,8961,1,0
D,H,H,1441,100,1441,1,0
E,H,H,10170,100,10170,1,0
F,H,H,5455,100,5455,1,0
G,H,H,8840,100,8840,1,0
A,B,A,4790,100,4790,1,0
A,C,A,10672,100,10672,1,0
A,D,A,9569,100,9569,1,0
A,E,A,1454,100,1454,1,0
A,F,A,5085,100,5085,1,0
A,G,A,10641,100,10641,1,0
A,H,A,9945,100,9945,1,0
A,B,B,4757,100,4757,1,0
B,C,B,7033,100,7033,1,0
B,D,B,5240,100,5240,1,0
B,E,B,5167,100,5167,1,0
B,F,B,1335,100,1335,1,0
B,G,B,7086,100,7086,1,0
B,H,B,5776,100,5776,1,0
A,C,C,10627,100,10627,1,0
B,C,C,6996,100,6996,1,0
C,D,C,8705,100,8705,1,0
C,E,C,10810,100,10810,1,0
C,F,C,7184,100,7184,1,0
C,G,C,1359,100,1359,1,0
C,H,C,8966,100,8966,1,0
A,D,D,9547,100,9547,1,0
B,D,D,5298,100,5298,1,0
C,D,D,8721,100,8721,1,0
D,E,D,9930,100,9930,1,0
D,F,D,5342,100,5342,1,0
D,G,D,8887,100,8887,1,0
D,H,D,1484,100,1484,1,0
A,E,E,1433,100,1433,1,0
B,E,E,5154,100,5154,1,0
C,E,E,10799,100,10799,1,0
D,E,E,9918,100,9918,1,0
E,F,E,5096,100,5096,1,0
E,G,E,10620,100,10620,1,0
E,H,E,10176,100,10176,1,0
A,F,F,5073,100,5073,1,0
B,F,F,1369,100,1369,1,0
C,F,F,7191,100,7191,1,0
D,F,F,5391,100,5391,1,0
E,F,F,5093,100,5093,1,0
F,G,F,7018,100,7018,1,0
F,H,F,5489,100,5489,1,0
A,G,G,10661,100,10661,1,0
B,G,G,7058,100,7058,1,0
C,G,G,1417,100,1417,1,0
D,G,G,8920,100,8920,1,0
E,G,G,10630,100,10630,1,0
F,G,G,6996,100,6996,1,0
G,H,G,8895,100,8895,1,0
A,H,H,9921,100,9921,1,0
B,H,H,5778,100,5778,1,0
C,H,H,8944,100,8944,1,0
D,H,H,1472,100,1472,1,0
E,H,H,10183,100,10183,1,0
F,H,H,5465,100,5465,1,0
G,H,H,8852,100,8852,1,0
A,B,A,4802,100,4802,1,0
A,C,A,10642,100,10642,1,0
A,D,A,9544,100,9544,1,0
A,E,A,1423,100,1423,1,0
A,F,A,5036,100,5036,1,0
A,G,A,10637,100,10637,1,0
A,H,A,9941,100,9941,1,0
A,B,B,4756,100,4756,1,0
B,C,B,7003,100,7003,1,0
B,D,B,5292,100,5292,1,0
B,E,B,5204,100,5204,1,0
B,F,B,1332,100,1332,1,0
B,G,B,7072,100,7072,1,0
B,H,B,5754,100,5754,1,0
A,C,C,10662,100,10662,1,0
B,C,C,7018,100,7018,1,0
C,D,C,8753,100,8753,1,0
C,E,C,10829,100,10829,1,0
C,F,C,7186,100,7186,1,0
C,G,C,1372,100,1372,1,0
C,H,C,8971,100,8971,1,0
A,D,D,9526,100,9526,1,0
B,D,D,5277,100,5277,1,0
C,D,D,8712,100,8712,1,0
D,E,D,9919,100,9919,1,0
D,F,D,5359,100,5359,1,0
D,G,D,8919,100,8919,1,0
D,H,D,1495,100,1495,1,0
A,E,E,1418,100,1418,1,0
B,E,E,5235,100,5235,1,0
C,E,E,10856,100,10856,1,0
D,E,E,9861,100,9861,1,0
E,F,E,5101,100,5101,1,0
E,G,E,10629,100,10629,1,0
E,H,E,10123,100,10123,1,0
A,F,F,5004,100,5004,1,0
B,F,F,1381,100,1381,1,0
C,F,F,7199,100,7199,1,0
D,F,F,5388,100,5388,1,0
E,F,F,5085,100,5085,1,0
F,G,F,7006,100,7006,1,0
F,H,F,5442,100,5442,1,0
A,G,G,10637,100,10637,1,0
B,G,G,7075,100,7075,1,0
C,G,G,1334,100,1334,1,0
D,G,G,8873,100,8873,1,0
E,G,G,10614,100,10614,1,0
F,G,G,7013,100,7013,1,0
G,H,G,8892,100,8892,1,0
A,H,H,9923,100,9923,1,0
B,H,H,5729,100,5729,1,0
C,H,H,8954,100,8954,1,0
D,H,H,1482,100,1482,1,0
E,H,H,10141,100,10141,1,0
F,H,H,5496,100,5496,1,0
G,H,H,8884,100,8884,1,0
A,B,A,4769,100,4769,1,0
A,C,A,10649,100,10649,1,0
A,D,A,9508,100,9508,1,0
A,E,A,1426,100,1426,1,0
A,F,A,5033,100,5033,1,0
A,G,A,10612,100,10612,1,0
A,H,A,9938,100,9938,1,0
A,B,B,4760,100,4760,1,0
B,C,B,7005,100,7005,1,0
B,D,B,5308,100,5308,1,0
B,E,B,5151,100,5151,1,0
B,F,B,1356,100,1356,1,0
B,G,B,7096,100,7096,1,0
B,H,B,5763,100,5763,1,0
A,C,C,10613,100,10613,1,0
B,C,C,7014,100,7014,1,0
C,D,C,8729,100,8729,1,0
C,E,C,10833,100,10833,1,0
C,F,C,7171,100,7171,1,0
C,G,C,1328,100,1328,1,0
C,H,C,8994,100,8994,1,0
A,D,D,9517,100,9517,1,0
B,D,D,5307,100,5307,1,0
C,D,D,8744,100,8744,1,0
D,E,D,9887,100,9887,1,0
D,F,D,5345,100,5345,1,0
D,G,D,8913,100,8913,1,0
D,H,D,1486,100,1486,1,0
A,E,E,1397,100,1397,1,0
B,E,E,5212,100,5212,1,0
C,E,E,10777,100,10777,1,0
D,E,E,9904,100,9904,1,0
E,F,E,5077,100,5077,1,0
E,G,E,10626,100,10626,1,0
E,H,E,10152,100,10152,1,0
A,F,F,5010,100,5010,1,0
B,F,F,1369,100,1369,1,0
C,F,F,7190,100,7190,1,0
D,F,F,5387,100,5387,1,0
E,F,F,5102,100,5102,1,0
F,G,F,6967,100,6967,1,0
F,H,F,5485,100,5485,1,0
A,G,G,10648,100,10648,1,0
B,G,G,7077,100,7077,1,0
C,G,G,1410,100,1410,1,0
D,G,G,8891,100,8891,1,0
E,G,G,10685,100,10685,1,0
F,G,G,6980,100,6980,1,0
G,H,G,8897,100,8897,1,0
A,H,H,9962,100,9962,1,0
B,H,H,5745,100,5745,1,0
C,H,H,8887,100,8887,1,0
D,H,H,1506,100,1506,1,0
E,H,H,10145,100,10145,1,0
F,H,H,5435,100,5435,1,0
G,H,H,8852,100,8852,1,0
A,B,A,4800,100,4800,1,0
A,C,A,10696,100,10696,1,0
A,D,A,9543,100,9543,1,0
A,E,A,1395,100,1395,1,0
A,F,A,4994,100,4994,1,0
A,G,A,10635,100,10635,1,0
A,H,A,9935,100,9935,1,0
A,B,B,4764,100,4764,1,0
B,C,B,7023,100,7023,1,0
B,D,B,5299,100,5299,1,0
B,E,B,5178,100,5178,1,0
B,F,B,1370,100,1370,1,0
B,G,B,7067,100,7067,1,0
B,H,B,5707,100,5707,1,0
A,C,C,10664,100,10664,1,0
B,C,C,7033,100,7033,1,0
C,D,C,8759,100,8759,1,0
C,E,C,10837,100,10837,1,0
C,F,C,7187,100,7187,1,0
C,G,C,1386,100,1386,1,0
C,H,C,8967,100,8967,1,0
A,D,D,9535,100,9535,1,0
B,D,D,5263,100,5263,1,0
C,D,D,8716,100,8716,1,0
D,E,D,9898,100,9898,1,0
D,F,D,5354,100,5354,1,0
D,G,D,8898,100,8898,1,0
D,H,D,1496,100,1496,1,0
A,E,E,1380,100,1380,1,0
B,E,E,5204,100,5204,1,0
C,E,E,10836,100,10836,1,0
D,E,E,9948,100,9948,1,0
E,F,E,5110,100,5110,1,0
E,G,E,10621,100,10621,1,0
E,H,E,10124,100,10124,1,0
A,F,F,5047,100,5047,1,0
B,F,F,1345,100,1345,1,0
C,F,F,7176,100,7176,1,0
D,F,F,5375,100,5375,1,0
E,F,F,5063,100,5063,1,0
F,G,F,6985,100,6985,1,0
F,H,F,5420,100,5420,1,0
A,G,G,10628,100,10628,1,0
B,G,G,7073,100,7073,1,0
C,G,G,1383,100,1383,1,0
D,G,G,8912,100,8912,1,0
E,G,G,10612,100,10612,1,0
F,G,G,6973,100,6973,1,0
G,H,G,8871,100,8871,1,0
A,H,H,9977,100,9977,1,0
B,H,H,5762,100,5762,1,0
C,H,H,8962,100,8962,1,0
D,H,H,1483,100,1483,1,0
E,H,H,10130,100,10130,1,0
F,H,H,5459,100,5459,1,0
G,H,H,8884,100,8884,1,0
A,B,A,4773,100,4773,1,0
A,C,A,10615,100,10615,1,0
A,D,A,9545,100,9545,1,0
A,E,A,1394,100,1394,1,0
A,F,A,5062,100,5062,1,0
A,G,A,10643,100,10643,1,0
A,H,A,9992,100,9992,1,0
A,B,B,4763,100,4763,1,0
B,C,B,7032,100,7032,1,0
B,D,B,5265,100,5265,1,0
B,E,B,5178,100,5178,1,0
B,F,B,1346,100,1346,1,0
B,G,B,7074,100,7074,1,0
B,H,B,5781,100,5781,1,0
A,C,C,10655,100,10655,1,0
B,C,C,7018,100,7018,1,0
C,D,C,8718,100,8718,1,0
C,E,C,10826,100,10826,1,0
C,F,C,7201,100,7201,1,0
C,G,C,1338,100,1338,1,0
C,H,C,8905,100,8905,1,0
A,D,D,9520,100,9520,1,0
B,D,D,5265,100,5265,1,0
C,D,D,8734,100,8734,1,0
D,E,D,9905,100,9905,1,0
D,F,D,5329,100,5329,1,0
D,G,D,8932,100,8932,1,0
D,H,D,1505,100,1505,1,0
A,E,E,1435,100,1435,1,0
B,E,E,5134,100,5134,1,0
C,E,E,10834,100,10834,1,0
D,E,E,9913,100,9913,1,0
E,F,E,5097,100,5097,1,0
E,G,E,10610,100,10610,1,0
E,H,E,10113,100,10113,1,0
A,F,F,5026,100,5026,1,0
B,F,F,1397,100,1397,1,0
C,F,F,7188,100,7188,1,0
D,F,F,5397,100,5397,1,0
E,F,F,5098,100,5098,1,0
F,G,F,6996,100,6996,1,0
F,H,F,5448,100,5448,1,0
A,G,G,10602,100,10602,1,0
B,G,G,7087,100,7087,1,0
C,G,G,1339,100,1339,1,0
D,G,G,8937,100,8937,1,0
E,G,G,10610,100,10610,1,0
F,G,G,7028,100,7028,1,0
G,H,G,8899,100,8899,1,0
A,H,H,9931,100,9931,1,0
B,H,H,5752,100,5752,1,0
C,H,H,8972,100,8972,1,0
D,H,H,1543,100,1543,1,0
E,H,H,10150,100,10150,1,0
F,H,H,5462,100,5462,1,0
G,H,H,8879,100,8879,1,0
A,B,A,4805,100,4805,1,0
A,C,A,10594,100,10594,1,0
A,D,A,9517,100,9517,1,0
A,E,A,1371,100,1371,1,0
A,F,A,5113,100,5113,1,0
A,G,A,10621,100,10621,1,0
A,H,A,9965,100,9965,1,0
A,B,B,4787,100,4787,1,0
B,C,B,7002,100,7002,1,0
B,D,B,5320,100,5320,1,0
B,E,B,5179,100,5179,1,0
B,F,B,1349,100,1349,1,0
B,G,B,7059,100,7059,1,0
B,H,B,5734,100,5734,1,0
A,C,C,10629,100,10629,1,0
B,C,C,7020,100,7020,1,0
C,D,C,8755,100,8755,1,0
C,E,C,10781,100,10781,1,0
C,F,C,7212,100,7212,1,0
C,G,C,1350,100,1350,1,0
C,H,C,8930,100,8930,1,0
A,D,D,9528,100,9528,1,0
B,D,D,5288,100,5288,1,0
C,D,D,8758,100,8758,1,0
D,E,D,9887,100,9887,1,0
D,F,D,5368,100,5368,1,0
D,G,D,8868,100,8868,1,0
D,H,D,1532,100,1532,1,0
A,E,E,1387,100,1387,1,0
B,E,E,5184,100,5184,1,0
C,E,E,10791,100,10791,1,0
D,E,E,9942,100,9942,1,0
E,F,E,5077,100,5077,1,0
E,G,E,10630,100,10630,1,0
E,H,E,10160,100,10160,1,0
A,F,F,5081,100,5081,1,0
B,F,F,1311,100,1311,1,0
C,F,F,7166,100,7166,1,0
D,F,F,5372,100,5372,1,0
E,F,F,5130,100,5130,1,0
F,G,F,7005,100,7005,1,0
F,H,F,5456,100,5456,1,0
A,G,G,10649,100,10649,1,0
B,G,G,7088,100,7088,1,0
C,G,G,1360,100,1360,1,0
D,G,G,8933,100,8933,1,0
E,G,G,10649,100,10649,1,0
F,G,G,7015,100,7015,1,0
G,H,G,8824,100,8824,1,0
A,H,H,9976,100,9976,1,0
B,H,H,5739,100,5739,1,0
C,H,H,8912,100,8912,1,0
D,H,H,1502,100,1502,1,0
E,H,H,10118,100,10118,1,0
F,H,H,5459,100,5459,1,0
G,H,H,8882,100,8882,1,0
A,B,A,4789,100,4789,1,0
A,C,A,10568,100,10568,1,0
A,D,A,9526,100,9526,1,0
A,E,A,1438,100,1438,1,0
A,F,A,5062,100,5062,1,0
A,G,A,10626,100,10626,1,0
A,H,A,9954,100,9954,1,0
A,B,B,4835,100,4835,1,0
B,C,B,6999,100,6999,1,0
B,D,B,5313,100,5313,1,0
B,E,B,5168,100,5168,1,0
B,F,B,1357,100,1357,1,0
B,G,B,7058,100,7058,1,0
B,H,B,5742,100,5742,1,0
A,C,C,10710,100,10710,1,0
B,C,C,7029,100,7029,1,0
C,D,C,8747,100,8747,1,0
C,E,C,10851,100,10851,1,0
C,F,C,7192,100,7192,1,0
C,G,C,1404,100,1404,1,0
C,H,C,8938,100,8938,1,0
A,D,D,9513,100,9513,1,0
B,D,D,5281,100,5281,1,0
C,D,D,8776,100,8776,1,0
D,E,D,9902,100,9902,1,0
D,F,D,5347,100,5347,1,0
D,G,D,8897,100,8897,1,0
D,H,D,1432,100,1432,1,0
A,E,E,1361,100,1361,1,0
B,E,E,5182,100,5182,1,0
C,E,E,10820,100,10820,1,0
D,E,E,9904,100,9904,1,0
E,F,E,5113,100,5113,1,0
E,G,E,10631,100,10631,1,0
E,H,E,10147,100,10147,1,0
A,F,F,5060,100,5060,1,0
B,F,F,1339,100,1339,1,0
C,F,F,7192,100,7192,1,0
D,F,F,5347,100,5347,1,0
E,F,F,5083,100,5083,1,0
F,G,F,6998,100,6998,1,0
F,H,F,5417,100,5417,1,0
A,G,G,10647,100,10647,1,0
B,G,G,7062,100,7062,1,0
C,G,G,1390,100,1390,1,0
D,G,G,8887,100,8887,1,0
E,G,G,10663,100,10663,1,0
F,G,G,6969,100,6969,1,0
G,H,G,8841,100,8841,1,0
A,H,H,9959,100,9959,1,0
B,H,H,5757,100,5757,1,0
C,H,H,8963,100,8963,1,0
D,H,H,1500,100,1500,1,0
E,H,H,10132,100,10132,1,0
F,H,H,5452,100,5452,1,0
G,H,H,8880,100,8880,1,0
A,B,A,4781,100,4781,1,0
A,C,A,10628,100,10628,1,0
A,D,A,9534,100,9534,1,0
A,E,A,1411,100,1411,1,0
A,F,A,5101,100,5101,1,0
A,G,A,10578,100,10578,1,0
A,H,A,9935,100,9935,1,0
A,B,B,4747,100,4747,1,0
B,C,B,7004,100,7004,1,0
B,D,B,5328,100,5328,1,0
B,E,B,5179,100,5179,1,0
B,F,B,1364,100,1364,1,0
B,G,B,7086,100,7086,1,0
B,H,B,5750,100,5750,1,0
A,C,C,10610,100,10610,1,0
B,C,C,7034,100,7034,1,0
C,D,C,8739,100,8739,1,0
C,E,C,10838,100,10838,1,0
C,F,C,7175,100,7175,1,0
C,G,C,1377,100,1377,1,0
C,H,C,8938,100,8938,1,0
A,D,D,9538,100,9538,1,0
B,D,D,5244,100,5244,1,0
C,D,D,8750,100,8750,1,0
D,E,D,9960,100,9960,1,0
D,F,D,5382,100,5382,1,0
D,G,D,8888,100,8888,1,0
D,H,D,1488,100,1488,1,0
A,E,E,1434,100,1434,1,0
B,E,E,5203,100,5203,1,0
C,E,E,10821,100,10821,1,0
D,E,E,9946,100,9946,1,0
E,F,E,5177,100,5177,1,0
E,G,E,10621,100,10621,1,0
E,H,E,10171,100,10171,1,0
A,F,F,5034,100,5034,1,0
B,F,F,1359,100,1359,1,0
C,F,F,7202,100,7202,1,0
D,F,F,5392,100,5392,1,0
E,F,F,5083,100,5083,1,0
F,G,F,6998,100,6998,1,0
F,H,F,5418,100,5418,1,0
A,G,G,10582,100,10582,1,0
B,G,G,7115,100,7115,1,0
C,G,G,1427,100,1427,1,0
D,G,G,8903,100,8903,1,0
E,G,G,10618,100,10618,1,0
F,G,G,7054,100,7054,1,0
G,H,G,8851,100,8851,1,0
A,H,H,9925,100,9925,1,0
B,H,H,5769,100,5769,1,0
C,H,H,8927,100,8927,1,0
D,H,H,1493,100,1493,1,0
E,H,H,10113,100,10113,1,0
F,H,H,5453,100,5453,1,0
G,H,H,8873,100,8873,1,0
A,B,A,4787,100,4787,1,0
A,C,A,10677,100,10677,1,0
A,D,A,9513,100,9513,1,0
A,E,A,1397,100,1397,1,0
A,F,A,5073,100,5073,1,0
A,G,A,10621,100,10621,1,0
A,H,A,9984,100,9984,1,0
A,B,B,4810,100,4810,1,0
B,C,B,6999,100,6999,1,0
B,D,B,5287,100,5287,1,0
B,E,B,5213,100,5213,1,0
B,F,B,1375,100,1375,1,0
B,G,B,7113,100,7113,1,0
B,H,B,5713,100,5713,1,0
A,C,C,10638,100,10638,1,0
B,C,C,7034,100,7034,1,0
C,D,C,8766,100,8766,1,0
C,E,C,10821,100,10821,1,0
C,F,C,7194,100,7194,1,0
C,G,C,1375,100,1375,1,0
C,H,C,8983,100,8983,1,0
A,D,D,9533,100,9533,1,0
B,D,D,5266,100,5266,1,0
C,D,D,8743,100,8743,1,0
D,E,D,9939,100,9939,1,0
D,F,D,5406,100,5406,1,0
D,G,D,8905,100,8905,1,0
D,H,D,1468,100,1468,1,0
A,E,E,1438,100,1438,1,0
B,E,E,5170,100,5170,1,0
C,E,E,10851,100,10851,1,0
D,E,E,9898,100,9898,1,0
E,F,E,5117,100,5117,1,0
E,G,E,10648,100,10648,1,0
E,H,E,10159,100,10159,1,0
A,F,F,5065,100,5065,1,0
B,F,F,1386,100,1386,1,0
C,F,F,7180,100,7180,1,0
D,F,F,5347,100,5347,1,0
E,F,F,5124,100,5124,1,0
F,G,F,7006,100,7006,1,0
F,H,F,5475,100,5475,1,0
A,G,G,10646,100,10646,1,0
B,G,G,7104,100,7104,1,0
C,G,G,1366,100,1366,1,0
D,G,G,8887,100,8887,1,0
E,G,G,10637,100,10637,1,0
F,G,G,7028,100,7028,1,0
G,H,G,8880,100,8880,1,0
A,H,H,9926,100,9926,1,0
B,H,H,5751,100,5751,1,0
C,H,H,8900,100,8900,1,0
D,H,H,1485,100,1485,1,0
E,H,H,10114,100,10114,1,0
F,H,H,5474,100,5474,1,0
G,H,H,8869,100,8869,1,0
A,B,A,4751,100,4751,1,0
A,C,A,10651,100,10651,1,0
A,D,A,9515,100,9515,1,0
A,E,A,1452,100,1452,1,0
A,F,A,5073,100,5073,1,0
A,G,A,10644,100,10644,1,0
A,H,A,9957,100,9957,1,0
A,B,B,4747,100,4747,1,0
B,C,B,7011,100,7011,1,0
B,D,B,5282,100,5282,1,0
B,E,B,5188,100,5188,1,0
B,F,B,1372,100,1372,1,0
B,G,B,7099,100,7099,1,0
B,H,B,5760,100,5760,1,0
A,C,C,10570,100,10570,1,0
B,C,C,6990,100,6990,1,0
C,D,C,8737,100,8737,1,0
C,E,C,10807,100,10807,1,0
C,F,C,7161,100,7161,1,0
C,G,C,1382,100,1382,1,0
C,H,C,9007,100,9007,1,0
A,D,D,9528,100,9528,1,0
B,D,D,5338,100,5338,1,0
C,D,D,8739,100,8739,1,0
D,E,D,9909,100,9909,1,0
D,F,D,5342,100,5342,1,0
D,G,D,8864,100,8864,1,0
D,H,D,1505,100,1505,1,0
A,E,E,1383,100,1383,1,0
B,E,E,5207,100,5207,1,0
C,E,E,10764,100,10764,1,0
D,E,E,9924,100,9924,1,0
E,F,E,5086,100,5086,1,0
E,G,E,10645,100,10645,1,0
E,H,E,10126,100,10126,1,0
A,F,F,5060,100,5060,1,0
B,F,F,1349,100,1349,1,0
C,F,F,7189,100,7189,1,0
D,F,F,5343,100,5343,1,0
E,F,F,5081,100,5081,1,0
F,G,F,6979,100,6979,1,0
F,H,F,5460,100,5460,1,0
A,G,G,10600,100,10600,1,0
B,G,G,7123,100,7123,1,0
C,G,G,1399,100,1399,1,0
D,G,G,8904,100,8904,1,0
E,G,G,10623,100,10623,1,0
F,G,G,6996,100,6996,1,0
G,H,G,8879,100,8879,1,0
A,H,H,9968,100,9968,1,0
B,H,H,5684,100,5684,1,0
C,H,H,8962,100,8962,1,0
D,H,H,1535,100,1535,1,0
E,H,H,10116,100,10116,1,0
F,H,H,5455,100,5455,1,0
G,H,H,8881,100,8881,1,0
A,B,A,4762,100,4762,1,0
A,C,A,10649,100,10649,1,0
A,D,A,9548,100,9548,1,0
A,E,A,1424,100,1424,1,0
A,F,A,5064,100,5064,1,0
A,G,A,10579,100,10579,1,0
A,H,A,9952,100,9952,1,0
A,B,B,4823,100,4823,1,0
B,C,B,7043,100,7043,1,0
B,D,B,5263,100,5263,1,0
B,E,B,5167,100,5167,1,0
B,F,B,1355,100,1355,1,0
B,G,B,7084,100,7084,1,0
B,H,B,5743,100,5743,1,0
A,C,C,10640,100,10640,1,0
B,C,C,7035,100,7035,1,0
C,D,C,8753,100,8753,1,0
C,E,C,10794,100,10794,1,0
C,F,C,7185,100,7185,1,0
C,G,C,1391,100,1391,1,0
C,H,C,8921,100,8921,1,0
A,D,D,9511,100,9511,1,0
B,D,D,5297,100,5297,1,0
C,D,D,8767,100,8767,1,0
D,E,D,9916,100,9916,1,0
D,F,D,5388,100,5388,1,0
D,G,D,8902,100,8902,1,0
D,H,D,1441,100,1441,1,0
A,E,E,1382,100,1382,1,0
B,E,E,5205,100,5205,1,0
C,E,E,10837,100,10837,1,0
D,E,E,9892,100,9892,1,0
E,F,E,5074,100,5074,1,0
E,G,E,10642,100,10642,1,0
E,H,E,10123,100,10123,1,0
A,F,F,5036,100,5036,1,0
B,F,F,1360,100,1360,1,0
C,F,F,7228,100,7228,1,0
D,F,F,5375,100,5375,1,0
E,F,F,5094,100,5094,1,0
F,G,F,6987,100,6987,1,0
F,H,F,5427,100,5427,1,0
A,G,G,10581,100,10581,1,0
B,G,G,7073,100,7073,1,0
C,G,G,1351,100,1351,1,0
D,G,G,8861,100,8861,1,0
E,G,G,10608,100,10608,1,0
F,G,G,6993,100,6993,1,0
G,H,G,8884,100,8884,1,0
A,H,H,9999,100,9999,1,0
B,H,H,5691,100,5691,1,0
C,H,H,8945,100,8945,1,0
D,H,H,1490,100,1490,1,0
E,H,H,10111,100,10111,1,0
F,H,H,5430,100,5430,1,0
G,H,H,8883,100,8883,1,0
A,B,A,4816,100,4816,1,0
A,C,A,10660,100,10660,1,0
A,D,A,9537,100,9537,1,0
A,E,A,1362,100,1362,1,0
A,F,A,5033,100,5033,1,0
A,G,A,10620,100,10620,1,0
A,H,A,9947,100,9947,1,0
A,B,B,4788,100,4788,1,0
B,C,B,6993,100,6993,1,0
B,D,B,5227,100,5227,1,0
B,E,B,5157,100,5157,1,0
B,F,B,1382,100,1382,1,0
B,G,B,7067,100,7067,1,0
B,H,B,5759,100,5759,1,0
A,C,C,10669,100,10669,1,0
B,C,C,6983,100,6983,1,0
C,D,C,8725,100,8725,1,0
C,E,C,10810,100,10810,1,0
C,F,C,7206,100,7206,1,0
C,G,C,1375,100,1375,1,0
C,H,C,8932,100,8932,1,0
A,D,D,9513,100,9513,1,0
B,D,D,5260,100,5260,1,0
C,D,D,8747,100,8747,1,0
D,E,D,9945,100,9945,1,0
D,F,D,5377,100,5377,1,0
D,G,D,8916,100,8916,1,0
D,H,D,1521,100,1521,1,0
A,E,E,1470,100,1470,1,0
B,E,E,5190,100,5190,1,0
C,E,E,10818,100,10818,1,0
D,E,E,9881,100,9881,1,0
E,F,E,5107,100,5107,1,0
E,G,E,10638,100,10638,1,0
E,H,E,10148,100,10148,1,0
A,F,F,5057,100,5057,1,0
B,F,F,1329,100,1329,1,0
C,F,F,7182,100,7182,1,0
D,F,F,5357,100,5357,1,0
E,F,F,5115,100,5115,1,0
F,G,F,6982,100,6982,1,0
F,H,F,5493,100,5493,1,0
A,G,G,10597,100,10597,1,0
B,G,G,7078,100,7078,1,0
C,G,G,1355,100,1355,1,0
D,G,G,8883,100,8883,1,0
E,G,G,10644,100,10644,1,0
F,G,G,7007,100,7007,1,0
G,H,G,8877,100,8877,1,0
A,H,H,9945,100,9945,1,0
B,H,H,5753,100,5753,1,0
C,H,H,8922,100,8922,1,0
D,H,H,1492,100,1492,1,0
E,H,H,10141,100,10141,1,0
F,H,H,5460,100,5460,1,0
G,H,H,8873,100,8873,1,0
A,B,A,4746,100,4746,1,0
A,C,A,10678,100,10678,1,0
A,D,A,9503,100,9503,1,0
A,E,A,1422,100,1422,1,0
A,F,A,5039,100,5039,1,0
A,G,A,10607,100,10607,1,0
A,H,A,9930,100,9930,1,0
A,B,B,4729,100,4729,1,0
B,C,B,6983,100,6983,1,0
B,D,B,5270,100,5270,1,0
B,E,B,5164,100,5164,1,0
B,F,B,1343,100,1343,1,0
B,G,B,7101,100,7101,1,0
B,H,B,5756,100,5756,1,0
A,C,C,10632,100,10632,1,0
B,C,C,7023,100,7023,1,0
C,D,C,8750,100,8750,1,0
C,E,C,10859,100,10859,1,0
C,F,C,7172,100,7172,1,0
C,G,C,1363,100,1363,1,0
C,H,C,9005,100,9005,1,0
A,D,D,9530,100,9530,1,0
B,D,D,5247,100,5247,1,0
C,D,D,8752,100,8752,1,0
D,E,D,9899,100,9899,1,0
D,F,D,5368,100,5368,1,0
D,G,D,8911,100,8911,1,0
D,H,D,1470,100,1470,1,0
A,E,E,1402,100,1402,1,0
B,E,E,5155,100,5155,1,0
C,E,E,10842,100,10842,1,0
D,E,E,9897,100,9897,1,0
E,F,E,5097,100,5097,1,0
E,G,E,10639,100,10639,1,0
E,H,E,10189,100,10189,1,0
A,F,F,5060,100,5060,1,0
B,F,F,1350,100,1350,1,0
C,F,F,7201,100,7201,1,0
D,F,F,5376,100,5376,1,0
E,F,F,5095,100,5095,1,0
F,G,F,6988,100,6988,1,0
F,H,F,5516,100,5516,1,0
A,G,G,10644,100,10644,1,0
B,G,G,7059,100,7059,1,0
C,G,G,1392,100,1392,1,0
D,G,G,8883,100,8883,1,0
E,G,G,10631,100,10631,1,0
F,G,G,7005,100,7005,1,0
G,H,G,8864,100,8864,1,0
A,H,H,9973,100,9973,1,0
B,H,H,5776,100,5776,1,0
C,H,H,8960,100,8960,1,0
D,H,H,1465,100,1465,1,0
E,H,H,10149,100,10149,1,0
F,H,H,5464,100,5464,1,0
G,H,H,8906,100,8906,1,0
A,B,A,4784,100,4784,1,0
A,C,A,10553,100,10553,1,0
A,D,A,9527,100,9527,1,0
A,E,A,1400,100,1400,1,0
A,F,A,5026,100,5026,1,0
A,G,A,10616,100,10616,1,0
A,H,A,9942,100,9942,1,0
A,B,B,4768,100,4768,1,0
B,C,B,7017,100,7017,1,0
B,D,B,5308,100,5308,1,0
B,E,B,5177,100,5177,1,0
B,F,B,1341,100,1341,1,0
B,G,B,7079,100,7079,1,0
B,H,B,5835,100,5835,1,0
A,C,C,10647,100,10647,1,0
B,C,C,7000,100,7000,1,0
C,D,C,8747,100,8747,1,0
C,E,C,10814,100,10814,1,0
C,F,C,7180,100,7180,1,0
C,G,C,1384,100,1384,1,0
C,H,C,8948,100,8948,1,0
A,D,D,9514,100,9514,1,0
B,D,D,5254,100,5254,1,0
C,D,D,8797,100,8797,1,0
D,E,D,9933,100,9933,1,0
D,F,D,5376,100,5376,1,0
D,G,D,8864,100,8864,1,0
D,H,D,1506,100,1506,1,0
A,E,E,1374,100,1374,1,0
B,E,E,5180,100,5180,1,0
C,E,E,10839,100,10839,1,0
D,E,E,9924,100,9924,1,0
E,F,E,5117,100,5117,1,0
E,G,E,10638,100,10638,1,0
E,H,E,10118,100,10118,1,0
A,F,F,5056,100,5056,1,0
B,F,F,1353,100,1353,1,0
C,F,F,7189,100,7189,1,0
D,F,F,5382,100,5382,1,0
E,F,F,5104,100,5104,1,0
F,G,F,6986,100,6986,1,0
F,H,F,5511,100,5511,1,0
A,G,G,10627,100,10627,1,0
B,G,G,7092,100,7092,1,0
C,G,G,1359,100,1359,1,0
D,G,G,8914,100,8914,1,0
E,G,G,10631,100,10631,1,0
F,G,G,7001,100,7001,1,0
G,H,G,8860,100,8860,1,0
A,H,H,9928,100,9928,1,0
B,H,H,5704,100,5704,1,0
C,H,H,8909,100,8909,1,0
D,H,H,1483,100,1483,1,0
E,H,H,10148,100,10148,1,0
F,H,H,5484,100,5484,1,0
G,H,H,8861,100,8861,1,0
A,B,A,4762,100,4762,1,0
A,C,A,10671,100,10671,1,0
A,D,A,9538,100,9538,1,0
A,E,A,1412,100,1412,1,0
A,F,A,5056,100,5056,1,0
A,G,A,10640,100,10640,1,0
A,H,A,9937,100,9937,1,0
A,B,B,4746,100,4746,1,0
B,C,B,6996,100,6996,1,0
B,D,B,5283,100,5283,1,0
B,E,B,5200,100,5200,1,0
B,F,B,1338,100,1338,1,0
B,G,B,7100,100,7100,1,0
B,H,B,5730,100,5730,1,0
A,C,C,10729,100,10729,1,0
B,C,C,7021,100,7021,1,0
C,D,C,8726,100,8726,1,0
C,E,C,10829,100,10829,1,0
C,F,C,7203,100,7203,1,0
C,G,C,1333,100,1333,1,0
C,H,C,8942,100,8942,1,0
A,D,D,9536,100,9536,1,0
B,D,D,5276,100,5276,1,0
C,D,D,8728,100,8728,1,0
D,E,D,9891,100,9891,1,0
D,F,D,5348,100,5348,1,0
D,G,D,8903,100,8903,1,0
D,H,D,1535,100,1535,1,0
A,E,E,1395,100,1395,1,0
B,E,E,5146,100,5146,1,0
C,E,E,10856,100,10856,1,0
D,E,E,10014,100,10014,1,0
E,F,E,5104,100,5104,1,0
E,G,E,10635,100,10635,1,0
E,H,E,10123,100,10123,1,0
A,F,F,5049,100,5049,1,0
B,F,F,1372,100,1372,1,0
C,F,F,7201,100,7201,1,0
D,F,F,5407,100,5407,1,0
E,F,F,5139,100,5139,1,0
F,G,F,7018,100,7018,1,0
F,H,F,5431,100,5431,1,0
A,G,G,10617,100,10617,1,0
B,G,G,7079,100,7079,1,0
C,G,G,1356,100,1356,1,0
D,G,G,8914,100,8914,1,0
E,G,G,10618,100,10618,1,0
F,G,G,7005,100,7005,1,0
G,H,G,8886,100,8886,1,0
A,H,H,9898,100,9898,1,0
B,H,H,5709,100,5709,1,0
C,H,H,8950,100,8950,1,0
D,H,H,1520,100,1520,1,0
E,H,H,10147,100,10147,1,0
F,H,H,5486,100,5486,1,0
G,H,H,8850,100,8850,1,0
A,B,A,4811,100,4811,1,0
A,C,A,10626,100,10626,1,0
A,D,A,9516,100,9516,1,0
A,E,A,1357,100,1357,1,0
A,F,A,5064,100,5064,1,0
A,G,A,10595,100,10595,1,0
A,H,A,9924,100,9924,1,0
A,B,B,4752,100,4752,1,0
B,C,B,7011,100,7011,1,0
B,D,B,5304,100,5304,1,0
B,E,B,5147,100,5147,1,0
B,F,B,1333,100,1333,1,0
B,G,B,7072,100,7072,1,0
B,H,B,5726,100,5726,1,0
A,C,C,10615,100,10615,1,0
B,C,C,7054,100,7054,1,0
C,D,C,8772,100,8772,1,0
C,E,C,10775,100,10775,1,0
C,F,C,7171,100,7171,1,0
C,G,C,1387,100,1387,1,0
C,H,C,8959,100,8959,1,0
A,D,D,9512,100,9512,1,0
B,D,D,5283,100,5283,1,0
C,D,D,8743,100,8743,1,0
D,E,D,9951,100,9951,1,0
D,F,D,5354,100,5354,1,0
D,G,D,8888,100,8888,1,0
D,H,D,1501,100,1501,1,0
A,E,E,1372,100,1372,1,0
B,E,E,5176,100,5176,1,0
C,E,E,10800,100,10800,1,0
D,E,E,9883,100,9883,1,0
E,F,E,5083,100,5083,1,0
E,G,E,10636,100,10636,1,0
E,H,E,10096,100,10096,1,0
A,F,F,5066,100,5066,1,0
B,F,F,1345,100,1345,1,0
C,F,F,7176,100,7176,1,0
D,F,F,5370,100,5370,1,0
E,F,F,5092,100,5092,1,0
F,G,F,6984,100,6984,1,0
F,H,F,5463,100,5463,1,0
A,G,G,10658,100,10658,1,0
B,G,G,7098,100,7098,1,0
C,G,G,1377,100,1377,1,0
D,G,G,8925,100,8925,1,0
E,G,G,10640,100,10640,1,0
F,G,G,6987,100,6987,1,0
G,H,G,8853,100,8853,1,0
A,H,H,9944,100,9944,1,0
B,H,H,5688,100,5688,1,0
C,H,H,8920,100,8920,1,0
D,H,H,1554,100,1554,1,0
E,H,H,10114,100,10114,1,0
F,H,H,5467,100,5467,1,0
G,H,H,8866,100,8866,1,0
A,B,A,4768,100,4768,1,0
A,C,A,10617,100,10617,1,0
A,D,A,9541,100,9541,1,0
A,E,A,1377,100,1377,1,0
A,F,A,5058,100,5058,1,0
A,G,A,10574,100,10574,1,0
A,H,A,9944,100,9944,1,0
A,B,B,4721,100,4721,1,0
B,C,B,7002,100,7002,1,0
B,D,B,5258,100,5258,1,0
B,E,B,5171,100,5171,1,0
B,F,B,1373,100,1373,1,0
B,G,B,7087,100,7087,1,0
B,H,B,5751,100,5751,1,0
A,C,C,10667,100,10667,1,0
B,C,C,6969,100,6969,1,0
C,D,C,8744,100,8744,1,0
C,E,C,10831,100,10831,1,0
C,F,C,7200,100,7200,1,0
C,G,C,1363,100,1363,1,0
C,H,C,8970,100,8970,1,0
A,D,D,9511,100,9511,1,0
B,D,D,5277,100,5277,1,0
C,D,D,8737,100,8737,1,0
D,E,D,9982,100,9982,1,0
D,F,D,5366,100,5366,1,0
D,G,D,8901,100,8901,1,0
D,H,D,1549,100,1549,1,0
A,E,E,1456,100,1456,1,0
B,E,E,5174,100,5174,1,0
C,E,E,10779,100,10779,1,0
D,E,E,9972,100,9972,1,0
E,F,E,5122,100,5122,1,0
E,G,E,10610,100,10610,1,0
E,H,E,10184,100,10184,1,0
A,F,F,5061,100,5061,1,0
B,F,F,1376,100,1376,1,0
C,F,F,7187,100,7187,1,0
D,F,F,5352,100,5352,1,0
E,F,F,5119,100,5119,1,0
F,G,F,6990,100,6990,1,0
F,H,F,5409,100,5409,1,0
A,G,G,10616,100,10616,1,0
B,G,G,7044,100,7044,1,0
C,G,G,1388,100,1388,1,0
D,G,G,8875,100,8875,1,0
E,G,G,10647,100,10647,1,0
F,G,G,7019,100,7019,1,0
G,H,G,8871,100,8871,1,0
A,H,H,9980,100,9980,1,0
B,H,H,5742,100,5742,1,0
C,H,H,8912,100,8912,1,0
D,H,H,1526,100,1526,1,0
E,H,H,10143,100,10143,1,0
F,H,H,5430,100,5430,1,0
G,H,H,8889,100,8889,1,0
A,B,A,4761,100,4761,1,0
A,C,A,10649,100,10649,1,0
A,D,A,9546,100,9546,1,0
A,E,A,1416,100,1416,1,0
A,F,A,5047,100,5047,1,0
A,G,A,10594,100,10594,1,0
A,H,A,9936,100,9936,1,0
A,B,B,4763,100,4763,1,0
B,C,B,7033,100,7033,1,0
B,D,B,5311,100,5311,1,0
B,E,B,5196,100,5196,1,0
B,F,B,1374,100,1374,1,0
B,G,B,7071,100,7071,1,0
B,H,B,5747,100,5747,1,0
A,C,C,10670,100,10670,1,0
B,C,C,7037,100,7037,1,0
C,D,C,8728,100,8728,1,0
C,E,C,10857,100,10857,1,0
C,F,C,7213,100,7213,1,0
C,G,C,1360,100,1360,1,0
C,H,C,8913,100,8913,1,0
A,D,D,9514,100,9514,1,0
B,D,D,5251,100,5251,1,0
C,D,D,8739,100,8739,1,0
D,E,D,9983,100,9983,1,0
D,F,D,5355,100,5355,1,0
D,G,D,8883,100,8883,1,0
D,H,D,1505,100,1505,1,0
A,E,E,1449,100,1449,1,0
B,E,E,5213,100,5213,1,0
C,E,E,10772,100,10772,1,0
D,E,E,9940,100,9940,1,0
E,F,E,5122,100,5122,1,0
E,G,E,10621,100,10621,1,0
E,H,E,10131,100,10131,1,0
A,F,F,5068,100,5068,1,0
B,F,F,1349,100,1349,1,0
C,F,F,7180,100,7180,1,0
D,F,F,5374,100,5374,1,0
E,F,F,5137,100,5137,1,0
F,G,F,6990,100,6990,1,0
F,H,F,5433,100,5433,1,0
A,G,G,10640,100,10640,1,0
B,G,G,7080,100,7080,1,0
C,G,G,1384,100,1384,1,0
D,G,G,8890,100,8890,1,0
E,G,G,10644,100,10644,1,0
F,G,G,7028,100,7028,1,0
G,H,G,8870,100,8870,1,0
A,H,H,9924,100,9924,1,0
B,H,H,5702,100,5702,1,0
C,H,H,8958,100,8958,1,0
D,H,H,1494,100,1494,1,0
E,H,H,10126,100,10126,1,0
F,H,H,5450,100,5450,1,0
G,H,H,8853,100,8853,1,0
A,B,A,4781,100,4781,1,0
A,C,A,10608,100,10608,1,0
A,D,A,9515,100,9515,1,0
A,E,A,1433,100,1433,1,0
A,F,A,5040,100,5040,1,0
A,G,A,10637,100,10637,1,0
A,H,A,9941,100,9941,1,0
A,B,B,4751,100,4751,1,0
B,C,B,7006,100,7006,1,0
B,D,B,5320,100,5320,1,0
B,E,B,5197,100,5197,1,0
B,F,B,1339,100,1339,1,0
B,G,B,7062,100,7062,1,0
B,H,B,5738,100,5738,1,0
A,C,C,10649,100,10649,1,0
B,C,C,7024,100,7024,1,0
C,D,C,8737,100,8737,1,0
C,E,C,10823,100,10823,1,0
C,F,C,7206,100,7206,1,0
C,G,C,1377,100,1377,1,0
C,H,C,8983,100,8983,1,0
A,D,D,9524,100,9524,1,0
B,D,D,5286,100,5286,1,0
C,D,D,8726,100,8726,1,0
D,E,D,9923,100,9923,1,0
D,F,D,5380,100,5380,1,0
D,G,D,8917,100,8917,1,0
D,H,D,1514,100,1514,1,0
A,E,E,1440,100,1440,1,0
B,E,E,5165,100,5165,1,0
C,E,E,10836,100,10836,1,0
D,E,E,9896,100,9896,1,0
E,F,E,5080,100,5080,1,0
E,G,E,10622,100,10622,1,0
E,H,E,10164,100,10164,1,0
A,F,F,5077,100,5077,1,0
B,F,F,1363,100,1363,1,0
C,F,F,7178,100,7178,1,0
D,F,F,5348,100,5348,1,0
E,F,F,5108,100,5108,1,0
F,G,F,6982,100,6982,1,0
F,H,F,5443,100,5443,1,0
A,G,G,10653,100,10653,1,0
B,G,G,7046,100,7046,1,0
C,G,G,1358,100,1358,1,0
D,G,G,8900,100,8900,1,0
E,G,G,10648,100,10648,1,0
F,G,G,6969,100,6969,1,0
G,H,G,8866,100,8866,1,0
A,H,H,9935,100,9935,1,0
B,H,H,5680,100,5680,1,0
C,H,H,8952,100,8952,1,0
D,H,H,1452,100,1452,1,0
E,H,H,10160,100,10160,1,0
F,H,H,5490,100,5490,1,0
G,H,H,8846,100,8846,1,0
A,B,A,4769,100,4769,1,0
A,C,A,10675,100,10675,1,0
A,D,A,9539,100,9539,1,0
A,E,A,1373,100,1373,1,0
A,F,A,4994,100,4994,1,0
A,G,A,10585,100,10585,1,0
A,H,A,9976,100,9976,1,0
A,B,B,4754,100,4754,1,0
B,C,B,7012,100,7012,1,0
B,D,B,5343,100,5343,1,0
B,E,B,5156,100,5156,1,0
B,F,B,1389,100,1389,1,0
B,G,B,7096,100,7096,1,0
B,H,B,5763,100,5763,1,0
A,C,C,10626,100,10626,1,0
B,C,C,7019,100,7019,1,0
C,D,C,8770,100,8770,1,0
C,E,C,10812,100,10812,1,0
C,F,C,7159,100,7159,1,0
C,G,C,1373,100,1373,1,0
C,H,C,8924,100,8924,1,0
A,D,D,9523,100,9523,1,0
B,D,D,5272,100,5272,1,0
C,D,D,8752,100,8752,1,0
D,E,D,9918,100,9918,1,0
D,F,D,5335,100,5335,1,0
D,G,D,8889,100,8889,1,0
D,H,D,1457,100,1457,1,0
A,E,E,1378,100,1378,1,0
B,E,E,5162,100,5162,1,0
C,E,E,10828,100,10828,1,0
D,E,E,9925,100,9925,1,0
E,F,E,5066,100,5066,1,0
E,G,E,10674,100,10674,1,0
E,H,E,10159,100,10159,1,0
A,F,F,5054,100,5054,1,0
B,F,F,1378,100,1378,1,0
C,F,F,7186,100,7186,1,0
D,F,F,5356,100,5356,1,0
E,F,F,5102,100,5102,1,0
F,G,F,7014,100,7014,1,0
F,H,F,5516,100,5516,1,0
A,G,G,10608,100,10608,1,0
B,G,G,7094,100,7094,1,0
C,G,G,1340,100,1340,1,0
D,G,G,8933,100,8933,1,0
E,G,G,10643,100,10643,1,0
F,G,G,6992,100,6992,1,0
G,H,G,8888,100,8888,1,0
A,H,H,9959,100,9959,1,0
B,H,H,5743,100,5743,1,0
C,H,H,8964,100,8964,1,0
D,H,H,1479,100,1479,1,0
E,H,H,10137,100,10137,1,0
F,H,H,5509,100,5509,1,0
G,H,H,8862,100,8862,1,0
A,B,A,4783,100,4783,1,0
A,C,A,10607,100,10607,1,0
A,D,A,9520,100,9520,1,0
A,E,A,1408,100,1408,1,0
A,F,A,4994,100,4994,1,0
A,G,A,10604,100,10604,1,0
A,H,A,9932,100,9932,1,0
A,B,B,4750,100,4750,1,0
B,C,B,7017,100,7017,1,0
B,D,B,5308,100,5308,1,0
B,E,B,5190,100,5190,1,0
B,F,B,1355,100,1355,1,0
B,G,B,7100,100,7100,1,0
B,H,B,5718,100,5718,1,0
A,C,C,10681,100,10681,1,0
B,C,C,7026,100,7026,1,0
C,D,C,8763,100,8763,1,0
C,E,C,10802,100,10802,1,0
C,F,C,7199,100,7199,1,0
C,G,C,1403,100,1403,1,0
C,H,C,8938,100,8938,1,0
A,D,D,9507,100,9507,1,0
B,D,D,5260,100,5260,1,0
C,D,D,8738,100,8738,1,0
D,E,D,9896,100,9896,1,0
D,F,D,5336,100,5336,1,0
D,G,D,8893,100,8893,1,0
D,H,D,1526,100,1526,1,0
A,E,E,1438,100,1438,1,0
B,E,E,5171,100,5171,1,0
C,E,E,10810,100,10810,1,0
D,E,E,9918,100,9918,1,0
E,F,E,5096,100,5096,1,0
E,G,E,10645,100,10645,1,0
E,H,E,10160,100,10160,1,0
A,F,F,5053,100,5053,1,0
B,F,F,1382,100,1382,1,0
C,F,F,7178,100,7178,1,0
D,F,F,5349,100,5349,1,0
E,F,F,5110,100,5110,1,0
F,G,F,7008,100,7008,1,0
F,H,F,5441,100,5441,1,0
A,G,G,10622,100,10622,1,0
B,G,G,7096,100,7096,1,0
C,G,G,1362,100,1362,1,0
D,G,G,8905,100,8905,1,0
E,G,G,10635,100,10635,1,0
F,G,G,7010,100,7010,1,0
G,H,G,8903,100,8903,1,0
A,H,H,9940,100,9940,1,0
B,H,H,5751,100,5751,1,0
C,H,H,8938,100,8938,1,0
D,H,H,1476,100,1476,1,0
E,H,H,10178,100,10178,1,0
F,H,H,5465,100,5465,1,0
G,H,H,8875,100,8875,1,0
A,B,A,4775,100,4775,1,0
A,C,A,10709,100,10709,1,0
A,D,A,9534,100,9534,1,0
A,E,A,1445,100,1445,1,0
A,F,A,5022,100,5022,1,0
A,G,A,10572,100,10572,1,0
A,H,A,9940,100,9940,1,0
A,B,B,4767,100,4767,1,0
B,C,B,7005,100,7005,1,0
B,D,B,5303,100,5303,1,0
B,E,B,5208,100,5208,1,0
B,F,B,1332,100,1332,1,0
B,G,B,7089,100,7089,1,0
B,H,B,5711,100,5711,1,0
A,C,C,10623,100,10623,1,0
B,C,C,7027,100,7027,1,0
C,D,C,8779,100,8779,1,0
C,E,C,10835,100,10835,1,0
C,F,C,7204,100,7204,1,0
C,G,C,1322,100,1322,1,0
C,H,C,8967,100,8967,1,0
A,D,D,9533,100,9533,1,0
B,D,D,5291,100,5291,1,0
C,D,D,8754,100,8754,1,0
D,E,D,9951,100,9951,1,0
D,F,D,5386,100,5386,1,0
D,G,D,8931,100,8931,1,0
D,H,D,1481,100,1481,1,0
A,E,E,1375,100,1375,1,0
B,E,E,5216,100,5216,1,0
C,E,E,10843,100,10843,1,0
D,E,E,9931,100,9931,1,0
E,F,E,5113,100,5113,1,0
E,G,E,10616,100,10616,1,0
E,H,E,10169,100,10169,1,0
A,F,F,5062,100,5062,1,0
B,F,F,1335,100,1335,1,0
C,F,F,7207,100,7207,1,0
D,F,F,5355,100,5355,1,0
E,F,F,5081,100,5081,1,0
F,G,F,6996,100,6996,1,0
F,H,F,5459,100,5459,1,0
A,G,G,10625,100,10625,1,0
B,G,G,7038,100,7038,1,0
C,G,G,1385,100,1385,1,0
D,G,G,8890,100,8890,1,0
E,G,G,10659,100,10659,1,0
F,G,G,6996,100,6996,1,0
G,H,G,8894,100,8894,1,0
A,H,H,9978,100,9978,1,0
B,H,H,5771,100,5771,1,0
C,H,H,8944,100,8944,1,0
D,H,H,1451,100,1451,1,0
E,H,H,10170,100,10170,1,0
F,H,H,5485,100,5485,1,0
G,H,H,8853,100,8853,1,0
A,B,A,4763,100,4763,1,0
A,C,A,10657,100,10657,1,0
A,D,A,9528,100,9528,1,0
A,E,A,1434,100,1434,1,0
A,F,A,5101,100,5101,1,0
A,G,A,10663,100,10663,1,0
A,H,A,9970,100,9970,1,0
A,B,B,4729,100,4729,1,0
B,C,B,6998,100,6998,1,0
B,D,B,5275,100,5275,1,0
B,E,B,5177,100,5177,1,0
B,F,B,1350,100,1350,1,0
B,G,B,7044,100,7044,1,0
B,H,B,5757,100,5757,1,0
A,C,C,10614,100,10614,1,0
B,C,C,7028,100,7028,1,0
C,D,C,8773,100,8773,1,0
C,E,C,10828,100,10828,1,0
C,F,C,7201,100,7201,1,0
C,G,C,1435,100,1435,1,0
C,H,C,8899,100,8899,1,0
A,D,D,9572,100,9572,1,0
B,D,D,5221,100,5221,1,0
C,D,D,8745,100,8745,1,0
D,E,D,9921,100,9921,1,0
D,F,D,5372,100,5372,1,0
D,G,D,8885,100,8885,1,0
D,H,D,1561,100,1561,1,0
A,E,E,1429,100,1429,1,0
B,E,E,5195,100,5195,1,0
C,E,E,10806,100,10806,1,0
D,E,E,9856,100,9856,1,0
E,F,E,5108,100,5108,1,0
E,G,E,10620,100,10620,1,0
E,H,E,10167,100,10167,1,0
A,F,F,5119,100,5119,1,0
B,F,F,1362,100,1362,1,0
C,F,F,7201,100,7201,1,0
D,F,F,5369,100,5369,1,0
E,F,F,5069,100,5069,1,0
F,G,F,6992,100,6992,1,0
F,H,F,5452,100,5452,1,0
A,G,G,10620,100,10620,1,0
B,G,G,7081,100,7081,1,0
C,G,G,1367,100,1367,1,0
D,G,G,8878,100,8878,1,0
E,G,G,10646,100,10646,1,0
F,G,G,6987,100,6987,1,0
G,H,G,8824,100,8824,1,0
A,H,H,9933,100,9933,1,0
B,H,H,5743,100,5743,1,0
C,H,H,8974,100,8974,1,0
D,H,H,1473,100,1473,1,0
E,H,H,10141,100,10141,1,0
F,H,H,5464,100,5464,1,0
G,H,H,8895,100,8895,1,0
A,B,A,4767,100,4767,1,0
A,C,A,10609,100,10609,1,0
A,D,A,9522,100,9522,1,0
A,E,A,1402,100,1402,1,0
A,F,A,5077,100,5077,1,0
A,G,A,10648,100,10648,1,0
A,H,A,9939,100,9939,1,0
A,B,B,4765,100,4765,1,0
B,C,B,6991,100,6991,1,0
B,D,B,5318,100,5318,1,0
B,E,B,5179,100,5179,1,0
B,F,B,1350,100,1350,1,0
B,G,B,7073,100,7073,1,0
B,H,B,5746,100,5746,1,0
A,C,C,10641,100,10641,1,0
B,C,C,7007,100,7007,1,0
C,D,C,8721,100,8721,1,0
C,E,C,10827,100,10827,1,0
C,F,C,7194,100,7194,1,0
C,G,C,1397,100,1397,1,0
C,H,C,8947,100,8947,1,0
A,D,D,9547,100,9547,1,0
B,D,D,5306,100,5306,1,0
C,D,D,8749,100,8749,1,0
D,E,D,9899,100,9899,1,0
D,F,D,5342,100,5342,1,0
D,G,D,8862,100,8862,1,0
D,H,D,1462,100,1462,1,0
A,E,E,1384,100,1384,1,0
B,E,E,5164,100,5164,1,0
C,E,E,10814,100,10814,1,0
D,E,E,9952,100,9952,1,0
E,F,E,5117,100,5117,1,0
E,G,E,10658,100,10658,1,0
E,H,E,10126,100,10126,1,0
A,F,F,5103,100,5103,1,0
B,F,F,1361,100,1361,1,0
C,F,F,7218,100,7218,1,0
D,F,F,5345,100,5345,1,0
E,F,F,5098,100,5098,1,0
F,G,F,6971,100,6971,1,0
F,H,F,5465,100,5465,1,0
A,G,G,10596,100,10596,1,0
B,G,G,7079,100,7079,1,0
C,G,G,1409,100,1409,1,0
D,G,G,8905,100,8905,1,0
E,G,G,10627,100,10627,1,0
F,G,G,7035,100,7035,1,0
G,H,G,8862,100,8862,1,0
A,H,H,9953,100,9953,1,0
B,H,H,5750,100,5750,1,0
C,H,H,8915,100,8915,1,0
D,H,H,1514,100,1514,1,0
E,H,H,10123,100,10123,1,0
F,H,H,5484,100,5484,1,0
G,H,H,8866,100,8866,1,0
A,B,A,4769,100,4769,1,0
A,C,A,10667,100,10667,1,0
A,D,A,9525,100,9525,1,0
A,E,A,1363,100,1363,1,0
A,F,A,5079,100,5079,1,0
A,G,A,10627,100,10627,1,0
A,H,A,9989,100,9989,1,0
A,B,B,4793,100,4793,1,0
B,C,B,7036,100,7036,1,0
B,D,B,5264,100,5264,1,0
B,E,B,5174,100,5174,1,0
B,F,B,1358,100,1358,1,0
B,G,B,7083,100,7083,1,0
B,H,B,5744,100,5744,1,0
A,C,C,10659,100,10659,1,0
B,C,C,7031,100,7031,1,0
C,D,C,8753,100,8753,1,0
C,E,C,10829,100,10829,1,0
C,F,C,7202,100,7202,1,0
C,G,C,1413,100,1413,1,0
C,H,C,8925,100,8925,1,0
A,D,D,9519,100,9519,1,0
B,D,D,5258,100,5258,1,0
C,D,D,8754,100,8754,1,0
D,E,D,9954,100,9954,1,0
D,F,D,5355,100,5355,1,0
D,G,D,8884,100,8884,1,0
D,H,D,1505,100,1505,1,0
A,E,E,1431,100,1431,1,0
B,E,E,5180,100,5180,1,0
C,E,E,10825,100,10825,1,0
D,E,E,9959,100,9959,1,0
E,F,E,5125,100,5125,1,0
E,G,E,10630,100,10630,1,0
E,H,E,10131,100,10131,1,0
A,F,F,5050,100,5050,1,0
B,F,F,1389,100,1389,1,0
C,F,F,7196,100,7196,1,0
D,F,F,5371,100,5371,1,0
E,F,F,5089,100,5089,1,0
F,G,F,7003,100,7003,1,0
F,H,F,5472,100,5472,1,0
A,G,G,10572,100,10572,1,0
B,G,G,7055,100,7055,1,0
C,G,G,1411,100,1411,1,0
D,G,G,8902,100,8902,1,0
E,G,G,10639,100,10639,1,0
F,G,G,7008,100,7008,1,0
G,H,G,8923,100,8923,1,0
A,H,H,9972,100,9972,1,0
B,H,H,5755,100,5755,1,0
C,H,H,8942,100,8942,1,0
D,H,H,1459,100,1459,1,0
E,H,H,10102,100,10102,1,0
F,H,H,5452,100,5452,1,0
G,H,H,8844,100,8844,1,0
A,B,A,4737,100,4737,1,0
A,C,A,10653,100,10653,1,0
A,D,A,9522,100,9522,1,0
A,E,A,1365,100,1365,1,0
A,F,A,5076,100,5076,1,0
A,G,A,10625,100,10625,1,0
A,H,A,9962,100,9962,1,0
A,B,B,4797,100,4797,1,0
B,C,B,7000,100,7000,1,0
B,D,B,5280,100,5280,1,0
B,E,B,5149,100,5149,1,0
B,F,B,1313,100,1313,1,0
B,G,B,7061,100,7061,1,0
B,H,B,5723,100,5723,1,0
A,C,C,10678,100,10678,1,0
B,C,C,7051,100,7051,1,0
C,D,C,8790,100,8790,1,0
C,E,C,10816,100,10816,1,0
C,F,C,7212,100,7212,1,0
C,G,C,1379,100,1379,1,0
C,H,C,8938,100,8938,1,0
A,D,D,9471,100,9471,1,0
B,D,D,5247,100,5247,1,0
C,D,D,8761,100,8761,1,0
D,E,D,9964,100,9964,1,0
D,F,D,5350,100,5350,1,0
D,G,D,8906,100,8906,1,0
D,H,D,1494,100,1494,1,0
A,E,E,1434,100,1434,1,0
B,E,E,5150,100,5150,1,0
C,E,E,10853,100,10853,1,0
D,E,E,9940,100,9940,1,0
E,F,E,5085,100,5085,1,0
E,G,E,10641,100,10641,1,0
E,H,E,10130,100,10130,1,0
A,F,F,5030,100,5030,1,0
B,F,F,1374,100,1374,1,0
C,F,F,7206,100,7206,1,0
D,F,F,5394,100,5394,1,0
E,F,F,5100,100,5100,1,0
F,G,F,6984,100,6984,1,0
F,H,F,5488,100,5488,1,0
A,G,G,10661,100,10661,1,0
B,G,G,7055,100,7055,1,0
C,G,G,1374,100,1374,1,0
D,G,G,8864,100,8864,1,0
E,G,G,10625,100,10625,1,0
F,G,G,7001,100,7001,1,0
G,H,G,8878,100,8878,1,0
A,H,H,9900,100,9900,1,0
B,H,H,5744,100,5744,1,0
C,H,H,8936,100,8936,1,0
D,H,H,1476,100,1476,1,0
E,H,H,10183,100,10183,1,0
F,H,H,5454,100,5454,1,0
G,H,H,8892,100,8892,1,0
A,B,A,4803,100,4803,1,0
A,C,A,10649,100,10649,1,0
A,D,A,9548,100,9548,1,0
A,E,A,1373,100,1373,1,0
A,F,A,5083,100,5083,1,0
A,G,A,10649,100,10649,1,0
A,H,A,9961,100,9961,1,0
A,B,B,4788,100,4788,1,0
B,C,B,7033,100,7033,1,0
B,D,B,5262,100,5262,1,0
B,E,B,5204,100,5204,1,0
B,F,B,1354,100,1354,1,0
B,G,B,7097,100,7097,1,0
B,H,B,5757,100,5757,1,0
A,C,C,10614,100,10614,1,0
B,C,C,7012,100,7012,1,0
C,D,C,8774,100,8774,1,0
C,E,C,10829,100,10829,1,0
C,F,C,7179,100,7179,1,0
C,G,C,1389,100,1389,1,0
C,H,C,8892,100,8892,1,0
A,D,D,9517,100,9517,1,0
B,D,D,5290,100,5290,1,0
C,D,D,8735,100,8735,1,0
D,E,D,9927,100,9927,1,0
D,F,D,5339,100,5339,1,0
D,G,D,8903,100,8903,1,0
D,H,D,1454,100,1454,1,0
A,E,E,1438,100,1438,1,0
B,E,E,5166,100,5166,1,0
C,E,E,10813,100,10813,1,0
D,E,E,9888,100,9888,1,0
E,F,E,5103,100,5103,1,0
E,G,E,10618,100,10618,1,0
E,H,E,10127,100,10127,1,0
A,F,F,5060,100,5060,1,0
B,F,F,1351,100,1351,1,0
C,F,F,7187,100,7187,1,0
D,F,F,5356,100,5356,1,0
E,F,F,5097,100,5097,1,0
F,G,F,7011,100,7011,1,0
F,H,F,5475,100,5475,1,0
A,G,G,10619,100,10619,1,0
B,G,G,7076,100,7076,1,0
C,G,G,1395,100,1395,1,0
D,G,G,8885,100,8885,1,0
E,G,G,10607,100,10607,1,0
F,G,G,6989,100,6989,1,0
G,H,G,8847,100,8847,1,0
A,H,H,9967,100,9967,1,0
B,H,H,5725,100,5725,1,0
C,H,H,8986,100,8986,1,0
D,H,H,1490,100,1490,1,0
E,H,H,10122,100,10122,1,0
F,H,H,5500,100,5500,1,0
G,H,H,8870,100,8870,1,0
A,B,A,4743,100,4743,1,0
A,C,A,10636,100,10636,1,0
A,D,A,9510,100,9510,1,0
A,E,A,1422,100,1422,1,0
A,F,A,5060,100,5060,1,0
A,G,A,10622,100,10622,1,0
A,H,A,9995,100,9995,1,0
A,B,B,4777,100,4777,1,0
B,C,B,6994,100,6994,1,0
B,D,B,5250,100,5250,1,0
B,E,B,5187,100,5187,1,0
B,F,B,1333,100,1333,1,0
B,G,B,7070,100,7070,1,0
B,H,B,5671,100,5671,1,0
A,C,C,10636,100,10636,1,0
B,C,C,7011,100,7011,1,0
C,D,C,8726,100,8726,1,0
C,E,C,10796,100,10796,1,0
C,F,C,7184,100,7184,1,0
C,G,C,1327,100,1327,1,0
C,H,C,8894,100,8894,1,0
A,D,D,9524,100,9524,1,0
B,D,D,5289,100,5289,1,0
C,D,D,8732,100,8732,1,0
D,E,D,9919,100,9919,1,0
D,F,D,5377,100,5377,1,0
D,G,D,8921,100,8921,1,0
D,H,D,1447,100,1447,1,0
A,E,E,1382,100,1382,1,0
B,E,E,5187,100,5187,1,0
C,E,E,10855,100,10855,1,0
D,E,E,9924,100,9924,1,0
E,F,E,5105,100,5105,1,0
E,G,E,10624,100,10624,1,0
E,H,E,10133,100,10133,1,0
A,F,F,5123,100,5123,1,0
B,F,F,1329,100,1329,1,0
C,F,F,7177,100,7177,1,0
D,F,F,5379,100,5379,1,0
E,F,F,5088,100,5088,1,0
F,G,F,7013,100,7013,1,0
F,H,F,5450,100,5450,1,0
A,G,G,10617,100,10617,1,0
B,G,G,7044,100,7044,1,0
C,G,G,1408,100,1408,1,0
D,G,G,8922,100,8922,1,0
E,G,G,10622,100,10622,1,0
F,G,G,7026,100,7026,1,0
G,H,G,8868,100,8868,1,0
A,H,H,9907,100,9907,1,0
B,H,H,5772,100,5772,1,0
C,H,H,8933,100,8933,1,0
D,H,H,1476,100,1476,1,0
E,H,H,10140,100,10140,1,0
F,H,H,5417,100,5417,1,0
G,H,H,8864,100,8864,1,0
A,B,A,4781,100,4781,1,0
A,C,A,10587,100,10587,1,0
A,D,A,9518,100,9518,1,0
A,E,A,1358,100,1358,1,0
A,F,A,5102,100,5102,1,0
A,G,A,10663,100,10663,1,0
A,H,A,9917,100,9917,1,0
A,B,B,4795,100,4795,1,0
B,C,B,7006,100,7006,1,0
B,D,B,5292,100,5292,1,0
B,E,B,5176,100,5176,1,0
B,F,B,1334,100,1334,1,0
B,G,B,7105,100,7105,1,0
B,H,B,5748,100,5748,1,0
A,C,C,10684,100,10684,1,0
B,C,C,7039,100,7039,1,0
C,D,C,8736,100,8736,1,0
C,E,C,10829,100,10829,1,0
C,F,C,7187,100,7187,1,0
C,G,C,1369,100,1369,1,0
C,H,C,8962,100,8962,1,0
A,D,D,9543,100,9543,1,0
B,D,D,5290,100,5290,1,0
C,D,D,8756,100,8756,1,0
D,E,D,9946,100,9946,1,0
D,F,D,5340,100,5340,1,0
D,G,D,8858,100,8858,1,0
D,H,D,1521,100,1521,1,0
A,E,E,1419,100,1419,1,0
B,E,E,5180,100,5180,1,0
C,E,E,10756,100,10756,1,0
D,E,E,9925,100,9925,1,0
E,F,E,5083,100,5083,1,0
E,G,E,10617,100,10617,1,0
E,H,E,10190,100,10190,1,0
A,F,F,5064,100,5064,1,0
B,F,F,1355,100,1355,1,0
C,F,F,7188,100,7188,1,0
D,F,F,5358,100,5358,1,0
E,F,F,5079,100,5079,1,0
F,G,F,6980,100,6980,1,0
F,H,F,5460,100,5460,1,0
A,G,G,10646,100,10646,1,0
B,G,G,7118,100,7118,1,0
C,G,G,1373,100,1373,1,0
D,G,G,8918,100,8918,1,0
E,G,G,10641,100,10641,1,0
F,G,G,7008,100,7008,1,0
G,H,G,8856,100,8856,1,0
A,H,H,9949,100,9949,1,0
B,H,H,5755,100,5755,1,0
C,H,H,8924,100,8924,1,0
D,H,H,1540,100,1540,1,0
E,H,H,10160,100,10160,1,0
F,H,H,5449,100,5449,1,0
G,H,H,8853,100,8853,1,0
A,B,A,4773,100,4773,1,0
A,C,A,10670,100,10670,1,0
A,D,A,9516,100,9516,1,0
A,E,A,1416,100,1416,1,0
A,F,A,5032,100,5032,1,0
A,G,A,10572,100,10572,1,0
A,H,A,9991,100,9991,1,0
A,B,B,4786,100,4786,1,0
B,C,B,7030,100,7030,1,0
B,D,B,5269,100,5269,1,0
B,E,B,5191,100,5191,1,0
B,F,B,1355,100,1355,1,0
B,G,B,7088,100,7088,1,0
B,H,B,5785,100,5785,1,0
A,C,C,10651,100,10651,1,0
B,C,C,7011,100,7011,1,0
C,D,C,8775,100,8775,1,0
C,E,C,10861,100,10861,1,0
C,F,C,7195,100,7195,1,0
C,G,C,1349,100,1349,1,0
C,H,C,8976,100,8976,1,0
A,D,D,9523,100,9523,1,0
B,D,D,5280,100,5280,1,0
C,D,D,8774,100,8774,1,0
D,E,D,9900,100,9900,1,0
D,F,D,5343,100,5343,1,0
D,G,D,8905,100,8905,1,0
D,H,D,1489,100,1489,1,0
A,E,E,1403,100,1403,1,0
B,E,E,5155,100,5155,1,0
C,E,E,10777,100,10777,1,0
D,E,E,9941,100,9941,1,0
E,F,E,5085,100,5085,1,0
E,G,E,10660,100,10660,1,0
E,H,E,10163,100,10163,1,0
A,F,F,5072,100,5072,1,0
B,F,F,1374,100,1374,1,0
C,F,F,7194,100,7194,1,0
D,F,F,5382,100,5382,1,0
E,F,F,5079,100,5079,1,0
F,G,F,7003,100,7003,1,0
F,H,F,5417,100,5417,1,0
A,G,G,10637,100,10637,1,0
B,G,G,7072,100,7072,1,0
C,G,G,1360,100,1360,1,0
D,G,G,8861,100,8861,1,0
E,G,G,10655,100,10655,1,0
F,G,G,7013,100,7013,1,0
G,H,G,8841,100,8841,1,0
A,H,H,9973,100,9973,1,0
B,H,H,5721,100,5721,1,0
C,H,H,8893,100,8893,1,0
D,H,H,1506,100,1506,1,0
E,H,H,10149,100,10149,1,0
F,H,H,5470,100,5470,1,0
G,H,H,8892,100,8892,1,0
A,B,A,4765,100,4765,1,0
A,C,A,10668,100,10668,1,0
A,D,A,9531,100,9531,1,0
A,E,A,1374,100,1374,1,0
A,F,A,5059,100,5059,1,0
A,G,A,10627,100,10627,1,0
A,H,A,10001,100,10001,1,0
A,B,B,4789,100,4789,1,0
B,C,B,7015,100,7015,1,0
B,D,B,5293,100,5293,1,0
B,E,B,5174,100,5174,1,0
B,F,B,1348,100,1348,1,0
B,G,B,7074,100,7074,1,0
B,H,B,5726,100,5726,1,0
A,C,C,10675,100,10675,1,0
B,C,C,7006,100,7006,1,0
C,D,C,8760,100,8760,1,0
C,E,C,10829,100,10829,1,0
C,F,C,7191,100,7191,1,0
C,G,C,1403,100,1403,1,0
C,H,C,8945,100,8945,1,0
A,D,D,9531,100,9531,1,0
B,D,D,5269,100,5269,1,0
C,D,D,8748,100,8748,1,0
D,E,D,9930,100,9930,1,0
D,F,D,5398,100,5398,1,0
D,G,D,8910,100,8910,1,0
D,H,D,1537,100,1537,1,0
A,E,E,1455,100,1455,1,0
B,E,E,5149,100,5149,1,0
C,E,E,10827,100,10827,1,0
D,E,E,9965,100,9965,1,0
E,F,E,5090,100,5090,1,0
E,G,E,10622,100,10622,1,0
E,H,E,10120,100,10120,1,0
A,F,F,5124,100,5124,1,0
B,F,F,1372,100,1372,1,0
C,F,F,7229,100,7229,1,0
D,F,F,5370,100,5370,1,0
E,F,F,5075,100,5075,1,0
F,G,F,6978,100,6978,1,0
F,H,F,5451,100,5451,1,0
A,G,G,10578,100,10578,1,0
B,G,G,7053,100,7053,1,0
C,G,G,1395,100,1395,1,0
D,G,G,8914,100,8914,1,0
E,G,G,10638,100,10638,1,0
F,G,G,6982,100,6982,1,0
G,H,G,8902,100,8902,1,0
A,H,H,9975,100,9975,1,0
B,H,H,5702,100,5702,1,0
C,H,H,8921,100,8921,1,0
D,H,H,1471,100,1471,1,0
E,H,H,10134,100,10134,1,0
F,H,H,5483,100,5483,1,0
G,H,H,8857,100,8857,1,0
A,B,A,4765,100,4765,1,0
A,C,A,10599,100,10599,1,0
A,D,A,9510,100,9510,1,0
A,E,A,1396,100,1396,1,0
A,F,A,5120,100,5120,1,0
A,G,A,10645,100,10645,1,0
A,H,A,9938,100,9938,1,0
A,B,B,4721,100,4721,1,0
B,C,B,7006,100,7006,1,0
B,D,B,5302,100,5302,1,0
B,E,B,5198,100,5198,1,0
B,F,B,1360,100,1360,1,0
B,G,B,7056,100,7056,1,0
B,H,B,5776,100,5776,1,0
A,C,C,10600,100,10600,1,0
B,C,C,7071,100,7071,1,0
C,D,C,8764,100,8764,1,0
C,E,C,10781,100,10781,1,0
C,F,C,7199,100,7199,1,0
C,G,C,1342,100,1342,1,0
C,H,C,8954,100,8954,1,0
A,D,D,9524,100,9524,1,0
B,D,D,5299,100,5299,1,0
C,D,D,8762,100,8762,1,0
D,E,D,9936,100,9936,1,0
D,F,D,5372,100,5372,1,0
D,G,D,8898,100,8898,1,0
D,H,D,1484,100,1484,1,0
A,E,E,1367,100,1367,1,0
B,E,E,5160,100,5160,1,0
C,E,E,10851,100,10851,1,0
D,E,E,9957,100,9957,1,0
E,F,E,5102,100,5102,1,0
E,G,E,10624,100,10624,1,0
E,H,E,10149,100,10149,1,0
A,F,F,5057,100,5057,1,0
B,F,F,1373,100,1373,1,0
C,F,F,7176,100,7176,1,0
D,F,F,5380,100,5380,1,0
E,F,F,5095,100,5095,1,0
F,G,F,7002,100,7002,1,0
F,H,F,5456,100,5456,1,0
A,G,G,10657,100,10657,1,0
B,G,G,7038,100,7038,1,0
C,G,G,1385,100,1385,1,0
D,G,G,8898,100,8898,1,0
E,G,G,10656,100,10656,1,0
F,G,G,7001,100,7001,1,0
G,H,G,8861,100,8861,1,0
A,H,H,9944,100,9944,1,0
B,H,H,5691,100,5691,1,0
C,H,H,8932,100,8932,1,0
D,H,H,1493,100,1493,1,0
E,H,H,10122,100,10122,1,0
F,H,H,5429,100,5429,1,0
G,H,H,8886,100,8886,1,0
A,B,A,4779,100,4779,1,0
A,C,A,10648,100,10648,1,0
A,D,A,9542,100,9542,1,0
A,E,A,1382,100,1382,1,0
A,F,A,5013,100,5013,1,0
A,G,A,10623,100,10623,1,0
A,H,A,9954,100,9954,1,0
A,B,B,4759,100,4759,1,0
B,C,B,7042,100,7042,1,0
B,D,B,5267,100,5267,1,0
B,E,B,5212,100,5212,1,0
B,F,B,1351,100,1351,1,0
B,G,B,7055,100,7055,1,0
B,H,B,5710,100,5710,1,0
A,C,C,10659,100,10659,1,0
B,C,C,6998,100,6998,1,0
C,D,C,8761,100,8761,1,0
C,E,C,10867,100,10867,1,0
C,F,C,7202,100,7202,1,0
C,G,C,1376,100,1376,1,0
C,H,C,8993,100,8993,1,0
A,D,D,9513,100,9513,1,0
B,D,D,5301,100,5301,1,0
C,D,D,8748,100,8748,1,0
D,E,D,9928,100,9928,1,0
D,F,D,5383,100,5383,1,0
D,G,D,8905,100,8905,1,0
D,H,D,1541,100,1541,1,0
A,E,E,1365,100,1365,1,0
B,E,E,5170,100,5170,1,0
C,E,E,10791,100,10791,1,0
D,E,E,9916,100,9916,1,0
E,F,E,5127,100,5127,1,0
E,G,E,10626,100,10626,1,0
E,H,E,10094,100,10094,1,0
A,F,F,5052,100,5052,1,0
B,F,F,1334,100,1334,1,0
C,F,F,7201,100,7201,1,0
D,F,F,5362,100,5362,1,0
E,F,F,5091,100,5091,1,0
F,G,F,6982,100,6982,1,0
F,H,F,5457,100,5457,1,0
A,G,G,10643,100,10643,1,0
B,G,G,7057,100,7057,1,0
C,G,G,1368,100,1368,1,0
D,G,G,8874,100,8874,1,0
E,G,G,10623,100,10623,1,0
F,G,G,6978,100,6978,1,0
G,H,G,8903,100,8903,1,0
A,H,H,9944,100,9944,1,0
B,H,H,5765,100,5765,1,0
C,H,H,8956,100,8956,1,0
D,H,H,1516,100,1516,1,0
E,H,H,10118,100,10118,1,0
F,H,H,5483,100,5483,1,0
G,H,H,8893,100,8893,1,0
A,B,A,4765,100,4765,1,0
A,C,A,10666,100,10666,1,0
A,D,A,9525,100,9525,1,0
A,E,A,1455,100,1455,1,0
A,F,A,5050,100,5050,1,0
A,G,A,10646,100,10646,1,0
A,H,A,9981,100,9981,1,0
A,B,B,4774,100,4774,1,0
B,C,B,7008,100,7008,1,0
B,D,B,5317,100,5317,1,0
B,E,B,5212,100,5212,1,0
B,F,B,1334,100,1334,1,0
B,G,B,7105,100,7105,1,0
B,H,B,5734,100,5734,1,0
A,C,C,10645,100,10645,1,0
B,C,C,7049,100,7049,1,0
C,D,C,8739,100,8739,1,0
C,E,C,10842,100,10842,1,0
C,F,C,7192,100,7192,1,0
C,G,C,1336,100,1336,1,0
C,H,C,8880,100,8880,1,0
A,D,D,9519,100,9519,1,0
B,D,D,5282,100,5282,1,0
C,D,D,8736,100,8736,1,0
D,E,D,9949,100,9949,1,0
D,F,D,5380,100,5380,1,0
D,G,D,8890,100,8890,1,0
D,H,D,1427,100,1427,1,0
A,E,E,1355,100,1355,1,0
B,E,E,5121,100,5121,1,0
C,E,E,10761,100,10761,1,0
D,E,E,9899,100,9899,1,0
E,F,E,5124,100,5124,1,0
E,G,E,10639,100,10639,1,0
E,H,E,10166,100,10166,1,0
A,F,F,5087,100,5087,1,0
B,F,F,1351,100,1351,1,0
C,F,F,7183,100,7183,1,0
D,F,F,5362,100,5362,1,0
E,F,F,5104,100,5104,1,0
F,G,F,6989,100,6989,1,0
F,H,F,5494,100,5494,1,0
A,G,G,10602,100,10602,1,0
B,G,G,7066,100,7066,1,0
C,G,G,1395,100,1395,1,0
D,G,G,8901,100,8901,1,0
E,G,G,10640,100,10640,1,0
F,G,G,7002,100,7002,1,0
G,H,G,8837,100,8837,1,0
A,H,H,9928,100,9928,1,0
B,H,H,5755,100,5755,1,0
C,H,H,8904,100,8904,1,0
D,H,H,1489,100,1489,1,0
E,H,H,10115,100,10115,1,0
F,H,H,5445,100,5445,1,0
G,H,H,8884,100,8884,1,0
A,B,A,4765,100,4765,1,0
A,C,A,10587,100,10587,1,0
A,D,A,9524,100,9524,1,0
A,E,A,1419,100,1419,1,0
A,F,A,5070,100,5070,1,0
A,G,A,10627,100,10627,1,0
A,H,A,9984,100,9984,1,0
A,B,B,4801,100,4801,1,0
B,C,B,6974,100,6974,1,0
B,D,B,5263,100,5263,1,0
B,E,B,5146,100,5146,1,0
B,F,B,1348,100,1348,1,0
B,G,B,7134,100,7134,1,0
B,H,B,5754,100,5754,1,0
A,C,C,10598,100,10598,1,0
B,C,C,7013,100,7013,1,0
C,D,C,8762,100,8762,1,0
C,E,C,10838,100,10838,1,0
C,F,C,7202,100,7202,1,0
C,G,C,1386,100,1386,1,0
C,H,C,8959,100,8959,1,0
A,D,D,9524,100,9524,1,0
B,D,D,5284,100,5284,1,0
C,D,D,8722,100,8722,1,0
D,E,D,9942,100,9942,1,0
D,F,D,5395,100,5395,1,0
D,G,D,8888,100,8888,1,0
D,H,D,1535,100,1535,1,0
A,E,E,1399,100,1399,1,0
B,E,E,5168,100,5168,1,0
C,E,E,10815,100,10815,1,0
D,E,E,9975,100,9975,1,0
E,F,E,5106,100,5106,1,0
E,G,E,10623,100,10623,1,0
E,H,E,10129,100,10129,1,0
A,F,F,5043,100,5043,1,0
B,F,F,1369,100,1369,1,0
C,F,F,7185,100,7185,1,0
D,F,F,5331,100,5331,1,0
E,F,F,5080,100,5080,1,0
F,G,F,7002,100,7002,1,0
F,H,F,5485,100,5485,1,0
A,G,G,10650,100,10650,1,0
B,G,G,7057,100,7057,1,0
C,G,G,1393,100,1393,1,0
D,G,G,8883,100,8883,1,0
E,G,G,10639,100,10639,1,0
F,G,G,7013,100,7013,1,0
G,H,G,8871,100,8871,1,0
A,H,H,9966,100,9966,1,0
B,H,H,5753,100,5753,1,0
C,H,H,8886,100,8886,1,0
D,H,H,1520,100,1520,1,0
E,H,H,10166,100,10166,1,0
F,H,H,5460,100,5460,1,0
G,H,H,8878,100,8878,1,0
A,B,A,4780,100,4780,1,0
A,C,A,10675,100,10675,1,0
A,D,A,9520,100,9520,1,0
A,E,A,1398,100,1398,1,0
A,F,A,5087,100,5087,1,0
A,G,A,10601,100,10601,1,0
A,H,A,9995,100,9995,1,0
A,B,B,4763,100,4763,1,0
B,C,B,7027,100,7027,1,0
B,D,B,5269,100,5269,1,0
B,E,B,5153,100,5153,1,0
B,F,B,1340,100,1340,1,0
B,G,B,7097,100,7097,1,0
B,H,B,5783,100,5783,1,0
A,C,C,10692,100,10692,1,0
B,C,C,7019,100,7019,1,0
C,D,C,8754,100,8754,1,0
C,E,C,10825,100,10825,1,0
C,F,C,7208,100,7208,1,0
C,G,C,1321,100,1321,1,0
C,H,C,8950,100,8950,1,0
A,D,D,9538,100,9538,1,0
B,D,D,5279,100,5279,1,0
C,D,D,8727,100,8727,1,0
D,E,D,9919,100,9919,1,0
D,F,D,5366,100,5366,1,0
D,G,D,8916,100,8916,1,0
D,H,D,1486,100,1486,1,0
A,E,E,1385,100,1385,1,0
B,E,E,5175,100,5175,1,0
C,E,E,10785,100,10785,1,0
D,E,E,9888,100,9888,1,0
E,F,E,5107,100,5107,1,0
E,G,E,10630,100,10630,1,0
E,H,E,10165,100,10165,1,0
A,F,F,5020,100,5020,1,0
B,F,F,1336,100,1336,1,0
C,F,F,7201,100,7201,1,0
D,F,F,5343,100,5343,1,0
E,F,F,5127,100,5127,1,0
F,G,F,6997,100,6997,1,0
F,H,F,5435,100,5435,1,0
A,G,G,10652,100,10652,1,0
B,G,G,7085,100,7085,1,0
C,G,G,1404,100,1404,1,0
D,G,G,8856,100,8856,1,0
E,G,G,10629,100,10629,1,0
F,G,G,7007,100,7007,1,0
G,H,G,8880,100,8880,1,0
A,H,H,9966,100,9966,1,0
B,H,H,5770,100,5770,1,0
C,H,H,8964,100,8964,1,0
D,H,H,1460,100,1460,1,0
E,H,H,10141,100,10141,1,0
F,H,H,5434,100,5434,1,0
G,H,H,8892,100,8892,1,0
A,B,A,4776,100,4776,1,0
A,C,A,10640,100,10640,1,0
A,D,A,9522,100,9522,1,0
A,E,A,1368,100,1368,1,0
A,F,A,5031,100,5031,1,0
A,G,A,10632,100,10632,1,0
A,H,A,9921,100,9921,1,0
A,B,B,4805,100,4805,1,0
B,C,B,7028,100,7028,1,0
B,D,B,5316,100,5316,1,0
B,E,B,5161,100,5161,1,0
B,F,B,1349,100,1349,1,0
B,G,B,7074,100,7074,1,0
B,H,B,5736,100,5736,1,0
A,C,C,10683,100,10683,1,0
B,C,C,6979,100,6979,1,0
C,D,C,8722,100,8722,1,0
C,E,C,10808,100,10808,1,0
C,F,C,7204,100,7204,1,0
C,G,C,1371,100,1371,1,0
C,H,C,8962,100,8962,1,0
A,D,D,9513,100,9513,1,0
B,D,D,5299,100,5299,1,0
C,D,D,8753,100,8753,1,0
D,E,D,9968,100,9968,1,0
D,F,D,5387,100,5387,1,0
D,G,D,8888,100,8888,1,0
D,H,D,1488,100,1488,1,0
A,E,E,1401,100,1401,1,0
B,E,E,5163,100,5163,1,0
C,E,E,10865,100,10865,1,0
D,E,E,9949,100,9949,1,0
E,F,E,5126,100,5126,1,0
E,G,E,10654,100,10654,1,0
E,H,E,10179,100,10179,1,0
A,F,F,5055,100,5055,1,0
B,F,F,1366,100,1366,1,0
C,F,F,7206,100,7206,1,0
D,F,F,5389,100,5389,1,0
E,F,F,5096,100,5096,1,0
F,G,F,6973,100,6973,1,0
F,H,F,5486,100,5486,1,0
A,G,G,10590,100,10590,1,0
B,G,G,7056,100,7056,1,0
C,G,G,1401,100,1401,1,0
D,G,G,8910,100,8910,1,0
E,G,G,10638,100,10638,1,0
F,G,G,6986,100,6986,1,0
G,H,G,8869,100,8869,1,0
A,H,H,9947,100,9947,1,0
B,H,H,5745,100,5745,1,0
C,H,H,8904,100,8904,1,0
D,H,H,1505,100,1505,1,0
E,H,H,10137,100,10137,1,0
F,H,H,5485,100,5485,1,0
G,H,H,8884,100,8884,1,0
A,B,A,4787,100,4787,1,0
A,C,A,10599,100,10599,1,0
A,D,A,9556,100,9556,1,0
A,E,A,1435,100,1435,1,0
A,F,A,5063,100,5063,1,0
A,G,A,10602,100,10602,1,0
A,H,A,9938,100,9938,1,0
A,B,B,4809,100,4809,1,0
B,C,B,6980,100,6980,1,0
B,D,B,5336,100,5336,1,0
B,E,B,5217,100,5217,1,0
B,F,B,1349,100,1349,1,0
B,G,B,7065,100,7065,1,0
B,H,B,5722,100,5722,1,0
A,C,C,10631,100,10631,1,0
B,C,C,7071,100,7071,1,0
C,D,C,8797,100,8797,1,0
C,E,C,10796,100,10796,1,0
C,F,C,7184,100,7184,1,0
C,G,C,1394,100,1394,1,0
C,H,C,8961,100,8961,1,0
A,D,D,9485,100,9485,1,0
B,D,D,5290,100,5290,1,0
C,D,D,8745,100,8745,1,0
D,E,D,9916,100,9916,1,0
D,F,D,5345,100,5345,1,0
D,G,D,8894,100,8894,1,0
D,H,D,1407,100,1407,1,0
A,E,E,1444,100,1444,1,0
B,E,E,5229,100,5229,1,0
C,E,E,10829,100,10829,1,0
D,E,E,9998,100,9998,1,0
E,F,E,5139,100,5139,1,0
E,G,E,10621,100,10621,1,0
E,H,E,10163,100,10163,1,0
A,F,F,5008,100,5008,1,0
B,F,F,1371,100,1371,1,0
C,F,F,7204,100,7204,1,0
D,F,F,5343,100,5343,1,0
E,F,F,5107,100,5107,1,0
F,G,F,7010,100,7010,1,0
F,H,F,5460,100,5460,1,0
A,G,G,10635,100,10635,1,0
B,G,G,7106,100,7106,1,0
C,G,G,1362,100,1362,1,0
D,G,G,8890,100,8890,1,0
E,G,G,10626,100,10626,1,0
F,G,G,7000,100,7000,1,0
G,H,G,8885,100,8885,1,0
A,H,H,10003,100,10003,1,0
B,H,H,5679,100,5679,1,0
C,H,H,8917,100,8917,1,0
D,H,H,1517,100,1517,1,0
E,H,H,10164,100,10164,1,0
F,H,H,5422,100,5422,1,0
G,H,H,8889,100,8889,1,0
A,B,A,4760,100,4760,1,0
A,C,A,10627,100,10627,1,0
A,D,A,9551,100,9551,1,0
A,E,A,1429,100,1429,1,0
A,F,A,5045,100,5045,1,0
A,G,A,10578,100,10578,1,0
A,H,A,9948,100,9948,1,0
A,B,B,4799,100,4799,1,0
B,C,B,7038,100,7038,1,0
B,D,B,5343,100,5343,1,0
B,E,B,5192,100,5192,1,0
B,F,B,1375,100,1375,1,0
B,G,B,7098,100,7098,1,0
B,H,B,5684,100,5684,1,0
A,C,C,10642,100,10642,1,0
B,C,C,7006,100,7006,1,0
C,D,C,8763,100,8763,1,0
C,E,C,10855,100,10855,1,0
C,F,C,7197,100,7197,1,0
C,G,C,1356,100,1356,1,0
C,H,C,8936,100,8936,1,0
A,D,D,9511,100,9511,1,0
B,D,D,5260,100,5260,1,0
C,D,D,8743,100,8743,1,0
D,E,D,9907,100,9907,1,0
D,F,D,5373,100,5373,1,0
D,G,D,8928,100,8928,1,0
D,H,D,1500,100,1500,1,0
A,E,E,1432,100,1432,1,0
B,E,E,5144,100,5144,1,0
C,E,E,10789,100,10789,1,0
D,E,E,9954,100,9954,1,0
E,F,E,5079,100,5079,1,0
E,G,E,10653,100,10653,1,0
E,H,E,10112,100,10112,1,0
A,F,F,5048,100,5048,1,0
B,F,F,1354,100,1354,1,0
C,F,F,7177,100,7177,1,0
D,F,F,5386,100,5386,1,0
E,F,F,5097,100,5097,1,0
F,G,F,7017,100,7017,1,0
F,H,F,5405,100,5405,1,0
A,G,G,10606,100,10606,1,0
B,G,G,7076,100,7076,1,0
C,G,G,1352,100,1352,1,0
D,G,G,8897,100,8897,1,0
E,G,G,10665,100,10665,1,0
F,G,G,6983,100,6983,1,0
G,H,G,8863,100,8863,1,0
A,H,H,9907,100,9907,1,0
B,H,H,5766,100,5766,1,0
C,H,H,8926,100,8926,1,0
D,H,H,1508,100,1508,1,0
E,H,H,10131,100,10131,1,0
F,H,H,5444,100,5444,1,0
G,H,H,8852,100,8852,1,0
A,B,A,4782,100,4782,1,0
A,C,A,10614,100,10614,1,0
A,D,A,9555,100,9555,1,0
A,E,A,1401,100,1401,1,0
A,F,A,5075,100,5075,1,0
A,G,A,10649,100,10649,1,0
A,H,A,9981,100,9981,1,0
A,B,B,4798,100,4798,1,0
B,C,B,7013,100,7013,1,0
B,D,B,5270,100,5270,1,0
B,E,B,5191,100,5191,1,0
B,F,B,1327,100,1327,1,0
B,G,B,7074,100,7074,1,0
B,H,B,5748,100,5748,1,0
A,C,C,10629,100,10629,1,0
B,C,C,6976,100,6976,1,0
C,D,C,8760,100,8760,1,0
C,E,C,10794,100,10794,1,0
C,F,C,7181,100,7181,1,0
C,G,C,1371,100,1371,1,0
C,H,C,8921,100,8921,1,0
A,D,D,9528,100,9528,1,0
B,D,D,5280,100,5280,1,0
C,D,D,8751,100,8751,1,0
D,E,D,9917,100,9917,1,0
D,F,D,5350,100,5350,1,0
D,G,D,8901,100,8901,1,0
D,H,D,1493,100,1493,1,0
A,E,E,1452,100,1452,1,0
B,E,E,5213,100,5213,1,0
C,E,E,10821,100,10821,1,0
D,E,E,9906,100,9906,1,0
E,F,E,5135,100,5135,1,0
E,G,E,10663,100,10663,1,0
E,H,E,10093,100,10093,1,0
A,F,F,5065,100,5065,1,0
B,F,F,1327,100,1327,1,0
C,F,F,7192,100,7192,1,0
D,F,F,5361,100,5361,1,0
E,F,F,5116,100,5116,1,0
F,G,F,7020,100,7020,1,0
F,H,F,5457,100,5457,1,0
A,G,G,10642,100,10642,1,0
B,G,G,7080,100,7080,1,0
C,G,G,1397,100,1397,1,0
D,G,G,8919,100,8919,1,0
E,G,G,10640,100,10640,1,0
F,G,G,6969,100,6969,1,0
G,H,G,8864,100,8864,1,0
A,H,H,9974,100,9974,1,0
B,H,H,5762,100,5762,1,0
C,H,H,8926,100,8926,1,0
D,H,H,1494,100,1494,1,0
E,H,H,10133,100,10133,1,0
F,H,H,5467,100,5467,1,0
G,H,H,8838,100,8838,1,0
A,B,A,4789,100,4789,1,0
A,C,A,10617,100,10617,1,0
A,D,A,9505,100,9505,1,0
A,E,A,1398,100,1398,1,0
A,F,A,5030,100,5030,1,0
A,G,A,10579,100,10579,1,0
A,H,A,9943,100,9943,1,0
A,B,B,4807,100,4807,1,0
B,C,B,6995,100,6995,1,0
B,D,B,5316,100,5316,1,0
B,E,B,5144,100,5144,1,0
B,F,B,1359,100,1359,1,0
B,G,B,7072,100,7072,1,0
B,H,B,5762,100,5762,1,0
A,C,C,10702,100,10702,1,0
B,C,C,7001,100,7001,1,0
C,D,C,8700,100,8700,1,0
C,E,C,10829,100,10829,1,0
C,F,C,7150,100,7150,1,0
C,G,C,1397,100,1397,1,0
C,H,C,8977,100,8977,1,0
A,D,D,9504,100,9504,1,0
B,D,D,5280,100,5280,1,0
C,D,D,8712,100,8712,1,0
D,E,D,9901,100,9901,1,0
D,F,D,5397,100,5397,1,0
D,G,D,8876,100,8876,1,0
D,H,D,1537,100,1537,1,0
A,E,E,1390,100,1390,1,0
B,E,E,5186,100,5186,1,0
C,E,E,10844,100,10844,1,0
D,E,E,9874,100,9874,1,0
E,F,E,5116,100,5116,1,0
E,G,E,10615,100,10615,1,0
E,H,E,10147,100,10147,1,0
A,F,F,5051,100,5051,1,0
B,F,F,1362,100,1362,1,0
C,F,F,7186,100,7186,1,0
D,F,F,5356,100,5356,1,0
E,F,F,5121,100,5121,1,0
F,G,F,6993,100,6993,1,0
F,H,F,5404,100,5404,1,0
A,G,G,10662,100,10662,1,0
B,G,G,7113,100,7113,1,0
C,G,G,1383,100,1383,1,0
D,G,G,8907,100,8907,1,0
E,G,G,10600,100,10600,1,0
F,G,G,7012,100,7012,1,0
G,H,G,8890,100,8890,1,0
A,H,H,9949,100,9949,1,0
B,H,H,5740,100,5740,1,0
C,H,H,8909,100,8909,1,0
D,H,H,1539,100,1539,1,0
E,H,H,10145,100,10145,1,0
F,H,H,5462,100,5462,1,0
G,H,H,8851,100,8851,1,0
A,B,A,4767,100,4767,1,0
A,C,A,10697,100,10697,1,0
A,D,A,9534,100,9534,1,0
A,E,A,1421,100,1421,1,0
A,F,A,5038,100,5038,1,0
A,G,A,10646,100,10646,1,0
A,H,A,9947,100,9947,1,0
A,B,B,4803,100,4803,1,0
B,C,B,7052,100,7052,1,0
B,D,B,5291,100,5291,1,0
B,E,B,5206,100,5206,1,0
B,F,B,1371,100,1371,1,0
B,G,B,7083,100,7083,1,0
B,H,B,5698,100,5698,1,0
A,C,C,10616,100,10616,1,0
B,C,C,7018,100,7018,1,0
C,D,C,8766,100,8766,1,0
C,E,C,10806,100,10806,1,0
C,F,C,7217,100,7217,1,0
C,G,C,1406,100,1406,1,0
C,H,C,8967,100,8967,1,0
A,D,D,9514,100,9514,1,0
B,D,D,5267,100,5267,1,0
C,D,D,8773,100,8773,1,0
D,E,D,9902,100,9902,1,0
D,F,D,5365,100,5365,1,0
D,G,D,8843,100,8843,1,0
D,H,D,1561,100,1561,1,0
A,E,E,1444,100,1444,1,0
B,E,E,5202,100,5202,1,0
C,E,E,10841,100,10841,1,0
D,E,E,9947,100,9947,1,0
E,F,E,5102,100,5102,1,0
E,G,E,10619,100,10619,1,0
E,H,E,10158,100,10158,1,0
A,F,F,5042,100,5042,1,0
B,F,F,1391,100,1391,1,0
C,F,F,7188,100,7188,1,0
D,F,F,5385,100,5385,1,0
E,F,F,5127,100,5127,1,0
F,G,F,7002,100,7002,1,0
F,H,F,5443,100,5443,1,0
A,G,G,10606,100,10606,1,0
B,G,G,7075,100,7075,1,0
C,G,G,1387,100,1387,1,0
D,G,G,8905,100,8905,1,0
E,G,G,10630,100,10630,1,0
F,G,G,6997,100,6997,1,0
G,H,G,8870,100,8870,1,0
A,H,H,9903,100,9903,1,0
B,H,H,5732,100,5732,1,0
C,H,H,8936,100,8936,1,0
D,H,H,1500,100,1500,1,0
E,H,H,10139,100,10139,1,0
F,H,H,5476,100,5476,1,0
G,H,H,8878,100,8878,1,0
A,B,A,4788,100,4788,1,0
A,C,A,10610,100,10610,1,0
A,D,A,9528,100,9528,1,0
A,E,A,1405,100,1405,1,0
A,F,A,5072,100,5072,1,0
A,G,A,10667,100,10667,1,0
A,H,A,9938,100,9938,1,0
A,B,B,4746,100,4746,1,0
B,C,B,7049,100,7049,1,0
B,D,B,5310,100,5310,1,0
B,E,B,5172,100,5172,1,0
B,F,B,1359,100,1359,1,0
B,G,B,7097,100,7097,1,0
B,H,B,5758,100,5758,1,0
A,C,C,10599,100,10599,1,0
B,C,C,7024,100,7024,1,0
C,D,C,8717,100,8717,1,0
C,E,C,10840,100,10840,1,0
C,F,C,7169,100,7169,1,0
C,G,C,1383,100,1383,1,0
C,H,C,8924,100,8924,1,0
A,D,D,9505,100,9505,1,0
B,D,D,5278,100,5278,1,0
C,D,D,8739,100,8739,1,0
D,E,D,9878,100,9878,1,0
D,F,D,5380,100,5380,1,0
D,G,D,8883,100,8883,1,0
D,H,D,1544,100,1544,1,0
A,E,E,1404,100,1404,1,0
B,E,E,5187,100,5187,1,0
C,E,E,10795,100,10795,1,0
D,E,E,9960,100,9960,1,0
E,F,E,5122,100,5122,1,0
E,G,E,10618,100,10618,1,0
E,H,E,10134,100,10134,1,0
A,F,F,5093,100,5093,1,0
B,F,F,1340,100,1340,1,0
C,F,F,7196,100,7196,1,0
D,F,F,5389,100,5389,1,0
E,F,F,5094,100,5094,1,0
F,G,F,6985,100,6985,1,0
F,H,F,5475,100,5475,1,0
A,G,G,10627,100,10627,1,0
B,G,G,6997,100,6997,1,0
C,G,G,1367,100,1367,1,0
D,G,G,8936,100,8936,1,0
E,G,G,10625,100,10625,1,0
F,G,G,6989,100,6989,1,0
G,H,G,8881,100,8881,1,0
A,H,H,9944,100,9944,1,0
B,H,H,5714,100,5714,1,0
C,H,H,8904,100,8904,1,0
D,H,H,1494,100,1494,1,0
E,H,H,10164,100,10164,1,0
F,H,H,5457,100,5457,1,0
G,H,H,8885,100,8885,1,0
A,B,A,4778,100,4778,1,0
A,C,A,10709,100,10709,1,0
A,D,A,9538,100,9538,1,0
A,E,A,1401,100,1401,1,0
A,F,A,5074,100,5074,1,0
A,G,A,10626,100,10626,1,0
A,H,A,9920,100,9920,1,0
A,B,B,4761,100,4761,1,0
B,C,B,7034,100,7034,1,0
B,D,B,5278,100,5278,1,0
B,E,B,5205,100,5205,1,0
B,F,B,1344,100,1344,1,0
B,G,B,7082,100,7082,1,0
B,H,B,5726,100,5726,1,0
A,C,C,10623,100,10623,1,0
B,C,C,6987,100,6987,1,0
C,D,C,8761,100,8761,1,0
C,E,C,10807,100,10807,1,0
C,F,C,7204,100,7204,1,0
C,G,C,1404,100,1404,1,0
C,H,C,8905,100,8905,1,0
A,D,D,9527,100,9527,1,0
B,D,D,5332,100,5332,1,0
C,D,D,8723,100,8723,1,0
D,E,D,9950,100,9950,1,0
D,F,D,5363,100,5363,1,0
D,G,D,8951,100,8951,1,0
D,H,D,1518,100,1518,1,0
A,E,E,1434,100,1434,1,0
B,E,E,5137,100,5137,1,0
C,E,E,10867,100,10867,1,0
D,E,E,9971,100,9971,1,0
E,F,E,5111,100,5111,1,0
E,G,E,10617,100,10617,1,0
E,H,E,10164,100,10164,1,0
A,F,F,5026,100,5026,1,0
B,F,F,1351,100,1351,1,0
C,F,F,7181,100,7181,1,0
D,F,F,5366,100,5366,1,0
E,F,F,5104,100,5104,1,0
F,G,F,7025,100,7025,1,0
F,H,F,5464,100,5464,1,0
A,G,G,10617,100,10617,1,0
B,G,G,7089,100,7089,1,0
C,G,G,1374,100,1374,1,0
D,G,G,8902,100,8902,1,0
E,G,G,10619,100,10619,1,0
F,G,G,7024,100,7024,1,0
G,H,G,8843,100,8843,1,0
A,H,H,9909,100,9909,1,0
B,H,H,5734,100,5734,1,0
C,H,H,8907,100,8907,1,0
D,H,H,1510,100,1510,1,0
E,H,H,10156,100,10156,1,0
F,H,H,5430,100,5430,1,0
G,H,H,8852,100,8852,1,0
A,B,A,4781,100,4781,1,0
A,C,A,10665,100,10665,1,0
A,D,A,9513,100,9513,1,0
A,E,A,1364,100,1364,1,0
A,F,A,5064,100,5064,1,0
A,G,A,10605,100,10605,1,0
A,H,A,9944,100,9944,1,0
A,B,B,4762,100,4762,1,0
B,C,B,7037,100,7037,1,0
B,D,B,5292,100,5292,1,0
B,E,B,5228,100,5228,1,0
B,F,B,1397,100,1397,1,0
B,G,B,7055,100,7055,1,0
B,H,B,5731,100,5731,1,0
A,C,C,10642,100,10642,1,0
B,C,C,7024,100,7024,1,0
C,D,C,8734,100,8734,1,0
C,E,C,10808,100,10808,1,0
C,F,C,7185,100,7185,1,0
C,G,C,1371,100,1371,1,0
C,H,C,8922,100,8922,1,0
A,D,D,9536,100,9536,1,0
B,D,D,5345,100,5345,1,0
C,D,D,8723,100,8723,1,0
D,E,D,9931,100,9931,1,0
D,F,D,5371,100,5371,1,0
D,G,D,8886,100,8886,1,0
D,H,D,1432,100,1432,1,0
A,E,E,1404,100,1404,1,0
B,E,E,5230,100,5230,1,0
C,E,E,10836,100,10836,1,0
D,E,E,9900,100,9900,1,0
E,F,E,5093,100,5093,1,0
E,G,E,10642,100,10642,1,0
E,H,E,10119,100,10119,1,0
A,F,F,5076,100,5076,1,0
B,F,F,1356,100,1356,1,0
C,F,F,7181,100,7181,1,0
D,F,F,5348,100,5348,1,0
E,F,F,5063,100,5063,1,0
F,G,F,6981,100,6981,1,0
F,H,F,5470,100,5470,1,0
A,G,G,10611,100,10611,1,0
B,G,G,7091,100,7091,1,0
C,G,G,1356,100,1356,1,0
D,G,G,8914,100,8914,1,0
E,G,G,10657,100,10657,1,0
F,G,G,6988,100,6988,1,0
G,H,G,8857,100,8857,1,0
A,H,H,9957,100,9957,1,0
B,H,H,5726,100,5726,1,0
C,H,H,8976,100,8976,1,0
D,H,H,1465,100,1465,1,0
E,H,H,10127,100,10127,1,0
F,H,H,5508,100,5508,1,0
G,H,H,8866,100,8866,1,0
A,B,A,4767,100,4767,1,0
A,C,A,10633,100,10633,1,0
A,D,A,9545,100,9545,1,0
A,E,A,1415,100,1415,1,0
A,F,A,5003,100,5003,1,0
A,G,A,10600,100,10600,1,0
A,H,A,9990,100,9990,1,0
A,B,B,4818,100,4818,1,0
B,C,B,6984,100,6984,1,0
B,D,B,5284,100,5284,1,0
B,E,B,5177,100,5177,1,0
B,F,B,1345,100,1345,1,0
B,G,B,7068,100,7068,1,0
B,H,B,5685,100,5685,1,0
A,C,C,10617,100,10617,1,0
B,C,C,7041,100,7041,1,0
C,D,C,8747,100,8747,1,0
C,E,C,10815,100,10815,1,0
C,F,C,7197,100,7197,1,0
C,G,C,1338,100,1338,1,0
C,H,C,8921,100,8921,1,0
A,D,D,9518,100,9518,1,0
B,D,D,5271,100,5271,1,0
C,D,D,8757,100,8757,1,0
D,E,D,9949,100,9949,1,0
D,F,D,5360,100,5360,1,0
D,G,D,8876,100,8876,1,0
D,H,D,1533,100,1533,1,0
A,E,E,1437,100,1437,1,0
B,E,E,5174,100,5174,1,0
C,E,E,10820,100,10820,1,0
D,E,E,9926,100,9926,1,0
E,F,E,5142,100,5142,1,0
E,G,E,10618,100,10618,1,0
E,H,E,10128,100,10128,1,0
A,F,F,5065,100,5065,1,0
B,F,F,1325,100,1325,1,0
C,F,F,7191,100,7191,1,0
D,F,F,5351,100,5351,1,0
E,F,F,5126,100,5126,1,0
F,G,F,6999,100,6999,1,0
F,H,F,5481,100,5481,1,0
A,G,G,10648,100,10648,1,0
B,G,G,7092,100,7092,1,0
C,G,G,1379,100,1379,1,0
D,G,G,8899,100,8899,1,0
E,G,G,10655,100,10655,1,0
F,G,G,7018,100,7018,1,0
G,H,G,8856,100,8856,1,0
A,H,H,9900,100,9900,1,0
B,H,H,5733,100,5733,1,0
C,H,H,8909,100,8909,1,0
D,H,H,1546,100,1546,1,0
E,H,H,10159,100,10159,1,0
F,H,H,5469,100,5469,1,0
G,H,H,8899,100,8899,1,0
A,B,A,4740,100,4740,1,0
A,C,A,10613,100,10613,1,0
A,D,A,9520,100,9520,1,0
A,E,A,1416,100,1416,1,0
A,F,A,5025,100,5025,1,0
A,G,A,10576,100,10576,1,0
A,H,A,9949,100,9949,1,0
A,B,B,4759,100,4759,1,0
B,C,B,7015,100,7015,1,0
B,D,B,5308,100,5308,1,0
B,E,B,5209,100,5209,1,0
B,F,B,1350,100,1350,1,0
B,G,B,7089,100,7089,1,0
B,H,B,5729,100,5729,1,0
A,C,C,10624,100,10624,1,0
B,C,C,7000,100,7000,1,0
C,D,C,8743,100,8743,1,0
C,E,C,10785,100,10785,1,0
C,F,C,7185,100,7185,1,0
C,G,C,1342,100,1342,1,0
C,H,C,8959,100,8959,1,0
A,D,D,9517,100,9517,1,0
B,D,D,5308,100,5308,1,0
C,D,D,8780,100,8780,1,0
D,E,D,9974,100,9974,1,0
D,F,D,5346,100,5346,1,0
D,G,D,8898,100,8898,1,0
D,H,D,1520,100,1520,1,0
A,E,E,1441,100,1441,1,0
B,E,E,5216,100,5216,1,0
C,E,E,10777,100,10777,1,0
D,E,E,9918,100,9918,1,0
E,F,E,5102,100,5102,1,0
E,G,E,10632,100,10632,1,0
E,H,E,10165,100,10165,1,0
A,F,F,5008,100,5008,1,0
B,F,F,1306,100,1306,1,0
C,F,F,7199,100,7199,1,0
D,F,F,5387,100,5387,1,0
E,F,F,5105,100,5105,1,0
F,G,F,6984,100,6984,1,0
F,H,F,5475,100,5475,1,0
A,G,G,10617,100,10617,1,0
B,G,G,7060,100,7060,1,0
C,G,G,1390,100,1390,1,0
D,G,G,8913,100,8913,1,0
E,G,G,10624,100,10624,1,0
F,G,G,6987,100,6987,1,0
G,H,G,8860,100,8860,1,0
A,H,H,9928,100,9928,1,0
B,H,H,5760,100,5760,1,0
C,H,H,8990,100,8990,1,0
D,H,H,1514,100,1514,1,0
E,H,H,10160,100,10160,1,0
F,H,H,5508,100,5508,1,0
G,H,H,8906,100,8906,1,0
A,B,A,4753,100,4753,1,0
A,C,A,10583,100,10583,1,0
A,D,A,9524,100,9524,1,0
A,E,A,1442,100,1442,1,0
A,F,A,5062,100,5062,1,0
A,G,A,10571,100,10571,1,0
A,H,A,9971,100,9971,1,0
A,B,B,4759,100,4759,1,0
B,C,B,7006,100,7006,1,0
B,D,B,5297,100,5297,1,0
B,E,B,5170,100,5170,1,0
B,F,B,1375,100,1375,1,0
B,G,B,7062,100,7062,1,0
B,H,B,5727,100,5727,1,0
A,C,C,10608,100,10608,1,0
B,C,C,6974,100,6974,1,0
C,D,C,8711,100,8711,1,0
C,E,C,10800,100,10800,1,0
C,F,C,7220,100,7220,1,0
C,G,C,1351,100,1351,1,0
C,H,C,8937,100,8937,1,0
A,D,D,9487,100,9487,1,0
B,D,D,5267,100,5267,1,0
C,D,D,8722,100,8722,1,0
D,E,D,9927,100,9927,1,0
D,F,D,5369,100,5369,1,0
D,G,D,8884,100,8884,1,0
D,H,D,1501,100,1501,1,0
A,E,E,1385,100,1385,1,0
B,E,E,5196,100,5196,1,0
C,E,E,10790,100,10790,1,0
D,E,E,9889,100,9889,1,0
E,F,E,5111,100,5111,1,0
E,G,E,10639,100,10639,1,0
E,H,E,10181,100,10181,1,0
A,F,F,5065,100,5065,1,0
B,F,F,1391,100,1391,1,0
C,F,F,7197,100,7197,1,0
D,F,F,5358,100,5358,1,0
E,F,F,5137,100,5137,1,0
F,G,F,6996,100,6996,1,0
F,H,F,5462,100,5462,1,0
A,G,G,10634,100,10634,1,0
B,G,G,7078,100,7078,1,0
C,G,G,1404,100,1404,1,0
D,G,G,8870,100,8870,1,0
E,G,G,10612,100,10612,1,0
F,G,G,6986,100,6986,1,0
G,H,G,8899,100,8899,1,0
A,H,H,9962,100,9962,1,0
B,H,H,5802,100,5802,1,0
C,H,H,8964,100,8964,1,0
D,H,H,1475,100,1475,1,0
E,H,H,10164,100,10164,1,0
F,H,H,5405,100,5405,1,0
G,H,H,8894,100,8894,1,0
A,B,A,4786,100,4786,1,0
A,C,A,10690,100,10690,1,0
A,D,A,9542,100,9542,1,0
A,E,A,1378,100,1378,1,0
A,F,A,5057,100,5057,1,0
A,G,A,10597,100,10597,1,0
A,H,A,9967,100,9967,1,0
A,B,B,4795,100,4795,1,0
B,C,B,7028,100,7028,1,0
B,D,B,5323,100,5323,1,0
B,E,B,5143,100,5143,1,0
B,F,B,1382,100,1382,1,0
B,G,B,7062,100,7062,1,0
B,H,B,5726,100,5726,1,0
A,C,C,10584,100,10584,1,0
B,C,C,7031,100,7031,1,0
C,D,C,8730,100,8730,1,0
C,E,C,10862,100,10862,1,0
C,F,C,7200,100,7200,1,0
C,G,C,1385,100,1385,1,0
C,H,C,8947,100,8947,1,0
A,D,D,9547,100,9547,1,0
B,D,D,5330,100,5330,1,0
C,D,D,8768,100,8768,1,0
D,E,D,9861,100,9861,1,0
D,F,D,5401,100,5401,1,0
D,G,D,8895,100,8895,1,0
D,H,D,1500,100,1500,1,0
A,E,E,1443,100,1443,1,0
B,E,E,5203,100,5203,1,0
C,E,E,10840,100,10840,1,0
D,E,E,9906,100,9906,1,0
E,F,E,5069,100,5069,1,0
E,G,E,10613,100,10613,1,0
E,H,E,10148,100,10148,1,0
A,F,F,5008,100,5008,1,0
B,F,F,1367,100,1367,1,0
C,F,F,7193,100,7193,1,0
D,F,F,5403,100,5403,1,0
E,F,F,5123,100,5123,1,0
F,G,F,6987,100,6987,1,0
F,H,F,5441,100,5441,1,0
A,G,G,10621,100,10621,1,0
B,G,G,7084,100,7084,1,0
C,G,G,1343,100,1343,1,0
D,G,G,8902,100,8902,1,0
E,G,G,10625,100,10625,1,0
F,G,G,6978,100,6978,1,0
G,H,G,8884,100,8884,1,0
A,H,H,9968,100,9968,1,0
B,H,H,5733,100,5733,1,0
C,H,H,8939,100,8939,1,0
D,H,H,1549,100,1549,1,0
E,H,H,10137,100,10137,1,0
F,H,H,5485,100,5485,1,0
G,H,H,8890,100,8890,1,0
A,B,A,4741,100,4741,1,0
A,C,A,10607,100,10607,1,0
A,D,A,9515,100,9515,1,0
A,E,A,1386,100,1386,1,0
A,F,A,5056,100,5056,1,0
A,G,A,10576,100,10576,1,0
A,H,A,9987,100,9987,1,0
A,B,B,4741,100,4741,1,0
B,C,B,7001,100,7001,1,0
B,D,B,5257,100,5257,1,0
B,E,B,5173,100,5173,1,0
B,F,B,1390,100,1390,1,0
B,G,B,7082,100,7082,1,0
B,H,B,5751,100,5751,1,0
A,C,C,10692,100,10692,1,0
B,C,C,7040,100,7040,1,0
C,D,C,8733,100,8733,1,0
C,E,C,10874,100,10874,1,0
C,F,C,7199,100,7199,1,0
C,G,C,1346,100,1346,1,0
C,H,C,8943,100,8943,1,0
A,D,D,9545,100,9545,1,0
B,D,D,5296,100,5296,1,0
C,D,D,8732,100,8732,1,0
D,E,D,9904,100,9904,1,0
D,F,D,5345,100,5345,1,0
D,G,D,8902,100,8902,1,0
D,H,D,1570,100,1570,1,0
A,E,E,1371,100,1371,1,0
B,E,E,5171,100,5171,1,0
C,E,E,10840,100,10840,1,0
D,E,E,9971,100,9971,1,0
E,F,E,5104,100,5104,1,0
E,G,E,10635,100,10635,1,0
E,H,E,10144,100,10144,1,0
A,F,F,5076,100,5076,1,0
B,F,F,1336,100,1336,1,0
C,F,F,7191,100,7191,1,0
D,F,F,5389,100,5389,1,0
E,F,F,5128,100,5128,1,0
F,G,F,6985,100,6985,1,0
F,H,F,5452,100,5452,1,0
A,G,G,10624,100,10624,1,0
B,G,G,7066,100,7066,1,0
C,G,G,1318,100,1318,1,0
D,G,G,8884,100,8884,1,0
E,G,G,10659,100,10659,1,0
F,G,G,6973,100,6973,1,0
G,H,G,8867,100,8867,1,0
A,H,H,9970,100,9970,1,0
B,H,H,5715,100,5715,1,0
C,H,H,8913,100,8913,1,0
D,H,H,1469,100,1469,1,0
E,H,H,10167,100,10167,1,0
F,H,H,5420,100,5420,1,0
G,H,H,8902,100,8902,1,0
A,B,A,4715,100,4715,1,0
A,C,A,10617,100,10617,1,0
A,D,A,9540,100,9540,1,0
A,E,A,1387,100,1387,1,0
A,F,A,5060,100,5060,1,0
A,G,A,10680,100,10680,1,0
A,H,A,9968,100,9968,1,0
A,B,B,4804,100,4804,1,0
B,C,B,6991,100,6991,1,0
B,D,B,5239,100,5239,1,0
B,E,B,5174,100,5174,1,0
B,F,B,1345,100,1345,1,0
B,G,B,7043,100,7043,1,0
B,H,B,5721,100,5721,1,0
A,C,C,10658,100,10658,1,0
B,C,C,6984,100,6984,1,0
C,D,C,8724,100,8724,1,0
C,E,C,10825,100,10825,1,0
C,F,C,7175,100,7175,1,0
C,G,C,1331,100,1331,1,0
C,H,C,8986,100,8986,1,0
A,D,D,9528,100,9528,1,0
B,D,D,5275,100,5275,1,0
C,D,D,8760,100,8760,1,0
D,E,D,9938,100,9938,1,0
D,F,D,5407,100,5407,1,0
D,G,D,8899,100,8899,1,0
D,H,D,1566,100,1566,1,0
A,E,E,1374,100,1374,1,0
B,E,E,5176,100,5176,1,0
C,E,E,10848,100,10848,1,0
D,E,E,9926,100,9926,1,0
E,F,E,5049,100,5049,1,0
E,G,E,10624,100,10624,1,0
E,H,E,10139,100,10139,1,0
A,F,F,5056,100,5056,1,0
B,F,F,1373,100,1373,1,0
C,F,F,7213,100,7213,1,0
D,F,F,5368,100,5368,1,0
E,F,F,5105,100,5105,1,0
F,G,F,6986,100,6986,1,0
F,H,F,5508,100,5508,1,0
A,G,G,10591,100,10591,1,0
B,G,G,7052,100,7052,1,0
C,G,G,1408,100,1408,1,0
D,G,G,8900,100,8900,1,0
E,G,G,10635,100,10635,1,0
F,G,G,6995,100,6995,1,0
G,H,G,8836,100,8836,1,0
A,H,H,9944,100,9944,1,0
B,H,H,5711,100,5711,1,0
C,H,H,8917,100,8917,1,0
D,H,H,1495,100,1495,1,0
E,H,H,10140,100,10140,1,0
F,H,H,5419,100,5419,1,0
G,H,H,8864,100,8864,1,0
A,B,A,4782,100,4782,1,0
A,C,A,10642,100,10642,1,0
A,D,A,9543,100,9543,1,0
A,E,A,1426,100,1426,1,0
A,F,A,5054,100,5054,1,0
A,G,A,10574,100,10574,1,0
A,H,A,9960,100,9960,1,0
A,B,B,4724,100,4724,1,0
B,C,B,6995,100,6995,1,0
B,D,B,5310,100,5310,1,0
B,E,B,5217,100,5217,1,0
B,F,B,1343,100,1343,1,0
B,G,B,7063,100,7063,1,0
B,H,B,5726,100,5726,1,0
A,C,C,10689,100,10689,1,0
B,C,C,7006,100,7006,1,0
C,D,C,8736,100,8736,1,0
C,E,C,10798,100,10798,1,0
C,F,C,7174,100,7174,1,0
C,G,C,1355,100,1355,1,0
C,H,C,8945,100,8945,1,0
A,D,D,9516,100,9516,1,0
B,D,D,5298,100,5298,1,0
C,D,D,8741,100,8741,1,0
D,E,D,9928,100,9928,1,0
D,F,D,5345,100,5345,1,0
D,G,D,8843,100,8843,1,0
D,H,D,1525,100,1525,1,0
A,E,E,1359,100,1359,1,0
B,E,E,5175,100,5175,1,0
C,E,E,10774,100,10774,1,0
D,E,E,9905,100,9905,1,0
E,F,E,5092,100,5092,1,0
E,G,E,10642,100,10642,1,0
E,H,E,10126,100,10126,1,0
A,F,F,5069,100,5069,1,0
B,F,F,1342,100,1342,1,0
C,F,F,7173,100,7173,1,0
D,F,F,5356,100,5356,1,0
E,F,F,5080,100,5080,1,0
F,G,F,7012,100,7012,1,0
F,H,F,5446,100,5446,1,0
A,G,G,10644,100,10644,1,0
B,G,G,7135,100,7135,1,0
C,G,G,1371,100,1371,1,0
D,G,G,8901,100,8901,1,0
E,G,G,10627,100,10627,1,0
F,G,G,7001,100,7001,1,0
G,H,G,8854,100,8854,1,0
A,H,H,9916,100,9916,1,0
B,H,H,5746,100,5746,1,0
C,H,H,8980,100,8980,1,0
D,H,H,1494,100,1494,1,0
E,H,H,10137,100,10137,1,0
F,H,H,5469,100,5469,1,0
G,H,H,8868,100,8868,1,0
A,B,A,4801,100,4801,1,0
A,C,A,10696,100,10696,1,0
A,D,A,9535,100,9535,1,0
A,E,A,1393,100,1393,1,0
A,F,A,5079,100,5079,1,0
A,G,A,10596,100,10596,1,0
A,H,A,9948,100,9948,1,0
A,B,B,4810,100,4810,1,0
B,C,B,7005,100,7005,1,0
B,D,B,5278,100,5278,1,0
B,E,B,5154,100,5154,1,0
B,F,B,1366,100,1366,1,0
B,G,B,7087,100,7087,1,0
B,H,B,5752,100,5752,1,0
A,C,C,10656,100,10656,1,0
B,C,C,6995,100,6995,1,0
C,D,C,8784,100,8784,1,0
C,E,C,10824,100,10824,1,0
C,F,C,7175,100,7175,1,0
C,G,C,1398,100,1398,1,0
C,H,C,8927,100,8927,1,0
A,D,D,9529,100,9529,1,0
B,D,D,5302,100,5302,1,0
C,D,D,8750,100,8750,1,0
D,E,D,9919,100,9919,1,0
D,F,D,5347,100,5347,1,0
D,G,D,8924,100,8924,1,0
D,H,D,1522,100,1522,1,0
A,E,E,1374,100,1374,1,0
B,E,E,5167,100,5167,1,0
C,E,E,10817,100,10817,1,0
D,E,E,9826,100,9826,1,0
E,F,E,5114,100,5114,1,0
E,G,E,10641,100,10641,1,0
E,H,E,10172,100,10172,1,0
A,F,F,5106,100,5106,1,0
B,F,F,1337,100,1337,1,0
C,F,F,7212,100,7212,1,0
D,F,F,5354,100,5354,1,0
E,F,F,5092,100,5092,1,0
F,G,F,7030,100,7030,1,0
F,H,F,5435,100,5435,1,0
A,G,G,10613,100,10613,1,0
B,G,G,7092,100,7092,1,0
C,G,G,1386,100,1386,1,0
D,G,G,8883,100,8883,1,0
E,G,G,10645,100,10645,1,0
F,G,G,7011,100,7011,1,0
G,H,G,8863,100,8863,1,0
A,H,H,9974,100,9974,1,0
B,H,H,5715,100,5715,1,0
C,H,H,8919,100,8919,1,0
D,H,H,1451,100,1451,1,0
E,H,H,10147,100,10147,1,0
F,H,H,5465,100,5465,1,0
G,H,H,8860,100,8860,1,0
A,B,A,4793,100,4793,1,0
A,C,A,10672,100,10672,1,0
A,D,A,9559,100,9559,1,0
A,E,A,1375,100,1375,1,0
A,F,A,5071,100,5071,1,0
A,G,A,10663,100,10663,1,0
A,H,A,9922,100,9922,1,0
A,B,B,4806,100,4806,1,0
B,C,B,6984,100,6984,1,0
B,D,B,5267,100,5267,1,0
B,E,B,5190,100,5190,1,0
B,F,B,1341,100,1341,1,0
B,G,B,7073,100,7073,1,0
B,H,B,5721,100,5721,1,0
A,C,C,10729,100,10729,1,0
B,C,C,7015,100,7015,1,0
C,D,C,8750,100,8750,1,0
C,E,C,10802,100,10802,1,0
C,F,C,7169,100,7169,1,0
C,G,C,1386,100,1386,1,0
C,H,C,8932,100,8932,1,0
A,D,D,9538,100,9538,1,0
B,D,D,5296,100,5296,1,0
C,D,D,8759,100,8759,1,0
D,E,D,9969,100,9969,1,0
D,F,D,5345,100,5345,1,0
D,G,D,8942,100,8942,1,0
D,H,D,1481,100,1481,1,0
A,E,E,1480,100,1480,1,0
B,E,E,5159,100,5159,1,0
C,E,E,10847,100,10847,1,0
D,E,E,9970,100,9970,1,0
E,F,E,5075,100,5075,1,0
E,G,E,10626,100,10626,1,0
E,H,E,10140,100,10140,1,0
A,F,F,5058,100,5058,1,0
B,F,F,1377,100,1377,1,0
C,F,F,7187,100,7187,1,0
D,F,F,5371,100,5371,1,0
E,F,F,5108,100,5108,1,0
F,G,F,7012,100,7012,1,0
F,H,F,5495,100,5495,1,0
A,G,G,10605,100,10605,1,0
B,G,G,7065,100,7065,1,0
C,G,G,1375,100,1375,1,0
D,G,G,8873,100,8873,1,0
E,G,G,10636,100,10636,1,0
F,G,G,7009,100,7009,1,0
G,H,G,8899,100,8899,1,0
A,H,H,9939,100,9939,1,0
B,H,H,5726,100,5726,1,0
C,H,H,8961,100,8961,1,0
D,H,H,1490,100,1490,1,0
E,H,H,10162,100,10162,1,0
F,H,H,5452,100,5452,1,0
G,H,H,8900,100,8900,1,0
A,B,A,4818,100,4818,1,0
A,C,A,10639,100,10639,1,0
A,D,A,9522,100,9522,1,0
A,E,A,1415,100,1415,1,0
A,F,A,5002,100,5002,1,0
A,G,A,10639,100,10639,1,0
A,H,A,9944,100,9944,1,0
A,B,B,4802,100,4802,1,0
B,C,B,6980,100,6980,1,0
B,D,B,5248,100,5248,1,0
B,E,B,5206,100,5206,1,0
B,F,B,1368,100,1368,1,0
B,G,B,7069,100,7069,1,0
B,H,B,5748,100,5748,1,0
A,C,C,10641,100,10641,1,0
B,C,C,6991,100,6991,1,0
C,D,C,8775,100,8775,1,0
C,E,C,10832,100,10832,1,0
C,F,C,7203,100,7203,1,0
C,G,C,1341,100,1341,1,0
C,H,C,8921,100,8921,1,0
A,D,D,9530,100,9530,1,0
B,D,D,5295,100,5295,1,0
C,D,D,8789,100,8789,1,0
D,E,D,10013,100,10013,1,0
D,F,D,5374,100,5374,1,0
D,G,D,8888,100,8888,1,0
D,H,D,1545,100,1545,1,0
A,E,E,1405,100,1405,1,0
B,E,E,5192,100,5192,1,0
C,E,E,10832,100,10832,1,0
D,E,E,9897,100,9897,1,0
E,F,E,5111,100,5111,1,0
E,G,E,10652,100,10652,1,0
E,H,E,10101,100,10101,1,0
A,F,F,5083,100,5083,1,0
B,F,F,1336,100,1336,1,0
C,F,F,7204,100,7204,1,0
D,F,F,5349,100,5349,1,0
E,F,F,5070,100,5070,1,0
F,G,F,7010,100,7010,1,0
F,H,F,5463,100,5463,1,0
A,G,G,10594,100,10594,1,0
B,G,G,7075,100,7075,1,0
C,G,G,1406,100,1406,1,0
D,G,G,8884,100,8884,1,0
E,G,G,10653,100,10653,1,0
F,G,G,7007,100,7007,1,0
G,H,G,8871,100,8871,1,0
A,H,H,9892,100,9892,1,0
B,H,H,5719,100,5719,1,0
C,H,H,8965,100,8965,1,0
D,H,H,1486,100,1486,1,0
E,H,H,10133,100,10133,1,0
F,H,H,5433,100,5433,1,0
G,H,H,8856,100,8856,1,0
A,B,A,4755,100,4755,1,0
A,C,A,10632,100,10632,1,0
A,D,A,9538,100,9538,1,0
A,E,A,1401,100,1401,1,0
A,F,A,5102,100,5102,1,0
A,G,A,10665,100,10665,1,0
A,H,A,9929,100,9929,1,0
A,B,B,4766,100,4766,1,0
B,C,B,6982,100,6982,1,0
B,D,B,5256,100,5256,1,0
B,E,B,5163,100,5163,1,0
B,F,B,1375,100,1375,1,0
B,G,B,7098,100,7098,1,0
B,H,B,5705,100,5705,1,0
A,C,C,10702,100,10702,1,0
B,C,C,7011,100,7011,1,0
C,D,C,8703,100,8703,1,0
C,E,C,10832,100,10832,1,0
C,F,C,7205,100,7205,1,0
C,G,C,1374,100,1374,1,0
C,H,C,9009,100,9009,1,0
A,D,D,9549,100,9549,1,0
B,D,D,5297,100,5297,1,0
C,D,D,8707,100,8707,1,0
D,E,D,9910,100,9910,1,0
D,F,D,5400,100,5400,1,0
D,G,D,8902,100,8902,1,0
D,H,D,1507,100,1507,1,0
A,E,E,1421,100,1421,1,0
B,E,E,5183,100,5183,1,0
C,E,E,10802,100,10802,1,0
D,E,E,9956,100,9956,1,0
E,F,E,5102,100,5102,1,0
E,G,E,10688,100,10688,1,0
E,H,E,10155,100,10155,1,0
A,F,F,5063,100,5063,1,0
B,F,F,1369,100,1369,1,0
C,F,F,7206,100,7206,1,0
D,F,F,5378,100,5378,1,0
E,F,F,5101,100,5101,1,0
F,G,F,6995,100,6995,1,0
F,H,F,5421,100,5421,1,0
A,G,G,10581,100,10581,1,0
B,G,G,7073,100,7073,1,0
C,G,G,1372,100,1372,1,0
D,G,G,8866,100,8866,1,0
E,G,G,10618,100,10618,1,0
F,G,G,7001,100,7001,1,0
G,H,G,8909,100,8909,1,0
A,H,H,9951,100,9951,1,0
B,H,H,5699,100,5699,1,0
C,H,H,8950,100,8950,1,0
D,H,H,1464,100,1464,1,0
E,H,H,10179,100,10179,1,0
F,H,H,5448,100,5448,1,0
G,H,H,8844,100,8844,1,0
A,B,A,4756,100,4756,1,0
A,C,A,10657,100,10657,1,0
A,D,A,9523,100,9523,1,0
A,E,A,1420,100,1420,1,0
A,F,A,5021,100,5021,1,0
A,G,A,10608,100,10608,1,0
A,H,A,9959,100,9959,1,0
A,B,B,4754,100,4754,1,0
B,C,B,7044,100,7044,1,0
B,D,B,5280,100,5280,1,0
B,E,B,5175,100,5175,1,0
B,F,B,1356,100,1356,1,0
B,G,B,7069,100,7069,1,0
B,H,B,5720,100,5720,1,0
A,C,C,10716,100,10716,1,0
B,C,C,7014,100,7014,1,0
C,D,C,8709,100,8709,1,0
C,E,C,10840,100,10840,1,0
C,F,C,7176,100,7176,1,0
C,G,C,1400,100,1400,1,0
C,H,C,8909,100,8909,1,0
A,D,D,9504,100,9504,1,0
B,D,D,5317,100,5317,1,0
C,D,D,8756,100,8756,1,0
D,E,D,9881,100,9881,1,0
D,F,D,5347,100,5347,1,0
D,G,D,8871,100,8871,1,0
D,H,D,1494,100,1494,1,0
A,E,E,1387,100,1387,1,0
B,E,E,5208,100,5208,1,0
C,E,E,10826,100,10826,1,0
D,E,E,9904,100,9904,1,0
E,F,E,5094,100,5094,1,0
E,G,E,10638,100,10638,1,0
E,H,E,10103,100,10103,1,0
A,F,F,5084,100,5084,1,0
B,F,F,1362,100,1362,1,0
C,F,F,7196,100,7196,1,0
D,F,F,5348,100,5348,1,0
E,F,F,5090,100,5090,1,0
F,G,F,7007,100,7007,1,0
F,H,F,5429,100,5429,1,0
A,G,G,10658,100,10658,1,0
B,G,G,7106,100,7106,1,0
C,G,G,1325,100,1325,1,0
D,G,G,8907,100,8907,1,0
E,G,G,10644,100,10644,1,0
F,G,G,6992,100,6992,1,0
G,H,G,8876,100,8876,1,0
A,H,H,9970,100,9970,1,0
B,H,H,5760,100,5760,1,0
C,H,H,8937,100,8937,1,0
D,H,H,1477,100,1477,1,0
E,H,H,10114,100,10114,1,0
F,H,H,5490,100,5490,1,0
G,H,H,8912,100,8912,1,0
A,B,A,4775,100,4775,1,0
A,C,A,10690,100,10690,1,0
A,D,A,9518,100,9518,1,0
A,E,A,1369,100,1369,1,0
A,F,A,5090,100,5090,1,0
A,G,A,10638,100,10638,1,0
A,H,A,9927,100,9927,1,0
A,B,B,4726,100,4726,1,0
B,C,B,7012,100,7012,1,0
B,D,B,5265,100,5265,1,0
B,E,B,5179,100,5179,1,0
B,F,B,1380,100,1380,1,0
B,G,B,7110,100,7110,1,0
B,H,B,5758,100,5758,1,0
A,C,C,10665,100,10665,1,0
B,C,C,7052,100,7052,1,0
C,D,C,8752,100,8752,1,0
C,E,C,10806,100,10806,1,0
C,F,C,7220,100,7220,1,0
C,G,C,1378,100,1378,1,0
C,H,C,8944,100,8944,1,0
A,D,D,9539,100,9539,1,0
B,D,D,5331,100,5331,1,0
C,D,D,8752,100,8752,1,0
D,E,D,9992,100,9992,1,0
D,F,D,5363,100,5363,1,0
D,G,D,8895,100,8895,1,0
D,H,D,1536,100,1536,1,0
A,E,E,1430,100,1430,1,0
B,E,E,5179,100,5179,1,0
C,E,E,10811,100,10811,1,0
D,E,E,9871,100,9871,1,0
E,F,E,5099,100,5099,1,0
E,G,E,10641,100,10641,1,0
E,H,E,10106,100,10106,1,0
A,F,F,5040,100,5040,1,0
B,F,F,1330,100,1330,1,0
C,F,F,7199,100,7199,1,0
D,F,F,5329,100,5329,1,0
E,F,F,5100,100,5100,1,0
F,G,F,6998,100,6998,1,0
F,H,F,5490,100,5490,1,0
A,G,G,10662,100,10662,1,0
B,G,G,7113,100,7113,1,0
C,G,G,1396,100,1396,1,0
D,G,G,8885,100,8885,1,0
E,G,G,10635,100,10635,1,0
F,G,G,6997,100,6997,1,0
G,H,G,8864,100,8864,1,0
A,H,H,9934,100,9934,1,0
B,H,H,5746,100,5746,1,0
C,H,H,8928,100,8928,1,0
D,H,H,1506,100,1506,1,0
E,H,H,10165,100,10165,1,0
F,H,H,5469,100,5469,1,0
G,H,H,8873,100,8873,1,0
A,B,A,4788,100,4788,1,0
A,C,A,10639,100,10639,1,0
A,D,A,9501,100,9501,1,0
A,E,A,1404,100,1404,1,0
A,F,A,5063,100,5063,1,0
A,G,A,10621,100,10621,1,0
A,H,A,9939,100,9939,1,0
A,B,B,4766,100,4766,1,0
B,C,B,7026,100,7026,1,0
B,D,B,5280,100,5280,1,0
B,E,B,5171,100,5171,1,0
B,F,B,1368,100,1368,1,0
B,G,B,7077,100,7077,1,0
B,H,B,5721,100,5721,1,0
A,C,C,10686,100,10686,1,0
B,C,C,6995,100,6995,1,0
C,D,C,8718,100,8718,1,0
C,E,C,10813,100,10813,1,0
C,F,C,7176,100,7176,1,0
C,G,C,1354,100,1354,1,0
C,H,C,8902,100,8902,1,0
A,D,D,9526,100,9526,1,0
B,D,D,5297,100,5297,1,0
C,D,D,8720,100,8720,1,0
D,E,D,10009,100,10009,1,0
D,F,D,5403,100,5403,1,0
D,G,D,8868,100,8868,1,0
D,H,D,1499,100,1499,1,0
A,E,E,1375,100,1375,1,0
B,E,E,5142,100,5142,1,0
C,E,E,10831,100,10831,1,0
D,E,E,9910,100,9910,1,0
E,F,E,5052,100,5052,1,0
E,G,E,10639,100,10639,1,0
E,H,E,10131,100,10131,1,0
A,F,F,5075,100,5075,1,0
B,F,F,1349,100,1349,1,0
C,F,F,7196,100,7196,1,0
D,F,F,5344,100,5344,1,0
E,F,F,5098,100,5098,1,0
F,G,F,6984,100,6984,1,0
F,H,F,5451,100,5451,1,0
A,G,G,10586,100,10586,1,0
B,G,G,7098,100,7098,1,0
C,G,G,1386,100,1386,1,0
D,G,G,8878,100,8878,1,0
E,G,G,10605,100,10605,1,0
F,G,G,6996,100,6996,1,0
G,H,G,8882,100,8882,1,0
A,H,H,9944,100,9944,1,0
B,H,H,5792,100,5792,1,0
C,H,H,8925,100,8925,1,0
D,H,H,1473,100,1473,1,0
E,H,H,10173,100,10173,1,0
F,H,H,5433,100,5433,1,0
G,H,H,8878,100,8878,1,0
A,B,A,4735,100,4735,1,0
A,C,A,10584,100,10584,1,0
A,D,A,9559,100,9559,1,0
A,E,A,1391,100,1391,1,0
A,F,A,5081,100,5081,1,0
A,G,A,10640,100,10640,1,0
A,H,A,9954,100,9954,1,0
A,B,B,4824,100,4824,1,0
B,C,B,7036,100,7036,1,0
B,D,B,5281,100,5281,1,0
B,E,B,5213,100,5213,1,0
B,F,B,1363,100,1363,1,0
B,G,B,7068,100,7068,1,0
B,H,B,5718,100,5718,1,0
A,C,C,10678,100,10678,1,0
B,C,C,7021,100,7021,1,0
C,D,C,8744,100,8744,1,0
C,E,C,10812,100,10812,1,0
C,F,C,7188,100,7188,1,0
C,G,C,1411,100,1411,1,0
C,H,C,8946,100,8946,1,0
A,D,D,9548,100,9548,1,0
B,D,D,5282,100,5282,1,0
C,D,D,8723,100,8723,1,0
D,E,D,9977,100,9977,1,0
D,F,D,5384,100,5384,1,0
D,G,D,8895,100,8895,1,0
D,H,D,1458,100,1458,1,0
A,E,E,1429,100,1429,1,0
B,E,E,5156,100,5156,1,0
C,E,E,10754,100,10754,1,0
D,E,E,9924,100,9924,1,0
E,F,E,5121,100,5121,1,0
E,G,E,10629,100,10629,1,0
E,H,E,10141,100,10141,1,0
A,F,F,5050,100,5050,1,0
B,F,F,1374,100,1374,1,0
C,F,F,7187,100,7187,1,0
D,F,F,5386,100,5386,1,0
E,F,F,5099,100,5099,1,0
F,G,F,6990,100,6990,1,0
F,H,F,5471,100,5471,1,0
A,G,G,10640,100,10640,1,0
B,G,G,7074,100,7074,1,0
C,G,G,1364,100,1364,1,0
D,G,G,8924,100,8924,1,0
E,G,G,10629,100,10629,1,0
F,G,G,7010,100,7010,1,0
G,H,G,8858,100,8858,1,0
A,H,H,9897,100,9897,1,0
B,H,H,5751,100,5751,1,0
C,H,H,8907,100,8907,1,0
D,H,H,1486,100,1486,1,0
E,H,H,10134,100,10134,1,0
F,H,H,5461,100,5461,1,0
G,H,H,8837,100,8837,1,0
A,B,A,4749,100,4749,1,0
A,C,A,10635,100,10635,1,0
A,D,A,9546,100,9546,1,0
A,E,A,1434,100,1434,1,0
A,F,A,5056,100,5056,1,0
A,G,A,10639,100,10639,1,0
A,H,A,10027,100,10027,1,0
A,B,B,4775,100,4775,1,0
B,C,B,7035,100,7035,1,0
B,D,B,5267,100,5267,1,0
B,E,B,5166,100,5166,1,0
B,F,B,1394,100,1394,1,0
B,G,B,7073,100,7073,1,0
B,H,B,5748,100,5748,1,0
A,C,C,10607,100,10607,1,0
B,C,C,7012,100,7012,1,0
C,D,C,8745,100,8745,1,0
C,E,C,10828,100,10828,1,0
C,F,C,7174,100,7174,1,0
C,G,C,1421,100,1421,1,0
C,H,C,8904,100,8904,1,0
A,D,D,9519,100,9519,1,0
B,D,D,5302,100,5302,1,0
C,D,D,8746,100,8746,1,0
D,E,D,9902,100,9902,1,0
D,F,D,5388,100,5388,1,0
D,G,D,8889,100,8889,1,0
D,H,D,1509,100,1509,1,0
A,E,E,1430,100,1430,1,0
B,E,E,5139,100,5139,1,0
C,E,E,10876,100,10876,1,0
D,E,E,9942,100,9942,1,0
E,F,E,5129,100,5129,1,0
E,G,E,10642,100,10642,1,0
E,H,E,10138,100,10138,1,0
A,F,F,5026,100,5026,1,0
B,F,F,1381,100,1381,1,0
C,F,F,7217,100,7217,1,0
D,F,F,5363,100,5363,1,0
E,F,F,5098,100,5098,1,0
F,G,F,6971,100,6971,1,0
F,H,F,5498,100,5498,1,0
A,G,G,10607,100,10607,1,0
B,G,G,7081,100,7081,1,0
C,G,G,1400,100,1400,1,0
D,G,G,8884,100,8884,1,0
E,G,G,10626,100,10626,1,0
F,G,G,6980,100,6980,1,0
G,H,G,8898,100,8898,1,0
A,H,H,9959,100,9959,1,0
B,H,H,5703,100,5703,1,0
C,H,H,8956,100,8956,1,0
D,H,H,1461,100,1461,1,0
E,H,H,10142,100,10142,1,0
F,H,H,5482,100,5482,1,0
G,H,H,8852,100,8852,1,0
A,B,A,4764,100,4764,1,0
A,C,A,10662,100,10662,1,0
A,D,A,9532,100,9532,1,0
A,E,A,1437,100,1437,1,0
A,F,A,5073,100,5073,1,0
A,G,A,10594,100,10594,1,0
A,H,A,9984,100,9984,1,0
A,B,B,4760,100,4760,1,0
B,C,B,6998,100,6998,1,0
B,D,B,5259,100,5259,1,0
B,E,B,5198,100,5198,1,0
B,F,B,1367,100,1367,1,0
B,G,B,7071,100,7071,1,0
B,H,B,5755,100,5755,1,0
A,C,C,10632,100,10632,1,0
B,C,C,7011,100,7011,1,0
C,D,C,8742,100,8742,1,0
C,E,C,10814,100,10814,1,0
C,F,C,7175,100,7175,1,0
C,G,C,1371,100,1371,1,0
C,H,C,8988,100,8988,1,0
A,D,D,9540,100,9540,1,0
B,D,D,5278,100,5278,1,0
C,D,D,8762,100,8762,1,0
D,E,D,9925,100,9925,1,0
D,F,D,5342,100,5342,1,0
D,G,D,8863,100,8863,1,0
D,H,D,1502,100,1502,1,0
A,E,E,1438,100,1438,1,0
B,E,E,5198,100,5198,1,0
C,E,E,10775,100,10775,1,0
D,E,E,9961,100,9961,1,0
E,F,E,5111,100,5111,1,0
E,G,E,10660,100,10660,1,0
E,H,E,10122,100,10122,1,0
A,F,F,5068,100,5068,1,0
B,F,F,1338,100,1338,1,0
C,F,F,7200,100,7200,1,0
D,F,F,5358,100,5358,1,0
E,F,F,5093,100,5093,1,0
F,G,F,6983,100,6983,1,0
F,H,F,5464,100,5464,1,0
A,G,G,10669,100,10669,1,0
B,G,G,7068,100,7068,1,0
C,G,G,1400,100,1400,1,0
D,G,G,8882,100,8882,1,0
E,G,G,10660,100,10660,1,0
F,G,G,6998,100,6998,1,0
G,H,G,8808,100,8808,1,0
A,H,H,9923,100,9923,1,0
B,H,H,5766,100,5766,1,0
C,H,H,8957,100,8957,1,0
D,H,H,1463,100,1463,1,0
E,H,H,10141,100,10141,1,0
F,H,H,5418,100,5418,1,0
G,H,H,8876,100,8876,1,0
A,B,A,4805,100,4805,1,0
A,C,A,10657,100,10657,1,0
A,D,A,9546,100,9546,1,0
A,E,A,1415,100,1415,1,0
A,F,A,5090,100,5090,1,0
A,G,A,10605,100,10605,1,0
A,H,A,9974,100,9974,1,0
A,B,B,4774,100,4774,1,0
B,C,B,7045,100,7045,1,0
B,D,B,5295,100,5295,1,0
B,E,B,5192,100,5192,1,0
B,F,B,1360,100,1360,1,0
B,G,B,7063,100,7063,1,0
B,H,B,5733,100,5733,1,0
A,C,C,10630,100,10630,1,0
B,C,C,6997,100,6997,1,0
C,D,C,8741,100,8741,1,0
C,E,C,10805,100,10805,1,0
C,F,C,7203,100,7203,1,0
C,G,C,1346,100,1346,1,0
C,H,C,8959,100,8959,1,0
A,D,D,9526,100,9526,1,0
B,D,D,5273,100,5273,1,0
C,D,D,8746,100,8746,1,0
D,E,D,9978,100,9978,1,0
D,F,D,5328,100,5328,1,0
D,G,D,8864,100,8864,1,0
D,H,D,1451,100,1451,1,0
A,E,E,1383,100,1383,1,0
B,E,E,5189,100,5189,1,0
C,E,E,10833,100,10833,1,0
D,E,E,9913,100,9913,1,0
E,F,E,5101,100,5101,1,0
E,G,E,10627,100,10627,1,0
E,H,E,10106,100,10106,1,0
A,F,F,5035,100,5035,1,0
B,F,F,1321,100,1321,1,0
C,F,F,7165,100,7165,1,0
D,F,F,5387,100,5387,1,0
E,F,F,5104,100,5104,1,0
F,G,F,7006,100,7006,1,0
F,H,F,5475,100,5475,1,0
A,G,G,10651,100,10651,1,0
B,G,G,7111,100,7111,1,0
C,G,G,1346,100,1346,1,0
D,G,G,8905,100,8905,1,0
E,G,G,10643,100,10643,1,0
F,G,G,7037,100,7037,1,0
G,H,G,8866,100,8866,1,0
A,H,H,9949,100,9949,1,0
B,H,H,5755,100,5755,1,0
C,H,H,8973,100,8973,1,0
D,H,H,1520,100,1520,1,0
E,H,H,10149,100,10149,1,0
F,H,H,5453,100,5453,1,0
G,H,H,8894,100,8894,1,0
A,B,A,4760,100,4760,1,0
A,C,A,10636,100,10636,1,0
A,D,A,9538,100,9538,1,0
A,E,A,1414,100,1414,1,0
A,F,A,5024,100,5024,1,0
A,G,A,10647,100,10647,1,0
A,H,A,9943,100,9943,1,0
A,B,B,4757,100,4757,1,0
B,C,B,7037,100,7037,1,0
B,D,B,5289,100,5289,1,0
B,E,B,5154,100,5154,1,0
B,F,B,1379,100,1379,1,0
B,G,B,7078,100,7078,1,0
B,H,B,5714,100,5714,1,0
A,C,C,10656,100,10656,1,0
B,C,C,6979,100,6979,1,0
C,D,C,8737,100,8737,1,0
C,E,C,10793,100,10793,1,0
C,F,C,7181,100,7181,1,0
C,G,C,1368,100,1368,1,0
C,H,C,8942,100,8942,1,0
A,D,D,9503,100,9503,1,0
B,D,D,5286,100,5286,1,0
C,D,D,8746,100,8746,1,0
D,E,D,9931,100,9931,1,0
D,F,D,5389,100,5389,1,0
D,G,D,8895,100,8895,1,0
D,H,D,1500,100,1500,1,0
A,E,E,1440,100,1440,1,0
B,E,E,5157,100,5157,1,0
C,E,E,10828,100,10828,1,0
D,E,E,9942,100,9942,1,0
E,F,E,5092,100,5092,1,0
E,G,E,10621,100,10621,1,0
E,H,E,10158,100,10158,1,0
A,F,F,5046,100,5046,1,0
B,F,F,1320,100,1320,1,0
C,F,F,7181,100,7181,1,0
D,F,F,5373,100,5373,1,0
E,F,F,5117,100,5117,1,0
F,G,F,7007,100,7007,1,0
F,H,F,5427,100,5427,1,0
A,G,G,10626,100,10626,1,0
B,G,G,7092,100,7092,1,0
C,G,G,1361,100,1361,1,0
D,G,G,8880,100,8880,1,0
E,G,G,10661,100,10661,1,0
F,G,G,7019,100,7019,1,0
G,H,G,8881,100,8881,1,0
A,H,H,9966,100,9966,1,0
B,H,H,5725,100,5725,1,0
C,H,H,8921,100,8921,1,0
D,H,H,1537,100,1537,1,0
E,H,H,10121,100,10121,1,0
F,H,H,5430,100,5430,1,0
G,H,H,8891,100,8891,1,0
A,B,A,4748,100,4748,1,0
A,C,A,10654,100,10654,1,0
A,D,A,9534,100,9534,1,0
A,E,A,1426,100,1426,1,0
A,F,A,5062,100,5062,1,0
A,G,A,10625,100,10625,1,0
A,H,A,9942,100,9942,1,0
A,B,B,4732,100,4732,1,0
B,C,B,7011,100,7011,1,0
B,D,B,5292,100,5292,1,0
B,E,B,5191,100,5191,1,0
B,F,B,1364,100,1364,1,0
B,G,B,7084,100,7084,1,0
B,H,B,5749,100,5749,1,0
A,C,C,10617,100,10617,1,0
B,C,C,7019,100,7019,1,0
C,D,C,8726,100,8726,1,0
C,E,C,10837,100,10837,1,0
C,F,C,7181,100,7181,1,0
C,G,C,1345,100,1345,1,0
C,H,C,8898,100,8898,1,0
A,D,D,9511,100,9511,1,0
B,D,D,5295,100,5295,1,0
C,D,D,8731,100,8731,1,0
D,E,D,9955,100,9955,1,0
D,F,D,5337,100,5337,1,0
D,G,D,8879,100,8879,1,0
D,H,D,1549,100,1549,1,0
A,E,E,1386,100,1386,1,0
B,E,E,5194,100,5194,1,0
C,E,E,10853,100,10853,1,0
D,E,E,9866,100,9866,1,0
E,F,E,5113,100,5113,1,0
E,G,E,10628,100,10628,1,0
E,H,E,10095,100,10095,1,0
A,F,F,5068,100,5068,1,0
B,F,F,1372,100,1372,1,0
C,F,F,7192,100,7192,1,0
D,F,F,5349,100,5349,1,0
E,F,F,5095,100,5095,1,0
F,G,F,7037,100,7037,1,0
F,H,F,5433,100,5433,1,0
A,G,G,10600,100,10600,1,0
B,G,G,7037,100,7037,1,0
C,G,G,1385,100,1385,1,0
D,G,G,8885,100,8885,1,0
E,G,G,10624,100,10624,1,0
F,G,G,6993,100,6993,1,0
G,H,G,8880,100,8880,1,0
A,H,H,9970,100,9970,1,0
B,H,H,5711,100,5711,1,0
C,H,H,8953,100,8953,1,0
D,H,H,1482,100,1482,1,0
E,H,H,10151,100,10151,1,0
F,H,H,5447,100,5447,1,0
G,H,H,8851,100,8851,1,0
A,B,A,4779,100,4779,1,0
A,C,A,10625,100,10625,1,0
A,D,A,9528,100,9528,1,0
A,E,A,1445,100,1445,1,0
A,F,A,5014,100,5014,1,0
A,G,A,10615,100,10615,1,0
A,H,A,9978,100,9978,1,0
A,B,B,4755,100,4755,1,0
B,C,B,7001,100,7001,1,0
B,D,B,5247,100,5247,1,0
B,E,B,5183,100,5183,1,0
B,F,B,1345,100,1345,1,0
B,G,B,7070,100,7070,1,0
B,H,B,5791,100,5791,1,0
A,C,C,10640,100,10640,1,0
B,C,C,7005,100,7005,1,0
C,D,C,8758,100,8758,1,0
C,E,C,10829,100,10829,1,0
C,F,C,7196,100,7196,1,0
C,G,C,1369,100,1369,1,0
C,H,C,8892,100,8892,1,0
A,D,D,9536,100,9536,1,0
B,D,D,5265,100,5265,1,0
C,D,D,8760,100,8760,1,0
D,E,D,9887,100,9887,1,0
D,F,D,5340,100,5340,1,0
D,G,D,8915,100,8915,1,0
D,H,D,1480,100,1480,1,0
A,E,E,1438,100,1438,1,0
B,E,E,5176,100,5176,1,0
C,E,E,10855,100,10855,1,0
D,E,E,9977,100,9977,1,0
E,F,E,5134,100,5134,1,0
E,G,E,10611,100,10611,1,0
E,H,E,10135,100,10135,1,0
A,F,F,5050,100,5050,1,0
B,F,F,1351,100,1351,1,0
C,F,F,7160,100,7160,1,0
D,F,F,5370,100,5370,1,0
E,F,F,5096,100,5096,1,0
F,G,F,6988,100,6988,1,0
F,H,F,5479,100,5479,1,0
A,G,G,10625,100,10625,1,0
B,G,G,7128,100,7128,1,0
C,G,G,1338,100,1338,1,0
D,G,G,8908,100,8908,1,0
E,G,G,10645,100,10645,1,0
F,G,G,7009,100,7009,1,0
G,H,G,8808,100,8808,1,0
A,H,H,9952,100,9952,1,0
B,H,H,5748,100,5748,1,0
C,H,H,8948,100,8948,1,0
D,H,H,1458,100,1458,1,0
E,H,H,10149,100,10149,1,0
F,H,H,5454,100,5454,1,0
G,H,H,8889,100,8889,1,0
A,B,A,4769,100,4769,1,0
A,C,A,10616,100,10616,1,0
A,D,A,9527,100,9527,1,0
A,E,A,1475,100,1475,1,0
A,F,A,5100,100,5100,1,0
A,G,A,10631,100,10631,1,0
A,H,A,9930,100,9930,1,0
A,B,B,4747,100,4747,1,0
B,C,B,6988,100,6988,1,0
B,D,B,5257,100,5257,1,0
B,E,B,5156,100,5156,1,0
B,F,B,1365,100,1365,1,0
B,G,B,7102,100,7102,1,0
B,H,B,5693,100,5693,1,0
A,C,C,10647,100,10647,1,0
B,C,C,7009,100,7009,1,0
C,D,C,8752,100,8752,1,0
C,E,C,10796,100,10796,1,0
C,F,C,7190,100,7190,1,0
C,G,C,1386,100,1386,1,0
C,H,C,8916,100,8916,1,0
A,D,D,9527,100,9527,1,0
B,D,D,5307,100,5307,1,0
C,D,D,8770,100,8770,1,0
D,E,D,9929,100,9929,1,0
D,F,D,5338,100,5338,1,0
D,G,D,8902,100,8902,1,0
D,H,D,1504,100,1504,1,0
A,E,E,1437,100,1437,1,0
B,E,E,5183,100,5183,1,0
C,E,E,10799,100,10799,1,0
D,E,E,9924,100,9924,1,0
E,F,E,5106,100,5106,1,0
E,G,E,10621,100,10621,1,0
E,H,E,10156,100,10156,1,0
A,F,F,5094,100,5094,1,0
B,F,F,1358,100,1358,1,0
C,F,F,7187,100,7187,1,0
D,F,F,5370,100,5370,1,0
E,F,F,5098,100,5098,1,0
F,G,F,7007,100,7007,1,0
F,H,F,5498,100,5498,1,0
A,G,G,10600,100,10600,1,0
B,G,G,7093,100,7093,1,0
C,G,G,1362,100,1362,1,0
D,G,G,8930,100,8930,1,0
E,G,G,10621,100,10621,1,0
F,G,G,7029,100,7029,1,0
G,H,G,8850,100,8850,1,0
A,H,H,9986,100,9986,1,0
B,H,H,5781,100,5781,1,0
C,H,H,8934,100,8934,1,0
D,H,H,1487,100,1487,1,0
E,H,H,10116,100,10116,1,0
F,H,H,5457,100,5457,1,0
G,H,H,8901,100,8901,1,0
A,B,A,4803,100,4803,1,0
A,C,A,10611,100,10611,1,0
A,D,A,9520,100,9520,1,0
A,E,A,1398,100,1398,1,0
A,F,A,5064,100,5064,1,0
A,G,A,10608,100,10608,1,0
A,H,A,9947,100,9947,1,0
A,B,B,4797,100,4797,1,0
B,C,B,6998,100,6998,1,0
B,D,B,5263,100,5263,1,0
B,E,B,5172,100,5172,1,0
B,F,B,1356,100,1356,1,0
B,G,B,7078,100,7078,1,0
B,H,B,5731,100,5731,1,0
A,C,C,10713,100,10713,1,0
B,C,C,6999,100,6999,1,0
C,D,C,8737,100,8737,1,0
C,E,C,10829,100,10829,1,0
C,F,C,7211,100,7211,1,0
C,G,C,1399,100,1399,1,0
C,H,C,8977,100,8977,1,0
A,D,D,9519,100,9519,1,0
B,D,D,5248,100,5248,1,0
C,D,D,8780,100,8780,1,0
D,E,D,9882,100,9882,1,0
D,F,D,5354,100,5354,1,0
D,G,D,8883,100,8883,1,0
D,H,D,1505,100,1505,1,0
A,E,E,1388,100,1388,1,0
B,E,E,5185,100,5185,1,0
C,E,E,10820,100,10820,1,0
D,E,E,9883,100,9883,1,0
E,F,E,5103,100,5103,1,0
E,G,E,10645,100,10645,1,0
E,H,E,10136,100,10136,1,0
A,F,F,5029,100,5029,1,0
B,F,F,1337,100,1337,1,0
C,F,F,7220,100,7220,1,0
D,F,F,5362,100,5362,1,0
E,F,F,5101,100,5101,1,0
F,G,F,7016,100,7016,1,0
F,H,F,5418,100,5418,1,0
A,G,G,10602,100,10602,1,0
B,G,G,7103,100,7103,1,0
C,G,G,1341,100,1341,1,0
D,G,G,8877,100,8877,1,0
E,G,G,10625,100,10625,1,0
F,G,G,7000,100,7000,1,0
G,H,G,8886,100,8886,1,0
A,H,H,9954,100,9954,1,0
B,H,H,5766,100,5766,1,0
C,H,H,8924,100,8924,1,0
D,H,H,1521,100,1521,1,0
E,H,H,10134,100,10134,1,0
F,H,H,5452,100,5452,1,0
G,H,H,8879,100,8879,1,0
A,B,A,4761,100,4761,1,0
A,C,A,10672,100,10672,1,0
A,D,A,9550,100,9550,1,0
A,E,A,1404,100,1404,1,0
A,F,A,5057,100,5057,1,0
A,G,A,10648,100,10648,1,0
A,H,A,9931,100,9931,1,0
A,B,B,4769,100,4769,1,0
B,C,B,7002,100,7002,1,0
B,D,B,5245,100,5245,1,0
B,E,B,5194,100,5194,1,0
B,F,B,1364,100,1364,1,0
B,G,B,7114,100,7114,1,0
B,H,B,5780,100,5780,1,0
A,C,C,10601,100,10601,1,0
B,C,C,6975,100,6975,1,0
C,D,C,8742,100,8742,1,0
C,E,C,10829,100,10829,1,0
C,F,C,7178,100,7178,1,0
C,G,C,1392,100,1392,1,0
C,H,C,8948,100,8948,1,0
A,D,D,9518,100,9518,1,0
B,D,D,5264,100,5264,1,0
C,D,D,8716,100,8716,1,0
D,E,D,9938,100,9938,1,0
D,F,D,5361,100,5361,1,0
D,G,D,8870,100,8870,1,0
D,H,D,1521,100,1521,1,0
A,E,E,1389,100,1389,1,0
B,E,E,5161,100,5161,1,0
C,E,E,10775,100,10775,1,0
D,E,E,9884,100,9884,1,0
E,F,E,5103,100,5103,1,0
E,G,E,10657,100,10657,1,0
E,H,E,10214,100,10214,1,0
A,F,F,5086,100,5086,1,0
B,F,F,1401,100,1401,1,0
C,F,F,7184,100,7184,1,0
D,F,F,5342,100,5342,1,0
E,F,F,5103,100,5103,1,0
F,G,F,7006,100,7006,1,0
F,H,F,5449,100,5449,1,0
A,G,G,10634,100,10634,1,0
B,G,G,7088,100,7088,1,0
C,G,G,1357,100,1357,1,0
D,G,G,8912,100,8912,1,0
E,G,G,10620,100,10620,1,0
F,G,G,6998,100,6998,1,0
G,H,G,8900,100,8900,1,0
A,H,H,9934,100,9934,1,0
B,H,H,5715,100,5715,1,0
C,H,H,8952,100,8952,1,0
D,H,H,1440,100,1440,1,0
E,H,H,10164,100,10164,1,0
F,H,H,5482,100,5482,1,0
G,H,H,8878,100,8878,1,0
A,B,A,4795,100,4795,1,0
A,C,A,10634,100,10634,1,0
A,D,A,9518,100,9518,1,0
A,E,A,1396,100,1396,1,0
A,F,A,5043,100,5043,1,0
A,G,A,10646,100,10646,1,0
A,H,A,9958,100,9958,1,0
A,B,B,4774,100,4774,1,0
B,C,B,6992,100,6992,1,0
B,D,B,5303,100,5303,1,0
B,E,B,5175,100,5175,1,0
B,F,B,1342,100,1342,1,0
B,G,B,7128,100,7128,1,0
B,H,B,5701,100,5701,1,0
A,C,C,10624,100,10624,1,0
B,C,C,7051,100,7051,1,0
C,D,C,8765,100,8765,1,0
C,E,C,10794,100,10794,1,0
C,F,C,7189,100,7189,1,0
C,G,C,1379,100,1379,1,0
C,H,C,8993,100,8993,1,0
A,D,D,9529,100,9529,1,0
B,D,D,5262,100,5262,1,0
C,D,D,8698,100,8698,1,0
D,E,D,9913,100,9913,1,0
D,F,D,5338,100,5338,1,0
D,G,D,8886,100,8886,1,0
D,H,D,1468,100,1468,1,0
A,E,E,1348,100,1348,1,0
B,E,E,5203,100,5203,1,0
C,E,E,10801,100,10801,1,0
D,E,E,9852,100,9852,1,0
E,F,E,5102,100,5102,1,0
E,G,E,10645,100,10645,1,0
E,H,E,10146,100,10146,1,0
A,F,F,5058,100,5058,1,0
B,F,F,1367,100,1367,1,0
C,F,F,7196,100,7196,1,0
D,F,F,5323,100,5323,1,0
E,F,F,5117,100,5117,1,0
F,G,F,6997,100,6997,1,0
F,H,F,5413,100,5413,1,0
A,G,G,10623,100,10623,1,0
B,G,G,7088,100,7088,1,0
C,G,G,1421,100,1421,1,0
D,G,G,8878,100,8878,1,0
E,G,G,10657,100,10657,1,0
F,G,G,7009,100,7009,1,0
G,H,G,8893,100,8893,1,0
A,H,H,9959,100,9959,1,0
B,H,H,5742,100,5742,1,0
C,H,H,8952,100,8952,1,0
D,H,H,1503,100,1503,1,0
E,H,H,10140,100,10140,1,0
F,H,H,5488,100,5488,1,0
G,H,H,8904,100,8904,1,0
A,B,A,4805,100,4805,1,0
A,C,A,10600,100,10600,1,0
A,D,A,9546,100,9546,1,0
A,E,A,1417,100,1417,1,0
A,F,A,5043,100,5043,1,0
A,G,A,10572,100,10572,1,0
A,H,A,9955,100,9955,1,0
A,B,B,4772,100,4772,1,0
B,C,B,7017,100,7017,1,0
B,D,B,5301,100,5301,1,0
B,E,B,5179,100,5179,1,0
B,F,B,1360,100,1360,1,0
B,G,B,7057,100,7057,1,0
B,H,B,5693,100,5693,1,0
A,C,C,10670,100,10670,1,0
B,C,C,7014,100,7014,1,0
C,D,C,8753,100,8753,1,0
C,E,C,10829,100,10829,1,0
C,F,C,7210,100,7210,1,0
C,G,C,1411,100,1411,1,0
C,H,C,8942,100,8942,1,0
A,D,D,9522,100,9522,1,0
B,D,D,5306,100,5306,1,0
C,D,D,8723,100,8723,1,0
D,E,D,9983,100,9983,1,0
D,F,D,5345,100,5345,1,0
D,G,D,8921,100,8921,1,0
D,H,D,1477,100,1477,1,0
A,E,E,1480,100,1480,1,0
B,E,E,5201,100,5201,1,0
C,E,E,10829,100,10829,1,0
D,E,E,9938,100,9938,1,0
E,F,E,5129,100,5129,1,0
E,G,E,10623,100,10623,1,0
E,H,E,10131,100,10131,1,0
A,F,F,5061,100,5061,1,0
B,F,F,1355,100,1355,1,0
C,F,F,7199,100,7199,1,0
D,F,F,5344,100,5344,1,0
E,F,F,5096,100,5096,1,0
F,G,F,6991,100,6991,1,0
F,H,F,5453,100,5453,1,0
A,G,G,10620,100,10620,1,0
B,G,G,7070,100,7070,1,0
C,G,G,1368,100,1368,1,0
D,G,G,8899,100,8899,1,0
E,G,G,10648,100,10648,1,0
F,G,G,6992,100,6992,1,0
G,H,G,8889,100,8889,1,0
A,H,H,9924,100,9924,1,0
B,H,H,5769,100,5769,1,0
C,H,H,8923,100,8923,1,0
D,H,H,1485,100,1485,1,0
E,H,H,10156,100,10156,1,0
F,H,H,5448,100,5448,1,0
G,H,H,8857,100,8857,1,0
A,B,A,4805,100,4805,1,0
A,C,A,10585,100,10585,1,0
A,D,A,9508,100,9508,1,0
A,E,A,1444,100,1444,1,0
A,F,A,5056,100,5056,1,0
A,G,A,10608,100,10608,1,0
A,H,A,9946,100,9946,1,0
A,B,B,4726,100,4726,1,0
B,C,B,7028,100,7028,1,0
B,D,B,5310,100,5310,1,0
B,E,B,5179,100,5179,1,0
B,F,B,1371,100,1371,1,0
B,G,B,7063,100,7063,1,0
B,H,B,5759,100,5759,1,0
A,C,C,10727,100,10727,1,0
B,C,C,7005,100,7005,1,0
C,D,C,8751,100,8751,1,0
C,E,C,10833,100,10833,1,0
C,F,C,7192,100,7192,1,0
C,G,C,1381,100,1381,1,0
C,H,C,8928,100,8928,1,0
A,D,D,9553,100,9553,1,0
B,D,D,5281,100,5281,1,0
C,D,D,8716,100,8716,1,0
D,E,D,9939,100,9939,1,0
D,F,D,5388,100,5388,1,0
D,G,D,8893,100,8893,1,0
D,H,D,1480,100,1480,1,0
A,E,E,1448,100,1448,1,0
B,E,E,5210,100,5210,1,0
C,E,E,10853,100,10853,1,0
D,E,E,10013,100,10013,1,0
E,F,E,5131,100,5131,1,0
E,G,E,10626,100,10626,1,0
E,H,E,10128,100,10128,1,0
A,F,F,5048,100,5048,1,0
B,F,F,1367,100,1367,1,0
C,F,F,7205,100,7205,1,0
D,F,F,5352,100,5352,1,0
E,F,F,5118,100,5118,1,0
F,G,F,6984,100,6984,1,0
F,H,F,5466,100,5466,1,0
A,G,G,10671,100,10671,1,0
B,G,G,7085,100,7085,1,0
C,G,G,1359,100,1359,1,0
D,G,G,8867,100,8867,1,0
E,G,G,10609,100,10609,1,0
F,G,G,7000,100,7000,1,0
G,H,G,8858,100,8858,1,0
A,H,H,9939,100,9939,1,0
B,H,H,5765,100,5765,1,0
C,H,H,8963,100,8963,1,0
D,H,H,1480,100,1480,1,0
E,H,H,10136,100,10136,1,0
F,H,H,5463,100,5463,1,0
G,H,H,8861,100,8861,1,0
A,B,A,4757,100,4757,1,0
A,C,A,10663,100,10663,1,0
A,D,A,9529,100,9529,1,0
A,E,A,1408,100,1408,1,0
A,F,A,5038,100,5038,1,0
A,G,A,10601,100,10601,1,0
A,H,A,9948,100,9948,1,0
A,B,B,4752,100,4752,1,0
B,C,B,6989,100,6989,1,0
B,D,B,5319,100,5319,1,0
B,E,B,5225,100,5225,1,0
B,F,B,1351,100,1351,1,0
B,G,B,7091,100,7091,1,0
B,H,B,5812,100,5812,1,0
A,C,C,10637,100,10637,1,0
B,C,C,7015,100,7015,1,0
C,D,C,8720,100,8720,1,0
C,E,C,10833,100,10833,1,0
C,F,C,7165,100,7165,1,0
C,G,C,1342,100,1342,1,0
C,H,C,8951,100,8951,1,0
A,D,D,9532,100,9532,1,0
B,D,D,5280,100,5280,1,0
C,D,D,8721,100,8721,1,0
D,E,D,9924,100,9924,1,0
D,F,D,5348,100,5348,1,0
D,G,D,8942,100,8942,1,0
D,H,D,1493,100,1493,1,0
A,E,E,1418,100,1418,1,0
B,E,E,5173,100,5173,1,0
C,E,E,10833,100,10833,1,0
D,E,E,9948,100,9948,1,0
E,F,E,5108,100,5108,1,0
E,G,E,10619,100,10619,1,0
E,H,E,10140,100,10140,1,0
A,F,F,5045,100,5045,1,0
B,F,F,1345,100,1345,1,0
C,F,F,7192,100,7192,1,0
D,F,F,5374,100,5374,1,0
E,F,F,5126,100,5126,1,0
F,G,F,7004,100,7004,1,0
F,H,F,5458,100,5458,1,0
A,G,G,10602,100,10602,1,0
B,G,G,7066,100,7066,1,0
C,G,G,1415,100,1415,1,0
D,G,G,8928,100,8928,1,0
E,G,G,10632,100,10632,1,0
F,G,G,7012,100,7012,1,0
G,H,G,8884,100,8884,1,0
A,H,H,9935,100,9935,1,0
B,H,H,5757,100,5757,1,0
C,H,H,8933,100,8933,1,0
D,H,H,1498,100,1498,1,0
E,H,H,10118,100,10118,1,0
F,H,H,5444,100,5444,1,0
G,H,H,8887,100,8887,1,0
A,B,A,4756,100,4756,1,0
A,C,A,10606,100,10606,1,0
A,D,A,9547,100,9547,1,0
A,E,A,1412,100,1412,1,0
A,F,A,5060,100,5060,1,0
A,G,A,10594,100,10594,1,0
A,H,A,9931,100,9931,1,0
A,B,B,4754,100,4754,1,0
B,C,B,7033,100,7033,1,0
B,D,B,5260,100,5260,1,0
B,E,B,5143,100,5143,1,0
B,F,B,1356,100,1356,1,0
B,G,B,7044,100,7044,1,0
B,H,B,5758,100,5758,1,0
A,C,C,10608,100,10608,1,0
B,C,C,7008,100,7008,1,0
C,D,C,8709,100,8709,1,0
C,E,C,10834,100,10834,1,0
C,F,C,7179,100,7179,1,0
C,G,C,1391,100,1391,1,0
C,H,C,8929,100,8929,1,0
A,D,D,9527,100,9527,1,0
B,D,D,5250,100,5250,1,0
C,D,D,8758,100,8758,1,0
D,E,D,9944,100,9944,1,0
D,F,D,5405,100,5405,1,0
D,G,D,8888,100,8888,1,0
D,H,D,1462,100,1462,1,0
A,E,E,1389,100,1389,1,0
B,E,E,5243,100,5243,1,0
C,E,E,10878,100,10878,1,0
D,E,E,9955,100,9955,1,0
E,F,E,5120,100,5120,1,0
E,G,E,10649,100,10649,1,0
E,H,E,10092,100,10092,1,0
A,F,F,5092,100,5092,1,0
B,F,F,1366,100,1366,1,0
C,F,F,7182,100,7182,1,0
D,F,F,5337,100,5337,1,0
E,F,F,5113,100,5113,1,0
F,G,F,6998,100,6998,1,0
F,H,F,5444,100,5444,1,0
A,G,G,10590,100,10590,1,0
B,G,G,7078,100,7078,1,0
C,G,G,1389,100,1389,1,0
D,G,G,8897,100,8897,1,0
E,G,G,10659,100,10659,1,0
F,G,G,7003,100,7003,1,0
G,H,G,8814,100,8814,1,0
A,H,H,9959,100,9959,1,0
B,H,H,5744,100,5744,1,0
C,H,H,8926,100,8926,1,0
D,H,H,1497,100,1497,1,0
E,H,H,10151,100,10151,1,0
F,H,H,5492,100,5492,1,0
G,H,H,8848,100,8848,1,0
A,B,A,4792,100,4792,1,0
A,C,A,10657,100,10657,1,0
A,D,A,9546,100,9546,1,0
A,E,A,1403,100,1403,1,0
A,F,A,5088,100,5088,1,0
A,G,A,10676,100,10676,1,0
A,H,A,9939,100,9939,1,0
A,B,B,4789,100,4789,1,0
B,C,B,7005,100,7005,1,0
B,D,B,5353,100,5353,1,0
B,E,B,5203,100,5203,1,0
B,F,B,1323,100,1323,1,0
B,G,B,7079,100,7079,1,0
B,H,B,5726,100,5726,1,0
A,C,C,10713,100,10713,1,0
B,C,C,7021,100,7021,1,0
C,D,C,8708,100,8708,1,0
C,E,C,10848,100,10848,1,0
C,F,C,7212,100,7212,1,0
C,G,C,1384,100,1384,1,0
C,H,C,8925,100,8925,1,0
A,D,D,9511,100,9511,1,0
B,D,D,5272,100,5272,1,0
C,D,D,8753,100,8753,1,0
D,E,D,9924,100,9924,1,0
D,F,D,5408,100,5408,1,0
D,G,D,8868,100,8868,1,0
D,H,D,1485,100,1485,1,0
A,E,E,1398,100,1398,1,0
B,E,E,5210,100,5210,1,0
C,E,E,10832,100,10832,1,0
D,E,E,9902,100,9902,1,0
E,F,E,5151,100,5151,1,0
E,G,E,10643,100,10643,1,0
E,H,E,10149,100,10149,1,0
A,F,F,5068,100,5068,1,0
B,F,F,1334,100,1334,1,0
C,F,F,7169,100,7169,1,0
D,F,F,5341,100,5341,1,0
E,F,F,5118,100,5118,1,0
F,G,F,6992,100,6992,1,0
F,H,F,5495,100,5495,1,0
A,G,G,10595,100,10595,1,0
B,G,G,7066,100,7066,1,0
C,G,G,1355,100,1355,1,0
D,G,G,8897,100,8897,1,0
E,G,G,10641,100,10641,1,0
F,G,G,7005,100,7005,1,0
G,H,G,8864,100,8864,1,0
A,H,H,9928,100,9928,1,0
B,H,H,5746,100,5746,1,0
C,H,H,8927,100,8927,1,0
D,H,H,1529,100,1529,1,0
E,H,H,10139,100,10139,1,0
F,H,H,5450,100,5450,1,0
G,H,H,8872,100,8872,1,0
A,B,A,4799,100,4799,1,0
A,C,A,10656,100,10656,1,0
A,D,A,9536,100,9536,1,0
A,E,A,1399,100,1399,1,0
A,F,A,5014,100,5014,1,0
A,G,A,10666,100,10666,1,0
A,H,A,9970,100,9970,1,0
A,B,B,4807,100,4807,1,0
B,C,B,6993,100,6993,1,0
B,D,B,5282,100,5282,1,0
B,E,B,5226,100,5226,1,0
B,F,B,1353,100,1353,1,0
B,G,B,7079,100,7079,1,0
B,H,B,5751,100,5751,1,0
A,C,C,10681,100,10681,1,0
B,C,C,7009,100,7009,1,0
C,D,C,8696,100,8696,1,0
C,E,C,10807,100,10807,1,0
C,F,C,7188,100,7188,1,0
C,G,C,1383,100,1383,1,0
C,H,C,8922,100,8922,1,0
A,D,D,9514,100,9514,1,0
B,D,D,5294,100,5294,1,0
C,D,D,8729,100,8729,1,0
D,E,D,9993,100,9993,1,0
D,F,D,5363,100,5363,1,0
D,G,D,8894,100,8894,1,0
D,H,D,1484,100,1484,1,0
A,E,E,1393,100,1393,1,0
B,E,E,5171,100,5171,1,0
C,E,E,10824,100,10824,1,0
D,E,E,9885,100,9885,1,0
E,F,E,5137,100,5137,1,0
E,G,E,10617,100,10617,1,0
E,H,E,10161,100,10161,1,0
A,F,F,5041,100,5041,1,0
B,F,F,1366,100,1366,1,0
C,F,F,7201,100,7201,1,0
D,F,F,5355,100,5355,1,0
E,F,F,5088,100,5088,1,0
F,G,F,7015,100,7015,1,0
F,H,F,5461,100,5461,1,0
A,G,G,10611,100,10611,1,0
B,G,G,7074,100,7074,1,0
C,G,G,1373,100,1373,1,0
D,G,G,8884,100,8884,1,0
E,G,G,10631,100,10631,1,0
F,G,G,7008,100,7008,1,0
G,H,G,8861,100,8861,1,0
A,H,H,9940,100,9940,1,0
B,H,H,5800,100,5800,1,0
C,H,H,8905,100,8905,1,0
D,H,H,1496,100,1496,1,0
E,H,H,10172,100,10172,1,0
F,H,H,5449,100,5449,1,0
G,H,H,8869,100,8869,1,0
A,B,A,4807,100,4807,1,0
A,C,A,10647,100,10647,1,0
A,D,A,9534,100,9534,1,0
A,E,A,1398,100,1398,1,0
A,F,A,5074,100,5074,1,0
A,G,A,10578,100,10578,1,0
A,H,A,9939,100,9939,1,0
A,B,B,4747,100,4747,1,0
B,C,B,7016,100,7016,1,0
B,D,B,5307,100,5307,1,0
B,E,B,5191,100,5191,1,0
B,F,B,1349,100,1349,1,0
B,G,B,7059,100,7059,1,0
B,H,B,5710,100,5710,1,0
A,C,C,10633,100,10633,1,0
B,C,C,7019,100,7019,1,0
C,D,C,8701,100,8701,1,0
C,E,C,10797,100,10797,1,0
C,F,C,7192,100,7192,1,0
C,G,C,1380,100,1380,1,0
C,H,C,8892,100,8892,1,0
A,D,D,9549,100,9549,1,0
B,D,D,5277,100,5277,1,0
C,D,D,8726,100,8726,1,0
D,E,D,9902,100,9902,1,0
D,F,D,5342,100,5342,1,0
D,G,D,8918,100,8918,1,0
D,H,D,1485,100,1485,1,0
A,E,E,1375,100,1375,1,0
B,E,E,5169,100,5169,1,0
C,E,E,10776,100,10776,1,0
D,E,E,10003,100,10003,1,0
E,F,E,5076,100,5076,1,0
E,G,E,10628,100,10628,1,0
E,H,E,10168,100,10168,1,0
A,F,F,5096,100,5096,1,0
B,F,F,1342,100,1342,1,0
C,F,F,7173,100,7173,1,0
D,F,F,5381,100,5381,1,0
E,F,F,5136,100,5136,1,0
F,G,F,6983,100,6983,1,0
F,H,F,5453,100,5453,1,0
A,G,G,10658,100,10658,1,0
B,G,G,7091,100,7091,1,0
C,G,G,1355,100,1355,1,0
D,G,G,8879,100,8879,1,0
E,G,G,10627,100,10627,1,0
F,G,G,7008,100,7008,1,0
G,H,G,8848,100,8848,1,0
A,H,H,9895,100,9895,1,0
B,H,H,5730,100,5730,1,0
C,H,H,8968,100,8968,1,0
D,H,H,1476,100,1476,1,0
E,H,H,10135,100,10135,1,0
F,H,H,5407,100,5407,1,0
G,H,H,8847,100,8847,1,0
A,B,A,4780,100,4780,1,0
A,C,A,10606,100,10606,1,0
A,D,A,9569,100,9569,1,0
A,E,A,1391,100,1391,1,0
A,F,A,5074,100,5074,1,0
A,G,A,10572,100,10572,1,0
A,H,A,9934,100,9934,1,0
A,B,B,4786,100,4786,1,0
B,C,B,7014,100,7014,1,0
B,D,B,5317,100,5317,1,0
B,E,B,5204,100,5204,1,0
B,F,B,1341,100,1341,1,0
B,G,B,7066,100,7066,1,0
B,H,B,5732,100,5732,1,0
A,C,C,10620,100,10620,1,0
B,C,C,7023,100,7023,1,0
C,D,C,8758,100,8758,1,0
C,E,C,10827,100,10827,1,0
C,F,C,7200,100,7200,1,0
C,G,C,1386,100,1386,1,0
C,H,C,8986,100,8986,1,0
A,D,D,9559,100,9559,1,0
B,D,D,5293,100,5293,1,0
C,D,D,8731,100,8731,1,0
D,E,D,10001,100,10001,1,0
D,F,D,5343,100,5343,1,0
D,G,D,8878,100,8878,1,0
D,H,D,1509,100,1509,1,0
A,E,E,1355,100,1355,1,0
B,E,E,5163,100,5163,1,0
C,E,E,10776,100,10776,1,0
D,E,E,9886,100,9886,1,0
E,F,E,5077,100,5077,1,0
E,G,E,10620,100,10620,1,0
E,H,E,10175,100,10175,1,0
A,F,F,5041,100,5041,1,0
B,F,F,1346,100,1346,1,0
C,F,F,7198,100,7198,1,0
D,F,F,5360,100,5360,1,0
E,F,F,5092,100,5092,1,0
F,G,F,7007,100,7007,1,0
F,H,F,5425,100,5425,1,0
A,G,G,10642,100,10642,1,0
B,G,G,7047,100,7047,1,0
C,G,G,1379,100,1379,1,0
D,G,G,8910,100,8910,1,0
E,G,G,10596,100,10596,1,0
F,G,G,7013,100,7013,1,0
G,H,G,8880,100,8880,1,0
A,H,H,9989,100,9989,1,0
B,H,H,5769,100,5769,1,0
C,H,H,8960,100,8960,1,0
D,H,H,1447,100,1447,1,0
E,H,H,10148,100,10148,1,0
F,H,H,5474,100,5474,1,0
G,H,H,8869,100,8869,1,0
A,B,A,4749,100,4749,1,0
A,C,A,10630,100,10630,1,0
A,D,A,9532,100,9532,1,0
A,E,A,1368,100,1368,1,0
A,F,A,5042,100,5042,1,0
A,G,A,10633,100,10633,1,0
A,H,A,9997,100,9997,1,0
A,B,B,4752,100,4752,1,0
B,C,B,7001,100,7001,1,0
B,D,B,5270,100,5270,1,0
B,E,B,5173,100,5173,1,0
B,F,B,1369,100,1369,1,0
B,G,B,7095,100,7095,1,0
B,H,B,5740,100,5740,1,0
A,C,C,10648,100,10648,1,0
B,C,C,7008,100,7008,1,0
C,D,C,8745,100,8745,1,0
C,E,C,10788,100,10788,1,0
C,F,C,7175,100,7175,1,0
C,G,C,1375,100,1375,1,0
C,H,C,8930,100,8930,1,0
A,D,D,9528,100,9528,1,0
B,D,D,5280,100,5280,1,0
C,D,D,8768,100,8768,1,0
D,E,D,9910,100,9910,1,0
D,F,D,5357,100,5357,1,0
D,G,D,8902,100,8902,1,0
D,H,D,1476,100,1476,1,0
A,E,E,1421,100,1421,1,0
B,E,E,5148,100,5148,1,0
C,E,E,10832,100,10832,1,0
D,E,E,9865,100,9865,1,0
E,F,E,5122,100,5122,1,0
E,G,E,10627,100,10627,1,0
E,H,E,10136,100,10136,1,0
A,F,F,5069,100,5069,1,0
B,F,F,1338,100,1338,1,0
C,F,F,7189,100,7189,1,0
D,F,F,5353,100,5353,1,0
E,F,F,5078,100,5078,1,0
F,G,F,7012,100,7012,1,0
F,H,F,5479,100,5479,1,0
A,G,G,10570,100,10570,1,0
B,G,G,7074,100,7074,1,0
C,G,G,1421,100,1421,1,0
D,G,G,8913,100,8913,1,0
E,G,G,10673,100,10673,1,0
F,G,G,6961,100,6961,1,0
G,H,G,8843,100,8843,1,0
A,H,H,9964,100,9964,1,0
B,H,H,5762,100,5762,1,0
C,H,H,8956,100,8956,1,0
D,H,H,1557,100,1557,1,0
E,H,H,10114,100,10114,1,0
F,H,H,5426,100,5426,1,0
G,H,H,8904,100,8904,1,0
A,B,A,4836,100,4836,1,0
A,C,A,10619,100,10619,1,0
A,D,A,9535,100,9535,1,0
A,E,A,1417,100,1417,1,0
A,F,A,5061,100,5061,1,0
A,G,A,10622,100,10622,1,0
A,H,A,9949,100,9949,1,0
A,B,B,4778,100,4778,1,0
B,C,B,7031,100,7031,1,0
B,D,B,5256,100,5256,1,0
B,E,B,5176,100,5176,1,0
B,F,B,1377,100,1377,1,0
B,G,B,7058,100,7058,1,0
B,H,B,5769,100,5769,1,0
A,C,C,10624,100,10624,1,0
B,C,C,6994,100,6994,1,0
C,D,C,8756,100,8756,1,0
C,E,C,10803,100,10803,1,0
C,F,C,7171,100,7171,1,0
C,G,C,1394,100,1394,1,0
C,H,C,8962,100,8962,1,0
A,D,D,9540,100,9540,1,0
B,D,D,5294,100,5294,1,0
C,D,D,8772,100,8772,1,0
D,E,D,9960,100,9960,1,0
D,F,D,5350,100,5350,1,0
D,G,D,8909,100,8909,1,0
D,H,D,1464,100,1464,1,0
A,E,E,1410,100,1410,1,0
B,E,E,5161,100,5161,1,0
C,E,E,10806,100,10806,1,0
D,E,E,9900,100,9900,1,0
E,F,E,5116,100,5116,1,0
E,G,E,10644,100,10644,1,0
E,H,E,10096,100,10096,1,0
A,F,F,5044,100,5044,1,0
B,F,F,1370,100,1370,1,0
C,F,F,7183,100,7183,1,0
D,F,F,5370,100,5370,1,0
E,F,F,5092,100,5092,1,0
F,G,F,6984,100,6984,1,0
F,H,F,5472,100,5472,1,0
A,G,G,10675,100,10675,1,0
B,G,G,7103,100,7103,1,0
C,G,G,1355,100,1355,1,0
D,G,G,8918,100,8918,1,0
E,G,G,10659,100,10659,1,0
F,G,G,6994,100,6994,1,0
G,H,G,8862,100,8862,1,0
A,H,H,9932,100,9932,1,0
B,H,H,5727,100,5727,1,0
C,H,H,8936,100,8936,1,0
D,H,H,1526,100,1526,1,0
E,H,H,10162,100,10162,1,0
F,H,H,5418,100,5418,1,0
G,H,H,8891,100,8891,1,0
A,B,A,4753,100,4753,1,0
A,C,A,10607,100,10607,1,0
A,D,A,9525,100,9525,1,0
A,E,A,1365,100,1365,1,0
A,F,A,5064,100,5064,1,0
A,G,A,10590,100,10590,1,0
A,H,A,9949,100,9949,1,0
A,B,B,4776,100,4776,1,0
B,C,B,6998,100,6998,1,0
B,D,B,5311,100,5311,1,0
B,E,B,5173,100,5173,1,0
B,F,B,1359,100,1359,1,0
B,G,B,7025,100,7025,1,0
B,H,B,5719,100,5719,1,0
A,C,C,10679,100,10679,1,0
B,C,C,7046,100,7046,1,0
C,D,C,8772,100,8772,1,0
C,E,C,10798,100,10798,1,0
C,F,C,7174,100,7174,1,0
C,G,C,1423,100,1423,1,0
C,H,C,8938,100,8938,1,0
A,D,D,9523,100,9523,1,0
B,D,D,5259,100,5259,1,0
C,D,D,8727,100,8727,1,0
D,E,D,9917,100,9917,1,0
D,F,D,5386,100,5386,1,0
D,G,D,8865,100,8865,1,0
D,H,D,1535,100,1535,1,0
A,E,E,1422,100,1422,1,0
B,E,E,5165,100,5165,1,0
C,E,E,10814,100,10814,1,0
D,E,E,9905,100,9905,1,0
E,F,E,5124,100,5124,1,0
E,G,E,10623,100,10623,1,0
E,H,E,10106,100,10106,1,0
A,F,F,5086,100,5086,1,0
B,F,F,1377,100,1377,1,0
C,F,F,7216,100,7216,1,0
D,F,F,5352,100,5352,1,0
E,F,F,5075,100,5075,1,0
F,G,F,6974,100,6974,1,0
F,H,F,5478,100,5478,1,0
A,G,G,10657,100,10657,1,0
B,G,G,7092,100,7092,1,0
C,G,G,1381,100,1381,1,0
D,G,G,8890,100,8890,1,0
E,G,G,10640,100,10640,1,0
F,G,G,7011,100,7011,1,0
G,H,G,8855,100,8855,1,0
A,H,H,9994,100,9994,1,0
B,H,H,5738,100,5738,1,0
C,H,H,8906,100,8906,1,0
D,H,H,1494,100,1494,1,0
E,H,H,10140,100,10140,1,0
F,H,H,5456,100,5456,1,0
G,H,H,8869,100,8869,1,0
A,B,A,4804,100,4804,1,0
A,C,A,10671,100,10671,1,0
A,D,A,9498,100,9498,1,0
A,E,A,1401,100,1401,1,0
A,F,A,5068,100,5068,1,0
A,G,A,10638,100,10638,1,0
A,H,A,9900,100,9900,1,0
A,B,B,4783,100,4783,1,0
B,C,B,6999,100,6999,1,0
B,D,B,5307,100,5307,1,0
B,E,B,5207,100,5207,1,0
B,F,B,1361,100,1361,1,0
B,G,B,7048,100,7048,1,0
B,H,B,5742,100,5742,1,0
A,C,C,10669,100,10669,1,0
B,C,C,7030,100,7030,1,0
C,D,C,8717,100,8717,1,0
C,E,C,10877,100,10877,1,0
C,F,C,7187,100,7187,1,0
C,G,C,1351,100,1351,1,0
C,H,C,8961,100,8961,1,0
A,D,D,9522,100,9522,1,0
B,D,D,5298,100,5298,1,0
C,D,D,8731,100,8731,1,0
D,E,D,9934,100,9934,1,0
D,F,D,5334,100,5334,1,0
D,G,D,8887,100,8887,1,0
D,H,D,1459,100,1459,1,0
A,E,E,1420,100,1420,1,0
B,E,E,5187,100,5187,1,0
C,E,E,10839,100,10839,1,0
D,E,E,9873,100,9873,1,0
E,F,E,5098,100,5098,1,0
E,G,E,10633,100,10633,1,0
E,H,E,10162,100,10162,1,0
A,F,F,5056,100,5056,1,0
B,F,F,1397,100,1397,1,0
C,F,F,7196,100,7196,1,0
D,F,F,5350,100,5350,1,0
E,F,F,5082,100,5082,1,0
F,G,F,6973,100,6973,1,0
F,H,F,5438,100,5438,1,0
A,G,G,10623,100,10623,1,0
B,G,G,7074,100,7074,1,0
C,G,G,1400,100,1400,1,0
D,G,G,8920,100,8920,1,0
E,G,G,10646,100,10646,1,0
F,G,G,6977,100,6977,1,0
G,H,G,8899,100,8899,1,0
A,H,H,9961,100,9961,1,0
B,H,H,5757,100,5757,1,0
C,H,H,8946,100,8946,1,0
D,H,H,1470,100,1470,1,0
E,H,H,10149,100,10149,1,0
F,H,H,5445,100,5445,1,0
G,H,H,8866,100,8866,1,0
A,B,A,4716,100,4716,1,0
A,C,A,10608,100,10608,1,0
A,D,A,9551,100,9551,1,0
A,E,A,1437,100,1437,1,0
A,F,A,5052,100,5052,1,0
A,G,A,10664,100,10664,1,0
A,H,A,9986,100,9986,1,0
A,B,B,4751,100,4751,1,0
B,C,B,7023,100,7023,1,0
B,D,B,5349,100,5349,1,0
B,E,B,5167,100,5167,1,0
B,F,B,1342,100,1342,1,0
B,G,B,7073,100,7073,1,0
B,H,B,5785,100,5785,1,0
A,C,C,10692,100,10692,1,0
B,C,C,7029,100,7029,1,0
C,D,C,8768,100,8768,1,0
C,E,C,10826,100,10826,1,0
C,F,C,7196,100,7196,1,0
C,G,C,1356,100,1356,1,0
C,H,C,8915,100,8915,1,0
A,D,D,9523,100,9523,1,0
B,D,D,5297,100,5297,1,0
C,D,D,8736,100,8736,1,0
D,E,D,9977,100,9977,1,0
D,F,D,5347,100,5347,1,0
D,G,D,8921,100,8921,1,0
D,H,D,1486,100,1486,1,0
A,E,E,1402,100,1402,1,0
B,E,E,5183,100,5183,1,0
C,E,E,10850,100,10850,1,0
D,E,E,9882,100,9882,1,0
E,F,E,5099,100,5099,1,0
E,G,E,10651,100,10651,1,0
E,H,E,10155,100,10155,1,0
A,F,F,5075,100,5075,1,0
B,F,F,1402,100,1402,1,0
C,F,F,7183,100,7183,1,0
D,F,F,5333,100,5333,1,0
E,F,F,5146,100,5146,1,0
F,G,F,6999,100,6999,1,0
F,H,F,5480,100,5480,1,0
A,G,G,10619,100,10619,1,0
B,G,G,7116,100,7116,1,0
C,G,G,1438,100,1438,1,0
D,G,G,8897,100,8897,1,0
E,G,G,10635,100,10635,1,0
F,G,G,7028,100,7028,1,0
G,H,G,8860,100,8860,1,0
A,H,H,9954,100,9954,1,0
B,H,H,5766,100,5766,1,0
C,H,H,8949,100,8949,1,0
D,H,H,1448,100,1448,1,0
E,H,H,10167,100,10167,1,0
F,H,H,5430,100,5430,1,0
G,H,H,8887,100,8887,1,0
A,B,A,4728,100,4728,1,0
A,C,A,10634,100,10634,1,0
A,D,A,9511,100,9511,1,0
A,E,A,1430,100,1430,1,0
A,F,A,5019,100,5019,1,0
A,G,A,10662,100,10662,1,0
A,H,A,9953,100,9953,1,0
A,B,B,4759,100,4759,1,0
B,C,B,7020,100,7020,1,0
B,D,B,5284,100,5284,1,0
B,E,B,5159,100,5159,1,0
B,F,B,1329,100,1329,1,0
B,G,B,7093,100,7093,1,0
B,H,B,5718,100,5718,1,0
A,C,C,10655,100,10655,1,0
B,C,C,7016,100,7016,1,0
C,D,C,8743,100,8743,1,0
C,E,C,10819,100,10819,1,0
C,F,C,7204,100,7204,1,0
C,G,C,1363,100,1363,1,0
C,H,C,8975,100,8975,1,0
A,D,D,9567,100,9567,1,0
B,D,D,5307,100,5307,1,0
C,D,D,8780,100,8780,1,0
D,E,D,9919,100,9919,1,0
D,F,D,5394,100,5394,1,0
D,G,D,8857,100,8857,1,0
D,H,D,1535,100,1535,1,0
A,E,E,1412,100,1412,1,0
B,E,E,5177,100,5177,1,0
C,E,E,10823,100,10823,1,0
D,E,E,9934,100,9934,1,0
E,F,E,5114,100,5114,1,0
E,G,E,10615,100,10615,1,0
E,H,E,10162,100,10162,1,0
A,F,F,5088,100,5088,1,0
B,F,F,1371,100,1371,1,0
C,F,F,7209,100,7209,1,0
D,F,F,5377,100,5377,1,0
E,F,F,5123,100,5123,1,0
F,G,F,7019,100,7019,1,0
F,H,F,5471,100,5471,1,0
A,G,G,10579,100,10579,1,0
B,G,G,7103,100,7103,1,0
C,G,G,1395,100,1395,1,0
D,G,G,8896,100,8896,1,0
E,G,G,10621,100,10621,1,0
F,G,G,6986,100,6986,1,0
G,H,G,8854,100,8854,1,0
A,H,H,9948,100,9948,1,0
B,H,H,5696,100,5696,1,0
C,H,H,8941,100,8941,1,0
D,H,H,1504,100,1504,1,0
E,H,H,10155,100,10155,1,0
F,H,H,5437,100,5437,1,0
G,H,H,8879,100,8879,1,0
A,B,A,4793,100,4793,1,0
A,C,A,10645,100,10645,1,0
A,D,A,9505,100,9505,1,0
A,E,A,1397,100,1397,1,0
A,F,A,5066,100,5066,1,0
A,G,A,10652,100,10652,1,0
A,H,A,9986,100,9986,1,0
A,B,B,4754,100,4754,1,0
B,C,B,6981,100,6981,1,0
B,D,B,5331,100,5331,1,0
B,E,B,5192,100,5192,1,0
B,F,B,1364,100,1364,1,0
B,G,B,7050,100,7050,1,0
B,H,B,5764,100,5764,1,0
A,C,C,10631,100,10631,1,0
B,C,C,7011,100,7011,1,0
C,D,C,8755,100,8755,1,0
C,E,C,10830,100,10830,1,0
C,F,C,7152,100,7152,1,0
C,G,C,1407,100,1407,1,0
C,H,C,8942,100,8942,1,0
A,D,D,9541,100,9541,1,0
B,D,D,5285,100,5285,1,0
C,D,D,8747,100,8747,1,0
D,E,D,9963,100,9963,1,0
D,F,D,5352,100,5352,1,0
D,G,D,8923,100,8923,1,0
D,H,D,1513,100,1513,1,0
A,E,E,1455,100,1455,1,0
B,E,E,5171,100,5171,1,0
C,E,E,10809,100,10809,1,0
D,E,E,9976,100,9976,1,0
E,F,E,5085,100,5085,1,0
E,G,E,10660,100,10660,1,0
E,H,E,10142,100,10142,1,0
A,F,F,5025,100,5025,1,0
B,F,F,1350,100,1350,1,0
C,F,F,7176,100,7176,1,0
D,F,F,5363,100,5363,1,0
E,F,F,5087,100,5087,1,0
F,G,F,6985,100,6985,1,0
F,H,F,5505,100,5505,1,0
A,G,G,10619,100,10619,1,0
B,G,G,7056,100,7056,1,0
C,G,G,1388,100,1388,1,0
D,G,G,8904,100,8904,1,0
E,G,G,10664,100,10664,1,0
F,G,G,6997,100,6997,1,0
G,H,G,8865,100,8865,1,0
A,H,H,9952,100,9952,1,0
B,H,H,5743,100,5743,1,0
C,H,H,8888,100,8888,1,0
D,H,H,1509,100,1509,1,0
E,H,H,10107,100,10107,1,0
F,H,H,5441,100,5441,1,0
G,H,H,8871,100,8871,1,0
A,B,A,4786,100,4786,1,0
A,C,A,10594,100,10594,1,0
A,D,A,9508,100,9508,1,0
A,E,A,1371,100,1371,1,0
A,F,A,5065,100,5065,1,0
A,G,A,10630,100,10630,1,0
A,H,A,9977,100,9977,1,0
A,B,B,4768,100,4768,1,0
B,C,B,7009,100,7009,1,0
B,D,B,5310,100,5310,1,0
B,E,B,5216,100,5216,1,0
B,F,B,1356,100,1356,1,0
B,G,B,7054,100,7054,1,0
B,H,B,5754,100,5754,1,0
A,C,C,10618,100,10618,1,0
B,C,C,6993,100,6993,1,0
C,D,C,8723,100,8723,1,0
C,E,C,10793,100,10793,1,0
C,F,C,7198,100,7198,1,0
C,G,C,1402,100,1402,1,0
C,H,C,8910,100,8910,1,0
A,D,D,9507,100,9507,1,0
B,D,D,5228,100,5228,1,0
C,D,D,8719,100,8719,1,0
D,E,D,9879,100,9879,1,0
D,F,D,5360,100,5360,1,0
D,G,D,8879,100,8879,1,0
D,H,D,1532,100,1532,1,0
A,E,E,1448,100,1448,1,0
B,E,E,5185,100,5185,1,0
C,E,E,10837,100,10837,1,0
D,E,E,9929,100,9929,1,0
E,F,E,5100,100,5100,1,0
E,G,E,10639,100,10639,1,0
E,H,E,10179,100,10179,1,0
A,F,F,5098,100,5098,1,0
B,F,F,1330,100,1330,1,0
C,F,F,7213,100,7213,1,0
D,F,F,5411,100,5411,1,0
E,F,F,5112,100,5112,1,0
F,G,F,7021,100,7021,1,0
F,H,F,5439,100,5439,1,0
A,G,G,10617,100,10617,1,0
B,G,G,7094,100,7094,1,0
C,G,G,1365,100,1365,1,0
D,G,G,8884,100,8884,1,0
E,G,G,10619,100,10619,1,0
F,G,G,6980,100,6980,1,0
G,H,G,8893,100,8893,1,0
A,H,H,9928,100,9928,1,0
B,H,H,5711,100,5711,1,0
C,H,H,8940,100,8940,1,0
D,H,H,1498,100,1498,1,0
E,H,H,10151,100,10151,1,0
F,H,H,5518,100,5518,1,0
G,H,H,8898,100,8898,1,0
A,B,A,4747,100,4747,1,0
A,C,A,10656,100,10656,1,0
A,D,A,9525,100,9525,1,0
A,E,A,1391,100,1391,1,0
A,F,A,5037,100,5037,1,0
A,G,A,10560,100,10560,1,0
A,H,A,9902,100,9902,1,0
A,B,B,4759,100,4759,1,0
B,C,B,7015,100,7015,1,0
B,D,B,5331,100,5331,1,0
B,E,B,5195,100,5195,1,0
B,F,B,1377,100,1377,1,0
B,G,B,7103,100,7103,1,0
B,H,B,5785,100,5785,1,0
A,C,C,10637,100,10637,1,0
B,C,C,7048,100,7048,1,0
C,D,C,8719,100,8719,1,0
C,E,C,10808,100,10808,1,0
C,F,C,7186,100,7186,1,0
C,G,C,1388,100,1388,1,0
C,H,C,8971,100,8971,1,0
A,D,D,9520,100,9520,1,0
B,D,D,5298,100,5298,1,0
C,D,D,8732,100,8732,1,0
D,E,D,9884,100,9884,1,0
D,F,D,5382,100,5382,1,0
D,G,D,8880,100,8880,1,0
D,H,D,1459,100,1459,1,0
A,E,E,1399,100,1399,1,0
B,E,E,5174,100,5174,1,0
C,E,E,10804,100,10804,1,0
D,E,E,9958,100,9958,1,0
E,F,E,5098,100,5098,1,0
E,G,E,10654,100,10654,1,0
E,H,E,10183,100,10183,1,0
A,F,F,5063,100,5063,1,0
B,F,F,1375,100,1375,1,0
C,F,F,7214,100,7214,1,0
D,F,F,5354,100,5354,1,0
E,F,F,5106,100,5106,1,0
F,G,F,6995,100,6995,1,0
F,H,F,5453,100,5453,1,0
A,G,G,10550,100,10550,1,0
B,G,G,7042,100,7042,1,0
C,G,G,1378,100,1378,1,0
D,G,G,8902,100,8902,1,0
E,G,G,10613,100,10613,1,0
F,G,G,6988,100,6988,1,0
G,H,G,8888,100,8888,1,0
A,H,H,9954,100,9954,1,0
B,H,H,5696,100,5696,1,0
C,H,H,8942,100,8942,1,0
D,H,H,1523,100,1523,1,0
E,H,H,10160,100,10160,1,0
F,H,H,5438,100,5438,1,0
G,H,H,8862,100,8862,1,0
A,B,A,4749,100,4749,1,0
A,C,A,10626,100,10626,1,0
A,D,A,9552,100,9552,1,0
A,E,A,1402,100,1402,1,0
A,F,A,5025,100,5025,1,0
A,G,A,10611,100,10611,1,0
A,H,A,9983,100,9983,1,0
A,B,B,4792,100,4792,1,0
B,C,B,7016,100,7016,1,0
B,D,B,5305,100,5305,1,0
B,E,B,5180,100,5180,1,0
B,F,B,1360,100,1360,1,0
B,G,B,7009,100,7009,1,0
B,H,B,5740,100,5740,1,0
A,C,C,10632,100,10632,1,0
B,C,C,7013,100,7013,1,0
C,D,C,8708,100,8708,1,0
C,E,C,10837,100,10837,1,0
C,F,C,7196,100,7196,1,0
C,G,C,1356,100,1356,1,0
C,H,C,8956,100,8956,1,0
A,D,D,9525,100,9525,1,0
B,D,D,5279,100,5279,1,0
C,D,D,8740,100,8740,1,0
D,E,D,9893,100,9893,1,0
D,F,D,5383,100,5383,1,0
D,G,D,8897,100,8897,1,0
D,H,D,1520,100,1520,1,0
A,E,E,1416,100,1416,1,0
B,E,E,5186,100,5186,1,0
C,E,E,10835,100,10835,1,0
D,E,E,9888,100,9888,1,0
E,F,E,5093,100,5093,1,0
E,G,E,10641,100,10641,1,0
E,H,E,10153,100,10153,1,0
A,F,F,5045,100,5045,1,0
B,F,F,1358,100,1358,1,0
C,F,F,7191,100,7191,1,0
D,F,F,5343,100,5343,1,0
E,F,F,5072,100,5072,1,0
F,G,F,6990,100,6990,1,0
F,H,F,5412,100,5412,1,0
A,G,G,10605,100,10605,1,0
B,G,G,7069,100,7069,1,0
C,G,G,1367,100,1367,1,0
D,G,G,8868,100,8868,1,0
E,G,G,10628,100,10628,1,0
F,G,G,7001,100,7001,1,0
G,H,G,8868,100,8868,1,0
A,H,H,10018,100,10018,1,0
B,H,H,5755,100,5755,1,0
C,H,H,8951,100,8951,1,0
D,H,H,1456,100,1456,1,0
E,H,H,10114,100,10114,1,0
F,H,H,5464,100,5464,1,0
G,H,H,8848,100,8848,1,0
A,B,A,4805,100,4805,1,0
A,C,A,10595,100,10595,1,0
A,D,A,9543,100,9543,1,0
A,E,A,1391,100,1391,1,0
A,F,A,5065,100,5065,1,0
A,G,A,10618,100,10618,1,0
A,H,A,9958,100,9958,1,0
A,B,B,4801,100,4801,1,0
B,C,B,7027,100,7027,1,0
B,D,B,5249,100,5249,1,0
B,E,B,5175,100,5175,1,0
B,F,B,1342,100,1342,1,0
B,G,B,7073,100,7073,1,0
B,H,B,5758,100,5758,1,0
A,C,C,10615,100,10615,1,0
B,C,C,7030,100,7030,1,0
C,D,C,8764,100,8764,1,0
C,E,C,10840,100,10840,1,0
C,F,C,7191,100,7191,1,0
C,G,C,1417,100,1417,1,0
C,H,C,8965,100,8965,1,0
A,D,D,9493,100,9493,1,0
B,D,D,5314,100,5314,1,0
C,D,D,8731,100,8731,1,0
D,E,D,9896,100,9896,1,0
D,F,D,5386,100,5386,1,0
D,G,D,8916,100,8916,1,0
D,H,D,1461,100,1461,1,0
A,E,E,1379,100,1379,1,0
B,E,E,5145,100,5145,1,0
C,E,E,10856,100,10856,1,0
D,E,E,9888,100,9888,1,0
E,F,E,5057,100,5057,1,0
E,G,E,10632,100,10632,1,0
E,H,E,10171,100,10171,1,0
A,F,F,5106,100,5106,1,0
B,F,F,1361,100,1361,1,0
C,F,F,7203,100,7203,1,0
D,F,F,5358,100,5358,1,0
E,F,F,5096,100,5096,1,0
F,G,F,7000,100,7000,1,0
F,H,F,5473,100,5473,1,0
A,G,G,10586,100,10586,1,0
B,G,G,7092,100,7092,1,0
C,G,G,1405,100,1405,1,0
D,G,G,8909,100,8909,1,0
E,G,G,10647,100,10647,1,0
F,G,G,7032,100,7032,1,0
G,H,G,8838,100,8838,1,0
A,H,H,9980,100,9980,1,0
B,H,H,5757,100,5757,1,0
C,H,H,8916,100,8916,1,0
D,H,H,1457,100,1457,1,0
E,H,H,10139,100,10139,1,0
F,H,H,5420,100,5420,1,0
G,H,H,8896,100,8896,1,0
A,B,A,4786,100,4786,1,0
A,C,A,10581,100,10581,1,0
A,D,A,9546,100,9546,1,0
A,E,A,1444,100,1444,1,0
A,F,A,5090,100,5090,1,0
A,G,A,10659,100,10659,1,0
A,H,A,9975,100,9975,1,0
A,B,B,4783,100,4783,1,0
B,C,B,7017,100,7017,1,0
B,D,B,5288,100,5288,1,0
B,E,B,5191,100,5191,1,0
B,F,B,1352,100,1352,1,0
B,G,B,7058,100,7058,1,0
B,H,B,5727,100,5727,1,0
A,C,C,10554,100,10554,1,0
B,C,C,6993,100,6993,1,0
C,D,C,8765,100,8765,1,0
C,E,C,10822,100,10822,1,0
C,F,C,7184,100,7184,1,0
C,G,C,1353,100,1353,1,0
C,H,C,8947,100,8947,1,0
A,D,D,9546,100,9546,1,0
B,D,D,5279,100,5279,1,0
C,D,D,8756,100,8756,1,0
D,E,D,9900,100,9900,1,0
D,F,D,5372,100,5372,1,0
D,G,D,8884,100,8884,1,0
D,H,D,1535,100,1535,1,0
A,E,E,1353,100,1353,1,0
B,E,E,5183,100,5183,1,0
C,E,E,10793,100,10793,1,0
D,E,E,9932,100,9932,1,0
E,F,E,5099,100,5099,1,0
E,G,E,10615,100,10615,1,0
E,H,E,10190,100,10190,1,0
A,F,F,5061,100,5061,1,0
B,F,F,1341,100,1341,1,0
C,F,F,7187,100,7187,1,0
D,F,F,5390,100,5390,1,0
E,F,F,5126,100,5126,1,0
F,G,F,6998,100,6998,1,0
F,H,F,5426,100,5426,1,0
A,G,G,10628,100,10628,1,0
B,G,G,7085,100,7085,1,0
C,G,G,1376,100,1376,1,0
D,G,G,8901,100,8901,1,0
E,G,G,10627,100,10627,1,0
F,G,G,7014,100,7014,1,0
G,H,G,8893,100,8893,1,0
A,H,H,9979,100,9979,1,0
B,H,H,5805,100,5805,1,0
C,H,H,8957,100,8957,1,0
D,H,H,1513,100,1513,1,0
E,H,H,10135,100,10135,1,0
F,H,H,5454,100,5454,1,0
G,H,H,8879,100,8879,1,0
A,B,A,4761,100,4761,1,0
A,C,A,10601,100,10601,1,0
A,D,A,9519,100,9519,1,0
A,E,A,1418,100,1418,1,0
A,F,A,5076,100,5076,1,0
A,G,A,10601,100,10601,1,0
A,H,A,9915,100,9915,1,0
A,B,B,4792,100,4792,1,0
B,C,B,7043,100,7043,1,0
B,D,B,5308,100,5308,1,0
B,E,B,5185,100,5185,1,0
B,F,B,1359,100,1359,1,0
B,G,B,7071,100,7071,1,0
B,H,B,5740,100,5740,1,0
A,C,C,10654,100,10654,1,0
B,C,C,6986,100,6986,1,0
C,D,C,8719,100,8719,1,0
C,E,C,10836,100,10836,1,0
C,F,C,7214,100,7214,1,0
C,G,C,1394,100,1394,1,0
C,H,C,8946,100,8946,1,0
A,D,D,9529,100,9529,1,0
B,D,D,5264,100,5264,1,0
C,D,D,8790,100,8790,1,0
D,E,D,9896,100,9896,1,0
D,F,D,5371,100,5371,1,0
D,G,D,8889,100,8889,1,0
D,H,D,1464,100,1464,1,0
A,E,E,1448,100,1448,1,0
B,E,E,5190,100,5190,1,0
C,E,E,10856,100,10856,1,0
D,E,E,9917,100,9917,1,0
E,F,E,5102,100,5102,1,0
E,G,E,10648,100,10648,1,0
E,H,E,10106,100,10106,1,0
A,F,F,5071,100,5071,1,0
B,F,F,1361,100,1361,1,0
C,F,F,7186,100,7186,1,0
D,F,F,5359,100,5359,1,0
E,F,F,5093,100,5093,1,0
F,G,F,7013,100,7013,1,0
F,H,F,5444,100,5444,1,0
A,G,G,10608,100,10608,1,0
B,G,G,7072,100,7072,1,0
C,G,G,1428,100,1428,1,0
D,G,G,8891,100,8891,1,0
E,G,G,10644,100,10644,1,0
F,G,G,6950,100,6950,1,0
G,H,G,8832,100,8832,1,0
A,H,H,9985,100,9985,1,0
B,H,H,5704,100,5704,1,0
C,H,H,8924,100,8924,1,0
D,H,H,1437,100,1437,1,0
E,H,H,10138,100,10138,1,0
F,H,H,5438,100,5438,1,0
G,H,H,8894,100,8894,1,0
A,B,A,4787,100,4787,1,0
A,C,A,10634,100,10634,1,0
A,D,A,9528,100,9528,1,0
A,E,A,1378,100,1378,1,0
A,F,A,5078,100,5078,1,0
A,G,A,10633,100,10633,1,0
A,H,A,9942,100,9942,1,0
A,B,B,4750,100,4750,1,0
B,C,B,7014,100,7014,1,0
B,D,B,5284,100,5284,1,0
B,E,B,5187,100,5187,1,0
B,F,B,1379,100,1379,1,0
B,G,B,7040,100,7040,1,0
B,H,B,5723,100,5723,1,0
A,C,C,10698,100,10698,1,0
B,C,C,7029,100,7029,1,0
C,D,C,8728,100,8728,1,0
C,E,C,10851,100,10851,1,0
C,F,C,7194,100,7194,1,0
C,G,C,1377,100,1377,1,0
C,H,C,8927,100,8927,1,0
A,D,D,9524,100,9524,1,0
B,D,D,5324,100,5324,1,0
C,D,D,8740,100,8740,1,0
D,E,D,9890,100,9890,1,0
D,F,D,5379,100,5379,1,0
D,G,D,8919,100,8919,1,0
D,H,D,1546,100,1546,1,0
A,E,E,1408,100,1408,1,0
B,E,E,5197,100,5197,1,0
C,E,E,10817,100,10817,1,0
D,E,E,9917,100,9917,1,0
E,F,E,5097,100,5097,1,0
E,G,E,10622,100,10622,1,0
E,H,E,10108,100,10108,1,0
A,F,F,5009,100,5009,1,0
B,F,F,1312,100,1312,1,0
C,F,F,7185,100,7185,1,0
D,F,F,5353,100,5353,1,0
E,F,F,5093,100,5093,1,0
F,G,F,6997,100,6997,1,0
F,H,F,5457,100,5457,1,0
A,G,G,10614,100,10614,1,0
B,G,G,7037,100,7037,1,0
C,G,G,1377,100,1377,1,0
D,G,G,8881,100,8881,1,0
E,G,G,10595,100,10595,1,0
F,G,G,6978,100,6978,1,0
G,H,G,8874,100,8874,1,0
A,H,H,9960,100,9960,1,0
B,H,H,5729,100,5729,1,0
C,H,H,8969,100,8969,1,0
D,H,H,1505,100,1505,1,0
E,H,H,10120,100,10120,1,0
F,H,H,5398,100,5398,1,0
G,H,H,8857,100,8857,1,0
A,B,A,4757,100,4757,1,0
A,C,A,10677,100,10677,1,0
A,D,A,9530,100,9530,1,0
A,E,A,1375,100,1375,1,0
A,F,A,5075,100,5075,1,0
A,G,A,10654,100,10654,1,0
A,H,A,9978,100,9978,1,0
A,B,B,4747,100,4747,1,0
B,C,B,6992,100,6992,1,0
B,D,B,5277,100,5277,1,0
B,E,B,5200,100,5200,1,0
B,F,B,1369,100,1369,1,0
B,G,B,7100,100,7100,1,0
B,H,B,5743,100,5743,1,0
A,C,C,10663,100,10663,1,0
B,C,C,7066,100,7066,1,0
C,D,C,8790,100,8790,1,0
C,E,C,10810,100,10810,1,0
C,F,C,7227,100,7227,1,0
C,G,C,1371,100,1371,1,0
C,H,C,8955,100,8955,1,0
A,D,D,9536,100,9536,1,0
B,D,D,5298,100,5298,1,0
C,D,D,8769,100,8769,1,0
D,E,D,9926,100,9926,1,0
D,F,D,5345,100,5345,1,0
D,G,D,8889,100,8889,1,0
D,H,D,1462,100,1462,1,0
A,E,E,1401,100,1401,1,0
B,E,E,5176,100,5176,1,0
C,E,E,10808,100,10808,1,0
D,E,E,9851,100,9851,1,0
E,F,E,5151,100,5151,1,0
E,G,E,10620,100,10620,1,0
E,H,E,10096,100,10096,1,0
A,F,F,5072,100,5072,1,0
B,F,F,1377,100,1377,1,0
C,F,F,7205,100,7205,1,0
D,F,F,5368,100,5368,1,0
E,F,F,5121,100,5121,1,0
F,G,F,7012,100,7012,1,0
F,H,F,5450,100,5450,1,0
A,G,G,10608,100,10608,1,0
B,G,G,7076,100,7076,1,0
C,G,G,1406,100,1406,1,0
D,G,G,8940,100,8940,1,0
E,G,G,10649,100,10649,1,0
F,G,G,7012,100,7012,1,0
G,H,G,8900,100,8900,1,0
A,H,H,9931,100,9931,1,0
B,H,H,5763,100,5763,1,0
C,H,H,8941,100,8941,1,0
D,H,H,1482,100,1482,1,0
E,H,H,10152,100,10152,1,0
F,H,H,5486,100,5486,1,0
G,H,H,8885,100,8885,1,0
A,B,A,4764,100,4764,1,0
A,C,A,10655,100,10655,1,0
A,D,A,9535,100,9535,1,0
A,E,A,1396,100,1396,1,0
A,F,A,5048,100,5048,1,0
A,G,A,10611,100,10611,1,0
A,H,A,9952,100,9952,1,0
A,B,B,4771,100,4771,1,0
B,C,B,6991,100,6991,1,0
B,D,B,5287,100,5287,1,0
B,E,B,5140,100,5140,1,0
B,F,B,1353,100,1353,1,0
B,G,B,7071,100,7071,1,0
B,H,B,5731,100,5731,1,0
A,C,C,10603,100,10603,1,0
B,C,C,7013,100,7013,1,0
C,D,C,8739,100,8739,1,0
C,E,C,10821,100,10821,1,0
C,F,C,7188,100,7188,1,0
C,G,C,1391,100,1391,1,0
C,H,C,8929,100,8929,1,0
A,D,D,9513,100,9513,1,0
B,D,D,5301,100,5301,1,0
C,D,D,8734,100,8734,1,0
D,E,D,9902,100,9902,1,0
D,F,D,5397,100,5397,1,0
D,G,D,8885,100,8885,1,0
D,H,D,1486,100,1486,1,0
A,E,E,1491,100,1491,1,0
B,E,E,5166,100,5166,1,0
C,E,E,10836,100,10836,1,0
D,E,E,9937,100,9937,1,0
E,F,E,5100,100,5100,1,0
E,G,E,10624,100,10624,1,0
E,H,E,10163,100,10163,1,0
A,F,F,5039,100,5039,1,0
B,F,F,1355,100,1355,1,0
C,F,F,7220,100,7220,1,0
D,F,F,5370,100,5370,1,0
E,F,F,5125,100,5125,1,0
F,G,F,7022,100,7022,1,0
F,H,F,5411,100,5411,1,0
A,G,G,10600,100,10600,1,0
B,G,G,7060,100,7060,1,0
C,G,G,1365,100,1365,1,0
D,G,G,8917,100,8917,1,0
E,G,G,10636,100,10636,1,0
F,G,G,7012,100,7012,1,0
G,H,G,8900,100,8900,1,0
A,H,H,10008,100,10008,1,0
B,H,H,5730,100,5730,1,0
C,H,H,8910,100,8910,1,0
D,H,H,1534,100,1534,1,0
E,H,H,10170,100,10170,1,0
F,H,H,5486,100,5486,1,0
G,H,H,8870,100,8870,1,0
A,B,A,4798,100,4798,1,0
A,C,A,10623,100,10623,1,0
A,D,A,9535,100,9535,1,0
A,E,A,1438,100,1438,1,0
A,F,A,5068,100,5068,1,0
A,G,A,10620,100,10620,1,0
A,H,A,9987,100,9987,1,0
A,B,B,4760,100,4760,1,0
B,C,B,6984,100,6984,1,0
B,D,B,5314,100,5314,1,0
B,E,B,5175,100,5175,1,0
B,F,B,1362,100,1362,1,0
B,G,B,7070,100,7070,1,0
B,H,B,5729,100,5729,1,0
A,C,C,10670,100,10670,1,0
B,C,C,6990,100,6990,1,0
C,D,C,8767,100,8767,1,0
C,E,C,10811,100,10811,1,0
C,F,C,7196,100,7196,1,0
C,G,C,1353,100,1353,1,0
C,H,C,8976,100,8976,1,0
A,D,D,9548,100,9548,1,0
B,D,D,5291,100,5291,1,0
C,D,D,8743,100,8743,1,0
D,E,D,9949,100,9949,1,0
D,F,D,5382,100,5382,1,0
D,G,D,8892,100,8892,1,0
D,H,D,1452,100,1452,1,0
A,E,E,1367,100,1367,1,0
B,E,E,5237,100,5237,1,0
C,E,E,10825,100,10825,1,0
D,E,E,9932,100,9932,1,0
E,F,E,5078,100,5078,1,0
E,G,E,10610,100,10610,1,0
E,H,E,10093,100,10093,1,0
A,F,F,5096,100,5096,1,0
B,F,F,1340,100,1340,1,0
C,F,F,7232,100,7232,1,0
D,F,F,5368,100,5368,1,0
E,F,F,5167,100,5167,1,0
F,G,F,7003,100,7003,1,0
F,H,F,5441,100,5441,1,0
A,G,G,10647,100,10647,1,0
B,G,G,7106,100,7106,1,0
C,G,G,1378,100,1378,1,0
D,G,G,8901,100,8901,1,0
E,G,G,10620,100,10620,1,0
F,G,G,6976,100,6976,1,0
G,H,G,8888,100,8888,1,0
A,H,H,10007,100,10007,1,0
B,H,H,5798,100,5798,1,0
C,H,H,8908,100,8908,1,0
D,H,H,1465,100,1465,1,0
E,H,H,10138,100,10138,1,0
F,H,H,5477,100,5477,1,0
G,H,H,8898,100,8898,1,0
A,B,A,4785,100,4785,1,0
A,C,A,10656,100,10656,1,0
A,D,A,9536,100,9536,1,0
A,E,A,1448,100,1448,1,0
A,F,A,5031,100,5031,1,0
A,G,A,10601,100,10601,1,0
A,H,A,9974,100,9974,1,0
A,B,B,4794,100,4794,1,0
B,C,B,7056,100,7056,1,0
B,D,B,5348,100,5348,1,0
B,E,B,5155,100,5155,1,0
B,F,B,1361,100,1361,1,0
B,G,B,7094,100,7094,1,0
B,H,B,5738,100,5738,1,0
A,C,C,10613,100,10613,1,0
B,C,C,6984,100,6984,1,0
C,D,C,8747,100,8747,1,0
C,E,C,10800,100,10800,1,0
C,F,C,7194,100,7194,1,0
C,G,C,1345,100,1345,1,0
C,H,C,8951,100,8951,1,0
A,D,D,9487,100,9487,1,0
B,D,D,5299,100,5299,1,0
C,D,D,8723,100,8723,1,0
D,E,D,9933,100,9933,1,0
D,F,D,5371,100,5371,1,0
D,G,D,8907,100,8907,1,0
D,H,D,1494,100,1494,1,0
A,E,E,1363,100,1363,1,0
B,E,E,5196,100,5196,1,0
C,E,E,10802,100,10802,1,0
D,E,E,9924,100,9924,1,0
E,F,E,5097,100,5097,1,0
E,G,E,10628,100,10628,1,0
E,H,E,10160,100,10160,1,0
A,F,F,5042,100,5042,1,0
B,F,F,1362,100,1362,1,0
C,F,F,7184,100,7184,1,0
D,F,F,5361,100,5361,1,0
E,F,F,5102,100,5102,1,0
F,G,F,7000,100,7000,1,0
F,H,F,5426,100,5426,1,0
A,G,G,10582,100,10582,1,0
B,G,G,7047,100,7047,1,0
C,G,G,1391,100,1391,1,0
D,G,G,8890,100,8890,1,0
E,G,G,10615,100,10615,1,0
F,G,G,6979,100,6979,1,0
G,H,G,8901,100,8901,1,0
A,H,H,9961,100,9961,1,0
B,H,H,5740,100,5740,1,0
C,H,H,8945,100,8945,1,0
D,H,H,1538,100,1538,1,0
E,H,H,10119,100,10119,1,0
F,H,H,5439,100,5439,1,0
G,H,H,8830,100,8830,1,0
A,B,A,4801,100,4801,1,0
A,C,A,10669,100,10669,1,0
A,D,A,9519,100,9519,1,0
A,E,A,1393,100,1393,1,0
A,F,A,5062,100,5062,1,0
A,G,A,10623,100,10623,1,0
A,H,A,9954,100,9954,1,0
A,B,B,4797,100,4797,1,0
B,C,B,6984,100,6984,1,0
B,D,B,5291,100,5291,1,0
B,E,B,5191,100,5191,1,0
B,F,B,1372,100,1372,1,0
B,G,B,7112,100,7112,1,0
B,H,B,5772,100,5772,1,0
A,C,C,10664,100,10664,1,0
B,C,C,7012,100,7012,1,0
C,D,C,8705,100,8705,1,0
C,E,C,10796,100,10796,1,0
C,F,C,7201,100,7201,1,0
C,G,C,1369,100,1369,1,0
C,H,C,8905,100,8905,1,0
A,D,D,9546,100,9546,1,0
B,D,D,5304,100,5304,1,0
C,D,D,8740,100,8740,1,0
D,E,D,10009,100,10009,1,0
D,F,D,5340,100,5340,1,0
D,G,D,8884,100,8884,1,0
D,H,D,1504,100,1504,1,0
A,E,E,1394,100,1394,1,0
B,E,E,5169,100,5169,1,0
C,E,E,10813,100,10813,1,0
D,E,E,9939,100,9939,1,0
E,F,E,5072,100,5072,1,0
E,G,E,10648,100,10648,1,0
E,H,E,10091,100,10091,1,0
A,F,F,5087,100,5087,1,0
B,F,F,1320,100,1320,1,0
C,F,F,7195,100,7195,1,0
D,F,F,5354,100,5354,1,0
E,F,F,5108,100,5108,1,0
F,G,F,6980,100,6980,1,0
F,H,F,5431,100,5431,1,0
A,G,G,10662,100,10662,1,0
B,G,G,7101,100,7101,1,0
C,G,G,1392,100,1392,1,0
D,G,G,8845,100,8845,1,0
E,G,G,10608,100,10608,1,0
F,G,G,7003,100,7003,1,0
G,H,G,8872,100,8872,1,0
A,H,H,9935,100,9935,1,0
B,H,H,5741,100,5741,1,0
C,H,H,8970,100,8970,1,0
D,H,H,1478,100,1478,1,0
E,H,H,10134,100,10134,1,0
F,H,H,5449,100,5449,1,0
G,H,H,8878,100,8878,1,0
A,B,A,4769,100,4769,1,0
A,C,A,10681,100,10681,1,0
A,D,A,9550,100,9550,1,0
A,E,A,1441,100,1441,1,0
A,F,A,5052,100,5052,1,0
A,G,A,10660,100,10660,1,0
A,H,A,9931,100,9931,1,0
A,B,B,4788,100,4788,1,0
B,C,B,6990,100,6990,1,0
B,D,B,5297,100,5297,1,0
B,E,B,5194,100,5194,1,0
B,F,B,1386,100,1386,1,0
B,G,B,7079,100,7079,1,0
B,H,B,5738,100,5738,1,0
A,C,C,10622,100,10622,1,0
B,C,C,7020,100,7020,1,0
C,D,C,8761,100,8761,1,0
C,E,C,10822,100,10822,1,0
C,F,C,7196,100,7196,1,0
C,G,C,1361,100,1361,1,0
C,H,C,9011,100,9011,1,0
A,D,D,9541,100,9541,1,0
B,D,D,5277,100,5277,1,0
C,D,D,8717,100,8717,1,0
D,E,D,9883,100,9883,1,0
D,F,D,5338,100,5338,1,0
D,G,D,8882,100,8882,1,0
D,H,D,1490,100,1490,1,0
A,E,E,1428,100,1428,1,0
B,E,E,5166,100,5166,1,0
C,E,E,10877,100,10877,1,0
D,E,E,9941,100,9941,1,0
E,F,E,5114,100,5114,1,0
E,G,E,10635,100,10635,1,0
E,H,E,10138,100,10138,1,0
A,F,F,5051,100,5051,1,0
B,F,F,1377,100,1377,1,0
C,F,F,7200,100,7200,1,0
D,F,F,5381,100,5381,1,0
E,F,F,5090,100,5090,1,0
F,G,F,7011,100,7011,1,0
F,H,F,5476,100,5476,1,0
A,G,G,10644,100,10644,1,0
B,G,G,7094,100,7094,1,0
C,G,G,1398,100,1398,1,0
D,G,G,8901,100,8901,1,0
E,G,G,10640,100,10640,1,0
F,G,G,6972,100,6972,1,0
G,H,G,8846,100,8846,1,0
A,H,H,9977,100,9977,1,0
B,H,H,5745,100,5745,1,0
C,H,H,8938,100,8938,1,0
D,H,H,1486,100,1486,1,0
E,H,H,10148,100,10148,1,0
F,H,H,5451,100,5451,1,0
G,H,H,8908,100,8908,1,0
A,B,A,4766,100,4766,1,0
A,C,A,10651,100,10651,1,0
A,D,A,9528,100,9528,1,0
A,E,A,1406,100,1406,1,0
A,F,A,5054,100,5054,1,0
A,G,A,10623,100,10623,1,0
A,H,A,9947,100,9947,1,0
A,B,B,4763,100,4763,1,0
B,C,B,6991,100,6991,1,0
B,D,B,5331,100,5331,1,0
B,E,B,5159,100,5159,1,0
B,F,B,1329,100,1329,1,0
B,G,B,7071,100,7071,1,0
B,H,B,5713,100,5713,1,0
A,C,C,10604,100,10604,1,0
B,C,C,7031,100,7031,1,0
C,D,C,8725,100,8725,1,0
C,E,C,10838,100,10838,1,0
C,F,C,7219,100,7219,1,0
C,G,C,1392,100,1392,1,0
C,H,C,8910,100,8910,1,0
A,D,D,9526,100,9526,1,0
B,D,D,5278,100,5278,1,0
C,D,D,8740,100,8740,1,0
D,E,D,9918,100,9918,1,0
D,F,D,5331,100,5331,1,0
D,G,D,8911,100,8911,1,0
D,H,D,1510,100,1510,1,0
A,E,E,1440,100,1440,1,0
B,E,E,5222,100,5222,1,0
C,E,E,10830,100,10830,1,0
D,E,E,9941,100,9941,1,0
E,F,E,5115,100,5115,1,0
E,G,E,10612,100,10612,1,0
E,H,E,10157,100,10157,1,0
A,F,F,5083,100,5083,1,0
B,F,F,1353,100,1353,1,0
C,F,F,7167,100,7167,1,0
D,F,F,5356,100,5356,1,0
E,F,F,5104,100,5104,1,0
F,G,F,7006,100,7006,1,0
F,H,F,5430,100,5430,1,0
A,G,G,10641,100,10641,1,0
B,G,G,7092,100,7092,1,0
C,G,G,1424,100,1424,1,0
D,G,G,8911,100,8911,1,0
E,G,G,10614,100,10614,1,0
F,G,G,7008,100,7008,1,0
G,H,G,8841,100,8841,1,0
A,H,H,9996,100,9996,1,0
B,H,H,5779,100,5779,1,0
C,H,H,8964,100,8964,1,0
D,H,H,1476,100,1476,1,0
E,H,H,10166,100,10166,1,0
F,H,H,5437,100,5437,1,0
G,H,H,8900,100,8900,1,0
A,B,A,4761,100,4761,1,0
A,C,A,10643,100,10643,1,0
A,D,A,9523,100,9523,1,0
A,E,A,1358,100,1358,1,0
A,F,A,5032,100,5032,1,0
A,G,A,10606,100,10606,1,0
A,H,A,9968,100,9968,1,0
A,B,B,4746,100,4746,1,0
B,C,B,7001,100,7001,1,0
B,D,B,5317,100,5317,1,0
B,E,B,5168,100,5168,1,0
B,F,B,1365,100,1365,1,0
B,G,B,7082,100,7082,1,0
B,H,B,5704,100,5704,1,0
A,C,C,10668,100,10668,1,0
B,C,C,7033,100,7033,1,0
C,D,C,8707,100,8707,1,0
C,E,C,10815,100,10815,1,0
C,F,C,7197,100,7197,1,0
C,G,C,1382,100,1382,1,0
C,H,C,8949,100,8949,1,0
A,D,D,9518,100,9518,1,0
B,D,D,5269,100,5269,1,0
C,D,D,8740,100,8740,1,0
D,E,D,9900,100,9900,1,0
D,F,D,5336,100,5336,1,0
D,G,D,8880,100,8880,1,0
D,H,D,1501,100,1501,1,0
A,E,E,1391,100,1391,1,0
B,E,E,5160,100,5160,1,0
C,E,E,10850,100,10850,1,0
D,E,E,9942,100,9942,1,0
E,F,E,5110,100,5110,1,0
E,G,E,10645,100,10645,1,0
E,H,E,10138,100,10138,1,0
A,F,F,5068,100,5068,1,0
B,F,F,1322,100,1322,1,0
C,F,F,7179,100,7179,1,0
D,F,F,5358,100,5358,1,0
E,F,F,5120,100,5120,1,0
F,G,F,7014,100,7014,1,0
F,H,F,5437,100,5437,1,0
A,G,G,10659,100,10659,1,0
B,G,G,7105,100,7105,1,0
C,G,G,1355,100,1355,1,0
D,G,G,8902,100,8902,1,0
E,G,G,10653,100,10653,1,0
F,G,G,7012,100,7012,1,0
G,H,G,8878,100,8878,1,0
A,H,H,9956,100,9956,1,0
B,H,H,5727,100,5727,1,0
C,H,H,8908,100,8908,1,0
D,H,H,1488,100,1488,1,0
E,H,H,10119,100,10119,1,0
F,H,H,5491,100,5491,1,0
G,H,H,8891,100,8891,1,0
A,B,A,4742,100,4742,1,0
A,C,A,10632,100,10632,1,0
A,D,A,9554,100,9554,1,0
A,E,A,1388,100,1388,1,0
A,F,A,5052,100,5052,1,0
A,G,A,10612,100,10612,1,0
A,H,A,9942,100,9942,1,0
A,B,B,4780,100,4780,1,0
B,C,B,7002,100,7002,1,0
B,D,B,5283,100,5283,1,0
B,E,B,5190,100,5190,1,0
B,F,B,1352,100,1352,1,0
B,G,B,7071,100,7071,1,0
B,H,B,5760,100,5760,1,0
A,C,C,10598,100,10598,1,0
B,C,C,7004,100,7004,1,0
C,D,C,8765,100,8765,1,0
C,E,C,10788,100,10788,1,0
C,F,C,7199,100,7199,1,0
C,G,C,1345,100,1345,1,0
C,H,C,8943,100,8943,1,0
A,D,D,9528,100,9528,1,0
B,D,D,5285,100,5285,1,0
C,D,D,8723,100,8723,1,0
D,E,D,9938,100,9938,1,0
D,F,D,5372,100,5372,1,0
D,G,D,8917,100,8917,1,0
D,H,D,1470,100,1470,1,0
A,E,E,1438,100,1438,1,0
B,E,E,5161,100,5161,1,0
C,E,E,10833,100,10833,1,0
D,E,E,9963,100,9963,1,0
E,F,E,5114,100,5114,1,0
E,G,E,10638,100,10638,1,0
E,H,E,10125,100,10125,1,0
A,F,F,5076,100,5076,1,0
B,F,F,1372,100,1372,1,0
C,F,F,7206,100,7206,1,0
D,F,F,5364,100,5364,1,0
E,F,F,5124,100,5124,1,0
F,G,F,7023,100,7023,1,0
F,H,F,5464,100,5464,1,0
A,G,G,10653,100,10653,1,0
B,G,G,7066,100,7066,1,0
C,G,G,1350,100,1350,1,0
D,G,G,8879,100,8879,1,0
E,G,G,10623,100,10623,1,0
F,G,G,6985,100,6985,1,0
G,H,G,8828,100,8828,1,0
A,H,H,9981,100,9981,1,0
B,H,H,5717,100,5717,1,0
C,H,H,8954,100,8954,1,0
D,H,H,1536,100,1536,1,0
E,H,H,10130,100,10130,1,0
F,H,H,5418,100,5418,1,0
G,H,H,8841,100,8841,1,0
A,B,A,4806,100,4806,1,0
A,C,A,10659,100,10659,1,0
A,D,A,9552,100,9552,1,0
A,E,A,1396,100,1396,1,0
A,F,A,5073,100,5073,1,0
A,G,A,10618,100,10618,1,0
A,H,A,9955,100,9955,1,0
A,B,B,4751,100,4751,1,0
B,C,B,7014,100,7014,1,0
B,D,B,5316,100,5316,1,0
B,E,B,5209,100,5209,1,0
B,F,B,1395,100,1395,1,0
B,G,B,7116,100,7116,1,0
B,H,B,5744,100,5744,1,0
A,C,C,10666,100,10666,1,0
B,C,C,7025,100,7025,1,0
C,D,C,8760,100,8760,1,0
C,E,C,10806,100,10806,1,0
C,F,C,7206,100,7206,1,0
C,G,C,1396,100,1396,1,0
C,H,C,8915,100,8915,1,0
A,D,D,9531,100,9531,1,0
B,D,D,5287,100,5287,1,0
C,D,D,8737,100,8737,1,0
D,E,D,9978,100,9978,1,0
D,F,D,5344,100,5344,1,0
D,G,D,8899,100,8899,1,0
D,H,D,1481,100,1481,1,0
A,E,E,1438,100,1438,1,0
B,E,E,5197,100,5197,1,0
C,E,E,10844,100,10844,1,0
D,E,E,9880,100,9880,1,0
E,F,E,5114,100,5114,1,0
E,G,E,10638,100,10638,1,0
E,H,E,10112,100,10112,1,0
A,F,F,5033,100,5033,1,0
B,F,F,1391,100,1391,1,0
C,F,F,7200,100,7200,1,0
D,F,F,5340,100,5340,1,0
E,F,F,5122,100,5122,1,0
F,G,F,6992,100,6992,1,0
F,H,F,5453,100,5453,1,0
A,G,G,10647,100,10647,1,0
B,G,G,7041,100,7041,1,0
C,G,G,1383,100,1383,1,0
D,G,G,8896,100,8896,1,0
E,G,G,10616,100,10616,1,0
F,G,G,7006,100,7006,1,0
G,H,G,8881,100,8881,1,0
A,H,H,9974,100,9974,1,0
B,H,H,5729,100,5729,1,0
C,H,H,8926,100,8926,1,0
D,H,H,1517,100,1517,1,0
E,H,H,10114,100,10114,1,0
F,H,H,5463,100,5463,1,0
G,H,H,8868,100,8868,1,0
A,B,A,4752,100,4752,1,0
A,C,A,10717,100,10717,1,0
A,D,A,9533,100,9533,1,0
A,E,A,1392,100,1392,1,0
A,F,A,5077,100,5077,1,0
A,G,A,10613,100,10613,1,0
A,H,A,9950,100,9950,1,0
A,B,B,4753,100,4753,1,0
B,C,B,7037,100,7037,1,0
B,D,B,5301,100,5301,1,0
B,E,B,5235,100,5235,1,0
B,F,B,1369,100,1369,1,0
B,G,B,7046,100,7046,1,0
B,H,B,5706,100,5706,1,0
A,C,C,10580,100,10580,1,0
B,C,C,7021,100,7021,1,0
C,D,C,8763,100,8763,1,0
C,E,C,10824,100,10824,1,0
C,F,C,7145,100,7145,1,0
C,G,C,1387,100,1387,1,0
C,H,C,8955,100,8955,1,0
A,D,D,9539,100,9539,1,0
B,D,D,5259,100,5259,1,0
C,D,D,8726,100,8726,1,0
D,E,D,9958,100,9958,1,0
D,F,D,5351,100,5351,1,0
D,G,D,8898,100,8898,1,0
D,H,D,1537,100,1537,1,0
A,E,E,1420,100,1420,1,0
B,E,E,5152,100,5152,1,0
C,E,E,10861,100,10861,1,0
D,E,E,9888,100,9888,1,0
E,F,E,5076,100,5076,1,0
E,G,E,10638,100,10638,1,0
E,H,E,10154,100,10154,1,0
A,F,F,5097,100,5097,1,0
B,F,F,1322,100,1322,1,0
C,F,F,7212,100,7212,1,0
D,F,F,5371,100,5371,1,0
E,F,F,5088,100,5088,1,0
F,G,F,7010,100,7010,1,0
F,H,F,5416,100,5416,1,0
A,G,G,10603,100,10603,1,0
B,G,G,7083,100,7083,1,0
C,G,G,1374,100,1374,1,0
D,G,G,8865,100,8865,1,0
E,G,G,10641,100,10641,1,0
F,G,G,7008,100,7008,1,0
G,H,G,8876,100,8876,1,0
A,H,H,9919,100,9919,1,0
B,H,H,5712,100,5712,1,0
C,H,H,8954,100,8954,1,0
D,H,H,1518,100,1518,1,0
E,H,H,10111,100,10111,1,0
F,H,H,5443,100,5443,1,0
G,H,H,8895,100,8895,1,0
A,B,A,4747,100,4747,1,0
A,C,A,10642,100,10642,1,0
A,D,A,9520,100,9520,1,0
A,E,A,1407,100,1407,1,0
A,F,A,5058,100,5058,1,0
A,G,A,10649,100,10649,1,0
A,H,A,9939,100,9939,1,0
A,B,B,4791,100,4791,1,0
B,C,B,6963,100,6963,1,0
B,D,B,5267,100,5267,1,0
B,E,B,5175,100,5175,1,0
B,F,B,1334,100,1334,1,0
B,G,B,7070,100,7070,1,0
B,H,B,5742,100,5742,1,0
A,C,C,10605,100,10605,1,0
B,C,C,6998,100,6998,1,0
C,D,C,8752,100,8752,1,0
C,E,C,10825,100,10825,1,0
C,F,C,7219,100,7219,1,0
C,G,C,1363,100,1363,1,0
C,H,C,8924,100,8924,1,0
A,D,D,9543,100,9543,1,0
B,D,D,5290,100,5290,1,0
C,D,D,8733,100,8733,1,0
D,E,D,9895,100,9895,1,0
D,F,D,5329,100,5329,1,0
D,G,D,8872,100,8872,1,0
D,H,D,1487,100,1487,1,0
A,E,E,1437,100,1437,1,0
B,E,E,5245,100,5245,1,0
C,E,E,10799,100,10799,1,0
D,E,E,9899,100,9899,1,0
E,F,E,5133,100,5133,1,0
E,G,E,10620,100,10620,1,0
E,H,E,10180,100,10180,1,0
A,F,F,5083,100,5083,1,0
B,F,F,1338,100,1338,1,0
C,F,F,7197,100,7197,1,0
D,F,F,5390,100,5390,1,0
E,F,F,5106,100,5106,1,0
F,G,F,6994,100,6994,1,0
F,H,F,5452,100,5452,1,0
A,G,G,10617,100,10617,1,0
B,G,G,7065,100,7065,1,0
C,G,G,1356,100,1356,1,0
D,G,G,8886,100,8886,1,0
E,G,G,10635,100,10635,1,0
F,G,G,7002,100,7002,1,0
G,H,G,8870,100,8870,1,0
A,H,H,9969,100,9969,1,0
B,H,H,5712,100,5712,1,0
C,H,H,8925,100,8925,1,0
D,H,H,1483,100,1483,1,0
E,H,H,10143,100,10143,1,0
F,H,H,5417,100,5417,1,0
G,H,H,8883,100,8883,1,0
A,B,A,4740,100,4740,1,0
A,C,A,10652,100,10652,1,0
A,D,A,9524,100,9524,1,0
A,E,A,1397,100,1397,1,0
A,F,A,5061,100,5061,1,0
A,G,A,10632,100,10632,1,0
A,H,A,9912,100,9912,1,0
A,B,B,4768,100,4768,1,0
B,C,B,7017,100,7017,1,0
B,D,B,5286,100,5286,1,0
B,E,B,5165,100,5165,1,0
B,F,B,1384,100,1384,1,0
B,G,B,7042,100,7042,1,0
B,H,B,5706,100,5706,1,0
A,C,C,10637,100,10637,1,0
B,C,C,7016,100,7016,1,0
C,D,C,8745,100,8745,1,0
C,E,C,10802,100,10802,1,0
C,F,C,7197,100,7197,1,0
C,G,C,1386,100,1386,1,0
C,H,C,8894,100,8894,1,0
A,D,D,9533,100,9533,1,0
B,D,D,5273,100,5273,1,0
C,D,D,8757,100,8757,1,0
D,E,D,9873,100,9873,1,0
D,F,D,5341,100,5341,1,0
D,G,D,8898,100,8898,1,0
D,H,D,1551,100,1551,1,0
A,E,E,1397,100,1397,1,0
B,E,E,5166,100,5166,1,0
C,E,E,10835,100,10835,1,0
D,E,E,9926,100,9926,1,0
E,F,E,5103,100,5103,1,0
E,G,E,10646,100,10646,1,0
E,H,E,10160,100,10160,1,0
A,F,F,5073,100,5073,1,0
B,F,F,1345,100,1345,1,0
C,F,F,7203,100,7203,1,0
D,F,F,5348,100,5348,1,0
E,F,F,5094,100,5094,1,0
F,G,F,6989,100,6989,1,0
F,H,F,5458,100,5458,1,0
A,G,G,10591,100,10591,1,0
B,G,G,7073,100,7073,1,0
C,G,G,1377,100,1377,1,0
D,G,G,8912,100,8912,1,0
E,G,G,10647,100,10647,1,0
F,G,G,6979,100,6979,1,0
G,H,G,8808,100,8808,1,0
A,H,H,9908,100,9908,1,0
B,H,H,5789,100,5789,1,0
C,H,H,8936,100,8936,1,0
D,H,H,1494,100,1494,1,0
E,H,H,10141,100,10141,1,0
F,H,H,5454,100,5454,1,0
G,H,H,8854,100,8854,1,0
A,B,A,4760,100,4760,1,0
A,C,A,10656,100,10656,1,0
A,D,A,9510,100,9510,1,0
A,E,A,1399,100,1399,1,0
A,F,A,5030,100,5030,1,0
A,G,A,10611,100,10611,1,0
A,H,A,9991,100,9991,1,0
A,B,B,4766,100,4766,1,0
B,C,B,7061,100,7061,1,0
B,D,B,5251,100,5251,1,0
B,E,B,5174,100,5174,1,0
B,F,B,1368,100,1368,1,0
B,G,B,7073,100,7073,1,0
B,H,B,5738,100,5738,1,0
A,C,C,10642,100,10642,1,0
B,C,C,7012,100,7012,1,0
C,D,C,8744,100,8744,1,0
C,E,C,10812,100,10812,1,0
C,F,C,7197,100,7197,1,0
C,G,C,1406,100,1406,1,0
C,H,C,8924,100,8924,1,0
A,D,D,9522,100,9522,1,0
B,D,D,5310,100,5310,1,0
C,D,D,8740,100,8740,1,0
D,E,D,9955,100,9955,1,0
D,F,D,5360,100,5360,1,0
D,G,D,8886,100,8886,1,0
D,H,D,1475,100,1475,1,0
A,E,E,1403,100,1403,1,0
B,E,E,5172,100,5172,1,0
C,E,E,10832,100,10832,1,0
D,E,E,9923,100,9923,1,0
E,F,E,5113,100,5113,1,0
E,G,E,10614,100,10614,1,0
E,H,E,10190,100,10190,1,0
A,F,F,5037,100,5037,1,0
B,F,F,1330,100,1330,1,0
C,F,F,7179,100,7179,1,0
D,F,F,5351,100,5351,1,0
E,F,F,5095,100,5095,1,0
F,G,F,6992,100,6992,1,0
F,H,F,5484,100,5484,1,0
A,G,G,10640,100,10640,1,0
B,G,G,7073,100,7073,1,0
C,G,G,1404,100,1404,1,0
D,G,G,8900,100,8900,1,0
E,G,G,10671,100,10671,1,0
F,G,G,7036,100,7036,1,0
G,H,G,8871,100,8871,1,0
A,H,H,9926,100,9926,1,0
B,H,H,5770,100,5770,1,0
C,H,H,8963,100,8963,1,0
D,H,H,1529,100,1529,1,0
E,H,H,10179,100,10179,1,0
F,H,H,5423,100,5423,1,0
G,H,H,8891,100,8891,1,0
A,B,A,4757,100,4757,1,0
A,C,A,10672,100,10672,1,0
A,D,A,9536,100,9536,1,0
A,E,A,1403,100,1403,1,0
A,F,A,5084,100,5084,1,0
A,G,A,10616,100,10616,1,0
A,H,A,9956,100,9956,1,0
A,B,B,4779,100,4779,1,0
B,C,B,7063,100,7063,1,0
B,D,B,5299,100,5299,1,0
B,E,B,5181,100,5181,1,0
B,F,B,1348,100,1348,1,0
B,G,B,7070,100,7070,1,0
B,H,B,5747,100,5747,1,0
A,C,C,10668,100,10668,1,0
B,C,C,7022,100,7022,1,0
C,D,C,8752,100,8752,1,0
C,E,C,10849,100,10849,1,0
C,F,C,7199,100,7199,1,0
C,G,C,1434,100,1434,1,0
C,H,C,8986,100,8986,1,0
A,D,D,9513,100,9513,1,0
B,D,D,5265,100,5265,1,0
C,D,D,8734,100,8734,1,0
D,E,D,9922,100,9922,1,0
D,F,D,5368,100,5368,1,0
D,G,D,8908,100,8908,1,0
D,H,D,1487,100,1487,1,0
A,E,E,1418,100,1418,1,0
B,E,E,5164,100,5164,1,0
C,E,E,10784,100,10784,1,0
D,E,E,9986,100,9986,1,0
E,F,E,5093,100,5093,1,0
E,G,E,10675,100,10675,1,0
E,H,E,10131,100,10131,1,0
A,F,F,5106,100,5106,1,0
B,F,F,1353,100,1353,1,0
C,F,F,7175,100,7175,1,0
D,F,F,5382,100,5382,1,0
E,F,F,5093,100,5093,1,0
F,G,F,6993,100,6993,1,0
F,H,F,5461,100,5461,1,0
A,G,G,10629,100,10629,1,0
B,G,G,7102,100,7102,1,0
C,G,G,1328,100,1328,1,0
D,G,G,8916,100,8916,1,0
E,G,G,10655,100,10655,1,0
F,G,G,6986,100,6986,1,0
G,H,G,8892,100,8892,1,0
A,H,H,9940,100,9940,1,0
B,H,H,5772,100,5772,1,0
C,H,H,8939,100,8939,1,0
D,H,H,1518,100,1518,1,0
E,H,H,10123,100,10123,1,0
F,H,H,5475,100,5475,1,0
G,H,H,8907,100,8907,1,0
A,B,A,4771,100,4771,1,0
A,C,A,10697,100,10697,1,0
A,D,A,9510,100,9510,1,0
A,E,A,1428,100,1428,1,0
A,F,A,5112,100,5112,1,0
A,G,A,10625,100,10625,1,0
A,H,A,9966,100,9966,1,0
A,B,B,4777,100,4777,1,0
B,C,B,7012,100,7012,1,0
B,D,B,5267,100,5267,1,0
B,E,B,5172,100,5172,1,0
B,F,B,1362,100,1362,1,0
B,G,B,7065,100,7065,1,0
B,H,B,5717,100,5717,1,0
A,C,C,10626,100,10626,1,0
B,C,C,6999,100,6999,1,0
C,D,C,8748,100,8748,1,0
C,E,C,10819,100,10819,1,0
C,F,C,7188,100,7188,1,0
C,G,C,1361,100,1361,1,0
C,H,C,8925,100,8925,1,0
A,D,D,9554,100,9554,1,0
B,D,D,5303,100,5303,1,0
C,D,D,8740,100,8740,1,0
D,E,D,9988,100,9988,1,0
D,F,D,5363,100,5363,1,0
D,G,D,8894,100,8894,1,0
D,H,D,1503,100,1503,1,0
A,E,E,1443,100,1443,1,0
B,E,E,5142,100,5142,1,0
C,E,E,10861,100,10861,1,0
D,E,E,9924,100,9924,1,0
E,F,E,5094,100,5094,1,0
E,G,E,10614,100,10614,1,0
E,H,E,10130,100,10130,1,0
A,F,F,5064,100,5064,1,0
B,F,F,1336,100,1336,1,0
C,F,F,7223,100,7223,1,0
D,F,F,5357,100,5357,1,0
E,F,F,5092,100,5092,1,0
F,G,F,6998,100,6998,1,0
F,H,F,5432,100,5432,1,0
A,G,G,10645,100,10645,1,0
B,G,G,7075,100,7075,1,0
C,G,G,1366,100,1366,1,0
D,G,G,8882,100,8882,1,0
E,G,G,10625,100,10625,1,0
F,G,G,6994,100,6994,1,0
G,H,G,8822,100,8822,1,0
A,H,H,9974,100,9974,1,0
B,H,H,5802,100,5802,1,0
C,H,H,8960,100,8960,1,0
D,H,H,1513,100,1513,1,0
E,H,H,10128,100,10128,1,0
F,H,H,5509,100,5509,1,0
G,H,H,8875,100,8875,1,0
A,B,A,4751,100,4751,1,0
A,C,A,10637,100,10637,1,0
A,D,A,9551,100,9551,1,0
A,E,A,1439,100,1439,1,0
A,F,A,5061,100,5061,1,0
A,G,A,10613,100,10613,1,0
A,H,A,9990,100,9990,1,0
A,B,B,4741,100,4741,1,0
B,C,B,7023,100,7023,1,0
B,D,B,5316,100,5316,1,0
B,E,B,5206,100,5206,1,0
B,F,B,1360,100,1360,1,0
B,G,B,7070,100,7070,1,0
B,H,B,5739,100,5739,1,0
A,C,C,10658,100,10658,1,0
B,C,C,7013,100,7013,1,0
C,D,C,8721,100,8721,1,0
C,E,C,10861,100,10861,1,0
C,F,C,7198,100,7198,1,0
C,G,C,1395,100,1395,1,0
C,H,C,8954,100,8954,1,0
A,D,D,9487,100,9487,1,0
B,D,D,5324,100,5324,1,0
C,D,D,8742,100,8742,1,0
D,E,D,9929,100,9929,1,0
D,F,D,5348,100,5348,1,0
D,G,D,8884,100,8884,1,0
D,H,D,1519,100,1519,1,0
A,E,E,1380,100,1380,1,0
B,E,E,5152,100,5152,1,0
C,E,E,10789,100,10789,1,0
D,E,E,9900,100,9900,1,0
E,F,E,5149,100,5149,1,0
E,G,E,10641,100,10641,1,0
E,H,E,10147,100,10147,1,0
A,F,F,5038,100,5038,1,0
B,F,F,1327,100,1327,1,0
C,F,F,7183,100,7183,1,0
D,F,F,5343,100,5343,1,0
E,F,F,5100,100,5100,1,0
F,G,F,7024,100,7024,1,0
F,H,F,5455,100,5455,1,0
A,G,G,10609,100,10609,1,0
B,G,G,7068,100,7068,1,0
C,G,G,1411,100,1411,1,0
D,G,G,8880,100,8880,1,0
E,G,G,10612,100,10612,1,0
F,G,G,6989,100,6989,1,0
G,H,G,8885,100,8885,1,0
A,H,H,9932,100,9932,1,0
B,H,H,5755,100,5755,1,0
C,H,H,8926,100,8926,1,0
D,H,H,1482,100,1482,1,0
E,H,H,10155,100,10155,1,0
F,H,H,5439,100,5439,1,0
G,H,H,8853,100,8853,1,0
A,B,A,4755,100,4755,1,0
A,C,A,10666,100,10666,1,0
A,D,A,9517,100,9517,1,0
A,E,A,1416,100,1416,1,0
A,F,A,5052,100,5052,1,0
A,G,A,10695,100,10695,1,0
A,H,A,9942,100,9942,1,0
A,B,B,4769,100,4769,1,0
B,C,B,7002,100,7002,1,0
B,D,B,5293,100,5293,1,0
B,E,B,5160,100,5160,1,0
B,F,B,1365,100,1365,1,0
B,G,B,7079,100,7079,1,0
B,H,B,5768,100,5768,1,0
A,C,C,10663,100,10663,1,0
B,C,C,7031,100,7031,1,0
C,D,C,8781,100,8781,1,0
C,E,C,10840,100,10840,1,0
C,F,C,7185,100,7185,1,0
C,G,C,1366,100,1366,1,0
C,H,C,8991,100,8991,1,0
A,D,D,9537,100,9537,1,0
B,D,D,5297,100,5297,1,0
C,D,D,8758,100,8758,1,0
D,E,D,9907,100,9907,1,0
D,F,D,5366,100,5366,1,0
D,G,D,8916,100,8916,1,0
D,H,D,1486,100,1486,1,0
A,E,E,1446,100,1446,1,0
B,E,E,5220,100,5220,1,0
C,E,E,10791,100,10791,1,0
D,E,E,9967,100,9967,1,0
E,F,E,5117,100,5117,1,0
E,G,E,10648,100,10648,1,0
E,H,E,10117,100,10117,1,0
A,F,F,5078,100,5078,1,0
B,F,F,1322,100,1322,1,0
C,F,F,7230,100,7230,1,0
D,F,F,5349,100,5349,1,0
E,F,F,5102,100,5102,1,0
F,G,F,6985,100,6985,1,0
F,H,F,5431,100,5431,1,0
A,G,G,10641,100,10641,1,0
B,G,G,7152,100,7152,1,0
C,G,G,1359,100,1359,1,0
D,G,G,8905,100,8905,1,0
E,G,G,10658,100,10658,1,0
F,G,G,7033,100,7033,1,0
G,H,G,8873,100,8873,1,0
A,H,H,9947,100,9947,1,0
B,H,H,5726,100,5726,1,0
C,H,H,8958,100,8958,1,0
D,H,H,1517,100,1517,1,0
E,H,H,10112,100,10112,1,0
F,H,H,5459,100,5459,1,0
G,H,H,8881,100,8881,1,0
A,B,A,4773,100,4773,1,0
A,C,A,10684,100,10684,1,0
A,D,A,9501,100,9501,1,0
A,E,A,1379,100,1379,1,0
A,F,A,5055,100,5055,1,0
A,G,A,10605,100,10605,1,0
A,H,A,9943,100,9943,1,0
A,B,B,4757,100,4757,1,0
B,C,B,6991,100,6991,1,0
B,D,B,5327,100,5327,1,0
B,E,B,5227,100,5227,1,0
B,F,B,1347,100,1347,1,0
B,G,B,7104,100,7104,1,0
B,H,B,5671,100,5671,1,0
A,C,C,10667,100,10667,1,0
B,C,C,6986,100,6986,1,0
C,D,C,8749,100,8749,1,0
C,E,C,10842,100,10842,1,0
C,F,C,7204,100,7204,1,0
C,G,C,1377,100,1377,1,0
C,H,C,8936,100,8936,1,0
A,D,D,9530,100,9530,1,0
B,D,D,5295,100,5295,1,0
C,D,D,8751,100,8751,1,0
D,E,D,9880,100,9880,1,0
D,F,D,5395,100,5395,1,0
D,G,D,8857,100,8857,1,0
D,H,D,1498,100,1498,1,0
A,E,E,1361,100,1361,1,0
B,E,E,5134,100,5134,1,0
C,E,E,10815,100,10815,1,0
D,E,E,9933,100,9933,1,0
E,F,E,5056,100,5056,1,0
E,G,E,10649,100,10649,1,0
E,H,E,10145,100,10145,1,0
A,F,F,5081,100,5081,1,0
B,F,F,1348,100,1348,1,0
C,F,F,7216,100,7216,1,0
D,F,F,5360,100,5360,1,0
E,F,F,5125,100,5125,1,0
F,G,F,6992,100,6992,1,0
F,H,F,5444,100,5444,1,0
A,G,G,10638,100,10638,1,0
B,G,G,7043,100,7043,1,0
C,G,G,1376,100,1376,1,0
D,G,G,8873,100,8873,1,0
E,G,G,10630,100,10630,1,0
F,G,G,6982,100,6982,1,0
G,H,G,8812,100,8812,1,0
A,H,H,9953,100,9953,1,0
B,H,H,5713,100,5713,1,0
C,H,H,8962,100,8962,1,0
D,H,H,1482,100,1482,1,0
E,H,H,10146,100,10146,1,0
F,H,H,5453,100,5453,1,0
G,H,H,8875,100,8875,1,0
A,B,A,4765,100,4765,1,0
A,C,A,10668,100,10668,1,0
A,D,A,9519,100,9519,1,0
A,E,A,1384,100,1384,1,0
A,F,A,5027,100,5027,1,0
A,G,A,10658,100,10658,1,0
A,H,A,9938,100,9938,1,0
A,B,B,4743,100,4743,1,0
B,C,B,7018,100,7018,1,0
B,D,B,5320,100,5320,1,0
B,E,B,5193,100,5193,1,0
B,F,B,1371,100,1371,1,0
B,G,B,7056,100,7056,1,0
B,H,B,5728,100,5728,1,0
A,C,C,10627,100,10627,1,0
B,C,C,7004,100,7004,1,0
C,D,C,8747,100,8747,1,0
C,E,C,10823,100,10823,1,0
C,F,C,7198,100,7198,1,0
C,G,C,1383,100,1383,1,0
C,H,C,9009,100,9009,1,0
A,D,D,9512,100,9512,1,0
B,D,D,5293,100,5293,1,0
C,D,D,8743,100,8743,1,0
D,E,D,9921,100,9921,1,0
D,F,D,5380,100,5380,1,0
D,G,D,8851,100,8851,1,0
D,H,D,1484,100,1484,1,0
A,E,E,1427,100,1427,1,0
B,E,E,5190,100,5190,1,0
C,E,E,10844,100,10844,1,0
D,E,E,9913,100,9913,1,0
E,F,E,5093,100,5093,1,0
E,G,E,10638,100,10638,1,0
E,H,E,10156,100,10156,1,0
A,F,F,5056,100,5056,1,0
B,F,F,1328,100,1328,1,0
C,F,F,7182,100,7182,1,0
D,F,F,5333,100,5333,1,0
E,F,F,5080,100,5080,1,0
F,G,F,7032,100,7032,1,0
F,H,F,5459,100,5459,1,0
A,G,G,10588,100,10588,1,0
B,G,G,7093,100,7093,1,0
C,G,G,1353,100,1353,1,0
D,G,G,8884,100,8884,1,0
E,G,G,10626,100,10626,1,0
F,G,G,7008,100,7008,1,0
G,H,G,8878,100,8878,1,0
A,H,H,9920,100,9920,1,0
B,H,H,5755,100,5755,1,0
C,H,H,8953,100,8953,1,0
D,H,H,1431,100,1431,1,0
E,H,H,10176,100,10176,1,0
F,H,H,5437,100,5437,1,0
G,H,H,8841,100,8841,1,0
A,B,A,4768,100,4768,1,0
A,C,A,10628,100,10628,1,0
A,D,A,9521,100,9521,1,0
A,E,A,1398,100,1398,1,0
A,F,A,5044,100,5044,1,0
A,G,A,10606,100,10606,1,0
A,H,A,9979,100,9979,1,0
A,B,B,4760,100,4760,1,0
B,C,B,7037,100,7037,1,0
B,D,B,5247,100,5247,1,0
B,E,B,5168,100,5168,1,0
B,F,B,1372,100,1372,1,0
B,G,B,7063,100,7063,1,0
B,H,B,5722,100,5722,1,0
A,C,C,10622,100,10622,1,0
B,C,C,7010,100,7010,1,0
C,D,C,8709,100,8709,1,0
C,E,C,10856,100,10856,1,0
C,F,C,7205,100,7205,1,0
C,G,C,1364,100,1364,1,0
C,H,C,8902,100,8902,1,0
A,D,D,9531,100,9531,1,0
B,D,D,5269,100,5269,1,0
C,D,D,8722,100,8722,1,0
D,E,D,9917,100,9917,1,0
D,F,D,5340,100,5340,1,0
D,G,D,8916,100,8916,1,0
D,H,D,1464,100,1464,1,0
A,E,E,1454,100,1454,1,0
B,E,E,5196,100,5196,1,0
C,E,E,10814,100,10814,1,0
D,E,E,9888,100,9888,1,0
E,F,E,5099,100,5099,1,0
E,G,E,10640,100,10640,1,0
E,H,E,10136,100,10136,1,0
A,F,F,5094,100,5094,1,0
B,F,F,1371,100,1371,1,0
C,F,F,7209,100,7209,1,0
D,F,F,5390,100,5390,1,0
E,F,F,5093,100,5093,1,0
F,G,F,7013,100,7013,1,0
F,H,F,5474,100,5474,1,0
A,G,G,10660,100,10660,1,0
B,G,G,7061,100,7061,1,0
C,G,G,1363,100,1363,1,0
D,G,G,8897,100,8897,1,0
E,G,G,10643,100,10643,1,0
F,G,G,7031,100,7031,1,0
G,H,G,8865,100,8865,1,0
A,H,H,9925,100,9925,1,0
B,H,H,5705,100,5705,1,0
C,H,H,8941,100,8941,1,0
D,H,H,1484,100,1484,1,0
E,H,H,10166,100,10166,1,0
F,H,H,5497,100,5497,1,0
G,H,H,8884,100,8884,1,0
A,B,A,4792,100,4792,1,0
A,C,A,10706,100,10706,1,0
A,D,A,9518,100,9518,1,0
A,E,A,1375,100,1375,1,0
A,F,A,5014,100,5014,1,0
A,G,A,10636,100,10636,1,0
A,H,A,9932,100,9932,1,0
A,B,B,4792,100,4792,1,0
B,C,B,6993,100,6993,1,0
B,D,B,5327,100,5327,1,0
B,E,B,5188,100,5188,1,0
B,F,B,1401,100,1401,1,0
B,G,B,7074,100,7074,1,0
B,H,B,5733,100,5733,1,0
A,C,C,10632,100,10632,1,0
B,C,C,6975,100,6975,1,0
C,D,C,8710,100,8710,1,0
C,E,C,10833,100,10833,1,0
C,F,C,7183,100,7183,1,0
C,G,C,1331,100,1331,1,0
C,H,C,8979,100,8979,1,0
A,D,D,9528,100,9528,1,0
B,D,D,5326,100,5326,1,0
C,D,D,8716,100,8716,1,0
D,E,D,9951,100,9951,1,0
D,F,D,5358,100,5358,1,0
D,G,D,8892,100,8892,1,0
D,H,D,1457,100,1457,1,0
A,E,E,1426,100,1426,1,0
B,E,E,5167,100,5167,1,0
C,E,E,10880,100,10880,1,0
D,E,E,9878,100,9878,1,0
E,F,E,5096,100,5096,1,0
E,G,E,10650,100,10650,1,0
E,H,E,10107,100,10107,1,0
A,F,F,5063,100,5063,1,0
B,F,F,1345,100,1345,1,0
C,F,F,7192,100,7192,1,0
D,F,F,5379,100,5379,1,0
E,F,F,5080,100,5080,1,0
F,G,F,7041,100,7041,1,0
F,H,F,5470,100,5470,1,0
A,G,G,10587,100,10587,1,0
B,G,G,7059,100,7059,1,0
C,G,G,1392,100,1392,1,0
D,G,G,8878,100,8878,1,0
E,G,G,10605,100,10605,1,0
F,G,G,7016,100,7016,1,0
G,H,G,8843,100,8843,1,0
A,H,H,9962,100,9962,1,0
B,H,H,5731,100,5731,1,0
C,H,H,8927,100,8927,1,0
D,H,H,1529,100,1529,1,0
E,H,H,10137,100,10137,1,0
F,H,H,5466,100,5466,1,0
G,H,H,8871,100,8871,1,0
A,B,A,4807,100,4807,1,0
A,C,A,10698,100,10698,1,0
A,D,A,9515,100,9515,1,0
A,E,A,1425,100,1425,1,0
A,F,A,5027,100,5027,1,0
A,G,A,10678,100,10678,1,0
A,H,A,9923,100,9923,1,0
A,B,B,4756,100,4756,1,0
B,C,B,7035,100,7035,1,0
B,D,B,5280,100,5280,1,0
B,E,B,5167,100,5167,1,0
B,F,B,1364,100,1364,1,0
B,G,B,7081,100,7081,1,0
B,H,B,5745,100,5745,1,0
A,C,C,10610,100,10610,1,0
B,C,C,7031,100,7031,1,0
C,D,C,8748,100,8748,1,0
C,E,C,10829,100,10829,1,0
C,F,C,7193,100,7193,1,0
C,G,C,1388,100,1388,1,0
C,H,C,8933,100,8933,1,0
A,D,D,9540,100,9540,1,0
B,D,D,5331,100,5331,1,0
C,D,D,8755,100,8755,1,0
D,E,D,9890,100,9890,1,0
D,F,D,5347,100,5347,1,0
D,G,D,8854,100,8854,1,0
D,H,D,1464,100,1464,1,0
A,E,E,1373,100,1373,1,0
B,E,E,5186,100,5186,1,0
C,E,E,10779,100,10779,1,0
D,E,E,9962,100,9962,1,0
E,F,E,5146,100,5146,1,0
E,G,E,10680,100,10680,1,0
E,H,E,10121,100,10121,1,0
A,F,F,5090,100,5090,1,0
B,F,F,1371,100,1371,1,0
C,F,F,7203,100,7203,1,0
D,F,F,5380,100,5380,1,0
E,F,F,5133,100,5133,1,0
F,G,F,6986,100,6986,1,0
F,H,F,5463,100,5463,1,0
A,G,G,10603,100,10603,1,0
B,G,G,7053,100,7053,1,0
C,G,G,1410,100,1410,1,0
D,G,G,8869,100,8869,1,0
E,G,G,10629,100,10629,1,0
F,G,G,7012,100,7012,1,0
G,H,G,8860,100,8860,1,0
A,H,H,9981,100,9981,1,0
B,H,H,5751,100,5751,1,0
C,H,H,8934,100,8934,1,0
D,H,H,1572,100,1572,1,0
E,H,H,10163,100,10163,1,0
F,H,H,5450,100,5450,1,0
G,H,H,8860,100,8860,1,0
A,B,A,4801,100,4801,1,0
A,C,A,10665,100,10665,1,0
A,D,A,9515,100,9515,1,0
A,E,A,1377,100,1377,1,0
A,F,A,5087,100,5087,1,0
A,G,A,10612,100,10612,1,0
A,H,A,9938,100,9938,1,0
A,B,B,4797,100,4797,1,0
B,C,B,6991,100,6991,1,0
B,D,B,5264,100,5264,1,0
B,E,B,5183,100,5183,1,0
B,F,B,1322,100,1322,1,0
B,G,B,7070,100,7070,1,0
B,H,B,5738,100,5738,1,0
A,C,C,10599,100,10599,1,0
B,C,C,7017,100,7017,1,0
C,D,C,8721,100,8721,1,0
C,E,C,10798,100,10798,1,0
C,F,C,7184,100,7184,1,0
C,G,C,1378,100,1378,1,0
C,H,C,8923,100,8923,1,0
A,D,D,9526,100,9526,1,0
B,D,D,5326,100,5326,1,0
C,D,D,8751,100,8751,1,0
D,E,D,9893,100,9893,1,0
D,F,D,5387,100,5387,1,0
D,G,D,8867,100,8867,1,0
D,H,D,1509,100,1509,1,0
A,E,E,1427,100,1427,1,0
B,E,E,5120,100,5120,1,0
C,E,E,10818,100,10818,1,0
D,E,E,9940,100,9940,1,0
E,F,E,5124,100,5124,1,0
E,G,E,10627,100,10627,1,0
E,H,E,10143,100,10143,1,0
A,F,F,5071,100,5071,1,0
B,F,F,1372,100,1372,1,0
C,F,F,7168,100,7168,1,0
D,F,F,5357,100,5357,1,0
E,F,F,5124,100,5124,1,0
F,G,F,7007,100,7007,1,0
F,H,F,5474,100,5474,1,0
A,G,G,10644,100,10644,1,0
B,G,G,7114,100,7114,1,0
C,G,G,1402,100,1402,1,0
D,G,G,8900,100,8900,1,0
E,G,G,10612,100,10612,1,0
F,G,G,7002,100,7002,1,0
G,H,G,8888,100,8888,1,0
A,H,H,9895,100,9895,1,0
B,H,H,5778,100,5778,1,0
C,H,H,8916,100,8916,1,0
D,H,H,1500,100,1500,1,0
E,H,H,10150,100,10150,1,0
F,H,H,5447,100,5447,1,0
G,H,H,8850,100,8850,1,0
A,B,A,4728,100,4728,1,0
A,C,A,10624,100,10624,1,0
A,D,A,9533,100,9533,1,0
A,E,A,1417,100,1417,1,0
A,F,A,5069,100,5069,1,0
A,G,A,10659,100,10659,1,0
A,H,A,9982,100,9982,1,0
A,B,B,4788,100,4788,1,0
B,C,B,6992,100,6992,1,0
B,D,B,5279,100,5279,1,0
B,E,B,5164,100,5164,1,0
B,F,B,1325,100,1325,1,0
B,G,B,7068,100,7068,1,0
B,H,B,5781,100,5781,1,0
A,C,C,10659,100,10659,1,0
B,C,C,7005,100,7005,1,0
C,D,C,8717,100,8717,1,0
C,E,C,10824,100,10824,1,0
C,F,C,7204,100,7204,1,0
C,G,C,1336,100,1336,1,0
C,H,C,8954,100,8954,1,0
A,D,D,9511,100,9511,1,0
B,D,D,5330,100,5330,1,0
C,D,D,8732,100,8732,1,0
D,E,D,9904,100,9904,1,0
D,F,D,5378,100,5378,1,0
D,G,D,8903,100,8903,1,0
D,H,D,1466,100,1466,1,0
A,E,E,1393,100,1393,1,0
B,E,E,5205,100,5205,1,0
C,E,E,10831,100,10831,1,0
D,E,E,9969,100,9969,1,0
E,F,E,5097,100,5097,1,0
E,G,E,10616,100,10616,1,0
E,H,E,10141,100,10141,1,0
A,F,F,5065,100,5065,1,0
B,F,F,1342,100,1342,1,0
C,F,F,7187,100,7187,1,0
D,F,F,5371,100,5371,1,0
E,F,F,5089,100,5089,1,0
F,G,F,7016,100,7016,1,0
F,H,F,5428,100,5428,1,0
A,G,G,10651,100,10651,1,0
B,G,G,7064,100,7064,1,0
C,G,G,1384,100,1384,1,0
D,G,G,8914,100,8914,1,0
E,G,G,10643,100,10643,1,0
F,G,G,7009,100,7009,1,0
G,H,G,8869,100,8869,1,0
A,H,H,9928,100,9928,1,0
B,H,H,5725,100,5725,1,0
C,H,H,8929,100,8929,1,0
D,H,H,1489,100,1489,1,0
E,H,H,10156,100,10156,1,0
F,H,H,5458,100,5458,1,0
G,H,H,8847,100,8847,1,0
A,B,A,4768,100,4768,1,0
A,C,A,10608,100,10608,1,0
A,D,A,9526,100,9526,1,0
A,E,A,1442,100,1442,1,0
A,F,A,5051,100,5051,1,0
A,G,A,10645,100,10645,1,0
A,H,A,9926,100,9926,1,0
A,B,B,4769,100,4769,1,0
B,C,B,7029,100,7029,1,0
B,D,B,5295,100,5295,1,0
B,E,B,5172,100,5172,1,0
B,F,B,1375,100,1375,1,0
B,G,B,7040,100,7040,1,0
B,H,B,5707,100,5707,1,0
A,C,C,10561,100,10561,1,0
B,C,C,7017,100,7017,1,0
C,D,C,8720,100,8720,1,0
C,E,C,10817,100,10817,1,0
C,F,C,7193,100,7193,1,0
C,G,C,1348,100,1348,1,0
C,H,C,8892,100,8892,1,0
A,D,D,9541,100,9541,1,0
B,D,D,5247,100,5247,1,0
C,D,D,8730,100,8730,1,0
D,E,D,9884,100,9884,1,0
D,F,D,5356,100,5356,1,0
D,G,D,8888,100,8888,1,0
D,H,D,1492,100,1492,1,0
A,E,E,1441,100,1441,1,0
B,E,E,5185,100,5185,1,0
C,E,E,10774,100,10774,1,0
D,E,E,9910,100,9910,1,0
E,F,E,5111,100,5111,1,0
E,G,E,10641,100,10641,1,0
E,H,E,10129,100,10129,1,0
A,F,F,5060,100,5060,1,0
B,F,F,1347,100,1347,1,0
C,F,F,7191,100,7191,1,0
D,F,F,5352,100,5352,1,0
E,F,F,5100,100,5100,1,0
F,G,F,7019,100,7019,1,0
F,H,F,5442,100,5442,1,0
A,G,G,10619,100,10619,1,0
B,G,G,7113,100,7113,1,0
C,G,G,1390,100,1390,1,0
D,G,G,8893,100,8893,1,0
E,G,G,10627,100,10627,1,0
F,G,G,6987,100,6987,1,0
G,H,G,8879,100,8879,1,0
A,H,H,10000,100,10000,1,0
B,H,H,5786,100,5786,1,0
C,H,H,8920,100,8920,1,0
D,H,H,1507,100,1507,1,0
E,H,H,10163,100,10163,1,0
F,H,H,5470,100,5470,1,0
G,H,H,8895,100,8895,1,0
A,B,A,4776,100,4776,1,0
A,C,A,10621,100,10621,1,0
A,D,A,9527,100,9527,1,0
A,E,A,1431,100,1431,1,0
A,F,A,5083,100,5083,1,0
A,G,A,10607,100,10607,1,0
A,H,A,9940,100,9940,1,0
A,B,B,4767,100,4767,1,0
B,C,B,7011,100,7011,1,0
B,D,B,5258,100,5258,1,0
B,E,B,5187,100,5187,1,0
B,F,B,1382,100,1382,1,0
B,G,B,7078,100,7078,1,0
B,H,B,5704,100,5704,1,0
A,C,C,10616,100,10616,1,0
B,C,C,7003,100,7003,1,0
C,D,C,8713,100,8713,1,0
C,E,C,10808,100,10808,1,0
C,F,C,7178,100,7178,1,0
C,G,C,1358,100,1358,1,0
C,H,C,8929,100,8929,1,0
A,D,D,9535,100,9535,1,0
B,D,D,5295,100,5295,1,0
C,D,D,8730,100,8730,1,0
D,E,D,9916,100,9916,1,0
D,F,D,5369,100,5369,1,0
D,G,D,8878,100,8878,1,0
D,H,D,1538,100,1538,1,0
A,E,E,1394,100,1394,1,0
B,E,E,5161,100,5161,1,0
C,E,E,10829,100,10829,1,0
D,E,E,9880,100,9880,1,0
E,F,E,5133,100,5133,1,0
E,G,E,10641,100,10641,1,0
E,H,E,10157,100,10157,1,0
A,F,F,5060,100,5060,1,0
B,F,F,1351,100,1351,1,0
C,F,F,7187,100,7187,1,0
D,F,F,5376,100,5376,1,0
E,F,F,5112,100,5112,1,0
F,G,F,7031,100,7031,1,0
F,H,F,5472,100,5472,1,0
A,G,G,10617,100,10617,1,0
B,G,G,7088,100,7088,1,0
C,G,G,1412,100,1412,1,0
D,G,G,8887,100,8887,1,0
E,G,G,10605,100,10605,1,0
F,G,G,6980,100,6980,1,0
G,H,G,8869,100,8869,1,0
A,H,H,9972,100,9972,1,0
B,H,H,5719,100,5719,1,0
C,H,H,8923,100,8923,1,0
D,H,H,1478,100,1478,1,0
E,H,H,10139,100,10139,1,0
F,H,H,5444,100,5444,1,0
G,H,H,8873,100,8873,1,0
A,B,A,4758,100,4758,1,0
A,C,A,10624,100,10624,1,0
A,D,A,9514,100,9514,1,0
A,E,A,1446,100,1446,1,0
A,F,A,5062,100,5062,1,0
A,G,A,10637,100,10637,1,0
A,H,A,9930,100,9930,1,0
A,B,B,4758,100,4758,1,0
B,C,B,7013,100,7013,1,0
B,D,B,5297,100,5297,1,0
B,E,B,5196,100,5196,1,0
B,F,B,1373,100,1373,1,0
B,G,B,7040,100,7040,1,0
B,H,B,5715,100,5715,1,0
A,C,C,10650,100,10650,1,0
B,C,C,7009,100,7009,1,0
C,D,C,8764,100,8764,1,0
C,E,C,10832,100,10832,1,0
C,F,C,7184,100,7184,1,0
C,G,C,1356,100,1356,1,0
C,H,C,8932,100,8932,1,0
A,D,D,9525,100,9525,1,0
B,D,D,5276,100,5276,1,0
C,D,D,8776,100,8776,1,0
D,E,D,9916,100,9916,1,0
D,F,D,5374,100,5374,1,0
D,G,D,8904,100,8904,1,0
D,H,D,1527,100,1527,1,0
A,E,E,1375,100,1375,1,0
B,E,E,5153,100,5153,1,0
C,E,E,10779,100,10779,1,0
D,E,E,9948,100,9948,1,0
E,F,E,5103,100,5103,1,0
E,G,E,10625,100,10625,1,0
E,H,E,10146,100,10146,1,0
A,F,F,5052,100,5052,1,0
B,F,F,1329,100,1329,1,0
C,F,F,7193,100,7193,1,0
D,F,F,5405,100,5405,1,0
E,F,F,5094,100,5094,1,0
F,G,F,6995,100,6995,1,0
F,H,F,5475,100,5475,1,0
A,G,G,10661,100,10661,1,0
B,G,G,7093,100,7093,1,0
C,G,G,1367,100,1367,1,0
D,G,G,8888,100,8888,1,0
E,G,G,10631,100,10631,1,0
F,G,G,7028,100,7028,1,0
G,H,G,8920,100,8920,1,0
A,H,H,9932,100,9932,1,0
B,H,H,5742,100,5742,1,0
C,H,H,8964,100,8964,1,0
D,H,H,1485,100,1485,1,0
E,H,H,10176,100,10176,1,0
F,H,H,5490,100,5490,1,0
G,H,H,8853,100,8853,1,0
A,B,A,4804,100,4804,1,0
A,C,A,10644,100,10644,1,0
A,D,A,9532,100,9532,1,0
A,E,A,1393,100,1393,1,0
A,F,A,5059,100,5059,1,0
A,G,A,10646,100,10646,1,0
A,H,A,9922,100,9922,1,0
A,B,B,4797,100,4797,1,0
B,C,B,7026,100,7026,1,0
B,D,B,5305,100,5305,1,0
B,E,B,5167,100,5167,1,0
B,F,B,1352,100,1352,1,0
B,G,B,7042,100,7042,1,0
B,H,B,5746,100,5746,1,0
A,C,C,10613,100,10613,1,0
B,C,C,7008,100,7008,1,0
C,D,C,8719,100,8719,1,0
C,E,C,10823,100,10823,1,0
C,F,C,7214,100,7214,1,0
C,G,C,1397,100,1397,1,0
C,H,C,8941,100,8941,1,0
A,D,D,9546,100,9546,1,0
B,D,D,5283,100,5283,1,0
C,D,D,8705,100,8705,1,0
D,E,D,9905,100,9905,1,0
D,F,D,5397,100,5397,1,0
D,G,D,8878,100,8878,1,0
D,H,D,1492,100,1492,1,0
A,E,E,1365,100,1365,1,0
B,E,E,5143,100,5143,1,0
C,E,E,10815,100,10815,1,0
D,E,E,9984,100,9984,1,0
E,F,E,5118,100,5118,1,0
E,G,E,10619,100,10619,1,0
E,H,E,10126,100,10126,1,0
A,F,F,5072,100,5072,1,0
B,F,F,1350,100,1350,1,0
C,F,F,7183,100,7183,1,0
D,F,F,5351,100,5351,1,0
E,F,F,5100,100,5100,1,0
F,G,F,7008,100,7008,1,0
F,H,F,5452,100,5452,1,0
A,G,G,10573,100,10573,1,0
B,G,G,7090,100,7090,1,0
C,G,G,1369,100,1369,1,0
D,G,G,8887,100,8887,1,0
E,G,G,10638,100,10638,1,0
F,G,G,6979,100,6979,1,0
G,H,G,8834,100,8834,1,0
A,H,H,9933,100,9933,1,0
B,H,H,5680,100,5680,1,0
C,H,H,8949,100,8949,1,0
D,H,H,1485,100,1485,1,0
E,H,H,10111,100,10111,1,0
F,H,H,5446,100,5446,1,0
G,H,H,8857,100,8857,1,0
A,B,A,4764,100,4764,1,0
A,C,A,10665,100,10665,1,0
A,D,A,9543,100,9543,1,0
A,E,A,1396,100,1396,1,0
A,F,A,5046,100,5046,1,0
A,G,A,10638,100,10638,1,0
A,H,A,9947,100,9947,1,0
A,B,B,4752,100,4752,1,0
B,C,B,7036,100,7036,1,0
B,D,B,5281,100,5281,1,0
B,E,B,5197,100,5197,1,0
B,F,B,1376,100,1376,1,0
B,G,B,7064,100,7064,1,0
B,H,B,5703,100,5703,1,0
A,C,C,10666,100,10666,1,0
B,C,C,7002,100,7002,1,0
C,D,C,8733,100,8733,1,0
C,E,C,10824,100,10824,1,0
C,F,C,7184,100,7184,1,0
C,G,C,1334,100,1334,1,0
C,H,C,8949,100,8949,1,0
A,D,D,9513,100,9513,1,0
B,D,D,5242,100,5242,1,0
C,D,D,8746,100,8746,1,0
D,E,D,9878,100,9878,1,0
D,F,D,5375,100,5375,1,0
D,G,D,8894,100,8894,1,0
D,H,D,1464,100,1464,1,0
A,E,E,1381,100,1381,1,0
B,E,E,5206,100,5206,1,0
C,E,E,10831,100,10831,1,0
D,E,E,9938,100,9938,1,0
E,F,E,5086,100,5086,1,0
E,G,E,10640,100,10640,1,0
E,H,E,10180,100,10180,1,0
A,F,F,5068,100,5068,1,0
B,F,F,1368,100,1368,1,0
C,F,F,7219,100,7219,1,0
D,F,F,5352,100,5352,1,0
E,F,F,5108,100,5108,1,0
F,G,F,6979,100,6979,1,0
F,H,F,5451,100,5451,1,0
A,G,G,10633,100,10633,1,0
B,G,G,7091,100,7091,1,0
C,G,G,1410,100,1410,1,0
D,G,G,8867,100,8867,1,0
E,G,G,10624,100,10624,1,0
F,G,G,7026,100,7026,1,0
G,H,G,8887,100,8887,1,0
A,H,H,9938,100,9938,1,0
B,H,H,5740,100,5740,1,0
C,H,H,8972,100,8972,1,0
D,H,H,1545,100,1545,1,0
E,H,H,10166,100,10166,1,0
F,H,H,5459,100,5459,1,0
G,H,H,8905,100,8905,1,0
A,B,A,4732,100,4732,1,0
A,C,A,10668,100,10668,1,0
A,D,A,9528,100,9528,1,0
A,E,A,1415,100,1415,1,0
A,F,A,5051,100,5051,1,0
A,G,A,10628,100,10628,1,0
A,H,A,9994,100,9994,1,0
A,B,B,4796,100,4796,1,0
B,C,B,7015,100,7015,1,0
B,D,B,5272,100,5272,1,0
B,E,B,5148,100,5148,1,0
B,F,B,1337,100,1337,1,0
B,G,B,7059,100,7059,1,0
B,H,B,5698,100,5698,1,0
A,C,C,10611,100,10611,1,0
B,C,C,6993,100,6993,1,0
C,D,C,8689,100,8689,1,0
C,E,C,10797,100,10797,1,0
C,F,C,7191,100,7191,1,0
C,G,C,1373,100,1373,1,0
C,H,C,8927,100,8927,1,0
A,D,D,9533,100,9533,1,0
B,D,D,5288,100,5288,1,0
C,D,D,8745,100,8745,1,0
D,E,D,9910,100,9910,1,0
D,F,D,5384,100,5384,1,0
D,G,D,8893,100,8893,1,0
D,H,D,1470,100,1470,1,0
A,E,E,1389,100,1389,1,0
B,E,E,5156,100,5156,1,0
C,E,E,10787,100,10787,1,0
D,E,E,9957,100,9957,1,0
E,F,E,5099,100,5099,1,0
E,G,E,10652,100,10652,1,0
E,H,E,10154,100,10154,1,0
A,F,F,5097,100,5097,1,0
B,F,F,1345,100,1345,1,0
C,F,F,7194,100,7194,1,0
D,F,F,5350,100,5350,1,0
E,F,F,5103,100,5103,1,0
F,G,F,7011,100,7011,1,0
F,H,F,5463,100,5463,1,0
A,G,G,10639,100,10639,1,0
B,G,G,7099,100,7099,1,0
C,G,G,1370,100,1370,1,0
D,G,G,8871,100,8871,1,0
E,G,G,10592,100,10592,1,0
F,G,G,6987,100,6987,1,0
G,H,G,8853,100,8853,1,0
A,H,H,9932,100,9932,1,0
B,H,H,5728,100,5728,1,0
C,H,H,8942,100,8942,1,0
D,H,H,1516,100,1516,1,0
E,H,H,10133,100,10133,1,0
F,H,H,5472,100,5472,1,0
G,H,H,8871,100,8871,1,0
A,B,A,4764,100,4764,1,0
A,C,A,10611,100,10611,1,0
A,D,A,9533,100,9533,1,0
A,E,A,1383,100,1383,1,0
A,F,A,5090,100,5090,1,0
A,G,A,10663,100,10663,1,0
A,H,A,9918,100,9918,1,0
A,B,B,4788,100,4788,1,0
B,C,B,6968,100,6968,1,0
B,D,B,5325,100,5325,1,0
B,E,B,5166,100,5166,1,0
B,F,B,1366,100,1366,1,0
B,G,B,7082,100,7082,1,0
B,H,B,5704,100,5704,1,0
A,C,C,10702,100,10702,1,0
B,C,C,7001,100,7001,1,0
C,D,C,8757,100,8757,1,0
C,E,C,10841,100,10841,1,0
C,F,C,7187,100,7187,1,0
C,G,C,1356,100,1356,1,0
C,H,C,8945,100,8945,1,0
A,D,D,9543,100,9543,1,0
B,D,D,5245,100,5245,1,0
C,D,D,8771,100,8771,1,0
D,E,D,9882,100,9882,1,0
D,F,D,5354,100,5354,1,0
D,G,D,8917,100,8917,1,0
D,H,D,1519,100,1519,1,0
A,E,E,1399,100,1399,1,0
B,E,E,5139,100,5139,1,0
C,E,E,10822,100,10822,1,0
D,E,E,9976,100,9976,1,0
E,F,E,5131,100,5131,1,0
E,G,E,10638,100,10638,1,0
E,H,E,10171,100,10171,1,0
A,F,F,5136,100,5136,1,0
B,F,F,1368,100,1368,1,0
C,F,F,7190,100,7190,1,0
D,F,F,5391,100,5391,1,0
E,F,F,5113,100,5113,1,0
F,G,F,7021,100,7021,1,0
F,H,F,5472,100,5472,1,0
A,G,G,10658,100,10658,1,0
B,G,G,7111,100,7111,1,0
C,G,G,1359,100,1359,1,0
D,G,G,8923,100,8923,1,0
E,G,G,10602,100,10602,1,0
F,G,G,7001,100,7001,1,0
G,H,G,8863,100,8863,1,0
A,H,H,9978,100,9978,1,0
B,H,H,5762,100,5762,1,0
C,H,H,8944,100,8944,1,0
D,H,H,1462,100,1462,1,0
E,H,H,10171,100,10171,1,0
F,H,H,5478,100,5478,1,0
G,H,H,8900,100,8900,1,0
A,B,A,4785,100,4785,1,0
A,C,A,10653,100,10653,1,0
A,D,A,9536,100,9536,1,0
A,E,A,1397,100,1397,1,0
A,F,A,5068,100,5068,1,0
A,G,A,10570,100,10570,1,0
A,H,A,9939,100,9939,1,0
A,B,B,4810,100,4810,1,0
B,C,B,7043,100,7043,1,0
B,D,B,5292,100,5292,1,0
B,E,B,5181,100,5181,1,0
B,F,B,1386,100,1386,1,0
B,G,B,7082,100,7082,1,0
B,H,B,5720,100,5720,1,0
A,C,C,10621,100,10621,1,0
B,C,C,7008,100,7008,1,0
C,D,C,8741,100,8741,1,0
C,E,C,10808,100,10808,1,0
C,F,C,7204,100,7204,1,0
C,G,C,1344,100,1344,1,0
C,H,C,8915,100,8915,1,0
A,D,D,9510,100,9510,1,0
B,D,D,5246,100,5246,1,0
C,D,D,8746,100,8746,1,0
D,E,D,9965,100,9965,1,0
D,F,D,5358,100,5358,1,0
D,G,D,8905,100,8905,1,0
D,H,D,1550,100,1550,1,0
A,E,E,1464,100,1464,1,0
B,E,E,5166,100,5166,1,0
C,E,E,10802,100,10802,1,0
D,E,E,9940,100,9940,1,0
E,F,E,5064,100,5064,1,0
E,G,E,10637,100,10637,1,0
E,H,E,10147,100,10147,1,0
A,F,F,5053,100,5053,1,0
B,F,F,1348,100,1348,1,0
C,F,F,7176,100,7176,1,0
D,F,F,5410,100,5410,1,0
E,F,F,5126,100,5126,1,0
F,G,F,6993,100,6993,1,0
F,H,F,5408,100,5408,1,0
A,G,G,10651,100,10651,1,0
B,G,G,7106,100,7106,1,0
C,G,G,1381,100,1381,1,0
D,G,G,8899,100,8899,1,0
E,G,G,10659,100,10659,1,0
F,G,G,6984,100,6984,1,0
G,H,G,8841,100,8841,1,0
A,H,H,9917,100,9917,1,0
B,H,H,5736,100,5736,1,0
C,H,H,8948,100,8948,1,0
D,H,H,1524,100,1524,1,0
E,H,H,10137,100,10137,1,0
F,H,H,5435,100,5435,1,0
G,H,H,8830,100,8830,1,0
A,B,A,4800,100,4800,1,0
A,C,A,10643,100,10643,1,0
A,D,A,9548,100,9548,1,0
A,E,A,1430,100,1430,1,0
A,F,A,5084,100,5084,1,0
A,G,A,10697,100,10697,1,0
A,H,A,9947,100,9947,1,0
A,B,B,4771,100,4771,1,0
B,C,B,6989,100,6989,1,0
B,D,B,5285,100,5285,1,0
B,E,B,5142,100,5142,1,0
B,F,B,1346,100,1346,1,0
B,G,B,7085,100,7085,1,0
B,H,B,5702,100,5702,1,0
A,C,C,10665,100,10665,1,0
B,C,C,7003,100,7003,1,0
C,D,C,8754,100,8754,1,0
C,E,C,10849,100,10849,1,0
C,F,C,7176,100,7176,1,0
C,G,C,1387,100,1387,1,0
C,H,C,8929,100,8929,1,0
A,D,D,9546,100,9546,1,0
B,D,D,5332,100,5332,1,0
C,D,D,8738,100,8738,1,0
D,E,D,9946,100,9946,1,0
D,F,D,5315,100,5315,1,0
D,G,D,8921,100,8921,1,0
D,H,D,1465,100,1465,1,0
A,E,E,1450,100,1450,1,0
B,E,E,5134,100,5134,1,0
C,E,E,10877,100,10877,1,0
D,E,E,9876,100,9876,1,0
E,F,E,5114,100,5114,1,0
E,G,E,10654,100,10654,1,0
E,H,E,10195,100,10195,1,0
A,F,F,5098,100,5098,1,0
B,F,F,1349,100,1349,1,0
C,F,F,7187,100,7187,1,0
D,F,F,5387,100,5387,1,0
E,F,F,5108,100,5108,1,0
F,G,F,7002,100,7002,1,0
F,H,F,5468,100,5468,1,0
A,G,G,10612,100,10612,1,0
B,G,G,7061,100,7061,1,0
C,G,G,1349,100,1349,1,0
D,G,G,8874,100,8874,1,0
E,G,G,10606,100,10606,1,0
F,G,G,6976,100,6976,1,0
G,H,G,8902,100,8902,1,0
A,H,H,9984,100,9984,1,0
B,H,H,5758,100,5758,1,0
C,H,H,8935,100,8935,1,0
D,H,H,1483,100,1483,1,0
E,H,H,10152,100,10152,1,0
F,H,H,5457,100,5457,1,0
G,H,H,8852,100,8852,1,0
A,B,A,4806,100,4806,1,0
A,C,A,10649,100,10649,1,0
A,D,A,9511,100,9511,1,0
A,E,A,1424,100,1424,1,0
A,F,A,5036,100,5036,1,0
A,G,A,10644,100,10644,1,0
A,H,A,9949,100,9949,1,0
A,B,B,4787,100,4787,1,0
B,C,B,7034,100,7034,1,0
B,D,B,5271,100,5271,1,0
B,E,B,5161,100,5161,1,0
B,F,B,1334,100,1334,1,0
B,G,B,7086,100,7086,1,0
B,H,B,5762,100,5762,1,0
A,C,C,10606,100,10606,1,0
B,C,C,7026,100,7026,1,0
C,D,C,8772,100,8772,1,0
C,E,C,10823,100,10823,1,0
C,F,C,7171,100,7171,1,0
C,G,C,1361,100,1361,1,0
C,H,C,8932,100,8932,1,0
A,D,D,9524,100,9524,1,0
B,D,D,5271,100,5271,1,0
C,D,D,8731,100,8731,1,0
D,E,D,9929,100,9929,1,0
D,F,D,5366,100,5366,1,0
D,G,D,8904,100,8904,1,0
D,H,D,1452,100,1452,1,0
A,E,E,1389,100,1389,1,0
B,E,E,5159,100,5159,1,0
C,E,E,10799,100,10799,1,0
D,E,E,9940,100,9940,1,0
E,F,E,5108,100,5108,1,0
E,G,E,10632,100,10632,1,0
E,H,E,10108,100,10108,1,0
A,F,F,5098,100,5098,1,0
B,F,F,1355,100,1355,1,0
C,F,F,7196,100,7196,1,0
D,F,F,5395,100,5395,1,0
E,F,F,5071,100,5071,1,0
F,G,F,6992,100,6992,1,0
F,H,F,5434,100,5434,1,0
A,G,G,10628,100,10628,1,0
B,G,G,7073,100,7073,1,0
C,G,G,1363,100,1363,1,0
D,G,G,8867,100,8867,1,0
E,G,G,10630,100,10630,1,0
F,G,G,6985,100,6985,1,0
G,H,G,8857,100,8857,1,0
A,H,H,9900,100,9900,1,0
B,H,H,5722,100,5722,1,0
C,H,H,8928,100,8928,1,0
D,H,H,1533,100,1533,1,0
E,H,H,10132,100,10132,1,0
F,H,H,5431,100,5431,1,0
G,H,H,8828,100,8828,1,0
A,B,A,4743,100,4743,1,0
A,C,A,10635,100,10635,1,0
A,D,A,9536,100,9536,1,0
A,E,A,1408,100,1408,1,0
A,F,A,5084,100,5084,1,0
A,G,A,10607,100,10607,1,0
A,H,A,9981,100,9981,1,0
A,B,B,4775,100,4775,1,0
B,C,B,7051,100,7051,1,0
B,D,B,5239,100,5239,1,0
B,E,B,5201,100,5201,1,0
B,F,B,1295,100,1295,1,0
B,G,B,7059,100,7059,1,0
B,H,B,5777,100,5777,1,0
A,C,C,10620,100,10620,1,0
B,C,C,7056,100,7056,1,0
C,D,C,8774,100,8774,1,0
C,E,C,10857,100,10857,1,0
C,F,C,7219,100,7219,1,0
C,G,C,1417,100,1417,1,0
C,H,C,8930,100,8930,1,0
A,D,D,9531,100,9531,1,0
B,D,D,5310,100,5310,1,0
C,D,D,8741,100,8741,1,0
D,E,D,9941,100,9941,1,0
D,F,D,5384,100,5384,1,0
D,G,D,8898,100,8898,1,0
D,H,D,1491,100,1491,1,0
A,E,E,1385,100,1385,1,0
B,E,E,5145,100,5145,1,0
C,E,E,10826,100,10826,1,0
D,E,E,9940,100,9940,1,0
E,F,E,5117,100,5117,1,0
E,G,E,10631,100,10631,1,0
E,H,E,10163,100,10163,1,0
A,F,F,5046,100,5046,1,0
B,F,F,1353,100,1353,1,0
C,F,F,7213,100,7213,1,0
D,F,F,5331,100,5331,1,0
E,F,F,5110,100,5110,1,0
F,G,F,6997,100,6997,1,0
F,H,F,5423,100,5423,1,0
A,G,G,10662,100,10662,1,0
B,G,G,7121,100,7121,1,0
C,G,G,1361,100,1361,1,0
D,G,G,8869,100,8869,1,0
E,G,G,10626,100,10626,1,0
F,G,G,7019,100,7019,1,0
G,H,G,8881,100,8881,1,0
A,H,H,9956,100,9956,1,0
B,H,H,5721,100,5721,1,0
C,H,H,8941,100,8941,1,0
D,H,H,1440,100,1440,1,0
E,H,H,10161,100,10161,1,0
F,H,H,5426,100,5426,1,0
G,H,H,8866,100,8866,1,0
A,B,A,4768,100,4768,1,0
A,C,A,10637,100,10637,1,0
A,D,A,9528,100,9528,1,0
A,E,A,1427,100,1427,1,0
A,F,A,5058,100,5058,1,0
A,G,A,10618,100,10618,1,0
A,H,A,9968,100,9968,1,0
A,B,B,4807,100,4807,1,0
B,C,B,7042,100,7042,1,0
B,D,B,5269,100,5269,1,0
B,E,B,5206,100,5206,1,0
B,F,B,1364,100,1364,1,0
B,G,B,7068,100,7068,1,0
B,H,B,5713,100,5713,1,0
A,C,C,10647,100,10647,1,0
B,C,C,7026,100,7026,1,0
C,D,C,8759,100,8759,1,0
C,E,C,10808,100,10808,1,0
C,F,C,7176,100,7176,1,0
C,G,C,1379,100,1379,1,0
C,H,C,8954,100,8954,1,0
A,D,D,9528,100,9528,1,0
B,D,D,5343,100,5343,1,0
C,D,D,8742,100,8742,1,0
D,E,D,9955,100,9955,1,0
D,F,D,5351,100,5351,1,0
D,G,D,8921,100,8921,1,0
D,H,D,1511,100,1511,1,0
A,E,E,1416,100,1416,1,0
B,E,E,5174,100,5174,1,0
C,E,E,10807,100,10807,1,0
D,E,E,9927,100,9927,1,0
E,F,E,5121,100,5121,1,0
E,G,E,10662,100,10662,1,0
E,H,E,10133,100,10133,1,0
A,F,F,5088,100,5088,1,0
B,F,F,1336,100,1336,1,0
C,F,F,7203,100,7203,1,0
D,F,F,5349,100,5349,1,0
E,F,F,5129,100,5129,1,0
F,G,F,7010,100,7010,1,0
F,H,F,5478,100,5478,1,0
A,G,G,10594,100,10594,1,0
B,G,G,7076,100,7076,1,0
C,G,G,1363,100,1363,1,0
D,G,G,8868,100,8868,1,0
E,G,G,10633,100,10633,1,0
F,G,G,7019,100,7019,1,0
G,H,G,8836,100,8836,1,0
A,H,H,9936,100,9936,1,0
B,H,H,5726,100,5726,1,0
C,H,H,8922,100,8922,1,0
D,H,H,1519,100,1519,1,0
E,H,H,10176,100,10176,1,0
F,H,H,5444,100,5444,1,0
G,H,H,8895,100,8895,1,0
A,B,A,4715,100,4715,1,0
A,C,A,10687,100,10687,1,0
A,D,A,9543,100,9543,1,0
A,E,A,1367,100,1367,1,0
A,F,A,5023,100,5023,1,0
A,G,A,10660,100,10660,1,0
A,H,A,9936,100,9936,1,0
A,B,B,4779,100,4779,1,0
B,C,B,6983,100,6983,1,0
B,D,B,5275,100,5275,1,0
B,E,B,5136,100,5136,1,0
B,F,B,1370,100,1370,1,0
B,G,B,7088,100,7088,1,0
B,H,B,5718,100,5718,1,0
A,C,C,10655,100,10655,1,0
B,C,C,7048,100,7048,1,0
C,D,C,8738,100,8738,1,0
C,E,C,10817,100,10817,1,0
C,F,C,7218,100,7218,1,0
C,G,C,1324,100,1324,1,0
C,H,C,8939,100,8939,1,0
A,D,D,9526,100,9526,1,0
B,D,D,5289,100,5289,1,0
C,D,D,8752,100,8752,1,0
D,E,D,9944,100,9944,1,0
D,F,D,5395,100,5395,1,0
D,G,D,8912,100,8912,1,0
D,H,D,1528,100,1528,1,0
A,E,E,1397,100,1397,1,0
B,E,E,5169,100,5169,1,0
C,E,E,10830,100,10830,1,0
D,E,E,9906,100,9906,1,0
E,F,E,5126,100,5126,1,0
E,G,E,10639,100,10639,1,0
E,H,E,10111,100,10111,1,0
A,F,F,5053,100,5053,1,0
B,F,F,1334,100,1334,1,0
C,F,F,7220,100,7220,1,0
D,F,F,5381,100,5381,1,0
E,F,F,5096,100,5096,1,0
F,G,F,7028,100,7028,1,0
F,H,F,5447,100,5447,1,0
A,G,G,10655,100,10655,1,0
B,G,G,7121,100,7121,1,0
C,G,G,1413,100,1413,1,0
D,G,G,8893,100,8893,1,0
E,G,G,10644,100,10644,1,0
F,G,G,7012,100,7012,1,0
G,H,G,8895,100,8895,1,0
A,H,H,9943,100,9943,1,0
B,H,H,5732,100,5732,1,0
C,H,H,8953,100,8953,1,0
D,H,H,1501,100,1501,1,0
E,H,H,10166,100,10166,1,0
F,H,H,5438,100,5438,1,0
G,H,H,8853,100,8853,1,0
A,B,A,4800,100,4800,1,0
A,C,A,10617,100,10617,1,0
A,D,A,9552,100,9552,1,0
A,E,A,1412,100,1412,1,0
A,F,A,5076,100,5076,1,0
A,G,A,10590,100,10590,1,0
A,H,A,9963,100,9963,1,0
A,B,B,4772,100,4772,1,0
B,C,B,7041,100,7041,1,0
B,D,B,5259,100,5259,1,0
B,E,B,5206,100,5206,1,0
B,F,B,1331,100,1331,1,0
B,G,B,7073,100,7073,1,0
B,H,B,5768,100,5768,1,0
A,C,C,10609,100,10609,1,0
B,C,C,6987,100,6987,1,0
C,D,C,8751,100,8751,1,0
C,E,C,10805,100,10805,1,0
C,F,C,7193,100,7193,1,0
C,G,C,1400,100,1400,1,0
C,H,C,8977,100,8977,1,0
A,D,D,9541,100,9541,1,0
B,D,D,5326,100,5326,1,0
C,D,D,8741,100,8741,1,0
D,E,D,9940,100,9940,1,0
D,F,D,5349,100,5349,1,0
D,G,D,8898,100,8898,1,0
D,H,D,1481,100,1481,1,0
A,E,E,1380,100,1380,1,0
B,E,E,5150,100,5150,1,0
C,E,E,10837,100,10837,1,0
D,E,E,9911,100,9911,1,0
E,F,E,5085,100,5085,1,0
E,G,E,10618,100,10618,1,0
E,H,E,10124,100,10124,1,0
A,F,F,5106,100,5106,1,0
B,F,F,1334,100,1334,1,0
C,F,F,7175,100,7175,1,0
D,F,F,5353,100,5353,1,0
E,F,F,5106,100,5106,1,0
F,G,F,7004,100,7004,1,0
F,H,F,5468,100,5468,1,0
A,G,G,10623,100,10623,1,0
B,G,G,7101,100,7101,1,0
C,G,G,1361,100,1361,1,0
D,G,G,8881,100,8881,1,0
E,G,G,10660,100,10660,1,0
F,G,G,7036,100,7036,1,0
G,H,G,8836,100,8836,1,0
A,H,H,9961,100,9961,1,0
B,H,H,5718,100,5718,1,0
C,H,H,8938,100,8938,1,0
D,H,H,1440,100,1440,1,0
E,H,H,10116,100,10116,1,0
F,H,H,5442,100,5442,1,0
G,H,H,8882,100,8882,1,0
A,B,A,4803,100,4803,1,0
A,C,A,10692,100,10692,1,0
A,D,A,9542,100,9542,1,0
A,E,A,1417,100,1417,1,0
A,F,A,5080,100,5080,1,0
A,G,A,10652,100,10652,1,0
A,H,A,9939,100,9939,1,0
A,B,B,4755,100,4755,1,0
B,C,B,6996,100,6996,1,0
B,D,B,5332,100,5332,1,0
B,E,B,5149,100,5149,1,0
B,F,B,1374,100,1374,1,0
B,G,B,7084,100,7084,1,0
B,H,B,5761,100,5761,1,0
A,C,C,10612,100,10612,1,0
B,C,C,7023,100,7023,1,0
C,D,C,8772,100,8772,1,0
C,E,C,10828,100,10828,1,0
C,F,C,7175,100,7175,1,0
C,G,C,1367,100,1367,1,0
C,H,C,8921,100,8921,1,0
A,D,D,9498,100,9498,1,0
B,D,D,5307,100,5307,1,0
C,D,D,8751,100,8751,1,0
D,E,D,9919,100,9919,1,0
D,F,D,5377,100,5377,1,0
D,G,D,8895,100,8895,1,0
D,H,D,1484,100,1484,1,0
A,E,E,1398,100,1398,1,0
B,E,E,5162,100,5162,1,0
C,E,E,10855,100,10855,1,0
D,E,E,9935,100,9935,1,0
E,F,E,5091,100,5091,1,0
E,G,E,10624,100,10624,1,0
E,H,E,10128,100,10128,1,0
A,F,F,5081,100,5081,1,0
B,F,F,1374,100,1374,1,0
C,F,F,7185,100,7185,1,0
D,F,F,5397,100,5397,1,0
E,F,F,5079,100,5079,1,0
F,G,F,7012,100,7012,1,0
F,H,F,5425,100,5425,1,0
A,G,G,10637,100,10637,1,0
B,G,G,7069,100,7069,1,0
C,G,G,1384,100,1384,1,0
D,G,G,8878,100,8878,1,0
E,G,G,10633,100,10633,1,0
F,G,G,7012,100,7012,1,0
G,H,G,8881,100,8881,1,0
A,H,H,9981,100,9981,1,0
B,H,H,5766,100,5766,1,0
C,H,H,8934,100,8934,1,0
D,H,H,1499,100,1499,1,0
E,H,H,10103,100,10103,1,0
F,H,H,5420,100,5420,1,0
G,H,H,8875,100,8875,1,0
A,B,A,4785,100,4785,1,0
A,C,A,10679,100,10679,1,0
A,D,A,9523,100,9523,1,0
A,E,A,1427,100,1427,1,0
A,F,A,5030,100,5030,1,0
A,G,A,10611,100,10611,1,0
A,H,A,9940,100,9940,1,0
A,B,B,4781,100,4781,1,0
B,C,B,7006,100,7006,1,0
B,D,B,5298,100,5298,1,0
B,E,B,5165,100,5165,1,0
B,F,B,1355,100,1355,1,0
B,G,B,7094,100,7094,1,0
B,H,B,5736,100,5736,1,0
A,C,C,10633,100,10633,1,0
B,C,C,7035,100,7035,1,0
C,D,C,8752,100,8752,1,0
C,E,C,10790,100,10790,1,0
C,F,C,7205,100,7205,1,0
C,G,C,1331,100,1331,1,0
C,H,C,8961,100,8961,1,0
A,D,D,9515,100,9515,1,0
B,D,D,5323,100,5323,1,0
C,D,D,8756,100,8756,1,0
D,E,D,9938,100,9938,1,0
D,F,D,5360,100,5360,1,0
D,G,D,8903,100,8903,1,0
D,H,D,1521,100,1521,1,0
A,E,E,1462,100,1462,1,0
B,E,E,5213,100,5213,1,0
C,E,E,10852,100,10852,1,0
D,E,E,9937,100,9937,1,0
E,F,E,5103,100,5103,1,0
E,G,E,10653,100,10653,1,0
E,H,E,10137,100,10137,1,0
A,F,F,5050,100,5050,1,0
B,F,F,1359,100,1359,1,0
C,F,F,7207,100,7207,1,0
D,F,F,5370,100,5370,1,0
E,F,F,5127,100,5127,1,0
F,G,F,7019,100,7019,1,0
F,H,F,5472,100,5472,1,0
A,G,G,10618,100,10618,1,0
B,G,G,7079,100,7079,1,0
C,G,G,1346,100,1346,1,0
D,G,G,8872,100,8872,1,0
E,G,G,10639,100,10639,1,0
F,G,G,7036,100,7036,1,0
G,H,G,8910,100,8910,1,0
A,H,H,9922,100,9922,1,0
B,H,H,5776,100,5776,1,0
C,H,H,8944,100,8944,1,0
D,H,H,1540,100,1540,1,0
E,H,H,10153,100,10153,1,0
F,H,H,5477,100,5477,1,0
G,H,H,8858,100,8858,1,0
A,B,A,4750,100,4750,1,0
A,C,A,10649,100,10649,1,0
A,D,A,9527,100,9527,1,0
A,E,A,1381,100,1381,1,0
A,F,A,5083,100,5083,1,0
A,G,A,10611,100,10611,1,0
A,H,A,9949,100,9949,1,0
A,B,B,4806,100,4806,1,0
B,C,B,7041,100,7041,1,0
B,D,B,5303,100,5303,1,0
B,E,B,5144,100,5144,1,0
B,F,B,1341,100,1341,1,0
B,G,B,7070,100,7070,1,0
B,H,B,5757,100,5757,1,0
A,C,C,10698,100,10698,1,0
B,C,C,6994,100,6994,1,0
C,D,C,8753,100,8753,1,0
C,E,C,10838,100,10838,1,0
C,F,C,7188,100,7188,1,0
C,G,C,1377,100,1377,1,0
C,H,C,8973,100,8973,1,0
A,D,D,9471,100,9471,1,0
B,D,D,5296,100,5296,1,0
C,D,D,8763,100,8763,1,0
D,E,D,9966,100,9966,1,0
D,F,D,5342,100,5342,1,0
D,G,D,8874,100,8874,1,0
D,H,D,1485,100,1485,1,0
A,E,E,1440,100,1440,1,0
B,E,E,5163,100,5163,1,0
C,E,E,10815,100,10815,1,0
D,E,E,9858,100,9858,1,0
E,F,E,5102,100,5102,1,0
E,G,E,10636,100,10636,1,0
E,H,E,10148,100,10148,1,0
A,F,F,5089,100,5089,1,0
B,F,F,1369,100,1369,1,0
C,F,F,7208,100,7208,1,0
D,F,F,5410,100,5410,1,0
E,F,F,5130,100,5130,1,0
F,G,F,6990,100,6990,1,0
F,H,F,5468,100,5468,1,0
A,G,G,10646,100,10646,1,0
B,G,G,7087,100,7087,1,0
C,G,G,1336,100,1336,1,0
D,G,G,8886,100,8886,1,0
E,G,G,10620,100,10620,1,0
F,G,G,6992,100,6992,1,0
G,H,G,8839,100,8839,1,0
A,H,H,9943,100,9943,1,0
B,H,H,5711,100,5711,1,0
C,H,H,8903,100,8903,1,0
D,H,H,1566,100,1566,1,0
E,H,H,10119,100,10119,1,0
F,H,H,5423,100,5423,1,0
G,H,H,8856,100,8856,1,0
A,B,A,4782,100,4782,1,0
A,C,A,10617,100,10617,1,0
A,D,A,9556,100,9556,1,0
A,E,A,1421,100,1421,1,0
A,F,A,5059,100,5059,1,0
A,G,A,10630,100,10630,1,0
A,H,A,9977,100,9977,1,0
A,B,B,4791,100,4791,1,0
B,C,B,7011,100,7011,1,0
B,D,B,5323,100,5323,1,0
B,E,B,5153,100,5153,1,0
B,F,B,1358,100,1358,1,0
B,G,B,7094,100,7094,1,0
B,H,B,5690,100,5690,1,0
A,C,C,10629,100,10629,1,0
B,C,C,7004,100,7004,1,0
C,D,C,8786,100,8786,1,0
C,E,C,10824,100,10824,1,0
C,F,C,7214,100,7214,1,0
C,G,C,1377,100,1377,1,0
C,H,C,8954,100,8954,1,0
A,D,D,9545,100,9545,1,0
B,D,D,5302,100,5302,1,0
C,D,D,8717,100,8717,1,0
D,E,D,9939,100,9939,1,0
D,F,D,5334,100,5334,1,0
D,G,D,8870,100,8870,1,0
D,H,D,1476,100,1476,1,0
A,E,E,1393,100,1393,1,0
B,E,E,5162,100,5162,1,0
C,E,E,10804,100,10804,1,0
D,E,E,9878,100,9878,1,0
E,F,E,5066,100,5066,1,0
E,G,E,10642,100,10642,1,0
E,H,E,10179,100,10179,1,0
A,F,F,5055,100,5055,1,0
B,F,F,1355,100,1355,1,0
C,F,F,7177,100,7177,1,0
D,F,F,5357,100,5357,1,0
E,F,F,5077,100,5077,1,0
F,G,F,7020,100,7020,1,0
F,H,F,5438,100,5438,1,0
A,G,G,10620,100,10620,1,0
B,G,G,7093,100,7093,1,0
C,G,G,1394,100,1394,1,0
D,G,G,8873,100,8873,1,0
E,G,G,10642,100,10642,1,0
F,G,G,7021,100,7021,1,0
G,H,G,8885,100,8885,1,0
A,H,H,9983,100,9983,1,0
B,H,H,5746,100,5746,1,0
C,H,H,8960,100,8960,1,0
D,H,H,1476,100,1476,1,0
E,H,H,10140,100,10140,1,0
F,H,H,5454,100,5454,1,0
G,H,H,8875,100,8875,1,0
A,B,A,4772,100,4772,1,0
A,C,A,10685,100,10685,1,0
A,D,A,9538,100,9538,1,0
A,E,A,1384,100,1384,1,0
A,F,A,5078,100,5078,1,0
A,G,A,10645,100,10645,1,0
A,H,A,9955,100,9955,1,0
A,B,B,4771,100,4771,1,0
B,C,B,6995,100,6995,1,0
B,D,B,5302,100,5302,1,0
B,E,B,5164,100,5164,1,0
B,F,B,1354,100,1354,1,0
B,G,B,7064,100,7064,1,0
B,H,B,5757,100,5757,1,0
A,C,C,10626,100,10626,1,0
B,C,C,6990,100,6990,1,0
C,D,C,8768,100,8768,1,0
C,E,C,10793,100,10793,1,0
C,F,C,7175,100,7175,1,0
C,G,C,1359,100,1359,1,0
C,H,C,8930,100,8930,1,0
A,D,D,9546,100,9546,1,0
B,D,D,5310,100,5310,1,0
C,D,D,8724,100,8724,1,0
D,E,D,9909,100,9909,1,0
D,F,D,5368,100,5368,1,0
D,G,D,8874,100,8874,1,0
D,H,D,1481,100,1481,1,0
A,E,E,1407,100,1407,1,0
B,E,E,5169,100,5169,1,0
C,E,E,10833,100,10833,1,0
D,E,E,9850,100,9850,1,0
E,F,E,5083,100,5083,1,0
E,G,E,10654,100,10654,1,0
E,H,E,10111,100,10111,1,0
A,F,F,5062,100,5062,1,0
B,F,F,1407,100,1407,1,0
C,F,F,7169,100,7169,1,0
D,F,F,5358,100,5358,1,0
E,F,F,5104,100,5104,1,0
F,G,F,7013,100,7013,1,0
F,H,F,5406,100,5406,1,0
A,G,G,10614,100,10614,1,0
B,G,G,7066,100,7066,1,0
C,G,G,1389,100,1389,1,0
D,G,G,8875,100,8875,1,0
E,G,G,10608,100,10608,1,0
F,G,G,7021,100,7021,1,0
G,H,G,8866,100,8866,1,0
A,H,H,9921,100,9921,1,0
B,H,H,5730,100,5730,1,0
C,H,H,8897,100,8897,1,0
D,H,H,1456,100,1456,1,0
E,H,H,10149,100,10149,1,0
F,H,H,5447,100,5447,1,0
G,H,H,8860,100,8860,1,0
A,B,A,4788,100,4788,1,0
A,C,A,10679,100,10679,1,0
A,D,A,9537,100,9537,1,0
A,E,A,1424,100,1424,1,0
A,F,A,5049,100,5049,1,0
A,G,A,10648,100,10648,1,0
A,H,A,9946,100,9946,1,0
A,B,B,4777,100,4777,1,0
B,C,B,7033,100,7033,1,0
B,D,B,5271,100,5271,1,0
B,E,B,5173,100,5173,1,0
B,F,B,1344,100,1344,1,0
B,G,B,7066,100,7066,1,0
B,H,B,5732,100,5732,1,0
A,C,C,10648,100,10648,1,0
B,C,C,7006,100,7006,1,0
C,D,C,8742,100,8742,1,0
C,E,C,10838,100,10838,1,0
C,F,C,7187,100,7187,1,0
C,G,C,1345,100,1345,1,0
C,H,C,8949,100,8949,1,0
A,D,D,9510,100,9510,1,0
B,D,D,5268,100,5268,1,0
C,D,D,8756,100,8756,1,0
D,E,D,9979,100,9979,1,0
D,F,D,5348,100,5348,1,0
D,G,D,8863,100,8863,1,0
D,H,D,1491,100,1491,1,0
A,E,E,1447,100,1447,1,0
B,E,E,5166,100,5166,1,0
C,E,E,10802,100,10802,1,0
D,E,E,9920,100,9920,1,0
E,F,E,5102,100,5102,1,0
E,G,E,10619,100,10619,1,0
E,H,E,10108,100,10108,1,0
A,F,F,5038,100,5038,1,0
B,F,F,1359,100,1359,1,0
C,F,F,7181,100,7181,1,0
D,F,F,5390,100,5390,1,0
E,F,F,5127,100,5127,1,0
F,G,F,6989,100,6989,1,0
F,H,F,5462,100,5462,1,0
A,G,G,10601,100,10601,1,0
B,G,G,7081,100,7081,1,0
C,G,G,1356,100,1356,1,0
D,G,G,8868,100,8868,1,0
E,G,G,10659,100,10659,1,0
F,G,G,7027,100,7027,1,0
G,H,G,8914,100,8914,1,0
A,H,H,9944,100,9944,1,0
B,H,H,5718,100,5718,1,0
C,H,H,8947,100,8947,1,0
D,H,H,1491,100,1491,1,0
E,H,H,10156,100,10156,1,0
F,H,H,5436,100,5436,1,0
G,H,H,8858,100,8858,1,0
A,B,A,4745,100,4745,1,0
A,C,A,10606,100,10606,1,0
A,D,A,9520,100,9520,1,0
A,E,A,1411,100,1411,1,0
A,F,A,5085,100,5085,1,0
A,G,A,10635,100,10635,1,0
A,H,A,9962,100,9962,1,0
A,B,B,4745,100,4745,1,0
B,C,B,7023,100,7023,1,0
B,D,B,5269,100,5269,1,0
B,E,B,5217,100,5217,1,0
B,F,B,1347,100,1347,1,0
B,G,B,7079,100,7079,1,0
B,H,B,5812,100,5812,1,0
A,C,C,10663,100,10663,1,0
B,C,C,7015,100,7015,1,0
C,D,C,8753,100,8753,1,0
C,E,C,10821,100,10821,1,0
C,F,C,7213,100,7213,1,0
C,G,C,1396,100,1396,1,0
C,H,C,8898,100,8898,1,0
A,D,D,9520,100,9520,1,0
B,D,D,5290,100,5290,1,0
C,D,D,8745,100,8745,1,0
D,E,D,9936,100,9936,1,0
D,F,D,5348,100,5348,1,0
D,G,D,8893,100,8893,1,0
D,H,D,1469,100,1469,1,0
A,E,E,1352,100,1352,1,0
B,E,E,5187,100,5187,1,0
C,E,E,10852,100,10852,1,0
D,E,E,9959,100,9959,1,0
E,F,E,5102,100,5102,1,0
E,G,E,10631,100,10631,1,0
E,H,E,10161,100,10161,1,0
A,F,F,5054,100,5054,1,0
B,F,F,1387,100,1387,1,0
C,F,F,7177,100,7177,1,0
D,F,F,5370,100,5370,1,0
E,F,F,5133,100,5133,1,0
F,G,F,6982,100,6982,1,0
F,H,F,5466,100,5466,1,0
A,G,G,10650,100,10650,1,0
B,G,G,7060,100,7060,1,0
C,G,G,1387,100,1387,1,0
D,G,G,8922,100,8922,1,0
E,G,G,10600,100,10600,1,0
F,G,G,7016,100,7016,1,0
G,H,G,8866,100,8866,1,0
A,H,H,9911,100,9911,1,0
B,H,H,5737,100,5737,1,0
C,H,H,8916,100,8916,1,0
D,H,H,1502,100,1502,1,0
E,H,H,10152,100,10152,1,0
F,H,H,5431,100,5431,1,0
G,H,H,8831,100,8831,1,0
A,B,A,4764,100,4764,1,0
A,C,A,10578,100,10578,1,0
A,D,A,9505,100,9505,1,0
A,E,A,1423,100,1423,1,0
A,F,A,5055,100,5055,1,0
A,G,A,10592,100,10592,1,0
A,H,A,9940,100,9940,1,0
A,B,B,4765,100,4765,1,0
B,C,B,7004,100,7004,1,0
B,D,B,5322,100,5322,1,0
B,E,B,5179,100,5179,1,0
B,F,B,1343,100,1343,1,0
B,G,B,7088,100,7088,1,0
B,H,B,5773,100,5773,1,0
A,C,C,10621,100,10621,1,0
B,C,C,7000,100,7000,1,0
C,D,C,8746,100,8746,1,0
C,E,C,10764,100,10764,1,0
C,F,C,7196,100,7196,1,0
C,G,C,1372,100,1372,1,0
C,H,C,8892,100,8892,1,0
A,D,D,9549,100,9549,1,0
B,D,D,5277,100,5277,1,0
C,D,D,8744,100,8744,1,0
D,E,D,9929,100,9929,1,0
D,F,D,5365,100,5365,1,0
D,G,D,8885,100,8885,1,0
D,H,D,1466,100,1466,1,0
A,E,E,1384,100,1384,1,0
B,E,E,5154,100,5154,1,0
C,E,E,10785,100,10785,1,0
D,E,E,9941,100,9941,1,0
E,F,E,5132,100,5132,1,0
E,G,E,10655,100,10655,1,0
E,H,E,10108,100,10108,1,0
A,F,F,5067,100,5067,1,0
B,F,F,1366,100,1366,1,0
C,F,F,7212,100,7212,1,0
D,F,F,5341,100,5341,1,0
E,F,F,5099,100,5099,1,0
F,G,F,6972,100,6972,1,0
F,H,F,5480,100,5480,1,0
A,G,G,10590,100,10590,1,0
B,G,G,7142,100,7142,1,0
C,G,G,1335,100,1335,1,0
D,G,G,8900,100,8900,1,0
E,G,G,10626,100,10626,1,0
F,G,G,6990,100,6990,1,0
G,H,G,8920,100,8920,1,0
A,H,H,9968,100,9968,1,0
B,H,H,5763,100,5763,1,0
C,H,H,8900,100,8900,1,0
D,H,H,1486,100,1486,1,0
E,H,H,10170,100,10170,1,0
F,H,H,5491,100,5491,1,0
G,H,H,8855,100,8855,1,0
A,B,A,4806,100,4806,1,0
A,C,A,10643,100,10643,1,0
A,D,A,9512,100,9512,1,0
A,E,A,1362,100,1362,1,0
A,F,A,5060,100,5060,1,0
A,G,A,10634,100,10634,1,0
A,H,A,9935,100,9935,1,0
A,B,B,4781,100,4781,1,0
B,C,B,6994,100,6994,1,0
B,D,B,5256,100,5256,1,0
B,E,B,5172,100,5172,1,0
B,F,B,1360,100,1360,1,0
B,G,B,7074,100,7074,1,0
B,H,B,5724,100,5724,1,0
A,C,C,10644,100,10644,1,0
B,C,C,7028,100,7028,1,0
C,D,C,8759,100,8759,1,0
C,E,C,10846,100,10846,1,0
C,F,C,7171,100,7171,1,0
C,G,C,1378,100,1378,1,0
C,H,C,8920,100,8920,1,0
A,D,D,9522,100,9522,1,0
B,D,D,5246,100,5246,1,0
C,D,D,8729,100,8729,1,0
D,E,D,9987,100,9987,1,0
D,F,D,5379,100,5379,1,0
D,G,D,8876,100,8876,1,0
D,H,D,1448,100,1448,1,0
A,E,E,1385,100,1385,1,0
B,E,E,5188,100,5188,1,0
C,E,E,10838,100,10838,1,0
D,E,E,9832,100,9832,1,0
E,F,E,5076,100,5076,1,0
E,G,E,10605,100,10605,1,0
E,H,E,10189,100,10189,1,0
A,F,F,5069,100,5069,1,0
B,F,F,1349,100,1349,1,0
C,F,F,7165,100,7165,1,0
D,F,F,5338,100,5338,1,0
E,F,F,5075,100,5075,1,0
F,G,F,7008,100,7008,1,0
F,H,F,5491,100,5491,1,0
A,G,G,10637,100,10637,1,0
B,G,G,7067,100,7067,1,0
C,G,G,1396,100,1396,1,0
D,G,G,8900,100,8900,1,0
E,G,G,10606,100,10606,1,0
F,G,G,6999,100,6999,1,0
G,H,G,8895,100,8895,1,0
A,H,H,9958,100,9958,1,0
B,H,H,5771,100,5771,1,0
C,H,H,8937,100,8937,1,0
D,H,H,1477,100,1477,1,0
E,H,H,10141,100,10141,1,0
F,H,H,5449,100,5449,1,0
G,H,H,8866,100,8866,1,0
A,B,A,4763,100,4763,1,0
A,C,A,10655,100,10655,1,0
A,D,A,9533,100,9533,1,0
A,E,A,1410,100,1410,1,0
A,F,A,5090,100,5090,1,0
A,G,A,10649,100,10649,1,0
A,H,A,9978,100,9978,1,0
A,B,B,4775,100,4775,1,0
B,C,B,7008,100,7008,1,0
B,D,B,5314,100,5314,1,0
B,E,B,5205,100,5205,1,0
B,F,B,1364,100,1364,1,0
B,G,B,7115,100,7115,1,0
B,H,B,5783,100,5783,1,0
A,C,C,10681,100,10681,1,0
B,C,C,7038,100,7038,1,0
C,D,C,8722,100,8722,1,0
C,E,C,10803,100,10803,1,0
C,F,C,7189,100,7189,1,0
C,G,C,1380,100,1380,1,0
C,H,C,8865,100,8865,1,0
A,D,D,9515,100,9515,1,0
B,D,D,5324,100,5324,1,0
C,D,D,8743,100,8743,1,0
D,E,D,9862,100,9862,1,0
D,F,D,5366,100,5366,1,0
D,G,D,8893,100,8893,1,0
D,H,D,1475,100,1475,1,0
A,E,E,1465,100,1465,1,0
B,E,E,5176,100,5176,1,0
C,E,E,10814,100,10814,1,0
D,E,E,9935,100,9935,1,0
E,F,E,5108,100,5108,1,0
E,G,E,10611,100,10611,1,0
E,H,E,10128,100,10128,1,0
A,F,F,5039,100,5039,1,0
B,F,F,1356,100,1356,1,0
C,F,F,7197,100,7197,1,0
D,F,F,5384,100,5384,1,0
E,F,F,5096,100,5096,1,0
F,G,F,7022,100,7022,1,0
F,H,F,5436,100,5436,1,0
A,G,G,10581,100,10581,1,0
B,G,G,7053,100,7053,1,0
C,G,G,1371,100,1371,1,0
D,G,G,8884,100,8884,1,0
E,G,G,10623,100,10623,1,0
F,G,G,7022,100,7022,1,0
G,H,G,8923,100,8923,1,0
A,H,H,9923,100,9923,1,0
B,H,H,5735,100,5735,1,0
C,H,H,8948,100,8948,1,0
D,H,H,1435,100,1435,1,0
E,H,H,10158,100,10158,1,0
F,H,H,5462,100,5462,1,0
G,H,H,8866,100,8866,1,0
A,B,A,4766,100,4766,1,0
A,C,A,10616,100,10616,1,0
A,D,A,9556,100,9556,1,0
A,E,A,1377,100,1377,1,0
A,F,A,5076,100,5076,1,0
A,G,A,10586,100,10586,1,0
A,H,A,9935,100,9935,1,0
A,B,B,4815,100,4815,1,0
B,C,B,7006,100,7006,1,0
B,D,B,5319,100,5319,1,0
B,E,B,5191,100,5191,1,0
B,F,B,1370,100,1370,1,0
B,G,B,7099,100,7099,1,0
B,H,B,5764,100,5764,1,0
A,C,C,10613,100,10613,1,0
B,C,C,6997,100,6997,1,0
C,D,C,8726,100,8726,1,0
C,E,C,10813,100,10813,1,0
C,F,C,7198,100,7198,1,0
C,G,C,1335,100,1335,1,0
C,H,C,9009,100,9009,1,0
A,D,D,9517,100,9517,1,0
B,D,D,5331,100,5331,1,0
C,D,D,8757,100,8757,1,0
D,E,D,9926,100,9926,1,0
D,F,D,5401,100,5401,1,0
D,G,D,8908,100,8908,1,0
D,H,D,1436,100,1436,1,0
A,E,E,1393,100,1393,1,0
B,E,E,5190,100,5190,1,0
C,E,E,10839,100,10839,1,0
D,E,E,9967,100,9967,1,0
E,F,E,5105,100,5105,1,0
E,G,E,10635,100,10635,1,0
E,H,E,10107,100,10107,1,0
A,F,F,5004,100,5004,1,0
B,F,F,1341,100,1341,1,0
C,F,F,7186,100,7186,1,0
D,F,F,5362,100,5362,1,0
E,F,F,5138,100,5138,1,0
F,G,F,7000,100,7000,1,0
F,H,F,5428,100,5428,1,0
A,G,G,10672,100,10672,1,0
B,G,G,7058,100,7058,1,0
C,G,G,1435,100,1435,1,0
D,G,G,8895,100,8895,1,0
E,G,G,10613,100,10613,1,0
F,G,G,6988,100,6988,1,0
G,H,G,8872,100,8872,1,0
A,H,H,9917,100,9917,1,0
B,H,H,5745,100,5745,1,0
C,H,H,8941,100,8941,1,0
D,H,H,1477,100,1477,1,0
E,H,H,10112,100,10112,1,0
F,H,H,5464,100,5464,1,0
G,H,H,8846,100,8846,1,0
A,B,A,4785,100,4785,1,0
A,C,A,10585,100,10585,1,0
A,D,A,9535,100,9535,1,0
A,E,A,1401,100,1401,1,0
A,F,A,5053,100,5053,1,0
A,G,A,10623,100,10623,1,0
A,H,A,9977,100,9977,1,0
A,B,B,4737,100,4737,1,0
B,C,B,7015,100,7015,1,0
B,D,B,5271,100,5271,1,0
B,E,B,5207,100,5207,1,0
B,F,B,1337,100,1337,1,0
B,G,B,7054,100,7054,1,0
B,H,B,5713,100,5713,1,0
A,C,C,10650,100,10650,1,0
B,C,C,7032,100,7032,1,0
C,D,C,8730,100,8730,1,0
C,E,C,10829,100,10829,1,0
C,F,C,7170,100,7170,1,0
C,G,C,1367,100,1367,1,0
C,H,C,8932,100,8932,1,0
A,D,D,9530,100,9530,1,0
B,D,D,5288,100,5288,1,0
C,D,D,8731,100,8731,1,0
D,E,D,9967,100,9967,1,0
D,F,D,5385,100,5385,1,0
D,G,D,8910,100,8910,1,0
D,H,D,1498,100,1498,1,0
A,E,E,1343,100,1343,1,0
B,E,E,5183,100,5183,1,0
C,E,E,10854,100,10854,1,0
D,E,E,9894,100,9894,1,0
E,F,E,5107,100,5107,1,0
E,G,E,10620,100,10620,1,0
E,H,E,10108,100,10108,1,0
A,F,F,5026,100,5026,1,0
B,F,F,1332,100,1332,1,0
C,F,F,7212,100,7212,1,0
D,F,F,5351,100,5351,1,0
E,F,F,5096,100,5096,1,0
F,G,F,6992,100,6992,1,0
F,H,F,5451,100,5451,1,0
A,G,G,10613,100,10613,1,0
B,G,G,7066,100,7066,1,0
C,G,G,1393,100,1393,1,0
D,G,G,8896,100,8896,1,0
E,G,G,10624,100,10624,1,0
F,G,G,6981,100,6981,1,0
G,H,G,8871,100,8871,1,0
A,H,H,9907,100,9907,1,0
B,H,H,5765,100,5765,1,0
C,H,H,8954,100,8954,1,0
D,H,H,1454,100,1454,1,0
E,H,H,10133,100,10133,1,0
F,H,H,5469,100,5469,1,0
G,H,H,8898,100,8898,1,0
A,B,A,4784,100,4784,1,0
A,C,A,10661,100,10661,1,0
A,D,A,9518,100,9518,1,0
A,E,A,1384,100,1384,1,0
A,F,A,5052,100,5052,1,0
A,G,A,10652,100,10652,1,0
A,H,A,9932,100,9932,1,0
A,B,B,4775,100,4775,1,0
B,C,B,7039,100,7039,1,0
B,D,B,5287,100,5287,1,0
B,E,B,5155,100,5155,1,0
B,F,B,1323,100,1323,1,0
B,G,B,7032,100,7032,1,0
B,H,B,5773,100,5773,1,0
A,C,C,10650,100,10650,1,0
B,C,C,7039,100,7039,1,0
C,D,C,8739,100,8739,1,0
C,E,C,10775,100,10775,1,0
C,F,C,7179,100,7179,1,0
C,G,C,1347,100,1347,1,0
C,H,C,8970,100,8970,1,0
A,D,D,9548,100,9548,1,0
B,D,D,5330,100,5330,1,0
C,D,D,8760,100,8760,1,0
D,E,D,9939,100,9939,1,0
D,F,D,5341,100,5341,1,0
D,G,D,8887,100,8887,1,0
D,H,D,1524,100,1524,1,0
A,E,E,1437,100,1437,1,0
B,E,E,5198,100,5198,1,0
C,E,E,10822,100,10822,1,0
D,E,E,9926,100,9926,1,0
E,F,E,5089,100,5089,1,0
E,G,E,10646,100,10646,1,0
E,H,E,10090,100,10090,1,0
A,F,F,5015,100,5015,1,0
B,F,F,1336,100,1336,1,0
C,F,F,7183,100,7183,1,0
D,F,F,5330,100,5330,1,0
E,F,F,5088,100,5088,1,0
F,G,F,7010,100,7010,1,0
F,H,F,5462,100,5462,1,0
A,G,G,10620,100,10620,1,0
B,G,G,7068,100,7068,1,0
C,G,G,1354,100,1354,1,0
D,G,G,8879,100,8879,1,0
E,G,G,10655,100,10655,1,0
F,G,G,6997,100,6997,1,0
G,H,G,8895,100,8895,1,0
A,H,H,9975,100,9975,1,0
B,H,H,5755,100,5755,1,0
C,H,H,8944,100,8944,1,0
D,H,H,1492,100,1492,1,0
E,H,H,10148,100,10148,1,0
F,H,H,5431,100,5431,1,0
G,H,H,8863,100,8863,1,0
A,B,A,4741,100,4741,1,0
A,C,A,10649,100,10649,1,0
A,D,A,9528,100,9528,1,0
A,E,A,1417,100,1417,1,0
A,F,A,5030,100,5030,1,0
A,G,A,10589,100,10589,1,0
A,H,A,9940,100,9940,1,0
A,B,B,4791,100,4791,1,0
B,C,B,7017,100,7017,1,0
B,D,B,5319,100,5319,1,0
B,E,B,5175,100,5175,1,0
B,F,B,1336,100,1336,1,0
B,G,B,7069,100,7069,1,0
B,H,B,5756,100,5756,1,0
A,C,C,10616,100,10616,1,0
B,C,C,6983,100,6983,1,0
C,D,C,8707,100,8707,1,0
C,E,C,10812,100,10812,1,0
C,F,C,7231,100,7231,1,0
C,G,C,1358,100,1358,1,0
C,H,C,8892,100,8892,1,0
A,D,D,9550,100,9550,1,0
B,D,D,5318,100,5318,1,0
C,D,D,8750,100,8750,1,0
D,E,D,9877,100,9877,1,0
D,F,D,5350,100,5350,1,0
D,G,D,8921,100,8921,1,0
D,H,D,1508,100,1508,1,0
A,E,E,1374,100,1374,1,0
B,E,E,5148,100,5148,1,0
C,E,E,10867,100,10867,1,0
D,E,E,9965,100,9965,1,0
E,F,E,5082,100,5082,1,0
E,G,E,10644,100,10644,1,0
E,H,E,10156,100,10156,1,0
A,F,F,5060,100,5060,1,0
B,F,F,1346,100,1346,1,0
C,F,F,7225,100,7225,1,0
D,F,F,5359,100,5359,1,0
E,F,F,5081,100,5081,1,0
F,G,F,7026,100,7026,1,0
F,H,F,5471,100,5471,1,0
A,G,G,10600,100,10600,1,0
B,G,G,7079,100,7079,1,0
C,G,G,1344,100,1344,1,0
D,G,G,8905,100,8905,1,0
E,G,G,10612,100,10612,1,0
F,G,G,6971,100,6971,1,0
G,H,G,8880,100,8880,1,0
A,H,H,9942,100,9942,1,0
B,H,H,5735,100,5735,1,0
C,H,H,8910,100,8910,1,0
D,H,H,1505,100,1505,1,0
E,H,H,10161,100,10161,1,0
F,H,H,5478,100,5478,1,0
G,H,H,8895,100,8895,1,0
A,B,A,4736,100,4736,1,0
A,C,A,10654,100,10654,1,0
A,D,A,9549,100,9549,1,0
A,E,A,1384,100,1384,1,0
A,F,A,5062,100,5062,1,0
A,G,A,10648,100,10648,1,0
A,H,A,9970,100,9970,1,0
A,B,B,4784,100,4784,1,0
B,C,B,7007,100,7007,1,0
B,D,B,5237,100,5237,1,0
B,E,B,5209,100,5209,1,0
B,F,B,1362,100,1362,1,0
B,G,B,7116,100,7116,1,0
B,H,B,5777,100,5777,1,0
A,C,C,10632,100,10632,1,0
B,C,C,7060,100,7060,1,0
C,D,C,8734,100,8734,1,0
C,E,C,10853,100,10853,1,0
C,F,C,7199,100,7199,1,0
C,G,C,1323,100,1323,1,0
C,H,C,8933,100,8933,1,0
A,D,D,9529,100,9529,1,0
B,D,D,5279,100,5279,1,0
C,D,D,8778,100,8778,1,0
D,E,D,9929,100,9929,1,0
D,F,D,5347,100,5347,1,0
D,G,D,8910,100,8910,1,0
D,H,D,1466,100,1466,1,0
A,E,E,1441,100,1441,1,0
B,E,E,5168,100,5168,1,0
C,E,E,10822,100,10822,1,0
D,E,E,10007,100,10007,1,0
E,F,E,5078,100,5078,1,0
E,G,E,10654,100,10654,1,0
E,H,E,10197,100,10197,1,0
A,F,F,5072,100,5072,1,0
B,F,F,1350,100,1350,1,0
C,F,F,7181,100,7181,1,0
D,F,F,5396,100,5396,1,0
E,F,F,5112,100,5112,1,0
F,G,F,7030,100,7030,1,0
F,H,F,5441,100,5441,1,0
A,G,G,10613,100,10613,1,0
B,G,G,7026,100,7026,1,0
C,G,G,1326,100,1326,1,0
D,G,G,8904,100,8904,1,0
E,G,G,10647,100,10647,1,0
F,G,G,6998,100,6998,1,0
G,H,G,8866,100,8866,1,0
A,H,H,9974,100,9974,1,0
B,H,H,5810,100,5810,1,0
C,H,H,8945,100,8945,1,0
D,H,H,1503,100,1503,1,0
E,H,H,10143,100,10143,1,0
F,H,H,5420,100,5420,1,0
G,H,H,8855,100,8855,1,0
A,B,A,4778,100,4778,1,0
A,C,A,10661,100,10661,1,0
A,D,A,9519,100,9519,1,0
A,E,A,1370,100,1370,1,0
A,F,A,5051,100,5051,1,0
A,G,A,10635,100,10635,1,0
A,H,A,9897,100,9897,1,0
A,B,B,4734,100,4734,1,0
B,C,B,7014,100,7014,1,0
B,D,B,5283,100,5283,1,0
B,E,B,5194,100,5194,1,0
B,F,B,1327,100,1327,1,0
B,G,B,7086,100,7086,1,0
B,H,B,5689,100,5689,1,0
A,C,C,10613,100,10613,1,0
B,C,C,7041,100,7041,1,0
C,D,C,8693,100,8693,1,0
C,E,C,10811,100,10811,1,0
C,F,C,7220,100,7220,1,0
C,G,C,1381,100,1381,1,0
C,H,C,8930,100,8930,1,0
A,D,D,9512,100,9512,1,0
B,D,D,5303,100,5303,1,0
C,D,D,8757,100,8757,1,0
D,E,D,9862,100,9862,1,0
D,F,D,5387,100,5387,1,0
D,G,D,8917,100,8917,1,0
D,H,D,1503,100,1503,1,0
A,E,E,1413,100,1413,1,0
B,E,E,5159,100,5159,1,0
C,E,E,10853,100,10853,1,0
D,E,E,9995,100,9995,1,0
E,F,E,5107,100,5107,1,0
E,G,E,10633,100,10633,1,0
E,H,E,10191,100,10191,1,0
A,F,F,5056,100,5056,1,0
B,F,F,1368,100,1368,1,0
C,F,F,7198,100,7198,1,0
D,F,F,5388,100,5388,1,0
E,F,F,5102,100,5102,1,0
F,G,F,7003,100,7003,1,0
F,H,F,5408,100,5408,1,0
A,G,G,10650,100,10650,1,0
B,G,G,6997,100,6997,1,0
C,G,G,1391,100,1391,1,0
D,G,G,8908,100,8908,1,0
E,G,G,10663,100,10663,1,0
F,G,G,7001,100,7001,1,0
G,H,G,8831,100,8831,1,0
A,H,H,9920,100,9920,1,0
B,H,H,5816,100,5816,1,0
C,H,H,8928,100,8928,1,0
D,H,H,1509,100,1509,1,0
E,H,H,10120,100,10120,1,0
F,H,H,5484,100,5484,1,0
G,H,H,8859,100,8859,1,0
A,B,A,4755,100,4755,1,0
A,C,A,10611,100,10611,1,0
A,D,A,9509,100,9509,1,0
A,E,A,1402,100,1402,1,0
A,F,A,5054,100,5054,1,0
A,G,A,10638,100,10638,1,0
A,H,A,9917,100,9917,1,0
A,B,B,4778,100,4778,1,0
B,C,B,7009,100,7009,1,0
B,D,B,5288,100,5288,1,0
B,E,B,5168,100,5168,1,0
B,F,B,1325,100,1325,1,0
B,G,B,7075,100,7075,1,0
B,H,B,5697,100,5697,1,0
A,C,C,10652,100,10652,1,0
B,C,C,7024,100,7024,1,0
C,D,C,8767,100,8767,1,0
C,E,C,10802,100,10802,1,0
C,F,C,7199,100,7199,1,0
C,G,C,1369,100,1369,1,0
C,H,C,8925,100,8925,1,0
A,D,D,9530,100,9530,1,0
B,D,D,5284,100,5284,1,0
C,D,D,8750,100,8750,1,0
D,E,D,9981,100,9981,1,0
D,F,D,5377,100,5377,1,0
D,G,D,8916,100,8916,1,0
D,H,D,1482,100,1482,1,0
A,E,E,1399,100,1399,1,0
B,E,E,5141,100,5141,1,0
C,E,E,10819,100,10819,1,0
D,E,E,9932,100,9932,1,0
E,F,E,5126,100,5126,1,0
E,G,E,10622,100,10622,1,0
E,H,E,10173,100,10173,1,0
A,F,F,5102,100,5102,1,0
B,F,F,1373,100,1373,1,0
C,F,F,7200,100,7200,1,0
D,F,F,5370,100,5370,1,0
E,F,F,5113,100,5113,1,0
F,G,F,6984,100,6984,1,0
F,H,F,5435,100,5435,1,0
A,G,G,10612,100,10612,1,0
B,G,G,7068,100,7068,1,0
C,G,G,1364,100,1364,1,0
D,G,G,8860,100,8860,1,0
E,G,G,10649,100,10649,1,0
F,G,G,7020,100,7020,1,0
G,H,G,8855,100,8855,1,0
A,H,H,9898,100,9898,1,0
B,H,H,5715,100,5715,1,0
C,H,H,8940,100,8940,1,0
D,H,H,1460,100,1460,1,0
E,H,H,10149,100,10149,1,0
F,H,H,5489,100,5489,1,0
G,H,H,8857,100,8857,1,0
A,B,A,4784,100,4784,1,0
A,C,A,10626,100,10626,1,0
A,D,A,9521,100,9521,1,0
A,E,A,1394,100,1394,1,0
A,F,A,5077,100,5077,1,0
A,G,A,10662,100,10662,1,0
A,H,A,9912,100,9912,1,0
A,B,B,4806,100,4806,1,0
B,C,B,7034,100,7034,1,0
B,D,B,5283,100,5283,1,0
B,E,B,5236,100,5236,1,0
B,F,B,1373,100,1373,1,0
B,G,B,7087,100,7087,1,0
B,H,B,5772,100,5772,1,0
A,C,C,10607,100,10607,1,0
B,C,C,6999,100,6999,1,0
C,D,C,8732,100,8732,1,0
C,E,C,10793,100,10793,1,0
C,F,C,7204,100,7204,1,0
C,G,C,1417,100,1417,1,0
C,H,C,8941,100,8941,1,0
A,D,D,9534,100,9534,1,0
B,D,D,5314,100,5314,1,0
C,D,D,8746,100,8746,1,0
D,E,D,9995,100,9995,1,0
D,F,D,5335,100,5335,1,0
D,G,D,8860,100,8860,1,0
D,H,D,1477,100,1477,1,0
A,E,E,1432,100,1432,1,0
B,E,E,5223,100,5223,1,0
C,E,E,10807,100,10807,1,0
D,E,E,9958,100,9958,1,0
E,F,E,5119,100,5119,1,0
E,G,E,10639,100,10639,1,0
E,H,E,10183,100,10183,1,0
A,F,F,5063,100,5063,1,0
B,F,F,1341,100,1341,1,0
C,F,F,7187,100,7187,1,0
D,F,F,5372,100,5372,1,0
E,F,F,5128,100,5128,1,0
F,G,F,6974,100,6974,1,0
F,H,F,5508,100,5508,1,0
A,G,G,10623,100,10623,1,0
B,G,G,7105,100,7105,1,0
C,G,G,1379,100,1379,1,0
D,G,G,8902,100,8902,1,0
E,G,G,10671,100,10671,1,0
F,G,G,7028,100,7028,1,0
G,H,G,8905,100,8905,1,0
A,H,H,9927,100,9927,1,0
B,H,H,5696,100,5696,1,0
C,H,H,8949,100,8949,1,0
D,H,H,1492,100,1492,1,0
E,H,H,10109,100,10109,1,0
F,H,H,5506,100,5506,1,0
G,H,H,8880,100,8880,1,0
A,B,A,4779,100,4779,1,0
A,C,A,10679,100,10679,1,0
A,D,A,9552,100,9552,1,0
A,E,A,1382,100,1382,1,0
A,F,A,5077,100,5077,1,0
A,G,A,10583,100,10583,1,0
A,H,A,9950,100,9950,1,0
A,B,B,4747,100,4747,1,0
B,C,B,6968,100,6968,1,0
B,D,B,5306,100,5306,1,0
B,E,B,5195,100,5195,1,0
B,F,B,1365,100,1365,1,0
B,G,B,7044,100,7044,1,0
B,H,B,5719,100,5719,1,0
A,C,C,10622,100,10622,1,0
B,C,C,7024,100,7024,1,0
C,D,C,8764,100,8764,1,0
C,E,C,10826,100,10826,1,0
C,F,C,7216,100,7216,1,0
C,G,C,1401,100,1401,1,0
C,H,C,8940,100,8940,1,0
A,D,D,9528,100,9528,1,0
B,D,D,5289,100,5289,1,0
C,D,D,8742,100,8742,1,0
D,E,D,9881,100,9881,1,0
D,F,D,5394,100,5394,1,0
D,G,D,8867,100,8867,1,0
D,H,D,1505,100,1505,1,0
A,E,E,1408,100,1408,1,0
B,E,E,5193,100,5193,1,0
C,E,E,10836,100,10836,1,0
D,E,E,9885,100,9885,1,0
E,F,E,5091,100,5091,1,0
E,G,E,10641,100,10641,1,0
E,H,E,10150,100,10150,1,0
A,F,F,5019,100,5019,1,0
B,F,F,1368,100,1368,1,0
C,F,F,7182,100,7182,1,0
D,F,F,5351,100,5351,1,0
E,F,F,5112,100,5112,1,0
F,G,F,7011,100,7011,1,0
F,H,F,5427,100,5427,1,0
A,G,G,10658,100,10658,1,0
B,G,G,7112,100,7112,1,0
C,G,G,1367,100,1367,1,0
D,G,G,8888,100,8888,1,0
E,G,G,10659,100,10659,1,0
F,G,G,6992,100,6992,1,0
G,H,G,8900,100,8900,1,0
A,H,H,9987,100,9987,1,0
B,H,H,5709,100,5709,1,0
C,H,H,8900,100,8900,1,0
D,H,H,1480,100,1480,1,0
E,H,H,10135,100,10135,1,0
F,H,H,5459,100,5459,1,0
G,H,H,8902,100,8902,1,0
A,B,A,4782,100,4782,1,0
A,C,A,10593,100,10593,1,0
A,D,A,9521,100,9521,1,0
A,E,A,1370,100,1370,1,0
A,F,A,5075,100,5075,1,0
A,G,A,10626,100,10626,1,0
A,H,A,9956,100,9956,1,0
A,B,B,4750,100,4750,1,0
B,C,B,7003,100,7003,1,0
B,D,B,5260,100,5260,1,0
B,E,B,5185,100,5185,1,0
B,F,B,1397,100,1397,1,0
B,G,B,7094,100,7094,1,0
B,H,B,5756,100,5756,1,0
A,C,C,10636,100,10636,1,0
B,C,C,7011,100,7011,1,0
C,D,C,8721,100,8721,1,0
C,E,C,10779,100,10779,1,0
C,F,C,7185,100,7185,1,0
C,G,C,1397,100,1397,1,0
C,H,C,8962,100,8962,1,0
A,D,D,9526,100,9526,1,0
B,D,D,5280,100,5280,1,0
C,D,D,8739,100,8739,1,0
D,E,D,9856,100,9856,1,0
D,F,D,5316,100,5316,1,0
D,G,D,8881,100,8881,1,0
D,H,D,1521,100,1521,1,0
A,E,E,1467,100,1467,1,0
B,E,E,5212,100,5212,1,0
C,E,E,10811,100,10811,1,0
D,E,E,9946,100,9946,1,0
E,F,E,5082,100,5082,1,0
E,G,E,10649,100,10649,1,0
E,H,E,10151,100,10151,1,0
A,F,F,5103,100,5103,1,0
B,F,F,1363,100,1363,1,0
C,F,F,7183,100,7183,1,0
D,F,F,5398,100,5398,1,0
E,F,F,5121,100,5121,1,0
F,G,F,6995,100,6995,1,0
F,H,F,5479,100,5479,1,0
A,G,G,10628,100,10628,1,0
B,G,G,7081,100,7081,1,0
C,G,G,1363,100,1363,1,0
D,G,G,8909,100,8909,1,0
E,G,G,10636,100,10636,1,0
F,G,G,7021,100,7021,1,0
G,H,G,8875,100,8875,1,0
A,H,H,9907,100,9907,1,0
B,H,H,5719,100,5719,1,0
C,H,H,8922,100,8922,1,0
D,H,H,1453,100,1453,1,0
E,H,H,10117,100,10117,1,0
F,H,H,5457,100,5457,1,0
G,H,H,8883,100,8883,1,0
A,B,A,4789,100,4789,1,0
A,C,A,10646,100,10646,1,0
A,D,A,9547,100,9547,1,0
A,E,A,1456,100,1456,1,0
A,F,A,5083,100,5083,1,0
A,G,A,10638,100,10638,1,0
A,H,A,9951,100,9951,1,0
A,B,B,4805,100,4805,1,0
B,C,B,7051,100,7051,1,0
B,D,B,5337,100,5337,1,0
B,E,B,5260,100,5260,1,0
B,F,B,1309,100,1309,1,0
B,G,B,7034,100,7034,1,0
B,H,B,5731,100,5731,1,0
A,C,C,10626,100,10626,1,0
B,C,C,7036,100,7036,1,0
C,D,C,8767,100,8767,1,0
C,E,C,10840,100,10840,1,0
C,F,C,7190,100,7190,1,0
C,G,C,1421,100,1421,1,0
C,H,C,8957,100,8957,1,0
A,D,D,9559,100,9559,1,0
B,D,D,5262,100,5262,1,0
C,D,D,8727,100,8727,1,0
D,E,D,9940,100,9940,1,0
D,F,D,5368,100,5368,1,0
D,G,D,8906,100,8906,1,0
D,H,D,1464,100,1464,1,0
A,E,E,1405,100,1405,1,0
B,E,E,5198,100,5198,1,0
C,E,E,10823,100,10823,1,0
D,E,E,9972,100,9972,1,0
E,F,E,5082,100,5082,1,0
E,G,E,10638,100,10638,1,0
E,H,E,10119,100,10119,1,0
A,F,F,5050,100,5050,1,0
B,F,F,1362,100,1362,1,0
C,F,F,7198,100,7198,1,0
D,F,F,5362,100,5362,1,0
E,F,F,5098,100,5098,1,0
F,G,F,7005,100,7005,1,0
F,H,F,5468,100,5468,1,0
A,G,G,10605,100,10605,1,0
B,G,G,7066,100,7066,1,0
C,G,G,1402,100,1402,1,0
D,G,G,8865,100,8865,1,0
E,G,G,10650,100,10650,1,0
F,G,G,6997,100,6997,1,0
G,H,G,8815,100,8815,1,0
A,H,H,9910,100,9910,1,0
B,H,H,5760,100,5760,1,0
C,H,H,8929,100,8929,1,0
D,H,H,1473,100,1473,1,0
E,H,H,10150,100,10150,1,0
F,H,H,5484,100,5484,1,0
G,H,H,8855,100,8855,1,0
A,B,A,4782,100,4782,1,0
A,C,A,10668,100,10668,1,0
A,D,A,9543,100,9543,1,0
A,E,A,1412,100,1412,1,0
A,F,A,5063,100,5063,1,0
A,G,A,10669,100,10669,1,0
A,H,A,9992,100,9992,1,0
A,B,B,4773,100,4773,1,0
B,C,B,7004,100,7004,1,0
B,D,B,5301,100,5301,1,0
B,E,B,5189,100,5189,1,0
B,F,B,1345,100,1345,1,0
B,G,B,7081,100,7081,1,0
B,H,B,5822,100,5822,1,0
A,C,C,10622,100,10622,1,0
B,C,C,6979,100,6979,1,0
C,D,C,8784,100,8784,1,0
C,E,C,10807,100,10807,1,0
C,F,C,7194,100,7194,1,0
C,G,C,1339,100,1339,1,0
C,H,C,8915,100,8915,1,0
A,D,D,9524,100,9524,1,0
B,D,D,5238,100,5238,1,0
C,D,D,8753,100,8753,1,0
D,E,D,9907,100,9907,1,0
D,F,D,5348,100,5348,1,0
D,G,D,8903,100,8903,1,0
D,H,D,1494,100,1494,1,0
A,E,E,1420,100,1420,1,0
B,E,E,5196,100,5196,1,0
C,E,E,10816,100,10816,1,0
D,E,E,9928,100,9928,1,0
E,F,E,5092,100,5092,1,0
E,G,E,10650,100,10650,1,0
E,H,E,10145,100,10145,1,0
A,F,F,5032,100,5032,1,0
B,F,F,1313,100,1313,1,0
C,F,F,7209,100,7209,1,0
D,F,F,5344,100,5344,1,0
E,F,F,5138,100,5138,1,0
F,G,F,7021,100,7021,1,0
F,H,F,5459,100,5459,1,0
A,G,G,10644,100,10644,1,0
B,G,G,7071,100,7071,1,0
C,G,G,1380,100,1380,1,0
D,G,G,8873,100,8873,1,0
E,G,G,10649,100,10649,1,0
F,G,G,6995,100,6995,1,0
G,H,G,8881,100,8881,1,0
A,H,H,9953,100,9953,1,0
B,H,H,5749,100,5749,1,0
C,H,H,8909,100,8909,1,0
D,H,H,1465,100,1465,1,0
E,H,H,10153,100,10153,1,0
F,H,H,5476,100,5476,1,0
G,H,H,8889,100,8889,1,0
A,B,A,4804,100,4804,1,0
A,C,A,10682,100,10682,1,0
A,D,A,9541,100,9541,1,0
A,E,A,1436,100,1436,1,0
A,F,A,5065,100,5065,1,0
A,G,A,10657,100,10657,1,0
A,H,A,9965,100,9965,1,0
A,B,B,4782,100,4782,1,0
B,C,B,7040,100,7040,1,0
B,D,B,5300,100,5300,1,0
B,E,B,5246,100,5246,1,0
B,F,B,1354,100,1354,1,0
B,G,B,7056,100,7056,1,0
B,H,B,5729,100,5729,1,0
A,C,C,10619,100,10619,1,0
B,C,C,6967,100,6967,1,0
C,D,C,8746,100,8746,1,0
C,E,C,10829,100,10829,1,0
C,F,C,7192,100,7192,1,0
C,G,C,1381,100,1381,1,0
C,H,C,8955,100,8955,1,0
A,D,D,9538,100,9538,1,0
B,D,D,5336,100,5336,1,0
C,D,D,8728,100,8728,1,0
D,E,D,9931,100,9931,1,0
D,F,D,5353,100,5353,1,0
D,G,D,8897,100,8897,1,0
D,H,D,1502,100,1502,1,0
A,E,E,1446,100,1446,1,0
B,E,E,5155,100,5155,1,0
C,E,E,10782,100,10782,1,0
D,E,E,9965,100,9965,1,0
E,F,E,5131,100,5131,1,0
E,G,E,10645,100,10645,1,0
E,H,E,10150,100,10150,1,0
A,F,F,5057,100,5057,1,0
B,F,F,1369,100,1369,1,0
C,F,F,7200,100,7200,1,0
D,F,F,5368,100,5368,1,0
E,F,F,5097,100,5097,1,0
F,G,F,6998,100,6998,1,0
F,H,F,5433,100,5433,1,0
A,G,G,10637,100,10637,1,0
B,G,G,7076,100,7076,1,0
C,G,G,1380,100,1380,1,0
D,G,G,8936,100,8936,1,0
E,G,G,10612,100,10612,1,0
F,G,G,6996,100,6996,1,0
G,H,G,8855,100,8855,1,0
A,H,H,9968,100,9968,1,0
B,H,H,5722,100,5722,1,0
C,H,H,8944,100,8944,1,0
D,H,H,1492,100,1492,1,0
E,H,H,10146,100,10146,1,0
F,H,H,5403,100,5403,1,0
G,H,H,8880,100,8880,1,0
A,B,A,4759,100,4759,1,0
A,C,A,10621,100,10621,1,0
A,D,A,9516,100,9516,1,0
A,E,A,1403,100,1403,1,0
A,F,A,5074,100,5074,1,0
A,G,A,10613,100,10613,1,0
A,H,A,9988,100,9988,1,0
A,B,B,4792,100,4792,1,0
B,C,B,7015,100,7015,1,0
B,D,B,5278,100,5278,1,0
B,E,B,5196,100,5196,1,0
B,F,B,1360,100,1360,1,0
B,G,B,7105,100,7105,1,0
B,H,B,5690,100,5690,1,0
A,C,C,10613,100,10613,1,0
B,C,C,7011,100,7011,1,0
C,D,C,8736,100,8736,1,0
C,E,C,10843,100,10843,1,0
C,F,C,7201,100,7201,1,0
C,G,C,1384,100,1384,1,0
C,H,C,8967,100,8967,1,0
A,D,D,9528,100,9528,1,0
B,D,D,5334,100,5334,1,0
C,D,D,8725,100,8725,1,0
D,E,D,9935,100,9935,1,0
D,F,D,5352,100,5352,1,0
D,G,D,8925,100,8925,1,0
D,H,D,1500,100,1500,1,0
A,E,E,1370,100,1370,1,0
B,E,E,5155,100,5155,1,0
C,E,E,10844,100,10844,1,0
D,E,E,9944,100,9944,1,0
E,F,E,5112,100,5112,1,0
E,G,E,10611,100,10611,1,0
E,H,E,10132,100,10132,1,0
A,F,F,5061,100,5061,1,0
B,F,F,1342,100,1342,1,0
C,F,F,7209,100,7209,1,0
D,F,F,5357,100,5357,1,0
E,F,F,5108,100,5108,1,0
F,G,F,6970,100,6970,1,0
F,H,F,5422,100,5422,1,0
A,G,G,10641,100,10641,1,0
B,G,G,7076,100,7076,1,0
C,G,G,1371,100,1371,1,0
D,G,G,8871,100,8871,1,0
E,G,G,10613,100,10613,1,0
F,G,G,7005,100,7005,1,0
G,H,G,8871,100,8871,1,0
A,H,H,9936,100,9936,1,0
B,H,H,5722,100,5722,1,0
C,H,H,8932,100,8932,1,0
D,H,H,1467,100,1467,1,0
E,H,H,10140,100,10140,1,0
F,H,H,5432,100,5432,1,0
G,H,H,8897,100,8897,1,0
A,B,A,4811,100,4811,1,0
A,C,A,10639,100,10639,1,0
A,D,A,9505,100,9505,1,0
A,E,A,1397,100,1397,1,0
A,F,A,5072,100,5072,1,0
A,G,A,10607,100,10607,1,0
A,H,A,9946,100,9946,1,0
A,B,B,4765,100,4765,1,0
B,C,B,6976,100,6976,1,0
B,D,B,5330,100,5330,1,0
B,E,B,5191,100,5191,1,0
B,F,B,1380,100,1380,1,0
B,G,B,7074,100,7074,1,0
B,H,B,5789,100,5789,1,0
A,C,C,10631,100,10631,1,0
B,C,C,7005,100,7005,1,0
C,D,C,8749,100,8749,1,0
C,E,C,10818,100,10818,1,0
C,F,C,7184,100,7184,1,0
C,G,C,1351,100,1351,1,0
C,H,C,8910,100,8910,1,0
A,D,D,9525,100,9525,1,0
B,D,D,5259,100,5259,1,0
C,D,D,8717,100,8717,1,0
D,E,D,9896,100,9896,1,0
D,F,D,5384,100,5384,1,0
D,G,D,8919,100,8919,1,0
D,H,D,1514,100,1514,1,0
A,E,E,1427,100,1427,1,0
B,E,E,5175,100,5175,1,0
C,E,E,10822,100,10822,1,0
D,E,E,9951,100,9951,1,0
E,F,E,5122,100,5122,1,0
E,G,E,10652,100,10652,1,0
E,H,E,10116,100,10116,1,0
A,F,F,5014,100,5014,1,0
B,F,F,1356,100,1356,1,0
C,F,F,7175,100,7175,1,0
D,F,F,5332,100,5332,1,0
E,F,F,5101,100,5101,1,0
F,G,F,7008,100,7008,1,0
F,H,F,5469,100,5469,1,0
A,G,G,10599,100,10599,1,0
B,G,G,7082,100,7082,1,0
C,G,G,1380,100,1380,1,0
D,G,G,8889,100,8889,1,0
E,G,G,10632,100,10632,1,0
F,G,G,7006,100,7006,1,0
G,H,G,8868,100,8868,1,0
A,H,H,9914,100,9914,1,0
B,H,H,5721,100,5721,1,0
C,H,H,8948,100,8948,1,0
D,H,H,1541,100,1541,1,0
E,H,H,10128,100,10128,1,0
F,H,H,5433,100,5433,1,0
G,H,H,8889,100,8889,1,0
A,B,A,4796,100,4796,1,0
A,C,A,10696,100,10696,1,0
A,D,A,9545,100,9545,1,0
A,E,A,1379,100,1379,1,0
A,F,A,5087,100,5087,1,0
A,G,A,10637,100,10637,1,0
A,H,A,9943,100,9943,1,0
A,B,B,4773,100,4773,1,0
B,C,B,7064,100,7064,1,0
B,D,B,5256,100,5256,1,0
B,E,B,5190,100,5190,1,0
B,F,B,1346,100,1346,1,0
B,G,B,7063,100,7063,1,0
B,H,B,5752,100,5752,1,0
A,C,C,10608,100,10608,1,0
B,C,C,7028,100,7028,1,0
C,D,C,8753,100,8753,1,0
C,E,C,10771,100,10771,1,0
C,F,C,7200,100,7200,1,0
C,G,C,1388,100,1388,1,0
C,H,C,8952,100,8952,1,0
A,D,D,9518,100,9518,1,0
B,D,D,5328,100,5328,1,0
C,D,D,8772,100,8772,1,0
D,E,D,9923,100,9923,1,0
D,F,D,5359,100,5359,1,0
D,G,D,8881,100,8881,1,0
D,H,D,1457,100,1457,1,0
A,E,E,1386,100,1386,1,0
B,E,E,5162,100,5162,1,0
C,E,E,10834,100,10834,1,0
D,E,E,9899,100,9899,1,0
E,F,E,5104,100,5104,1,0
E,G,E,10621,100,10621,1,0
E,H,E,10154,100,10154,1,0
A,F,F,5082,100,5082,1,0
B,F,F,1364,100,1364,1,0
C,F,F,7218,100,7218,1,0
D,F,F,5380,100,5380,1,0
E,F,F,5123,100,5123,1,0
F,G,F,6970,100,6970,1,0
F,H,F,5465,100,5465,1,0
A,G,G,10643,100,10643,1,0
B,G,G,7073,100,7073,1,0
C,G,G,1367,100,1367,1,0
D,G,G,8919,100,8919,1,0
E,G,G,10649,100,10649,1,0
F,G,G,7003,100,7003,1,0
G,H,G,8861,100,8861,1,0
A,H,H,9983,100,9983,1,0
B,H,H,5730,100,5730,1,0
C,H,H,8930,100,8930,1,0
D,H,H,1500,100,1500,1,0
E,H,H,10149,100,10149,1,0
F,H,H,5473,100,5473,1,0
G,H,H,8830,100,8830,1,0
A,B,A,4823,100,4823,1,0
A,C,A,10673,100,10673,1,0
A,D,A,9524,100,9524,1,0
A,E,A,1377,100,1377,1,0
A,F,A,5059,100,5059,1,0
A,G,A,10645,100,10645,1,0
A,H,A,9954,100,9954,1,0
A,B,B,4748,100,4748,1,0
B,C,B,7001,100,7001,1,0
B,D,B,5276,100,5276,1,0
B,E,B,5181,100,5181,1,0
B,F,B,1379,100,1379,1,0
B,G,B,7080,100,7080,1,0
B,H,B,5793,100,5793,1,0
A,C,C,10630,100,10630,1,0
B,C,C,7047,100,7047,1,0
C,D,C,8733,100,8733,1,0
C,E,C,10794,100,10794,1,0
C,F,C,7197,100,7197,1,0
C,G,C,1369,100,1369,1,0
C,H,C,8929,100,8929,1,0
A,D,D,9525,100,9525,1,0
B,D,D,5304,100,5304,1,0
C,D,D,8729,100,8729,1,0
D,E,D,9918,100,9918,1,0
D,F,D,5355,100,5355,1,0
D,G,D,8903,100,8903,1,0
D,H,D,1459,100,1459,1,0
A,E,E,1397,100,1397,1,0
B,E,E,5207,100,5207,1,0
C,E,E,10791,100,10791,1,0
D,E,E,9887,100,9887,1,0
E,F,E,5124,100,5124,1,0
E,G,E,10620,100,10620,1,0
E,H,E,10123,100,10123,1,0
A,F,F,5061,100,5061,1,0
B,F,F,1344,100,1344,1,0
C,F,F,7181,100,7181,1,0
D,F,F,5350,100,5350,1,0
E,F,F,5120,100,5120,1,0
F,G,F,6994,100,6994,1,0
F,H,F,5447,100,5447,1,0
A,G,G,10584,100,10584,1,0
B,G,G,7093,100,7093,1,0
C,G,G,1371,100,1371,1,0
D,G,G,8905,100,8905,1,0
E,G,G,10673,100,10673,1,0
F,G,G,7010,100,7010,1,0
G,H,G,8872,100,8872,1,0
A,H,H,9963,100,9963,1,0
B,H,H,5706,100,5706,1,0
C,H,H,8937,100,8937,1,0
D,H,H,1523,100,1523,1,0
E,H,H,10169,100,10169,1,0
F,H,H,5433,100,5433,1,0
G,H,H,8857,100,8857,1,0
A,B,A,4789,100,4789,1,0
A,C,A,10621,100,10621,1,0
A,D,A,9518,100,9518,1,0
A,E,A,1446,100,1446,1,0
A,F,A,5077,100,5077,1,0
A,G,A,10626,100,10626,1,0
A,H,A,9920,100,9920,1,0
A,B,B,4806,100,4806,1,0
B,C,B,7010,100,7010,1,0
B,D,B,5307,100,5307,1,0
B,E,B,5195,100,5195,1,0
B,F,B,1353,100,1353,1,0
B,G,B,7093,100,7093,1,0
B,H,B,5701,100,5701,1,0
A,C,C,10596,100,10596,1,0
B,C,C,7048,100,7048,1,0
C,D,C,8700,100,8700,1,0
C,E,C,10819,100,10819,1,0
C,F,C,7191,100,7191,1,0
C,G,C,1353,100,1353,1,0
C,H,C,8946,100,8946,1,0
A,D,D,9511,100,9511,1,0
B,D,D,5248,100,5248,1,0
C,D,D,8753,100,8753,1,0
D,E,D,9881,100,9881,1,0
D,F,D,5368,100,5368,1,0
D,G,D,8862,100,8862,1,0
D,H,D,1487,100,1487,1,0
A,E,E,1388,100,1388,1,0
B,E,E,5139,100,5139,1,0
C,E,E,10781,100,10781,1,0
D,E,E,9904,100,9904,1,0
E,F,E,5111,100,5111,1,0
E,G,E,10632,100,10632,1,0
E,H,E,10146,100,10146,1,0
A,F,F,5086,100,5086,1,0
B,F,F,1358,100,1358,1,0
C,F,F,7204,100,7204,1,0
D,F,F,5358,100,5358,1,0
E,F,F,5079,100,5079,1,0
F,G,F,6995,100,6995,1,0
F,H,F,5403,100,5403,1,0
A,G,G,10640,100,10640,1,0
B,G,G,7062,100,7062,1,0
C,G,G,1398,100,1398,1,0
D,G,G,8870,100,8870,1,0
E,G,G,10637,100,10637,1,0
F,G,G,6982,100,6982,1,0
G,H,G,8846,100,8846,1,0
A,H,H,9950,100,9950,1,0
B,H,H,5743,100,5743,1,0
C,H,H,8964,100,8964,1,0
D,H,H,1480,100,1480,1,0
E,H,H,10105,100,10105,1,0
F,H,H,5445,100,5445,1,0
G,H,H,8864,100,8864,1,0
A,B,A,4785,100,4785,1,0
A,C,A,10652,100,10652,1,0
A,D,A,9539,100,9539,1,0
A,E,A,1370,100,1370,1,0
A,F,A,5084,100,5084,1,0
A,G,A,10562,100,10562,1,0
A,H,A,9970,100,9970,1,0
A,B,B,4772,100,4772,1,0
B,C,B,6999,100,6999,1,0
B,D,B,5313,100,5313,1,0
B,E,B,5196,100,5196,1,0
B,F,B,1374,100,1374,1,0
B,G,B,7061,100,7061,1,0
B,H,B,5705,100,5705,1,0
A,C,C,10607,100,10607,1,0
B,C,C,7012,100,7012,1,0
C,D,C,8733,100,8733,1,0
C,E,C,10809,100,10809,1,0
C,F,C,7173,100,7173,1,0
C,G,C,1350,100,1350,1,0
C,H,C,8971,100,8971,1,0
A,D,D,9549,100,9549,1,0
B,D,D,5295,100,5295,1,0
C,D,D,8702,100,8702,1,0
D,E,D,9914,100,9914,1,0
D,F,D,5359,100,5359,1,0
D,G,D,8895,100,8895,1,0
D,H,D,1539,100,1539,1,0
A,E,E,1384,100,1384,1,0
B,E,E,5196,100,5196,1,0
C,E,E,10822,100,10822,1,0
D,E,E,9891,100,9891,1,0
E,F,E,5114,100,5114,1,0
E,G,E,10627,100,10627,1,0
E,H,E,10150,100,10150,1,0
A,F,F,5043,100,5043,1,0
B,F,F,1330,100,1330,1,0
C,F,F,7187,100,7187,1,0
D,F,F,5374,100,5374,1,0
E,F,F,5112,100,5112,1,0
F,G,F,6991,100,6991,1,0
F,H,F,5475,100,5475,1,0
A,G,G,10632,100,10632,1,0
B,G,G,7056,100,7056,1,0
C,G,G,1374,100,1374,1,0
D,G,G,8904,100,8904,1,0
E,G,G,10653,100,10653,1,0
F,G,G,7000,100,7000,1,0
G,H,G,8893,100,8893,1,0
A,H,H,9947,100,9947,1,0
B,H,H,5750,100,5750,1,0
C,H,H,8941,100,8941,1,0
D,H,H,1463,100,1463,1,0
E,H,H,10096,100,10096,1,0
F,H,H,5478,100,5478,1,0
G,H,H,8896,100,8896,1,0
A,B,A,4749,100,4749,1,0
A,C,A,10628,100,10628,1,0
A,D,A,9542,100,9542,1,0
A,E,A,1454,100,1454,1,0
A,F,A,5048,100,5048,1,0
A,G,A,10661,100,10661,1,0
A,H,A,9931,100,9931,1,0
A,B,B,4746,100,4746,1,0
B,C,B,7034,100,7034,1,0
B,D,B,5269,100,5269,1,0
B,E,B,5204,100,5204,1,0
B,F,B,1309,100,1309,1,0
B,G,B,7030,100,7030,1,0
B,H,B,5731,100,5731,1,0
A,C,C,10636,100,10636,1,0
B,C,C,7035,100,7035,1,0
C,D,C,8750,100,8750,1,0
C,E,C,10832,100,10832,1,0
C,F,C,7166,100,7166,1,0
C,G,C,1333,100,1333,1,0
C,H,C,8957,100,8957,1,0
A,D,D,9524,100,9524,1,0
B,D,D,5306,100,5306,1,0
C,D,D,8754,100,8754,1,0
D,E,D,9931,100,9931,1,0
D,F,D,5353,100,5353,1,0
D,G,D,8876,100,8876,1,0
D,H,D,1467,100,1467,1,0
A,E,E,1396,100,1396,1,0
B,E,E,5175,100,5175,1,0
C,E,E,10797,100,10797,1,0
D,E,E,10025,100,10025,1,0
E,F,E,5078,100,5078,1,0
E,G,E,10650,100,10650,1,0
E,H,E,10141,100,10141,1,0
A,F,F,5080,100,5080,1,0
B,F,F,1351,100,1351,1,0
C,F,F,7165,100,7165,1,0
D,F,F,5364,100,5364,1,0
E,F,F,5105,100,5105,1,0
F,G,F,6977,100,6977,1,0
F,H,F,5425,100,5425,1,0
A,G,G,10644,100,10644,1,0
B,G,G,7078,100,7078,1,0
C,G,G,1392,100,1392,1,0
D,G,G,8910,100,8910,1,0
E,G,G,10643,100,10643,1,0
F,G,G,7013,100,7013,1,0
G,H,G,8857,100,8857,1,0
A,H,H,9941,100,9941,1,0
B,H,H,5769,100,5769,1,0
C,H,H,8944,100,8944,1,0
D,H,H,1507,100,1507,1,0
E,H,H,10114,100,10114,1,0
F,H,H,5433,100,5433,1,0
G,H,H,8873,100,8873,1,0
A,B,A,4748,100,4748,1,0
A,C,A,10662,100,10662,1,0
A,D,A,9520,100,9520,1,0
A,E,A,1418,100,1418,1,0
A,F,A,5079,100,5079,1,0
A,G,A,10647,100,10647,1,0
A,H,A,9932,100,9932,1,0
A,B,B,4757,100,4757,1,0
B,C,B,7000,100,7000,1,0
B,D,B,5313,100,5313,1,0
B,E,B,5201,100,5201,1,0
B,F,B,1338,100,1338,1,0
B,G,B,7089,100,7089,1,0
B,H,B,5781,100,5781,1,0
A,C,C,10644,100,10644,1,0
B,C,C,6995,100,6995,1,0
C,D,C,8718,100,8718,1,0
C,E,C,10819,100,10819,1,0
C,F,C,7221,100,7221,1,0
C,G,C,1407,100,1407,1,0
C,H,C,8937,100,8937,1,0
A,D,D,9546,100,9546,1,0
B,D,D,5252,100,5252,1,0
C,D,D,8737,100,8737,1,0
D,E,D,9963,100,9963,1,0
D,F,D,5397,100,5397,1,0
D,G,D,8874,100,8874,1,0
D,H,D,1486,100,1486,1,0
A,E,E,1421,100,1421,1,0
B,E,E,5173,100,5173,1,0
C,E,E,10791,100,10791,1,0
D,E,E,9900,100,9900,1,0
E,F,E,5086,100,5086,1,0
E,G,E,10636,100,10636,1,0
E,H,E,10120,100,10120,1,0
A,F,F,5053,100,5053,1,0
B,F,F,1362,100,1362,1,0
C,F,F,7196,100,7196,1,0
D,F,F,5351,100,5351,1,0
E,F,F,5107,100,5107,1,0
F,G,F,7008,100,7008,1,0
F,H,F,5440,100,5440,1,0
A,G,G,10609,100,10609,1,0
B,G,G,7051,100,7051,1,0
C,G,G,1366,100,1366,1,0
D,G,G,8917,100,8917,1,0
E,G,G,10614,100,10614,1,0
F,G,G,7000,100,7000,1,0
G,H,G,8884,100,8884,1,0
A,H,H,9941,100,9941,1,0
B,H,H,5726,100,5726,1,0
C,H,H,8966,100,8966,1,0
D,H,H,1461,100,1461,1,0
E,H,H,10136,100,10136,1,0
F,H,H,5437,100,5437,1,0
G,H,H,8900,100,8900,1,0
A,B,A,4771,100,4771,1,0
A,C,A,10635,100,10635,1,0
A,D,A,9516,100,9516,1,0
A,E,A,1436,100,1436,1,0
A,F,A,5068,100,5068,1,0
A,G,A,10663,100,10663,1,0
A,H,A,9934,100,9934,1,0
A,B,B,4774,100,4774,1,0
B,C,B,7047,100,7047,1,0
B,D,B,5296,100,5296,1,0
B,E,B,5130,100,5130,1,0
B,F,B,1329,100,1329,1,0
B,G,B,7084,100,7084,1,0
B,H,B,5759,100,5759,1,0
A,C,C,10678,100,10678,1,0
B,C,C,7052,100,7052,1,0
C,D,C,8765,100,8765,1,0
C,E,C,10829,100,10829,1,0
C,F,C,7186,100,7186,1,0
C,G,C,1406,100,1406,1,0
C,H,C,8951,100,8951,1,0
A,D,D,9516,100,9516,1,0
B,D,D,5271,100,5271,1,0
C,D,D,8754,100,8754,1,0
D,E,D,9872,100,9872,1,0
D,F,D,5334,100,5334,1,0
D,G,D,8917,100,8917,1,0
D,H,D,1505,100,1505,1,0
A,E,E,1410,100,1410,1,0
B,E,E,5175,100,5175,1,0
C,E,E,10843,100,10843,1,0
D,E,E,9862,100,9862,1,0
E,F,E,5115,100,5115,1,0
E,G,E,10632,100,10632,1,0
E,H,E,10115,100,10115,1,0
A,F,F,5065,100,5065,1,0
B,F,F,1348,100,1348,1,0
C,F,F,7221,100,7221,1,0
D,F,F,5346,100,5346,1,0
E,F,F,5119,100,5119,1,0
F,G,F,6996,100,6996,1,0
F,H,F,5436,100,5436,1,0
A,G,G,10593,100,10593,1,0
B,G,G,7082,100,7082,1,0
C,G,G,1401,100,1401,1,0
D,G,G,8921,100,8921,1,0
E,G,G,10673,100,10673,1,0
F,G,G,7025,100,7025,1,0
G,H,G,8870,100,8870,1,0
A,H,H,9953,100,9953,1,0
B,H,H,5731,100,5731,1,0
C,H,H,8971,100,8971,1,0
D,H,H,1545,100,1545,1,0
E,H,H,10136,100,10136,1,0
F,H,H,5447,100,5447,1,0
G,H,H,8835,100,8835,1,0
A,B,A,4756,100,4756,1,0
A,C,A,10624,100,10624,1,0
A,D,A,9527,100,9527,1,0
A,E,A,1385,100,1385,1,0
A,F,A,5094,100,5094,1,0
A,G,A,10637,100,10637,1,0
A,H,A,9962,100,9962,1,0
A,B,B,4785,100,4785,1,0
B,C,B,7038,100,7038,1,0
B,D,B,5301,100,5301,1,0
B,E,B,5194,100,5194,1,0
B,F,B,1365,100,1365,1,0
B,G,B,7076,100,7076,1,0
B,H,B,5746,100,5746,1,0
A,C,C,10633,100,10633,1,0
B,C,C,6996,100,6996,1,0
C,D,C,8736,100,8736,1,0
C,E,C,10789,100,10789,1,0
C,F,C,7173,100,7173,1,0
C,G,C,1314,100,1314,1,0
C,H,C,8936,100,8936,1,0
A,D,D,9549,100,9549,1,0
B,D,D,5272,100,5272,1,0
C,D,D,8727,100,8727,1,0
D,E,D,9880,100,9880,1,0
D,F,D,5324,100,5324,1,0
D,G,D,8923,100,8923,1,0
D,H,D,1509,100,1509,1,0
A,E,E,1439,100,1439,1,0
B,E,E,5218,100,5218,1,0
C,E,E,10813,100,10813,1,0
D,E,E,9935,100,9935,1,0
E,F,E,5114,100,5114,1,0
E,G,E,10653,100,10653,1,0
E,H,E,10126,100,10126,1,0
A,F,F,5053,100,5053,1,0
B,F,F,1334,100,1334,1,0
C,F,F,7177,100,7177,1,0
D,F,F,5390,100,5390,1,0
E,F,F,5094,100,5094,1,0
F,G,F,6984,100,6984,1,0
F,H,F,5429,100,5429,1,0
A,G,G,10644,100,10644,1,0
B,G,G,7089,100,7089,1,0
C,G,G,1369,100,1369,1,0
D,G,G,8908,100,8908,1,0
E,G,G,10656,100,10656,1,0
F,G,G,7017,100,7017,1,0
G,H,G,8886,100,8886,1,0
A,H,H,9979,100,9979,1,0
B,H,H,5763,100,5763,1,0
C,H,H,8960,100,8960,1,0
D,H,H,1478,100,1478,1,0
E,H,H,10162,100,10162,1,0
F,H,H,5476,100,5476,1,0
G,H,H,8894,100,8894,1,0
A,B,A,4769,100,4769,1,0
A,C,A,10636,100,10636,1,0
A,D,A,9524,100,9524,1,0
A,E,A,1428,100,1428,1,0
A,F,A,5051,100,5051,1,0
A,G,A,10607,100,10607,1,0
A,H,A,9962,100,9962,1,0
A,B,B,4824,100,4824,1,0
B,C,B,7001,100,7001,1,0
B,D,B,5306,100,5306,1,0
B,E,B,5166,100,5166,1,0
B,F,B,1371,100,1371,1,0
B,G,B,7078,100,7078,1,0
B,H,B,5752,100,5752,1,0
A,C,C,10605,100,10605,1,0
B,C,C,7015,100,7015,1,0
C,D,C,8754,100,8754,1,0
C,E,C,10832,100,10832,1,0
C,F,C,7188,100,7188,1,0
C,G,C,1362,100,1362,1,0
C,H,C,8939,100,8939,1,0
A,D,D,9531,100,9531,1,0
B,D,D,5284,100,5284,1,0
C,D,D,8759,100,8759,1,0
D,E,D,9881,100,9881,1,0
D,F,D,5376,100,5376,1,0
D,G,D,8900,100,8900,1,0
D,H,D,1465,100,1465,1,0
A,E,E,1438,100,1438,1,0
B,E,E,5193,100,5193,1,0
C,E,E,10817,100,10817,1,0
D,E,E,9946,100,9946,1,0
E,F,E,5126,100,5126,1,0
E,G,E,10630,100,10630,1,0
E,H,E,10145,100,10145,1,0
A,F,F,5035,100,5035,1,0
B,F,F,1369,100,1369,1,0
C,F,F,7208,100,7208,1,0
D,F,F,5379,100,5379,1,0
E,F,F,5094,100,5094,1,0
F,G,F,6974,100,6974,1,0
F,H,F,5480,100,5480,1,0
A,G,G,10660,100,10660,1,0
B,G,G,7084,100,7084,1,0
C,G,G,1410,100,1410,1,0
D,G,G,8867,100,8867,1,0
E,G,G,10608,100,10608,1,0
F,G,G,7000,100,7000,1,0
G,H,G,8832,100,8832,1,0
A,H,H,9935,100,9935,1,0
B,H,H,5750,100,5750,1,0
C,H,H,8989,100,8989,1,0
D,H,H,1471,100,1471,1,0
E,H,H,10155,100,10155,1,0
F,H,H,5456,100,5456,1,0
G,H,H,8907,100,8907,1,0
A,B,A,4726,100,4726,1,0
A,C,A,10608,100,10608,1,0
A,D,A,9557,100,9557,1,0
A,E,A,1407,100,1407,1,0
A,F,A,5052,100,5052,1,0
A,G,A,10646,100,10646,1,0
A,H,A,9949,100,9949,1,0
A,B,B,4745,100,4745,1,0
B,C,B,6974,100,6974,1,0
B,D,B,5308,100,5308,1,0
B,E,B,5197,100,5197,1,0
B,F,B,1361,100,1361,1,0
B,G,B,7094,100,7094,1,0
B,H,B,5774,100,5774,1,0
A,C,C,10622,100,10622,1,0
B,C,C,7035,100,7035,1,0
C,D,C,8717,100,8717,1,0
C,E,C,10782,100,10782,1,0
C,F,C,7176,100,7176,1,0
C,G,C,1380,100,1380,1,0
C,H,C,8938,100,8938,1,0
A,D,D,9522,100,9522,1,0
B,D,D,5264,100,5264,1,0
C,D,D,8736,100,8736,1,0
D,E,D,9916,100,9916,1,0
D,F,D,5364,100,5364,1,0
D,G,D,8882,100,8882,1,0
D,H,D,1494,100,1494,1,0
A,E,E,1357,100,1357,1,0
B,E,E,5176,100,5176,1,0
C,E,E,10808,100,10808,1,0
D,E,E,9904,100,9904,1,0
E,F,E,5094,100,5094,1,0
E,G,E,10641,100,10641,1,0
E,H,E,10107,100,10107,1,0
A,F,F,5082,100,5082,1,0
B,F,F,1363,100,1363,1,0
C,F,F,7199,100,7199,1,0
D,F,F,5354,100,5354,1,0
E,F,F,5075,100,5075,1,0
F,G,F,7018,100,7018,1,0
F,H,F,5438,100,5438,1,0
A,G,G,10647,100,10647,1,0
B,G,G,7046,100,7046,1,0
C,G,G,1398,100,1398,1,0
D,G,G,8872,100,8872,1,0
E,G,G,10633,100,10633,1,0
F,G,G,7006,100,7006,1,0
G,H,G,8871,100,8871,1,0
A,H,H,9944,100,9944,1,0
B,H,H,5757,100,5757,1,0
C,H,H,8956,100,8956,1,0
D,H,H,1488,100,1488,1,0
E,H,H,10115,100,10115,1,0
F,H,H,5476,100,5476,1,0
G,H,H,8832,100,8832,1,0
A,B,A,4776,100,4776,1,0
A,C,A,10654,100,10654,1,0
A,D,A,9535,100,9535,1,0
A,E,A,1397,100,1397,1,0
A,F,A,5025,100,5025,1,0
A,G,A,10659,100,10659,1,0
A,H,A,9962,100,9962,1,0
A,B,B,4740,100,4740,1,0
B,C,B,6994,100,6994,1,0
B,D,B,5283,100,5283,1,0
B,E,B,5213,100,5213,1,0
B,F,B,1337,100,1337,1,0
B,G,B,7085,100,7085,1,0
B,H,B,5716,100,5716,1,0
A,C,C,10683,100,10683,1,0
B,C,C,7012,100,7012,1,0
C,D,C,8747,100,8747,1,0
C,E,C,10810,100,10810,1,0
C,F,C,7199,100,7199,1,0
C,G,C,1358,100,1358,1,0
C,H,C,8928,100,8928,1,0
A,D,D,9506,100,9506,1,0
B,D,D,5315,100,5315,1,0
C,D,D,8766,100,8766,1,0
D,E,D,9985,100,9985,1,0
D,F,D,5360,100,5360,1,0
D,G,D,8888,100,8888,1,0
D,H,D,1504,100,1504,1,0
A,E,E,1438,100,1438,1,0
B,E,E,5202,100,5202,1,0
C,E,E,10856,100,10856,1,0
D,E,E,9866,100,9866,1,0
E,F,E,5079,100,5079,1,0
E,G,E,10632,100,10632,1,0
E,H,E,10100,100,10100,1,0
A,F,F,5049,100,5049,1,0
B,F,F,1334,100,1334,1,0
C,F,F,7200,100,7200,1,0
D,F,F,5379,100,5379,1,0
E,F,F,5113,100,5113,1,0
F,G,F,6997,100,6997,1,0
F,H,F,5415,100,5415,1,0
A,G,G,10583,100,10583,1,0
B,G,G,7093,100,7093,1,0
C,G,G,1385,100,1385,1,0
D,G,G,8900,100,8900,1,0
E,G,G,10609,100,10609,1,0
F,G,G,6985,100,6985,1,0
G,H,G,8882,100,8882,1,0
A,H,H,9971,100,9971,1,0
B,H,H,5751,100,5751,1,0
C,H,H,8952,100,8952,1,0
D,H,H,1474,100,1474,1,0
E,H,H,10145,100,10145,1,0
F,H,H,5461,100,5461,1,0
G,H,H,8847,100,8847,1,0
A,B,A,4800,100,4800,1,0
A,C,A,10685,100,10685,1,0
A,D,A,9531,100,9531,1,0
A,E,A,1431,100,1431,1,0
A,F,A,5046,100,5046,1,0
A,G,A,10648,100,10648,1,0
A,H,A,9951,100,9951,1,0
A,B,B,4778,100,4778,1,0
B,C,B,6979,100,6979,1,0
B,D,B,5310,100,5310,1,0
B,E,B,5221,100,5221,1,0
B,F,B,1381,100,1381,1,0
B,G,B,7091,100,7091,1,0
B,H,B,5701,100,5701,1,0
A,C,C,10636,100,10636,1,0
B,C,C,6998,100,6998,1,0
C,D,C,8758,100,8758,1,0
C,E,C,10828,100,10828,1,0
C,F,C,7199,100,7199,1,0
C,G,C,1389,100,1389,1,0
C,H,C,8962,100,8962,1,0
A,D,D,9535,100,9535,1,0
B,D,D,5309,100,5309,1,0
C,D,D,8789,100,8789,1,0
D,E,D,9945,100,9945,1,0
D,F,D,5395,100,5395,1,0
D,G,D,8913,100,8913,1,0
D,H,D,1571,100,1571,1,0
A,E,E,1429,100,1429,1,0
B,E,E,5169,100,5169,1,0
C,E,E,10828,100,10828,1,0
D,E,E,9938,100,9938,1,0
E,F,E,5090,100,5090,1,0
E,G,E,10658,100,10658,1,0
E,H,E,10175,100,10175,1,0
A,F,F,5041,100,5041,1,0
B,F,F,1315,100,1315,1,0
C,F,F,7215,100,7215,1,0
D,F,F,5362,100,5362,1,0
E,F,F,5085,100,5085,1,0
F,G,F,6972,100,6972,1,0
F,H,F,5441,100,5441,1,0
A,G,G,10617,100,10617,1,0
B,G,G,7131,100,7131,1,0
C,G,G,1411,100,1411,1,0
D,G,G,8888,100,8888,1,0
E,G,G,10647,100,10647,1,0
F,G,G,6999,100,6999,1,0
G,H,G,8825,100,8825,1,0
A,H,H,9924,100,9924,1,0
B,H,H,5781,100,5781,1,0
C,H,H,8925,100,8925,1,0
D,H,H,1540,100,1540,1,0
E,H,H,10123,100,10123,1,0
F,H,H,5469,100,5469,1,0
G,H,H,8879,100,8879,1,0
A,B,A,4766,100,4766,1,0
A,C,A,10634,100,10634,1,0
A,D,A,9530,100,9530,1,0
A,E,A,1393,100,1393,1,0
A,F,A,4995,100,4995,1,0
A,G,A,10660,100,10660,1,0
A,H,A,9959,100,9959,1,0
A,B,B,4770,100,4770,1,0
B,C,B,6992,100,6992,1,0
B,D,B,5314,100,5314,1,0
B,E,B,5194,100,5194,1,0
B,F,B,1365,100,1365,1,0
B,G,B,7080,100,7080,1,0
B,H,B,5710,100,5710,1,0
A,C,C,10637,100,10637,1,0
B,C,C,6999,100,6999,1,0
C,D,C,8734,100,8734,1,0
C,E,C,10871,100,10871,1,0
C,F,C,7207,100,7207,1,0
C,G,C,1361,100,1361,1,0
C,H,C,8987,100,8987,1,0
A,D,D,9492,100,9492,1,0
B,D,D,5271,100,5271,1,0
C,D,D,8721,100,8721,1,0
D,E,D,9902,100,9902,1,0
D,F,D,5388,100,5388,1,0
D,G,D,8908,100,8908,1,0
D,H,D,1478,100,1478,1,0
A,E,E,1380,100,1380,1,0
B,E,E,5144,100,5144,1,0
C,E,E,10802,100,10802,1,0
D,E,E,9970,100,9970,1,0
E,F,E,5142,100,5142,1,0
E,G,E,10633,100,10633,1,0
E,H,E,10153,100,10153,1,0
A,F,F,5065,100,5065,1,0
B,F,F,1356,100,1356,1,0
C,F,F,7191,100,7191,1,0
D,F,F,5385,100,5385,1,0
E,F,F,5079,100,5079,1,0
F,G,F,7013,100,7013,1,0
F,H,F,5445,100,5445,1,0
A,G,G,10608,100,10608,1,0
B,G,G,7104,100,7104,1,0
C,G,G,1318,100,1318,1,0
D,G,G,8925,100,8925,1,0
E,G,G,10657,100,10657,1,0
F,G,G,6989,100,6989,1,0
G,H,G,8872,100,8872,1,0
A,H,H,9944,100,9944,1,0
B,H,H,5743,100,5743,1,0
C,H,H,8938,100,8938,1,0
D,H,H,1467,100,1467,1,0
E,H,H,10178,100,10178,1,0
F,H,H,5490,100,5490,1,0
G,H,H,8855,100,8855,1,0
A,B,A,4750,100,4750,1,0
A,C,A,10640,100,10640,1,0
A,D,A,9542,100,9542,1,0
A,E,A,1418,100,1418,1,0
A,F,A,5093,100,5093,1,0
A,G,A,10613,100,10613,1,0
A,H,A,9981,100,9981,1,0
A,B,B,4786,100,4786,1,0
B,C,B,6997,100,6997,1,0
B,D,B,5292,100,5292,1,0
B,E,B,5202,100,5202,1,0
B,F,B,1341,100,1341,1,0
B,G,B,7078,100,7078,1,0
B,H,B,5718,100,5718,1,0
A,C,C,10623,100,10623,1,0
B,C,C,7000,100,7000,1,0
C,D,C,8709,100,8709,1,0
C,E,C,10848,100,10848,1,0
C,F,C,7198,100,7198,1,0
C,G,C,1359,100,1359,1,0
C,H,C,8931,100,8931,1,0
A,D,D,9528,100,9528,1,0
B,D,D,5315,100,5315,1,0
C,D,D,8720,100,8720,1,0
D,E,D,9955,100,9955,1,0
D,F,D,5368,100,5368,1,0
D,G,D,8887,100,8887,1,0
D,H,D,1498,100,1498,1,0
A,E,E,1435,100,1435,1,0
B,E,E,5167,100,5167,1,0
C,E,E,10831,100,10831,1,0
D,E,E,9930,100,9930,1,0
E,F,E,5075,100,5075,1,0
E,G,E,10609,100,10609,1,0
E,H,E,10180,100,10180,1,0
A,F,F,5018,100,5018,1,0
B,F,F,1365,100,1365,1,0
C,F,F,7201,100,7201,1,0
D,F,F,5351,100,5351,1,0
E,F,F,5080,100,5080,1,0
F,G,F,6992,100,6992,1,0
F,H,F,5438,100,5438,1,0
A,G,G,10615,100,10615,1,0
B,G,G,7057,100,7057,1,0
C,G,G,1361,100,1361,1,0
D,G,G,8910,100,8910,1,0
E,G,G,10648,100,10648,1,0
F,G,G,7007,100,7007,1,0
G,H,G,8899,100,8899,1,0
A,H,H,9939,100,9939,1,0
B,H,H,5771,100,5771,1,0
C,H,H,8940,100,8940,1,0
D,H,H,1497,100,1497,1,0
E,H,H,10129,100,10129,1,0
F,H,H,5427,100,5427,1,0
G,H,H,8873,100,8873,1,0
A,B,A,4789,100,4789,1,0
A,C,A,10661,100,10661,1,0
A,D,A,9535,100,9535,1,0
A,E,A,1452,100,1452,1,0
A,F,A,5023,100,5023,1,0
A,G,A,10614,100,10614,1,0
A,H,A,9959,100,9959,1,0
A,B,B,4766,100,4766,1,0
B,C,B,6997,100,6997,1,0
B,D,B,5303,100,5303,1,0
B,E,B,5190,100,5190,1,0
B,F,B,1386,100,1386,1,0
B,G,B,7057,100,7057,1,0
B,H,B,5756,100,5756,1,0
A,C,C,10658,100,10658,1,0
B,C,C,7005,100,7005,1,0
C,D,C,8741,100,8741,1,0
C,E,C,10834,100,10834,1,0
C,F,C,7169,100,7169,1,0
C,G,C,1386,100,1386,1,0
C,H,C,8939,100,8939,1,0
A,D,D,9555,100,9555,1,0
B,D,D,5331,100,5331,1,0
C,D,D,8729,100,8729,1,0
D,E,D,9904,100,9904,1,0
D,F,D,5358,100,5358,1,0
D,G,D,8867,100,8867,1,0
D,H,D,1560,100,1560,1,0
A,E,E,1423,100,1423,1,0
B,E,E,5181,100,5181,1,0
C,E,E,10834,100,10834,1,0
D,E,E,9882,100,9882,1,0
E,F,E,5113,100,5113,1,0
E,G,E,10610,100,10610,1,0
E,H,E,10133,100,10133,1,0
A,F,F,5055,100,5055,1,0
B,F,F,1363,100,1363,1,0
C,F,F,7181,100,7181,1,0
D,F,F,5360,100,5360,1,0
E,F,F,5111,100,5111,1,0
F,G,F,6989,100,6989,1,0
F,H,F,5430,100,5430,1,0
A,G,G,10643,100,10643,1,0
B,G,G,7094,100,7094,1,0
C,G,G,1344,100,1344,1,0
D,G,G,8883,100,8883,1,0
E,G,G,10656,100,10656,1,0
F,G,G,7005,100,7005,1,0
G,H,G,8847,100,8847,1,0
A,H,H,9917,100,9917,1,0
B,H,H,5695,100,5695,1,0
C,H,H,8955,100,8955,1,0
D,H,H,1489,100,1489,1,0
E,H,H,10156,100,10156,1,0
F,H,H,5426,100,5426,1,0
G,H,H,8850,100,8850,1,0
A,B,A,4785,100,4785,1,0
A,C,A,10613,100,10613,1,0
A,D,A,9522,100,9522,1,0
A,E,A,1465,100,1465,1,0
A,F,A,5058,100,5058,1,0
A,G,A,10641,100,10641,1,0
A,H,A,9934,100,9934,1,0
A,B,B,4759,100,4759,1,0
B,C,B,6980,100,6980,1,0
B,D,B,5250,100,5250,1,0
B,E,B,5177,100,5177,1,0
B,F,B,1373,100,1373,1,0
B,G,B,7069,100,7069,1,0
B,H,B,5734,100,5734,1,0
A,C,C,10660,100,10660,1,0
B,C,C,7017,100,7017,1,0
C,D,C,8728,100,8728,1,0
C,E,C,10801,100,10801,1,0
C,F,C,7187,100,7187,1,0
C,G,C,1368,100,1368,1,0
C,H,C,8932,100,8932,1,0
A,D,D,9526,100,9526,1,0
B,D,D,5256,100,5256,1,0
C,D,D,8722,100,8722,1,0
D,E,D,9957,100,9957,1,0
D,F,D,5350,100,5350,1,0
D,G,D,8912,100,8912,1,0
D,H,D,1475,100,1475,1,0
A,E,E,1388,100,1388,1,0
B,E,E,5137,100,5137,1,0
C,E,E,10837,100,10837,1,0
D,E,E,9939,100,9939,1,0
E,F,E,5092,100,5092,1,0
E,G,E,10638,100,10638,1,0
E,H,E,10121,100,10121,1,0
A,F,F,5077,100,5077,1,0
B,F,F,1380,100,1380,1,0
C,F,F,7209,100,7209,1,0
D,F,F,5376,100,5376,1,0
E,F,F,5108,100,5108,1,0
F,G,F,6971,100,6971,1,0
F,H,F,5423,100,5423,1,0
A,G,G,10627,100,10627,1,0
B,G,G,7103,100,7103,1,0
C,G,G,1336,100,1336,1,0
D,G,G,8869,100,8869,1,0
E,G,G,10636,100,10636,1,0
F,G,G,7002,100,7002,1,0
G,H,G,8895,100,8895,1,0
A,H,H,9952,100,9952,1,0
B,H,H,5711,100,5711,1,0
C,H,H,8917,100,8917,1,0
D,H,H,1506,100,1506,1,0
E,H,H,10145,100,10145,1,0
F,H,H,5419,100,5419,1,0
G,H,H,8839,100,8839,1,0
A,B,A,4779,100,4779,1,0
A,C,A,10609,100,10609,1,0
A,D,A,9518,100,9518,1,0
A,E,A,1395,100,1395,1,0
A,F,A,5047,100,5047,1,0
A,G,A,10659,100,10659,1,0
A,H,A,9946,100,9946,1,0
A,B,B,4831,100,4831,1,0
B,C,B,7006,100,7006,1,0
B,D,B,5270,100,5270,1,0
B,E,B,5188,100,5188,1,0
B,F,B,1355,100,1355,1,0
B,G,B,7070,100,7070,1,0
B,H,B,5718,100,5718,1,0
A,C,C,10670,100,10670,1,0
B,C,C,7029,100,7029,1,0
C,D,C,8738,100,8738,1,0
C,E,C,10798,100,10798,1,0
C,F,C,7181,100,7181,1,0
C,G,C,1366,100,1366,1,0
C,H,C,8917,100,8917,1,0
A,D,D,9517,100,9517,1,0
B,D,D,5246,100,5246,1,0
C,D,D,8731,100,8731,1,0
D,E,D,9931,100,9931,1,0
D,F,D,5351,100,5351,1,0
D,G,D,8857,100,8857,1,0
D,H,D,1444,100,1444,1,0
A,E,E,1392,100,1392,1,0
B,E,E,5139,100,5139,1,0
C,E,E,10834,100,10834,1,0
D,E,E,9862,100,9862,1,0
E,F,E,5133,100,5133,1,0
E,G,E,10674,100,10674,1,0
E,H,E,10153,100,10153,1,0
A,F,F,5104,100,5104,1,0
B,F,F,1342,100,1342,1,0
C,F,F,7224,100,7224,1,0
D,F,F,5372,100,5372,1,0
E,F,F,5097,100,5097,1,0
F,G,F,7022,100,7022,1,0
F,H,F,5417,100,5417,1,0
A,G,G,10658,100,10658,1,0
B,G,G,7100,100,7100,1,0
C,G,G,1369,100,1369,1,0
D,G,G,8889,100,8889,1,0
E,G,G,10657,100,10657,1,0
F,G,G,7005,100,7005,1,0
G,H,G,8876,100,8876,1,0
A,H,H,9953,100,9953,1,0
B,H,H,5752,100,5752,1,0
C,H,H,8903,100,8903,1,0
D,H,H,1497,100,1497,1,0
E,H,H,10142,100,10142,1,0
F,H,H,5462,100,5462,1,0
G,H,H,8907,100,8907,1,0
A,B,A,4780,100,4780,1,0
A,C,A,10593,100,10593,1,0
A,D,A,9526,100,9526,1,0
A,E,A,1414,100,1414,1,0
A,F,A,5074,100,5074,1,0
A,G,A,10635,100,10635,1,0
A,H,A,9959,100,9959,1,0
A,B,B,4754,100,4754,1,0
B,C,B,6982,100,6982,1,0
B,D,B,5320,100,5320,1,0
B,E,B,5208,100,5208,1,0
B,F,B,1349,100,1349,1,0
B,G,B,7061,100,7061,1,0
B,H,B,5794,100,5794,1,0
A,C,C,10631,100,10631,1,0
B,C,C,7011,100,7011,1,0
C,D,C,8719,100,8719,1,0
C,E,C,10830,100,10830,1,0
C,F,C,7200,100,7200,1,0
C,G,C,1343,100,1343,1,0
C,H,C,8905,100,8905,1,0
A,D,D,9517,100,9517,1,0
B,D,D,5330,100,5330,1,0
C,D,D,8758,100,8758,1,0
D,E,D,9962,100,9962,1,0
D,F,D,5314,100,5314,1,0
D,G,D,8931,100,8931,1,0
D,H,D,1511,100,1511,1,0
A,E,E,1406,100,1406,1,0
B,E,E,5164,100,5164,1,0
C,E,E,10842,100,10842,1,0
D,E,E,9941,100,9941,1,0
E,F,E,5102,100,5102,1,0
E,G,E,10660,100,10660,1,0
E,H,E,10147,100,10147,1,0
A,F,F,5054,100,5054,1,0
B,F,F,1382,100,1382,1,0
C,F,F,7187,100,7187,1,0
D,F,F,5383,100,5383,1,0
E,F,F,5092,100,5092,1,0
F,G,F,7003,100,7003,1,0
F,H,F,5488,100,5488,1,0
A,G,G,10641,100,10641,1,0
B,G,G,7085,100,7085,1,0
C,G,G,1344,100,1344,1,0
D,G,G,8892,100,8892,1,0
E,G,G,10619,100,10619,1,0
F,G,G,6999,100,6999,1,0
G,H,G,8876,100,8876,1,0
A,H,H,9924,100,9924,1,0
B,H,H,5773,100,5773,1,0
C,H,H,8900,100,8900,1,0
D,H,H,1493,100,1493,1,0
E,H,H,10174,100,10174,1,0
F,H,H,5497,100,5497,1,0
G,H,H,8860,100,8860,1,0
A,B,A,4807,100,4807,1,0
A,C,A,10645,100,10645,1,0
A,D,A,9529,100,9529,1,0
A,E,A,1467,100,1467,1,0
A,F,A,5055,100,5055,1,0
A,G,A,10663,100,10663,1,0
A,H,A,9977,100,9977,1,0
A,B,B,4789,100,4789,1,0
B,C,B,7042,100,7042,1,0
B,D,B,5268,100,5268,1,0
B,E,B,5180,100,5180,1,0
B,F,B,1357,100,1357,1,0
B,G,B,7034,100,7034,1,0
B,H,B,5702,100,5702,1,0
A,C,C,10644,100,10644,1,0
B,C,C,7032,100,7032,1,0
C,D,C,8741,100,8741,1,0
C,E,C,10792,100,10792,1,0
C,F,C,7179,100,7179,1,0
C,G,C,1410,100,1410,1,0
C,H,C,8933,100,8933,1,0
A,D,D,9530,100,9530,1,0
B,D,D,5267,100,5267,1,0
C,D,D,8759,100,8759,1,0
D,E,D,9908,100,9908,1,0
D,F,D,5425,100,5425,1,0
D,G,D,8881,100,8881,1,0
D,H,D,1426,100,1426,1,0
A,E,E,1378,100,1378,1,0
B,E,E,5168,100,5168,1,0
C,E,E,10831,100,10831,1,0
D,E,E,9872,100,9872,1,0
E,F,E,5119,100,5119,1,0
E,G,E,10626,100,10626,1,0
E,H,E,10092,100,10092,1,0
A,F,F,5060,100,5060,1,0
B,F,F,1349,100,1349,1,0
C,F,F,7194,100,7194,1,0
D,F,F,5381,100,5381,1,0
E,F,F,5095,100,5095,1,0
F,G,F,6993,100,6993,1,0
F,H,F,5429,100,5429,1,0
A,G,G,10607,100,10607,1,0
B,G,G,7045,100,7045,1,0
C,G,G,1401,100,1401,1,0
D,G,G,8890,100,8890,1,0
E,G,G,10648,100,10648,1,0
F,G,G,6981,100,6981,1,0
G,H,G,8840,100,8840,1,0
A,H,H,9971,100,9971,1,0
B,H,H,5695,100,5695,1,0
C,H,H,8906,100,8906,1,0
D,H,H,1482,100,1482,1,0
E,H,H,10180,100,10180,1,0
F,H,H,5451,100,5451,1,0
G,H,H,8868,100,8868,1,0
A,B,A,4778,100,4778,1,0
A,C,A,10659,100,10659,1,0
A,D,A,9524,100,9524,1,0
A,E,A,1427,100,1427,1,0
A,F,A,5105,100,5105,1,0
A,G,A,10612,100,10612,1,0
A,H,A,9940,100,9940,1,0
A,B,B,4760,100,4760,1,0
B,C,B,7016,100,7016,1,0
B,D,B,5288,100,5288,1,0
B,E,B,5146,100,5146,1,0
B,F,B,1379,100,1379,1,0
B,G,B,7068,100,7068,1,0
B,H,B,5758,100,5758,1,0
A,C,C,10627,100,10627,1,0
B,C,C,7008,100,7008,1,0
C,D,C,8768,100,8768,1,0
C,E,C,10806,100,10806,1,0
C,F,C,7185,100,7185,1,0
C,G,C,1419,100,1419,1,0
C,H,C,8899,100,8899,1,0
A,D,D,9518,100,9518,1,0
B,D,D,5305,100,5305,1,0
C,D,D,8743,100,8743,1,0
D,E,D,9929,100,9929,1,0
D,F,D,5357,100,5357,1,0
D,G,D,8898,100,8898,1,0
D,H,D,1518,100,1518,1,0
A,E,E,1354,100,1354,1,0
B,E,E,5206,100,5206,1,0
C,E,E,10830,100,10830,1,0
D,E,E,9961,100,9961,1,0
E,F,E,5125,100,5125,1,0
E,G,E,10650,100,10650,1,0
E,H,E,10162,100,10162,1,0
A,F,F,5080,100,5080,1,0
B,F,F,1359,100,1359,1,0
C,F,F,7188,100,7188,1,0
D,F,F,5364,100,5364,1,0
E,F,F,5108,100,5108,1,0
F,G,F,7002,100,7002,1,0
F,H,F,5474,100,5474,1,0
A,G,G,10588,100,10588,1,0
B,G,G,7091,100,7091,1,0
C,G,G,1366,100,1366,1,0
D,G,G,8894,100,8894,1,0
E,G,G,10627,100,10627,1,0
F,G,G,7013,100,7013,1,0
G,H,G,8862,100,8862,1,0
A,H,H,9979,100,9979,1,0
B,H,H,5707,100,5707,1,0
C,H,H,8956,100,8956,1,0
D,H,H,1505,100,1505,1,0
E,H,H,10136,100,10136,1,0
F,H,H,5442,100,5442,1,0
G,H,H,8839,100,8839,1,0
A,B,A,4785,100,4785,1,0
A,C,A,10609,100,10609,1,0
A,D,A,9518,100,9518,1,0
A,E,A,1417,100,1417,1,0
A,F,A,5068,100,5068,1,0
A,G,A,10632,100,10632,1,0
A,H,A,9990,100,9990,1,0
A,B,B,4792,100,4792,1,0
B,C,B,7022,100,7022,1,0
B,D,B,5265,100,5265,1,0
B,E,B,5154,100,5154,1,0
B,F,B,1334,100,1334,1,0
B,G,B,7083,100,7083,1,0
B,H,B,5758,100,5758,1,0
A,C,C,10619,100,10619,1,0
B,C,C,7019,100,7019,1,0
C,D,C,8743,100,8743,1,0
C,E,C,10809,100,10809,1,0
C,F,C,7178,100,7178,1,0
C,G,C,1350,100,1350,1,0
C,H,C,9003,100,9003,1,0
A,D,D,9518,100,9518,1,0
B,D,D,5306,100,5306,1,0
C,D,D,8755,100,8755,1,0
D,E,D,9910,100,9910,1,0
D,F,D,5386,100,5386,1,0
D,G,D,8894,100,8894,1,0
D,H,D,1510,100,1510,1,0
A,E,E,1393,100,1393,1,0
B,E,E,5214,100,5214,1,0
C,E,E,10869,100,10869,1,0
D,E,E,9948,100,9948,1,0
E,F,E,5104,100,5104,1,0
E,G,E,10622,100,10622,1,0
E,H,E,10133,100,10133,1,0
A,F,F,5105,100,5105,1,0
B,F,F,1362,100,1362,1,0
C,F,F,7167,100,7167,1,0
D,F,F,5349,100,5349,1,0
E,F,F,5095,100,5095,1,0
F,G,F,6983,100,6983,1,0
F,H,F,5396,100,5396,1,0
A,G,G,10599,100,10599,1,0
B,G,G,7046,100,7046,1,0
C,G,G,1365,100,1365,1,0
D,G,G,8914,100,8914,1,0
E,G,G,10617,100,10617,1,0
F,G,G,6994,100,6994,1,0
G,H,G,8873,100,8873,1,0
A,H,H,9974,100,9974,1,0
B,H,H,5747,100,5747,1,0
C,H,H,8960,100,8960,1,0
D,H,H,1448,100,1448,1,0
E,H,H,10124,100,10124,1,0
F,H,H,5425,100,5425,1,0
G,H,H,8859,100,8859,1,0
A,B,A,4812,100,4812,1,0
A,C,A,10618,100,10618,1,0
A,D,A,9534,100,9534,1,0
A,E,A,1461,100,1461,1,0
A,F,A,5052,100,5052,1,0
A,G,A,10627,100,10627,1,0
A,H,A,9925,100,9925,1,0
A,B,B,4752,100,4752,1,0
B,C,B,7020,100,7020,1,0
B,D,B,5302,100,5302,1,0
B,E,B,5148,100,5148,1,0
B,F,B,1359,100,1359,1,0
B,G,B,7090,100,7090,1,0
B,H,B,5756,100,5756,1,0
A,C,C,10666,100,10666,1,0
B,C,C,7004,100,7004,1,0
C,D,C,8760,100,8760,1,0
C,E,C,10853,100,10853,1,0
C,F,C,7221,100,7221,1,0
C,G,C,1401,100,1401,1,0
C,H,C,8948,100,8948,1,0
A,D,D,9509,100,9509,1,0
B,D,D,5234,100,5234,1,0
C,D,D,8742,100,8742,1,0
D,E,D,9910,100,9910,1,0
D,F,D,5374,100,5374,1,0
D,G,D,8933,100,8933,1,0
D,H,D,1494,100,1494,1,0
A,E,E,1428,100,1428,1,0
B,E,E,5181,100,5181,1,0
C,E,E,10811,100,10811,1,0
D,E,E,9999,100,9999,1,0
E,F,E,5107,100,5107,1,0
E,G,E,10624,100,10624,1,0
E,H,E,10162,100,10162,1,0
A,F,F,5092,100,5092,1,0
B,F,F,1369,100,1369,1,0
C,F,F,7199,100,7199,1,0
D,F,F,5359,100,5359,1,0
E,F,F,5112,100,5112,1,0
F,G,F,7009,100,7009,1,0
F,H,F,5474,100,5474,1,0
A,G,G,10596,100,10596,1,0
B,G,G,7106,100,7106,1,0
C,G,G,1400,100,1400,1,0
D,G,G,8867,100,8867,1,0
E,G,G,10680,100,10680,1,0
F,G,G,7032,100,7032,1,0
G,H,G,8899,100,8899,1,0
A,H,H,9966,100,9966,1,0
B,H,H,5761,100,5761,1,0
C,H,H,8929,100,8929,1,0
D,H,H,1512,100,1512,1,0
E,H,H,10167,100,10167,1,0
F,H,H,5445,100,5445,1,0
G,H,H,8870,100,8870,1,0
A,B,A,4762,100,4762,1,0
A,C,A,10633,100,10633,1,0
A,D,A,9517,100,9517,1,0
A,E,A,1442,100,1442,1,0
A,F,A,5068,100,5068,1,0
A,G,A,10623,100,10623,1,0
A,H,A,9970,100,9970,1,0
A,B,B,4765,100,4765,1,0
B,C,B,7064,100,7064,1,0
B,D,B,5289,100,5289,1,0
B,E,B,5176,100,5176,1,0
B,F,B,1366,100,1366,1,0
B,G,B,7074,100,7074,1,0
B,H,B,5735,100,5735,1,0
A,C,C,10640,100,10640,1,0
B,C,C,7035,100,7035,1,0
C,D,C,8746,100,8746,1,0
C,E,C,10792,100,10792,1,0
C,F,C,7192,100,7192,1,0
C,G,C,1396,100,1396,1,0
C,H,C,8965,100,8965,1,0
A,D,D,9542,100,9542,1,0
B,D,D,5306,100,5306,1,0
C,D,D,8760,100,8760,1,0
D,E,D,9955,100,9955,1,0
D,F,D,5332,100,5332,1,0
D,G,D,8877,100,8877,1,0
D,H,D,1484,100,1484,1,0
A,E,E,1425,100,1425,1,0
B,E,E,5150,100,5150,1,0
C,E,E,10833,100,10833,1,0
D,E,E,9943,100,9943,1,0
E,F,E,5101,100,5101,1,0
E,G,E,10639,100,10639,1,0
E,H,E,10165,100,10165,1,0
A,F,F,5051,100,5051,1,0
B,F,F,1363,100,1363,1,0
C,F,F,7197,100,7197,1,0
D,F,F,5352,100,5352,1,0
E,F,F,5119,100,5119,1,0
F,G,F,6985,100,6985,1,0
F,H,F,5483,100,5483,1,0
A,G,G,10630,100,10630,1,0
B,G,G,7063,100,7063,1,0
C,G,G,1392,100,1392,1,0
D,G,G,8904,100,8904,1,0
E,G,G,10637,100,10637,1,0
F,G,G,7018,100,7018,1,0
G,H,G,8815,100,8815,1,0
A,H,H,9959,100,9959,1,0
B,H,H,5701,100,5701,1,0
C,H,H,8947,100,8947,1,0
D,H,H,1460,100,1460,1,0
E,H,H,10146,100,10146,1,0
F,H,H,5423,100,5423,1,0
G,H,H,8865,100,8865,1,0
A,B,A,4789,100,4789,1,0
A,C,A,10642,100,10642,1,0
A,D,A,9519,100,9519,1,0
A,E,A,1403,100,1403,1,0
A,F,A,5085,100,5085,1,0
A,G,A,10589,100,10589,1,0
A,H,A,9961,100,9961,1,0
A,B,B,4769,100,4769,1,0
B,C,B,7010,100,7010,1,0
B,D,B,5304,100,5304,1,0
B,E,B,5134,100,5134,1,0
B,F,B,1336,100,1336,1,0
B,G,B,7095,100,7095,1,0
B,H,B,5746,100,5746,1,0
A,C,C,10644,100,10644,1,0
B,C,C,7016,100,7016,1,0
C,D,C,8761,100,8761,1,0
C,E,C,10810,100,10810,1,0
C,F,C,7188,100,7188,1,0
C,G,C,1393,100,1393,1,0
C,H,C,8983,100,8983,1,0
A,D,D,9531,100,9531,1,0
B,D,D,5285,100,5285,1,0
C,D,D,8771,100,8771,1,0
D,E,D,9969,100,9969,1,0
D,F,D,5342,100,5342,1,0
D,G,D,8862,100,8862,1,0
D,H,D,1497,100,1497,1,0
A,E,E,1454,100,1454,1,0
B,E,E,5184,100,5184,1,0
C,E,E,10822,100,10822,1,0
D,E,E,10003,100,10003,1,0
E,F,E,5098,100,5098,1,0
E,G,E,10602,100,10602,1,0
E,H,E,10178,100,10178,1,0
A,F,F,5103,100,5103,1,0
B,F,F,1332,100,1332,1,0
C,F,F,7208,100,7208,1,0
D,F,F,5336,100,5336,1,0
E,F,F,5081,100,5081,1,0
F,G,F,7009,100,7009,1,0
F,H,F,5508,100,5508,1,0
A,G,G,10630,100,10630,1,0
B,G,G,7058,100,7058,1,0
C,G,G,1348,100,1348,1,0
D,G,G,8891,100,8891,1,0
E,G,G,10635,100,10635,1,0
F,G,G,7028,100,7028,1,0
G,H,G,8869,100,8869,1,0
A,H,H,9965,100,9965,1,0
B,H,H,5763,100,5763,1,0
C,H,H,8899,100,8899,1,0
D,H,H,1480,100,1480,1,0
E,H,H,10152,100,10152,1,0
F,H,H,5446,100,5446,1,0
G,H,H,8889,100,8889,1,0
A,B,A,4784,100,4784,1,0
A,C,A,10609,100,10609,1,0
A,D,A,9532,100,9532,1,0
A,E,A,1423,100,1423,1,0
A,F,A,5048,100,5048,1,0
A,G,A,10608,100,10608,1,0
A,H,A,9955,100,9955,1,0
A,B,B,4754,100,4754,1,0
B,C,B,6992,100,6992,1,0
B,D,B,5300,100,5300,1,0
B,E,B,5163,100,5163,1,0
B,F,B,1374,100,1374,1,0
B,G,B,7060,100,7060,1,0
B,H,B,5751,100,5751,1,0
A,C,C,10616,100,10616,1,0
B,C,C,7029,100,7029,1,0
C,D,C,8725,100,8725,1,0
C,E,C,10822,100,10822,1,0
C,F,C,7156,100,7156,1,0
C,G,C,1407,100,1407,1,0
C,H,C,8953,100,8953,1,0
A,D,D,9536,100,9536,1,0
B,D,D,5266,100,5266,1,0
C,D,D,8740,100,8740,1,0
D,E,D,9928,100,9928,1,0
D,F,D,5359,100,5359,1,0
D,G,D,8942,100,8942,1,0
D,H,D,1534,100,1534,1,0
A,E,E,1397,100,1397,1,0
B,E,E,5179,100,5179,1,0
C,E,E,10827,100,10827,1,0
D,E,E,9947,100,9947,1,0
E,F,E,5112,100,5112,1,0
E,G,E,10638,100,10638,1,0
E,H,E,10118,100,10118,1,0
A,F,F,5032,100,5032,1,0
B,F,F,1328,100,1328,1,0
C,F,F,7194,100,7194,1,0
D,F,F,5404,100,5404,1,0
E,F,F,5075,100,5075,1,0
F,G,F,7011,100,7011,1,0
F,H,F,5466,100,5466,1,0
A,G,G,10612,100,10612,1,0
B,G,G,7025,100,7025,1,0
C,G,G,1362,100,1362,1,0
D,G,G,8894,100,8894,1,0
E,G,G,10641,100,10641,1,0
F,G,G,7012,100,7012,1,0
G,H,G,8900,100,8900,1,0
A,H,H,9967,100,9967,1,0
B,H,H,5746,100,5746,1,0
C,H,H,8941,100,8941,1,0
D,H,H,1455,100,1455,1,0
E,H,H,10149,100,10149,1,0
F,H,H,5453,100,5453,1,0
G,H,H,8819,100,8819,1,0
A,B,A,4782,100,4782,1,0
A,C,A,10665,100,10665,1,0
A,D,A,9523,100,9523,1,0
A,E,A,1461,100,1461,1,0
A,F,A,5076,100,5076,1,0
A,G,A,10622,100,10622,1,0
A,H,A,9918,100,9918,1,0
A,B,B,4784,100,4784,1,0
B,C,B,7005,100,7005,1,0
B,D,B,5287,100,5287,1,0
B,E,B,5158,100,5158,1,0
B,F,B,1372,100,1372,1,0
B,G,B,7074,100,7074,1,0
B,H,B,5743,100,5743,1,0
A,C,C,10618,100,10618,1,0
B,C,C,7015,100,7015,1,0
C,D,C,8729,100,8729,1,0
C,E,C,10823,100,10823,1,0
C,F,C,7162,100,7162,1,0
C,G,C,1326,100,1326,1,0
C,H,C,8943,100,8943,1,0
A,D,D,9524,100,9524,1,0
B,D,D,5286,100,5286,1,0
C,D,D,8720,100,8720,1,0
D,E,D,9900,100,9900,1,0
D,F,D,5368,100,5368,1,0
D,G,D,8891,100,8891,1,0
D,H,D,1515,100,1515,1,0
A,E,E,1478,100,1478,1,0
B,E,E,5190,100,5190,1,0
C,E,E,10758,100,10758,1,0
D,E,E,9936,100,9936,1,0
E,F,E,5106,100,5106,1,0
E,G,E,10690,100,10690,1,0
E,H,E,10149,100,10149,1,0
A,F,F,5078,100,5078,1,0
B,F,F,1354,100,1354,1,0
C,F,F,7201,100,7201,1,0
D,F,F,5366,100,5366,1,0
E,F,F,5104,100,5104,1,0
F,G,F,6983,100,6983,1,0
F,H,F,5480,100,5480,1,0
A,G,G,10586,100,10586,1,0
B,G,G,7063,100,7063,1,0
C,G,G,1385,100,1385,1,0
D,G,G,8886,100,8886,1,0
E,G,G,10642,100,10642,1,0
F,G,G,6987,100,6987,1,0
G,H,G,8820,100,8820,1,0
A,H,H,9996,100,9996,1,0
B,H,H,5765,100,5765,1,0
C,H,H,8934,100,8934,1,0
D,H,H,1500,100,1500,1,0
E,H,H,10134,100,10134,1,0
F,H,H,5493,100,5493,1,0
G,H,H,8880,100,8880,1,0
A,B,A,4787,100,4787,1,0
A,C,A,10575,100,10575,1,0
A,D,A,9522,100,9522,1,0
A,E,A,1394,100,1394,1,0
A,F,A,5048,100,5048,1,0
A,G,A,10677,100,10677,1,0
A,H,A,9949,100,9949,1,0
A,B,B,4813,100,4813,1,0
B,C,B,7077,100,7077,1,0
B,D,B,5316,100,5316,1,0
B,E,B,5191,100,5191,1,0
B,F,B,1303,100,1303,1,0
B,G,B,7054,100,7054,1,0
B,H,B,5720,100,5720,1,0
A,C,C,10664,100,10664,1,0
B,C,C,7030,100,7030,1,0
C,D,C,8736,100,8736,1,0
C,E,C,10775,100,10775,1,0
C,F,C,7202,100,7202,1,0
C,G,C,1345,100,1345,1,0
C,H,C,8952,100,8952,1,0
A,D,D,9530,100,9530,1,0
B,D,D,5294,100,5294,1,0
C,D,D,8726,100,8726,1,0
D,E,D,9893,100,9893,1,0
D,F,D,5364,100,5364,1,0
D,G,D,8887,100,8887,1,0
D,H,D,1489,100,1489,1,0
A,E,E,1392,100,1392,1,0
B,E,E,5182,100,5182,1,0
C,E,E,10844,100,10844,1,0
D,E,E,9939,100,9939,1,0
E,F,E,5101,100,5101,1,0
E,G,E,10643,100,10643,1,0
E,H,E,10124,100,10124,1,0
A,F,F,5070,100,5070,1,0
B,F,F,1329,100,1329,1,0
C,F,F,7219,100,7219,1,0
D,F,F,5378,100,5378,1,0
E,F,F,5111,100,5111,1,0
F,G,F,6997,100,6997,1,0
F,H,F,5475,100,5475,1,0
A,G,G,10572,100,10572,1,0
B,G,G,7095,100,7095,1,0
C,G,G,1391,100,1391,1,0
D,G,G,8897,100,8897,1,0
E,G,G,10615,100,10615,1,0
F,G,G,6993,100,6993,1,0
G,H,G,8860,100,8860,1,0
A,H,H,9941,100,9941,1,0
B,H,H,5758,100,5758,1,0
C,H,H,8943,100,8943,1,0
D,H,H,1535,100,1535,1,0
E,H,H,10114,100,10114,1,0
F,H,H,5432,100,5432,1,0
G,H,H,8844,100,8844,1,0
A,B,A,4800,100,4800,1,0
A,C,A,10594,100,10594,1,0
A,D,A,9529,100,9529,1,0
A,E,A,1447,100,1447,1,0
A,F,A,5025,100,5025,1,0
A,G,A,10639,100,10639,1,0
A,H,A,9947,100,9947,1,0
A,B,B,4764,100,4764,1,0
B,C,B,6992,100,6992,1,0
B,D,B,5324,100,5324,1,0
B,E,B,5203,100,5203,1,0
B,F,B,1390,100,1390,1,0
B,G,B,7083,100,7083,1,0
B,H,B,5723,100,5723,1,0
A,C,C,10590,100,10590,1,0
B,C,C,6997,100,6997,1,0
C,D,C,8722,100,8722,1,0
C,E,C,10816,100,10816,1,0
C,F,C,7206,100,7206,1,0
C,G,C,1399,100,1399,1,0
C,H,C,8948,100,8948,1,0
A,D,D,9548,100,9548,1,0
B,D,D,5261,100,5261,1,0
C,D,D,8727,100,8727,1,0
D,E,D,9892,100,9892,1,0
D,F,D,5357,100,5357,1,0
D,G,D,8885,100,8885,1,0
D,H,D,1464,100,1464,1,0
A,E,E,1384,100,1384,1,0
B,E,E,5186,100,5186,1,0
C,E,E,10855,100,10855,1,0
D,E,E,10034,100,10034,1,0
E,F,E,5108,100,5108,1,0
E,G,E,10616,100,10616,1,0
E,H,E,10114,100,10114,1,0
A,F,F,5004,100,5004,1,0
B,F,F,1365,100,1365,1,0
C,F,F,7178,100,7178,1,0
D,F,F,5388,100,5388,1,0
E,F,F,5080,100,5080,1,0
F,G,F,6958,100,6958,1,0
F,H,F,5453,100,5453,1,0
A,G,G,10631,100,10631,1,0
B,G,G,7046,100,7046,1,0
C,G,G,1389,100,1389,1,0
D,G,G,8890,100,8890,1,0
E,G,G,10607,100,10607,1,0
F,G,G,6980,100,6980,1,0
G,H,G,8860,100,8860,1,0
A,H,H,9932,100,9932,1,0
B,H,H,5743,100,5743,1,0
C,H,H,8959,100,8959,1,0
D,H,H,1443,100,1443,1,0
E,H,H,10171,100,10171,1,0
F,H,H,5453,100,5453,1,0
G,H,H,8879,100,8879,1,0
A,B,A,4776,100,4776,1,0
A,C,A,10621,100,10621,1,0
A,D,A,9528,100,9528,1,0
A,E,A,1434,100,1434,1,0
A,F,A,5084,100,5084,1,0
A,G,A,10617,100,10617,1,0
A,H,A,9943,100,9943,1,0
A,B,B,4763,100,4763,1,0
B,C,B,7018,100,7018,1,0
B,D,B,5274,100,5274,1,0
B,E,B,5149,100,5149,1,0
B,F,B,1365,100,1365,1,0
B,G,B,7097,100,7097,1,0
B,H,B,5731,100,5731,1,0
A,C,C,10585,100,10585,1,0
B,C,C,7011,100,7011,1,0
C,D,C,8706,100,8706,1,0
C,E,C,10826,100,10826,1,0
C,F,C,7194,100,7194,1,0
C,G,C,1384,100,1384,1,0
C,H,C,8929,100,8929,1,0
A,D,D,9558,100,9558,1,0
B,D,D,5302,100,5302,1,0
C,D,D,8751,100,8751,1,0
D,E,D,9916,100,9916,1,0
D,F,D,5340,100,5340,1,0
D,G,D,8868,100,8868,1,0
D,H,D,1489,100,1489,1,0
A,E,E,1402,100,1402,1,0
B,E,E,5192,100,5192,1,0
C,E,E,10868,100,10868,1,0
D,E,E,9913,100,9913,1,0
E,F,E,5106,100,5106,1,0
E,G,E,10638,100,10638,1,0
E,H,E,10115,100,10115,1,0
A,F,F,5041,100,5041,1,0
B,F,F,1332,100,1332,1,0
C,F,F,7179,100,7179,1,0
D,F,F,5327,100,5327,1,0
E,F,F,5123,100,5123,1,0
F,G,F,6988,100,6988,1,0
F,H,F,5458,100,5458,1,0
A,G,G,10622,100,10622,1,0
B,G,G,7072,100,7072,1,0
C,G,G,1341,100,1341,1,0
D,G,G,8912,100,8912,1,0
E,G,G,10648,100,10648,1,0
F,G,G,6986,100,6986,1,0
G,H,G,8872,100,8872,1,0
A,H,H,9914,100,9914,1,0
B,H,H,5785,100,5785,1,0
C,H,H,8945,100,8945,1,0
D,H,H,1481,100,1481,1,0
E,H,H,10153,100,10153,1,0
F,H,H,5454,100,5454,1,0
G,H,H,8841,100,8841,1,0
A,B,A,4830,100,4830,1,0
A,C,A,10603,100,10603,1,0
A,D,A,9539,100,9539,1,0
A,E,A,1413,100,1413,1,0
A,F,A,5065,100,5065,1,0
A,G,A,10648,100,10648,1,0
A,H,A,9947,100,9947,1,0
A,B,B,4771,100,4771,1,0
B,C,B,7006,100,7006,1,0
B,D,B,5275,100,5275,1,0
B,E,B,5178,100,5178,1,0
B,F,B,1367,100,1367,1,0
B,G,B,7062,100,7062,1,0
B,H,B,5773,100,5773,1,0
A,C,C,10580,100,10580,1,0
B,C,C,7008,100,7008,1,0
C,D,C,8753,100,8753,1,0
C,E,C,10836,100,10836,1,0
C,F,C,7222,100,7222,1,0
C,G,C,1388,100,1388,1,0
C,H,C,8946,100,8946,1,0
A,D,D,9555,100,9555,1,0
B,D,D,5268,100,5268,1,0
C,D,D,8740,100,8740,1,0
D,E,D,9968,100,9968,1,0
D,F,D,5333,100,5333,1,0
D,G,D,8898,100,8898,1,0
D,H,D,1478,100,1478,1,0
A,E,E,1403,100,1403,1,0
B,E,E,5170,100,5170,1,0
C,E,E,10791,100,10791,1,0
D,E,E,9893,100,9893,1,0
E,F,E,5095,100,5095,1,0
E,G,E,10618,100,10618,1,0
E,H,E,10173,100,10173,1,0
A,F,F,5053,100,5053,1,0
B,F,F,1334,100,1334,1,0
C,F,F,7192,100,7192,1,0
D,F,F,5387,100,5387,1,0
E,F,F,5086,100,5086,1,0
F,G,F,6988,100,6988,1,0
F,H,F,5438,100,5438,1,0
A,G,G,10637,100,10637,1,0
B,G,G,7037,100,7037,1,0
C,G,G,1388,100,1388,1,0
D,G,G,8874,100,8874,1,0
E,G,G,10642,100,10642,1,0
F,G,G,7009,100,7009,1,0
G,H,G,8919,100,8919,1,0
A,H,H,9951,100,9951,1,0
B,H,H,5770,100,5770,1,0
C,H,H,8964,100,8964,1,0
D,H,H,1492,100,1492,1,0
E,H,H,10134,100,10134,1,0
F,H,H,5456,100,5456,1,0
G,H,H,8842,100,8842,1,0
A,B,A,4790,100,4790,1,0
A,C,A,10624,100,10624,1,0
A,D,A,9541,100,9541,1,0
A,E,A,1379,100,1379,1,0
A,F,A,5051,100,5051,1,0
A,G,A,10632,100,10632,1,0
A,H,A,9913,100,9913,1,0
A,B,B,4788,100,4788,1,0
B,C,B,6984,100,6984,1,0
B,D,B,5298,100,5298,1,0
B,E,B,5196,100,5196,1,0
B,F,B,1297,100,1297,1,0
B,G,B,7088,100,7088,1,0
B,H,B,5742,100,5742,1,0
A,C,C,10602,100,10602,1,0
B,C,C,7035,100,7035,1,0
C,D,C,8758,100,8758,1,0
C,E,C,10828,100,10828,1,0
C,F,C,7219,100,7219,1,0
C,G,C,1321,100,1321,1,0
C,H,C,8924,100,8924,1,0
A,D,D,9496,100,9496,1,0
B,D,D,5256,100,5256,1,0
C,D,D,8753,100,8753,1,0
D,E,D,9876,100,9876,1,0
D,F,D,5350,100,5350,1,0
D,G,D,8923,100,8923,1,0
D,H,D,1494,100,1494,1,0
A,E,E,1381,100,1381,1,0
B,E,E,5172,100,5172,1,0
C,E,E,10841,100,10841,1,0
D,E,E,9958,100,9958,1,0
E,F,E,5107,100,5107,1,0
E,G,E,10621,100,10621,1,0
E,H,E,10147,100,10147,1,0
A,F,F,5069,100,5069,1,0
B,F,F,1378,100,1378,1,0
C,F,F,7214,100,7214,1,0
D,F,F,5361,100,5361,1,0
E,F,F,5117,100,5117,1,0
F,G,F,6984,100,6984,1,0
F,H,F,5453,100,5453,1,0
A,G,G,10660,100,10660,1,0
B,G,G,7101,100,7101,1,0
C,G,G,1383,100,1383,1,0
D,G,G,8885,100,8885,1,0
E,G,G,10615,100,10615,1,0
F,G,G,6981,100,6981,1,0
G,H,G,8870,100,8870,1,0
A,H,H,9934,100,9934,1,0
B,H,H,5740,100,5740,1,0
C,H,H,8941,100,8941,1,0
D,H,H,1501,100,1501,1,0
E,H,H,10172,100,10172,1,0
F,H,H,5438,100,5438,1,0
G,H,H,8899,100,8899,1,0
A,B,A,4767,100,4767,1,0
A,C,A,10626,100,10626,1,0
A,D,A,9542,100,9542,1,0
A,E,A,1382,100,1382,1,0
A,F,A,5067,100,5067,1,0
A,G,A,10652,100,10652,1,0
A,H,A,9981,100,9981,1,0
A,B,B,4835,100,4835,1,0
B,C,B,6968,100,6968,1,0
B,D,B,5261,100,5261,1,0
B,E,B,5167,100,5167,1,0
B,F,B,1321,100,1321,1,0
B,G,B,7104,100,7104,1,0
B,H,B,5735,100,5735,1,0
A,C,C,10637,100,10637,1,0
B,C,C,6988,100,6988,1,0
C,D,C,8730,100,8730,1,0
C,E,C,10861,100,10861,1,0
C,F,C,7208,100,7208,1,0
C,G,C,1361,100,1361,1,0
C,H,C,8972,100,8972,1,0
A,D,D,9511,100,9511,1,0
B,D,D,5251,100,5251,1,0
C,D,D,8752,100,8752,1,0
D,E,D,9937,100,9937,1,0
D,F,D,5359,100,5359,1,0
D,G,D,8867,100,8867,1,0
D,H,D,1467,100,1467,1,0
A,E,E,1437,100,1437,1,0
B,E,E,5179,100,5179,1,0
C,E,E,10827,100,10827,1,0
D,E,E,9879,100,9879,1,0
E,F,E,5085,100,5085,1,0
E,G,E,10620,100,10620,1,0
E,H,E,10165,100,10165,1,0
A,F,F,5046,100,5046,1,0
B,F,F,1363,100,1363,1,0
C,F,F,7196,100,7196,1,0
D,F,F,5390,100,5390,1,0
E,F,F,5102,100,5102,1,0
F,G,F,7033,100,7033,1,0
F,H,F,5435,100,5435,1,0
A,G,G,10664,100,10664,1,0
B,G,G,7091,100,7091,1,0
C,G,G,1318,100,1318,1,0
D,G,G,8879,100,8879,1,0
E,G,G,10640,100,10640,1,0
F,G,G,7000,100,7000,1,0
G,H,G,8896,100,8896,1,0
A,H,H,9958,100,9958,1,0
B,H,H,5736,100,5736,1,0
C,H,H,8961,100,8961,1,0
D,H,H,1523,100,1523,1,0
E,H,H,10143,100,10143,1,0
F,H,H,5413,100,5413,1,0
G,H,H,8870,100,8870,1,0
A,B,A,4787,100,4787,1,0
A,C,A,10631,100,10631,1,0
A,D,A,9515,100,9515,1,0
A,E,A,1431,100,1431,1,0
A,F,A,5051,100,5051,1,0
A,G,A,10649,100,10649,1,0
A,H,A,9922,100,9922,1,0
A,B,B,4776,100,4776,1,0
B,C,B,6988,100,6988,1,0
B,D,B,5340,100,5340,1,0
B,E,B,5207,100,5207,1,0
B,F,B,1342,100,1342,1,0
B,G,B,7076,100,7076,1,0
B,H,B,5720,100,5720,1,0
A,C,C,10599,100,10599,1,0
B,C,C,7011,100,7011,1,0
C,D,C,8705,100,8705,1,0
C,E,C,10806,100,10806,1,0
C,F,C,7191,100,7191,1,0
C,G,C,1404,100,1404,1,0
C,H,C,8929,100,8929,1,0
A,D,D,9556,100,9556,1,0
B,D,D,5240,100,5240,1,0
C,D,D,8800,100,8800,1,0
D,E,D,9868,100,9868,1,0
D,F,D,5339,100,5339,1,0
D,G,D,8873,100,8873,1,0
D,H,D,1466,100,1466,1,0
A,E,E,1389,100,1389,1,0
B,E,E,5186,100,5186,1,0
C,E,E,10802,100,10802,1,0
D,E,E,9970,100,9970,1,0
E,F,E,5092,100,5092,1,0
E,G,E,10637,100,10637,1,0
E,H,E,10182,100,10182,1,0
A,F,F,5056,100,5056,1,0
B,F,F,1369,100,1369,1,0
C,F,F,7189,100,7189,1,0
D,F,F,5377,100,5377,1,0
E,F,F,5091,100,5091,1,0
F,G,F,6979,100,6979,1,0
F,H,F,5467,100,5467,1,0
A,G,G,10629,100,10629,1,0
B,G,G,7060,100,7060,1,0
C,G,G,1419,100,1419,1,0
D,G,G,8901,100,8901,1,0
E,G,G,10646,100,10646,1,0
F,G,G,7005,100,7005,1,0
G,H,G,8874,100,8874,1,0
A,H,H,10007,100,10007,1,0
B,H,H,5787,100,5787,1,0
C,H,H,8932,100,8932,1,0
D,H,H,1483,100,1483,1,0
E,H,H,10151,100,10151,1,0
F,H,H,5467,100,5467,1,0
G,H,H,8891,100,8891,1,0
A,B,A,4787,100,4787,1,0
A,C,A,10704,100,10704,1,0
A,D,A,9541,100,9541,1,0
A,E,A,1436,100,1436,1,0
A,F,A,5026,100,5026,1,0
A,G,A,10631,100,10631,1,0
A,H,A,9953,100,9953,1,0
A,B,B,4764,100,4764,1,0
B,C,B,7007,100,7007,1,0
B,D,B,5307,100,5307,1,0
B,E,B,5185,100,5185,1,0
B,F,B,1391,100,1391,1,0
B,G,B,7050,100,7050,1,0
B,H,B,5730,100,5730,1,0
A,C,C,10631,100,10631,1,0
B,C,C,7014,100,7014,1,0
C,D,C,8792,100,8792,1,0
C,E,C,10804,100,10804,1,0
C,F,C,7179,100,7179,1,0
C,G,C,1405,100,1405,1,0
C,H,C,8977,100,8977,1,0
A,D,D,9521,100,9521,1,0
B,D,D,5304,100,5304,1,0
C,D,D,8748,100,8748,1,0
D,E,D,9944,100,9944,1,0
D,F,D,5368,100,5368,1,0
D,G,D,8909,100,8909,1,0
D,H,D,1477,100,1477,1,0
A,E,E,1458,100,1458,1,0
B,E,E,5181,100,5181,1,0
C,E,E,10822,100,10822,1,0
D,E,E,9919,100,9919,1,0
E,F,E,5098,100,5098,1,0
E,G,E,10652,100,10652,1,0
E,H,E,10120,100,10120,1,0
A,F,F,5044,100,5044,1,0
B,F,F,1349,100,1349,1,0
C,F,F,7207,100,7207,1,0
D,F,F,5384,100,5384,1,0
E,F,F,5082,100,5082,1,0
F,G,F,7004,100,7004,1,0
F,H,F,5466,100,5466,1,0
A,G,G,10664,100,10664,1,0
B,G,G,7089,100,7089,1,0
C,G,G,1350,100,1350,1,0
D,G,G,8892,100,8892,1,0
E,G,G,10650,100,10650,1,0
F,G,G,7008,100,7008,1,0
G,H,G,8820,100,8820,1,0
A,H,H,9937,100,9937,1,0
B,H,H,5692,100,5692,1,0
C,H,H,8965,100,8965,1,0
D,H,H,1484,100,1484,1,0
E,H,H,10141,100,10141,1,0
F,H,H,5483,100,5483,1,0
G,H,H,8868,100,8868,1,0
A,B,A,4740,100,4740,1,0
A,C,A,10633,100,10633,1,0
A,D,A,9532,100,9532,1,0
A,E,A,1410,100,1410,1,0
A,F,A,5064,100,5064,1,0
A,G,A,10645,100,10645,1,0
A,H,A,9981,100,9981,1,0
A,B,B,4757,100,4757,1,0
B,C,B,6991,100,6991,1,0
B,D,B,5316,100,5316,1,0
B,E,B,5191,100,5191,1,0
B,F,B,1295,100,1295,1,0
B,G,B,7042,100,7042,1,0
B,H,B,5742,100,5742,1,0
A,C,C,10674,100,10674,1,0
B,C,C,7008,100,7008,1,0
C,D,C,8749,100,8749,1,0
C,E,C,10801,100,10801,1,0
C,F,C,7193,100,7193,1,0
C,G,C,1362,100,1362,1,0
C,H,C,8962,100,8962,1,0
A,D,D,9528,100,9528,1,0
B,D,D,5298,100,5298,1,0
C,D,D,8800,100,8800,1,0
D,E,D,9931,100,9931,1,0
D,F,D,5395,100,5395,1,0
D,G,D,8857,100,8857,1,0
D,H,D,1486,100,1486,1,0
A,E,E,1405,100,1405,1,0
B,E,E,5120,100,5120,1,0
C,E,E,10828,100,10828,1,0
D,E,E,9944,100,9944,1,0
E,F,E,5095,100,5095,1,0
E,G,E,10634,100,10634,1,0
E,H,E,10139,100,10139,1,0
A,F,F,5084,100,5084,1,0
B,F,F,1372,100,1372,1,0
C,F,F,7188,100,7188,1,0
D,F,F,5347,100,5347,1,0
E,F,F,5072,100,5072,1,0
F,G,F,7002,100,7002,1,0
F,H,F,5462,100,5462,1,0
A,G,G,10646,100,10646,1,0
B,G,G,7075,100,7075,1,0
C,G,G,1365,100,1365,1,0
D,G,G,8904,100,8904,1,0
E,G,G,10614,100,10614,1,0
F,G,G,7008,100,7008,1,0
G,H,G,8871,100,8871,1,0
A,H,H,9962,100,9962,1,0
B,H,H,5767,100,5767,1,0
C,H,H,8946,100,8946,1,0
D,H,H,1502,100,1502,1,0
E,H,H,10152,100,10152,1,0
F,H,H,5457,100,5457,1,0
G,H,H,8884,100,8884,1,0
A,B,A,4737,100,4737,1,0
A,C,A,10696,100,10696,1,0
A,D,A,9526,100,9526,1,0
A,E,A,1406,100,1406,1,0
A,F,A,5089,100,5089,1,0
A,G,A,10636,100,10636,1,0
A,H,A,9932,100,9932,1,0
A,B,B,4777,100,4777,1,0
B,C,B,6977,100,6977,1,0
B,D,B,5237,100,5237,1,0
B,E,B,5178,100,5178,1,0
B,F,B,1335,100,1335,1,0
B,G,B,7090,100,7090,1,0
B,H,B,5716,100,5716,1,0
A,C,C,10680,100,10680,1,0
B,C,C,7064,100,7064,1,0
C,D,C,8762,100,8762,1,0
C,E,C,10841,100,10841,1,0
C,F,C,7209,100,7209,1,0
C,G,C,1343,100,1343,1,0
C,H,C,8943,100,8943,1,0
A,D,D,9531,100,9531,1,0
B,D,D,5296,100,5296,1,0
C,D,D,8751,100,8751,1,0
D,E,D,9892,100,9892,1,0
D,F,D,5363,100,5363,1,0
D,G,D,8893,100,8893,1,0
D,H,D,1505,100,1505,1,0
A,E,E,1379,100,1379,1,0
B,E,E,5162,100,5162,1,0
C,E,E,10832,100,10832,1,0
D,E,E,9906,100,9906,1,0
E,F,E,5121,100,5121,1,0
E,G,E,10613,100,10613,1,0
E,H,E,10094,100,10094,1,0
A,F,F,5084,100,5084,1,0
B,F,F,1345,100,1345,1,0
C,F,F,7186,100,7186,1,0
D,F,F,5364,100,5364,1,0
E,F,F,5109,100,5109,1,0
F,G,F,7009,100,7009,1,0
F,H,F,5498,100,5498,1,0
A,G,G,10634,100,10634,1,0
B,G,G,7076,100,7076,1,0
C,G,G,1370,100,1370,1,0
D,G,G,8902,100,8902,1,0
E,G,G,10642,100,10642,1,0
F,G,G,7019,100,7019,1,0
G,H,G,8877,100,8877,1,0
A,H,H,9922,100,9922,1,0
B,H,H,5719,100,5719,1,0
C,H,H,8928,100,8928,1,0
D,H,H,1454,100,1454,1,0
E,H,H,10129,100,10129,1,0
F,H,H,5480,100,5480,1,0
G,H,H,8866,100,8866,1,0
A,B,A,4774,100,4774,1,0
A,C,A,10649,100,10649,1,0
A,D,A,9531,100,9531,1,0
A,E,A,1451,100,1451,1,0
A,F,A,5043,100,5043,1,0
A,G,A,10586,100,10586,1,0
A,H,A,9934,100,9934,1,0
A,B,B,4791,100,4791,1,0
B,C,B,6986,100,6986,1,0
B,D,B,5259,100,5259,1,0
B,E,B,5202,100,5202,1,0
B,F,B,1346,100,1346,1,0
B,G,B,7066,100,7066,1,0
B,H,B,5705,100,5705,1,0
A,C,C,10658,100,10658,1,0
B,C,C,7016,100,7016,1,0
C,D,C,8754,100,8754,1,0
C,E,C,10837,100,10837,1,0
C,F,C,7190,100,7190,1,0
C,G,C,1341,100,1341,1,0
C,H,C,8945,100,8945,1,0
A,D,D,9540,100,9540,1,0
B,D,D,5291,100,5291,1,0
C,D,D,8753,100,8753,1,0
D,E,D,9902,100,9902,1,0
D,F,D,5347,100,5347,1,0
D,G,D,8881,100,8881,1,0
D,H,D,1487,100,1487,1,0
A,E,E,1384,100,1384,1,0
B,E,E,5159,100,5159,1,0
C,E,E,10808,100,10808,1,0
D,E,E,9934,100,9934,1,0
E,F,E,5113,100,5113,1,0
E,G,E,10654,100,10654,1,0
E,H,E,10140,100,10140,1,0
A,F,F,5035,100,5035,1,0
B,F,F,1313,100,1313,1,0
C,F,F,7213,100,7213,1,0
D,F,F,5355,100,5355,1,0
E,F,F,5122,100,5122,1,0
F,G,F,7009,100,7009,1,0
F,H,F,5431,100,5431,1,0
A,G,G,10628,100,10628,1,0
B,G,G,7058,100,7058,1,0
C,G,G,1378,100,1378,1,0
D,G,G,8882,100,8882,1,0
E,G,G,10641,100,10641,1,0
F,G,G,6969,100,6969,1,0
G,H,G,8848,100,8848,1,0
A,H,H,9934,100,9934,1,0
B,H,H,5749,100,5749,1,0
C,H,H,8918,100,8918,1,0
D,H,H,1501,100,1501,1,0
E,H,H,10125,100,10125,1,0
F,H,H,5496,100,5496,1,0
G,H,H,8894,100,8894,1,0
A,B,A,4806,100,4806,1,0
A,C,A,10709,100,10709,1,0
A,D,A,9523,100,9523,1,0
A,E,A,1394,100,1394,1,0
A,F,A,5065,100,5065,1,0
A,G,A,10615,100,10615,1,0
A,H,A,9944,100,9944,1,0
A,B,B,4784,100,4784,1,0
B,C,B,7030,100,7030,1,0
B,D,B,5311,100,5311,1,0
B,E,B,5165,100,5165,1,0
B,F,B,1335,100,1335,1,0
B,G,B,7064,100,7064,1,0
B,H,B,5722,100,5722,1,0
A,C,C,10669,100,10669,1,0
B,C,C,7006,100,7006,1,0
C,D,C,8742,100,8742,1,0
C,E,C,10857,100,10857,1,0
C,F,C,7187,100,7187,1,0
C,G,C,1370,100,1370,1,0
C,H,C,8894,100,8894,1,0
A,D,D,9539,100,9539,1,0
B,D,D,5285,100,5285,1,0
C,D,D,8746,100,8746,1,0
D,E,D,9872,100,9872,1,0
D,F,D,5362,100,5362,1,0
D,G,D,8897,100,8897,1,0
D,H,D,1503,100,1503,1,0
A,E,E,1401,100,1401,1,0
B,E,E,5198,100,5198,1,0
C,E,E,10820,100,10820,1,0
D,E,E,9959,100,9959,1,0
E,F,E,5111,100,5111,1,0
E,G,E,10649,100,10649,1,0
E,H,E,10086,100,10086,1,0
A,F,F,5093,100,5093,1,0
B,F,F,1363,100,1363,1,0
C,F,F,7222,100,7222,1,0
D,F,F,5384,100,5384,1,0
E,F,F,5136,100,5136,1,0
F,G,F,6987,100,6987,1,0
F,H,F,5460,100,5460,1,0
A,G,G,10643,100,10643,1,0
B,G,G,7061,100,7061,1,0
C,G,G,1398,100,1398,1,0
D,G,G,8890,100,8890,1,0
E,G,G,10647,100,10647,1,0
F,G,G,7025,100,7025,1,0
G,H,G,8888,100,8888,1,0
A,H,H,9935,100,9935,1,0
B,H,H,5778,100,5778,1,0
C,H,H,8977,100,8977,1,0
D,H,H,1469,100,1469,1,0
E,H,H,10154,100,10154,1,0
F,H,H,5462,100,5462,1,0
G,H,H,8889,100,8889,1,0
A,B,A,4805,100,4805,1,0
A,C,A,10644,100,10644,1,0
A,D,A,9536,100,9536,1,0
A,E,A,1379,100,1379,1,0
A,F,A,5061,100,5061,1,0
A,G,A,10650,100,10650,1,0
A,H,A,9949,100,9949,1,0
A,B,B,4734,100,4734,1,0
B,C,B,7029,100,7029,1,0
B,D,B,5313,100,5313,1,0
B,E,B,5188,100,5188,1,0
B,F,B,1373,100,1373,1,0
B,G,B,7087,100,7087,1,0
B,H,B,5705,100,5705,1,0
A,C,C,10679,100,10679,1,0
B,C,C,7023,100,7023,1,0
C,D,C,8765,100,8765,1,0
C,E,C,10804,100,10804,1,0
C,F,C,7206,100,7206,1,0
C,G,C,1388,100,1388,1,0
C,H,C,8880,100,8880,1,0
A,D,D,9558,100,9558,1,0
B,D,D,5269,100,5269,1,0
C,D,D,8712,100,8712,1,0
D,E,D,9877,100,9877,1,0
D,F,D,5366,100,5366,1,0
D,G,D,8875,100,8875,1,0
D,H,D,1468,100,1468,1,0
A,E,E,1368,100,1368,1,0
B,E,E,5139,100,5139,1,0
C,E,E,10778,100,10778,1,0
D,E,E,9940,100,9940,1,0
E,F,E,5101,100,5101,1,0
E,G,E,10665,100,10665,1,0
E,H,E,10149,100,10149,1,0
A,F,F,5035,100,5035,1,0
B,F,F,1327,100,1327,1,0
C,F,F,7185,100,7185,1,0
D,F,F,5384,100,5384,1,0
E,F,F,5100,100,5100,1,0
F,G,F,7010,100,7010,1,0
F,H,F,5470,100,5470,1,0
A,G,G,10602,100,10602,1,0
B,G,G,7077,100,7077,1,0
C,G,G,1427,100,1427,1,0
D,G,G,8905,100,8905,1,0
E,G,G,10630,100,10630,1,0
F,G,G,7028,100,7028,1,0
G,H,G,8872,100,8872,1,0
A,H,H,9961,100,9961,1,0
B,H,H,5773,100,5773,1,0
C,H,H,8957,100,8957,1,0
D,H,H,1479,100,1479,1,0
E,H,H,10121,100,10121,1,0
F,H,H,5470,100,5470,1,0
G,H,H,8902,100,8902,1,0
A,B,A,4768,100,4768,1,0
A,C,A,10633,100,10633,1,0
A,D,A,9526,100,9526,1,0
A,E,A,1453,100,1453,1,0
A,F,A,5074,100,5074,1,0
A,G,A,10631,100,10631,1,0
A,H,A,9997,100,9997,1,0
A,B,B,4734,100,4734,1,0
B,C,B,6988,100,6988,1,0
B,D,B,5320,100,5320,1,0
B,E,B,5204,100,5204,1,0
B,F,B,1303,100,1303,1,0
B,G,B,7096,100,7096,1,0
B,H,B,5734,100,5734,1,0
A,C,C,10690,100,10690,1,0
B,C,C,7004,100,7004,1,0
C,D,C,8781,100,8781,1,0
C,E,C,10832,100,10832,1,0
C,F,C,7208,100,7208,1,0
C,G,C,1359,100,1359,1,0
C,H,C,8956,100,8956,1,0
A,D,D,9519,100,9519,1,0
B,D,D,5278,100,5278,1,0
C,D,D,8729,100,8729,1,0
D,E,D,9941,100,9941,1,0
D,F,D,5338,100,5338,1,0
D,G,D,8909,100,8909,1,0
D,H,D,1516,100,1516,1,0
A,E,E,1447,100,1447,1,0
B,E,E,5176,100,5176,1,0
C,E,E,10847,100,10847,1,0
D,E,E,9924,100,9924,1,0
E,F,E,5116,100,5116,1,0
E,G,E,10617,100,10617,1,0
E,H,E,10107,100,10107,1,0
A,F,F,5062,100,5062,1,0
B,F,F,1359,100,1359,1,0
C,F,F,7195,100,7195,1,0
D,F,F,5347,100,5347,1,0
E,F,F,5169,100,5169,1,0
F,G,F,7010,100,7010,1,0
F,H,F,5470,100,5470,1,0
A,G,G,10622,100,10622,1,0
B,G,G,7037,100,7037,1,0
C,G,G,1363,100,1363,1,0
D,G,G,8868,100,8868,1,0
E,G,G,10618,100,10618,1,0
F,G,G,6981,100,6981,1,0
G,H,G,8879,100,8879,1,0
A,H,H,9976,100,9976,1,0
B,H,H,5770,100,5770,1,0
C,H,H,8938,100,8938,1,0
D,H,H,1482,100,1482,1,0
E,H,H,10136,100,10136,1,0
F,H,H,5477,100,5477,1,0
G,H,H,8866,100,8866,1,0
A,B,A,4773,100,4773,1,0
A,C,A,10613,100,10613,1,0
A,D,A,9536,100,9536,1,0
A,E,A,1441,100,1441,1,0
A,F,A,5066,100,5066,1,0
A,G,A,10651,100,10651,1,0
A,H,A,9927,100,9927,1,0
A,B,B,4764,100,4764,1,0
B,C,B,7011,100,7011,1,0
B,D,B,5269,100,5269,1,0
B,E,B,5142,100,5142,1,0
B,F,B,1357,100,1357,1,0
B,G,B,7086,100,7086,1,0
B,H,B,5728,100,5728,1,0
A,C,C,10679,100,10679,1,0
B,C,C,6997,100,6997,1,0
C,D,C,8738,100,8738,1,0
C,E,C,10826,100,10826,1,0
C,F,C,7227,100,7227,1,0
C,G,C,1408,100,1408,1,0
C,H,C,8960,100,8960,1,0
A,D,D,9531,100,9531,1,0
B,D,D,5266,100,5266,1,0
C,D,D,8724,100,8724,1,0
D,E,D,9950,100,9950,1,0
D,F,D,5343,100,5343,1,0
D,G,D,8873,100,8873,1,0
D,H,D,1580,100,1580,1,0
A,E,E,1418,100,1418,1,0
B,E,E,5185,100,5185,1,0
C,E,E,10779,100,10779,1,0
D,E,E,9983,100,9983,1,0
E,F,E,5115,100,5115,1,0
E,G,E,10614,100,10614,1,0
E,H,E,10134,100,10134,1,0
A,F,F,5061,100,5061,1,0
B,F,F,1373,100,1373,1,0
C,F,F,7194,100,7194,1,0
D,F,F,5395,100,5395,1,0
E,F,F,5115,100,5115,1,0
F,G,F,7010,100,7010,1,0
F,H,F,5433,100,5433,1,0
A,G,G,10669,100,10669,1,0
B,G,G,7120,100,7120,1,0
C,G,G,1420,100,1420,1,0
D,G,G,8902,100,8902,1,0
E,G,G,10636,100,10636,1,0
F,G,G,6995,100,6995,1,0
G,H,G,8867,100,8867,1,0
A,H,H,9916,100,9916,1,0
B,H,H,5673,100,5673,1,0
C,H,H,8970,100,8970,1,0
D,H,H,1467,100,1467,1,0
E,H,H,10135,100,10135,1,0
F,H,H,5500,100,5500,1,0
G,H,H,8841,100,8841,1,0
A,B,A,4753,100,4753,1,0
A,C,A,10622,100,10622,1,0
A,D,A,9527,100,9527,1,0
A,E,A,1396,100,1396,1,0
A,F,A,4994,100,4994,1,0
A,G,A,10610,100,10610,1,0
A,H,A,9932,100,9932,1,0
A,B,B,4767,100,4767,1,0
B,C,B,6992,100,6992,1,0
B,D,B,5293,100,5293,1,0
B,E,B,5163,100,5163,1,0
B,F,B,1391,100,1391,1,0
B,G,B,7095,100,7095,1,0
B,H,B,5756,100,5756,1,0
A,C,C,10642,100,10642,1,0
B,C,C,6997,100,6997,1,0
C,D,C,8753,100,8753,1,0
C,E,C,10824,100,10824,1,0
C,F,C,7168,100,7168,1,0
C,G,C,1373,100,1373,1,0
C,H,C,8956,100,8956,1,0
A,D,D,9549,100,9549,1,0
B,D,D,5285,100,5285,1,0
C,D,D,8706,100,8706,1,0
D,E,D,9948,100,9948,1,0
D,F,D,5334,100,5334,1,0
D,G,D,8896,100,8896,1,0
D,H,D,1533,100,1533,1,0
A,E,E,1474,100,1474,1,0
B,E,E,5218,100,5218,1,0
C,E,E,10805,100,10805,1,0
D,E,E,9920,100,9920,1,0
E,F,E,5091,100,5091,1,0
E,G,E,10643,100,10643,1,0
E,H,E,10193,100,10193,1,0
A,F,F,5039,100,5039,1,0
B,F,F,1351,100,1351,1,0
C,F,F,7199,100,7199,1,0
D,F,F,5363,100,5363,1,0
E,F,F,5102,100,5102,1,0
F,G,F,6986,100,6986,1,0
F,H,F,5442,100,5442,1,0
A,G,G,10645,100,10645,1,0
B,G,G,7087,100,7087,1,0
C,G,G,1400,100,1400,1,0
D,G,G,8870,100,8870,1,0
E,G,G,10657,100,10657,1,0
F,G,G,7010,100,7010,1,0
G,H,G,8872,100,8872,1,0
A,H,H,9968,100,9968,1,0
B,H,H,5766,100,5766,1,0
C,H,H,8948,100,8948,1,0
D,H,H,1495,100,1495,1,0
E,H,H,10143,100,10143,1,0
F,H,H,5461,100,5461,1,0
G,H,H,8881,100,8881,1,0
A,B,A,4775,100,4775,1,0
A,C,A,10617,100,10617,1,0
A,D,A,9529,100,9529,1,0
A,E,A,1361,100,1361,1,0
A,F,A,5076,100,5076,1,0
A,G,A,10614,100,10614,1,0
A,H,A,9923,100,9923,1,0
A,B,B,4762,100,4762,1,0
B,C,B,6996,100,6996,1,0
B,D,B,5281,100,5281,1,0
B,E,B,5191,100,5191,1,0
B,F,B,1363,100,1363,1,0
B,G,B,7062,100,7062,1,0
B,H,B,5733,100,5733,1,0
A,C,C,10614,100,10614,1,0
B,C,C,6995,100,6995,1,0
C,D,C,8775,100,8775,1,0
C,E,C,10823,100,10823,1,0
C,F,C,7178,100,7178,1,0
C,G,C,1385,100,1385,1,0
C,H,C,8934,100,8934,1,0
A,D,D,9545,100,9545,1,0
B,D,D,5304,100,5304,1,0
C,D,D,8742,100,8742,1,0
D,E,D,9930,100,9930,1,0
D,F,D,5362,100,5362,1,0
D,G,D,8851,100,8851,1,0
D,H,D,1491,100,1491,1,0
A,E,E,1441,100,1441,1,0
B,E,E,5196,100,5196,1,0
C,E,E,10795,100,10795,1,0
D,E,E,9931,100,9931,1,0
E,F,E,5086,100,5086,1,0
E,G,E,10592,100,10592,1,0
E,H,E,10096,100,10096,1,0
A,F,F,5062,100,5062,1,0
B,F,F,1340,100,1340,1,0
C,F,F,7192,100,7192,1,0
D,F,F,5359,100,5359,1,0
E,F,F,5101,100,5101,1,0
F,G,F,7007,100,7007,1,0
F,H,F,5427,100,5427,1,0
A,G,G,10640,100,10640,1,0
B,G,G,7065,100,7065,1,0
C,G,G,1355,100,1355,1,0
D,G,G,8882,100,8882,1,0
E,G,G,10622,100,10622,1,0
F,G,G,6984,100,6984,1,0
G,H,G,8877,100,8877,1,0
A,H,H,9937,100,9937,1,0
B,H,H,5714,100,5714,1,0
C,H,H,8991,100,8991,1,0
D,H,H,1510,100,1510,1,0
E,H,H,10133,100,10133,1,0
F,H,H,5481,100,5481,1,0
G,H,H,8896,100,8896,1,0
A,B,A,4805,100,4805,1,0
A,C,A,10676,100,10676,1,0
A,D,A,9538,100,9538,1,0
A,E,A,1347,100,1347,1,0
A,F,A,5052,100,5052,1,0
A,G,A,10596,100,10596,1,0
A,H,A,9931,100,9931,1,0
A,B,B,4751,100,4751,1,0
B,C,B,6995,100,6995,1,0
B,D,B,5282,100,5282,1,0
B,E,B,5199,100,5199,1,0
B,F,B,1332,100,1332,1,0
B,G,B,7069,100,7069,1,0
B,H,B,5740,100,5740,1,0
A,C,C,10619,100,10619,1,0
B,C,C,6996,100,6996,1,0
C,D,C,8732,100,8732,1,0
C,E,C,10794,100,10794,1,0
C,F,C,7190,100,7190,1,0
C,G,C,1346,100,1346,1,0
C,H,C,8954,100,8954,1,0
A,D,D,9531,100,9531,1,0
B,D,D,5286,100,5286,1,0
C,D,D,8735,100,8735,1,0
D,E,D,9985,100,9985,1,0
D,F,D,5374,100,5374,1,0
D,G,D,8887,100,8887,1,0
D,H,D,1486,100,1486,1,0
A,E,E,1420,100,1420,1,0
B,E,E,5175,100,5175,1,0
C,E,E,10842,100,10842,1,0
D,E,E,9922,100,9922,1,0
E,F,E,5116,100,5116,1,0
E,G,E,10651,100,10651,1,0
E,H,E,10162,100,10162,1,0
A,F,F,5056,100,5056,1,0
B,F,F,1350,100,1350,1,0
C,F,F,7181,100,7181,1,0
D,F,F,5351,100,5351,1,0
E,F,F,5103,100,5103,1,0
F,G,F,6979,100,6979,1,0
F,H,F,5449,100,5449,1,0
A,G,G,10629,100,10629,1,0
B,G,G,7100,100,7100,1,0
C,G,G,1385,100,1385,1,0
D,G,G,8901,100,8901,1,0
E,G,G,10622,100,10622,1,0
F,G,G,6980,100,6980,1,0
G,H,G,8837,100,8837,1,0
A,H,H,9925,100,9925,1,0
B,H,H,5696,100,5696,1,0
C,H,H,8910,100,8910,1,0
D,H,H,1486,100,1486,1,0
E,H,H,10167,100,10167,1,0
F,H,H,5471,100,5471,1,0
G,H,H,8894,100,8894,1,0
A,B,A,4807,100,4807,1,0
A,C,A,10661,100,10661,1,0
A,D,A,9543,100,9543,1,0
A,E,A,1398,100,1398,1,0
A,F,A,5066,100,5066,1,0
A,G,A,10587,100,10587,1,0
A,H,A,9919,100,9919,1,0
A,B,B,4818,100,4818,1,0
B,C,B,7018,100,7018,1,0
B,D,B,5323,100,5323,1,0
B,E,B,5175,100,5175,1,0
B,F,B,1350,100,1350,1,0
B,G,B,7080,100,7080,1,0
B,H,B,5763,100,5763,1,0
A,C,C,10631,100,10631,1,0
B,C,C,6996,100,6996,1,0
C,D,C,8723,100,8723,1,0
C,E,C,10839,100,10839,1,0
C,F,C,7180,100,7180,1,0
C,G,C,1376,100,1376,1,0
C,H,C,8962,100,8962,1,0
A,D,D,9528,100,9528,1,0
B,D,D,5315,100,5315,1,0
C,D,D,8744,100,8744,1,0
D,E,D,9928,100,9928,1,0
D,F,D,5352,100,5352,1,0
D,G,D,8929,100,8929,1,0
D,H,D,1548,100,1548,1,0
A,E,E,1445,100,1445,1,0
B,E,E,5161,100,5161,1,0
C,E,E,10821,100,10821,1,0
D,E,E,9987,100,9987,1,0
E,F,E,5075,100,5075,1,0
E,G,E,10648,100,10648,1,0
E,H,E,10133,100,10133,1,0
A,F,F,5072,100,5072,1,0
B,F,F,1341,100,1341,1,0
C,F,F,7187,100,7187,1,0
D,F,F,5357,100,5357,1,0
E,F,F,5094,100,5094,1,0
F,G,F,6972,100,6972,1,0
F,H,F,5476,100,5476,1,0
A,G,G,10661,100,10661,1,0
B,G,G,7037,100,7037,1,0
C,G,G,1381,100,1381,1,0
D,G,G,8872,100,8872,1,0
E,G,G,10664,100,10664,1,0
F,G,G,6970,100,6970,1,0
G,H,G,8886,100,8886,1,0
A,H,H,9964,100,9964,1,0
B,H,H,5721,100,5721,1,0
C,H,H,8939,100,8939,1,0
D,H,H,1492,100,1492,1,0
E,H,H,10120,100,10120,1,0
F,H,H,5464,100,5464,1,0
G,H,H,8884,100,8884,1,0
A,B,A,4776,100,4776,1,0
A,C,A,10624,100,10624,1,0
A,D,A,9514,100,9514,1,0
A,E,A,1381,100,1381,1,0
A,F,A,5053,100,5053,1,0
A,G,A,10632,100,10632,1,0
A,H,A,9909,100,9909,1,0
A,B,B,4750,100,4750,1,0
B,C,B,7026,100,7026,1,0
B,D,B,5256,100,5256,1,0
B,E,B,5133,100,5133,1,0
B,F,B,1336,100,1336,1,0
B,G,B,7053,100,7053,1,0
B,H,B,5719,100,5719,1,0
A,C,C,10693,100,10693,1,0
B,C,C,7026,100,7026,1,0
C,D,C,8747,100,8747,1,0
C,E,C,10814,100,10814,1,0
C,F,C,7182,100,7182,1,0
C,G,C,1331,100,1331,1,0
C,H,C,8961,100,8961,1,0
A,D,D,9493,100,9493,1,0
B,D,D,5248,100,5248,1,0
C,D,D,8721,100,8721,1,0
D,E,D,9920,100,9920,1,0
D,F,D,5410,100,5410,1,0
D,G,D,8930,100,8930,1,0
D,H,D,1537,100,1537,1,0
A,E,E,1367,100,1367,1,0
B,E,E,5151,100,5151,1,0
C,E,E,10846,100,10846,1,0
D,E,E,9967,100,9967,1,0
E,F,E,5132,100,5132,1,0
E,G,E,10656,100,10656,1,0
E,H,E,10175,100,10175,1,0
A,F,F,5092,100,5092,1,0
B,F,F,1344,100,1344,1,0
C,F,F,7189,100,7189,1,0
D,F,F,5397,100,5397,1,0
E,F,F,5139,100,5139,1,0
F,G,F,7010,100,7010,1,0
F,H,F,5492,100,5492,1,0
A,G,G,10652,100,10652,1,0
B,G,G,7091,100,7091,1,0
C,G,G,1348,100,1348,1,0
D,G,G,8880,100,8880,1,0
E,G,G,10627,100,10627,1,0
F,G,G,7026,100,7026,1,0
G,H,G,8856,100,8856,1,0
A,H,H,9911,100,9911,1,0
B,H,H,5734,100,5734,1,0
C,H,H,8947,100,8947,1,0
D,H,H,1508,100,1508,1,0
E,H,H,10144,100,10144,1,0
F,H,H,5426,100,5426,1,0
G,H,H,8828,100,8828,1,0
A,B,A,4789,100,4789,1,0
A,C,A,10625,100,10625,1,0
A,D,A,9528,100,9528,1,0
A,E,A,1428,100,1428,1,0
A,F,A,5054,100,5054,1,0
A,G,A,10643,100,10643,1,0
A,H,A,9983,100,9983,1,0
A,B,B,4768,100,4768,1,0
B,C,B,6996,100,6996,1,0
B,D,B,5317,100,5317,1,0
B,E,B,5167,100,5167,1,0
B,F,B,1344,100,1344,1,0
B,G,B,7067,100,7067,1,0
B,H,B,5705,100,5705,1,0
A,C,C,10589,100,10589,1,0
B,C,C,6994,100,6994,1,0
C,D,C,8758,100,8758,1,0
C,E,C,10846,100,10846,1,0
C,F,C,7195,100,7195,1,0
C,G,C,1383,100,1383,1,0
C,H,C,8923,100,8923,1,0
A,D,D,9567,100,9567,1,0
B,D,D,5286,100,5286,1,0
C,D,D,8754,100,8754,1,0
D,E,D,9950,100,9950,1,0
D,F,D,5373,100,5373,1,0
D,G,D,8903,100,8903,1,0
D,H,D,1524,100,1524,1,0
A,E,E,1449,100,1449,1,0
B,E,E,5169,100,5169,1,0
C,E,E,10796,100,10796,1,0
D,E,E,9946,100,9946,1,0
E,F,E,5119,100,5119,1,0
E,G,E,10617,100,10617,1,0
E,H,E,10141,100,10141,1,0
A,F,F,5056,100,5056,1,0
B,F,F,1334,100,1334,1,0
C,F,F,7170,100,7170,1,0
D,F,F,5364,100,5364,1,0
E,F,F,5097,100,5097,1,0
F,G,F,6994,100,6994,1,0
F,H,F,5473,100,5473,1,0
A,G,G,10612,100,10612,1,0
B,G,G,7059,100,7059,1,0
C,G,G,1308,100,1308,1,0
D,G,G,8893,100,8893,1,0
E,G,G,10622,100,10622,1,0
F,G,G,6985,100,6985,1,0
G,H,G,8881,100,8881,1,0
A,H,H,9908,100,9908,1,0
B,H,H,5665,100,5665,1,0
C,H,H,8935,100,8935,1,0
D,H,H,1500,100,1500,1,0
E,H,H,10135,100,10135,1,0
F,H,H,5426,100,5426,1,0
G,H,H,8889,100,8889,1,0
A,B,A,4773,100,4773,1,0
A,C,A,10633,100,10633,1,0
A,D,A,9543,100,9543,1,0
A,E,A,1406,100,1406,1,0
A,F,A,5076,100,5076,1,0
A,G,A,10674,100,10674,1,0
A,H,A,9979,100,9979,1,0
A,B,B,4761,100,4761,1,0
B,C,B,6993,100,6993,1,0
B,D,B,5322,100,5322,1,0
B,E,B,5169,100,5169,1,0
B,F,B,1345,100,1345,1,0
B,G,B,7073,100,7073,1,0
B,H,B,5762,100,5762,1,0
A,C,C,10602,100,10602,1,0
B,C,C,7033,100,7033,1,0
C,D,C,8729,100,8729,1,0
C,E,C,10821,100,10821,1,0
C,F,C,7171,100,7171,1,0
C,G,C,1388,100,1388,1,0
C,H,C,8936,100,8936,1,0
A,D,D,9527,100,9527,1,0
B,D,D,5305,100,5305,1,0
C,D,D,8755,100,8755,1,0
D,E,D,9923,100,9923,1,0
D,F,D,5396,100,5396,1,0
D,G,D,8917,100,8917,1,0
D,H,D,1489,100,1489,1,0
A,E,E,1379,100,1379,1,0
B,E,E,5140,100,5140,1,0
C,E,E,10817,100,10817,1,0
D,E,E,9900,100,9900,1,0
E,F,E,5060,100,5060,1,0
E,G,E,10622,100,10622,1,0
E,H,E,10183,100,10183,1,0
A,F,F,5079,100,5079,1,0
B,F,F,1360,100,1360,1,0
C,F,F,7195,100,7195,1,0
D,F,F,5384,100,5384,1,0
E,F,F,5124,100,5124,1,0
F,G,F,7002,100,7002,1,0
F,H,F,5430,100,5430,1,0
A,G,G,10644,100,10644,1,0
B,G,G,7066,100,7066,1,0
C,G,G,1377,100,1377,1,0
D,G,G,8868,100,8868,1,0
E,G,G,10643,100,10643,1,0
F,G,G,7011,100,7011,1,0
G,H,G,8877,100,8877,1,0
A,H,H,9952,100,9952,1,0
B,H,H,5713,100,5713,1,0
C,H,H,8899,100,8899,1,0
D,H,H,1472,100,1472,1,0
E,H,H,10134,100,10134,1,0
F,H,H,5467,100,5467,1,0
G,H,H,8821,100,8821,1,0
A,B,A,4767,100,4767,1,0
A,C,A,10619,100,10619,1,0
A,D,A,9545,100,9545,1,0
A,E,A,1374,100,1374,1,0
A,F,A,5101,100,5101,1,0
A,G,A,10655,100,10655,1,0
A,H,A,9969,100,9969,1,0
A,B,B,4730,100,4730,1,0
B,C,B,7016,100,7016,1,0
B,D,B,5314,100,5314,1,0
B,E,B,5164,100,5164,1,0
B,F,B,1392,100,1392,1,0
B,G,B,7094,100,7094,1,0
B,H,B,5746,100,5746,1,0
A,C,C,10646,100,10646,1,0
B,C,C,7012,100,7012,1,0
C,D,C,8748,100,8748,1,0
C,E,C,10784,100,10784,1,0
C,F,C,7148,100,7148,1,0
C,G,C,1381,100,1381,1,0
C,H,C,8941,100,8941,1,0
A,D,D,9560,100,9560,1,0
B,D,D,5277,100,5277,1,0
C,D,D,8710,100,8710,1,0
D,E,D,9954,100,9954,1,0
D,F,D,5378,100,5378,1,0
D,G,D,8876,100,8876,1,0
D,H,D,1501,100,1501,1,0
A,E,E,1417,100,1417,1,0
B,E,E,5208,100,5208,1,0
C,E,E,10818,100,10818,1,0
D,E,E,9968,100,9968,1,0
E,F,E,5084,100,5084,1,0
E,G,E,10629,100,10629,1,0
E,H,E,10190,100,10190,1,0
A,F,F,5063,100,5063,1,0
B,F,F,1341,100,1341,1,0
C,F,F,7197,100,7197,1,0
D,F,F,5358,100,5358,1,0
E,F,F,5075,100,5075,1,0
F,G,F,7005,100,7005,1,0
F,H,F,5442,100,5442,1,0
A,G,G,10565,100,10565,1,0
B,G,G,7076,100,7076,1,0
C,G,G,1373,100,1373,1,0
D,G,G,8919,100,8919,1,0
E,G,G,10614,100,10614,1,0
F,G,G,6998,100,6998,1,0
G,H,G,8845,100,8845,1,0
A,H,H,9926,100,9926,1,0
B,H,H,5752,100,5752,1,0
C,H,H,8938,100,8938,1,0
D,H,H,1474,100,1474,1,0
E,H,H,10141,100,10141,1,0
F,H,H,5447,100,5447,1,0
G,H,H,8866,100,8866,1,0
A,B,A,4771,100,4771,1,0
A,C,A,10608,100,10608,1,0
A,D,A,9543,100,9543,1,0
A,E,A,1419,100,1419,1,0
A,F,A,5049,100,5049,1,0
A,G,A,10650,100,10650,1,0
A,H,A,9915,100,9915,1,0
A,B,B,4779,100,4779,1,0
B,C,B,7010,100,7010,1,0
B,D,B,5279,100,5279,1,0
B,E,B,5168,100,5168,1,0
B,F,B,1355,100,1355,1,0
B,G,B,7034,100,7034,1,0
B,H,B,5771,100,5771,1,0
A,C,C,10617,100,10617,1,0
B,C,C,7002,100,7002,1,0
C,D,C,8781,100,8781,1,0
C,E,C,10811,100,10811,1,0
C,F,C,7202,100,7202,1,0
C,G,C,1316,100,1316,1,0
C,H,C,8940,100,8940,1,0
A,D,D,9528,100,9528,1,0
B,D,D,5289,100,5289,1,0
C,D,D,8721,100,8721,1,0
D,E,D,9910,100,9910,1,0
D,F,D,5408,100,5408,1,0
D,G,D,8869,100,8869,1,0
D,H,D,1430,100,1430,1,0
A,E,E,1375,100,1375,1,0
B,E,E,5187,100,5187,1,0
C,E,E,10876,100,10876,1,0
D,E,E,9961,100,9961,1,0
E,F,E,5135,100,5135,1,0
E,G,E,10624,100,10624,1,0
E,H,E,10112,100,10112,1,0
A,F,F,5053,100,5053,1,0
B,F,F,1364,100,1364,1,0
C,F,F,7180,100,7180,1,0
D,F,F,5366,100,5366,1,0
E,F,F,5162,100,5162,1,0
F,G,F,7020,100,7020,1,0
F,H,F,5499,100,5499,1,0
A,G,G,10644,100,10644,1,0
B,G,G,7074,100,7074,1,0
C,G,G,1367,100,1367,1,0
D,G,G,8937,100,8937,1,0
E,G,G,10628,100,10628,1,0
F,G,G,7015,100,7015,1,0
G,H,G,8892,100,8892,1,0
A,H,H,9923,100,9923,1,0
B,H,H,5785,100,5785,1,0
C,H,H,8931,100,8931,1,0
D,H,H,1472,100,1472,1,0
E,H,H,10153,100,10153,1,0
F,H,H,5483,100,5483,1,0
G,H,H,8840,100,8840,1,0
A,B,A,4767,100,4767,1,0
A,C,A,10643,100,10643,1,0
A,D,A,9534,100,9534,1,0
A,E,A,1408,100,1408,1,0
A,F,A,5071,100,5071,1,0
A,G,A,10542,100,10542,1,0
A,H,A,9962,100,9962,1,0
A,B,B,4771,100,4771,1,0
B,C,B,7008,100,7008,1,0
B,D,B,5322,100,5322,1,0
B,E,B,5144,100,5144,1,0
B,F,B,1343,100,1343,1,0
B,G,B,7075,100,7075,1,0
B,H,B,5711,100,5711,1,0
A,C,C,10615,100,10615,1,0
B,C,C,7035,100,7035,1,0
C,D,C,8701,100,8701,1,0
C,E,C,10845,100,10845,1,0
C,F,C,7200,100,7200,1,0
C,G,C,1386,100,1386,1,0
C,H,C,8945,100,8945,1,0
A,D,D,9541,100,9541,1,0
B,D,D,5243,100,5243,1,0
C,D,D,8750,100,8750,1,0
D,E,D,9922,100,9922,1,0
D,F,D,5382,100,5382,1,0
D,G,D,8921,100,8921,1,0
D,H,D,1480,100,1480,1,0
A,E,E,1401,100,1401,1,0
B,E,E,5166,100,5166,1,0
C,E,E,10861,100,10861,1,0
D,E,E,9978,100,9978,1,0
E,F,E,5114,100,5114,1,0
E,G,E,10630,100,10630,1,0
E,H,E,10121,100,10121,1,0
A,F,F,5096,100,5096,1,0
B,F,F,1348,100,1348,1,0
C,F,F,7182,100,7182,1,0
D,F,F,5352,100,5352,1,0
E,F,F,5095,100,5095,1,0
F,G,F,6983,100,6983,1,0
F,H,F,5466,100,5466,1,0
A,G,G,10630,100,10630,1,0
B,G,G,7095,100,7095,1,0
C,G,G,1350,100,1350,1,0
D,G,G,8956,100,8956,1,0
E,G,G,10619,100,10619,1,0
F,G,G,7002,100,7002,1,0
G,H,G,8894,100,8894,1,0
A,H,H,9934,100,9934,1,0
B,H,H,5785,100,5785,1,0
C,H,H,8932,100,8932,1,0
D,H,H,1556,100,1556,1,0
E,H,H,10191,100,10191,1,0
F,H,H,5458,100,5458,1,0
G,H,H,8848,100,8848,1,0
A,B,A,4735,100,4735,1,0
A,C,A,10623,100,10623,1,0
A,D,A,9523,100,9523,1,0
A,E,A,1403,100,1403,1,0
A,F,A,5042,100,5042,1,0
A,G,A,10659,100,10659,1,0
A,H,A,9932,100,9932,1,0
A,B,B,4799,100,4799,1,0
B,C,B,6963,100,6963,1,0
B,D,B,5264,100,5264,1,0
B,E,B,5184,100,5184,1,0
B,F,B,1297,100,1297,1,0
B,G,B,7067,100,7067,1,0
B,H,B,5736,100,5736,1,0
A,C,C,10632,100,10632,1,0
B,C,C,7005,100,7005,1,0
C,D,C,8726,100,8726,1,0
C,E,C,10840,100,10840,1,0
C,F,C,7157,100,7157,1,0
C,G,C,1397,100,1397,1,0
C,H,C,8953,100,8953,1,0
A,D,D,9528,100,9528,1,0
B,D,D,5271,100,5271,1,0
C,D,D,8712,100,8712,1,0
D,E,D,9951,100,9951,1,0
D,F,D,5379,100,5379,1,0
D,G,D,8917,100,8917,1,0
D,H,D,1497,100,1497,1,0
A,E,E,1386,100,1386,1,0
B,E,E,5187,100,5187,1,0
C,E,E,10813,100,10813,1,0
D,E,E,9913,100,9913,1,0
E,F,E,5099,100,5099,1,0
E,G,E,10650,100,10650,1,0
E,H,E,10176,100,10176,1,0
A,F,F,5038,100,5038,1,0
B,F,F,1331,100,1331,1,0
C,F,F,7191,100,7191,1,0
D,F,F,5387,100,5387,1,0
E,F,F,5058,100,5058,1,0
F,G,F,7010,100,7010,1,0
F,H,F,5467,100,5467,1,0
A,G,G,10615,100,10615,1,0
B,G,G,7069,100,7069,1,0
C,G,G,1376,100,1376,1,0
D,G,G,8919,100,8919,1,0
E,G,G,10638,100,10638,1,0
F,G,G,6993,100,6993,1,0
G,H,G,8872,100,8872,1,0
A,H,H,10007,100,10007,1,0
B,H,H,5694,100,5694,1,0
C,H,H,8951,100,8951,1,0
D,H,H,1542,100,1542,1,0
E,H,H,10115,100,10115,1,0
F,H,H,5493,100,5493,1,0
G,H,H,8881,100,8881,1,0
A,B,A,4806,100,4806,1,0
A,C,A,10617,100,10617,1,0
A,D,A,9525,100,9525,1,0
A,E,A,1378,100,1378,1,0
A,F,A,5073,100,5073,1,0
A,G,A,10619,100,10619,1,0
A,H,A,9933,100,9933,1,0
A,B,B,4768,100,4768,1,0
B,C,B,7013,100,7013,1,0
B,D,B,5287,100,5287,1,0
B,E,B,5183,100,5183,1,0
B,F,B,1374,100,1374,1,0
B,G,B,7039,100,7039,1,0
B,H,B,5742,100,5742,1,0
A,C,C,10613,100,10613,1,0
B,C,C,7018,100,7018,1,0
C,D,C,8702,100,8702,1,0
C,E,C,10808,100,10808,1,0
C,F,C,7221,100,7221,1,0
C,G,C,1359,100,1359,1,0
C,H,C,8926,100,8926,1,0
A,D,D,9519,100,9519,1,0
B,D,D,5271,100,5271,1,0
C,D,D,8730,100,8730,1,0
D,E,D,9941,100,9941,1,0
D,F,D,5372,100,5372,1,0
D,G,D,8958,100,8958,1,0
D,H,D,1495,100,1495,1,0
A,E,E,1357,100,1357,1,0
B,E,E,5173,100,5173,1,0
C,E,E,10788,100,10788,1,0
D,E,E,9935,100,9935,1,0
E,F,E,5152,100,5152,1,0
E,G,E,10622,100,10622,1,0
E,H,E,10187,100,10187,1,0
A,F,F,5075,100,5075,1,0
B,F,F,1325,100,1325,1,0
C,F,F,7178,100,7178,1,0
D,F,F,5381,100,5381,1,0
E,F,F,5098,100,5098,1,0
F,G,F,6989,100,6989,1,0
F,H,F,5453,100,5453,1,0
A,G,G,10635,100,10635,1,0
B,G,G,7051,100,7051,1,0
C,G,G,1402,100,1402,1,0
D,G,G,8906,100,8906,1,0
E,G,G,10591,100,10591,1,0
F,G,G,6969,100,6969,1,0
G,H,G,8903,100,8903,1,0
A,H,H,9962,100,9962,1,0
B,H,H,5757,100,5757,1,0
C,H,H,8905,100,8905,1,0
D,H,H,1537,100,1537,1,0
E,H,H,10126,100,10126,1,0
F,H,H,5453,100,5453,1,0
G,H,H,8841,100,8841,1,0
A,B,A,4773,100,4773,1,0
A,C,A,10613,100,10613,1,0
A,D,A,9536,100,9536,1,0
A,E,A,1426,100,1426,1,0
A,F,A,5076,100,5076,1,0
A,G,A,10602,100,10602,1,0
A,H,A,9952,100,9952,1,0
A,B,B,4784,100,4784,1,0
B,C,B,7047,100,7047,1,0
B,D,B,5314,100,5314,1,0
B,E,B,5169,100,5169,1,0
B,F,B,1333,100,1333,1,0
B,G,B,7057,100,7057,1,0
B,H,B,5748,100,5748,1,0
A,C,C,10620,100,10620,1,0
B,C,C,7011,100,7011,1,0
C,D,C,8714,100,8714,1,0
C,E,C,10839,100,10839,1,0
C,F,C,7203,100,7203,1,0
C,G,C,1400,100,1400,1,0
C,H,C,8931,100,8931,1,0
A,D,D,9520,100,9520,1,0
B,D,D,5263,100,5263,1,0
C,D,D,8749,100,8749,1,0
D,E,D,9907,100,9907,1,0
D,F,D,5369,100,5369,1,0
D,G,D,8867,100,8867,1,0
D,H,D,1475,100,1475,1,0
A,E,E,1428,100,1428,1,0
B,E,E,5207,100,5207,1,0
C,E,E,10770,100,10770,1,0
D,E,E,9888,100,9888,1,0
E,F,E,5105,100,5105,1,0
E,G,E,10632,100,10632,1,0
E,H,E,10122,100,10122,1,0
A,F,F,5029,100,5029,1,0
B,F,F,1343,100,1343,1,0
C,F,F,7177,100,7177,1,0
D,F,F,5400,100,5400,1,0
E,F,F,5117,100,5117,1,0
F,G,F,6998,100,6998,1,0
F,H,F,5441,100,5441,1,0
A,G,G,10580,100,10580,1,0
B,G,G,7070,100,7070,1,0
C,G,G,1372,100,1372,1,0
D,G,G,8868,100,8868,1,0
E,G,G,10641,100,10641,1,0
F,G,G,6959,100,6959,1,0
G,H,G,8887,100,8887,1,0
A,H,H,9935,100,9935,1,0
B,H,H,5801,100,5801,1,0
C,H,H,8922,100,8922,1,0
D,H,H,1435,100,1435,1,0
E,H,H,10137,100,10137,1,0
F,H,H,5471,100,5471,1,0
G,H,H,8856,100,8856,1,0
A,B,A,4724,100,4724,1,0
A,C,A,10667,100,10667,1,0
A,D,A,9519,100,9519,1,0
A,E,A,1398,100,1398,1,0
A,F,A,5022,100,5022,1,0
A,G,A,10651,100,10651,1,0
A,H,A,9901,100,9901,1,0
A,B,B,4790,100,4790,1,0
B,C,B,7032,100,7032,1,0
B,D,B,5290,100,5290,1,0
B,E,B,5191,100,5191,1,0
B,F,B,1375,100,1375,1,0
B,G,B,7065,100,7065,1,0
B,H,B,5707,100,5707,1,0
A,C,C,10636,100,10636,1,0
B,C,C,7035,100,7035,1,0
C,D,C,8772,100,8772,1,0
C,E,C,10808,100,10808,1,0
C,F,C,7217,100,7217,1,0
C,G,C,1406,100,1406,1,0
C,H,C,8936,100,8936,1,0
A,D,D,9518,100,9518,1,0
B,D,D,5256,100,5256,1,0
C,D,D,8747,100,8747,1,0
D,E,D,9925,100,9925,1,0
D,F,D,5407,100,5407,1,0
D,G,D,8882,100,8882,1,0
D,H,D,1484,100,1484,1,0
A,E,E,1405,100,1405,1,0
B,E,E,5162,100,5162,1,0
C,E,E,10827,100,10827,1,0
D,E,E,9921,100,9921,1,0
E,F,E,5110,100,5110,1,0
E,G,E,10640,100,10640,1,0
E,H,E,10136,100,10136,1,0
A,F,F,5099,100,5099,1,0
B,F,F,1327,100,1327,1,0
C,F,F,7199,100,7199,1,0
D,F,F,5367,100,5367,1,0
E,F,F,5108,100,5108,1,0
F,G,F,6990,100,6990,1,0
F,H,F,5487,100,5487,1,0
A,G,G,10646,100,10646,1,0
B,G,G,7092,100,7092,1,0
C,G,G,1414,100,1414,1,0
D,G,G,8892,100,8892,1,0
E,G,G,10627,100,10627,1,0
F,G,G,7018,100,7018,1,0
G,H,G,8910,100,8910,1,0
A,H,H,9940,100,9940,1,0
B,H,H,5741,100,5741,1,0
C,H,H,8937,100,8937,1,0
D,H,H,1475,100,1475,1,0
E,H,H,10172,100,10172,1,0
F,H,H,5436,100,5436,1,0
G,H,H,8897,100,8897,1,0
A,B,A,4783,100,4783,1,0
A,C,A,10618,100,10618,1,0
A,D,A,9518,100,9518,1,0
A,E,A,1403,100,1403,1,0
A,F,A,5074,100,5074,1,0
A,G,A,10620,100,10620,1,0
A,H,A,9981,100,9981,1,0
A,B,B,4757,100,4757,1,0
B,C,B,7005,100,7005,1,0
B,D,B,5316,100,5316,1,0
B,E,B,5152,100,5152,1,0
B,F,B,1346,100,1346,1,0
B,G,B,7062,100,7062,1,0
B,H,B,5797,100,5797,1,0
A,C,C,10635,100,10635,1,0
B,C,C,7005,100,7005,1,0
C,D,C,8734,100,8734,1,0
C,E,C,10840,100,10840,1,0
C,F,C,7210,100,7210,1,0
C,G,C,1404,100,1404,1,0
C,H,C,8949,100,8949,1,0
A,D,D,9536,100,9536,1,0
B,D,D,5247,100,5247,1,0
C,D,D,8747,100,8747,1,0
D,E,D,9898,100,9898,1,0
D,F,D,5352,100,5352,1,0
D,G,D,8917,100,8917,1,0
D,H,D,1571,100,1571,1,0
A,E,E,1379,100,1379,1,0
B,E,E,5221,100,5221,1,0
C,E,E,10846,100,10846,1,0
D,E,E,9911,100,9911,1,0
E,F,E,5082,100,5082,1,0
E,G,E,10623,100,10623,1,0
E,H,E,10150,100,10150,1,0
A,F,F,5082,100,5082,1,0
B,F,F,1371,100,1371,1,0
C,F,F,7205,100,7205,1,0
D,F,F,5323,100,5323,1,0
E,F,F,5137,100,5137,1,0
F,G,F,7020,100,7020,1,0
F,H,F,5471,100,5471,1,0
A,G,G,10631,100,10631,1,0
B,G,G,7030,100,7030,1,0
C,G,G,1404,100,1404,1,0
D,G,G,8879,100,8879,1,0
E,G,G,10630,100,10630,1,0
F,G,G,6987,100,6987,1,0
G,H,G,8853,100,8853,1,0
A,H,H,9921,100,9921,1,0
B,H,H,5735,100,5735,1,0
C,H,H,8962,100,8962,1,0
D,H,H,1477,100,1477,1,0
E,H,H,10195,100,10195,1,0
F,H,H,5469,100,5469,1,0
G,H,H,8850,100,8850,1,0
A,B,A,4764,100,4764,1,0
A,C,A,10667,100,10667,1,0
A,D,A,9536,100,9536,1,0
A,E,A,1379,100,1379,1,0
A,F,A,5021,100,5021,1,0
A,G,A,10649,100,10649,1,0
A,H,A,9897,100,9897,1,0
A,B,B,4777,100,4777,1,0
B,C,B,6975,100,6975,1,0
B,D,B,5287,100,5287,1,0
B,E,B,5163,100,5163,1,0
B,F,B,1368,100,1368,1,0
B,G,B,7094,100,7094,1,0
B,H,B,5770,100,5770,1,0
A,C,C,10656,100,10656,1,0
B,C,C,7007,100,7007,1,0
C,D,C,8728,100,8728,1,0
C,E,C,10830,100,10830,1,0
C,F,C,7207,100,7207,1,0
C,G,C,1363,100,1363,1,0
C,H,C,8977,100,8977,1,0
A,D,D,9494,100,9494,1,0
B,D,D,5309,100,5309,1,0
C,D,D,8737,100,8737,1,0
D,E,D,9958,100,9958,1,0
D,F,D,5366,100,5366,1,0
D,G,D,8884,100,8884,1,0
D,H,D,1534,100,1534,1,0
A,E,E,1409,100,1409,1,0
B,E,E,5206,100,5206,1,0
C,E,E,10828,100,10828,1,0
D,E,E,9928,100,9928,1,0
E,F,E,5100,100,5100,1,0
E,G,E,10644,100,10644,1,0
E,H,E,10157,100,10157,1,0
A,F,F,5054,100,5054,1,0
B,F,F,1362,100,1362,1,0
C,F,F,7181,100,7181,1,0
D,F,F,5350,100,5350,1,0
E,F,F,5136,100,5136,1,0
F,G,F,7013,100,7013,1,0
F,H,F,5483,100,5483,1,0
A,G,G,10604,100,10604,1,0
B,G,G,7061,100,7061,1,0
C,G,G,1417,100,1417,1,0
D,G,G,8901,100,8901,1,0
E,G,G,10650,100,10650,1,0
F,G,G,6994,100,6994,1,0
G,H,G,8862,100,8862,1,0
A,H,H,9911,100,9911,1,0
B,H,H,5706,100,5706,1,0
C,H,H,8928,100,8928,1,0
D,H,H,1566,100,1566,1,0
E,H,H,10160,100,10160,1,0
F,H,H,5421,100,5421,1,0
G,H,H,8866,100,8866,1,0
A,B,A,4791,100,4791,1,0
A,C,A,10630,100,10630,1,0
A,D,A,9505,100,9505,1,0
A,E,A,1386,100,1386,1,0
A,F,A,5053,100,5053,1,0
A,G,A,10669,100,10669,1,0
A,H,A,9996,100,9996,1,0
A,B,B,4757,100,4757,1,0
B,C,B,7034,100,7034,1,0
B,D,B,5298,100,5298,1,0
B,E,B,5174,100,5174,1,0
B,F,B,1335,100,1335,1,0
B,G,B,7075,100,7075,1,0
B,H,B,5846,100,5846,1,0
A,C,C,10630,100,10630,1,0
B,C,C,7020,100,7020,1,0
C,D,C,8754,100,8754,1,0
C,E,C,10813,100,10813,1,0
C,F,C,7218,100,7218,1,0
C,G,C,1335,100,1335,1,0
C,H,C,9005,100,9005,1,0
A,D,D,9518,100,9518,1,0
B,D,D,5245,100,5245,1,0
C,D,D,8725,100,8725,1,0
D,E,D,9867,100,9867,1,0
D,F,D,5349,100,5349,1,0
D,G,D,8854,100,8854,1,0
D,H,D,1531,100,1531,1,0
A,E,E,1382,100,1382,1,0
B,E,E,5158,100,5158,1,0
C,E,E,10789,100,10789,1,0
D,E,E,9996,100,9996,1,0
E,F,E,5094,100,5094,1,0
E,G,E,10616,100,10616,1,0
E,H,E,10136,100,10136,1,0
A,F,F,5026,100,5026,1,0
B,F,F,1356,100,1356,1,0
C,F,F,7172,100,7172,1,0
D,F,F,5346,100,5346,1,0
E,F,F,5110,100,5110,1,0
F,G,F,7013,100,7013,1,0
F,H,F,5448,100,5448,1,0
A,G,G,10573,100,10573,1,0
B,G,G,7042,100,7042,1,0
C,G,G,1361,100,1361,1,0
D,G,G,8898,100,8898,1,0
E,G,G,10615,100,10615,1,0
F,G,G,6986,100,6986,1,0
G,H,G,8853,100,8853,1,0
A,H,H,9949,100,9949,1,0
B,H,H,5731,100,5731,1,0
C,H,H,8941,100,8941,1,0
D,H,H,1483,100,1483,1,0
E,H,H,10138,100,10138,1,0
F,H,H,5490,100,5490,1,0
G,H,H,8875,100,8875,1,0
A,B,A,4795,100,4795,1,0
A,C,A,10693,100,10693,1,0
A,D,A,9546,100,9546,1,0
A,E,A,1423,100,1423,1,0
A,F,A,5060,100,5060,1,0
A,G,A,10664,100,10664,1,0
A,H,A,9934,100,9934,1,0
A,B,B,4756,100,4756,1,0
B,C,B,7022,100,7022,1,0
B,D,B,5306,100,5306,1,0
B,E,B,5183,100,5183,1,0
B,F,B,1350,100,1350,1,0
B,G,B,7095,100,7095,1,0
B,H,B,5724,100,5724,1,0
A,C,C,10605,100,10605,1,0
B,C,C,7031,100,7031,1,0
C,D,C,8784,100,8784,1,0
C,E,C,10802,100,10802,1,0
C,F,C,7207,100,7207,1,0
C,G,C,1395,100,1395,1,0
C,H,C,8904,100,8904,1,0
A,D,D,9522,100,9522,1,0
B,D,D,5255,100,5255,1,0
C,D,D,8760,100,8760,1,0
D,E,D,9943,100,9943,1,0
D,F,D,5408,100,5408,1,0
D,G,D,8876,100,8876,1,0
D,H,D,1427,100,1427,1,0
A,E,E,1397,100,1397,1,0
B,E,E,5142,100,5142,1,0
C,E,E,10840,100,10840,1,0
D,E,E,9955,100,9955,1,0
E,F,E,5091,100,5091,1,0
E,G,E,10621,100,10621,1,0
E,H,E,10140,100,10140,1,0
A,F,F,5071,100,5071,1,0
B,F,F,1332,100,1332,1,0
C,F,F,7181,100,7181,1,0
D,F,F,5320,100,5320,1,0
E,F,F,5116,100,5116,1,0
F,G,F,7028,100,7028,1,0
F,H,F,5480,100,5480,1,0
A,G,G,10617,100,10617,1,0
B,G,G,7121,100,7121,1,0
C,G,G,1390,100,1390,1,0
D,G,G,8890,100,8890,1,0
E,G,G,10637,100,10637,1,0
F,G,G,7006,100,7006,1,0
G,H,G,8898,100,8898,1,0
A,H,H,9922,100,9922,1,0
B,H,H,5764,100,5764,1,0
C,H,H,8944,100,8944,1,0
D,H,H,1502,100,1502,1,0
E,H,H,10122,100,10122,1,0
F,H,H,5461,100,5461,1,0
G,H,H,8842,100,8842,1,0
A,B,A,4771,100,4771,1,0
A,C,A,10633,100,10633,1,0
A,D,A,9511,100,9511,1,0
A,E,A,1397,100,1397,1,0
A,F,A,5055,100,5055,1,0
A,G,A,10611,100,10611,1,0
A,H,A,9942,100,9942,1,0
A,B,B,4760,100,4760,1,0
B,C,B,6975,100,6975,1,0
B,D,B,5297,100,5297,1,0
B,E,B,5124,100,5124,1,0
B,F,B,1342,100,1342,1,0
B,G,B,7059,100,7059,1,0
B,H,B,5756,100,5756,1,0
A,C,C,10702,100,10702,1,0
B,C,C,7040,100,7040,1,0
C,D,C,8728,100,8728,1,0
C,E,C,10799,100,10799,1,0
C,F,C,7183,100,7183,1,0
C,G,C,1332,100,1332,1,0
C,H,C,8966,100,8966,1,0
A,D,D,9516,100,9516,1,0
B,D,D,5302,100,5302,1,0
C,D,D,8750,100,8750,1,0
D,E,D,9922,100,9922,1,0
D,F,D,5395,100,5395,1,0
D,G,D,8922,100,8922,1,0
D,H,D,1537,100,1537,1,0
A,E,E,1414,100,1414,1,0
B,E,E,5185,100,5185,1,0
C,E,E,10826,100,10826,1,0
D,E,E,9948,100,9948,1,0
E,F,E,5107,100,5107,1,0
E,G,E,10624,100,10624,1,0
E,H,E,10133,100,10133,1,0
A,F,F,5086,100,5086,1,0
B,F,F,1338,100,1338,1,0
C,F,F,7172,100,7172,1,0
D,F,F,5377,100,5377,1,0
E,F,F,5114,100,5114,1,0
F,G,F,6981,100,6981,1,0
F,H,F,5502,100,5502,1,0
A,G,G,10581,100,10581,1,0
B,G,G,7073,100,7073,1,0
C,G,G,1371,100,1371,1,0
D,G,G,8865,100,8865,1,0
E,G,G,10641,100,10641,1,0
F,G,G,7019,100,7019,1,0
G,H,G,8898,100,8898,1,0
A,H,H,9943,100,9943,1,0
B,H,H,5696,100,5696,1,0
C,H,H,8987,100,8987,1,0
D,H,H,1504,100,1504,1,0
E,H,H,10136,100,10136,1,0
F,H,H,5431,100,5431,1,0
G,H,H,8875,100,8875,1,0
A,B,A,4808,100,4808,1,0
A,C,A,10653,100,10653,1,0
A,D,A,9532,100,9532,1,0
A,E,A,1400,100,1400,1,0
A,F,A,5034,100,5034,1,0
A,G,A,10587,100,10587,1,0
A,H,A,9903,100,9903,1,0
A,B,B,4818,100,4818,1,0
B,C,B,7012,100,7012,1,0
B,D,B,5331,100,5331,1,0
B,E,B,5185,100,5185,1,0
B,F,B,1383,100,1383,1,0
B,G,B,7067,100,7067,1,0
B,H,B,5768,100,5768,1,0
A,C,C,10619,100,10619,1,0
B,C,C,6996,100,6996,1,0
C,D,C,8761,100,8761,1,0
C,E,C,10829,100,10829,1,0
C,F,C,7207,100,7207,1,0
C,G,C,1423,100,1423,1,0
C,H,C,8969,100,8969,1,0
A,D,D,9521,100,9521,1,0
B,D,D,5256,100,5256,1,0
C,D,D,8726,100,8726,1,0
D,E,D,9946,100,9946,1,0
D,F,D,5345,100,5345,1,0
D,G,D,8881,100,8881,1,0
D,H,D,1499,100,1499,1,0
A,E,E,1371,100,1371,1,0
B,E,E,5199,100,5199,1,0
C,E,E,10837,100,10837,1,0
D,E,E,9957,100,9957,1,0
E,F,E,5088,100,5088,1,0
E,G,E,10632,100,10632,1,0
E,H,E,10171,100,10171,1,0
A,F,F,5092,100,5092,1,0
B,F,F,1349,100,1349,1,0
C,F,F,7204,100,7204,1,0
D,F,F,5351,100,5351,1,0
E,F,F,5130,100,5130,1,0
F,G,F,7006,100,7006,1,0
F,H,F,5469,100,5469,1,0
A,G,G,10620,100,10620,1,0
B,G,G,7066,100,7066,1,0
C,G,G,1402,100,1402,1,0
D,G,G,8923,100,8923,1,0
E,G,G,10638,100,10638,1,0
F,G,G,6992,100,6992,1,0
G,H,G,8882,100,8882,1,0
A,H,H,9933,100,9933,1,0
B,H,H,5742,100,5742,1,0
C,H,H,8949,100,8949,1,0
D,H,H,1483,100,1483,1,0
E,H,H,10132,100,10132,1,0
F,H,H,5477,100,5477,1,0
G,H,H,8869,100,8869,1,0
A,B,A,4760,100,4760,1,0
A,C,A,10663,100,10663,1,0
A,D,A,9520,100,9520,1,0
A,E,A,1425,100,1425,1,0
A,F,A,5065,100,5065,1,0
A,G,A,10606,100,10606,1,0
A,H,A,9989,100,9989,1,0
A,B,B,4748,100,4748,1,0
B,C,B,6986,100,6986,1,0
B,D,B,5266,100,5266,1,0
B,E,B,5156,100,5156,1,0
B,F,B,1374,100,1374,1,0
B,G,B,7075,100,7075,1,0
B,H,B,5754,100,5754,1,0
A,C,C,10602,100,10602,1,0
B,C,C,7039,100,7039,1,0
C,D,C,8731,100,8731,1,0
C,E,C,10837,100,10837,1,0
C,F,C,7216,100,7216,1,0
C,G,C,1410,100,1410,1,0
C,H,C,8963,100,8963,1,0
A,D,D,9529,100,9529,1,0
B,D,D,5258,100,5258,1,0
C,D,D,8723,100,8723,1,0
D,E,D,9893,100,9893,1,0
D,F,D,5331,100,5331,1,0
D,G,D,8908,100,8908,1,0
D,H,D,1527,100,1527,1,0
A,E,E,1358,100,1358,1,0
B,E,E,5183,100,5183,1,0
C,E,E,10845,100,10845,1,0
D,E,E,9897,100,9897,1,0
E,F,E,5109,100,5109,1,0
E,G,E,10638,100,10638,1,0
E,H,E,10108,100,10108,1,0
A,F,F,5088,100,5088,1,0
B,F,F,1336,100,1336,1,0
C,F,F,7223,100,7223,1,0
D,F,F,5340,100,5340,1,0
E,F,F,5079,100,5079,1,0
F,G,F,7001,100,7001,1,0
F,H,F,5459,100,5459,1,0
A,G,G,10634,100,10634,1,0
B,G,G,7074,100,7074,1,0
C,G,G,1363,100,1363,1,0
D,G,G,8913,100,8913,1,0
E,G,G,10655,100,10655,1,0
F,G,G,6973,100,6973,1,0
G,H,G,8858,100,8858,1,0
A,H,H,9943,100,9943,1,0
B,H,H,5678,100,5678,1,0
C,H,H,8938,100,8938,1,0
D,H,H,1512,100,1512,1,0
E,H,H,10188,100,10188,1,0
F,H,H,5461,100,5461,1,0
G,H,H,8885,100,8885,1,0
A,B,A,4786,100,4786,1,0
A,C,A,10638,100,10638,1,0
A,D,A,9524,100,9524,1,0
A,E,A,1423,100,1423,1,0
A,F,A,5011,100,5011,1,0
A,G,A,10591,100,10591,1,0
A,H,A,9920,100,9920,1,0
A,B,B,4751,100,4751,1,0
B,C,B,6995,100,6995,1,0
B,D,B,5284,100,5284,1,0
B,E,B,5187,100,5187,1,0
B,F,B,1380,100,1380,1,0
B,G,B,7070,100,7070,1,0
B,H,B,5754,100,5754,1,0
A,C,C,10620,100,10620,1,0
B,C,C,6960,100,6960,1,0
C,D,C,8752,100,8752,1,0
C,E,C,10784,100,10784,1,0
C,F,C,7188,100,7188,1,0
C,G,C,1392,100,1392,1,0
C,H,C,8932,100,8932,1,0
A,D,D,9549,100,9549,1,0
B,D,D,5285,100,5285,1,0
C,D,D,8750,100,8750,1,0
D,E,D,9876,100,9876,1,0
D,F,D,5350,100,5350,1,0
D,G,D,8888,100,8888,1,0
D,H,D,1463,100,1463,1,0
A,E,E,1452,100,1452,1,0
B,E,E,5136,100,5136,1,0
C,E,E,10865,100,10865,1,0
D,E,E,9947,100,9947,1,0
E,F,E,5085,100,5085,1,0
E,G,E,10668,100,10668,1,0
E,H,E,10178,100,10178,1,0
A,F,F,5068,100,5068,1,0
B,F,F,1340,100,1340,1,0
C,F,F,7229,100,7229,1,0
D,F,F,5332,100,5332,1,0
E,F,F,5108,100,5108,1,0
F,G,F,7035,100,7035,1,0
F,H,F,5463,100,5463,1,0
A,G,G,10590,100,10590,1,0
B,G,G,7073,100,7073,1,0
C,G,G,1377,100,1377,1,0
D,G,G,8872,100,8872,1,0
E,G,G,10605,100,10605,1,0
F,G,G,7035,100,7035,1,0
G,H,G,8891,100,8891,1,0
A,H,H,10002,100,10002,1,0
B,H,H,5750,100,5750,1,0
C,H,H,8968,100,8968,1,0
D,H,H,1500,100,1500,1,0
E,H,H,10162,100,10162,1,0
F,H,H,5458,100,5458,1,0
G,H,H,8855,100,8855,1,0
A,B,A,4784,100,4784,1,0
A,C,A,10621,100,10621,1,0
A,D,A,9535,100,9535,1,0
A,E,A,1398,100,1398,1,0
A,F,A,5042,100,5042,1,0
A,G,A,10660,100,10660,1,0
A,H,A,9968,100,9968,1,0
A,B,B,4797,100,4797,1,0
B,C,B,7026,100,7026,1,0
B,D,B,5280,100,5280,1,0
B,E,B,5188,100,5188,1,0
B,F,B,1339,100,1339,1,0
B,G,B,7071,100,7071,1,0
B,H,B,5723,100,5723,1,0
A,C,C,10612,100,10612,1,0
B,C,C,7026,100,7026,1,0
C,D,C,8699,100,8699,1,0
C,E,C,10803,100,10803,1,0
C,F,C,7193,100,7193,1,0
C,G,C,1367,100,1367,1,0
C,H,C,8944,100,8944,1,0
A,D,D,9530,100,9530,1,0
B,D,D,5282,100,5282,1,0
C,D,D,8736,100,8736,1,0
D,E,D,9907,100,9907,1,0
D,F,D,5344,100,5344,1,0
D,G,D,8917,100,8917,1,0
D,H,D,1512,100,1512,1,0
A,E,E,1397,100,1397,1,0
B,E,E,5226,100,5226,1,0
C,E,E,10835,100,10835,1,0
D,E,E,9901,100,9901,1,0
E,F,E,5115,100,5115,1,0
E,G,E,10649,100,10649,1,0
E,H,E,10128,100,10128,1,0
A,F,F,5052,100,5052,1,0
B,F,F,1340,100,1340,1,0
C,F,F,7198,100,7198,1,0
D,F,F,5394,100,5394,1,0
E,F,F,5112,100,5112,1,0
F,G,F,6980,100,6980,1,0
F,H,F,5459,100,5459,1,0
A,G,G,10652,100,10652,1,0
B,G,G,7074,100,7074,1,0
C,G,G,1373,100,1373,1,0
D,G,G,8898,100,8898,1,0
E,G,G,10631,100,10631,1,0
F,G,G,7034,100,7034,1,0
G,H,G,8853,100,8853,1,0
A,H,H,9904,100,9904,1,0
B,H,H,5722,100,5722,1,0
C,H,H,8947,100,8947,1,0
D,H,H,1432,100,1432,1,0
E,H,H,10145,100,10145,1,0
F,H,H,5446,100,5446,1,0
G,H,H,8842,100,8842,1,0
A,B,A,4783,100,4783,1,0
A,C,A,10648,100,10648,1,0
A,D,A,9548,100,9548,1,0
A,E,A,1409,100,1409,1,0
A,F,A,5059,100,5059,1,0
A,G,A,10622,100,10622,1,0
A,H,A,9958,100,9958,1,0
A,B,B,4752,100,4752,1,0
B,C,B,6998,100,6998,1,0
B,D,B,5293,100,5293,1,0
B,E,B,5222,100,5222,1,0
B,F,B,1346,100,1346,1,0
B,G,B,7095,100,7095,1,0
B,H,B,5725,100,5725,1,0
A,C,C,10613,100,10613,1,0
B,C,C,7066,100,7066,1,0
C,D,C,8775,100,8775,1,0
C,E,C,10826,100,10826,1,0
C,F,C,7183,100,7183,1,0
C,G,C,1390,100,1390,1,0
C,H,C,8952,100,8952,1,0
A,D,D,9513,100,9513,1,0
B,D,D,5300,100,5300,1,0
C,D,D,8750,100,8750,1,0
D,E,D,9942,100,9942,1,0
D,F,D,5349,100,5349,1,0
D,G,D,8895,100,8895,1,0
D,H,D,1532,100,1532,1,0
A,E,E,1435,100,1435,1,0
B,E,E,5149,100,5149,1,0
C,E,E,10787,100,10787,1,0
D,E,E,9912,100,9912,1,0
E,F,E,5078,100,5078,1,0
E,G,E,10648,100,10648,1,0
E,H,E,10134,100,10134,1,0
A,F,F,5005,100,5005,1,0
B,F,F,1342,100,1342,1,0
C,F,F,7204,100,7204,1,0
D,F,F,5344,100,5344,1,0
E,F,F,5112,100,5112,1,0
F,G,F,7012,100,7012,1,0
F,H,F,5440,100,5440,1,0
A,G,G,10618,100,10618,1,0
B,G,G,7099,100,7099,1,0
C,G,G,1347,100,1347,1,0
D,G,G,8884,100,8884,1,0
E,G,G,10673,100,10673,1,0
F,G,G,7010,100,7010,1,0
G,H,G,8882,100,8882,1,0
A,H,H,9937,100,9937,1,0
B,H,H,5770,100,5770,1,0
C,H,H,8938,100,8938,1,0
D,H,H,1539,100,1539,1,0
E,H,H,10150,100,10150,1,0
F,H,H,5452,100,5452,1,0
G,H,H,8889,100,8889,1,0
A,B,A,4803,100,4803,1,0
A,C,A,10657,100,10657,1,0
A,D,A,9562,100,9562,1,0
A,E,A,1378,100,1378,1,0
A,F,A,5031,100,5031,1,0
A,G,A,10640,100,10640,1,0
A,H,A,9983,100,9983,1,0
A,B,B,4766,100,4766,1,0
B,C,B,7024,100,7024,1,0
B,D,B,5243,100,5243,1,0
B,E,B,5132,100,5132,1,0
B,F,B,1351,100,1351,1,0
B,G,B,7058,100,7058,1,0
B,H,B,5759,100,5759,1,0
A,C,C,10664,100,10664,1,0
B,C,C,7001,100,7001,1,0
C,D,C,8710,100,8710,1,0
C,E,C,10844,100,10844,1,0
C,F,C,7180,100,7180,1,0
C,G,C,1376,100,1376,1,0
C,H,C,8915,100,8915,1,0
A,D,D,9541,100,9541,1,0
B,D,D,5281,100,5281,1,0
C,D,D,8772,100,8772,1,0
D,E,D,9979,100,9979,1,0
D,F,D,5366,100,5366,1,0
D,G,D,8901,100,8901,1,0
D,H,D,1525,100,1525,1,0
A,E,E,1432,100,1432,1,0
B,E,E,5168,100,5168,1,0
C,E,E,10843,100,10843,1,0
D,E,E,9953,100,9953,1,0
E,F,E,5074,100,5074,1,0
E,G,E,10627,100,10627,1,0
E,H,E,10136,100,10136,1,0
A,F,F,5027,100,5027,1,0
B,F,F,1365,100,1365,1,0
C,F,F,7203,100,7203,1,0
D,F,F,5384,100,5384,1,0
E,F,F,5086,100,5086,1,0
F,G,F,6981,100,6981,1,0
F,H,F,5478,100,5478,1,0
A,G,G,10643,100,10643,1,0
B,G,G,7103,100,7103,1,0
C,G,G,1367,100,1367,1,0
D,G,G,8896,100,8896,1,0
E,G,G,10626,100,10626,1,0
F,G,G,6986,100,6986,1,0
G,H,G,8833,100,8833,1,0
A,H,H,9942,100,9942,1,0
B,H,H,5763,100,5763,1,0
C,H,H,8939,100,8939,1,0
D,H,H,1502,100,1502,1,0
E,H,H,10135,100,10135,1,0
F,H,H,5453,100,5453,1,0
G,H,H,8857,100,8857,1,0
A,B,A,4760,100,4760,1,0
A,C,A,10631,100,10631,1,0
A,D,A,9550,100,9550,1,0
A,E,A,1467,100,1467,1,0
A,F,A,5069,100,5069,1,0
A,G,A,10570,100,10570,1,0
A,H,A,9914,100,9914,1,0
A,B,B,4776,100,4776,1,0
B,C,B,7043,100,7043,1,0
B,D,B,5260,100,5260,1,0
B,E,B,5182,100,5182,1,0
B,F,B,1368,100,1368,1,0
B,G,B,7051,100,7051,1,0
B,H,B,5711,100,5711,1,0
A,C,C,10599,100,10599,1,0
B,C,C,7066,100,7066,1,0
C,D,C,8753,100,8753,1,0
C,E,C,10804,100,10804,1,0
C,F,C,7171,100,7171,1,0
C,G,C,1377,100,1377,1,0
C,H,C,8921,100,8921,1,0
A,D,D,9522,100,9522,1,0
B,D,D,5259,100,5259,1,0
C,D,D,8747,100,8747,1,0
D,E,D,9947,100,9947,1,0
D,F,D,5325,100,5325,1,0
D,G,D,8920,100,8920,1,0
D,H,D,1487,100,1487,1,0
A,E,E,1394,100,1394,1,0
B,E,E,5173,100,5173,1,0
C,E,E,10832,100,10832,1,0
D,E,E,9886,100,9886,1,0
E,F,E,5114,100,5114,1,0
E,G,E,10680,100,10680,1,0
E,H,E,10131,100,10131,1,0
A,F,F,5038,100,5038,1,0
B,F,F,1378,100,1378,1,0
C,F,F,7208,100,7208,1,0
D,F,F,5387,100,5387,1,0
E,F,F,5124,100,5124,1,0
F,G,F,7001,100,7001,1,0
F,H,F,5487,100,5487,1,0
A,G,G,10585,100,10585,1,0
B,G,G,7101,100,7101,1,0
C,G,G,1325,100,1325,1,0
D,G,G,8904,100,8904,1,0
E,G,G,10646,100,10646,1,0
F,G,G,7017,100,7017,1,0
G,H,G,8859,100,8859,1,0
A,H,H,9969,100,9969,1,0
B,H,H,5753,100,5753,1,0
C,H,H,8936,100,8936,1,0
D,H,H,1465,100,1465,1,0
E,H,H,10136,100,10136,1,0
F,H,H,5463,100,5463,1,0
G,H,H,8890,100,8890,1,0
A,B,A,4789,100,4789,1,0
A,C,A,10631,100,10631,1,0
A,D,A,9542,100,9542,1,0
A,E,A,1416,100,1416,1,0
A,F,A,5036,100,5036,1,0
A,G,A,10648,100,10648,1,0
A,H,A,9940,100,9940,1,0
A,B,B,4771,100,4771,1,0
B,C,B,7044,100,7044,1,0
B,D,B,5301,100,5301,1,0
B,E,B,5169,100,5169,1,0
B,F,B,1378,100,1378,1,0
B,G,B,7078,100,7078,1,0
B,H,B,5762,100,5762,1,0
A,C,C,10628,100,10628,1,0
B,C,C,6995,100,6995,1,0
C,D,C,8725,100,8725,1,0
C,E,C,10813,100,10813,1,0
C,F,C,7160,100,7160,1,0
C,G,C,1367,100,1367,1,0
C,H,C,8934,100,8934,1,0
A,D,D,9506,100,9506,1,0
B,D,D,5275,100,5275,1,0
C,D,D,8721,100,8721,1,0
D,E,D,9931,100,9931,1,0
D,F,D,5355,100,5355,1,0
D,G,D,8903,100,8903,1,0
D,H,D,1496,100,1496,1,0
A,E,E,1445,100,1445,1,0
B,E,E,5153,100,5153,1,0
C,E,E,10840,100,10840,1,0
D,E,E,9959,100,9959,1,0
E,F,E,5137,100,5137,1,0
E,G,E,10652,100,10652,1,0
E,H,E,10166,100,10166,1,0
A,F,F,5081,100,5081,1,0
B,F,F,1387,100,1387,1,0
C,F,F,7199,100,7199,1,0
D,F,F,5358,100,5358,1,0
E,F,F,5110,100,5110,1,0
F,G,F,7001,100,7001,1,0
F,H,F,5467,100,5467,1,0
A,G,G,10626,100,10626,1,0
B,G,G,7055,100,7055,1,0
C,G,G,1315,100,1315,1,0
D,G,G,8956,100,8956,1,0
E,G,G,10638,100,10638,1,0
F,G,G,6987,100,6987,1,0
G,H,G,8923,100,8923,1,0
A,H,H,9997,100,9997,1,0
B,H,H,5746,100,5746,1,0
C,H,H,8944,100,8944,1,0
D,H,H,1511,100,1511,1,0
E,H,H,10174,100,10174,1,0
F,H,H,5463,100,5463,1,0
G,H,H,8864,100,8864,1,0
A,B,A,4795,100,4795,1,0
A,C,A,10624,100,10624,1,0
A,D,A,9532,100,9532,1,0
A,E,A,1396,100,1396,1,0
A,F,A,5069,100,5069,1,0
A,G,A,10617,100,10617,1,0
A,H,A,9954,100,9954,1,0
A,B,B,4778,100,4778,1,0
B,C,B,6976,100,6976,1,0
B,D,B,5316,100,5316,1,0
B,E,B,5191,100,5191,1,0
B,F,B,1370,100,1370,1,0
B,G,B,7074,100,7074,1,0
B,H,B,5768,100,5768,1,0
A,C,C,10619,100,10619,1,0
B,C,C,6995,100,6995,1,0
C,D,C,8711,100,8711,1,0
C,E,C,10867,100,10867,1,0
C,F,C,7176,100,7176,1,0
C,G,C,1398,100,1398,1,0
C,H,C,8920,100,8920,1,0
A,D,D,9555,100,9555,1,0
B,D,D,5290,100,5290,1,0
C,D,D,8783,100,8783,1,0
D,E,D,9917,100,9917,1,0
D,F,D,5399,100,5399,1,0
D,G,D,8880,100,8880,1,0
D,H,D,1549,100,1549,1,0
A,E,E,1414,100,1414,1,0
B,E,E,5174,100,5174,1,0
C,E,E,10835,100,10835,1,0
D,E,E,9978,100,9978,1,0
E,F,E,5080,100,5080,1,0
E,G,E,10641,100,10641,1,0
E,H,E,10130,100,10130,1,0
A,F,F,5118,100,5118,1,0
B,F,F,1351,100,1351,1,0
C,F,F,7179,100,7179,1,0
D,F,F,5371,100,5371,1,0
E,F,F,5117,100,5117,1,0
F,G,F,6958,100,6958,1,0
F,H,F,5423,100,5423,1,0
A,G,G,10623,100,10623,1,0
B,G,G,7083,100,7083,1,0
C,G,G,1360,100,1360,1,0
D,G,G,8900,100,8900,1,0
E,G,G,10643,100,10643,1,0
F,G,G,7011,100,7011,1,0
G,H,G,8825,100,8825,1,0
A,H,H,9924,100,9924,1,0
B,H,H,5755,100,5755,1,0
C,H,H,8911,100,8911,1,0
D,H,H,1495,100,1495,1,0
E,H,H,10115,100,10115,1,0
F,H,H,5459,100,5459,1,0
G,H,H,8898,100,8898,1,0
A,B,A,4809,100,4809,1,0
A,C,A,10602,100,10602,1,0
A,D,A,9528,100,9528,1,0
A,E,A,1416,100,1416,1,0
A,F,A,5016,100,5016,1,0
A,G,A,10616,100,10616,1,0
A,H,A,9961,100,9961,1,0
A,B,B,4788,100,4788,1,0
B,C,B,7017,100,7017,1,0
B,D,B,5339,100,5339,1,0
B,E,B,5142,100,5142,1,0
B,F,B,1336,100,1336,1,0
B,G,B,7063,100,7063,1,0
B,H,B,5734,100,5734,1,0
A,C,C,10665,100,10665,1,0
B,C,C,7021,100,7021,1,0
C,D,C,8753,100,8753,1,0
C,E,C,10848,100,10848,1,0
C,F,C,7202,100,7202,1,0
C,G,C,1377,100,1377,1,0
C,H,C,8968,100,8968,1,0
A,D,D,9537,100,9537,1,0
B,D,D,5314,100,5314,1,0
C,D,D,8733,100,8733,1,0
D,E,D,9981,100,9981,1,0
D,F,D,5345,100,5345,1,0
D,G,D,8912,100,8912,1,0
D,H,D,1531,100,1531,1,0
A,E,E,1358,100,1358,1,0
B,E,E,5148,100,5148,1,0
C,E,E,10785,100,10785,1,0
D,E,E,9921,100,9921,1,0
E,F,E,5088,100,5088,1,0
E,G,E,10651,100,10651,1,0
E,H,E,10178,100,10178,1,0
A,F,F,5040,100,5040,1,0
B,F,F,1376,100,1376,1,0
C,F,F,7201,100,7201,1,0
D,F,F,5352,100,5352,1,0
E,F,F,5090,100,5090,1,0
F,G,F,7004,100,7004,1,0
F,H,F,5453,100,5453,1,0
A,G,G,10568,100,10568,1,0
B,G,G,7078,100,7078,1,0
C,G,G,1377,100,1377,1,0
D,G,G,8930,100,8930,1,0
E,G,G,10670,100,10670,1,0
F,G,G,7011,100,7011,1,0
G,H,G,8831,100,8831,1,0
A,H,H,9937,100,9937,1,0
B,H,H,5703,100,5703,1,0
C,H,H,8937,100,8937,1,0
D,H,H,1500,100,1500,1,0
E,H,H,10115,100,10115,1,0
F,H,H,5454,100,5454,1,0
G,H,H,8828,100,8828,1,0
A,B,A,4801,100,4801,1,0
A,C,A,10636,100,10636,1,0
A,D,A,9538,100,9538,1,0
A,E,A,1409,100,1409,1,0
A,F,A,5031,100,5031,1,0
A,G,A,10614,100,10614,1,0
A,H,A,9970,100,9970,1,0
A,B,B,4824,100,4824,1,0
B,C,B,7007,100,7007,1,0
B,D,B,5270,100,5270,1,0
B,E,B,5178,100,5178,1,0
B,F,B,1401,100,1401,1,0
B,G,B,7089,100,7089,1,0
B,H,B,5763,100,5763,1,0
A,C,C,10627,100,10627,1,0
B,C,C,7033,100,7033,1,0
C,D,C,8757,100,8757,1,0
C,E,C,10813,100,10813,1,0
C,F,C,7217,100,7217,1,0
C,G,C,1384,100,1384,1,0
C,H,C,8925,100,8925,1,0
A,D,D,9539,100,9539,1,0
B,D,D,5281,100,5281,1,0
C,D,D,8725,100,8725,1,0
D,E,D,9904,100,9904,1,0
D,F,D,5356,100,5356,1,0
D,G,D,8907,100,8907,1,0
D,H,D,1453,100,1453,1,0
A,E,E,1398,100,1398,1,0
B,E,E,5170,100,5170,1,0
C,E,E,10815,100,10815,1,0
D,E,E,9951,100,9951,1,0
E,F,E,5139,100,5139,1,0
E,G,E,10647,100,10647,1,0
E,H,E,10138,100,10138,1,0
A,F,F,5028,100,5028,1,0
B,F,F,1336,100,1336,1,0
C,F,F,7211,100,7211,1,0
D,F,F,5393,100,5393,1,0
E,F,F,5114,100,5114,1,0
F,G,F,6976,100,6976,1,0
F,H,F,5443,100,5443,1,0
A,G,G,10571,100,10571,1,0
B,G,G,7079,100,7079,1,0
C,G,G,1382,100,1382,1,0
D,G,G,8885,100,8885,1,0
E,G,G,10628,100,10628,1,0
F,G,G,6992,100,6992,1,0
G,H,G,8838,100,8838,1,0
A,H,H,9930,100,9930,1,0
B,H,H,5762,100,5762,1,0
C,H,H,8943,100,8943,1,0
D,H,H,1445,100,1445,1,0
E,H,H,10137,100,10137,1,0
F,H,H,5470,100,5470,1,0
G,H,H,8892,100,8892,1,0
A,B,A,4807,100,4807,1,0
A,C,A,10626,100,10626,1,0
A,D,A,9510,100,9510,1,0
A,E,A,1405,100,1405,1,0
A,F,A,5055,100,5055,1,0
A,G,A,10623,100,10623,1,0
A,H,A,9919,100,9919,1,0
A,B,B,4814,100,4814,1,0
B,C,B,7022,100,7022,1,0
B,D,B,5297,100,5297,1,0
B,E,B,5220,100,5220,1,0
B,F,B,1374,100,1374,1,0
B,G,B,7087,100,7087,1,0
B,H,B,5762,100,5762,1,0
A,C,C,10630,100,10630,1,0
B,C,C,7007,100,7007,1,0
C,D,C,8741,100,8741,1,0
C,E,C,10780,100,10780,1,0
C,F,C,7189,100,7189,1,0
C,G,C,1394,100,1394,1,0
C,H,C,8929,100,8929,1,0
A,D,D,9521,100,9521,1,0
B,D,D,5252,100,5252,1,0
C,D,D,8744,100,8744,1,0
D,E,D,9899,100,9899,1,0
D,F,D,5360,100,5360,1,0
D,G,D,8928,100,8928,1,0
D,H,D,1509,100,1509,1,0
A,E,E,1401,100,1401,1,0
B,E,E,5206,100,5206,1,0
C,E,E,10844,100,10844,1,0
D,E,E,9904,100,9904,1,0
E,F,E,5112,100,5112,1,0
E,G,E,10666,100,10666,1,0
E,H,E,10153,100,10153,1,0
A,F,F,5042,100,5042,1,0
B,F,F,1382,100,1382,1,0
C,F,F,7213,100,7213,1,0
D,F,F,5329,100,5329,1,0
E,F,F,5143,100,5143,1,0
F,G,F,6999,100,6999,1,0
F,H,F,5460,100,5460,1,0
A,G,G,10671,100,10671,1,0
B,G,G,7093,100,7093,1,0
C,G,G,1352,100,1352,1,0
D,G,G,8857,100,8857,1,0
E,G,G,10647,100,10647,1,0
F,G,G,6999,100,6999,1,0
G,H,G,8898,100,8898,1,0
A,H,H,9947,100,9947,1,0
B,H,H,5742,100,5742,1,0
C,H,H,8948,100,8948,1,0
D,H,H,1483,100,1483,1,0
E,H,H,10146,100,10146,1,0
F,H,H,5459,100,5459,1,0
G,H,H,8886,100,8886,1,0
A,B,A,4799,100,4799,1,0
A,C,A,10618,100,10618,1,0
A,D,A,9519,100,9519,1,0
A,E,A,1449,100,1449,1,0
A,F,A,5077,100,5077,1,0
A,G,A,10572,100,10572,1,0
A,H,A,9956,100,9956,1,0
A,B,B,4810,100,4810,1,0
B,C,B,7003,100,7003,1,0
B,D,B,5275,100,5275,1,0
B,E,B,5157,100,5157,1,0
B,F,B,1351,100,1351,1,0
B,G,B,7053,100,7053,1,0
B,H,B,5698,100,5698,1,0
A,C,C,10646,100,10646,1,0
B,C,C,7045,100,7045,1,0
C,D,C,8765,100,8765,1,0
C,E,C,10862,100,10862,1,0
C,F,C,7194,100,7194,1,0
C,G,C,1387,100,1387,1,0
C,H,C,8966,100,8966,1,0
A,D,D,9492,100,9492,1,0
B,D,D,5279,100,5279,1,0
C,D,D,8755,100,8755,1,0
D,E,D,9883,100,9883,1,0
D,F,D,5372,100,5372,1,0
D,G,D,8894,100,8894,1,0
D,H,D,1475,100,1475,1,0
A,E,E,1441,100,1441,1,0
B,E,E,5202,100,5202,1,0
C,E,E,10822,100,10822,1,0
D,E,E,9935,100,9935,1,0
E,F,E,5128,100,5128,1,0
E,G,E,10654,100,10654,1,0
E,H,E,10181,100,10181,1,0
A,F,F,5040,100,5040,1,0
B,F,F,1354,100,1354,1,0
C,F,F,7176,100,7176,1,0
D,F,F,5320,100,5320,1,0
E,F,F,5095,100,5095,1,0
F,G,F,7003,100,7003,1,0
F,H,F,5441,100,5441,1,0
A,G,G,10631,100,10631,1,0
B,G,G,7093,100,7093,1,0
C,G,G,1363,100,1363,1,0
D,G,G,8897,100,8897,1,0
E,G,G,10624,100,10624,1,0
F,G,G,6980,100,6980,1,0
G,H,G,8845,100,8845,1,0
A,H,H,9959,100,9959,1,0
B,H,H,5734,100,5734,1,0
C,H,H,8952,100,8952,1,0
D,H,H,1570,100,1570,1,0
E,H,H,10164,100,10164,1,0
F,H,H,5460,100,5460,1,0
G,H,H,8893,100,8893,1,0
A,B,A,4804,100,4804,1,0
A,C,A,10618,100,10618,1,0
A,D,A,9543,100,9543,1,0
A,E,A,1439,100,1439,1,0
A,F,A,5087,100,5087,1,0
A,G,A,10613,100,10613,1,0
A,H,A,9963,100,9963,1,0
A,B,B,4751,100,4751,1,0
B,C,B,7016,100,7016,1,0
B,D,B,5259,100,5259,1,0
B,E,B,5163,100,5163,1,0
B,F,B,1353,100,1353,1,0
B,G,B,7101,100,7101,1,0
B,H,B,5757,100,5757,1,0
A,C,C,10634,100,10634,1,0
B,C,C,7009,100,7009,1,0
C,D,C,8743,100,8743,1,0
C,E,C,10809,100,10809,1,0
C,F,C,7214,100,7214,1,0
C,G,C,1395,100,1395,1,0
C,H,C,8944,100,8944,1,0
A,D,D,9558,100,9558,1,0
B,D,D,5305,100,5305,1,0
C,D,D,8742,100,8742,1,0
D,E,D,9963,100,9963,1,0
D,F,D,5401,100,5401,1,0
D,G,D,8904,100,8904,1,0
D,H,D,1485,100,1485,1,0
A,E,E,1423,100,1423,1,0
B,E,E,5153,100,5153,1,0
C,E,E,10844,100,10844,1,0
D,E,E,9863,100,9863,1,0
E,F,E,5109,100,5109,1,0
E,G,E,10642,100,10642,1,0
E,H,E,10151,100,10151,1,0
A,F,F,5047,100,5047,1,0
B,F,F,1374,100,1374,1,0
C,F,F,7196,100,7196,1,0
D,F,F,5352,100,5352,1,0
E,F,F,5107,100,5107,1,0
F,G,F,6992,100,6992,1,0
F,H,F,5451,100,5451,1,0
A,G,G,10581,100,10581,1,0
B,G,G,7058,100,7058,1,0
C,G,G,1370,100,1370,1,0
D,G,G,8861,100,8861,1,0
E,G,G,10614,100,10614,1,0
F,G,G,6987,100,6987,1,0
G,H,G,8846,100,8846,1,0
A,H,H,9950,100,9950,1,0
B,H,H,5756,100,5756,1,0
C,H,H,8964,100,8964,1,0
D,H,H,1526,100,1526,1,0
E,H,H,10155,100,10155,1,0
F,H,H,5493,100,5493,1,0
G,H,H,8877,100,8877,1,0
A,B,A,4759,100,4759,1,0
A,C,A,10660,100,10660,1,0
A,D,A,9555,100,9555,1,0
A,E,A,1411,100,1411,1,0
A,F,A,5087,100,5087,1,0
A,G,A,10642,100,10642,1,0
A,H,A,9905,100,9905,1,0
A,B,B,4774,100,4774,1,0
B,C,B,7043,100,7043,1,0
B,D,B,5332,100,5332,1,0
B,E,B,5175,100,5175,1,0
B,F,B,1383,100,1383,1,0
B,G,B,7083,100,7083,1,0
B,H,B,5729,100,5729,1,0
A,C,C,10690,100,10690,1,0
B,C,C,7011,100,7011,1,0
C,D,C,8754,100,8754,1,0
C,E,C,10832,100,10832,1,0
C,F,C,7192,100,7192,1,0
C,G,C,1389,100,1389,1,0
C,H,C,8955,100,8955,1,0
A,D,D,9514,100,9514,1,0
B,D,D,5312,100,5312,1,0
C,D,D,8721,100,8721,1,0
D,E,D,9903,100,9903,1,0
D,F,D,5365,100,5365,1,0
D,G,D,8923,100,8923,1,0
D,H,D,1462,100,1462,1,0
A,E,E,1408,100,1408,1,0
B,E,E,5173,100,5173,1,0
C,E,E,10817,100,10817,1,0
D,E,E,9852,100,9852,1,0
E,F,E,5126,100,5126,1,0
E,G,E,10640,100,10640,1,0
E,H,E,10131,100,10131,1,0
A,F,F,5039,100,5039,1,0
B,F,F,1359,100,1359,1,0
C,F,F,7176,100,7176,1,0
D,F,F,5373,100,5373,1,0
E,F,F,5111,100,5111,1,0
F,G,F,6999,100,6999,1,0
F,H,F,5417,100,5417,1,0
A,G,G,10599,100,10599,1,0
B,G,G,7126,100,7126,1,0
C,G,G,1347,100,1347,1,0
D,G,G,8936,100,8936,1,0
E,G,G,10637,100,10637,1,0
F,G,G,7020,100,7020,1,0
G,H,G,8892,100,8892,1,0
A,H,H,10010,100,10010,1,0
B,H,H,5729,100,5729,1,0
C,H,H,8941,100,8941,1,0
D,H,H,1499,100,1499,1,0
E,H,H,10142,100,10142,1,0
F,H,H,5445,100,5445,1,0
G,H,H,8898,100,8898,1,0
A,B,A,4784,100,4784,1,0
A,C,A,10655,100,10655,1,0
A,D,A,9529,100,9529,1,0
A,E,A,1414,100,1414,1,0
A,F,A,5047,100,5047,1,0
A,G,A,10623,100,10623,1,0
A,H,A,9923,100,9923,1,0
A,B,B,4787,100,4787,1,0
B,C,B,7055,100,7055,1,0
B,D,B,5363,100,5363,1,0
B,E,B,5154,100,5154,1,0
B,F,B,1330,100,1330,1,0
B,G,B,7103,100,7103,1,0
B,H,B,5741,100,5741,1,0
A,C,C,10681,100,10681,1,0
B,C,C,6994,100,6994,1,0
C,D,C,8701,100,8701,1,0
C,E,C,10787,100,10787,1,0
C,F,C,7218,100,7218,1,0
C,G,C,1349,100,1349,1,0
C,H,C,8941,100,8941,1,0
A,D,D,9531,100,9531,1,0
B,D,D,5302,100,5302,1,0
C,D,D,8759,100,8759,1,0
D,E,D,9913,100,9913,1,0
D,F,D,5348,100,5348,1,0
D,G,D,8925,100,8925,1,0
D,H,D,1478,100,1478,1,0
A,E,E,1441,100,1441,1,0
B,E,E,5211,100,5211,1,0
C,E,E,10819,100,10819,1,0
D,E,E,9904,100,9904,1,0
E,F,E,5110,100,5110,1,0
E,G,E,10629,100,10629,1,0
E,H,E,10108,100,10108,1,0
A,F,F,5053,100,5053,1,0
B,F,F,1315,100,1315,1,0
C,F,F,7179,100,7179,1,0
D,F,F,5358,100,5358,1,0
E,F,F,5105,100,5105,1,0
F,G,F,7012,100,7012,1,0
F,H,F,5436,100,5436,1,0
A,G,G,10597,100,10597,1,0
B,G,G,7080,100,7080,1,0
C,G,G,1387,100,1387,1,0
D,G,G,8890,100,8890,1,0
E,G,G,10624,100,10624,1,0
F,G,G,6997,100,6997,1,0
G,H,G,8858,100,8858,1,0
A,H,H,9910,100,9910,1,0
B,H,H,5700,100,5700,1,0
C,H,H,8980,100,8980,1,0
D,H,H,1510,100,1510,1,0
E,H,H,10160,100,10160,1,0
F,H,H,5500,100,5500,1,0
G,H,H,8870,100,8870,1,0
A,B,A,4779,100,4779,1,0
A,C,A,10643,100,10643,1,0
A,D,A,9535,100,9535,1,0
A,E,A,1453,100,1453,1,0
A,F,A,5074,100,5074,1,0
A,G,A,10646,100,10646,1,0
A,H,A,9921,100,9921,1,0
A,B,B,4791,100,4791,1,0
B,C,B,7026,100,7026,1,0
B,D,B,5305,100,5305,1,0
B,E,B,5170,100,5170,1,0
B,F,B,1334,100,1334,1,0
B,G,B,7074,100,7074,1,0
B,H,B,5741,100,5741,1,0
A,C,C,10611,100,10611,1,0
B,C,C,7023,100,7023,1,0
C,D,C,8733,100,8733,1,0
C,E,C,10861,100,10861,1,0
C,F,C,7192,100,7192,1,0
C,G,C,1367,100,1367,1,0
C,H,C,8936,100,8936,1,0
A,D,D,9527,100,9527,1,0
B,D,D,5304,100,5304,1,0
C,D,D,8726,100,8726,1,0
D,E,D,9891,100,9891,1,0
D,F,D,5366,100,5366,1,0
D,G,D,8899,100,8899,1,0
D,H,D,1540,100,1540,1,0
A,E,E,1443,100,1443,1,0
B,E,E,5171,100,5171,1,0
C,E,E,10844,100,10844,1,0
D,E,E,9873,100,9873,1,0
E,F,E,5116,100,5116,1,0
E,G,E,10603,100,10603,1,0
E,H,E,10108,100,10108,1,0
A,F,F,5125,100,5125,1,0
B,F,F,1372,100,1372,1,0
C,F,F,7217,100,7217,1,0
D,F,F,5330,100,5330,1,0
E,F,F,5088,100,5088,1,0
F,G,F,6994,100,6994,1,0
F,H,F,5480,100,5480,1,0
A,G,G,10657,100,10657,1,0
B,G,G,7056,100,7056,1,0
C,G,G,1432,100,1432,1,0
D,G,G,8904,100,8904,1,0
E,G,G,10651,100,10651,1,0
F,G,G,7012,100,7012,1,0
G,H,G,8859,100,8859,1,0
A,H,H,9976,100,9976,1,0
B,H,H,5746,100,5746,1,0
C,H,H,8960,100,8960,1,0
D,H,H,1468,100,1468,1,0
E,H,H,10134,100,10134,1,0
F,H,H,5442,100,5442,1,0
G,H,H,8872,100,8872,1,0
A,B,A,4760,100,4760,1,0
A,C,A,10627,100,10627,1,0
A,D,A,9553,100,9553,1,0
A,E,A,1380,100,1380,1,0
A,F,A,5031,100,5031,1,0
A,G,A,10612,100,10612,1,0
A,H,A,9923,100,9923,1,0
A,B,B,4767,100,4767,1,0
B,C,B,7023,100,7023,1,0
B,D,B,5299,100,5299,1,0
B,E,B,5211,100,5211,1,0
B,F,B,1387,100,1387,1,0
B,G,B,7073,100,7073,1,0
B,H,B,5706,100,5706,1,0
A,C,C,10598,100,10598,1,0
B,C,C,7041,100,7041,1,0
C,D,C,8736,100,8736,1,0
C,E,C,10832,100,10832,1,0
C,F,C,7199,100,7199,1,0
C,G,C,1381,100,1381,1,0
C,H,C,8930,100,8930,1,0
A,D,D,9527,100,9527,1,0
B,D,D,5247,100,5247,1,0
C,D,D,8726,100,8726,1,0
D,E,D,9877,100,9877,1,0
D,F,D,5350,100,5350,1,0
D,G,D,8879,100,8879,1,0
D,H,D,1464,100,1464,1,0
A,E,E,1407,100,1407,1,0
B,E,E,5199,100,5199,1,0
C,E,E,10802,100,10802,1,0
D,E,E,9966,100,9966,1,0
E,F,E,5094,100,5094,1,0
E,G,E,10620,100,10620,1,0
E,H,E,10145,100,10145,1,0
A,F,F,5099,100,5099,1,0
B,F,F,1357,100,1357,1,0
C,F,F,7218,100,7218,1,0
D,F,F,5333,100,5333,1,0
E,F,F,5131,100,5131,1,0
F,G,F,7003,100,7003,1,0
F,H,F,5415,100,5415,1,0
A,G,G,10641,100,10641,1,0
B,G,G,7066,100,7066,1,0
C,G,G,1418,100,1418,1,0
D,G,G,8889,100,8889,1,0
E,G,G,10641,100,10641,1,0
F,G,G,6966,100,6966,1,0
G,H,G,8870,100,8870,1,0
A,H,H,9928,100,9928,1,0
B,H,H,5755,100,5755,1,0
C,H,H,8925,100,8925,1,0
D,H,H,1495,100,1495,1,0
E,H,H,10138,100,10138,1,0
F,H,H,5474,100,5474,1,0
G,H,H,8872,100,8872,1,0
A,B,A,4783,100,4783,1,0
A,C,A,10670,100,10670,1,0
A,D,A,9538,100,9538,1,0
A,E,A,1369,100,1369,1,0
A,F,A,5078,100,5078,1,0
A,G,A,10570,100,10570,1,0
A,H,A,9888,100,9888,1,0
A,B,B,4787,100,4787,1,0
B,C,B,7031,100,7031,1,0
B,D,B,5309,100,5309,1,0
B,E,B,5173,100,5173,1,0
B,F,B,1361,100,1361,1,0
B,G,B,7099,100,7099,1,0
B,H,B,5701,100,5701,1,0
A,C,C,10659,100,10659,1,0
B,C,C,7038,100,7038,1,0
C,D,C,8751,100,8751,1,0
C,E,C,10799,100,10799,1,0
C,F,C,7200,100,7200,1,0
C,G,C,1360,100,1360,1,0
C,H,C,8998,100,8998,1,0
A,D,D,9537,100,9537,1,0
B,D,D,5281,100,5281,1,0
C,D,D,8722,100,8722,1,0
D,E,D,9950,100,9950,1,0
D,F,D,5361,100,5361,1,0
D,G,D,8904,100,8904,1,0
D,H,D,1499,100,1499,1,0
A,E,E,1423,100,1423,1,0
B,E,E,5192,100,5192,1,0
C,E,E,10804,100,10804,1,0
D,E,E,9943,100,9943,1,0
E,F,E,5103,100,5103,1,0
E,G,E,10688,100,10688,1,0
E,H,E,10172,100,10172,1,0
A,F,F,5035,100,5035,1,0
B,F,F,1343,100,1343,1,0
C,F,F,7182,100,7182,1,0
D,F,F,5352,100,5352,1,0
E,F,F,5110,100,5110,1,0
F,G,F,7007,100,7007,1,0
F,H,F,5449,100,5449,1,0
A,G,G,10636,100,10636,1,0
B,G,G,7104,100,7104,1,0
C,G,G,1402,100,1402,1,0
D,G,G,8890,100,8890,1,0
E,G,G,10642,100,10642,1,0
F,G,G,7025,100,7025,1,0
G,H,G,8846,100,8846,1,0
A,H,H,9966,100,9966,1,0
B,H,H,5721,100,5721,1,0
C,H,H,8941,100,8941,1,0
D,H,H,1463,100,1463,1,0
E,H,H,10158,100,10158,1,0
F,H,H,5513,100,5513,1,0
G,H,H,8840,100,8840,1,0
A,B,A,4808,100,4808,1,0
A,C,A,10618,100,10618,1,0
A,D,A,9524,100,9524,1,0
A,E,A,1414,100,1414,1,0
A,F,A,5065,100,5065,1,0
A,G,A,10618,100,10618,1,0
A,H,A,9956,100,9956,1,0
A,B,B,4790,100,4790,1,0
B,C,B,7020,100,7020,1,0
B,D,B,5260,100,5260,1,0
B,E,B,5149,100,5149,1,0
B,F,B,1351,100,1351,1,0
B,G,B,7076,100,7076,1,0
B,H,B,5709,100,5709,1,0
A,C,C,10675,100,10675,1,0
B,C,C,7038,100,7038,1,0
C,D,C,8777,100,8777,1,0
C,E,C,10812,100,10812,1,0
C,F,C,7193,100,7193,1,0
C,G,C,1358,100,1358,1,0
C,H,C,8943,100,8943,1,0
A,D,D,9519,100,9519,1,0
B,D,D,5299,100,5299,1,0
C,D,D,8726,100,8726,1,0
D,E,D,9876,100,9876,1,0
D,F,D,5344,100,5344,1,0
D,G,D,8905,100,8905,1,0
D,H,D,1518,100,1518,1,0
A,E,E,1415,100,1415,1,0
B,E,E,5170,100,5170,1,0
C,E,E,10822,100,10822,1,0
D,E,E,9876,100,9876,1,0
E,F,E,5114,100,5114,1,0
E,G,E,10663,100,10663,1,0
E,H,E,10132,100,10132,1,0
A,F,F,5064,100,5064,1,0
B,F,F,1328,100,1328,1,0
C,F,F,7189,100,7189,1,0
D,F,F,5356,100,5356,1,0
E,F,F,5089,100,5089,1,0
F,G,F,6988,100,6988,1,0
F,H,F,5461,100,5461,1,0
A,G,G,10621,100,10621,1,0
B,G,G,7072,100,7072,1,0
C,G,G,1396,100,1396,1,0
D,G,G,8891,100,8891,1,0
E,G,G,10640,100,10640,1,0
F,G,G,6988,100,6988,1,0
G,H,G,8880,100,8880,1,0
A,H,H,9964,100,9964,1,0
B,H,H,5758,100,5758,1,0
C,H,H,8972,100,8972,1,0
D,H,H,1489,100,1489,1,0
E,H,H,10176,100,10176,1,0
F,H,H,5460,100,5460,1,0
G,H,H,8848,100,8848,1,0
A,B,A,4810,100,4810,1,0
A,C,A,10609,100,10609,1,0
A,D,A,9514,100,9514,1,0
A,E,A,1401,100,1401,1,0
A,F,A,5049,100,5049,1,0
A,G,A,10616,100,10616,1,0
A,H,A,9962,100,9962,1,0
A,B,B,4778,100,4778,1,0
B,C,B,7000,100,7000,1,0
B,D,B,5271,100,5271,1,0
B,E,B,5211,100,5211,1,0
B,F,B,1359,100,1359,1,0
B,G,B,7087,100,7087,1,0
B,H,B,5766,100,5766,1,0
A,C,C,10623,100,10623,1,0
B,C,C,7019,100,7019,1,0
C,D,C,8725,100,8725,1,0
C,E,C,10805,100,10805,1,0
C,F,C,7177,100,7177,1,0
C,G,C,1363,100,1363,1,0
C,H,C,8964,100,8964,1,0
A,D,D,9555,100,9555,1,0
B,D,D,5339,100,5339,1,0
C,D,D,8775,100,8775,1,0
D,E,D,9916,100,9916,1,0
D,F,D,5360,100,5360,1,0
D,G,D,8936,100,8936,1,0
D,H,D,1453,100,1453,1,0
A,E,E,1418,100,1418,1,0
B,E,E,5188,100,5188,1,0
C,E,E,10821,100,10821,1,0
D,E,E,9909,100,9909,1,0
E,F,E,5069,100,5069,1,0
E,G,E,10614,100,10614,1,0
E,H,E,10121,100,10121,1,0
A,F,F,5083,100,5083,1,0
B,F,F,1325,100,1325,1,0
C,F,F,7218,100,7218,1,0
D,F,F,5335,100,5335,1,0
E,F,F,5092,100,5092,1,0
F,G,F,6981,100,6981,1,0
F,H,F,5469,100,5469,1,0
A,G,G,10620,100,10620,1,0
B,G,G,7076,100,7076,1,0
C,G,G,1380,100,1380,1,0
D,G,G,8905,100,8905,1,0
E,G,G,10648,100,10648,1,0
F,G,G,6983,100,6983,1,0
G,H,G,8871,100,8871,1,0
A,H,H,9932,100,9932,1,0
B,H,H,5730,100,5730,1,0
C,H,H,8975,100,8975,1,0
D,H,H,1441,100,1441,1,0
E,H,H,10159,100,10159,1,0
F,H,H,5444,100,5444,1,0
G,H,H,8876,100,8876,1,0
A,B,A,4792,100,4792,1,0
A,C,A,10642,100,10642,1,0
A,D,A,9539,100,9539,1,0
A,E,A,1431,100,1431,1,0
A,F,A,5045,100,5045,1,0
A,G,A,10637,100,10637,1,0
A,H,A,9965,100,9965,1,0
A,B,B,4780,100,4780,1,0
B,C,B,6991,100,6991,1,0
B,D,B,5282,100,5282,1,0
B,E,B,5167,100,5167,1,0
B,F,B,1354,100,1354,1,0
B,G,B,7075,100,7075,1,0
B,H,B,5731,100,5731,1,0
A,C,C,10672,100,10672,1,0
B,C,C,7024,100,7024,1,0
C,D,C,8729,100,8729,1,0
C,E,C,10813,100,10813,1,0
C,F,C,7183,100,7183,1,0
C,G,C,1355,100,1355,1,0
C,H,C,8922,100,8922,1,0
A,D,D,9525,100,9525,1,0
B,D,D,5317,100,5317,1,0
C,D,D,8752,100,8752,1,0
D,E,D,9938,100,9938,1,0
D,F,D,5361,100,5361,1,0
D,G,D,8913,100,8913,1,0
D,H,D,1550,100,1550,1,0
A,E,E,1457,100,1457,1,0
B,E,E,5183,100,5183,1,0
C,E,E,10889,100,10889,1,0
D,E,E,9939,100,9939,1,0
E,F,E,5115,100,5115,1,0
E,G,E,10615,100,10615,1,0
E,H,E,10126,100,10126,1,0
A,F,F,5088,100,5088,1,0
B,F,F,1362,100,1362,1,0
C,F,F,7192,100,7192,1,0
D,F,F,5362,100,5362,1,0
E,F,F,5097,100,5097,1,0
F,G,F,6973,100,6973,1,0
F,H,F,5423,100,5423,1,0
A,G,G,10611,100,10611,1,0
B,G,G,7060,100,7060,1,0
C,G,G,1374,100,1374,1,0
D,G,G,8917,100,8917,1,0
E,G,G,10630,100,10630,1,0
F,G,G,7028,100,7028,1,0
G,H,G,8871,100,8871,1,0
A,H,H,9941,100,9941,1,0
B,H,H,5704,100,5704,1,0
C,H,H,8913,100,8913,1,0
D,H,H,1523,100,1523,1,0
E,H,H,10151,100,10151,1,0
F,H,H,5453,100,5453,1,0
G,H,H,8887,100,8887,1,0
A,B,A,4804,100,4804,1,0
A,C,A,10652,100,10652,1,0
A,D,A,9551,100,9551,1,0
A,E,A,1425,100,1425,1,0
A,F,A,5066,100,5066,1,0
A,G,A,10633,100,10633,1,0
A,H,A,9993,100,9993,1,0
A,B,B,4830,100,4830,1,0
B,C,B,7042,100,7042,1,0
B,D,B,5291,100,5291,1,0
B,E,B,5182,100,5182,1,0
B,F,B,1359,100,1359,1,0
B,G,B,7079,100,7079,1,0
B,H,B,5753,100,5753,1,0
A,C,C,10618,100,10618,1,0
B,C,C,6994,100,6994,1,0
C,D,C,8731,100,8731,1,0
C,E,C,10820,100,10820,1,0
C,F,C,7187,100,7187,1,0
C,G,C,1372,100,1372,1,0
C,H,C,8931,100,8931,1,0
A,D,D,9522,100,9522,1,0
B,D,D,5265,100,5265,1,0
C,D,D,8759,100,8759,1,0
D,E,D,9954,100,9954,1,0
D,F,D,5353,100,5353,1,0
D,G,D,8906,100,8906,1,0
D,H,D,1512,100,1512,1,0
A,E,E,1375,100,1375,1,0
B,E,E,5179,100,5179,1,0
C,E,E,10847,100,10847,1,0
D,E,E,9897,100,9897,1,0
E,F,E,5130,100,5130,1,0
E,G,E,10645,100,10645,1,0
E,H,E,10152,100,10152,1,0
A,F,F,5093,100,5093,1,0
B,F,F,1346,100,1346,1,0
C,F,F,7181,100,7181,1,0
D,F,F,5379,100,5379,1,0
E,F,F,5108,100,5108,1,0
F,G,F,6971,100,6971,1,0
F,H,F,5410,100,5410,1,0
A,G,G,10593,100,10593,1,0
B,G,G,7074,100,7074,1,0
C,G,G,1399,100,1399,1,0
D,G,G,8860,100,8860,1,0
E,G,G,10652,100,10652,1,0
F,G,G,7003,100,7003,1,0
G,H,G,8859,100,8859,1,0
A,H,H,9939,100,9939,1,0
B,H,H,5763,100,5763,1,0
C,H,H,8974,100,8974,1,0
D,H,H,1462,100,1462,1,0
E,H,H,10105,100,10105,1,0
F,H,H,5419,100,5419,1,0
G,H,H,8846,100,8846,1,0
A,B,A,4737,100,4737,1,0
A,C,A,10679,100,10679,1,0
A,D,A,9525,100,9525,1,0
A,E,A,1430,100,1430,1,0
A,F,A,5046,100,5046,1,0
A,G,A,10651,100,10651,1,0
A,H,A,9950,100,9950,1,0
A,B,B,4777,100,4777,1,0
B,C,B,7010,100,7010,1,0
B,D,B,5245,100,5245,1,0
B,E,B,5143,100,5143,1,0
B,F,B,1341,100,1341,1,0
B,G,B,7062,100,7062,1,0
B,H,B,5754,100,5754,1,0
A,C,C,10674,100,10674,1,0
B,C,C,7039,100,7039,1,0
C,D,C,8777,100,8777,1,0
C,E,C,10795,100,10795,1,0
C,F,C,7167,100,7167,1,0
C,G,C,1387,100,1387,1,0
C,H,C,8922,100,8922,1,0
A,D,D,9540,100,9540,1,0
B,D,D,5238,100,5238,1,0
C,D,D,8736,100,8736,1,0
D,E,D,9867,100,9867,1,0
D,F,D,5382,100,5382,1,0
D,G,D,8888,100,8888,1,0
D,H,D,1459,100,1459,1,0
A,E,E,1392,100,1392,1,0
B,E,E,5156,100,5156,1,0
C,E,E,10800,100,10800,1,0
D,E,E,9946,100,9946,1,0
E,F,E,5121,100,5121,1,0
E,G,E,10620,100,10620,1,0
E,H,E,10144,100,10144,1,0
A,F,F,5058,100,5058,1,0
B,F,F,1341,100,1341,1,0
C,F,F,7189,100,7189,1,0
D,F,F,5346,100,5346,1,0
E,F,F,5115,100,5115,1,0
F,G,F,7001,100,7001,1,0
F,H,F,5495,100,5495,1,0
A,G,G,10581,100,10581,1,0
B,G,G,7106,100,7106,1,0
C,G,G,1367,100,1367,1,0
D,G,G,8904,100,8904,1,0
E,G,G,10639,100,10639,1,0
F,G,G,7008,100,7008,1,0
G,H,G,8884,100,8884,1,0
A,H,H,9935,100,9935,1,0
B,H,H,5740,100,5740,1,0
C,H,H,8937,100,8937,1,0
D,H,H,1473,100,1473,1,0
E,H,H,10153,100,10153,1,0
F,H,H,5408,100,5408,1,0
G,H,H,8860,100,8860,1,0
A,B,A,4769,100,4769,1,0
A,C,A,10599,100,10599,1,0
A,D,A,9501,100,9501,1,0
A,E,A,1425,100,1425,1,0
A,F,A,5077,100,5077,1,0
A,G,A,10568,100,10568,1,0
A,H,A,9939,100,9939,1,0
A,B,B,4788,100,4788,1,0
B,C,B,6978,100,6978,1,0
B,D,B,5288,100,5288,1,0
B,E,B,5194,100,5194,1,0
B,F,B,1349,100,1349,1,0
B,G,B,7069,100,7069,1,0
B,H,B,5724,100,5724,1,0
A,C,C,10679,100,10679,1,0
B,C,C,6993,100,6993,1,0
C,D,C,8733,100,8733,1,0
C,E,C,10829,100,10829,1,0
C,F,C,7200,100,7200,1,0
C,G,C,1384,100,1384,1,0
C,H,C,8987,100,8987,1,0
A,D,D,9524,100,9524,1,0
B,D,D,5285,100,5285,1,0
C,D,D,8755,100,8755,1,0
D,E,D,9900,100,9900,1,0
D,F,D,5348,100,5348,1,0
D,G,D,8898,100,8898,1,0
D,H,D,1580,100,1580,1,0
A,E,E,1332,100,1332,1,0
B,E,E,5187,100,5187,1,0
C,E,E,10815,100,10815,1,0
D,E,E,9927,100,9927,1,0
E,F,E,5120,100,5120,1,0
E,G,E,10638,100,10638,1,0
E,H,E,10150,100,10150,1,0
A,F,F,5064,100,5064,1,0
B,F,F,1342,100,1342,1,0
C,F,F,7199,100,7199,1,0
D,F,F,5406,100,5406,1,0
E,F,F,5152,100,5152,1,0
F,G,F,6991,100,6991,1,0
F,H,F,5418,100,5418,1,0
A,G,G,10624,100,10624,1,0
B,G,G,7110,100,7110,1,0
C,G,G,1366,100,1366,1,0
D,G,G,8878,100,8878,1,0
E,G,G,10620,100,10620,1,0
F,G,G,6988,100,6988,1,0
G,H,G,8837,100,8837,1,0
A,H,H,9912,100,9912,1,0
B,H,H,5709,100,5709,1,0
C,H,H,8956,100,8956,1,0
D,H,H,1543,100,1543,1,0
E,H,H,10128,100,10128,1,0
F,H,H,5458,100,5458,1,0
G,H,H,8855,100,8855,1,0
A,B,A,4794,100,4794,1,0
A,C,A,10687,100,10687,1,0
A,D,A,9536,100,9536,1,0
A,E,A,1377,100,1377,1,0
A,F,A,5030,100,5030,1,0
A,G,A,10635,100,10635,1,0
A,H,A,9953,100,9953,1,0
A,B,B,4760,100,4760,1,0
B,C,B,6993,100,6993,1,0
B,D,B,5282,100,5282,1,0
B,E,B,5163,100,5163,1,0
B,F,B,1367,100,1367,1,0
B,G,B,7081,100,7081,1,0
B,H,B,5769,100,5769,1,0
A,C,C,10646,100,10646,1,0
B,C,C,6986,100,6986,1,0
C,D,C,8743,100,8743,1,0
C,E,C,10859,100,10859,1,0
C,F,C,7190,100,7190,1,0
C,G,C,1358,100,1358,1,0
C,H,C,8968,100,8968,1,0
A,D,D,9528,100,9528,1,0
B,D,D,5265,100,5265,1,0
C,D,D,8759,100,8759,1,0
D,E,D,9926,100,9926,1,0
D,F,D,5386,100,5386,1,0
D,G,D,8843,100,8843,1,0
D,H,D,1426,100,1426,1,0
A,E,E,1428,100,1428,1,0
B,E,E,5256,100,5256,1,0
C,E,E,10797,100,10797,1,0
D,E,E,9884,100,9884,1,0
E,F,E,5096,100,5096,1,0
E,G,E,10630,100,10630,1,0
E,H,E,10165,100,10165,1,0
A,F,F,5048,100,5048,1,0
B,F,F,1362,100,1362,1,0
C,F,F,7203,100,7203,1,0
D,F,F,5355,100,5355,1,0
E,F,F,5095,100,5095,1,0
F,G,F,6991,100,6991,1,0
F,H,F,5459,100,5459,1,0
A,G,G,10632,100,10632,1,0
B,G,G,7062,100,7062,1,0
C,G,G,1377,100,1377,1,0
D,G,G,8875,100,8875,1,0
E,G,G,10640,100,10640,1,0
F,G,G,7005,100,7005,1,0
G,H,G,8859,100,8859,1,0
A,H,H,9964,100,9964,1,0
B,H,H,5713,100,5713,1,0
C,H,H,8958,100,8958,1,0
D,H,H,1503,100,1503,1,0
E,H,H,10155,100,10155,1,0
F,H,H,5470,100,5470,1,0
G,H,H,8848,100,8848,1,0
A,B,A,4796,100,4796,1,0
A,C,A,10595,100,10595,1,0
A,D,A,9524,100,9524,1,0
A,E,A,1428,100,1428,1,0
A,F,A,5072,100,5072,1,0
A,G,A,10637,100,10637,1,0
A,H,A,9949,100,9949,1,0
A,B,B,4824,100,4824,1,0
B,C,B,7016,100,7016,1,0
B,D,B,5266,100,5266,1,0
B,E,B,5140,100,5140,1,0
B,F,B,1365,100,1365,1,0
B,G,B,7114,100,7114,1,0
B,H,B,5762,100,5762,1,0
A,C,C,10632,100,10632,1,0
B,C,C,6981,100,6981,1,0
C,D,C,8708,100,8708,1,0
C,E,C,10779,100,10779,1,0
C,F,C,7201,100,7201,1,0
C,G,C,1371,100,1371,1,0
C,H,C,8900,100,8900,1,0
A,D,D,9567,100,9567,1,0
B,D,D,5279,100,5279,1,0
C,D,D,8706,100,8706,1,0
D,E,D,9957,100,9957,1,0
D,F,D,5345,100,5345,1,0
D,G,D,8904,100,8904,1,0
D,H,D,1506,100,1506,1,0
A,E,E,1385,100,1385,1,0
B,E,E,5223,100,5223,1,0
C,E,E,10782,100,10782,1,0
D,E,E,9952,100,9952,1,0
E,F,E,5086,100,5086,1,0
E,G,E,10645,100,10645,1,0
E,H,E,10167,100,10167,1,0
A,F,F,5042,100,5042,1,0
B,F,F,1365,100,1365,1,0
C,F,F,7203,100,7203,1,0
D,F,F,5364,100,5364,1,0
E,F,F,5123,100,5123,1,0
F,G,F,6988,100,6988,1,0
F,H,F,5432,100,5432,1,0
A,G,G,10577,100,10577,1,0
B,G,G,7105,100,7105,1,0
C,G,G,1373,100,1373,1,0
D,G,G,8912,100,8912,1,0
E,G,G,10610,100,10610,1,0
F,G,G,7027,100,7027,1,0
G,H,G,8862,100,8862,1,0
A,H,H,9974,100,9974,1,0
B,H,H,5688,100,5688,1,0
C,H,H,8907,100,8907,1,0
D,H,H,1468,100,1468,1,0
E,H,H,10178,100,10178,1,0
F,H,H,5478,100,5478,1,0
G,H,H,8855,100,8855,1,0
A,B,A,4787,100,4787,1,0
A,C,A,10622,100,10622,1,0
A,D,A,9511,100,9511,1,0
A,E,A,1419,100,1419,1,0
A,F,A,5036,100,5036,1,0
A,G,A,10602,100,10602,1,0
A,H,A,9986,100,9986,1,0
A,B,B,4770,100,4770,1,0
B,C,B,6994,100,6994,1,0
B,D,B,5286,100,5286,1,0
B,E,B,5175,100,5175,1,0
B,F,B,1375,100,1375,1,0
B,G,B,7095,100,7095,1,0
B,H,B,5722,100,5722,1,0
A,C,C,10592,100,10592,1,0
B,C,C,7011,100,7011,1,0
C,D,C,8736,100,8736,1,0
C,E,C,10811,100,10811,1,0
C,F,C,7207,100,7207,1,0
C,G,C,1361,100,1361,1,0
C,H,C,8984,100,8984,1,0
A,D,D,9516,100,9516,1,0
B,D,D,5249,100,5249,1,0
C,D,D,8754,100,8754,1,0
D,E,D,9965,100,9965,1,0
D,F,D,5346,100,5346,1,0
D,G,D,8912,100,8912,1,0
D,H,D,1479,100,1479,1,0
A,E,E,1384,100,1384,1,0
B,E,E,5225,100,5225,1,0
C,E,E,10809,100,10809,1,0
D,E,E,9892,100,9892,1,0
E,F,E,5096,100,5096,1,0
E,G,E,10616,100,10616,1,0
E,H,E,10163,100,10163,1,0
A,F,F,5034,100,5034,1,0
B,F,F,1345,100,1345,1,0
C,F,F,7218,100,7218,1,0
D,F,F,5365,100,5365,1,0
E,F,F,5083,100,5083,1,0
F,G,F,6973,100,6973,1,0
F,H,F,5457,100,5457,1,0
A,G,G,10618,100,10618,1,0
B,G,G,7074,100,7074,1,0
C,G,G,1363,100,1363,1,0
D,G,G,8902,100,8902,1,0
E,G,G,10628,100,10628,1,0
F,G,G,6950,100,6950,1,0
G,H,G,8898,100,8898,1,0
A,H,H,9944,100,9944,1,0
B,H,H,5740,100,5740,1,0
C,H,H,8973,100,8973,1,0
D,H,H,1502,100,1502,1,0
E,H,H,10149,100,10149,1,0
F,H,H,5452,100,5452,1,0
G,H,H,8910,100,8910,1,0
A,B,A,4834,100,4834,1,0
A,C,A,10664,100,10664,1,0
A,D,A,9545,100,9545,1,0
A,E,A,1377,100,1377,1,0
A,F,A,5068,100,5068,1,0
A,G,A,10671,100,10671,1,0
A,H,A,9980,100,9980,1,0
A,B,B,4767,100,4767,1,0
B,C,B,6994,100,6994,1,0
B,D,B,5310,100,5310,1,0
B,E,B,5195,100,5195,1,0
B,F,B,1342,100,1342,1,0
B,G,B,7085,100,7085,1,0
B,H,B,5716,100,5716,1,0
A,C,C,10647,100,10647,1,0
B,C,C,6994,100,6994,1,0
C,D,C,8731,100,8731,1,0
C,E,C,10828,100,10828,1,0
C,F,C,7197,100,7197,1,0
C,G,C,1390,100,1390,1,0
C,H,C,8910,100,8910,1,0
A,D,D,9541,100,9541,1,0
B,D,D,5313,100,5313,1,0
C,D,D,8745,100,8745,1,0
D,E,D,9945,100,9945,1,0
D,F,D,5338,100,5338,1,0
D,G,D,8889,100,8889,1,0
D,H,D,1479,100,1479,1,0
A,E,E,1384,100,1384,1,0
B,E,E,5161,100,5161,1,0
C,E,E,10848,100,10848,1,0
D,E,E,9952,100,9952,1,0
E,F,E,5116,100,5116,1,0
E,G,E,10625,100,10625,1,0
E,H,E,10144,100,10144,1,0
A,F,F,5046,100,5046,1,0
B,F,F,1377,100,1377,1,0
C,F,F,7191,100,7191,1,0
D,F,F,5372,100,5372,1,0
E,F,F,5071,100,5071,1,0
F,G,F,6991,100,6991,1,0
F,H,F,5436,100,5436,1,0
A,G,G,10602,100,10602,1,0
B,G,G,7083,100,7083,1,0
C,G,G,1373,100,1373,1,0
D,G,G,8909,100,8909,1,0
E,G,G,10631,100,10631,1,0
F,G,G,7009,100,7009,1,0
G,H,G,8874,100,8874,1,0
A,H,H,10000,100,10000,1,0
B,H,H,5704,100,5704,1,0
C,H,H,8979,100,8979,1,0
D,H,H,1486,100,1486,1,0
E,H,H,10115,100,10115,1,0
F,H,H,5458,100,5458,1,0
G,H,H,8890,100,8890,1,0
A,B,A,4807,100,4807,1,0
A,C,A,10634,100,10634,1,0
A,D,A,9534,100,9534,1,0
A,E,A,1430,100,1430,1,0
A,F,A,5040,100,5040,1,0
A,G,A,10600,100,10600,1,0
A,H,A,9928,100,9928,1,0
A,B,B,4775,100,4775,1,0
B,C,B,7027,100,7027,1,0
B,D,B,5256,100,5256,1,0
B,E,B,5204,100,5204,1,0
B,F,B,1340,100,1340,1,0
B,G,B,7049,100,7049,1,0
B,H,B,5781,100,5781,1,0
A,C,C,10617,100,10617,1,0
B,C,C,6981,100,6981,1,0
C,D,C,8764,100,8764,1,0
C,E,C,10772,100,10772,1,0
C,F,C,7187,100,7187,1,0
C,G,C,1371,100,1371,1,0
C,H,C,8940,100,8940,1,0
A,D,D,9540,100,9540,1,0
B,D,D,5268,100,5268,1,0
C,D,D,8756,100,8756,1,0
D,E,D,9971,100,9971,1,0
D,F,D,5395,100,5395,1,0
D,G,D,8879,100,8879,1,0
D,H,D,1487,100,1487,1,0
A,E,E,1400,100,1400,1,0
B,E,E,5175,100,5175,1,0
C,E,E,10820,100,10820,1,0
D,E,E,9950,100,9950,1,0
E,F,E,5120,100,5120,1,0
E,G,E,10614,100,10614,1,0
E,H,E,10159,100,10159,1,0
A,F,F,5036,100,5036,1,0
B,F,F,1336,100,1336,1,0
C,F,F,7170,100,7170,1,0
D,F,F,5345,100,5345,1,0
E,F,F,5100,100,5100,1,0
F,G,F,6998,100,6998,1,0
F,H,F,5484,100,5484,1,0
A,G,G,10608,100,10608,1,0
B,G,G,7097,100,7097,1,0
C,G,G,1370,100,1370,1,0
D,G,G,8893,100,8893,1,0
E,G,G,10664,100,10664,1,0
F,G,G,6983,100,6983,1,0
G,H,G,8858,100,8858,1,0
A,H,H,9969,100,9969,1,0
B,H,H,5728,100,5728,1,0
C,H,H,8952,100,8952,1,0
D,H,H,1478,100,1478,1,0
E,H,H,10142,100,10142,1,0
F,H,H,5438,100,5438,1,0
G,H,H,8870,100,8870,1,0
A,B,A,4793,100,4793,1,0
A,C,A,10668,100,10668,1,0
A,D,A,9519,100,9519,1,0
A,E,A,1384,100,1384,1,0
A,F,A,5055,100,5055,1,0
A,G,A,10659,100,10659,1,0
A,H,A,9949,100,9949,1,0
A,B,B,4792,100,4792,1,0
B,C,B,6997,100,6997,1,0
B,D,B,5323,100,5323,1,0
B,E,B,5196,100,5196,1,0
B,F,B,1370,100,1370,1,0
B,G,B,7060,100,7060,1,0
B,H,B,5797,100,5797,1,0
A,C,C,10607,100,10607,1,0
B,C,C,7029,100,7029,1,0
C,D,C,8752,100,8752,1,0
C,E,C,10804,100,10804,1,0
C,F,C,7201,100,7201,1,0
C,G,C,1391,100,1391,1,0
C,H,C,8946,100,8946,1,0
A,D,D,9544,100,9544,1,0
B,D,D,5299,100,5299,1,0
C,D,D,8740,100,8740,1,0
D,E,D,9972,100,9972,1,0
D,F,D,5349,100,5349,1,0
D,G,D,8858,100,8858,1,0
D,H,D,1415,100,1415,1,0
A,E,E,1427,100,1427,1,0
B,E,E,5183,100,5183,1,0
C,E,E,10828,100,10828,1,0
D,E,E,9826,100,9826,1,0
E,F,E,5072,100,5072,1,0
E,G,E,10631,100,10631,1,0
E,H,E,10153,100,10153,1,0
A,F,F,5075,100,5075,1,0
B,F,F,1337,100,1337,1,0
C,F,F,7184,100,7184,1,0
D,F,F,5361,100,5361,1,0
E,F,F,5105,100,5105,1,0
F,G,F,6980,100,6980,1,0
F,H,F,5443,100,5443,1,0
A,G,G,10633,100,10633,1,0
B,G,G,7100,100,7100,1,0
C,G,G,1350,100,1350,1,0
D,G,G,8930,100,8930,1,0
E,G,G,10664,100,10664,1,0
F,G,G,6996,100,6996,1,0
G,H,G,8860,100,8860,1,0
A,H,H,9910,100,9910,1,0
B,H,H,5790,100,5790,1,0
C,H,H,8928,100,8928,1,0
D,H,H,1496,100,1496,1,0
E,H,H,10114,100,10114,1,0
F,H,H,5465,100,5465,1,0
G,H,H,8829,100,8829,1,0
A,B,A,4772,100,4772,1,0
A,C,A,10613,100,10613,1,0
A,D,A,9523,100,9523,1,0
A,E,A,1390,100,1390,1,0
A,F,A,5078,100,5078,1,0
A,G,A,10650,100,10650,1,0
A,H,A,9952,100,9952,1,0
A,B,B,4789,100,4789,1,0
B,C,B,7049,100,7049,1,0
B,D,B,5280,100,5280,1,0
B,E,B,5213,100,5213,1,0
B,F,B,1354,100,1354,1,0
B,G,B,7065,100,7065,1,0
B,H,B,5700,100,5700,1,0
A,C,C,10626,100,10626,1,0
B,C,C,7015,100,7015,1,0
C,D,C,8743,100,8743,1,0
C,E,C,10799,100,10799,1,0
C,F,C,7189,100,7189,1,0
C,G,C,1401,100,1401,1,0
C,H,C,8985,100,8985,1,0
A,D,D,9494,100,9494,1,0
B,D,D,5262,100,5262,1,0
C,D,D,8710,100,8710,1,0
D,E,D,9910,100,9910,1,0
D,F,D,5395,100,5395,1,0
D,G,D,8885,100,8885,1,0
D,H,D,1452,100,1452,1,0
A,E,E,1401,100,1401,1,0
B,E,E,5176,100,5176,1,0
C,E,E,10847,100,10847,1,0
D,E,E,9993,100,9993,1,0
E,F,E,5111,100,5111,1,0
E,G,E,10621,100,10621,1,0
E,H,E,10182,100,10182,1,0
A,F,F,5041,100,5041,1,0
B,F,F,1350,100,1350,1,0
C,F,F,7165,100,7165,1,0
D,F,F,5363,100,5363,1,0
E,F,F,5112,100,5112,1,0
F,G,F,7006,100,7006,1,0
F,H,F,5468,100,5468,1,0
A,G,G,10594,100,10594,1,0
B,G,G,7108,100,7108,1,0
C,G,G,1352,100,1352,1,0
D,G,G,8883,100,8883,1,0
E,G,G,10606,100,10606,1,0
F,G,G,7028,100,7028,1,0
G,H,G,8877,100,8877,1,0
A,H,H,9973,100,9973,1,0
B,H,H,5725,100,5725,1,0
C,H,H,8934,100,8934,1,0
D,H,H,1475,100,1475,1,0
E,H,H,10135,100,10135,1,0
F,H,H,5470,100,5470,1,0
G,H,H,8887,100,8887,1,0
A,B,A,4804,100,4804,1,0
A,C,A,10677,100,10677,1,0
A,D,A,9506,100,9506,1,0
A,E,A,1462,100,1462,1,0
A,F,A,5058,100,5058,1,0
A,G,A,10637,100,10637,1,0
A,H,A,9955,100,9955,1,0
A,B,B,4757,100,4757,1,0
B,C,B,7042,100,7042,1,0
B,D,B,5281,100,5281,1,0
B,E,B,5198,100,5198,1,0
B,F,B,1368,100,1368,1,0
B,G,B,7128,100,7128,1,0
B,H,B,5734,100,5734,1,0
A,C,C,10655,100,10655,1,0
B,C,C,7047,100,7047,1,0
C,D,C,8741,100,8741,1,0
C,E,C,10836,100,10836,1,0
C,F,C,7190,100,7190,1,0
C,G,C,1378,100,1378,1,0
C,H,C,8933,100,8933,1,0
A,D,D,9538,100,9538,1,0
B,D,D,5295,100,5295,1,0
C,D,D,8742,100,8742,1,0
D,E,D,9925,100,9925,1,0
D,F,D,5332,100,5332,1,0
D,G,D,8909,100,8909,1,0
D,H,D,1515,100,1515,1,0
A,E,E,1493,100,1493,1,0
B,E,E,5166,100,5166,1,0
C,E,E,10792,100,10792,1,0
D,E,E,9861,100,9861,1,0
E,F,E,5111,100,5111,1,0
E,G,E,10651,100,10651,1,0
E,H,E,10133,100,10133,1,0
A,F,F,5039,100,5039,1,0
B,F,F,1394,100,1394,1,0
C,F,F,7199,100,7199,1,0
D,F,F,5384,100,5384,1,0
E,F,F,5128,100,5128,1,0
F,G,F,6999,100,6999,1,0
F,H,F,5454,100,5454,1,0
A,G,G,10635,100,10635,1,0
B,G,G,7033,100,7033,1,0
C,G,G,1359,100,1359,1,0
D,G,G,8900,100,8900,1,0
E,G,G,10642,100,10642,1,0
F,G,G,6998,100,6998,1,0
G,H,G,8869,100,8869,1,0
A,H,H,9969,100,9969,1,0
B,H,H,5729,100,5729,1,0
C,H,H,8926,100,8926,1,0
D,H,H,1462,100,1462,1,0
E,H,H,10150,100,10150,1,0
F,H,H,5440,100,5440,1,0
G,H,H,8883,100,8883,1,0
A,B,A,4788,100,4788,1,0
A,C,A,10655,100,10655,1,0
A,D,A,9524,100,9524,1,0
A,E,A,1380,100,1380,1,0
A,F,A,5074,100,5074,1,0
A,G,A,10604,100,10604,1,0
A,H,A,9931,100,9931,1,0
A,B,B,4733,100,4733,1,0
B,C,B,6987,100,6987,1,0
B,D,B,5260,100,5260,1,0
B,E,B,5214,100,5214,1,0
B,F,B,1391,100,1391,1,0
B,G,B,7071,100,7071,1,0
B,H,B,5762,100,5762,1,0
A,C,C,10686,100,10686,1,0
B,C,C,6979,100,6979,1,0
C,D,C,8731,100,8731,1,0
C,E,C,10836,100,10836,1,0
C,F,C,7192,100,7192,1,0
C,G,C,1425,100,1425,1,0
C,H,C,8954,100,8954,1,0
A,D,D,9577,100,9577,1,0
B,D,D,5317,100,5317,1,0
C,D,D,8754,100,8754,1,0
D,E,D,9951,100,9951,1,0
D,F,D,5350,100,5350,1,0
D,G,D,8904,100,8904,1,0
D,H,D,1493,100,1493,1,0
A,E,E,1478,100,1478,1,0
B,E,E,5184,100,5184,1,0
C,E,E,10841,100,10841,1,0
D,E,E,9905,100,9905,1,0
E,F,E,5093,100,5093,1,0
E,G,E,10637,100,10637,1,0
E,H,E,10159,100,10159,1,0
A,F,F,5071,100,5071,1,0
B,F,F,1360,100,1360,1,0
C,F,F,7218,100,7218,1,0
D,F,F,5328,100,5328,1,0
E,F,F,5093,100,5093,1,0
F,G,F,6982,100,6982,1,0
F,H,F,5455,100,5455,1,0
A,G,G,10632,100,10632,1,0
B,G,G,7061,100,7061,1,0
C,G,G,1378,100,1378,1,0
D,G,G,8896,100,8896,1,0
E,G,G,10619,100,10619,1,0
F,G,G,6993,100,6993,1,0
G,H,G,8888,100,8888,1,0
A,H,H,9937,100,9937,1,0
B,H,H,5742,100,5742,1,0
C,H,H,8948,100,8948,1,0
D,H,H,1477,100,1477,1,0
E,H,H,10145,100,10145,1,0
F,H,H,5490,100,5490,1,0
G,H,H,8865,100,8865,1,0
A,B,A,4783,100,4783,1,0
A,C,A,10617,100,10617,1,0
A,D,A,9522,100,9522,1,0
A,E,A,1394,100,1394,1,0
A,F,A,5072,100,5072,1,0
A,G,A,10697,100,10697,1,0
A,H,A,9982,100,9982,1,0
A,B,B,4771,100,4771,1,0
B,C,B,7006,100,7006,1,0
B,D,B,5306,100,5306,1,0
B,E,B,5179,100,5179,1,0
B,F,B,1373,100,1373,1,0
B,G,B,7061,100,7061,1,0
B,H,B,5733,100,5733,1,0
A,C,C,10691,100,10691,1,0
B,C,C,7032,100,7032,1,0
C,D,C,8760,100,8760,1,0
C,E,C,10866,100,10866,1,0
C,F,C,7209,100,7209,1,0
C,G,C,1396,100,1396,1,0
C,H,C,8892,100,8892,1,0
A,D,D,9549,100,9549,1,0
B,D,D,5300,100,5300,1,0
C,D,D,8756,100,8756,1,0
D,E,D,9960,100,9960,1,0
D,F,D,5383,100,5383,1,0
D,G,D,8888,100,8888,1,0
D,H,D,1433,100,1433,1,0
A,E,E,1447,100,1447,1,0
B,E,E,5219,100,5219,1,0
C,E,E,10794,100,10794,1,0
D,E,E,9961,100,9961,1,0
E,F,E,5114,100,5114,1,0
E,G,E,10665,100,10665,1,0
E,H,E,10174,100,10174,1,0
A,F,F,5056,100,5056,1,0
B,F,F,1360,100,1360,1,0
C,F,F,7183,100,7183,1,0
D,F,F,5357,100,5357,1,0
E,F,F,5088,100,5088,1,0
F,G,F,7015,100,7015,1,0
F,H,F,5414,100,5414,1,0
A,G,G,10628,100,10628,1,0
B,G,G,7080,100,7080,1,0
C,G,G,1398,100,1398,1,0
D,G,G,8889,100,8889,1,0
E,G,G,10635,100,10635,1,0
F,G,G,6999,100,6999,1,0
G,H,G,8880,100,8880,1,0
A,H,H,9951,100,9951,1,0
B,H,H,5805,100,5805,1,0
C,H,H,8925,100,8925,1,0
D,H,H,1484,100,1484,1,0
E,H,H,10116,100,10116,1,0
F,H,H,5466,100,5466,1,0
G,H,H,8857,100,8857,1,0
A,B,A,4800,100,4800,1,0
A,C,A,10607,100,10607,1,0
A,D,A,9544,100,9544,1,0
A,E,A,1377,100,1377,1,0
A,F,A,5084,100,5084,1,0
A,G,A,10655,100,10655,1,0
A,H,A,9892,100,9892,1,0
A,B,B,4801,100,4801,1,0
B,C,B,7023,100,7023,1,0
B,D,B,5271,100,5271,1,0
B,E,B,5152,100,5152,1,0
B,F,B,1370,100,1370,1,0
B,G,B,7096,100,7096,1,0
B,H,B,5749,100,5749,1,0
A,C,C,10622,100,10622,1,0
B,C,C,6991,100,6991,1,0
C,D,C,8758,100,8758,1,0
C,E,C,10780,100,10780,1,0
C,F,C,7201,100,7201,1,0
C,G,C,1380,100,1380,1,0
C,H,C,8942,100,8942,1,0
A,D,D,9541,100,9541,1,0
B,D,D,5290,100,5290,1,0
C,D,D,8733,100,8733,1,0
D,E,D,9870,100,9870,1,0
D,F,D,5375,100,5375,1,0
D,G,D,8856,100,8856,1,0
D,H,D,1539,100,1539,1,0
A,E,E,1389,100,1389,1,0
B,E,E,5146,100,5146,1,0
C,E,E,10839,100,10839,1,0
D,E,E,9969,100,9969,1,0
E,F,E,5114,100,5114,1,0
E,G,E,10629,100,10629,1,0
E,H,E,10154,100,10154,1,0
A,F,F,5038,100,5038,1,0
B,F,F,1342,100,1342,1,0
C,F,F,7191,100,7191,1,0
D,F,F,5336,100,5336,1,0
E,F,F,5087,100,5087,1,0
F,G,F,6977,100,6977,1,0
F,H,F,5437,100,5437,1,0
A,G,G,10597,100,10597,1,0
B,G,G,7122,100,7122,1,0
C,G,G,1343,100,1343,1,0
D,G,G,8912,100,8912,1,0
E,G,G,10665,100,10665,1,0
F,G,G,6989,100,6989,1,0
G,H,G,8897,100,8897,1,0
A,H,H,9960,100,9960,1,0
B,H,H,5762,100,5762,1,0
C,H,H,8919,100,8919,1,0
D,H,H,1507,100,1507,1,0
E,H,H,10145,100,10145,1,0
F,H,H,5455,100,5455,1,0
G,H,H,8851,100,8851,1,0
A,B,A,4790,100,4790,1,0
A,C,A,10628,100,10628,1,0
A,D,A,9526,100,9526,1,0
A,E,A,1399,100,1399,1,0
A,F,A,5049,100,5049,1,0
A,G,A,10631,100,10631,1,0
A,H,A,9919,100,9919,1,0
A,B,B,4763,100,4763,1,0
B,C,B,6991,100,6991,1,0
B,D,B,5286,100,5286,1,0
B,E,B,5203,100,5203,1,0
B,F,B,1349,100,1349,1,0
B,G,B,7061,100,7061,1,0
B,H,B,5734,100,5734,1,0
A,C,C,10658,100,10658,1,0
B,C,C,7035,100,7035,1,0
C,D,C,8759,100,8759,1,0
C,E,C,10852,100,10852,1,0
C,F,C,7221,100,7221,1,0
C,G,C,1384,100,1384,1,0
C,H,C,8933,100,8933,1,0
A,D,D,9530,100,9530,1,0
B,D,D,5260,100,5260,1,0
C,D,D,8759,100,8759,1,0
D,E,D,9902,100,9902,1,0
D,F,D,5360,100,5360,1,0
D,G,D,8857,100,8857,1,0
D,H,D,1500,100,1500,1,0
A,E,E,1397,100,1397,1,0
B,E,E,5177,100,5177,1,0
C,E,E,10818,100,10818,1,0
D,E,E,9891,100,9891,1,0
E,F,E,5103,100,5103,1,0
E,G,E,10641,100,10641,1,0
E,H,E,10155,100,10155,1,0
A,F,F,5057,100,5057,1,0
B,F,F,1331,100,1331,1,0
C,F,F,7170,100,7170,1,0
D,F,F,5358,100,5358,1,0
E,F,F,5093,100,5093,1,0
F,G,F,7001,100,7001,1,0
F,H,F,5465,100,5465,1,0
A,G,G,10605,100,10605,1,0
B,G,G,7056,100,7056,1,0
C,G,G,1379,100,1379,1,0
D,G,G,8883,100,8883,1,0
E,G,G,10612,100,10612,1,0
F,G,G,7002,100,7002,1,0
G,H,G,8858,100,8858,1,0
A,H,H,9969,100,9969,1,0
B,H,H,5765,100,5765,1,0
C,H,H,8921,100,8921,1,0
D,H,H,1548,100,1548,1,0
E,H,H,10169,100,10169,1,0
F,H,H,5446,100,5446,1,0
G,H,H,8831,100,8831,1,0
A,B,A,4779,100,4779,1,0
A,C,A,10616,100,10616,1,0
A,D,A,9488,100,9488,1,0
A,E,A,1377,100,1377,1,0
A,F,A,5026,100,5026,1,0
A,G,A,10661,100,10661,1,0
A,H,A,9981,100,9981,1,0
A,B,B,4772,100,4772,1,0
B,C,B,7010,100,7010,1,0
B,D,B,5297,100,5297,1,0
B,E,B,5218,100,5218,1,0
B,F,B,1331,100,1331,1,0
B,G,B,7058,100,7058,1,0
B,H,B,5736,100,5736,1,0
A,C,C,10636,100,10636,1,0
B,C,C,6995,100,6995,1,0
C,D,C,8721,100,8721,1,0
C,E,C,10812,100,10812,1,0
C,F,C,7198,100,7198,1,0
C,G,C,1428,100,1428,1,0
C,H,C,8909,100,8909,1,0
A,D,D,9531,100,9531,1,0
B,D,D,5293,100,5293,1,0
C,D,D,8750,100,8750,1,0
D,E,D,9922,100,9922,1,0
D,F,D,5340,100,5340,1,0
D,G,D,8888,100,8888,1,0
D,H,D,1551,100,1551,1,0
A,E,E,1367,100,1367,1,0
B,E,E,5187,100,5187,1,0
C,E,E,10814,100,10814,1,0
D,E,E,9900,100,9900,1,0
E,F,E,5129,100,5129,1,0
E,G,E,10625,100,10625,1,0
E,H,E,10130,100,10130,1,0
A,F,F,5069,100,5069,1,0
B,F,F,1349,100,1349,1,0
C,F,F,7186,100,7186,1,0
D,F,F,5343,100,5343,1,0
E,F,F,5112,100,5112,1,0
F,G,F,7018,100,7018,1,0
F,H,F,5433,100,5433,1,0
A,G,G,10635,100,10635,1,0
B,G,G,7087,100,7087,1,0
C,G,G,1401,100,1401,1,0
D,G,G,8911,100,8911,1,0
E,G,G,10662,100,10662,1,0
F,G,G,6981,100,6981,1,0
G,H,G,8854,100,8854,1,0
A,H,H,9903,100,9903,1,0
B,H,H,5742,100,5742,1,0
C,H,H,8961,100,8961,1,0
D,H,H,1501,100,1501,1,0
E,H,H,10149,100,10149,1,0
F,H,H,5450,100,5450,1,0
G,H,H,8843,100,8843,1,0
A,B,A,4726,100,4726,1,0
A,C,A,10696,100,10696,1,0
A,D,A,9538,100,9538,1,0
A,E,A,1378,100,1378,1,0
A,F,A,5044,100,5044,1,0
A,G,A,10630,100,10630,1,0
A,H,A,9934,100,9934,1,0
A,B,B,4740,100,4740,1,0
B,C,B,7049,100,7049,1,0
B,D,B,5287,100,5287,1,0
B,E,B,5172,100,5172,1,0
B,F,B,1341,100,1341,1,0
B,G,B,7054,100,7054,1,0
B,H,B,5716,100,5716,1,0
A,C,C,10601,100,10601,1,0
B,C,C,7002,100,7002,1,0
C,D,C,8705,100,8705,1,0
C,E,C,10799,100,10799,1,0
C,F,C,7193,100,7193,1,0
C,G,C,1396,100,1396,1,0
C,H,C,8927,100,8927,1,0
A,D,D,9526,100,9526,1,0
B,D,D,5252,100,5252,1,0
C,D,D,8731,100,8731,1,0
D,E,D,9950,100,9950,1,0
D,F,D,5385,100,5385,1,0
D,G,D,8890,100,8890,1,0
D,H,D,1489,100,1489,1,0
A,E,E,1447,100,1447,1,0
B,E,E,5181,100,5181,1,0
C,E,E,10829,100,10829,1,0
D,E,E,9866,100,9866,1,0
E,F,E,5114,100,5114,1,0
E,G,E,10651,100,10651,1,0
E,H,E,10157,100,10157,1,0
A,F,F,5045,100,5045,1,0
B,F,F,1405,100,1405,1,0
C,F,F,7194,100,7194,1,0
D,F,F,5362,100,5362,1,0
E,F,F,5110,100,5110,1,0
F,G,F,7010,100,7010,1,0
F,H,F,5404,100,5404,1,0
A,G,G,10598,100,10598,1,0
B,G,G,7047,100,7047,1,0
C,G,G,1375,100,1375,1,0
D,G,G,8904,100,8904,1,0
E,G,G,10609,100,10609,1,0
F,G,G,6983,100,6983,1,0
G,H,G,8876,100,8876,1,0
A,H,H,9909,100,9909,1,0
B,H,H,5726,100,5726,1,0
C,H,H,8919,100,8919,1,0
D,H,H,1490,100,1490,1,0
E,H,H,10128,100,10128,1,0
F,H,H,5463,100,5463,1,0
G,H,H,8874,100,8874,1,0
A,B,A,4758,100,4758,1,0
A,C,A,10651,100,10651,1,0
A,D,A,9554,100,9554,1,0
A,E,A,1378,100,1378,1,0
A,F,A,5061,100,5061,1,0
A,G,A,10671,100,10671,1,0
A,H,A,9922,100,9922,1,0
A,B,B,4760,100,4760,1,0
B,C,B,7017,100,7017,1,0
B,D,B,5279,100,5279,1,0
B,E,B,5186,100,5186,1,0
B,F,B,1376,100,1376,1,0
B,G,B,7077,100,7077,1,0
B,H,B,5750,100,5750,1,0
A,C,C,10643,100,10643,1,0
B,C,C,7001,100,7001,1,0
C,D,C,8699,100,8699,1,0
C,E,C,10795,100,10795,1,0
C,F,C,7190,100,7190,1,0
C,G,C,1379,100,1379,1,0
C,H,C,8949,100,8949,1,0
A,D,D,9534,100,9534,1,0
B,D,D,5280,100,5280,1,0
C,D,D,8722,100,8722,1,0
D,E,D,9883,100,9883,1,0
D,F,D,5347,100,5347,1,0
D,G,D,8917,100,8917,1,0
D,H,D,1482,100,1482,1,0
A,E,E,1447,100,1447,1,0
B,E,E,5212,100,5212,1,0
C,E,E,10856,100,10856,1,0
D,E,E,9940,100,9940,1,0
E,F,E,5115,100,5115,1,0
E,G,E,10624,100,10624,1,0
E,H,E,10167,100,10167,1,0
A,F,F,5063,100,5063,1,0
B,F,F,1336,100,1336,1,0
C,F,F,7176,100,7176,1,0
D,F,F,5334,100,5334,1,0
E,F,F,5083,100,5083,1,0
F,G,F,6990,100,6990,1,0
F,H,F,5419,100,5419,1,0
A,G,G,10657,100,10657,1,0
B,G,G,7129,100,7129,1,0
C,G,G,1402,100,1402,1,0
D,G,G,8910,100,8910,1,0
E,G,G,10640,100,10640,1,0
F,G,G,7025,100,7025,1,0
G,H,G,8887,100,8887,1,0
A,H,H,9991,100,9991,1,0
B,H,H,5732,100,5732,1,0
C,H,H,8956,100,8956,1,0
D,H,H,1476,100,1476,1,0
E,H,H,10150,100,10150,1,0
F,H,H,5458,100,5458,1,0
G,H,H,8871,100,8871,1,0
A,B,A,4808,100,4808,1,0
A,C,A,10651,100,10651,1,0
A,D,A,9511,100,9511,1,0
A,E,A,1439,100,1439,1,0
A,F,A,5053,100,5053,1,0
A,G,A,10571,100,10571,1,0
A,H,A,9960,100,9960,1,0
A,B,B,4795,100,4795,1,0
B,C,B,7027,100,7027,1,0
B,D,B,5285,100,5285,1,0
B,E,B,5164,100,5164,1,0
B,F,B,1356,100,1356,1,0
B,G,B,7075,100,7075,1,0
B,H,B,5692,100,5692,1,0
A,C,C,10609,100,10609,1,0
B,C,C,7005,100,7005,1,0
C,D,C,8760,100,8760,1,0
C,E,C,10849,100,10849,1,0
C,F,C,7185,100,7185,1,0
C,G,C,1368,100,1368,1,0
C,H,C,8918,100,8918,1,0
A,D,D,9511,100,9511,1,0
B,D,D,5258,100,5258,1,0
C,D,D,8741,100,8741,1,0
D,E,D,9905,100,9905,1,0
D,F,D,5380,100,5380,1,0
D,G,D,8878,100,8878,1,0
D,H,D,1565,100,1565,1,0
A,E,E,1434,100,1434,1,0
B,E,E,5162,100,5162,1,0
C,E,E,10795,100,10795,1,0
D,E,E,9931,100,9931,1,0
E,F,E,5096,100,5096,1,0
E,G,E,10606,100,10606,1,0
E,H,E,10135,100,10135,1,0
A,F,F,5057,100,5057,1,0
B,F,F,1356,100,1356,1,0
C,F,F,7203,100,7203,1,0
D,F,F,5334,100,5334,1,0
E,F,F,5089,100,5089,1,0
F,G,F,6985,100,6985,1,0
F,H,F,5448,100,5448,1,0
A,G,G,10578,100,10578,1,0
B,G,G,7121,100,7121,1,0
C,G,G,1315,100,1315,1,0
D,G,G,8867,100,8867,1,0
E,G,G,10660,100,10660,1,0
F,G,G,6973,100,6973,1,0
G,H,G,8870,100,8870,1,0
A,H,H,9942,100,9942,1,0
B,H,H,5762,100,5762,1,0
C,H,H,8930,100,8930,1,0
D,H,H,1478,100,1478,1,0
E,H,H,10128,100,10128,1,0
F,H,H,5451,100,5451,1,0
G,H,H,8878,100,8878,1,0
A,B,A,4775,100,4775,1,0
A,C,A,10660,100,10660,1,0
A,D,A,9520,100,9520,1,0
A,E,A,1412,100,1412,1,0
A,F,A,5053,100,5053,1,0
A,G,A,10612,100,10612,1,0
A,H,A,9930,100,9930,1,0
A,B,B,4776,100,4776,1,0
B,C,B,6971,100,6971,1,0
B,D,B,5310,100,5310,1,0
B,E,B,5136,100,5136,1,0
B,F,B,1363,100,1363,1,0
B,G,B,7073,100,7073,1,0
B,H,B,5741,100,5741,1,0
A,C,C,10607,100,10607,1,0
B,C,C,7041,100,7041,1,0
C,D,C,8732,100,8732,1,0
C,E,C,10837,100,10837,1,0
C,F,C,7214,100,7214,1,0
C,G,C,1377,100,1377,1,0
C,H,C,8985,100,8985,1,0
A,D,D,9529,100,9529,1,0
B,D,D,5289,100,5289,1,0
C,D,D,8752,100,8752,1,0
D,E,D,9909,100,9909,1,0
D,F,D,5401,100,5401,1,0
D,G,D,8874,100,8874,1,0
D,H,D,1487,100,1487,1,0
A,E,E,1348,100,1348,1,0
B,E,E,5162,100,5162,1,0
C,E,E,10814,100,10814,1,0
D,E,E,9899,100,9899,1,0
E,F,E,5087,100,5087,1,0
E,G,E,10658,100,10658,1,0
E,H,E,10149,100,10149,1,0
A,F,F,5034,100,5034,1,0
B,F,F,1338,100,1338,1,0
C,F,F,7206,100,7206,1,0
D,F,F,5379,100,5379,1,0
E,F,F,5120,100,5120,1,0
F,G,F,7020,100,7020,1,0
F,H,F,5416,100,5416,1,0
A,G,G,10646,100,10646,1,0
B,G,G,7049,100,7049,1,0
C,G,G,1435,100,1435,1,0
D,G,G,8879,100,8879,1,0
E,G,G,10663,100,10663,1,0
F,G,G,7000,100,7000,1,0
G,H,G,8881,100,8881,1,0
A,H,H,9962,100,9962,1,0
B,H,H,5752,100,5752,1,0
C,H,H,8931,100,8931,1,0
D,H,H,1476,100,1476,1,0
E,H,H,10156,100,10156,1,0
F,H,H,5436,100,5436,1,0
G,H,H,8873,100,8873,1,0
A,B,A,4776,100,4776,1,0
A,C,A,10706,100,10706,1,0
A,D,A,9518,100,9518,1,0
A,E,A,1423,100,1423,1,0
A,F,A,5030,100,5030,1,0
A,G,A,10642,100,10642,1,0
A,H,A,9895,100,9895,1,0
A,B,B,4787,100,4787,1,0
B,C,B,6991,100,6991,1,0
B,D,B,5308,100,5308,1,0
B,E,B,5217,100,5217,1,0
B,F,B,1302,100,1302,1,0
B,G,B,7090,100,7090,1,0
B,H,B,5699,100,5699,1,0
A,C,C,10577,100,10577,1,0
B,C,C,6993,100,6993,1,0
C,D,C,8774,100,8774,1,0
C,E,C,10796,100,10796,1,0
C,F,C,7188,100,7188,1,0
C,G,C,1385,100,1385,1,0
C,H,C,8921,100,8921,1,0
A,D,D,9536,100,9536,1,0
B,D,D,5294,100,5294,1,0
C,D,D,8710,100,8710,1,0
D,E,D,9950,100,9950,1,0
D,F,D,5389,100,5389,1,0
D,G,D,8868,100,8868,1,0
D,H,D,1531,100,1531,1,0
A,E,E,1356,100,1356,1,0
B,E,E,5176,100,5176,1,0
C,E,E,10855,100,10855,1,0
D,E,E,9949,100,9949,1,0
E,F,E,5086,100,5086,1,0
E,G,E,10639,100,10639,1,0
E,H,E,10104,100,10104,1,0
A,F,F,5027,100,5027,1,0
B,F,F,1371,100,1371,1,0
C,F,F,7199,100,7199,1,0
D,F,F,5363,100,5363,1,0
E,F,F,5084,100,5084,1,0
F,G,F,7015,100,7015,1,0
F,H,F,5427,100,5427,1,0
A,G,G,10620,100,10620,1,0
B,G,G,7051,100,7051,1,0
C,G,G,1352,100,1352,1,0
D,G,G,8892,100,8892,1,0
E,G,G,10633,100,10633,1,0
F,G,G,7045,100,7045,1,0
G,H,G,8861,100,8861,1,0
A,H,H,9965,100,9965,1,0
B,H,H,5728,100,5728,1,0
C,H,H,8944,100,8944,1,0
D,H,H,1499,100,1499,1,0
E,H,H,10131,100,10131,1,0
F,H,H,5452,100,5452,1,0
G,H,H,8855,100,8855,1,0
A,B,A,4809,100,4809,1,0
A,C,A,10668,100,10668,1,0
A,D,A,9510,100,9510,1,0
A,E,A,1413,100,1413,1,0
A,F,A,5060,100,5060,1,0
A,G,A,10590,100,10590,1,0
A,H,A,9983,100,9983,1,0
A,B,B,4753,100,4753,1,0
B,C,B,7018,100,7018,1,0
B,D,B,5281,100,5281,1,0
B,E,B,5190,100,5190,1,0
B,F,B,1381,100,1381,1,0
B,G,B,7072,100,7072,1,0
B,H,B,5789,100,5789,1,0
A,C,C,10638,100,10638,1,0
B,C,C,7015,100,7015,1,0
C,D,C,8735,100,8735,1,0
C,E,C,10795,100,10795,1,0
C,F,C,7174,100,7174,1,0
C,G,C,1398,100,1398,1,0
C,H,C,8922,100,8922,1,0
A,D,D,9507,100,9507,1,0
B,D,D,5313,100,5313,1,0
C,D,D,8700,100,8700,1,0
D,E,D,9898,100,9898,1,0
D,F,D,5327,100,5327,1,0
D,G,D,8893,100,8893,1,0
D,H,D,1489,100,1489,1,0
A,E,E,1384,100,1384,1,0
B,E,E,5182,100,5182,1,0
C,E,E,10835,100,10835,1,0
D,E,E,9989,100,9989,1,0
E,F,E,5071,100,5071,1,0
E,G,E,10601,100,10601,1,0
E,H,E,10107,100,10107,1,0
A,F,F,5112,100,5112,1,0
B,F,F,1351,100,1351,1,0
C,F,F,7191,100,7191,1,0
D,F,F,5380,100,5380,1,0
E,F,F,5104,100,5104,1,0
F,G,F,7012,100,7012,1,0
F,H,F,5450,100,5450,1,0
A,G,G,10636,100,10636,1,0
B,G,G,7074,100,7074,1,0
C,G,G,1413,100,1413,1,0
D,G,G,8886,100,8886,1,0
E,G,G,10622,100,10622,1,0
F,G,G,6994,100,6994,1,0
G,H,G,8861,100,8861,1,0
A,H,H,9923,100,9923,1,0
B,H,H,5746,100,5746,1,0
C,H,H,8942,100,8942,1,0
D,H,H,1487,100,1487,1,0
E,H,H,10127,100,10127,1,0
F,H,H,5462,100,5462,1,0
G,H,H,8894,100,8894,1,0
A,B,A,4770,100,4770,1,0
A,C,A,10669,100,10669,1,0
A,D,A,9548,100,9548,1,0
A,E,A,1451,100,1451,1,0
A,F,A,5054,100,5054,1,0
A,G,A,10657,100,10657,1,0
A,H,A,9982,100,9982,1,0
A,B,B,4737,100,4737,1,0
B,C,B,7015,100,7015,1,0
B,D,B,5295,100,5295,1,0
B,E,B,5171,100,5171,1,0
B,F,B,1319,100,1319,1,0
B,G,B,7056,100,7056,1,0
B,H,B,5760,100,5760,1,0
A,C,C,10687,100,10687,1,0
B,C,C,7056,100,7056,1,0
C,D,C,8745,100,8745,1,0
C,E,C,10825,100,10825,1,0
C,F,C,7201,100,7201,1,0
C,G,C,1369,100,1369,1,0
C,H,C,8915,100,8915,1,0
A,D,D,9555,100,9555,1,0
B,D,D,5269,100,5269,1,0
C,D,D,8719,100,8719,1,0
D,E,D,9884,100,9884,1,0
D,F,D,5339,100,5339,1,0
D,G,D,8898,100,8898,1,0
D,H,D,1486,100,1486,1,0
A,E,E,1391,100,1391,1,0
B,E,E,5160,100,5160,1,0
C,E,E,10815,100,10815,1,0
D,E,E,9860,100,9860,1,0
E,F,E,5098,100,5098,1,0
E,G,E,10627,100,10627,1,0
E,H,E,10139,100,10139,1,0
A,F,F,5075,100,5075,1,0
B,F,F,1310,100,1310,1,0
C,F,F,7181,100,7181,1,0
D,F,F,5395,100,5395,1,0
E,F,F,5091,100,5091,1,0
F,G,F,6981,100,6981,1,0
F,H,F,5392,100,5392,1,0
A,G,G,10621,100,10621,1,0
B,G,G,7109,100,7109,1,0
C,G,G,1363,100,1363,1,0
D,G,G,8860,100,8860,1,0
E,G,G,10631,100,10631,1,0
F,G,G,6966,100,6966,1,0
G,H,G,8844,100,8844,1,0
A,H,H,9921,100,9921,1,0
B,H,H,5737,100,5737,1,0
C,H,H,8944,100,8944,1,0
D,H,H,1506,100,1506,1,0
E,H,H,10104,100,10104,1,0
F,H,H,5434,100,5434,1,0
G,H,H,8862,100,8862,1,0
A,B,A,4765,100,4765,1,0
A,C,A,10671,100,10671,1,0
A,D,A,9520,100,9520,1,0
A,E,A,1411,100,1411,1,0
A,F,A,5069,100,5069,1,0
A,G,A,10649,100,10649,1,0
A,H,A,9962,100,9962,1,0
A,B,B,4773,100,4773,1,0
B,C,B,7000,100,7000,1,0
B,D,B,5283,100,5283,1,0
B,E,B,5173,100,5173,1,0
B,F,B,1323,100,1323,1,0
B,G,B,7086,100,7086,1,0
B,H,B,5734,100,5734,1,0
A,C,C,10617,100,10617,1,0
B,C,C,6995,100,6995,1,0
C,D,C,8719,100,8719,1,0
C,E,C,10826,100,10826,1,0
C,F,C,7163,100,7163,1,0
C,G,C,1351,100,1351,1,0
C,H,C,8949,100,8949,1,0
A,D,D,9509,100,9509,1,0
B,D,D,5270,100,5270,1,0
C,D,D,8727,100,8727,1,0
D,E,D,9970,100,9970,1,0
D,F,D,5359,100,5359,1,0
D,G,D,8909,100,8909,1,0
D,H,D,1466,100,1466,1,0
A,E,E,1419,100,1419,1,0
B,E,E,5187,100,5187,1,0
C,E,E,10857,100,10857,1,0
D,E,E,9961,100,9961,1,0
E,F,E,5102,100,5102,1,0
E,G,E,10643,100,10643,1,0
E,H,E,10177,100,10177,1,0
A,F,F,5033,100,5033,1,0
B,F,F,1341,100,1341,1,0
C,F,F,7178,100,7178,1,0
D,F,F,5343,100,5343,1,0
E,F,F,5113,100,5113,1,0
F,G,F,6986,100,6986,1,0
F,H,F,5474,100,5474,1,0
A,G,G,10606,100,10606,1,0
B,G,G,7059,100,7059,1,0
C,G,G,1367,100,1367,1,0
D,G,G,8891,100,8891,1,0
E,G,G,10605,100,10605,1,0
F,G,G,7028,100,7028,1,0
G,H,G,8886,100,8886,1,0
A,H,H,9941,100,9941,1,0
B,H,H,5771,100,5771,1,0
C,H,H,8918,100,8918,1,0
D,H,H,1482,100,1482,1,0
E,H,H,10142,100,10142,1,0
F,H,H,5449,100,5449,1,0
G,H,H,8827,100,8827,1,0
A,B,A,4805,100,4805,1,0
A,C,A,10622,100,10622,1,0
A,D,A,9521,100,9521,1,0
A,E,A,1401,100,1401,1,0
A,F,A,5066,100,5066,1,0
A,G,A,10619,100,10619,1,0
A,H,A,9959,100,9959,1,0
A,B,B,4760,100,4760,1,0
B,C,B,6988,100,6988,1,0
B,D,B,5308,100,5308,1,0
B,E,B,5183,100,5183,1,0
B,F,B,1351,100,1351,1,0
B,G,B,7043,100,7043,1,0
B,H,B,5712,100,5712,1,0
A,C,C,10595,100,10595,1,0
B,C,C,6998,100,6998,1,0
C,D,C,8737,100,8737,1,0
C,E,C,10851,100,10851,1,0
C,F,C,7198,100,7198,1,0
C,G,C,1361,100,1361,1,0
C,H,C,8912,100,8912,1,0
A,D,D,9542,100,9542,1,0
B,D,D,5325,100,5325,1,0
C,D,D,8734,100,8734,1,0
D,E,D,9901,100,9901,1,0
D,F,D,5346,100,5346,1,0
D,G,D,8860,100,8860,1,0
D,H,D,1540,100,1540,1,0
A,E,E,1418,100,1418,1,0
B,E,E,5189,100,5189,1,0
C,E,E,10811,100,10811,1,0
D,E,E,9916,100,9916,1,0
E,F,E,5098,100,5098,1,0
E,G,E,10625,100,10625,1,0
E,H,E,10163,100,10163,1,0
A,F,F,5043,100,5043,1,0
B,F,F,1355,100,1355,1,0
C,F,F,7208,100,7208,1,0
D,F,F,5364,100,5364,1,0
E,F,F,5100,100,5100,1,0
F,G,F,7009,100,7009,1,0
F,H,F,5470,100,5470,1,0
A,G,G,10590,100,10590,1,0
B,G,G,7096,100,7096,1,0
C,G,G,1370,100,1370,1,0
D,G,G,8879,100,8879,1,0
E,G,G,10630,100,10630,1,0
F,G,G,7000,100,7000,1,0
G,H,G,8884,100,8884,1,0
A,H,H,9965,100,9965,1,0
B,H,H,5765,100,5765,1,0
C,H,H,8936,100,8936,1,0
D,H,H,1498,100,1498,1,0
E,H,H,10134,100,10134,1,0
F,H,H,5426,100,5426,1,0
G,H,H,8830,100,8830,1,0
A,B,A,4806,100,4806,1,0
A,C,A,10621,100,10621,1,0
A,D,A,9525,100,9525,1,0
A,E,A,1382,100,1382,1,0
A,F,A,5052,100,5052,1,0
A,G,A,10645,100,10645,1,0
A,H,A,10005,100,10005,1,0
A,B,B,4747,100,4747,1,0
B,C,B,6959,100,6959,1,0
B,D,B,5305,100,5305,1,0
B,E,B,5201,100,5201,1,0
B,F,B,1368,100,1368,1,0
B,G,B,7116,100,7116,1,0
B,H,B,5745,100,5745,1,0
A,C,C,10614,100,10614,1,0
B,C,C,7016,100,7016,1,0
C,D,C,8745,100,8745,1,0
C,E,C,10830,100,10830,1,0
C,F,C,7174,100,7174,1,0
C,G,C,1387,100,1387,1,0
C,H,C,8952,100,8952,1,0
A,D,D,9552,100,9552,1,0
B,D,D,5285,100,5285,1,0
C,D,D,8780,100,8780,1,0
D,E,D,9891,100,9891,1,0
D,F,D,5358,100,5358,1,0
D,G,D,8901,100,8901,1,0
D,H,D,1532,100,1532,1,0
A,E,E,1351,100,1351,1,0
B,E,E,5182,100,5182,1,0
C,E,E,10844,100,10844,1,0
D,E,E,9904,100,9904,1,0
E,F,E,5105,100,5105,1,0
E,G,E,10630,100,10630,1,0
E,H,E,10129,100,10129,1,0
A,F,F,5030,100,5030,1,0
B,F,F,1329,100,1329,1,0
C,F,F,7218,100,7218,1,0
D,F,F,5374,100,5374,1,0
E,F,F,5067,100,5067,1,0
F,G,F,7000,100,7000,1,0
F,H,F,5470,100,5470,1,0
A,G,G,10654,100,10654,1,0
B,G,G,7102,100,7102,1,0
C,G,G,1417,100,1417,1,0
D,G,G,8880,100,8880,1,0
E,G,G,10655,100,10655,1,0
F,G,G,6993,100,6993,1,0
G,H,G,8923,100,8923,1,0
A,H,H,9948,100,9948,1,0
B,H,H,5728,100,5728,1,0
C,H,H,8985,100,8985,1,0
D,H,H,1524,100,1524,1,0
E,H,H,10153,100,10153,1,0
F,H,H,5486,100,5486,1,0
G,H,H,8850,100,8850,1,0
A,B,A,4794,100,4794,1,0
A,C,A,10589,100,10589,1,0
A,D,A,9538,100,9538,1,0
A,E,A,1436,100,1436,1,0
A,F,A,5067,100,5067,1,0
A,G,A,10681,100,10681,1,0
A,H,A,9940,100,9940,1,0
A,B,B,4776,100,4776,1,0
B,C,B,7060,100,7060,1,0
B,D,B,5257,100,5257,1,0
B,E,B,5214,100,5214,1,0
B,F,B,1333,100,1333,1,0
B,G,B,7045,100,7045,1,0
B,H,B,5707,100,5707,1,0
A,C,C,10660,100,10660,1,0
B,C,C,7026,100,7026,1,0
C,D,C,8763,100,8763,1,0
C,E,C,10839,100,10839,1,0
C,F,C,7209,100,7209,1,0
C,G,C,1394,100,1394,1,0
C,H,C,8927,100,8927,1,0
A,D,D,9543,100,9543,1,0
B,D,D,5288,100,5288,1,0
C,D,D,8744,100,8744,1,0
D,E,D,9933,100,9933,1,0
D,F,D,5402,100,5402,1,0
D,G,D,8921,100,8921,1,0
D,H,D,1486,100,1486,1,0
A,E,E,1442,100,1442,1,0
B,E,E,5214,100,5214,1,0
C,E,E,10798,100,10798,1,0
D,E,E,9932,100,9932,1,0
E,F,E,5106,100,5106,1,0
E,G,E,10645,100,10645,1,0
E,H,E,10190,100,10190,1,0
A,F,F,5063,100,5063,1,0
B,F,F,1352,100,1352,1,0
C,F,F,7189,100,7189,1,0
D,F,F,5355,100,5355,1,0
E,F,F,5085,100,5085,1,0
F,G,F,6994,100,6994,1,0
F,H,F,5474,100,5474,1,0
A,G,G,10647,100,10647,1,0
B,G,G,7068,100,7068,1,0
C,G,G,1394,100,1394,1,0
D,G,G,8871,100,8871,1,0
E,G,G,10640,100,10640,1,0
F,G,G,6988,100,6988,1,0
G,H,G,8876,100,8876,1,0
A,H,H,9935,100,9935,1,0
B,H,H,5729,100,5729,1,0
C,H,H,8944,100,8944,1,0
D,H,H,1483,100,1483,1,0
E,H,H,10147,100,10147,1,0
F,H,H,5456,100,5456,1,0
G,H,H,8887,100,8887,1,0
A,B,A,4782,100,4782,1,0
A,C,A,10647,100,10647,1,0
A,D,A,9506,100,9506,1,0
A,E,A,1426,100,1426,1,0
A,F,A,5053,100,5053,1,0
A,G,A,10644,100,10644,1,0
A,H,A,9927,100,9927,1,0
A,B,B,4753,100,4753,1,0
B,C,B,7033,100,7033,1,0
B,D,B,5235,100,5235,1,0
B,E,B,5135,100,5135,1,0
B,F,B,1373,100,1373,1,0
B,G,B,7089,100,7089,1,0
B,H,B,5729,100,5729,1,0
A,C,C,10610,100,10610,1,0
B,C,C,7022,100,7022,1,0
C,D,C,8699,100,8699,1,0
C,E,C,10878,100,10878,1,0
C,F,C,7170,100,7170,1,0
C,G,C,1348,100,1348,1,0
C,H,C,8924,100,8924,1,0
A,D,D,9526,100,9526,1,0
B,D,D,5260,100,5260,1,0
C,D,D,8735,100,8735,1,0
D,E,D,9879,100,9879,1,0
D,F,D,5378,100,5378,1,0
D,G,D,8903,100,8903,1,0
D,H,D,1513,100,1513,1,0
A,E,E,1411,100,1411,1,0
B,E,E,5165,100,5165,1,0
C,E,E,10833,100,10833,1,0
D,E,E,9936,100,9936,1,0
E,F,E,5107,100,5107,1,0
E,G,E,10658,100,10658,1,0
E,H,E,10112,100,10112,1,0
A,F,F,5081,100,5081,1,0
B,F,F,1362,100,1362,1,0
C,F,F,7169,100,7169,1,0
D,F,F,5332,100,5332,1,0
E,F,F,5144,100,5144,1,0
F,G,F,6983,100,6983,1,0
F,H,F,5469,100,5469,1,0
A,G,G,10640,100,10640,1,0
B,G,G,7060,100,7060,1,0
C,G,G,1324,100,1324,1,0
D,G,G,8870,100,8870,1,0
E,G,G,10673,100,10673,1,0
F,G,G,6998,100,6998,1,0
G,H,G,8879,100,8879,1,0
A,H,H,9978,100,9978,1,0
B,H,H,5750,100,5750,1,0
C,H,H,8914,100,8914,1,0
D,H,H,1447,100,1447,1,0
E,H,H,10166,100,10166,1,0
F,H,H,5518,100,5518,1,0
G,H,H,8887,100,8887,1,0
A,B,A,4814,100,4814,1,0
A,C,A,10642,100,10642,1,0
A,D,A,9531,100,9531,1,0
A,E,A,1416,100,1416,1,0
A,F,A,5066,100,5066,1,0
A,G,A,10657,100,10657,1,0
A,H,A,9934,100,9934,1,0
A,B,B,4774,100,4774,1,0
B,C,B,7046,100,7046,1,0
B,D,B,5323,100,5323,1,0
B,E,B,5192,100,5192,1,0
B,F,B,1320,100,1320,1,0
B,G,B,7070,100,7070,1,0
B,H,B,5731,100,5731,1,0
A,C,C,10607,100,10607,1,0
B,C,C,7021,100,7021,1,0
C,D,C,8778,100,8778,1,0
C,E,C,10839,100,10839,1,0
C,F,C,7184,100,7184,1,0
C,G,C,1364,100,1364,1,0
C,H,C,9001,100,9001,1,0
A,D,D,9533,100,9533,1,0
B,D,D,5305,100,5305,1,0
C,D,D,8703,100,8703,1,0
D,E,D,9916,100,9916,1,0
D,F,D,5361,100,5361,1,0
D,G,D,8900,100,8900,1,0
D,H,D,1459,100,1459,1,0
A,E,E,1454,100,1454,1,0
B,E,E,5192,100,5192,1,0
C,E,E,10801,100,10801,1,0
D,E,E,9966,100,9966,1,0
E,F,E,5127,100,5127,1,0
E,G,E,10615,100,10615,1,0
E,H,E,10125,100,10125,1,0
A,F,F,5054,100,5054,1,0
B,F,F,1332,100,1332,1,0
C,F,F,7198,100,7198,1,0
D,F,F,5385,100,5385,1,0
E,F,F,5088,100,5088,1,0
F,G,F,7037,100,7037,1,0
F,H,F,5479,100,5479,1,0
A,G,G,10643,100,10643,1,0
B,G,G,7092,100,7092,1,0
C,G,G,1356,100,1356,1,0
D,G,G,8918,100,8918,1,0
E,G,G,10665,100,10665,1,0
F,G,G,7004,100,7004,1,0
G,H,G,8837,100,8837,1,0
A,H,H,9958,100,9958,1,0
B,H,H,5757,100,5757,1,0
C,H,H,8936,100,8936,1,0
D,H,H,1518,100,1518,1,0
E,H,H,10132,100,10132,1,0
F,H,H,5458,100,5458,1,0
G,H,H,8887,100,8887,1,0
A,B,A,4748,100,4748,1,0
A,C,A,10614,100,10614,1,0
A,D,A,9538,100,9538,1,0
A,E,A,1383,100,1383,1,0
A,F,A,5056,100,5056,1,0
A,G,A,10602,100,10602,1,0
A,H,A,9932,100,9932,1,0
A,B,B,4760,100,4760,1,0
B,C,B,7037,100,7037,1,0
B,D,B,5269,100,5269,1,0
B,E,B,5176,100,5176,1,0
B,F,B,1367,100,1367,1,0
B,G,B,7060,100,7060,1,0
B,H,B,5727,100,5727,1,0
A,C,C,10666,100,10666,1,0
B,C,C,7020,100,7020,1,0
C,D,C,8725,100,8725,1,0
C,E,C,10788,100,10788,1,0
C,F,C,7177,100,7177,1,0
C,G,C,1342,100,1342,1,0
C,H,C,8949,100,8949,1,0
A,D,D,9506,100,9506,1,0
B,D,D,5293,100,5293,1,0
C,D,D,8734,100,8734,1,0
D,E,D,9914,100,9914,1,0
D,F,D,5391,100,5391,1,0
D,G,D,8894,100,8894,1,0
D,H,D,1460,100,1460,1,0
A,E,E,1437,100,1437,1,0
B,E,E,5182,100,5182,1,0
C,E,E,10841,100,10841,1,0
D,E,E,9926,100,9926,1,0
E,F,E,5117,100,5117,1,0
E,G,E,10645,100,10645,1,0
E,H,E,10178,100,10178,1,0
A,F,F,5025,100,5025,1,0
B,F,F,1378,100,1378,1,0
C,F,F,7186,100,7186,1,0
D,F,F,5362,100,5362,1,0
E,F,F,5119,100,5119,1,0
F,G,F,7000,100,7000,1,0
F,H,F,5451,100,5451,1,0
A,G,G,10611,100,10611,1,0
B,G,G,7073,100,7073,1,0
C,G,G,1378,100,1378,1,0
D,G,G,8895,100,8895,1,0
E,G,G,10636,100,10636,1,0
F,G,G,7001,100,7001,1,0
G,H,G,8916,100,8916,1,0
A,H,H,9944,100,9944,1,0
B,H,H,5765,100,5765,1,0
C,H,H,8991,100,8991,1,0
D,H,H,1456,100,1456,1,0
E,H,H,10113,100,10113,1,0
F,H,H,5456,100,5456,1,0
G,H,H,8871,100,8871,1,0
A,B,A,4770,100,4770,1,0
A,C,A,10609,100,10609,1,0
A,D,A,9559,100,9559,1,0
A,E,A,1413,100,1413,1,0
A,F,A,5064,100,5064,1,0
A,G,A,10639,100,10639,1,0
A,H,A,9963,100,9963,1,0
A,B,B,4779,100,4779,1,0
B,C,B,7022,100,7022,1,0
B,D,B,5255,100,5255,1,0
B,E,B,5179,100,5179,1,0
B,F,B,1371,100,1371,1,0
B,G,B,7090,100,7090,1,0
B,H,B,5751,100,5751,1,0
A,C,C,10627,100,10627,1,0
B,C,C,7013,100,7013,1,0
C,D,C,8768,100,8768,1,0
C,E,C,10861,100,10861,1,0
C,F,C,7223,100,7223,1,0
C,G,C,1348,100,1348,1,0
C,H,C,8944,100,8944,1,0
A,D,D,9553,100,9553,1,0
B,D,D,5287,100,5287,1,0
C,D,D,8733,100,8733,1,0
D,E,D,9978,100,9978,1,0
D,F,D,5334,100,5334,1,0
D,G,D,8881,100,8881,1,0
D,H,D,1530,100,1530,1,0
A,E,E,1355,100,1355,1,0
B,E,E,5174,100,5174,1,0
C,E,E,10820,100,10820,1,0
D,E,E,9988,100,9988,1,0
E,F,E,5079,100,5079,1,0
E,G,E,10619,100,10619,1,0
E,H,E,10162,100,10162,1,0
A,F,F,5081,100,5081,1,0
B,F,F,1372,100,1372,1,0
C,F,F,7177,100,7177,1,0
D,F,F,5348,100,5348,1,0
E,F,F,5096,100,5096,1,0
F,G,F,6978,100,6978,1,0
F,H,F,5467,100,5467,1,0
A,G,G,10562,100,10562,1,0
B,G,G,7056,100,7056,1,0
C,G,G,1396,100,1396,1,0
D,G,G,8875,100,8875,1,0
E,G,G,10659,100,10659,1,0
F,G,G,7000,100,7000,1,0
G,H,G,8906,100,8906,1,0
A,H,H,9960,100,9960,1,0
B,H,H,5748,100,5748,1,0
C,H,H,8940,100,8940,1,0
D,H,H,1502,100,1502,1,0
E,H,H,10157,100,10157,1,0
F,H,H,5472,100,5472,1,0
G,H,H,8887,100,8887,1,0
A,B,A,4768,100,4768,1,0
A,C,A,10645,100,10645,1,0
A,D,A,9513,100,9513,1,0
A,E,A,1400,100,1400,1,0
A,F,A,5053,100,5053,1,0
A,G,A,10655,100,10655,1,0
A,H,A,9935,100,9935,1,0
A,B,B,4752,100,4752,1,0
B,C,B,7016,100,7016,1,0
B,D,B,5292,100,5292,1,0
B,E,B,5185,100,5185,1,0
B,F,B,1362,100,1362,1,0
B,G,B,7084,100,7084,1,0
B,H,B,5730,100,5730,1,0
A,C,C,10648,100,10648,1,0
B,C,C,6995,100,6995,1,0
C,D,C,8708,100,8708,1,0
C,E,C,10856,100,10856,1,0
C,F,C,7180,100,7180,1,0
C,G,C,1387,100,1387,1,0
C,H,C,8910,100,8910,1,0
A,D,D,9545,100,9545,1,0
B,D,D,5311,100,5311,1,0
C,D,D,8764,100,8764,1,0
D,E,D,9878,100,9878,1,0
D,F,D,5368,100,5368,1,0
D,G,D,8896,100,8896,1,0
D,H,D,1545,100,1545,1,0
A,E,E,1375,100,1375,1,0
B,E,E,5171,100,5171,1,0
C,E,E,10829,100,10829,1,0
D,E,E,9918,100,9918,1,0
E,F,E,5078,100,5078,1,0
E,G,E,10635,100,10635,1,0
E,H,E,10160,100,10160,1,0
A,F,F,5036,100,5036,1,0
B,F,F,1370,100,1370,1,0
C,F,F,7207,100,7207,1,0
D,F,F,5377,100,5377,1,0
E,F,F,5088,100,5088,1,0
F,G,F,6979,100,6979,1,0
F,H,F,5502,100,5502,1,0
A,G,G,10609,100,10609,1,0
B,G,G,7064,100,7064,1,0
C,G,G,1414,100,1414,1,0
D,G,G,8888,100,8888,1,0
E,G,G,10610,100,10610,1,0
F,G,G,6974,100,6974,1,0
G,H,G,8849,100,8849,1,0
A,H,H,9938,100,9938,1,0
B,H,H,5758,100,5758,1,0
C,H,H,8972,100,8972,1,0
D,H,H,1505,100,1505,1,0
E,H,H,10118,100,10118,1,0
F,H,H,5460,100,5460,1,0
G,H,H,8871,100,8871,1,0
A,B,A,4768,100,4768,1,0
A,C,A,10608,100,10608,1,0
A,D,A,9529,100,9529,1,0
A,E,A,1440,100,1440,1,0
A,F,A,5062,100,5062,1,0
A,G,A,10655,100,10655,1,0
A,H,A,9900,100,9900,1,0
A,B,B,4815,100,4815,1,0
B,C,B,7024,100,7024,1,0
B,D,B,5283,100,5283,1,0
B,E,B,5169,100,5169,1,0
B,F,B,1337,100,1337,1,0
B,G,B,7085,100,7085,1,0
B,H,B,5771,100,5771,1,0
A,C,C,10653,100,10653,1,0
B,C,C,7008,100,7008,1,0
C,D,C,8745,100,8745,1,0
C,E,C,10822,100,10822,1,0
C,F,C,7177,100,7177,1,0
C,G,C,1376,100,1376,1,0
C,H,C,8932,100,8932,1,0
A,D,D,9554,100,9554,1,0
B,D,D,5302,100,5302,1,0
C,D,D,8752,100,8752,1,0
D,E,D,9912,100,9912,1,0
D,F,D,5357,100,5357,1,0
D,G,D,8876,100,8876,1,0
D,H,D,1507,100,1507,1,0
A,E,E,1412,100,1412,1,0
B,E,E,5208,100,5208,1,0
C,E,E,10829,100,10829,1,0
D,E,E,9902,100,9902,1,0
E,F,E,5113,100,5113,1,0
E,G,E,10636,100,10636,1,0
E,H,E,10140,100,10140,1,0
A,F,F,5075,100,5075,1,0
B,F,F,1368,100,1368,1,0
C,F,F,7168,100,7168,1,0
D,F,F,5367,100,5367,1,0
E,F,F,5100,100,5100,1,0
F,G,F,6996,100,6996,1,0
F,H,F,5444,100,5444,1,0
A,G,G,10561,100,10561,1,0
B,G,G,7069,100,7069,1,0
C,G,G,1343,100,1343,1,0
D,G,G,8899,100,8899,1,0
E,G,G,10667,100,10667,1,0
F,G,G,7008,100,7008,1,0
G,H,G,8879,100,8879,1,0
A,H,H,9955,100,9955,1,0
B,H,H,5739,100,5739,1,0
C,H,H,8956,100,8956,1,0
D,H,H,1504,100,1504,1,0
E,H,H,10187,100,10187,1,0
F,H,H,5429,100,5429,1,0
G,H,H,8906,100,8906,1,0
A,B,A,4828,100,4828,1,0
A,C,A,10673,100,10673,1,0
A,D,A,9529,100,9529,1,0
A,E,A,1439,100,1439,1,0
A,F,A,5042,100,5042,1,0
A,G,A,10623,100,10623,1,0
A,H,A,9948,100,9948,1,0
A,B,B,4759,100,4759,1,0
B,C,B,7034,100,7034,1,0
B,D,B,5265,100,5265,1,0
B,E,B,5182,100,5182,1,0
B,F,B,1365,100,1365,1,0
B,G,B,7076,100,7076,1,0
B,H,B,5786,100,5786,1,0
A,C,C,10686,100,10686,1,0
B,C,C,6999,100,6999,1,0
C,D,C,8743,100,8743,1,0
C,E,C,10789,100,10789,1,0
C,F,C,7216,100,7216,1,0
C,G,C,1378,100,1378,1,0
C,H,C,8929,100,8929,1,0
A,D,D,9557,100,9557,1,0
B,D,D,5284,100,5284,1,0
C,D,D,8747,100,8747,1,0
D,E,D,9884,100,9884,1,0
D,F,D,5351,100,5351,1,0
D,G,D,8916,100,8916,1,0
D,H,D,1521,100,1521,1,0
A,E,E,1419,100,1419,1,0
B,E,E,5185,100,5185,1,0
C,E,E,10835,100,10835,1,0
D,E,E,9888,100,9888,1,0
E,F,E,5110,100,5110,1,0
E,G,E,10598,100,10598,1,0
E,H,E,10138,100,10138,1,0
A,F,F,5048,100,5048,1,0
B,F,F,1350,100,1350,1,0
C,F,F,7181,100,7181,1,0
D,F,F,5360,100,5360,1,0
E,F,F,5124,100,5124,1,0
F,G,F,6990,100,6990,1,0
F,H,F,5428,100,5428,1,0
A,G,G,10602,100,10602,1,0
B,G,G,7021,100,7021,1,0
C,G,G,1355,100,1355,1,0
D,G,G,8962,100,8962,1,0
E,G,G,10608,100,10608,1,0
F,G,G,6971,100,6971,1,0
G,H,G,8871,100,8871,1,0
A,H,H,9951,100,9951,1,0
B,H,H,5739,100,5739,1,0
C,H,H,8959,100,8959,1,0
D,H,H,1466,100,1466,1,0
E,H,H,10155,100,10155,1,0
F,H,H,5416,100,5416,1,0
G,H,H,8865,100,8865,1,0
A,B,A,4768,100,4768,1,0
A,C,A,10613,100,10613,1,0
A,D,A,9552,100,9552,1,0
A,E,A,1398,100,1398,1,0
A,F,A,5084,100,5084,1,0
A,G,A,10644,100,10644,1,0
A,H,A,9907,100,9907,1,0
A,B,B,4785,100,4785,1,0
B,C,B,7006,100,7006,1,0
B,D,B,5262,100,5262,1,0
B,E,B,5195,100,5195,1,0
B,F,B,1343,100,1343,1,0
B,G,B,7078,100,7078,1,0
B,H,B,5702,100,5702,1,0
A,C,C,10624,100,10624,1,0
B,C,C,7033,100,7033,1,0
C,D,C,8747,100,8747,1,0
C,E,C,10796,100,10796,1,0
C,F,C,7202,100,7202,1,0
C,G,C,1368,100,1368,1,0
C,H,C,8914,100,8914,1,0
A,D,D,9549,100,9549,1,0
B,D,D,5283,100,5283,1,0
C,D,D,8744,100,8744,1,0
D,E,D,9981,100,9981,1,0
D,F,D,5314,100,5314,1,0
D,G,D,8883,100,8883,1,0
D,H,D,1483,100,1483,1,0
A,E,E,1461,100,1461,1,0
B,E,E,5245,100,5245,1,0
C,E,E,10836,100,10836,1,0
D,E,E,9900,100,9900,1,0
E,F,E,5102,100,5102,1,0
E,G,E,10630,100,10630,1,0
E,H,E,10111,100,10111,1,0
A,F,F,5092,100,5092,1,0
B,F,F,1367,100,1367,1,0
C,F,F,7198,100,7198,1,0
D,F,F,5384,100,5384,1,0
E,F,F,5099,100,5099,1,0
F,G,F,7005,100,7005,1,0
F,H,F,5460,100,5460,1,0
A,G,G,10550,100,10550,1,0
B,G,G,7088,100,7088,1,0
C,G,G,1357,100,1357,1,0
D,G,G,8883,100,8883,1,0
E,G,G,10649,100,10649,1,0
F,G,G,7028,100,7028,1,0
G,H,G,8874,100,8874,1,0
A,H,H,9939,100,9939,1,0
B,H,H,5734,100,5734,1,0
C,H,H,8912,100,8912,1,0
D,H,H,1520,100,1520,1,0
E,H,H,10122,100,10122,1,0
F,H,H,5452,100,5452,1,0
G,H,H,8860,100,8860,1,0
A,B,A,4748,100,4748,1,0
A,C,A,10680,100,10680,1,0
A,D,A,9514,100,9514,1,0
A,E,A,1384,100,1384,1,0
A,F,A,4983,100,4983,1,0
A,G,A,10601,100,10601,1,0
A,H,A,9923,100,9923,1,0
A,B,B,4821,100,4821,1,0
B,C,B,7018,100,7018,1,0
B,D,B,5291,100,5291,1,0
B,E,B,5187,100,5187,1,0
B,F,B,1352,100,1352,1,0
B,G,B,7079,100,7079,1,0
B,H,B,5747,100,5747,1,0
A,C,C,10617,100,10617,1,0
B,C,C,7072,100,7072,1,0
C,D,C,8761,100,8761,1,0
C,E,C,10818,100,10818,1,0
C,F,C,7182,100,7182,1,0
C,G,C,1398,100,1398,1,0
C,H,C,8987,100,8987,1,0
A,D,D,9541,100,9541,1,0
B,D,D,5284,100,5284,1,0
C,D,D,8705,100,8705,1,0
D,E,D,9954,100,9954,1,0
D,F,D,5408,100,5408,1,0
D,G,D,8877,100,8877,1,0
D,H,D,1520,100,1520,1,0
A,E,E,1375,100,1375,1,0
B,E,E,5171,100,5171,1,0
C,E,E,10852,100,10852,1,0
D,E,E,9939,100,9939,1,0
E,F,E,5084,100,5084,1,0
E,G,E,10660,100,10660,1,0
E,H,E,10121,100,10121,1,0
A,F,F,5093,100,5093,1,0
B,F,F,1360,100,1360,1,0
C,F,F,7189,100,7189,1,0
D,F,F,5350,100,5350,1,0
E,F,F,5113,100,5113,1,0
F,G,F,6992,100,6992,1,0
F,H,F,5470,100,5470,1,0
A,G,G,10627,100,10627,1,0
B,G,G,7055,100,7055,1,0
C,G,G,1338,100,1338,1,0
D,G,G,8941,100,8941,1,0
E,G,G,10630,100,10630,1,0
F,G,G,7019,100,7019,1,0
G,H,G,8871,100,8871,1,0
A,H,H,9951,100,9951,1,0
B,H,H,5765,100,5765,1,0
C,H,H,8893,100,8893,1,0
D,H,H,1494,100,1494,1,0
E,H,H,10139,100,10139,1,0
F,H,H,5468,100,5468,1,0
G,H,H,8850,100,8850,1,0
A,B,A,4781,100,4781,1,0
A,C,A,10630,100,10630,1,0
A,D,A,9511,100,9511,1,0
A,E,A,1401,100,1401,1,0
A,F,A,5022,100,5022,1,0
A,G,A,10628,100,10628,1,0
A,H,A,9978,100,9978,1,0
A,B,B,4753,100,4753,1,0
B,C,B,7017,100,7017,1,0
B,D,B,5355,100,5355,1,0
B,E,B,5173,100,5173,1,0
B,F,B,1339,100,1339,1,0
B,G,B,7084,100,7084,1,0
B,H,B,5712,100,5712,1,0
A,C,C,10603,100,10603,1,0
B,C,C,6986,100,6986,1,0
C,D,C,8746,100,8746,1,0
C,E,C,10852,100,10852,1,0
C,F,C,7183,100,7183,1,0
C,G,C,1389,100,1389,1,0
C,H,C,8930,100,8930,1,0
A,D,D,9528,100,9528,1,0
B,D,D,5261,100,5261,1,0
C,D,D,8756,100,8756,1,0
D,E,D,9977,100,9977,1,0
D,F,D,5371,100,5371,1,0
D,G,D,8881,100,8881,1,0
D,H,D,1518,100,1518,1,0
A,E,E,1436,100,1436,1,0
B,E,E,5235,100,5235,1,0
C,E,E,10845,100,10845,1,0
D,E,E,9869,100,9869,1,0
E,F,E,5110,100,5110,1,0
E,G,E,10636,100,10636,1,0
E,H,E,10167,100,10167,1,0
A,F,F,5062,100,5062,1,0
B,F,F,1368,100,1368,1,0
C,F,F,7188,100,7188,1,0
D,F,F,5402,100,5402,1,0
E,F,F,5092,100,5092,1,0
F,G,F,7014,100,7014,1,0
F,H,F,5452,100,5452,1,0
A,G,G,10627,100,10627,1,0
B,G,G,7099,100,7099,1,0
C,G,G,1333,100,1333,1,0
D,G,G,8872,100,8872,1,0
E,G,G,10636,100,10636,1,0
F,G,G,6987,100,6987,1,0
G,H,G,8865,100,8865,1,0
A,H,H,9973,100,9973,1,0
B,H,H,5759,100,5759,1,0
C,H,H,8957,100,8957,1,0
D,H,H,1472,100,1472,1,0
E,H,H,10178,100,10178,1,0
F,H,H,5473,100,5473,1,0
G,H,H,8876,100,8876,1,0
A,B,A,4757,100,4757,1,0
A,C,A,10709,100,10709,1,0
A,D,A,9543,100,9543,1,0
A,E,A,1446,100,1446,1,0
A,F,A,5007,100,5007,1,0
A,G,A,10659,100,10659,1,0
A,H,A,10008,100,10008,1,0
A,B,B,4740,100,4740,1,0
B,C,B,7016,100,7016,1,0
B,D,B,5293,100,5293,1,0
B,E,B,5149,100,5149,1,0
B,F,B,1335,100,1335,1,0
B,G,B,7088,100,7088,1,0
B,H,B,5764,100,5764,1,0
A,C,C,10644,100,10644,1,0
B,C,C,7019,100,7019,1,0
C,D,C,8743,100,8743,1,0
C,E,C,10810,100,10810,1,0
C,F,C,7165,100,7165,1,0
C,G,C,1382,100,1382,1,0
C,H,C,8920,100,8920,1,0
A,D,D,9548,100,9548,1,0
B,D,D,5272,100,5272,1,0
C,D,D,8719,100,8719,1,0
D,E,D,9938,100,9938,1,0
D,F,D,5384,100,5384,1,0
D,G,D,8912,100,8912,1,0
D,H,D,1499,100,1499,1,0
A,E,E,1484,100,1484,1,0
B,E,E,5180,100,5180,1,0
C,E,E,10834,100,10834,1,0
D,E,E,9926,100,9926,1,0
E,F,E,5104,100,5104,1,0
E,G,E,10624,100,10624,1,0
E,H,E,10183,100,10183,1,0
A,F,F,5060,100,5060,1,0
B,F,F,1351,100,1351,1,0
C,F,F,7197,100,7197,1,0
D,F,F,5342,100,5342,1,0
E,F,F,5134,100,5134,1,0
F,G,F,6988,100,6988,1,0
F,H,F,5455,100,5455,1,0
A,G,G,10592,100,10592,1,0
B,G,G,6986,100,6986,1,0
C,G,G,1320,100,1320,1,0
D,G,G,8912,100,8912,1,0
E,G,G,10615,100,10615,1,0
F,G,G,7021,100,7021,1,0
G,H,G,8897,100,8897,1,0
A,H,H,9944,100,9944,1,0
B,H,H,5707,100,5707,1,0
C,H,H,8900,100,8900,1,0
D,H,H,1516,100,1516,1,0
E,H,H,10127,100,10127,1,0
F,H,H,5482,100,5482,1,0
G,H,H,8839,100,8839,1,0
A,B,A,4768,100,4768,1,0
A,C,A,10640,100,10640,1,0
A,D,A,9524,100,9524,1,0
A,E,A,1406,100,1406,1,0
A,F,A,5041,100,5041,1,0
A,G,A,10626,100,10626,1,0
A,H,A,9923,100,9923,1,0
A,B,B,4784,100,4784,1,0
B,C,B,7036,100,7036,1,0
B,D,B,5324,100,5324,1,0
B,E,B,5158,100,5158,1,0
B,F,B,1342,100,1342,1,0
B,G,B,7068,100,7068,1,0
B,H,B,5746,100,5746,1,0
A,C,C,10653,100,10653,1,0
B,C,C,7015,100,7015,1,0
C,D,C,8783,100,8783,1,0
C,E,C,10838,100,10838,1,0
C,F,C,7176,100,7176,1,0
C,G,C,1401,100,1401,1,0
C,H,C,8955,100,8955,1,0
A,D,D,9524,100,9524,1,0
B,D,D,5317,100,5317,1,0
C,D,D,8733,100,8733,1,0
D,E,D,9974,100,9974,1,0
D,F,D,5358,100,5358,1,0
D,G,D,8890,100,8890,1,0
D,H,D,1501,100,1501,1,0
A,E,E,1383,100,1383,1,0
B,E,E,5186,100,5186,1,0
C,E,E,10829,100,10829,1,0
D,E,E,9928,100,9928,1,0
E,F,E,5131,100,5131,1,0
E,G,E,10625,100,10625,1,0
E,H,E,10178,100,10178,1,0
A,F,F,5098,100,5098,1,0
B,F,F,1375,100,1375,1,0
C,F,F,7186,100,7186,1,0
D,F,F,5342,100,5342,1,0
E,F,F,5116,100,5116,1,0
F,G,F,6993,100,6993,1,0
F,H,F,5438,100,5438,1,0
A,G,G,10616,100,10616,1,0
B,G,G,7091,100,7091,1,0
C,G,G,1360,100,1360,1,0
D,G,G,8858,100,8858,1,0
E,G,G,10665,100,10665,1,0
F,G,G,6990,100,6990,1,0
G,H,G,8910,100,8910,1,0
A,H,H,9932,100,9932,1,0
B,H,H,5716,100,5716,1,0
C,H,H,8914,100,8914,1,0
D,H,H,1483,100,1483,1,0
E,H,H,10107,100,10107,1,0
F,H,H,5413,100,5413,1,0
G,H,H,8878,100,8878,1,0
A,B,A,4786,100,4786,1,0
A,C,A,10594,100,10594,1,0
A,D,A,9518,100,9518,1,0
A,E,A,1425,100,1425,1,0
A,F,A,5080,100,5080,1,0
A,G,A,10640,100,10640,1,0
A,H,A,9955,100,9955,1,0
A,B,B,4762,100,4762,1,0
B,C,B,6992,100,6992,1,0
B,D,B,5314,100,5314,1,0
B,E,B,5182,100,5182,1,0
B,F,B,1367,100,1367,1,0
B,G,B,7089,100,7089,1,0
B,H,B,5723,100,5723,1,0
A,C,C,10647,100,10647,1,0
B,C,C,7001,100,7001,1,0
C,D,C,8738,100,8738,1,0
C,E,C,10813,100,10813,1,0
C,F,C,7188,100,7188,1,0
C,G,C,1335,100,1335,1,0
C,H,C,8932,100,8932,1,0
A,D,D,9564,100,9564,1,0
B,D,D,5309,100,5309,1,0
C,D,D,8762,100,8762,1,0
D,E,D,9905,100,9905,1,0
D,F,D,5349,100,5349,1,0
D,G,D,8868,100,8868,1,0
D,H,D,1465,100,1465,1,0
A,E,E,1412,100,1412,1,0
B,E,E,5159,100,5159,1,0
C,E,E,10821,100,10821,1,0
D,E,E,9860,100,9860,1,0
E,F,E,5104,100,5104,1,0
E,G,E,10640,100,10640,1,0
E,H,E,10125,100,10125,1,0
A,F,F,5049,100,5049,1,0
B,F,F,1358,100,1358,1,0
C,F,F,7194,100,7194,1,0
D,F,F,5351,100,5351,1,0
E,F,F,5119,100,5119,1,0
F,G,F,7000,100,7000,1,0
F,H,F,5467,100,5467,1,0
A,G,G,10633,100,10633,1,0
B,G,G,7070,100,7070,1,0
C,G,G,1365,100,1365,1,0
D,G,G,8893,100,8893,1,0
E,G,G,10633,100,10633,1,0
F,G,G,6961,100,6961,1,0
G,H,G,8862,100,8862,1,0
A,H,H,9924,100,9924,1,0
B,H,H,5738,100,5738,1,0
C,H,H,8952,100,8952,1,0
D,H,H,1523,100,1523,1,0
E,H,H,10134,100,10134,1,0
F,H,H,5454,100,5454,1,0
G,H,H,8855,100,8855,1,0
A,B,A,4749,100,4749,1,0
A,C,A,10676,100,10676,1,0
A,D,A,9534,100,9534,1,0
A,E,A,1420,100,1420,1,0
A,F,A,5069,100,5069,1,0
A,G,A,10641,100,10641,1,0
A,H,A,9902,100,9902,1,0
A,B,B,4754,100,4754,1,0
B,C,B,7033,100,7033,1,0
B,D,B,5312,100,5312,1,0
B,E,B,5195,100,5195,1,0
B,F,B,1375,100,1375,1,0
B,G,B,7044,100,7044,1,0
B,H,B,5736,100,5736,1,0
A,C,C,10656,100,10656,1,0
B,C,C,6994,100,6994,1,0
C,D,C,8767,100,8767,1,0
C,E,C,10803,100,10803,1,0
C,F,C,7205,100,7205,1,0
C,G,C,1415,100,1415,1,0
C,H,C,8895,100,8895,1,0
A,D,D,9494,100,9494,1,0
B,D,D,5272,100,5272,1,0
C,D,D,8748,100,8748,1,0
D,E,D,9924,100,9924,1,0
D,F,D,5339,100,5339,1,0
D,G,D,8906,100,8906,1,0
D,H,D,1485,100,1485,1,0
A,E,E,1405,100,1405,1,0
B,E,E,5223,100,5223,1,0
C,E,E,10806,100,10806,1,0
D,E,E,9875,100,9875,1,0
E,F,E,5127,100,5127,1,0
E,G,E,10628,100,10628,1,0
E,H,E,10146,100,10146,1,0
A,F,F,5066,100,5066,1,0
B,F,F,1328,100,1328,1,0
C,F,F,7190,100,7190,1,0
D,F,F,5385,100,5385,1,0
E,F,F,5123,100,5123,1,0
F,G,F,7002,100,7002,1,0
F,H,F,5485,100,5485,1,0
A,G,G,10612,100,10612,1,0
B,G,G,7105,100,7105,1,0
C,G,G,1349,100,1349,1,0
D,G,G,8900,100,8900,1,0
E,G,G,10644,100,10644,1,0
F,G,G,7021,100,7021,1,0
G,H,G,8822,100,8822,1,0
A,H,H,9913,100,9913,1,0
B,H,H,5782,100,5782,1,0
C,H,H,8927,100,8927,1,0
D,H,H,1514,100,1514,1,0
E,H,H,10114,100,10114,1,0
F,H,H,5457,100,5457,1,0
G,H,H,8881,100,8881,1,0
A,B,A,4802,100,4802,1,0
A,C,A,10589,100,10589,1,0
A,D,A,9568,100,9568,1,0
A,E,A,1395,100,1395,1,0
A,F,A,5046,100,5046,1,0
A,G,A,10596,100,10596,1,0
A,H,A,9979,100,9979,1,0
A,B,B,4739,100,4739,1,0
B,C,B,7022,100,7022,1,0
B,D,B,5300,100,5300,1,0
B,E,B,5179,100,5179,1,0
B,F,B,1345,100,1345,1,0
B,G,B,7077,100,7077,1,0
B,H,B,5734,100,5734,1,0
A,C,C,10651,100,10651,1,0
B,C,C,7008,100,7008,1,0
C,D,C,8744,100,8744,1,0
C,E,C,10825,100,10825,1,0
C,F,C,7208,100,7208,1,0
C,G,C,1351,100,1351,1,0
C,H,C,8952,100,8952,1,0
A,D,D,9554,100,9554,1,0
B,D,D,5300,100,5300,1,0
C,D,D,8710,100,8710,1,0
D,E,D,9931,100,9931,1,0
D,F,D,5370,100,5370,1,0
D,G,D,8918,100,8918,1,0
D,H,D,1515,100,1515,1,0
A,E,E,1449,100,1449,1,0
B,E,E,5181,100,5181,1,0
C,E,E,10820,100,10820,1,0
D,E,E,9890,100,9890,1,0
E,F,E,5081,100,5081,1,0
E,G,E,10613,100,10613,1,0
E,H,E,10122,100,10122,1,0
A,F,F,5060,100,5060,1,0
B,F,F,1370,100,1370,1,0
C,F,F,7199,100,7199,1,0
D,F,F,5368,100,5368,1,0
E,F,F,5123,100,5123,1,0
F,G,F,7029,100,7029,1,0
F,H,F,5417,100,5417,1,0
A,G,G,10644,100,10644,1,0
B,G,G,7057,100,7057,1,0
C,G,G,1318,100,1318,1,0
D,G,G,8879,100,8879,1,0
E,G,G,10637,100,10637,1,0
F,G,G,6979,100,6979,1,0
G,H,G,8828,100,8828,1,0
A,H,H,9943,100,9943,1,0
B,H,H,5728,100,5728,1,0
C,H,H,8973,100,8973,1,0
D,H,H,1498,100,1498,1,0
E,H,H,10106,100,10106,1,0
F,H,H,5443,100,5443,1,0
G,H,H,8879,100,8879,1,0
A,B,A,4770,100,4770,1,0
A,C,A,10684,100,10684,1,0
A,D,A,9528,100,9528,1,0
A,E,A,1412,100,1412,1,0
A,F,A,5062,100,5062,1,0
A,G,A,10623,100,10623,1,0
A,H,A,9901,100,9901,1,0
A,B,B,4768,100,4768,1,0
B,C,B,7038,100,7038,1,0
B,D,B,5290,100,5290,1,0
B,E,B,5195,100,5195,1,0
B,F,B,1347,100,1347,1,0
B,G,B,7069,100,7069,1,0
B,H,B,5702,100,5702,1,0
A,C,C,10661,100,10661,1,0
B,C,C,7027,100,7027,1,0
C,D,C,8765,100,8765,1,0
C,E,C,10871,100,10871,1,0
C,F,C,7171,100,7171,1,0
C,G,C,1348,100,1348,1,0
C,H,C,8971,100,8971,1,0
A,D,D,9510,100,9510,1,0
B,D,D,5330,100,5330,1,0
C,D,D,8751,100,8751,1,0
D,E,D,9924,100,9924,1,0
D,F,D,5345,100,5345,1,0
D,G,D,8894,100,8894,1,0
D,H,D,1494,100,1494,1,0
A,E,E,1391,100,1391,1,0
B,E,E,5202,100,5202,1,0
C,E,E,10792,100,10792,1,0
D,E,E,10013,100,10013,1,0
E,F,E,5097,100,5097,1,0
E,G,E,10595,100,10595,1,0
E,H,E,10140,100,10140,1,0
A,F,F,5049,100,5049,1,0
B,F,F,1345,100,1345,1,0
C,F,F,7205,100,7205,1,0
D,F,F,5356,100,5356,1,0
E,F,F,5089,100,5089,1,0
F,G,F,6961,100,6961,1,0
F,H,F,5468,100,5468,1,0
A,G,G,10587,100,10587,1,0
B,G,G,7088,100,7088,1,0
C,G,G,1374,100,1374,1,0
D,G,G,8924,100,8924,1,0
E,G,G,10635,100,10635,1,0
F,G,G,7004,100,7004,1,0
G,H,G,8871,100,8871,1,0
A,H,H,9983,100,9983,1,0
B,H,H,5735,100,5735,1,0
C,H,H,8904,100,8904,1,0
D,H,H,1504,100,1504,1,0
E,H,H,10152,100,10152,1,0
F,H,H,5433,100,5433,1,0
G,H,H,8885,100,8885,1,0
A,B,A,4804,100,4804,1,0
A,C,A,10644,100,10644,1,0
A,D,A,9514,100,9514,1,0
A,E,A,1358,100,1358,1,0
A,F,A,5000,100,5000,1,0
A,G,A,10618,100,10618,1,0
A,H,A,9917,100,9917,1,0
A,B,B,4776,100,4776,1,0
B,C,B,6987,100,6987,1,0
B,D,B,5246,100,5246,1,0
B,E,B,5176,100,5176,1,0
B,F,B,1350,100,1350,1,0
B,G,B,7087,100,7087,1,0
B,H,B,5751,100,5751,1,0
A,C,C,10659,100,10659,1,0
B,C,C,7036,100,7036,1,0
C,D,C,8761,100,8761,1,0
C,E,C,10810,100,10810,1,0
C,F,C,7192,100,7192,1,0
C,G,C,1408,100,1408,1,0
C,H,C,8941,100,8941,1,0
A,D,D,9559,100,9559,1,0
B,D,D,5287,100,5287,1,0
C,D,D,8770,100,8770,1,0
D,E,D,9951,100,9951,1,0
D,F,D,5372,100,5372,1,0
D,G,D,8895,100,8895,1,0
D,H,D,1499,100,1499,1,0
A,E,E,1405,100,1405,1,0
B,E,E,5207,100,5207,1,0
C,E,E,10824,100,10824,1,0
D,E,E,9947,100,9947,1,0
E,F,E,5102,100,5102,1,0
E,G,E,10621,100,10621,1,0
E,H,E,10147,100,10147,1,0
A,F,F,5063,100,5063,1,0
B,F,F,1366,100,1366,1,0
C,F,F,7209,100,7209,1,0
D,F,F,5343,100,5343,1,0
E,F,F,5099,100,5099,1,0
F,G,F,6999,100,6999,1,0
F,H,F,5475,100,5475,1,0
A,G,G,10644,100,10644,1,0
B,G,G,7068,100,7068,1,0
C,G,G,1338,100,1338,1,0
D,G,G,8905,100,8905,1,0
E,G,G,10615,100,10615,1,0
F,G,G,6999,100,6999,1,0
G,H,G,8886,100,8886,1,0
A,H,H,9971,100,9971,1,0
B,H,H,5760,100,5760,1,0
C,H,H,8925,100,8925,1,0
D,H,H,1473,100,1473,1,0
E,H,H,10119,100,10119,1,0
F,H,H,5444,100,5444,1,0
G,H,H,8881,100,8881,1,0
A,B,A,4752,100,4752,1,0
A,C,A,10657,100,10657,1,0
A,D,A,9509,100,9509,1,0
A,E,A,1433,100,1433,1,0
A,F,A,5087,100,5087,1,0
A,G,A,10680,100,10680,1,0
A,H,A,9939,100,9939,1,0
A,B,B,4770,100,4770,1,0
B,C,B,7016,100,7016,1,0
B,D,B,5286,100,5286,1,0
B,E,B,5209,100,5209,1,0
B,F,B,1376,100,1376,1,0
B,G,B,7100,100,7100,1,0
B,H,B,5781,100,5781,1,0
A,C,C,10631,100,10631,1,0
B,C,C,7045,100,7045,1,0
C,D,C,8754,100,8754,1,0
C,E,C,10841,100,10841,1,0
C,F,C,7192,100,7192,1,0
C,G,C,1349,100,1349,1,0
C,H,C,8931,100,8931,1,0
A,D,D,9514,100,9514,1,0
B,D,D,5295,100,5295,1,0
C,D,D,8757,100,8757,1,0
D,E,D,9951,100,9951,1,0
D,F,D,5394,100,5394,1,0
D,G,D,8916,100,8916,1,0
D,H,D,1492,100,1492,1,0
A,E,E,1413,100,1413,1,0
B,E,E,5152,100,5152,1,0
C,E,E,10797,100,10797,1,0
D,E,E,9898,100,9898,1,0
E,F,E,5087,100,5087,1,0
E,G,E,10626,100,10626,1,0
E,H,E,10162,100,10162,1,0
A,F,F,5050,100,5050,1,0
B,F,F,1377,100,1377,1,0
C,F,F,7195,100,7195,1,0
D,F,F,5357,100,5357,1,0
E,F,F,5099,100,5099,1,0
F,G,F,7004,100,7004,1,0
F,H,F,5427,100,5427,1,0
A,G,G,10632,100,10632,1,0
B,G,G,7106,100,7106,1,0
C,G,G,1377,100,1377,1,0
D,G,G,8902,100,8902,1,0
E,G,G,10619,100,10619,1,0
F,G,G,7034,100,7034,1,0
G,H,G,8824,100,8824,1,0
A,H,H,9921,100,9921,1,0
B,H,H,5740,100,5740,1,0
C,H,H,8952,100,8952,1,0
D,H,H,1480,100,1480,1,0
E,H,H,10162,100,10162,1,0
F,H,H,5468,100,5468,1,0
G,H,H,8894,100,8894,1,0
A,B,A,4770,100,4770,1,0
A,C,A,10679,100,10679,1,0
A,D,A,9547,100,9547,1,0
A,E,A,1388,100,1388,1,0
A,F,A,5071,100,5071,1,0
A,G,A,10628,100,10628,1,0
A,H,A,9968,100,9968,1,0
A,B,B,4763,100,4763,1,0
B,C,B,7022,100,7022,1,0
B,D,B,5267,100,5267,1,0
B,E,B,5183,100,5183,1,0
B,F,B,1360,100,1360,1,0
B,G,B,7057,100,7057,1,0
B,H,B,5755,100,5755,1,0
A,C,C,10646,100,10646,1,0
B,C,C,7018,100,7018,1,0
C,D,C,8722,100,8722,1,0
C,E,C,10797,100,10797,1,0
C,F,C,7190,100,7190,1,0
C,G,C,1364,100,1364,1,0
C,H,C,8954,100,8954,1,0
A,D,D,9549,100,9549,1,0
B,D,D,5308,100,5308,1,0
C,D,D,8742,100,8742,1,0
D,E,D,9855,100,9855,1,0
D,F,D,5348,100,5348,1,0
D,G,D,8899,100,8899,1,0
D,H,D,1483,100,1483,1,0
A,E,E,1384,100,1384,1,0
B,E,E,5152,100,5152,1,0
C,E,E,10877,100,10877,1,0
D,E,E,9922,100,9922,1,0
E,F,E,5111,100,5111,1,0
E,G,E,10639,100,10639,1,0
E,H,E,10126,100,10126,1,0
A,F,F,5017,100,5017,1,0
B,F,F,1371,100,1371,1,0
C,F,F,7167,100,7167,1,0
D,F,F,5342,100,5342,1,0
E,F,F,5163,100,5163,1,0
F,G,F,6992,100,6992,1,0
F,H,F,5499,100,5499,1,0
A,G,G,10628,100,10628,1,0
B,G,G,7103,100,7103,1,0
C,G,G,1370,100,1370,1,0
D,G,G,8882,100,8882,1,0
E,G,G,10646,100,10646,1,0
F,G,G,7003,100,7003,1,0
G,H,G,8859,100,8859,1,0
A,H,H,9956,100,9956,1,0
B,H,H,5740,100,5740,1,0
C,H,H,8927,100,8927,1,0
D,H,H,1502,100,1502,1,0
E,H,H,10205,100,10205,1,0
F,H,H,5474,100,5474,1,0
G,H,H,8866,100,8866,1,0
A,B,A,4768,100,4768,1,0
A,C,A,10621,100,10621,1,0
A,D,A,9507,100,9507,1,0
A,E,A,1382,100,1382,1,0
A,F,A,5042,100,5042,1,0
A,G,A,10662,100,10662,1,0
A,H,A,9926,100,9926,1,0
A,B,B,4802,100,4802,1,0
B,C,B,7023,100,7023,1,0
B,D,B,5287,100,5287,1,0
B,E,B,5190,100,5190,1,0
B,F,B,1327,100,1327,1,0
B,G,B,7035,100,7035,1,0
B,H,B,5794,100,5794,1,0
A,C,C,10648,100,10648,1,0
B,C,C,6994,100,6994,1,0
C,D,C,8711,100,8711,1,0
C,E,C,10852,100,10852,1,0
C,F,C,7170,100,7170,1,0
C,G,C,1357,100,1357,1,0
C,H,C,8947,100,8947,1,0
A,D,D,9521,100,9521,1,0
B,D,D,5273,100,5273,1,0
C,D,D,8768,100,8768,1,0
D,E,D,9949,100,9949,1,0
D,F,D,5355,100,5355,1,0
D,G,D,8910,100,8910,1,0
D,H,D,1537,100,1537,1,0
A,E,E,1351,100,1351,1,0
B,E,E,5160,100,5160,1,0
C,E,E,10822,100,10822,1,0
D,E,E,9921,100,9921,1,0
E,F,E,5142,100,5142,1,0
E,G,E,10658,100,10658,1,0
E,H,E,10103,100,10103,1,0
A,F,F,5051,100,5051,1,0
B,F,F,1361,100,1361,1,0
C,F,F,7219,100,7219,1,0
D,F,F,5338,100,5338,1,0
E,F,F,5109,100,5109,1,0
F,G,F,7012,100,7012,1,0
F,H,F,5450,100,5450,1,0
A,G,G,10623,100,10623,1,0
B,G,G,7100,100,7100,1,0
C,G,G,1318,100,1318,1,0
D,G,G,8885,100,8885,1,0
E,G,G,10633,100,10633,1,0
F,G,G,6993,100,6993,1,0
G,H,G,8923,100,8923,1,0
A,H,H,9985,100,9985,1,0
B,H,H,5771,100,5771,1,0
C,H,H,8953,100,8953,1,0
D,H,H,1505,100,1505,1,0
E,H,H,10112,100,10112,1,0
F,H,H,5497,100,5497,1,0
G,H,H,8855,100,8855,1,0
A,B,A,4735,100,4735,1,0
A,C,A,10646,100,10646,1,0
A,D,A,9538,100,9538,1,0
A,E,A,1407,100,1407,1,0
A,F,A,5059,100,5059,1,0
A,G,A,10663,100,10663,1,0
A,H,A,9955,100,9955,1,0
A,B,B,4788,100,4788,1,0
B,C,B,6971,100,6971,1,0
B,D,B,5277,100,5277,1,0
B,E,B,5190,100,5190,1,0
B,F,B,1375,100,1375,1,0
B,G,B,7065,100,7065,1,0
B,H,B,5740,100,5740,1,0
A,C,C,10633,100,10633,1,0
B,C,C,7008,100,7008,1,0
C,D,C,8733,100,8733,1,0
C,E,C,10822,100,10822,1,0
C,F,C,7198,100,7198,1,0
C,G,C,1376,100,1376,1,0
C,H,C,8949,100,8949,1,0
A,D,D,9531,100,9531,1,0
B,D,D,5259,100,5259,1,0
C,D,D,8688,100,8688,1,0
D,E,D,9925,100,9925,1,0
D,F,D,5359,100,5359,1,0
D,G,D,8878,100,8878,1,0
D,H,D,1530,100,1530,1,0
A,E,E,1407,100,1407,1,0
B,E,E,5160,100,5160,1,0
C,E,E,10834,100,10834,1,0
D,E,E,9964,100,9964,1,0
E,F,E,5084,100,5084,1,0
E,G,E,10614,100,10614,1,0
E,H,E,10156,100,10156,1,0
A,F,F,5046,100,5046,1,0
B,F,F,1395,100,1395,1,0
C,F,F,7204,100,7204,1,0
D,F,F,5350,100,5350,1,0
E,F,F,5110,100,5110,1,0
F,G,F,7005,100,7005,1,0
F,H,F,5449,100,5449,1,0
A,G,G,10613,100,10613,1,0
B,G,G,7097,100,7097,1,0
C,G,G,1385,100,1385,1,0
D,G,G,8905,100,8905,1,0
E,G,G,10631,100,10631,1,0
F,G,G,7005,100,7005,1,0
G,H,G,8865,100,8865,1,0
A,H,H,9995,100,9995,1,0
B,H,H,5766,100,5766,1,0
C,H,H,8908,100,8908,1,0
D,H,H,1508,100,1508,1,0
E,H,H,10156,100,10156,1,0
F,H,H,5441,100,5441,1,0
G,H,H,8842,100,8842,1,0
A,B,A,4747,100,4747,1,0
A,C,A,10668,100,10668,1,0
A,D,A,9529,100,9529,1,0
A,E,A,1409,100,1409,1,0
A,F,A,5073,100,5073,1,0
A,G,A,10657,100,10657,1,0
A,H,A,9935,100,9935,1,0
A,B,B,4773,100,4773,1,0
B,C,B,7010,100,7010,1,0
B,D,B,5327,100,5327,1,0
B,E,B,5200,100,5200,1,0
B,F,B,1364,100,1364,1,0
B,G,B,7099,100,7099,1,0
B,H,B,5742,100,5742,1,0
A,C,C,10638,100,10638,1,0
B,C,C,6989,100,6989,1,0
C,D,C,8754,100,8754,1,0
C,E,C,10800,100,10800,1,0
C,F,C,7180,100,7180,1,0
C,G,C,1375,100,1375,1,0
C,H,C,8977,100,8977,1,0
A,D,D,9541,100,9541,1,0
B,D,D,5288,100,5288,1,0
C,D,D,8790,100,8790,1,0
D,E,D,9924,100,9924,1,0
D,F,D,5365,100,5365,1,0
D,G,D,8857,100,8857,1,0
D,H,D,1522,100,1522,1,0
A,E,E,1471,100,1471,1,0
B,E,E,5158,100,5158,1,0
C,E,E,10863,100,10863,1,0
D,E,E,9957,100,9957,1,0
E,F,E,5121,100,5121,1,0
E,G,E,10605,100,10605,1,0
E,H,E,10139,100,10139,1,0
A,F,F,5053,100,5053,1,0
B,F,F,1356,100,1356,1,0
C,F,F,7204,100,7204,1,0
D,F,F,5358,100,5358,1,0
E,F,F,5100,100,5100,1,0
F,G,F,6984,100,6984,1,0
F,H,F,5487,100,5487,1,0
A,G,G,10663,100,10663,1,0
B,G,G,7106,100,7106,1,0
C,G,G,1374,100,1374,1,0
D,G,G,8891,100,8891,1,0
E,G,G,10629,100,10629,1,0
F,G,G,6992,100,6992,1,0
G,H,G,8812,100,8812,1,0
A,H,H,9905,100,9905,1,0
B,H,H,5779,100,5779,1,0
C,H,H,8929,100,8929,1,0
D,H,H,1528,100,1528,1,0
E,H,H,10120,100,10120,1,0
F,H,H,5498,100,5498,1,0
G,H,H,8880,100,8880,1,0
A,B,A,4747,100,4747,1,0
A,C,A,10726,100,10726,1,0
A,D,A,9524,100,9524,1,0
A,E,A,1371,100,1371,1,0
A,F,A,5055,100,5055,1,0
A,G,A,10632,100,10632,1,0
A,H,A,9903,100,9903,1,0
A,B,B,4776,100,4776,1,0
B,C,B,6974,100,6974,1,0
B,D,B,5312,100,5312,1,0
B,E,B,5183,100,5183,1,0
B,F,B,1352,100,1352,1,0
B,G,B,7075,100,7075,1,0
B,H,B,5681,100,5681,1,0
A,C,C,10659,100,10659,1,0
B,C,C,6976,100,6976,1,0
C,D,C,8719,100,8719,1,0
C,E,C,10786,100,10786,1,0
C,F,C,7176,100,7176,1,0
C,G,C,1326,100,1326,1,0
C,H,C,8950,100,8950,1,0
A,D,D,9509,100,9509,1,0
B,D,D,5328,100,5328,1,0
C,D,D,8758,100,8758,1,0
D,E,D,9887,100,9887,1,0
D,F,D,5347,100,5347,1,0
D,G,D,8891,100,8891,1,0
D,H,D,1529,100,1529,1,0
A,E,E,1405,100,1405,1,0
B,E,E,5173,100,5173,1,0
C,E,E,10837,100,10837,1,0
D,E,E,9920,100,9920,1,0
E,F,E,5096,100,5096,1,0
E,G,E,10633,100,10633,1,0
E,H,E,10160,100,10160,1,0
A,F,F,5054,100,5054,1,0
B,F,F,1338,100,1338,1,0
C,F,F,7191,100,7191,1,0
D,F,F,5362,100,5362,1,0
E,F,F,5099,100,5099,1,0
F,G,F,6990,100,6990,1,0
F,H,F,5468,100,5468,1,0
A,G,G,10627,100,10627,1,0
B,G,G,7076,100,7076,1,0
C,G,G,1383,100,1383,1,0
D,G,G,8940,100,8940,1,0
E,G,G,10629,100,10629,1,0
F,G,G,7021,100,7021,1,0
G,H,G,8868,100,8868,1,0
A,H,H,9963,100,9963,1,0
B,H,H,5738,100,5738,1,0
C,H,H,8946,100,8946,1,0
D,H,H,1462,100,1462,1,0
E,H,H,10165,100,10165,1,0
F,H,H,5431,100,5431,1,0
G,H,H,8859,100,8859,1,0
A,B,A,4765,100,4765,1,0
A,C,A,10642,100,10642,1,0
A,D,A,9530,100,9530,1,0
A,E,A,1382,100,1382,1,0
A,F,A,5055,100,5055,1,0
A,G,A,10642,100,10642,1,0
A,H,A,9981,100,9981,1,0
A,B,B,4721,100,4721,1,0
B,C,B,7023,100,7023,1,0
B,D,B,5265,100,5265,1,0
B,E,B,5180,100,5180,1,0
B,F,B,1329,100,1329,1,0
B,G,B,7126,100,7126,1,0
B,H,B,5768,100,5768,1,0
A,C,C,10584,100,10584,1,0
B,C,C,7024,100,7024,1,0
C,D,C,8708,100,8708,1,0
C,E,C,10853,100,10853,1,0
C,F,C,7170,100,7170,1,0
C,G,C,1363,100,1363,1,0
C,H,C,8969,100,8969,1,0
A,D,D,9521,100,9521,1,0
B,D,D,5307,100,5307,1,0
C,D,D,8755,100,8755,1,0
D,E,D,9883,100,9883,1,0
D,F,D,5413,100,5413,1,0
D,G,D,8884,100,8884,1,0
D,H,D,1527,100,1527,1,0
A,E,E,1400,100,1400,1,0
B,E,E,5185,100,5185,1,0
C,E,E,10818,100,10818,1,0
D,E,E,9921,100,9921,1,0
E,F,E,5093,100,5093,1,0
E,G,E,10651,100,10651,1,0
E,H,E,10155,100,10155,1,0
A,F,F,5041,100,5041,1,0
B,F,F,1328,100,1328,1,0
C,F,F,7218,100,7218,1,0
D,F,F,5383,100,5383,1,0
E,F,F,5095,100,5095,1,0
F,G,F,6987,100,6987,1,0
F,H,F,5489,100,5489,1,0
A,G,G,10636,100,10636,1,0
B,G,G,7052,100,7052,1,0
C,G,G,1359,100,1359,1,0
D,G,G,8900,100,8900,1,0
E,G,G,10660,100,10660,1,0
F,G,G,7025,100,7025,1,0
G,H,G,8863,100,8863,1,0
A,H,H,9897,100,9897,1,0
B,H,H,5739,100,5739,1,0
C,H,H,8990,100,8990,1,0
D,H,H,1468,100,1468,1,0
E,H,H,10181,100,10181,1,0
F,H,H,5446,100,5446,1,0
G,H,H,8895,100,8895,1,0
A,B,A,4773,100,4773,1,0
A,C,A,10630,100,10630,1,0
A,D,A,9536,100,9536,1,0
A,E,A,1417,100,1417,1,0
A,F,A,5078,100,5078,1,0
A,G,A,10649,100,10649,1,0
A,H,A,9928,100,9928,1,0
A,B,B,4793,100,4793,1,0
B,C,B,6997,100,6997,1,0
B,D,B,5306,100,5306,1,0
B,E,B,5207,100,5207,1,0
B,F,B,1381,100,1381,1,0
B,G,B,7037,100,7037,1,0
B,H,B,5711,100,5711,1,0
A,C,C,10677,100,10677,1,0
B,C,C,7020,100,7020,1,0
C,D,C,8723,100,8723,1,0
C,E,C,10802,100,10802,1,0
C,F,C,7176,100,7176,1,0
C,G,C,1347,100,1347,1,0
C,H,C,8950,100,8950,1,0
A,D,D,9537,100,9537,1,0
B,D,D,5285,100,5285,1,0
C,D,D,8750,100,8750,1,0
D,E,D,9978,100,9978,1,0
D,F,D,5385,100,5385,1,0
D,G,D,8889,100,8889,1,0
D,H,D,1497,100,1497,1,0
A,E,E,1399,100,1399,1,0
B,E,E,5163,100,5163,1,0
C,E,E,10843,100,10843,1,0
D,E,E,9919,100,9919,1,0
E,F,E,5099,100,5099,1,0
E,G,E,10605,100,10605,1,0
E,H,E,10151,100,10151,1,0
A,F,F,5065,100,5065,1,0
B,F,F,1344,100,1344,1,0
C,F,F,7199,100,7199,1,0
D,F,F,5360,100,5360,1,0
E,F,F,5125,100,5125,1,0
F,G,F,6999,100,6999,1,0
F,H,F,5441,100,5441,1,0
A,G,G,10636,100,10636,1,0
B,G,G,7079,100,7079,1,0
C,G,G,1302,100,1302,1,0
D,G,G,8888,100,8888,1,0
E,G,G,10673,100,10673,1,0
F,G,G,6984,100,6984,1,0
G,H,G,8882,100,8882,1,0
A,H,H,9932,100,9932,1,0
B,H,H,5721,100,5721,1,0
C,H,H,8928,100,8928,1,0
D,H,H,1476,100,1476,1,0
E,H,H,10141,100,10141,1,0
F,H,H,5459,100,5459,1,0
G,H,H,8846,100,8846,1,0
A,B,A,4773,100,4773,1,0
A,C,A,10591,100,10591,1,0
A,D,A,9543,100,9543,1,0
A,E,A,1408,100,1408,1,0
A,F,A,5062,100,5062,1,0
A,G,A,10641,100,10641,1,0
A,H,A,9944,100,9944,1,0
A,B,B,4745,100,4745,1,0
B,C,B,7034,100,7034,1,0
B,D,B,5320,100,5320,1,0
B,E,B,5175,100,5175,1,0
B,F,B,1375,100,1375,1,0
B,G,B,7070,100,7070,1,0
B,H,B,5724,100,5724,1,0
A,C,C,10648,100,10648,1,0
B,C,C,7010,100,7010,1,0
C,D,C,8702,100,8702,1,0
C,E,C,10826,100,10826,1,0
C,F,C,7201,100,7201,1,0
C,G,C,1382,100,1382,1,0
C,H,C,8985,100,8985,1,0
A,D,D,9547,100,9547,1,0
B,D,D,5290,100,5290,1,0
C,D,D,8745,100,8745,1,0
D,E,D,9917,100,9917,1,0
D,F,D,5385,100,5385,1,0
D,G,D,8899,100,8899,1,0
D,H,D,1547,100,1547,1,0
A,E,E,1404,100,1404,1,0
B,E,E,5160,100,5160,1,0
C,E,E,10818,100,10818,1,0
D,E,E,9941,100,9941,1,0
E,F,E,5108,100,5108,1,0
E,G,E,10630,100,10630,1,0
E,H,E,10185,100,10185,1,0
A,F,F,5049,100,5049,1,0
B,F,F,1385,100,1385,1,0
C,F,F,7197,100,7197,1,0
D,F,F,5391,100,5391,1,0
E,F,F,5128,100,5128,1,0
F,G,F,6988,100,6988,1,0
F,H,F,5453,100,5453,1,0
A,G,G,10630,100,10630,1,0
B,G,G,7103,100,7103,1,0
C,G,G,1367,100,1367,1,0
D,G,G,8877,100,8877,1,0
E,G,G,10631,100,10631,1,0
F,G,G,7013,100,7013,1,0
G,H,G,8859,100,8859,1,0
A,H,H,9943,100,9943,1,0
B,H,H,5750,100,5750,1,0
C,H,H,8970,100,8970,1,0
D,H,H,1540,100,1540,1,0
E,H,H,10173,100,10173,1,0
F,H,H,5445,100,5445,1,0
G,H,H,8848,100,8848,1,0
A,B,A,4784,100,4784,1,0
A,C,A,10692,100,10692,1,0
A,D,A,9533,100,9533,1,0
A,E,A,1409,100,1409,1,0
A,F,A,5067,100,5067,1,0
A,G,A,10649,100,10649,1,0
A,H,A,9939,100,9939,1,0
A,B,B,4756,100,4756,1,0
B,C,B,6987,100,6987,1,0
B,D,B,5310,100,5310,1,0
B,E,B,5181,100,5181,1,0
B,F,B,1364,100,1364,1,0
B,G,B,7068,100,7068,1,0
B,H,B,5755,100,5755,1,0
A,C,C,10614,100,10614,1,0
B,C,C,7026,100,7026,1,0
C,D,C,8686,100,8686,1,0
C,E,C,10842,100,10842,1,0
C,F,C,7201,100,7201,1,0
C,G,C,1362,100,1362,1,0
C,H,C,8926,100,8926,1,0
A,D,D,9549,100,9549,1,0
B,D,D,5292,100,5292,1,0
C,D,D,8744,100,8744,1,0
D,E,D,9856,100,9856,1,0
D,F,D,5347,100,5347,1,0
D,G,D,8916,100,8916,1,0
D,H,D,1539,100,1539,1,0
A,E,E,1438,100,1438,1,0
B,E,E,5170,100,5170,1,0
C,E,E,10788,100,10788,1,0
D,E,E,10034,100,10034,1,0
E,F,E,5122,100,5122,1,0
E,G,E,10626,100,10626,1,0
E,H,E,10109,100,10109,1,0
A,F,F,5078,100,5078,1,0
B,F,F,1358,100,1358,1,0
C,F,F,7185,100,7185,1,0
D,F,F,5326,100,5326,1,0
E,F,F,5127,100,5127,1,0
F,G,F,6981,100,6981,1,0
F,H,F,5470,100,5470,1,0
A,G,G,10600,100,10600,1,0
B,G,G,7104,100,7104,1,0
C,G,G,1402,100,1402,1,0
D,G,G,8890,100,8890,1,0
E,G,G,10640,100,10640,1,0
F,G,G,7009,100,7009,1,0
G,H,G,8836,100,8836,1,0
A,H,H,9958,100,9958,1,0
B,H,H,5763,100,5763,1,0
C,H,H,8885,100,8885,1,0
D,H,H,1506,100,1506,1,0
E,H,H,10142,100,10142,1,0
F,H,H,5462,100,5462,1,0
G,H,H,8916,100,8916,1,0
A,B,A,4813,100,4813,1,0
A,C,A,10663,100,10663,1,0
A,D,A,9498,100,9498,1,0
A,E,A,1416,100,1416,1,0
A,F,A,5085,100,5085,1,0
A,G,A,10614,100,10614,1,0
A,H,A,9946,100,9946,1,0
A,B,B,4751,100,4751,1,0
B,C,B,7006,100,7006,1,0
B,D,B,5278,100,5278,1,0
B,E,B,5203,100,5203,1,0
B,F,B,1345,100,1345,1,0
B,G,B,7090,100,7090,1,0
B,H,B,5783,100,5783,1,0
A,C,C,10637,100,10637,1,0
B,C,C,7000,100,7000,1,0
C,D,C,8739,100,8739,1,0
C,E,C,10839,100,10839,1,0
C,F,C,7192,100,7192,1,0
C,G,C,1395,100,1395,1,0
C,H,C,8942,100,8942,1,0
A,D,D,9494,100,9494,1,0
B,D,D,5250,100,5250,1,0
C,D,D,8732,100,8732,1,0
D,E,D,9947,100,9947,1,0
D,F,D,5340,100,5340,1,0
D,G,D,8909,100,8909,1,0
D,H,D,1514,100,1514,1,0
A,E,E,1438,100,1438,1,0
B,E,E,5200,100,5200,1,0
C,E,E,10790,100,10790,1,0
D,E,E,9967,100,9967,1,0
E,F,E,5111,100,5111,1,0
E,G,E,10618,100,10618,1,0
E,H,E,10135,100,10135,1,0
A,F,F,5053,100,5053,1,0
B,F,F,1352,100,1352,1,0
C,F,F,7220,100,7220,1,0
D,F,F,5359,100,5359,1,0
E,F,F,5131,100,5131,1,0
F,G,F,7013,100,7013,1,0
F,H,F,5434,100,5434,1,0
A,G,G,10661,100,10661,1,0
B,G,G,7086,100,7086,1,0
C,G,G,1393,100,1393,1,0
D,G,G,8877,100,8877,1,0
E,G,G,10618,100,10618,1,0
F,G,G,6989,100,6989,1,0
G,H,G,8858,100,8858,1,0
A,H,H,9940,100,9940,1,0
B,H,H,5722,100,5722,1,0
C,H,H,8929,100,8929,1,0
D,H,H,1518,100,1518,1,0
E,H,H,10158,100,10158,1,0
F,H,H,5429,100,5429,1,0
G,H,H,8850,100,8850,1,0
A,B,A,4773,100,4773,1,0
A,C,A,10637,100,10637,1,0
A,D,A,9555,100,9555,1,0
A,E,A,1390,100,1390,1,0
A,F,A,5089,100,5089,1,0
A,G,A,10600,100,10600,1,0
A,H,A,9933,100,9933,1,0
A,B,B,4771,100,4771,1,0
B,C,B,7011,100,7011,1,0
B,D,B,5295,100,5295,1,0
B,E,B,5164,100,5164,1,0
B,F,B,1354,100,1354,1,0
B,G,B,7089,100,7089,1,0
B,H,B,5721,100,5721,1,0
A,C,C,10632,100,10632,1,0
B,C,C,7040,100,7040,1,0
C,D,C,8728,100,8728,1,0
C,E,C,10800,100,10800,1,0
C,F,C,7191,100,7191,1,0
C,G,C,1355,100,1355,1,0
C,H,C,8983,100,8983,1,0
A,D,D,9525,100,9525,1,0
B,D,D,5278,100,5278,1,0
C,D,D,8764,100,8764,1,0
D,E,D,9921,100,9921,1,0
D,F,D,5355,100,5355,1,0
D,G,D,8898,100,8898,1,0
D,H,D,1505,100,1505,1,0
A,E,E,1412,100,1412,1,0
B,E,E,5231,100,5231,1,0
C,E,E,10777,100,10777,1,0
D,E,E,9865,100,9865,1,0
E,F,E,5115,100,5115,1,0
E,G,E,10652,100,10652,1,0
E,H,E,10167,100,10167,1,0
A,F,F,5085,100,5085,1,0
B,F,F,1348,100,1348,1,0
C,F,F,7205,100,7205,1,0
D,F,F,5357,100,5357,1,0
E,F,F,5101,100,5101,1,0
F,G,F,7005,100,7005,1,0
F,H,F,5454,100,5454,1,0
A,G,G,10594,100,10594,1,0
B,G,G,7105,100,7105,1,0
C,G,G,1436,100,1436,1,0
D,G,G,8883,100,8883,1,0
E,G,G,10623,100,10623,1,0
F,G,G,6950,100,6950,1,0
G,H,G,8849,100,8849,1,0
A,H,H,9911,100,9911,1,0
B,H,H,5698,100,5698,1,0
C,H,H,8908,100,8908,1,0
D,H,H,1541,100,1541,1,0
E,H,H,10167,100,10167,1,0
F,H,H,5446,100,5446,1,0
G,H,H,8852,100,8852,1,0
A,B,A,4792,100,4792,1,0
A,C,A,10634,100,10634,1,0
A,D,A,9524,100,9524,1,0
A,E,A,1386,100,1386,1,0
A,F,A,5028,100,5028,1,0
A,G,A,10574,100,10574,1,0
A,H,A,9985,100,9985,1,0
A,B,B,4805,100,4805,1,0
B,C,B,7040,100,7040,1,0
B,D,B,5313,100,5313,1,0
B,E,B,5187,100,5187,1,0
B,F,B,1370,100,1370,1,0
B,G,B,7065,100,7065,1,0
B,H,B,5702,100,5702,1,0
A,C,C,10672,100,10672,1,0
B,C,C,6984,100,6984,1,0
C,D,C,8693,100,8693,1,0
C,E,C,10821,100,10821,1,0
C,F,C,7181,100,7181,1,0
C,G,C,1396,100,1396,1,0
C,H,C,8979,100,8979,1,0
A,D,D,9563,100,9563,1,0
B,D,D,5259,100,5259,1,0
C,D,D,8702,100,8702,1,0
D,E,D,9923,100,9923,1,0
D,F,D,5348,100,5348,1,0
D,G,D,8881,100,8881,1,0
D,H,D,1495,100,1495,1,0
A,E,E,1461,100,1461,1,0
B,E,E,5168,100,5168,1,0
C,E,E,10809,100,10809,1,0
D,E,E,9971,100,9971,1,0
E,F,E,5122,100,5122,1,0
E,G,E,10636,100,10636,1,0
E,H,E,10117,100,10117,1,0
A,F,F,5092,100,5092,1,0
B,F,F,1379,100,1379,1,0
C,F,F,7198,100,7198,1,0
D,F,F,5345,100,5345,1,0
E,F,F,5142,100,5142,1,0
F,G,F,6990,100,6990,1,0
F,H,F,5446,100,5446,1,0
A,G,G,10631,100,10631,1,0
B,G,G,7066,100,7066,1,0
C,G,G,1391,100,1391,1,0
D,G,G,8907,100,8907,1,0
E,G,G,10604,100,10604,1,0
F,G,G,6967,100,6967,1,0
G,H,G,8874,100,8874,1,0
A,H,H,9951,100,9951,1,0
B,H,H,5770,100,5770,1,0
C,H,H,8948,100,8948,1,0
D,H,H,1444,100,1444,1,0
E,H,H,10154,100,10154,1,0
F,H,H,5452,100,5452,1,0
G,H,H,8881,100,8881,1,0
A,B,A,4780,100,4780,1,0
A,C,A,10685,100,10685,1,0
A,D,A,9518,100,9518,1,0
A,E,A,1426,100,1426,1,0
A,F,A,5012,100,5012,1,0
A,G,A,10682,100,10682,1,0
A,H,A,9938,100,9938,1,0
A,B,B,4775,100,4775,1,0
B,C,B,6987,100,6987,1,0
B,D,B,5293,100,5293,1,0
B,E,B,5181,100,5181,1,0
B,F,B,1353,100,1353,1,0
B,G,B,7070,100,7070,1,0
B,H,B,5753,100,5753,1,0
A,C,C,10638,100,10638,1,0
B,C,C,7020,100,7020,1,0
C,D,C,8725,100,8725,1,0
C,E,C,10845,100,10845,1,0
C,F,C,7189,100,7189,1,0
C,G,C,1415,100,1415,1,0
C,H,C,8922,100,8922,1,0
A,D,D,9530,100,9530,1,0
B,D,D,5331,100,5331,1,0
C,D,D,8705,100,8705,1,0
D,E,D,9913,100,9913,1,0
D,F,D,5383,100,5383,1,0
D,G,D,8843,100,8843,1,0
D,H,D,1475,100,1475,1,0
A,E,E,1452,100,1452,1,0
B,E,E,5189,100,5189,1,0
C,E,E,10840,100,10840,1,0
D,E,E,9955,100,9955,1,0
E,F,E,5094,100,5094,1,0
E,G,E,10668,100,10668,1,0
E,H,E,10208,100,10208,1,0
A,F,F,5060,100,5060,1,0
B,F,F,1338,100,1338,1,0
C,F,F,7209,100,7209,1,0
D,F,F,5378,100,5378,1,0
E,F,F,5147,100,5147,1,0
F,G,F,7012,100,7012,1,0
F,H,F,5444,100,5444,1,0
A,G,G,10610,100,10610,1,0
B,G,G,7075,100,7075,1,0
C,G,G,1358,100,1358,1,0
D,G,G,8881,100,8881,1,0
E,G,G,10661,100,10661,1,0
F,G,G,6994,100,6994,1,0
G,H,G,8861,100,8861,1,0
A,H,H,9940,100,9940,1,0
B,H,H,5739,100,5739,1,0
C,H,H,8915,100,8915,1,0
D,H,H,1485,100,1485,1,0
E,H,H,10122,100,10122,1,0
F,H,H,5448,100,5448,1,0
G,H,H,8869,100,8869,1,0
A,B,A,4800,100,4800,1,0
A,C,A,10614,100,10614,1,0
A,D,A,9530,100,9530,1,0
A,E,A,1475,100,1475,1,0
A,F,A,5088,100,5088,1,0
A,G,A,10637,100,10637,1,0
A,H,A,9939,100,9939,1,0
A,B,B,4796,100,4796,1,0
B,C,B,7007,100,7007,1,0
B,D,B,5260,100,5260,1,0
B,E,B,5204,100,5204,1,0
B,F,B,1349,100,1349,1,0
B,G,B,7085,100,7085,1,0
B,H,B,5685,100,5685,1,0
A,C,C,10659,100,10659,1,0
B,C,C,7004,100,7004,1,0
C,D,C,8753,100,8753,1,0
C,E,C,10789,100,10789,1,0
C,F,C,7204,100,7204,1,0
C,G,C,1349,100,1349,1,0
C,H,C,8959,100,8959,1,0
A,D,D,9525,100,9525,1,0
B,D,D,5302,100,5302,1,0
C,D,D,8768,100,8768,1,0
D,E,D,9947,100,9947,1,0
D,F,D,5327,100,5327,1,0
D,G,D,8908,100,8908,1,0
D,H,D,1579,100,1579,1,0
A,E,E,1381,100,1381,1,0
B,E,E,5230,100,5230,1,0
C,E,E,10861,100,10861,1,0
D,E,E,9973,100,9973,1,0
E,F,E,5100,100,5100,1,0
E,G,E,10624,100,10624,1,0
E,H,E,10175,100,10175,1,0
A,F,F,5086,100,5086,1,0
B,F,F,1374,100,1374,1,0
C,F,F,7194,100,7194,1,0
D,F,F,5371,100,5371,1,0
E,F,F,5100,100,5100,1,0
F,G,F,7010,100,7010,1,0
F,H,F,5489,100,5489,1,0
A,G,G,10649,100,10649,1,0
B,G,G,7088,100,7088,1,0
C,G,G,1410,100,1410,1,0
D,G,G,8923,100,8923,1,0
E,G,G,10666,100,10666,1,0
F,G,G,6986,100,6986,1,0
G,H,G,8839,100,8839,1,0
A,H,H,9976,100,9976,1,0
B,H,H,5767,100,5767,1,0
C,H,H,8910,100,8910,1,0
D,H,H,1510,100,1510,1,0
E,H,H,10147,100,10147,1,0
F,H,H,5444,100,5444,1,0
G,H,H,8849,100,8849,1,0
A,B,A,4773,100,4773,1,0
A,C,A,10626,100,10626,1,0
A,D,A,9528,100,9528,1,0
A,E,A,1410,100,1410,1,0
A,F,A,5060,100,5060,1,0
A,G,A,10568,100,10568,1,0
A,H,A,9933,100,9933,1,0
A,B,B,4770,100,4770,1,0
B,C,B,7012,100,7012,1,0
B,D,B,5319,100,5319,1,0
B,E,B,5172,100,5172,1,0
B,F,B,1351,100,1351,1,0
B,G,B,7083,100,7083,1,0
B,H,B,5762,100,5762,1,0
A,C,C,10605,100,10605,1,0
B,C,C,7011,100,7011,1,0
C,D,C,8759,100,8759,1,0
C,E,C,10841,100,10841,1,0
C,F,C,7223,100,7223,1,0
C,G,C,1386,100,1386,1,0
C,H,C,8929,100,8929,1,0
A,D,D,9524,100,9524,1,0
B,D,D,5317,100,5317,1,0
C,D,D,8729,100,8729,1,0
D,E,D,9876,100,9876,1,0
D,F,D,5386,100,5386,1,0
D,G,D,8900,100,8900,1,0
D,H,D,1491,100,1491,1,0
A,E,E,1395,100,1395,1,0
B,E,E,5178,100,5178,1,0
C,E,E,10802,100,10802,1,0
D,E,E,9973,100,9973,1,0
E,F,E,5122,100,5122,1,0
E,G,E,10632,100,10632,1,0
E,H,E,10102,100,10102,1,0
A,F,F,5074,100,5074,1,0
B,F,F,1334,100,1334,1,0
C,F,F,7201,100,7201,1,0
D,F,F,5346,100,5346,1,0
E,F,F,5137,100,5137,1,0
F,G,F,7006,100,7006,1,0
F,H,F,5397,100,5397,1,0
A,G,G,10659,100,10659,1,0
B,G,G,7097,100,7097,1,0
C,G,G,1360,100,1360,1,0
D,G,G,8919,100,8919,1,0
E,G,G,10615,100,10615,1,0
F,G,G,7025,100,7025,1,0
G,H,G,8867,100,8867,1,0
A,H,H,9958,100,9958,1,0
B,H,H,5744,100,5744,1,0
C,H,H,8920,100,8920,1,0
D,H,H,1475,100,1475,1,0
E,H,H,10138,100,10138,1,0
F,H,H,5433,100,5433,1,0
G,H,H,8864,100,8864,1,0
A,B,A,4783,100,4783,1,0
A,C,A,10627,100,10627,1,0
A,D,A,9531,100,9531,1,0
A,E,A,1375,100,1375,1,0
A,F,A,5031,100,5031,1,0
A,G,A,10612,100,10612,1,0
A,H,A,9960,100,9960,1,0
A,B,B,4767,100,4767,1,0
B,C,B,6977,100,6977,1,0
B,D,B,5296,100,5296,1,0
B,E,B,5169,100,5169,1,0
B,F,B,1352,100,1352,1,0
B,G,B,7111,100,7111,1,0
B,H,B,5698,100,5698,1,0
A,C,C,10613,100,10613,1,0
B,C,C,7010,100,7010,1,0
C,D,C,8768,100,8768,1,0
C,E,C,10805,100,10805,1,0
C,F,C,7178,100,7178,1,0
C,G,C,1379,100,1379,1,0
C,H,C,8949,100,8949,1,0
A,D,D,9522,100,9522,1,0
B,D,D,5266,100,5266,1,0
C,D,D,8718,100,8718,1,0
D,E,D,9950,100,9950,1,0
D,F,D,5364,100,5364,1,0
D,G,D,8887,100,8887,1,0
D,H,D,1539,100,1539,1,0
A,E,E,1408,100,1408,1,0
B,E,E,5181,100,5181,1,0
C,E,E,10817,100,10817,1,0
D,E,E,9910,100,9910,1,0
E,F,E,5136,100,5136,1,0
E,G,E,10632,100,10632,1,0
E,H,E,10172,100,10172,1,0
A,F,F,5078,100,5078,1,0
B,F,F,1349,100,1349,1,0
C,F,F,7184,100,7184,1,0
D,F,F,5375,100,5375,1,0
E,F,F,5099,100,5099,1,0
F,G,F,6979,100,6979,1,0
F,H,F,5478,100,5478,1,0
A,G,G,10663,100,10663,1,0
B,G,G,7098,100,7098,1,0
C,G,G,1365,100,1365,1,0
D,G,G,8907,100,8907,1,0
E,G,G,10623,100,10623,1,0
F,G,G,7009,100,7009,1,0
G,H,G,8904,100,8904,1,0
A,H,H,9945,100,9945,1,0
B,H,H,5750,100,5750,1,0
C,H,H,8965,100,8965,1,0
D,H,H,1503,100,1503,1,0
E,H,H,10147,100,10147,1,0
F,H,H,5458,100,5458,1,0
G,H,H,8849,100,8849,1,0
A,B,A,4787,100,4787,1,0
A,C,A,10608,100,10608,1,0
A,D,A,9541,100,9541,1,0
A,E,A,1413,100,1413,1,0
A,F,A,5068,100,5068,1,0
A,G,A,10576,100,10576,1,0
A,H,A,9949,100,9949,1,0
A,B,B,4787,100,4787,1,0
B,C,B,6992,100,6992,1,0
B,D,B,5244,100,5244,1,0
B,E,B,5195,100,5195,1,0
B,F,B,1353,100,1353,1,0
B,G,B,7087,100,7087,1,0
B,H,B,5758,100,5758,1,0
A,C,C,10567,100,10567,1,0
B,C,C,7002,100,7002,1,0
C,D,C,8731,100,8731,1,0
C,E,C,10783,100,10783,1,0
C,F,C,7183,100,7183,1,0
C,G,C,1381,100,1381,1,0
C,H,C,8998,100,8998,1,0
A,D,D,9560,100,9560,1,0
B,D,D,5240,100,5240,1,0
C,D,D,8713,100,8713,1,0
D,E,D,9933,100,9933,1,0
D,F,D,5382,100,5382,1,0
D,G,D,8878,100,8878,1,0
D,H,D,1512,100,1512,1,0
A,E,E,1447,100,1447,1,0
B,E,E,5171,100,5171,1,0
C,E,E,10834,100,10834,1,0
D,E,E,9996,100,9996,1,0
E,F,E,5136,100,5136,1,0
E,G,E,10622,100,10622,1,0
E,H,E,10133,100,10133,1,0
A,F,F,5057,100,5057,1,0
B,F,F,1373,100,1373,1,0
C,F,F,7205,100,7205,1,0
D,F,F,5404,100,5404,1,0
E,F,F,5110,100,5110,1,0
F,G,F,6984,100,6984,1,0
F,H,F,5479,100,5479,1,0
A,G,G,10626,100,10626,1,0
B,G,G,7094,100,7094,1,0
C,G,G,1400,100,1400,1,0
D,G,G,8879,100,8879,1,0
E,G,G,10643,100,10643,1,0
F,G,G,6986,100,6986,1,0
G,H,G,8856,100,8856,1,0
A,H,H,10002,100,10002,1,0
B,H,H,5709,100,5709,1,0
C,H,H,8918,100,8918,1,0
D,H,H,1534,100,1534,1,0
E,H,H,10174,100,10174,1,0
F,H,H,5453,100,5453,1,0
G,H,H,8838,100,8838,1,0
A,B,A,4766,100,4766,1,0
A,C,A,10623,100,10623,1,0
A,D,A,9543,100,9543,1,0
A,E,A,1377,100,1377,1,0
A,F,A,5068,100,5068,1,0
A,G,A,10660,100,10660,1,0
A,H,A,9945,100,9945,1,0
A,B,B,4774,100,4774,1,0
B,C,B,6963,100,6963,1,0
B,D,B,5306,100,5306,1,0
B,E,B,5236,100,5236,1,0
B,F,B,1337,100,1337,1,0
B,G,B,7087,100,7087,1,0
B,H,B,5752,100,5752,1,0
A,C,C,10661,100,10661,1,0
B,C,C,7024,100,7024,1,0
C,D,C,8738,100,8738,1,0
C,E,C,10838,100,10838,1,0
C,F,C,7197,100,7197,1,0
C,G,C,1353,100,1353,1,0
C,H,C,8960,100,8960,1,0
A,D,D,9511,100,9511,1,0
B,D,D,5281,100,5281,1,0
C,D,D,8731,100,8731,1,0
D,E,D,9886,100,9886,1,0
D,F,D,5374,100,5374,1,0
D,G,D,8922,100,8922,1,0
D,H,D,1530,100,1530,1,0
A,E,E,1351,100,1351,1,0
B,E,E,5189,100,5189,1,0
C,E,E,10842,100,10842,1,0
D,E,E,9935,100,9935,1,0
E,F,E,5095,100,5095,1,0
E,G,E,10596,100,10596,1,0
E,H,E,10157,100,10157,1,0
A,F,F,5017,100,5017,1,0
B,F,F,1348,100,1348,1,0
C,F,F,7208,100,7208,1,0
D,F,F,5391,100,5391,1,0
E,F,F,5074,100,5074,1,0
F,G,F,6991,100,6991,1,0
F,H,F,5413,100,5413,1,0
A,G,G,10653,100,10653,1,0
B,G,G,7092,100,7092,1,0
C,G,G,1380,100,1380,1,0
D,G,G,8873,100,8873,1,0
E,G,G,10624,100,10624,1,0
F,G,G,6986,100,6986,1,0
G,H,G,8832,100,8832,1,0
A,H,H,9928,100,9928,1,0
B,H,H,5749,100,5749,1,0
C,H,H,8897,100,8897,1,0
D,H,H,1513,100,1513,1,0
E,H,H,10117,100,10117,1,0
F,H,H,5433,100,5433,1,0
G,H,H,8869,100,8869,1,0
A,B,A,4739,100,4739,1,0
A,C,A,10605,100,10605,1,0
A,D,A,9523,100,9523,1,0
A,E,A,1423,100,1423,1,0
A,F,A,5076,100,5076,1,0
A,G,A,10637,100,10637,1,0
A,H,A,9948,100,9948,1,0
A,B,B,4778,100,4778,1,0
B,C,B,7031,100,7031,1,0
B,D,B,5280,100,5280,1,0
B,E,B,5205,100,5205,1,0
B,F,B,1361,100,1361,1,0
B,G,B,7084,100,7084,1,0
B,H,B,5752,100,5752,1,0
A,C,C,10641,100,10641,1,0
B,C,C,7013,100,7013,1,0
C,D,C,8758,100,8758,1,0
C,E,C,10798,100,10798,1,0
C,F,C,7159,100,7159,1,0
C,G,C,1420,100,1420,1,0
C,H,C,8880,100,8880,1,0
A,D,D,9535,100,9535,1,0
B,D,D,5292,100,5292,1,0
C,D,D,8719,100,8719,1,0
D,E,D,9916,100,9916,1,0
D,F,D,5348,100,5348,1,0
D,G,D,8902,100,8902,1,0
D,H,D,1492,100,1492,1,0
A,E,E,1427,100,1427,1,0
B,E,E,5184,100,5184,1,0
C,E,E,10857,100,10857,1,0
D,E,E,9891,100,9891,1,0
E,F,E,5080,100,5080,1,0
E,G,E,10617,100,10617,1,0
E,H,E,10133,100,10133,1,0
A,F,F,5068,100,5068,1,0
B,F,F,1311,100,1311,1,0
C,F,F,7182,100,7182,1,0
D,F,F,5342,100,5342,1,0
E,F,F,5082,100,5082,1,0
F,G,F,7016,100,7016,1,0
F,H,F,5516,100,5516,1,0
A,G,G,10644,100,10644,1,0
B,G,G,7073,100,7073,1,0
C,G,G,1407,100,1407,1,0
D,G,G,8880,100,8880,1,0
E,G,G,10661,100,10661,1,0
F,G,G,7019,100,7019,1,0
G,H,G,8871,100,8871,1,0
A,H,H,9991,100,9991,1,0
B,H,H,5741,100,5741,1,0
C,H,H,8986,100,8986,1,0
D,H,H,1515,100,1515,1,0
E,H,H,10150,100,10150,1,0
F,H,H,5438,100,5438,1,0
G,H,H,8890,100,8890,1,0
A,B,A,4789,100,4789,1,0
A,C,A,10677,100,10677,1,0
A,D,A,9535,100,9535,1,0
A,E,A,1398,100,1398,1,0
A,F,A,5050,100,5050,1,0
A,G,A,10664,100,10664,1,0
A,H,A,9988,100,9988,1,0
A,B,B,4781,100,4781,1,0
B,C,B,7004,100,7004,1,0
B,D,B,5288,100,5288,1,0
B,E,B,5204,100,5204,1,0
B,F,B,1348,100,1348,1,0
B,G,B,7073,100,7073,1,0
B,H,B,5765,100,5765,1,0
A,C,C,10688,100,10688,1,0
B,C,C,7029,100,7029,1,0
C,D,C,8736,100,8736,1,0
C,E,C,10824,100,10824,1,0
C,F,C,7170,100,7170,1,0
C,G,C,1372,100,1372,1,0
C,H,C,8934,100,8934,1,0
A,D,D,9541,100,9541,1,0
B,D,D,5247,100,5247,1,0
C,D,D,8750,100,8750,1,0
D,E,D,9964,100,9964,1,0
D,F,D,5380,100,5380,1,0
D,G,D,8873,100,8873,1,0
D,H,D,1485,100,1485,1,0
A,E,E,1435,100,1435,1,0
B,E,E,5179,100,5179,1,0
C,E,E,10825,100,10825,1,0
D,E,E,9929,100,9929,1,0
E,F,E,5124,100,5124,1,0
E,G,E,10639,100,10639,1,0
E,H,E,10106,100,10106,1,0
A,F,F,5060,100,5060,1,0
B,F,F,1369,100,1369,1,0
C,F,F,7221,100,7221,1,0
D,F,F,5363,100,5363,1,0
E,F,F,5095,100,5095,1,0
F,G,F,6992,100,6992,1,0
F,H,F,5457,100,5457,1,0
A,G,G,10644,100,10644,1,0
B,G,G,7083,100,7083,1,0
C,G,G,1344,100,1344,1,0
D,G,G,8885,100,8885,1,0
E,G,G,10658,100,10658,1,0
F,G,G,6979,100,6979,1,0
G,H,G,8863,100,8863,1,0
A,H,H,9970,100,9970,1,0
B,H,H,5724,100,5724,1,0
C,H,H,8988,100,8988,1,0
D,H,H,1475,100,1475,1,0
E,H,H,10149,100,10149,1,0
F,H,H,5426,100,5426,1,0
G,H,H,8862,100,8862,1,0
A,B,A,4766,100,4766,1,0
A,C,A,10609,100,10609,1,0
A,D,A,9545,100,9545,1,0
A,E,A,1402,100,1402,1,0
A,F,A,5084,100,5084,1,0
A,G,A,10637,100,10637,1,0
A,H,A,9917,100,9917,1,0
A,B,B,4759,100,4759,1,0
B,C,B,7004,100,7004,1,0
B,D,B,5310,100,5310,1,0
B,E,B,5127,100,5127,1,0
B,F,B,1327,100,1327,1,0
B,G,B,7088,100,7088,1,0
B,H,B,5760,100,5760,1,0
A,C,C,10638,100,10638,1,0
B,C,C,6962,100,6962,1,0
C,D,C,8722,100,8722,1,0
C,E,C,10794,100,10794,1,0
C,F,C,7175,100,7175,1,0
C,G,C,1406,100,1406,1,0
C,H,C,8988,100,8988,1,0
A,D,D,9552,100,9552,1,0
B,D,D,5235,100,5235,1,0
C,D,D,8752,100,8752,1,0
D,E,D,9968,100,9968,1,0
D,F,D,5388,100,5388,1,0
D,G,D,8876,100,8876,1,0
D,H,D,1514,100,1514,1,0
A,E,E,1393,100,1393,1,0
B,E,E,5163,100,5163,1,0
C,E,E,10860,100,10860,1,0
D,E,E,9826,100,9826,1,0
E,F,E,5086,100,5086,1,0
E,G,E,10654,100,10654,1,0
E,H,E,10147,100,10147,1,0
A,F,F,5056,100,5056,1,0
B,F,F,1335,100,1335,1,0
C,F,F,7195,100,7195,1,0
D,F,F,5378,100,5378,1,0
E,F,F,5079,100,5079,1,0
F,G,F,7016,100,7016,1,0
F,H,F,5483,100,5483,1,0
A,G,G,10668,100,10668,1,0
B,G,G,7094,100,7094,1,0
C,G,G,1401,100,1401,1,0
D,G,G,8885,100,8885,1,0
E,G,G,10635,100,10635,1,0
F,G,G,6989,100,6989,1,0
G,H,G,8877,100,8877,1,0
A,H,H,10011,100,10011,1,0
B,H,H,5751,100,5751,1,0
C,H,H,8965,100,8965,1,0
D,H,H,1485,100,1485,1,0
E,H,H,10164,100,10164,1,0
F,H,H,5437,100,5437,1,0
G,H,H,8866,100,8866,1,0
A,B,A,4797,100,4797,1,0
A,C,A,10587,100,10587,1,0
A,D,A,9534,100,9534,1,0
A,E,A,1404,100,1404,1,0
A,F,A,5068,100,5068,1,0
A,G,A,10601,100,10601,1,0
A,H,A,9970,100,9970,1,0
A,B,B,4794,100,4794,1,0
B,C,B,7020,100,7020,1,0
B,D,B,5293,100,5293,1,0
B,E,B,5185,100,5185,1,0
B,F,B,1367,100,1367,1,0
B,G,B,7071,100,7071,1,0
B,H,B,5746,100,5746,1,0
A,C,C,10659,100,10659,1,0
B,C,C,6997,100,6997,1,0
C,D,C,8718,100,8718,1,0
C,E,C,10823,100,10823,1,0
C,F,C,7174,100,7174,1,0
C,G,C,1414,100,1414,1,0
C,H,C,8963,100,8963,1,0
A,D,D,9537,100,9537,1,0
B,D,D,5291,100,5291,1,0
C,D,D,8770,100,8770,1,0
D,E,D,9937,100,9937,1,0
D,F,D,5376,100,5376,1,0
D,G,D,8909,100,8909,1,0
D,H,D,1531,100,1531,1,0
A,E,E,1478,100,1478,1,0
B,E,E,5151,100,5151,1,0
C,E,E,10822,100,10822,1,0
D,E,E,9871,100,9871,1,0
E,F,E,5112,100,5112,1,0
E,G,E,10660,100,10660,1,0
E,H,E,10171,100,10171,1,0
A,F,F,5071,100,5071,1,0
B,F,F,1359,100,1359,1,0
C,F,F,7179,100,7179,1,0
D,F,F,5402,100,5402,1,0
E,F,F,5079,100,5079,1,0
F,G,F,7011,100,7011,1,0
F,H,F,5418,100,5418,1,0
A,G,G,10596,100,10596,1,0
B,G,G,7121,100,7121,1,0
C,G,G,1351,100,1351,1,0
D,G,G,8904,100,8904,1,0
E,G,G,10638,100,10638,1,0
F,G,G,7000,100,7000,1,0
G,H,G,8850,100,8850,1,0
A,H,H,9962,100,9962,1,0
B,H,H,5737,100,5737,1,0
C,H,H,8931,100,8931,1,0
D,H,H,1505,100,1505,1,0
E,H,H,10131,100,10131,1,0
F,H,H,5479,100,5479,1,0
G,H,H,8867,100,8867,1,0
A,B,A,4799,100,4799,1,0
A,C,A,10635,100,10635,1,0
A,D,A,9546,100,9546,1,0
A,E,A,1398,100,1398,1,0
A,F,A,5064,100,5064,1,0
A,G,A,10569,100,10569,1,0
A,H,A,9960,100,9960,1,0
A,B,B,4765,100,4765,1,0
B,C,B,7026,100,7026,1,0
B,D,B,5313,100,5313,1,0
B,E,B,5208,100,5208,1,0
B,F,B,1367,100,1367,1,0
B,G,B,7083,100,7083,1,0
B,H,B,5759,100,5759,1,0
A,C,C,10667,100,10667,1,0
B,C,C,6987,100,6987,1,0
C,D,C,8733,100,8733,1,0
C,E,C,10815,100,10815,1,0
C,F,C,7190,100,7190,1,0
C,G,C,1354,100,1354,1,0
C,H,C,8944,100,8944,1,0
A,D,D,9540,100,9540,1,0
B,D,D,5301,100,5301,1,0
C,D,D,8738,100,8738,1,0
D,E,D,9934,100,9934,1,0
D,F,D,5360,100,5360,1,0
D,G,D,8873,100,8873,1,0
D,H,D,1522,100,1522,1,0
A,E,E,1414,100,1414,1,0
B,E,E,5180,100,5180,1,0
C,E,E,10820,100,10820,1,0
D,E,E,9905,100,9905,1,0
E,F,E,5095,100,5095,1,0
E,G,E,10638,100,10638,1,0
E,H,E,10145,100,10145,1,0
A,F,F,5026,100,5026,1,0
B,F,F,1365,100,1365,1,0
C,F,F,7207,100,7207,1,0
D,F,F,5331,100,5331,1,0
E,F,F,5126,100,5126,1,0
F,G,F,6998,100,6998,1,0
F,H,F,5500,100,5500,1,0
A,G,G,10674,100,10674,1,0
B,G,G,7092,100,7092,1,0
C,G,G,1379,100,1379,1,0
D,G,G,8901,100,8901,1,0
E,G,G,10634,100,10634,1,0
F,G,G,6978,100,6978,1,0
G,H,G,8896,100,8896,1,0
A,H,H,9943,100,9943,1,0
B,H,H,5746,100,5746,1,0
C,H,H,8981,100,8981,1,0
D,H,H,1484,100,1484,1,0
E,H,H,10184,100,10184,1,0
F,H,H,5431,100,5431,1,0
G,H,H,8890,100,8890,1,0
A,B,A,4768,100,4768,1,0
A,C,A,10655,100,10655,1,0
A,D,A,9498,100,9498,1,0
A,E,A,1413,100,1413,1,0
A,F,A,5087,100,5087,1,0
A,G,A,10653,100,10653,1,0
A,H,A,9920,100,9920,1,0
A,B,B,4742,100,4742,1,0
B,C,B,6984,100,6984,1,0
B,D,B,5302,100,5302,1,0
B,E,B,5190,100,5190,1,0
B,F,B,1337,100,1337,1,0
B,G,B,7068,100,7068,1,0
B,H,B,5744,100,5744,1,0
A,C,C,10657,100,10657,1,0
B,C,C,6940,100,6940,1,0
C,D,C,8751,100,8751,1,0
C,E,C,10795,100,10795,1,0
C,F,C,7199,100,7199,1,0
C,G,C,1364,100,1364,1,0
C,H,C,8958,100,8958,1,0
A,D,D,9500,100,9500,1,0
B,D,D,5286,100,5286,1,0
C,D,D,8747,100,8747,1,0
D,E,D,9951,100,9951,1,0
D,F,D,5357,100,5357,1,0
D,G,D,8868,100,8868,1,0
D,H,D,1533,100,1533,1,0
A,E,E,1419,100,1419,1,0
B,E,E,5239,100,5239,1,0
C,E,E,10808,100,10808,1,0
D,E,E,9942,100,9942,1,0
E,F,E,5088,100,5088,1,0
E,G,E,10651,100,10651,1,0
E,H,E,10164,100,10164,1,0
A,F,F,5070,100,5070,1,0
B,F,F,1362,100,1362,1,0
C,F,F,7201,100,7201,1,0
D,F,F,5374,100,5374,1,0
E,F,F,5103,100,5103,1,0
F,G,F,7011,100,7011,1,0
F,H,F,5487,100,5487,1,0
A,G,G,10636,100,10636,1,0
B,G,G,7062,100,7062,1,0
C,G,G,1358,100,1358,1,0
D,G,G,8901,100,8901,1,0
E,G,G,10605,100,10605,1,0
F,G,G,7009,100,7009,1,0
G,H,G,8836,100,8836,1,0
A,H,H,9965,100,9965,1,0
B,H,H,5743,100,5743,1,0
C,H,H,8907,100,8907,1,0
D,H,H,1507,100,1507,1,0
E,H,H,10158,100,10158,1,0
F,H,H,5432,100,5432,1,0
G,H,H,8865,100,8865,1,0
A,B,A,4749,100,4749,1,0
A,C,A,10613,100,10613,1,0
A,D,A,9538,100,9538,1,0
A,E,A,1368,100,1368,1,0
A,F,A,5038,100,5038,1,0
A,G,A,10634,100,10634,1,0
A,H,A,9916,100,9916,1,0
A,B,B,4791,100,4791,1,0
B,C,B,6999,100,6999,1,0
B,D,B,5282,100,5282,1,0
B,E,B,5147,100,5147,1,0
B,F,B,1396,100,1396,1,0
B,G,B,7049,100,7049,1,0
B,H,B,5753,100,5753,1,0
A,C,C,10612,100,10612,1,0
B,C,C,7029,100,7029,1,0
C,D,C,8765,100,8765,1,0
C,E,C,10836,100,10836,1,0
C,F,C,7204,100,7204,1,0
C,G,C,1396,100,1396,1,0
C,H,C,8920,100,8920,1,0
A,D,D,9539,100,9539,1,0
B,D,D,5286,100,5286,1,0
C,D,D,8734,100,8734,1,0
D,E,D,9992,100,9992,1,0
D,F,D,5384,100,5384,1,0
D,G,D,8858,100,8858,1,0
D,H,D,1528,100,1528,1,0
A,E,E,1454,100,1454,1,0
B,E,E,5168,100,5168,1,0
C,E,E,10849,100,10849,1,0
D,E,E,9906,100,9906,1,0
E,F,E,5126,100,5126,1,0
E,G,E,10631,100,10631,1,0
E,H,E,10124,100,10124,1,0
A,F,F,5042,100,5042,1,0
B,F,F,1332,100,1332,1,0
C,F,F,7196,100,7196,1,0
D,F,F,5323,100,5323,1,0
E,F,F,5110,100,5110,1,0
F,G,F,7017,100,7017,1,0
F,H,F,5418,100,5418,1,0
A,G,G,10638,100,10638,1,0
B,G,G,7084,100,7084,1,0
C,G,G,1402,100,1402,1,0
D,G,G,8881,100,8881,1,0
E,G,G,10642,100,10642,1,0
F,G,G,6980,100,6980,1,0
G,H,G,8856,100,8856,1,0
A,H,H,9971,100,9971,1,0
B,H,H,5717,100,5717,1,0
C,H,H,8902,100,8902,1,0
D,H,H,1483,100,1483,1,0
E,H,H,10112,100,10112,1,0
F,H,H,5490,100,5490,1,0
G,H,H,8870,100,8870,1,0
A,B,A,4739,100,4739,1,0
A,C,A,10684,100,10684,1,0
A,D,A,9530,100,9530,1,0
A,E,A,1406,100,1406,1,0
A,F,A,5062,100,5062,1,0
A,G,A,10674,100,10674,1,0
A,H,A,9992,100,9992,1,0
A,B,B,4781,100,4781,1,0
B,C,B,7064,100,7064,1,0
B,D,B,5275,100,5275,1,0
B,E,B,5220,100,5220,1,0
B,F,B,1363,100,1363,1,0
B,G,B,7069,100,7069,1,0
B,H,B,5727,100,5727,1,0
A,C,C,10631,100,10631,1,0
B,C,C,7036,100,7036,1,0
C,D,C,8765,100,8765,1,0
C,E,C,10811,100,10811,1,0
C,F,C,7197,100,7197,1,0
C,G,C,1339,100,1339,1,0
C,H,C,8932,100,8932,1,0
A,D,D,9541,100,9541,1,0
B,D,D,5273,100,5273,1,0
C,D,D,8727,100,8727,1,0
D,E,D,9983,100,9983,1,0
D,F,D,5368,100,5368,1,0
D,G,D,8916,100,8916,1,0
D,H,D,1489,100,1489,1,0
A,E,E,1457,100,1457,1,0
B,E,E,5175,100,5175,1,0
C,E,E,10817,100,10817,1,0
D,E,E,9915,100,9915,1,0
E,F,E,5093,100,5093,1,0
E,G,E,10638,100,10638,1,0
E,H,E,10106,100,10106,1,0
A,F,F,5118,100,5118,1,0
B,F,F,1363,100,1363,1,0
C,F,F,7208,100,7208,1,0
D,F,F,5360,100,5360,1,0
E,F,F,5142,100,5142,1,0
F,G,F,7007,100,7007,1,0
F,H,F,5477,100,5477,1,0
A,G,G,10650,100,10650,1,0
B,G,G,7065,100,7065,1,0
C,G,G,1390,100,1390,1,0
D,G,G,8871,100,8871,1,0
E,G,G,10637,100,10637,1,0
F,G,G,7014,100,7014,1,0
G,H,G,8885,100,8885,1,0
A,H,H,9913,100,9913,1,0
B,H,H,5703,100,5703,1,0
C,H,H,8937,100,8937,1,0
D,H,H,1490,100,1490,1,0
E,H,H,10126,100,10126,1,0
F,H,H,5447,100,5447,1,0
G,H,H,8899,100,8899,1,0
A,B,A,4791,100,4791,1,0
A,C,A,10621,100,10621,1,0
A,D,A,9497,100,9497,1,0
A,E,A,1389,100,1389,1,0
A,F,A,5078,100,5078,1,0
A,G,A,10648,100,10648,1,0
A,H,A,10007,100,10007,1,0
A,B,B,4805,100,4805,1,0
B,C,B,7037,100,7037,1,0
B,D,B,5265,100,5265,1,0
B,E,B,5249,100,5249,1,0
B,F,B,1391,100,1391,1,0
B,G,B,7085,100,7085,1,0
B,H,B,5751,100,5751,1,0
A,C,C,10624,100,10624,1,0
B,C,C,6994,100,6994,1,0
C,D,C,8711,100,8711,1,0
C,E,C,10851,100,10851,1,0
C,F,C,7215,100,7215,1,0
C,G,C,1408,100,1408,1,0
C,H,C,8953,100,8953,1,0
A,D,D,9547,100,9547,1,0
B,D,D,5302,100,5302,1,0
C,D,D,8750,100,8750,1,0
D,E,D,9881,100,9881,1,0
D,F,D,5388,100,5388,1,0
D,G,D,8921,100,8921,1,0
D,H,D,1484,100,1484,1,0
A,E,E,1393,100,1393,1,0
B,E,E,5165,100,5165,1,0
C,E,E,10876,100,10876,1,0
D,E,E,9888,100,9888,1,0
E,F,E,5099,100,5099,1,0
E,G,E,10630,100,10630,1,0
E,H,E,10189,100,10189,1,0
A,F,F,5056,100,5056,1,0
B,F,F,1332,100,1332,1,0
C,F,F,7204,100,7204,1,0
D,F,F,5374,100,5374,1,0
E,F,F,5128,100,5128,1,0
F,G,F,7001,100,7001,1,0
F,H,F,5444,100,5444,1,0
A,G,G,10634,100,10634,1,0
B,G,G,7073,100,7073,1,0
C,G,G,1348,100,1348,1,0
D,G,G,8900,100,8900,1,0
E,G,G,10657,100,10657,1,0
F,G,G,7008,100,7008,1,0
G,H,G,8911,100,8911,1,0
A,H,H,9934,100,9934,1,0
B,H,H,5770,100,5770,1,0
C,H,H,8920,100,8920,1,0
D,H,H,1467,100,1467,1,0
E,H,H,10137,100,10137,1,0
F,H,H,5397,100,5397,1,0
G,H,H,8868,100,8868,1,0
A,B,A,4780,100,4780,1,0
A,C,A,10711,100,10711,1,0
A,D,A,9528,100,9528,1,0
A,E,A,1416,100,1416,1,0
A,F,A,5005,100,5005,1,0
A,G,A,10615,100,10615,1,0
A,H,A,9891,100,9891,1,0
A,B,B,4803,100,4803,1,0
B,C,B,7047,100,7047,1,0
B,D,B,5281,100,5281,1,0
B,E,B,5192,100,5192,1,0
B,F,B,1329,100,1329,1,0
B,G,B,7079,100,7079,1,0
B,H,B,5767,100,5767,1,0
A,C,C,10659,100,10659,1,0
B,C,C,6999,100,6999,1,0
C,D,C,8752,100,8752,1,0
C,E,C,10796,100,10796,1,0
C,F,C,7157,100,7157,1,0
C,G,C,1389,100,1389,1,0
C,H,C,8928,100,8928,1,0
A,D,D,9544,100,9544,1,0
B,D,D,5332,100,5332,1,0
C,D,D,8747,100,8747,1,0
D,E,D,9951,100,9951,1,0
D,F,D,5385,100,5385,1,0
D,G,D,8875,100,8875,1,0
D,H,D,1506,100,1506,1,0
A,E,E,1427,100,1427,1,0
B,E,E,5204,100,5204,1,0
C,E,E,10849,100,10849,1,0
D,E,E,9961,100,9961,1,0
E,F,E,5082,100,5082,1,0
E,G,E,10615,100,10615,1,0
E,H,E,10121,100,10121,1,0
A,F,F,5055,100,5055,1,0
B,F,F,1370,100,1370,1,0
C,F,F,7195,100,7195,1,0
D,F,F,5375,100,5375,1,0
E,F,F,5098,100,5098,1,0
F,G,F,7018,100,7018,1,0
F,H,F,5463,100,5463,1,0
A,G,G,10600,100,10600,1,0
B,G,G,7080,100,7080,1,0
C,G,G,1400,100,1400,1,0
D,G,G,8890,100,8890,1,0
E,G,G,10644,100,10644,1,0
F,G,G,6999,100,6999,1,0
G,H,G,8860,100,8860,1,0
A,H,H,9978,100,9978,1,0
B,H,H,5729,100,5729,1,0
C,H,H,8919,100,8919,1,0
D,H,H,1521,100,1521,1,0
E,H,H,10152,100,10152,1,0
F,H,H,5409,100,5409,1,0
G,H,H,8865,100,8865,1,0
A,B,A,4733,100,4733,1,0
A,C,A,10687,100,10687,1,0
A,D,A,9533,100,9533,1,0
A,E,A,1399,100,1399,1,0
A,F,A,5086,100,5086,1,0
A,G,A,10619,100,10619,1,0
A,H,A,9917,100,9917,1,0
A,B,B,4752,100,4752,1,0
B,C,B,6996,100,6996,1,0
B,D,B,5314,100,5314,1,0
B,E,B,5156,100,5156,1,0
B,F,B,1350,100,1350,1,0
B,G,B,7021,100,7021,1,0
B,H,B,5706,100,5706,1,0
A,C,C,10671,100,10671,1,0
B,C,C,7013,100,7013,1,0
C,D,C,8738,100,8738,1,0
C,E,C,10829,100,10829,1,0
C,F,C,7152,100,7152,1,0
C,G,C,1404,100,1404,1,0
C,H,C,8954,100,8954,1,0
A,D,D,9526,100,9526,1,0
B,D,D,5277,100,5277,1,0
C,D,D,8740,100,8740,1,0
D,E,D,9933,100,9933,1,0
D,F,D,5363,100,5363,1,0
D,G,D,8864,100,8864,1,0
D,H,D,1447,100,1447,1,0
A,E,E,1367,100,1367,1,0
B,E,E,5182,100,5182,1,0
C,E,E,10829,100,10829,1,0
D,E,E,9942,100,9942,1,0
E,F,E,5094,100,5094,1,0
E,G,E,10618,100,10618,1,0
E,H,E,10144,100,10144,1,0
A,F,F,5027,100,5027,1,0
B,F,F,1316,100,1316,1,0
C,F,F,7208,100,7208,1,0
D,F,F,5353,100,5353,1,0
E,F,F,5146,100,5146,1,0
F,G,F,6993,100,6993,1,0
F,H,F,5457,100,5457,1,0
A,G,G,10601,100,10601,1,0
B,G,G,7052,100,7052,1,0
C,G,G,1340,100,1340,1,0
D,G,G,8915,100,8915,1,0
E,G,G,10612,100,10612,1,0
F,G,G,6978,100,6978,1,0
G,H,G,8886,100,8886,1,0
A,H,H,9958,100,9958,1,0
B,H,H,5759,100,5759,1,0
C,H,H,8976,100,8976,1,0
D,H,H,1547,100,1547,1,0
E,H,H,10113,100,10113,1,0
F,H,H,5497,100,5497,1,0
G,H,H,8843,100,8843,1,0
A,B,A,4751,100,4751,1,0
A,C,A,10666,100,10666,1,0
A,D,A,9553,100,9553,1,0
A,E,A,1396,100,1396,1,0
A,F,A,5045,100,5045,1,0
A,G,A,10605,100,10605,1,0
A,H,A,9953,100,9953,1,0
A,B,B,4752,100,4752,1,0
B,C,B,7011,100,7011,1,0
B,D,B,5342,100,5342,1,0
B,E,B,5180,100,5180,1,0
B,F,B,1352,100,1352,1,0
B,G,B,7051,100,7051,1,0
B,H,B,5765,100,5765,1,0
A,C,C,10621,100,10621,1,0
B,C,C,6976,100,6976,1,0
C,D,C,8745,100,8745,1,0
C,E,C,10831,100,10831,1,0
C,F,C,7217,100,7217,1,0
C,G,C,1395,100,1395,1,0
C,H,C,8924,100,8924,1,0
A,D,D,9520,100,9520,1,0
B,D,D,5275,100,5275,1,0
C,D,D,8747,100,8747,1,0
D,E,D,9919,100,9919,1,0
D,F,D,5406,100,5406,1,0
D,G,D,8911,100,8911,1,0
D,H,D,1511,100,1511,1,0
A,E,E,1439,100,1439,1,0
B,E,E,5153,100,5153,1,0
C,E,E,10837,100,10837,1,0
D,E,E,9888,100,9888,1,0
E,F,E,5140,100,5140,1,0
E,G,E,10648,100,10648,1,0
E,H,E,10123,100,10123,1,0
A,F,F,5097,100,5097,1,0
B,F,F,1364,100,1364,1,0
C,F,F,7238,100,7238,1,0
D,F,F,5330,100,5330,1,0
E,F,F,5106,100,5106,1,0
F,G,F,6982,100,6982,1,0
F,H,F,5426,100,5426,1,0
A,G,G,10625,100,10625,1,0
B,G,G,7053,100,7053,1,0
C,G,G,1402,100,1402,1,0
D,G,G,8912,100,8912,1,0
E,G,G,10646,100,10646,1,0
F,G,G,6979,100,6979,1,0
G,H,G,8871,100,8871,1,0
A,H,H,9963,100,9963,1,0
B,H,H,5762,100,5762,1,0
C,H,H,8970,100,8970,1,0
D,H,H,1450,100,1450,1,0
E,H,H,10138,100,10138,1,0
F,H,H,5473,100,5473,1,0
G,H,H,8907,100,8907,1,0
A,B,A,4770,100,4770,1,0
A,C,A,10643,100,10643,1,0
A,D,A,9525,100,9525,1,0
A,E,A,1396,100,1396,1,0
A,F,A,5043,100,5043,1,0
A,G,A,10631,100,10631,1,0
A,H,A,9917,100,9917,1,0
A,B,B,4768,100,4768,1,0
B,C,B,6997,100,6997,1,0
B,D,B,5308,100,5308,1,0
B,E,B,5173,100,5173,1,0
B,F,B,1360,100,1360,1,0
B,G,B,7077,100,7077,1,0
B,H,B,5754,100,5754,1,0
A,C,C,10655,100,10655,1,0
B,C,C,7041,100,7041,1,0
C,D,C,8725,100,8725,1,0
C,E,C,10852,100,10852,1,0
C,F,C,7175,100,7175,1,0
C,G,C,1355,100,1355,1,0
C,H,C,8914,100,8914,1,0
A,D,D,9538,100,9538,1,0
B,D,D,5294,100,5294,1,0
C,D,D,8775,100,8775,1,0
D,E,D,9877,100,9877,1,0
D,F,D,5376,100,5376,1,0
D,G,D,8912,100,8912,1,0
D,H,D,1460,100,1460,1,0
A,E,E,1447,100,1447,1,0
B,E,E,5186,100,5186,1,0
C,E,E,10772,100,10772,1,0
D,E,E,9959,100,9959,1,0
E,F,E,5113,100,5113,1,0
E,G,E,10636,100,10636,1,0
E,H,E,10165,100,10165,1,0
A,F,F,5030,100,5030,1,0
B,F,F,1366,100,1366,1,0
C,F,F,7200,100,7200,1,0
D,F,F,5364,100,5364,1,0
E,F,F,5152,100,5152,1,0
F,G,F,6993,100,6993,1,0
F,H,F,5455,100,5455,1,0
A,G,G,10601,100,10601,1,0
B,G,G,7053,100,7053,1,0
C,G,G,1373,100,1373,1,0
D,G,G,8896,100,8896,1,0
E,G,G,10627,100,10627,1,0
F,G,G,6984,100,6984,1,0
G,H,G,8871,100,8871,1,0
A,H,H,9931,100,9931,1,0
B,H,H,5798,100,5798,1,0
C,H,H,8944,100,8944,1,0
D,H,H,1483,100,1483,1,0
E,H,H,10181,100,10181,1,0
F,H,H,5433,100,5433,1,0
G,H,H,8884,100,8884,1,0
A,B,A,4787,100,4787,1,0
A,C,A,10600,100,10600,1,0
A,D,A,9535,100,9535,1,0
A,E,A,1400,100,1400,1,0
A,F,A,4983,100,4983,1,0
A,G,A,10645,100,10645,1,0
A,H,A,9939,100,9939,1,0
A,B,B,4797,100,4797,1,0
B,C,B,6997,100,6997,1,0
B,D,B,5297,100,5297,1,0
B,E,B,5197,100,5197,1,0
B,F,B,1355,100,1355,1,0
B,G,B,7056,100,7056,1,0
B,H,B,5750,100,5750,1,0
A,C,C,10654,100,10654,1,0
B,C,C,7034,100,7034,1,0
C,D,C,8754,100,8754,1,0
C,E,C,10813,100,10813,1,0
C,F,C,7201,100,7201,1,0
C,G,C,1353,100,1353,1,0
C,H,C,8865,100,8865,1,0
A,D,D,9514,100,9514,1,0
B,D,D,5306,100,5306,1,0
C,D,D,8729,100,8729,1,0
D,E,D,9914,100,9914,1,0
D,F,D,5371,100,5371,1,0
D,G,D,8887,100,8887,1,0
D,H,D,1449,100,1449,1,0
A,E,E,1433,100,1433,1,0
B,E,E,5186,100,5186,1,0
C,E,E,10836,100,10836,1,0
D,E,E,9956,100,9956,1,0
E,F,E,5150,100,5150,1,0
E,G,E,10635,100,10635,1,0
E,H,E,10135,100,10135,1,0
A,F,F,5048,100,5048,1,0
B,F,F,1390,100,1390,1,0
C,F,F,7223,100,7223,1,0
D,F,F,5349,100,5349,1,0
E,F,F,5088,100,5088,1,0
F,G,F,6996,100,6996,1,0
F,H,F,5488,100,5488,1,0
A,G,G,10575,100,10575,1,0
B,G,G,7041,100,7041,1,0
C,G,G,1380,100,1380,1,0
D,G,G,8892,100,8892,1,0
E,G,G,10626,100,10626,1,0
F,G,G,6988,100,6988,1,0
G,H,G,8871,100,8871,1,0
A,H,H,9931,100,9931,1,0
B,H,H,5755,100,5755,1,0
C,H,H,8963,100,8963,1,0
D,H,H,1492,100,1492,1,0
E,H,H,10146,100,10146,1,0
F,H,H,5434,100,5434,1,0
G,H,H,8846,100,8846,1,0
A,B,A,4763,100,4763,1,0
A,C,A,10628,100,10628,1,0
A,D,A,9558,100,9558,1,0
A,E,A,1383,100,1383,1,0
A,F,A,5080,100,5080,1,0
A,G,A,10611,100,10611,1,0
A,H,A,9905,100,9905,1,0
A,B,B,4805,100,4805,1,0
B,C,B,7050,100,7050,1,0
B,D,B,5276,100,5276,1,0
B,E,B,5203,100,5203,1,0
B,F,B,1331,100,1331,1,0
B,G,B,7096,100,7096,1,0
B,H,B,5731,100,5731,1,0
A,C,C,10644,100,10644,1,0
B,C,C,7011,100,7011,1,0
C,D,C,8737,100,8737,1,0
C,E,C,10837,100,10837,1,0
C,F,C,7179,100,7179,1,0
C,G,C,1363,100,1363,1,0
C,H,C,8968,100,8968,1,0
A,D,D,9522,100,9522,1,0
B,D,D,5288,100,5288,1,0
C,D,D,8736,100,8736,1,0
D,E,D,9934,100,9934,1,0
D,F,D,5379,100,5379,1,0
D,G,D,8901,100,8901,1,0
D,H,D,1488,100,1488,1,0
A,E,E,1429,100,1429,1,0
B,E,E,5195,100,5195,1,0
C,E,E,10801,100,10801,1,0
D,E,E,9918,100,9918,1,0
E,F,E,5088,100,5088,1,0
E,G,E,10635,100,10635,1,0
E,H,E,10142,100,10142,1,0
A,F,F,5044,100,5044,1,0
B,F,F,1331,100,1331,1,0
C,F,F,7201,100,7201,1,0
D,F,F,5362,100,5362,1,0
E,F,F,5124,100,5124,1,0
F,G,F,6983,100,6983,1,0
F,H,F,5473,100,5473,1,0
A,G,G,10596,100,10596,1,0
B,G,G,7056,100,7056,1,0
C,G,G,1345,100,1345,1,0
D,G,G,8910,100,8910,1,0
E,G,G,10650,100,10650,1,0
F,G,G,7012,100,7012,1,0
G,H,G,8841,100,8841,1,0
A,H,H,9984,100,9984,1,0
B,H,H,5748,100,5748,1,0
C,H,H,8958,100,8958,1,0
D,H,H,1524,100,1524,1,0
E,H,H,10135,100,10135,1,0
F,H,H,5445,100,5445,1,0
G,H,H,8858,100,8858,1,0
A,B,A,4748,100,4748,1,0
A,C,A,10674,100,10674,1,0
A,D,A,9533,100,9533,1,0
A,E,A,1393,100,1393,1,0
A,F,A,5122,100,5122,1,0
A,G,A,10614,100,10614,1,0
A,H,A,9939,100,9939,1,0
A,B,B,4788,100,4788,1,0
B,C,B,7010,100,7010,1,0
B,D,B,5300,100,5300,1,0
B,E,B,5164,100,5164,1,0
B,F,B,1355,100,1355,1,0
B,G,B,7069,100,7069,1,0
B,H,B,5726,100,5726,1,0
A,C,C,10664,100,10664,1,0
B,C,C,7012,100,7012,1,0
C,D,C,8732,100,8732,1,0
C,E,C,10824,100,10824,1,0
C,F,C,7201,100,7201,1,0
C,G,C,1414,100,1414,1,0
C,H,C,8928,100,8928,1,0
A,D,D,9523,100,9523,1,0
B,D,D,5272,100,5272,1,0
C,D,D,8751,100,8751,1,0
D,E,D,9969,100,9969,1,0
D,F,D,5378,100,5378,1,0
D,G,D,8868,100,8868,1,0
D,H,D,1488,100,1488,1,0
A,E,E,1454,100,1454,1,0
B,E,E,5193,100,5193,1,0
C,E,E,10814,100,10814,1,0
D,E,E,9905,100,9905,1,0
E,F,E,5132,100,5132,1,0
E,G,E,10661,100,10661,1,0
E,H,E,10171,100,10171,1,0
A,F,F,5042,100,5042,1,0
B,F,F,1384,100,1384,1,0
C,F,F,7170,100,7170,1,0
D,F,F,5372,100,5372,1,0
E,F,F,5108,100,5108,1,0
F,G,F,6988,100,6988,1,0
F,H,F,5439,100,5439,1,0
A,G,G,10621,100,10621,1,0
B,G,G,7066,100,7066,1,0
C,G,G,1350,100,1350,1,0
D,G,G,8884,100,8884,1,0
E,G,G,10654,100,10654,1,0
F,G,G,7009,100,7009,1,0
G,H,G,8893,100,8893,1,0
A,H,H,9929,100,9929,1,0
B,H,H,5760,100,5760,1,0
C,H,H,9004,100,9004,1,0
D,H,H,1461,100,1461,1,0
E,H,H,10158,100,10158,1,0
F,H,H,5435,100,5435,1,0
G,H,H,8850,100,8850,1,0
A,B,A,4785,100,4785,1,0
A,C,A,10614,100,10614,1,0
A,D,A,9529,100,9529,1,0
A,E,A,1411,100,1411,1,0
A,F,A,5119,100,5119,1,0
A,G,A,10629,100,10629,1,0
A,H,A,9946,100,9946,1,0
A,B,B,4772,100,4772,1,0
B,C,B,7040,100,7040,1,0
B,D,B,5285,100,5285,1,0
B,E,B,5260,100,5260,1,0
B,F,B,1364,100,1364,1,0
B,G,B,7087,100,7087,1,0
B,H,B,5832,100,5832,1,0
A,C,C,10575,100,10575,1,0
B,C,C,6999,100,6999,1,0
C,D,C,8778,100,8778,1,0
C,E,C,10802,100,10802,1,0
C,F,C,7215,100,7215,1,0
C,G,C,1371,100,1371,1,0
C,H,C,8924,100,8924,1,0
A,D,D,9537,100,9537,1,0
B,D,D,5261,100,5261,1,0
C,D,D,8750,100,8750,1,0
D,E,D,9949,100,9949,1,0
D,F,D,5358,100,5358,1,0
D,G,D,8899,100,8899,1,0
D,H,D,1483,100,1483,1,0
A,E,E,1420,100,1420,1,0
B,E,E,5210,100,5210,1,0
C,E,E,10870,100,10870,1,0
D,E,E,9965,100,9965,1,0
E,F,E,5057,100,5057,1,0
E,G,E,10633,100,10633,1,0
E,H,E,10138,100,10138,1,0
A,F,F,5050,100,5050,1,0
B,F,F,1339,100,1339,1,0
C,F,F,7202,100,7202,1,0
D,F,F,5372,100,5372,1,0
E,F,F,5103,100,5103,1,0
F,G,F,7036,100,7036,1,0
F,H,F,5495,100,5495,1,0
A,G,G,10630,100,10630,1,0
B,G,G,7089,100,7089,1,0
C,G,G,1387,100,1387,1,0
D,G,G,8890,100,8890,1,0
E,G,G,10645,100,10645,1,0
F,G,G,7014,100,7014,1,0
G,H,G,8876,100,8876,1,0
A,H,H,9910,100,9910,1,0
B,H,H,5736,100,5736,1,0
C,H,H,8941,100,8941,1,0
D,H,H,1486,100,1486,1,0
E,H,H,10126,100,10126,1,0
F,H,H,5447,100,5447,1,0
G,H,H,8876,100,8876,1,0
A,B,A,4808,100,4808,1,0
A,C,A,10650,100,10650,1,0
A,D,A,9535,100,9535,1,0
A,E,A,1383,100,1383,1,0
A,F,A,5046,100,5046,1,0
A,G,A,10565,100,10565,1,0
A,H,A,9910,100,9910,1,0
A,B,B,4764,100,4764,1,0
B,C,B,7022,100,7022,1,0
B,D,B,5277,100,5277,1,0
B,E,B,5190,100,5190,1,0
B,F,B,1353,100,1353,1,0
B,G,B,7051,100,7051,1,0
B,H,B,5783,100,5783,1,0
A,C,C,10675,100,10675,1,0
B,C,C,7024,100,7024,1,0
C,D,C,8785,100,8785,1,0
C,E,C,10839,100,10839,1,0
C,F,C,7194,100,7194,1,0
C,G,C,1372,100,1372,1,0
C,H,C,8932,100,8932,1,0
A,D,D,9530,100,9530,1,0
B,D,D,5273,100,5273,1,0
C,D,D,8753,100,8753,1,0
D,E,D,9944,100,9944,1,0
D,F,D,5369,100,5369,1,0
D,G,D,8888,100,8888,1,0
D,H,D,1464,100,1464,1,0
A,E,E,1447,100,1447,1,0
B,E,E,5185,100,5185,1,0
C,E,E,10801,100,10801,1,0
D,E,E,9960,100,9960,1,0
E,F,E,5116,100,5116,1,0
E,G,E,10638,100,10638,1,0
E,H,E,10160,100,10160,1,0
A,F,F,5060,100,5060,1,0
B,F,F,1332,100,1332,1,0
C,F,F,7177,100,7177,1,0
D,F,F,5331,100,5331,1,0
E,F,F,5081,100,5081,1,0
F,G,F,7017,100,7017,1,0
F,H,F,5450,100,5450,1,0
A,G,G,10614,100,10614,1,0
B,G,G,7051,100,7051,1,0
C,G,G,1320,100,1320,1,0
D,G,G,8926,100,8926,1,0
E,G,G,10632,100,10632,1,0
F,G,G,7017,100,7017,1,0
G,H,G,8854,100,8854,1,0
A,H,H,9914,100,9914,1,0
B,H,H,5728,100,5728,1,0
C,H,H,8975,100,8975,1,0
D,H,H,1514,100,1514,1,0
E,H,H,10147,100,10147,1,0
F,H,H,5468,100,5468,1,0
G,H,H,8884,100,8884,1,0
A,B,A,4780,100,4780,1,0
A,C,A,10656,100,10656,1,0
A,D,A,9505,100,9505,1,0
A,E,A,1397,100,1397,1,0
A,F,A,5055,100,5055,1,0
A,G,A,10614,100,10614,1,0
A,H,A,9979,100,9979,1,0
A,B,B,4791,100,4791,1,0
B,C,B,7010,100,7010,1,0
B,D,B,5276,100,5276,1,0
B,E,B,5142,100,5142,1,0
B,F,B,1365,100,1365,1,0
B,G,B,7070,100,7070,1,0
B,H,B,5748,100,5748,1,0
A,C,C,10634,100,10634,1,0
B,C,C,7021,100,7021,1,0
C,D,C,8746,100,8746,1,0
C,E,C,10823,100,10823,1,0
C,F,C,7194,100,7194,1,0
C,G,C,1396,100,1396,1,0
C,H,C,8957,100,8957,1,0
A,D,D,9549,100,9549,1,0
B,D,D,5283,100,5283,1,0
C,D,D,8740,100,8740,1,0
D,E,D,9938,100,9938,1,0
D,F,D,5381,100,5381,1,0
D,G,D,8868,100,8868,1,0
D,H,D,1475,100,1475,1,0
A,E,E,1427,100,1427,1,0
B,E,E,5157,100,5157,1,0
C,E,E,10869,100,10869,1,0
D,E,E,9960,100,9960,1,0
E,F,E,5116,100,5116,1,0
E,G,E,10619,100,10619,1,0
E,H,E,10150,100,10150,1,0
A,F,F,5056,100,5056,1,0
B,F,F,1343,100,1343,1,0
C,F,F,7201,100,7201,1,0
D,F,F,5381,100,5381,1,0
E,F,F,5095,100,5095,1,0
F,G,F,7018,100,7018,1,0
F,H,F,5454,100,5454,1,0
A,G,G,10664,100,10664,1,0
B,G,G,7119,100,7119,1,0
C,G,G,1318,100,1318,1,0
D,G,G,8901,100,8901,1,0
E,G,G,10644,100,10644,1,0
F,G,G,6976,100,6976,1,0
G,H,G,8846,100,8846,1,0
A,H,H,9954,100,9954,1,0
B,H,H,5712,100,5712,1,0
C,H,H,8914,100,8914,1,0
D,H,H,1476,100,1476,1,0
E,H,H,10157,100,10157,1,0
F,H,H,5455,100,5455,1,0
G,H,H,8866,100,8866,1,0
A,B,A,4797,100,4797,1,0
A,C,A,10665,100,10665,1,0
A,D,A,9526,100,9526,1,0
A,E,A,1394,100,1394,1,0
A,F,A,5037,100,5037,1,0
A,G,A,10652,100,10652,1,0
A,H,A,9968,100,9968,1,0
A,B,B,4830,100,4830,1,0
B,C,B,7000,100,7000,1,0
B,D,B,5301,100,5301,1,0
B,E,B,5161,100,5161,1,0
B,F,B,1386,100,1386,1,0
B,G,B,7054,100,7054,1,0
B,H,B,5707,100,5707,1,0
A,C,C,10638,100,10638,1,0
B,C,C,7005,100,7005,1,0
C,D,C,8737,100,8737,1,0
C,E,C,10837,100,10837,1,0
C,F,C,7211,100,7211,1,0
C,G,C,1358,100,1358,1,0
C,H,C,8952,100,8952,1,0
A,D,D,9524,100,9524,1,0
B,D,D,5283,100,5283,1,0
C,D,D,8710,100,8710,1,0
D,E,D,9921,100,9921,1,0
D,F,D,5372,100,5372,1,0
D,G,D,8877,100,8877,1,0
D,H,D,1570,100,1570,1,0
A,E,E,1448,100,1448,1,0
B,E,E,5183,100,5183,1,0
C,E,E,10845,100,10845,1,0
D,E,E,9942,100,9942,1,0
E,F,E,5132,100,5132,1,0
E,G,E,10657,100,10657,1,0
E,H,E,10145,100,10145,1,0
A,F,F,5045,100,5045,1,0
B,F,F,1338,100,1338,1,0
C,F,F,7191,100,7191,1,0
D,F,F,5341,100,5341,1,0
E,F,F,5088,100,5088,1,0
F,G,F,6980,100,6980,1,0
F,H,F,5511,100,5511,1,0
A,G,G,10626,100,10626,1,0
B,G,G,7108,100,7108,1,0
C,G,G,1379,100,1379,1,0
D,G,G,8896,100,8896,1,0
E,G,G,10631,100,10631,1,0
F,G,G,6986,100,6986,1,0
G,H,G,8879,100,8879,1,0
A,H,H,9969,100,9969,1,0
B,H,H,5723,100,5723,1,0
C,H,H,8897,100,8897,1,0
D,H,H,1446,100,1446,1,0
E,H,H,10118,100,10118,1,0
F,H,H,5437,100,5437,1,0
G,H,H,8856,100,8856,1,0
A,B,A,4739,100,4739,1,0
A,C,A,10624,100,10624,1,0
A,D,A,9523,100,9523,1,0
A,E,A,1461,100,1461,1,0
A,F,A,5081,100,5081,1,0
A,G,A,10582,100,10582,1,0
A,H,A,9935,100,9935,1,0
A,B,B,4782,100,4782,1,0
B,C,B,6976,100,6976,1,0
B,D,B,5288,100,5288,1,0
B,E,B,5175,100,5175,1,0
B,F,B,1365,100,1365,1,0
B,G,B,7092,100,7092,1,0
B,H,B,5729,100,5729,1,0
A,C,C,10670,100,10670,1,0
B,C,C,7017,100,7017,1,0
C,D,C,8748,100,8748,1,0
C,E,C,10827,100,10827,1,0
C,F,C,7211,100,7211,1,0
C,G,C,1334,100,1334,1,0
C,H,C,8950,100,8950,1,0
A,D,D,9517,100,9517,1,0
B,D,D,5272,100,5272,1,0
C,D,D,8706,100,8706,1,0
D,E,D,9969,100,9969,1,0
D,F,D,5366,100,5366,1,0
D,G,D,8914,100,8914,1,0
D,H,D,1449,100,1449,1,0
A,E,E,1395,100,1395,1,0
B,E,E,5154,100,5154,1,0
C,E,E,10785,100,10785,1,0
D,E,E,10024,100,10024,1,0
E,F,E,5103,100,5103,1,0
E,G,E,10630,100,10630,1,0
E,H,E,10127,100,10127,1,0
A,F,F,5035,100,5035,1,0
B,F,F,1381,100,1381,1,0
C,F,F,7209,100,7209,1,0
D,F,F,5361,100,5361,1,0
E,F,F,5113,100,5113,1,0
F,G,F,7020,100,7020,1,0
F,H,F,5454,100,5454,1,0
A,G,G,10627,100,10627,1,0
B,G,G,7081,100,7081,1,0
C,G,G,1335,100,1335,1,0
D,G,G,8874,100,8874,1,0
E,G,G,10634,100,10634,1,0
F,G,G,7003,100,7003,1,0
G,H,G,8866,100,8866,1,0
A,H,H,9959,100,9959,1,0
B,H,H,5762,100,5762,1,0
C,H,H,8908,100,8908,1,0
D,H,H,1487,100,1487,1,0
E,H,H,10149,100,10149,1,0
F,H,H,5489,100,5489,1,0
G,H,H,8845,100,8845,1,0
A,B,A,4736,100,4736,1,0
A,C,A,10615,100,10615,1,0
A,D,A,9538,100,9538,1,0
A,E,A,1406,100,1406,1,0
A,F,A,5064,100,5064,1,0
A,G,A,10654,100,10654,1,0
A,H,A,9945,100,9945,1,0
A,B,B,4767,100,4767,1,0
B,C,B,7037,100,7037,1,0
B,D,B,5300,100,5300,1,0
B,E,B,5167,100,5167,1,0
B,F,B,1341,100,1341,1,0
B,G,B,7107,100,7107,1,0
B,H,B,5753,100,5753,1,0
A,C,C,10681,100,10681,1,0
B,C,C,6995,100,6995,1,0
C,D,C,8758,100,8758,1,0
C,E,C,10771,100,10771,1,0
C,F,C,7172,100,7172,1,0
C,G,C,1338,100,1338,1,0
C,H,C,8956,100,8956,1,0
A,D,D,9541,100,9541,1,0
B,D,D,5307,100,5307,1,0
C,D,D,8733,100,8733,1,0
D,E,D,9947,100,9947,1,0
D,F,D,5363,100,5363,1,0
D,G,D,8907,100,8907,1,0
D,H,D,1492,100,1492,1,0
A,E,E,1433,100,1433,1,0
B,E,E,5180,100,5180,1,0
C,E,E,10781,100,10781,1,0
D,E,E,9932,100,9932,1,0
E,F,E,5097,100,5097,1,0
E,G,E,10655,100,10655,1,0
E,H,E,10183,100,10183,1,0
A,F,F,5089,100,5089,1,0
B,F,F,1387,100,1387,1,0
C,F,F,7172,100,7172,1,0
D,F,F,5323,100,5323,1,0
E,F,F,5101,100,5101,1,0
F,G,F,6979,100,6979,1,0
F,H,F,5458,100,5458,1,0
A,G,G,10595,100,10595,1,0
B,G,G,7073,100,7073,1,0
C,G,G,1375,100,1375,1,0
D,G,G,8896,100,8896,1,0
E,G,G,10616,100,10616,1,0
F,G,G,6986,100,6986,1,0
G,H,G,8899,100,8899,1,0
A,H,H,9959,100,9959,1,0
B,H,H,5713,100,5713,1,0
C,H,H,8972,100,8972,1,0
D,H,H,1553,100,1553,1,0
E,H,H,10134,100,10134,1,0
F,H,H,5443,100,5443,1,0
G,H,H,8853,100,8853,1,0
A,B,A,4814,100,4814,1,0
A,C,A,10608,100,10608,1,0
A,D,A,9547,100,9547,1,0
A,E,A,1467,100,1467,1,0
A,F,A,5045,100,5045,1,0
A,G,A,10663,100,10663,1,0
A,H,A,9949,100,9949,1,0
A,B,B,4741,100,4741,1,0
B,C,B,6999,100,6999,1,0
B,D,B,5255,100,5255,1,0
B,E,B,5194,100,5194,1,0
B,F,B,1372,100,1372,1,0
B,G,B,7091,100,7091,1,0
B,H,B,5766,100,5766,1,0
A,C,C,10640,100,10640,1,0
B,C,C,6988,100,6988,1,0
C,D,C,8712,100,8712,1,0
C,E,C,10824,100,10824,1,0
C,F,C,7175,100,7175,1,0
C,G,C,1314,100,1314,1,0
C,H,C,8943,100,8943,1,0
A,D,D,9511,100,9511,1,0
B,D,D,5288,100,5288,1,0
C,D,D,8715,100,8715,1,0
D,E,D,9961,100,9961,1,0
D,F,D,5360,100,5360,1,0
D,G,D,8906,100,8906,1,0
D,H,D,1484,100,1484,1,0
A,E,E,1459,100,1459,1,0
B,E,E,5207,100,5207,1,0
C,E,E,10838,100,10838,1,0
D,E,E,9946,100,9946,1,0
E,F,E,5087,100,5087,1,0
E,G,E,10645,100,10645,1,0
E,H,E,10163,100,10163,1,0
A,F,F,5062,100,5062,1,0
B,F,F,1367,100,1367,1,0
C,F,F,7177,100,7177,1,0
D,F,F,5369,100,5369,1,0
E,F,F,5143,100,5143,1,0
F,G,F,6982,100,6982,1,0
F,H,F,5428,100,5428,1,0
A,G,G,10644,100,10644,1,0
B,G,G,7092,100,7092,1,0
C,G,G,1411,100,1411,1,0
D,G,G,8890,100,8890,1,0
E,G,G,10632,100,10632,1,0
F,G,G,7009,100,7009,1,0
G,H,G,8820,100,8820,1,0
A,H,H,9959,100,9959,1,0
B,H,H,5703,100,5703,1,0
C,H,H,8946,100,8946,1,0
D,H,H,1466,100,1466,1,0
E,H,H,10142,100,10142,1,0
F,H,H,5459,100,5459,1,0
G,H,H,8866,100,8866,1,0
A,B,A,4761,100,4761,1,0
A,C,A,10692,100,10692,1,0
A,D,A,9508,100,9508,1,0
A,E,A,1421,100,1421,1,0
A,F,A,5054,100,5054,1,0
A,G,A,10641,100,10641,1,0
A,H,A,9973,100,9973,1,0
A,B,B,4794,100,4794,1,0
B,C,B,6971,100,6971,1,0
B,D,B,5306,100,5306,1,0
B,E,B,5165,100,5165,1,0
B,F,B,1368,100,1368,1,0
B,G,B,7081,100,7081,1,0
B,H,B,5777,100,5777,1,0
A,C,C,10668,100,10668,1,0
B,C,C,7011,100,7011,1,0
C,D,C,8782,100,8782,1,0
C,E,C,10842,100,10842,1,0
C,F,C,7210,100,7210,1,0
C,G,C,1328,100,1328,1,0
C,H,C,8973,100,8973,1,0
A,D,D,9552,100,9552,1,0
B,D,D,5306,100,5306,1,0
C,D,D,8706,100,8706,1,0
D,E,D,9916,100,9916,1,0
D,F,D,5399,100,5399,1,0
D,G,D,8872,100,8872,1,0
D,H,D,1480,100,1480,1,0
A,E,E,1426,100,1426,1,0
B,E,E,5210,100,5210,1,0
C,E,E,10853,100,10853,1,0
D,E,E,9957,100,9957,1,0
E,F,E,5084,100,5084,1,0
E,G,E,10645,100,10645,1,0
E,H,E,10179,100,10179,1,0
A,F,F,5060,100,5060,1,0
B,F,F,1327,100,1327,1,0
C,F,F,7187,100,7187,1,0
D,F,F,5370,100,5370,1,0
E,F,F,5087,100,5087,1,0
F,G,F,7005,100,7005,1,0
F,H,F,5441,100,5441,1,0
A,G,G,10608,100,10608,1,0
B,G,G,7031,100,7031,1,0
C,G,G,1375,100,1375,1,0
D,G,G,8919,100,8919,1,0
E,G,G,10646,100,10646,1,0
F,G,G,7012,100,7012,1,0
G,H,G,8846,100,8846,1,0
A,H,H,9937,100,9937,1,0
B,H,H,5762,100,5762,1,0
C,H,H,8952,100,8952,1,0
D,H,H,1453,100,1453,1,0
E,H,H,10166,100,10166,1,0
F,H,H,5452,100,5452,1,0
G,H,H,8876,100,8876,1,0
A,B,A,4774,100,4774,1,0
A,C,A,10631,100,10631,1,0
A,D,A,9514,100,9514,1,0
A,E,A,1390,100,1390,1,0
A,F,A,5055,100,5055,1,0
A,G,A,10655,100,10655,1,0
A,H,A,9952,100,9952,1,0
A,B,B,4788,100,4788,1,0
B,C,B,7033,100,7033,1,0
B,D,B,5306,100,5306,1,0
B,E,B,5179,100,5179,1,0
B,F,B,1370,100,1370,1,0
B,G,B,7083,100,7083,1,0
B,H,B,5757,100,5757,1,0
A,C,C,10668,100,10668,1,0
B,C,C,7022,100,7022,1,0
C,D,C,8773,100,8773,1,0
C,E,C,10847,100,10847,1,0
C,F,C,7145,100,7145,1,0
C,G,C,1404,100,1404,1,0
C,H,C,8922,100,8922,1,0
A,D,D,9541,100,9541,1,0
B,D,D,5330,100,5330,1,0
C,D,D,8750,100,8750,1,0
D,E,D,9995,100,9995,1,0
D,F,D,5336,100,5336,1,0
D,G,D,8872,100,8872,1,0
D,H,D,1475,100,1475,1,0
A,E,E,1424,100,1424,1,0
B,E,E,5223,100,5223,1,0
C,E,E,10853,100,10853,1,0
D,E,E,9874,100,9874,1,0
E,F,E,5115,100,5115,1,0
E,G,E,10634,100,10634,1,0
E,H,E,10132,100,10132,1,0
A,F,F,5060,100,5060,1,0
B,F,F,1343,100,1343,1,0
C,F,F,7200,100,7200,1,0
D,F,F,5369,100,5369,1,0
E,F,F,5098,100,5098,1,0
F,G,F,7011,100,7011,1,0
F,H,F,5473,100,5473,1,0
A,G,G,10627,100,10627,1,0
B,G,G,7031,100,7031,1,0
C,G,G,1340,100,1340,1,0
D,G,G,8906,100,8906,1,0
E,G,G,10636,100,10636,1,0
F,G,G,7016,100,7016,1,0
G,H,G,8873,100,8873,1,0
A,H,H,9938,100,9938,1,0
B,H,H,5734,100,5734,1,0
C,H,H,8953,100,8953,1,0
D,H,H,1491,100,1491,1,0
E,H,H,10154,100,10154,1,0
F,H,H,5466,100,5466,1,0
G,H,H,8866,100,8866,1,0
A,B,A,4747,100,4747,1,0
A,C,A,10639,100,10639,1,0
A,D,A,9536,100,9536,1,0
A,E,A,1361,100,1361,1,0
A,F,A,5022,100,5022,1,0
A,G,A,10638,100,10638,1,0
A,H,A,9967,100,9967,1,0
A,B,B,4805,100,4805,1,0
B,C,B,7032,100,7032,1,0
B,D,B,5309,100,5309,1,0
B,E,B,5206,100,5206,1,0
B,F,B,1338,100,1338,1,0
B,G,B,7107,100,7107,1,0
B,H,B,5680,100,5680,1,0
A,C,C,10727,100,10727,1,0
B,C,C,6991,100,6991,1,0
C,D,C,8754,100,8754,1,0
C,E,C,10818,100,10818,1,0
C,F,C,7198,100,7198,1,0
C,G,C,1408,100,1408,1,0
C,H,C,8926,100,8926,1,0
A,D,D,9546,100,9546,1,0
B,D,D,5264,100,5264,1,0
C,D,D,8736,100,8736,1,0
D,E,D,9929,100,9929,1,0
D,F,D,5366,100,5366,1,0
D,G,D,8860,100,8860,1,0
D,H,D,1486,100,1486,1,0
A,E,E,1389,100,1389,1,0
B,E,E,5187,100,5187,1,0
C,E,E,10856,100,10856,1,0
D,E,E,9925,100,9925,1,0
E,F,E,5084,100,5084,1,0
E,G,E,10635,100,10635,1,0
E,H,E,10158,100,10158,1,0
A,F,F,5055,100,5055,1,0
B,F,F,1357,100,1357,1,0
C,F,F,7182,100,7182,1,0
D,F,F,5369,100,5369,1,0
E,F,F,5089,100,5089,1,0
F,G,F,6992,100,6992,1,0
F,H,F,5426,100,5426,1,0
A,G,G,10619,100,10619,1,0
B,G,G,7079,100,7079,1,0
C,G,G,1387,100,1387,1,0
D,G,G,8908,100,8908,1,0
E,G,G,10633,100,10633,1,0
F,G,G,6986,100,6986,1,0
G,H,G,8861,100,8861,1,0
A,H,H,9960,100,9960,1,0
B,H,H,5772,100,5772,1,0
C,H,H,8934,100,8934,1,0
D,H,H,1520,100,1520,1,0
E,H,H,10141,100,10141,1,0
F,H,H,5503,100,5503,1,0
G,H,H,8860,100,8860,1,0
A,B,A,4782,100,4782,1,0
A,C,A,10650,100,10650,1,0
A,D,A,9519,100,9519,1,0
A,E,A,1413,100,1413,1,0
A,F,A,5077,100,5077,1,0
A,G,A,10623,100,10623,1,0
A,H,A,9897,100,9897,1,0
A,B,B,4762,100,4762,1,0
B,C,B,7007,100,7007,1,0
B,D,B,5286,100,5286,1,0
B,E,B,5168,100,5168,1,0
B,F,B,1341,100,1341,1,0
B,G,B,7089,100,7089,1,0
B,H,B,5736,100,5736,1,0
A,C,C,10638,100,10638,1,0
B,C,C,7031,100,7031,1,0
C,D,C,8754,100,8754,1,0
C,E,C,10828,100,10828,1,0
C,F,C,7184,100,7184,1,0
C,G,C,1361,100,1361,1,0
C,H,C,8947,100,8947,1,0
A,D,D,9490,100,9490,1,0
B,D,D,5282,100,5282,1,0
C,D,D,8730,100,8730,1,0
D,E,D,9955,100,9955,1,0
D,F,D,5372,100,5372,1,0
D,G,D,8917,100,8917,1,0
D,H,D,1487,100,1487,1,0
A,E,E,1418,100,1418,1,0
B,E,E,5166,100,5166,1,0
C,E,E,10826,100,10826,1,0
D,E,E,9962,100,9962,1,0
E,F,E,5126,100,5126,1,0
E,G,E,10628,100,10628,1,0
E,H,E,10156,100,10156,1,0
A,F,F,5039,100,5039,1,0
B,F,F,1337,100,1337,1,0
C,F,F,7182,100,7182,1,0
D,F,F,5361,100,5361,1,0
E,F,F,5085,100,5085,1,0
F,G,F,7030,100,7030,1,0
F,H,F,5462,100,5462,1,0
A,G,G,10596,100,10596,1,0
B,G,G,7023,100,7023,1,0
C,G,G,1392,100,1392,1,0
D,G,G,8888,100,8888,1,0
E,G,G,10635,100,10635,1,0
F,G,G,6997,100,6997,1,0
G,H,G,8890,100,8890,1,0
A,H,H,9945,100,9945,1,0
B,H,H,5786,100,5786,1,0
C,H,H,8960,100,8960,1,0
D,H,H,1520,100,1520,1,0
E,H,H,10113,100,10113,1,0
F,H,H,5480,100,5480,1,0
G,H,H,8850,100,8850,1,0
A,B,A,4805,100,4805,1,0
A,C,A,10584,100,10584,1,0
A,D,A,9545,100,9545,1,0
A,E,A,1403,100,1403,1,0
A,F,A,5052,100,5052,1,0
A,G,A,10674,100,10674,1,0
A,H,A,9945,100,9945,1,0
A,B,B,4769,100,4769,1,0
B,C,B,6994,100,6994,1,0
B,D,B,5324,100,5324,1,0
B,E,B,5211,100,5211,1,0
B,F,B,1327,100,1327,1,0
B,G,B,7055,100,7055,1,0
B,H,B,5714,100,5714,1,0
A,C,C,10664,100,10664,1,0
B,C,C,6976,100,6976,1,0
C,D,C,8723,100,8723,1,0
C,E,C,10857,100,10857,1,0
C,F,C,7209,100,7209,1,0
C,G,C,1356,100,1356,1,0
C,H,C,8951,100,8951,1,0
A,D,D,9519,100,9519,1,0
B,D,D,5262,100,5262,1,0
C,D,D,8756,100,8756,1,0
D,E,D,9965,100,9965,1,0
D,F,D,5360,100,5360,1,0
D,G,D,8899,100,8899,1,0
D,H,D,1441,100,1441,1,0
A,E,E,1429,100,1429,1,0
B,E,E,5182,100,5182,1,0
C,E,E,10834,100,10834,1,0
D,E,E,9953,100,9953,1,0
E,F,E,5073,100,5073,1,0
E,G,E,10636,100,10636,1,0
E,H,E,10163,100,10163,1,0
A,F,F,5020,100,5020,1,0
B,F,F,1373,100,1373,1,0
C,F,F,7210,100,7210,1,0
D,F,F,5371,100,5371,1,0
E,F,F,5101,100,5101,1,0
F,G,F,6971,100,6971,1,0
F,H,F,5477,100,5477,1,0
A,G,G,10625,100,10625,1,0
B,G,G,7126,100,7126,1,0
C,G,G,1364,100,1364,1,0
D,G,G,8902,100,8902,1,0
E,G,G,10607,100,10607,1,0
F,G,G,6993,100,6993,1,0
G,H,G,8843,100,8843,1,0
A,H,H,9960,100,9960,1,0
B,H,H,5711,100,5711,1,0
C,H,H,8968,100,8968,1,0
D,H,H,1504,100,1504,1,0
E,H,H,10121,100,10121,1,0
F,H,H,5485,100,5485,1,0
G,H,H,8879,100,8879,1,0
A,B,A,4773,100,4773,1,0
A,C,A,10643,100,10643,1,0
A,D,A,9517,100,9517,1,0
A,E,A,1438,100,1438,1,0
A,F,A,5089,100,5089,1,0
A,G,A,10659,100,10659,1,0
A,H,A,9933,100,9933,1,0
A,B,B,4754,100,4754,1,0
B,C,B,7015,100,7015,1,0
B,D,B,5305,100,5305,1,0
B,E,B,5203,100,5203,1,0
B,F,B,1350,100,1350,1,0
B,G,B,7076,100,7076,1,0
B,H,B,5706,100,5706,1,0
A,C,C,10599,100,10599,1,0
B,C,C,7050,100,7050,1,0
C,D,C,8722,100,8722,1,0
C,E,C,10808,100,10808,1,0
C,F,C,7186,100,7186,1,0
C,G,C,1394,100,1394,1,0
C,H,C,8968,100,8968,1,0
A,D,D,9512,100,9512,1,0
B,D,D,5246,100,5246,1,0
C,D,D,8750,100,8750,1,0
D,E,D,9895,100,9895,1,0
D,F,D,5385,100,5385,1,0
D,G,D,8882,100,8882,1,0
D,H,D,1540,100,1540,1,0
A,E,E,1439,100,1439,1,0
B,E,E,5189,100,5189,1,0
C,E,E,10800,100,10800,1,0
D,E,E,9959,100,9959,1,0
E,F,E,5109,100,5109,1,0
E,G,E,10642,100,10642,1,0
E,H,E,10193,100,10193,1,0
A,F,F,5045,100,5045,1,0
B,F,F,1310,100,1310,1,0
C,F,F,7196,100,7196,1,0
D,F,F,5375,100,5375,1,0
E,F,F,5082,100,5082,1,0
F,G,F,6991,100,6991,1,0
F,H,F,5439,100,5439,1,0
A,G,G,10586,100,10586,1,0
B,G,G,7089,100,7089,1,0
C,G,G,1412,100,1412,1,0
D,G,G,8885,100,8885,1,0
E,G,G,10642,100,10642,1,0
F,G,G,6976,100,6976,1,0
G,H,G,8856,100,8856,1,0
A,H,H,9915,100,9915,1,0
B,H,H,5763,100,5763,1,0
C,H,H,8956,100,8956,1,0
D,H,H,1523,100,1523,1,0
E,H,H,10152,100,10152,1,0
F,H,H,5423,100,5423,1,0
G,H,H,8848,100,8848,1,0
A,B,A,4793,100,4793,1,0
A,C,A,10612,100,10612,1,0
A,D,A,9534,100,9534,1,0
A,E,A,1376,100,1376,1,0
A,F,A,5077,100,5077,1,0
A,G,A,10620,100,10620,1,0
A,H,A,9949,100,9949,1,0
A,B,B,4803,100,4803,1,0
B,C,B,6988,100,6988,1,0
B,D,B,5268,100,5268,1,0
B,E,B,5221,100,5221,1,0
B,F,B,1356,100,1356,1,0
B,G,B,7059,100,7059,1,0
B,H,B,5769,100,5769,1,0
A,C,C,10651,100,10651,1,0
B,C,C,7016,100,7016,1,0
C,D,C,8761,100,8761,1,0
C,E,C,10829,100,10829,1,0
C,F,C,7196,100,7196,1,0
C,G,C,1354,100,1354,1,0
C,H,C,8907,100,8907,1,0
A,D,D,9499,100,9499,1,0
B,D,D,5280,100,5280,1,0
C,D,D,8729,100,8729,1,0
D,E,D,9962,100,9962,1,0
D,F,D,5368,100,5368,1,0
D,G,D,8887,100,8887,1,0
D,H,D,1527,100,1527,1,0
A,E,E,1434,100,1434,1,0
B,E,E,5170,100,5170,1,0
C,E,E,10820,100,10820,1,0
D,E,E,9865,100,9865,1,0
E,F,E,5078,100,5078,1,0
E,G,E,10622,100,10622,1,0
E,H,E,10155,100,10155,1,0
A,F,F,5080,100,5080,1,0
B,F,F,1346,100,1346,1,0
C,F,F,7177,100,7177,1,0
D,F,F,5384,100,5384,1,0
E,F,F,5097,100,5097,1,0
F,G,F,6999,100,6999,1,0
F,H,F,5489,100,5489,1,0
A,G,G,10656,100,10656,1,0
B,G,G,7105,100,7105,1,0
C,G,G,1366,100,1366,1,0
D,G,G,8891,100,8891,1,0
E,G,G,10600,100,10600,1,0
F,G,G,6976,100,6976,1,0
G,H,G,8851,100,8851,1,0
A,H,H,9961,100,9961,1,0
B,H,H,5773,100,5773,1,0
C,H,H,8961,100,8961,1,0
D,H,H,1463,100,1463,1,0
E,H,H,10114,100,10114,1,0
F,H,H,5508,100,5508,1,0
G,H,H,8880,100,8880,1,0
A,B,A,4760,100,4760,1,0
A,C,A,10666,100,10666,1,0
A,D,A,9539,100,9539,1,0
A,E,A,1371,100,1371,1,0
A,F,A,5076,100,5076,1,0
A,G,A,10632,100,10632,1,0
A,H,A,9934,100,9934,1,0
A,B,B,4757,100,4757,1,0
B,C,B,7068,100,7068,1,0
B,D,B,5312,100,5312,1,0
B,E,B,5188,100,5188,1,0
B,F,B,1344,100,1344,1,0
B,G,B,7080,100,7080,1,0
B,H,B,5728,100,5728,1,0
A,C,C,10664,100,10664,1,0
B,C,C,7007,100,7007,1,0
C,D,C,8765,100,8765,1,0
C,E,C,10841,100,10841,1,0
C,F,C,7184,100,7184,1,0
C,G,C,1362,100,1362,1,0
C,H,C,8959,100,8959,1,0
A,D,D,9513,100,9513,1,0
B,D,D,5307,100,5307,1,0
C,D,D,8726,100,8726,1,0
D,E,D,9905,100,9905,1,0
D,F,D,5333,100,5333,1,0
D,G,D,8930,100,8930,1,0
D,H,D,1512,100,1512,1,0
A,E,E,1396,100,1396,1,0
B,E,E,5163,100,5163,1,0
C,E,E,10828,100,10828,1,0
D,E,E,9969,100,9969,1,0
E,F,E,5090,100,5090,1,0
E,G,E,10645,100,10645,1,0
E,H,E,10145,100,10145,1,0
A,F,F,5039,100,5039,1,0
B,F,F,1360,100,1360,1,0
C,F,F,7198,100,7198,1,0
D,F,F,5354,100,5354,1,0
E,F,F,5112,100,5112,1,0
F,G,F,6998,100,6998,1,0
F,H,F,5467,100,5467,1,0
A,G,G,10614,100,10614,1,0
B,G,G,7105,100,7105,1,0
C,G,G,1376,100,1376,1,0
D,G,G,8908,100,8908,1,0
E,G,G,10639,100,10639,1,0
F,G,G,7011,100,7011,1,0
G,H,G,8823,100,8823,1,0
A,H,H,10007,100,10007,1,0
B,H,H,5686,100,5686,1,0
C,H,H,8974,100,8974,1,0
D,H,H,1488,100,1488,1,0
E,H,H,10147,100,10147,1,0
F,H,H,5475,100,5475,1,0
G,H,H,8878,100,8878,1,0
A,B,A,4788,100,4788,1,0
A,C,A,10631,100,10631,1,0
A,D,A,9537,100,9537,1,0
A,E,A,1411,100,1411,1,0
A,F,A,5085,100,5085,1,0
A,G,A,10599,100,10599,1,0
A,H,A,9971,100,9971,1,0
A,B,B,4779,100,4779,1,0
B,C,B,7034,100,7034,1,0
B,D,B,5276,100,5276,1,0
B,E,B,5199,100,5199,1,0
B,F,B,1380,100,1380,1,0
B,G,B,7084,100,7084,1,0
B,H,B,5727,100,5727,1,0
A,C,C,10668,100,10668,1,0
B,C,C,7023,100,7023,1,0
C,D,C,8739,100,8739,1,0
C,E,C,10826,100,10826,1,0
C,F,C,7212,100,7212,1,0
C,G,C,1383,100,1383,1,0
C,H,C,8935,100,8935,1,0
A,D,D,9533,100,9533,1,0
B,D,D,5265,100,5265,1,0
C,D,D,8738,100,8738,1,0
D,E,D,9936,100,9936,1,0
D,F,D,5360,100,5360,1,0
D,G,D,8902,100,8902,1,0
D,H,D,1507,100,1507,1,0
A,E,E,1400,100,1400,1,0
B,E,E,5154,100,5154,1,0
C,E,E,10794,100,10794,1,0
D,E,E,9912,100,9912,1,0
E,F,E,5104,100,5104,1,0
E,G,E,10640,100,10640,1,0
E,H,E,10160,100,10160,1,0
A,F,F,5048,100,5048,1,0
B,F,F,1376,100,1376,1,0
C,F,F,7183,100,7183,1,0
D,F,F,5399,100,5399,1,0
E,F,F,5134,100,5134,1,0
F,G,F,7012,100,7012,1,0
F,H,F,5440,100,5440,1,0
A,G,G,10599,100,10599,1,0
B,G,G,7089,100,7089,1,0
C,G,G,1354,100,1354,1,0
D,G,G,8896,100,8896,1,0
E,G,G,10645,100,10645,1,0
F,G,G,6995,100,6995,1,0
G,H,G,8862,100,8862,1,0
A,H,H,9956,100,9956,1,0
B,H,H,5720,100,5720,1,0
C,H,H,8880,100,8880,1,0
D,H,H,1551,100,1551,1,0
E,H,H,10101,100,10101,1,0
F,H,H,5490,100,5490,1,0
G,H,H,8897,100,8897,1,0
A,B,A,4774,100,4774,1,0
A,C,A,10617,100,10617,1,0
A,D,A,9529,100,9529,1,0
A,E,A,1409,100,1409,1,0
A,F,A,5064,100,5064,1,0
A,G,A,10567,100,10567,1,0
A,H,A,9924,100,9924,1,0
A,B,B,4779,100,4779,1,0
B,C,B,7022,100,7022,1,0
B,D,B,5243,100,5243,1,0
B,E,B,5163,100,5163,1,0
B,F,B,1371,100,1371,1,0
B,G,B,7072,100,7072,1,0
B,H,B,5768,100,5768,1,0
A,C,C,10552,100,10552,1,0
B,C,C,7012,100,7012,1,0
C,D,C,8773,100,8773,1,0
C,E,C,10821,100,10821,1,0
C,F,C,7230,100,7230,1,0
C,G,C,1363,100,1363,1,0
C,H,C,8920,100,8920,1,0
A,D,D,9530,100,9530,1,0
B,D,D,5266,100,5266,1,0
C,D,D,8710,100,8710,1,0
D,E,D,9933,100,9933,1,0
D,F,D,5359,100,5359,1,0
D,G,D,8865,100,8865,1,0
D,H,D,1529,100,1529,1,0
A,E,E,1382,100,1382,1,0
B,E,E,5168,100,5168,1,0
C,E,E,10803,100,10803,1,0
D,E,E,9869,100,9869,1,0
E,F,E,5071,100,5071,1,0
E,G,E,10618,100,10618,1,0
E,H,E,10178,100,10178,1,0
A,F,F,5083,100,5083,1,0
B,F,F,1362,100,1362,1,0
C,F,F,7181,100,7181,1,0
D,F,F,5345,100,5345,1,0
E,F,F,5115,100,5115,1,0
F,G,F,7002,100,7002,1,0
F,H,F,5454,100,5454,1,0
A,G,G,10658,100,10658,1,0
B,G,G,7067,100,7067,1,0
C,G,G,1364,100,1364,1,0
D,G,G,8886,100,8886,1,0
E,G,G,10629,100,10629,1,0
F,G,G,7013,100,7013,1,0
G,H,G,8852,100,8852,1,0
A,H,H,9969,100,9969,1,0
B,H,H,5717,100,5717,1,0
C,H,H,8960,100,8960,1,0
D,H,H,1458,100,1458,1,0
E,H,H,10120,100,10120,1,0
F,H,H,5457,100,5457,1,0
G,H,H,8884,100,8884,1,0
A,B,A,4804,100,4804,1,0
A,C,A,10681,100,10681,1,0
A,D,A,9536,100,9536,1,0
A,E,A,1441,100,1441,1,0
A,F,A,5024,100,5024,1,0
A,G,A,10644,100,10644,1,0
A,H,A,9951,100,9951,1,0
A,B,B,4773,100,4773,1,0
B,C,B,6993,100,6993,1,0
B,D,B,5286,100,5286,1,0
B,E,B,5149,100,5149,1,0
B,F,B,1341,100,1341,1,0
B,G,B,7058,100,7058,1,0
B,H,B,5755,100,5755,1,0
A,C,C,10620,100,10620,1,0
B,C,C,7002,100,7002,1,0
C,D,C,8728,100,8728,1,0
C,E,C,10831,100,10831,1,0
C,F,C,7197,100,7197,1,0
C,G,C,1359,100,1359,1,0
C,H,C,8924,100,8924,1,0
A,D,D,9536,100,9536,1,0
B,D,D,5260,100,5260,1,0
C,D,D,8719,100,8719,1,0
D,E,D,9977,100,9977,1,0
D,F,D,5355,100,5355,1,0
D,G,D,8959,100,8959,1,0
D,H,D,1514,100,1514,1,0
A,E,E,1434,100,1434,1,0
B,E,E,5212,100,5212,1,0
C,E,E,10817,100,10817,1,0
D,E,E,9985,100,9985,1,0
E,F,E,5062,100,5062,1,0
E,G,E,10636,100,10636,1,0
E,H,E,10147,100,10147,1,0
A,F,F,5045,100,5045,1,0
B,F,F,1379,100,1379,1,0
C,F,F,7217,100,7217,1,0
D,F,F,5371,100,5371,1,0
E,F,F,5098,100,5098,1,0
F,G,F,6999,100,6999,1,0
F,H,F,5492,100,5492,1,0
A,G,G,10647,100,10647,1,0
B,G,G,7073,100,7073,1,0
C,G,G,1352,100,1352,1,0
D,G,G,8884,100,8884,1,0
E,G,G,10664,100,10664,1,0
F,G,G,6999,100,6999,1,0
G,H,G,8892,100,8892,1,0
A,H,H,9973,100,9973,1,0
B,H,H,5755,100,5755,1,0
C,H,H,8931,100,8931,1,0
D,H,H,1523,100,1523,1,0
E,H,H,10158,100,10158,1,0
F,H,H,5465,100,5465,1,0
G,H,H,8833,100,8833,1,0
A,B,A,4757,100,4757,1,0
A,C,A,10603,100,10603,1,0
A,D,A,9515,100,9515,1,0
A,E,A,1445,100,1445,1,0
A,F,A,5091,100,5091,1,0
A,G,A,10623,100,10623,1,0
A,H,A,9929,100,9929,1,0
A,B,B,4793,100,4793,1,0
B,C,B,7016,100,7016,1,0
B,D,B,5287,100,5287,1,0
B,E,B,5198,100,5198,1,0
B,F,B,1392,100,1392,1,0
B,G,B,7056,100,7056,1,0
B,H,B,5711,100,5711,1,0
A,C,C,10623,100,10623,1,0
B,C,C,7013,100,7013,1,0
C,D,C,8759,100,8759,1,0
C,E,C,10825,100,10825,1,0
C,F,C,7168,100,7168,1,0
C,G,C,1391,100,1391,1,0
C,H,C,8953,100,8953,1,0
A,D,D,9522,100,9522,1,0
B,D,D,5260,100,5260,1,0
C,D,D,8771,100,8771,1,0
D,E,D,9928,100,9928,1,0
D,F,D,5356,100,5356,1,0
D,G,D,8912,100,8912,1,0
D,H,D,1458,100,1458,1,0
A,E,E,1441,100,1441,1,0
B,E,E,5190,100,5190,1,0
C,E,E,10783,100,10783,1,0
D,E,E,9975,100,9975,1,0
E,F,E,5105,100,5105,1,0
E,G,E,10634,100,10634,1,0
E,H,E,10125,100,10125,1,0
A,F,F,5092,100,5092,1,0
B,F,F,1349,100,1349,1,0
C,F,F,7234,100,7234,1,0
D,F,F,5369,100,5369,1,0
E,F,F,5118,100,5118,1,0
F,G,F,6985,100,6985,1,0
F,H,F,5448,100,5448,1,0
A,G,G,10634,100,10634,1,0
B,G,G,7135,100,7135,1,0
C,G,G,1399,100,1399,1,0
D,G,G,8896,100,8896,1,0
E,G,G,10619,100,10619,1,0
F,G,G,7041,100,7041,1,0
G,H,G,8846,100,8846,1,0
A,H,H,9940,100,9940,1,0
B,H,H,5762,100,5762,1,0
C,H,H,8942,100,8942,1,0
D,H,H,1493,100,1493,1,0
E,H,H,10142,100,10142,1,0
F,H,H,5478,100,5478,1,0
G,H,H,8865,100,8865,1,0
A,B,A,4752,100,4752,1,0
A,C,A,10660,100,10660,1,0
A,D,A,9535,100,9535,1,0
A,E,A,1430,100,1430,1,0
A,F,A,5059,100,5059,1,0
A,G,A,10599,100,10599,1,0
A,H,A,9896,100,9896,1,0
A,B,B,4805,100,4805,1,0
B,C,B,7017,100,7017,1,0
B,D,B,5275,100,5275,1,0
B,E,B,5173,100,5173,1,0
B,F,B,1358,100,1358,1,0
B,G,B,7073,100,7073,1,0
B,H,B,5753,100,5753,1,0
A,C,C,10655,100,10655,1,0
B,C,C,7017,100,7017,1,0
C,D,C,8743,100,8743,1,0
C,E,C,10841,100,10841,1,0
C,F,C,7190,100,7190,1,0
C,G,C,1367,100,1367,1,0
C,H,C,8990,100,8990,1,0
A,D,D,9508,100,9508,1,0
B,D,D,5288,100,5288,1,0
C,D,D,8751,100,8751,1,0
D,E,D,9932,100,9932,1,0
D,F,D,5382,100,5382,1,0
D,G,D,8902,100,8902,1,0
D,H,D,1506,100,1506,1,0
A,E,E,1400,100,1400,1,0
B,E,E,5170,100,5170,1,0
C,E,E,10811,100,10811,1,0
D,E,E,9915,100,9915,1,0
E,F,E,5099,100,5099,1,0
E,G,E,10630,100,10630,1,0
E,H,E,10130,100,10130,1,0
A,F,F,5051,100,5051,1,0
B,F,F,1349,100,1349,1,0
C,F,F,7207,100,7207,1,0
D,F,F,5345,100,5345,1,0
E,F,F,5118,100,5118,1,0
F,G,F,7024,100,7024,1,0
F,H,F,5456,100,5456,1,0
A,G,G,10568,100,10568,1,0
B,G,G,7091,100,7091,1,0
C,G,G,1410,100,1410,1,0
D,G,G,8867,100,8867,1,0
E,G,G,10619,100,10619,1,0
F,G,G,6994,100,6994,1,0
G,H,G,8866,100,8866,1,0
A,H,H,9914,100,9914,1,0
B,H,H,5716,100,5716,1,0
C,H,H,8955,100,8955,1,0
D,H,H,1494,100,1494,1,0
E,H,H,10148,100,10148,1,0
F,H,H,5441,100,5441,1,0
G,H,H,8865,100,8865,1,0
A,B,A,4812,100,4812,1,0
A,C,A,10679,100,10679,1,0
A,D,A,9541,100,9541,1,0
A,E,A,1369,100,1369,1,0
A,F,A,5034,100,5034,1,0
A,G,A,10587,100,10587,1,0
A,H,A,9953,100,9953,1,0
A,B,B,4769,100,4769,1,0
B,C,B,7012,100,7012,1,0
B,D,B,5278,100,5278,1,0
B,E,B,5169,100,5169,1,0
B,F,B,1366,100,1366,1,0
B,G,B,7073,100,7073,1,0
B,H,B,5786,100,5786,1,0
A,C,C,10586,100,10586,1,0
B,C,C,7011,100,7011,1,0
C,D,C,8744,100,8744,1,0
C,E,C,10810,100,10810,1,0
C,F,C,7204,100,7204,1,0
C,G,C,1385,100,1385,1,0
C,H,C,8933,100,8933,1,0
A,D,D,9523,100,9523,1,0
B,D,D,5251,100,5251,1,0
C,D,D,8751,100,8751,1,0
D,E,D,9921,100,9921,1,0
D,F,D,5373,100,5373,1,0
D,G,D,8874,100,8874,1,0
D,H,D,1496,100,1496,1,0
A,E,E,1446,100,1446,1,0
B,E,E,5216,100,5216,1,0
C,E,E,10837,100,10837,1,0
D,E,E,9913,100,9913,1,0
E,F,E,5121,100,5121,1,0
E,G,E,10621,100,10621,1,0
E,H,E,10133,100,10133,1,0
A,F,F,5049,100,5049,1,0
B,F,F,1372,100,1372,1,0
C,F,F,7197,100,7197,1,0
D,F,F,5372,100,5372,1,0
E,F,F,5076,100,5076,1,0
F,G,F,6999,100,6999,1,0
F,H,F,5457,100,5457,1,0
A,G,G,10654,100,10654,1,0
B,G,G,7064,100,7064,1,0
C,G,G,1334,100,1334,1,0
D,G,G,8869,100,8869,1,0
E,G,G,10618,100,10618,1,0
F,G,G,7037,100,7037,1,0
G,H,G,8848,100,8848,1,0
A,H,H,9937,100,9937,1,0
B,H,H,5760,100,5760,1,0
C,H,H,8926,100,8926,1,0
D,H,H,1505,100,1505,1,0
E,H,H,10146,100,10146,1,0
F,H,H,5459,100,5459,1,0
G,H,H,8854,100,8854,1,0
A,B,A,4768,100,4768,1,0
A,C,A,10597,100,10597,1,0
A,D,A,9519,100,9519,1,0
A,E,A,1428,100,1428,1,0
A,F,A,5029,100,5029,1,0
A,G,A,10647,100,10647,1,0
A,H,A,9913,100,9913,1,0
A,B,B,4786,100,4786,1,0
B,C,B,6986,100,6986,1,0
B,D,B,5240,100,5240,1,0
B,E,B,5214,100,5214,1,0
B,F,B,1347,100,1347,1,0
B,G,B,7078,100,7078,1,0
B,H,B,5718,100,5718,1,0
A,C,C,10637,100,10637,1,0
B,C,C,7027,100,7027,1,0
C,D,C,8721,100,8721,1,0
C,E,C,10806,100,10806,1,0
C,F,C,7206,100,7206,1,0
C,G,C,1346,100,1346,1,0
C,H,C,8937,100,8937,1,0
A,D,D,9540,100,9540,1,0
B,D,D,5281,100,5281,1,0
C,D,D,8781,100,8781,1,0
D,E,D,9959,100,9959,1,0
D,F,D,5340,100,5340,1,0
D,G,D,8898,100,8898,1,0
D,H,D,1469,100,1469,1,0
A,E,E,1427,100,1427,1,0
B,E,E,5177,100,5177,1,0
C,E,E,10828,100,10828,1,0
D,E,E,9916,100,9916,1,0
E,F,E,5069,100,5069,1,0
E,G,E,10641,100,10641,1,0
E,H,E,10150,100,10150,1,0
A,F,F,5100,100,5100,1,0
B,F,F,1389,100,1389,1,0
C,F,F,7201,100,7201,1,0
D,F,F,5384,100,5384,1,0
E,F,F,5076,100,5076,1,0
F,G,F,6995,100,6995,1,0
F,H,F,5507,100,5507,1,0
A,G,G,10623,100,10623,1,0
B,G,G,7038,100,7038,1,0
C,G,G,1393,100,1393,1,0
D,G,G,8870,100,8870,1,0
E,G,G,10641,100,10641,1,0
F,G,G,6991,100,6991,1,0
G,H,G,8885,100,8885,1,0
A,H,H,9913,100,9913,1,0
B,H,H,5742,100,5742,1,0
C,H,H,8957,100,8957,1,0
D,H,H,1507,100,1507,1,0
E,H,H,10164,100,10164,1,0
F,H,H,5462,100,5462,1,0
G,H,H,8863,100,8863,1,0
A,B,A,4766,100,4766,1,0
A,C,A,10597,100,10597,1,0
A,D,A,9524,100,9524,1,0
A,E,A,1428,100,1428,1,0
A,F,A,5030,100,5030,1,0
A,G,A,10612,100,10612,1,0
A,H,A,9958,100,9958,1,0
A,B,B,4792,100,4792,1,0
B,C,B,7001,100,7001,1,0
B,D,B,5256,100,5256,1,0
B,E,B,5145,100,5145,1,0
B,F,B,1352,100,1352,1,0
B,G,B,7068,100,7068,1,0
B,H,B,5758,100,5758,1,0
A,C,C,10615,100,10615,1,0
B,C,C,6996,100,6996,1,0
C,D,C,8763,100,8763,1,0
C,E,C,10777,100,10777,1,0
C,F,C,7206,100,7206,1,0
C,G,C,1344,100,1344,1,0
C,H,C,8940,100,8940,1,0
A,D,D,9525,100,9525,1,0
B,D,D,5290,100,5290,1,0
C,D,D,8717,100,8717,1,0
D,E,D,9900,100,9900,1,0
D,F,D,5380,100,5380,1,0
D,G,D,8874,100,8874,1,0
D,H,D,1439,100,1439,1,0
A,E,E,1401,100,1401,1,0
B,E,E,5150,100,5150,1,0
C,E,E,10864,100,10864,1,0
D,E,E,9966,100,9966,1,0
E,F,E,5121,100,5121,1,0
E,G,E,10599,100,10599,1,0
E,H,E,10147,100,10147,1,0
A,F,F,5046,100,5046,1,0
B,F,F,1353,100,1353,1,0
C,F,F,7206,100,7206,1,0
D,F,F,5333,100,5333,1,0
E,F,F,5110,100,5110,1,0
F,G,F,7009,100,7009,1,0
F,H,F,5459,100,5459,1,0
A,G,G,10651,100,10651,1,0
B,G,G,7079,100,7079,1,0
C,G,G,1314,100,1314,1,0
D,G,G,8907,100,8907,1,0
E,G,G,10634,100,10634,1,0
F,G,G,7000,100,7000,1,0
G,H,G,8854,100,8854,1,0
A,H,H,9952,100,9952,1,0
B,H,H,5748,100,5748,1,0
C,H,H,8962,100,8962,1,0
D,H,H,1494,100,1494,1,0
E,H,H,10140,100,10140,1,0
F,H,H,5450,100,5450,1,0
G,H,H,8906,100,8906,1,0
A,B,A,4760,100,4760,1,0
A,C,A,10616,100,10616,1,0
A,D,A,9540,100,9540,1,0
A,E,A,1397,100,1397,1,0
A,F,A,5071,100,5071,1,0
A,G,A,10639,100,10639,1,0
A,H,A,9981,100,9981,1,0
A,B,B,4792,100,4792,1,0
B,C,B,7014,100,7014,1,0
B,D,B,5244,100,5244,1,0
B,E,B,5177,100,5177,1,0
B,F,B,1370,100,1370,1,0
B,G,B,7043,100,7043,1,0
B,H,B,5752,100,5752,1,0
A,C,C,10617,100,10617,1,0
B,C,C,7020,100,7020,1,0
C,D,C,8717,100,8717,1,0
C,E,C,10828,100,10828,1,0
C,F,C,7169,100,7169,1,0
C,G,C,1396,100,1396,1,0
C,H,C,8925,100,8925,1,0
A,D,D,9529,100,9529,1,0
B,D,D,5345,100,5345,1,0
C,D,D,8711,100,8711,1,0
D,E,D,9880,100,9880,1,0
D,F,D,5342,100,5342,1,0
D,G,D,8890,100,8890,1,0
D,H,D,1495,100,1495,1,0
A,E,E,1427,100,1427,1,0
B,E,E,5134,100,5134,1,0
C,E,E,10812,100,10812,1,0
D,E,E,9929,100,9929,1,0
E,F,E,5094,100,5094,1,0
E,G,E,10638,100,10638,1,0
E,H,E,10105,100,10105,1,0
A,F,F,5054,100,5054,1,0
B,F,F,1346,100,1346,1,0
C,F,F,7167,100,7167,1,0
D,F,F,5371,100,5371,1,0
E,F,F,5102,100,5102,1,0
F,G,F,6997,100,6997,1,0
F,H,F,5440,100,5440,1,0
A,G,G,10639,100,10639,1,0
B,G,G,7115,100,7115,1,0
C,G,G,1381,100,1381,1,0
D,G,G,8909,100,8909,1,0
E,G,G,10616,100,10616,1,0
F,G,G,7006,100,7006,1,0
G,H,G,8882,100,8882,1,0
A,H,H,9969,100,9969,1,0
B,H,H,5712,100,5712,1,0
C,H,H,8985,100,8985,1,0
D,H,H,1477,100,1477,1,0
E,H,H,10146,100,10146,1,0
F,H,H,5464,100,5464,1,0
G,H,H,8865,100,8865,1,0
A,B,A,4770,100,4770,1,0
A,C,A,10610,100,10610,1,0
A,D,A,9541,100,9541,1,0
A,E,A,1378,100,1378,1,0
A,F,A,5072,100,5072,1,0
A,G,A,10608,100,10608,1,0
A,H,A,9967,100,9967,1,0
A,B,B,4801,100,4801,1,0
B,C,B,6999,100,6999,1,0
B,D,B,5276,100,5276,1,0
B,E,B,5184,100,5184,1,0
B,F,B,1368,100,1368,1,0
B,G,B,7063,100,7063,1,0
B,H,B,5759,100,5759,1,0
A,C,C,10646,100,10646,1,0
B,C,C,6999,100,6999,1,0
C,D,C,8763,100,8763,1,0
C,E,C,10813,100,10813,1,0
C,F,C,7197,100,7197,1,0
C,G,C,1387,100,1387,1,0
C,H,C,8947,100,8947,1,0
A,D,D,9510,100,9510,1,0
B,D,D,5328,100,5328,1,0
C,D,D,8738,100,8738,1,0
D,E,D,9978,100,9978,1,0
D,F,D,5384,100,5384,1,0
D,G,D,8896,100,8896,1,0
D,H,D,1517,100,1517,1,0
A,E,E,1409,100,1409,1,0
B,E,E,5163,100,5163,1,0
C,E,E,10848,100,10848,1,0
D,E,E,9930,100,9930,1,0
E,F,E,5086,100,5086,1,0
E,G,E,10630,100,10630,1,0
E,H,E,10164,100,10164,1,0
A,F,F,5088,100,5088,1,0
B,F,F,1360,100,1360,1,0
C,F,F,7216,100,7216,1,0
D,F,F,5374,100,5374,1,0
E,F,F,5111,100,5111,1,0
F,G,F,7008,100,7008,1,0
F,H,F,5463,100,5463,1,0
A,G,G,10629,100,10629,1,0
B,G,G,7096,100,7096,1,0
C,G,G,1393,100,1393,1,0
D,G,G,8897,100,8897,1,0
E,G,G,10633,100,10633,1,0
F,G,G,6991,100,6991,1,0
G,H,G,8857,100,8857,1,0
A,H,H,9952,100,9952,1,0
B,H,H,5690,100,5690,1,0
C,H,H,8963,100,8963,1,0
D,H,H,1449,100,1449,1,0
E,H,H,10158,100,10158,1,0
F,H,H,5476,100,5476,1,0
G,H,H,8841,100,8841,1,0
A,B,A,4791,100,4791,1,0
A,C,A,10622,100,10622,1,0
A,D,A,9551,100,9551,1,0
A,E,A,1393,100,1393,1,0
A,F,A,5055,100,5055,1,0
A,G,A,10588,100,10588,1,0
A,H,A,9942,100,9942,1,0
A,B,B,4811,100,4811,1,0
B,C,B,6988,100,6988,1,0
B,D,B,5300,100,5300,1,0
B,E,B,5175,100,5175,1,0
B,F,B,1366,100,1366,1,0
B,G,B,7071,100,7071,1,0
B,H,B,5755,100,5755,1,0
A,C,C,10659,100,10659,1,0
B,C,C,7043,100,7043,1,0
C,D,C,8758,100,8758,1,0
C,E,C,10838,100,10838,1,0
C,F,C,7183,100,7183,1,0
C,G,C,1407,100,1407,1,0
C,H,C,8949,100,8949,1,0
A,D,D,9519,100,9519,1,0
B,D,D,5302,100,5302,1,0
C,D,D,8719,100,8719,1,0
D,E,D,9933,100,9933,1,0
D,F,D,5395,100,5395,1,0
D,G,D,8899,100,8899,1,0
D,H,D,1502,100,1502,1,0
A,E,E,1364,100,1364,1,0
B,E,E,5142,100,5142,1,0
C,E,E,10858,100,10858,1,0
D,E,E,9991,100,9991,1,0
E,F,E,5109,100,5109,1,0
E,G,E,10607,100,10607,1,0
E,H,E,10160,100,10160,1,0
A,F,F,5051,100,5051,1,0
B,F,F,1362,100,1362,1,0
C,F,F,7206,100,7206,1,0
D,F,F,5365,100,5365,1,0
E,F,F,5098,100,5098,1,0
F,G,F,6975,100,6975,1,0
F,H,F,5480,100,5480,1,0
A,G,G,10624,100,10624,1,0
B,G,G,7067,100,7067,1,0
C,G,G,1380,100,1380,1,0
D,G,G,8872,100,8872,1,0
E,G,G,10624,100,10624,1,0
F,G,G,7009,100,7009,1,0
G,H,G,8869,100,8869,1,0
A,H,H,9953,100,9953,1,0
B,H,H,5733,100,5733,1,0
C,H,H,8961,100,8961,1,0
D,H,H,1556,100,1556,1,0
E,H,H,10143,100,10143,1,0
F,H,H,5462,100,5462,1,0
G,H,H,8889,100,8889,1,0
A,B,A,4764,100,4764,1,0
A,C,A,10679,100,10679,1,0
A,D,A,9527,100,9527,1,0
A,E,A,1376,100,1376,1,0
A,F,A,5078,100,5078,1,0
A,G,A,10655,100,10655,1,0
A,H,A,9933,100,9933,1,0
A,B,B,4783,100,4783,1,0
B,C,B,6991,100,6991,1,0
B,D,B,5300,100,5300,1,0
B,E,B,5201,100,5201,1,0
B,F,B,1349,100,1349,1,0
B,G,B,7058,100,7058,1,0
B,H,B,5818,100,5818,1,0
A,C,C,10667,100,10667,1,0
B,C,C,7026,100,7026,1,0
C,D,C,8729,100,8729,1,0
C,E,C,10838,100,10838,1,0
C,F,C,7219,100,7219,1,0
C,G,C,1357,100,1357,1,0
C,H,C,8886,100,8886,1,0
A,D,D,9567,100,9567,1,0
B,D,D,5301,100,5301,1,0
C,D,D,8773,100,8773,1,0
D,E,D,10012,100,10012,1,0
D,F,D,5355,100,5355,1,0
D,G,D,8876,100,8876,1,0
D,H,D,1478,100,1478,1,0
A,E,E,1461,100,1461,1,0
B,E,E,5223,100,5223,1,0
C,E,E,10777,100,10777,1,0
D,E,E,9932,100,9932,1,0
E,F,E,5097,100,5097,1,0
E,G,E,10629,100,10629,1,0
E,H,E,10145,100,10145,1,0
A,F,F,5056,100,5056,1,0
B,F,F,1356,100,1356,1,0
C,F,F,7194,100,7194,1,0
D,F,F,5397,100,5397,1,0
E,F,F,5131,100,5131,1,0
F,G,F,6991,100,6991,1,0
F,H,F,5475,100,5475,1,0
A,G,G,10644,100,10644,1,0
B,G,G,7086,100,7086,1,0
C,G,G,1376,100,1376,1,0
D,G,G,8882,100,8882,1,0
E,G,G,10643,100,10643,1,0
F,G,G,7020,100,7020,1,0
G,H,G,8811,100,8811,1,0
A,H,H,9967,100,9967,1,0
B,H,H,5699,100,5699,1,0
C,H,H,8945,100,8945,1,0
D,H,H,1480,100,1480,1,0
E,H,H,10162,100,10162,1,0
F,H,H,5435,100,5435,1,0
G,H,H,8835,100,8835,1,0
A,B,A,4805,100,4805,1,0
A,C,A,10684,100,10684,1,0
A,D,A,9531,100,9531,1,0
A,E,A,1399,100,1399,1,0
A,F,A,5064,100,5064,1,0
A,G,A,10615,100,10615,1,0
A,H,A,9959,100,9959,1,0
A,B,B,4776,100,4776,1,0
B,C,B,6999,100,6999,1,0
B,D,B,5283,100,5283,1,0
B,E,B,5179,100,5179,1,0
B,F,B,1375,100,1375,1,0
B,G,B,7071,100,7071,1,0
B,H,B,5768,100,5768,1,0
A,C,C,10622,100,10622,1,0
B,C,C,7022,100,7022,1,0
C,D,C,8736,100,8736,1,0
C,E,C,10800,100,10800,1,0
C,F,C,7194,100,7194,1,0
C,G,C,1402,100,1402,1,0
C,H,C,8931,100,8931,1,0
A,D,D,9521,100,9521,1,0
B,D,D,5270,100,5270,1,0
C,D,D,8731,100,8731,1,0
D,E,D,9945,100,9945,1,0
D,F,D,5406,100,5406,1,0
D,G,D,8907,100,8907,1,0
D,H,D,1524,100,1524,1,0
A,E,E,1467,100,1467,1,0
B,E,E,5131,100,5131,1,0
C,E,E,10792,100,10792,1,0
D,E,E,9996,100,9996,1,0
E,F,E,5163,100,5163,1,0
E,G,E,10606,100,10606,1,0
E,H,E,10163,100,10163,1,0
A,F,F,5044,100,5044,1,0
B,F,F,1328,100,1328,1,0
C,F,F,7162,100,7162,1,0
D,F,F,5380,100,5380,1,0
E,F,F,5083,100,5083,1,0
F,G,F,6988,100,6988,1,0
F,H,F,5470,100,5470,1,0
A,G,G,10645,100,10645,1,0
B,G,G,7068,100,7068,1,0
C,G,G,1338,100,1338,1,0
D,G,G,8874,100,8874,1,0
E,G,G,10648,100,10648,1,0
F,G,G,7013,100,7013,1,0
G,H,G,8860,100,8860,1,0
A,H,H,9936,100,9936,1,0
B,H,H,5728,100,5728,1,0
C,H,H,8919,100,8919,1,0
D,H,H,1461,100,1461,1,0
E,H,H,10142,100,10142,1,0
F,H,H,5433,100,5433,1,0
G,H,H,8871,100,8871,1,0
A,B,A,4802,100,4802,1,0
A,C,A,10635,100,10635,1,0
A,D,A,9548,100,9548,1,0
A,E,A,1437,100,1437,1,0
A,F,A,5060,100,5060,1,0
A,G,A,10622,100,10622,1,0
A,H,A,9973,100,9973,1,0
A,B,B,4764,100,4764,1,0
B,C,B,7037,100,7037,1,0
B,D,B,5271,100,5271,1,0
B,E,B,5168,100,5168,1,0
B,F,B,1328,100,1328,1,0
B,G,B,7076,100,7076,1,0
B,H,B,5747,100,5747,1,0
A,C,C,10621,100,10621,1,0
B,C,C,6996,100,6996,1,0
C,D,C,8708,100,8708,1,0
C,E,C,10806,100,10806,1,0
C,F,C,7191,100,7191,1,0
C,G,C,1401,100,1401,1,0
C,H,C,8945,100,8945,1,0
A,D,D,9512,100,9512,1,0
B,D,D,5303,100,5303,1,0
C,D,D,8723,100,8723,1,0
D,E,D,9945,100,9945,1,0
D,F,D,5342,100,5342,1,0
D,G,D,8909,100,8909,1,0
D,H,D,1497,100,1497,1,0
A,E,E,1432,100,1432,1,0
B,E,E,5166,100,5166,1,0
C,E,E,10882,100,10882,1,0
D,E,E,9883,100,9883,1,0
E,F,E,5115,100,5115,1,0
E,G,E,10635,100,10635,1,0
E,H,E,10133,100,10133,1,0
A,F,F,5032,100,5032,1,0
B,F,F,1355,100,1355,1,0
C,F,F,7207,100,7207,1,0
D,F,F,5362,100,5362,1,0
E,F,F,5117,100,5117,1,0
F,G,F,7014,100,7014,1,0
F,H,F,5505,100,5505,1,0
A,G,G,10551,100,10551,1,0
B,G,G,7091,100,7091,1,0
C,G,G,1379,100,1379,1,0
D,G,G,8872,100,8872,1,0
E,G,G,10623,100,10623,1,0
F,G,G,7023,100,7023,1,0
G,H,G,8846,100,8846,1,0
A,H,H,9931,100,9931,1,0
B,H,H,5735,100,5735,1,0
C,H,H,9004,100,9004,1,0
D,H,H,1460,100,1460,1,0
E,H,H,10137,100,10137,1,0
F,H,H,5429,100,5429,1,0
G,H,H,8870,100,8870,1,0
A,B,A,4743,100,4743,1,0
A,C,A,10610,100,10610,1,0
A,D,A,9539,100,9539,1,0
A,E,A,1399,100,1399,1,0
A,F,A,5013,100,5013,1,0
A,G,A,10617,100,10617,1,0
A,H,A,9937,100,9937,1,0
A,B,B,4760,100,4760,1,0
B,C,B,7002,100,7002,1,0
B,D,B,5287,100,5287,1,0
B,E,B,5211,100,5211,1,0
B,F,B,1390,100,1390,1,0
B,G,B,7055,100,7055,1,0
B,H,B,5760,100,5760,1,0
A,C,C,10617,100,10617,1,0
B,C,C,7018,100,7018,1,0
C,D,C,8733,100,8733,1,0
C,E,C,10832,100,10832,1,0
C,F,C,7185,100,7185,1,0
C,G,C,1361,100,1361,1,0
C,H,C,8900,100,8900,1,0
A,D,D,9511,100,9511,1,0
B,D,D,5317,100,5317,1,0
C,D,D,8756,100,8756,1,0
D,E,D,9917,100,9917,1,0
D,F,D,5328,100,5328,1,0
D,G,D,8882,100,8882,1,0
D,H,D,1486,100,1486,1,0
A,E,E,1414,100,1414,1,0
B,E,E,5182,100,5182,1,0
C,E,E,10831,100,10831,1,0
D,E,E,9904,100,9904,1,0
E,F,E,5139,100,5139,1,0
E,G,E,10636,100,10636,1,0
E,H,E,10136,100,10136,1,0
A,F,F,5033,100,5033,1,0
B,F,F,1342,100,1342,1,0
C,F,F,7207,100,7207,1,0
D,F,F,5357,100,5357,1,0
E,F,F,5104,100,5104,1,0
F,G,F,7001,100,7001,1,0
F,H,F,5488,100,5488,1,0
A,G,G,10642,100,10642,1,0
B,G,G,7112,100,7112,1,0
C,G,G,1369,100,1369,1,0
D,G,G,8902,100,8902,1,0
E,G,G,10663,100,10663,1,0
F,G,G,7012,100,7012,1,0
G,H,G,8889,100,8889,1,0
A,H,H,9995,100,9995,1,0
B,H,H,5724,100,5724,1,0
C,H,H,8922,100,8922,1,0
D,H,H,1491,100,1491,1,0
E,H,H,10120,100,10120,1,0
F,H,H,5482,100,5482,1,0
G,H,H,8846,100,8846,1,0
A,B,A,4794,100,4794,1,0
A,C,A,10608,100,10608,1,0
A,D,A,9557,100,9557,1,0
A,E,A,1429,100,1429,1,0
A,F,A,5065,100,5065,1,0
A,G,A,10602,100,10602,1,0
A,H,A,9969,100,9969,1,0
A,B,B,4795,100,4795,1,0
B,C,B,7007,100,7007,1,0
B,D,B,5320,100,5320,1,0
B,E,B,5155,100,5155,1,0
B,F,B,1349,100,1349,1,0
B,G,B,7079,100,7079,1,0
B,H,B,5711,100,5711,1,0
A,C,C,10616,100,10616,1,0
B,C,C,7020,100,7020,1,0
C,D,C,8723,100,8723,1,0
C,E,C,10796,100,10796,1,0
C,F,C,7177,100,7177,1,0
C,G,C,1379,100,1379,1,0
C,H,C,8949,100,8949,1,0
A,D,D,9514,100,9514,1,0
B,D,D,5314,100,5314,1,0
C,D,D,8728,100,8728,1,0
D,E,D,9902,100,9902,1,0
D,F,D,5374,100,5374,1,0
D,G,D,8852,100,8852,1,0
D,H,D,1477,100,1477,1,0
A,E,E,1393,100,1393,1,0
B,E,E,5197,100,5197,1,0
C,E,E,10827,100,10827,1,0
D,E,E,9923,100,9923,1,0
E,F,E,5128,100,5128,1,0
E,G,E,10595,100,10595,1,0
E,H,E,10200,100,10200,1,0
A,F,F,5054,100,5054,1,0
B,F,F,1378,100,1378,1,0
C,F,F,7183,100,7183,1,0
D,F,F,5367,100,5367,1,0
E,F,F,5111,100,5111,1,0
F,G,F,6972,100,6972,1,0
F,H,F,5432,100,5432,1,0
A,G,G,10611,100,10611,1,0
B,G,G,7067,100,7067,1,0
C,G,G,1379,100,1379,1,0
D,G,G,8879,100,8879,1,0
E,G,G,10645,100,10645,1,0
F,G,G,6980,100,6980,1,0
G,H,G,8849,100,8849,1,0
A,H,H,9942,100,9942,1,0
B,H,H,5733,100,5733,1,0
C,H,H,8888,100,8888,1,0
D,H,H,1560,100,1560,1,0
E,H,H,10165,100,10165,1,0
F,H,H,5462,100,5462,1,0
G,H,H,8894,100,8894,1,0
A,B,A,4743,100,4743,1,0
A,C,A,10637,100,10637,1,0
A,D,A,9542,100,9542,1,0
A,E,A,1416,100,1416,1,0
A,F,A,5078,100,5078,1,0
A,G,A,10613,100,10613,1,0
A,H,A,9919,100,9919,1,0
A,B,B,4776,100,4776,1,0
B,C,B,6997,100,6997,1,0
B,D,B,5337,100,5337,1,0
B,E,B,5171,100,5171,1,0
B,F,B,1365,100,1365,1,0
B,G,B,7058,100,7058,1,0
B,H,B,5712,100,5712,1,0
A,C,C,10635,100,10635,1,0
B,C,C,7054,100,7054,1,0
C,D,C,8748,100,8748,1,0
C,E,C,10844,100,10844,1,0
C,F,C,7210,100,7210,1,0
C,G,C,1384,100,1384,1,0
C,H,C,8935,100,8935,1,0
A,D,D,9541,100,9541,1,0
B,D,D,5309,100,5309,1,0
C,D,D,8751,100,8751,1,0
D,E,D,9896,100,9896,1,0
D,F,D,5386,100,5386,1,0
D,G,D,8844,100,8844,1,0
D,H,D,1531,100,1531,1,0
A,E,E,1393,100,1393,1,0
B,E,E,5206,100,5206,1,0
C,E,E,10835,100,10835,1,0
D,E,E,9911,100,9911,1,0
E,F,E,5111,100,5111,1,0
E,G,E,10636,100,10636,1,0
E,H,E,10164,100,10164,1,0
A,F,F,5015,100,5015,1,0
B,F,F,1365,100,1365,1,0
C,F,F,7179,100,7179,1,0
D,F,F,5397,100,5397,1,0
E,F,F,5082,100,5082,1,0
F,G,F,6990,100,6990,1,0
F,H,F,5490,100,5490,1,0
A,G,G,10645,100,10645,1,0
B,G,G,7058,100,7058,1,0
C,G,G,1346,100,1346,1,0
D,G,G,8888,100,8888,1,0
E,G,G,10646,100,10646,1,0
F,G,G,6985,100,6985,1,0
G,H,G,8864,100,8864,1,0
A,H,H,9924,100,9924,1,0
B,H,H,5725,100,5725,1,0
C,H,H,8929,100,8929,1,0
D,H,H,1495,100,1495,1,0
E,H,H,10143,100,10143,1,0
F,H,H,5469,100,5469,1,0
G,H,H,8894,100,8894,1,0
A,B,A,4804,100,4804,1,0
A,C,A,10660,100,10660,1,0
A,D,A,9521,100,9521,1,0
A,E,A,1397,100,1397,1,0
A,F,A,5061,100,5061,1,0
A,G,A,10643,100,10643,1,0
A,H,A,9938,100,9938,1,0
A,B,B,4762,100,4762,1,0
B,C,B,7011,100,7011,1,0
B,D,B,5311,100,5311,1,0
B,E,B,5236,100,5236,1,0
B,F,B,1359,100,1359,1,0
B,G,B,7065,100,7065,1,0
B,H,B,5782,100,5782,1,0
A,C,C,10589,100,10589,1,0
B,C,C,7029,100,7029,1,0
C,D,C,8764,100,8764,1,0
C,E,C,10838,100,10838,1,0
C,F,C,7173,100,7173,1,0
C,G,C,1418,100,1418,1,0
C,H,C,8991,100,8991,1,0
A,D,D,9530,100,9530,1,0
B,D,D,5242,100,5242,1,0
C,D,D,8762,100,8762,1,0
D,E,D,9922,100,9922,1,0
D,F,D,5385,100,5385,1,0
D,G,D,8901,100,8901,1,0
D,H,D,1500,100,1500,1,0
A,E,E,1405,100,1405,1,0
B,E,E,5154,100,5154,1,0
C,E,E,10741,100,10741,1,0
D,E,E,9955,100,9955,1,0
E,F,E,5094,100,5094,1,0
E,G,E,10641,100,10641,1,0
E,H,E,10167,100,10167,1,0
A,F,F,5068,100,5068,1,0
B,F,F,1371,100,1371,1,0
C,F,F,7218,100,7218,1,0
D,F,F,5352,100,5352,1,0
E,F,F,5091,100,5091,1,0
F,G,F,6988,100,6988,1,0
F,H,F,5446,100,5446,1,0
A,G,G,10591,100,10591,1,0
B,G,G,7078,100,7078,1,0
C,G,G,1411,100,1411,1,0
D,G,G,8879,100,8879,1,0
E,G,G,10637,100,10637,1,0
F,G,G,6995,100,6995,1,0
G,H,G,8871,100,8871,1,0
A,H,H,9927,100,9927,1,0
B,H,H,5734,100,5734,1,0
C,H,H,8928,100,8928,1,0
D,H,H,1556,100,1556,1,0
E,H,H,10126,100,10126,1,0
F,H,H,5444,100,5444,1,0
G,H,H,8850,100,8850,1,0
A,B,A,4747,100,4747,1,0
A,C,A,10615,100,10615,1,0
A,D,A,9520,100,9520,1,0
A,E,A,1400,100,1400,1,0
A,F,A,5014,100,5014,1,0
A,G,A,10596,100,10596,1,0
A,H,A,9914,100,9914,1,0
A,B,B,4753,100,4753,1,0
B,C,B,7016,100,7016,1,0
B,D,B,5330,100,5330,1,0
B,E,B,5184,100,5184,1,0
B,F,B,1367,100,1367,1,0
B,G,B,7071,100,7071,1,0
B,H,B,5751,100,5751,1,0
A,C,C,10667,100,10667,1,0
B,C,C,7056,100,7056,1,0
C,D,C,8721,100,8721,1,0
C,E,C,10788,100,10788,1,0
C,F,C,7167,100,7167,1,0
C,G,C,1371,100,1371,1,0
C,H,C,8933,100,8933,1,0
A,D,D,9538,100,9538,1,0
B,D,D,5291,100,5291,1,0
C,D,D,8752,100,8752,1,0
D,E,D,9873,100,9873,1,0
D,F,D,5343,100,5343,1,0
D,G,D,8884,100,8884,1,0
D,H,D,1496,100,1496,1,0
A,E,E,1393,100,1393,1,0
B,E,E,5235,100,5235,1,0
C,E,E,10824,100,10824,1,0
D,E,E,9964,100,9964,1,0
E,F,E,5068,100,5068,1,0
E,G,E,10636,100,10636,1,0
E,H,E,10167,100,10167,1,0
A,F,F,5072,100,5072,1,0
B,F,F,1341,100,1341,1,0
C,F,F,7225,100,7225,1,0
D,F,F,5360,100,5360,1,0
E,F,F,5077,100,5077,1,0
F,G,F,7008,100,7008,1,0
F,H,F,5494,100,5494,1,0
A,G,G,10600,100,10600,1,0
B,G,G,7069,100,7069,1,0
C,G,G,1389,100,1389,1,0
D,G,G,8922,100,8922,1,0
E,G,G,10628,100,10628,1,0
F,G,G,6974,100,6974,1,0
G,H,G,8870,100,8870,1,0
A,H,H,10007,100,10007,1,0
B,H,H,5711,100,5711,1,0
C,H,H,8906,100,8906,1,0
D,H,H,1510,100,1510,1,0
E,H,H,10134,100,10134,1,0
F,H,H,5479,100,5479,1,0
G,H,H,8873,100,8873,1,0
A,B,A,4797,100,4797,1,0
A,C,A,10673,100,10673,1,0
A,D,A,9519,100,9519,1,0
A,E,A,1349,100,1349,1,0
A,F,A,5068,100,5068,1,0
A,G,A,10599,100,10599,1,0
A,H,A,9993,100,9993,1,0
A,B,B,4775,100,4775,1,0
B,C,B,7041,100,7041,1,0
B,D,B,5257,100,5257,1,0
B,E,B,5170,100,5170,1,0
B,F,B,1349,100,1349,1,0
B,G,B,7073,100,7073,1,0
B,H,B,5763,100,5763,1,0
A,C,C,10662,100,10662,1,0
B,C,C,7019,100,7019,1,0
C,D,C,8702,100,8702,1,0
C,E,C,10835,100,10835,1,0
C,F,C,7186,100,7186,1,0
C,G,C,1365,100,1365,1,0
C,H,C,8939,100,8939,1,0
A,D,D,9529,100,9529,1,0
B,D,D,5331,100,5331,1,0
C,D,D,8778,100,8778,1,0
D,E,D,9921,100,9921,1,0
D,F,D,5423,100,5423,1,0
D,G,D,8888,100,8888,1,0
D,H,D,1450,100,1450,1,0
A,E,E,1417,100,1417,1,0
B,E,E,5185,100,5185,1,0
C,E,E,10814,100,10814,1,0
D,E,E,9929,100,9929,1,0
E,F,E,5093,100,5093,1,0
E,G,E,10630,100,10630,1,0
E,H,E,10116,100,10116,1,0
A,F,F,5046,100,5046,1,0
B,F,F,1335,100,1335,1,0
C,F,F,7196,100,7196,1,0
D,F,F,5365,100,5365,1,0
E,F,F,5096,100,5096,1,0
F,G,F,7012,100,7012,1,0
F,H,F,5457,100,5457,1,0
A,G,G,10560,100,10560,1,0
B,G,G,7101,100,7101,1,0
C,G,G,1389,100,1389,1,0
D,G,G,8861,100,8861,1,0
E,G,G,10663,100,10663,1,0
F,G,G,6975,100,6975,1,0
G,H,G,8883,100,8883,1,0
A,H,H,9979,100,9979,1,0
B,H,H,5715,100,5715,1,0
C,H,H,8934,100,8934,1,0
D,H,H,1493,100,1493,1,0
E,H,H,10149,100,10149,1,0
F,H,H,5442,100,5442,1,0
G,H,H,8857,100,8857,1,0
A,B,A,4790,100,4790,1,0
A,C,A,10632,100,10632,1,0
A,D,A,9546,100,9546,1,0
A,E,A,1456,100,1456,1,0
A,F,A,5059,100,5059,1,0
A,G,A,10676,100,10676,1,0
A,H,A,9918,100,9918,1,0
A,B,B,4775,100,4775,1,0
B,C,B,6977,100,6977,1,0
B,D,B,5319,100,5319,1,0
B,E,B,5193,100,5193,1,0
B,F,B,1363,100,1363,1,0
B,G,B,7042,100,7042,1,0
B,H,B,5728,100,5728,1,0
A,C,C,10739,100,10739,1,0
B,C,C,7019,100,7019,1,0
C,D,C,8754,100,8754,1,0
C,E,C,10812,100,10812,1,0
C,F,C,7184,100,7184,1,0
C,G,C,1373,100,1373,1,0
C,H,C,8892,100,8892,1,0
A,D,D,9549,100,9549,1,0
B,D,D,5258,100,5258,1,0
C,D,D,8751,100,8751,1,0
D,E,D,9957,100,9957,1,0
D,F,D,5401,100,5401,1,0
D,G,D,8917,100,8917,1,0
D,H,D,1477,100,1477,1,0
A,E,E,1432,100,1432,1,0
B,E,E,5134,100,5134,1,0
C,E,E,10805,100,10805,1,0
D,E,E,9987,100,9987,1,0
E,F,E,5106,100,5106,1,0
E,G,E,10644,100,10644,1,0
E,H,E,10177,100,10177,1,0
A,F,F,5089,100,5089,1,0
B,F,F,1368,100,1368,1,0
C,F,F,7199,100,7199,1,0
D,F,F,5365,100,5365,1,0
E,F,F,5086,100,5086,1,0
F,G,F,6990,100,6990,1,0
F,H,F,5424,100,5424,1,0
A,G,G,10580,100,10580,1,0
B,G,G,7074,100,7074,1,0
C,G,G,1400,100,1400,1,0
D,G,G,8826,100,8826,1,0
E,G,G,10618,100,10618,1,0
F,G,G,7009,100,7009,1,0
G,H,G,8881,100,8881,1,0
A,H,H,9983,100,9983,1,0
B,H,H,5696,100,5696,1,0
C,H,H,8897,100,8897,1,0
D,H,H,1482,100,1482,1,0
E,H,H,10155,100,10155,1,0
F,H,H,5466,100,5466,1,0
G,H,H,8901,100,8901,1,0
A,B,A,4766,100,4766,1,0
A,C,A,10595,100,10595,1,0
A,D,A,9517,100,9517,1,0
A,E,A,1436,100,1436,1,0
A,F,A,5055,100,5055,1,0
A,G,A,10653,100,10653,1,0
A,H,A,9939,100,9939,1,0
A,B,B,4787,100,4787,1,0
B,C,B,7008,100,7008,1,0
B,D,B,5289,100,5289,1,0
B,E,B,5228,100,5228,1,0
B,F,B,1309,100,1309,1,0
B,G,B,7059,100,7059,1,0
B,H,B,5758,100,5758,1,0
A,C,C,10682,100,10682,1,0
B,C,C,7014,100,7014,1,0
C,D,C,8736,100,8736,1,0
C,E,C,10831,100,10831,1,0
C,F,C,7195,100,7195,1,0
C,G,C,1324,100,1324,1,0
C,H,C,8941,100,8941,1,0
A,D,D,9525,100,9525,1,0
B,D,D,5300,100,5300,1,0
C,D,D,8764,100,8764,1,0
D,E,D,9939,100,9939,1,0
D,F,D,5358,100,5358,1,0
D,G,D,8927,100,8927,1,0
D,H,D,1452,100,1452,1,0
A,E,E,1438,100,1438,1,0
B,E,E,5193,100,5193,1,0
C,E,E,10830,100,10830,1,0
D,E,E,9935,100,9935,1,0
E,F,E,5102,100,5102,1,0
E,G,E,10624,100,10624,1,0
E,H,E,10132,100,10132,1,0
A,F,F,5095,100,5095,1,0
B,F,F,1318,100,1318,1,0
C,F,F,7195,100,7195,1,0
D,F,F,5363,100,5363,1,0
E,F,F,5110,100,5110,1,0
F,G,F,7022,100,7022,1,0
F,H,F,5466,100,5466,1,0
A,G,G,10628,100,10628,1,0
B,G,G,7068,100,7068,1,0
C,G,G,1412,100,1412,1,0
D,G,G,8891,100,8891,1,0
E,G,G,10611,100,10611,1,0
F,G,G,7011,100,7011,1,0
G,H,G,8854,100,8854,1,0
A,H,H,9946,100,9946,1,0
B,H,H,5751,100,5751,1,0
C,H,H,8955,100,8955,1,0
D,H,H,1474,100,1474,1,0
E,H,H,10171,100,10171,1,0
F,H,H,5513,100,5513,1,0
G,H,H,8841,100,8841,1,0
A,B,A,4792,100,4792,1,0
A,C,A,10728,100,10728,1,0
A,D,A,9555,100,9555,1,0
A,E,A,1404,100,1404,1,0
A,F,A,5081,100,5081,1,0
A,G,A,10650,100,10650,1,0
A,H,A,9955,100,9955,1,0
A,B,B,4775,100,4775,1,0
B,C,B,7020,100,7020,1,0
B,D,B,5306,100,5306,1,0
B,E,B,5199,100,5199,1,0
B,F,B,1367,100,1367,1,0
B,G,B,7090,100,7090,1,0
B,H,B,5824,100,5824,1,0
A,C,C,10644,100,10644,1,0
B,C,C,7016,100,7016,1,0
C,D,C,8734,100,8734,1,0
C,E,C,10794,100,10794,1,0
C,F,C,7187,100,7187,1,0
C,G,C,1370,100,1370,1,0
C,H,C,8935,100,8935,1,0
A,D,D,9504,100,9504,1,0
B,D,D,5293,100,5293,1,0
C,D,D,8730,100,8730,1,0
D,E,D,9966,100,9966,1,0
D,F,D,5397,100,5397,1,0
D,G,D,8920,100,8920,1,0
D,H,D,1475,100,1475,1,0
A,E,E,1454,100,1454,1,0
B,E,E,5157,100,5157,1,0
C,E,E,10807,100,10807,1,0
D,E,E,9997,100,9997,1,0
E,F,E,5102,100,5102,1,0
E,G,E,10660,100,10660,1,0
E,H,E,10172,100,10172,1,0
A,F,F,5068,100,5068,1,0
B,F,F,1336,100,1336,1,0
C,F,F,7183,100,7183,1,0
D,F,F,5364,100,5364,1,0
E,F,F,5105,100,5105,1,0
F,G,F,6972,100,6972,1,0
F,H,F,5430,100,5430,1,0
A,G,G,10649,100,10649,1,0
B,G,G,7062,100,7062,1,0
C,G,G,1407,100,1407,1,0
D,G,G,8913,100,8913,1,0
E,G,G,10626,100,10626,1,0
F,G,G,6997,100,6997,1,0
G,H,G,8838,100,8838,1,0
A,H,H,9925,100,9925,1,0
B,H,H,5745,100,5745,1,0
C,H,H,8922,100,8922,1,0
D,H,H,1485,100,1485,1,0
E,H,H,10152,100,10152,1,0
F,H,H,5454,100,5454,1,0
G,H,H,8867,100,8867,1,0
A,B,A,4741,100,4741,1,0
A,C,A,10657,100,10657,1,0
A,D,A,9511,100,9511,1,0
A,E,A,1445,100,1445,1,0
A,F,A,5055,100,5055,1,0
A,G,A,10666,100,10666,1,0
A,H,A,9928,100,9928,1,0
A,B,B,4782,100,4782,1,0
B,C,B,6963,100,6963,1,0
B,D,B,5267,100,5267,1,0
B,E,B,5187,100,5187,1,0
B,F,B,1364,100,1364,1,0
B,G,B,7070,100,7070,1,0
B,H,B,5760,100,5760,1,0
A,C,C,10608,100,10608,1,0
B,C,C,7005,100,7005,1,0
C,D,C,8747,100,8747,1,0
C,E,C,10801,100,10801,1,0
C,F,C,7196,100,7196,1,0
C,G,C,1360,100,1360,1,0
C,H,C,8991,100,8991,1,0
A,D,D,9500,100,9500,1,0
B,D,D,5330,100,5330,1,0
C,D,D,8721,100,8721,1,0
D,E,D,9937,100,9937,1,0
D,F,D,5334,100,5334,1,0
D,G,D,8904,100,8904,1,0
D,H,D,1512,100,1512,1,0
A,E,E,1423,100,1423,1,0
B,E,E,5169,100,5169,1,0
C,E,E,10797,100,10797,1,0
D,E,E,9956,100,9956,1,0
E,F,E,5088,100,5088,1,0
E,G,E,10663,100,10663,1,0
E,H,E,10127,100,10127,1,0
A,F,F,5049,100,5049,1,0
B,F,F,1372,100,1372,1,0
C,F,F,7218,100,7218,1,0
D,F,F,5360,100,5360,1,0
E,F,F,5077,100,5077,1,0
F,G,F,7001,100,7001,1,0
F,H,F,5465,100,5465,1,0
A,G,G,10617,100,10617,1,0
B,G,G,7083,100,7083,1,0
C,G,G,1353,100,1353,1,0
D,G,G,8912,100,8912,1,0
E,G,G,10610,100,10610,1,0
F,G,G,7035,100,7035,1,0
G,H,G,8899,100,8899,1,0
A,H,H,9931,100,9931,1,0
B,H,H,5765,100,5765,1,0
C,H,H,8942,100,8942,1,0
D,H,H,1482,100,1482,1,0
E,H,H,10157,100,10157,1,0
F,H,H,5442,100,5442,1,0
G,H,H,8855,100,8855,1,0
A,B,A,4753,100,4753,1,0
A,C,A,10664,100,10664,1,0
A,D,A,9506,100,9506,1,0
A,E,A,1417,100,1417,1,0
A,F,A,5059,100,5059,1,0
A,G,A,10584,100,10584,1,0
A,H,A,9990,100,9990,1,0
A,B,B,4741,100,4741,1,0
B,C,B,6991,100,6991,1,0
B,D,B,5281,100,5281,1,0
B,E,B,5216,100,5216,1,0
B,F,B,1353,100,1353,1,0
B,G,B,7083,100,7083,1,0
B,H,B,5692,100,5692,1,0
A,C,C,10619,100,10619,1,0
B,C,C,7022,100,7022,1,0
C,D,C,8725,100,8725,1,0
C,E,C,10807,100,10807,1,0
C,F,C,7220,100,7220,1,0
C,G,C,1351,100,1351,1,0
C,H,C,8953,100,8953,1,0
A,D,D,9531,100,9531,1,0
B,D,D,5320,100,5320,1,0
C,D,D,8735,100,8735,1,0
D,E,D,9891,100,9891,1,0
D,F,D,5379,100,5379,1,0
D,G,D,8880,100,8880,1,0
D,H,D,1543,100,1543,1,0
A,E,E,1401,100,1401,1,0
B,E,E,5146,100,5146,1,0
C,E,E,10823,100,10823,1,0
D,E,E,9925,100,9925,1,0
E,F,E,5106,100,5106,1,0
E,G,E,10630,100,10630,1,0
E,H,E,10177,100,10177,1,0
A,F,F,5068,100,5068,1,0
B,F,F,1354,100,1354,1,0
C,F,F,7199,100,7199,1,0
D,F,F,5349,100,5349,1,0
E,F,F,5073,100,5073,1,0
F,G,F,6988,100,6988,1,0
F,H,F,5438,100,5438,1,0
A,G,G,10627,100,10627,1,0
B,G,G,7062,100,7062,1,0
C,G,G,1350,100,1350,1,0
D,G,G,8901,100,8901,1,0
E,G,G,10639,100,10639,1,0
F,G,G,6969,100,6969,1,0
G,H,G,8884,100,8884,1,0
A,H,H,9935,100,9935,1,0
B,H,H,5737,100,5737,1,0
C,H,H,8925,100,8925,1,0
D,H,H,1483,100,1483,1,0
E,H,H,10116,100,10116,1,0
F,H,H,5422,100,5422,1,0
G,H,H,8880,100,8880,1,0
A,B,A,4795,100,4795,1,0
A,C,A,10666,100,10666,1,0
A,D,A,9538,100,9538,1,0
A,E,A,1430,100,1430,1,0
A,F,A,5072,100,5072,1,0
A,G,A,10640,100,10640,1,0
A,H,A,9938,100,9938,1,0
A,B,B,4780,100,4780,1,0
B,C,B,7024,100,7024,1,0
B,D,B,5308,100,5308,1,0
B,E,B,5186,100,5186,1,0
B,F,B,1319,100,1319,1,0
B,G,B,7077,100,7077,1,0
B,H,B,5782,100,5782,1,0
A,C,C,10661,100,10661,1,0
B,C,C,7026,100,7026,1,0
C,D,C,8724,100,8724,1,0
C,E,C,10808,100,10808,1,0
C,F,C,7198,100,7198,1,0
C,G,C,1371,100,1371,1,0
C,H,C,8915,100,8915,1,0
A,D,D,9519,100,9519,1,0
B,D,D,5286,100,5286,1,0
C,D,D,8761,100,8761,1,0
D,E,D,9904,100,9904,1,0
D,F,D,5362,100,5362,1,0
D,G,D,8937,100,8937,1,0
D,H,D,1497,100,1497,1,0
A,E,E,1447,100,1447,1,0
B,E,E,5164,100,5164,1,0
C,E,E,10786,100,10786,1,0
D,E,E,9917,100,9917,1,0
E,F,E,5079,100,5079,1,0
E,G,E,10645,100,10645,1,0
E,H,E,10136,100,10136,1,0
A,F,F,5089,100,5089,1,0
B,F,F,1344,100,1344,1,0
C,F,F,7188,100,7188,1,0
D,F,F,5342,100,5342,1,0
E,F,F,5108,100,5108,1,0
F,G,F,7003,100,7003,1,0
F,H,F,5412,100,5412,1,0
A,G,G,10593,100,10593,1,0
B,G,G,7092,100,7092,1,0
C,G,G,1401,100,1401,1,0
D,G,G,8861,100,8861,1,0
E,G,G,10615,100,10615,1,0
F,G,G,6976,100,6976,1,0
G,H,G,8860,100,8860,1,0
A,H,H,9907,100,9907,1,0
B,H,H,5726,100,5726,1,0
C,H,H,8970,100,8970,1,0
D,H,H,1493,100,1493,1,0
E,H,H,10136,100,10136,1,0
F,H,H,5426,100,5426,1,0
G,H,H,8854,100,8854,1,0
A,B,A,4729,100,4729,1,0
A,C,A,10646,100,10646,1,0
A,D,A,9544,100,9544,1,0
A,E,A,1411,100,1411,1,0
A,F,A,5031,100,5031,1,0
A,G,A,10571,100,10571,1,0
A,H,A,9964,100,9964,1,0
A,B,B,4726,100,4726,1,0
B,C,B,7003,100,7003,1,0
B,D,B,5270,100,5270,1,0
B,E,B,5178,100,5178,1,0
B,F,B,1349,100,1349,1,0
B,G,B,7057,100,7057,1,0
B,H,B,5736,100,5736,1,0
A,C,C,10640,100,10640,1,0
B,C,C,6979,100,6979,1,0
C,D,C,8713,100,8713,1,0
C,E,C,10830,100,10830,1,0
C,F,C,7179,100,7179,1,0
C,G,C,1347,100,1347,1,0
C,H,C,8892,100,8892,1,0
A,D,D,9557,100,9557,1,0
B,D,D,5277,100,5277,1,0
C,D,D,8791,100,8791,1,0
D,E,D,9926,100,9926,1,0
D,F,D,5366,100,5366,1,0
D,G,D,8904,100,8904,1,0
D,H,D,1547,100,1547,1,0
A,E,E,1397,100,1397,1,0
B,E,E,5141,100,5141,1,0
C,E,E,10770,100,10770,1,0
D,E,E,10003,100,10003,1,0
E,F,E,5062,100,5062,1,0
E,G,E,10636,100,10636,1,0
E,H,E,10162,100,10162,1,0
A,F,F,5054,100,5054,1,0
B,F,F,1367,100,1367,1,0
C,F,F,7190,100,7190,1,0
D,F,F,5360,100,5360,1,0
E,F,F,5096,100,5096,1,0
F,G,F,7000,100,7000,1,0
F,H,F,5416,100,5416,1,0
A,G,G,10600,100,10600,1,0
B,G,G,7103,100,7103,1,0
C,G,G,1370,100,1370,1,0
D,G,G,8884,100,8884,1,0
E,G,G,10635,100,10635,1,0
F,G,G,7026,100,7026,1,0
G,H,G,8901,100,8901,1,0
A,H,H,9971,100,9971,1,0
B,H,H,5712,100,5712,1,0
C,H,H,8965,100,8965,1,0
D,H,H,1520,100,1520,1,0
E,H,H,10150,100,10150,1,0
F,H,H,5479,100,5479,1,0
G,H,H,8850,100,8850,1,0
A,B,A,4813,100,4813,1,0
A,C,A,10619,100,10619,1,0
A,D,A,9543,100,9543,1,0
A,E,A,1412,100,1412,1,0
A,F,A,5060,100,5060,1,0
A,G,A,10576,100,10576,1,0
A,H,A,9898,100,9898,1,0
A,B,B,4774,100,4774,1,0
B,C,B,7061,100,7061,1,0
B,D,B,5283,100,5283,1,0
B,E,B,5149,100,5149,1,0
B,F,B,1339,100,1339,1,0
B,G,B,7087,100,7087,1,0
B,H,B,5818,100,5818,1,0
A,C,C,10627,100,10627,1,0
B,C,C,7025,100,7025,1,0
C,D,C,8764,100,8764,1,0
C,E,C,10771,100,10771,1,0
C,F,C,7195,100,7195,1,0
C,G,C,1328,100,1328,1,0
C,H,C,8937,100,8937,1,0
A,D,D,9567,100,9567,1,0
B,D,D,5324,100,5324,1,0
C,D,D,8761,100,8761,1,0
D,E,D,9946,100,9946,1,0
D,F,D,5398,100,5398,1,0
D,G,D,8862,100,8862,1,0
D,H,D,1475,100,1475,1,0
A,E,E,1430,100,1430,1,0
B,E,E,5185,100,5185,1,0
C,E,E,10830,100,10830,1,0
D,E,E,9944,100,9944,1,0
E,F,E,5102,100,5102,1,0
E,G,E,10649,100,10649,1,0
E,H,E,10160,100,10160,1,0
A,F,F,5034,100,5034,1,0
B,F,F,1349,100,1349,1,0
C,F,F,7187,100,7187,1,0
D,F,F,5357,100,5357,1,0
E,F,F,5095,100,5095,1,0
F,G,F,6991,100,6991,1,0
F,H,F,5449,100,5449,1,0
A,G,G,10656,100,10656,1,0
B,G,G,7085,100,7085,1,0
C,G,G,1318,100,1318,1,0
D,G,G,8881,100,8881,1,0
E,G,G,10630,100,10630,1,0
F,G,G,7008,100,7008,1,0
G,H,G,8861,100,8861,1,0
A,H,H,9923,100,9923,1,0
B,H,H,5805,100,5805,1,0
C,H,H,8919,100,8919,1,0
D,H,H,1478,100,1478,1,0
E,H,H,10121,100,10121,1,0
F,H,H,5456,100,5456,1,0
G,H,H,8893,100,8893,1,0
A,B,A,4719,100,4719,1,0
A,C,A,10634,100,10634,1,0
A,D,A,9528,100,9528,1,0
A,E,A,1383,100,1383,1,0
A,F,A,5073,100,5073,1,0
A,G,A,10669,100,10669,1,0
A,H,A,9960,100,9960,1,0
A,B,B,4741,100,4741,1,0
B,C,B,7018,100,7018,1,0
B,D,B,5308,100,5308,1,0
B,E,B,5187,100,5187,1,0
B,F,B,1364,100,1364,1,0
B,G,B,7134,100,7134,1,0
B,H,B,5742,100,5742,1,0
A,C,C,10612,100,10612,1,0
B,C,C,7014,100,7014,1,0
C,D,C,8748,100,8748,1,0
C,E,C,10816,100,10816,1,0
C,F,C,7197,100,7197,1,0
C,G,C,1354,100,1354,1,0
C,H,C,8971,100,8971,1,0
A,D,D,9556,100,9556,1,0
B,D,D,5239,100,5239,1,0
C,D,D,8724,100,8724,1,0
D,E,D,9902,100,9902,1,0
D,F,D,5410,100,5410,1,0
D,G,D,8899,100,8899,1,0
D,H,D,1550,100,1550,1,0
A,E,E,1398,100,1398,1,0
B,E,E,5169,100,5169,1,0
C,E,E,10830,100,10830,1,0
D,E,E,9927,100,9927,1,0
E,F,E,5123,100,5123,1,0
E,G,E,10628,100,10628,1,0
E,H,E,10106,100,10106,1,0
A,F,F,5057,100,5057,1,0
B,F,F,1392,100,1392,1,0
C,F,F,7209,100,7209,1,0
D,F,F,5365,100,5365,1,0
E,F,F,5095,100,5095,1,0
F,G,F,6971,100,6971,1,0
F,H,F,5463,100,5463,1,0
A,G,G,10602,100,10602,1,0
B,G,G,7053,100,7053,1,0
C,G,G,1354,100,1354,1,0
D,G,G,8908,100,8908,1,0
E,G,G,10625,100,10625,1,0
F,G,G,7007,100,7007,1,0
G,H,G,8870,100,8870,1,0
A,H,H,9951,100,9951,1,0
B,H,H,5769,100,5769,1,0
C,H,H,8901,100,8901,1,0
D,H,H,1506,100,1506,1,0
E,H,H,10169,100,10169,1,0
F,H,H,5462,100,5462,1,0
G,H,H,8863,100,8863,1,0
A,B,A,4803,100,4803,1,0
A,C,A,10631,100,10631,1,0
A,D,A,9534,100,9534,1,0
A,E,A,1399,100,1399,1,0
A,F,A,5063,100,5063,1,0
A,G,A,10617,100,10617,1,0
A,H,A,9949,100,9949,1,0
A,B,B,4750,100,4750,1,0
B,C,B,6983,100,6983,1,0
B,D,B,5279,100,5279,1,0
B,E,B,5166,100,5166,1,0
B,F,B,1344,100,1344,1,0
B,G,B,7066,100,7066,1,0
B,H,B,5716,100,5716,1,0
A,C,C,10615,100,10615,1,0
B,C,C,6993,100,6993,1,0
C,D,C,8741,100,8741,1,0
C,E,C,10806,100,10806,1,0
C,F,C,7200,100,7200,1,0
C,G,C,1353,100,1353,1,0
C,H,C,8929,100,8929,1,0
A,D,D,9520,100,9520,1,0
B,D,D,5245,100,5245,1,0
C,D,D,8735,100,8735,1,0
D,E,D,9989,100,9989,1,0
D,F,D,5358,100,5358,1,0
D,G,D,8908,100,8908,1,0
D,H,D,1482,100,1482,1,0
A,E,E,1423,100,1423,1,0
B,E,E,5145,100,5145,1,0
C,E,E,10853,100,10853,1,0
D,E,E,9900,100,9900,1,0
E,F,E,5086,100,5086,1,0
E,G,E,10661,100,10661,1,0
E,H,E,10131,100,10131,1,0
A,F,F,5050,100,5050,1,0
B,F,F,1370,100,1370,1,0
C,F,F,7232,100,7232,1,0
D,F,F,5392,100,5392,1,0
E,F,F,5110,100,5110,1,0
F,G,F,7015,100,7015,1,0
F,H,F,5443,100,5443,1,0
A,G,G,10613,100,10613,1,0
B,G,G,7077,100,7077,1,0
C,G,G,1383,100,1383,1,0
D,G,G,8875,100,8875,1,0
E,G,G,10597,100,10597,1,0
F,G,G,6976,100,6976,1,0
G,H,G,8861,100,8861,1,0
A,H,H,9959,100,9959,1,0
B,H,H,5778,100,5778,1,0
C,H,H,8915,100,8915,1,0
D,H,H,1485,100,1485,1,0
E,H,H,10156,100,10156,1,0
F,H,H,5445,100,5445,1,0
G,H,H,8877,100,8877,1,0
A,B,A,4739,100,4739,1,0
A,C,A,10662,100,10662,1,0
A,D,A,9515,100,9515,1,0
A,E,A,1445,100,1445,1,0
A,F,A,5043,100,5043,1,0
A,G,A,10682,100,10682,1,0
A,H,A,9955,100,9955,1,0
A,B,B,4738,100,4738,1,0
B,C,B,7011,100,7011,1,0
B,D,B,5270,100,5270,1,0
B,E,B,5190,100,5190,1,0
B,F,B,1338,100,1338,1,0
B,G,B,7087,100,7087,1,0
B,H,B,5738,100,5738,1,0
A,C,C,10622,100,10622,1,0
B,C,C,7025,100,7025,1,0
C,D,C,8728,100,8728,1,0
C,E,C,10802,100,10802,1,0
C,F,C,7192,100,7192,1,0
C,G,C,1362,100,1362,1,0
C,H,C,8937,100,8937,1,0
A,D,D,9546,100,9546,1,0
B,D,D,5291,100,5291,1,0
C,D,D,8771,100,8771,1,0
D,E,D,9963,100,9963,1,0
D,F,D,5362,100,5362,1,0
D,G,D,8895,100,8895,1,0
D,H,D,1498,100,1498,1,0
A,E,E,1376,100,1376,1,0
B,E,E,5173,100,5173,1,0
C,E,E,10802,100,10802,1,0
D,E,E,9921,100,9921,1,0
E,F,E,5128,100,5128,1,0
E,G,E,10644,100,10644,1,0
E,H,E,10151,100,10151,1,0
A,F,F,5081,100,5081,1,0
B,F,F,1345,100,1345,1,0
C,F,F,7182,100,7182,1,0
D,F,F,5390,100,5390,1,0
E,F,F,5073,100,5073,1,0
F,G,F,7041,100,7041,1,0
F,H,F,5461,100,5461,1,0
A,G,G,10643,100,10643,1,0
B,G,G,7083,100,7083,1,0
C,G,G,1386,100,1386,1,0
D,G,G,8919,100,8919,1,0
E,G,G,10623,100,10623,1,0
F,G,G,7014,100,7014,1,0
G,H,G,8886,100,8886,1,0
A,H,H,9929,100,9929,1,0
B,H,H,5730,100,5730,1,0
C,H,H,8959,100,8959,1,0
D,H,H,1531,100,1531,1,0
E,H,H,10133,100,10133,1,0
F,H,H,5446,100,5446,1,0
G,H,H,8871,100,8871,1,0
A,B,A,4793,100,4793,1,0
A,C,A,10664,100,10664,1,0
A,D,A,9543,100,9543,1,0
A,E,A,1391,100,1391,1,0
A,F,A,5029,100,5029,1,0
A,G,A,10615,100,10615,1,0
A,H,A,9910,100,9910,1,0
A,B,B,4797,100,4797,1,0
B,C,B,7053,100,7053,1,0
B,D,B,5264,100,5264,1,0
B,E,B,5157,100,5157,1,0
B,F,B,1386,100,1386,1,0
B,G,B,7073,100,7073,1,0
B,H,B,5679,100,5679,1,0
A,C,C,10634,100,10634,1,0
B,C,C,7009,100,7009,1,0
C,D,C,8717,100,8717,1,0
C,E,C,10830,100,10830,1,0
C,F,C,7193,100,7193,1,0
C,G,C,1373,100,1373,1,0
C,H,C,8917,100,8917,1,0
A,D,D,9534,100,9534,1,0
B,D,D,5347,100,5347,1,0
C,D,D,8707,100,8707,1,0
D,E,D,9905,100,9905,1,0
D,F,D,5389,100,5389,1,0
D,G,D,8892,100,8892,1,0
D,H,D,1464,100,1464,1,0
A,E,E,1404,100,1404,1,0
B,E,E,5200,100,5200,1,0
C,E,E,10781,100,10781,1,0
D,E,E,9894,100,9894,1,0
E,F,E,5083,100,5083,1,0
E,G,E,10665,100,10665,1,0
E,H,E,10106,100,10106,1,0
A,F,F,5058,100,5058,1,0
B,F,F,1368,100,1368,1,0
C,F,F,7170,100,7170,1,0
D,F,F,5354,100,5354,1,0
E,F,F,5104,100,5104,1,0
F,G,F,7012,100,7012,1,0
F,H,F,5488,100,5488,1,0
A,G,G,10617,100,10617,1,0
B,G,G,7069,100,7069,1,0
C,G,G,1344,100,1344,1,0
D,G,G,8901,100,8901,1,0
E,G,G,10637,100,10637,1,0
F,G,G,6978,100,6978,1,0
G,H,G,8850,100,8850,1,0
A,H,H,9937,100,9937,1,0
B,H,H,5678,100,5678,1,0
C,H,H,8941,100,8941,1,0
D,H,H,1485,100,1485,1,0
E,H,H,10129,100,10129,1,0
F,H,H,5434,100,5434,1,0
G,H,H,8861,100,8861,1,0
A,B,A,4810,100,4810,1,0
A,C,A,10646,100,10646,1,0
A,D,A,9538,100,9538,1,0
A,E,A,1372,100,1372,1,0
A,F,A,5087,100,5087,1,0
A,G,A,10660,100,10660,1,0
A,H,A,9940,100,9940,1,0
A,B,B,4788,100,4788,1,0
B,C,B,7006,100,7006,1,0
B,D,B,5309,100,5309,1,0
B,E,B,5153,100,5153,1,0
B,F,B,1356,100,1356,1,0
B,G,B,7078,100,7078,1,0
B,H,B,5745,100,5745,1,0
A,C,C,10608,100,10608,1,0
B,C,C,7014,100,7014,1,0
C,D,C,8738,100,8738,1,0
C,E,C,10786,100,10786,1,0
C,F,C,7158,100,7158,1,0
C,G,C,1425,100,1425,1,0
C,H,C,8949,100,8949,1,0
A,D,D,9535,100,9535,1,0
B,D,D,5280,100,5280,1,0
C,D,D,8741,100,8741,1,0
D,E,D,9931,100,9931,1,0
D,F,D,5349,100,5349,1,0
D,G,D,8886,100,8886,1,0
D,H,D,1513,100,1513,1,0
A,E,E,1388,100,1388,1,0
B,E,E,5161,100,5161,1,0
C,E,E,10828,100,10828,1,0
D,E,E,9929,100,9929,1,0
E,F,E,5093,100,5093,1,0
E,G,E,10633,100,10633,1,0
E,H,E,10144,100,10144,1,0
A,F,F,5082,100,5082,1,0
B,F,F,1337,100,1337,1,0
C,F,F,7177,100,7177,1,0
D,F,F,5352,100,5352,1,0
E,F,F,5098,100,5098,1,0
F,G,F,6999,100,6999,1,0
F,H,F,5495,100,5495,1,0
A,G,G,10639,100,10639,1,0
B,G,G,7065,100,7065,1,0
C,G,G,1363,100,1363,1,0
D,G,G,8932,100,8932,1,0
E,G,G,10626,100,10626,1,0
F,G,G,6985,100,6985,1,0
G,H,G,8891,100,8891,1,0
A,H,H,9957,100,9957,1,0
B,H,H,5810,100,5810,1,0
C,H,H,8932,100,8932,1,0
D,H,H,1525,100,1525,1,0
E,H,H,10120,100,10120,1,0
F,H,H,5490,100,5490,1,0
G,H,H,8857,100,8857,1,0
A,B,A,4770,100,4770,1,0
A,C,A,10643,100,10643,1,0
A,D,A,9526,100,9526,1,0
A,E,A,1397,100,1397,1,0
A,F,A,5046,100,5046,1,0
A,G,A,10601,100,10601,1,0
A,H,A,9939,100,9939,1,0
A,B,B,4784,100,4784,1,0
B,C,B,7007,100,7007,1,0
B,D,B,5331,100,5331,1,0
B,E,B,5199,100,5199,1,0
B,F,B,1340,100,1340,1,0
B,G,B,7044,100,7044,1,0
B,H,B,5696,100,5696,1,0
A,C,C,10633,100,10633,1,0
B,C,C,7003,100,7003,1,0
C,D,C,8755,100,8755,1,0
C,E,C,10860,100,10860,1,0
C,F,C,7184,100,7184,1,0
C,G,C,1405,100,1405,1,0
C,H,C,8918,100,8918,1,0
A,D,D,9584,100,9584,1,0
B,D,D,5298,100,5298,1,0
C,D,D,8775,100,8775,1,0
D,E,D,9909,100,9909,1,0
D,F,D,5339,100,5339,1,0
D,G,D,8904,100,8904,1,0
D,H,D,1522,100,1522,1,0
A,E,E,1379,100,1379,1,0
B,E,E,5182,100,5182,1,0
C,E,E,10800,100,10800,1,0
D,E,E,9863,100,9863,1,0
E,F,E,5101,100,5101,1,0
E,G,E,10615,100,10615,1,0
E,H,E,10150,100,10150,1,0
A,F,F,5054,100,5054,1,0
B,F,F,1371,100,1371,1,0
C,F,F,7203,100,7203,1,0
D,F,F,5357,100,5357,1,0
E,F,F,5113,100,5113,1,0
F,G,F,6997,100,6997,1,0
F,H,F,5468,100,5468,1,0
A,G,G,10599,100,10599,1,0
B,G,G,7058,100,7058,1,0
C,G,G,1379,100,1379,1,0
D,G,G,8902,100,8902,1,0
E,G,G,10669,100,10669,1,0
F,G,G,7000,100,7000,1,0
G,H,G,8860,100,8860,1,0
A,H,H,9903,100,9903,1,0
B,H,H,5703,100,5703,1,0
C,H,H,8938,100,8938,1,0
D,H,H,1478,100,1478,1,0
E,H,H,10127,100,10127,1,0
F,H,H,5437,100,5437,1,0
G,H,H,8854,100,8854,1,0
A,B,A,4783,100,4783,1,0
A,C,A,10714,100,10714,1,0
A,D,A,9516,100,9516,1,0
A,E,A,1402,100,1402,1,0
A,F,A,5079,100,5079,1,0
A,G,A,10628,100,10628,1,0
A,H,A,9910,100,9910,1,0
A,B,B,4767,100,4767,1,0
B,C,B,7016,100,7016,1,0
B,D,B,5334,100,5334,1,0
B,E,B,5260,100,5260,1,0
B,F,B,1352,100,1352,1,0
B,G,B,7058,100,7058,1,0
B,H,B,5758,100,5758,1,0
A,C,C,10649,100,10649,1,0
B,C,C,7001,100,7001,1,0
C,D,C,8761,100,8761,1,0
C,E,C,10798,100,10798,1,0
C,F,C,7204,100,7204,1,0
C,G,C,1349,100,1349,1,0
C,H,C,8980,100,8980,1,0
A,D,D,9541,100,9541,1,0
B,D,D,5290,100,5290,1,0
C,D,D,8726,100,8726,1,0
D,E,D,9939,100,9939,1,0
D,F,D,5405,100,5405,1,0
D,G,D,8887,100,8887,1,0
D,H,D,1539,100,1539,1,0
A,E,E,1390,100,1390,1,0
B,E,E,5125,100,5125,1,0
C,E,E,10820,100,10820,1,0
D,E,E,9938,100,9938,1,0
E,F,E,5123,100,5123,1,0
E,G,E,10616,100,10616,1,0
E,H,E,10193,100,10193,1,0
A,F,F,5124,100,5124,1,0
B,F,F,1386,100,1386,1,0
C,F,F,7199,100,7199,1,0
D,F,F,5405,100,5405,1,0
E,F,F,5096,100,5096,1,0
F,G,F,7030,100,7030,1,0
F,H,F,5434,100,5434,1,0
A,G,G,10608,100,10608,1,0
B,G,G,7091,100,7091,1,0
C,G,G,1413,100,1413,1,0
D,G,G,8923,100,8923,1,0
E,G,G,10639,100,10639,1,0
F,G,G,6981,100,6981,1,0
G,H,G,8824,100,8824,1,0
A,H,H,10000,100,10000,1,0
B,H,H,5763,100,5763,1,0
C,H,H,8923,100,8923,1,0
D,H,H,1472,100,1472,1,0
E,H,H,10172,100,10172,1,0
F,H,H,5433,100,5433,1,0
G,H,H,8888,100,8888,1,0
A,B,A,4766,100,4766,1,0
A,C,A,10656,100,10656,1,0
A,D,A,9537,100,9537,1,0
A,E,A,1378,100,1378,1,0
A,F,A,5041,100,5041,1,0
A,G,A,10616,100,10616,1,0
A,H,A,9912,100,9912,1,0
A,B,B,4742,100,4742,1,0
B,C,B,7018,100,7018,1,0
B,D,B,5324,100,5324,1,0
B,E,B,5226,100,5226,1,0
B,F,B,1346,100,1346,1,0
B,G,B,7075,100,7075,1,0
B,H,B,5704,100,5704,1,0
A,C,C,10678,100,10678,1,0
B,C,C,6992,100,6992,1,0
C,D,C,8732,100,8732,1,0
C,E,C,10825,100,10825,1,0
C,F,C,7195,100,7195,1,0
C,G,C,1364,100,1364,1,0
C,H,C,8943,100,8943,1,0
A,D,D,9525,100,9525,1,0
B,D,D,5284,100,5284,1,0
C,D,D,8756,100,8756,1,0
D,E,D,9910,100,9910,1,0
D,F,D,5408,100,5408,1,0
D,G,D,8857,100,8857,1,0
D,H,D,1493,100,1493,1,0
A,E,E,1374,100,1374,1,0
B,E,E,5204,100,5204,1,0
C,E,E,10855,100,10855,1,0
D,E,E,9891,100,9891,1,0
E,F,E,5127,100,5127,1,0
E,G,E,10644,100,10644,1,0
E,H,E,10174,100,10174,1,0
A,F,F,5039,100,5039,1,0
B,F,F,1370,100,1370,1,0
C,F,F,7196,100,7196,1,0
D,F,F,5383,100,5383,1,0
E,F,F,5113,100,5113,1,0
F,G,F,6988,100,6988,1,0
F,H,F,5444,100,5444,1,0
A,G,G,10606,100,10606,1,0
B,G,G,7051,100,7051,1,0
C,G,G,1385,100,1385,1,0
D,G,G,8919,100,8919,1,0
E,G,G,10641,100,10641,1,0
F,G,G,7019,100,7019,1,0
G,H,G,8888,100,8888,1,0
A,H,H,9928,100,9928,1,0
B,H,H,5765,100,5765,1,0
C,H,H,8926,100,8926,1,0
D,H,H,1444,100,1444,1,0
E,H,H,10117,100,10117,1,0
F,H,H,5447,100,5447,1,0
G,H,H,8856,100,8856,1,0
A,B,A,4748,100,4748,1,0
A,C,A,10621,100,10621,1,0
A,D,A,9526,100,9526,1,0
A,E,A,1467,100,1467,1,0
A,F,A,5096,100,5096,1,0
A,G,A,10656,100,10656,1,0
A,H,A,9953,100,9953,1,0
A,B,B,4755,100,4755,1,0
B,C,B,6995,100,6995,1,0
B,D,B,5273,100,5273,1,0
B,E,B,5167,100,5167,1,0
B,F,B,1339,100,1339,1,0
B,G,B,7072,100,7072,1,0
B,H,B,5699,100,5699,1,0
A,C,C,10632,100,10632,1,0
B,C,C,7017,100,7017,1,0
C,D,C,8767,100,8767,1,0
C,E,C,10813,100,10813,1,0
C,F,C,7184,100,7184,1,0
C,G,C,1369,100,1369,1,0
C,H,C,8952,100,8952,1,0
A,D,D,9530,100,9530,1,0
B,D,D,5319,100,5319,1,0
C,D,D,8751,100,8751,1,0
D,E,D,9963,100,9963,1,0
D,F,D,5395,100,5395,1,0
D,G,D,8916,100,8916,1,0
D,H,D,1526,100,1526,1,0
A,E,E,1391,100,1391,1,0
B,E,E,5193,100,5193,1,0
C,E,E,10804,100,10804,1,0
D,E,E,9897,100,9897,1,0
E,F,E,5101,100,5101,1,0
E,G,E,10639,100,10639,1,0
E,H,E,10150,100,10150,1,0
A,F,F,5087,100,5087,1,0
B,F,F,1375,100,1375,1,0
C,F,F,7200,100,7200,1,0
D,F,F,5382,100,5382,1,0
E,F,F,5106,100,5106,1,0
F,G,F,6965,100,6965,1,0
F,H,F,5454,100,5454,1,0
A,G,G,10590,100,10590,1,0
B,G,G,7087,100,7087,1,0
C,G,G,1399,100,1399,1,0
D,G,G,8905,100,8905,1,0
E,G,G,10638,100,10638,1,0
F,G,G,6999,100,6999,1,0
G,H,G,8803,100,8803,1,0
A,H,H,9922,100,9922,1,0
B,H,H,5697,100,5697,1,0
C,H,H,8964,100,8964,1,0
D,H,H,1494,100,1494,1,0
E,H,H,10131,100,10131,1,0
F,H,H,5524,100,5524,1,0
G,H,H,8880,100,8880,1,0
A,B,A,4781,100,4781,1,0
A,C,A,10636,100,10636,1,0
A,D,A,9536,100,9536,1,0
A,E,A,1407,100,1407,1,0
A,F,A,5061,100,5061,1,0
A,G,A,10650,100,10650,1,0
A,H,A,9905,100,9905,1,0
A,B,B,4749,100,4749,1,0
B,C,B,7016,100,7016,1,0
B,D,B,5319,100,5319,1,0
B,E,B,5180,100,5180,1,0
B,F,B,1341,100,1341,1,0
B,G,B,7090,100,7090,1,0
B,H,B,5730,100,5730,1,0
A,C,C,10663,100,10663,1,0
B,C,C,6994,100,6994,1,0
C,D,C,8721,100,8721,1,0
C,E,C,10852,100,10852,1,0
C,F,C,7188,100,7188,1,0
C,G,C,1410,100,1410,1,0
C,H,C,8964,100,8964,1,0
A,D,D,9519,100,9519,1,0
B,D,D,5307,100,5307,1,0
C,D,D,8736,100,8736,1,0
D,E,D,9943,100,9943,1,0
D,F,D,5332,100,5332,1,0
D,G,D,8876,100,8876,1,0
D,H,D,1492,100,1492,1,0
A,E,E,1434,100,1434,1,0
B,E,E,5209,100,5209,1,0
C,E,E,10840,100,10840,1,0
D,E,E,9948,100,9948,1,0
E,F,E,5118,100,5118,1,0
E,G,E,10624,100,10624,1,0
E,H,E,10157,100,10157,1,0
A,F,F,5043,100,5043,1,0
B,F,F,1337,100,1337,1,0
C,F,F,7199,100,7199,1,0
D,F,F,5408,100,5408,1,0
E,F,F,5077,100,5077,1,0
F,G,F,7024,100,7024,1,0
F,H,F,5480,100,5480,1,0
A,G,G,10647,100,10647,1,0
B,G,G,7082,100,7082,1,0
C,G,G,1400,100,1400,1,0
D,G,G,8868,100,8868,1,0
E,G,G,10640,100,10640,1,0
F,G,G,6984,100,6984,1,0
G,H,G,8866,100,8866,1,0
A,H,H,9962,100,9962,1,0
B,H,H,5771,100,5771,1,0
C,H,H,8934,100,8934,1,0
D,H,H,1524,100,1524,1,0
E,H,H,10120,100,10120,1,0
F,H,H,5477,100,5477,1,0
G,H,H,8858,100,8858,1,0
A,B,A,4780,100,4780,1,0
A,C,A,10585,100,10585,1,0
A,D,A,9556,100,9556,1,0
A,E,A,1421,100,1421,1,0
A,F,A,5055,100,5055,1,0
A,G,A,10654,100,10654,1,0
A,H,A,9965,100,9965,1,0
A,B,B,4734,100,4734,1,0
B,C,B,7024,100,7024,1,0
B,D,B,5317,100,5317,1,0
B,E,B,5147,100,5147,1,0
B,F,B,1358,100,1358,1,0
B,G,B,7069,100,7069,1,0
B,H,B,5722,100,5722,1,0
A,C,C,10636,100,10636,1,0
B,C,C,7010,100,7010,1,0
C,D,C,8733,100,8733,1,0
C,E,C,10804,100,10804,1,0
C,F,C,7193,100,7193,1,0
C,G,C,1394,100,1394,1,0
C,H,C,8935,100,8935,1,0
A,D,D,9507,100,9507,1,0
B,D,D,5294,100,5294,1,0
C,D,D,8726,100,8726,1,0
D,E,D,9942,100,9942,1,0
D,F,D,5401,100,5401,1,0
D,G,D,8879,100,8879,1,0
D,H,D,1485,100,1485,1,0
A,E,E,1455,100,1455,1,0
B,E,E,5206,100,5206,1,0
C,E,E,10862,100,10862,1,0
D,E,E,9984,100,9984,1,0
E,F,E,5110,100,5110,1,0
E,G,E,10635,100,10635,1,0
E,H,E,10163,100,10163,1,0
A,F,F,5038,100,5038,1,0
B,F,F,1379,100,1379,1,0
C,F,F,7181,100,7181,1,0
D,F,F,5362,100,5362,1,0
E,F,F,5094,100,5094,1,0
F,G,F,6991,100,6991,1,0
F,H,F,5507,100,5507,1,0
A,G,G,10617,100,10617,1,0
B,G,G,7063,100,7063,1,0
C,G,G,1386,100,1386,1,0
D,G,G,8897,100,8897,1,0
E,G,G,10611,100,10611,1,0
F,G,G,7028,100,7028,1,0
G,H,G,8910,100,8910,1,0
A,H,H,9951,100,9951,1,0
B,H,H,5748,100,5748,1,0
C,H,H,8981,100,8981,1,0
D,H,H,1493,100,1493,1,0
E,H,H,10133,100,10133,1,0
F,H,H,5484,100,5484,1,0
G,H,H,8873,100,8873,1,0
A,B,A,4724,100,4724,1,0
A,C,A,10617,100,10617,1,0
A,D,A,9528,100,9528,1,0
A,E,A,1427,100,1427,1,0
A,F,A,5059,100,5059,1,0
A,G,A,10618,100,10618,1,0
A,H,A,9922,100,9922,1,0
A,B,B,4741,100,4741,1,0
B,C,B,6974,100,6974,1,0
B,D,B,5330,100,5330,1,0
B,E,B,5192,100,5192,1,0
B,F,B,1348,100,1348,1,0
B,G,B,7073,100,7073,1,0
B,H,B,5781,100,5781,1,0
A,C,C,10637,100,10637,1,0
B,C,C,7011,100,7011,1,0
C,D,C,8746,100,8746,1,0
C,E,C,10803,100,10803,1,0
C,F,C,7201,100,7201,1,0
C,G,C,1352,100,1352,1,0
C,H,C,8973,100,8973,1,0
A,D,D,9524,100,9524,1,0
B,D,D,5302,100,5302,1,0
C,D,D,8712,100,8712,1,0
D,E,D,9895,100,9895,1,0
D,F,D,5384,100,5384,1,0
D,G,D,8882,100,8882,1,0
D,H,D,1554,100,1554,1,0
A,E,E,1408,100,1408,1,0
B,E,E,5185,100,5185,1,0
C,E,E,10838,100,10838,1,0
D,E,E,9942,100,9942,1,0
E,F,E,5106,100,5106,1,0
E,G,E,10613,100,10613,1,0
E,H,E,10138,100,10138,1,0
A,F,F,5008,100,5008,1,0
B,F,F,1355,100,1355,1,0
C,F,F,7219,100,7219,1,0
D,F,F,5349,100,5349,1,0
E,F,F,5107,100,5107,1,0
F,G,F,6999,100,6999,1,0
F,H,F,5426,100,5426,1,0
A,G,G,10618,100,10618,1,0
B,G,G,7065,100,7065,1,0
C,G,G,1355,100,1355,1,0
D,G,G,8893,100,8893,1,0
E,G,G,10622,100,10622,1,0
F,G,G,7007,100,7007,1,0
G,H,G,8879,100,8879,1,0
A,H,H,9978,100,9978,1,0
B,H,H,5779,100,5779,1,0
C,H,H,8888,100,8888,1,0
D,H,H,1463,100,1463,1,0
E,H,H,10112,100,10112,1,0
F,H,H,5432,100,5432,1,0
G,H,H,8860,100,8860,1,0
A,B,A,4773,100,4773,1,0
A,C,A,10621,100,10621,1,0
A,D,A,9511,100,9511,1,0
A,E,A,1455,100,1455,1,0
A,F,A,5016,100,5016,1,0
A,G,A,10611,100,10611,1,0
A,H,A,9919,100,9919,1,0
A,B,B,4752,100,4752,1,0
B,C,B,7066,100,7066,1,0
B,D,B,5280,100,5280,1,0
B,E,B,5192,100,5192,1,0
B,F,B,1374,100,1374,1,0
B,G,B,7067,100,7067,1,0
B,H,B,5738,100,5738,1,0
A,C,C,10632,100,10632,1,0
B,C,C,7022,100,7022,1,0
C,D,C,8774,100,8774,1,0
C,E,C,10795,100,10795,1,0
C,F,C,7187,100,7187,1,0
C,G,C,1393,100,1393,1,0
C,H,C,8928,100,8928,1,0
A,D,D,9532,100,9532,1,0
B,D,D,5298,100,5298,1,0
C,D,D,8752,100,8752,1,0
D,E,D,9937,100,9937,1,0
D,F,D,5384,100,5384,1,0
D,G,D,8886,100,8886,1,0
D,H,D,1491,100,1491,1,0
A,E,E,1456,100,1456,1,0
B,E,E,5168,100,5168,1,0
C,E,E,10791,100,10791,1,0
D,E,E,9926,100,9926,1,0
E,F,E,5111,100,5111,1,0
E,G,E,10642,100,10642,1,0
E,H,E,10140,100,10140,1,0
A,F,F,5064,100,5064,1,0
B,F,F,1341,100,1341,1,0
C,F,F,7230,100,7230,1,0
D,F,F,5368,100,5368,1,0
E,F,F,5117,100,5117,1,0
F,G,F,6989,100,6989,1,0
F,H,F,5433,100,5433,1,0
A,G,G,10568,100,10568,1,0
B,G,G,7098,100,7098,1,0
C,G,G,1435,100,1435,1,0
D,G,G,8902,100,8902,1,0
E,G,G,10606,100,10606,1,0
F,G,G,6994,100,6994,1,0
G,H,G,8841,100,8841,1,0
A,H,H,9947,100,9947,1,0
B,H,H,5763,100,5763,1,0
C,H,H,8986,100,8986,1,0
D,H,H,1421,100,1421,1,0
E,H,H,10146,100,10146,1,0
F,H,H,5466,100,5466,1,0
G,H,H,8875,100,8875,1,0
A,B,A,4767,100,4767,1,0
A,C,A,10660,100,10660,1,0
A,D,A,9505,100,9505,1,0
A,E,A,1400,100,1400,1,0
A,F,A,5040,100,5040,1,0
A,G,A,10641,100,10641,1,0
A,H,A,9975,100,9975,1,0
A,B,B,4778,100,4778,1,0
B,C,B,7011,100,7011,1,0
B,D,B,5303,100,5303,1,0
B,E,B,5165,100,5165,1,0
B,F,B,1338,100,1338,1,0
B,G,B,7086,100,7086,1,0
B,H,B,5759,100,5759,1,0
A,C,C,10631,100,10631,1,0
B,C,C,7011,100,7011,1,0
C,D,C,8757,100,8757,1,0
C,E,C,10824,100,10824,1,0
C,F,C,7201,100,7201,1,0
C,G,C,1376,100,1376,1,0
C,H,C,8959,100,8959,1,0
A,D,D,9556,100,9556,1,0
B,D,D,5221,100,5221,1,0
C,D,D,8722,100,8722,1,0
D,E,D,9963,100,9963,1,0
D,F,D,5383,100,5383,1,0
D,G,D,8885,100,8885,1,0
D,H,D,1522,100,1522,1,0
A,E,E,1440,100,1440,1,0
B,E,E,5171,100,5171,1,0
C,E,E,10828,100,10828,1,0
D,E,E,9954,100,9954,1,0
E,F,E,5104,100,5104,1,0
E,G,E,10617,100,10617,1,0
E,H,E,10140,100,10140,1,0
A,F,F,5025,100,5025,1,0
B,F,F,1322,100,1322,1,0
C,F,F,7199,100,7199,1,0
D,F,F,5383,100,5383,1,0
E,F,F,5108,100,5108,1,0
F,G,F,7011,100,7011,1,0
F,H,F,5435,100,5435,1,0
A,G,G,10630,100,10630,1,0
B,G,G,7043,100,7043,1,0
C,G,G,1382,100,1382,1,0
D,G,G,8891,100,8891,1,0
E,G,G,10636,100,10636,1,0
F,G,G,6979,100,6979,1,0
G,H,G,8890,100,8890,1,0
A,H,H,9958,100,9958,1,0
B,H,H,5721,100,5721,1,0
C,H,H,8931,100,8931,1,0
D,H,H,1436,100,1436,1,0
E,H,H,10171,100,10171,1,0
F,H,H,5452,100,5452,1,0
G,H,H,8878,100,8878,1,0
A,B,A,4754,100,4754,1,0
A,C,A,10637,100,10637,1,0
A,D,A,9538,100,9538,1,0
A,E,A,1392,100,1392,1,0
A,F,A,5033,100,5033,1,0
A,G,A,10571,100,10571,1,0
A,H,A,9924,100,9924,1,0
A,B,B,4808,100,4808,1,0
B,C,B,7035,100,7035,1,0
B,D,B,5310,100,5310,1,0
B,E,B,5183,100,5183,1,0
B,F,B,1355,100,1355,1,0
B,G,B,7098,100,7098,1,0
B,H,B,5737,100,5737,1,0
A,C,C,10642,100,10642,1,0
B,C,C,7005,100,7005,1,0
C,D,C,8757,100,8757,1,0
C,E,C,10824,100,10824,1,0
C,F,C,7188,100,7188,1,0
C,G,C,1346,100,1346,1,0
C,H,C,8952,100,8952,1,0
A,D,D,9542,100,9542,1,0
B,D,D,5268,100,5268,1,0
C,D,D,8737,100,8737,1,0
D,E,D,9905,100,9905,1,0
D,F,D,5319,100,5319,1,0
D,G,D,8897,100,8897,1,0
D,H,D,1507,100,1507,1,0
A,E,E,1367,100,1367,1,0
B,E,E,5218,100,5218,1,0
C,E,E,10853,100,10853,1,0
D,E,E,9911,100,9911,1,0
E,F,E,5111,100,5111,1,0
E,G,E,10615,100,10615,1,0
E,H,E,10157,100,10157,1,0
A,F,F,5052,100,5052,1,0
B,F,F,1353,100,1353,1,0
C,F,F,7213,100,7213,1,0
D,F,F,5360,100,5360,1,0
E,F,F,5080,100,5080,1,0
F,G,F,6984,100,6984,1,0
F,H,F,5447,100,5447,1,0
A,G,G,10609,100,10609,1,0
B,G,G,7081,100,7081,1,0
C,G,G,1366,100,1366,1,0
D,G,G,8896,100,8896,1,0
E,G,G,10648,100,10648,1,0
F,G,G,7013,100,7013,1,0
G,H,G,8903,100,8903,1,0
A,H,H,9932,100,9932,1,0
B,H,H,5756,100,5756,1,0
C,H,H,8944,100,8944,1,0
D,H,H,1528,100,1528,1,0
E,H,H,10151,100,10151,1,0
F,H,H,5467,100,5467,1,0
G,H,H,8880,100,8880,1,0
A,B,A,4792,100,4792,1,0
A,C,A,10694,100,10694,1,0
A,D,A,9510,100,9510,1,0
A,E,A,1396,100,1396,1,0
A,F,A,5060,100,5060,1,0
A,G,A,10617,100,10617,1,0
A,H,A,9984,100,9984,1,0
A,B,B,4726,100,4726,1,0
B,C,B,6997,100,6997,1,0
B,D,B,5264,100,5264,1,0
B,E,B,5184,100,5184,1,0
B,F,B,1327,100,1327,1,0
B,G,B,7058,100,7058,1,0
B,H,B,5746,100,5746,1,0
A,C,C,10633,100,10633,1,0
B,C,C,7023,100,7023,1,0
C,D,C,8776,100,8776,1,0
C,E,C,10831,100,10831,1,0
C,F,C,7192,100,7192,1,0
C,G,C,1415,100,1415,1,0
C,H,C,8941,100,8941,1,0
A,D,D,9507,100,9507,1,0
B,D,D,5324,100,5324,1,0
C,D,D,8698,100,8698,1,0
D,E,D,9901,100,9901,1,0
D,F,D,5401,100,5401,1,0
D,G,D,8905,100,8905,1,0
D,H,D,1511,100,1511,1,0
A,E,E,1421,100,1421,1,0
B,E,E,5181,100,5181,1,0
C,E,E,10809,100,10809,1,0
D,E,E,9848,100,9848,1,0
E,F,E,5116,100,5116,1,0
E,G,E,10649,100,10649,1,0
E,H,E,10116,100,10116,1,0
A,F,F,5070,100,5070,1,0
B,F,F,1322,100,1322,1,0
C,F,F,7200,100,7200,1,0
D,F,F,5408,100,5408,1,0
E,F,F,5094,100,5094,1,0
F,G,F,6995,100,6995,1,0
F,H,F,5467,100,5467,1,0
A,G,G,10634,100,10634,1,0
B,G,G,7033,100,7033,1,0
C,G,G,1388,100,1388,1,0
D,G,G,8877,100,8877,1,0
E,G,G,10648,100,10648,1,0
F,G,G,7009,100,7009,1,0
G,H,G,8834,100,8834,1,0
A,H,H,9938,100,9938,1,0
B,H,H,5715,100,5715,1,0
C,H,H,8908,100,8908,1,0
D,H,H,1493,100,1493,1,0
E,H,H,10144,100,10144,1,0
F,H,H,5506,100,5506,1,0
G,H,H,8844,100,8844,1,0
A,B,A,4741,100,4741,1,0
A,C,A,10655,100,10655,1,0
A,D,A,9540,100,9540,1,0
A,E,A,1456,100,1456,1,0
A,F,A,5060,100,5060,1,0
A,G,A,10605,100,10605,1,0
A,H,A,9948,100,9948,1,0
A,B,B,4757,100,4757,1,0
B,C,B,7011,100,7011,1,0
B,D,B,5276,100,5276,1,0
B,E,B,5198,100,5198,1,0
B,F,B,1346,100,1346,1,0
B,G,B,7088,100,7088,1,0
B,H,B,5808,100,5808,1,0
A,C,C,10601,100,10601,1,0
B,C,C,7040,100,7040,1,0
C,D,C,8743,100,8743,1,0
C,E,C,10804,100,10804,1,0
C,F,C,7196,100,7196,1,0
C,G,C,1387,100,1387,1,0
C,H,C,8911,100,8911,1,0
A,D,D,9536,100,9536,1,0
B,D,D,5235,100,5235,1,0
C,D,D,8749,100,8749,1,0
D,E,D,9903,100,9903,1,0
D,F,D,5350,100,5350,1,0
D,G,D,8910,100,8910,1,0
D,H,D,1467,100,1467,1,0
A,E,E,1408,100,1408,1,0
B,E,E,5208,100,5208,1,0
C,E,E,10841,100,10841,1,0
D,E,E,9937,100,9937,1,0
E,F,E,5094,100,5094,1,0
E,G,E,10602,100,10602,1,0
E,H,E,10123,100,10123,1,0
A,F,F,5084,100,5084,1,0
B,F,F,1346,100,1346,1,0
C,F,F,7213,100,7213,1,0
D,F,F,5379,100,5379,1,0
E,F,F,5084,100,5084,1,0
F,G,F,6999,100,6999,1,0
F,H,F,5412,100,5412,1,0
A,G,G,10648,100,10648,1,0
B,G,G,7058,100,7058,1,0
C,G,G,1364,100,1364,1,0
D,G,G,8887,100,8887,1,0
E,G,G,10618,100,10618,1,0
F,G,G,6990,100,6990,1,0
G,H,G,8824,100,8824,1,0
A,H,H,9968,100,9968,1,0
B,H,H,5727,100,5727,1,0
C,H,H,8931,100,8931,1,0
D,H,H,1541,100,1541,1,0
E,H,H,10129,100,10129,1,0
F,H,H,5435,100,5435,1,0
G,H,H,8842,100,8842,1,0
A,B,A,4773,100,4773,1,0
A,C,A,10706,100,10706,1,0
A,D,A,9518,100,9518,1,0
A,E,A,1377,100,1377,1,0
A,F,A,5094,100,5094,1,0
A,G,A,10657,100,10657,1,0
A,H,A,9973,100,9973,1,0
A,B,B,4805,100,4805,1,0
B,C,B,7033,100,7033,1,0
B,D,B,5281,100,5281,1,0
B,E,B,5158,100,5158,1,0
B,F,B,1356,100,1356,1,0
B,G,B,7072,100,7072,1,0
B,H,B,5748,100,5748,1,0
A,C,C,10637,100,10637,1,0
B,C,C,7014,100,7014,1,0
C,D,C,8700,100,8700,1,0
C,E,C,10845,100,10845,1,0
C,F,C,7205,100,7205,1,0
C,G,C,1327,100,1327,1,0
C,H,C,8900,100,8900,1,0
A,D,D,9528,100,9528,1,0
B,D,D,5260,100,5260,1,0
C,D,D,8758,100,8758,1,0
D,E,D,9872,100,9872,1,0
D,F,D,5389,100,5389,1,0
D,G,D,8885,100,8885,1,0
D,H,D,1553,100,1553,1,0
A,E,E,1415,100,1415,1,0
B,E,E,5135,100,5135,1,0
C,E,E,10808,100,10808,1,0
D,E,E,9977,100,9977,1,0
E,F,E,5103,100,5103,1,0
E,G,E,10654,100,10654,1,0
E,H,E,10130,100,10130,1,0
A,F,F,5097,100,5097,1,0
B,F,F,1344,100,1344,1,0
C,F,F,7198,100,7198,1,0
D,F,F,5374,100,5374,1,0
E,F,F,5129,100,5129,1,0
F,G,F,6987,100,6987,1,0
F,H,F,5433,100,5433,1,0
A,G,G,10573,100,10573,1,0
B,G,G,7060,100,7060,1,0
C,G,G,1387,100,1387,1,0
D,G,G,8897,100,8897,1,0
E,G,G,10648,100,10648,1,0
F,G,G,6985,100,6985,1,0
G,H,G,8803,100,8803,1,0
A,H,H,9971,100,9971,1,0
B,H,H,5759,100,5759,1,0
C,H,H,8970,100,8970,1,0
D,H,H,1452,100,1452,1,0
E,H,H,10116,100,10116,1,0
F,H,H,5407,100,5407,1,0
G,H,H,8885,100,8885,1,0
A,B,A,4778,100,4778,1,0
A,C,A,10609,100,10609,1,0
A,D,A,9535,100,9535,1,0
A,E,A,1387,100,1387,1,0
A,F,A,5083,100,5083,1,0
A,G,A,10630,100,10630,1,0
A,H,A,9957,100,9957,1,0
A,B,B,4814,100,4814,1,0
B,C,B,6994,100,6994,1,0
B,D,B,5302,100,5302,1,0
B,E,B,5203,100,5203,1,0
B,F,B,1357,100,1357,1,0
B,G,B,7083,100,7083,1,0
B,H,B,5726,100,5726,1,0
A,C,C,10618,100,10618,1,0
B,C,C,6988,100,6988,1,0
C,D,C,8743,100,8743,1,0
C,E,C,10814,100,10814,1,0
C,F,C,7174,100,7174,1,0
C,G,C,1393,100,1393,1,0
C,H,C,8910,100,8910,1,0
A,D,D,9523,100,9523,1,0
B,D,D,5323,100,5323,1,0
C,D,D,8738,100,8738,1,0
D,E,D,9921,100,9921,1,0
D,F,D,5356,100,5356,1,0
D,G,D,8894,100,8894,1,0
D,H,D,1528,100,1528,1,0
A,E,E,1437,100,1437,1,0
B,E,E,5216,100,5216,1,0
C,E,E,10845,100,10845,1,0
D,E,E,9924,100,9924,1,0
E,F,E,5086,100,5086,1,0
E,G,E,10637,100,10637,1,0
E,H,E,10094,100,10094,1,0
A,F,F,5063,100,5063,1,0
B,F,F,1352,100,1352,1,0
C,F,F,7194,100,7194,1,0
D,F,F,5390,100,5390,1,0
E,F,F,5106,100,5106,1,0
F,G,F,7007,100,7007,1,0
F,H,F,5462,100,5462,1,0
A,G,G,10608,100,10608,1,0
B,G,G,7090,100,7090,1,0
C,G,G,1352,100,1352,1,0
D,G,G,8899,100,8899,1,0
E,G,G,10631,100,10631,1,0
F,G,G,6993,100,6993,1,0
G,H,G,8887,100,8887,1,0
A,H,H,9945,100,9945,1,0
B,H,H,5719,100,5719,1,0
C,H,H,8924,100,8924,1,0
D,H,H,1498,100,1498,1,0
E,H,H,10123,100,10123,1,0
F,H,H,5470,100,5470,1,0
G,H,H,8838,100,8838,1,0
A,B,A,4764,100,4764,1,0
A,C,A,10665,100,10665,1,0
A,D,A,9552,100,9552,1,0
A,E,A,1376,100,1376,1,0
A,F,A,5060,100,5060,1,0
A,G,A,10588,100,10588,1,0
A,H,A,9937,100,9937,1,0
A,B,B,4779,100,4779,1,0
B,C,B,7028,100,7028,1,0
B,D,B,5271,100,5271,1,0
B,E,B,5218,100,5218,1,0
B,F,B,1341,100,1341,1,0
B,G,B,7075,100,7075,1,0
B,H,B,5731,100,5731,1,0
A,C,C,10730,100,10730,1,0
B,C,C,7053,100,7053,1,0
C,D,C,8754,100,8754,1,0
C,E,C,10804,100,10804,1,0
C,F,C,7190,100,7190,1,0
C,G,C,1435,100,1435,1,0
C,H,C,8953,100,8953,1,0
A,D,D,9527,100,9527,1,0
B,D,D,5258,100,5258,1,0
C,D,D,8777,100,8777,1,0
D,E,D,9869,100,9869,1,0
D,F,D,5384,100,5384,1,0
D,G,D,8906,100,8906,1,0
D,H,D,1546,100,1546,1,0
A,E,E,1425,100,1425,1,0
B,E,E,5205,100,5205,1,0
C,E,E,10874,100,10874,1,0
D,E,E,9922,100,9922,1,0
E,F,E,5075,100,5075,1,0
E,G,E,10625,100,10625,1,0
E,H,E,10108,100,10108,1,0
A,F,F,5093,100,5093,1,0
B,F,F,1345,100,1345,1,0
C,F,F,7197,100,7197,1,0
D,F,F,5406,100,5406,1,0
E,F,F,5134,100,5134,1,0
F,G,F,7009,100,7009,1,0
F,H,F,5454,100,5454,1,0
A,G,G,10573,100,10573,1,0
B,G,G,7119,100,7119,1,0
C,G,G,1385,100,1385,1,0
D,G,G,8872,100,8872,1,0
E,G,G,10640,100,10640,1,0
F,G,G,7020,100,7020,1,0
G,H,G,8844,100,8844,1,0
A,H,H,9927,100,9927,1,0
B,H,H,5754,100,5754,1,0
C,H,H,8924,100,8924,1,0
D,H,H,1512,100,1512,1,0
E,H,H,10136,100,10136,1,0
F,H,H,5475,100,5475,1,0
G,H,H,8872,100,8872,1,0
A,B,A,4790,100,4790,1,0
A,C,A,10635,100,10635,1,0
A,D,A,9530,100,9530,1,0
A,E,A,1371,100,1371,1,0
A,F,A,5051,100,5051,1,0
A,G,A,10622,100,10622,1,0
A,H,A,9937,100,9937,1,0
A,B,B,4784,100,4784,1,0
B,C,B,6997,100,6997,1,0
B,D,B,5288,100,5288,1,0
B,E,B,5183,100,5183,1,0
B,F,B,1344,100,1344,1,0
B,G,B,7095,100,7095,1,0
B,H,B,5756,100,5756,1,0
A,C,C,10626,100,10626,1,0
B,C,C,7005,100,7005,1,0
C,D,C,8757,100,8757,1,0
C,E,C,10745,100,10745,1,0
C,F,C,7195,100,7195,1,0
C,G,C,1354,100,1354,1,0
C,H,C,8956,100,8956,1,0
A,D,D,9514,100,9514,1,0
B,D,D,5236,100,5236,1,0
C,D,D,8744,100,8744,1,0
D,E,D,9936,100,9936,1,0
D,F,D,5354,100,5354,1,0
D,G,D,8854,100,8854,1,0
D,H,D,1526,100,1526,1,0
A,E,E,1385,100,1385,1,0
B,E,E,5161,100,5161,1,0
C,E,E,10812,100,10812,1,0
D,E,E,9970,100,9970,1,0
E,F,E,5133,100,5133,1,0
E,G,E,10645,100,10645,1,0
E,H,E,10154,100,10154,1,0
A,F,F,5082,100,5082,1,0
B,F,F,1356,100,1356,1,0
C,F,F,7204,100,7204,1,0
D,F,F,5368,100,5368,1,0
E,F,F,5095,100,5095,1,0
F,G,F,7001,100,7001,1,0
F,H,F,5447,100,5447,1,0
A,G,G,10602,100,10602,1,0
B,G,G,7077,100,7077,1,0
C,G,G,1412,100,1412,1,0
D,G,G,8869,100,8869,1,0
E,G,G,10619,100,10619,1,0
F,G,G,7035,100,7035,1,0
G,H,G,8870,100,8870,1,0
A,H,H,9937,100,9937,1,0
B,H,H,5786,100,5786,1,0
C,H,H,8944,100,8944,1,0
D,H,H,1521,100,1521,1,0
E,H,H,10158,100,10158,1,0
F,H,H,5457,100,5457,1,0
G,H,H,8916,100,8916,1,0
A,B,A,4789,100,4789,1,0
A,C,A,10707,100,10707,1,0
A,D,A,9528,100,9528,1,0
A,E,A,1384,100,1384,1,0
A,F,A,5036,100,5036,1,0
A,G,A,10642,100,10642,1,0
A,H,A,9942,100,9942,1,0
A,B,B,4758,100,4758,1,0
B,C,B,7009,100,7009,1,0
B,D,B,5321,100,5321,1,0
B,E,B,5175,100,5175,1,0
B,F,B,1336,100,1336,1,0
B,G,B,7089,100,7089,1,0
B,H,B,5802,100,5802,1,0
A,C,C,10616,100,10616,1,0
B,C,C,7019,100,7019,1,0
C,D,C,8748,100,8748,1,0
C,E,C,10849,100,10849,1,0
C,F,C,7197,100,7197,1,0
C,G,C,1376,100,1376,1,0
C,H,C,8931,100,8931,1,0
A,D,D,9527,100,9527,1,0
B,D,D,5324,100,5324,1,0
C,D,D,8753,100,8753,1,0
D,E,D,9930,100,9930,1,0
D,F,D,5363,100,5363,1,0
D,G,D,8875,100,8875,1,0
D,H,D,1493,100,1493,1,0
A,E,E,1383,100,1383,1,0
B,E,E,5164,100,5164,1,0
C,E,E,10807,100,10807,1,0
D,E,E,9944,100,9944,1,0
E,F,E,5104,100,5104,1,0
E,G,E,10637,100,10637,1,0
E,H,E,10099,100,10099,1,0
A,F,F,5043,100,5043,1,0
B,F,F,1354,100,1354,1,0
C,F,F,7185,100,7185,1,0
D,F,F,5367,100,5367,1,0
E,F,F,5119,100,5119,1,0
F,G,F,6979,100,6979,1,0
F,H,F,5449,100,5449,1,0
A,G,G,10660,100,10660,1,0
B,G,G,7114,100,7114,1,0
C,G,G,1391,100,1391,1,0
D,G,G,8899,100,8899,1,0
E,G,G,10605,100,10605,1,0
F,G,G,7006,100,7006,1,0
G,H,G,8848,100,8848,1,0
A,H,H,9930,100,9930,1,0
B,H,H,5745,100,5745,1,0
C,H,H,8985,100,8985,1,0
D,H,H,1482,100,1482,1,0
E,H,H,10166,100,10166,1,0
F,H,H,5467,100,5467,1,0
G,H,H,8847,100,8847,1,0
A,B,A,4791,100,4791,1,0
A,C,A,10663,100,10663,1,0
A,D,A,9505,100,9505,1,0
A,E,A,1369,100,1369,1,0
A,F,A,5060,100,5060,1,0
A,G,A,10570,100,10570,1,0
A,H,A,9942,100,9942,1,0
A,B,B,4792,100,4792,1,0
B,C,B,7034,100,7034,1,0
B,D,B,5294,100,5294,1,0
B,E,B,5167,100,5167,1,0
B,F,B,1353,100,1353,1,0
B,G,B,7053,100,7053,1,0
B,H,B,5770,100,5770,1,0
A,C,C,10670,100,10670,1,0
B,C,C,7021,100,7021,1,0
C,D,C,8722,100,8722,1,0
C,E,C,10835,100,10835,1,0
C,F,C,7190,100,7190,1,0
C,G,C,1373,100,1373,1,0
C,H,C,8951,100,8951,1,0
A,D,D,9538,100,9538,1,0
B,D,D,5264,100,5264,1,0
C,D,D,8769,100,8769,1,0
D,E,D,9948,100,9948,1,0
D,F,D,5392,100,5392,1,0
D,G,D,8897,100,8897,1,0
D,H,D,1500,100,1500,1,0
A,E,E,1411,100,1411,1,0
B,E,E,5210,100,5210,1,0
C,E,E,10789,100,10789,1,0
D,E,E,9929,100,9929,1,0
E,F,E,5100,100,5100,1,0
E,G,E,10672,100,10672,1,0
E,H,E,10127,100,10127,1,0
A,F,F,5071,100,5071,1,0
B,F,F,1368,100,1368,1,0
C,F,F,7185,100,7185,1,0
D,F,F,5356,100,5356,1,0
E,F,F,5125,100,5125,1,0
F,G,F,6988,100,6988,1,0
F,H,F,5465,100,5465,1,0
A,G,G,10595,100,10595,1,0
B,G,G,7075,100,7075,1,0
C,G,G,1384,100,1384,1,0
D,G,G,8860,100,8860,1,0
E,G,G,10634,100,10634,1,0
F,G,G,7006,100,7006,1,0
G,H,G,8866,100,8866,1,0
A,H,H,9970,100,9970,1,0
B,H,H,5727,100,5727,1,0
C,H,H,8934,100,8934,1,0
D,H,H,1504,100,1504,1,0
E,H,H,10152,100,10152,1,0
F,H,H,5441,100,5441,1,0
G,H,H,8901,100,8901,1,0
A,B,A,4780,100,4780,1,0
A,C,A,10707,100,10707,1,0
A,D,A,9515,100,9515,1,0
A,E,A,1379,100,1379,1,0
A,F,A,5042,100,5042,1,0
A,G,A,10657,100,10657,1,0
A,H,A,9938,100,9938,1,0
A,B,B,4794,100,4794,1,0
B,C,B,7020,100,7020,1,0
B,D,B,5321,100,5321,1,0
B,E,B,5226,100,5226,1,0
B,F,B,1361,100,1361,1,0
B,G,B,7041,100,7041,1,0
B,H,B,5776,100,5776,1,0
A,C,C,10627,100,10627,1,0
B,C,C,7033,100,7033,1,0
C,D,C,8752,100,8752,1,0
C,E,C,10803,100,10803,1,0
C,F,C,7196,100,7196,1,0
C,G,C,1336,100,1336,1,0
C,H,C,8932,100,8932,1,0
A,D,D,9510,100,9510,1,0
B,D,D,5270,100,5270,1,0
C,D,D,8739,100,8739,1,0
D,E,D,9952,100,9952,1,0
D,F,D,5391,100,5391,1,0
D,G,D,8867,100,8867,1,0
D,H,D,1488,100,1488,1,0
A,E,E,1427,100,1427,1,0
B,E,E,5169,100,5169,1,0
C,E,E,10834,100,10834,1,0
D,E,E,9882,100,9882,1,0
E,F,E,5098,100,5098,1,0
E,G,E,10627,100,10627,1,0
E,H,E,10163,100,10163,1,0
A,F,F,5047,100,5047,1,0
B,F,F,1381,100,1381,1,0
C,F,F,7214,100,7214,1,0
D,F,F,5355,100,5355,1,0
E,F,F,5078,100,5078,1,0
F,G,F,6988,100,6988,1,0
F,H,F,5439,100,5439,1,0
A,G,G,10661,100,10661,1,0
B,G,G,7022,100,7022,1,0
C,G,G,1335,100,1335,1,0
D,G,G,8898,100,8898,1,0
E,G,G,10627,100,10627,1,0
F,G,G,6982,100,6982,1,0
G,H,G,8894,100,8894,1,0
A,H,H,9919,100,9919,1,0
B,H,H,5724,100,5724,1,0
C,H,H,8960,100,8960,1,0
D,H,H,1521,100,1521,1,0
E,H,H,10136,100,10136,1,0
F,H,H,5448,100,5448,1,0
G,H,H,8896,100,8896,1,0
A,B,A,4749,100,4749,1,0
A,C,A,10632,100,10632,1,0
A,D,A,9543,100,9543,1,0
A,E,A,1418,100,1418,1,0
A,F,A,5053,100,5053,1,0
A,G,A,10667,100,10667,1,0
A,H,A,9936,100,9936,1,0
A,B,B,4810,100,4810,1,0
B,C,B,7024,100,7024,1,0
B,D,B,5284,100,5284,1,0
B,E,B,5164,100,5164,1,0
B,F,B,1376,100,1376,1,0
B,G,B,7052,100,7052,1,0
B,H,B,5730,100,5730,1,0
A,C,C,10622,100,10622,1,0
B,C,C,7009,100,7009,1,0
C,D,C,8745,100,8745,1,0
C,E,C,10846,100,10846,1,0
C,F,C,7187,100,7187,1,0
C,G,C,1377,100,1377,1,0
C,H,C,8954,100,8954,1,0
A,D,D,9500,100,9500,1,0
B,D,D,5331,100,5331,1,0
C,D,D,8705,100,8705,1,0
D,E,D,9928,100,9928,1,0
D,F,D,5382,100,5382,1,0
D,G,D,8921,100,8921,1,0
D,H,D,1498,100,1498,1,0
A,E,E,1391,100,1391,1,0
B,E,E,5163,100,5163,1,0
C,E,E,10815,100,10815,1,0
D,E,E,9967,100,9967,1,0
E,F,E,5109,100,5109,1,0
E,G,E,10630,100,10630,1,0
E,H,E,10141,100,10141,1,0
A,F,F,5009,100,5009,1,0
B,F,F,1378,100,1378,1,0
C,F,F,7190,100,7190,1,0
D,F,F,5356,100,5356,1,0
E,F,F,5110,100,5110,1,0
F,G,F,7010,100,7010,1,0
F,H,F,5433,100,5433,1,0
A,G,G,10641,100,10641,1,0
B,G,G,7122,100,7122,1,0
C,G,G,1325,100,1325,1,0
D,G,G,8885,100,8885,1,0
E,G,G,10632,100,10632,1,0
F,G,G,7002,100,7002,1,0
G,H,G,8857,100,8857,1,0
A,H,H,9997,100,9997,1,0
B,H,H,5712,100,5712,1,0
C,H,H,8891,100,8891,1,0
D,H,H,1476,100,1476,1,0
E,H,H,10141,100,10141,1,0
F,H,H,5475,100,5475,1,0
G,H,H,8893,100,8893,1,0
A,B,A,4741,100,4741,1,0
A,C,A,10597,100,10597,1,0
A,D,A,9527,100,9527,1,0
A,E,A,1406,100,1406,1,0
A,F,A,5071,100,5071,1,0
A,G,A,10600,100,10600,1,0
A,H,A,9949,100,9949,1,0
A,B,B,4803,100,4803,1,0
B,C,B,6985,100,6985,1,0
B,D,B,5258,100,5258,1,0
B,E,B,5172,100,5172,1,0
B,F,B,1344,100,1344,1,0
B,G,B,7109,100,7109,1,0
B,H,B,5705,100,5705,1,0
A,C,C,10626,100,10626,1,0
B,C,C,7006,100,7006,1,0
C,D,C,8779,100,8779,1,0
C,E,C,10829,100,10829,1,0
C,F,C,7198,100,7198,1,0
C,G,C,1379,100,1379,1,0
C,H,C,8970,100,8970,1,0
A,D,D,9513,100,9513,1,0
B,D,D,5302,100,5302,1,0
C,D,D,8732,100,8732,1,0
D,E,D,9931,100,9931,1,0
D,F,D,5385,100,5385,1,0
D,G,D,8900,100,8900,1,0
D,H,D,1516,100,1516,1,0
A,E,E,1492,100,1492,1,0
B,E,E,5146,100,5146,1,0
C,E,E,10843,100,10843,1,0
D,E,E,9938,100,9938,1,0
E,F,E,5091,100,5091,1,0
E,G,E,10629,100,10629,1,0
E,H,E,10113,100,10113,1,0
A,F,F,5045,100,5045,1,0
B,F,F,1362,100,1362,1,0
C,F,F,7180,100,7180,1,0
D,F,F,5388,100,5388,1,0
E,F,F,5126,100,5126,1,0
F,G,F,6990,100,6990,1,0
F,H,F,5433,100,5433,1,0
A,G,G,10631,100,10631,1,0
B,G,G,7063,100,7063,1,0
C,G,G,1381,100,1381,1,0
D,G,G,8916,100,8916,1,0
E,G,G,10607,100,10607,1,0
F,G,G,6982,100,6982,1,0
G,H,G,8880,100,8880,1,0
A,H,H,9928,100,9928,1,0
B,H,H,5738,100,5738,1,0
C,H,H,8937,100,8937,1,0
D,H,H,1542,100,1542,1,0
E,H,H,10143,100,10143,1,0
F,H,H,5428,100,5428,1,0
G,H,H,8880,100,8880,1,0
A,B,A,4789,100,4789,1,0
A,C,A,10571,100,10571,1,0
A,D,A,9528,100,9528,1,0
A,E,A,1367,100,1367,1,0
A,F,A,5068,100,5068,1,0
A,G,A,10622,100,10622,1,0
A,H,A,9981,100,9981,1,0
A,B,B,4805,100,4805,1,0
B,C,B,7034,100,7034,1,0
B,D,B,5270,100,5270,1,0
B,E,B,5207,100,5207,1,0
B,F,B,1334,100,1334,1,0
B,G,B,7039,100,7039,1,0
B,H,B,5769,100,5769,1,0
A,C,C,10669,100,10669,1,0
B,C,C,7031,100,7031,1,0
C,D,C,8748,100,8748,1,0
C,E,C,10845,100,10845,1,0
C,F,C,7216,100,7216,1,0
C,G,C,1398,100,1398,1,0
C,H,C,8945,100,8945,1,0
A,D,D,9541,100,9541,1,0
B,D,D,5343,100,5343,1,0
C,D,D,8764,100,8764,1,0
D,E,D,9913,100,9913,1,0
D,F,D,5398,100,5398,1,0
D,G,D,8900,100,8900,1,0
D,H,D,1475,100,1475,1,0
A,E,E,1408,100,1408,1,0
B,E,E,5206,100,5206,1,0
C,E,E,10820,100,10820,1,0
D,E,E,9883,100,9883,1,0
E,F,E,5086,100,5086,1,0
E,G,E,10629,100,10629,1,0
E,H,E,10161,100,10161,1,0
A,F,F,5061,100,5061,1,0
B,F,F,1364,100,1364,1,0
C,F,F,7209,100,7209,1,0
D,F,F,5379,100,5379,1,0
E,F,F,5119,100,5119,1,0
F,G,F,7004,100,7004,1,0
F,H,F,5413,100,5413,1,0
A,G,G,10583,100,10583,1,0
B,G,G,7087,100,7087,1,0
C,G,G,1326,100,1326,1,0
D,G,G,8900,100,8900,1,0
E,G,G,10604,100,10604,1,0
F,G,G,6979,100,6979,1,0
G,H,G,8866,100,8866,1,0
A,H,H,9975,100,9975,1,0
B,H,H,5728,100,5728,1,0
C,H,H,8900,100,8900,1,0
D,H,H,1463,100,1463,1,0
E,H,H,10129,100,10129,1,0
F,H,H,5432,100,5432,1,0
G,H,H,8904,100,8904,1,0
A,B,A,4818,100,4818,1,0
A,C,A,10602,100,10602,1,0
A,D,A,9532,100,9532,1,0
A,E,A,1437,100,1437,1,0
A,F,A,5044,100,5044,1,0
A,G,A,10652,100,10652,1,0
A,H,A,9956,100,9956,1,0
A,B,B,4764,100,4764,1,0
B,C,B,7011,100,7011,1,0
B,D,B,5294,100,5294,1,0
B,E,B,5143,100,5143,1,0
B,F,B,1325,100,1325,1,0
B,G,B,7065,100,7065,1,0
B,H,B,5756,100,5756,1,0
A,C,C,10616,100,10616,1,0
B,C,C,6999,100,6999,1,0
C,D,C,8732,100,8732,1,0
C,E,C,10826,100,10826,1,0
C,F,C,7165,100,7165,1,0
C,G,C,1395,100,1395,1,0
C,H,C,8962,100,8962,1,0
A,D,D,9527,100,9527,1,0
B,D,D,5256,100,5256,1,0
C,D,D,8745,100,8745,1,0
D,E,D,9977,100,9977,1,0
D,F,D,5351,100,5351,1,0
D,G,D,8911,100,8911,1,0
D,H,D,1504,100,1504,1,0
A,E,E,1420,100,1420,1,0
B,E,E,5168,100,5168,1,0
C,E,E,10835,100,10835,1,0
D,E,E,9903,100,9903,1,0
E,F,E,5104,100,5104,1,0
E,G,E,10618,100,10618,1,0
E,H,E,10168,100,10168,1,0
A,F,F,5066,100,5066,1,0
B,F,F,1378,100,1378,1,0
C,F,F,7177,100,7177,1,0
D,F,F,5400,100,5400,1,0
E,F,F,5109,100,5109,1,0
F,G,F,7001,100,7001,1,0
F,H,F,5487,100,5487,1,0
A,G,G,10644,100,10644,1,0
B,G,G,7078,100,7078,1,0
C,G,G,1393,100,1393,1,0
D,G,G,8868,100,8868,1,0
E,G,G,10626,100,10626,1,0
F,G,G,6997,100,6997,1,0
G,H,G,8904,100,8904,1,0
A,H,H,9958,100,9958,1,0
B,H,H,5771,100,5771,1,0
C,H,H,8909,100,8909,1,0
D,H,H,1449,100,1449,1,0
E,H,H,10144,100,10144,1,0
F,H,H,5437,100,5437,1,0
G,H,H,8868,100,8868,1,0
A,B,A,4748,100,4748,1,0
A,C,A,10632,100,10632,1,0
A,D,A,9522,100,9522,1,0
A,E,A,1428,100,1428,1,0
A,F,A,5049,100,5049,1,0
A,G,A,10609,100,10609,1,0
A,H,A,9993,100,9993,1,0
A,B,B,4810,100,4810,1,0
B,C,B,7045,100,7045,1,0
B,D,B,5305,100,5305,1,0
B,E,B,5145,100,5145,1,0
B,F,B,1360,100,1360,1,0
B,G,B,7089,100,7089,1,0
B,H,B,5743,100,5743,1,0
A,C,C,10582,100,10582,1,0
B,C,C,7011,100,7011,1,0
C,D,C,8702,100,8702,1,0
C,E,C,10823,100,10823,1,0
C,F,C,7188,100,7188,1,0
C,G,C,1349,100,1349,1,0
C,H,C,8949,100,8949,1,0
A,D,D,9536,100,9536,1,0
B,D,D,5343,100,5343,1,0
C,D,D,8766,100,8766,1,0
D,E,D,9988,100,9988,1,0
D,F,D,5361,100,5361,1,0
D,G,D,8917,100,8917,1,0
D,H,D,1512,100,1512,1,0
A,E,E,1472,100,1472,1,0
B,E,E,5174,100,5174,1,0
C,E,E,10776,100,10776,1,0
D,E,E,9962,100,9962,1,0
E,F,E,5117,100,5117,1,0
E,G,E,10661,100,10661,1,0
E,H,E,10120,100,10120,1,0
A,F,F,5099,100,5099,1,0
B,F,F,1342,100,1342,1,0
C,F,F,7192,100,7192,1,0
D,F,F,5355,100,5355,1,0
E,F,F,5108,100,5108,1,0
F,G,F,6983,100,6983,1,0
F,H,F,5460,100,5460,1,0
A,G,G,10654,100,10654,1,0
B,G,G,7118,100,7118,1,0
C,G,G,1379,100,1379,1,0
D,G,G,8883,100,8883,1,0
E,G,G,10612,100,10612,1,0
F,G,G,6997,100,6997,1,0
G,H,G,8898,100,8898,1,0
A,H,H,9907,100,9907,1,0
B,H,H,5755,100,5755,1,0
C,H,H,8937,100,8937,1,0
D,H,H,1509,100,1509,1,0
E,H,H,10110,100,10110,1,0
F,H,H,5469,100,5469,1,0
G,H,H,8884,100,8884,1,0
A,B,A,4782,100,4782,1,0
A,C,A,10611,100,10611,1,0
A,D,A,9538,100,9538,1,0
A,E,A,1402,100,1402,1,0
A,F,A,5055,100,5055,1,0
A,G,A,10663,100,10663,1,0
A,H,A,9941,100,9941,1,0
A,B,B,4765,100,4765,1,0
B,C,B,7018,100,7018,1,0
B,D,B,5303,100,5303,1,0
B,E,B,5169,100,5169,1,0
B,F,B,1382,100,1382,1,0
B,G,B,7078,100,7078,1,0
B,H,B,5711,100,5711,1,0
A,C,C,10607,100,10607,1,0
B,C,C,7036,100,7036,1,0
C,D,C,8722,100,8722,1,0
C,E,C,10796,100,10796,1,0
C,F,C,7203,100,7203,1,0
C,G,C,1380,100,1380,1,0
C,H,C,8971,100,8971,1,0
A,D,D,9536,100,9536,1,0
B,D,D,5216,100,5216,1,0
C,D,D,8742,100,8742,1,0
D,E,D,9909,100,9909,1,0
D,F,D,5374,100,5374,1,0
D,G,D,8908,100,8908,1,0
D,H,D,1445,100,1445,1,0
A,E,E,1385,100,1385,1,0
B,E,E,5171,100,5171,1,0
C,E,E,10761,100,10761,1,0
D,E,E,9922,100,9922,1,0
E,F,E,5102,100,5102,1,0
E,G,E,10627,100,10627,1,0
E,H,E,10148,100,10148,1,0
A,F,F,5039,100,5039,1,0
B,F,F,1350,100,1350,1,0
C,F,F,7185,100,7185,1,0
D,F,F,5364,100,5364,1,0
E,F,F,5094,100,5094,1,0
F,G,F,6990,100,6990,1,0
F,H,F,5406,100,5406,1,0
A,G,G,10612,100,10612,1,0
B,G,G,7087,100,7087,1,0
C,G,G,1391,100,1391,1,0
D,G,G,8875,100,8875,1,0
E,G,G,10641,100,10641,1,0
F,G,G,6985,100,6985,1,0
G,H,G,8901,100,8901,1,0
A,H,H,9954,100,9954,1,0
B,H,H,5760,100,5760,1,0
C,H,H,8926,100,8926,1,0
D,H,H,1437,100,1437,1,0
E,H,H,10133,100,10133,1,0
F,H,H,5429,100,5429,1,0
G,H,H,8875,100,8875,1,0
A,B,A,4735,100,4735,1,0
A,C,A,10635,100,10635,1,0
A,D,A,9532,100,9532,1,0
A,E,A,1372,100,1372,1,0
A,F,A,5064,100,5064,1,0
A,G,A,10630,100,10630,1,0
A,H,A,9951,100,9951,1,0
A,B,B,4758,100,4758,1,0
B,C,B,7031,100,7031,1,0
B,D,B,5235,100,5235,1,0
B,E,B,5182,100,5182,1,0
B,F,B,1362,100,1362,1,0
B,G,B,7112,100,7112,1,0
B,H,B,5693,100,5693,1,0
A,C,C,10646,100,10646,1,0
B,C,C,7010,100,7010,1,0
C,D,C,8726,100,8726,1,0
C,E,C,10786,100,10786,1,0
C,F,C,7215,100,7215,1,0
C,G,C,1327,100,1327,1,0
C,H,C,8957,100,8957,1,0
A,D,D,9526,100,9526,1,0
B,D,D,5298,100,5298,1,0
C,D,D,8732,100,8732,1,0
D,E,D,9947,100,9947,1,0
D,F,D,5349,100,5349,1,0
D,G,D,8901,100,8901,1,0
D,H,D,1490,100,1490,1,0
A,E,E,1376,100,1376,1,0
B,E,E,5185,100,5185,1,0
C,E,E,10852,100,10852,1,0
D,E,E,9928,100,9928,1,0
E,F,E,5133,100,5133,1,0
E,G,E,10630,100,10630,1,0
E,H,E,10103,100,10103,1,0
A,F,F,5059,100,5059,1,0
B,F,F,1395,100,1395,1,0
C,F,F,7218,100,7218,1,0
D,F,F,5353,100,5353,1,0
E,F,F,5107,100,5107,1,0
F,G,F,6970,100,6970,1,0
F,H,F,5422,100,5422,1,0
A,G,G,10611,100,10611,1,0
B,G,G,7111,100,7111,1,0
C,G,G,1388,100,1388,1,0
D,G,G,8884,100,8884,1,0
E,G,G,10646,100,10646,1,0
F,G,G,6991,100,6991,1,0
G,H,G,8869,100,8869,1,0
A,H,H,9932,100,9932,1,0
B,H,H,5723,100,5723,1,0
C,H,H,8938,100,8938,1,0
D,H,H,1535,100,1535,1,0
E,H,H,10124,100,10124,1,0
F,H,H,5442,100,5442,1,0
G,H,H,8864,100,8864,1,0
A,B,A,4786,100,4786,1,0
A,C,A,10692,100,10692,1,0
A,D,A,9498,100,9498,1,0
A,E,A,1389,100,1389,1,0
A,F,A,5052,100,5052,1,0
A,G,A,10656,100,10656,1,0
A,H,A,9965,100,9965,1,0
A,B,B,4805,100,4805,1,0
B,C,B,7017,100,7017,1,0
B,D,B,5290,100,5290,1,0
B,E,B,5152,100,5152,1,0
B,F,B,1367,100,1367,1,0
B,G,B,7078,100,7078,1,0
B,H,B,5728,100,5728,1,0
A,C,C,10640,100,10640,1,0
B,C,C,6990,100,6990,1,0
C,D,C,8773,100,8773,1,0
C,E,C,10797,100,10797,1,0
C,F,C,7175,100,7175,1,0
C,G,C,1402,100,1402,1,0
C,H,C,8920,100,8920,1,0
A,D,D,9487,100,9487,1,0
B,D,D,5266,100,5266,1,0
C,D,D,8765,100,8765,1,0
D,E,D,9953,100,9953,1,0
D,F,D,5335,100,5335,1,0
D,G,D,8874,100,8874,1,0
D,H,D,1449,100,1449,1,0
A,E,E,1432,100,1432,1,0
B,E,E,5153,100,5153,1,0
C,E,E,10812,100,10812,1,0
D,E,E,9957,100,9957,1,0
E,F,E,5113,100,5113,1,0
E,G,E,10625,100,10625,1,0
E,H,E,10131,100,10131,1,0
A,F,F,5034,100,5034,1,0
B,F,F,1350,100,1350,1,0
C,F,F,7197,100,7197,1,0
D,F,F,5390,100,5390,1,0
E,F,F,5100,100,5100,1,0
F,G,F,7006,100,7006,1,0
F,H,F,5429,100,5429,1,0
A,G,G,10665,100,10665,1,0
B,G,G,7069,100,7069,1,0
C,G,G,1349,100,1349,1,0
D,G,G,8895,100,8895,1,0
E,G,G,10609,100,10609,1,0
F,G,G,6977,100,6977,1,0
G,H,G,8816,100,8816,1,0
A,H,H,9926,100,9926,1,0
B,H,H,5733,100,5733,1,0
C,H,H,8921,100,8921,1,0
D,H,H,1462,100,1462,1,0
E,H,H,10160,100,10160,1,0
F,H,H,5462,100,5462,1,0
G,H,H,8879,100,8879,1,0
A,B,A,4803,100,4803,1,0
A,C,A,10619,100,10619,1,0
A,D,A,9539,100,9539,1,0
A,E,A,1402,100,1402,1,0
A,F,A,5094,100,5094,1,0
A,G,A,10608,100,10608,1,0
A,H,A,9914,100,9914,1,0
A,B,B,4757,100,4757,1,0
B,C,B,7008,100,7008,1,0
B,D,B,5299,100,5299,1,0
B,E,B,5156,100,5156,1,0
B,F,B,1368,100,1368,1,0
B,G,B,7091,100,7091,1,0
B,H,B,5758,100,5758,1,0
A,C,C,10678,100,10678,1,0
B,C,C,6993,100,6993,1,0
C,D,C,8752,100,8752,1,0
C,E,C,10842,100,10842,1,0
C,F,C,7178,100,7178,1,0
C,G,C,1339,100,1339,1,0
C,H,C,8916,100,8916,1,0
A,D,D,9517,100,9517,1,0
B,D,D,5249,100,5249,1,0
C,D,D,8764,100,8764,1,0
D,E,D,9922,100,9922,1,0
D,F,D,5367,100,5367,1,0
D,G,D,8897,100,8897,1,0
D,H,D,1520,100,1520,1,0
A,E,E,1390,100,1390,1,0
B,E,E,5193,100,5193,1,0
C,E,E,10816,100,10816,1,0
D,E,E,9871,100,9871,1,0
E,F,E,5122,100,5122,1,0
E,G,E,10611,100,10611,1,0
E,H,E,10117,100,10117,1,0
A,F,F,5056,100,5056,1,0
B,F,F,1330,100,1330,1,0
C,F,F,7206,100,7206,1,0
D,F,F,5354,100,5354,1,0
E,F,F,5160,100,5160,1,0
F,G,F,7003,100,7003,1,0
F,H,F,5475,100,5475,1,0
A,G,G,10664,100,10664,1,0
B,G,G,7103,100,7103,1,0
C,G,G,1345,100,1345,1,0
D,G,G,8873,100,8873,1,0
E,G,G,10586,100,10586,1,0
F,G,G,6991,100,6991,1,0
G,H,G,8890,100,8890,1,0
A,H,H,9916,100,9916,1,0
B,H,H,5792,100,5792,1,0
C,H,H,8985,100,8985,1,0
D,H,H,1499,100,1499,1,0
E,H,H,10146,100,10146,1,0
F,H,H,5447,100,5447,1,0
G,H,H,8902,100,8902,1,0
A,B,A,4775,100,4775,1,0
A,C,A,10660,100,10660,1,0
A,D,A,9522,100,9522,1,0
A,E,A,1386,100,1386,1,0
A,F,A,5055,100,5055,1,0
A,G,A,10612,100,10612,1,0
A,H,A,9956,100,9956,1,0
A,B,B,4773,100,4773,1,0
B,C,B,6996,100,6996,1,0
B,D,B,5281,100,5281,1,0
B,E,B,5182,100,5182,1,0
B,F,B,1348,100,1348,1,0
B,G,B,7060,100,7060,1,0
B,H,B,5781,100,5781,1,0
A,C,C,10632,100,10632,1,0
B,C,C,7016,100,7016,1,0
C,D,C,8737,100,8737,1,0
C,E,C,10863,100,10863,1,0
C,F,C,7196,100,7196,1,0
C,G,C,1362,100,1362,1,0
C,H,C,8955,100,8955,1,0
A,D,D,9551,100,9551,1,0
B,D,D,5252,100,5252,1,0
C,D,D,8757,100,8757,1,0
D,E,D,9940,100,9940,1,0
D,F,D,5360,100,5360,1,0
D,G,D,8918,100,8918,1,0
D,H,D,1484,100,1484,1,0
A,E,E,1472,100,1472,1,0
B,E,E,5193,100,5193,1,0
C,E,E,10852,100,10852,1,0
D,E,E,9882,100,9882,1,0
E,F,E,5099,100,5099,1,0
E,G,E,10604,100,10604,1,0
E,H,E,10113,100,10113,1,0
A,F,F,5071,100,5071,1,0
B,F,F,1347,100,1347,1,0
C,F,F,7196,100,7196,1,0
D,F,F,5371,100,5371,1,0
E,F,F,5086,100,5086,1,0
F,G,F,7012,100,7012,1,0
F,H,F,5489,100,5489,1,0
A,G,G,10573,100,10573,1,0
B,G,G,7085,100,7085,1,0
C,G,G,1413,100,1413,1,0
D,G,G,8889,100,8889,1,0
E,G,G,10639,100,10639,1,0
F,G,G,6996,100,6996,1,0
G,H,G,8860,100,8860,1,0
A,H,H,9928,100,9928,1,0
B,H,H,5716,100,5716,1,0
C,H,H,8952,100,8952,1,0
D,H,H,1501,100,1501,1,0
E,H,H,10162,100,10162,1,0
F,H,H,5440,100,5440,1,0
G,H,H,8868,100,8868,1,0
A,B,A,4819,100,4819,1,0
A,C,A,10706,100,10706,1,0
A,D,A,9544,100,9544,1,0
A,E,A,1449,100,1449,1,0
A,F,A,5058,100,5058,1,0
A,G,A,10680,100,10680,1,0
A,H,A,9972,100,9972,1,0
A,B,B,4813,100,4813,1,0
B,C,B,7037,100,7037,1,0
B,D,B,5266,100,5266,1,0
B,E,B,5144,100,5144,1,0
B,F,B,1358,100,1358,1,0
B,G,B,7097,100,7097,1,0
B,H,B,5826,100,5826,1,0
A,C,C,10632,100,10632,1,0
B,C,C,7022,100,7022,1,0
C,D,C,8706,100,8706,1,0
C,E,C,10839,100,10839,1,0
C,F,C,7190,100,7190,1,0
C,G,C,1369,100,1369,1,0
C,H,C,8957,100,8957,1,0
A,D,D,9542,100,9542,1,0
B,D,D,5325,100,5325,1,0
C,D,D,8742,100,8742,1,0
D,E,D,9855,100,9855,1,0
D,F,D,5330,100,5330,1,0
D,G,D,8870,100,8870,1,0
D,H,D,1475,100,1475,1,0
A,E,E,1409,100,1409,1,0
B,E,E,5205,100,5205,1,0
C,E,E,10807,100,10807,1,0
D,E,E,9894,100,9894,1,0
E,F,E,5083,100,5083,1,0
E,G,E,10626,100,10626,1,0
E,H,E,10163,100,10163,1,0
A,F,F,5066,100,5066,1,0
B,F,F,1402,100,1402,1,0
C,F,F,7207,100,7207,1,0
D,F,F,5370,100,5370,1,0
E,F,F,5136,100,5136,1,0
F,G,F,6988,100,6988,1,0
F,H,F,5434,100,5434,1,0
A,G,G,10608,100,10608,1,0
B,G,G,7065,100,7065,1,0
C,G,G,1322,100,1322,1,0
D,G,G,8891,100,8891,1,0
E,G,G,10644,100,10644,1,0
F,G,G,7000,100,7000,1,0
G,H,G,8858,100,8858,1,0
A,H,H,9936,100,9936,1,0
B,H,H,5766,100,5766,1,0
C,H,H,8980,100,8980,1,0
D,H,H,1518,100,1518,1,0
E,H,H,10121,100,10121,1,0
F,H,H,5487,100,5487,1,0
G,H,H,8857,100,8857,1,0
A,B,A,4764,100,4764,1,0
A,C,A,10650,100,10650,1,0
A,D,A,9534,100,9534,1,0
A,E,A,1418,100,1418,1,0
A,F,A,5055,100,5055,1,0
A,G,A,10599,100,10599,1,0
A,H,A,9923,100,9923,1,0
A,B,B,4766,100,4766,1,0
B,C,B,6998,100,6998,1,0
B,D,B,5314,100,5314,1,0
B,E,B,5197,100,5197,1,0
B,F,B,1349,100,1349,1,0
B,G,B,7086,100,7086,1,0
B,H,B,5755,100,5755,1,0
A,C,C,10647,100,10647,1,0
B,C,C,7045,100,7045,1,0
C,D,C,8775,100,8775,1,0
C,E,C,10780,100,10780,1,0
C,F,C,7197,100,7197,1,0
C,G,C,1354,100,1354,1,0
C,H,C,8910,100,8910,1,0
A,D,D,9526,100,9526,1,0
B,D,D,5298,100,5298,1,0
C,D,D,8744,100,8744,1,0
D,E,D,9966,100,9966,1,0
D,F,D,5357,100,5357,1,0
D,G,D,8880,100,8880,1,0
D,H,D,1506,100,1506,1,0
A,E,E,1447,100,1447,1,0
B,E,E,5159,100,5159,1,0
C,E,E,10853,100,10853,1,0
D,E,E,9915,100,9915,1,0
E,F,E,5083,100,5083,1,0
E,G,E,10649,100,10649,1,0
E,H,E,10152,100,10152,1,0
A,F,F,5068,100,5068,1,0
B,F,F,1404,100,1404,1,0
C,F,F,7218,100,7218,1,0
D,F,F,5351,100,5351,1,0
E,F,F,5100,100,5100,1,0
F,G,F,7012,100,7012,1,0
F,H,F,5426,100,5426,1,0
A,G,G,10639,100,10639,1,0
B,G,G,7079,100,7079,1,0
C,G,G,1375,100,1375,1,0
D,G,G,8910,100,8910,1,0
E,G,G,10630,100,10630,1,0
F,G,G,6991,100,6991,1,0
G,H,G,8851,100,8851,1,0
A,H,H,9971,100,9971,1,0
B,H,H,5771,100,5771,1,0
C,H,H,8921,100,8921,1,0
D,H,H,1505,100,1505,1,0
E,H,H,10139,100,10139,1,0
F,H,H,5444,100,5444,1,0
G,H,H,8841,100,8841,1,0
A,B,A,4763,100,4763,1,0
A,C,A,10617,100,10617,1,0
A,D,A,9538,100,9538,1,0
A,E,A,1446,100,1446,1,0
A,F,A,5068,100,5068,1,0
A,G,A,10657,100,10657,1,0
A,H,A,9909,100,9909,1,0
A,B,B,4805,100,4805,1,0
B,C,B,7018,100,7018,1,0
B,D,B,5280,100,5280,1,0
B,E,B,5188,100,5188,1,0
B,F,B,1341,100,1341,1,0
B,G,B,7076,100,7076,1,0
B,H,B,5764,100,5764,1,0
A,C,C,10623,100,10623,1,0
B,C,C,7025,100,7025,1,0
C,D,C,8765,100,8765,1,0
C,E,C,10825,100,10825,1,0
C,F,C,7175,100,7175,1,0
C,G,C,1376,100,1376,1,0
C,H,C,8971,100,8971,1,0
A,D,D,9547,100,9547,1,0
B,D,D,5283,100,5283,1,0
C,D,D,8752,100,8752,1,0
D,E,D,9990,100,9990,1,0
D,F,D,5346,100,5346,1,0
D,G,D,8904,100,8904,1,0
D,H,D,1548,100,1548,1,0
A,E,E,1445,100,1445,1,0
B,E,E,5196,100,5196,1,0
C,E,E,10800,100,10800,1,0
D,E,E,9977,100,9977,1,0
E,F,E,5095,100,5095,1,0
E,G,E,10630,100,10630,1,0
E,H,E,10135,100,10135,1,0
A,F,F,5034,100,5034,1,0
B,F,F,1356,100,1356,1,0
C,F,F,7192,100,7192,1,0
D,F,F,5331,100,5331,1,0
E,F,F,5097,100,5097,1,0
F,G,F,6985,100,6985,1,0
F,H,F,5441,100,5441,1,0
A,G,G,10627,100,10627,1,0
B,G,G,7091,100,7091,1,0
C,G,G,1391,100,1391,1,0
D,G,G,8912,100,8912,1,0
E,G,G,10650,100,10650,1,0
F,G,G,6999,100,6999,1,0
G,H,G,8867,100,8867,1,0
A,H,H,9974,100,9974,1,0
B,H,H,5774,100,5774,1,0
C,H,H,8955,100,8955,1,0
D,H,H,1495,100,1495,1,0
E,H,H,10146,100,10146,1,0
F,H,H,5418,100,5418,1,0
G,H,H,8903,100,8903,1,0
A,B,A,4759,100,4759,1,0
A,C,A,10689,100,10689,1,0
A,D,A,9539,100,9539,1,0
A,E,A,1446,100,1446,1,0
A,F,A,5009,100,5009,1,0
A,G,A,10615,100,10615,1,0
A,H,A,9925,100,9925,1,0
A,B,B,4810,100,4810,1,0
B,C,B,6992,100,6992,1,0
B,D,B,5327,100,5327,1,0
B,E,B,5155,100,5155,1,0
B,F,B,1335,100,1335,1,0
B,G,B,7065,100,7065,1,0
B,H,B,5759,100,5759,1,0
A,C,C,10600,100,10600,1,0
B,C,C,7011,100,7011,1,0
C,D,C,8726,100,8726,1,0
C,E,C,10775,100,10775,1,0
C,F,C,7202,100,7202,1,0
C,G,C,1363,100,1363,1,0
C,H,C,8897,100,8897,1,0
A,D,D,9504,100,9504,1,0
B,D,D,5280,100,5280,1,0
C,D,D,8716,100,8716,1,0
D,E,D,9951,100,9951,1,0
D,F,D,5383,100,5383,1,0
D,G,D,8933,100,8933,1,0
D,H,D,1506,100,1506,1,0
A,E,E,1446,100,1446,1,0
B,E,E,5182,100,5182,1,0
C,E,E,10845,100,10845,1,0
D,E,E,9874,100,9874,1,0
E,F,E,5121,100,5121,1,0
E,G,E,10627,100,10627,1,0
E,H,E,10145,100,10145,1,0
A,F,F,5026,100,5026,1,0
B,F,F,1393,100,1393,1,0
C,F,F,7216,100,7216,1,0
D,F,F,5351,100,5351,1,0
E,F,F,5100,100,5100,1,0
F,G,F,7037,100,7037,1,0
F,H,F,5417,100,5417,1,0
A,G,G,10596,100,10596,1,0
B,G,G,7063,100,7063,1,0
C,G,G,1382,100,1382,1,0
D,G,G,8907,100,8907,1,0
E,G,G,10662,100,10662,1,0
F,G,G,7008,100,7008,1,0
G,H,G,8827,100,8827,1,0
A,H,H,9947,100,9947,1,0
B,H,H,5773,100,5773,1,0
C,H,H,8905,100,8905,1,0
D,H,H,1537,100,1537,1,0
E,H,H,10141,100,10141,1,0
F,H,H,5437,100,5437,1,0
G,H,H,8870,100,8870,1,0
A,B,A,4760,100,4760,1,0
A,C,A,10672,100,10672,1,0
A,D,A,9502,100,9502,1,0
A,E,A,1399,100,1399,1,0
A,F,A,5049,100,5049,1,0
A,G,A,10627,100,10627,1,0
A,H,A,9944,100,9944,1,0
A,B,B,4787,100,4787,1,0
B,C,B,6984,100,6984,1,0
B,D,B,5307,100,5307,1,0
B,E,B,5178,100,5178,1,0
B,F,B,1362,100,1362,1,0
B,G,B,7073,100,7073,1,0
B,H,B,5732,100,5732,1,0
A,C,C,10636,100,10636,1,0
B,C,C,7008,100,7008,1,0
C,D,C,8726,100,8726,1,0
C,E,C,10793,100,10793,1,0
C,F,C,7178,100,7178,1,0
C,G,C,1407,100,1407,1,0
C,H,C,8954,100,8954,1,0
A,D,D,9547,100,9547,1,0
B,D,D,5318,100,5318,1,0
C,D,D,8750,100,8750,1,0
D,E,D,9944,100,9944,1,0
D,F,D,5349,100,5349,1,0
D,G,D,8902,100,8902,1,0
D,H,D,1542,100,1542,1,0
A,E,E,1434,100,1434,1,0
B,E,E,5185,100,5185,1,0
C,E,E,10853,100,10853,1,0
D,E,E,9860,100,9860,1,0
E,F,E,5104,100,5104,1,0
E,G,E,10626,100,10626,1,0
E,H,E,10165,100,10165,1,0
A,F,F,5072,100,5072,1,0
B,F,F,1377,100,1377,1,0
C,F,F,7180,100,7180,1,0
D,F,F,5391,100,5391,1,0
E,F,F,5104,100,5104,1,0
F,G,F,6976,100,6976,1,0
F,H,F,5410,100,5410,1,0
A,G,G,10621,100,10621,1,0
B,G,G,7052,100,7052,1,0
C,G,G,1405,100,1405,1,0
D,G,G,8891,100,8891,1,0
E,G,G,10620,100,10620,1,0
F,G,G,7014,100,7014,1,0
G,H,G,8870,100,8870,1,0
A,H,H,9955,100,9955,1,0
B,H,H,5740,100,5740,1,0
C,H,H,8930,100,8930,1,0
D,H,H,1518,100,1518,1,0
E,H,H,10137,100,10137,1,0
F,H,H,5448,100,5448,1,0
G,H,H,8885,100,8885,1,0
A,B,A,4771,100,4771,1,0
A,C,A,10610,100,10610,1,0
A,D,A,9540,100,9540,1,0
A,E,A,1415,100,1415,1,0
A,F,A,5016,100,5016,1,0
A,G,A,10602,100,10602,1,0
A,H,A,9961,100,9961,1,0
A,B,B,4803,100,4803,1,0
B,C,B,7014,100,7014,1,0
B,D,B,5336,100,5336,1,0
B,E,B,5200,100,5200,1,0
B,F,B,1298,100,1298,1,0
B,G,B,7070,100,7070,1,0
B,H,B,5724,100,5724,1,0
A,C,C,10678,100,10678,1,0
B,C,C,6998,100,6998,1,0
C,D,C,8746,100,8746,1,0
C,E,C,10852,100,10852,1,0
C,F,C,7173,100,7173,1,0
C,G,C,1381,100,1381,1,0
C,H,C,8943,100,8943,1,0
A,D,D,9541,100,9541,1,0
B,D,D,5290,100,5290,1,0
C,D,D,8758,100,8758,1,0
D,E,D,9980,100,9980,1,0
D,F,D,5338,100,5338,1,0
D,G,D,8888,100,8888,1,0
D,H,D,1506,100,1506,1,0
A,E,E,1395,100,1395,1,0
B,E,E,5186,100,5186,1,0
C,E,E,10802,100,10802,1,0
D,E,E,9904,100,9904,1,0
E,F,E,5106,100,5106,1,0
E,G,E,10640,100,10640,1,0
E,H,E,10125,100,10125,1,0
A,F,F,5027,100,5027,1,0
B,F,F,1345,100,1345,1,0
C,F,F,7208,100,7208,1,0
D,F,F,5365,100,5365,1,0
E,F,F,5113,100,5113,1,0
F,G,F,6992,100,6992,1,0
F,H,F,5472,100,5472,1,0
A,G,G,10596,100,10596,1,0
B,G,G,7059,100,7059,1,0
C,G,G,1416,100,1416,1,0
D,G,G,8899,100,8899,1,0
E,G,G,10661,100,10661,1,0
F,G,G,6989,100,6989,1,0
G,H,G,8844,100,8844,1,0
A,H,H,9947,100,9947,1,0
B,H,H,5773,100,5773,1,0
C,H,H,8895,100,8895,1,0
D,H,H,1481,100,1481,1,0
E,H,H,10135,100,10135,1,0
F,H,H,5510,100,5510,1,0
G,H,H,8885,100,8885,1,0
A,B,A,4770,100,4770,1,0
A,C,A,10623,100,10623,1,0
A,D,A,9488,100,9488,1,0
A,E,A,1430,100,1430,1,0
A,F,A,5066,100,5066,1,0
A,G,A,10645,100,10645,1,0
A,H,A,9953,100,9953,1,0
A,B,B,4799,100,4799,1,0
B,C,B,6997,100,6997,1,0
B,D,B,5247,100,5247,1,0
B,E,B,5188,100,5188,1,0
B,F,B,1361,100,1361,1,0
B,G,B,7072,100,7072,1,0
B,H,B,5768,100,5768,1,0
A,C,C,10660,100,10660,1,0
B,C,C,6990,100,6990,1,0
C,D,C,8731,100,8731,1,0
C,E,C,10790,100,10790,1,0
C,F,C,7213,100,7213,1,0
C,G,C,1372,100,1372,1,0
C,H,C,8929,100,8929,1,0
A,D,D,9522,100,9522,1,0
B,D,D,5317,100,5317,1,0
C,D,D,8790,100,8790,1,0
D,E,D,9913,100,9913,1,0
D,F,D,5351,100,5351,1,0
D,G,D,8872,100,8872,1,0
D,H,D,1518,100,1518,1,0
A,E,E,1417,100,1417,1,0
B,E,E,5255,100,5255,1,0
C,E,E,10851,100,10851,1,0
D,E,E,9912,100,9912,1,0
E,F,E,5085,100,5085,1,0
E,G,E,10628,100,10628,1,0
E,H,E,10209,100,10209,1,0
A,F,F,5045,100,5045,1,0
B,F,F,1329,100,1329,1,0
C,F,F,7177,100,7177,1,0
D,F,F,5360,100,5360,1,0
E,F,F,5104,100,5104,1,0
F,G,F,6994,100,6994,1,0
F,H,F,5450,100,5450,1,0
A,G,G,10618,100,10618,1,0
B,G,G,7026,100,7026,1,0
C,G,G,1334,100,1334,1,0
D,G,G,8896,100,8896,1,0
E,G,G,10651,100,10651,1,0
F,G,G,6977,100,6977,1,0
G,H,G,8867,100,8867,1,0
A,H,H,9956,100,9956,1,0
B,H,H,5770,100,5770,1,0
C,H,H,8944,100,8944,1,0
D,H,H,1519,100,1519,1,0
E,H,H,10133,100,10133,1,0
F,H,H,5493,100,5493,1,0
G,H,H,8819,100,8819,1,0
A,B,A,4729,100,4729,1,0
A,C,A,10612,100,10612,1,0
A,D,A,9531,100,9531,1,0
A,E,A,1393,100,1393,1,0
A,F,A,5070,100,5070,1,0
A,G,A,10676,100,10676,1,0
A,H,A,9937,100,9937,1,0
A,B,B,4775,100,4775,1,0
B,C,B,7026,100,7026,1,0
B,D,B,5314,100,5314,1,0
B,E,B,5181,100,5181,1,0
B,F,B,1356,100,1356,1,0
B,G,B,7071,100,7071,1,0
B,H,B,5730,100,5730,1,0
A,C,C,10624,100,10624,1,0
B,C,C,6974,100,6974,1,0
C,D,C,8754,100,8754,1,0
C,E,C,10804,100,10804,1,0
C,F,C,7200,100,7200,1,0
C,G,C,1383,100,1383,1,0
C,H,C,8968,100,8968,1,0
A,D,D,9509,100,9509,1,0
B,D,D,5247,100,5247,1,0
C,D,D,8760,100,8760,1,0
D,E,D,9927,100,9927,1,0
D,F,D,5378,100,5378,1,0
D,G,D,8931,100,8931,1,0
D,H,D,1561,100,1561,1,0
A,E,E,1465,100,1465,1,0
B,E,E,5190,100,5190,1,0
C,E,E,10797,100,10797,1,0
D,E,E,9902,100,9902,1,0
E,F,E,5097,100,5097,1,0
E,G,E,10652,100,10652,1,0
E,H,E,10164,100,10164,1,0
A,F,F,5076,100,5076,1,0
B,F,F,1344,100,1344,1,0
C,F,F,7170,100,7170,1,0
D,F,F,5342,100,5342,1,0
E,F,F,5078,100,5078,1,0
F,G,F,7016,100,7016,1,0
F,H,F,5471,100,5471,1,0
A,G,G,10628,100,10628,1,0
B,G,G,7098,100,7098,1,0
C,G,G,1379,100,1379,1,0
D,G,G,8891,100,8891,1,0
E,G,G,10635,100,10635,1,0
F,G,G,6978,100,6978,1,0
G,H,G,8813,100,8813,1,0
A,H,H,9985,100,9985,1,0
B,H,H,5770,100,5770,1,0
C,H,H,8919,100,8919,1,0
D,H,H,1476,100,1476,1,0
E,H,H,10145,100,10145,1,0
F,H,H,5463,100,5463,1,0
G,H,H,8881,100,8881,1,0
A,B,A,4760,100,4760,1,0
A,C,A,10635,100,10635,1,0
A,D,A,9545,100,9545,1,0
A,E,A,1363,100,1363,1,0
A,F,A,5031,100,5031,1,0
A,G,A,10640,100,10640,1,0
A,H,A,9947,100,9947,1,0
A,B,B,4741,100,4741,1,0
B,C,B,6983,100,6983,1,0
B,D,B,5320,100,5320,1,0
B,E,B,5188,100,5188,1,0
B,F,B,1366,100,1366,1,0
B,G,B,7116,100,7116,1,0
B,H,B,5812,100,5812,1,0
A,C,C,10690,100,10690,1,0
B,C,C,7006,100,7006,1,0
C,D,C,8772,100,8772,1,0
C,E,C,10853,100,10853,1,0
C,F,C,7211,100,7211,1,0
C,G,C,1408,100,1408,1,0
C,H,C,8922,100,8922,1,0
A,D,D,9568,100,9568,1,0
B,D,D,5313,100,5313,1,0
C,D,D,8748,100,8748,1,0
D,E,D,9952,100,9952,1,0
D,F,D,5361,100,5361,1,0
D,G,D,8912,100,8912,1,0
D,H,D,1513,100,1513,1,0
A,E,E,1471,100,1471,1,0
B,E,E,5187,100,5187,1,0
C,E,E,10804,100,10804,1,0
D,E,E,9890,100,9890,1,0
E,F,E,5076,100,5076,1,0
E,G,E,10646,100,10646,1,0
E,H,E,10156,100,10156,1,0
A,F,F,5081,100,5081,1,0
B,F,F,1368,100,1368,1,0
C,F,F,7189,100,7189,1,0
D,F,F,5351,100,5351,1,0
E,F,F,5101,100,5101,1,0
F,G,F,7005,100,7005,1,0
F,H,F,5403,100,5403,1,0
A,G,G,10630,100,10630,1,0
B,G,G,7074,100,7074,1,0
C,G,G,1355,100,1355,1,0
D,G,G,8860,100,8860,1,0
E,G,G,10654,100,10654,1,0
F,G,G,6982,100,6982,1,0
G,H,G,8868,100,8868,1,0
A,H,H,9980,100,9980,1,0
B,H,H,5728,100,5728,1,0
C,H,H,8931,100,8931,1,0
D,H,H,1545,100,1545,1,0
E,H,H,10133,100,10133,1,0
F,H,H,5508,100,5508,1,0
G,H,H,8915,100,8915,1,0
A,B,A,4787,100,4787,1,0
A,C,A,10642,100,10642,1,0
A,D,A,9532,100,9532,1,0
A,E,A,1435,100,1435,1,0
A,F,A,5093,100,5093,1,0
A,G,A,10660,100,10660,1,0
A,H,A,9939,100,9939,1,0
A,B,B,4771,100,4771,1,0
B,C,B,6997,100,6997,1,0
B,D,B,5278,100,5278,1,0
B,E,B,5171,100,5171,1,0
B,F,B,1377,100,1377,1,0
B,G,B,7107,100,7107,1,0
B,H,B,5744,100,5744,1,0
A,C,C,10633,100,10633,1,0
B,C,C,7000,100,7000,1,0
C,D,C,8780,100,8780,1,0
C,E,C,10859,100,10859,1,0
C,F,C,7223,100,7223,1,0
C,G,C,1381,100,1381,1,0
C,H,C,8932,100,8932,1,0
A,D,D,9519,100,9519,1,0
B,D,D,5271,100,5271,1,0
C,D,D,8745,100,8745,1,0
D,E,D,9884,100,9884,1,0
D,F,D,5334,100,5334,1,0
D,G,D,8875,100,8875,1,0
D,H,D,1468,100,1468,1,0
A,E,E,1385,100,1385,1,0
B,E,E,5142,100,5142,1,0
C,E,E,10792,100,10792,1,0
D,E,E,9900,100,9900,1,0
E,F,E,5087,100,5087,1,0
E,G,E,10636,100,10636,1,0
E,H,E,10130,100,10130,1,0
A,F,F,5106,100,5106,1,0
B,F,F,1342,100,1342,1,0
C,F,F,7186,100,7186,1,0
D,F,F,5383,100,5383,1,0
E,F,F,5117,100,5117,1,0
F,G,F,6990,100,6990,1,0
F,H,F,5490,100,5490,1,0
A,G,G,10606,100,10606,1,0
B,G,G,7116,100,7116,1,0
C,G,G,1391,100,1391,1,0
D,G,G,8871,100,8871,1,0
E,G,G,10634,100,10634,1,0
F,G,G,6993,100,6993,1,0
G,H,G,8910,100,8910,1,0
A,H,H,9949,100,9949,1,0
B,H,H,5707,100,5707,1,0
C,H,H,8946,100,8946,1,0
D,H,H,1444,100,1444,1,0
E,H,H,10159,100,10159,1,0
F,H,H,5509,100,5509,1,0
G,H,H,8885,100,8885,1,0
A,B,A,4786,100,4786,1,0
A,C,A,10611,100,10611,1,0
A,D,A,9521,100,9521,1,0
A,E,A,1409,100,1409,1,0
A,F,A,5074,100,5074,1,0
A,G,A,10629,100,10629,1,0
A,H,A,9921,100,9921,1,0
A,B,B,4769,100,4769,1,0
B,C,B,7011,100,7011,1,0
B,D,B,5290,100,5290,1,0
B,E,B,5177,100,5177,1,0
B,F,B,1344,100,1344,1,0
B,G,B,7069,100,7069,1,0
B,H,B,5690,100,5690,1,0
A,C,C,10654,100,10654,1,0
B,C,C,6999,100,6999,1,0
C,D,C,8717,100,8717,1,0
C,E,C,10863,100,10863,1,0
C,F,C,7197,100,7197,1,0
C,G,C,1359,100,1359,1,0
C,H,C,8897,100,8897,1,0
A,D,D,9543,100,9543,1,0
B,D,D,5256,100,5256,1,0
C,D,D,8733,100,8733,1,0
D,E,D,9957,100,9957,1,0
D,F,D,5337,100,5337,1,0
D,G,D,8903,100,8903,1,0
D,H,D,1595,100,1595,1,0
A,E,E,1463,100,1463,1,0
B,E,E,5170,100,5170,1,0
C,E,E,10795,100,10795,1,0
D,E,E,9911,100,9911,1,0
E,F,E,5114,100,5114,1,0
E,G,E,10648,100,10648,1,0
E,H,E,10146,100,10146,1,0
A,F,F,5038,100,5038,1,0
B,F,F,1322,100,1322,1,0
C,F,F,7198,100,7198,1,0
D,F,F,5351,100,5351,1,0
E,F,F,5089,100,5089,1,0
F,G,F,7032,100,7032,1,0
F,H,F,5431,100,5431,1,0
A,G,G,10629,100,10629,1,0
B,G,G,7121,100,7121,1,0
C,G,G,1375,100,1375,1,0
D,G,G,8908,100,8908,1,0
E,G,G,10609,100,10609,1,0
F,G,G,6984,100,6984,1,0
G,H,G,8861,100,8861,1,0
A,H,H,9928,100,9928,1,0
B,H,H,5699,100,5699,1,0
C,H,H,8960,100,8960,1,0
D,H,H,1458,100,1458,1,0
E,H,H,10158,100,10158,1,0
F,H,H,5436,100,5436,1,0
G,H,H,8841,100,8841,1,0
A,B,A,4803,100,4803,1,0
A,C,A,10633,100,10633,1,0
A,D,A,9506,100,9506,1,0
A,E,A,1439,100,1439,1,0
A,F,A,5068,100,5068,1,0
A,G,A,10650,100,10650,1,0
A,H,A,9941,100,9941,1,0
A,B,B,4764,100,4764,1,0
B,C,B,7005,100,7005,1,0
B,D,B,5264,100,5264,1,0
B,E,B,5148,100,5148,1,0
B,F,B,1367,100,1367,1,0
B,G,B,7053,100,7053,1,0
B,H,B,5762,100,5762,1,0
A,C,C,10627,100,10627,1,0
B,C,C,7054,100,7054,1,0
C,D,C,8733,100,8733,1,0
C,E,C,10840,100,10840,1,0
C,F,C,7190,100,7190,1,0
C,G,C,1359,100,1359,1,0
C,H,C,8950,100,8950,1,0
A,D,D,9498,100,9498,1,0
B,D,D,5303,100,5303,1,0
C,D,D,8742,100,8742,1,0
D,E,D,9974,100,9974,1,0
D,F,D,5378,100,5378,1,0
D,G,D,8868,100,8868,1,0
D,H,D,1506,100,1506,1,0
A,E,E,1448,100,1448,1,0
B,E,E,5204,100,5204,1,0
C,E,E,10830,100,10830,1,0
D,E,E,9937,100,9937,1,0
E,F,E,5067,100,5067,1,0
E,G,E,10636,100,10636,1,0
E,H,E,10158,100,10158,1,0
A,F,F,5060,100,5060,1,0
B,F,F,1350,100,1350,1,0
C,F,F,7168,100,7168,1,0
D,F,F,5383,100,5383,1,0
E,F,F,5088,100,5088,1,0
F,G,F,6998,100,6998,1,0
F,H,F,5479,100,5479,1,0
A,G,G,10620,100,10620,1,0
B,G,G,7057,100,7057,1,0
C,G,G,1366,100,1366,1,0
D,G,G,8886,100,8886,1,0
E,G,G,10643,100,10643,1,0
F,G,G,6989,100,6989,1,0
G,H,G,8871,100,8871,1,0
A,H,H,9910,100,9910,1,0
B,H,H,5726,100,5726,1,0
C,H,H,8922,100,8922,1,0
D,H,H,1497,100,1497,1,0
E,H,H,10162,100,10162,1,0
F,H,H,5475,100,5475,1,0
G,H,H,8851,100,8851,1,0
A,B,A,4794,100,4794,1,0
A,C,A,10631,100,10631,1,0
A,D,A,9534,100,9534,1,0
A,E,A,1451,100,1451,1,0
A,F,A,5058,100,5058,1,0
A,G,A,10646,100,10646,1,0
A,H,A,9927,100,9927,1,0
A,B,B,4824,100,4824,1,0
B,C,B,7044,100,7044,1,0
B,D,B,5307,100,5307,1,0
B,E,B,5176,100,5176,1,0
B,F,B,1349,100,1349,1,0
B,G,B,7045,100,7045,1,0
B,H,B,5726,100,5726,1,0
A,C,C,10617,100,10617,1,0
B,C,C,7039,100,7039,1,0
C,D,C,8720,100,8720,1,0
C,E,C,10824,100,10824,1,0
C,F,C,7150,100,7150,1,0
C,G,C,1357,100,1357,1,0
C,H,C,8950,100,8950,1,0
A,D,D,9528,100,9528,1,0
B,D,D,5304,100,5304,1,0
C,D,D,8717,100,8717,1,0
D,E,D,9988,100,9988,1,0
D,F,D,5397,100,5397,1,0
D,G,D,8892,100,8892,1,0
D,H,D,1524,100,1524,1,0
A,E,E,1441,100,1441,1,0
B,E,E,5196,100,5196,1,0
C,E,E,10772,100,10772,1,0
D,E,E,9965,100,9965,1,0
E,F,E,5103,100,5103,1,0
E,G,E,10634,100,10634,1,0
E,H,E,10158,100,10158,1,0
A,F,F,5069,100,5069,1,0
B,F,F,1346,100,1346,1,0
C,F,F,7187,100,7187,1,0
D,F,F,5361,100,5361,1,0
E,F,F,5127,100,5127,1,0
F,G,F,6993,100,6993,1,0
F,H,F,5452,100,5452,1,0
A,G,G,10628,100,10628,1,0
B,G,G,7047,100,7047,1,0
C,G,G,1402,100,1402,1,0
D,G,G,8935,100,8935,1,0
E,G,G,10634,100,10634,1,0
F,G,G,6993,100,6993,1,0
G,H,G,8905,100,8905,1,0
A,H,H,9946,100,9946,1,0
B,H,H,5749,100,5749,1,0
C,H,H,8910,100,8910,1,0
D,H,H,1446,100,1446,1,0
E,H,H,10107,100,10107,1,0
F,H,H,5461,100,5461,1,0
G,H,H,8865,100,8865,1,0
A,B,A,4736,100,4736,1,0
A,C,A,10624,100,10624,1,0
A,D,A,9515,100,9515,1,0
A,E,A,1423,100,1423,1,0
A,F,A,5046,100,5046,1,0
A,G,A,10585,100,10585,1,0
A,H,A,9979,100,9979,1,0
A,B,B,4769,100,4769,1,0
B,C,B,7010,100,7010,1,0
B,D,B,5283,100,5283,1,0
B,E,B,5201,100,5201,1,0
B,F,B,1310,100,1310,1,0
B,G,B,7089,100,7089,1,0
B,H,B,5680,100,5680,1,0
A,C,C,10588,100,10588,1,0
B,C,C,6993,100,6993,1,0
C,D,C,8743,100,8743,1,0
C,E,C,10813,100,10813,1,0
C,F,C,7175,100,7175,1,0
C,G,C,1337,100,1337,1,0
C,H,C,8911,100,8911,1,0
A,D,D,9557,100,9557,1,0
B,D,D,5289,100,5289,1,0
C,D,D,8710,100,8710,1,0
D,E,D,9989,100,9989,1,0
D,F,D,5373,100,5373,1,0
D,G,D,8910,100,8910,1,0
D,H,D,1440,100,1440,1,0
A,E,E,1405,100,1405,1,0
B,E,E,5169,100,5169,1,0
C,E,E,10766,100,10766,1,0
D,E,E,9850,100,9850,1,0
E,F,E,5103,100,5103,1,0
E,G,E,10617,100,10617,1,0
E,H,E,10138,100,10138,1,0
A,F,F,5069,100,5069,1,0
B,F,F,1309,100,1309,1,0
C,F,F,7218,100,7218,1,0
D,F,F,5347,100,5347,1,0
E,F,F,5099,100,5099,1,0
F,G,F,7012,100,7012,1,0
F,H,F,5471,100,5471,1,0
A,G,G,10612,100,10612,1,0
B,G,G,7088,100,7088,1,0
C,G,G,1383,100,1383,1,0
D,G,G,8915,100,8915,1,0
E,G,G,10610,100,10610,1,0
F,G,G,6979,100,6979,1,0
G,H,G,8887,100,8887,1,0
A,H,H,9926,100,9926,1,0
B,H,H,5757,100,5757,1,0
C,H,H,8900,100,8900,1,0
D,H,H,1482,100,1482,1,0
E,H,H,10113,100,10113,1,0
F,H,H,5475,100,5475,1,0
G,H,H,8844,100,8844,1,0
A,B,A,4776,100,4776,1,0
A,C,A,10621,100,10621,1,0
A,D,A,9552,100,9552,1,0
A,E,A,1397,100,1397,1,0
A,F,A,5070,100,5070,1,0
A,G,A,10610,100,10610,1,0
A,H,A,9952,100,9952,1,0
A,B,B,4763,100,4763,1,0
B,C,B,7012,100,7012,1,0
B,D,B,5271,100,5271,1,0
B,E,B,5220,100,5220,1,0
B,F,B,1338,100,1338,1,0
B,G,B,7076,100,7076,1,0
B,H,B,5766,100,5766,1,0
A,C,C,10625,100,10625,1,0
B,C,C,7000,100,7000,1,0
C,D,C,8736,100,8736,1,0
C,E,C,10849,100,10849,1,0
C,F,C,7199,100,7199,1,0
C,G,C,1360,100,1360,1,0
C,H,C,8924,100,8924,1,0
A,D,D,9543,100,9543,1,0
B,D,D,5302,100,5302,1,0
C,D,D,8713,100,8713,1,0
D,E,D,9954,100,9954,1,0
D,F,D,5384,100,5384,1,0
D,G,D,8917,100,8917,1,0
D,H,D,1475,100,1475,1,0
A,E,E,1390,100,1390,1,0
B,E,E,5175,100,5175,1,0
C,E,E,10802,100,10802,1,0
D,E,E,9867,100,9867,1,0
E,F,E,5110,100,5110,1,0
E,G,E,10657,100,10657,1,0
E,H,E,10138,100,10138,1,0
A,F,F,5065,100,5065,1,0
B,F,F,1390,100,1390,1,0
C,F,F,7183,100,7183,1,0
D,F,F,5316,100,5316,1,0
E,F,F,5083,100,5083,1,0
F,G,F,6971,100,6971,1,0
F,H,F,5437,100,5437,1,0
A,G,G,10549,100,10549,1,0
B,G,G,7104,100,7104,1,0
C,G,G,1328,100,1328,1,0
D,G,G,8885,100,8885,1,0
E,G,G,10647,100,10647,1,0
F,G,G,7006,100,7006,1,0
G,H,G,8850,100,8850,1,0
A,H,H,9968,100,9968,1,0
B,H,H,5734,100,5734,1,0
C,H,H,8988,100,8988,1,0
D,H,H,1500,100,1500,1,0
E,H,H,10148,100,10148,1,0
F,H,H,5458,100,5458,1,0
G,H,H,8887,100,8887,1,0
A,B,A,4765,100,4765,1,0
A,C,A,10619,100,10619,1,0
A,D,A,9527,100,9527,1,0
A,E,A,1425,100,1425,1,0
A,F,A,5078,100,5078,1,0
A,G,A,10633,100,10633,1,0
A,H,A,9923,100,9923,1,0
A,B,B,4774,100,4774,1,0
B,C,B,7005,100,7005,1,0
B,D,B,5267,100,5267,1,0
B,E,B,5170,100,5170,1,0
B,F,B,1343,100,1343,1,0
B,G,B,7088,100,7088,1,0
B,H,B,5729,100,5729,1,0
A,C,C,10600,100,10600,1,0
B,C,C,7015,100,7015,1,0
C,D,C,8711,100,8711,1,0
C,E,C,10793,100,10793,1,0
C,F,C,7190,100,7190,1,0
C,G,C,1368,100,1368,1,0
C,H,C,8966,100,8966,1,0
A,D,D,9536,100,9536,1,0
B,D,D,5275,100,5275,1,0
C,D,D,8760,100,8760,1,0
D,E,D,9934,100,9934,1,0
D,F,D,5364,100,5364,1,0
D,G,D,8863,100,8863,1,0
D,H,D,1441,100,1441,1,0
A,E,E,1371,100,1371,1,0
B,E,E,5198,100,5198,1,0
C,E,E,10851,100,10851,1,0
D,E,E,9915,100,9915,1,0
E,F,E,5101,100,5101,1,0
E,G,E,10626,100,10626,1,0
E,H,E,10152,100,10152,1,0
A,F,F,5075,100,5075,1,0
B,F,F,1335,100,1335,1,0
C,F,F,7181,100,7181,1,0
D,F,F,5347,100,5347,1,0
E,F,F,5120,100,5120,1,0
F,G,F,7014,100,7014,1,0
F,H,F,5473,100,5473,1,0
A,G,G,10675,100,10675,1,0
B,G,G,7025,100,7025,1,0
C,G,G,1400,100,1400,1,0
D,G,G,8884,100,8884,1,0
E,G,G,10641,100,10641,1,0
F,G,G,7003,100,7003,1,0
G,H,G,8855,100,8855,1,0
A,H,H,9952,100,9952,1,0
B,H,H,5690,100,5690,1,0
C,H,H,8957,100,8957,1,0
D,H,H,1475,100,1475,1,0
E,H,H,10138,100,10138,1,0
F,H,H,5407,100,5407,1,0
G,H,H,8882,100,8882,1,0
A,B,A,4796,100,4796,1,0
A,C,A,10590,100,10590,1,0
A,D,A,9515,100,9515,1,0
A,E,A,1371,100,1371,1,0
A,F,A,5091,100,5091,1,0
A,G,A,10630,100,10630,1,0
A,H,A,9944,100,9944,1,0
A,B,B,4747,100,4747,1,0
B,C,B,7043,100,7043,1,0
B,D,B,5310,100,5310,1,0
B,E,B,5168,100,5168,1,0
B,F,B,1371,100,1371,1,0
B,G,B,7053,100,7053,1,0
B,H,B,5728,100,5728,1,0
A,C,C,10584,100,10584,1,0
B,C,C,6995,100,6995,1,0
C,D,C,8709,100,8709,1,0
C,E,C,10828,100,10828,1,0
C,F,C,7205,100,7205,1,0
C,G,C,1369,100,1369,1,0
C,H,C,8937,100,8937,1,0
A,D,D,9522,100,9522,1,0
B,D,D,5289,100,5289,1,0
C,D,D,8738,100,8738,1,0
D,E,D,9868,100,9868,1,0
D,F,D,5380,100,5380,1,0
D,G,D,8925,100,8925,1,0
D,H,D,1496,100,1496,1,0
A,E,E,1394,100,1394,1,0
B,E,E,5150,100,5150,1,0
C,E,E,10812,100,10812,1,0
D,E,E,9935,100,9935,1,0
E,F,E,5142,100,5142,1,0
E,G,E,10598,100,10598,1,0
E,H,E,10140,100,10140,1,0
A,F,F,5104,100,5104,1,0
B,F,F,1337,100,1337,1,0
C,F,F,7221,100,7221,1,0
D,F,F,5343,100,5343,1,0
E,F,F,5088,100,5088,1,0
F,G,F,7009,100,7009,1,0
F,H,F,5460,100,5460,1,0
A,G,G,10644,100,10644,1,0
B,G,G,7082,100,7082,1,0
C,G,G,1341,100,1341,1,0
D,G,G,8890,100,8890,1,0
E,G,G,10605,100,10605,1,0
F,G,G,7024,100,7024,1,0
G,H,G,8875,100,8875,1,0
A,H,H,9937,100,9937,1,0
B,H,H,5743,100,5743,1,0
C,H,H,8926,100,8926,1,0
D,H,H,1474,100,1474,1,0
E,H,H,10167,100,10167,1,0
F,H,H,5458,100,5458,1,0
G,H,H,8831,100,8831,1,0
A,B,A,4798,100,4798,1,0
A,C,A,10649,100,10649,1,0
A,D,A,9552,100,9552,1,0
A,E,A,1417,100,1417,1,0
A,F,A,5025,100,5025,1,0
A,G,A,10631,100,10631,1,0
A,H,A,9935,100,9935,1,0
A,B,B,4820,100,4820,1,0
B,C,B,7044,100,7044,1,0
B,D,B,5259,100,5259,1,0
B,E,B,5174,100,5174,1,0
B,F,B,1325,100,1325,1,0
B,G,B,7069,100,7069,1,0
B,H,B,5737,100,5737,1,0
A,C,C,10670,100,10670,1,0
B,C,C,7009,100,7009,1,0
C,D,C,8775,100,8775,1,0
C,E,C,10850,100,10850,1,0
C,F,C,7204,100,7204,1,0
C,G,C,1385,100,1385,1,0
C,H,C,8902,100,8902,1,0
A,D,D,9537,100,9537,1,0
B,D,D,5305,100,5305,1,0
C,D,D,8726,100,8726,1,0
D,E,D,9891,100,9891,1,0
D,F,D,5347,100,5347,1,0
D,G,D,8901,100,8901,1,0
D,H,D,1413,100,1413,1,0
A,E,E,1421,100,1421,1,0
B,E,E,5160,100,5160,1,0
C,E,E,10845,100,10845,1,0
D,E,E,9948,100,9948,1,0
E,F,E,5104,100,5104,1,0
E,G,E,10626,100,10626,1,0
E,H,E,10107,100,10107,1,0
A,F,F,5047,100,5047,1,0
B,F,F,1351,100,1351,1,0
C,F,F,7186,100,7186,1,0
D,F,F,5367,100,5367,1,0
E,F,F,5091,100,5091,1,0
F,G,F,6984,100,6984,1,0
F,H,F,5495,100,5495,1,0
A,G,G,10630,100,10630,1,0
B,G,G,7055,100,7055,1,0
C,G,G,1370,100,1370,1,0
D,G,G,8894,100,8894,1,0
E,G,G,10613,100,10613,1,0
F,G,G,7001,100,7001,1,0
G,H,G,8864,100,8864,1,0
A,H,H,9946,100,9946,1,0
B,H,H,5767,100,5767,1,0
C,H,H,8934,100,8934,1,0
D,H,H,1504,100,1504,1,0
E,H,H,10144,100,10144,1,0
F,H,H,5431,100,5431,1,0
G,H,H,8857,100,8857,1,0
A,B,A,4738,100,4738,1,0
A,C,A,10626,100,10626,1,0
A,D,A,9505,100,9505,1,0
A,E,A,1422,100,1422,1,0
A,F,A,5045,100,5045,1,0
A,G,A,10622,100,10622,1,0
A,H,A,9937,100,9937,1,0
A,B,B,4779,100,4779,1,0
B,C,B,6995,100,6995,1,0
B,D,B,5310,100,5310,1,0
B,E,B,5179,100,5179,1,0
B,F,B,1355,100,1355,1,0
B,G,B,7083,100,7083,1,0
B,H,B,5757,100,5757,1,0
A,C,C,10658,100,10658,1,0
B,C,C,6977,100,6977,1,0
C,D,C,8726,100,8726,1,0
C,E,C,10847,100,10847,1,0
C,F,C,7214,100,7214,1,0
C,G,C,1364,100,1364,1,0
C,H,C,8943,100,8943,1,0
A,D,D,9553,100,9553,1,0
B,D,D,5339,100,5339,1,0
C,D,D,8751,100,8751,1,0
D,E,D,9913,100,9913,1,0
D,F,D,5406,100,5406,1,0
D,G,D,8901,100,8901,1,0
D,H,D,1450,100,1450,1,0
A,E,E,1419,100,1419,1,0
B,E,E,5154,100,5154,1,0
C,E,E,10805,100,10805,1,0
D,E,E,9924,100,9924,1,0
E,F,E,5137,100,5137,1,0
E,G,E,10619,100,10619,1,0
E,H,E,10167,100,10167,1,0
A,F,F,5118,100,5118,1,0
B,F,F,1366,100,1366,1,0
C,F,F,7171,100,7171,1,0
D,F,F,5372,100,5372,1,0
E,F,F,5107,100,5107,1,0
F,G,F,7026,100,7026,1,0
F,H,F,5453,100,5453,1,0
A,G,G,10583,100,10583,1,0
B,G,G,7118,100,7118,1,0
C,G,G,1415,100,1415,1,0
D,G,G,8871,100,8871,1,0
E,G,G,10614,100,10614,1,0
F,G,G,6981,100,6981,1,0
G,H,G,8862,100,8862,1,0
A,H,H,9968,100,9968,1,0
B,H,H,5771,100,5771,1,0
C,H,H,8974,100,8974,1,0
D,H,H,1467,100,1467,1,0
E,H,H,10142,100,10142,1,0
F,H,H,5464,100,5464,1,0
G,H,H,8900,100,8900,1,0
A,B,A,4785,100,4785,1,0
A,C,A,10608,100,10608,1,0
A,D,A,9514,100,9514,1,0
A,E,A,1387,100,1387,1,0
A,F,A,5084,100,5084,1,0
A,G,A,10628,100,10628,1,0
A,H,A,9961,100,9961,1,0
A,B,B,4779,100,4779,1,0
B,C,B,7064,100,7064,1,0
B,D,B,5307,100,5307,1,0
B,E,B,5196,100,5196,1,0
B,F,B,1297,100,1297,1,0
B,G,B,7078,100,7078,1,0
B,H,B,5702,100,5702,1,0
A,C,C,10651,100,10651,1,0
B,C,C,7014,100,7014,1,0
C,D,C,8770,100,8770,1,0
C,E,C,10822,100,10822,1,0
C,F,C,7203,100,7203,1,0
C,G,C,1351,100,1351,1,0
C,H,C,8921,100,8921,1,0
A,D,D,9528,100,9528,1,0
B,D,D,5284,100,5284,1,0
C,D,D,8747,100,8747,1,0
D,E,D,9956,100,9956,1,0
D,F,D,5353,100,5353,1,0
D,G,D,8884,100,8884,1,0
D,H,D,1491,100,1491,1,0
A,E,E,1424,100,1424,1,0
B,E,E,5158,100,5158,1,0
C,E,E,10863,100,10863,1,0
D,E,E,9939,100,9939,1,0
E,F,E,5102,100,5102,1,0
E,G,E,10625,100,10625,1,0
E,H,E,10179,100,10179,1,0
A,F,F,5070,100,5070,1,0
B,F,F,1394,100,1394,1,0
C,F,F,7212,100,7212,1,0
D,F,F,5379,100,5379,1,0
E,F,F,5100,100,5100,1,0
F,G,F,7031,100,7031,1,0
F,H,F,5490,100,5490,1,0
A,G,G,10629,100,10629,1,0
B,G,G,7046,100,7046,1,0
C,G,G,1345,100,1345,1,0
D,G,G,8918,100,8918,1,0
E,G,G,10650,100,10650,1,0
F,G,G,7006,100,7006,1,0
G,H,G,8868,100,8868,1,0
A,H,H,9966,100,9966,1,0
B,H,H,5785,100,5785,1,0
C,H,H,8927,100,8927,1,0
D,H,H,1511,100,1511,1,0
E,H,H,10144,100,10144,1,0
F,H,H,5450,100,5450,1,0
G,H,H,8897,100,8897,1,0
A,B,A,4755,100,4755,1,0
A,C,A,10635,100,10635,1,0
A,D,A,9511,100,9511,1,0
A,E,A,1417,100,1417,1,0
A,F,A,5090,100,5090,1,0
A,G,A,10641,100,10641,1,0
A,H,A,9934,100,9934,1,0
A,B,B,4759,100,4759,1,0
B,C,B,7003,100,7003,1,0
B,D,B,5265,100,5265,1,0
B,E,B,5143,100,5143,1,0
B,F,B,1350,100,1350,1,0
B,G,B,7092,100,7092,1,0
B,H,B,5707,100,5707,1,0
A,C,C,10609,100,10609,1,0
B,C,C,7031,100,7031,1,0
C,D,C,8744,100,8744,1,0
C,E,C,10828,100,10828,1,0
C,F,C,7202,100,7202,1,0
C,G,C,1406,100,1406,1,0
C,H,C,8900,100,8900,1,0
A,D,D,9527,100,9527,1,0
B,D,D,5290,100,5290,1,0
C,D,D,8721,100,8721,1,0
D,E,D,9905,100,9905,1,0
D,F,D,5332,100,5332,1,0
D,G,D,8881,100,8881,1,0
D,H,D,1468,100,1468,1,0
A,E,E,1492,100,1492,1,0
B,E,E,5189,100,5189,1,0
C,E,E,10844,100,10844,1,0
D,E,E,9873,100,9873,1,0
E,F,E,5110,100,5110,1,0
E,G,E,10631,100,10631,1,0
E,H,E,10137,100,10137,1,0
A,F,F,5044,100,5044,1,0
B,F,F,1352,100,1352,1,0
C,F,F,7199,100,7199,1,0
D,F,F,5370,100,5370,1,0
E,F,F,5083,100,5083,1,0
F,G,F,6979,100,6979,1,0
F,H,F,5472,100,5472,1,0
A,G,G,10641,100,10641,1,0
B,G,G,7069,100,7069,1,0
C,G,G,1336,100,1336,1,0
D,G,G,8891,100,8891,1,0
E,G,G,10625,100,10625,1,0
F,G,G,7021,100,7021,1,0
G,H,G,8898,100,8898,1,0
A,H,H,9944,100,9944,1,0
B,H,H,5722,100,5722,1,0
C,H,H,8958,100,8958,1,0
D,H,H,1515,100,1515,1,0
E,H,H,10148,100,10148,1,0
F,H,H,5434,100,5434,1,0
G,H,H,8833,100,8833,1,0
A,B,A,4765,100,4765,1,0
A,C,A,10630,100,10630,1,0
A,D,A,9555,100,9555,1,0
A,E,A,1394,100,1394,1,0
A,F,A,5055,100,5055,1,0
A,G,A,10655,100,10655,1,0
A,H,A,9929,100,9929,1,0
A,B,B,4773,100,4773,1,0
B,C,B,7037,100,7037,1,0
B,D,B,5270,100,5270,1,0
B,E,B,5167,100,5167,1,0
B,F,B,1369,100,1369,1,0
B,G,B,7089,100,7089,1,0
B,H,B,5742,100,5742,1,0
A,C,C,10666,100,10666,1,0
B,C,C,7051,100,7051,1,0
C,D,C,8766,100,8766,1,0
C,E,C,10820,100,10820,1,0
C,F,C,7211,100,7211,1,0
C,G,C,1388,100,1388,1,0
C,H,C,8888,100,8888,1,0
A,D,D,9545,100,9545,1,0
B,D,D,5305,100,5305,1,0
C,D,D,8792,100,8792,1,0
D,E,D,9939,100,9939,1,0
D,F,D,5353,100,5353,1,0
D,G,D,8901,100,8901,1,0
D,H,D,1499,100,1499,1,0
A,E,E,1439,100,1439,1,0
B,E,E,5171,100,5171,1,0
C,E,E,10799,100,10799,1,0
D,E,E,9949,100,9949,1,0
E,F,E,5108,100,5108,1,0
E,G,E,10625,100,10625,1,0
E,H,E,10166,100,10166,1,0
A,F,F,5086,100,5086,1,0
B,F,F,1372,100,1372,1,0
C,F,F,7187,100,7187,1,0
D,F,F,5362,100,5362,1,0
E,F,F,5100,100,5100,1,0
F,G,F,6969,100,6969,1,0
F,H,F,5484,100,5484,1,0
A,G,G,10633,100,10633,1,0
B,G,G,7110,100,7110,1,0
C,G,G,1391,100,1391,1,0
D,G,G,8866,100,8866,1,0
E,G,G,10662,100,10662,1,0
F,G,G,6993,100,6993,1,0
G,H,G,8872,100,8872,1,0
A,H,H,9937,100,9937,1,0
B,H,H,5774,100,5774,1,0
C,H,H,8956,100,8956,1,0
D,H,H,1511,100,1511,1,0
E,H,H,10169,100,10169,1,0
F,H,H,5478,100,5478,1,0
G,H,H,8890,100,8890,1,0
A,B,A,4788,100,4788,1,0
A,C,A,10696,100,10696,1,0
A,D,A,9509,100,9509,1,0
A,E,A,1419,100,1419,1,0
A,F,A,5021,100,5021,1,0
A,G,A,10590,100,10590,1,0
A,H,A,9949,100,9949,1,0
A,B,B,4772,100,4772,1,0
B,C,B,7006,100,7006,1,0
B,D,B,5302,100,5302,1,0
B,E,B,5209,100,5209,1,0
B,F,B,1343,100,1343,1,0
B,G,B,7075,100,7075,1,0
B,H,B,5750,100,5750,1,0
A,C,C,10608,100,10608,1,0
B,C,C,6999,100,6999,1,0
C,D,C,8736,100,8736,1,0
C,E,C,10804,100,10804,1,0
C,F,C,7169,100,7169,1,0
C,G,C,1404,100,1404,1,0
C,H,C,8918,100,8918,1,0
A,D,D,9536,100,9536,1,0
B,D,D,5280,100,5280,1,0
C,D,D,8707,100,8707,1,0
D,E,D,9989,100,9989,1,0
D,F,D,5379,100,5379,1,0
D,G,D,8880,100,8880,1,0
D,H,D,1473,100,1473,1,0
A,E,E,1353,100,1353,1,0
B,E,E,5134,100,5134,1,0
C,E,E,10812,100,10812,1,0
D,E,E,9997,100,9997,1,0
E,F,E,5089,100,5089,1,0
E,G,E,10690,100,10690,1,0
E,H,E,10090,100,10090,1,0
A,F,F,5029,100,5029,1,0
B,F,F,1373,100,1373,1,0
C,F,F,7206,100,7206,1,0
D,F,F,5364,100,5364,1,0
E,F,F,5121,100,5121,1,0
F,G,F,6987,100,6987,1,0
F,H,F,5471,100,5471,1,0
A,G,G,10619,100,10619,1,0
B,G,G,7056,100,7056,1,0
C,G,G,1383,100,1383,1,0
D,G,G,8919,100,8919,1,0
E,G,G,10623,100,10623,1,0
F,G,G,6989,100,6989,1,0
G,H,G,8827,100,8827,1,0
A,H,H,9916,100,9916,1,0
B,H,H,5783,100,5783,1,0
C,H,H,8934,100,8934,1,0
D,H,H,1522,100,1522,1,0
E,H,H,10130,100,10130,1,0
F,H,H,5446,100,5446,1,0
G,H,H,8836,100,8836,1,0
A,B,A,4795,100,4795,1,0
A,C,A,10614,100,10614,1,0
A,D,A,9549,100,9549,1,0
A,E,A,1417,100,1417,1,0
A,F,A,5092,100,5092,1,0
A,G,A,10643,100,10643,1,0
A,H,A,9956,100,9956,1,0
A,B,B,4763,100,4763,1,0
B,C,B,6980,100,6980,1,0
B,D,B,5324,100,5324,1,0
B,E,B,5184,100,5184,1,0
B,F,B,1368,100,1368,1,0
B,G,B,7067,100,7067,1,0
B,H,B,5719,100,5719,1,0
A,C,C,10616,100,10616,1,0
B,C,C,7003,100,7003,1,0
C,D,C,8763,100,8763,1,0
C,E,C,10810,100,10810,1,0
C,F,C,7177,100,7177,1,0
C,G,C,1377,100,1377,1,0
C,H,C,8935,100,8935,1,0
A,D,D,9536,100,9536,1,0
B,D,D,5277,100,5277,1,0
C,D,D,8710,100,8710,1,0
D,E,D,9902,100,9902,1,0
D,F,D,5353,100,5353,1,0
D,G,D,8847,100,8847,1,0
D,H,D,1511,100,1511,1,0
A,E,E,1440,100,1440,1,0
B,E,E,5175,100,5175,1,0
C,E,E,10749,100,10749,1,0
D,E,E,9913,100,9913,1,0
E,F,E,5082,100,5082,1,0
E,G,E,10636,100,10636,1,0
E,H,E,10169,100,10169,1,0
A,F,F,5041,100,5041,1,0
B,F,F,1366,100,1366,1,0
C,F,F,7183,100,7183,1,0
D,F,F,5346,100,5346,1,0
E,F,F,5100,100,5100,1,0
F,G,F,7014,100,7014,1,0
F,H,F,5423,100,5423,1,0
A,G,G,10643,100,10643,1,0
B,G,G,7045,100,7045,1,0
C,G,G,1357,100,1357,1,0
D,G,G,8867,100,8867,1,0
E,G,G,10668,100,10668,1,0
F,G,G,7020,100,7020,1,0
G,H,G,8879,100,8879,1,0
A,H,H,9914,100,9914,1,0
B,H,H,5738,100,5738,1,0
C,H,H,8934,100,8934,1,0
D,H,H,1478,100,1478,1,0
E,H,H,10146,100,10146,1,0
F,H,H,5456,100,5456,1,0
G,H,H,8851,100,8851,1,0
A,B,A,4817,100,4817,1,0
A,C,A,10600,100,10600,1,0
A,D,A,9552,100,9552,1,0
A,E,A,1375,100,1375,1,0
A,F,A,5062,100,5062,1,0
A,G,A,10572,100,10572,1,0
A,H,A,9916,100,9916,1,0
A,B,B,4763,100,4763,1,0
B,C,B,7010,100,7010,1,0
B,D,B,5303,100,5303,1,0
B,E,B,5184,100,5184,1,0
B,F,B,1327,100,1327,1,0
B,G,B,7066,100,7066,1,0
B,H,B,5740,100,5740,1,0
A,C,C,10699,100,10699,1,0
B,C,C,7035,100,7035,1,0
C,D,C,8731,100,8731,1,0
C,E,C,10811,100,10811,1,0
C,F,C,7178,100,7178,1,0
C,G,C,1393,100,1393,1,0
C,H,C,8940,100,8940,1,0
A,D,D,9511,100,9511,1,0
B,D,D,5293,100,5293,1,0
C,D,D,8759,100,8759,1,0
D,E,D,9963,100,9963,1,0
D,F,D,5353,100,5353,1,0
D,G,D,8888,100,8888,1,0
D,H,D,1465,100,1465,1,0
A,E,E,1391,100,1391,1,0
B,E,E,5148,100,5148,1,0
C,E,E,10815,100,10815,1,0
D,E,E,9971,100,9971,1,0
E,F,E,5124,100,5124,1,0
E,G,E,10640,100,10640,1,0
E,H,E,10108,100,10108,1,0
A,F,F,5069,100,5069,1,0
B,F,F,1350,100,1350,1,0
C,F,F,7201,100,7201,1,0
D,F,F,5377,100,5377,1,0
E,F,F,5090,100,5090,1,0
F,G,F,6977,100,6977,1,0
F,H,F,5475,100,5475,1,0
A,G,G,10605,100,10605,1,0
B,G,G,7049,100,7049,1,0
C,G,G,1406,100,1406,1,0
D,G,G,8899,100,8899,1,0
E,G,G,10605,100,10605,1,0
F,G,G,6977,100,6977,1,0
G,H,G,8872,100,8872,1,0
A,H,H,9981,100,9981,1,0
B,H,H,5726,100,5726,1,0
C,H,H,8940,100,8940,1,0
D,H,H,1480,100,1480,1,0
E,H,H,10170,100,10170,1,0
F,H,H,5448,100,5448,1,0
G,H,H,8833,100,8833,1,0
A,B,A,4780,100,4780,1,0
A,C,A,10601,100,10601,1,0
A,D,A,9496,100,9496,1,0
A,E,A,1403,100,1403,1,0
A,F,A,5055,100,5055,1,0
A,G,A,10576,100,10576,1,0
A,H,A,9920,100,9920,1,0
A,B,B,4796,100,4796,1,0
B,C,B,7018,100,7018,1,0
B,D,B,5270,100,5270,1,0
B,E,B,5194,100,5194,1,0
B,F,B,1356,100,1356,1,0
B,G,B,7072,100,7072,1,0
B,H,B,5720,100,5720,1,0
A,C,C,10633,100,10633,1,0
B,C,C,7053,100,7053,1,0
C,D,C,8781,100,8781,1,0
C,E,C,10818,100,10818,1,0
C,F,C,7209,100,7209,1,0
C,G,C,1359,100,1359,1,0
C,H,C,8928,100,8928,1,0
A,D,D,9522,100,9522,1,0
B,D,D,5256,100,5256,1,0
C,D,D,8727,100,8727,1,0
D,E,D,9881,100,9881,1,0
D,F,D,5387,100,5387,1,0
D,G,D,8866,100,8866,1,0
D,H,D,1522,100,1522,1,0
A,E,E,1403,100,1403,1,0
B,E,E,5223,100,5223,1,0
C,E,E,10899,100,10899,1,0
D,E,E,9949,100,9949,1,0
E,F,E,5121,100,5121,1,0
E,G,E,10630,100,10630,1,0
E,H,E,10122,100,10122,1,0
A,F,F,5075,100,5075,1,0
B,F,F,1357,100,1357,1,0
C,F,F,7212,100,7212,1,0
D,F,F,5355,100,5355,1,0
E,F,F,5079,100,5079,1,0
F,G,F,7016,100,7016,1,0
F,H,F,5477,100,5477,1,0
A,G,G,10594,100,10594,1,0
B,G,G,7089,100,7089,1,0
C,G,G,1357,100,1357,1,0
D,G,G,8888,100,8888,1,0
E,G,G,10648,100,10648,1,0
F,G,G,6985,100,6985,1,0
G,H,G,8853,100,8853,1,0
A,H,H,9953,100,9953,1,0
B,H,H,5702,100,5702,1,0
C,H,H,8964,100,8964,1,0
D,H,H,1554,100,1554,1,0
E,H,H,10154,100,10154,1,0
F,H,H,5458,100,5458,1,0
G,H,H,8849,100,8849,1,0
A,B,A,4770,100,4770,1,0
A,C,A,10659,100,10659,1,0
A,D,A,9527,100,9527,1,0
A,E,A,1404,100,1404,1,0
A,F,A,5026,100,5026,1,0
A,G,A,10676,100,10676,1,0
A,H,A,9927,100,9927,1,0
A,B,B,4805,100,4805,1,0
B,C,B,7006,100,7006,1,0
B,D,B,5323,100,5323,1,0
B,E,B,5136,100,5136,1,0
B,F,B,1356,100,1356,1,0
B,G,B,7079,100,7079,1,0
B,H,B,5728,100,5728,1,0
A,C,C,10620,100,10620,1,0
B,C,C,7044,100,7044,1,0
C,D,C,8740,100,8740,1,0
C,E,C,10810,100,10810,1,0
C,F,C,7207,100,7207,1,0
C,G,C,1333,100,1333,1,0
C,H,C,8908,100,8908,1,0
A,D,D,9518,100,9518,1,0
B,D,D,5297,100,5297,1,0
C,D,D,8729,100,8729,1,0
D,E,D,9905,100,9905,1,0
D,F,D,5367,100,5367,1,0
D,G,D,8881,100,8881,1,0
D,H,D,1557,100,1557,1,0
A,E,E,1416,100,1416,1,0
B,E,E,5163,100,5163,1,0
C,E,E,10828,100,10828,1,0
D,E,E,9973,100,9973,1,0
E,F,E,5095,100,5095,1,0
E,G,E,10672,100,10672,1,0
E,H,E,10109,100,10109,1,0
A,F,F,5057,100,5057,1,0
B,F,F,1359,100,1359,1,0
C,F,F,7177,100,7177,1,0
D,F,F,5383,100,5383,1,0
E,F,F,5101,100,5101,1,0
F,G,F,6987,100,6987,1,0
F,H,F,5461,100,5461,1,0
A,G,G,10605,100,10605,1,0
B,G,G,7022,100,7022,1,0
C,G,G,1405,100,1405,1,0
D,G,G,8889,100,8889,1,0
E,G,G,10596,100,10596,1,0
F,G,G,6995,100,6995,1,0
G,H,G,8811,100,8811,1,0
A,H,H,9942,100,9942,1,0
B,H,H,5753,100,5753,1,0
C,H,H,8919,100,8919,1,0
D,H,H,1496,100,1496,1,0
E,H,H,10136,100,10136,1,0
F,H,H,5439,100,5439,1,0
G,H,H,8861,100,8861,1,0
A,B,A,4764,100,4764,1,0
A,C,A,10664,100,10664,1,0
A,D,A,9559,100,9559,1,0
A,E,A,1367,100,1367,1,0
A,F,A,5083,100,5083,1,0
A,G,A,10642,100,10642,1,0
A,H,A,9963,100,9963,1,0
A,B,B,4769,100,4769,1,0
B,C,B,7014,100,7014,1,0
B,D,B,5317,100,5317,1,0
B,E,B,5155,100,5155,1,0
B,F,B,1351,100,1351,1,0
B,G,B,7064,100,7064,1,0
B,H,B,5714,100,5714,1,0
A,C,C,10624,100,10624,1,0
B,C,C,7014,100,7014,1,0
C,D,C,8720,100,8720,1,0
C,E,C,10834,100,10834,1,0
C,F,C,7211,100,7211,1,0
C,G,C,1394,100,1394,1,0
C,H,C,8926,100,8926,1,0
A,D,D,9547,100,9547,1,0
B,D,D,5288,100,5288,1,0
C,D,D,8764,100,8764,1,0
D,E,D,9884,100,9884,1,0
D,F,D,5373,100,5373,1,0
D,G,D,8901,100,8901,1,0
D,H,D,1500,100,1500,1,0
A,E,E,1377,100,1377,1,0
B,E,E,5195,100,5195,1,0
C,E,E,10814,100,10814,1,0
D,E,E,9964,100,9964,1,0
E,F,E,5103,100,5103,1,0
E,G,E,10640,100,10640,1,0
E,H,E,10179,100,10179,1,0
A,F,F,5014,100,5014,1,0
B,F,F,1322,100,1322,1,0
C,F,F,7165,100,7165,1,0
D,F,F,5375,100,5375,1,0
E,F,F,5123,100,5123,1,0
F,G,F,7016,100,7016,1,0
F,H,F,5499,100,5499,1,0
A,G,G,10599,100,10599,1,0
B,G,G,7091,100,7091,1,0
C,G,G,1364,100,1364,1,0
D,G,G,8889,100,8889,1,0
E,G,G,10636,100,10636,1,0
F,G,G,7012,100,7012,1,0
G,H,G,8872,100,8872,1,0
A,H,H,9944,100,9944,1,0
B,H,H,5817,100,5817,1,0
C,H,H,8975,100,8975,1,0
D,H,H,1466,100,1466,1,0
E,H,H,10148,100,10148,1,0
F,H,H,5423,100,5423,1,0
G,H,H,8873,100,8873,1,0
A,B,A,4773,100,4773,1,0
A,C,A,10651,100,10651,1,0
A,D,A,9527,100,9527,1,0
A,E,A,1432,100,1432,1,0
A,F,A,5094,100,5094,1,0
A,G,A,10599,100,10599,1,0
A,H,A,9967,100,9967,1,0
A,B,B,4759,100,4759,1,0
B,C,B,7017,100,7017,1,0
B,D,B,5299,100,5299,1,0
B,E,B,5221,100,5221,1,0
B,F,B,1337,100,1337,1,0
B,G,B,7097,100,7097,1,0
B,H,B,5769,100,5769,1,0
A,C,C,10599,100,10599,1,0
B,C,C,6997,100,6997,1,0
C,D,C,8749,100,8749,1,0
C,E,C,10814,100,10814,1,0
C,F,C,7196,100,7196,1,0
C,G,C,1367,100,1367,1,0
C,H,C,8922,100,8922,1,0
A,D,D,9531,100,9531,1,0
B,D,D,5309,100,5309,1,0
C,D,D,8780,100,8780,1,0
D,E,D,9993,100,9993,1,0
D,F,D,5346,100,5346,1,0
D,G,D,8882,100,8882,1,0
D,H,D,1500,100,1500,1,0
A,E,E,1493,100,1493,1,0
B,E,E,5179,100,5179,1,0
C,E,E,10821,100,10821,1,0
D,E,E,9959,100,9959,1,0
E,F,E,5060,100,5060,1,0
E,G,E,10622,100,10622,1,0
E,H,E,10127,100,10127,1,0
A,F,F,5094,100,5094,1,0
B,F,F,1356,100,1356,1,0
C,F,F,7198,100,7198,1,0
D,F,F,5392,100,5392,1,0
E,F,F,5082,100,5082,1,0
F,G,F,6977,100,6977,1,0
F,H,F,5491,100,5491,1,0
A,G,G,10609,100,10609,1,0
B,G,G,7074,100,7074,1,0
C,G,G,1400,100,1400,1,0
D,G,G,8899,100,8899,1,0
E,G,G,10641,100,10641,1,0
F,G,G,7001,100,7001,1,0
G,H,G,8881,100,8881,1,0
A,H,H,9966,100,9966,1,0
B,H,H,5787,100,5787,1,0
C,H,H,8924,100,8924,1,0
D,H,H,1422,100,1422,1,0
E,H,H,10137,100,10137,1,0
F,H,H,5467,100,5467,1,0
G,H,H,8907,100,8907,1,0
A,B,A,4781,100,4781,1,0
A,C,A,10569,100,10569,1,0
A,D,A,9546,100,9546,1,0
A,E,A,1361,100,1361,1,0
A,F,A,5066,100,5066,1,0
A,G,A,10608,100,10608,1,0
A,H,A,9961,100,9961,1,0
A,B,B,4792,100,4792,1,0
B,C,B,6995,100,6995,1,0
B,D,B,5248,100,5248,1,0
B,E,B,5197,100,5197,1,0
B,F,B,1312,100,1312,1,0
B,G,B,7100,100,7100,1,0
B,H,B,5735,100,5735,1,0
A,C,C,10666,100,10666,1,0
B,C,C,6999,100,6999,1,0
C,D,C,8772,100,8772,1,0
C,E,C,10802,100,10802,1,0
C,F,C,7198,100,7198,1,0
C,G,C,1360,100,1360,1,0
C,H,C,8957,100,8957,1,0
A,D,D,9549,100,9549,1,0
B,D,D,5288,100,5288,1,0
C,D,D,8708,100,8708,1,0
D,E,D,9977,100,9977,1,0
D,F,D,5339,100,5339,1,0
D,G,D,8916,100,8916,1,0
D,H,D,1522,100,1522,1,0
A,E,E,1408,100,1408,1,0
B,E,E,5214,100,5214,1,0
C,E,E,10792,100,10792,1,0
D,E,E,9957,100,9957,1,0
E,F,E,5122,100,5122,1,0
E,G,E,10655,100,10655,1,0
E,H,E,10155,100,10155,1,0
A,F,F,5079,100,5079,1,0
B,F,F,1341,100,1341,1,0
C,F,F,7192,100,7192,1,0
D,F,F,5370,100,5370,1,0
E,F,F,5082,100,5082,1,0
F,G,F,7024,100,7024,1,0
F,H,F,5431,100,5431,1,0
A,G,G,10595,100,10595,1,0
B,G,G,7078,100,7078,1,0
C,G,G,1394,100,1394,1,0
D,G,G,8885,100,8885,1,0
E,G,G,10630,100,10630,1,0
F,G,G,7031,100,7031,1,0
G,H,G,8861,100,8861,1,0
A,H,H,9935,100,9935,1,0
B,H,H,5737,100,5737,1,0
C,H,H,8965,100,8965,1,0
D,H,H,1566,100,1566,1,0
E,H,H,10169,100,10169,1,0
F,H,H,5484,100,5484,1,0
G,H,H,8870,100,8870,1,0
A,B,A,4816,100,4816,1,0
A,C,A,10624,100,10624,1,0
A,D,A,9538,100,9538,1,0
A,E,A,1453,100,1453,1,0
A,F,A,5076,100,5076,1,0
A,G,A,10648,100,10648,1,0
A,H,A,9933,100,9933,1,0
A,B,B,4771,100,4771,1,0
B,C,B,7014,100,7014,1,0
B,D,B,5289,100,5289,1,0
B,E,B,5196,100,5196,1,0
B,F,B,1342,100,1342,1,0
B,G,B,7067,100,7067,1,0
B,H,B,5778,100,5778,1,0
A,C,C,10603,100,10603,1,0
B,C,C,7004,100,7004,1,0
C,D,C,8756,100,8756,1,0
C,E,C,10791,100,10791,1,0
C,F,C,7213,100,7213,1,0
C,G,C,1371,100,1371,1,0
C,H,C,8925,100,8925,1,0
A,D,D,9521,100,9521,1,0
B,D,D,5326,100,5326,1,0
C,D,D,8747,100,8747,1,0
D,E,D,9924,100,9924,1,0
D,F,D,5376,100,5376,1,0
D,G,D,8924,100,8924,1,0
D,H,D,1504,100,1504,1,0
A,E,E,1364,100,1364,1,0
B,E,E,5173,100,5173,1,0
C,E,E,10841,100,10841,1,0
D,E,E,9956,100,9956,1,0
E,F,E,5101,100,5101,1,0
E,G,E,10643,100,10643,1,0
E,H,E,10121,100,10121,1,0
A,F,F,5071,100,5071,1,0
B,F,F,1413,100,1413,1,0
C,F,F,7220,100,7220,1,0
D,F,F,5376,100,5376,1,0
E,F,F,5085,100,5085,1,0
F,G,F,7009,100,7009,1,0
F,H,F,5463,100,5463,1,0
A,G,G,10604,100,10604,1,0
B,G,G,7083,100,7083,1,0
C,G,G,1373,100,1373,1,0
D,G,G,8899,100,8899,1,0
E,G,G,10626,100,10626,1,0
F,G,G,6986,100,6986,1,0
G,H,G,8829,100,8829,1,0
A,H,H,9931,100,9931,1,0
B,H,H,5773,100,5773,1,0
C,H,H,8929,100,8929,1,0
D,H,H,1474,100,1474,1,0
E,H,H,10133,100,10133,1,0
F,H,H,5449,100,5449,1,0
G,H,H,8903,100,8903,1,0
A,B,A,4762,100,4762,1,0
A,C,A,10618,100,10618,1,0
A,D,A,9560,100,9560,1,0
A,E,A,1432,100,1432,1,0
A,F,A,5092,100,5092,1,0
A,G,A,10572,100,10572,1,0
A,H,A,9943,100,9943,1,0
A,B,B,4789,100,4789,1,0
B,C,B,7011,100,7011,1,0
B,D,B,5307,100,5307,1,0
B,E,B,5182,100,5182,1,0
B,F,B,1316,100,1316,1,0
B,G,B,7081,100,7081,1,0
B,H,B,5730,100,5730,1,0
A,C,C,10640,100,10640,1,0
B,C,C,7060,100,7060,1,0
C,D,C,8723,100,8723,1,0
C,E,C,10833,100,10833,1,0
C,F,C,7200,100,7200,1,0
C,G,C,1411,100,1411,1,0
C,H,C,8960,100,8960,1,0
A,D,D,9496,100,9496,1,0
B,D,D,5273,100,5273,1,0
C,D,D,8747,100,8747,1,0
D,E,D,9954,100,9954,1,0
D,F,D,5386,100,5386,1,0
D,G,D,8896,100,8896,1,0
D,H,D,1468,100,1468,1,0
A,E,E,1443,100,1443,1,0
B,E,E,5182,100,5182,1,0
C,E,E,10797,100,10797,1,0
D,E,E,9920,100,9920,1,0
E,F,E,5066,100,5066,1,0
E,G,E,10621,100,10621,1,0
E,H,E,10152,100,10152,1,0
A,F,F,5054,100,5054,1,0
B,F,F,1375,100,1375,1,0
C,F,F,7187,100,7187,1,0
D,F,F,5338,100,5338,1,0
E,F,F,5094,100,5094,1,0
F,G,F,6996,100,6996,1,0
F,H,F,5490,100,5490,1,0
A,G,G,10615,100,10615,1,0
B,G,G,7051,100,7051,1,0
C,G,G,1383,100,1383,1,0
D,G,G,8922,100,8922,1,0
E,G,G,10632,100,10632,1,0
F,G,G,6982,100,6982,1,0
G,H,G,8884,100,8884,1,0
A,H,H,9947,100,9947,1,0
B,H,H,5728,100,5728,1,0
C,H,H,8931,100,8931,1,0
D,H,H,1489,100,1489,1,0
E,H,H,10147,100,10147,1,0
F,H,H,5447,100,5447,1,0
G,H,H,8891,100,8891,1,0
A,B,A,4769,100,4769,1,0
A,C,A,10619,100,10619,1,0
A,D,A,9513,100,9513,1,0
A,E,A,1363,100,1363,1,0
A,F,A,5055,100,5055,1,0
A,G,A,10619,100,10619,1,0
A,H,A,9958,100,9958,1,0
A,B,B,4794,100,4794,1,0
B,C,B,7064,100,7064,1,0
B,D,B,5276,100,5276,1,0
B,E,B,5173,100,5173,1,0
B,F,B,1340,100,1340,1,0
B,G,B,7071,100,7071,1,0
B,H,B,5764,100,5764,1,0
A,C,C,10599,100,10599,1,0
B,C,C,7019,100,7019,1,0
C,D,C,8743,100,8743,1,0
C,E,C,10818,100,10818,1,0
C,F,C,7206,100,7206,1,0
C,G,C,1380,100,1380,1,0
C,H,C,8950,100,8950,1,0
A,D,D,9511,100,9511,1,0
B,D,D,5251,100,5251,1,0
C,D,D,8736,100,8736,1,0
D,E,D,9872,100,9872,1,0
D,F,D,5348,100,5348,1,0
D,G,D,8912,100,8912,1,0
D,H,D,1522,100,1522,1,0
A,E,E,1389,100,1389,1,0
B,E,E,5197,100,5197,1,0
C,E,E,10833,100,10833,1,0
D,E,E,9916,100,9916,1,0
E,F,E,5130,100,5130,1,0
E,G,E,10658,100,10658,1,0
E,H,E,10138,100,10138,1,0
A,F,F,5095,100,5095,1,0
B,F,F,1372,100,1372,1,0
C,F,F,7171,100,7171,1,0
D,F,F,5328,100,5328,1,0
E,F,F,5123,100,5123,1,0
F,G,F,6981,100,6981,1,0
F,H,F,5470,100,5470,1,0
A,G,G,10604,100,10604,1,0
B,G,G,7061,100,7061,1,0
C,G,G,1409,100,1409,1,0
D,G,G,8919,100,8919,1,0
E,G,G,10634,100,10634,1,0
F,G,G,7012,100,7012,1,0
G,H,G,8871,100,8871,1,0
A,H,H,9968,100,9968,1,0
B,H,H,5744,100,5744,1,0
C,H,H,8947,100,8947,1,0
D,H,H,1542,100,1542,1,0
E,H,H,10140,100,10140,1,0
F,H,H,5463,100,5463,1,0
G,H,H,8843,100,8843,1,0
A,B,A,4775,100,4775,1,0
A,C,A,10651,100,10651,1,0
A,D,A,9520,100,9520,1,0
A,E,A,1425,100,1425,1,0
A,F,A,5014,100,5014,1,0
A,G,A,10589,100,10589,1,0
A,H,A,9960,100,9960,1,0
A,B,B,4799,100,4799,1,0
B,C,B,6997,100,6997,1,0
B,D,B,5318,100,5318,1,0
B,E,B,5184,100,5184,1,0
B,F,B,1334,100,1334,1,0
B,G,B,7092,100,7092,1,0
B,H,B,5766,100,5766,1,0
A,C,C,10589,100,10589,1,0
B,C,C,7010,100,7010,1,0
C,D,C,8773,100,8773,1,0
C,E,C,10796,100,10796,1,0
C,F,C,7187,100,7187,1,0
C,G,C,1331,100,1331,1,0
C,H,C,8930,100,8930,1,0
A,D,D,9530,100,9530,1,0
B,D,D,5299,100,5299,1,0
C,D,D,8743,100,8743,1,0
D,E,D,9939,100,9939,1,0
D,F,D,5365,100,5365,1,0
D,G,D,8905,100,8905,1,0
D,H,D,1500,100,1500,1,0
A,E,E,1418,100,1418,1,0
B,E,E,5208,100,5208,1,0
C,E,E,10804,100,10804,1,0
D,E,E,9869,100,9869,1,0
E,F,E,5107,100,5107,1,0
E,G,E,10622,100,10622,1,0
E,H,E,10123,100,10123,1,0
A,F,F,5046,100,5046,1,0
B,F,F,1362,100,1362,1,0
C,F,F,7196,100,7196,1,0
D,F,F,5357,100,5357,1,0
E,F,F,5088,100,5088,1,0
F,G,F,6997,100,6997,1,0
F,H,F,5452,100,5452,1,0
A,G,G,10630,100,10630,1,0
B,G,G,7089,100,7089,1,0
C,G,G,1360,100,1360,1,0
D,G,G,8888,100,8888,1,0
E,G,G,10619,100,10619,1,0
F,G,G,6993,100,6993,1,0
G,H,G,8860,100,8860,1,0
A,H,H,9971,100,9971,1,0
B,H,H,5781,100,5781,1,0
C,H,H,8975,100,8975,1,0
D,H,H,1509,100,1509,1,0
E,H,H,10147,100,10147,1,0
F,H,H,5428,100,5428,1,0
G,H,H,8878,100,8878,1,0
A,B,A,4765,100,4765,1,0
A,C,A,10742,100,10742,1,0
A,D,A,9510,100,9510,1,0
A,E,A,1399,100,1399,1,0
A,F,A,5039,100,5039,1,0
A,G,A,10616,100,10616,1,0
A,H,A,9913,100,9913,1,0
A,B,B,4738,100,4738,1,0
B,C,B,6974,100,6974,1,0
B,D,B,5259,100,5259,1,0
B,E,B,5195,100,5195,1,0
B,F,B,1357,100,1357,1,0
B,G,B,7067,100,7067,1,0
B,H,B,5790,100,5790,1,0
A,C,C,10702,100,10702,1,0
B,C,C,7029,100,7029,1,0
C,D,C,8724,100,8724,1,0
C,E,C,10833,100,10833,1,0
C,F,C,7196,100,7196,1,0
C,G,C,1368,100,1368,1,0
C,H,C,8909,100,8909,1,0
A,D,D,9509,100,9509,1,0
B,D,D,5335,100,5335,1,0
C,D,D,8739,100,8739,1,0
D,E,D,9966,100,9966,1,0
D,F,D,5380,100,5380,1,0
D,G,D,8887,100,8887,1,0
D,H,D,1512,100,1512,1,0
A,E,E,1374,100,1374,1,0
B,E,E,5165,100,5165,1,0
C,E,E,10820,100,10820,1,0
D,E,E,9939,100,9939,1,0
E,F,E,5128,100,5128,1,0
E,G,E,10632,100,10632,1,0
E,H,E,10176,100,10176,1,0
A,F,F,5080,100,5080,1,0
B,F,F,1347,100,1347,1,0
C,F,F,7214,100,7214,1,0
D,F,F,5384,100,5384,1,0
E,F,F,5095,100,5095,1,0
F,G,F,7003,100,7003,1,0
F,H,F,5476,100,5476,1,0
A,G,G,10637,100,10637,1,0
B,G,G,7078,100,7078,1,0
C,G,G,1331,100,1331,1,0
D,G,G,8885,100,8885,1,0
E,G,G,10646,100,10646,1,0
F,G,G,6978,100,6978,1,0
G,H,G,8861,100,8861,1,0
A,H,H,9971,100,9971,1,0
B,H,H,5707,100,5707,1,0
C,H,H,8912,100,8912,1,0
D,H,H,1531,100,1531,1,0
E,H,H,10164,100,10164,1,0
F,H,H,5475,100,5475,1,0
G,H,H,8841,100,8841,1,0
A,B,A,4775,100,4775,1,0
A,C,A,10632,100,10632,1,0
A,D,A,9528,100,9528,1,0
A,E,A,1358,100,1358,1,0
A,F,A,5026,100,5026,1,0
A,G,A,10661,100,10661,1,0
A,H,A,9968,100,9968,1,0
A,B,B,4787,100,4787,1,0
B,C,B,7006,100,7006,1,0
B,D,B,5227,100,5227,1,0
B,E,B,5156,100,5156,1,0
B,F,B,1326,100,1326,1,0
B,G,B,7098,100,7098,1,0
B,H,B,5757,100,5757,1,0
A,C,C,10622,100,10622,1,0
B,C,C,7014,100,7014,1,0
C,D,C,8765,100,8765,1,0
C,E,C,10802,100,10802,1,0
C,F,C,7192,100,7192,1,0
C,G,C,1423,100,1423,1,0
C,H,C,8918,100,8918,1,0
A,D,D,9526,100,9526,1,0
B,D,D,5285,100,5285,1,0
C,D,D,8761,100,8761,1,0
D,E,D,9917,100,9917,1,0
D,F,D,5355,100,5355,1,0
D,G,D,8918,100,8918,1,0
D,H,D,1519,100,1519,1,0
A,E,E,1388,100,1388,1,0
B,E,E,5207,100,5207,1,0
C,E,E,10848,100,10848,1,0
D,E,E,9879,100,9879,1,0
E,F,E,5117,100,5117,1,0
E,G,E,10649,100,10649,1,0
E,H,E,10148,100,10148,1,0
A,F,F,5053,100,5053,1,0
B,F,F,1343,100,1343,1,0
C,F,F,7210,100,7210,1,0
D,F,F,5350,100,5350,1,0
E,F,F,5106,100,5106,1,0
F,G,F,6979,100,6979,1,0
F,H,F,5486,100,5486,1,0
A,G,G,10650,100,10650,1,0
B,G,G,7104,100,7104,1,0
C,G,G,1393,100,1393,1,0
D,G,G,8912,100,8912,1,0
E,G,G,10618,100,10618,1,0
F,G,G,7020,100,7020,1,0
G,H,G,8889,100,8889,1,0
A,H,H,9944,100,9944,1,0
B,H,H,5746,100,5746,1,0
C,H,H,8938,100,8938,1,0
D,H,H,1488,100,1488,1,0
E,H,H,10127,100,10127,1,0
F,H,H,5456,100,5456,1,0
G,H,H,8863,100,8863,1,0
A,B,A,4787,100,4787,1,0
A,C,A,10664,100,10664,1,0
A,D,A,9551,100,9551,1,0
A,E,A,1393,100,1393,1,0
A,F,A,5011,100,5011,1,0
A,G,A,10596,100,10596,1,0
A,H,A,9935,100,9935,1,0
A,B,B,4791,100,4791,1,0
B,C,B,6991,100,6991,1,0
B,D,B,5317,100,5317,1,0
B,E,B,5190,100,5190,1,0
B,F,B,1352,100,1352,1,0
B,G,B,7084,100,7084,1,0
B,H,B,5772,100,5772,1,0
A,C,C,10640,100,10640,1,0
B,C,C,7017,100,7017,1,0
C,D,C,8734,100,8734,1,0
C,E,C,10820,100,10820,1,0
C,F,C,7173,100,7173,1,0
C,G,C,1401,100,1401,1,0
C,H,C,8950,100,8950,1,0
A,D,D,9510,100,9510,1,0
B,D,D,5267,100,5267,1,0
C,D,D,8729,100,8729,1,0
D,E,D,9942,100,9942,1,0
D,F,D,5340,100,5340,1,0
D,G,D,8890,100,8890,1,0
D,H,D,1508,100,1508,1,0
A,E,E,1355,100,1355,1,0
B,E,E,5180,100,5180,1,0
C,E,E,10834,100,10834,1,0
D,E,E,9977,100,9977,1,0
E,F,E,5106,100,5106,1,0
E,G,E,10635,100,10635,1,0
E,H,E,10144,100,10144,1,0
A,F,F,5025,100,5025,1,0
B,F,F,1330,100,1330,1,0
C,F,F,7210,100,7210,1,0
D,F,F,5350,100,5350,1,0
E,F,F,5123,100,5123,1,0
F,G,F,6991,100,6991,1,0
F,H,F,5409,100,5409,1,0
A,G,G,10604,100,10604,1,0
B,G,G,7070,100,7070,1,0
C,G,G,1384,100,1384,1,0
D,G,G,8895,100,8895,1,0
E,G,G,10595,100,10595,1,0
F,G,G,7012,100,7012,1,0
G,H,G,8860,100,8860,1,0
A,H,H,9984,100,9984,1,0
B,H,H,5704,100,5704,1,0
C,H,H,8939,100,8939,1,0
D,H,H,1544,100,1544,1,0
E,H,H,10124,100,10124,1,0
F,H,H,5480,100,5480,1,0
G,H,H,8842,100,8842,1,0
A,B,A,4759,100,4759,1,0
A,C,A,10654,100,10654,1,0
A,D,A,9506,100,9506,1,0
A,E,A,1408,100,1408,1,0
A,F,A,5071,100,5071,1,0
A,G,A,10621,100,10621,1,0
A,H,A,9951,100,9951,1,0
A,B,B,4760,100,4760,1,0
B,C,B,6986,100,6986,1,0
B,D,B,5305,100,5305,1,0
B,E,B,5227,100,5227,1,0
B,F,B,1387,100,1387,1,0
B,G,B,7056,100,7056,1,0
B,H,B,5741,100,5741,1,0
A,C,C,10608,100,10608,1,0
B,C,C,7029,100,7029,1,0
C,D,C,8711,100,8711,1,0
C,E,C,10834,100,10834,1,0
C,F,C,7204,100,7204,1,0
C,G,C,1352,100,1352,1,0
C,H,C,8902,100,8902,1,0
A,D,D,9544,100,9544,1,0
B,D,D,5310,100,5310,1,0
C,D,D,8729,100,8729,1,0
D,E,D,9938,100,9938,1,0
D,F,D,5382,100,5382,1,0
D,G,D,8866,100,8866,1,0
D,H,D,1430,100,1430,1,0
A,E,E,1424,100,1424,1,0
B,E,E,5191,100,5191,1,0
C,E,E,10850,100,10850,1,0
D,E,E,9934,100,9934,1,0
E,F,E,5102,100,5102,1,0
E,G,E,10660,100,10660,1,0
E,H,E,10136,100,10136,1,0
A,F,F,5072,100,5072,1,0
B,F,F,1391,100,1391,1,0
C,F,F,7206,100,7206,1,0
D,F,F,5356,100,5356,1,0
E,F,F,5141,100,5141,1,0
F,G,F,6990,100,6990,1,0
F,H,F,5449,100,5449,1,0
A,G,G,10612,100,10612,1,0
B,G,G,7124,100,7124,1,0
C,G,G,1388,100,1388,1,0
D,G,G,8871,100,8871,1,0
E,G,G,10640,100,10640,1,0
F,G,G,7006,100,7006,1,0
G,H,G,8879,100,8879,1,0
A,H,H,9936,100,9936,1,0
B,H,H,5690,100,5690,1,0
C,H,H,8931,100,8931,1,0
D,H,H,1506,100,1506,1,0
E,H,H,10144,100,10144,1,0
F,H,H,5461,100,5461,1,0
G,H,H,8855,100,8855,1,0
A,B,A,4809,100,4809,1,0
A,C,A,10641,100,10641,1,0
A,D,A,9525,100,9525,1,0
A,E,A,1384,100,1384,1,0
A,F,A,5058,100,5058,1,0
A,G,A,10652,100,10652,1,0
A,H,A,9942,100,9942,1,0
A,B,B,4801,100,4801,1,0
B,C,B,7006,100,7006,1,0
B,D,B,5275,100,5275,1,0
B,E,B,5175,100,5175,1,0
B,F,B,1359,100,1359,1,0
B,G,B,7072,100,7072,1,0
B,H,B,5810,100,5810,1,0
A,C,C,10638,100,10638,1,0
B,C,C,7015,100,7015,1,0
C,D,C,8729,100,8729,1,0
C,E,C,10842,100,10842,1,0
C,F,C,7207,100,7207,1,0
C,G,C,1388,100,1388,1,0
C,H,C,8869,100,8869,1,0
A,D,D,9526,100,9526,1,0
B,D,D,5299,100,5299,1,0
C,D,D,8756,100,8756,1,0
D,E,D,9923,100,9923,1,0
D,F,D,5425,100,5425,1,0
D,G,D,8875,100,8875,1,0
D,H,D,1470,100,1470,1,0
A,E,E,1411,100,1411,1,0
B,E,E,5204,100,5204,1,0
C,E,E,10828,100,10828,1,0
D,E,E,9852,100,9852,1,0
E,F,E,5069,100,5069,1,0
E,G,E,10621,100,10621,1,0
E,H,E,10133,100,10133,1,0
A,F,F,5087,100,5087,1,0
B,F,F,1338,100,1338,1,0
C,F,F,7200,100,7200,1,0
D,F,F,5368,100,5368,1,0
E,F,F,5099,100,5099,1,0
F,G,F,7020,100,7020,1,0
F,H,F,5435,100,5435,1,0
A,G,G,10599,100,10599,1,0
B,G,G,7092,100,7092,1,0
C,G,G,1368,100,1368,1,0
D,G,G,8915,100,8915,1,0
E,G,G,10626,100,10626,1,0
F,G,G,6989,100,6989,1,0
G,H,G,8827,100,8827,1,0
A,H,H,9922,100,9922,1,0
B,H,H,5796,100,5796,1,0
C,H,H,8953,100,8953,1,0
D,H,H,1466,100,1466,1,0
E,H,H,10120,100,10120,1,0
F,H,H,5480,100,5480,1,0
G,H,H,8884,100,8884,1,0
A,B,A,4788,100,4788,1,0
A,C,A,10643,100,10643,1,0
A,D,A,9501,100,9501,1,0
A,E,A,1381,100,1381,1,0
A,F,A,5047,100,5047,1,0
A,G,A,10663,100,10663,1,0
A,H,A,9912,100,9912,1,0
A,B,B,4770,100,4770,1,0
B,C,B,7044,100,7044,1,0
B,D,B,5310,100,5310,1,0
B,E,B,5162,100,5162,1,0
B,F,B,1355,100,1355,1,0
B,G,B,7089,100,7089,1,0
B,H,B,5763,100,5763,1,0
A,C,C,10658,100,10658,1,0
B,C,C,6986,100,6986,1,0
C,D,C,8764,100,8764,1,0
C,E,C,10821,100,10821,1,0
C,F,C,7193,100,7193,1,0
C,G,C,1396,100,1396,1,0
C,H,C,8979,100,8979,1,0
A,D,D,9530,100,9530,1,0
B,D,D,5267,100,5267,1,0
C,D,D,8703,100,8703,1,0
D,E,D,9886,100,9886,1,0
D,F,D,5418,100,5418,1,0
D,G,D,8905,100,8905,1,0
D,H,D,1500,100,1500,1,0
A,E,E,1371,100,1371,1,0
B,E,E,5144,100,5144,1,0
C,E,E,10796,100,10796,1,0
D,E,E,9878,100,9878,1,0
E,F,E,5116,100,5116,1,0
E,G,E,10636,100,10636,1,0
E,H,E,10140,100,10140,1,0
A,F,F,5053,100,5053,1,0
B,F,F,1349,100,1349,1,0
C,F,F,7235,100,7235,1,0
D,F,F,5361,100,5361,1,0
E,F,F,5096,100,5096,1,0
F,G,F,6990,100,6990,1,0
F,H,F,5437,100,5437,1,0
A,G,G,10641,100,10641,1,0
B,G,G,7062,100,7062,1,0
C,G,G,1374,100,1374,1,0
D,G,G,8908,100,8908,1,0
E,G,G,10622,100,10622,1,0
F,G,G,6976,100,6976,1,0
G,H,G,8885,100,8885,1,0
A,H,H,9924,100,9924,1,0
B,H,H,5750,100,5750,1,0
C,H,H,8960,100,8960,1,0
D,H,H,1476,100,1476,1,0
E,H,H,10135,100,10135,1,0
F,H,H,5435,100,5435,1,0
G,H,H,8844,100,8844,1,0
A,B,A,4734,100,4734,1,0
A,C,A,10634,100,10634,1,0
A,D,A,9513,100,9513,1,0
A,E,A,1436,100,1436,1,0
A,F,A,5055,100,5055,1,0
A,G,A,10660,100,10660,1,0
A,H,A,9934,100,9934,1,0
A,B,B,4805,100,4805,1,0
B,C,B,7018,100,7018,1,0
B,D,B,5327,100,5327,1,0
B,E,B,5142,100,5142,1,0
B,F,B,1350,100,1350,1,0
B,G,B,7065,100,7065,1,0
B,H,B,5793,100,5793,1,0
A,C,C,10627,100,10627,1,0
B,C,C,7031,100,7031,1,0
C,D,C,8761,100,8761,1,0
C,E,C,10838,100,10838,1,0
C,F,C,7214,100,7214,1,0
C,G,C,1378,100,1378,1,0
C,H,C,8950,100,8950,1,0
A,D,D,9549,100,9549,1,0
B,D,D,5253,100,5253,1,0
C,D,D,8707,100,8707,1,0
D,E,D,9955,100,9955,1,0
D,F,D,5357,100,5357,1,0
D,G,D,8869,100,8869,1,0
D,H,D,1470,100,1470,1,0
A,E,E,1353,100,1353,1,0
B,E,E,5173,100,5173,1,0
C,E,E,10834,100,10834,1,0
D,E,E,9977,100,9977,1,0
E,F,E,5125,100,5125,1,0
E,G,E,10618,100,10618,1,0
E,H,E,10131,100,10131,1,0
A,F,F,5051,100,5051,1,0
B,F,F,1331,100,1331,1,0
C,F,F,7203,100,7203,1,0
D,F,F,5346,100,5346,1,0
E,F,F,5083,100,5083,1,0
F,G,F,6986,100,6986,1,0
F,H,F,5424,100,5424,1,0
A,G,G,10602,100,10602,1,0
B,G,G,7059,100,7059,1,0
C,G,G,1424,100,1424,1,0
D,G,G,8888,100,8888,1,0
E,G,G,10648,100,10648,1,0
F,G,G,7021,100,7021,1,0
G,H,G,8893,100,8893,1,0
A,H,H,9927,100,9927,1,0
B,H,H,5727,100,5727,1,0
C,H,H,8971,100,8971,1,0
D,H,H,1494,100,1494,1,0
E,H,H,10176,100,10176,1,0
F,H,H,5470,100,5470,1,0
G,H,H,8875,100,8875,1,0
A,B,A,4763,100,4763,1,0
A,C,A,10623,100,10623,1,0
A,D,A,9517,100,9517,1,0
A,E,A,1403,100,1403,1,0
A,F,A,5051,100,5051,1,0
A,G,A,10588,100,10588,1,0
A,H,A,9938,100,9938,1,0
A,B,B,4803,100,4803,1,0
B,C,B,7015,100,7015,1,0
B,D,B,5315,100,5315,1,0
B,E,B,5214,100,5214,1,0
B,F,B,1386,100,1386,1,0
B,G,B,7075,100,7075,1,0
B,H,B,5744,100,5744,1,0
A,C,C,10621,100,10621,1,0
B,C,C,6978,100,6978,1,0
C,D,C,8723,100,8723,1,0
C,E,C,10877,100,10877,1,0
C,F,C,7185,100,7185,1,0
C,G,C,1371,100,1371,1,0
C,H,C,8956,100,8956,1,0
A,D,D,9532,100,9532,1,0
B,D,D,5295,100,5295,1,0
C,D,D,8780,100,8780,1,0
D,E,D,9932,100,9932,1,0
D,F,D,5407,100,5407,1,0
D,G,D,8857,100,8857,1,0
D,H,D,1474,100,1474,1,0
A,E,E,1397,100,1397,1,0
B,E,E,5163,100,5163,1,0
C,E,E,10878,100,10878,1,0
D,E,E,9896,100,9896,1,0
E,F,E,5092,100,5092,1,0
E,G,E,10638,100,10638,1,0
E,H,E,10095,100,10095,1,0
A,F,F,5056,100,5056,1,0
B,F,F,1360,100,1360,1,0
C,F,F,7210,100,7210,1,0
D,F,F,5345,100,5345,1,0
E,F,F,5102,100,5102,1,0
F,G,F,7012,100,7012,1,0
F,H,F,5440,100,5440,1,0
A,G,G,10580,100,10580,1,0
B,G,G,7090,100,7090,1,0
C,G,G,1367,100,1367,1,0
D,G,G,8888,100,8888,1,0
E,G,G,10614,100,10614,1,0
F,G,G,6988,100,6988,1,0
G,H,G,8867,100,8867,1,0
A,H,H,9940,100,9940,1,0
B,H,H,5776,100,5776,1,0
C,H,H,8929,100,8929,1,0
D,H,H,1553,100,1553,1,0
E,H,H,10147,100,10147,1,0
F,H,H,5423,100,5423,1,0
G,H,H,8864,100,8864,1,0
A,B,A,4775,100,4775,1,0
A,C,A,10649,100,10649,1,0
A,D,A,9546,100,9546,1,0
A,E,A,1407,100,1407,1,0
A,F,A,5074,100,5074,1,0
A,G,A,10670,100,10670,1,0
A,H,A,9960,100,9960,1,0
A,B,B,4775,100,4775,1,0
B,C,B,6969,100,6969,1,0
B,D,B,5248,100,5248,1,0
B,E,B,5191,100,5191,1,0
B,F,B,1355,100,1355,1,0
B,G,B,7061,100,7061,1,0
B,H,B,5714,100,5714,1,0
A,C,C,10642,100,10642,1,0
B,C,C,7019,100,7019,1,0
C,D,C,8701,100,8701,1,0
C,E,C,10843,100,10843,1,0
C,F,C,7188,100,7188,1,0
C,G,C,1380,100,1380,1,0
C,H,C,8980,100,8980,1,0
A,D,D,9545,100,9545,1,0
B,D,D,5290,100,5290,1,0
C,D,D,8784,100,8784,1,0
D,E,D,9951,100,9951,1,0
D,F,D,5373,100,5373,1,0
D,G,D,8895,100,8895,1,0
D,H,D,1474,100,1474,1,0
A,E,E,1418,100,1418,1,0
B,E,E,5220,100,5220,1,0
C,E,E,10834,100,10834,1,0
D,E,E,9897,100,9897,1,0
E,F,E,5086,100,5086,1,0
E,G,E,10635,100,10635,1,0
E,H,E,10131,100,10131,1,0
A,F,F,5015,100,5015,1,0
B,F,F,1362,100,1362,1,0
C,F,F,7202,100,7202,1,0
D,F,F,5356,100,5356,1,0
E,F,F,5095,100,5095,1,0
F,G,F,7015,100,7015,1,0
F,H,F,5429,100,5429,1,0
A,G,G,10632,100,10632,1,0
B,G,G,7108,100,7108,1,0
C,G,G,1392,100,1392,1,0
D,G,G,8872,100,8872,1,0
E,G,G,10583,100,10583,1,0
F,G,G,6985,100,6985,1,0
G,H,G,8861,100,8861,1,0
A,H,H,9956,100,9956,1,0
B,H,H,5747,100,5747,1,0
C,H,H,8893,100,8893,1,0
D,H,H,1462,100,1462,1,0
E,H,H,10134,100,10134,1,0
F,H,H,5480,100,5480,1,0
G,H,H,8859,100,8859,1,0
A,B,A,4760,100,4760,1,0
A,C,A,10650,100,10650,1,0
A,D,A,9535,100,9535,1,0
A,E,A,1405,100,1405,1,0
A,F,A,5015,100,5015,1,0
A,G,A,10639,100,10639,1,0
A,H,A,9984,100,9984,1,0
A,B,B,4811,100,4811,1,0
B,C,B,7020,100,7020,1,0
B,D,B,5294,100,5294,1,0
B,E,B,5219,100,5219,1,0
B,F,B,1360,100,1360,1,0
B,G,B,7084,100,7084,1,0
B,H,B,5779,100,5779,1,0
A,C,C,10641,100,10641,1,0
B,C,C,7000,100,7000,1,0
C,D,C,8744,100,8744,1,0
C,E,C,10809,100,10809,1,0
C,F,C,7208,100,7208,1,0
C,G,C,1406,100,1406,1,0
C,H,C,8920,100,8920,1,0
A,D,D,9536,100,9536,1,0
B,D,D,5314,100,5314,1,0
C,D,D,8750,100,8750,1,0
D,E,D,9874,100,9874,1,0
D,F,D,5356,100,5356,1,0
D,G,D,8876,100,8876,1,0
D,H,D,1477,100,1477,1,0
A,E,E,1423,100,1423,1,0
B,E,E,5192,100,5192,1,0
C,E,E,10815,100,10815,1,0
D,E,E,9954,100,9954,1,0
E,F,E,5060,100,5060,1,0
E,G,E,10628,100,10628,1,0
E,H,E,10183,100,10183,1,0
A,F,F,5038,100,5038,1,0
B,F,F,1349,100,1349,1,0
C,F,F,7224,100,7224,1,0
D,F,F,5406,100,5406,1,0
E,F,F,5139,100,5139,1,0
F,G,F,7004,100,7004,1,0
F,H,F,5430,100,5430,1,0
A,G,G,10626,100,10626,1,0
B,G,G,7079,100,7079,1,0
C,G,G,1356,100,1356,1,0
D,G,G,8878,100,8878,1,0
E,G,G,10624,100,10624,1,0
F,G,G,7028,100,7028,1,0
G,H,G,8880,100,8880,1,0
A,H,H,9940,100,9940,1,0
B,H,H,5703,100,5703,1,0
C,H,H,8897,100,8897,1,0
D,H,H,1534,100,1534,1,0
E,H,H,10147,100,10147,1,0
F,H,H,5445,100,5445,1,0
G,H,H,8886,100,8886,1,0
A,B,A,4754,100,4754,1,0
A,C,A,10675,100,10675,1,0
A,D,A,9536,100,9536,1,0
A,E,A,1349,100,1349,1,0
A,F,A,5093,100,5093,1,0
A,G,A,10597,100,10597,1,0
A,H,A,9949,100,9949,1,0
A,B,B,4768,100,4768,1,0
B,C,B,7030,100,7030,1,0
B,D,B,5329,100,5329,1,0
B,E,B,5192,100,5192,1,0
B,F,B,1343,100,1343,1,0
B,G,B,7090,100,7090,1,0
B,H,B,5738,100,5738,1,0
A,C,C,10587,100,10587,1,0
B,C,C,7006,100,7006,1,0
C,D,C,8728,100,8728,1,0
C,E,C,10861,100,10861,1,0
C,F,C,7200,100,7200,1,0
C,G,C,1338,100,1338,1,0
C,H,C,8928,100,8928,1,0
A,D,D,9526,100,9526,1,0
B,D,D,5320,100,5320,1,0
C,D,D,8754,100,8754,1,0
D,E,D,9964,100,9964,1,0
D,F,D,5361,100,5361,1,0
D,G,D,8884,100,8884,1,0
D,H,D,1484,100,1484,1,0
A,E,E,1371,100,1371,1,0
B,E,E,5172,100,5172,1,0
C,E,E,10780,100,10780,1,0
D,E,E,9860,100,9860,1,0
E,F,E,5124,100,5124,1,0
E,G,E,10652,100,10652,1,0
E,H,E,10111,100,10111,1,0
A,F,F,5057,100,5057,1,0
B,F,F,1370,100,1370,1,0
C,F,F,7215,100,7215,1,0
D,F,F,5370,100,5370,1,0
E,F,F,5100,100,5100,1,0
F,G,F,7013,100,7013,1,0
F,H,F,5498,100,5498,1,0
A,G,G,10587,100,10587,1,0
B,G,G,7047,100,7047,1,0
C,G,G,1379,100,1379,1,0
D,G,G,8883,100,8883,1,0
E,G,G,10636,100,10636,1,0
F,G,G,7015,100,7015,1,0
G,H,G,8882,100,8882,1,0
A,H,H,9992,100,9992,1,0
B,H,H,5699,100,5699,1,0
C,H,H,8973,100,8973,1,0
D,H,H,1466,100,1466,1,0
E,H,H,10156,100,10156,1,0
F,H,H,5457,100,5457,1,0
G,H,H,8907,100,8907,1,0
A,B,A,4773,100,4773,1,0
A,C,A,10633,100,10633,1,0
A,D,A,9535,100,9535,1,0
A,E,A,1386,100,1386,1,0
A,F,A,5031,100,5031,1,0
A,G,A,10651,100,10651,1,0
A,H,A,9931,100,9931,1,0
A,B,B,4804,100,4804,1,0
B,C,B,7016,100,7016,1,0
B,D,B,5302,100,5302,1,0
B,E,B,5195,100,5195,1,0
B,F,B,1361,100,1361,1,0
B,G,B,7094,100,7094,1,0
B,H,B,5733,100,5733,1,0
A,C,C,10631,100,10631,1,0
B,C,C,7038,100,7038,1,0
C,D,C,8790,100,8790,1,0
C,E,C,10810,100,10810,1,0
C,F,C,7184,100,7184,1,0
C,G,C,1355,100,1355,1,0
C,H,C,8923,100,8923,1,0
A,D,D,9526,100,9526,1,0
B,D,D,5313,100,5313,1,0
C,D,D,8731,100,8731,1,0
D,E,D,9950,100,9950,1,0
D,F,D,5367,100,5367,1,0
D,G,D,8897,100,8897,1,0
D,H,D,1481,100,1481,1,0
A,E,E,1452,100,1452,1,0
B,E,E,5167,100,5167,1,0
C,E,E,10788,100,10788,1,0
D,E,E,9897,100,9897,1,0
E,F,E,5086,100,5086,1,0
E,G,E,10653,100,10653,1,0
E,H,E,10172,100,10172,1,0
A,F,F,5089,100,5089,1,0
B,F,F,1328,100,1328,1,0
C,F,F,7199,100,7199,1,0
D,F,F,5335,100,5335,1,0
E,F,F,5092,100,5092,1,0
F,G,F,6994,100,6994,1,0
F,H,F,5465,100,5465,1,0
A,G,G,10602,100,10602,1,0
B,G,G,7105,100,7105,1,0
C,G,G,1377,100,1377,1,0
D,G,G,8914,100,8914,1,0
E,G,G,10636,100,10636,1,0
F,G,G,6987,100,6987,1,0
G,H,G,8861,100,8861,1,0
A,H,H,9925,100,9925,1,0
B,H,H,5750,100,5750,1,0
C,H,H,8939,100,8939,1,0
D,H,H,1465,100,1465,1,0
E,H,H,10117,100,10117,1,0
F,H,H,5449,100,5449,1,0
G,H,H,8851,100,8851,1,0
A,B,A,4793,100,4793,1,0
A,C,A,10651,100,10651,1,0
A,D,A,9542,100,9542,1,0
A,E,A,1412,100,1412,1,0
A,F,A,5078,100,5078,1,0
A,G,A,10638,100,10638,1,0
A,H,A,9959,100,9959,1,0
A,B,B,4770,100,4770,1,0
B,C,B,7016,100,7016,1,0
B,D,B,5290,100,5290,1,0
B,E,B,5158,100,5158,1,0
B,F,B,1364,100,1364,1,0
B,G,B,7064,100,7064,1,0
B,H,B,5793,100,5793,1,0
A,C,C,10631,100,10631,1,0
B,C,C,6996,100,6996,1,0
C,D,C,8744,100,8744,1,0
C,E,C,10800,100,10800,1,0
C,F,C,7218,100,7218,1,0
C,G,C,1364,100,1364,1,0
C,H,C,8953,100,8953,1,0
A,D,D,9527,100,9527,1,0
B,D,D,5326,100,5326,1,0
C,D,D,8729,100,8729,1,0
D,E,D,9968,100,9968,1,0
D,F,D,5358,100,5358,1,0
D,G,D,8945,100,8945,1,0
D,H,D,1537,100,1537,1,0
A,E,E,1379,100,1379,1,0
B,E,E,5166,100,5166,1,0
C,E,E,10864,100,10864,1,0
D,E,E,9912,100,9912,1,0
E,F,E,5117,100,5117,1,0
E,G,E,10623,100,10623,1,0
E,H,E,10176,100,10176,1,0
A,F,F,5046,100,5046,1,0
B,F,F,1312,100,1312,1,0
C,F,F,7182,100,7182,1,0
D,F,F,5389,100,5389,1,0
E,F,F,5080,100,5080,1,0
F,G,F,6983,100,6983,1,0
F,H,F,5449,100,5449,1,0
A,G,G,10633,100,10633,1,0
B,G,G,7068,100,7068,1,0
C,G,G,1390,100,1390,1,0
D,G,G,8888,100,8888,1,0
E,G,G,10592,100,10592,1,0
F,G,G,7045,100,7045,1,0
G,H,G,8869,100,8869,1,0
A,H,H,9957,100,9957,1,0
B,H,H,5761,100,5761,1,0
C,H,H,8918,100,8918,1,0
D,H,H,1482,100,1482,1,0
E,H,H,10146,100,10146,1,0
F,H,H,5461,100,5461,1,0
G,H,H,8926,100,8926,1,0
A,B,A,4776,100,4776,1,0
A,C,A,10624,100,10624,1,0
A,D,A,9546,100,9546,1,0
A,E,A,1448,100,1448,1,0
A,F,A,5047,100,5047,1,0
A,G,A,10671,100,10671,1,0
A,H,A,9960,100,9960,1,0
A,B,B,4779,100,4779,1,0
B,C,B,7015,100,7015,1,0
B,D,B,5316,100,5316,1,0
B,E,B,5193,100,5193,1,0
B,F,B,1367,100,1367,1,0
B,G,B,7097,100,7097,1,0
B,H,B,5755,100,5755,1,0
A,C,C,10618,100,10618,1,0
B,C,C,7025,100,7025,1,0
C,D,C,8722,100,8722,1,0
C,E,C,10858,100,10858,1,0
C,F,C,7190,100,7190,1,0
C,G,C,1349,100,1349,1,0
C,H,C,8939,100,8939,1,0
A,D,D,9543,100,9543,1,0
B,D,D,5291,100,5291,1,0
C,D,D,8740,100,8740,1,0
D,E,D,9862,100,9862,1,0
D,F,D,5379,100,5379,1,0
D,G,D,8881,100,8881,1,0
D,H,D,1440,100,1440,1,0
A,E,E,1432,100,1432,1,0
B,E,E,5161,100,5161,1,0
C,E,E,10819,100,10819,1,0
D,E,E,9920,100,9920,1,0
E,F,E,5088,100,5088,1,0
E,G,E,10639,100,10639,1,0
E,H,E,10122,100,10122,1,0
A,F,F,5061,100,5061,1,0
B,F,F,1318,100,1318,1,0
C,F,F,7198,100,7198,1,0
D,F,F,5371,100,5371,1,0
E,F,F,5087,100,5087,1,0
F,G,F,6992,100,6992,1,0
F,H,F,5505,100,5505,1,0
A,G,G,10647,100,10647,1,0
B,G,G,7105,100,7105,1,0
C,G,G,1350,100,1350,1,0
D,G,G,8903,100,8903,1,0
E,G,G,10631,100,10631,1,0
F,G,G,6985,100,6985,1,0
G,H,G,8841,100,8841,1,0
A,H,H,9937,100,9937,1,0
B,H,H,5732,100,5732,1,0
C,H,H,8963,100,8963,1,0
D,H,H,1447,100,1447,1,0
E,H,H,10107,100,10107,1,0
F,H,H,5473,100,5473,1,0
G,H,H,8849,100,8849,1,0
A,B,A,4771,100,4771,1,0
A,C,A,10632,100,10632,1,0
A,D,A,9506,100,9506,1,0
A,E,A,1391,100,1391,1,0
A,F,A,5080,100,5080,1,0
A,G,A,10576,100,10576,1,0
A,H,A,9959,100,9959,1,0
A,B,B,4775,100,4775,1,0
B,C,B,7039,100,7039,1,0
B,D,B,5301,100,5301,1,0
B,E,B,5174,100,5174,1,0
B,F,B,1341,100,1341,1,0
B,G,B,7071,100,7071,1,0
B,H,B,5740,100,5740,1,0
A,C,C,10646,100,10646,1,0
B,C,C,7005,100,7005,1,0
C,D,C,8738,100,8738,1,0
C,E,C,10787,100,10787,1,0
C,F,C,7199,100,7199,1,0
C,G,C,1341,100,1341,1,0
C,H,C,8976,100,8976,1,0
A,D,D,9526,100,9526,1,0
B,D,D,5330,100,5330,1,0
C,D,D,8714,100,8714,1,0
D,E,D,9935,100,9935,1,0
D,F,D,5371,100,5371,1,0
D,G,D,8908,100,8908,1,0
D,H,D,1495,100,1495,1,0
A,E,E,1381,100,1381,1,0
B,E,E,5161,100,5161,1,0
C,E,E,10818,100,10818,1,0
D,E,E,9944,100,9944,1,0
E,F,E,5132,100,5132,1,0
E,G,E,10624,100,10624,1,0
E,H,E,10169,100,10169,1,0
A,F,F,5054,100,5054,1,0
B,F,F,1338,100,1338,1,0
C,F,F,7164,100,7164,1,0
D,F,F,5362,100,5362,1,0
E,F,F,5120,100,5120,1,0
F,G,F,7012,100,7012,1,0
F,H,F,5497,100,5497,1,0
A,G,G,10625,100,10625,1,0
B,G,G,7016,100,7016,1,0
C,G,G,1348,100,1348,1,0
D,G,G,8878,100,8878,1,0
E,G,G,10638,100,10638,1,0
F,G,G,6982,100,6982,1,0
G,H,G,8879,100,8879,1,0
A,H,H,9931,100,9931,1,0
B,H,H,5742,100,5742,1,0
C,H,H,8929,100,8929,1,0
D,H,H,1508,100,1508,1,0
E,H,H,10143,100,10143,1,0
F,H,H,5440,100,5440,1,0
G,H,H,8902,100,8902,1,0
A,B,A,4776,100,4776,1,0
A,C,A,10620,100,10620,1,0
A,D,A,9524,100,9524,1,0
A,E,A,1418,100,1418,1,0
A,F,A,5077,100,5077,1,0
A,G,A,10613,100,10613,1,0
A,H,A,9940,100,9940,1,0
A,B,B,4752,100,4752,1,0
B,C,B,7034,100,7034,1,0
B,D,B,5269,100,5269,1,0
B,E,B,5148,100,5148,1,0
B,F,B,1391,100,1391,1,0
B,G,B,7050,100,7050,1,0
B,H,B,5847,100,5847,1,0
A,C,C,10599,100,10599,1,0
B,C,C,7019,100,7019,1,0
C,D,C,8702,100,8702,1,0
C,E,C,10841,100,10841,1,0
C,F,C,7198,100,7198,1,0
C,G,C,1411,100,1411,1,0
C,H,C,8909,100,8909,1,0
A,D,D,9511,100,9511,1,0
B,D,D,5281,100,5281,1,0
C,D,D,8736,100,8736,1,0
D,E,D,9881,100,9881,1,0
D,F,D,5343,100,5343,1,0
D,G,D,8886,100,8886,1,0
D,H,D,1517,100,1517,1,0
A,E,E,1365,100,1365,1,0
B,E,E,5175,100,5175,1,0
C,E,E,10817,100,10817,1,0
D,E,E,9929,100,9929,1,0
E,F,E,5111,100,5111,1,0
E,G,E,10638,100,10638,1,0
E,H,E,10177,100,10177,1,0
A,F,F,5075,100,5075,1,0
B,F,F,1349,100,1349,1,0
C,F,F,7219,100,7219,1,0
D,F,F,5324,100,5324,1,0
E,F,F,5109,100,5109,1,0
F,G,F,7008,100,7008,1,0
F,H,F,5417,100,5417,1,0
A,G,G,10618,100,10618,1,0
B,G,G,7051,100,7051,1,0
C,G,G,1374,100,1374,1,0
D,G,G,8908,100,8908,1,0
E,G,G,10626,100,10626,1,0
F,G,G,6990,100,6990,1,0
G,H,G,8870,100,8870,1,0
A,H,H,9959,100,9959,1,0
B,H,H,5723,100,5723,1,0
C,H,H,8910,100,8910,1,0
D,H,H,1542,100,1542,1,0
E,H,H,10174,100,10174,1,0
F,H,H,5434,100,5434,1,0
G,H,H,8876,100,8876,1,0
A,B,A,4761,100,4761,1,0
A,C,A,10575,100,10575,1,0
A,D,A,9532,100,9532,1,0
A,E,A,1424,100,1424,1,0
A,F,A,5091,100,5091,1,0
A,G,A,10630,100,10630,1,0
A,H,A,9969,100,9969,1,0
A,B,B,4787,100,4787,1,0
B,C,B,7022,100,7022,1,0
B,D,B,5286,100,5286,1,0
B,E,B,5203,100,5203,1,0
B,F,B,1364,100,1364,1,0
B,G,B,7106,100,7106,1,0
B,H,B,5728,100,5728,1,0
A,C,C,10648,100,10648,1,0
B,C,C,6991,100,6991,1,0
C,D,C,8735,100,8735,1,0
C,E,C,10819,100,10819,1,0
C,F,C,7200,100,7200,1,0
C,G,C,1400,100,1400,1,0
C,H,C,8972,100,8972,1,0
A,D,D,9547,100,9547,1,0
B,D,D,5264,100,5264,1,0
C,D,D,8726,100,8726,1,0
D,E,D,9982,100,9982,1,0
D,F,D,5355,100,5355,1,0
D,G,D,8877,100,8877,1,0
D,H,D,1535,100,1535,1,0
A,E,E,1426,100,1426,1,0
B,E,E,5142,100,5142,1,0
C,E,E,10839,100,10839,1,0
D,E,E,9942,100,9942,1,0
E,F,E,5093,100,5093,1,0
E,G,E,10642,100,10642,1,0
E,H,E,10158,100,10158,1,0
A,F,F,5014,100,5014,1,0
B,F,F,1413,100,1413,1,0
C,F,F,7229,100,7229,1,0
D,F,F,5367,100,5367,1,0
E,F,F,5070,100,5070,1,0
F,G,F,7014,100,7014,1,0
F,H,F,5450,100,5450,1,0
A,G,G,10550,100,10550,1,0
B,G,G,7105,100,7105,1,0
C,G,G,1338,100,1338,1,0
D,G,G,8928,100,8928,1,0
E,G,G,10612,100,10612,1,0
F,G,G,6967,100,6967,1,0
G,H,G,8909,100,8909,1,0
A,H,H,9978,100,9978,1,0
B,H,H,5748,100,5748,1,0
C,H,H,8925,100,8925,1,0
D,H,H,1531,100,1531,1,0
E,H,H,10147,100,10147,1,0
F,H,H,5455,100,5455,1,0
G,H,H,8856,100,8856,1,0
A,B,A,4759,100,4759,1,0
A,C,A,10637,100,10637,1,0
A,D,A,9512,100,9512,1,0
A,E,A,1448,100,1448,1,0
A,F,A,5051,100,5051,1,0
A,G,A,10653,100,10653,1,0
A,H,A,9967,100,9967,1,0
A,B,B,4791,100,4791,1,0
B,C,B,7024,100,7024,1,0
B,D,B,5309,100,5309,1,0
B,E,B,5201,100,5201,1,0
B,F,B,1339,100,1339,1,0
B,G,B,7059,100,7059,1,0
B,H,B,5702,100,5702,1,0
A,C,C,10622,100,10622,1,0
B,C,C,7036,100,7036,1,0
C,D,C,8718,100,8718,1,0
C,E,C,10887,100,10887,1,0
C,F,C,7194,100,7194,1,0
C,G,C,1405,100,1405,1,0
C,H,C,8970,100,8970,1,0
A,D,D,9529,100,9529,1,0
B,D,D,5300,100,5300,1,0
C,D,D,8731,100,8731,1,0
D,E,D,9929,100,9929,1,0
D,F,D,5368,100,5368,1,0
D,G,D,8932,100,8932,1,0
D,H,D,1532,100,1532,1,0
A,E,E,1443,100,1443,1,0
B,E,E,5195,100,5195,1,0
C,E,E,10804,100,10804,1,0
D,E,E,10001,100,10001,1,0
E,F,E,5104,100,5104,1,0
E,G,E,10634,100,10634,1,0
E,H,E,10108,100,10108,1,0
A,F,F,5033,100,5033,1,0
B,F,F,1338,100,1338,1,0
C,F,F,7212,100,7212,1,0
D,F,F,5360,100,5360,1,0
E,F,F,5112,100,5112,1,0
F,G,F,6988,100,6988,1,0
F,H,F,5423,100,5423,1,0
A,G,G,10599,100,10599,1,0
B,G,G,7094,100,7094,1,0
C,G,G,1366,100,1366,1,0
D,G,G,8930,100,8930,1,0
E,G,G,10615,100,10615,1,0
F,G,G,6997,100,6997,1,0
G,H,G,8888,100,8888,1,0
A,H,H,9923,100,9923,1,0
B,H,H,5676,100,5676,1,0
C,H,H,8949,100,8949,1,0
D,H,H,1494,100,1494,1,0
E,H,H,10119,100,10119,1,0
F,H,H,5437,100,5437,1,0
G,H,H,8888,100,8888,1,0
A,B,A,4742,100,4742,1,0
A,C,A,10681,100,10681,1,0
A,D,A,9547,100,9547,1,0
A,E,A,1382,100,1382,1,0
A,F,A,5087,100,5087,1,0
A,G,A,10642,100,10642,1,0
A,H,A,9907,100,9907,1,0
A,B,B,4760,100,4760,1,0
B,C,B,7005,100,7005,1,0
B,D,B,5267,100,5267,1,0
B,E,B,5169,100,5169,1,0
B,F,B,1375,100,1375,1,0
B,G,B,7088,100,7088,1,0
B,H,B,5718,100,5718,1,0
A,C,C,10708,100,10708,1,0
B,C,C,7004,100,7004,1,0
C,D,C,8759,100,8759,1,0
C,E,C,10796,100,10796,1,0
C,F,C,7206,100,7206,1,0
C,G,C,1408,100,1408,1,0
C,H,C,8928,100,8928,1,0
A,D,D,9547,100,9547,1,0
B,D,D,5287,100,5287,1,0
C,D,D,8722,100,8722,1,0
D,E,D,9872,100,9872,1,0
D,F,D,5354,100,5354,1,0
D,G,D,8882,100,8882,1,0
D,H,D,1532,100,1532,1,0
A,E,E,1459,100,1459,1,0
B,E,E,5171,100,5171,1,0
C,E,E,10796,100,10796,1,0
D,E,E,9920,100,9920,1,0
E,F,E,5116,100,5116,1,0
E,G,E,10635,100,10635,1,0
E,H,E,10164,100,10164,1,0
A,F,F,5042,100,5042,1,0
B,F,F,1400,100,1400,1,0
C,F,F,7168,100,7168,1,0
D,F,F,5391,100,5391,1,0
E,F,F,5092,100,5092,1,0
F,G,F,7010,100,7010,1,0
F,H,F,5479,100,5479,1,0
A,G,G,10630,100,10630,1,0
B,G,G,7135,100,7135,1,0
C,G,G,1359,100,1359,1,0
D,G,G,8869,100,8869,1,0
E,G,G,10633,100,10633,1,0
F,G,G,6990,100,6990,1,0
G,H,G,8895,100,8895,1,0
A,H,H,9964,100,9964,1,0
B,H,H,5733,100,5733,1,0
C,H,H,8939,100,8939,1,0
D,H,H,1473,100,1473,1,0
E,H,H,10148,100,10148,1,0
F,H,H,5426,100,5426,1,0
G,H,H,8855,100,8855,1,0
A,B,A,4800,100,4800,1,0
A,C,A,10626,100,10626,1,0
A,D,A,9525,100,9525,1,0
A,E,A,1358,100,1358,1,0
A,F,A,5042,100,5042,1,0
A,G,A,10619,100,10619,1,0
A,H,A,9935,100,9935,1,0
A,B,B,4807,100,4807,1,0
B,C,B,7035,100,7035,1,0
B,D,B,5266,100,5266,1,0
B,E,B,5226,100,5226,1,0
B,F,B,1325,100,1325,1,0
B,G,B,7073,100,7073,1,0
B,H,B,5775,100,5775,1,0
A,C,C,10620,100,10620,1,0
B,C,C,7034,100,7034,1,0
C,D,C,8774,100,8774,1,0
C,E,C,10855,100,10855,1,0
C,F,C,7190,100,7190,1,0
C,G,C,1363,100,1363,1,0
C,H,C,8944,100,8944,1,0
A,D,D,9553,100,9553,1,0
B,D,D,5314,100,5314,1,0
C,D,D,8733,100,8733,1,0
D,E,D,9978,100,9978,1,0
D,F,D,5347,100,5347,1,0
D,G,D,8885,100,8885,1,0
D,H,D,1524,100,1524,1,0
A,E,E,1448,100,1448,1,0
B,E,E,5182,100,5182,1,0
C,E,E,10808,100,10808,1,0
D,E,E,9886,100,9886,1,0
E,F,E,5114,100,5114,1,0
E,G,E,10646,100,10646,1,0
E,H,E,10144,100,10144,1,0
A,F,F,5081,100,5081,1,0
B,F,F,1339,100,1339,1,0
C,F,F,7196,100,7196,1,0
D,F,F,5360,100,5360,1,0
E,F,F,5098,100,5098,1,0
F,G,F,6987,100,6987,1,0
F,H,F,5454,100,5454,1,0
A,G,G,10648,100,10648,1,0
B,G,G,7057,100,7057,1,0
C,G,G,1391,100,1391,1,0
D,G,G,8892,100,8892,1,0
E,G,G,10637,100,10637,1,0
F,G,G,7017,100,7017,1,0
G,H,G,8867,100,8867,1,0
A,H,H,9924,100,9924,1,0
B,H,H,5746,100,5746,1,0
C,H,H,8909,100,8909,1,0
D,H,H,1476,100,1476,1,0
E,H,H,10160,100,10160,1,0
F,H,H,5417,100,5417,1,0
G,H,H,8857,100,8857,1,0
A,B,A,4801,100,4801,1,0
A,C,A,10637,100,10637,1,0
A,D,A,9551,100,9551,1,0
A,E,A,1384,100,1384,1,0
A,F,A,5049,100,5049,1,0
A,G,A,10588,100,10588,1,0
A,H,A,9947,100,9947,1,0
A,B,B,4767,100,4767,1,0
B,C,B,7000,100,7000,1,0
B,D,B,5273,100,5273,1,0
B,E,B,5168,100,5168,1,0
B,F,B,1362,100,1362,1,0
B,G,B,7090,100,7090,1,0
B,H,B,5748,100,5748,1,0
A,C,C,10642,100,10642,1,0
B,C,C,7014,100,7014,1,0
C,D,C,8761,100,8761,1,0
C,E,C,10800,100,10800,1,0
C,F,C,7187,100,7187,1,0
C,G,C,1390,100,1390,1,0
C,H,C,8922,100,8922,1,0
A,D,D,9520,100,9520,1,0
B,D,D,5251,100,5251,1,0
C,D,D,8725,100,8725,1,0
D,E,D,9907,100,9907,1,0
D,F,D,5394,100,5394,1,0
D,G,D,8925,100,8925,1,0
D,H,D,1496,100,1496,1,0
A,E,E,1394,100,1394,1,0
B,E,E,5181,100,5181,1,0
C,E,E,10754,100,10754,1,0
D,E,E,9944,100,9944,1,0
E,F,E,5140,100,5140,1,0
E,G,E,10657,100,10657,1,0
E,H,E,10148,100,10148,1,0
A,F,F,5081,100,5081,1,0
B,F,F,1370,100,1370,1,0
C,F,F,7178,100,7178,1,0
D,F,F,5366,100,5366,1,0
E,F,F,5069,100,5069,1,0
F,G,F,6997,100,6997,1,0
F,H,F,5421,100,5421,1,0
A,G,G,10621,100,10621,1,0
B,G,G,7051,100,7051,1,0
C,G,G,1350,100,1350,1,0
D,G,G,8923,100,8923,1,0
E,G,G,10627,100,10627,1,0
F,G,G,6993,100,6993,1,0
G,H,G,8865,100,8865,1,0
A,H,H,9907,100,9907,1,0
B,H,H,5734,100,5734,1,0
C,H,H,8891,100,8891,1,0
D,H,H,1494,100,1494,1,0
E,H,H,10139,100,10139,1,0
F,H,H,5449,100,5449,1,0
G,H,H,8861,100,8861,1,0
A,B,A,4804,100,4804,1,0
A,C,A,10632,100,10632,1,0
A,D,A,9534,100,9534,1,0
A,E,A,1451,100,1451,1,0
A,F,A,5027,100,5027,1,0
A,G,A,10534,100,10534,1,0
A,H,A,9958,100,9958,1,0
A,B,B,4770,100,4770,1,0
B,C,B,7018,100,7018,1,0
B,D,B,5296,100,5296,1,0
B,E,B,5174,100,5174,1,0
B,F,B,1366,100,1366,1,0
B,G,B,7082,100,7082,1,0
B,H,B,5740,100,5740,1,0
A,C,C,10655,100,10655,1,0
B,C,C,7024,100,7024,1,0
C,D,C,8751,100,8751,1,0
C,E,C,10867,100,10867,1,0
C,F,C,7200,100,7200,1,0
C,G,C,1349,100,1349,1,0
C,H,C,8937,100,8937,1,0
A,D,D,9540,100,9540,1,0
B,D,D,5279,100,5279,1,0
C,D,D,8749,100,8749,1,0
D,E,D,9945,100,9945,1,0
D,F,D,5372,100,5372,1,0
D,G,D,8905,100,8905,1,0
D,H,D,1495,100,1495,1,0
A,E,E,1456,100,1456,1,0
B,E,E,5189,100,5189,1,0
C,E,E,10833,100,10833,1,0
D,E,E,9926,100,9926,1,0
E,F,E,5095,100,5095,1,0
E,G,E,10643,100,10643,1,0
E,H,E,10166,100,10166,1,0
A,F,F,5086,100,5086,1,0
B,F,F,1374,100,1374,1,0
C,F,F,7189,100,7189,1,0
D,F,F,5348,100,5348,1,0
E,F,F,5089,100,5089,1,0
F,G,F,7002,100,7002,1,0
F,H,F,5475,100,5475,1,0
A,G,G,10641,100,10641,1,0
B,G,G,7056,100,7056,1,0
C,G,G,1361,100,1361,1,0
D,G,G,8845,100,8845,1,0
E,G,G,10601,100,10601,1,0
F,G,G,7014,100,7014,1,0
G,H,G,8870,100,8870,1,0
A,H,H,9910,100,9910,1,0
B,H,H,5737,100,5737,1,0
C,H,H,8974,100,8974,1,0
D,H,H,1543,100,1543,1,0
E,H,H,10122,100,10122,1,0
F,H,H,5485,100,5485,1,0
G,H,H,8848,100,8848,1,0
A,B,A,4769,100,4769,1,0
A,C,A,10657,100,10657,1,0
A,D,A,9505,100,9505,1,0
A,E,A,1380,100,1380,1,0
A,F,A,5026,100,5026,1,0
A,G,A,10604,100,10604,1,0
A,H,A,9970,100,9970,1,0
A,B,B,4784,100,4784,1,0
B,C,B,7034,100,7034,1,0
B,D,B,5316,100,5316,1,0
B,E,B,5174,100,5174,1,0
B,F,B,1383,100,1383,1,0
B,G,B,7091,100,7091,1,0
B,H,B,5745,100,5745,1,0
A,C,C,10681,100,10681,1,0
B,C,C,6977,100,6977,1,0
C,D,C,8718,100,8718,1,0
C,E,C,10818,100,10818,1,0
C,F,C,7159,100,7159,1,0
C,G,C,1405,100,1405,1,0
C,H,C,8922,100,8922,1,0
A,D,D,9543,100,9543,1,0
B,D,D,5266,100,5266,1,0
C,D,D,8691,100,8691,1,0
D,E,D,9895,100,9895,1,0
D,F,D,5327,100,5327,1,0
D,G,D,8904,100,8904,1,0
D,H,D,1573,100,1573,1,0
A,E,E,1476,100,1476,1,0
B,E,E,5165,100,5165,1,0
C,E,E,10820,100,10820,1,0
D,E,E,9955,100,9955,1,0
E,F,E,5118,100,5118,1,0
E,G,E,10655,100,10655,1,0
E,H,E,10125,100,10125,1,0
A,F,F,5062,100,5062,1,0
B,F,F,1368,100,1368,1,0
C,F,F,7194,100,7194,1,0
D,F,F,5411,100,5411,1,0
E,F,F,5131,100,5131,1,0
F,G,F,6996,100,6996,1,0
F,H,F,5449,100,5449,1,0
A,G,G,10579,100,10579,1,0
B,G,G,7134,100,7134,1,0
C,G,G,1355,100,1355,1,0
D,G,G,8864,100,8864,1,0
E,G,G,10639,100,10639,1,0
F,G,G,6999,100,6999,1,0
G,H,G,8870,100,8870,1,0
A,H,H,9944,100,9944,1,0
B,H,H,5739,100,5739,1,0
C,H,H,8931,100,8931,1,0
D,H,H,1468,100,1468,1,0
E,H,H,10143,100,10143,1,0
F,H,H,5449,100,5449,1,0
G,H,H,8898,100,8898,1,0
A,B,A,4765,100,4765,1,0
A,C,A,10643,100,10643,1,0
A,D,A,9521,100,9521,1,0
A,E,A,1393,100,1393,1,0
A,F,A,5068,100,5068,1,0
A,G,A,10593,100,10593,1,0
A,H,A,9947,100,9947,1,0
A,B,B,4804,100,4804,1,0
B,C,B,6997,100,6997,1,0
B,D,B,5286,100,5286,1,0
B,E,B,5180,100,5180,1,0
B,F,B,1378,100,1378,1,0
B,G,B,7020,100,7020,1,0
B,H,B,5750,100,5750,1,0
A,C,C,10658,100,10658,1,0
B,C,C,6979,100,6979,1,0
C,D,C,8710,100,8710,1,0
C,E,C,10845,100,10845,1,0
C,F,C,7174,100,7174,1,0
C,G,C,1361,100,1361,1,0
C,H,C,8909,100,8909,1,0
A,D,D,9528,100,9528,1,0
B,D,D,5270,100,5270,1,0
C,D,D,8712,100,8712,1,0
D,E,D,9902,100,9902,1,0
D,F,D,5358,100,5358,1,0
D,G,D,8885,100,8885,1,0
D,H,D,1495,100,1495,1,0
A,E,E,1433,100,1433,1,0
B,E,E,5169,100,5169,1,0
C,E,E,10809,100,10809,1,0
D,E,E,9860,100,9860,1,0
E,F,E,5090,100,5090,1,0
E,G,E,10626,100,10626,1,0
E,H,E,10169,100,10169,1,0
A,F,F,5097,100,5097,1,0
B,F,F,1374,100,1374,1,0
C,F,F,7201,100,7201,1,0
D,F,F,5349,100,5349,1,0
E,F,F,5095,100,5095,1,0
F,G,F,7013,100,7013,1,0
F,H,F,5448,100,5448,1,0
A,G,G,10627,100,10627,1,0
B,G,G,7075,100,7075,1,0
C,G,G,1400,100,1400,1,0
D,G,G,8874,100,8874,1,0
E,G,G,10624,100,10624,1,0
F,G,G,7015,100,7015,1,0
G,H,G,8888,100,8888,1,0
A,H,H,9953,100,9953,1,0
B,H,H,5723,100,5723,1,0
C,H,H,8943,100,8943,1,0
D,H,H,1498,100,1498,1,0
E,H,H,10133,100,10133,1,0
F,H,H,5468,100,5468,1,0
G,H,H,8881,100,8881,1,0
A,B,A,4798,100,4798,1,0
A,C,A,10652,100,10652,1,0
A,D,A,9555,100,9555,1,0
A,E,A,1443,100,1443,1,0
A,F,A,5082,100,5082,1,0
A,G,A,10648,100,10648,1,0
A,H,A,9962,100,9962,1,0
A,B,B,4752,100,4752,1,0
B,C,B,6992,100,6992,1,0
B,D,B,5307,100,5307,1,0
B,E,B,5194,100,5194,1,0
B,F,B,1325,100,1325,1,0
B,G,B,7025,100,7025,1,0
B,H,B,5781,100,5781,1,0
A,C,C,10594,100,10594,1,0
B,C,C,7008,100,7008,1,0
C,D,C,8722,100,8722,1,0
C,E,C,10841,100,10841,1,0
C,F,C,7179,100,7179,1,0
C,G,C,1419,100,1419,1,0
C,H,C,8913,100,8913,1,0
A,D,D,9526,100,9526,1,0
B,D,D,5282,100,5282,1,0
C,D,D,8743,100,8743,1,0
D,E,D,9965,100,9965,1,0
D,F,D,5384,100,5384,1,0
D,G,D,8893,100,8893,1,0
D,H,D,1545,100,1545,1,0
A,E,E,1409,100,1409,1,0
B,E,E,5204,100,5204,1,0
C,E,E,10838,100,10838,1,0
D,E,E,9911,100,9911,1,0
E,F,E,5094,100,5094,1,0
E,G,E,10638,100,10638,1,0
E,H,E,10118,100,10118,1,0
A,F,F,5057,100,5057,1,0
B,F,F,1381,100,1381,1,0
C,F,F,7214,100,7214,1,0
D,F,F,5365,100,5365,1,0
E,F,F,5099,100,5099,1,0
F,G,F,6979,100,6979,1,0
F,H,F,5421,100,5421,1,0
A,G,G,10630,100,10630,1,0
B,G,G,7062,100,7062,1,0
C,G,G,1392,100,1392,1,0
D,G,G,8902,100,8902,1,0
E,G,G,10606,100,10606,1,0
F,G,G,7021,100,7021,1,0
G,H,G,8869,100,8869,1,0
A,H,H,9970,100,9970,1,0
B,H,H,5707,100,5707,1,0
C,H,H,8938,100,8938,1,0
D,H,H,1459,100,1459,1,0
E,H,H,10123,100,10123,1,0
F,H,H,5452,100,5452,1,0
G,H,H,8863,100,8863,1,0
A,B,A,4779,100,4779,1,0
A,C,A,10623,100,10623,1,0
A,D,A,9524,100,9524,1,0
A,E,A,1421,100,1421,1,0
A,F,A,5064,100,5064,1,0
A,G,A,10647,100,10647,1,0
A,H,A,9995,100,9995,1,0
A,B,B,4787,100,4787,1,0
B,C,B,7019,100,7019,1,0
B,D,B,5281,100,5281,1,0
B,E,B,5147,100,5147,1,0
B,F,B,1382,100,1382,1,0
B,G,B,7069,100,7069,1,0
B,H,B,5726,100,5726,1,0
A,C,C,10650,100,10650,1,0
B,C,C,7018,100,7018,1,0
C,D,C,8722,100,8722,1,0
C,E,C,10836,100,10836,1,0
C,F,C,7177,100,7177,1,0
C,G,C,1370,100,1370,1,0
C,H,C,8921,100,8921,1,0
A,D,D,9553,100,9553,1,0
B,D,D,5223,100,5223,1,0
C,D,D,8777,100,8777,1,0
D,E,D,9966,100,9966,1,0
D,F,D,5377,100,5377,1,0
D,G,D,8913,100,8913,1,0
D,H,D,1543,100,1543,1,0
A,E,E,1460,100,1460,1,0
B,E,E,5183,100,5183,1,0
C,E,E,10803,100,10803,1,0
D,E,E,9858,100,9858,1,0
E,F,E,5085,100,5085,1,0
E,G,E,10638,100,10638,1,0
E,H,E,10122,100,10122,1,0
A,F,F,5029,100,5029,1,0
B,F,F,1375,100,1375,1,0
C,F,F,7181,100,7181,1,0
D,F,F,5410,100,5410,1,0
E,F,F,5124,100,5124,1,0
F,G,F,7010,100,7010,1,0
F,H,F,5441,100,5441,1,0
A,G,G,10637,100,10637,1,0
B,G,G,7122,100,7122,1,0
C,G,G,1381,100,1381,1,0
D,G,G,8878,100,8878,1,0
E,G,G,10625,100,10625,1,0
F,G,G,7004,100,7004,1,0
G,H,G,8861,100,8861,1,0
A,H,H,9948,100,9948,1,0
B,H,H,5771,100,5771,1,0
C,H,H,8962,100,8962,1,0
D,H,H,1477,100,1477,1,0
E,H,H,10137,100,10137,1,0
F,H,H,5463,100,5463,1,0
G,H,H,8850,100,8850,1,0
A,B,A,4763,100,4763,1,0
A,C,A,10614,100,10614,1,0
A,D,A,9536,100,9536,1,0
A,E,A,1374,100,1374,1,0
A,F,A,5065,100,5065,1,0
A,G,A,10565,100,10565,1,0
A,H,A,9949,100,9949,1,0
A,B,B,4762,100,4762,1,0
B,C,B,7007,100,7007,1,0
B,D,B,5321,100,5321,1,0
B,E,B,5173,100,5173,1,0
B,F,B,1361,100,1361,1,0
B,G,B,7098,100,7098,1,0
B,H,B,5778,100,5778,1,0
A,C,C,10652,100,10652,1,0
B,C,C,7033,100,7033,1,0
C,D,C,8701,100,8701,1,0
C,E,C,10767,100,10767,1,0
C,F,C,7185,100,7185,1,0
C,G,C,1339,100,1339,1,0
C,H,C,8950,100,8950,1,0
A,D,D,9557,100,9557,1,0
B,D,D,5271,100,5271,1,0
C,D,D,8733,100,8733,1,0
D,E,D,9944,100,9944,1,0
D,F,D,5387,100,5387,1,0
D,G,D,8866,100,8866,1,0
D,H,D,1470,100,1470,1,0
A,E,E,1462,100,1462,1,0
B,E,E,5155,100,5155,1,0
C,E,E,10829,100,10829,1,0
D,E,E,9957,100,9957,1,0
E,F,E,5087,100,5087,1,0
E,G,E,10663,100,10663,1,0
E,H,E,10164,100,10164,1,0
A,F,F,5044,100,5044,1,0
B,F,F,1360,100,1360,1,0
C,F,F,7189,100,7189,1,0
D,F,F,5359,100,5359,1,0
E,F,F,5150,100,5150,1,0
F,G,F,6976,100,6976,1,0
F,H,F,5472,100,5472,1,0
A,G,G,10650,100,10650,1,0
B,G,G,7078,100,7078,1,0
C,G,G,1356,100,1356,1,0
D,G,G,8905,100,8905,1,0
E,G,G,10642,100,10642,1,0
F,G,G,6991,100,6991,1,0
G,H,G,8870,100,8870,1,0
A,H,H,9970,100,9970,1,0
B,H,H,5724,100,5724,1,0
C,H,H,8924,100,8924,1,0
D,H,H,1480,100,1480,1,0
E,H,H,10171,100,10171,1,0
F,H,H,5436,100,5436,1,0
G,H,H,8887,100,8887,1,0
A,B,A,4754,100,4754,1,0
A,C,A,10615,100,10615,1,0
A,D,A,9531,100,9531,1,0
A,E,A,1421,100,1421,1,0
A,F,A,5018,100,5018,1,0
A,G,A,10655,100,10655,1,0
A,H,A,9937,100,9937,1,0
A,B,B,4782,100,4782,1,0
B,C,B,7018,100,7018,1,0
B,D,B,5306,100,5306,1,0
B,E,B,5154,100,5154,1,0
B,F,B,1320,100,1320,1,0
B,G,B,7066,100,7066,1,0
B,H,B,5716,100,5716,1,0
A,C,C,10619,100,10619,1,0
B,C,C,7008,100,7008,1,0
C,D,C,8780,100,8780,1,0
C,E,C,10841,100,10841,1,0
C,F,C,7213,100,7213,1,0
C,G,C,1366,100,1366,1,0
C,H,C,8971,100,8971,1,0
A,D,D,9487,100,9487,1,0
B,D,D,5280,100,5280,1,0
C,D,D,8756,100,8756,1,0
D,E,D,9861,100,9861,1,0
D,F,D,5339,100,5339,1,0
D,G,D,8911,100,8911,1,0
D,H,D,1455,100,1455,1,0
A,E,E,1397,100,1397,1,0
B,E,E,5184,100,5184,1,0
C,E,E,10833,100,10833,1,0
D,E,E,9908,100,9908,1,0
E,F,E,5095,100,5095,1,0
E,G,E,10657,100,10657,1,0
E,H,E,10175,100,10175,1,0
A,F,F,5047,100,5047,1,0
B,F,F,1338,100,1338,1,0
C,F,F,7196,100,7196,1,0
D,F,F,5356,100,5356,1,0
E,F,F,5107,100,5107,1,0
F,G,F,7020,100,7020,1,0
F,H,F,5468,100,5468,1,0
A,G,G,10629,100,10629,1,0
B,G,G,7097,100,7097,1,0
C,G,G,1373,100,1373,1,0
D,G,G,8877,100,8877,1,0
E,G,G,10637,100,10637,1,0
F,G,G,6995,100,6995,1,0
G,H,G,8828,100,8828,1,0
A,H,H,9993,100,9993,1,0
B,H,H,5784,100,5784,1,0
C,H,H,8939,100,8939,1,0
D,H,H,1470,100,1470,1,0
E,H,H,10145,100,10145,1,0
F,H,H,5498,100,5498,1,0
G,H,H,8904,100,8904,1,0
A,B,A,4741,100,4741,1,0
A,C,A,10627,100,10627,1,0
A,D,A,9512,100,9512,1,0
A,E,A,1388,100,1388,1,0
A,F,A,5065,100,5065,1,0
A,G,A,10571,100,10571,1,0
A,H,A,9938,100,9938,1,0
A,B,B,4783,100,4783,1,0
B,C,B,6997,100,6997,1,0
B,D,B,5289,100,5289,1,0
B,E,B,5209,100,5209,1,0
B,F,B,1360,100,1360,1,0
B,G,B,7075,100,7075,1,0
B,H,B,5729,100,5729,1,0
A,C,C,10625,100,10625,1,0
B,C,C,7000,100,7000,1,0
C,D,C,8688,100,8688,1,0
C,E,C,10789,100,10789,1,0
C,F,C,7171,100,7171,1,0
C,G,C,1348,100,1348,1,0
C,H,C,8932,100,8932,1,0
A,D,D,9525,100,9525,1,0
B,D,D,5324,100,5324,1,0
C,D,D,8738,100,8738,1,0
D,E,D,9891,100,9891,1,0
D,F,D,5366,100,5366,1,0
D,G,D,8890,100,8890,1,0
D,H,D,1457,100,1457,1,0
A,E,E,1367,100,1367,1,0
B,E,E,5230,100,5230,1,0
C,E,E,10818,100,10818,1,0
D,E,E,9920,100,9920,1,0
E,F,E,5144,100,5144,1,0
E,G,E,10643,100,10643,1,0
E,H,E,10169,100,10169,1,0
A,F,F,5063,100,5063,1,0
B,F,F,1371,100,1371,1,0
C,F,F,7193,100,7193,1,0
D,F,F,5367,100,5367,1,0
E,F,F,5071,100,5071,1,0
F,G,F,7010,100,7010,1,0
F,H,F,5443,100,5443,1,0
A,G,G,10567,100,10567,1,0
B,G,G,7108,100,7108,1,0
C,G,G,1345,100,1345,1,0
D,G,G,8897,100,8897,1,0
E,G,G,10631,100,10631,1,0
F,G,G,6994,100,6994,1,0
G,H,G,8874,100,8874,1,0
A,H,H,9945,100,9945,1,0
B,H,H,5694,100,5694,1,0
C,H,H,8939,100,8939,1,0
D,H,H,1492,100,1492,1,0
E,H,H,10150,100,10150,1,0
F,H,H,5431,100,5431,1,0
G,H,H,8870,100,8870,1,0
A,B,A,4804,100,4804,1,0
A,C,A,10643,100,10643,1,0
A,D,A,9522,100,9522,1,0
A,E,A,1447,100,1447,1,0
A,F,A,5036,100,5036,1,0
A,G,A,10604,100,10604,1,0
A,H,A,10000,100,10000,1,0
A,B,B,4744,100,4744,1,0
B,C,B,7007,100,7007,1,0
B,D,B,5331,100,5331,1,0
B,E,B,5210,100,5210,1,0
B,F,B,1388,100,1388,1,0
B,G,B,7066,100,7066,1,0
B,H,B,5701,100,5701,1,0
A,C,C,10670,100,10670,1,0
B,C,C,7008,100,7008,1,0
C,D,C,8697,100,8697,1,0
C,E,C,10789,100,10789,1,0
C,F,C,7188,100,7188,1,0
C,G,C,1386,100,1386,1,0
C,H,C,8963,100,8963,1,0
A,D,D,9543,100,9543,1,0
B,D,D,5294,100,5294,1,0
C,D,D,8745,100,8745,1,0
D,E,D,9896,100,9896,1,0
D,F,D,5318,100,5318,1,0
D,G,D,8882,100,8882,1,0
D,H,D,1508,100,1508,1,0
A,E,E,1426,100,1426,1,0
B,E,E,5175,100,5175,1,0
C,E,E,10828,100,10828,1,0
D,E,E,9914,100,9914,1,0
E,F,E,5135,100,5135,1,0
E,G,E,10636,100,10636,1,0
E,H,E,10108,100,10108,1,0
A,F,F,5093,100,5093,1,0
B,F,F,1398,100,1398,1,0
C,F,F,7212,100,7212,1,0
D,F,F,5338,100,5338,1,0
E,F,F,5080,100,5080,1,0
F,G,F,6990,100,6990,1,0
F,H,F,5422,100,5422,1,0
A,G,G,10650,100,10650,1,0
B,G,G,7072,100,7072,1,0
C,G,G,1372,100,1372,1,0
D,G,G,8888,100,8888,1,0
E,G,G,10649,100,10649,1,0
F,G,G,7009,100,7009,1,0
G,H,G,8819,100,8819,1,0
A,H,H,9978,100,9978,1,0
B,H,H,5769,100,5769,1,0
C,H,H,8955,100,8955,1,0
D,H,H,1483,100,1483,1,0
E,H,H,10134,100,10134,1,0
F,H,H,5475,100,5475,1,0
G,H,H,8860,100,8860,1,0
A,B,A,4756,100,4756,1,0
A,C,A,10642,100,10642,1,0
A,D,A,9528,100,9528,1,0
A,E,A,1426,100,1426,1,0
A,F,A,5065,100,5065,1,0
A,G,A,10619,100,10619,1,0
A,H,A,9897,100,9897,1,0
A,B,B,4764,100,4764,1,0
B,C,B,7030,100,7030,1,0
B,D,B,5287,100,5287,1,0
B,E,B,5156,100,5156,1,0
B,F,B,1349,100,1349,1,0
B,G,B,7072,100,7072,1,0
B,H,B,5706,100,5706,1,0
A,C,C,10630,100,10630,1,0
B,C,C,6999,100,6999,1,0
C,D,C,8717,100,8717,1,0
C,E,C,10821,100,10821,1,0
C,F,C,7193,100,7193,1,0
C,G,C,1394,100,1394,1,0
C,H,C,8979,100,8979,1,0
A,D,D,9538,100,9538,1,0
B,D,D,5304,100,5304,1,0
C,D,D,8748,100,8748,1,0
D,E,D,9871,100,9871,1,0
D,F,D,5368,100,5368,1,0
D,G,D,8900,100,8900,1,0
D,H,D,1502,100,1502,1,0
A,E,E,1374,100,1374,1,0
B,E,E,5181,100,5181,1,0
C,E,E,10826,100,10826,1,0
D,E,E,9941,100,9941,1,0
E,F,E,5106,100,5106,1,0
E,G,E,10654,100,10654,1,0
E,H,E,10157,100,10157,1,0
A,F,F,5102,100,5102,1,0
B,F,F,1372,100,1372,1,0
C,F,F,7196,100,7196,1,0
D,F,F,5388,100,5388,1,0
E,F,F,5107,100,5107,1,0
F,G,F,6992,100,6992,1,0
F,H,F,5454,100,5454,1,0
A,G,G,10595,100,10595,1,0
B,G,G,7077,100,7077,1,0
C,G,G,1364,100,1364,1,0
D,G,G,8893,100,8893,1,0
E,G,G,10646,100,10646,1,0
F,G,G,7015,100,7015,1,0
G,H,G,8871,100,8871,1,0
A,H,H,9932,100,9932,1,0
B,H,H,5738,100,5738,1,0
C,H,H,8938,100,8938,1,0
D,H,H,1454,100,1454,1,0
E,H,H,10142,100,10142,1,0
F,H,H,5446,100,5446,1,0
G,H,H,8881,100,8881,1,0
A,B,A,4797,100,4797,1,0
A,C,A,10661,100,10661,1,0
A,D,A,9527,100,9527,1,0
A,E,A,1461,100,1461,1,0
A,F,A,5070,100,5070,1,0
A,G,A,10635,100,10635,1,0
A,H,A,9947,100,9947,1,0
A,B,B,4773,100,4773,1,0
B,C,B,6986,100,6986,1,0
B,D,B,5287,100,5287,1,0
B,E,B,5198,100,5198,1,0
B,F,B,1400,100,1400,1,0
B,G,B,7113,100,7113,1,0
B,H,B,5772,100,5772,1,0
A,C,C,10710,100,10710,1,0
B,C,C,7036,100,7036,1,0
C,D,C,8759,100,8759,1,0
C,E,C,10832,100,10832,1,0
C,F,C,7187,100,7187,1,0
C,G,C,1331,100,1331,1,0
C,H,C,8946,100,8946,1,0
A,D,D,9514,100,9514,1,0
B,D,D,5340,100,5340,1,0
C,D,D,8736,100,8736,1,0
D,E,D,9943,100,9943,1,0
D,F,D,5332,100,5332,1,0
D,G,D,8873,100,8873,1,0
D,H,D,1562,100,1562,1,0
A,E,E,1390,100,1390,1,0
B,E,E,5183,100,5183,1,0
C,E,E,10800,100,10800,1,0
D,E,E,9905,100,9905,1,0
E,F,E,5079,100,5079,1,0
E,G,E,10623,100,10623,1,0
E,H,E,10160,100,10160,1,0
A,F,F,5058,100,5058,1,0
B,F,F,1337,100,1337,1,0
C,F,F,7210,100,7210,1,0
D,F,F,5363,100,5363,1,0
E,F,F,5097,100,5097,1,0
F,G,F,7002,100,7002,1,0
F,H,F,5420,100,5420,1,0
A,G,G,10640,100,10640,1,0
B,G,G,7061,100,7061,1,0
C,G,G,1378,100,1378,1,0
D,G,G,8915,100,8915,1,0
E,G,G,10641,100,10641,1,0
F,G,G,7004,100,7004,1,0
G,H,G,8872,100,8872,1,0
A,H,H,9965,100,9965,1,0
B,H,H,5769,100,5769,1,0
C,H,H,8929,100,8929,1,0
D,H,H,1452,100,1452,1,0
E,H,H,10132,100,10132,1,0
F,H,H,5460,100,5460,1,0
G,H,H,8864,100,8864,1,0
A,B,A,4746,100,4746,1,0
A,C,A,10642,100,10642,1,0
A,D,A,9497,100,9497,1,0
A,E,A,1431,100,1431,1,0
A,F,A,5078,100,5078,1,0
A,G,A,10655,100,10655,1,0
A,H,A,9983,100,9983,1,0
A,B,B,4754,100,4754,1,0
B,C,B,6992,100,6992,1,0
B,D,B,5292,100,5292,1,0
B,E,B,5151,100,5151,1,0
B,F,B,1351,100,1351,1,0
B,G,B,7035,100,7035,1,0
B,H,B,5729,100,5729,1,0
A,C,C,10607,100,10607,1,0
B,C,C,7019,100,7019,1,0
C,D,C,8754,100,8754,1,0
C,E,C,10808,100,10808,1,0
C,F,C,7207,100,7207,1,0
C,G,C,1359,100,1359,1,0
C,H,C,8909,100,8909,1,0
A,D,D,9549,100,9549,1,0
B,D,D,5300,100,5300,1,0
C,D,D,8729,100,8729,1,0
D,E,D,9913,100,9913,1,0
D,F,D,5339,100,5339,1,0
D,G,D,8911,100,8911,1,0
D,H,D,1524,100,1524,1,0
A,E,E,1410,100,1410,1,0
B,E,E,5211,100,5211,1,0
C,E,E,10851,100,10851,1,0
D,E,E,9875,100,9875,1,0
E,F,E,5123,100,5123,1,0
E,G,E,10625,100,10625,1,0
E,H,E,10124,100,10124,1,0
A,F,F,5070,100,5070,1,0
B,F,F,1337,100,1337,1,0
C,F,F,7199,100,7199,1,0
D,F,F,5391,100,5391,1,0
E,F,F,5070,100,5070,1,0
F,G,F,6998,100,6998,1,0
F,H,F,5498,100,5498,1,0
A,G,G,10642,100,10642,1,0
B,G,G,7121,100,7121,1,0
C,G,G,1334,100,1334,1,0
D,G,G,8907,100,8907,1,0
E,G,G,10648,100,10648,1,0
F,G,G,7036,100,7036,1,0
G,H,G,8844,100,8844,1,0
A,H,H,9982,100,9982,1,0
B,H,H,5785,100,5785,1,0
C,H,H,8949,100,8949,1,0
D,H,H,1482,100,1482,1,0
E,H,H,10162,100,10162,1,0
F,H,H,5464,100,5464,1,0
G,H,H,8884,100,8884,1,0
A,B,A,4764,100,4764,1,0
A,C,A,10609,100,10609,1,0
A,D,A,9527,100,9527,1,0
A,E,A,1431,100,1431,1,0
A,F,A,5084,100,5084,1,0
A,G,A,10579,100,10579,1,0
A,H,A,9961,100,9961,1,0
A,B,B,4801,100,4801,1,0
B,C,B,7013,100,7013,1,0
B,D,B,5329,100,5329,1,0
B,E,B,5197,100,5197,1,0
B,F,B,1356,100,1356,1,0
B,G,B,7105,100,7105,1,0
B,H,B,5772,100,5772,1,0
A,C,C,10631,100,10631,1,0
B,C,C,7063,100,7063,1,0
C,D,C,8742,100,8742,1,0
C,E,C,10819,100,10819,1,0
C,F,C,7190,100,7190,1,0
C,G,C,1389,100,1389,1,0
C,H,C,8927,100,8927,1,0
A,D,D,9528,100,9528,1,0
B,D,D,5273,100,5273,1,0
C,D,D,8707,100,8707,1,0
D,E,D,9994,100,9994,1,0
D,F,D,5358,100,5358,1,0
D,G,D,8911,100,8911,1,0
D,H,D,1503,100,1503,1,0
A,E,E,1410,100,1410,1,0
B,E,E,5181,100,5181,1,0
C,E,E,10806,100,10806,1,0
D,E,E,9908,100,9908,1,0
E,F,E,5086,100,5086,1,0
E,G,E,10642,100,10642,1,0
E,H,E,10150,100,10150,1,0
A,F,F,5049,100,5049,1,0
B,F,F,1379,100,1379,1,0
C,F,F,7188,100,7188,1,0
D,F,F,5362,100,5362,1,0
E,F,F,5127,100,5127,1,0
F,G,F,6990,100,6990,1,0
F,H,F,5514,100,5514,1,0
A,G,G,10648,100,10648,1,0
B,G,G,7098,100,7098,1,0
C,G,G,1386,100,1386,1,0
D,G,G,8878,100,8878,1,0
E,G,G,10650,100,10650,1,0
F,G,G,6974,100,6974,1,0
G,H,G,8846,100,8846,1,0
A,H,H,9939,100,9939,1,0
B,H,H,5709,100,5709,1,0
C,H,H,8921,100,8921,1,0
D,H,H,1457,100,1457,1,0
E,H,H,10168,100,10168,1,0
F,H,H,5486,100,5486,1,0
G,H,H,8847,100,8847,1,0
A,B,A,4763,100,4763,1,0
A,C,A,10626,100,10626,1,0
A,D,A,9553,100,9553,1,0
A,E,A,1388,100,1388,1,0
A,F,A,5074,100,5074,1,0
A,G,A,10647,100,10647,1,0
A,H,A,9959,100,9959,1,0
A,B,B,4780,100,4780,1,0
B,C,B,7017,100,7017,1,0
B,D,B,5289,100,5289,1,0
B,E,B,5213,100,5213,1,0
B,F,B,1370,100,1370,1,0
B,G,B,7057,100,7057,1,0
B,H,B,5701,100,5701,1,0
A,C,C,10622,100,10622,1,0
B,C,C,7021,100,7021,1,0
C,D,C,8771,100,8771,1,0
C,E,C,10825,100,10825,1,0
C,F,C,7199,100,7199,1,0
C,G,C,1360,100,1360,1,0
C,H,C,8947,100,8947,1,0
A,D,D,9555,100,9555,1,0
B,D,D,5320,100,5320,1,0
C,D,D,8736,100,8736,1,0
D,E,D,9897,100,9897,1,0
D,F,D,5378,100,5378,1,0
D,G,D,8870,100,8870,1,0
D,H,D,1518,100,1518,1,0
A,E,E,1450,100,1450,1,0
B,E,E,5157,100,5157,1,0
C,E,E,10840,100,10840,1,0
D,E,E,9887,100,9887,1,0
E,F,E,5110,100,5110,1,0
E,G,E,10620,100,10620,1,0
E,H,E,10100,100,10100,1,0
A,F,F,5086,100,5086,1,0
B,F,F,1349,100,1349,1,0
C,F,F,7182,100,7182,1,0
D,F,F,5370,100,5370,1,0
E,F,F,5091,100,5091,1,0
F,G,F,6982,100,6982,1,0
F,H,F,5483,100,5483,1,0
A,G,G,10613,100,10613,1,0
B,G,G,7055,100,7055,1,0
C,G,G,1387,100,1387,1,0
D,G,G,8873,100,8873,1,0
E,G,G,10628,100,10628,1,0
F,G,G,6990,100,6990,1,0
G,H,G,8874,100,8874,1,0
A,H,H,9922,100,9922,1,0
B,H,H,5727,100,5727,1,0
C,H,H,8933,100,8933,1,0
D,H,H,1525,100,1525,1,0
E,H,H,10113,100,10113,1,0
F,H,H,5472,100,5472,1,0
G,H,H,8903,100,8903,1,0
A,B,A,4795,100,4795,1,0
A,C,A,10664,100,10664,1,0
A,D,A,9522,100,9522,1,0
A,E,A,1419,100,1419,1,0
A,F,A,5022,100,5022,1,0
A,G,A,10646,100,10646,1,0
A,H,A,9912,100,9912,1,0
A,B,B,4762,100,4762,1,0
B,C,B,7053,100,7053,1,0
B,D,B,5265,100,5265,1,0
B,E,B,5171,100,5171,1,0
B,F,B,1354,100,1354,1,0
B,G,B,7080,100,7080,1,0
B,H,B,5711,100,5711,1,0
A,C,C,10645,100,10645,1,0
B,C,C,7013,100,7013,1,0
C,D,C,8739,100,8739,1,0
C,E,C,10824,100,10824,1,0
C,F,C,7235,100,7235,1,0
C,G,C,1399,100,1399,1,0
C,H,C,8927,100,8927,1,0
A,D,D,9536,100,9536,1,0
B,D,D,5303,100,5303,1,0
C,D,D,8711,100,8711,1,0
D,E,D,9891,100,9891,1,0
D,F,D,5379,100,5379,1,0
D,G,D,8925,100,8925,1,0
D,H,D,1566,100,1566,1,0
A,E,E,1443,100,1443,1,0
B,E,E,5183,100,5183,1,0
C,E,E,10878,100,10878,1,0
D,E,E,9905,100,9905,1,0
E,F,E,5120,100,5120,1,0
E,G,E,10619,100,10619,1,0
E,H,E,10161,100,10161,1,0
A,F,F,5057,100,5057,1,0
B,F,F,1323,100,1323,1,0
C,F,F,7209,100,7209,1,0
D,F,F,5362,100,5362,1,0
E,F,F,5107,100,5107,1,0
F,G,F,7009,100,7009,1,0
F,H,F,5452,100,5452,1,0
A,G,G,10564,100,10564,1,0
B,G,G,7074,100,7074,1,0
C,G,G,1355,100,1355,1,0
D,G,G,8872,100,8872,1,0
E,G,G,10660,100,10660,1,0
F,G,G,6992,100,6992,1,0
G,H,G,8881,100,8881,1,0
A,H,H,9985,100,9985,1,0
B,H,H,5726,100,5726,1,0
C,H,H,8901,100,8901,1,0
D,H,H,1450,100,1450,1,0
E,H,H,10126,100,10126,1,0
F,H,H,5422,100,5422,1,0
G,H,H,8881,100,8881,1,0
A,B,A,4789,100,4789,1,0
A,C,A,10624,100,10624,1,0
A,D,A,9532,100,9532,1,0
A,E,A,1402,100,1402,1,0
A,F,A,5094,100,5094,1,0
A,G,A,10639,100,10639,1,0
A,H,A,9950,100,9950,1,0
A,B,B,4750,100,4750,1,0
B,C,B,7014,100,7014,1,0
B,D,B,5277,100,5277,1,0
B,E,B,5164,100,5164,1,0
B,F,B,1346,100,1346,1,0
B,G,B,7067,100,7067,1,0
B,H,B,5736,100,5736,1,0
A,C,C,10696,100,10696,1,0
B,C,C,7002,100,7002,1,0
C,D,C,8749,100,8749,1,0
C,E,C,10810,100,10810,1,0
C,F,C,7201,100,7201,1,0
C,G,C,1396,100,1396,1,0
C,H,C,8922,100,8922,1,0
A,D,D,9529,100,9529,1,0
B,D,D,5298,100,5298,1,0
C,D,D,8692,100,8692,1,0
D,E,D,9869,100,9869,1,0
D,F,D,5378,100,5378,1,0
D,G,D,8871,100,8871,1,0
D,H,D,1514,100,1514,1,0
A,E,E,1394,100,1394,1,0
B,E,E,5141,100,5141,1,0
C,E,E,10828,100,10828,1,0
D,E,E,9929,100,9929,1,0
E,F,E,5084,100,5084,1,0
E,G,E,10627,100,10627,1,0
E,H,E,10133,100,10133,1,0
A,F,F,5038,100,5038,1,0
B,F,F,1331,100,1331,1,0
C,F,F,7170,100,7170,1,0
D,F,F,5379,100,5379,1,0
E,F,F,5091,100,5091,1,0
F,G,F,7006,100,7006,1,0
F,H,F,5477,100,5477,1,0
A,G,G,10628,100,10628,1,0
B,G,G,7083,100,7083,1,0
C,G,G,1394,100,1394,1,0
D,G,G,8914,100,8914,1,0
E,G,G,10652,100,10652,1,0
F,G,G,7003,100,7003,1,0
G,H,G,8881,100,8881,1,0
A,H,H,9965,100,9965,1,0
B,H,H,5740,100,5740,1,0
C,H,H,8966,100,8966,1,0
D,H,H,1422,100,1422,1,0
E,H,H,10150,100,10150,1,0
F,H,H,5461,100,5461,1,0
G,H,H,8849,100,8849,1,0
A,B,A,4748,100,4748,1,0
A,C,A,10632,100,10632,1,0
A,D,A,9534,100,9534,1,0
A,E,A,1384,100,1384,1,0
A,F,A,5057,100,5057,1,0
A,G,A,10625,100,10625,1,0
A,H,A,9945,100,9945,1,0
A,B,B,4814,100,4814,1,0
B,C,B,7038,100,7038,1,0
B,D,B,5303,100,5303,1,0
B,E,B,5155,100,5155,1,0
B,F,B,1346,100,1346,1,0
B,G,B,7072,100,7072,1,0
B,H,B,5743,100,5743,1,0
A,C,C,10602,100,10602,1,0
B,C,C,7014,100,7014,1,0
C,D,C,8694,100,8694,1,0
C,E,C,10804,100,10804,1,0
C,F,C,7188,100,7188,1,0
C,G,C,1388,100,1388,1,0
C,H,C,8935,100,8935,1,0
A,D,D,9533,100,9533,1,0
B,D,D,5298,100,5298,1,0
C,D,D,8736,100,8736,1,0
D,E,D,9928,100,9928,1,0
D,F,D,5363,100,5363,1,0
D,G,D,8889,100,8889,1,0
D,H,D,1482,100,1482,1,0
A,E,E,1376,100,1376,1,0
B,E,E,5203,100,5203,1,0
C,E,E,10858,100,10858,1,0
D,E,E,9912,100,9912,1,0
E,F,E,5099,100,5099,1,0
E,G,E,10601,100,10601,1,0
E,H,E,10154,100,10154,1,0
A,F,F,5095,100,5095,1,0
B,F,F,1313,100,1313,1,0
C,F,F,7224,100,7224,1,0
D,F,F,5328,100,5328,1,0
E,F,F,5090,100,5090,1,0
F,G,F,6980,100,6980,1,0
F,H,F,5456,100,5456,1,0
A,G,G,10632,100,10632,1,0
B,G,G,7092,100,7092,1,0
C,G,G,1408,100,1408,1,0
D,G,G,8904,100,8904,1,0
E,G,G,10644,100,10644,1,0
F,G,G,6992,100,6992,1,0
G,H,G,8860,100,8860,1,0
A,H,H,9953,100,9953,1,0
B,H,H,5693,100,5693,1,0
C,H,H,8914,100,8914,1,0
D,H,H,1456,100,1456,1,0
E,H,H,10153,100,10153,1,0
F,H,H,5469,100,5469,1,0
G,H,H,8864,100,8864,1,0
A,B,A,4747,100,4747,1,0
A,C,A,10620,100,10620,1,0
A,D,A,9527,100,9527,1,0
A,E,A,1399,100,1399,1,0
A,F,A,5067,100,5067,1,0
A,G,A,10560,100,10560,1,0
A,H,A,9978,100,9978,1,0
A,B,B,4797,100,4797,1,0
B,C,B,7013,100,7013,1,0
B,D,B,5286,100,5286,1,0
B,E,B,5164,100,5164,1,0
B,F,B,1371,100,1371,1,0
B,G,B,7115,100,7115,1,0
B,H,B,5760,100,5760,1,0
A,C,C,10622,100,10622,1,0
B,C,C,6987,100,6987,1,0
C,D,C,8765,100,8765,1,0
C,E,C,10846,100,10846,1,0
C,F,C,7185,100,7185,1,0
C,G,C,1377,100,1377,1,0
C,H,C,8934,100,8934,1,0
A,D,D,9553,100,9553,1,0
B,D,D,5273,100,5273,1,0
C,D,D,8729,100,8729,1,0
D,E,D,9909,100,9909,1,0
D,F,D,5368,100,5368,1,0
D,G,D,8902,100,8902,1,0
D,H,D,1491,100,1491,1,0
A,E,E,1440,100,1440,1,0
B,E,E,5256,100,5256,1,0
C,E,E,10754,100,10754,1,0
D,E,E,9870,100,9870,1,0
E,F,E,5091,100,5091,1,0
E,G,E,10619,100,10619,1,0
E,H,E,10105,100,10105,1,0
A,F,F,5062,100,5062,1,0
B,F,F,1378,100,1378,1,0
C,F,F,7200,100,7200,1,0
D,F,F,5374,100,5374,1,0
E,F,F,5106,100,5106,1,0
F,G,F,7026,100,7026,1,0
F,H,F,5470,100,5470,1,0
A,G,G,10605,100,10605,1,0
B,G,G,7110,100,7110,1,0
C,G,G,1359,100,1359,1,0
D,G,G,8885,100,8885,1,0
E,G,G,10628,100,10628,1,0
F,G,G,7007,100,7007,1,0
G,H,G,8871,100,8871,1,0
A,H,H,9944,100,9944,1,0
B,H,H,5744,100,5744,1,0
C,H,H,8955,100,8955,1,0
D,H,H,1493,100,1493,1,0
E,H,H,10184,100,10184,1,0
F,H,H,5449,100,5449,1,0
G,H,H,8870,100,8870,1,0
A,B,A,4804,100,4804,1,0
A,C,A,10615,100,10615,1,0
A,D,A,9561,100,9561,1,0
A,E,A,1448,100,1448,1,0
A,F,A,5064,100,5064,1,0
A,G,A,10648,100,10648,1,0
A,H,A,9958,100,9958,1,0
A,B,B,4818,100,4818,1,0
B,C,B,7028,100,7028,1,0
B,D,B,5277,100,5277,1,0
B,E,B,5200,100,5200,1,0
B,F,B,1328,100,1328,1,0
B,G,B,7103,100,7103,1,0
B,H,B,5736,100,5736,1,0
A,C,C,10589,100,10589,1,0
B,C,C,7019,100,7019,1,0
C,D,C,8716,100,8716,1,0
C,E,C,10812,100,10812,1,0
C,F,C,7214,100,7214,1,0
C,G,C,1388,100,1388,1,0
C,H,C,8919,100,8919,1,0
A,D,D,9520,100,9520,1,0
B,D,D,5294,100,5294,1,0
C,D,D,8761,100,8761,1,0
D,E,D,9965,100,9965,1,0
D,F,D,5355,100,5355,1,0
D,G,D,8884,100,8884,1,0
D,H,D,1440,100,1440,1,0
A,E,E,1447,100,1447,1,0
B,E,E,5175,100,5175,1,0
C,E,E,10817,100,10817,1,0
D,E,E,9912,100,9912,1,0
E,F,E,5153,100,5153,1,0
E,G,E,10638,100,10638,1,0
E,H,E,10106,100,10106,1,0
A,F,F,5104,100,5104,1,0
B,F,F,1358,100,1358,1,0
C,F,F,7204,100,7204,1,0
D,F,F,5353,100,5353,1,0
E,F,F,5126,100,5126,1,0
F,G,F,7008,100,7008,1,0
F,H,F,5396,100,5396,1,0
A,G,G,10644,100,10644,1,0
B,G,G,7076,100,7076,1,0
C,G,G,1367,100,1367,1,0
D,G,G,8883,100,8883,1,0
E,G,G,10642,100,10642,1,0
F,G,G,7009,100,7009,1,0
G,H,G,8884,100,8884,1,0
A,H,H,9985,100,9985,1,0
B,H,H,5744,100,5744,1,0
C,H,H,8886,100,8886,1,0
D,H,H,1446,100,1446,1,0
E,H,H,10148,100,10148,1,0
F,H,H,5426,100,5426,1,0
G,H,H,8883,100,8883,1,0
A,B,A,4808,100,4808,1,0
A,C,A,10612,100,10612,1,0
A,D,A,9538,100,9538,1,0
A,E,A,1389,100,1389,1,0
A,F,A,5084,100,5084,1,0
A,G,A,10587,100,10587,1,0
A,H,A,9911,100,9911,1,0
A,B,B,4761,100,4761,1,0
B,C,B,7002,100,7002,1,0
B,D,B,5283,100,5283,1,0
B,E,B,5186,100,5186,1,0
B,F,B,1357,100,1357,1,0
B,G,B,7074,100,7074,1,0
B,H,B,5714,100,5714,1,0
A,C,C,10613,100,10613,1,0
B,C,C,6995,100,6995,1,0
C,D,C,8744,100,8744,1,0
C,E,C,10818,100,10818,1,0
C,F,C,7222,100,7222,1,0
C,G,C,1331,100,1331,1,0
C,H,C,8964,100,8964,1,0
A,D,D,9518,100,9518,1,0
B,D,D,5264,100,5264,1,0
C,D,D,8767,100,8767,1,0
D,E,D,9882,100,9882,1,0
D,F,D,5327,100,5327,1,0
D,G,D,8856,100,8856,1,0
D,H,D,1492,100,1492,1,0
A,E,E,1416,100,1416,1,0
B,E,E,5195,100,5195,1,0
C,E,E,10823,100,10823,1,0
D,E,E,9927,100,9927,1,0
E,F,E,5115,100,5115,1,0
E,G,E,10636,100,10636,1,0
E,H,E,10139,100,10139,1,0
A,F,F,5068,100,5068,1,0
B,F,F,1351,100,1351,1,0
C,F,F,7187,100,7187,1,0
D,F,F,5332,100,5332,1,0
E,F,F,5086,100,5086,1,0
F,G,F,6988,100,6988,1,0
F,H,F,5495,100,5495,1,0
A,G,G,10562,100,10562,1,0
B,G,G,7088,100,7088,1,0
C,G,G,1381,100,1381,1,0
D,G,G,8876,100,8876,1,0
E,G,G,10641,100,10641,1,0
F,G,G,6975,100,6975,1,0
G,H,G,8829,100,8829,1,0
A,H,H,9945,100,9945,1,0
B,H,H,5731,100,5731,1,0
C,H,H,8932,100,8932,1,0
D,H,H,1492,100,1492,1,0
E,H,H,10138,100,10138,1,0
F,H,H,5440,100,5440,1,0
G,H,H,8862,100,8862,1,0
A,B,A,4763,100,4763,1,0
A,C,A,10653,100,10653,1,0
A,D,A,9543,100,9543,1,0
A,E,A,1407,100,1407,1,0
A,F,A,5052,100,5052,1,0
A,G,A,10613,100,10613,1,0
A,H,A,9968,100,9968,1,0
A,B,B,4738,100,4738,1,0
B,C,B,7038,100,7038,1,0
B,D,B,5293,100,5293,1,0
B,E,B,5171,100,5171,1,0
B,F,B,1396,100,1396,1,0
B,G,B,7114,100,7114,1,0
B,H,B,5705,100,5705,1,0
A,C,C,10617,100,10617,1,0
B,C,C,7030,100,7030,1,0
C,D,C,8743,100,8743,1,0
C,E,C,10788,100,10788,1,0
C,F,C,7187,100,7187,1,0
C,G,C,1334,100,1334,1,0
C,H,C,8938,100,8938,1,0
A,D,D,9560,100,9560,1,0
B,D,D,5284,100,5284,1,0
C,D,D,8756,100,8756,1,0
D,E,D,9943,100,9943,1,0
D,F,D,5351,100,5351,1,0
D,G,D,8877,100,8877,1,0
D,H,D,1504,100,1504,1,0
A,E,E,1463,100,1463,1,0
B,E,E,5177,100,5177,1,0
C,E,E,10820,100,10820,1,0
D,E,E,9971,100,9971,1,0
E,F,E,5116,100,5116,1,0
E,G,E,10642,100,10642,1,0
E,H,E,10168,100,10168,1,0
A,F,F,5037,100,5037,1,0
B,F,F,1324,100,1324,1,0
C,F,F,7214,100,7214,1,0
D,F,F,5388,100,5388,1,0
E,F,F,5083,100,5083,1,0
F,G,F,6984,100,6984,1,0
F,H,F,5438,100,5438,1,0
A,G,G,10622,100,10622,1,0
B,G,G,7073,100,7073,1,0
C,G,G,1370,100,1370,1,0
D,G,G,8912,100,8912,1,0
E,G,G,10672,100,10672,1,0
F,G,G,7015,100,7015,1,0
G,H,G,8891,100,8891,1,0
A,H,H,9976,100,9976,1,0
B,H,H,5781,100,5781,1,0
C,H,H,8947,100,8947,1,0
D,H,H,1557,100,1557,1,0
E,H,H,10107,100,10107,1,0
F,H,H,5463,100,5463,1,0
G,H,H,8850,100,8850,1,0
A,B,A,4771,100,4771,1,0
A,C,A,10659,100,10659,1,0
A,D,A,9536,100,9536,1,0
A,E,A,1371,100,1371,1,0
A,F,A,5098,100,5098,1,0
A,G,A,10635,100,10635,1,0
A,H,A,9942,100,9942,1,0
A,B,B,4784,100,4784,1,0
B,C,B,6978,100,6978,1,0
B,D,B,5288,100,5288,1,0
B,E,B,5204,100,5204,1,0
B,F,B,1330,100,1330,1,0
B,G,B,7087,100,7087,1,0
B,H,B,5734,100,5734,1,0
A,C,C,10610,100,10610,1,0
B,C,C,6993,100,6993,1,0
C,D,C,8714,100,8714,1,0
C,E,C,10823,100,10823,1,0
C,F,C,7191,100,7191,1,0
C,G,C,1354,100,1354,1,0
C,H,C,9007,100,9007,1,0
A,D,D,9544,100,9544,1,0
B,D,D,5320,100,5320,1,0
C,D,D,8750,100,8750,1,0
D,E,D,9929,100,9929,1,0
D,F,D,5363,100,5363,1,0
D,G,D,8888,100,8888,1,0
D,H,D,1541,100,1541,1,0
A,E,E,1376,100,1376,1,0
B,E,E,5203,100,5203,1,0
C,E,E,10824,100,10824,1,0
D,E,E,9852,100,9852,1,0
E,F,E,5096,100,5096,1,0
E,G,E,10625,100,10625,1,0
E,H,E,10122,100,10122,1,0
A,F,F,5057,100,5057,1,0
B,F,F,1335,100,1335,1,0
C,F,F,7181,100,7181,1,0
D,F,F,5375,100,5375,1,0
E,F,F,5123,100,5123,1,0
F,G,F,6984,100,6984,1,0
F,H,F,5463,100,5463,1,0
A,G,G,10640,100,10640,1,0
B,G,G,7068,100,7068,1,0
C,G,G,1376,100,1376,1,0
D,G,G,8888,100,8888,1,0
E,G,G,10591,100,10591,1,0
F,G,G,6980,100,6980,1,0
G,H,G,8839,100,8839,1,0
A,H,H,9990,100,9990,1,0
B,H,H,5753,100,5753,1,0
C,H,H,8929,100,8929,1,0
D,H,H,1501,100,1501,1,0
E,H,H,10133,100,10133,1,0
F,H,H,5425,100,5425,1,0
G,H,H,8831,100,8831,1,0
A,B,A,4808,100,4808,1,0
A,C,A,10584,100,10584,1,0
A,D,A,9515,100,9515,1,0
A,E,A,1442,100,1442,1,0
A,F,A,5068,100,5068,1,0
A,G,A,10551,100,10551,1,0
A,H,A,9956,100,9956,1,0
A,B,B,4800,100,4800,1,0
B,C,B,7011,100,7011,1,0
B,D,B,5303,100,5303,1,0
B,E,B,5210,100,5210,1,0
B,F,B,1384,100,1384,1,0
B,G,B,7091,100,7091,1,0
B,H,B,5738,100,5738,1,0
A,C,C,10659,100,10659,1,0
B,C,C,7012,100,7012,1,0
C,D,C,8741,100,8741,1,0
C,E,C,10855,100,10855,1,0
C,F,C,7178,100,7178,1,0
C,G,C,1394,100,1394,1,0
C,H,C,8900,100,8900,1,0
A,D,D,9542,100,9542,1,0
B,D,D,5246,100,5246,1,0
C,D,D,8697,100,8697,1,0
D,E,D,9880,100,9880,1,0
D,F,D,5394,100,5394,1,0
D,G,D,8915,100,8915,1,0
D,H,D,1452,100,1452,1,0
A,E,E,1408,100,1408,1,0
B,E,E,5154,100,5154,1,0
C,E,E,10809,100,10809,1,0
D,E,E,9978,100,9978,1,0
E,F,E,5106,100,5106,1,0
E,G,E,10622,100,10622,1,0
E,H,E,10137,100,10137,1,0
A,F,F,5010,100,5010,1,0
B,F,F,1351,100,1351,1,0
C,F,F,7196,100,7196,1,0
D,F,F,5368,100,5368,1,0
E,F,F,5145,100,5145,1,0
F,G,F,6990,100,6990,1,0
F,H,F,5434,100,5434,1,0
A,G,G,10657,100,10657,1,0
B,G,G,7079,100,7079,1,0
C,G,G,1407,100,1407,1,0
D,G,G,8854,100,8854,1,0
E,G,G,10641,100,10641,1,0
F,G,G,6986,100,6986,1,0
G,H,G,8841,100,8841,1,0
A,H,H,9983,100,9983,1,0
B,H,H,5738,100,5738,1,0
C,H,H,8957,100,8957,1,0
D,H,H,1468,100,1468,1,0
E,H,H,10160,100,10160,1,0
F,H,H,5418,100,5418,1,0
G,H,H,8886,100,8886,1,0
A,B,A,4765,100,4765,1,0
A,C,A,10600,100,10600,1,0
A,D,A,9529,100,9529,1,0
A,E,A,1435,100,1435,1,0
A,F,A,5087,100,5087,1,0
A,G,A,10597,100,10597,1,0
A,H,A,9940,100,9940,1,0
A,B,B,4770,100,4770,1,0
B,C,B,6969,100,6969,1,0
B,D,B,5282,100,5282,1,0
B,E,B,5196,100,5196,1,0
B,F,B,1360,100,1360,1,0
B,G,B,7083,100,7083,1,0
B,H,B,5703,100,5703,1,0
A,C,C,10638,100,10638,1,0
B,C,C,7030,100,7030,1,0
C,D,C,8746,100,8746,1,0
C,E,C,10818,100,10818,1,0
C,F,C,7202,100,7202,1,0
C,G,C,1379,100,1379,1,0
C,H,C,8948,100,8948,1,0
A,D,D,9527,100,9527,1,0
B,D,D,5303,100,5303,1,0
C,D,D,8735,100,8735,1,0
D,E,D,9992,100,9992,1,0
D,F,D,5364,100,5364,1,0
D,G,D,8909,100,8909,1,0
D,H,D,1507,100,1507,1,0
A,E,E,1373,100,1373,1,0
B,E,E,5190,100,5190,1,0
C,E,E,10815,100,10815,1,0
D,E,E,9930,100,9930,1,0
E,F,E,5098,100,5098,1,0
E,G,E,10660,100,10660,1,0
E,H,E,10178,100,10178,1,0
A,F,F,5050,100,5050,1,0
B,F,F,1366,100,1366,1,0
C,F,F,7183,100,7183,1,0
D,F,F,5367,100,5367,1,0
E,F,F,5112,100,5112,1,0
F,G,F,7006,100,7006,1,0
F,H,F,5454,100,5454,1,0
A,G,G,10638,100,10638,1,0
B,G,G,7028,100,7028,1,0
C,G,G,1335,100,1335,1,0
D,G,G,8897,100,8897,1,0
E,G,G,10658,100,10658,1,0
F,G,G,7002,100,7002,1,0
G,H,G,8841,100,8841,1,0
A,H,H,9947,100,9947,1,0
B,H,H,5690,100,5690,1,0
C,H,H,8938,100,8938,1,0
D,H,H,1541,100,1541,1,0
E,H,H,10145,100,10145,1,0
F,H,H,5485,100,5485,1,0
G,H,H,8855,100,8855,1,0
A,B,A,4749,100,4749,1,0
A,C,A,10611,100,10611,1,0
A,D,A,9555,100,9555,1,0
A,E,A,1391,100,1391,1,0
A,F,A,5030,100,5030,1,0
A,G,A,10636,100,10636,1,0
A,H,A,9959,100,9959,1,0
A,B,B,4768,100,4768,1,0
B,C,B,7047,100,7047,1,0
B,D,B,5294,100,5294,1,0
B,E,B,5203,100,5203,1,0
B,F,B,1359,100,1359,1,0
B,G,B,7077,100,7077,1,0
B,H,B,5771,100,5771,1,0
A,C,C,10653,100,10653,1,0
B,C,C,7024,100,7024,1,0
C,D,C,8721,100,8721,1,0
C,E,C,10833,100,10833,1,0
C,F,C,7183,100,7183,1,0
C,G,C,1367,100,1367,1,0
C,H,C,8895,100,8895,1,0
A,D,D,9535,100,9535,1,0
B,D,D,5351,100,5351,1,0
C,D,D,8729,100,8729,1,0
D,E,D,9911,100,9911,1,0
D,F,D,5349,100,5349,1,0
D,G,D,8843,100,8843,1,0
D,H,D,1445,100,1445,1,0
A,E,E,1448,100,1448,1,0
B,E,E,5160,100,5160,1,0
C,E,E,10832,100,10832,1,0
D,E,E,9905,100,9905,1,0
E,F,E,5123,100,5123,1,0
E,G,E,10648,100,10648,1,0
E,H,E,10135,100,10135,1,0
A,F,F,5070,100,5070,1,0
B,F,F,1320,100,1320,1,0
C,F,F,7192,100,7192,1,0
D,F,F,5376,100,5376,1,0
E,F,F,5118,100,5118,1,0
F,G,F,6993,100,6993,1,0
F,H,F,5434,100,5434,1,0
A,G,G,10620,100,10620,1,0
B,G,G,7112,100,7112,1,0
C,G,G,1397,100,1397,1,0
D,G,G,8934,100,8934,1,0
E,G,G,10660,100,10660,1,0
F,G,G,7013,100,7013,1,0
G,H,G,8893,100,8893,1,0
A,H,H,9954,100,9954,1,0
B,H,H,5745,100,5745,1,0
C,H,H,8919,100,8919,1,0
D,H,H,1517,100,1517,1,0
E,H,H,10143,100,10143,1,0
F,H,H,5425,100,5425,1,0
G,H,H,8854,100,8854,1,0
A,B,A,4747,100,4747,1,0
A,C,A,10602,100,10602,1,0
A,D,A,9529,100,9529,1,0
A,E,A,1407,100,1407,1,0
A,F,A,5074,100,5074,1,0
A,G,A,10624,100,10624,1,0
A,H,A,9934,100,9934,1,0
A,B,B,4762,100,4762,1,0
B,C,B,7004,100,7004,1,0
B,D,B,5299,100,5299,1,0
B,E,B,5204,100,5204,1,0
B,F,B,1341,100,1341,1,0
B,G,B,7100,100,7100,1,0
B,H,B,5772,100,5772,1,0
A,C,C,10634,100,10634,1,0
B,C,C,6997,100,6997,1,0
C,D,C,8711,100,8711,1,0
C,E,C,10814,100,10814,1,0
C,F,C,7159,100,7159,1,0
C,G,C,1360,100,1360,1,0
C,H,C,8971,100,8971,1,0
A,D,D,9535,100,9535,1,0
B,D,D,5276,100,5276,1,0
C,D,D,8744,100,8744,1,0
D,E,D,9855,100,9855,1,0
D,F,D,5358,100,5358,1,0
D,G,D,8907,100,8907,1,0
D,H,D,1433,100,1433,1,0
A,E,E,1426,100,1426,1,0
B,E,E,5141,100,5141,1,0
C,E,E,10868,100,10868,1,0
D,E,E,9930,100,9930,1,0
E,F,E,5090,100,5090,1,0
E,G,E,10635,100,10635,1,0
E,H,E,10148,100,10148,1,0
A,F,F,5087,100,5087,1,0
B,F,F,1351,100,1351,1,0
C,F,F,7192,100,7192,1,0
D,F,F,5369,100,5369,1,0
E,F,F,5109,100,5109,1,0
F,G,F,7014,100,7014,1,0
F,H,F,5496,100,5496,1,0
A,G,G,10653,100,10653,1,0
B,G,G,7020,100,7020,1,0
C,G,G,1424,100,1424,1,0
D,G,G,8880,100,8880,1,0
E,G,G,10643,100,10643,1,0
F,G,G,7001,100,7001,1,0
G,H,G,8846,100,8846,1,0
A,H,H,9976,100,9976,1,0
B,H,H,5705,100,5705,1,0
C,H,H,8920,100,8920,1,0
D,H,H,1493,100,1493,1,0
E,H,H,10101,100,10101,1,0
F,H,H,5419,100,5419,1,0
G,H,H,8821,100,8821,1,0
A,B,A,4810,100,4810,1,0
A,C,A,10661,100,10661,1,0
A,D,A,9530,100,9530,1,0
A,E,A,1361,100,1361,1,0
A,F,A,5060,100,5060,1,0
A,G,A,10669,100,10669,1,0
A,H,A,9951,100,9951,1,0
A,B,B,4788,100,4788,1,0
B,C,B,7005,100,7005,1,0
B,D,B,5265,100,5265,1,0
B,E,B,5201,100,5201,1,0
B,F,B,1371,100,1371,1,0
B,G,B,7079,100,7079,1,0
B,H,B,5723,100,5723,1,0
A,C,C,10681,100,10681,1,0
B,C,C,7002,100,7002,1,0
C,D,C,8721,100,8721,1,0
C,E,C,10792,100,10792,1,0
C,F,C,7195,100,7195,1,0
C,G,C,1388,100,1388,1,0
C,H,C,8966,100,8966,1,0
A,D,D,9502,100,9502,1,0
B,D,D,5251,100,5251,1,0
C,D,D,8756,100,8756,1,0
D,E,D,9910,100,9910,1,0
D,F,D,5369,100,5369,1,0
D,G,D,8880,100,8880,1,0
D,H,D,1515,100,1515,1,0
A,E,E,1436,100,1436,1,0
B,E,E,5151,100,5151,1,0
C,E,E,10808,100,10808,1,0
D,E,E,9902,100,9902,1,0
E,F,E,5089,100,5089,1,0
E,G,E,10640,100,10640,1,0
E,H,E,10174,100,10174,1,0
A,F,F,5039,100,5039,1,0
B,F,F,1357,100,1357,1,0
C,F,F,7212,100,7212,1,0
D,F,F,5333,100,5333,1,0
E,F,F,5101,100,5101,1,0
F,G,F,7020,100,7020,1,0
F,H,F,5478,100,5478,1,0
A,G,G,10541,100,10541,1,0
B,G,G,7088,100,7088,1,0
C,G,G,1370,100,1370,1,0
D,G,G,8906,100,8906,1,0
E,G,G,10624,100,10624,1,0
F,G,G,7003,100,7003,1,0
G,H,G,8838,100,8838,1,0
A,H,H,9932,100,9932,1,0
B,H,H,5747,100,5747,1,0
C,H,H,8896,100,8896,1,0
D,H,H,1431,100,1431,1,0
E,H,H,10162,100,10162,1,0
F,H,H,5431,100,5431,1,0
G,H,H,8840,100,8840,1,0
A,B,A,4740,100,4740,1,0
A,C,A,10624,100,10624,1,0
A,D,A,9536,100,9536,1,0
A,E,A,1431,100,1431,1,0
A,F,A,5025,100,5025,1,0
A,G,A,10664,100,10664,1,0
A,H,A,9897,100,9897,1,0
A,B,B,4762,100,4762,1,0
B,C,B,7039,100,7039,1,0
B,D,B,5307,100,5307,1,0
B,E,B,5195,100,5195,1,0
B,F,B,1377,100,1377,1,0
B,G,B,7100,100,7100,1,0
B,H,B,5702,100,5702,1,0
A,C,C,10644,100,10644,1,0
B,C,C,7015,100,7015,1,0
C,D,C,8749,100,8749,1,0
C,E,C,10810,100,10810,1,0
C,F,C,7188,100,7188,1,0
C,G,C,1360,100,1360,1,0
C,H,C,8909,100,8909,1,0
A,D,D,9556,100,9556,1,0
B,D,D,5301,100,5301,1,0
C,D,D,8727,100,8727,1,0
D,E,D,9898,100,9898,1,0
D,F,D,5349,100,5349,1,0
D,G,D,8909,100,8909,1,0
D,H,D,1573,100,1573,1,0
A,E,E,1453,100,1453,1,0
B,E,E,5177,100,5177,1,0
C,E,E,10828,100,10828,1,0
D,E,E,9971,100,9971,1,0
E,F,E,5110,100,5110,1,0
E,G,E,10621,100,10621,1,0
E,H,E,10140,100,10140,1,0
A,F,F,5097,100,5097,1,0
B,F,F,1320,100,1320,1,0
C,F,F,7184,100,7184,1,0
D,F,F,5323,100,5323,1,0
E,F,F,5123,100,5123,1,0
F,G,F,7010,100,7010,1,0
F,H,F,5507,100,5507,1,0
A,G,G,10663,100,10663,1,0
B,G,G,7073,100,7073,1,0
C,G,G,1366,100,1366,1,0
D,G,G,8857,100,8857,1,0
E,G,G,10613,100,10613,1,0
F,G,G,6992,100,6992,1,0
G,H,G,8866,100,8866,1,0
A,H,H,9962,100,9962,1,0
B,H,H,5736,100,5736,1,0
C,H,H,8960,100,8960,1,0
D,H,H,1464,100,1464,1,0
E,H,H,10130,100,10130,1,0
F,H,H,5437,100,5437,1,0
G,H,H,8847,100,8847,1,0
A,B,A,4789,100,4789,1,0
A,C,A,10616,100,10616,1,0
A,D,A,9543,100,9543,1,0
A,E,A,1406,100,1406,1,0
A,F,A,5021,100,5021,1,0
A,G,A,10623,100,10623,1,0
A,H,A,9937,100,9937,1,0
A,B,B,4797,100,4797,1,0
B,C,B,7000,100,7000,1,0
B,D,B,5296,100,5296,1,0
B,E,B,5195,100,5195,1,0
B,F,B,1382,100,1382,1,0
B,G,B,7077,100,7077,1,0
B,H,B,5775,100,5775,1,0
A,C,C,10631,100,10631,1,0
B,C,C,7005,100,7005,1,0
C,D,C,8770,100,8770,1,0
C,E,C,10774,100,10774,1,0
C,F,C,7186,100,7186,1,0
C,G,C,1400,100,1400,1,0
C,H,C,8983,100,8983,1,0
A,D,D,9538,100,9538,1,0
B,D,D,5313,100,5313,1,0
C,D,D,8721,100,8721,1,0
D,E,D,9923,100,9923,1,0
D,F,D,5388,100,5388,1,0
D,G,D,8920,100,8920,1,0
D,H,D,1529,100,1529,1,0
A,E,E,1467,100,1467,1,0
B,E,E,5205,100,5205,1,0
C,E,E,10819,100,10819,1,0
D,E,E,9988,100,9988,1,0
E,F,E,5116,100,5116,1,0
E,G,E,10629,100,10629,1,0
E,H,E,10119,100,10119,1,0
A,F,F,5034,100,5034,1,0
B,F,F,1359,100,1359,1,0
C,F,F,7198,100,7198,1,0
D,F,F,5386,100,5386,1,0
E,F,F,5106,100,5106,1,0
F,G,F,7005,100,7005,1,0
F,H,F,5415,100,5415,1,0
A,G,G,10617,100,10617,1,0
B,G,G,7093,100,7093,1,0
C,G,G,1428,100,1428,1,0
D,G,G,8872,100,8872,1,0
E,G,G,10629,100,10629,1,0
F,G,G,7017,100,7017,1,0
G,H,G,8832,100,8832,1,0
A,H,H,9951,100,9951,1,0
B,H,H,5706,100,5706,1,0
C,H,H,8928,100,8928,1,0
D,H,H,1535,100,1535,1,0
E,H,H,10155,100,10155,1,0
F,H,H,5433,100,5433,1,0
G,H,H,8857,100,8857,1,0
A,B,A,4769,100,4769,1,0
A,C,A,10669,100,10669,1,0
A,D,A,9529,100,9529,1,0
A,E,A,1388,100,1388,1,0
A,F,A,5065,100,5065,1,0
A,G,A,10623,100,10623,1,0
A,H,A,9944,100,9944,1,0
A,B,B,4786,100,4786,1,0
B,C,B,6991,100,6991,1,0
B,D,B,5307,100,5307,1,0
B,E,B,5215,100,5215,1,0
B,F,B,1333,100,1333,1,0
B,G,B,7035,100,7035,1,0
B,H,B,5764,100,5764,1,0
A,C,C,10609,100,10609,1,0
B,C,C,7019,100,7019,1,0
C,D,C,8742,100,8742,1,0
C,E,C,10788,100,10788,1,0
C,F,C,7194,100,7194,1,0
C,G,C,1385,100,1385,1,0
C,H,C,8912,100,8912,1,0
A,D,D,9523,100,9523,1,0
B,D,D,5306,100,5306,1,0
C,D,D,8760,100,8760,1,0
D,E,D,9876,100,9876,1,0
D,F,D,5347,100,5347,1,0
D,G,D,8869,100,8869,1,0
D,H,D,1573,100,1573,1,0
A,E,E,1385,100,1385,1,0
B,E,E,5182,100,5182,1,0
C,E,E,10820,100,10820,1,0
D,E,E,9937,100,9937,1,0
E,F,E,5064,100,5064,1,0
E,G,E,10633,100,10633,1,0
E,H,E,10122,100,10122,1,0
A,F,F,5018,100,5018,1,0
B,F,F,1320,100,1320,1,0
C,F,F,7191,100,7191,1,0
D,F,F,5323,100,5323,1,0
E,F,F,5080,100,5080,1,0
F,G,F,7008,100,7008,1,0
F,H,F,5459,100,5459,1,0
A,G,G,10608,100,10608,1,0
B,G,G,7076,100,7076,1,0
C,G,G,1340,100,1340,1,0
D,G,G,8888,100,8888,1,0
E,G,G,10599,100,10599,1,0
F,G,G,7001,100,7001,1,0
G,H,G,8891,100,8891,1,0
A,H,H,9904,100,9904,1,0
B,H,H,5752,100,5752,1,0
C,H,H,8922,100,8922,1,0
D,H,H,1496,100,1496,1,0
E,H,H,10115,100,10115,1,0
F,H,H,5418,100,5418,1,0
G,H,H,8894,100,8894,1,0
A,B,A,4727,100,4727,1,0
A,C,A,10706,100,10706,1,0
A,D,A,9521,100,9521,1,0
A,E,A,1451,100,1451,1,0
A,F,A,5070,100,5070,1,0
A,G,A,10647,100,10647,1,0
A,H,A,9996,100,9996,1,0
A,B,B,4769,100,4769,1,0
B,C,B,6982,100,6982,1,0
B,D,B,5276,100,5276,1,0
B,E,B,5201,100,5201,1,0
B,F,B,1391,100,1391,1,0
B,G,B,7074,100,7074,1,0
B,H,B,5769,100,5769,1,0
A,C,C,10616,100,10616,1,0
B,C,C,7010,100,7010,1,0
C,D,C,8766,100,8766,1,0
C,E,C,10815,100,10815,1,0
C,F,C,7200,100,7200,1,0
C,G,C,1361,100,1361,1,0
C,H,C,8940,100,8940,1,0
A,D,D,9541,100,9541,1,0
B,D,D,5248,100,5248,1,0
C,D,D,8762,100,8762,1,0
D,E,D,9942,100,9942,1,0
D,F,D,5341,100,5341,1,0
D,G,D,8897,100,8897,1,0
D,H,D,1544,100,1544,1,0
A,E,E,1447,100,1447,1,0
B,E,E,5185,100,5185,1,0
C,E,E,10796,100,10796,1,0
D,E,E,9998,100,9998,1,0
E,F,E,5093,100,5093,1,0
E,G,E,10626,100,10626,1,0
E,H,E,10168,100,10168,1,0
A,F,F,5060,100,5060,1,0
B,F,F,1332,100,1332,1,0
C,F,F,7176,100,7176,1,0
D,F,F,5388,100,5388,1,0
E,F,F,5117,100,5117,1,0
F,G,F,7024,100,7024,1,0
F,H,F,5476,100,5476,1,0
A,G,G,10612,100,10612,1,0
B,G,G,7063,100,7063,1,0
C,G,G,1384,100,1384,1,0
D,G,G,8886,100,8886,1,0
E,G,G,10620,100,10620,1,0
F,G,G,6980,100,6980,1,0
G,H,G,8863,100,8863,1,0
A,H,H,9930,100,9930,1,0
B,H,H,5736,100,5736,1,0
C,H,H,8963,100,8963,1,0
D,H,H,1517,100,1517,1,0
E,H,H,10141,100,10141,1,0
F,H,H,5455,100,5455,1,0
G,H,H,8878,100,8878,1,0
A,B,A,4780,100,4780,1,0
A,C,A,10621,100,10621,1,0
A,D,A,9526,100,9526,1,0
A,E,A,1361,100,1361,1,0
A,F,A,5026,100,5026,1,0
A,G,A,10593,100,10593,1,0
A,H,A,9942,100,9942,1,0
A,B,B,4746,100,4746,1,0
B,C,B,7014,100,7014,1,0
B,D,B,5299,100,5299,1,0
B,E,B,5167,100,5167,1,0
B,F,B,1332,100,1332,1,0
B,G,B,7086,100,7086,1,0
B,H,B,5771,100,5771,1,0
A,C,C,10610,100,10610,1,0
B,C,C,7044,100,7044,1,0
C,D,C,8744,100,8744,1,0
C,E,C,10840,100,10840,1,0
C,F,C,7207,100,7207,1,0
C,G,C,1372,100,1372,1,0
C,H,C,8920,100,8920,1,0
A,D,D,9555,100,9555,1,0
B,D,D,5258,100,5258,1,0
C,D,D,8754,100,8754,1,0
D,E,D,9923,100,9923,1,0
D,F,D,5372,100,5372,1,0
D,G,D,8928,100,8928,1,0
D,H,D,1479,100,1479,1,0
A,E,E,1470,100,1470,1,0
B,E,E,5183,100,5183,1,0
C,E,E,10845,100,10845,1,0
D,E,E,9844,100,9844,1,0
E,F,E,5101,100,5101,1,0
E,G,E,10619,100,10619,1,0
E,H,E,10164,100,10164,1,0
A,F,F,5030,100,5030,1,0
B,F,F,1363,100,1363,1,0
C,F,F,7200,100,7200,1,0
D,F,F,5349,100,5349,1,0
E,F,F,5120,100,5120,1,0
F,G,F,6991,100,6991,1,0
F,H,F,5500,100,5500,1,0
A,G,G,10608,100,10608,1,0
B,G,G,7073,100,7073,1,0
C,G,G,1411,100,1411,1,0
D,G,G,8886,100,8886,1,0
E,G,G,10621,100,10621,1,0
F,G,G,6981,100,6981,1,0
G,H,G,8852,100,8852,1,0
A,H,H,10010,100,10010,1,0
B,H,H,5743,100,5743,1,0
C,H,H,8891,100,8891,1,0
D,H,H,1494,100,1494,1,0
E,H,H,10147,100,10147,1,0
F,H,H,5458,100,5458,1,0
G,H,H,8860,100,8860,1,0
A,B,A,4812,100,4812,1,0
A,C,A,10637,100,10637,1,0
A,D,A,9537,100,9537,1,0
A,E,A,1403,100,1403,1,0
A,F,A,5044,100,5044,1,0
A,G,A,10602,100,10602,1,0
A,H,A,9928,100,9928,1,0
A,B,B,4783,100,4783,1,0
B,C,B,7008,100,7008,1,0
B,D,B,5290,100,5290,1,0
B,E,B,5150,100,5150,1,0
B,F,B,1356,100,1356,1,0
B,G,B,7097,100,7097,1,0
B,H,B,5765,100,5765,1,0
A,C,C,10680,100,10680,1,0
B,C,C,7013,100,7013,1,0
C,D,C,8715,100,8715,1,0
C,E,C,10866,100,10866,1,0
C,F,C,7204,100,7204,1,0
C,G,C,1326,100,1326,1,0
C,H,C,8914,100,8914,1,0
A,D,D,9543,100,9543,1,0
B,D,D,5282,100,5282,1,0
C,D,D,8754,100,8754,1,0
D,E,D,9932,100,9932,1,0
D,F,D,5397,100,5397,1,0
D,G,D,8901,100,8901,1,0
D,H,D,1456,100,1456,1,0
A,E,E,1439,100,1439,1,0
B,E,E,5204,100,5204,1,0
C,E,E,10781,100,10781,1,0
D,E,E,9989,100,9989,1,0
E,F,E,5079,100,5079,1,0
E,G,E,10638,100,10638,1,0
E,H,E,10151,100,10151,1,0
A,F,F,5096,100,5096,1,0
B,F,F,1330,100,1330,1,0
C,F,F,7177,100,7177,1,0
D,F,F,5367,100,5367,1,0
E,F,F,5107,100,5107,1,0
F,G,F,6992,100,6992,1,0
F,H,F,5431,100,5431,1,0
A,G,G,10653,100,10653,1,0
B,G,G,7072,100,7072,1,0
C,G,G,1344,100,1344,1,0
D,G,G,8909,100,8909,1,0
E,G,G,10661,100,10661,1,0
F,G,G,6999,100,6999,1,0
G,H,G,8856,100,8856,1,0
A,H,H,9939,100,9939,1,0
B,H,H,5764,100,5764,1,0
C,H,H,8976,100,8976,1,0
D,H,H,1507,100,1507,1,0
E,H,H,10107,100,10107,1,0
F,H,H,5455,100,5455,1,0
G,H,H,8875,100,8875,1,0
A,B,A,4772,100,4772,1,0
A,C,A,10637,100,10637,1,0
A,D,A,9522,100,9522,1,0
A,E,A,1412,100,1412,1,0
A,F,A,5089,100,5089,1,0
A,G,A,10644,100,10644,1,0
A,H,A,9938,100,9938,1,0
A,B,B,4770,100,4770,1,0
B,C,B,6992,100,6992,1,0
B,D,B,5322,100,5322,1,0
B,E,B,5181,100,5181,1,0
B,F,B,1345,100,1345,1,0
B,G,B,7077,100,7077,1,0
B,H,B,5733,100,5733,1,0
A,C,C,10656,100,10656,1,0
B,C,C,7016,100,7016,1,0
C,D,C,8701,100,8701,1,0
C,E,C,10807,100,10807,1,0
C,F,C,7170,100,7170,1,0
C,G,C,1390,100,1390,1,0
C,H,C,8930,100,8930,1,0
A,D,D,9545,100,9545,1,0
B,D,D,5296,100,5296,1,0
C,D,D,8726,100,8726,1,0
D,E,D,9933,100,9933,1,0
D,F,D,5389,100,5389,1,0
D,G,D,8883,100,8883,1,0
D,H,D,1534,100,1534,1,0
A,E,E,1364,100,1364,1,0
B,E,E,5187,100,5187,1,0
C,E,E,10822,100,10822,1,0
D,E,E,9971,100,9971,1,0
E,F,E,5114,100,5114,1,0
E,G,E,10657,100,10657,1,0
E,H,E,10180,100,10180,1,0
A,F,F,5097,100,5097,1,0
B,F,F,1382,100,1382,1,0
C,F,F,7177,100,7177,1,0
D,F,F,5361,100,5361,1,0
E,F,F,5117,100,5117,1,0
F,G,F,7022,100,7022,1,0
F,H,F,5457,100,5457,1,0
A,G,G,10625,100,10625,1,0
B,G,G,7096,100,7096,1,0
C,G,G,1348,100,1348,1,0
D,G,G,8890,100,8890,1,0
E,G,G,10655,100,10655,1,0
F,G,G,6973,100,6973,1,0
G,H,G,8874,100,8874,1,0
A,H,H,9968,100,9968,1,0
B,H,H,5728,100,5728,1,0
C,H,H,8944,100,8944,1,0
D,H,H,1487,100,1487,1,0
E,H,H,10126,100,10126,1,0
F,H,H,5389,100,5389,1,0
G,H,H,8858,100,8858,1,0
A,B,A,4773,100,4773,1,0
A,C,A,10671,100,10671,1,0
A,D,A,9524,100,9524,1,0
A,E,A,1371,100,1371,1,0
A,F,A,5002,100,5002,1,0
A,G,A,10579,100,10579,1,0
A,H,A,9947,100,9947,1,0
A,B,B,4760,100,4760,1,0
B,C,B,6993,100,6993,1,0
B,D,B,5271,100,5271,1,0
B,E,B,5165,100,5165,1,0
B,F,B,1341,100,1341,1,0
B,G,B,7040,100,7040,1,0
B,H,B,5832,100,5832,1,0
A,C,C,10617,100,10617,1,0
B,C,C,6988,100,6988,1,0
C,D,C,8743,100,8743,1,0
C,E,C,10845,100,10845,1,0
C,F,C,7187,100,7187,1,0
C,G,C,1375,100,1375,1,0
C,H,C,8903,100,8903,1,0
A,D,D,9530,100,9530,1,0
B,D,D,5284,100,5284,1,0
C,D,D,8719,100,8719,1,0
D,E,D,9935,100,9935,1,0
D,F,D,5326,100,5326,1,0
D,G,D,8879,100,8879,1,0
D,H,D,1530,100,1530,1,0
A,E,E,1343,100,1343,1,0
B,E,E,5187,100,5187,1,0
C,E,E,10772,100,10772,1,0
D,E,E,10014,100,10014,1,0
E,F,E,5089,100,5089,1,0
E,G,E,10636,100,10636,1,0
E,H,E,10181,100,10181,1,0
A,F,F,5082,100,5082,1,0
B,F,F,1336,100,1336,1,0
C,F,F,7203,100,7203,1,0
D,F,F,5343,100,5343,1,0
E,F,F,5105,100,5105,1,0
F,G,F,6991,100,6991,1,0
F,H,F,5435,100,5435,1,0
A,G,G,10640,100,10640,1,0
B,G,G,7060,100,7060,1,0
C,G,G,1355,100,1355,1,0
D,G,G,8907,100,8907,1,0
E,G,G,10636,100,10636,1,0
F,G,G,6985,100,6985,1,0
G,H,G,8872,100,8872,1,0
A,H,H,9934,100,9934,1,0
B,H,H,5762,100,5762,1,0
C,H,H,8952,100,8952,1,0
D,H,H,1514,100,1514,1,0
E,H,H,10132,100,10132,1,0
F,H,H,5456,100,5456,1,0
G,H,H,8859,100,8859,1,0
A,B,A,4778,100,4778,1,0
A,C,A,10616,100,10616,1,0
A,D,A,9537,100,9537,1,0
A,E,A,1415,100,1415,1,0
A,F,A,5084,100,5084,1,0
A,G,A,10634,100,10634,1,0
A,H,A,9929,100,9929,1,0
A,B,B,4718,100,4718,1,0
B,C,B,6998,100,6998,1,0
B,D,B,5338,100,5338,1,0
B,E,B,5166,100,5166,1,0
B,F,B,1393,100,1393,1,0
B,G,B,7094,100,7094,1,0
B,H,B,5740,100,5740,1,0
A,C,C,10642,100,10642,1,0
B,C,C,7000,100,7000,1,0
C,D,C,8761,100,8761,1,0
C,E,C,10791,100,10791,1,0
C,F,C,7208,100,7208,1,0
C,G,C,1341,100,1341,1,0
C,H,C,8996,100,8996,1,0
A,D,D,9554,100,9554,1,0
B,D,D,5271,100,5271,1,0
C,D,D,8751,100,8751,1,0
D,E,D,9997,100,9997,1,0
D,F,D,5371,100,5371,1,0
D,G,D,8900,100,8900,1,0
D,H,D,1525,100,1525,1,0
A,E,E,1396,100,1396,1,0
B,E,E,5195,100,5195,1,0
C,E,E,10806,100,10806,1,0
D,E,E,9882,100,9882,1,0
E,F,E,5124,100,5124,1,0
E,G,E,10626,100,10626,1,0
E,H,E,10107,100,10107,1,0
A,F,F,5111,100,5111,1,0
B,F,F,1360,100,1360,1,0
C,F,F,7212,100,7212,1,0
D,F,F,5344,100,5344,1,0
E,F,F,5061,100,5061,1,0
F,G,F,6969,100,6969,1,0
F,H,F,5429,100,5429,1,0
A,G,G,10607,100,10607,1,0
B,G,G,7071,100,7071,1,0
C,G,G,1332,100,1332,1,0
D,G,G,8921,100,8921,1,0
E,G,G,10628,100,10628,1,0
F,G,G,7010,100,7010,1,0
G,H,G,8812,100,8812,1,0
A,H,H,9969,100,9969,1,0
B,H,H,5784,100,5784,1,0
C,H,H,8929,100,8929,1,0
D,H,H,1507,100,1507,1,0
E,H,H,10169,100,10169,1,0
F,H,H,5426,100,5426,1,0
G,H,H,8858,100,8858,1,0
A,B,A,4779,100,4779,1,0
A,C,A,10690,100,10690,1,0
A,D,A,9557,100,9557,1,0
A,E,A,1412,100,1412,1,0
A,F,A,5089,100,5089,1,0
A,G,A,10622,100,10622,1,0
A,H,A,9947,100,9947,1,0
A,B,B,4789,100,4789,1,0
B,C,B,7008,100,7008,1,0
B,D,B,5348,100,5348,1,0
B,E,B,5207,100,5207,1,0
B,F,B,1354,100,1354,1,0
B,G,B,7043,100,7043,1,0
B,H,B,5812,100,5812,1,0
A,C,C,10634,100,10634,1,0
B,C,C,7002,100,7002,1,0
C,D,C,8766,100,8766,1,0
C,E,C,10875,100,10875,1,0
C,F,C,7219,100,7219,1,0
C,G,C,1394,100,1394,1,0
C,H,C,8963,100,8963,1,0
A,D,D,9544,100,9544,1,0
B,D,D,5317,100,5317,1,0
C,D,D,8727,100,8727,1,0
D,E,D,9966,100,9966,1,0
D,F,D,5383,100,5383,1,0
D,G,D,8854,100,8854,1,0
D,H,D,1477,100,1477,1,0
A,E,E,1443,100,1443,1,0
B,E,E,5174,100,5174,1,0
C,E,E,10795,100,10795,1,0
D,E,E,9944,100,9944,1,0
E,F,E,5126,100,5126,1,0
E,G,E,10638,100,10638,1,0
E,H,E,10107,100,10107,1,0
A,F,F,5059,100,5059,1,0
B,F,F,1352,100,1352,1,0
C,F,F,7155,100,7155,1,0
D,F,F,5364,100,5364,1,0
E,F,F,5088,100,5088,1,0
F,G,F,7008,100,7008,1,0
F,H,F,5463,100,5463,1,0
A,G,G,10609,100,10609,1,0
B,G,G,7085,100,7085,1,0
C,G,G,1408,100,1408,1,0
D,G,G,8962,100,8962,1,0
E,G,G,10633,100,10633,1,0
F,G,G,7002,100,7002,1,0
G,H,G,8860,100,8860,1,0
A,H,H,9954,100,9954,1,0
B,H,H,5783,100,5783,1,0
C,H,H,8944,100,8944,1,0
D,H,H,1485,100,1485,1,0
E,H,H,10130,100,10130,1,0
F,H,H,5440,100,5440,1,0
G,H,H,8847,100,8847,1,0
A,B,A,4784,100,4784,1,0
A,C,A,10649,100,10649,1,0
A,D,A,9531,100,9531,1,0
A,E,A,1432,100,1432,1,0
A,F,A,5089,100,5089,1,0
A,G,A,10631,100,10631,1,0
A,H,A,9962,100,9962,1,0
A,B,B,4792,100,4792,1,0
B,C,B,7048,100,7048,1,0
B,D,B,5330,100,5330,1,0
B,E,B,5220,100,5220,1,0
B,F,B,1326,100,1326,1,0
B,G,B,7034,100,7034,1,0
B,H,B,5693,100,5693,1,0
A,C,C,10674,100,10674,1,0
B,C,C,7034,100,7034,1,0
C,D,C,8750,100,8750,1,0
C,E,C,10847,100,10847,1,0
C,F,C,7205,100,7205,1,0
C,G,C,1367,100,1367,1,0
C,H,C,8955,100,8955,1,0
A,D,D,9515,100,9515,1,0
B,D,D,5290,100,5290,1,0
C,D,D,8726,100,8726,1,0
D,E,D,9900,100,9900,1,0
D,F,D,5339,100,5339,1,0
D,G,D,8894,100,8894,1,0
D,H,D,1551,100,1551,1,0
A,E,E,1394,100,1394,1,0
B,E,E,5169,100,5169,1,0
C,E,E,10831,100,10831,1,0
D,E,E,9896,100,9896,1,0
E,F,E,5098,100,5098,1,0
E,G,E,10638,100,10638,1,0
E,H,E,10122,100,10122,1,0
A,F,F,5058,100,5058,1,0
B,F,F,1360,100,1360,1,0
C,F,F,7190,100,7190,1,0
D,F,F,5367,100,5367,1,0
E,F,F,5073,100,5073,1,0
F,G,F,6995,100,6995,1,0
F,H,F,5502,100,5502,1,0
A,G,G,10649,100,10649,1,0
B,G,G,7081,100,7081,1,0
C,G,G,1331,100,1331,1,0
D,G,G,8898,100,8898,1,0
E,G,G,10610,100,10610,1,0
F,G,G,7002,100,7002,1,0
G,H,G,8849,100,8849,1,0
A,H,H,9964,100,9964,1,0
B,H,H,5669,100,5669,1,0
C,H,H,8944,100,8944,1,0
D,H,H,1507,100,1507,1,0
E,H,H,10096,100,10096,1,0
F,H,H,5419,100,5419,1,0
G,H,H,8883,100,8883,1,0
A,B,A,4747,100,4747,1,0
A,C,A,10637,100,10637,1,0
A,D,A,9522,100,9522,1,0
A,E,A,1386,100,1386,1,0
A,F,A,5064,100,5064,1,0
A,G,A,10651,100,10651,1,0
A,H,A,9922,100,9922,1,0
A,B,B,4783,100,4783,1,0
B,C,B,6992,100,6992,1,0
B,D,B,5243,100,5243,1,0
B,E,B,5176,100,5176,1,0
B,F,B,1370,100,1370,1,0
B,G,B,7061,100,7061,1,0
B,H,B,5701,100,5701,1,0
A,C,C,10592,100,10592,1,0
B,C,C,7059,100,7059,1,0
C,D,C,8734,100,8734,1,0
C,E,C,10781,100,10781,1,0
C,F,C,7188,100,7188,1,0
C,G,C,1349,100,1349,1,0
C,H,C,8909,100,8909,1,0
A,D,D,9569,100,9569,1,0
B,D,D,5287,100,5287,1,0
C,D,D,8723,100,8723,1,0
D,E,D,9920,100,9920,1,0
D,F,D,5382,100,5382,1,0
D,G,D,8881,100,8881,1,0
D,H,D,1437,100,1437,1,0
A,E,E,1454,100,1454,1,0
B,E,E,5205,100,5205,1,0
C,E,E,10845,100,10845,1,0
D,E,E,9890,100,9890,1,0
E,F,E,5119,100,5119,1,0
E,G,E,10620,100,10620,1,0
E,H,E,10158,100,10158,1,0
A,F,F,5056,100,5056,1,0
B,F,F,1413,100,1413,1,0
C,F,F,7212,100,7212,1,0
D,F,F,5338,100,5338,1,0
E,F,F,5099,100,5099,1,0
F,G,F,7011,100,7011,1,0
F,H,F,5470,100,5470,1,0
A,G,G,10627,100,10627,1,0
B,G,G,7060,100,7060,1,0
C,G,G,1377,100,1377,1,0
D,G,G,8911,100,8911,1,0
E,G,G,10616,100,10616,1,0
F,G,G,7013,100,7013,1,0
G,H,G,8861,100,8861,1,0
A,H,H,9916,100,9916,1,0
B,H,H,5740,100,5740,1,0
C,H,H,8967,100,8967,1,0
D,H,H,1476,100,1476,1,0
E,H,H,10127,100,10127,1,0
F,H,H,5469,100,5469,1,0
G,H,H,8906,100,8906,1,0
A,B,A,4765,100,4765,1,0
A,C,A,10642,100,10642,1,0
A,D,A,9548,100,9548,1,0
A,E,A,1400,100,1400,1,0
A,F,A,5078,100,5078,1,0
A,G,A,10663,100,10663,1,0
A,H,A,9910,100,9910,1,0
A,B,B,4770,100,4770,1,0
B,C,B,6985,100,6985,1,0
B,D,B,5323,100,5323,1,0
B,E,B,5182,100,5182,1,0
B,F,B,1338,100,1338,1,0
B,G,B,7095,100,7095,1,0
B,H,B,5668,100,5668,1,0
A,C,C,10660,100,10660,1,0
B,C,C,7066,100,7066,1,0
C,D,C,8728,100,8728,1,0
C,E,C,10849,100,10849,1,0
C,F,C,7171,100,7171,1,0
C,G,C,1403,100,1403,1,0
C,H,C,8996,100,8996,1,0
A,D,D,9526,100,9526,1,0
B,D,D,5300,100,5300,1,0
C,D,D,8761,100,8761,1,0
D,E,D,9974,100,9974,1,0
D,F,D,5418,100,5418,1,0
D,G,D,8908,100,8908,1,0
D,H,D,1530,100,1530,1,0
A,E,E,1420,100,1420,1,0
B,E,E,5181,100,5181,1,0
C,E,E,10852,100,10852,1,0
D,E,E,9919,100,9919,1,0
E,F,E,5148,100,5148,1,0
E,G,E,10636,100,10636,1,0
E,H,E,10163,100,10163,1,0
A,F,F,5078,100,5078,1,0
B,F,F,1351,100,1351,1,0
C,F,F,7199,100,7199,1,0
D,F,F,5373,100,5373,1,0
E,F,F,5131,100,5131,1,0
F,G,F,7010,100,7010,1,0
F,H,F,5461,100,5461,1,0
A,G,G,10629,100,10629,1,0
B,G,G,7059,100,7059,1,0
C,G,G,1358,100,1358,1,0
D,G,G,8937,100,8937,1,0
E,G,G,10640,100,10640,1,0
F,G,G,6995,100,6995,1,0
G,H,G,8856,100,8856,1,0
A,H,H,9953,100,9953,1,0
B,H,H,5739,100,5739,1,0
C,H,H,8926,100,8926,1,0
D,H,H,1552,100,1552,1,0
E,H,H,10096,100,10096,1,0
F,H,H,5457,100,5457,1,0
G,H,H,8853,100,8853,1,0
A,B,A,4746,100,4746,1,0
A,C,A,10672,100,10672,1,0
A,D,A,9547,100,9547,1,0
A,E,A,1425,100,1425,1,0
A,F,A,5067,100,5067,1,0
A,G,A,10664,100,10664,1,0
A,H,A,9947,100,9947,1,0
A,B,B,4779,100,4779,1,0
B,C,B,7014,100,7014,1,0
B,D,B,5317,100,5317,1,0
B,E,B,5185,100,5185,1,0
B,F,B,1348,100,1348,1,0
B,G,B,7097,100,7097,1,0
B,H,B,5752,100,5752,1,0
A,C,C,10645,100,10645,1,0
B,C,C,6998,100,6998,1,0
C,D,C,8731,100,8731,1,0
C,E,C,10843,100,10843,1,0
C,F,C,7206,100,7206,1,0
C,G,C,1386,100,1386,1,0
C,H,C,8932,100,8932,1,0
A,D,D,9519,100,9519,1,0
B,D,D,5340,100,5340,1,0
C,D,D,8769,100,8769,1,0
D,E,D,9895,100,9895,1,0
D,F,D,5362,100,5362,1,0
D,G,D,8882,100,8882,1,0
D,H,D,1481,100,1481,1,0
A,E,E,1458,100,1458,1,0
B,E,E,5195,100,5195,1,0
C,E,E,10790,100,10790,1,0
D,E,E,9931,100,9931,1,0
E,F,E,5084,100,5084,1,0
E,G,E,10622,100,10622,1,0
E,H,E,10149,100,10149,1,0
A,F,F,5060,100,5060,1,0
B,F,F,1353,100,1353,1,0
C,F,F,7195,100,7195,1,0
D,F,F,5357,100,5357,1,0
E,F,F,5105,100,5105,1,0
F,G,F,6993,100,6993,1,0
F,H,F,5441,100,5441,1,0
A,G,G,10615,100,10615,1,0
B,G,G,7100,100,7100,1,0
C,G,G,1347,100,1347,1,0
D,G,G,8916,100,8916,1,0
E,G,G,10630,100,10630,1,0
F,G,G,6988,100,6988,1,0
G,H,G,8879,100,8879,1,0
A,H,H,9909,100,9909,1,0
B,H,H,5727,100,5727,1,0
C,H,H,8939,100,8939,1,0
D,H,H,1534,100,1534,1,0
E,H,H,10141,100,10141,1,0
F,H,H,5420,100,5420,1,0
G,H,H,8894,100,8894,1,0
A,B,A,4777,100,4777,1,0
A,C,A,10615,100,10615,1,0
A,D,A,9525,100,9525,1,0
A,E,A,1414,100,1414,1,0
A,F,A,5043,100,5043,1,0
A,G,A,10604,100,10604,1,0
A,H,A,9904,100,9904,1,0
A,B,B,4771,100,4771,1,0
B,C,B,7004,100,7004,1,0
B,D,B,5277,100,5277,1,0
B,E,B,5188,100,5188,1,0
B,F,B,1399,100,1399,1,0
B,G,B,7065,100,7065,1,0
B,H,B,5759,100,5759,1,0
A,C,C,10622,100,10622,1,0
B,C,C,7026,100,7026,1,0
C,D,C,8729,100,8729,1,0
C,E,C,10821,100,10821,1,0
C,F,C,7192,100,7192,1,0
C,G,C,1349,100,1349,1,0
C,H,C,8948,100,8948,1,0
A,D,D,9538,100,9538,1,0
B,D,D,5298,100,5298,1,0
C,D,D,8753,100,8753,1,0
D,E,D,9946,100,9946,1,0
D,F,D,5338,100,5338,1,0
D,G,D,8910,100,8910,1,0
D,H,D,1475,100,1475,1,0
A,E,E,1389,100,1389,1,0
B,E,E,5194,100,5194,1,0
C,E,E,10837,100,10837,1,0
D,E,E,9947,100,9947,1,0
E,F,E,5107,100,5107,1,0
E,G,E,10625,100,10625,1,0
E,H,E,10158,100,10158,1,0
A,F,F,5074,100,5074,1,0
B,F,F,1369,100,1369,1,0
C,F,F,7206,100,7206,1,0
D,F,F,5361,100,5361,1,0
E,F,F,5107,100,5107,1,0
F,G,F,7010,100,7010,1,0
F,H,F,5414,100,5414,1,0
A,G,G,10627,100,10627,1,0
B,G,G,7059,100,7059,1,0
C,G,G,1367,100,1367,1,0
D,G,G,8897,100,8897,1,0
E,G,G,10644,100,10644,1,0
F,G,G,6997,100,6997,1,0
G,H,G,8854,100,8854,1,0
A,H,H,9962,100,9962,1,0
B,H,H,5736,100,5736,1,0
C,H,H,8915,100,8915,1,0
D,H,H,1566,100,1566,1,0
E,H,H,10126,100,10126,1,0
F,H,H,5464,100,5464,1,0
G,H,H,8858,100,8858,1,0
A,B,A,4733,100,4733,1,0
A,C,A,10615,100,10615,1,0
A,D,A,9568,100,9568,1,0
A,E,A,1380,100,1380,1,0
A,F,A,5064,100,5064,1,0
A,G,A,10608,100,10608,1,0
A,H,A,9923,100,9923,1,0
A,B,B,4794,100,4794,1,0
B,C,B,7017,100,7017,1,0
B,D,B,5314,100,5314,1,0
B,E,B,5173,100,5173,1,0
B,F,B,1336,100,1336,1,0
B,G,B,7072,100,7072,1,0
B,H,B,5717,100,5717,1,0
A,C,C,10623,100,10623,1,0
B,C,C,6976,100,6976,1,0
C,D,C,8699,100,8699,1,0
C,E,C,10784,100,10784,1,0
C,F,C,7191,100,7191,1,0
C,G,C,1347,100,1347,1,0
C,H,C,8895,100,8895,1,0
A,D,D,9520,100,9520,1,0
B,D,D,5318,100,5318,1,0
C,D,D,8712,100,8712,1,0
D,E,D,9950,100,9950,1,0
D,F,D,5347,100,5347,1,0
D,G,D,8846,100,8846,1,0
D,H,D,1457,100,1457,1,0
A,E,E,1395,100,1395,1,0
B,E,E,5157,100,5157,1,0
C,E,E,10809,100,10809,1,0
D,E,E,9930,100,9930,1,0
E,F,E,5079,100,5079,1,0
E,G,E,10654,100,10654,1,0
E,H,E,10167,100,10167,1,0
A,F,F,5087,100,5087,1,0
B,F,F,1373,100,1373,1,0
C,F,F,7177,100,7177,1,0
D,F,F,5323,100,5323,1,0
E,F,F,5169,100,5169,1,0
F,G,F,6989,100,6989,1,0
F,H,F,5423,100,5423,1,0
A,G,G,10651,100,10651,1,0
B,G,G,7068,100,7068,1,0
C,G,G,1424,100,1424,1,0
D,G,G,8915,100,8915,1,0
E,G,G,10654,100,10654,1,0
F,G,G,7003,100,7003,1,0
G,H,G,8888,100,8888,1,0
A,H,H,9964,100,9964,1,0
B,H,H,5703,100,5703,1,0
C,H,H,8953,100,8953,1,0
D,H,H,1446,100,1446,1,0
E,H,H,10150,100,10150,1,0
F,H,H,5446,100,5446,1,0
G,H,H,8895,100,8895,1,0
A,B,A,4801,100,4801,1,0
A,C,A,10614,100,10614,1,0
A,D,A,9538,100,9538,1,0
A,E,A,1393,100,1393,1,0
A,F,A,5078,100,5078,1,0
A,G,A,10614,100,10614,1,0
A,H,A,9956,100,9956,1,0
A,B,B,4745,100,4745,1,0
B,C,B,7012,100,7012,1,0
B,D,B,5275,100,5275,1,0
B,E,B,5228,100,5228,1,0
B,F,B,1382,100,1382,1,0
B,G,B,7114,100,7114,1,0
B,H,B,5734,100,5734,1,0
A,C,C,10589,100,10589,1,0
B,C,C,6997,100,6997,1,0
C,D,C,8754,100,8754,1,0
C,E,C,10778,100,10778,1,0
C,F,C,7216,100,7216,1,0
C,G,C,1346,100,1346,1,0
C,H,C,8939,100,8939,1,0
A,D,D,9514,100,9514,1,0
B,D,D,5259,100,5259,1,0
C,D,D,8745,100,8745,1,0
D,E,D,9910,100,9910,1,0
D,F,D,5376,100,5376,1,0
D,G,D,8884,100,8884,1,0
D,H,D,1551,100,1551,1,0
A,E,E,1414,100,1414,1,0
B,E,E,5204,100,5204,1,0
C,E,E,10746,100,10746,1,0
D,E,E,9900,100,9900,1,0
E,F,E,5092,100,5092,1,0
E,G,E,10618,100,10618,1,0
E,H,E,10123,100,10123,1,0
A,F,F,5059,100,5059,1,0
B,F,F,1360,100,1360,1,0
C,F,F,7186,100,7186,1,0
D,F,F,5339,100,5339,1,0
E,F,F,5090,100,5090,1,0
F,G,F,7000,100,7000,1,0
F,H,F,5406,100,5406,1,0
A,G,G,10629,100,10629,1,0
B,G,G,7087,100,7087,1,0
C,G,G,1401,100,1401,1,0
D,G,G,8889,100,8889,1,0
E,G,G,10673,100,10673,1,0
F,G,G,7007,100,7007,1,0
G,H,G,8866,100,8866,1,0
A,H,H,9944,100,9944,1,0
B,H,H,5723,100,5723,1,0
C,H,H,8930,100,8930,1,0
D,H,H,1488,100,1488,1,0
E,H,H,10135,100,10135,1,0
F,H,H,5480,100,5480,1,0
G,H,H,8874,100,8874,1,0
A,B,A,4737,100,4737,1,0
A,C,A,10659,100,10659,1,0
A,D,A,9538,100,9538,1,0
A,E,A,1362,100,1362,1,0
A,F,A,5051,100,5051,1,0
A,G,A,10607,100,10607,1,0
A,H,A,9990,100,9990,1,0
A,B,B,4805,100,4805,1,0
B,C,B,7007,100,7007,1,0
B,D,B,5312,100,5312,1,0
B,E,B,5151,100,5151,1,0
B,F,B,1353,100,1353,1,0
B,G,B,7080,100,7080,1,0
B,H,B,5806,100,5806,1,0
A,C,C,10641,100,10641,1,0
B,C,C,7000,100,7000,1,0
C,D,C,8749,100,8749,1,0
C,E,C,10869,100,10869,1,0
C,F,C,7176,100,7176,1,0
C,G,C,1410,100,1410,1,0
C,H,C,8919,100,8919,1,0
A,D,D,9494,100,9494,1,0
B,D,D,5332,100,5332,1,0
C,D,D,8740,100,8740,1,0
D,E,D,9896,100,9896,1,0
D,F,D,5348,100,5348,1,0
D,G,D,8909,100,8909,1,0
D,H,D,1486,100,1486,1,0
A,E,E,1401,100,1401,1,0
B,E,E,5155,100,5155,1,0
C,E,E,10851,100,10851,1,0
D,E,E,9914,100,9914,1,0
E,F,E,5131,100,5131,1,0
E,G,E,10635,100,10635,1,0
E,H,E,10195,100,10195,1,0
A,F,F,5056,100,5056,1,0
B,F,F,1342,100,1342,1,0
C,F,F,7188,100,7188,1,0
D,F,F,5359,100,5359,1,0
E,F,F,5110,100,5110,1,0
F,G,F,7023,100,7023,1,0
F,H,F,5461,100,5461,1,0
A,G,G,10655,100,10655,1,0
B,G,G,7076,100,7076,1,0
C,G,G,1409,100,1409,1,0
D,G,G,8872,100,8872,1,0
E,G,G,10661,100,10661,1,0
F,G,G,7029,100,7029,1,0
G,H,G,8851,100,8851,1,0
A,H,H,9978,100,9978,1,0
B,H,H,5736,100,5736,1,0
C,H,H,8903,100,8903,1,0
D,H,H,1482,100,1482,1,0
E,H,H,10169,100,10169,1,0
F,H,H,5437,100,5437,1,0
G,H,H,8891,100,8891,1,0
A,B,A,4781,100,4781,1,0
A,C,A,10623,100,10623,1,0
A,D,A,9506,100,9506,1,0
A,E,A,1428,100,1428,1,0
A,F,A,5062,100,5062,1,0
A,G,A,10591,100,10591,1,0
A,H,A,9918,100,9918,1,0
A,B,B,4779,100,4779,1,0
B,C,B,6997,100,6997,1,0
B,D,B,5307,100,5307,1,0
B,E,B,5167,100,5167,1,0
B,F,B,1337,100,1337,1,0
B,G,B,7037,100,7037,1,0
B,H,B,5756,100,5756,1,0
A,C,C,10614,100,10614,1,0
B,C,C,7023,100,7023,1,0
C,D,C,8732,100,8732,1,0
C,E,C,10812,100,10812,1,0
C,F,C,7216,100,7216,1,0
C,G,C,1343,100,1343,1,0
C,H,C,8895,100,8895,1,0
A,D,D,9546,100,9546,1,0
B,D,D,5278,100,5278,1,0
C,D,D,8745,100,8745,1,0
D,E,D,9923,100,9923,1,0
D,F,D,5352,100,5352,1,0
D,G,D,8890,100,8890,1,0
D,H,D,1476,100,1476,1,0
A,E,E,1466,100,1466,1,0
B,E,E,5203,100,5203,1,0
C,E,E,10840,100,10840,1,0
D,E,E,9916,100,9916,1,0
E,F,E,5103,100,5103,1,0
E,G,E,10627,100,10627,1,0
E,H,E,10117,100,10117,1,0
A,F,F,5040,100,5040,1,0
B,F,F,1357,100,1357,1,0
C,F,F,7188,100,7188,1,0
D,F,F,5359,100,5359,1,0
E,F,F,5095,100,5095,1,0
F,G,F,7019,100,7019,1,0
F,H,F,5448,100,5448,1,0
A,G,G,10599,100,10599,1,0
B,G,G,7076,100,7076,1,0
C,G,G,1345,100,1345,1,0
D,G,G,8907,100,8907,1,0
E,G,G,10616,100,10616,1,0
F,G,G,6983,100,6983,1,0
G,H,G,8872,100,8872,1,0
A,H,H,9934,100,9934,1,0
B,H,H,5727,100,5727,1,0
C,H,H,8965,100,8965,1,0
D,H,H,1476,100,1476,1,0
E,H,H,10136,100,10136,1,0
F,H,H,5463,100,5463,1,0
G,H,H,8843,100,8843,1,0
A,B,A,4823,100,4823,1,0
A,C,A,10613,100,10613,1,0
A,D,A,9501,100,9501,1,0
A,E,A,1434,100,1434,1,0
A,F,A,5070,100,5070,1,0
A,G,A,10672,100,10672,1,0
A,H,A,9981,100,9981,1,0
A,B,B,4790,100,4790,1,0
B,C,B,7010,100,7010,1,0
B,D,B,5330,100,5330,1,0
B,E,B,5155,100,5155,1,0
B,F,B,1376,100,1376,1,0
B,G,B,7081,100,7081,1,0
B,H,B,5679,100,5679,1,0
A,C,C,10706,100,10706,1,0
B,C,C,7008,100,7008,1,0
C,D,C,8743,100,8743,1,0
C,E,C,10800,100,10800,1,0
C,F,C,7199,100,7199,1,0
C,G,C,1334,100,1334,1,0
C,H,C,8973,100,8973,1,0
A,D,D,9510,100,9510,1,0
B,D,D,5279,100,5279,1,0
C,D,D,8736,100,8736,1,0
D,E,D,9886,100,9886,1,0
D,F,D,5356,100,5356,1,0
D,G,D,8879,100,8879,1,0
D,H,D,1554,100,1554,1,0
A,E,E,1391,100,1391,1,0
B,E,E,5185,100,5185,1,0
C,E,E,10749,100,10749,1,0
D,E,E,9890,100,9890,1,0
E,F,E,5116,100,5116,1,0
E,G,E,10668,100,10668,1,0
E,H,E,10152,100,10152,1,0
A,F,F,5060,100,5060,1,0
B,F,F,1328,100,1328,1,0
C,F,F,7198,100,7198,1,0
D,F,F,5359,100,5359,1,0
E,F,F,5080,100,5080,1,0
F,G,F,6997,100,6997,1,0
F,H,F,5465,100,5465,1,0
A,G,G,10591,100,10591,1,0
B,G,G,7066,100,7066,1,0
C,G,G,1386,100,1386,1,0
D,G,G,8924,100,8924,1,0
E,G,G,10641,100,10641,1,0
F,G,G,6992,100,6992,1,0
G,H,G,8855,100,8855,1,0
A,H,H,9959,100,9959,1,0
B,H,H,5763,100,5763,1,0
C,H,H,8969,100,8969,1,0
D,H,H,1511,100,1511,1,0
E,H,H,10147,100,10147,1,0
F,H,H,5483,100,5483,1,0
G,H,H,8829,100,8829,1,0
A,B,A,4794,100,4794,1,0
A,C,A,10649,100,10649,1,0
A,D,A,9533,100,9533,1,0
A,E,A,1401,100,1401,1,0
A,F,A,5054,100,5054,1,0
A,G,A,10661,100,10661,1,0
A,H,A,9935,100,9935,1,0
A,B,B,4794,100,4794,1,0
B,C,B,7000,100,7000,1,0
B,D,B,5306,100,5306,1,0
B,E,B,5189,100,5189,1,0
B,F,B,1372,100,1372,1,0
B,G,B,7052,100,7052,1,0
B,H,B,5721,100,5721,1,0
A,C,C,10625,100,10625,1,0
B,C,C,6976,100,6976,1,0
C,D,C,8764,100,8764,1,0
C,E,C,10765,100,10765,1,0
C,F,C,7199,100,7199,1,0
C,G,C,1401,100,1401,1,0
C,H,C,8940,100,8940,1,0
A,D,D,9541,100,9541,1,0
B,D,D,5286,100,5286,1,0
C,D,D,8800,100,8800,1,0
D,E,D,9958,100,9958,1,0
D,F,D,5362,100,5362,1,0
D,G,D,8917,100,8917,1,0
D,H,D,1551,100,1551,1,0
A,E,E,1410,100,1410,1,0
B,E,E,5181,100,5181,1,0
C,E,E,10840,100,10840,1,0
D,E,E,9936,100,9936,1,0
E,F,E,5052,100,5052,1,0
E,G,E,10630,100,10630,1,0
E,H,E,10133,100,10133,1,0
A,F,F,5054,100,5054,1,0
B,F,F,1366,100,1366,1,0
C,F,F,7220,100,7220,1,0
D,F,F,5368,100,5368,1,0
E,F,F,5122,100,5122,1,0
F,G,F,6993,100,6993,1,0
F,H,F,5434,100,5434,1,0
A,G,G,10589,100,10589,1,0
B,G,G,7080,100,7080,1,0
C,G,G,1378,100,1378,1,0
D,G,G,8868,100,8868,1,0
E,G,G,10633,100,10633,1,0
F,G,G,7004,100,7004,1,0
G,H,G,8852,100,8852,1,0
A,H,H,9909,100,9909,1,0
B,H,H,5724,100,5724,1,0
C,H,H,8947,100,8947,1,0
D,H,H,1475,100,1475,1,0
E,H,H,10144,100,10144,1,0
F,H,H,5426,100,5426,1,0
G,H,H,8855,100,8855,1,0
A,B,A,4791,100,4791,1,0
A,C,A,10730,100,10730,1,0
A,D,A,9537,100,9537,1,0
A,E,A,1403,100,1403,1,0
A,F,A,5041,100,5041,1,0
A,G,A,10589,100,10589,1,0
A,H,A,9945,100,9945,1,0
A,B,B,4792,100,4792,1,0
B,C,B,7013,100,7013,1,0
B,D,B,5303,100,5303,1,0
B,E,B,5189,100,5189,1,0
B,F,B,1344,100,1344,1,0
B,G,B,7104,100,7104,1,0
B,H,B,5690,100,5690,1,0
A,C,C,10649,100,10649,1,0
B,C,C,7066,100,7066,1,0
C,D,C,8725,100,8725,1,0
C,E,C,10853,100,10853,1,0
C,F,C,7189,100,7189,1,0
C,G,C,1397,100,1397,1,0
C,H,C,8953,100,8953,1,0
A,D,D,9522,100,9522,1,0
B,D,D,5279,100,5279,1,0
C,D,D,8749,100,8749,1,0
D,E,D,9907,100,9907,1,0
D,F,D,5376,100,5376,1,0
D,G,D,8860,100,8860,1,0
D,H,D,1485,100,1485,1,0
A,E,E,1448,100,1448,1,0
B,E,E,5180,100,5180,1,0
C,E,E,10820,100,10820,1,0
D,E,E,9911,100,9911,1,0
E,F,E,5120,100,5120,1,0
E,G,E,10622,100,10622,1,0
E,H,E,10160,100,10160,1,0
A,F,F,5079,100,5079,1,0
B,F,F,1334,100,1334,1,0
C,F,F,7170,100,7170,1,0
D,F,F,5368,100,5368,1,0
E,F,F,5117,100,5117,1,0
F,G,F,6988,100,6988,1,0
F,H,F,5419,100,5419,1,0
A,G,G,10636,100,10636,1,0
B,G,G,7098,100,7098,1,0
C,G,G,1344,100,1344,1,0
D,G,G,8953,100,8953,1,0
E,G,G,10620,100,10620,1,0
F,G,G,6980,100,6980,1,0
G,H,G,8868,100,8868,1,0
A,H,H,9947,100,9947,1,0
B,H,H,5747,100,5747,1,0
C,H,H,8895,100,8895,1,0
D,H,H,1492,100,1492,1,0
E,H,H,10137,100,10137,1,0
F,H,H,5478,100,5478,1,0
G,H,H,8864,100,8864,1,0
A,B,A,4772,100,4772,1,0
A,C,A,10593,100,10593,1,0
A,D,A,9526,100,9526,1,0
A,E,A,1437,100,1437,1,0
A,F,A,5051,100,5051,1,0
A,G,A,10604,100,10604,1,0
A,H,A,9979,100,9979,1,0
A,B,B,4813,100,4813,1,0
B,C,B,6998,100,6998,1,0
B,D,B,5299,100,5299,1,0
B,E,B,5159,100,5159,1,0
B,F,B,1363,100,1363,1,0
B,G,B,7071,100,7071,1,0
B,H,B,5737,100,5737,1,0
A,C,C,10681,100,10681,1,0
B,C,C,7006,100,7006,1,0
C,D,C,8764,100,8764,1,0
C,E,C,10823,100,10823,1,0
C,F,C,7188,100,7188,1,0
C,G,C,1346,100,1346,1,0
C,H,C,8919,100,8919,1,0
A,D,D,9544,100,9544,1,0
B,D,D,5313,100,5313,1,0
C,D,D,8740,100,8740,1,0
D,E,D,9944,100,9944,1,0
D,F,D,5408,100,5408,1,0
D,G,D,8898,100,8898,1,0
D,H,D,1470,100,1470,1,0
A,E,E,1401,100,1401,1,0
B,E,E,5223,100,5223,1,0
C,E,E,10784,100,10784,1,0
D,E,E,9964,100,9964,1,0
E,F,E,5109,100,5109,1,0
E,G,E,10660,100,10660,1,0
E,H,E,10178,100,10178,1,0
A,F,F,5071,100,5071,1,0
B,F,F,1382,100,1382,1,0
C,F,F,7177,100,7177,1,0
D,F,F,5371,100,5371,1,0
E,F,F,5099,100,5099,1,0
F,G,F,7004,100,7004,1,0
F,H,F,5485,100,5485,1,0
A,G,G,10632,100,10632,1,0
B,G,G,7079,100,7079,1,0
C,G,G,1385,100,1385,1,0
D,G,G,8902,100,8902,1,0
E,G,G,10625,100,10625,1,0
F,G,G,6999,100,6999,1,0
G,H,G,8829,100,8829,1,0
A,H,H,9921,100,9921,1,0
B,H,H,5709,100,5709,1,0
C,H,H,8957,100,8957,1,0
D,H,H,1520,100,1520,1,0
E,H,H,10140,100,10140,1,0
F,H,H,5496,100,5496,1,0
G,H,H,8906,100,8906,1,0
A,B,A,4734,100,4734,1,0
A,C,A,10628,100,10628,1,0
A,D,A,9537,100,9537,1,0
A,E,A,1439,100,1439,1,0
A,F,A,5045,100,5045,1,0
A,G,A,10586,100,10586,1,0
A,H,A,9960,100,9960,1,0
A,B,B,4753,100,4753,1,0
B,C,B,7011,100,7011,1,0
B,D,B,5321,100,5321,1,0
B,E,B,5192,100,5192,1,0
B,F,B,1339,100,1339,1,0
B,G,B,7066,100,7066,1,0
B,H,B,5757,100,5757,1,0
A,C,C,10652,100,10652,1,0
B,C,C,7019,100,7019,1,0
C,D,C,8743,100,8743,1,0
C,E,C,10837,100,10837,1,0
C,F,C,7197,100,7197,1,0
C,G,C,1338,100,1338,1,0
C,H,C,8932,100,8932,1,0
A,D,D,9527,100,9527,1,0
B,D,D,5297,100,5297,1,0
C,D,D,8762,100,8762,1,0
D,E,D,9887,100,9887,1,0
D,F,D,5354,100,5354,1,0
D,G,D,8905,100,8905,1,0
D,H,D,1549,100,1549,1,0
A,E,E,1390,100,1390,1,0
B,E,E,5104,100,5104,1,0
C,E,E,10856,100,10856,1,0
D,E,E,9865,100,9865,1,0
E,F,E,5128,100,5128,1,0
E,G,E,10637,100,10637,1,0
E,H,E,10163,100,10163,1,0
A,F,F,5052,100,5052,1,0
B,F,F,1358,100,1358,1,0
C,F,F,7169,100,7169,1,0
D,F,F,5364,100,5364,1,0
E,F,F,5103,100,5103,1,0
F,G,F,6979,100,6979,1,0
F,H,F,5470,100,5470,1,0
A,G,G,10642,100,10642,1,0
B,G,G,7094,100,7094,1,0
C,G,G,1399,100,1399,1,0
D,G,G,8908,100,8908,1,0
E,G,G,10640,100,10640,1,0
F,G,G,6987,100,6987,1,0
G,H,G,8893,100,8893,1,0
A,H,H,9968,100,9968,1,0
B,H,H,5712,100,5712,1,0
C,H,H,8951,100,8951,1,0
D,H,H,1501,100,1501,1,0
E,H,H,10137,100,10137,1,0
F,H,H,5441,100,5441,1,0
G,H,H,8888,100,8888,1,0
A,B,A,4797,100,4797,1,0
A,C,A,10667,100,10667,1,0
A,D,A,9533,100,9533,1,0
A,E,A,1404,100,1404,1,0
A,F,A,5063,100,5063,1,0
A,G,A,10631,100,10631,1,0
A,H,A,9961,100,9961,1,0
A,B,B,4773,100,4773,1,0
B,C,B,7011,100,7011,1,0
B,D,B,5259,100,5259,1,0
B,E,B,5170,100,5170,1,0
B,F,B,1371,100,1371,1,0
B,G,B,7046,100,7046,1,0
B,H,B,5715,100,5715,1,0
A,C,C,10641,100,10641,1,0
B,C,C,7010,100,7010,1,0
C,D,C,8757,100,8757,1,0
C,E,C,10857,100,10857,1,0
C,F,C,7170,100,7170,1,0
C,G,C,1417,100,1417,1,0
C,H,C,8950,100,8950,1,0
A,D,D,9499,100,9499,1,0
B,D,D,5308,100,5308,1,0
C,D,D,8727,100,8727,1,0
D,E,D,9919,100,9919,1,0
D,F,D,5378,100,5378,1,0
D,G,D,8882,100,8882,1,0
D,H,D,1557,100,1557,1,0
A,E,E,1443,100,1443,1,0
B,E,E,5161,100,5161,1,0
C,E,E,10836,100,10836,1,0
D,E,E,9944,100,9944,1,0
E,F,E,5115,100,5115,1,0
E,G,E,10652,100,10652,1,0
E,H,E,10139,100,10139,1,0
A,F,F,5038,100,5038,1,0
B,F,F,1357,100,1357,1,0
C,F,F,7191,100,7191,1,0
D,F,F,5373,100,5373,1,0
E,F,F,5088,100,5088,1,0
F,G,F,6992,100,6992,1,0
F,H,F,5466,100,5466,1,0
A,G,G,10627,100,10627,1,0
B,G,G,7124,100,7124,1,0
C,G,G,1381,100,1381,1,0
D,G,G,8891,100,8891,1,0
E,G,G,10665,100,10665,1,0
F,G,G,7008,100,7008,1,0
G,H,G,8836,100,8836,1,0
A,H,H,9950,100,9950,1,0
B,H,H,5766,100,5766,1,0
C,H,H,8955,100,8955,1,0
D,H,H,1535,100,1535,1,0
E,H,H,10112,100,10112,1,0
F,H,H,5389,100,5389,1,0
G,H,H,8893,100,8893,1,0
A,B,A,4728,100,4728,1,0
A,C,A,10624,100,10624,1,0
A,D,A,9523,100,9523,1,0
A,E,A,1437,100,1437,1,0
A,F,A,5060,100,5060,1,0
A,G,A,10583,100,10583,1,0
A,H,A,9941,100,9941,1,0
A,B,B,4780,100,4780,1,0
B,C,B,7042,100,7042,1,0
B,D,B,5283,100,5283,1,0
B,E,B,5198,100,5198,1,0
B,F,B,1346,100,1346,1,0
B,G,B,7049,100,7049,1,0
B,H,B,5741,100,5741,1,0
A,C,C,10630,100,10630,1,0
B,C,C,7002,100,7002,1,0
C,D,C,8760,100,8760,1,0
C,E,C,10796,100,10796,1,0
C,F,C,7223,100,7223,1,0
C,G,C,1381,100,1381,1,0
C,H,C,8925,100,8925,1,0
A,D,D,9541,100,9541,1,0
B,D,D,5316,100,5316,1,0
C,D,D,8771,100,8771,1,0
D,E,D,9985,100,9985,1,0
D,F,D,5362,100,5362,1,0
D,G,D,8866,100,8866,1,0
D,H,D,1494,100,1494,1,0
A,E,E,1436,100,1436,1,0
B,E,E,5181,100,5181,1,0
C,E,E,10852,100,10852,1,0
D,E,E,9878,100,9878,1,0
E,F,E,5095,100,5095,1,0
E,G,E,10650,100,10650,1,0
E,H,E,10106,100,10106,1,0
A,F,F,5095,100,5095,1,0
B,F,F,1374,100,1374,1,0
C,F,F,7182,100,7182,1,0
D,F,F,5364,100,5364,1,0
E,F,F,5131,100,5131,1,0
F,G,F,7003,100,7003,1,0
F,H,F,5462,100,5462,1,0
A,G,G,10623,100,10623,1,0
B,G,G,7057,100,7057,1,0
C,G,G,1367,100,1367,1,0
D,G,G,8884,100,8884,1,0
E,G,G,10605,100,10605,1,0
F,G,G,7003,100,7003,1,0
G,H,G,8867,100,8867,1,0
A,H,H,9955,100,9955,1,0
B,H,H,5817,100,5817,1,0
C,H,H,8964,100,8964,1,0
D,H,H,1506,100,1506,1,0
E,H,H,10178,100,10178,1,0
F,H,H,5442,100,5442,1,0
G,H,H,8843,100,8843,1,0
A,B,A,4779,100,4779,1,0
A,C,A,10650,100,10650,1,0
A,D,A,9543,100,9543,1,0
A,E,A,1363,100,1363,1,0
A,F,A,5072,100,5072,1,0
A,G,A,10641,100,10641,1,0
A,H,A,9923,100,9923,1,0
A,B,B,4758,100,4758,1,0
B,C,B,6977,100,6977,1,0
B,D,B,5263,100,5263,1,0
B,E,B,5167,100,5167,1,0
B,F,B,1353,100,1353,1,0
B,G,B,7088,100,7088,1,0
B,H,B,5695,100,5695,1,0
A,C,C,10583,100,10583,1,0
B,C,C,7008,100,7008,1,0
C,D,C,8746,100,8746,1,0
C,E,C,10856,100,10856,1,0
C,F,C,7202,100,7202,1,0
C,G,C,1370,100,1370,1,0
C,H,C,8947,100,8947,1,0
A,D,D,9533,100,9533,1,0
B,D,D,5311,100,5311,1,0
C,D,D,8730,100,8730,1,0
D,E,D,9956,100,9956,1,0
D,F,D,5348,100,5348,1,0
D,G,D,8898,100,8898,1,0
D,H,D,1484,100,1484,1,0
A,E,E,1421,100,1421,1,0
B,E,E,5167,100,5167,1,0
C,E,E,10817,100,10817,1,0
D,E,E,9991,100,9991,1,0
E,F,E,5110,100,5110,1,0
E,G,E,10633,100,10633,1,0
E,H,E,10179,100,10179,1,0
A,F,F,5098,100,5098,1,0
B,F,F,1341,100,1341,1,0
C,F,F,7177,100,7177,1,0
D,F,F,5369,100,5369,1,0
E,F,F,5096,100,5096,1,0
F,G,F,7017,100,7017,1,0
F,H,F,5415,100,5415,1,0
A,G,G,10648,100,10648,1,0
B,G,G,7076,100,7076,1,0
C,G,G,1349,100,1349,1,0
D,G,G,8891,100,8891,1,0
E,G,G,10636,100,10636,1,0
F,G,G,6985,100,6985,1,0
G,H,G,8848,100,8848,1,0
A,H,H,9944,100,9944,1,0
B,H,H,5711,100,5711,1,0
C,H,H,8955,100,8955,1,0
D,H,H,1538,100,1538,1,0
E,H,H,10141,100,10141,1,0
F,H,H,5436,100,5436,1,0
G,H,H,8873,100,8873,1,0
A,B,A,4820,100,4820,1,0
A,C,A,10589,100,10589,1,0
A,D,A,9547,100,9547,1,0
A,E,A,1415,100,1415,1,0
A,F,A,5044,100,5044,1,0
A,G,A,10602,100,10602,1,0
A,H,A,9951,100,9951,1,0
A,B,B,4776,100,4776,1,0
B,C,B,6977,100,6977,1,0
B,D,B,5290,100,5290,1,0
B,E,B,5232,100,5232,1,0
B,F,B,1336,100,1336,1,0
B,G,B,7070,100,7070,1,0
B,H,B,5719,100,5719,1,0
A,C,C,10616,100,10616,1,0
B,C,C,7025,100,7025,1,0
C,D,C,8708,100,8708,1,0
C,E,C,10810,100,10810,1,0
C,F,C,7221,100,7221,1,0
C,G,C,1351,100,1351,1,0
C,H,C,8930,100,8930,1,0
A,D,D,9555,100,9555,1,0
B,D,D,5333,100,5333,1,0
C,D,D,8751,100,8751,1,0
D,E,D,9862,100,9862,1,0
D,F,D,5354,100,5354,1,0
D,G,D,8884,100,8884,1,0
D,H,D,1467,100,1467,1,0
A,E,E,1449,100,1449,1,0
B,E,E,5177,100,5177,1,0
C,E,E,10836,100,10836,1,0
D,E,E,9872,100,9872,1,0
E,F,E,5094,100,5094,1,0
E,G,E,10638,100,10638,1,0
E,H,E,10123,100,10123,1,0
A,F,F,5052,100,5052,1,0
B,F,F,1334,100,1334,1,0
C,F,F,7189,100,7189,1,0
D,F,F,5355,100,5355,1,0
E,F,F,5090,100,5090,1,0
F,G,F,6996,100,6996,1,0
F,H,F,5418,100,5418,1,0
A,G,G,10661,100,10661,1,0
B,G,G,7047,100,7047,1,0
C,G,G,1373,100,1373,1,0
D,G,G,8901,100,8901,1,0
E,G,G,10603,100,10603,1,0
F,G,G,6995,100,6995,1,0
G,H,G,8888,100,8888,1,0
A,H,H,9999,100,9999,1,0
B,H,H,5755,100,5755,1,0
C,H,H,8955,100,8955,1,0
D,H,H,1484,100,1484,1,0
E,H,H,10166,100,10166,1,0
F,H,H,5475,100,5475,1,0
G,H,H,8886,100,8886,1,0
A,B,A,4787,100,4787,1,0
A,C,A,10627,100,10627,1,0
A,D,A,9536,100,9536,1,0
A,E,A,1451,100,1451,1,0
A,F,A,5065,100,5065,1,0
A,G,A,10678,100,10678,1,0
A,H,A,9952,100,9952,1,0
A,B,B,4770,100,4770,1,0
B,C,B,7033,100,7033,1,0
B,D,B,5250,100,5250,1,0
B,E,B,5202,100,5202,1,0
B,F,B,1368,100,1368,1,0
B,G,B,7075,100,7075,1,0
B,H,B,5677,100,5677,1,0
A,C,C,10653,100,10653,1,0
B,C,C,7011,100,7011,1,0
C,D,C,8738,100,8738,1,0
C,E,C,10812,100,10812,1,0
C,F,C,7176,100,7176,1,0
C,G,C,1417,100,1417,1,0
C,H,C,8961,100,8961,1,0
A,D,D,9545,100,9545,1,0
B,D,D,5262,100,5262,1,0
C,D,D,8759,100,8759,1,0
D,E,D,9971,100,9971,1,0
D,F,D,5348,100,5348,1,0
D,G,D,8884,100,8884,1,0
D,H,D,1450,100,1450,1,0
A,E,E,1432,100,1432,1,0
B,E,E,5198,100,5198,1,0
C,E,E,10818,100,10818,1,0
D,E,E,10007,100,10007,1,0
E,F,E,5131,100,5131,1,0
E,G,E,10630,100,10630,1,0
E,H,E,10190,100,10190,1,0
A,F,F,5072,100,5072,1,0
B,F,F,1360,100,1360,1,0
C,F,F,7204,100,7204,1,0
D,F,F,5362,100,5362,1,0
E,F,F,5115,100,5115,1,0
F,G,F,7000,100,7000,1,0
F,H,F,5412,100,5412,1,0
A,G,G,10623,100,10623,1,0
B,G,G,7087,100,7087,1,0
C,G,G,1361,100,1361,1,0
D,G,G,8866,100,8866,1,0
E,G,G,10642,100,10642,1,0
F,G,G,6981,100,6981,1,0
G,H,G,8863,100,8863,1,0
A,H,H,9966,100,9966,1,0
B,H,H,5785,100,5785,1,0
C,H,H,8938,100,8938,1,0
D,H,H,1493,100,1493,1,0
E,H,H,10130,100,10130,1,0
F,H,H,5523,100,5523,1,0
G,H,H,8835,100,8835,1,0
A,B,A,4787,100,4787,1,0
A,C,A,10690,100,10690,1,0
A,D,A,9510,100,9510,1,0
A,E,A,1368,100,1368,1,0
A,F,A,5073,100,5073,1,0
A,G,A,10678,100,10678,1,0
A,H,A,9944,100,9944,1,0
A,B,B,4768,100,4768,1,0
B,C,B,7006,100,7006,1,0
B,D,B,5267,100,5267,1,0
B,E,B,5176,100,5176,1,0
B,F,B,1370,100,1370,1,0
B,G,B,7035,100,7035,1,0
B,H,B,5755,100,5755,1,0
A,C,C,10610,100,10610,1,0
B,C,C,7048,100,7048,1,0
C,D,C,8776,100,8776,1,0
C,E,C,10796,100,10796,1,0
C,F,C,7183,100,7183,1,0
C,G,C,1371,100,1371,1,0
C,H,C,8946,100,8946,1,0
A,D,D,9531,100,9531,1,0
B,D,D,5252,100,5252,1,0
C,D,D,8712,100,8712,1,0
D,E,D,9977,100,9977,1,0
D,F,D,5361,100,5361,1,0
D,G,D,8902,100,8902,1,0
D,H,D,1463,100,1463,1,0
A,E,E,1502,100,1502,1,0
B,E,E,5206,100,5206,1,0
C,E,E,10814,100,10814,1,0
D,E,E,9862,100,9862,1,0
E,F,E,5090,100,5090,1,0
E,G,E,10680,100,10680,1,0
E,H,E,10108,100,10108,1,0
A,F,F,5069,100,5069,1,0
B,F,F,1352,100,1352,1,0
C,F,F,7180,100,7180,1,0
D,F,F,5366,100,5366,1,0
E,F,F,5114,100,5114,1,0
F,G,F,7009,100,7009,1,0
F,H,F,5472,100,5472,1,0
A,G,G,10619,100,10619,1,0
B,G,G,7069,100,7069,1,0
C,G,G,1404,100,1404,1,0
D,G,G,8887,100,8887,1,0
E,G,G,10623,100,10623,1,0
F,G,G,6999,100,6999,1,0
G,H,G,8866,100,8866,1,0
A,H,H,9936,100,9936,1,0
B,H,H,5749,100,5749,1,0
C,H,H,8926,100,8926,1,0
D,H,H,1514,100,1514,1,0
E,H,H,10163,100,10163,1,0
F,H,H,5443,100,5443,1,0
G,H,H,8883,100,8883,1,0
A,B,A,4766,100,4766,1,0
A,C,A,10666,100,10666,1,0
A,D,A,9534,100,9534,1,0
A,E,A,1398,100,1398,1,0
A,F,A,5091,100,5091,1,0
A,G,A,10586,100,10586,1,0
A,H,A,9985,100,9985,1,0
A,B,B,4753,100,4753,1,0
B,C,B,7010,100,7010,1,0
B,D,B,5306,100,5306,1,0
B,E,B,5231,100,5231,1,0
B,F,B,1310,100,1310,1,0
B,G,B,7069,100,7069,1,0
B,H,B,5747,100,5747,1,0
A,C,C,10620,100,10620,1,0
B,C,C,6994,100,6994,1,0
C,D,C,8727,100,8727,1,0
C,E,C,10816,100,10816,1,0
C,F,C,7218,100,7218,1,0
C,G,C,1375,100,1375,1,0
C,H,C,8946,100,8946,1,0
A,D,D,9517,100,9517,1,0
B,D,D,5251,100,5251,1,0
C,D,D,8753,100,8753,1,0
D,E,D,9929,100,9929,1,0
D,F,D,5405,100,5405,1,0
D,G,D,8945,100,8945,1,0
D,H,D,1489,100,1489,1,0
A,E,E,1405,100,1405,1,0
B,E,E,5178,100,5178,1,0
C,E,E,10789,100,10789,1,0
D,E,E,9924,100,9924,1,0
E,F,E,5076,100,5076,1,0
E,G,E,10655,100,10655,1,0
E,H,E,10107,100,10107,1,0
A,F,F,5008,100,5008,1,0
B,F,F,1328,100,1328,1,0
C,F,F,7204,100,7204,1,0
D,F,F,5375,100,5375,1,0
E,F,F,5117,100,5117,1,0
F,G,F,7022,100,7022,1,0
F,H,F,5440,100,5440,1,0
A,G,G,10619,100,10619,1,0
B,G,G,7058,100,7058,1,0
C,G,G,1343,100,1343,1,0
D,G,G,8884,100,8884,1,0
E,G,G,10633,100,10633,1,0
F,G,G,6966,100,6966,1,0
G,H,G,8865,100,8865,1,0
A,H,H,10003,100,10003,1,0
B,H,H,5749,100,5749,1,0
C,H,H,8948,100,8948,1,0
D,H,H,1507,100,1507,1,0
E,H,H,10138,100,10138,1,0
F,H,H,5450,100,5450,1,0
G,H,H,8843,100,8843,1,0
A,B,A,4749,100,4749,1,0
A,C,A,10661,100,10661,1,0
A,D,A,9518,100,9518,1,0
A,E,A,1407,100,1407,1,0
A,F,A,5057,100,5057,1,0
A,G,A,10583,100,10583,1,0
A,H,A,9995,100,9995,1,0
A,B,B,4757,100,4757,1,0
B,C,B,6999,100,6999,1,0
B,D,B,5314,100,5314,1,0
B,E,B,5164,100,5164,1,0
B,F,B,1342,100,1342,1,0
B,G,B,7054,100,7054,1,0
B,H,B,5752,100,5752,1,0
A,C,C,10661,100,10661,1,0
B,C,C,6994,100,6994,1,0
C,D,C,8761,100,8761,1,0
C,E,C,10798,100,10798,1,0
C,F,C,7173,100,7173,1,0
C,G,C,1386,100,1386,1,0
C,H,C,8927,100,8927,1,0
A,D,D,9510,100,9510,1,0
B,D,D,5300,100,5300,1,0
C,D,D,8727,100,8727,1,0
D,E,D,9969,100,9969,1,0
D,F,D,5360,100,5360,1,0
D,G,D,8928,100,8928,1,0
D,H,D,1470,100,1470,1,0
A,E,E,1394,100,1394,1,0
B,E,E,5183,100,5183,1,0
C,E,E,10795,100,10795,1,0
D,E,E,9999,100,9999,1,0
E,F,E,5118,100,5118,1,0
E,G,E,10617,100,10617,1,0
E,H,E,10127,100,10127,1,0
A,F,F,5086,100,5086,1,0
B,F,F,1356,100,1356,1,0
C,F,F,7197,100,7197,1,0
D,F,F,5352,100,5352,1,0
E,F,F,5096,100,5096,1,0
F,G,F,6974,100,6974,1,0
F,H,F,5458,100,5458,1,0
A,G,G,10621,100,10621,1,0
B,G,G,7069,100,7069,1,0
C,G,G,1387,100,1387,1,0
D,G,G,8888,100,8888,1,0
E,G,G,10628,100,10628,1,0
F,G,G,7002,100,7002,1,0
G,H,G,8879,100,8879,1,0
A,H,H,9971,100,9971,1,0
B,H,H,5772,100,5772,1,0
C,H,H,8961,100,8961,1,0
D,H,H,1503,100,1503,1,0
E,H,H,10115,100,10115,1,0
F,H,H,5485,100,5485,1,0
G,H,H,8852,100,8852,1,0
A,B,A,4757,100,4757,1,0
A,C,A,10646,100,10646,1,0
A,D,A,9538,100,9538,1,0
A,E,A,1388,100,1388,1,0
A,F,A,5076,100,5076,1,0
A,G,A,10597,100,10597,1,0
A,H,A,9916,100,9916,1,0
A,B,B,4788,100,4788,1,0
B,C,B,6999,100,6999,1,0
B,D,B,5345,100,5345,1,0
B,E,B,5151,100,5151,1,0
B,F,B,1339,100,1339,1,0
B,G,B,7072,100,7072,1,0
B,H,B,5714,100,5714,1,0
A,C,C,10634,100,10634,1,0
B,C,C,7008,100,7008,1,0
C,D,C,8706,100,8706,1,0
C,E,C,10844,100,10844,1,0
C,F,C,7192,100,7192,1,0
C,G,C,1388,100,1388,1,0
C,H,C,8948,100,8948,1,0
A,D,D,9518,100,9518,1,0
B,D,D,5273,100,5273,1,0
C,D,D,8737,100,8737,1,0
D,E,D,9868,100,9868,1,0
D,F,D,5334,100,5334,1,0
D,G,D,8886,100,8886,1,0
D,H,D,1489,100,1489,1,0
A,E,E,1439,100,1439,1,0
B,E,E,5146,100,5146,1,0
C,E,E,10820,100,10820,1,0
D,E,E,9989,100,9989,1,0
E,F,E,5077,100,5077,1,0
E,G,E,10639,100,10639,1,0
E,H,E,10152,100,10152,1,0
A,F,F,5066,100,5066,1,0
B,F,F,1372,100,1372,1,0
C,F,F,7195,100,7195,1,0
D,F,F,5365,100,5365,1,0
E,F,F,5121,100,5121,1,0
F,G,F,6983,100,6983,1,0
F,H,F,5462,100,5462,1,0
A,G,G,10645,100,10645,1,0
B,G,G,7107,100,7107,1,0
C,G,G,1387,100,1387,1,0
D,G,G,8888,100,8888,1,0
E,G,G,10650,100,10650,1,0
F,G,G,6991,100,6991,1,0
G,H,G,8859,100,8859,1,0
A,H,H,9923,100,9923,1,0
B,H,H,5690,100,5690,1,0
C,H,H,8938,100,8938,1,0
D,H,H,1444,100,1444,1,0
E,H,H,10161,100,10161,1,0
F,H,H,5446,100,5446,1,0
G,H,H,8843,100,8843,1,0
A,B,A,4770,100,4770,1,0
A,C,A,10651,100,10651,1,0
A,D,A,9503,100,9503,1,0
A,E,A,1385,100,1385,1,0
A,F,A,5055,100,5055,1,0
A,G,A,10596,100,10596,1,0
A,H,A,9967,100,9967,1,0
A,B,B,4727,100,4727,1,0
B,C,B,7009,100,7009,1,0
B,D,B,5285,100,5285,1,0
B,E,B,5181,100,5181,1,0
B,F,B,1393,100,1393,1,0
B,G,B,7083,100,7083,1,0
B,H,B,5740,100,5740,1,0
A,C,C,10650,100,10650,1,0
B,C,C,7005,100,7005,1,0
C,D,C,8736,100,8736,1,0
C,E,C,10866,100,10866,1,0
C,F,C,7181,100,7181,1,0
C,G,C,1368,100,1368,1,0
C,H,C,8952,100,8952,1,0
A,D,D,9509,100,9509,1,0
B,D,D,5258,100,5258,1,0
C,D,D,8754,100,8754,1,0
D,E,D,9878,100,9878,1,0
D,F,D,5396,100,5396,1,0
D,G,D,8876,100,8876,1,0
D,H,D,1560,100,1560,1,0
A,E,E,1376,100,1376,1,0
B,E,E,5192,100,5192,1,0
C,E,E,10826,100,10826,1,0
D,E,E,9853,100,9853,1,0
E,F,E,5086,100,5086,1,0
E,G,E,10639,100,10639,1,0
E,H,E,10154,100,10154,1,0
A,F,F,5097,100,5097,1,0
B,F,F,1342,100,1342,1,0
C,F,F,7182,100,7182,1,0
D,F,F,5382,100,5382,1,0
E,F,F,5118,100,5118,1,0
F,G,F,7021,100,7021,1,0
F,H,F,5417,100,5417,1,0
A,G,G,10616,100,10616,1,0
B,G,G,7062,100,7062,1,0
C,G,G,1351,100,1351,1,0
D,G,G,8890,100,8890,1,0
E,G,G,10655,100,10655,1,0
F,G,G,7000,100,7000,1,0
G,H,G,8812,100,8812,1,0
A,H,H,9991,100,9991,1,0
B,H,H,5734,100,5734,1,0
C,H,H,8951,100,8951,1,0
D,H,H,1464,100,1464,1,0
E,H,H,10116,100,10116,1,0
F,H,H,5434,100,5434,1,0
G,H,H,8876,100,8876,1,0
A,B,A,4776,100,4776,1,0
A,C,A,10622,100,10622,1,0
A,D,A,9527,100,9527,1,0
A,E,A,1457,100,1457,1,0
A,F,A,5047,100,5047,1,0
A,G,A,10579,100,10579,1,0
A,H,A,9939,100,9939,1,0
A,B,B,4788,100,4788,1,0
B,C,B,7022,100,7022,1,0
B,D,B,5300,100,5300,1,0
B,E,B,5185,100,5185,1,0
B,F,B,1342,100,1342,1,0
B,G,B,7092,100,7092,1,0
B,H,B,5728,100,5728,1,0
A,C,C,10648,100,10648,1,0
B,C,C,7023,100,7023,1,0
C,D,C,8761,100,8761,1,0
C,E,C,10804,100,10804,1,0
C,F,C,7188,100,7188,1,0
C,G,C,1342,100,1342,1,0
C,H,C,9016,100,9016,1,0
A,D,D,9542,100,9542,1,0
B,D,D,5286,100,5286,1,0
C,D,D,8742,100,8742,1,0
D,E,D,9957,100,9957,1,0
D,F,D,5334,100,5334,1,0
D,G,D,8937,100,8937,1,0
D,H,D,1477,100,1477,1,0
A,E,E,1399,100,1399,1,0
B,E,E,5166,100,5166,1,0
C,E,E,10811,100,10811,1,0
D,E,E,9988,100,9988,1,0
E,F,E,5118,100,5118,1,0
E,G,E,10630,100,10630,1,0
E,H,E,10123,100,10123,1,0
A,F,F,5102,100,5102,1,0
B,F,F,1336,100,1336,1,0
C,F,F,7195,100,7195,1,0
D,F,F,5364,100,5364,1,0
E,F,F,5094,100,5094,1,0
F,G,F,7007,100,7007,1,0
F,H,F,5452,100,5452,1,0
A,G,G,10658,100,10658,1,0
B,G,G,7070,100,7070,1,0
C,G,G,1332,100,1332,1,0
D,G,G,8917,100,8917,1,0
E,G,G,10624,100,10624,1,0
F,G,G,7027,100,7027,1,0
G,H,G,8861,100,8861,1,0
A,H,H,9949,100,9949,1,0
B,H,H,5760,100,5760,1,0
C,H,H,8947,100,8947,1,0
D,H,H,1520,100,1520,1,0
E,H,H,10118,100,10118,1,0
F,H,H,5475,100,5475,1,0
G,H,H,8865,100,8865,1,0
A,B,A,4727,100,4727,1,0
A,C,A,10619,100,10619,1,0
A,D,A,9528,100,9528,1,0
A,E,A,1431,100,1431,1,0
A,F,A,5055,100,5055,1,0
A,G,A,10671,100,10671,1,0
A,H,A,9944,100,9944,1,0
A,B,B,4806,100,4806,1,0
B,C,B,6967,100,6967,1,0
B,D,B,5305,100,5305,1,0
B,E,B,5172,100,5172,1,0
B,F,B,1355,100,1355,1,0
B,G,B,7073,100,7073,1,0
B,H,B,5773,100,5773,1,0
A,C,C,10665,100,10665,1,0
B,C,C,7005,100,7005,1,0
C,D,C,8744,100,8744,1,0
C,E,C,10851,100,10851,1,0
C,F,C,7201,100,7201,1,0
C,G,C,1424,100,1424,1,0
C,H,C,8956,100,8956,1,0
A,D,D,9544,100,9544,1,0
B,D,D,5299,100,5299,1,0
C,D,D,8699,100,8699,1,0
D,E,D,9878,100,9878,1,0
D,F,D,5386,100,5386,1,0
D,G,D,8921,100,8921,1,0
D,H,D,1549,100,1549,1,0
A,E,E,1395,100,1395,1,0
B,E,E,5170,100,5170,1,0
C,E,E,10878,100,10878,1,0
D,E,E,9926,100,9926,1,0
E,F,E,5084,100,5084,1,0
E,G,E,10644,100,10644,1,0
E,H,E,10136,100,10136,1,0
A,F,F,5032,100,5032,1,0
B,F,F,1361,100,1361,1,0
C,F,F,7198,100,7198,1,0
D,F,F,5371,100,5371,1,0
E,F,F,5119,100,5119,1,0
F,G,F,7004,100,7004,1,0
F,H,F,5427,100,5427,1,0
A,G,G,10586,100,10586,1,0
B,G,G,7106,100,7106,1,0
C,G,G,1347,100,1347,1,0
D,G,G,8867,100,8867,1,0
E,G,G,10601,100,10601,1,0
F,G,G,6985,100,6985,1,0
G,H,G,8895,100,8895,1,0
A,H,H,9914,100,9914,1,0
B,H,H,5729,100,5729,1,0
C,H,H,8934,100,8934,1,0
D,H,H,1433,100,1433,1,0
E,H,H,10144,100,10144,1,0
F,H,H,5472,100,5472,1,0
G,H,H,8894,100,8894,1,0
A,B,A,4780,100,4780,1,0
A,C,A,10636,100,10636,1,0
A,D,A,9559,100,9559,1,0
A,E,A,1393,100,1393,1,0
A,F,A,5075,100,5075,1,0
A,G,A,10678,100,10678,1,0
A,H,A,9989,100,9989,1,0
A,B,B,4778,100,4778,1,0
B,C,B,7005,100,7005,1,0
B,D,B,5320,100,5320,1,0
B,E,B,5209,100,5209,1,0
B,F,B,1346,100,1346,1,0
B,G,B,7043,100,7043,1,0
B,H,B,5690,100,5690,1,0
A,C,C,10641,100,10641,1,0
B,C,C,7015,100,7015,1,0
C,D,C,8743,100,8743,1,0
C,E,C,10794,100,10794,1,0
C,F,C,7168,100,7168,1,0
C,G,C,1381,100,1381,1,0
C,H,C,8951,100,8951,1,0
A,D,D,9522,100,9522,1,0
B,D,D,5276,100,5276,1,0
C,D,D,8743,100,8743,1,0
D,E,D,9966,100,9966,1,0
D,F,D,5358,100,5358,1,0
D,G,D,8916,100,8916,1,0
D,H,D,1537,100,1537,1,0
A,E,E,1428,100,1428,1,0
B,E,E,5173,100,5173,1,0
C,E,E,10817,100,10817,1,0
D,E,E,9965,100,9965,1,0
E,F,E,5125,100,5125,1,0
E,G,E,10666,100,10666,1,0
E,H,E,10183,100,10183,1,0
A,F,F,5106,100,5106,1,0
B,F,F,1343,100,1343,1,0
C,F,F,7191,100,7191,1,0
D,F,F,5379,100,5379,1,0
E,F,F,5098,100,5098,1,0
F,G,F,6971,100,6971,1,0
F,H,F,5436,100,5436,1,0
A,G,G,10647,100,10647,1,0
B,G,G,7062,100,7062,1,0
C,G,G,1316,100,1316,1,0
D,G,G,8901,100,8901,1,0
E,G,G,10624,100,10624,1,0
F,G,G,7013,100,7013,1,0
G,H,G,8893,100,8893,1,0
A,H,H,9932,100,9932,1,0
B,H,H,5696,100,5696,1,0
C,H,H,8943,100,8943,1,0
D,H,H,1496,100,1496,1,0
E,H,H,10144,100,10144,1,0
F,H,H,5442,100,5442,1,0
G,H,H,8855,100,8855,1,0
A,B,A,4747,100,4747,1,0
A,C,A,10655,100,10655,1,0
A,D,A,9533,100,9533,1,0
A,E,A,1436,100,1436,1,0
A,F,A,5040,100,5040,1,0
A,G,A,10584,100,10584,1,0
A,H,A,9974,100,9974,1,0
A,B,B,4790,100,4790,1,0
B,C,B,7049,100,7049,1,0
B,D,B,5301,100,5301,1,0
B,E,B,5179,100,5179,1,0
B,F,B,1359,100,1359,1,0
B,G,B,7088,100,7088,1,0
B,H,B,5715,100,5715,1,0
A,C,C,10616,100,10616,1,0
B,C,C,7034,100,7034,1,0
C,D,C,8789,100,8789,1,0
C,E,C,10798,100,10798,1,0
C,F,C,7196,100,7196,1,0
C,G,C,1382,100,1382,1,0
C,H,C,8942,100,8942,1,0
A,D,D,9515,100,9515,1,0
B,D,D,5246,100,5246,1,0
C,D,D,8726,100,8726,1,0
D,E,D,9951,100,9951,1,0
D,F,D,5360,100,5360,1,0
D,G,D,8864,100,8864,1,0
D,H,D,1549,100,1549,1,0
A,E,E,1410,100,1410,1,0
B,E,E,5169,100,5169,1,0
C,E,E,10811,100,10811,1,0
D,E,E,9931,100,9931,1,0
E,F,E,5097,100,5097,1,0
E,G,E,10630,100,10630,1,0
E,H,E,10150,100,10150,1,0
A,F,F,5049,100,5049,1,0
B,F,F,1347,100,1347,1,0
C,F,F,7212,100,7212,1,0
D,F,F,5343,100,5343,1,0
E,F,F,5138,100,5138,1,0
F,G,F,6991,100,6991,1,0
F,H,F,5497,100,5497,1,0
A,G,G,10605,100,10605,1,0
B,G,G,7056,100,7056,1,0
C,G,G,1336,100,1336,1,0
D,G,G,8891,100,8891,1,0
E,G,G,10671,100,10671,1,0
F,G,G,6999,100,6999,1,0
G,H,G,8869,100,8869,1,0
A,H,H,9966,100,9966,1,0
B,H,H,5694,100,5694,1,0
C,H,H,8913,100,8913,1,0
D,H,H,1472,100,1472,1,0
E,H,H,10129,100,10129,1,0
F,H,H,5446,100,5446,1,0
G,H,H,8856,100,8856,1,0
A,B,A,4766,100,4766,1,0
A,C,A,10681,100,10681,1,0
A,D,A,9515,100,9515,1,0
A,E,A,1406,100,1406,1,0
A,F,A,5055,100,5055,1,0
A,G,A,10666,100,10666,1,0
A,H,A,9949,100,9949,1,0
A,B,B,4774,100,4774,1,0
B,C,B,7016,100,7016,1,0
B,D,B,5255,100,5255,1,0
B,E,B,5199,100,5199,1,0
B,F,B,1369,100,1369,1,0
B,G,B,7078,100,7078,1,0
B,H,B,5738,100,5738,1,0
A,C,C,10674,100,10674,1,0
B,C,C,7041,100,7041,1,0
C,D,C,8726,100,8726,1,0
C,E,C,10861,100,10861,1,0
C,F,C,7178,100,7178,1,0
C,G,C,1404,100,1404,1,0
C,H,C,8949,100,8949,1,0
A,D,D,9530,100,9530,1,0
B,D,D,5268,100,5268,1,0
C,D,D,8712,100,8712,1,0
D,E,D,9928,100,9928,1,0
D,F,D,5334,100,5334,1,0
D,G,D,8893,100,8893,1,0
D,H,D,1459,100,1459,1,0
A,E,E,1374,100,1374,1,0
B,E,E,5166,100,5166,1,0
C,E,E,10801,100,10801,1,0
D,E,E,9931,100,9931,1,0
E,F,E,5107,100,5107,1,0
E,G,E,10636,100,10636,1,0
E,H,E,10136,100,10136,1,0
A,F,F,5053,100,5053,1,0
B,F,F,1375,100,1375,1,0
C,F,F,7209,100,7209,1,0
D,F,F,5383,100,5383,1,0
E,F,F,5090,100,5090,1,0
F,G,F,6989,100,6989,1,0
F,H,F,5475,100,5475,1,0
A,G,G,10662,100,10662,1,0
B,G,G,7037,100,7037,1,0
C,G,G,1354,100,1354,1,0
D,G,G,8897,100,8897,1,0
E,G,G,10653,100,10653,1,0
F,G,G,6961,100,6961,1,0
G,H,G,8835,100,8835,1,0
A,H,H,9948,100,9948,1,0
B,H,H,5730,100,5730,1,0
C,H,H,8937,100,8937,1,0
D,H,H,1549,100,1549,1,0
E,H,H,10166,100,10166,1,0
F,H,H,5422,100,5422,1,0
G,H,H,8885,100,8885,1,0
A,B,A,4789,100,4789,1,0
A,C,A,10589,100,10589,1,0
A,D,A,9532,100,9532,1,0
A,E,A,1389,100,1389,1,0
A,F,A,5053,100,5053,1,0
A,G,A,10630,100,10630,1,0
A,H,A,9974,100,9974,1,0
A,B,B,4759,100,4759,1,0
B,C,B,7000,100,7000,1,0
B,D,B,5272,100,5272,1,0
B,E,B,5173,100,5173,1,0
B,F,B,1401,100,1401,1,0
B,G,B,7039,100,7039,1,0
B,H,B,5736,100,5736,1,0
A,C,C,10633,100,10633,1,0
B,C,C,6978,100,6978,1,0
C,D,C,8730,100,8730,1,0
C,E,C,10847,100,10847,1,0
C,F,C,7200,100,7200,1,0
C,G,C,1403,100,1403,1,0
C,H,C,8902,100,8902,1,0
A,D,D,9521,100,9521,1,0
B,D,D,5317,100,5317,1,0
C,D,D,8766,100,8766,1,0
D,E,D,9901,100,9901,1,0
D,F,D,5340,100,5340,1,0
D,G,D,8876,100,8876,1,0
D,H,D,1551,100,1551,1,0
A,E,E,1446,100,1446,1,0
B,E,E,5146,100,5146,1,0
C,E,E,10847,100,10847,1,0
D,E,E,9964,100,9964,1,0
E,F,E,5085,100,5085,1,0
E,G,E,10655,100,10655,1,0
E,H,E,10163,100,10163,1,0
A,F,F,5052,100,5052,1,0
B,F,F,1364,100,1364,1,0
C,F,F,7202,100,7202,1,0
D,F,F,5402,100,5402,1,0
E,F,F,5060,100,5060,1,0
F,G,F,7000,100,7000,1,0
F,H,F,5453,100,5453,1,0
A,G,G,10590,100,10590,1,0
B,G,G,7044,100,7044,1,0
C,G,G,1340,100,1340,1,0
D,G,G,8931,100,8931,1,0
E,G,G,10648,100,10648,1,0
F,G,G,6978,100,6978,1,0
G,H,G,8901,100,8901,1,0
A,H,H,9942,100,9942,1,0
B,H,H,5742,100,5742,1,0
C,H,H,8909,100,8909,1,0
D,H,H,1473,100,1473,1,0
E,H,H,10129,100,10129,1,0
F,H,H,5486,100,5486,1,0
G,H,H,8862,100,8862,1,0
A,B,A,4750,100,4750,1,0
A,C,A,10639,100,10639,1,0
A,D,A,9519,100,9519,1,0
A,E,A,1416,100,1416,1,0
A,F,A,5049,100,5049,1,0
A,G,A,10619,100,10619,1,0
A,H,A,9929,100,9929,1,0
A,B,B,4808,100,4808,1,0
B,C,B,7017,100,7017,1,0
B,D,B,5323,100,5323,1,0
B,E,B,5180,100,5180,1,0
B,F,B,1354,100,1354,1,0
B,G,B,7082,100,7082,1,0
B,H,B,5713,100,5713,1,0
A,C,C,10651,100,10651,1,0
B,C,C,7011,100,7011,1,0
C,D,C,8715,100,8715,1,0
C,E,C,10812,100,10812,1,0
C,F,C,7219,100,7219,1,0
C,G,C,1379,100,1379,1,0
C,H,C,8969,100,8969,1,0
A,D,D,9523,100,9523,1,0
B,D,D,5314,100,5314,1,0
C,D,D,8765,100,8765,1,0
D,E,D,9940,100,9940,1,0
D,F,D,5347,100,5347,1,0
D,G,D,8880,100,8880,1,0
D,H,D,1489,100,1489,1,0
A,E,E,1444,100,1444,1,0
B,E,E,5171,100,5171,1,0
C,E,E,10777,100,10777,1,0
D,E,E,9948,100,9948,1,0
E,F,E,5064,100,5064,1,0
E,G,E,10595,100,10595,1,0
E,H,E,10138,100,10138,1,0
A,F,F,5096,100,5096,1,0
B,F,F,1364,100,1364,1,0
C,F,F,7192,100,7192,1,0
D,F,F,5405,100,5405,1,0
E,F,F,5081,100,5081,1,0
F,G,F,6992,100,6992,1,0
F,H,F,5476,100,5476,1,0
A,G,G,10584,100,10584,1,0
B,G,G,7080,100,7080,1,0
C,G,G,1378,100,1378,1,0
D,G,G,8884,100,8884,1,0
E,G,G,10597,100,10597,1,0
F,G,G,6986,100,6986,1,0
G,H,G,8840,100,8840,1,0
A,H,H,9988,100,9988,1,0
B,H,H,5720,100,5720,1,0
C,H,H,8912,100,8912,1,0
D,H,H,1512,100,1512,1,0
E,H,H,10135,100,10135,1,0
F,H,H,5437,100,5437,1,0
G,H,H,8896,100,8896,1,0
A,B,A,4758,100,4758,1,0
A,C,A,10631,100,10631,1,0
A,D,A,9514,100,9514,1,0
A,E,A,1455,100,1455,1,0
A,F,A,5063,100,5063,1,0
A,G,A,10663,100,10663,1,0
A,H,A,9944,100,9944,1,0
A,B,B,4789,100,4789,1,0
B,C,B,6998,100,6998,1,0
B,D,B,5227,100,5227,1,0
B,E,B,5195,100,5195,1,0
B,F,B,1342,100,1342,1,0
B,G,B,7046,100,7046,1,0
B,H,B,5681,100,5681,1,0
A,C,C,10644,100,10644,1,0
B,C,C,6998,100,6998,1,0
C,D,C,8760,100,8760,1,0
C,E,C,10828,100,10828,1,0
C,F,C,7201,100,7201,1,0
C,G,C,1384,100,1384,1,0
C,H,C,8918,100,8918,1,0
A,D,D,9540,100,9540,1,0
B,D,D,5268,100,5268,1,0
C,D,D,8704,100,8704,1,0
D,E,D,9970,100,9970,1,0
D,F,D,5368,100,5368,1,0
D,G,D,8891,100,8891,1,0
D,H,D,1519,100,1519,1,0
A,E,E,1376,100,1376,1,0
B,E,E,5149,100,5149,1,0
C,E,E,10814,100,10814,1,0
D,E,E,9900,100,9900,1,0
E,F,E,5118,100,5118,1,0
E,G,E,10623,100,10623,1,0
E,H,E,10142,100,10142,1,0
A,F,F,5089,100,5089,1,0
B,F,F,1325,100,1325,1,0
C,F,F,7188,100,7188,1,0
D,F,F,5399,100,5399,1,0
E,F,F,5136,100,5136,1,0
F,G,F,7013,100,7013,1,0
F,H,F,5453,100,5453,1,0
A,G,G,10649,100,10649,1,0
B,G,G,7083,100,7083,1,0
C,G,G,1377,100,1377,1,0
D,G,G,8888,100,8888,1,0
E,G,G,10623,100,10623,1,0
F,G,G,7016,100,7016,1,0
G,H,G,8845,100,8845,1,0
A,H,H,9900,100,9900,1,0
B,H,H,5755,100,5755,1,0
C,H,H,8900,100,8900,1,0
D,H,H,1513,100,1513,1,0
E,H,H,10145,100,10145,1,0
F,H,H,5450,100,5450,1,0
G,H,H,8867,100,8867,1,0
A,B,A,4781,100,4781,1,0
A,C,A,10656,100,10656,1,0
A,D,A,9542,100,9542,1,0
A,E,A,1446,100,1446,1,0
A,F,A,5086,100,5086,1,0
A,G,A,10658,100,10658,1,0
A,H,A,9964,100,9964,1,0
A,B,B,4758,100,4758,1,0
B,C,B,7010,100,7010,1,0
B,D,B,5320,100,5320,1,0
B,E,B,5123,100,5123,1,0
B,F,B,1362,100,1362,1,0
B,G,B,7059,100,7059,1,0
B,H,B,5762,100,5762,1,0
A,C,C,10590,100,10590,1,0
B,C,C,7000,100,7000,1,0
C,D,C,8701,100,8701,1,0
C,E,C,10862,100,10862,1,0
C,F,C,7194,100,7194,1,0
C,G,C,1342,100,1342,1,0
C,H,C,8976,100,8976,1,0
A,D,D,9512,100,9512,1,0
B,D,D,5304,100,5304,1,0
C,D,D,8760,100,8760,1,0
D,E,D,9928,100,9928,1,0
D,F,D,5353,100,5353,1,0
D,G,D,8893,100,8893,1,0
D,H,D,1489,100,1489,1,0
A,E,E,1461,100,1461,1,0
B,E,E,5147,100,5147,1,0
C,E,E,10812,100,10812,1,0
D,E,E,9996,100,9996,1,0
E,F,E,5129,100,5129,1,0
E,G,E,10655,100,10655,1,0
E,H,E,10157,100,10157,1,0
A,F,F,5124,100,5124,1,0
B,F,F,1358,100,1358,1,0
C,F,F,7196,100,7196,1,0
D,F,F,5369,100,5369,1,0
E,F,F,5113,100,5113,1,0
F,G,F,6989,100,6989,1,0
F,H,F,5488,100,5488,1,0
A,G,G,10631,100,10631,1,0
B,G,G,7120,100,7120,1,0
C,G,G,1385,100,1385,1,0
D,G,G,8902,100,8902,1,0
E,G,G,10561,100,10561,1,0
F,G,G,7005,100,7005,1,0
G,H,G,8872,100,8872,1,0
A,H,H,9945,100,9945,1,0
B,H,H,5766,100,5766,1,0
C,H,H,8925,100,8925,1,0
D,H,H,1520,100,1520,1,0
E,H,H,10147,100,10147,1,0
F,H,H,5458,100,5458,1,0
G,H,H,8892,100,8892,1,0
A,B,A,4802,100,4802,1,0
A,C,A,10638,100,10638,1,0
A,D,A,9549,100,9549,1,0
A,E,A,1404,100,1404,1,0
A,F,A,5072,100,5072,1,0
A,G,A,10650,100,10650,1,0
A,H,A,9916,100,9916,1,0
A,B,B,4793,100,4793,1,0
B,C,B,7018,100,7018,1,0
B,D,B,5284,100,5284,1,0
B,E,B,5159,100,5159,1,0
B,F,B,1346,100,1346,1,0
B,G,B,7099,100,7099,1,0
B,H,B,5746,100,5746,1,0
A,C,C,10647,100,10647,1,0
B,C,C,7000,100,7000,1,0
C,D,C,8717,100,8717,1,0
C,E,C,10795,100,10795,1,0
C,F,C,7199,100,7199,1,0
C,G,C,1414,100,1414,1,0
C,H,C,8935,100,8935,1,0
A,D,D,9540,100,9540,1,0
B,D,D,5273,100,5273,1,0
C,D,D,8770,100,8770,1,0
D,E,D,9957,100,9957,1,0
D,F,D,5340,100,5340,1,0
D,G,D,8935,100,8935,1,0
D,H,D,1484,100,1484,1,0
A,E,E,1414,100,1414,1,0
B,E,E,5219,100,5219,1,0
C,E,E,10812,100,10812,1,0
D,E,E,9976,100,9976,1,0
E,F,E,5115,100,5115,1,0
E,G,E,10620,100,10620,1,0
E,H,E,10128,100,10128,1,0
A,F,F,5041,100,5041,1,0
B,F,F,1335,100,1335,1,0
C,F,F,7187,100,7187,1,0
D,F,F,5343,100,5343,1,0
E,F,F,5107,100,5107,1,0
F,G,F,7015,100,7015,1,0
F,H,F,5477,100,5477,1,0
A,G,G,10596,100,10596,1,0
B,G,G,7050,100,7050,1,0
C,G,G,1336,100,1336,1,0
D,G,G,8905,100,8905,1,0
E,G,G,10647,100,10647,1,0
F,G,G,7014,100,7014,1,0
G,H,G,8881,100,8881,1,0
A,H,H,9916,100,9916,1,0
B,H,H,5742,100,5742,1,0
C,H,H,8928,100,8928,1,0
D,H,H,1489,100,1489,1,0
E,H,H,10194,100,10194,1,0
F,H,H,5481,100,5481,1,0
G,H,H,8876,100,8876,1,0
A,B,A,4765,100,4765,1,0
A,C,A,10617,100,10617,1,0
A,D,A,9563,100,9563,1,0
A,E,A,1403,100,1403,1,0
A,F,A,5030,100,5030,1,0
A,G,A,10534,100,10534,1,0
A,H,A,9908,100,9908,1,0
A,B,B,4716,100,4716,1,0
B,C,B,7031,100,7031,1,0
B,D,B,5270,100,5270,1,0
B,E,B,5179,100,5179,1,0
B,F,B,1338,100,1338,1,0
B,G,B,7095,100,7095,1,0
B,H,B,5768,100,5768,1,0
A,C,C,10653,100,10653,1,0
B,C,C,7008,100,7008,1,0
C,D,C,8719,100,8719,1,0
C,E,C,10849,100,10849,1,0
C,F,C,7188,100,7188,1,0
C,G,C,1352,100,1352,1,0
C,H,C,8928,100,8928,1,0
A,D,D,9529,100,9529,1,0
B,D,D,5277,100,5277,1,0
C,D,D,8710,100,8710,1,0
D,E,D,9928,100,9928,1,0
D,F,D,5384,100,5384,1,0
D,G,D,8946,100,8946,1,0
D,H,D,1496,100,1496,1,0
A,E,E,1406,100,1406,1,0
B,E,E,5196,100,5196,1,0
C,E,E,10828,100,10828,1,0
D,E,E,9916,100,9916,1,0
E,F,E,5093,100,5093,1,0
E,G,E,10615,100,10615,1,0
E,H,E,10103,100,10103,1,0
A,F,F,5044,100,5044,1,0
B,F,F,1350,100,1350,1,0
C,F,F,7208,100,7208,1,0
D,F,F,5367,100,5367,1,0
E,F,F,5105,100,5105,1,0
F,G,F,6992,100,6992,1,0
F,H,F,5485,100,5485,1,0
A,G,G,10580,100,10580,1,0
B,G,G,7073,100,7073,1,0
C,G,G,1388,100,1388,1,0
D,G,G,8882,100,8882,1,0
E,G,G,10676,100,10676,1,0
F,G,G,7003,100,7003,1,0
G,H,G,8871,100,8871,1,0
A,H,H,9979,100,9979,1,0
B,H,H,5745,100,5745,1,0
C,H,H,8910,100,8910,1,0
D,H,H,1508,100,1508,1,0
E,H,H,10125,100,10125,1,0
F,H,H,5388,100,5388,1,0
G,H,H,8887,100,8887,1,0
A,B,A,4779,100,4779,1,0
A,C,A,10601,100,10601,1,0
A,D,A,9531,100,9531,1,0
A,E,A,1428,100,1428,1,0
A,F,A,5013,100,5013,1,0
A,G,A,10653,100,10653,1,0
A,H,A,9923,100,9923,1,0
A,B,B,4785,100,4785,1,0
B,C,B,7001,100,7001,1,0
B,D,B,5301,100,5301,1,0
B,E,B,5225,100,5225,1,0
B,F,B,1371,100,1371,1,0
B,G,B,7084,100,7084,1,0
B,H,B,5804,100,5804,1,0
A,C,C,10621,100,10621,1,0
B,C,C,7005,100,7005,1,0
C,D,C,8711,100,8711,1,0
C,E,C,10824,100,10824,1,0
C,F,C,7216,100,7216,1,0
C,G,C,1376,100,1376,1,0
C,H,C,8932,100,8932,1,0
A,D,D,9511,100,9511,1,0
B,D,D,5285,100,5285,1,0
C,D,D,8726,100,8726,1,0
D,E,D,9923,100,9923,1,0
D,F,D,5365,100,5365,1,0
D,G,D,8920,100,8920,1,0
D,H,D,1452,100,1452,1,0
A,E,E,1443,100,1443,1,0
B,E,E,5175,100,5175,1,0
C,E,E,10817,100,10817,1,0
D,E,E,9905,100,9905,1,0
E,F,E,5133,100,5133,1,0
E,G,E,10621,100,10621,1,0
E,H,E,10140,100,10140,1,0
A,F,F,5045,100,5045,1,0
B,F,F,1349,100,1349,1,0
C,F,F,7188,100,7188,1,0
D,F,F,5364,100,5364,1,0
E,F,F,5099,100,5099,1,0
F,G,F,6984,100,6984,1,0
F,H,F,5420,100,5420,1,0
A,G,G,10625,100,10625,1,0
B,G,G,7097,100,7097,1,0
C,G,G,1349,100,1349,1,0
D,G,G,8893,100,8893,1,0
E,G,G,10613,100,10613,1,0
F,G,G,7001,100,7001,1,0
G,H,G,8882,100,8882,1,0
A,H,H,9932,100,9932,1,0
B,H,H,5765,100,5765,1,0
C,H,H,8944,100,8944,1,0
D,H,H,1472,100,1472,1,0
E,H,H,10185,100,10185,1,0
F,H,H,5456,100,5456,1,0
G,H,H,8875,100,8875,1,0
A,B,A,4760,100,4760,1,0
A,C,A,10656,100,10656,1,0
A,D,A,9523,100,9523,1,0
A,E,A,1442,100,1442,1,0
A,F,A,5060,100,5060,1,0
A,G,A,10621,100,10621,1,0
A,H,A,9959,100,9959,1,0
A,B,B,4763,100,4763,1,0
B,C,B,6999,100,6999,1,0
B,D,B,5312,100,5312,1,0
B,E,B,5171,100,5171,1,0
B,F,B,1365,100,1365,1,0
B,G,B,7087,100,7087,1,0
B,H,B,5733,100,5733,1,0
A,C,C,10598,100,10598,1,0
B,C,C,7022,100,7022,1,0
C,D,C,8748,100,8748,1,0
C,E,C,10836,100,10836,1,0
C,F,C,7195,100,7195,1,0
C,G,C,1366,100,1366,1,0
C,H,C,8949,100,8949,1,0
A,D,D,9536,100,9536,1,0
B,D,D,5285,100,5285,1,0
C,D,D,8737,100,8737,1,0
D,E,D,9900,100,9900,1,0
D,F,D,5362,100,5362,1,0
D,G,D,8903,100,8903,1,0
D,H,D,1457,100,1457,1,0
A,E,E,1432,100,1432,1,0
B,E,E,5150,100,5150,1,0
C,E,E,10807,100,10807,1,0
D,E,E,9923,100,9923,1,0
E,F,E,5092,100,5092,1,0
E,G,E,10626,100,10626,1,0
E,H,E,10185,100,10185,1,0
A,F,F,5060,100,5060,1,0
B,F,F,1344,100,1344,1,0
C,F,F,7173,100,7173,1,0
D,F,F,5375,100,5375,1,0
E,F,F,5081,100,5081,1,0
F,G,F,7007,100,7007,1,0
F,H,F,5441,100,5441,1,0
A,G,G,10656,100,10656,1,0
B,G,G,7071,100,7071,1,0
C,G,G,1387,100,1387,1,0
D,G,G,8902,100,8902,1,0
E,G,G,10639,100,10639,1,0
F,G,G,6999,100,6999,1,0
G,H,G,8895,100,8895,1,0
A,H,H,9956,100,9956,1,0
B,H,H,5716,100,5716,1,0
C,H,H,8929,100,8929,1,0
D,H,H,1450,100,1450,1,0
E,H,H,10160,100,10160,1,0
F,H,H,5432,100,5432,1,0
G,H,H,8879,100,8879,1,0
A,B,A,4755,100,4755,1,0
A,C,A,10684,100,10684,1,0
A,D,A,9537,100,9537,1,0
A,E,A,1422,100,1422,1,0
A,F,A,5063,100,5063,1,0
A,G,A,10659,100,10659,1,0
A,H,A,9920,100,9920,1,0
A,B,B,4776,100,4776,1,0
B,C,B,7001,100,7001,1,0
B,D,B,5292,100,5292,1,0
B,E,B,5181,100,5181,1,0
B,F,B,1376,100,1376,1,0
B,G,B,7057,100,7057,1,0
B,H,B,5734,100,5734,1,0
A,C,C,10676,100,10676,1,0
B,C,C,7009,100,7009,1,0
C,D,C,8754,100,8754,1,0
C,E,C,10818,100,10818,1,0
C,F,C,7180,100,7180,1,0
C,G,C,1354,100,1354,1,0
C,H,C,8903,100,8903,1,0
A,D,D,9532,100,9532,1,0
B,D,D,5272,100,5272,1,0
C,D,D,8753,100,8753,1,0
D,E,D,9895,100,9895,1,0
D,F,D,5413,100,5413,1,0
D,G,D,8880,100,8880,1,0
D,H,D,1553,100,1553,1,0
A,E,E,1476,100,1476,1,0
B,E,E,5203,100,5203,1,0
C,E,E,10808,100,10808,1,0
D,E,E,9957,100,9957,1,0
E,F,E,5132,100,5132,1,0
E,G,E,10639,100,10639,1,0
E,H,E,10172,100,10172,1,0
A,F,F,5046,100,5046,1,0
B,F,F,1336,100,1336,1,0
C,F,F,7177,100,7177,1,0
D,F,F,5395,100,5395,1,0
E,F,F,5133,100,5133,1,0
F,G,F,6990,100,6990,1,0
F,H,F,5412,100,5412,1,0
A,G,G,10631,100,10631,1,0
B,G,G,7107,100,7107,1,0
C,G,G,1372,100,1372,1,0
D,G,G,8913,100,8913,1,0
E,G,G,10640,100,10640,1,0
F,G,G,7009,100,7009,1,0
G,H,G,8881,100,8881,1,0
A,H,H,9913,100,9913,1,0
B,H,H,5773,100,5773,1,0
C,H,H,8967,100,8967,1,0
D,H,H,1507,100,1507,1,0
E,H,H,10141,100,10141,1,0
F,H,H,5433,100,5433,1,0
G,H,H,8855,100,8855,1,0
A,B,A,4762,100,4762,1,0
A,C,A,10623,100,10623,1,0
A,D,A,9522,100,9522,1,0
A,E,A,1418,100,1418,1,0
A,F,A,5057,100,5057,1,0
A,G,A,10610,100,10610,1,0
A,H,A,9937,100,9937,1,0
A,B,B,4809,100,4809,1,0
B,C,B,7009,100,7009,1,0
B,D,B,5243,100,5243,1,0
B,E,B,5184,100,5184,1,0
B,F,B,1353,100,1353,1,0
B,G,B,7063,100,7063,1,0
B,H,B,5820,100,5820,1,0
A,C,C,10598,100,10598,1,0
B,C,C,7079,100,7079,1,0
C,D,C,8765,100,8765,1,0
C,E,C,10828,100,10828,1,0
C,F,C,7195,100,7195,1,0
C,G,C,1347,100,1347,1,0
C,H,C,8951,100,8951,1,0
A,D,D,9534,100,9534,1,0
B,D,D,5297,100,5297,1,0
C,D,D,8714,100,8714,1,0
D,E,D,9864,100,9864,1,0
D,F,D,5350,100,5350,1,0
D,G,D,8869,100,8869,1,0
D,H,D,1495,100,1495,1,0
A,E,E,1379,100,1379,1,0
B,E,E,5152,100,5152,1,0
C,E,E,10754,100,10754,1,0
D,E,E,9919,100,9919,1,0
E,F,E,5105,100,5105,1,0
E,G,E,10668,100,10668,1,0
E,H,E,10170,100,10170,1,0
A,F,F,5049,100,5049,1,0
B,F,F,1377,100,1377,1,0
C,F,F,7187,100,7187,1,0
D,F,F,5384,100,5384,1,0
E,F,F,5114,100,5114,1,0
F,G,F,6983,100,6983,1,0
F,H,F,5440,100,5440,1,0
A,G,G,10625,100,10625,1,0
B,G,G,7064,100,7064,1,0
C,G,G,1356,100,1356,1,0
D,G,G,8901,100,8901,1,0
E,G,G,10610,100,10610,1,0
F,G,G,7020,100,7020,1,0
G,H,G,8890,100,8890,1,0
A,H,H,9959,100,9959,1,0
B,H,H,5739,100,5739,1,0
C,H,H,8923,100,8923,1,0
D,H,H,1480,100,1480,1,0
E,H,H,10121,100,10121,1,0
F,H,H,5431,100,5431,1,0
G,H,H,8853,100,8853,1,0
A,B,A,4800,100,4800,1,0
A,C,A,10665,100,10665,1,0
A,D,A,9531,100,9531,1,0
A,E,A,1421,100,1421,1,0
A,F,A,4994,100,4994,1,0
A,G,A,10632,100,10632,1,0
A,H,A,9960,100,9960,1,0
A,B,B,4747,100,4747,1,0
B,C,B,7026,100,7026,1,0
B,D,B,5289,100,5289,1,0
B,E,B,5157,100,5157,1,0
B,F,B,1354,100,1354,1,0
B,G,B,7089,100,7089,1,0
B,H,B,5745,100,5745,1,0
A,C,C,10622,100,10622,1,0
B,C,C,7023,100,7023,1,0
C,D,C,8735,100,8735,1,0
C,E,C,10794,100,10794,1,0
C,F,C,7180,100,7180,1,0
C,G,C,1364,100,1364,1,0
C,H,C,8910,100,8910,1,0
A,D,D,9522,100,9522,1,0
B,D,D,5314,100,5314,1,0
C,D,D,8780,100,8780,1,0
D,E,D,9874,100,9874,1,0
D,F,D,5359,100,5359,1,0
D,G,D,8898,100,8898,1,0
D,H,D,1498,100,1498,1,0
A,E,E,1361,100,1361,1,0
B,E,E,5176,100,5176,1,0
C,E,E,10858,100,10858,1,0
D,E,E,9907,100,9907,1,0
E,F,E,5090,100,5090,1,0
E,G,E,10614,100,10614,1,0
E,H,E,10118,100,10118,1,0
A,F,F,5054,100,5054,1,0
B,F,F,1329,100,1329,1,0
C,F,F,7232,100,7232,1,0
D,F,F,5352,100,5352,1,0
E,F,F,5088,100,5088,1,0
F,G,F,6985,100,6985,1,0
F,H,F,5479,100,5479,1,0
A,G,G,10596,100,10596,1,0
B,G,G,7053,100,7053,1,0
C,G,G,1380,100,1380,1,0
D,G,G,8879,100,8879,1,0
E,G,G,10635,100,10635,1,0
F,G,G,7028,100,7028,1,0
G,H,G,8865,100,8865,1,0
A,H,H,9971,100,9971,1,0
B,H,H,5753,100,5753,1,0
C,H,H,8963,100,8963,1,0
D,H,H,1545,100,1545,1,0
E,H,H,10135,100,10135,1,0
F,H,H,5477,100,5477,1,0
G,H,H,8866,100,8866,1,0
A,B,A,4770,100,4770,1,0
A,C,A,10635,100,10635,1,0
A,D,A,9539,100,9539,1,0
A,E,A,1435,100,1435,1,0
A,F,A,5048,100,5048,1,0
A,G,A,10614,100,10614,1,0
A,H,A,9958,100,9958,1,0
A,B,B,4783,100,4783,1,0
B,C,B,6996,100,6996,1,0
B,D,B,5300,100,5300,1,0
B,E,B,5165,100,5165,1,0
B,F,B,1367,100,1367,1,0
B,G,B,7077,100,7077,1,0
B,H,B,5772,100,5772,1,0
A,C,C,10650,100,10650,1,0
B,C,C,6984,100,6984,1,0
C,D,C,8707,100,8707,1,0
C,E,C,10825,100,10825,1,0
C,F,C,7198,100,7198,1,0
C,G,C,1387,100,1387,1,0
C,H,C,8958,100,8958,1,0
A,D,D,9516,100,9516,1,0
B,D,D,5344,100,5344,1,0
C,D,D,8749,100,8749,1,0
D,E,D,9950,100,9950,1,0
D,F,D,5359,100,5359,1,0
D,G,D,8890,100,8890,1,0
D,H,D,1473,100,1473,1,0
A,E,E,1400,100,1400,1,0
B,E,E,5173,100,5173,1,0
C,E,E,10829,100,10829,1,0
D,E,E,9958,100,9958,1,0
E,F,E,5123,100,5123,1,0
E,G,E,10595,100,10595,1,0
E,H,E,10122,100,10122,1,0
A,F,F,5091,100,5091,1,0
B,F,F,1325,100,1325,1,0
C,F,F,7178,100,7178,1,0
D,F,F,5368,100,5368,1,0
E,F,F,5099,100,5099,1,0
F,G,F,7034,100,7034,1,0
F,H,F,5459,100,5459,1,0
A,G,G,10607,100,10607,1,0
B,G,G,7080,100,7080,1,0
C,G,G,1409,100,1409,1,0
D,G,G,8940,100,8940,1,0
E,G,G,10641,100,10641,1,0
F,G,G,7039,100,7039,1,0
G,H,G,8846,100,8846,1,0
A,H,H,9970,100,9970,1,0
B,H,H,5681,100,5681,1,0
C,H,H,8988,100,8988,1,0
D,H,H,1507,100,1507,1,0
E,H,H,10141,100,10141,1,0
F,H,H,5458,100,5458,1,0
G,H,H,8855,100,8855,1,0
A,B,A,4777,100,4777,1,0
A,C,A,10620,100,10620,1,0
A,D,A,9517,100,9517,1,0
A,E,A,1457,100,1457,1,0
A,F,A,5047,100,5047,1,0
A,G,A,10611,100,10611,1,0
A,H,A,9994,100,9994,1,0
A,B,B,4812,100,4812,1,0
B,C,B,7015,100,7015,1,0
B,D,B,5282,100,5282,1,0
B,E,B,5197,100,5197,1,0
B,F,B,1384,100,1384,1,0
B,G,B,7099,100,7099,1,0
B,H,B,5760,100,5760,1,0
A,C,C,10619,100,10619,1,0
B,C,C,7041,100,7041,1,0
C,D,C,8752,100,8752,1,0
C,E,C,10847,100,10847,1,0
C,F,C,7202,100,7202,1,0
C,G,C,1351,100,1351,1,0
C,H,C,8977,100,8977,1,0
A,D,D,9541,100,9541,1,0
B,D,D,5311,100,5311,1,0
C,D,D,8760,100,8760,1,0
D,E,D,9909,100,9909,1,0
D,F,D,5334,100,5334,1,0
D,G,D,8886,100,8886,1,0
D,H,D,1475,100,1475,1,0
A,E,E,1435,100,1435,1,0
B,E,E,5184,100,5184,1,0
C,E,E,10825,100,10825,1,0
D,E,E,9875,100,9875,1,0
E,F,E,5098,100,5098,1,0
E,G,E,10628,100,10628,1,0
E,H,E,10177,100,10177,1,0
A,F,F,5125,100,5125,1,0
B,F,F,1363,100,1363,1,0
C,F,F,7176,100,7176,1,0
D,F,F,5387,100,5387,1,0
E,F,F,5114,100,5114,1,0
F,G,F,7008,100,7008,1,0
F,H,F,5478,100,5478,1,0
A,G,G,10628,100,10628,1,0
B,G,G,7073,100,7073,1,0
C,G,G,1383,100,1383,1,0
D,G,G,8878,100,8878,1,0
E,G,G,10631,100,10631,1,0
F,G,G,6977,100,6977,1,0
G,H,G,8859,100,8859,1,0
A,H,H,9959,100,9959,1,0
B,H,H,5730,100,5730,1,0
C,H,H,8984,100,8984,1,0
D,H,H,1501,100,1501,1,0
E,H,H,10118,100,10118,1,0
F,H,H,5470,100,5470,1,0
G,H,H,8897,100,8897,1,0
A,B,A,4742,100,4742,1,0
A,C,A,10665,100,10665,1,0
A,D,A,9508,100,9508,1,0
A,E,A,1394,100,1394,1,0
A,F,A,5062,100,5062,1,0
A,G,A,10667,100,10667,1,0
A,H,A,9984,100,9984,1,0
A,B,B,4773,100,4773,1,0
B,C,B,7018,100,7018,1,0
B,D,B,5308,100,5308,1,0
B,E,B,5169,100,5169,1,0
B,F,B,1359,100,1359,1,0
B,G,B,7080,100,7080,1,0
B,H,B,5734,100,5734,1,0
A,C,C,10622,100,10622,1,0
B,C,C,7048,100,7048,1,0
C,D,C,8758,100,8758,1,0
C,E,C,10829,100,10829,1,0
C,F,C,7214,100,7214,1,0
C,G,C,1388,100,1388,1,0
C,H,C,8936,100,8936,1,0
A,D,D,9547,100,9547,1,0
B,D,D,5313,100,5313,1,0
C,D,D,8797,100,8797,1,0
D,E,D,9855,100,9855,1,0
D,F,D,5353,100,5353,1,0
D,G,D,8887,100,8887,1,0
D,H,D,1491,100,1491,1,0
A,E,E,1409,100,1409,1,0
B,E,E,5182,100,5182,1,0
C,E,E,10855,100,10855,1,0
D,E,E,9928,100,9928,1,0
E,F,E,5108,100,5108,1,0
E,G,E,10655,100,10655,1,0
E,H,E,10188,100,10188,1,0
A,F,F,5075,100,5075,1,0
B,F,F,1334,100,1334,1,0
C,F,F,7183,100,7183,1,0
D,F,F,5347,100,5347,1,0
E,F,F,5134,100,5134,1,0
F,G,F,6995,100,6995,1,0
F,H,F,5418,100,5418,1,0
A,G,G,10615,100,10615,1,0
B,G,G,7073,100,7073,1,0
C,G,G,1383,100,1383,1,0
D,G,G,8889,100,8889,1,0
E,G,G,10646,100,10646,1,0
F,G,G,7012,100,7012,1,0
G,H,G,8829,100,8829,1,0
A,H,H,9965,100,9965,1,0
B,H,H,5768,100,5768,1,0
C,H,H,8934,100,8934,1,0
D,H,H,1563,100,1563,1,0
E,H,H,10120,100,10120,1,0
F,H,H,5426,100,5426,1,0
G,H,H,8834,100,8834,1,0
A,B,A,4735,100,4735,1,0
A,C,A,10622,100,10622,1,0
A,D,A,9536,100,9536,1,0
A,E,A,1376,100,1376,1,0
A,F,A,5102,100,5102,1,0
A,G,A,10634,100,10634,1,0
A,H,A,9942,100,9942,1,0
A,B,B,4770,100,4770,1,0
B,C,B,7004,100,7004,1,0
B,D,B,5327,100,5327,1,0
B,E,B,5156,100,5156,1,0
B,F,B,1351,100,1351,1,0
B,G,B,7092,100,7092,1,0
B,H,B,5738,100,5738,1,0
A,C,C,10692,100,10692,1,0
B,C,C,6994,100,6994,1,0
C,D,C,8732,100,8732,1,0
C,E,C,10793,100,10793,1,0
C,F,C,7185,100,7185,1,0
C,G,C,1362,100,1362,1,0
C,H,C,8923,100,8923,1,0
A,D,D,9512,100,9512,1,0
B,D,D,5343,100,5343,1,0
C,D,D,8735,100,8735,1,0
D,E,D,9899,100,9899,1,0
D,F,D,5342,100,5342,1,0
D,G,D,8907,100,8907,1,0
D,H,D,1518,100,1518,1,0
A,E,E,1392,100,1392,1,0
B,E,E,5154,100,5154,1,0
C,E,E,10789,100,10789,1,0
D,E,E,9916,100,9916,1,0
E,F,E,5049,100,5049,1,0
E,G,E,10629,100,10629,1,0
E,H,E,10150,100,10150,1,0
A,F,F,5062,100,5062,1,0
B,F,F,1370,100,1370,1,0
C,F,F,7194,100,7194,1,0
D,F,F,5390,100,5390,1,0
E,F,F,5110,100,5110,1,0
F,G,F,6977,100,6977,1,0
F,H,F,5476,100,5476,1,0
A,G,G,10637,100,10637,1,0
B,G,G,7098,100,7098,1,0
C,G,G,1411,100,1411,1,0
D,G,G,8884,100,8884,1,0
E,G,G,10622,100,10622,1,0
F,G,G,7014,100,7014,1,0
G,H,G,8896,100,8896,1,0
A,H,H,9957,100,9957,1,0
B,H,H,5774,100,5774,1,0
C,H,H,8945,100,8945,1,0
D,H,H,1484,100,1484,1,0
E,H,H,10148,100,10148,1,0
F,H,H,5447,100,5447,1,0
G,H,H,8871,100,8871,1,0
A,B,A,4754,100,4754,1,0
A,C,A,10717,100,10717,1,0
A,D,A,9523,100,9523,1,0
A,E,A,1434,100,1434,1,0
A,F,A,4991,100,4991,1,0
A,G,A,10644,100,10644,1,0
A,H,A,9928,100,9928,1,0
A,B,B,4781,100,4781,1,0
B,C,B,6996,100,6996,1,0
B,D,B,5314,100,5314,1,0
B,E,B,5222,100,5222,1,0
B,F,B,1352,100,1352,1,0
B,G,B,7107,100,7107,1,0
B,H,B,5751,100,5751,1,0
A,C,C,10594,100,10594,1,0
B,C,C,7021,100,7021,1,0
C,D,C,8777,100,8777,1,0
C,E,C,10842,100,10842,1,0
C,F,C,7202,100,7202,1,0
C,G,C,1354,100,1354,1,0
C,H,C,8936,100,8936,1,0
A,D,D,9497,100,9497,1,0
B,D,D,5266,100,5266,1,0
C,D,D,8725,100,8725,1,0
D,E,D,9842,100,9842,1,0
D,F,D,5301,100,5301,1,0
D,G,D,8896,100,8896,1,0
D,H,D,1532,100,1532,1,0
A,E,E,1372,100,1372,1,0
B,E,E,5213,100,5213,1,0
C,E,E,10772,100,10772,1,0
D,E,E,9929,100,9929,1,0
E,F,E,5130,100,5130,1,0
E,G,E,10612,100,10612,1,0
E,H,E,10149,100,10149,1,0
A,F,F,5056,100,5056,1,0
B,F,F,1355,100,1355,1,0
C,F,F,7168,100,7168,1,0
D,F,F,5334,100,5334,1,0
E,F,F,5114,100,5114,1,0
F,G,F,7002,100,7002,1,0
F,H,F,5421,100,5421,1,0
A,G,G,10625,100,10625,1,0
B,G,G,7104,100,7104,1,0
C,G,G,1391,100,1391,1,0
D,G,G,8907,100,8907,1,0
E,G,G,10641,100,10641,1,0
F,G,G,7011,100,7011,1,0
G,H,G,8849,100,8849,1,0
A,H,H,9946,100,9946,1,0
B,H,H,5755,100,5755,1,0
C,H,H,8936,100,8936,1,0
D,H,H,1551,100,1551,1,0
E,H,H,10169,100,10169,1,0
F,H,H,5453,100,5453,1,0
G,H,H,8870,100,8870,1,0
A,B,A,4781,100,4781,1,0
A,C,A,10651,100,10651,1,0
A,D,A,9525,100,9525,1,0
A,E,A,1456,100,1456,1,0
A,F,A,5062,100,5062,1,0
A,G,A,10594,100,10594,1,0
A,H,A,9951,100,9951,1,0
A,B,B,4749,100,4749,1,0
B,C,B,7018,100,7018,1,0
B,D,B,5260,100,5260,1,0
B,E,B,5197,100,5197,1,0
B,F,B,1338,100,1338,1,0
B,G,B,7099,100,7099,1,0
B,H,B,5733,100,5733,1,0
A,C,C,10577,100,10577,1,0
B,C,C,7031,100,7031,1,0
C,D,C,8760,100,8760,1,0
C,E,C,10787,100,10787,1,0
C,F,C,7187,100,7187,1,0
C,G,C,1351,100,1351,1,0
C,H,C,8949,100,8949,1,0
A,D,D,9536,100,9536,1,0
B,D,D,5297,100,5297,1,0
C,D,D,8725,100,8725,1,0
D,E,D,9920,100,9920,1,0
D,F,D,5351,100,5351,1,0
D,G,D,8899,100,8899,1,0
D,H,D,1506,100,1506,1,0
A,E,E,1446,100,1446,1,0
B,E,E,5184,100,5184,1,0
C,E,E,10793,100,10793,1,0
D,E,E,9869,100,9869,1,0
E,F,E,5111,100,5111,1,0
E,G,E,10614,100,10614,1,0
E,H,E,10140,100,10140,1,0
A,F,F,5101,100,5101,1,0
B,F,F,1372,100,1372,1,0
C,F,F,7206,100,7206,1,0
D,F,F,5364,100,5364,1,0
E,F,F,5113,100,5113,1,0
F,G,F,7000,100,7000,1,0
F,H,F,5449,100,5449,1,0
A,G,G,10600,100,10600,1,0
B,G,G,7080,100,7080,1,0
C,G,G,1326,100,1326,1,0
D,G,G,8895,100,8895,1,0
E,G,G,10631,100,10631,1,0
F,G,G,6993,100,6993,1,0
G,H,G,8863,100,8863,1,0
A,H,H,9930,100,9930,1,0
B,H,H,5751,100,5751,1,0
C,H,H,8947,100,8947,1,0
D,H,H,1483,100,1483,1,0
E,H,H,10161,100,10161,1,0
F,H,H,5457,100,5457,1,0
G,H,H,8894,100,8894,1,0
A,B,A,4774,100,4774,1,0
A,C,A,10615,100,10615,1,0
A,D,A,9536,100,9536,1,0
A,E,A,1443,100,1443,1,0
A,F,A,5075,100,5075,1,0
A,G,A,10594,100,10594,1,0
A,H,A,9938,100,9938,1,0
A,B,B,4740,100,4740,1,0
B,C,B,7056,100,7056,1,0
B,D,B,5239,100,5239,1,0
B,E,B,5221,100,5221,1,0
B,F,B,1372,100,1372,1,0
B,G,B,7069,100,7069,1,0
B,H,B,5725,100,5725,1,0
A,C,C,10675,100,10675,1,0
B,C,C,7008,100,7008,1,0
C,D,C,8744,100,8744,1,0
C,E,C,10813,100,10813,1,0
C,F,C,7194,100,7194,1,0
C,G,C,1406,100,1406,1,0
C,H,C,8907,100,8907,1,0
A,D,D,9543,100,9543,1,0
B,D,D,5319,100,5319,1,0
C,D,D,8761,100,8761,1,0
D,E,D,9861,100,9861,1,0
D,F,D,5363,100,5363,1,0
D,G,D,8876,100,8876,1,0
D,H,D,1501,100,1501,1,0
A,E,E,1431,100,1431,1,0
B,E,E,5208,100,5208,1,0
C,E,E,10808,100,10808,1,0
D,E,E,9978,100,9978,1,0
E,F,E,5107,100,5107,1,0
E,G,E,10627,100,10627,1,0
E,H,E,10113,100,10113,1,0
A,F,F,5093,100,5093,1,0
B,F,F,1405,100,1405,1,0
C,F,F,7195,100,7195,1,0
D,F,F,5343,100,5343,1,0
E,F,F,5152,100,5152,1,0
F,G,F,7009,100,7009,1,0
F,H,F,5493,100,5493,1,0
A,G,G,10660,100,10660,1,0
B,G,G,7098,100,7098,1,0
C,G,G,1344,100,1344,1,0
D,G,G,8875,100,8875,1,0
E,G,G,10649,100,10649,1,0
F,G,G,6964,100,6964,1,0
G,H,G,8913,100,8913,1,0
A,H,H,9945,100,9945,1,0
B,H,H,5733,100,5733,1,0
C,H,H,8960,100,8960,1,0
D,H,H,1557,100,1557,1,0
E,H,H,10132,100,10132,1,0
F,H,H,5463,100,5463,1,0
G,H,H,8854,100,8854,1,0
A,B,A,4789,100,4789,1,0
A,C,A,10605,100,10605,1,0
A,D,A,9542,100,9542,1,0
A,E,A,1372,100,1372,1,0
A,F,A,5047,100,5047,1,0
A,G,A,10610,100,10610,1,0
A,H,A,9992,100,9992,1,0
A,B,B,4753,100,4753,1,0
B,C,B,6985,100,6985,1,0
B,D,B,5302,100,5302,1,0
B,E,B,5192,100,5192,1,0
B,F,B,1338,100,1338,1,0
B,G,B,7096,100,7096,1,0
B,H,B,5703,100,5703,1,0
A,C,C,10675,100,10675,1,0
B,C,C,7028,100,7028,1,0
C,D,C,8752,100,8752,1,0
C,E,C,10823,100,10823,1,0
C,F,C,7178,100,7178,1,0
C,G,C,1347,100,1347,1,0
C,H,C,8959,100,8959,1,0
A,D,D,9559,100,9559,1,0
B,D,D,5294,100,5294,1,0
C,D,D,8759,100,8759,1,0
D,E,D,9866,100,9866,1,0
D,F,D,5350,100,5350,1,0
D,G,D,8895,100,8895,1,0
D,H,D,1530,100,1530,1,0
A,E,E,1392,100,1392,1,0
B,E,E,5163,100,5163,1,0
C,E,E,10821,100,10821,1,0
D,E,E,9947,100,9947,1,0
E,F,E,5147,100,5147,1,0
E,G,E,10627,100,10627,1,0
E,H,E,10158,100,10158,1,0
A,F,F,5038,100,5038,1,0
B,F,F,1329,100,1329,1,0
C,F,F,7171,100,7171,1,0
D,F,F,5357,100,5357,1,0
E,F,F,5074,100,5074,1,0
F,G,F,7001,100,7001,1,0
F,H,F,5435,100,5435,1,0
A,G,G,10621,100,10621,1,0
B,G,G,7088,100,7088,1,0
C,G,G,1407,100,1407,1,0
D,G,G,8914,100,8914,1,0
E,G,G,10624,100,10624,1,0
F,G,G,6995,100,6995,1,0
G,H,G,8860,100,8860,1,0
A,H,H,9948,100,9948,1,0
B,H,H,5763,100,5763,1,0
C,H,H,8947,100,8947,1,0
D,H,H,1491,100,1491,1,0
E,H,H,10148,100,10148,1,0
F,H,H,5443,100,5443,1,0
G,H,H,8894,100,8894,1,0
A,B,A,4791,100,4791,1,0
A,C,A,10633,100,10633,1,0
A,D,A,9545,100,9545,1,0
A,E,A,1421,100,1421,1,0
A,F,A,5050,100,5050,1,0
A,G,A,10623,100,10623,1,0
A,H,A,9992,100,9992,1,0
A,B,B,4786,100,4786,1,0
B,C,B,7020,100,7020,1,0
B,D,B,5251,100,5251,1,0
B,E,B,5183,100,5183,1,0
B,F,B,1356,100,1356,1,0
B,G,B,7090,100,7090,1,0
B,H,B,5811,100,5811,1,0
A,C,C,10625,100,10625,1,0
B,C,C,7001,100,7001,1,0
C,D,C,8700,100,8700,1,0
C,E,C,10825,100,10825,1,0
C,F,C,7222,100,7222,1,0
C,G,C,1363,100,1363,1,0
C,H,C,8957,100,8957,1,0
A,D,D,9494,100,9494,1,0
B,D,D,5228,100,5228,1,0
C,D,D,8738,100,8738,1,0
D,E,D,9878,100,9878,1,0
D,F,D,5339,100,5339,1,0
D,G,D,8914,100,8914,1,0
D,H,D,1494,100,1494,1,0
A,E,E,1416,100,1416,1,0
B,E,E,5210,100,5210,1,0
C,E,E,10800,100,10800,1,0
D,E,E,9895,100,9895,1,0
E,F,E,5100,100,5100,1,0
E,G,E,10642,100,10642,1,0
E,H,E,10150,100,10150,1,0
A,F,F,5054,100,5054,1,0
B,F,F,1335,100,1335,1,0
C,F,F,7196,100,7196,1,0
D,F,F,5363,100,5363,1,0
E,F,F,5123,100,5123,1,0
F,G,F,6996,100,6996,1,0
F,H,F,5442,100,5442,1,0
A,G,G,10630,100,10630,1,0
B,G,G,7080,100,7080,1,0
C,G,G,1386,100,1386,1,0
D,G,G,8901,100,8901,1,0
E,G,G,10643,100,10643,1,0
F,G,G,6993,100,6993,1,0
G,H,G,8873,100,8873,1,0
A,H,H,9947,100,9947,1,0
B,H,H,5800,100,5800,1,0
C,H,H,8998,100,8998,1,0
D,H,H,1446,100,1446,1,0
E,H,H,10141,100,10141,1,0
F,H,H,5439,100,5439,1,0
G,H,H,8871,100,8871,1,0
A,B,A,4762,100,4762,1,0
A,C,A,10643,100,10643,1,0
A,D,A,9562,100,9562,1,0
A,E,A,1448,100,1448,1,0
A,F,A,5041,100,5041,1,0
A,G,A,10594,100,10594,1,0
A,H,A,9927,100,9927,1,0
A,B,B,4774,100,4774,1,0
B,C,B,6996,100,6996,1,0
B,D,B,5247,100,5247,1,0
B,E,B,5204,100,5204,1,0
B,F,B,1356,100,1356,1,0
B,G,B,7067,100,7067,1,0
B,H,B,5760,100,5760,1,0
A,C,C,10634,100,10634,1,0
B,C,C,7028,100,7028,1,0
C,D,C,8725,100,8725,1,0
C,E,C,10778,100,10778,1,0
C,F,C,7168,100,7168,1,0
C,G,C,1388,100,1388,1,0
C,H,C,8971,100,8971,1,0
A,D,D,9537,100,9537,1,0
B,D,D,5271,100,5271,1,0
C,D,D,8729,100,8729,1,0
D,E,D,9884,100,9884,1,0
D,F,D,5326,100,5326,1,0
D,G,D,8904,100,8904,1,0
D,H,D,1483,100,1483,1,0
A,E,E,1466,100,1466,1,0
B,E,E,5151,100,5151,1,0
C,E,E,10789,100,10789,1,0
D,E,E,9932,100,9932,1,0
E,F,E,5087,100,5087,1,0
E,G,E,10622,100,10622,1,0
E,H,E,10164,100,10164,1,0
A,F,F,5044,100,5044,1,0
B,F,F,1327,100,1327,1,0
C,F,F,7178,100,7178,1,0
D,F,F,5384,100,5384,1,0
E,F,F,5081,100,5081,1,0
F,G,F,7010,100,7010,1,0
F,H,F,5426,100,5426,1,0
A,G,G,10671,100,10671,1,0
B,G,G,7085,100,7085,1,0
C,G,G,1363,100,1363,1,0
D,G,G,8893,100,8893,1,0
E,G,G,10642,100,10642,1,0
F,G,G,6986,100,6986,1,0
G,H,G,8874,100,8874,1,0
A,H,H,9923,100,9923,1,0
B,H,H,5707,100,5707,1,0
C,H,H,8970,100,8970,1,0
D,H,H,1549,100,1549,1,0
E,H,H,10127,100,10127,1,0
F,H,H,5452,100,5452,1,0
G,H,H,8893,100,8893,1,0
A,B,A,4774,100,4774,1,0
A,C,A,10647,100,10647,1,0
A,D,A,9528,100,9528,1,0
A,E,A,1440,100,1440,1,0
A,F,A,5009,100,5009,1,0
A,G,A,10607,100,10607,1,0
A,H,A,9926,100,9926,1,0
A,B,B,4757,100,4757,1,0
B,C,B,7010,100,7010,1,0
B,D,B,5307,100,5307,1,0
B,E,B,5135,100,5135,1,0
B,F,B,1336,100,1336,1,0
B,G,B,7057,100,7057,1,0
B,H,B,5847,100,5847,1,0
A,C,C,10684,100,10684,1,0
B,C,C,6979,100,6979,1,0
C,D,C,8738,100,8738,1,0
C,E,C,10795,100,10795,1,0
C,F,C,7197,100,7197,1,0
C,G,C,1374,100,1374,1,0
C,H,C,8930,100,8930,1,0
A,D,D,9524,100,9524,1,0
B,D,D,5307,100,5307,1,0
C,D,D,8780,100,8780,1,0
D,E,D,9907,100,9907,1,0
D,F,D,5320,100,5320,1,0
D,G,D,8886,100,8886,1,0
D,H,D,1477,100,1477,1,0
A,E,E,1426,100,1426,1,0
B,E,E,5134,100,5134,1,0
C,E,E,10777,100,10777,1,0
D,E,E,9943,100,9943,1,0
E,F,E,5073,100,5073,1,0
E,G,E,10649,100,10649,1,0
E,H,E,10127,100,10127,1,0
A,F,F,5079,100,5079,1,0
B,F,F,1310,100,1310,1,0
C,F,F,7190,100,7190,1,0
D,F,F,5344,100,5344,1,0
E,F,F,5123,100,5123,1,0
F,G,F,7033,100,7033,1,0
F,H,F,5427,100,5427,1,0
A,G,G,10653,100,10653,1,0
B,G,G,7019,100,7019,1,0
C,G,G,1393,100,1393,1,0
D,G,G,8895,100,8895,1,0
E,G,G,10620,100,10620,1,0
F,G,G,7012,100,7012,1,0
G,H,G,8895,100,8895,1,0
A,H,H,9949,100,9949,1,0
B,H,H,5696,100,5696,1,0
C,H,H,8961,100,8961,1,0
D,H,H,1478,100,1478,1,0
E,H,H,10158,100,10158,1,0
F,H,H,5447,100,5447,1,0
G,H,H,8860,100,8860,1,0
A,B,A,4775,100,4775,1,0
A,C,A,10641,100,10641,1,0
A,D,A,9526,100,9526,1,0
A,E,A,1400,100,1400,1,0
A,F,A,5027,100,5027,1,0
A,G,A,10654,100,10654,1,0
A,H,A,9965,100,9965,1,0
A,B,B,4780,100,4780,1,0
B,C,B,7037,100,7037,1,0
B,D,B,5338,100,5338,1,0
B,E,B,5197,100,5197,1,0
B,F,B,1363,100,1363,1,0
B,G,B,7071,100,7071,1,0
B,H,B,5809,100,5809,1,0
A,C,C,10604,100,10604,1,0
B,C,C,7026,100,7026,1,0
C,D,C,8759,100,8759,1,0
C,E,C,10846,100,10846,1,0
C,F,C,7183,100,7183,1,0
C,G,C,1388,100,1388,1,0
C,H,C,8926,100,8926,1,0
A,D,D,9551,100,9551,1,0
B,D,D,5285,100,5285,1,0
C,D,D,8751,100,8751,1,0
D,E,D,9903,100,9903,1,0
D,F,D,5391,100,5391,1,0
D,G,D,8884,100,8884,1,0
D,H,D,1542,100,1542,1,0
A,E,E,1423,100,1423,1,0
B,E,E,5180,100,5180,1,0
C,E,E,10818,100,10818,1,0
D,E,E,9869,100,9869,1,0
E,F,E,5137,100,5137,1,0
E,G,E,10645,100,10645,1,0
E,H,E,10138,100,10138,1,0
A,F,F,5078,100,5078,1,0
B,F,F,1354,100,1354,1,0
C,F,F,7175,100,7175,1,0
D,F,F,5370,100,5370,1,0
E,F,F,5129,100,5129,1,0
F,G,F,6983,100,6983,1,0
F,H,F,5485,100,5485,1,0
A,G,G,10643,100,10643,1,0
B,G,G,7044,100,7044,1,0
C,G,G,1417,100,1417,1,0
D,G,G,8917,100,8917,1,0
E,G,G,10636,100,10636,1,0
F,G,G,6993,100,6993,1,0
G,H,G,8886,100,8886,1,0
A,H,H,9962,100,9962,1,0
B,H,H,5727,100,5727,1,0
C,H,H,8998,100,8998,1,0
D,H,H,1520,100,1520,1,0
E,H,H,10151,100,10151,1,0
F,H,H,5451,100,5451,1,0
G,H,H,8884,100,8884,1,0
A,B,A,4750,100,4750,1,0
A,C,A,10675,100,10675,1,0
A,D,A,9537,100,9537,1,0
A,E,A,1375,100,1375,1,0
A,F,A,5045,100,5045,1,0
A,G,A,10612,100,10612,1,0
A,H,A,9933,100,9933,1,0
A,B,B,4803,100,4803,1,0
B,C,B,7042,100,7042,1,0
B,D,B,5281,100,5281,1,0
B,E,B,5187,100,5187,1,0
B,F,B,1337,100,1337,1,0
B,G,B,7075,100,7075,1,0
B,H,B,5723,100,5723,1,0
A,C,C,10636,100,10636,1,0
B,C,C,7039,100,7039,1,0
C,D,C,8726,100,8726,1,0
C,E,C,10802,100,10802,1,0
C,F,C,7171,100,7171,1,0
C,G,C,1368,100,1368,1,0
C,H,C,8946,100,8946,1,0
A,D,D,9530,100,9530,1,0
B,D,D,5261,100,5261,1,0
C,D,D,8753,100,8753,1,0
D,E,D,9957,100,9957,1,0
D,F,D,5343,100,5343,1,0
D,G,D,8879,100,8879,1,0
D,H,D,1470,100,1470,1,0
A,E,E,1419,100,1419,1,0
B,E,E,5200,100,5200,1,0
C,E,E,10833,100,10833,1,0
D,E,E,9964,100,9964,1,0
E,F,E,5106,100,5106,1,0
E,G,E,10650,100,10650,1,0
E,H,E,10161,100,10161,1,0
A,F,F,5073,100,5073,1,0
B,F,F,1378,100,1378,1,0
C,F,F,7201,100,7201,1,0
D,F,F,5381,100,5381,1,0
E,F,F,5131,100,5131,1,0
F,G,F,6998,100,6998,1,0
F,H,F,5456,100,5456,1,0
A,G,G,10635,100,10635,1,0
B,G,G,7053,100,7053,1,0
C,G,G,1352,100,1352,1,0
D,G,G,8912,100,8912,1,0
E,G,G,10624,100,10624,1,0
F,G,G,6980,100,6980,1,0
G,H,G,8914,100,8914,1,0
A,H,H,9961,100,9961,1,0
B,H,H,5697,100,5697,1,0
C,H,H,8928,100,8928,1,0
D,H,H,1453,100,1453,1,0
E,H,H,10146,100,10146,1,0
F,H,H,5419,100,5419,1,0
G,H,H,8888,100,8888,1,0
A,B,A,4778,100,4778,1,0
A,C,A,10654,100,10654,1,0
A,D,A,9548,100,9548,1,0
A,E,A,1455,100,1455,1,0
A,F,A,5073,100,5073,1,0
A,G,A,10644,100,10644,1,0
A,H,A,9984,100,9984,1,0
A,B,B,4770,100,4770,1,0
B,C,B,7009,100,7009,1,0
B,D,B,5336,100,5336,1,0
B,E,B,5171,100,5171,1,0
B,F,B,1338,100,1338,1,0
B,G,B,7032,100,7032,1,0
B,H,B,5737,100,5737,1,0
A,C,C,10636,100,10636,1,0
B,C,C,7014,100,7014,1,0
C,D,C,8725,100,8725,1,0
C,E,C,10788,100,10788,1,0
C,F,C,7189,100,7189,1,0
C,G,C,1365,100,1365,1,0
C,H,C,8920,100,8920,1,0
A,D,D,9530,100,9530,1,0
B,D,D,5305,100,5305,1,0
C,D,D,8762,100,8762,1,0
D,E,D,9937,100,9937,1,0
D,F,D,5320,100,5320,1,0
D,G,D,8897,100,8897,1,0
D,H,D,1436,100,1436,1,0
A,E,E,1374,100,1374,1,0
B,E,E,5176,100,5176,1,0
C,E,E,10783,100,10783,1,0
D,E,E,9972,100,9972,1,0
E,F,E,5094,100,5094,1,0
E,G,E,10639,100,10639,1,0
E,H,E,10187,100,10187,1,0
A,F,F,5048,100,5048,1,0
B,F,F,1362,100,1362,1,0
C,F,F,7177,100,7177,1,0
D,F,F,5367,100,5367,1,0
E,F,F,5118,100,5118,1,0
F,G,F,7008,100,7008,1,0
F,H,F,5484,100,5484,1,0
A,G,G,10661,100,10661,1,0
B,G,G,7062,100,7062,1,0
C,G,G,1374,100,1374,1,0
D,G,G,8923,100,8923,1,0
E,G,G,10659,100,10659,1,0
F,G,G,6987,100,6987,1,0
G,H,G,8846,100,8846,1,0
A,H,H,9967,100,9967,1,0
B,H,H,5740,100,5740,1,0
C,H,H,8974,100,8974,1,0
D,H,H,1484,100,1484,1,0
E,H,H,10131,100,10131,1,0
F,H,H,5457,100,5457,1,0
G,H,H,8858,100,8858,1,0
A,B,A,4770,100,4770,1,0
A,C,A,10643,100,10643,1,0
A,D,A,9548,100,9548,1,0
A,E,A,1423,100,1423,1,0
A,F,A,5031,100,5031,1,0
A,G,A,10641,100,10641,1,0
A,H,A,9931,100,9931,1,0
A,B,B,4762,100,4762,1,0
B,C,B,6990,100,6990,1,0
B,D,B,5302,100,5302,1,0
B,E,B,5198,100,5198,1,0
B,F,B,1383,100,1383,1,0
B,G,B,7069,100,7069,1,0
B,H,B,5748,100,5748,1,0
A,C,C,10653,100,10653,1,0
B,C,C,7008,100,7008,1,0
C,D,C,8745,100,8745,1,0
C,E,C,10849,100,10849,1,0
C,F,C,7181,100,7181,1,0
C,G,C,1389,100,1389,1,0
C,H,C,8951,100,8951,1,0
A,D,D,9524,100,9524,1,0
B,D,D,5249,100,5249,1,0
C,D,D,8738,100,8738,1,0
D,E,D,9880,100,9880,1,0
D,F,D,5360,100,5360,1,0
D,G,D,8910,100,8910,1,0
D,H,D,1491,100,1491,1,0
A,E,E,1395,100,1395,1,0
B,E,E,5218,100,5218,1,0
C,E,E,10863,100,10863,1,0
D,E,E,9874,100,9874,1,0
E,F,E,5127,100,5127,1,0
E,G,E,10623,100,10623,1,0
E,H,E,10177,100,10177,1,0
A,F,F,5095,100,5095,1,0
B,F,F,1360,100,1360,1,0
C,F,F,7202,100,7202,1,0
D,F,F,5369,100,5369,1,0
E,F,F,5110,100,5110,1,0
F,G,F,7017,100,7017,1,0
F,H,F,5484,100,5484,1,0
A,G,G,10621,100,10621,1,0
B,G,G,7106,100,7106,1,0
C,G,G,1355,100,1355,1,0
D,G,G,8936,100,8936,1,0
E,G,G,10627,100,10627,1,0
F,G,G,7004,100,7004,1,0
G,H,G,8894,100,8894,1,0
A,H,H,9955,100,9955,1,0
B,H,H,5757,100,5757,1,0
C,H,H,8943,100,8943,1,0
D,H,H,1551,100,1551,1,0
E,H,H,10155,100,10155,1,0
F,H,H,5432,100,5432,1,0
G,H,H,8859,100,8859,1,0
A,B,A,4775,100,4775,1,0
A,C,A,10668,100,10668,1,0
A,D,A,9504,100,9504,1,0
A,E,A,1379,100,1379,1,0
A,F,A,5065,100,5065,1,0
A,G,A,10587,100,10587,1,0
A,H,A,9920,100,9920,1,0
A,B,B,4759,100,4759,1,0
B,C,B,7016,100,7016,1,0
B,D,B,5302,100,5302,1,0
B,E,B,5130,100,5130,1,0
B,F,B,1323,100,1323,1,0
B,G,B,7099,100,7099,1,0
B,H,B,5778,100,5778,1,0
A,C,C,10616,100,10616,1,0
B,C,C,7043,100,7043,1,0
C,D,C,8774,100,8774,1,0
C,E,C,10808,100,10808,1,0
C,F,C,7199,100,7199,1,0
C,G,C,1352,100,1352,1,0
C,H,C,8929,100,8929,1,0
A,D,D,9536,100,9536,1,0
B,D,D,5262,100,5262,1,0
C,D,D,8737,100,8737,1,0
D,E,D,9946,100,9946,1,0
D,F,D,5384,100,5384,1,0
D,G,D,8901,100,8901,1,0
D,H,D,1470,100,1470,1,0
A,E,E,1438,100,1438,1,0
B,E,E,5146,100,5146,1,0
C,E,E,10820,100,10820,1,0
D,E,E,9953,100,9953,1,0
E,F,E,5067,100,5067,1,0
E,G,E,10638,100,10638,1,0
E,H,E,10148,100,10148,1,0
A,F,F,5086,100,5086,1,0
B,F,F,1356,100,1356,1,0
C,F,F,7169,100,7169,1,0
D,F,F,5370,100,5370,1,0
E,F,F,5099,100,5099,1,0
F,G,F,6990,100,6990,1,0
F,H,F,5461,100,5461,1,0
A,G,G,10628,100,10628,1,0
B,G,G,7063,100,7063,1,0
C,G,G,1344,100,1344,1,0
D,G,G,8876,100,8876,1,0
E,G,G,10635,100,10635,1,0
F,G,G,6972,100,6972,1,0
G,H,G,8872,100,8872,1,0
A,H,H,9917,100,9917,1,0
B,H,H,5755,100,5755,1,0
C,H,H,8941,100,8941,1,0
D,H,H,1472,100,1472,1,0
E,H,H,10112,100,10112,1,0
F,H,H,5506,100,5506,1,0
G,H,H,8877,100,8877,1,0
A,B,A,4775,100,4775,1,0
A,C,A,10679,100,10679,1,0
A,D,A,9509,100,9509,1,0
A,E,A,1422,100,1422,1,0
A,F,A,5047,100,5047,1,0
A,G,A,10589,100,10589,1,0
A,H,A,9941,100,9941,1,0
A,B,B,4753,100,4753,1,0
B,C,B,7012,100,7012,1,0
B,D,B,5279,100,5279,1,0
B,E,B,5201,100,5201,1,0
B,F,B,1348,100,1348,1,0
B,G,B,7094,100,7094,1,0
B,H,B,5709,100,5709,1,0
A,C,C,10633,100,10633,1,0
B,C,C,7012,100,7012,1,0
C,D,C,8745,100,8745,1,0
C,E,C,10820,100,10820,1,0
C,F,C,7179,100,7179,1,0
C,G,C,1362,100,1362,1,0
C,H,C,8938,100,8938,1,0
A,D,D,9542,100,9542,1,0
B,D,D,5310,100,5310,1,0
C,D,D,8777,100,8777,1,0
D,E,D,9994,100,9994,1,0
D,F,D,5368,100,5368,1,0
D,G,D,8883,100,8883,1,0
D,H,D,1524,100,1524,1,0
A,E,E,1392,100,1392,1,0
B,E,E,5170,100,5170,1,0
C,E,E,10817,100,10817,1,0
D,E,E,9871,100,9871,1,0
E,F,E,5116,100,5116,1,0
E,G,E,10615,100,10615,1,0
E,H,E,10131,100,10131,1,0
A,F,F,5088,100,5088,1,0
B,F,F,1368,100,1368,1,0
C,F,F,7205,100,7205,1,0
D,F,F,5362,100,5362,1,0
E,F,F,5089,100,5089,1,0
F,G,F,7030,100,7030,1,0
F,H,F,5455,100,5455,1,0
A,G,G,10609,100,10609,1,0
B,G,G,7095,100,7095,1,0
C,G,G,1383,100,1383,1,0
D,G,G,8923,100,8923,1,0
E,G,G,10609,100,10609,1,0
F,G,G,7045,100,7045,1,0
G,H,G,8855,100,8855,1,0
A,H,H,9982,100,9982,1,0
B,H,H,5765,100,5765,1,0
C,H,H,8946,100,8946,1,0
D,H,H,1491,100,1491,1,0
E,H,H,10136,100,10136,1,0
F,H,H,5459,100,5459,1,0
G,H,H,8871,100,8871,1,0
A,B,A,4784,100,4784,1,0
A,C,A,10636,100,10636,1,0
A,D,A,9531,100,9531,1,0
A,E,A,1373,100,1373,1,0
A,F,A,5026,100,5026,1,0
A,G,A,10626,100,10626,1,0
A,H,A,9942,100,9942,1,0
A,B,B,4766,100,4766,1,0
B,C,B,7010,100,7010,1,0
B,D,B,5308,100,5308,1,0
B,E,B,5196,100,5196,1,0
B,F,B,1346,100,1346,1,0
B,G,B,7059,100,7059,1,0
B,H,B,5800,100,5800,1,0
A,C,C,10657,100,10657,1,0
B,C,C,7035,100,7035,1,0
C,D,C,8733,100,8733,1,0
C,E,C,10749,100,10749,1,0
C,F,C,7191,100,7191,1,0
C,G,C,1349,100,1349,1,0
C,H,C,8952,100,8952,1,0
A,D,D,9526,100,9526,1,0
B,D,D,5292,100,5292,1,0
C,D,D,8753,100,8753,1,0
D,E,D,9895,100,9895,1,0
D,F,D,5357,100,5357,1,0
D,G,D,8911,100,8911,1,0
D,H,D,1506,100,1506,1,0
A,E,E,1364,100,1364,1,0
B,E,E,5167,100,5167,1,0
C,E,E,10809,100,10809,1,0
D,E,E,9956,100,9956,1,0
E,F,E,5087,100,5087,1,0
E,G,E,10624,100,10624,1,0
E,H,E,10140,100,10140,1,0
A,F,F,5040,100,5040,1,0
B,F,F,1333,100,1333,1,0
C,F,F,7209,100,7209,1,0
D,F,F,5375,100,5375,1,0
E,F,F,5099,100,5099,1,0
F,G,F,6999,100,6999,1,0
F,H,F,5461,100,5461,1,0
A,G,G,10620,100,10620,1,0
B,G,G,7095,100,7095,1,0
C,G,G,1395,100,1395,1,0
D,G,G,8921,100,8921,1,0
E,G,G,10606,100,10606,1,0
F,G,G,6982,100,6982,1,0
G,H,G,8868,100,8868,1,0
A,H,H,9963,100,9963,1,0
B,H,H,5732,100,5732,1,0
C,H,H,8937,100,8937,1,0
D,H,H,1501,100,1501,1,0
E,H,H,10176,100,10176,1,0
F,H,H,5452,100,5452,1,0
G,H,H,8837,100,8837,1,0
A,B,A,4775,100,4775,1,0
A,C,A,10638,100,10638,1,0
A,D,A,9524,100,9524,1,0
A,E,A,1418,100,1418,1,0
A,F,A,5072,100,5072,1,0
A,G,A,10626,100,10626,1,0
A,H,A,9986,100,9986,1,0
A,B,B,4772,100,4772,1,0
B,C,B,7016,100,7016,1,0
B,D,B,5321,100,5321,1,0
B,E,B,5193,100,5193,1,0
B,F,B,1336,100,1336,1,0
B,G,B,7069,100,7069,1,0
B,H,B,5723,100,5723,1,0
A,C,C,10679,100,10679,1,0
B,C,C,7011,100,7011,1,0
C,D,C,8717,100,8717,1,0
C,E,C,10839,100,10839,1,0
C,F,C,7203,100,7203,1,0
C,G,C,1411,100,1411,1,0
C,H,C,8962,100,8962,1,0
A,D,D,9526,100,9526,1,0
B,D,D,5276,100,5276,1,0
C,D,D,8698,100,8698,1,0
D,E,D,9879,100,9879,1,0
D,F,D,5363,100,5363,1,0
D,G,D,8857,100,8857,1,0
D,H,D,1481,100,1481,1,0
A,E,E,1430,100,1430,1,0
B,E,E,5177,100,5177,1,0
C,E,E,10842,100,10842,1,0
D,E,E,9925,100,9925,1,0
E,F,E,5144,100,5144,1,0
E,G,E,10649,100,10649,1,0
E,H,E,10160,100,10160,1,0
A,F,F,5053,100,5053,1,0
B,F,F,1340,100,1340,1,0
C,F,F,7207,100,7207,1,0
D,F,F,5395,100,5395,1,0
E,F,F,5122,100,5122,1,0
F,G,F,7014,100,7014,1,0
F,H,F,5465,100,5465,1,0
A,G,G,10585,100,10585,1,0
B,G,G,7056,100,7056,1,0
C,G,G,1412,100,1412,1,0
D,G,G,8899,100,8899,1,0
E,G,G,10656,100,10656,1,0
F,G,G,6992,100,6992,1,0
G,H,G,8890,100,8890,1,0
A,H,H,9978,100,9978,1,0
B,H,H,5697,100,5697,1,0
C,H,H,8939,100,8939,1,0
D,H,H,1477,100,1477,1,0
E,H,H,10155,100,10155,1,0
F,H,H,5478,100,5478,1,0
G,H,H,8894,100,8894,1,0
A,B,A,4745,100,4745,1,0
A,C,A,10717,100,10717,1,0
A,D,A,9532,100,9532,1,0
A,E,A,1434,100,1434,1,0
A,F,A,5084,100,5084,1,0
A,G,A,10607,100,10607,1,0
A,H,A,9990,100,9990,1,0
A,B,B,4788,100,4788,1,0
B,C,B,6988,100,6988,1,0
B,D,B,5267,100,5267,1,0
B,E,B,5175,100,5175,1,0
B,F,B,1346,100,1346,1,0
B,G,B,7066,100,7066,1,0
B,H,B,5747,100,5747,1,0
A,C,C,10617,100,10617,1,0
B,C,C,7012,100,7012,1,0
C,D,C,8785,100,8785,1,0
C,E,C,10811,100,10811,1,0
C,F,C,7171,100,7171,1,0
C,G,C,1336,100,1336,1,0
C,H,C,8932,100,8932,1,0
A,D,D,9510,100,9510,1,0
B,D,D,5320,100,5320,1,0
C,D,D,8745,100,8745,1,0
D,E,D,9921,100,9921,1,0
D,F,D,5336,100,5336,1,0
D,G,D,8866,100,8866,1,0
D,H,D,1472,100,1472,1,0
A,E,E,1440,100,1440,1,0
B,E,E,5142,100,5142,1,0
C,E,E,10869,100,10869,1,0
D,E,E,9983,100,9983,1,0
E,F,E,5113,100,5113,1,0
E,G,E,10618,100,10618,1,0
E,H,E,10146,100,10146,1,0
A,F,F,5057,100,5057,1,0
B,F,F,1362,100,1362,1,0
C,F,F,7197,100,7197,1,0
D,F,F,5402,100,5402,1,0
E,F,F,5079,100,5079,1,0
F,G,F,6977,100,6977,1,0
F,H,F,5446,100,5446,1,0
A,G,G,10644,100,10644,1,0
B,G,G,7026,100,7026,1,0
C,G,G,1412,100,1412,1,0
D,G,G,8889,100,8889,1,0
E,G,G,10641,100,10641,1,0
F,G,G,7016,100,7016,1,0
G,H,G,8893,100,8893,1,0
A,H,H,9933,100,9933,1,0
B,H,H,5771,100,5771,1,0
C,H,H,8931,100,8931,1,0
D,H,H,1482,100,1482,1,0
E,H,H,10114,100,10114,1,0
F,H,H,5468,100,5468,1,0
G,H,H,8902,100,8902,1,0
A,B,A,4785,100,4785,1,0
A,C,A,10626,100,10626,1,0
A,D,A,9557,100,9557,1,0
A,E,A,1379,100,1379,1,0
A,F,A,5056,100,5056,1,0
A,G,A,10639,100,10639,1,0
A,H,A,9950,100,9950,1,0
A,B,B,4816,100,4816,1,0
B,C,B,7037,100,7037,1,0
B,D,B,5251,100,5251,1,0
B,E,B,5195,100,5195,1,0
B,F,B,1343,100,1343,1,0
B,G,B,7115,100,7115,1,0
B,H,B,5748,100,5748,1,0
A,C,C,10595,100,10595,1,0
B,C,C,6998,100,6998,1,0
C,D,C,8696,100,8696,1,0
C,E,C,10811,100,10811,1,0
C,F,C,7214,100,7214,1,0
C,G,C,1415,100,1415,1,0
C,H,C,9009,100,9009,1,0
A,D,D,9517,100,9517,1,0
B,D,D,5293,100,5293,1,0
C,D,D,8786,100,8786,1,0
D,E,D,9932,100,9932,1,0
D,F,D,5315,100,5315,1,0
D,G,D,8931,100,8931,1,0
D,H,D,1491,100,1491,1,0
A,E,E,1403,100,1403,1,0
B,E,E,5190,100,5190,1,0
C,E,E,10862,100,10862,1,0
D,E,E,9925,100,9925,1,0
E,F,E,5094,100,5094,1,0
E,G,E,10622,100,10622,1,0
E,H,E,10145,100,10145,1,0
A,F,F,5050,100,5050,1,0
B,F,F,1338,100,1338,1,0
C,F,F,7201,100,7201,1,0
D,F,F,5360,100,5360,1,0
E,F,F,5073,100,5073,1,0
F,G,F,6995,100,6995,1,0
F,H,F,5415,100,5415,1,0
A,G,G,10638,100,10638,1,0
B,G,G,7081,100,7081,1,0
C,G,G,1381,100,1381,1,0
D,G,G,8913,100,8913,1,0
E,G,G,10645,100,10645,1,0
F,G,G,7003,100,7003,1,0
G,H,G,8863,100,8863,1,0
A,H,H,9938,100,9938,1,0
B,H,H,5778,100,5778,1,0
C,H,H,8927,100,8927,1,0
D,H,H,1531,100,1531,1,0
E,H,H,10153,100,10153,1,0
F,H,H,5423,100,5423,1,0
G,H,H,8902,100,8902,1,0
A,B,A,4763,100,4763,1,0
A,C,A,10632,100,10632,1,0
A,D,A,9534,100,9534,1,0
A,E,A,1397,100,1397,1,0
A,F,A,5022,100,5022,1,0
A,G,A,10563,100,10563,1,0
A,H,A,9960,100,9960,1,0
A,B,B,4789,100,4789,1,0
B,C,B,6989,100,6989,1,0
B,D,B,5304,100,5304,1,0
B,E,B,5212,100,5212,1,0
B,F,B,1337,100,1337,1,0
B,G,B,7058,100,7058,1,0
B,H,B,5757,100,5757,1,0
A,C,C,10662,100,10662,1,0
B,C,C,7027,100,7027,1,0
C,D,C,8727,100,8727,1,0
C,E,C,10772,100,10772,1,0
C,F,C,7222,100,7222,1,0
C,G,C,1368,100,1368,1,0
C,H,C,8934,100,8934,1,0
A,D,D,9547,100,9547,1,0
B,D,D,5284,100,5284,1,0
C,D,D,8752,100,8752,1,0
D,E,D,9930,100,9930,1,0
D,F,D,5351,100,5351,1,0
D,G,D,8858,100,8858,1,0
D,H,D,1534,100,1534,1,0
A,E,E,1444,100,1444,1,0
B,E,E,5150,100,5150,1,0
C,E,E,10791,100,10791,1,0
D,E,E,9935,100,9935,1,0
E,F,E,5095,100,5095,1,0
E,G,E,10621,100,10621,1,0
E,H,E,10140,100,10140,1,0
A,F,F,5053,100,5053,1,0
B,F,F,1344,100,1344,1,0
C,F,F,7209,100,7209,1,0
D,F,F,5373,100,5373,1,0
E,F,F,5095,100,5095,1,0
F,G,F,7004,100,7004,1,0
F,H,F,5480,100,5480,1,0
A,G,G,10588,100,10588,1,0
B,G,G,7097,100,7097,1,0
C,G,G,1336,100,1336,1,0
D,G,G,8888,100,8888,1,0
E,G,G,10630,100,10630,1,0
F,G,G,7005,100,7005,1,0
G,H,G,8856,100,8856,1,0
A,H,H,9999,100,9999,1,0
B,H,H,5734,100,5734,1,0
C,H,H,8904,100,8904,1,0
D,H,H,1485,100,1485,1,0
E,H,H,10144,100,10144,1,0
F,H,H,5447,100,5447,1,0
G,H,H,8868,100,8868,1,0
A,B,A,4792,100,4792,1,0
A,C,A,10643,100,10643,1,0
A,D,A,9527,100,9527,1,0
A,E,A,1368,100,1368,1,0
A,F,A,5067,100,5067,1,0
A,G,A,10596,100,10596,1,0
A,H,A,9944,100,9944,1,0
A,B,B,4740,100,4740,1,0
B,C,B,7018,100,7018,1,0
B,D,B,5319,100,5319,1,0
B,E,B,5236,100,5236,1,0
B,F,B,1389,100,1389,1,0
B,G,B,7057,100,7057,1,0
B,H,B,5715,100,5715,1,0
A,C,C,10702,100,10702,1,0
B,C,C,7040,100,7040,1,0
C,D,C,8743,100,8743,1,0
C,E,C,10845,100,10845,1,0
C,F,C,7191,100,7191,1,0
C,G,C,1321,100,1321,1,0
C,H,C,8942,100,8942,1,0
A,D,D,9525,100,9525,1,0
B,D,D,5300,100,5300,1,0
C,D,D,8757,100,8757,1,0
D,E,D,9958,100,9958,1,0
D,F,D,5363,100,5363,1,0
D,G,D,8923,100,8923,1,0
D,H,D,1487,100,1487,1,0
A,E,E,1453,100,1453,1,0
B,E,E,5212,100,5212,1,0
C,E,E,10802,100,10802,1,0
D,E,E,9947,100,9947,1,0
E,F,E,5094,100,5094,1,0
E,G,E,10639,100,10639,1,0
E,H,E,10192,100,10192,1,0
A,F,F,5079,100,5079,1,0
B,F,F,1374,100,1374,1,0
C,F,F,7205,100,7205,1,0
D,F,F,5349,100,5349,1,0
E,F,F,5091,100,5091,1,0
F,G,F,6991,100,6991,1,0
F,H,F,5416,100,5416,1,0
A,G,G,10613,100,10613,1,0
B,G,G,7063,100,7063,1,0
C,G,G,1412,100,1412,1,0
D,G,G,8900,100,8900,1,0
E,G,G,10623,100,10623,1,0
F,G,G,6997,100,6997,1,0
G,H,G,8874,100,8874,1,0
A,H,H,9923,100,9923,1,0
B,H,H,5708,100,5708,1,0
C,H,H,8956,100,8956,1,0
D,H,H,1480,100,1480,1,0
E,H,H,10146,100,10146,1,0
F,H,H,5463,100,5463,1,0
G,H,H,8890,100,8890,1,0
A,B,A,4786,100,4786,1,0
A,C,A,10633,100,10633,1,0
A,D,A,9535,100,9535,1,0
A,E,A,1428,100,1428,1,0
A,F,A,5058,100,5058,1,0
A,G,A,10605,100,10605,1,0
A,H,A,9968,100,9968,1,0
A,B,B,4769,100,4769,1,0
B,C,B,7015,100,7015,1,0
B,D,B,5310,100,5310,1,0
B,E,B,5171,100,5171,1,0
B,F,B,1368,100,1368,1,0
B,G,B,7044,100,7044,1,0
B,H,B,5748,100,5748,1,0
A,C,C,10655,100,10655,1,0
B,C,C,7030,100,7030,1,0
C,D,C,8733,100,8733,1,0
C,E,C,10827,100,10827,1,0
C,F,C,7163,100,7163,1,0
C,G,C,1360,100,1360,1,0
C,H,C,8963,100,8963,1,0
A,D,D,9501,100,9501,1,0
B,D,D,5274,100,5274,1,0
C,D,D,8737,100,8737,1,0
D,E,D,9930,100,9930,1,0
D,F,D,5376,100,5376,1,0
D,G,D,8918,100,8918,1,0
D,H,D,1475,100,1475,1,0
A,E,E,1419,100,1419,1,0
B,E,E,5171,100,5171,1,0
C,E,E,10800,100,10800,1,0
D,E,E,9857,100,9857,1,0
E,F,E,5101,100,5101,1,0
E,G,E,10646,100,10646,1,0
E,H,E,10118,100,10118,1,0
A,F,F,5021,100,5021,1,0
B,F,F,1352,100,1352,1,0
C,F,F,7214,100,7214,1,0
D,F,F,5345,100,5345,1,0
E,F,F,5131,100,5131,1,0
F,G,F,7028,100,7028,1,0
F,H,F,5483,100,5483,1,0
A,G,G,10656,100,10656,1,0
B,G,G,7051,100,7051,1,0
C,G,G,1368,100,1368,1,0
D,G,G,8887,100,8887,1,0
E,G,G,10622,100,10622,1,0
F,G,G,7021,100,7021,1,0
G,H,G,8840,100,8840,1,0
A,H,H,9979,100,9979,1,0
B,H,H,5727,100,5727,1,0
C,H,H,8973,100,8973,1,0
D,H,H,1464,100,1464,1,0
E,H,H,10141,100,10141,1,0
F,H,H,5459,100,5459,1,0
G,H,H,8853,100,8853,1,0
A,B,A,4773,100,4773,1,0
A,C,A,10670,100,10670,1,0
A,D,A,9545,100,9545,1,0
A,E,A,1427,100,1427,1,0
A,F,A,5031,100,5031,1,0
A,G,A,10626,100,10626,1,0
A,H,A,9971,100,9971,1,0
A,B,B,4801,100,4801,1,0
B,C,B,7020,100,7020,1,0
B,D,B,5289,100,5289,1,0
B,E,B,5203,100,5203,1,0
B,F,B,1392,100,1392,1,0
B,G,B,7110,100,7110,1,0
B,H,B,5753,100,5753,1,0
A,C,C,10660,100,10660,1,0
B,C,C,7011,100,7011,1,0
C,D,C,8747,100,8747,1,0
C,E,C,10828,100,10828,1,0
C,F,C,7188,100,7188,1,0
C,G,C,1347,100,1347,1,0
C,H,C,8979,100,8979,1,0
A,D,D,9517,100,9517,1,0
B,D,D,5310,100,5310,1,0
C,D,D,8723,100,8723,1,0
D,E,D,9981,100,9981,1,0
D,F,D,5343,100,5343,1,0
D,G,D,8874,100,8874,1,0
D,H,D,1595,100,1595,1,0
A,E,E,1393,100,1393,1,0
B,E,E,5175,100,5175,1,0
C,E,E,10846,100,10846,1,0
D,E,E,9852,100,9852,1,0
E,F,E,5108,100,5108,1,0
E,G,E,10636,100,10636,1,0
E,H,E,10129,100,10129,1,0
A,F,F,5033,100,5033,1,0
B,F,F,1361,100,1361,1,0
C,F,F,7191,100,7191,1,0
D,F,F,5374,100,5374,1,0
E,F,F,5106,100,5106,1,0
F,G,F,6977,100,6977,1,0
F,H,F,5415,100,5415,1,0
A,G,G,10625,100,10625,1,0
B,G,G,7061,100,7061,1,0
C,G,G,1367,100,1367,1,0
D,G,G,8895,100,8895,1,0
E,G,G,10596,100,10596,1,0
F,G,G,6979,100,6979,1,0
G,H,G,8879,100,8879,1,0
A,H,H,9921,100,9921,1,0
B,H,H,5767,100,5767,1,0
C,H,H,8928,100,8928,1,0
D,H,H,1507,100,1507,1,0
E,H,H,10183,100,10183,1,0
F,H,H,5480,100,5480,1,0
G,H,H,8886,100,8886,1,0
A,B,A,4723,100,4723,1,0
A,C,A,10706,100,10706,1,0
A,D,A,9546,100,9546,1,0
A,E,A,1435,100,1435,1,0
A,F,A,5067,100,5067,1,0
A,G,A,10655,100,10655,1,0
A,H,A,9974,100,9974,1,0
A,B,B,4749,100,4749,1,0
B,C,B,7030,100,7030,1,0
B,D,B,5302,100,5302,1,0
B,E,B,5174,100,5174,1,0
B,F,B,1331,100,1331,1,0
B,G,B,7086,100,7086,1,0
B,H,B,5728,100,5728,1,0
A,C,C,10709,100,10709,1,0
B,C,C,6998,100,6998,1,0
C,D,C,8742,100,8742,1,0
C,E,C,10829,100,10829,1,0
C,F,C,7213,100,7213,1,0
C,G,C,1351,100,1351,1,0
C,H,C,8949,100,8949,1,0
A,D,D,9528,100,9528,1,0
B,D,D,5289,100,5289,1,0
C,D,D,8731,100,8731,1,0
D,E,D,9914,100,9914,1,0
D,F,D,5356,100,5356,1,0
D,G,D,8864,100,8864,1,0
D,H,D,1486,100,1486,1,0
A,E,E,1417,100,1417,1,0
B,E,E,5181,100,5181,1,0
C,E,E,10814,100,10814,1,0
D,E,E,9868,100,9868,1,0
E,F,E,5108,100,5108,1,0
E,G,E,10629,100,10629,1,0
E,H,E,10160,100,10160,1,0
A,F,F,5078,100,5078,1,0
B,F,F,1379,100,1379,1,0
C,F,F,7191,100,7191,1,0
D,F,F,5397,100,5397,1,0
E,F,F,5097,100,5097,1,0
F,G,F,6993,100,6993,1,0
F,H,F,5456,100,5456,1,0
A,G,G,10644,100,10644,1,0
B,G,G,7078,100,7078,1,0
C,G,G,1355,100,1355,1,0
D,G,G,8900,100,8900,1,0
E,G,G,10609,100,10609,1,0
F,G,G,7000,100,7000,1,0
G,H,G,8850,100,8850,1,0
A,H,H,9956,100,9956,1,0
B,H,H,5719,100,5719,1,0
C,H,H,8960,100,8960,1,0
D,H,H,1486,100,1486,1,0
E,H,H,10144,100,10144,1,0
F,H,H,5462,100,5462,1,0
G,H,H,8882,100,8882,1,0
A,B,A,4755,100,4755,1,0
A,C,A,10618,100,10618,1,0
A,D,A,9551,100,9551,1,0
A,E,A,1434,100,1434,1,0
A,F,A,5046,100,5046,1,0
A,G,A,10644,100,10644,1,0
A,H,A,9940,100,9940,1,0
A,B,B,4785,100,4785,1,0
B,C,B,7016,100,7016,1,0
B,D,B,5319,100,5319,1,0
B,E,B,5149,100,5149,1,0
B,F,B,1359,100,1359,1,0
B,G,B,7063,100,7063,1,0
B,H,B,5733,100,5733,1,0
A,C,C,10620,100,10620,1,0
B,C,C,6993,100,6993,1,0
C,D,C,8763,100,8763,1,0
C,E,C,10820,100,10820,1,0
C,F,C,7170,100,7170,1,0
C,G,C,1382,100,1382,1,0
C,H,C,8930,100,8930,1,0
A,D,D,9532,100,9532,1,0
B,D,D,5284,100,5284,1,0
C,D,D,8745,100,8745,1,0
D,E,D,9911,100,9911,1,0
D,F,D,5377,100,5377,1,0
D,G,D,8866,100,8866,1,0
D,H,D,1471,100,1471,1,0
A,E,E,1397,100,1397,1,0
B,E,E,5163,100,5163,1,0
C,E,E,10834,100,10834,1,0
D,E,E,9850,100,9850,1,0
E,F,E,5085,100,5085,1,0
E,G,E,10644,100,10644,1,0
E,H,E,10142,100,10142,1,0
A,F,F,5054,100,5054,1,0
B,F,F,1366,100,1366,1,0
C,F,F,7185,100,7185,1,0
D,F,F,5333,100,5333,1,0
E,F,F,5118,100,5118,1,0
F,G,F,6980,100,6980,1,0
F,H,F,5485,100,5485,1,0
A,G,G,10640,100,10640,1,0
B,G,G,7115,100,7115,1,0
C,G,G,1384,100,1384,1,0
D,G,G,8862,100,8862,1,0
E,G,G,10655,100,10655,1,0
F,G,G,7021,100,7021,1,0
G,H,G,8892,100,8892,1,0
A,H,H,9997,100,9997,1,0
B,H,H,5710,100,5710,1,0
C,H,H,8919,100,8919,1,0
D,H,H,1516,100,1516,1,0
E,H,H,10153,100,10153,1,0
F,H,H,5459,100,5459,1,0
G,H,H,8841,100,8841,1,0
A,B,A,4800,100,4800,1,0
A,C,A,10615,100,10615,1,0
A,D,A,9530,100,9530,1,0
A,E,A,1410,100,1410,1,0
A,F,A,5064,100,5064,1,0
A,G,A,10593,100,10593,1,0
A,H,A,9954,100,9954,1,0
A,B,B,4753,100,4753,1,0
B,C,B,6978,100,6978,1,0
B,D,B,5305,100,5305,1,0
B,E,B,5180,100,5180,1,0
B,F,B,1342,100,1342,1,0
B,G,B,7065,100,7065,1,0
B,H,B,5756,100,5756,1,0
A,C,C,10648,100,10648,1,0
B,C,C,7023,100,7023,1,0
C,D,C,8744,100,8744,1,0
C,E,C,10795,100,10795,1,0
C,F,C,7186,100,7186,1,0
C,G,C,1380,100,1380,1,0
C,H,C,8954,100,8954,1,0
A,D,D,9546,100,9546,1,0
B,D,D,5290,100,5290,1,0
C,D,D,8722,100,8722,1,0
D,E,D,9910,100,9910,1,0
D,F,D,5366,100,5366,1,0
D,G,D,8889,100,8889,1,0
D,H,D,1444,100,1444,1,0
A,E,E,1448,100,1448,1,0
B,E,E,5189,100,5189,1,0
C,E,E,10803,100,10803,1,0
D,E,E,9929,100,9929,1,0
E,F,E,5085,100,5085,1,0
E,G,E,10629,100,10629,1,0
E,H,E,10133,100,10133,1,0
A,F,F,5052,100,5052,1,0
B,F,F,1323,100,1323,1,0
C,F,F,7199,100,7199,1,0
D,F,F,5349,100,5349,1,0
E,F,F,5100,100,5100,1,0
F,G,F,7005,100,7005,1,0
F,H,F,5509,100,5509,1,0
A,G,G,10658,100,10658,1,0
B,G,G,7063,100,7063,1,0
C,G,G,1360,100,1360,1,0
D,G,G,8889,100,8889,1,0
E,G,G,10643,100,10643,1,0
F,G,G,6973,100,6973,1,0
G,H,G,8863,100,8863,1,0
A,H,H,9972,100,9972,1,0
B,H,H,5766,100,5766,1,0
C,H,H,8965,100,8965,1,0
D,H,H,1549,100,1549,1,0
E,H,H,10127,100,10127,1,0
F,H,H,5468,100,5468,1,0
G,H,H,8873,100,8873,1,0
A,B,A,4810,100,4810,1,0
A,C,A,10610,100,10610,1,0
A,D,A,9512,100,9512,1,0
A,E,A,1464,100,1464,1,0
A,F,A,5060,100,5060,1,0
A,G,A,10614,100,10614,1,0
A,H,A,9926,100,9926,1,0
A,B,B,4756,100,4756,1,0
B,C,B,7033,100,7033,1,0
B,D,B,5321,100,5321,1,0
B,E,B,5181,100,5181,1,0
B,F,B,1344,100,1344,1,0
B,G,B,7064,100,7064,1,0
B,H,B,5792,100,5792,1,0
A,C,C,10598,100,10598,1,0
B,C,C,7013,100,7013,1,0
C,D,C,8749,100,8749,1,0
C,E,C,10821,100,10821,1,0
C,F,C,7191,100,7191,1,0
C,G,C,1420,100,1420,1,0
C,H,C,8949,100,8949,1,0
A,D,D,9519,100,9519,1,0
B,D,D,5314,100,5314,1,0
C,D,D,8692,100,8692,1,0
D,E,D,9978,100,9978,1,0
D,F,D,5342,100,5342,1,0
D,G,D,8920,100,8920,1,0
D,H,D,1428,100,1428,1,0
A,E,E,1396,100,1396,1,0
B,E,E,5176,100,5176,1,0
C,E,E,10793,100,10793,1,0
D,E,E,9874,100,9874,1,0
E,F,E,5095,100,5095,1,0
E,G,E,10630,100,10630,1,0
E,H,E,10106,100,10106,1,0
A,F,F,5058,100,5058,1,0
B,F,F,1331,100,1331,1,0
C,F,F,7184,100,7184,1,0
D,F,F,5402,100,5402,1,0
E,F,F,5107,100,5107,1,0
F,G,F,6996,100,6996,1,0
F,H,F,5456,100,5456,1,0
A,G,G,10651,100,10651,1,0
B,G,G,7121,100,7121,1,0
C,G,G,1402,100,1402,1,0
D,G,G,8921,100,8921,1,0
E,G,G,10655,100,10655,1,0
F,G,G,7035,100,7035,1,0
G,H,G,8866,100,8866,1,0
A,H,H,9950,100,9950,1,0
B,H,H,5720,100,5720,1,0
C,H,H,8957,100,8957,1,0
D,H,H,1454,100,1454,1,0
E,H,H,10157,100,10157,1,0
F,H,H,5456,100,5456,1,0
G,H,H,8885,100,8885,1,0
A,B,A,4806,100,4806,1,0
A,C,A,10640,100,10640,1,0
A,D,A,9538,100,9538,1,0
A,E,A,1379,100,1379,1,0
A,F,A,5073,100,5073,1,0
A,G,A,10679,100,10679,1,0
A,H,A,9929,100,9929,1,0
A,B,B,4802,100,4802,1,0
B,C,B,7016,100,7016,1,0
B,D,B,5302,100,5302,1,0
B,E,B,5181,100,5181,1,0
B,F,B,1359,100,1359,1,0
B,G,B,7097,100,7097,1,0
B,H,B,5715,100,5715,1,0
A,C,C,10622,100,10622,1,0
B,C,C,7015,100,7015,1,0
C,D,C,8767,100,8767,1,0
C,E,C,10854,100,10854,1,0
C,F,C,7206,100,7206,1,0
C,G,C,1332,100,1332,1,0
C,H,C,8963,100,8963,1,0
A,D,D,9527,100,9527,1,0
B,D,D,5262,100,5262,1,0
C,D,D,8721,100,8721,1,0
D,E,D,9909,100,9909,1,0
D,F,D,5334,100,5334,1,0
D,G,D,8881,100,8881,1,0
D,H,D,1508,100,1508,1,0
A,E,E,1459,100,1459,1,0
B,E,E,5183,100,5183,1,0
C,E,E,10842,100,10842,1,0
D,E,E,9951,100,9951,1,0
E,F,E,5112,100,5112,1,0
E,G,E,10624,100,10624,1,0
E,H,E,10161,100,10161,1,0
A,F,F,5117,100,5117,1,0
B,F,F,1348,100,1348,1,0
C,F,F,7194,100,7194,1,0
D,F,F,5331,100,5331,1,0
E,F,F,5085,100,5085,1,0
F,G,F,7015,100,7015,1,0
F,H,F,5446,100,5446,1,0
A,G,G,10640,100,10640,1,0
B,G,G,7087,100,7087,1,0
C,G,G,1355,100,1355,1,0
D,G,G,8907,100,8907,1,0
E,G,G,10582,100,10582,1,0
F,G,G,6984,100,6984,1,0
G,H,G,8862,100,8862,1,0
A,H,H,10011,100,10011,1,0
B,H,H,5707,100,5707,1,0
C,H,H,8956,100,8956,1,0
D,H,H,1431,100,1431,1,0
E,H,H,10136,100,10136,1,0
F,H,H,5493,100,5493,1,0
G,H,H,8868,100,8868,1,0
A,B,A,4743,100,4743,1,0
A,C,A,10671,100,10671,1,0
A,D,A,9555,100,9555,1,0
A,E,A,1439,100,1439,1,0
A,F,A,5063,100,5063,1,0
A,G,A,10633,100,10633,1,0
A,H,A,9959,100,9959,1,0
A,B,B,4769,100,4769,1,0
B,C,B,7006,100,7006,1,0
B,D,B,5298,100,5298,1,0
B,E,B,5203,100,5203,1,0
B,F,B,1324,100,1324,1,0
B,G,B,7081,100,7081,1,0
B,H,B,5792,100,5792,1,0
A,C,C,10689,100,10689,1,0
B,C,C,7038,100,7038,1,0
C,D,C,8747,100,8747,1,0
C,E,C,10847,100,10847,1,0
C,F,C,7165,100,7165,1,0
C,G,C,1386,100,1386,1,0
C,H,C,8890,100,8890,1,0
A,D,D,9518,100,9518,1,0
B,D,D,5296,100,5296,1,0
C,D,D,8725,100,8725,1,0
D,E,D,9978,100,9978,1,0
D,F,D,5403,100,5403,1,0
D,G,D,8906,100,8906,1,0
D,H,D,1449,100,1449,1,0
A,E,E,1423,100,1423,1,0
B,E,E,5155,100,5155,1,0
C,E,E,10809,100,10809,1,0
D,E,E,9999,100,9999,1,0
E,F,E,5096,100,5096,1,0
E,G,E,10656,100,10656,1,0
E,H,E,10143,100,10143,1,0
A,F,F,5048,100,5048,1,0
B,F,F,1393,100,1393,1,0
C,F,F,7209,100,7209,1,0
D,F,F,5331,100,5331,1,0
E,F,F,5093,100,5093,1,0
F,G,F,6993,100,6993,1,0
F,H,F,5449,100,5449,1,0
A,G,G,10592,100,10592,1,0
B,G,G,7050,100,7050,1,0
C,G,G,1394,100,1394,1,0
D,G,G,8889,100,8889,1,0
E,G,G,10650,100,10650,1,0
F,G,G,7000,100,7000,1,0
G,H,G,8846,100,8846,1,0
A,H,H,9938,100,9938,1,0
B,H,H,5707,100,5707,1,0
C,H,H,8955,100,8955,1,0
D,H,H,1479,100,1479,1,0
E,H,H,10158,100,10158,1,0
F,H,H,5458,100,5458,1,0
G,H,H,8887,100,8887,1,0
A,B,A,4770,100,4770,1,0
A,C,A,10614,100,10614,1,0
A,D,A,9521,100,9521,1,0
A,E,A,1412,100,1412,1,0
A,F,A,5019,100,5019,1,0
A,G,A,10662,100,10662,1,0
A,H,A,9946,100,9946,1,0
A,B,B,4746,100,4746,1,0
B,C,B,7004,100,7004,1,0
B,D,B,5259,100,5259,1,0
B,E,B,5188,100,5188,1,0
B,F,B,1384,100,1384,1,0
B,G,B,7071,100,7071,1,0
B,H,B,5762,100,5762,1,0
A,C,C,10570,100,10570,1,0
B,C,C,7011,100,7011,1,0
C,D,C,8768,100,8768,1,0
C,E,C,10858,100,10858,1,0
C,F,C,7206,100,7206,1,0
C,G,C,1378,100,1378,1,0
C,H,C,8930,100,8930,1,0
A,D,D,9520,100,9520,1,0
B,D,D,5298,100,5298,1,0
C,D,D,8717,100,8717,1,0
D,E,D,9958,100,9958,1,0
D,F,D,5362,100,5362,1,0
D,G,D,8906,100,8906,1,0
D,H,D,1489,100,1489,1,0
A,E,E,1422,100,1422,1,0
B,E,E,5178,100,5178,1,0
C,E,E,10795,100,10795,1,0
D,E,E,9916,100,9916,1,0
E,F,E,5111,100,5111,1,0
E,G,E,10620,100,10620,1,0
E,H,E,10131,100,10131,1,0
A,F,F,5064,100,5064,1,0
B,F,F,1336,100,1336,1,0
C,F,F,7186,100,7186,1,0
D,F,F,5391,100,5391,1,0
E,F,F,5100,100,5100,1,0
F,G,F,6979,100,6979,1,0
F,H,F,5440,100,5440,1,0
A,G,G,10630,100,10630,1,0
B,G,G,7053,100,7053,1,0
C,G,G,1366,100,1366,1,0
D,G,G,8908,100,8908,1,0
E,G,G,10656,100,10656,1,0
F,G,G,6984,100,6984,1,0
G,H,G,8855,100,8855,1,0
A,H,H,9953,100,9953,1,0
B,H,H,5747,100,5747,1,0
C,H,H,8914,100,8914,1,0
D,H,H,1481,100,1481,1,0
E,H,H,10152,100,10152,1,0
F,H,H,5493,100,5493,1,0
G,H,H,8846,100,8846,1,0
A,B,A,4820,100,4820,1,0
A,C,A,10610,100,10610,1,0
A,D,A,9525,100,9525,1,0
A,E,A,1456,100,1456,1,0
A,F,A,5054,100,5054,1,0
A,G,A,10620,100,10620,1,0
A,H,A,9964,100,9964,1,0
A,B,B,4766,100,4766,1,0
B,C,B,7014,100,7014,1,0
B,D,B,5275,100,5275,1,0
B,E,B,5186,100,5186,1,0
B,F,B,1315,100,1315,1,0
B,G,B,7060,100,7060,1,0
B,H,B,5702,100,5702,1,0
A,C,C,10616,100,10616,1,0
B,C,C,6997,100,6997,1,0
C,D,C,8751,100,8751,1,0
C,E,C,10824,100,10824,1,0
C,F,C,7202,100,7202,1,0
C,G,C,1338,100,1338,1,0
C,H,C,8920,100,8920,1,0
A,D,D,9522,100,9522,1,0
B,D,D,5294,100,5294,1,0
C,D,D,8719,100,8719,1,0
D,E,D,9990,100,9990,1,0
D,F,D,5331,100,5331,1,0
D,G,D,8914,100,8914,1,0
D,H,D,1575,100,1575,1,0
A,E,E,1404,100,1404,1,0
B,E,E,5183,100,5183,1,0
C,E,E,10820,100,10820,1,0
D,E,E,9955,100,9955,1,0
E,F,E,5106,100,5106,1,0
E,G,E,10621,100,10621,1,0
E,H,E,10130,100,10130,1,0
A,F,F,5056,100,5056,1,0
B,F,F,1348,100,1348,1,0
C,F,F,7190,100,7190,1,0
D,F,F,5336,100,5336,1,0
E,F,F,5137,100,5137,1,0
F,G,F,6989,100,6989,1,0
F,H,F,5500,100,5500,1,0
A,G,G,10653,100,10653,1,0
B,G,G,7098,100,7098,1,0
C,G,G,1401,100,1401,1,0
D,G,G,8890,100,8890,1,0
E,G,G,10637,100,10637,1,0
F,G,G,6992,100,6992,1,0
G,H,G,8869,100,8869,1,0
A,H,H,9927,100,9927,1,0
B,H,H,5784,100,5784,1,0
C,H,H,8949,100,8949,1,0
D,H,H,1466,100,1466,1,0
E,H,H,10146,100,10146,1,0
F,H,H,5450,100,5450,1,0
G,H,H,8851,100,8851,1,0
A,B,A,4776,100,4776,1,0
A,C,A,10609,100,10609,1,0
A,D,A,9529,100,9529,1,0
A,E,A,1420,100,1420,1,0
A,F,A,5051,100,5051,1,0
A,G,A,10645,100,10645,1,0
A,H,A,9930,100,9930,1,0
A,B,B,4765,100,4765,1,0
B,C,B,7042,100,7042,1,0
B,D,B,5299,100,5299,1,0
B,E,B,5183,100,5183,1,0
B,F,B,1340,100,1340,1,0
B,G,B,7081,100,7081,1,0
B,H,B,5761,100,5761,1,0
A,C,C,10631,100,10631,1,0
B,C,C,7002,100,7002,1,0
C,D,C,8749,100,8749,1,0
C,E,C,10795,100,10795,1,0
C,F,C,7209,100,7209,1,0
C,G,C,1351,100,1351,1,0
C,H,C,8967,100,8967,1,0
A,D,D,9531,100,9531,1,0
B,D,D,5304,100,5304,1,0
C,D,D,8738,100,8738,1,0
D,E,D,9968,100,9968,1,0
D,F,D,5355,100,5355,1,0
D,G,D,8884,100,8884,1,0
D,H,D,1508,100,1508,1,0
A,E,E,1409,100,1409,1,0
B,E,E,5163,100,5163,1,0
C,E,E,10849,100,10849,1,0
D,E,E,9884,100,9884,1,0
E,F,E,5090,100,5090,1,0
E,G,E,10642,100,10642,1,0
E,H,E,10137,100,10137,1,0
A,F,F,5064,100,5064,1,0
B,F,F,1333,100,1333,1,0
C,F,F,7185,100,7185,1,0
D,F,F,5338,100,5338,1,0
E,F,F,5139,100,5139,1,0
F,G,F,7017,100,7017,1,0
F,H,F,5422,100,5422,1,0
A,G,G,10613,100,10613,1,0
B,G,G,7044,100,7044,1,0
C,G,G,1389,100,1389,1,0
D,G,G,8912,100,8912,1,0
E,G,G,10627,100,10627,1,0
F,G,G,7047,100,7047,1,0
G,H,G,8861,100,8861,1,0
A,H,H,9949,100,9949,1,0
B,H,H,5681,100,5681,1,0
C,H,H,8942,100,8942,1,0
D,H,H,1483,100,1483,1,0
E,H,H,10114,100,10114,1,0
F,H,H,5457,100,5457,1,0
G,H,H,8880,100,8880,1,0
A,B,A,4766,100,4766,1,0
A,C,A,10660,100,10660,1,0
A,D,A,9552,100,9552,1,0
A,E,A,1403,100,1403,1,0
A,F,A,5051,100,5051,1,0
A,G,A,10626,100,10626,1,0
A,H,A,9970,100,9970,1,0
A,B,B,4790,100,4790,1,0
B,C,B,7005,100,7005,1,0
B,D,B,5314,100,5314,1,0
B,E,B,5213,100,5213,1,0
B,F,B,1337,100,1337,1,0
B,G,B,7084,100,7084,1,0
B,H,B,5760,100,5760,1,0
A,C,C,10627,100,10627,1,0
B,C,C,7016,100,7016,1,0
C,D,C,8728,100,8728,1,0
C,E,C,10832,100,10832,1,0
C,F,C,7193,100,7193,1,0
C,G,C,1374,100,1374,1,0
C,H,C,8932,100,8932,1,0
A,D,D,9517,100,9517,1,0
B,D,D,5326,100,5326,1,0
C,D,D,8707,100,8707,1,0
D,E,D,9920,100,9920,1,0
D,F,D,5379,100,5379,1,0
D,G,D,8916,100,8916,1,0
D,H,D,1554,100,1554,1,0
A,E,E,1412,100,1412,1,0
B,E,E,5167,100,5167,1,0
C,E,E,10805,100,10805,1,0
D,E,E,9946,100,9946,1,0
E,F,E,5118,100,5118,1,0
E,G,E,10629,100,10629,1,0
E,H,E,10116,100,10116,1,0
A,F,F,5037,100,5037,1,0
B,F,F,1358,100,1358,1,0
C,F,F,7183,100,7183,1,0
D,F,F,5361,100,5361,1,0
E,F,F,5127,100,5127,1,0
F,G,F,6976,100,6976,1,0
F,H,F,5469,100,5469,1,0
A,G,G,10630,100,10630,1,0
B,G,G,7069,100,7069,1,0
C,G,G,1405,100,1405,1,0
D,G,G,8888,100,8888,1,0
E,G,G,10689,100,10689,1,0
F,G,G,6985,100,6985,1,0
G,H,G,8871,100,8871,1,0
A,H,H,9954,100,9954,1,0
B,H,H,5755,100,5755,1,0
C,H,H,8923,100,8923,1,0
D,H,H,1466,100,1466,1,0
E,H,H,10153,100,10153,1,0
F,H,H,5473,100,5473,1,0
G,H,H,8862,100,8862,1,0
A,B,A,4788,100,4788,1,0
A,C,A,10649,100,10649,1,0
A,D,A,9531,100,9531,1,0
A,E,A,1376,100,1376,1,0
A,F,A,5066,100,5066,1,0
A,G,A,10648,100,10648,1,0
A,H,A,9990,100,9990,1,0
A,B,B,4789,100,4789,1,0
B,C,B,6997,100,6997,1,0
B,D,B,5285,100,5285,1,0
B,E,B,5170,100,5170,1,0
B,F,B,1367,100,1367,1,0
B,G,B,7068,100,7068,1,0
B,H,B,5694,100,5694,1,0
A,C,C,10685,100,10685,1,0
B,C,C,6998,100,6998,1,0
C,D,C,8730,100,8730,1,0
C,E,C,10828,100,10828,1,0
C,F,C,7195,100,7195,1,0
C,G,C,1361,100,1361,1,0
C,H,C,8933,100,8933,1,0
A,D,D,9526,100,9526,1,0
B,D,D,5320,100,5320,1,0
C,D,D,8760,100,8760,1,0
D,E,D,9922,100,9922,1,0
D,F,D,5385,100,5385,1,0
D,G,D,8905,100,8905,1,0
D,H,D,1537,100,1537,1,0
A,E,E,1427,100,1427,1,0
B,E,E,5222,100,5222,1,0
C,E,E,10819,100,10819,1,0
D,E,E,9889,100,9889,1,0
E,F,E,5093,100,5093,1,0
E,G,E,10618,100,10618,1,0
E,H,E,10138,100,10138,1,0
A,F,F,5078,100,5078,1,0
B,F,F,1338,100,1338,1,0
C,F,F,7213,100,7213,1,0
D,F,F,5344,100,5344,1,0
E,F,F,5086,100,5086,1,0
F,G,F,7015,100,7015,1,0
F,H,F,5424,100,5424,1,0
A,G,G,10634,100,10634,1,0
B,G,G,7017,100,7017,1,0
C,G,G,1392,100,1392,1,0
D,G,G,8909,100,8909,1,0
E,G,G,10628,100,10628,1,0
F,G,G,7022,100,7022,1,0
G,H,G,8862,100,8862,1,0
A,H,H,9944,100,9944,1,0
B,H,H,5748,100,5748,1,0
C,H,H,8922,100,8922,1,0
D,H,H,1476,100,1476,1,0
E,H,H,10145,100,10145,1,0
F,H,H,5417,100,5417,1,0
G,H,H,8880,100,8880,1,0
A,B,A,4745,100,4745,1,0
A,C,A,10649,100,10649,1,0
A,D,A,9531,100,9531,1,0
A,E,A,1396,100,1396,1,0
A,F,A,5057,100,5057,1,0
A,G,A,10653,100,10653,1,0
A,H,A,9966,100,9966,1,0
A,B,B,4747,100,4747,1,0
B,C,B,7023,100,7023,1,0
B,D,B,5353,100,5353,1,0
B,E,B,5198,100,5198,1,0
B,F,B,1387,100,1387,1,0
B,G,B,7078,100,7078,1,0
B,H,B,5733,100,5733,1,0
A,C,C,10643,100,10643,1,0
B,C,C,7018,100,7018,1,0
C,D,C,8711,100,8711,1,0
C,E,C,10810,100,10810,1,0
C,F,C,7197,100,7197,1,0
C,G,C,1356,100,1356,1,0
C,H,C,8948,100,8948,1,0
A,D,D,9532,100,9532,1,0
B,D,D,5313,100,5313,1,0
C,D,D,8752,100,8752,1,0
D,E,D,9950,100,9950,1,0
D,F,D,5357,100,5357,1,0
D,G,D,8912,100,8912,1,0
D,H,D,1482,100,1482,1,0
A,E,E,1507,100,1507,1,0
B,E,E,5159,100,5159,1,0
C,E,E,10829,100,10829,1,0
D,E,E,9971,100,9971,1,0
E,F,E,5099,100,5099,1,0
E,G,E,10619,100,10619,1,0
E,H,E,10099,100,10099,1,0
A,F,F,5094,100,5094,1,0
B,F,F,1371,100,1371,1,0
C,F,F,7196,100,7196,1,0
D,F,F,5349,100,5349,1,0
E,F,F,5105,100,5105,1,0
F,G,F,7000,100,7000,1,0
F,H,F,5487,100,5487,1,0
A,G,G,10652,100,10652,1,0
B,G,G,7119,100,7119,1,0
C,G,G,1356,100,1356,1,0
D,G,G,8893,100,8893,1,0
E,G,G,10636,100,10636,1,0
F,G,G,7007,100,7007,1,0
G,H,G,8888,100,8888,1,0
A,H,H,9930,100,9930,1,0
B,H,H,5752,100,5752,1,0
C,H,H,8972,100,8972,1,0
D,H,H,1519,100,1519,1,0
E,H,H,10163,100,10163,1,0
F,H,H,5426,100,5426,1,0
G,H,H,8853,100,8853,1,0
A,B,A,4767,100,4767,1,0
A,C,A,10641,100,10641,1,0
A,D,A,9510,100,9510,1,0
A,E,A,1427,100,1427,1,0
A,F,A,5048,100,5048,1,0
A,G,A,10610,100,10610,1,0
A,H,A,10027,100,10027,1,0
A,B,B,4783,100,4783,1,0
B,C,B,6982,100,6982,1,0
B,D,B,5278,100,5278,1,0
B,E,B,5196,100,5196,1,0
B,F,B,1330,100,1330,1,0
B,G,B,7099,100,7099,1,0
B,H,B,5757,100,5757,1,0
A,C,C,10612,100,10612,1,0
B,C,C,7005,100,7005,1,0
C,D,C,8758,100,8758,1,0
C,E,C,10807,100,10807,1,0
C,F,C,7225,100,7225,1,0
C,G,C,1389,100,1389,1,0
C,H,C,8940,100,8940,1,0
A,D,D,9534,100,9534,1,0
B,D,D,5249,100,5249,1,0
C,D,D,8758,100,8758,1,0
D,E,D,9949,100,9949,1,0
D,F,D,5392,100,5392,1,0
D,G,D,8912,100,8912,1,0
D,H,D,1528,100,1528,1,0
A,E,E,1382,100,1382,1,0
B,E,E,5207,100,5207,1,0
C,E,E,10835,100,10835,1,0
D,E,E,9931,100,9931,1,0
E,F,E,5135,100,5135,1,0
E,G,E,10629,100,10629,1,0
E,H,E,10130,100,10130,1,0
A,F,F,5042,100,5042,1,0
B,F,F,1341,100,1341,1,0
C,F,F,7213,100,7213,1,0
D,F,F,5351,100,5351,1,0
E,F,F,5108,100,5108,1,0
F,G,F,7002,100,7002,1,0
F,H,F,5461,100,5461,1,0
A,G,G,10658,100,10658,1,0
B,G,G,7096,100,7096,1,0
C,G,G,1385,100,1385,1,0
D,G,G,8885,100,8885,1,0
E,G,G,10671,100,10671,1,0
F,G,G,7019,100,7019,1,0
G,H,G,8869,100,8869,1,0
A,H,H,9944,100,9944,1,0
B,H,H,5754,100,5754,1,0
C,H,H,8955,100,8955,1,0
D,H,H,1487,100,1487,1,0
E,H,H,10101,100,10101,1,0
F,H,H,5474,100,5474,1,0
G,H,H,8870,100,8870,1,0
A,B,A,4782,100,4782,1,0
A,C,A,10621,100,10621,1,0
A,D,A,9556,100,9556,1,0
A,E,A,1368,100,1368,1,0
A,F,A,5053,100,5053,1,0
A,G,A,10661,100,10661,1,0
A,H,A,9961,100,9961,1,0
A,B,B,4778,100,4778,1,0
B,C,B,7017,100,7017,1,0
B,D,B,5237,100,5237,1,0
B,E,B,5207,100,5207,1,0
B,F,B,1372,100,1372,1,0
B,G,B,7070,100,7070,1,0
B,H,B,5768,100,5768,1,0
A,C,C,10648,100,10648,1,0
B,C,C,7023,100,7023,1,0
C,D,C,8718,100,8718,1,0
C,E,C,10800,100,10800,1,0
C,F,C,7193,100,7193,1,0
C,G,C,1390,100,1390,1,0
C,H,C,8965,100,8965,1,0
A,D,D,9533,100,9533,1,0
B,D,D,5272,100,5272,1,0
C,D,D,8733,100,8733,1,0
D,E,D,9909,100,9909,1,0
D,F,D,5380,100,5380,1,0
D,G,D,8903,100,8903,1,0
D,H,D,1459,100,1459,1,0
A,E,E,1443,100,1443,1,0
B,E,E,5205,100,5205,1,0
C,E,E,10834,100,10834,1,0
D,E,E,9933,100,9933,1,0
E,F,E,5104,100,5104,1,0
E,G,E,10613,100,10613,1,0
E,H,E,10188,100,10188,1,0
A,F,F,5067,100,5067,1,0
B,F,F,1366,100,1366,1,0
C,F,F,7191,100,7191,1,0
D,F,F,5362,100,5362,1,0
E,F,F,5088,100,5088,1,0
F,G,F,6984,100,6984,1,0
F,H,F,5475,100,5475,1,0
A,G,G,10674,100,10674,1,0
B,G,G,7028,100,7028,1,0
C,G,G,1368,100,1368,1,0
D,G,G,8900,100,8900,1,0
E,G,G,10627,100,10627,1,0
F,G,G,7017,100,7017,1,0
G,H,G,8914,100,8914,1,0
A,H,H,9911,100,9911,1,0
B,H,H,5752,100,5752,1,0
C,H,H,8920,100,8920,1,0
D,H,H,1498,100,1498,1,0
E,H,H,10160,100,10160,1,0
F,H,H,5458,100,5458,1,0
G,H,H,8897,100,8897,1,0
A,B,A,4761,100,4761,1,0
A,C,A,10626,100,10626,1,0
A,D,A,9559,100,9559,1,0
A,E,A,1414,100,1414,1,0
A,F,A,4995,100,4995,1,0
A,G,A,10674,100,10674,1,0
A,H,A,9894,100,9894,1,0
A,B,B,4794,100,4794,1,0
B,C,B,7011,100,7011,1,0
B,D,B,5275,100,5275,1,0
B,E,B,5159,100,5159,1,0
B,F,B,1350,100,1350,1,0
B,G,B,7076,100,7076,1,0
B,H,B,5810,100,5810,1,0
A,C,C,10652,100,10652,1,0
B,C,C,7008,100,7008,1,0
C,D,C,8753,100,8753,1,0
C,E,C,10801,100,10801,1,0
C,F,C,7197,100,7197,1,0
C,G,C,1388,100,1388,1,0
C,H,C,8918,100,8918,1,0
A,D,D,9523,100,9523,1,0
B,D,D,5302,100,5302,1,0
C,D,D,8694,100,8694,1,0
D,E,D,9953,100,9953,1,0
D,F,D,5328,100,5328,1,0
D,G,D,8885,100,8885,1,0
D,H,D,1551,100,1551,1,0
A,E,E,1414,100,1414,1,0
B,E,E,5174,100,5174,1,0
C,E,E,10791,100,10791,1,0
D,E,E,9929,100,9929,1,0
E,F,E,5078,100,5078,1,0
E,G,E,10628,100,10628,1,0
E,H,E,10153,100,10153,1,0
A,F,F,5036,100,5036,1,0
B,F,F,1372,100,1372,1,0
C,F,F,7182,100,7182,1,0
D,F,F,5402,100,5402,1,0
E,F,F,5092,100,5092,1,0
F,G,F,6997,100,6997,1,0
F,H,F,5500,100,5500,1,0
A,G,G,10660,100,10660,1,0
B,G,G,7132,100,7132,1,0
C,G,G,1323,100,1323,1,0
D,G,G,8887,100,8887,1,0
E,G,G,10606,100,10606,1,0
F,G,G,6987,100,6987,1,0
G,H,G,8851,100,8851,1,0
A,H,H,9961,100,9961,1,0
B,H,H,5729,100,5729,1,0
C,H,H,8938,100,8938,1,0
D,H,H,1520,100,1520,1,0
E,H,H,10162,100,10162,1,0
F,H,H,5482,100,5482,1,0
G,H,H,8904,100,8904,1,0
A,B,A,4767,100,4767,1,0
A,C,A,10628,100,10628,1,0
A,D,A,9555,100,9555,1,0
A,E,A,1366,100,1366,1,0
A,F,A,5032,100,5032,1,0
A,G,A,10614,100,10614,1,0
A,H,A,9913,100,9913,1,0
A,B,B,4764,100,4764,1,0
B,C,B,7043,100,7043,1,0
B,D,B,5275,100,5275,1,0
B,E,B,5203,100,5203,1,0
B,F,B,1348,100,1348,1,0
B,G,B,7077,100,7077,1,0
B,H,B,5790,100,5790,1,0
A,C,C,10645,100,10645,1,0
B,C,C,7016,100,7016,1,0
C,D,C,8754,100,8754,1,0
C,E,C,10808,100,10808,1,0
C,F,C,7211,100,7211,1,0
C,G,C,1343,100,1343,1,0
C,H,C,8933,100,8933,1,0
A,D,D,9533,100,9533,1,0
B,D,D,5264,100,5264,1,0
C,D,D,8733,100,8733,1,0
D,E,D,9953,100,9953,1,0
D,F,D,5331,100,5331,1,0
D,G,D,8876,100,8876,1,0
D,H,D,1522,100,1522,1,0
A,E,E,1397,100,1397,1,0
B,E,E,5223,100,5223,1,0
C,E,E,10772,100,10772,1,0
D,E,E,9959,100,9959,1,0
E,F,E,5105,100,5105,1,0
E,G,E,10630,100,10630,1,0
E,H,E,10171,100,10171,1,0
A,F,F,5004,100,5004,1,0
B,F,F,1404,100,1404,1,0
C,F,F,7184,100,7184,1,0
D,F,F,5381,100,5381,1,0
E,F,F,5144,100,5144,1,0
F,G,F,7013,100,7013,1,0
F,H,F,5495,100,5495,1,0
A,G,G,10624,100,10624,1,0
B,G,G,7025,100,7025,1,0
C,G,G,1391,100,1391,1,0
D,G,G,8907,100,8907,1,0
E,G,G,10622,100,10622,1,0
F,G,G,7017,100,7017,1,0
G,H,G,8877,100,8877,1,0
A,H,H,9945,100,9945,1,0
B,H,H,5702,100,5702,1,0
C,H,H,8932,100,8932,1,0
D,H,H,1486,100,1486,1,0
E,H,H,10144,100,10144,1,0
F,H,H,5502,100,5502,1,0
G,H,H,8883,100,8883,1,0
A,B,A,4794,100,4794,1,0
A,C,A,10656,100,10656,1,0
A,D,A,9527,100,9527,1,0
A,E,A,1390,100,1390,1,0
A,F,A,5083,100,5083,1,0
A,G,A,10597,100,10597,1,0
A,H,A,9948,100,9948,1,0
A,B,B,4750,100,4750,1,0
B,C,B,7031,100,7031,1,0
B,D,B,5286,100,5286,1,0
B,E,B,5179,100,5179,1,0
B,F,B,1381,100,1381,1,0
B,G,B,7092,100,7092,1,0
B,H,B,5794,100,5794,1,0
A,C,C,10613,100,10613,1,0
B,C,C,6978,100,6978,1,0
C,D,C,8773,100,8773,1,0
C,E,C,10810,100,10810,1,0
C,F,C,7187,100,7187,1,0
C,G,C,1411,100,1411,1,0
C,H,C,8917,100,8917,1,0
A,D,D,9544,100,9544,1,0
B,D,D,5273,100,5273,1,0
C,D,D,8753,100,8753,1,0
D,E,D,9968,100,9968,1,0
D,F,D,5401,100,5401,1,0
D,G,D,8922,100,8922,1,0
D,H,D,1503,100,1503,1,0
A,E,E,1388,100,1388,1,0
B,E,E,5185,100,5185,1,0
C,E,E,10828,100,10828,1,0
D,E,E,9965,100,9965,1,0
E,F,E,5101,100,5101,1,0
E,G,E,10651,100,10651,1,0
E,H,E,10171,100,10171,1,0
A,F,F,5054,100,5054,1,0
B,F,F,1353,100,1353,1,0
C,F,F,7187,100,7187,1,0
D,F,F,5369,100,5369,1,0
E,F,F,5089,100,5089,1,0
F,G,F,7022,100,7022,1,0
F,H,F,5440,100,5440,1,0
A,G,G,10619,100,10619,1,0
B,G,G,7057,100,7057,1,0
C,G,G,1352,100,1352,1,0
D,G,G,8896,100,8896,1,0
E,G,G,10674,100,10674,1,0
F,G,G,7019,100,7019,1,0
G,H,G,8897,100,8897,1,0
A,H,H,9946,100,9946,1,0
B,H,H,5783,100,5783,1,0
C,H,H,8903,100,8903,1,0
D,H,H,1507,100,1507,1,0
E,H,H,10152,100,10152,1,0
F,H,H,5430,100,5430,1,0
G,H,H,8893,100,8893,1,0
A,B,A,4780,100,4780,1,0
A,C,A,10619,100,10619,1,0
A,D,A,9524,100,9524,1,0
A,E,A,1427,100,1427,1,0
A,F,A,5046,100,5046,1,0
A,G,A,10623,100,10623,1,0
A,H,A,9955,100,9955,1,0
A,B,B,4786,100,4786,1,0
B,C,B,7027,100,7027,1,0
B,D,B,5267,100,5267,1,0
B,E,B,5156,100,5156,1,0
B,F,B,1348,100,1348,1,0
B,G,B,7070,100,7070,1,0
B,H,B,5771,100,5771,1,0
A,C,C,10630,100,10630,1,0
B,C,C,7007,100,7007,1,0
C,D,C,8735,100,8735,1,0
C,E,C,10830,100,10830,1,0
C,F,C,7185,100,7185,1,0
C,G,C,1407,100,1407,1,0
C,H,C,8903,100,8903,1,0
A,D,D,9530,100,9530,1,0
B,D,D,5303,100,5303,1,0
C,D,D,8738,100,8738,1,0
D,E,D,9911,100,9911,1,0
D,F,D,5388,100,5388,1,0
D,G,D,8894,100,8894,1,0
D,H,D,1493,100,1493,1,0
A,E,E,1371,100,1371,1,0
B,E,E,5139,100,5139,1,0
C,E,E,10850,100,10850,1,0
D,E,E,9885,100,9885,1,0
E,F,E,5111,100,5111,1,0
E,G,E,10617,100,10617,1,0
E,H,E,10141,100,10141,1,0
A,F,F,5057,100,5057,1,0
B,F,F,1370,100,1370,1,0
C,F,F,7181,100,7181,1,0
D,F,F,5343,100,5343,1,0
E,F,F,5077,100,5077,1,0
F,G,F,7002,100,7002,1,0
F,H,F,5475,100,5475,1,0
A,G,G,10600,100,10600,1,0
B,G,G,6986,100,6986,1,0
C,G,G,1380,100,1380,1,0
D,G,G,8900,100,8900,1,0
E,G,G,10631,100,10631,1,0
F,G,G,7015,100,7015,1,0
G,H,G,8898,100,8898,1,0
A,H,H,9961,100,9961,1,0
B,H,H,5733,100,5733,1,0
C,H,H,8952,100,8952,1,0
D,H,H,1513,100,1513,1,0
E,H,H,10146,100,10146,1,0
F,H,H,5508,100,5508,1,0
G,H,H,8898,100,8898,1,0
A,B,A,4780,100,4780,1,0
A,C,A,10666,100,10666,1,0
A,D,A,9505,100,9505,1,0
A,E,A,1414,100,1414,1,0
A,F,A,5055,100,5055,1,0
A,G,A,10594,100,10594,1,0
A,H,A,9929,100,9929,1,0
A,B,B,4784,100,4784,1,0
B,C,B,6988,100,6988,1,0
B,D,B,5271,100,5271,1,0
B,E,B,5181,100,5181,1,0
B,F,B,1349,100,1349,1,0
B,G,B,7079,100,7079,1,0
B,H,B,5742,100,5742,1,0
A,C,C,10641,100,10641,1,0
B,C,C,7012,100,7012,1,0
C,D,C,8753,100,8753,1,0
C,E,C,10826,100,10826,1,0
C,F,C,7183,100,7183,1,0
C,G,C,1405,100,1405,1,0
C,H,C,8956,100,8956,1,0
A,D,D,9492,100,9492,1,0
B,D,D,5280,100,5280,1,0
C,D,D,8740,100,8740,1,0
D,E,D,9950,100,9950,1,0
D,F,D,5393,100,5393,1,0
D,G,D,8933,100,8933,1,0
D,H,D,1457,100,1457,1,0
A,E,E,1385,100,1385,1,0
B,E,E,5176,100,5176,1,0
C,E,E,10790,100,10790,1,0
D,E,E,9947,100,9947,1,0
E,F,E,5100,100,5100,1,0
E,G,E,10618,100,10618,1,0
E,H,E,10120,100,10120,1,0
A,F,F,5067,100,5067,1,0
B,F,F,1359,100,1359,1,0
C,F,F,7204,100,7204,1,0
D,F,F,5361,100,5361,1,0
E,F,F,5159,100,5159,1,0
F,G,F,7004,100,7004,1,0
F,H,F,5462,100,5462,1,0
A,G,G,10618,100,10618,1,0
B,G,G,7095,100,7095,1,0
C,G,G,1381,100,1381,1,0
D,G,G,8942,100,8942,1,0
E,G,G,10626,100,10626,1,0
F,G,G,7017,100,7017,1,0
G,H,G,8897,100,8897,1,0
A,H,H,9954,100,9954,1,0
B,H,H,5742,100,5742,1,0
C,H,H,8893,100,8893,1,0
D,H,H,1465,100,1465,1,0
E,H,H,10172,100,10172,1,0
F,H,H,5479,100,5479,1,0
G,H,H,8826,100,8826,1,0
A,B,A,4759,100,4759,1,0
A,C,A,10617,100,10617,1,0
A,D,A,9528,100,9528,1,0
A,E,A,1387,100,1387,1,0
A,F,A,5068,100,5068,1,0
A,G,A,10645,100,10645,1,0
A,H,A,9987,100,9987,1,0
A,B,B,4765,100,4765,1,0
B,C,B,6985,100,6985,1,0
B,D,B,5299,100,5299,1,0
B,E,B,5201,100,5201,1,0
B,F,B,1358,100,1358,1,0
B,G,B,7078,100,7078,1,0
B,H,B,5755,100,5755,1,0
A,C,C,10699,100,10699,1,0
B,C,C,7041,100,7041,1,0
C,D,C,8746,100,8746,1,0
C,E,C,10797,100,10797,1,0
C,F,C,7192,100,7192,1,0
C,G,C,1353,100,1353,1,0
C,H,C,8958,100,8958,1,0
A,D,D,9544,100,9544,1,0
B,D,D,5330,100,5330,1,0
C,D,D,8763,100,8763,1,0
D,E,D,9942,100,9942,1,0
D,F,D,5301,100,5301,1,0
D,G,D,8935,100,8935,1,0
D,H,D,1490,100,1490,1,0
A,E,E,1420,100,1420,1,0
B,E,E,5172,100,5172,1,0
C,E,E,10826,100,10826,1,0
D,E,E,9895,100,9895,1,0
E,F,E,5114,100,5114,1,0
E,G,E,10636,100,10636,1,0
E,H,E,10150,100,10150,1,0
A,F,F,5038,100,5038,1,0
B,F,F,1354,100,1354,1,0
C,F,F,7206,100,7206,1,0
D,F,F,5348,100,5348,1,0
E,F,F,5087,100,5087,1,0
F,G,F,7012,100,7012,1,0
F,H,F,5473,100,5473,1,0
A,G,G,10607,100,10607,1,0
B,G,G,7046,100,7046,1,0
C,G,G,1379,100,1379,1,0
D,G,G,8896,100,8896,1,0
E,G,G,10631,100,10631,1,0
F,G,G,7011,100,7011,1,0
G,H,G,8874,100,8874,1,0
A,H,H,9948,100,9948,1,0
B,H,H,5734,100,5734,1,0
C,H,H,8925,100,8925,1,0
D,H,H,1519,100,1519,1,0
E,H,H,10116,100,10116,1,0
F,H,H,5452,100,5452,1,0
G,H,H,8878,100,8878,1,0
A,B,A,4778,100,4778,1,0
A,C,A,10627,100,10627,1,0
A,D,A,9537,100,9537,1,0
A,E,A,1472,100,1472,1,0
A,F,A,5014,100,5014,1,0
A,G,A,10628,100,10628,1,0
A,H,A,9977,100,9977,1,0
A,B,B,4757,100,4757,1,0
B,C,B,7039,100,7039,1,0
B,D,B,5291,100,5291,1,0
B,E,B,5204,100,5204,1,0
B,F,B,1357,100,1357,1,0
B,G,B,7067,100,7067,1,0
B,H,B,5777,100,5777,1,0
A,C,C,10713,100,10713,1,0
B,C,C,7003,100,7003,1,0
C,D,C,8758,100,8758,1,0
C,E,C,10805,100,10805,1,0
C,F,C,7174,100,7174,1,0
C,G,C,1390,100,1390,1,0
C,H,C,8911,100,8911,1,0
A,D,D,9542,100,9542,1,0
B,D,D,5288,100,5288,1,0
C,D,D,8774,100,8774,1,0
D,E,D,9890,100,9890,1,0
D,F,D,5392,100,5392,1,0
D,G,D,8870,100,8870,1,0
D,H,D,1524,100,1524,1,0
A,E,E,1419,100,1419,1,0
B,E,E,5142,100,5142,1,0
C,E,E,10784,100,10784,1,0
D,E,E,9945,100,9945,1,0
E,F,E,5067,100,5067,1,0
E,G,E,10655,100,10655,1,0
E,H,E,10116,100,10116,1,0
A,F,F,5081,100,5081,1,0
B,F,F,1347,100,1347,1,0
C,F,F,7211,100,7211,1,0
D,F,F,5370,100,5370,1,0
E,F,F,5097,100,5097,1,0
F,G,F,7012,100,7012,1,0
F,H,F,5467,100,5467,1,0
A,G,G,10637,100,10637,1,0
B,G,G,7089,100,7089,1,0
C,G,G,1365,100,1365,1,0
D,G,G,8903,100,8903,1,0
E,G,G,10614,100,10614,1,0
F,G,G,7009,100,7009,1,0
G,H,G,8859,100,8859,1,0
A,H,H,9964,100,9964,1,0
B,H,H,5746,100,5746,1,0
C,H,H,8965,100,8965,1,0
D,H,H,1456,100,1456,1,0
E,H,H,10171,100,10171,1,0
F,H,H,5456,100,5456,1,0
G,H,H,8830,100,8830,1,0
A,B,A,4759,100,4759,1,0
A,C,A,10587,100,10587,1,0
A,D,A,9533,100,9533,1,0
A,E,A,1442,100,1442,1,0
A,F,A,5065,100,5065,1,0
A,G,A,10661,100,10661,1,0
A,H,A,9967,100,9967,1,0
A,B,B,4756,100,4756,1,0
B,C,B,6987,100,6987,1,0
B,D,B,5268,100,5268,1,0
B,E,B,5184,100,5184,1,0
B,F,B,1370,100,1370,1,0
B,G,B,7080,100,7080,1,0
B,H,B,5797,100,5797,1,0
A,C,C,10607,100,10607,1,0
B,C,C,7012,100,7012,1,0
C,D,C,8761,100,8761,1,0
C,E,C,10802,100,10802,1,0
C,F,C,7227,100,7227,1,0
C,G,C,1322,100,1322,1,0
C,H,C,8953,100,8953,1,0
A,D,D,9523,100,9523,1,0
B,D,D,5280,100,5280,1,0
C,D,D,8736,100,8736,1,0
D,E,D,9893,100,9893,1,0
D,F,D,5372,100,5372,1,0
D,G,D,8928,100,8928,1,0
D,H,D,1440,100,1440,1,0
A,E,E,1457,100,1457,1,0
B,E,E,5137,100,5137,1,0
C,E,E,10868,100,10868,1,0
D,E,E,9940,100,9940,1,0
E,F,E,5129,100,5129,1,0
E,G,E,10625,100,10625,1,0
E,H,E,10153,100,10153,1,0
A,F,F,5014,100,5014,1,0
B,F,F,1395,100,1395,1,0
C,F,F,7215,100,7215,1,0
D,F,F,5348,100,5348,1,0
E,F,F,5095,100,5095,1,0
F,G,F,7025,100,7025,1,0
F,H,F,5435,100,5435,1,0
A,G,G,10633,100,10633,1,0
B,G,G,7057,100,7057,1,0
C,G,G,1373,100,1373,1,0
D,G,G,8902,100,8902,1,0
E,G,G,10609,100,10609,1,0
F,G,G,6989,100,6989,1,0
G,H,G,8854,100,8854,1,0
A,H,H,9945,100,9945,1,0
B,H,H,5760,100,5760,1,0
C,H,H,8926,100,8926,1,0
D,H,H,1453,100,1453,1,0
E,H,H,10180,100,10180,1,0
F,H,H,5452,100,5452,1,0
G,H,H,8877,100,8877,1,0
A,B,A,4765,100,4765,1,0
A,C,A,10623,100,10623,1,0
A,D,A,9509,100,9509,1,0
A,E,A,1411,100,1411,1,0
A,F,A,5075,100,5075,1,0
A,G,A,10624,100,10624,1,0
A,H,A,9953,100,9953,1,0
A,B,B,4778,100,4778,1,0
B,C,B,7039,100,7039,1,0
B,D,B,5269,100,5269,1,0
B,E,B,5214,100,5214,1,0
B,F,B,1349,100,1349,1,0
B,G,B,7084,100,7084,1,0
B,H,B,5707,100,5707,1,0
A,C,C,10648,100,10648,1,0
B,C,C,6991,100,6991,1,0
C,D,C,8782,100,8782,1,0
C,E,C,10828,100,10828,1,0
C,F,C,7208,100,7208,1,0
C,G,C,1390,100,1390,1,0
C,H,C,8945,100,8945,1,0
A,D,D,9521,100,9521,1,0
B,D,D,5221,100,5221,1,0
C,D,D,8708,100,8708,1,0
D,E,D,9890,100,9890,1,0
D,F,D,5406,100,5406,1,0
D,G,D,8898,100,8898,1,0
D,H,D,1490,100,1490,1,0
A,E,E,1389,100,1389,1,0
B,E,E,5157,100,5157,1,0
C,E,E,10804,100,10804,1,0
D,E,E,9972,100,9972,1,0
E,F,E,5111,100,5111,1,0
E,G,E,10620,100,10620,1,0
E,H,E,10161,100,10161,1,0
A,F,F,5051,100,5051,1,0
B,F,F,1338,100,1338,1,0
C,F,F,7165,100,7165,1,0
D,F,F,5361,100,5361,1,0
E,F,F,5112,100,5112,1,0
F,G,F,6998,100,6998,1,0
F,H,F,5434,100,5434,1,0
A,G,G,10668,100,10668,1,0
B,G,G,7085,100,7085,1,0
C,G,G,1373,100,1373,1,0
D,G,G,8884,100,8884,1,0
E,G,G,10641,100,10641,1,0
F,G,G,6974,100,6974,1,0
G,H,G,8827,100,8827,1,0
A,H,H,9926,100,9926,1,0
B,H,H,5725,100,5725,1,0
C,H,H,8964,100,8964,1,0
D,H,H,1466,100,1466,1,0
E,H,H,10137,100,10137,1,0
F,H,H,5474,100,5474,1,0
G,H,H,8849,100,8849,1,0
A,B,A,4791,100,4791,1,0
A,C,A,10660,100,10660,1,0
A,D,A,9529,100,9529,1,0
A,E,A,1376,100,1376,1,0
A,F,A,5046,100,5046,1,0
A,G,A,10605,100,10605,1,0
A,H,A,9941,100,9941,1,0
A,B,B,4810,100,4810,1,0
B,C,B,6986,100,6986,1,0
B,D,B,5245,100,5245,1,0
B,E,B,5175,100,5175,1,0
B,F,B,1356,100,1356,1,0
B,G,B,7061,100,7061,1,0
B,H,B,5774,100,5774,1,0
A,C,C,10669,100,10669,1,0
B,C,C,7006,100,7006,1,0
C,D,C,8774,100,8774,1,0
C,E,C,10840,100,10840,1,0
C,F,C,7221,100,7221,1,0
C,G,C,1386,100,1386,1,0
C,H,C,8974,100,8974,1,0
A,D,D,9560,100,9560,1,0
B,D,D,5286,100,5286,1,0
C,D,D,8733,100,8733,1,0
D,E,D,9881,100,9881,1,0
D,F,D,5335,100,5335,1,0
D,G,D,8917,100,8917,1,0
D,H,D,1477,100,1477,1,0
A,E,E,1407,100,1407,1,0
B,E,E,5175,100,5175,1,0
C,E,E,10754,100,10754,1,0
D,E,E,9957,100,9957,1,0
E,F,E,5093,100,5093,1,0
E,G,E,10624,100,10624,1,0
E,H,E,10111,100,10111,1,0
A,F,F,5086,100,5086,1,0
B,F,F,1348,100,1348,1,0
C,F,F,7210,100,7210,1,0
D,F,F,5356,100,5356,1,0
E,F,F,5096,100,5096,1,0
F,G,F,7020,100,7020,1,0
F,H,F,5460,100,5460,1,0
A,G,G,10608,100,10608,1,0
B,G,G,7062,100,7062,1,0
C,G,G,1389,100,1389,1,0
D,G,G,8924,100,8924,1,0
E,G,G,10606,100,10606,1,0
F,G,G,7006,100,7006,1,0
G,H,G,8909,100,8909,1,0
A,H,H,9932,100,9932,1,0
B,H,H,5735,100,5735,1,0
C,H,H,8975,100,8975,1,0
D,H,H,1509,100,1509,1,0
E,H,H,10147,100,10147,1,0
F,H,H,5417,100,5417,1,0
G,H,H,8889,100,8889,1,0
A,B,A,4795,100,4795,1,0
A,C,A,10633,100,10633,1,0
A,D,A,9520,100,9520,1,0
A,E,A,1389,100,1389,1,0
A,F,A,5025,100,5025,1,0
A,G,A,10654,100,10654,1,0
A,H,A,9883,100,9883,1,0
A,B,B,4768,100,4768,1,0
B,C,B,7031,100,7031,1,0
B,D,B,5349,100,5349,1,0
B,E,B,5185,100,5185,1,0
B,F,B,1343,100,1343,1,0
B,G,B,7072,100,7072,1,0
B,H,B,5749,100,5749,1,0
A,C,C,10620,100,10620,1,0
B,C,C,7009,100,7009,1,0
C,D,C,8743,100,8743,1,0
C,E,C,10839,100,10839,1,0
C,F,C,7175,100,7175,1,0
C,G,C,1353,100,1353,1,0
C,H,C,8911,100,8911,1,0
A,D,D,9541,100,9541,1,0
B,D,D,5276,100,5276,1,0
C,D,D,8755,100,8755,1,0
D,E,D,9878,100,9878,1,0
D,F,D,5355,100,5355,1,0
D,G,D,8909,100,8909,1,0
D,H,D,1498,100,1498,1,0
A,E,E,1450,100,1450,1,0
B,E,E,5170,100,5170,1,0
C,E,E,10791,100,10791,1,0
D,E,E,9951,100,9951,1,0
E,F,E,5106,100,5106,1,0
E,G,E,10660,100,10660,1,0
E,H,E,10154,100,10154,1,0
A,F,F,5038,100,5038,1,0
B,F,F,1348,100,1348,1,0
C,F,F,7164,100,7164,1,0
D,F,F,5354,100,5354,1,0
E,F,F,5077,100,5077,1,0
F,G,F,6990,100,6990,1,0
F,H,F,5463,100,5463,1,0
A,G,G,10662,100,10662,1,0
B,G,G,7052,100,7052,1,0
C,G,G,1375,100,1375,1,0
D,G,G,8881,100,8881,1,0
E,G,G,10649,100,10649,1,0
F,G,G,7019,100,7019,1,0
G,H,G,8923,100,8923,1,0
A,H,H,9963,100,9963,1,0
B,H,H,5724,100,5724,1,0
C,H,H,8901,100,8901,1,0
D,H,H,1511,100,1511,1,0
E,H,H,10134,100,10134,1,0
F,H,H,5464,100,5464,1,0
G,H,H,8891,100,8891,1,0
A,B,A,4779,100,4779,1,0
A,C,A,10646,100,10646,1,0
A,D,A,9508,100,9508,1,0
A,E,A,1402,100,1402,1,0
A,F,A,5065,100,5065,1,0
A,G,A,10584,100,10584,1,0
A,H,A,9954,100,9954,1,0
A,B,B,4779,100,4779,1,0
B,C,B,7023,100,7023,1,0
B,D,B,5250,100,5250,1,0
B,E,B,5186,100,5186,1,0
B,F,B,1341,100,1341,1,0
B,G,B,7078,100,7078,1,0
B,H,B,5740,100,5740,1,0
A,C,C,10632,100,10632,1,0
B,C,C,7024,100,7024,1,0
C,D,C,8711,100,8711,1,0
C,E,C,10830,100,10830,1,0
C,F,C,7211,100,7211,1,0
C,G,C,1397,100,1397,1,0
C,H,C,8927,100,8927,1,0
A,D,D,9518,100,9518,1,0
B,D,D,5246,100,5246,1,0
C,D,D,8736,100,8736,1,0
D,E,D,9942,100,9942,1,0
D,F,D,5384,100,5384,1,0
D,G,D,8909,100,8909,1,0
D,H,D,1485,100,1485,1,0
A,E,E,1421,100,1421,1,0
B,E,E,5193,100,5193,1,0
C,E,E,10857,100,10857,1,0
D,E,E,9917,100,9917,1,0
E,F,E,5114,100,5114,1,0
E,G,E,10633,100,10633,1,0
E,H,E,10160,100,10160,1,0
A,F,F,5054,100,5054,1,0
B,F,F,1350,100,1350,1,0
C,F,F,7201,100,7201,1,0
D,F,F,5379,100,5379,1,0
E,F,F,5106,100,5106,1,0
F,G,F,6999,100,6999,1,0
F,H,F,5448,100,5448,1,0
A,G,G,10600,100,10600,1,0
B,G,G,7103,100,7103,1,0
C,G,G,1353,100,1353,1,0
D,G,G,8935,100,8935,1,0
E,G,G,10675,100,10675,1,0
F,G,G,6994,100,6994,1,0
G,H,G,8893,100,8893,1,0
A,H,H,9948,100,9948,1,0
B,H,H,5771,100,5771,1,0
C,H,H,8905,100,8905,1,0
D,H,H,1494,100,1494,1,0
E,H,H,10152,100,10152,1,0
F,H,H,5472,100,5472,1,0
G,H,H,8870,100,8870,1,0
A,B,A,4797,100,4797,1,0
A,C,A,10651,100,10651,1,0
A,D,A,9547,100,9547,1,0
A,E,A,1362,100,1362,1,0
A,F,A,5072,100,5072,1,0
A,G,A,10630,100,10630,1,0
A,H,A,9989,100,9989,1,0
A,B,B,4816,100,4816,1,0
B,C,B,7010,100,7010,1,0
B,D,B,5308,100,5308,1,0
B,E,B,5168,100,5168,1,0
B,F,B,1332,100,1332,1,0
B,G,B,7086,100,7086,1,0
B,H,B,5733,100,5733,1,0
A,C,C,10627,100,10627,1,0
B,C,C,6996,100,6996,1,0
C,D,C,8784,100,8784,1,0
C,E,C,10804,100,10804,1,0
C,F,C,7184,100,7184,1,0
C,G,C,1373,100,1373,1,0
C,H,C,8991,100,8991,1,0
A,D,D,9509,100,9509,1,0
B,D,D,5304,100,5304,1,0
C,D,D,8777,100,8777,1,0
D,E,D,9950,100,9950,1,0
D,F,D,5366,100,5366,1,0
D,G,D,8919,100,8919,1,0
D,H,D,1522,100,1522,1,0
A,E,E,1405,100,1405,1,0
B,E,E,5185,100,5185,1,0
C,E,E,10834,100,10834,1,0
D,E,E,9899,100,9899,1,0
E,F,E,5124,100,5124,1,0
E,G,E,10629,100,10629,1,0
E,H,E,10171,100,10171,1,0
A,F,F,5053,100,5053,1,0
B,F,F,1347,100,1347,1,0
C,F,F,7211,100,7211,1,0
D,F,F,5360,100,5360,1,0
E,F,F,5120,100,5120,1,0
F,G,F,6998,100,6998,1,0
F,H,F,5489,100,5489,1,0
A,G,G,10633,100,10633,1,0
B,G,G,7048,100,7048,1,0
C,G,G,1358,100,1358,1,0
D,G,G,8889,100,8889,1,0
E,G,G,10637,100,10637,1,0
F,G,G,7035,100,7035,1,0
G,H,G,8880,100,8880,1,0
A,H,H,9974,100,9974,1,0
B,H,H,5753,100,5753,1,0
C,H,H,8902,100,8902,1,0
D,H,H,1554,100,1554,1,0
E,H,H,10147,100,10147,1,0
F,H,H,5441,100,5441,1,0
G,H,H,8840,100,8840,1,0
A,B,A,4789,100,4789,1,0
A,C,A,10640,100,10640,1,0
A,D,A,9534,100,9534,1,0
A,E,A,1438,100,1438,1,0
A,F,A,5049,100,5049,1,0
A,G,A,10620,100,10620,1,0
A,H,A,9960,100,9960,1,0
A,B,B,4756,100,4756,1,0
B,C,B,7047,100,7047,1,0
B,D,B,5271,100,5271,1,0
B,E,B,5175,100,5175,1,0
B,F,B,1366,100,1366,1,0
B,G,B,7054,100,7054,1,0
B,H,B,5718,100,5718,1,0
A,C,C,10630,100,10630,1,0
B,C,C,6979,100,6979,1,0
C,D,C,8768,100,8768,1,0
C,E,C,10795,100,10795,1,0
C,F,C,7175,100,7175,1,0
C,G,C,1349,100,1349,1,0
C,H,C,8947,100,8947,1,0
A,D,D,9518,100,9518,1,0
B,D,D,5294,100,5294,1,0
C,D,D,8703,100,8703,1,0
D,E,D,9955,100,9955,1,0
D,F,D,5349,100,5349,1,0
D,G,D,8868,100,8868,1,0
D,H,D,1462,100,1462,1,0
A,E,E,1403,100,1403,1,0
B,E,E,5196,100,5196,1,0
C,E,E,10828,100,10828,1,0
D,E,E,9885,100,9885,1,0
E,F,E,5101,100,5101,1,0
E,G,E,10649,100,10649,1,0
E,H,E,10145,100,10145,1,0
A,F,F,5065,100,5065,1,0
B,F,F,1341,100,1341,1,0
C,F,F,7216,100,7216,1,0
D,F,F,5378,100,5378,1,0
E,F,F,5090,100,5090,1,0
F,G,F,6983,100,6983,1,0
F,H,F,5429,100,5429,1,0
A,G,G,10637,100,10637,1,0
B,G,G,7048,100,7048,1,0
C,G,G,1363,100,1363,1,0
D,G,G,8883,100,8883,1,0
E,G,G,10622,100,10622,1,0
F,G,G,7015,100,7015,1,0
G,H,G,8867,100,8867,1,0
A,H,H,9972,100,9972,1,0
B,H,H,5798,100,5798,1,0
C,H,H,8969,100,8969,1,0
D,H,H,1468,100,1468,1,0
E,H,H,10150,100,10150,1,0
F,H,H,5481,100,5481,1,0
G,H,H,8887,100,8887,1,0
A,B,A,4806,100,4806,1,0
A,C,A,10623,100,10623,1,0
A,D,A,9537,100,9537,1,0
A,E,A,1411,100,1411,1,0
A,F,A,5075,100,5075,1,0
A,G,A,10648,100,10648,1,0
A,H,A,9930,100,9930,1,0
A,B,B,4802,100,4802,1,0
B,C,B,7006,100,7006,1,0
B,D,B,5319,100,5319,1,0
B,E,B,5194,100,5194,1,0
B,F,B,1382,100,1382,1,0
B,G,B,7073,100,7073,1,0
B,H,B,5719,100,5719,1,0
A,C,C,10651,100,10651,1,0
B,C,C,6985,100,6985,1,0
C,D,C,8739,100,8739,1,0
C,E,C,10841,100,10841,1,0
C,F,C,7199,100,7199,1,0
C,G,C,1406,100,1406,1,0
C,H,C,8941,100,8941,1,0
A,D,D,9519,100,9519,1,0
B,D,D,5255,100,5255,1,0
C,D,D,8752,100,8752,1,0
D,E,D,9939,100,9939,1,0
D,F,D,5367,100,5367,1,0
D,G,D,8930,100,8930,1,0
D,H,D,1513,100,1513,1,0
A,E,E,1444,100,1444,1,0
B,E,E,5208,100,5208,1,0
C,E,E,10822,100,10822,1,0
D,E,E,9916,100,9916,1,0
E,F,E,5121,100,5121,1,0
E,G,E,10617,100,10617,1,0
E,H,E,10156,100,10156,1,0
A,F,F,5063,100,5063,1,0
B,F,F,1359,100,1359,1,0
C,F,F,7200,100,7200,1,0
D,F,F,5358,100,5358,1,0
E,F,F,5109,100,5109,1,0
F,G,F,6991,100,6991,1,0
F,H,F,5432,100,5432,1,0
A,G,G,10629,100,10629,1,0
B,G,G,7085,100,7085,1,0
C,G,G,1365,100,1365,1,0
D,G,G,8872,100,8872,1,0
E,G,G,10628,100,10628,1,0
F,G,G,7006,100,7006,1,0
G,H,G,8880,100,8880,1,0
A,H,H,9927,100,9927,1,0
B,H,H,5730,100,5730,1,0
C,H,H,8931,100,8931,1,0
D,H,H,1472,100,1472,1,0
E,H,H,10152,100,10152,1,0
F,H,H,5437,100,5437,1,0
G,H,H,8875,100,8875,1,0
A,B,A,4741,100,4741,1,0
A,C,A,10585,100,10585,1,0
A,D,A,9498,100,9498,1,0
A,E,A,1416,100,1416,1,0
A,F,A,5061,100,5061,1,0
A,G,A,10606,100,10606,1,0
A,H,A,9980,100,9980,1,0
A,B,B,4757,100,4757,1,0
B,C,B,7053,100,7053,1,0
B,D,B,5286,100,5286,1,0
B,E,B,5181,100,5181,1,0
B,F,B,1360,100,1360,1,0
B,G,B,7085,100,7085,1,0
B,H,B,5734,100,5734,1,0
A,C,C,10633,100,10633,1,0
B,C,C,7006,100,7006,1,0
C,D,C,8758,100,8758,1,0
C,E,C,10836,100,10836,1,0
C,F,C,7174,100,7174,1,0
C,G,C,1346,100,1346,1,0
C,H,C,8920,100,8920,1,0
A,D,D,9535,100,9535,1,0
B,D,D,5286,100,5286,1,0
C,D,D,8744,100,8744,1,0
D,E,D,9911,100,9911,1,0
D,F,D,5358,100,5358,1,0
D,G,D,8877,100,8877,1,0
D,H,D,1535,100,1535,1,0
A,E,E,1375,100,1375,1,0
B,E,E,5206,100,5206,1,0
C,E,E,10819,100,10819,1,0
D,E,E,9921,100,9921,1,0
E,F,E,5153,100,5153,1,0
E,G,E,10608,100,10608,1,0
E,H,E,10125,100,10125,1,0
A,F,F,5039,100,5039,1,0
B,F,F,1366,100,1366,1,0
C,F,F,7216,100,7216,1,0
D,F,F,5405,100,5405,1,0
E,F,F,5076,100,5076,1,0
F,G,F,7018,100,7018,1,0
F,H,F,5454,100,5454,1,0
A,G,G,10595,100,10595,1,0
B,G,G,7045,100,7045,1,0
C,G,G,1374,100,1374,1,0
D,G,G,8890,100,8890,1,0
E,G,G,10595,100,10595,1,0
F,G,G,7000,100,7000,1,0
G,H,G,8850,100,8850,1,0
A,H,H,9945,100,9945,1,0
B,H,H,5712,100,5712,1,0
C,H,H,8892,100,8892,1,0
D,H,H,1434,100,1434,1,0
E,H,H,10166,100,10166,1,0
F,H,H,5506,100,5506,1,0
G,H,H,8911,100,8911,1,0
A,B,A,4765,100,4765,1,0
A,C,A,10659,100,10659,1,0
A,D,A,9521,100,9521,1,0
A,E,A,1405,100,1405,1,0
A,F,A,5047,100,5047,1,0
A,G,A,10653,100,10653,1,0
A,H,A,9944,100,9944,1,0
A,B,B,4762,100,4762,1,0
B,C,B,7007,100,7007,1,0
B,D,B,5271,100,5271,1,0
B,E,B,5166,100,5166,1,0
B,F,B,1355,100,1355,1,0
B,G,B,7081,100,7081,1,0
B,H,B,5727,100,5727,1,0
A,C,C,10632,100,10632,1,0
B,C,C,7013,100,7013,1,0
C,D,C,8717,100,8717,1,0
C,E,C,10829,100,10829,1,0
C,F,C,7195,100,7195,1,0
C,G,C,1347,100,1347,1,0
C,H,C,8922,100,8922,1,0
A,D,D,9528,100,9528,1,0
B,D,D,5313,100,5313,1,0
C,D,D,8722,100,8722,1,0
D,E,D,9914,100,9914,1,0
D,F,D,5369,100,5369,1,0
D,G,D,8893,100,8893,1,0
D,H,D,1504,100,1504,1,0
A,E,E,1391,100,1391,1,0
B,E,E,5212,100,5212,1,0
C,E,E,10809,100,10809,1,0
D,E,E,9916,100,9916,1,0
E,F,E,5131,100,5131,1,0
E,G,E,10599,100,10599,1,0
E,H,E,10163,100,10163,1,0
A,F,F,5092,100,5092,1,0
B,F,F,1387,100,1387,1,0
C,F,F,7184,100,7184,1,0
D,F,F,5386,100,5386,1,0
E,F,F,5112,100,5112,1,0
F,G,F,6991,100,6991,1,0
F,H,F,5508,100,5508,1,0
A,G,G,10627,100,10627,1,0
B,G,G,7051,100,7051,1,0
C,G,G,1398,100,1398,1,0
D,G,G,8911,100,8911,1,0
E,G,G,10634,100,10634,1,0
F,G,G,6986,100,6986,1,0
G,H,G,8907,100,8907,1,0
A,H,H,9976,100,9976,1,0
B,H,H,5713,100,5713,1,0
C,H,H,8937,100,8937,1,0
D,H,H,1518,100,1518,1,0
E,H,H,10126,100,10126,1,0
F,H,H,5457,100,5457,1,0
G,H,H,8857,100,8857,1,0
A,B,A,4771,100,4771,1,0
A,C,A,10626,100,10626,1,0
A,D,A,9528,100,9528,1,0
A,E,A,1446,100,1446,1,0
A,F,A,5063,100,5063,1,0
A,G,A,10610,100,10610,1,0
A,H,A,9919,100,9919,1,0
A,B,B,4782,100,4782,1,0
B,C,B,7043,100,7043,1,0
B,D,B,5252,100,5252,1,0
B,E,B,5169,100,5169,1,0
B,F,B,1396,100,1396,1,0
B,G,B,7087,100,7087,1,0
B,H,B,5787,100,5787,1,0
A,C,C,10645,100,10645,1,0
B,C,C,7029,100,7029,1,0
C,D,C,8765,100,8765,1,0
C,E,C,10839,100,10839,1,0
C,F,C,7219,100,7219,1,0
C,G,C,1367,100,1367,1,0
C,H,C,8927,100,8927,1,0
A,D,D,9493,100,9493,1,0
B,D,D,5254,100,5254,1,0
C,D,D,8774,100,8774,1,0
D,E,D,9917,100,9917,1,0
D,F,D,5369,100,5369,1,0
D,G,D,8927,100,8927,1,0
D,H,D,1536,100,1536,1,0
A,E,E,1411,100,1411,1,0
B,E,E,5171,100,5171,1,0
C,E,E,10831,100,10831,1,0
D,E,E,9904,100,9904,1,0
E,F,E,5109,100,5109,1,0
E,G,E,10623,100,10623,1,0
E,H,E,10145,100,10145,1,0
A,F,F,5050,100,5050,1,0
B,F,F,1358,100,1358,1,0
C,F,F,7191,100,7191,1,0
D,F,F,5376,100,5376,1,0
E,F,F,5102,100,5102,1,0
F,G,F,7017,100,7017,1,0
F,H,F,5464,100,5464,1,0
A,G,G,10655,100,10655,1,0
B,G,G,7083,100,7083,1,0
C,G,G,1392,100,1392,1,0
D,G,G,8918,100,8918,1,0
E,G,G,10649,100,10649,1,0
F,G,G,6986,100,6986,1,0
G,H,G,8876,100,8876,1,0
A,H,H,9961,100,9961,1,0
B,H,H,5757,100,5757,1,0
C,H,H,8924,100,8924,1,0
D,H,H,1489,100,1489,1,0
E,H,H,10131,100,10131,1,0
F,H,H,5453,100,5453,1,0
G,H,H,8881,100,8881,1,0
A,B,A,4758,100,4758,1,0
A,C,A,10649,100,10649,1,0
A,D,A,9537,100,9537,1,0
A,E,A,1400,100,1400,1,0
A,F,A,5042,100,5042,1,0
A,G,A,10643,100,10643,1,0
A,H,A,9903,100,9903,1,0
A,B,B,4738,100,4738,1,0
B,C,B,7028,100,7028,1,0
B,D,B,5305,100,5305,1,0
B,E,B,5190,100,5190,1,0
B,F,B,1295,100,1295,1,0
B,G,B,7075,100,7075,1,0
B,H,B,5747,100,5747,1,0
A,C,C,10616,100,10616,1,0
B,C,C,7025,100,7025,1,0
C,D,C,8720,100,8720,1,0
C,E,C,10822,100,10822,1,0
C,F,C,7177,100,7177,1,0
C,G,C,1416,100,1416,1,0
C,H,C,8962,100,8962,1,0
A,D,D,9520,100,9520,1,0
B,D,D,5284,100,5284,1,0
C,D,D,8720,100,8720,1,0
D,E,D,9891,100,9891,1,0
D,F,D,5395,100,5395,1,0
D,G,D,8870,100,8870,1,0
D,H,D,1422,100,1422,1,0
A,E,E,1433,100,1433,1,0
B,E,E,5167,100,5167,1,0
C,E,E,10825,100,10825,1,0
D,E,E,9924,100,9924,1,0
E,F,E,5114,100,5114,1,0
E,G,E,10649,100,10649,1,0
E,H,E,10140,100,10140,1,0
A,F,F,5039,100,5039,1,0
B,F,F,1391,100,1391,1,0
C,F,F,7206,100,7206,1,0
D,F,F,5374,100,5374,1,0
E,F,F,5125,100,5125,1,0
F,G,F,6979,100,6979,1,0
F,H,F,5431,100,5431,1,0
A,G,G,10627,100,10627,1,0
B,G,G,7084,100,7084,1,0
C,G,G,1409,100,1409,1,0
D,G,G,8901,100,8901,1,0
E,G,G,10671,100,10671,1,0
F,G,G,6999,100,6999,1,0
G,H,G,8881,100,8881,1,0
A,H,H,9958,100,9958,1,0
B,H,H,5801,100,5801,1,0
C,H,H,8968,100,8968,1,0
D,H,H,1513,100,1513,1,0
E,H,H,10116,100,10116,1,0
F,H,H,5458,100,5458,1,0
G,H,H,8892,100,8892,1,0
A,B,A,4761,100,4761,1,0
A,C,A,10617,100,10617,1,0
A,D,A,9540,100,9540,1,0
A,E,A,1400,100,1400,1,0
A,F,A,5029,100,5029,1,0
A,G,A,10664,100,10664,1,0
A,H,A,10004,100,10004,1,0
A,B,B,4814,100,4814,1,0
B,C,B,7009,100,7009,1,0
B,D,B,5329,100,5329,1,0
B,E,B,5188,100,5188,1,0
B,F,B,1350,100,1350,1,0
B,G,B,7064,100,7064,1,0
B,H,B,5748,100,5748,1,0
A,C,C,10616,100,10616,1,0
B,C,C,6994,100,6994,1,0
C,D,C,8699,100,8699,1,0
C,E,C,10854,100,10854,1,0
C,F,C,7183,100,7183,1,0
C,G,C,1358,100,1358,1,0
C,H,C,8945,100,8945,1,0
A,D,D,9531,100,9531,1,0
B,D,D,5298,100,5298,1,0
C,D,D,8742,100,8742,1,0
D,E,D,9950,100,9950,1,0
D,F,D,5349,100,5349,1,0
D,G,D,8872,100,8872,1,0
D,H,D,1482,100,1482,1,0
A,E,E,1376,100,1376,1,0
B,E,E,5165,100,5165,1,0
C,E,E,10818,100,10818,1,0
D,E,E,9937,100,9937,1,0
E,F,E,5132,100,5132,1,0
E,G,E,10601,100,10601,1,0
E,H,E,10149,100,10149,1,0
A,F,F,5070,100,5070,1,0
B,F,F,1344,100,1344,1,0
C,F,F,7192,100,7192,1,0
D,F,F,5330,100,5330,1,0
E,F,F,5093,100,5093,1,0
F,G,F,6995,100,6995,1,0
F,H,F,5403,100,5403,1,0
A,G,G,10617,100,10617,1,0
B,G,G,7063,100,7063,1,0
C,G,G,1364,100,1364,1,0
D,G,G,8870,100,8870,1,0
E,G,G,10629,100,10629,1,0
F,G,G,6999,100,6999,1,0
G,H,G,8850,100,8850,1,0
A,H,H,9937,100,9937,1,0
B,H,H,5743,100,5743,1,0
C,H,H,8968,100,8968,1,0
D,H,H,1491,100,1491,1,0
E,H,H,10127,100,10127,1,0
F,H,H,5426,100,5426,1,0
G,H,H,8863,100,8863,1,0
A,B,A,4791,100,4791,1,0
A,C,A,10660,100,10660,1,0
A,D,A,9548,100,9548,1,0
A,E,A,1422,100,1422,1,0
A,F,A,5073,100,5073,1,0
A,G,A,10626,100,10626,1,0
A,H,A,9921,100,9921,1,0
A,B,B,4831,100,4831,1,0
B,C,B,6998,100,6998,1,0
B,D,B,5280,100,5280,1,0
B,E,B,5195,100,5195,1,0
B,F,B,1381,100,1381,1,0
B,G,B,7078,100,7078,1,0
B,H,B,5733,100,5733,1,0
A,C,C,10649,100,10649,1,0
B,C,C,7005,100,7005,1,0
C,D,C,8733,100,8733,1,0
C,E,C,10857,100,10857,1,0
C,F,C,7195,100,7195,1,0
C,G,C,1376,100,1376,1,0
C,H,C,8905,100,8905,1,0
A,D,D,9524,100,9524,1,0
B,D,D,5318,100,5318,1,0
C,D,D,8694,100,8694,1,0
D,E,D,9924,100,9924,1,0
D,F,D,5393,100,5393,1,0
D,G,D,8917,100,8917,1,0
D,H,D,1472,100,1472,1,0
A,E,E,1434,100,1434,1,0
B,E,E,5151,100,5151,1,0
C,E,E,10875,100,10875,1,0
D,E,E,9895,100,9895,1,0
E,F,E,5107,100,5107,1,0
E,G,E,10606,100,10606,1,0
E,H,E,10135,100,10135,1,0
A,F,F,5099,100,5099,1,0
B,F,F,1367,100,1367,1,0
C,F,F,7187,100,7187,1,0
D,F,F,5361,100,5361,1,0
E,F,F,5104,100,5104,1,0
F,G,F,7012,100,7012,1,0
F,H,F,5478,100,5478,1,0
A,G,G,10623,100,10623,1,0
B,G,G,7112,100,7112,1,0
C,G,G,1334,100,1334,1,0
D,G,G,8890,100,8890,1,0
E,G,G,10641,100,10641,1,0
F,G,G,6998,100,6998,1,0
G,H,G,8841,100,8841,1,0
A,H,H,9922,100,9922,1,0
B,H,H,5727,100,5727,1,0
C,H,H,8921,100,8921,1,0
D,H,H,1523,100,1523,1,0
E,H,H,10124,100,10124,1,0
F,H,H,5433,100,5433,1,0
G,H,H,8878,100,8878,1,0
A,B,A,4750,100,4750,1,0
A,C,A,10689,100,10689,1,0
A,D,A,9548,100,9548,1,0
A,E,A,1427,100,1427,1,0
A,F,A,5063,100,5063,1,0
A,G,A,10662,100,10662,1,0
A,H,A,9983,100,9983,1,0
A,B,B,4790,100,4790,1,0
B,C,B,7043,100,7043,1,0
B,D,B,5333,100,5333,1,0
B,E,B,5175,100,5175,1,0
B,F,B,1368,100,1368,1,0
B,G,B,7094,100,7094,1,0
B,H,B,5749,100,5749,1,0
A,C,C,10615,100,10615,1,0
B,C,C,6995,100,6995,1,0
C,D,C,8745,100,8745,1,0
C,E,C,10800,100,10800,1,0
C,F,C,7217,100,7217,1,0
C,G,C,1346,100,1346,1,0
C,H,C,8943,100,8943,1,0
A,D,D,9528,100,9528,1,0
B,D,D,5306,100,5306,1,0
C,D,D,8725,100,8725,1,0
D,E,D,9886,100,9886,1,0
D,F,D,5340,100,5340,1,0
D,G,D,8889,100,8889,1,0
D,H,D,1499,100,1499,1,0
A,E,E,1411,100,1411,1,0
B,E,E,5163,100,5163,1,0
C,E,E,10797,100,10797,1,0
D,E,E,9925,100,9925,1,0
E,F,E,5139,100,5139,1,0
E,G,E,10632,100,10632,1,0
E,H,E,10152,100,10152,1,0
A,F,F,5027,100,5027,1,0
B,F,F,1374,100,1374,1,0
C,F,F,7177,100,7177,1,0
D,F,F,5402,100,5402,1,0
E,F,F,5101,100,5101,1,0
F,G,F,6997,100,6997,1,0
F,H,F,5477,100,5477,1,0
A,G,G,10573,100,10573,1,0
B,G,G,7087,100,7087,1,0
C,G,G,1354,100,1354,1,0
D,G,G,8900,100,8900,1,0
E,G,G,10618,100,10618,1,0
F,G,G,7003,100,7003,1,0
G,H,G,8863,100,8863,1,0
A,H,H,9939,100,9939,1,0
B,H,H,5735,100,5735,1,0
C,H,H,8925,100,8925,1,0
D,H,H,1487,100,1487,1,0
E,H,H,10155,100,10155,1,0
F,H,H,5470,100,5470,1,0
G,H,H,8861,100,8861,1,0
A,B,A,4793,100,4793,1,0
A,C,A,10646,100,10646,1,0
A,D,A,9554,100,9554,1,0
A,E,A,1376,100,1376,1,0
A,F,A,5040,100,5040,1,0
A,G,A,10656,100,10656,1,0
A,H,A,9973,100,9973,1,0
A,B,B,4766,100,4766,1,0
B,C,B,6976,100,6976,1,0
B,D,B,5264,100,5264,1,0
B,E,B,5184,100,5184,1,0
B,F,B,1350,100,1350,1,0
B,G,B,7077,100,7077,1,0
B,H,B,5717,100,5717,1,0
A,C,C,10651,100,10651,1,0
B,C,C,6997,100,6997,1,0
C,D,C,8752,100,8752,1,0
C,E,C,10805,100,10805,1,0
C,F,C,7177,100,7177,1,0
C,G,C,1382,100,1382,1,0
C,H,C,8952,100,8952,1,0
A,D,D,9532,100,9532,1,0
B,D,D,5313,100,5313,1,0
C,D,D,8744,100,8744,1,0
D,E,D,9943,100,9943,1,0
D,F,D,5340,100,5340,1,0
D,G,D,8928,100,8928,1,0
D,H,D,1565,100,1565,1,0
A,E,E,1416,100,1416,1,0
B,E,E,5154,100,5154,1,0
C,E,E,10860,100,10860,1,0
D,E,E,9962,100,9962,1,0
E,F,E,5109,100,5109,1,0
E,G,E,10619,100,10619,1,0
E,H,E,10109,100,10109,1,0
A,F,F,5061,100,5061,1,0
B,F,F,1358,100,1358,1,0
C,F,F,7184,100,7184,1,0
D,F,F,5388,100,5388,1,0
E,F,F,5123,100,5123,1,0
F,G,F,6990,100,6990,1,0
F,H,F,5431,100,5431,1,0
A,G,G,10600,100,10600,1,0
B,G,G,7096,100,7096,1,0
C,G,G,1405,100,1405,1,0
D,G,G,8918,100,8918,1,0
E,G,G,10644,100,10644,1,0
F,G,G,7023,100,7023,1,0
G,H,G,8881,100,8881,1,0
A,H,H,9928,100,9928,1,0
B,H,H,5703,100,5703,1,0
C,H,H,8937,100,8937,1,0
D,H,H,1472,100,1472,1,0
E,H,H,10156,100,10156,1,0
F,H,H,5417,100,5417,1,0
G,H,H,8861,100,8861,1,0
A,B,A,4786,100,4786,1,0
A,C,A,10657,100,10657,1,0
A,D,A,9504,100,9504,1,0
A,E,A,1410,100,1410,1,0
A,F,A,5044,100,5044,1,0
A,G,A,10597,100,10597,1,0
A,H,A,10008,100,10008,1,0
A,B,B,4807,100,4807,1,0
B,C,B,7015,100,7015,1,0
B,D,B,5349,100,5349,1,0
B,E,B,5228,100,5228,1,0
B,F,B,1353,100,1353,1,0
B,G,B,7027,100,7027,1,0
B,H,B,5755,100,5755,1,0
A,C,C,10615,100,10615,1,0
B,C,C,7003,100,7003,1,0
C,D,C,8717,100,8717,1,0
C,E,C,10827,100,10827,1,0
C,F,C,7217,100,7217,1,0
C,G,C,1412,100,1412,1,0
C,H,C,8990,100,8990,1,0
A,D,D,9498,100,9498,1,0
B,D,D,5299,100,5299,1,0
C,D,D,8732,100,8732,1,0
D,E,D,9910,100,9910,1,0
D,F,D,5337,100,5337,1,0
D,G,D,8876,100,8876,1,0
D,H,D,1492,100,1492,1,0
A,E,E,1395,100,1395,1,0
B,E,E,5236,100,5236,1,0
C,E,E,10845,100,10845,1,0
D,E,E,9933,100,9933,1,0
E,F,E,5106,100,5106,1,0
E,G,E,10646,100,10646,1,0
E,H,E,10146,100,10146,1,0
A,F,F,5078,100,5078,1,0
B,F,F,1353,100,1353,1,0
C,F,F,7203,100,7203,1,0
D,F,F,5374,100,5374,1,0
E,F,F,5111,100,5111,1,0
F,G,F,7010,100,7010,1,0
F,H,F,5507,100,5507,1,0
A,G,G,10665,100,10665,1,0
B,G,G,7099,100,7099,1,0
C,G,G,1399,100,1399,1,0
D,G,G,8894,100,8894,1,0
E,G,G,10649,100,10649,1,0
F,G,G,6996,100,6996,1,0
G,H,G,8828,100,8828,1,0
A,H,H,9964,100,9964,1,0
B,H,H,5737,100,5737,1,0
C,H,H,8955,100,8955,1,0
D,H,H,1480,100,1480,1,0
E,H,H,10139,100,10139,1,0
F,H,H,5448,100,5448,1,0
G,H,H,8894,100,8894,1,0
A,B,A,4820,100,4820,1,0
A,C,A,10635,100,10635,1,0
A,D,A,9530,100,9530,1,0
A,E,A,1413,100,1413,1,0
A,F,A,5048,100,5048,1,0
A,G,A,10657,100,10657,1,0
A,H,A,9948,100,9948,1,0
A,B,B,4788,100,4788,1,0
B,C,B,6983,100,6983,1,0
B,D,B,5298,100,5298,1,0
B,E,B,5192,100,5192,1,0
B,F,B,1368,100,1368,1,0
B,G,B,7059,100,7059,1,0
B,H,B,5701,100,5701,1,0
A,C,C,10622,100,10622,1,0
B,C,C,6992,100,6992,1,0
C,D,C,8766,100,8766,1,0
C,E,C,10806,100,10806,1,0
C,F,C,7185,100,7185,1,0
C,G,C,1407,100,1407,1,0
C,H,C,8901,100,8901,1,0
A,D,D,9536,100,9536,1,0
B,D,D,5239,100,5239,1,0
C,D,D,8759,100,8759,1,0
D,E,D,9923,100,9923,1,0
D,F,D,5339,100,5339,1,0
D,G,D,8920,100,8920,1,0
D,H,D,1549,100,1549,1,0
A,E,E,1439,100,1439,1,0
B,E,E,5163,100,5163,1,0
C,E,E,10762,100,10762,1,0
D,E,E,9937,100,9937,1,0
E,F,E,5121,100,5121,1,0
E,G,E,10632,100,10632,1,0
E,H,E,10147,100,10147,1,0
A,F,F,5059,100,5059,1,0
B,F,F,1316,100,1316,1,0
C,F,F,7219,100,7219,1,0
D,F,F,5354,100,5354,1,0
E,F,F,5093,100,5093,1,0
F,G,F,6987,100,6987,1,0
F,H,F,5450,100,5450,1,0
A,G,G,10658,100,10658,1,0
B,G,G,7089,100,7089,1,0
C,G,G,1315,100,1315,1,0
D,G,G,8907,100,8907,1,0
E,G,G,10631,100,10631,1,0
F,G,G,7012,100,7012,1,0
G,H,G,8909,100,8909,1,0
A,H,H,9935,100,9935,1,0
B,H,H,5766,100,5766,1,0
C,H,H,8957,100,8957,1,0
D,H,H,1523,100,1523,1,0
E,H,H,10138,100,10138,1,0
F,H,H,5477,100,5477,1,0
G,H,H,8852,100,8852,1,0
A,B,A,4776,100,4776,1,0
A,C,A,10681,100,10681,1,0
A,D,A,9527,100,9527,1,0
A,E,A,1413,100,1413,1,0
A,F,A,5055,100,5055,1,0
A,G,A,10644,100,10644,1,0
A,H,A,9932,100,9932,1,0
A,B,B,4751,100,4751,1,0
B,C,B,7046,100,7046,1,0
B,D,B,5257,100,5257,1,0
B,E,B,5159,100,5159,1,0
B,F,B,1362,100,1362,1,0
B,G,B,7078,100,7078,1,0
B,H,B,5746,100,5746,1,0
A,C,C,10662,100,10662,1,0
B,C,C,6995,100,6995,1,0
C,D,C,8721,100,8721,1,0
C,E,C,10811,100,10811,1,0
C,F,C,7204,100,7204,1,0
C,G,C,1400,100,1400,1,0
C,H,C,8953,100,8953,1,0
A,D,D,9527,100,9527,1,0
B,D,D,5316,100,5316,1,0
C,D,D,8756,100,8756,1,0
D,E,D,9949,100,9949,1,0
D,F,D,5359,100,5359,1,0
D,G,D,8876,100,8876,1,0
D,H,D,1515,100,1515,1,0
A,E,E,1417,100,1417,1,0
B,E,E,5160,100,5160,1,0
C,E,E,10797,100,10797,1,0
D,E,E,9862,100,9862,1,0
E,F,E,5115,100,5115,1,0
E,G,E,10666,100,10666,1,0
E,H,E,10120,100,10120,1,0
A,F,F,5062,100,5062,1,0
B,F,F,1346,100,1346,1,0
C,F,F,7192,100,7192,1,0
D,F,F,5376,100,5376,1,0
E,F,F,5150,100,5150,1,0
F,G,F,7012,100,7012,1,0
F,H,F,5461,100,5461,1,0
A,G,G,10638,100,10638,1,0
B,G,G,7087,100,7087,1,0
C,G,G,1373,100,1373,1,0
D,G,G,8872,100,8872,1,0
E,G,G,10632,100,10632,1,0
F,G,G,7014,100,7014,1,0
G,H,G,8883,100,8883,1,0
A,H,H,9903,100,9903,1,0
B,H,H,5725,100,5725,1,0
C,H,H,8886,100,8886,1,0
D,H,H,1488,100,1488,1,0
E,H,H,10126,100,10126,1,0
F,H,H,5458,100,5458,1,0
G,H,H,8834,100,8834,1,0
A,B,A,4757,100,4757,1,0
A,C,A,10623,100,10623,1,0
A,D,A,9507,100,9507,1,0
A,E,A,1367,100,1367,1,0
A,F,A,5055,100,5055,1,0
A,G,A,10631,100,10631,1,0
A,H,A,9959,100,9959,1,0
A,B,B,4754,100,4754,1,0
B,C,B,7003,100,7003,1,0
B,D,B,5317,100,5317,1,0
B,E,B,5172,100,5172,1,0
B,F,B,1341,100,1341,1,0
B,G,B,7109,100,7109,1,0
B,H,B,5713,100,5713,1,0
A,C,C,10606,100,10606,1,0
B,C,C,7037,100,7037,1,0
C,D,C,8783,100,8783,1,0
C,E,C,10826,100,10826,1,0
C,F,C,7210,100,7210,1,0
C,G,C,1375,100,1375,1,0
C,H,C,8911,100,8911,1,0
A,D,D,9539,100,9539,1,0
B,D,D,5308,100,5308,1,0
C,D,D,8750,100,8750,1,0
D,E,D,9955,100,9955,1,0
D,F,D,5336,100,5336,1,0
D,G,D,8893,100,8893,1,0
D,H,D,1551,100,1551,1,0
A,E,E,1388,100,1388,1,0
B,E,E,5149,100,5149,1,0
C,E,E,10834,100,10834,1,0
D,E,E,9977,100,9977,1,0
E,F,E,5085,100,5085,1,0
E,G,E,10615,100,10615,1,0
E,H,E,10130,100,10130,1,0
A,F,F,5098,100,5098,1,0
B,F,F,1341,100,1341,1,0
C,F,F,7175,100,7175,1,0
D,F,F,5385,100,5385,1,0
E,F,F,5089,100,5089,1,0
F,G,F,7013,100,7013,1,0
F,H,F,5479,100,5479,1,0
A,G,G,10602,100,10602,1,0
B,G,G,7050,100,7050,1,0
C,G,G,1370,100,1370,1,0
D,G,G,8898,100,8898,1,0
E,G,G,10598,100,10598,1,0
F,G,G,7013,100,7013,1,0
G,H,G,8881,100,8881,1,0
A,H,H,9913,100,9913,1,0
B,H,H,5731,100,5731,1,0
C,H,H,8913,100,8913,1,0
D,H,H,1519,100,1519,1,0
E,H,H,10126,100,10126,1,0
F,H,H,5451,100,5451,1,0
G,H,H,8894,100,8894,1,0
A,B,A,4778,100,4778,1,0
A,C,A,10625,100,10625,1,0
A,D,A,9536,100,9536,1,0
A,E,A,1411,100,1411,1,0
A,F,A,5025,100,5025,1,0
A,G,A,10652,100,10652,1,0
A,H,A,9907,100,9907,1,0
A,B,B,4803,100,4803,1,0
B,C,B,7043,100,7043,1,0
B,D,B,5279,100,5279,1,0
B,E,B,5190,100,5190,1,0
B,F,B,1370,100,1370,1,0
B,G,B,7057,100,7057,1,0
B,H,B,5777,100,5777,1,0
A,C,C,10708,100,10708,1,0
B,C,C,6993,100,6993,1,0
C,D,C,8772,100,8772,1,0
C,E,C,10808,100,10808,1,0
C,F,C,7188,100,7188,1,0
C,G,C,1393,100,1393,1,0
C,H,C,8933,100,8933,1,0
A,D,D,9543,100,9543,1,0
B,D,D,5306,100,5306,1,0
C,D,D,8729,100,8729,1,0
D,E,D,9870,100,9870,1,0
D,F,D,5350,100,5350,1,0
D,G,D,8868,100,8868,1,0
D,H,D,1429,100,1429,1,0
A,E,E,1418,100,1418,1,0
B,E,E,5194,100,5194,1,0
C,E,E,10820,100,10820,1,0
D,E,E,9944,100,9944,1,0
E,F,E,5130,100,5130,1,0
E,G,E,10622,100,10622,1,0
E,H,E,10113,100,10113,1,0
A,F,F,5074,100,5074,1,0
B,F,F,1340,100,1340,1,0
C,F,F,7181,100,7181,1,0
D,F,F,5372,100,5372,1,0
E,F,F,5122,100,5122,1,0
F,G,F,6997,100,6997,1,0
F,H,F,5481,100,5481,1,0
A,G,G,10562,100,10562,1,0
B,G,G,7069,100,7069,1,0
C,G,G,1394,100,1394,1,0
D,G,G,8891,100,8891,1,0
E,G,G,10652,100,10652,1,0
F,G,G,7011,100,7011,1,0
G,H,G,8865,100,8865,1,0
A,H,H,9946,100,9946,1,0
B,H,H,5729,100,5729,1,0
C,H,H,8921,100,8921,1,0
D,H,H,1497,100,1497,1,0
E,H,H,10146,100,10146,1,0
F,H,H,5451,100,5451,1,0
G,H,H,8861,100,8861,1,0
A,B,A,4836,100,4836,1,0
A,C,A,10641,100,10641,1,0
A,D,A,9549,100,9549,1,0
A,E,A,1361,100,1361,1,0
A,F,A,5049,100,5049,1,0
A,G,A,10634,100,10634,1,0
A,H,A,9932,100,9932,1,0
A,B,B,4795,100,4795,1,0
B,C,B,7018,100,7018,1,0
B,D,B,5275,100,5275,1,0
B,E,B,5185,100,5185,1,0
B,F,B,1361,100,1361,1,0
B,G,B,7087,100,7087,1,0
B,H,B,5709,100,5709,1,0
A,C,C,10623,100,10623,1,0
B,C,C,7025,100,7025,1,0
C,D,C,8784,100,8784,1,0
C,E,C,10818,100,10818,1,0
C,F,C,7195,100,7195,1,0
C,G,C,1406,100,1406,1,0
C,H,C,8973,100,8973,1,0
A,D,D,9532,100,9532,1,0
B,D,D,5245,100,5245,1,0
C,D,D,8773,100,8773,1,0
D,E,D,9935,100,9935,1,0
D,F,D,5383,100,5383,1,0
D,G,D,8851,100,8851,1,0
D,H,D,1467,100,1467,1,0
A,E,E,1371,100,1371,1,0
B,E,E,5199,100,5199,1,0
C,E,E,10807,100,10807,1,0
D,E,E,9879,100,9879,1,0
E,F,E,5108,100,5108,1,0
E,G,E,10633,100,10633,1,0
E,H,E,10175,100,10175,1,0
A,F,F,5077,100,5077,1,0
B,F,F,1341,100,1341,1,0
C,F,F,7201,100,7201,1,0
D,F,F,5371,100,5371,1,0
E,F,F,5088,100,5088,1,0
F,G,F,6979,100,6979,1,0
F,H,F,5450,100,5450,1,0
A,G,G,10580,100,10580,1,0
B,G,G,7051,100,7051,1,0
C,G,G,1386,100,1386,1,0
D,G,G,8904,100,8904,1,0
E,G,G,10602,100,10602,1,0
F,G,G,7028,100,7028,1,0
G,H,G,8882,100,8882,1,0
A,H,H,9998,100,9998,1,0
B,H,H,5715,100,5715,1,0
C,H,H,8978,100,8978,1,0
D,H,H,1448,100,1448,1,0
E,H,H,10171,100,10171,1,0
F,H,H,5473,100,5473,1,0
G,H,H,8875,100,8875,1,0
A,B,A,4759,100,4759,1,0
A,C,A,10647,100,10647,1,0
A,D,A,9488,100,9488,1,0
A,E,A,1418,100,1418,1,0
A,F,A,5074,100,5074,1,0
A,G,A,10662,100,10662,1,0
A,H,A,9980,100,9980,1,0
A,B,B,4753,100,4753,1,0
B,C,B,7010,100,7010,1,0
B,D,B,5265,100,5265,1,0
B,E,B,5156,100,5156,1,0
B,F,B,1354,100,1354,1,0
B,G,B,7059,100,7059,1,0
B,H,B,5743,100,5743,1,0
A,C,C,10630,100,10630,1,0
B,C,C,6995,100,6995,1,0
C,D,C,8790,100,8790,1,0
C,E,C,10811,100,10811,1,0
C,F,C,7201,100,7201,1,0
C,G,C,1412,100,1412,1,0
C,H,C,8903,100,8903,1,0
A,D,D,9512,100,9512,1,0
B,D,D,5314,100,5314,1,0
C,D,D,8731,100,8731,1,0
D,E,D,9929,100,9929,1,0
D,F,D,5367,100,5367,1,0
D,G,D,8908,100,8908,1,0
D,H,D,1473,100,1473,1,0
A,E,E,1450,100,1450,1,0
B,E,E,5155,100,5155,1,0
C,E,E,10849,100,10849,1,0
D,E,E,9882,100,9882,1,0
E,F,E,5119,100,5119,1,0
E,G,E,10629,100,10629,1,0
E,H,E,10160,100,10160,1,0
A,F,F,5061,100,5061,1,0
B,F,F,1353,100,1353,1,0
C,F,F,7191,100,7191,1,0
D,F,F,5379,100,5379,1,0
E,F,F,5104,100,5104,1,0
F,G,F,7001,100,7001,1,0
F,H,F,5457,100,5457,1,0
A,G,G,10669,100,10669,1,0
B,G,G,7059,100,7059,1,0
C,G,G,1390,100,1390,1,0
D,G,G,8901,100,8901,1,0
E,G,G,10618,100,10618,1,0
F,G,G,6977,100,6977,1,0
G,H,G,8876,100,8876,1,0
A,H,H,9932,100,9932,1,0
B,H,H,5732,100,5732,1,0
C,H,H,8948,100,8948,1,0
D,H,H,1498,100,1498,1,0
E,H,H,10141,100,10141,1,0
F,H,H,5447,100,5447,1,0
G,H,H,8883,100,8883,1,0
A,B,A,4780,100,4780,1,0
A,C,A,10608,100,10608,1,0
A,D,A,9536,100,9536,1,0
A,E,A,1392,100,1392,1,0
A,F,A,5058,100,5058,1,0
A,G,A,10613,100,10613,1,0
A,H,A,9938,100,9938,1,0
A,B,B,4820,100,4820,1,0
B,C,B,7020,100,7020,1,0
B,D,B,5256,100,5256,1,0
B,E,B,5186,100,5186,1,0
B,F,B,1345,100,1345,1,0
B,G,B,7084,100,7084,1,0
B,H,B,5726,100,5726,1,0
A,C,C,10622,100,10622,1,0
B,C,C,7016,100,7016,1,0
C,D,C,8752,100,8752,1,0
C,E,C,10853,100,10853,1,0
C,F,C,7202,100,7202,1,0
C,G,C,1349,100,1349,1,0
C,H,C,8935,100,8935,1,0
A,D,D,9493,100,9493,1,0
B,D,D,5308,100,5308,1,0
C,D,D,8728,100,8728,1,0
D,E,D,9951,100,9951,1,0
D,F,D,5348,100,5348,1,0
D,G,D,8886,100,8886,1,0
D,H,D,1469,100,1469,1,0
A,E,E,1361,100,1361,1,0
B,E,E,5213,100,5213,1,0
C,E,E,10852,100,10852,1,0
D,E,E,9888,100,9888,1,0
E,F,E,5145,100,5145,1,0
E,G,E,10618,100,10618,1,0
E,H,E,10147,100,10147,1,0
A,F,F,5076,100,5076,1,0
B,F,F,1348,100,1348,1,0
C,F,F,7212,100,7212,1,0
D,F,F,5350,100,5350,1,0
E,F,F,5126,100,5126,1,0
F,G,F,7015,100,7015,1,0
F,H,F,5435,100,5435,1,0
A,G,G,10625,100,10625,1,0
B,G,G,7075,100,7075,1,0
C,G,G,1344,100,1344,1,0
D,G,G,8866,100,8866,1,0
E,G,G,10611,100,10611,1,0
F,G,G,6994,100,6994,1,0
G,H,G,8866,100,8866,1,0
A,H,H,9941,100,9941,1,0
B,H,H,5678,100,5678,1,0
C,H,H,8963,100,8963,1,0
D,H,H,1491,100,1491,1,0
E,H,H,10148,100,10148,1,0
F,H,H,5485,100,5485,1,0
G,H,H,8851,100,8851,1,0
A,B,A,4803,100,4803,1,0
A,C,A,10645,100,10645,1,0
A,D,A,9544,100,9544,1,0
A,E,A,1388,100,1388,1,0
A,F,A,5065,100,5065,1,0
A,G,A,10592,100,10592,1,0
A,H,A,10008,100,10008,1,0
A,B,B,4783,100,4783,1,0
B,C,B,6999,100,6999,1,0
B,D,B,5286,100,5286,1,0
B,E,B,5153,100,5153,1,0
B,F,B,1322,100,1322,1,0
B,G,B,7095,100,7095,1,0
B,H,B,5750,100,5750,1,0
A,C,C,10553,100,10553,1,0
B,C,C,6995,100,6995,1,0
C,D,C,8773,100,8773,1,0
C,E,C,10833,100,10833,1,0
C,F,C,7204,100,7204,1,0
C,G,C,1424,100,1424,1,0
C,H,C,8966,100,8966,1,0
A,D,D,9523,100,9523,1,0
B,D,D,5288,100,5288,1,0
C,D,D,8800,100,8800,1,0
D,E,D,9972,100,9972,1,0
D,F,D,5329,100,5329,1,0
D,G,D,8910,100,8910,1,0
D,H,D,1547,100,1547,1,0
A,E,E,1441,100,1441,1,0
B,E,E,5175,100,5175,1,0
C,E,E,10808,100,10808,1,0
D,E,E,9877,100,9877,1,0
E,F,E,5111,100,5111,1,0
E,G,E,10625,100,10625,1,0
E,H,E,10160,100,10160,1,0
A,F,F,5053,100,5053,1,0
B,F,F,1384,100,1384,1,0
C,F,F,7183,100,7183,1,0
D,F,F,5358,100,5358,1,0
E,F,F,5143,100,5143,1,0
F,G,F,7026,100,7026,1,0
F,H,F,5454,100,5454,1,0
A,G,G,10625,100,10625,1,0
B,G,G,7059,100,7059,1,0
C,G,G,1300,100,1300,1,0
D,G,G,8896,100,8896,1,0
E,G,G,10616,100,10616,1,0
F,G,G,6977,100,6977,1,0
G,H,G,8859,100,8859,1,0
A,H,H,9969,100,9969,1,0
B,H,H,5703,100,5703,1,0
C,H,H,8897,100,8897,1,0
D,H,H,1491,100,1491,1,0
E,H,H,10155,100,10155,1,0
F,H,H,5452,100,5452,1,0
G,H,H,8865,100,8865,1,0
A,B,A,4791,100,4791,1,0
A,C,A,10631,100,10631,1,0
A,D,A,9536,100,9536,1,0
A,E,A,1453,100,1453,1,0
A,F,A,5091,100,5091,1,0
A,G,A,10618,100,10618,1,0
A,H,A,9969,100,9969,1,0
A,B,B,4784,100,4784,1,0
B,C,B,7002,100,7002,1,0
B,D,B,5237,100,5237,1,0
B,E,B,5170,100,5170,1,0
B,F,B,1354,100,1354,1,0
B,G,B,7045,100,7045,1,0
B,H,B,5743,100,5743,1,0
A,C,C,10628,100,10628,1,0
B,C,C,7039,100,7039,1,0
C,D,C,8708,100,8708,1,0
C,E,C,10793,100,10793,1,0
C,F,C,7183,100,7183,1,0
C,G,C,1396,100,1396,1,0
C,H,C,8909,100,8909,1,0
A,D,D,9517,100,9517,1,0
B,D,D,5282,100,5282,1,0
C,D,D,8721,100,8721,1,0
D,E,D,9913,100,9913,1,0
D,F,D,5330,100,5330,1,0
D,G,D,8861,100,8861,1,0
D,H,D,1470,100,1470,1,0
A,E,E,1388,100,1388,1,0
B,E,E,5203,100,5203,1,0
C,E,E,10874,100,10874,1,0
D,E,E,9866,100,9866,1,0
E,F,E,5092,100,5092,1,0
E,G,E,10638,100,10638,1,0
E,H,E,10158,100,10158,1,0
A,F,F,5097,100,5097,1,0
B,F,F,1344,100,1344,1,0
C,F,F,7192,100,7192,1,0
D,F,F,5333,100,5333,1,0
E,F,F,5117,100,5117,1,0
F,G,F,7000,100,7000,1,0
F,H,F,5405,100,5405,1,0
A,G,G,10588,100,10588,1,0
B,G,G,7114,100,7114,1,0
C,G,G,1383,100,1383,1,0
D,G,G,8890,100,8890,1,0
E,G,G,10642,100,10642,1,0
F,G,G,6987,100,6987,1,0
G,H,G,8900,100,8900,1,0
A,H,H,9993,100,9993,1,0
B,H,H,5752,100,5752,1,0
C,H,H,8887,100,8887,1,0
D,H,H,1514,100,1514,1,0
E,H,H,10109,100,10109,1,0
F,H,H,5437,100,5437,1,0
G,H,H,8875,100,8875,1,0
A,B,A,4785,100,4785,1,0
A,C,A,10617,100,10617,1,0
A,D,A,9543,100,9543,1,0
A,E,A,1395,100,1395,1,0
A,F,A,5037,100,5037,1,0
A,G,A,10623,100,10623,1,0
A,H,A,9948,100,9948,1,0
A,B,B,4794,100,4794,1,0
B,C,B,7009,100,7009,1,0
B,D,B,5264,100,5264,1,0
B,E,B,5168,100,5168,1,0
B,F,B,1346,100,1346,1,0
B,G,B,7071,100,7071,1,0
B,H,B,5735,100,5735,1,0
A,C,C,10628,100,10628,1,0
B,C,C,7023,100,7023,1,0
C,D,C,8788,100,8788,1,0
C,E,C,10845,100,10845,1,0
C,F,C,7197,100,7197,1,0
C,G,C,1383,100,1383,1,0
C,H,C,8942,100,8942,1,0
A,D,D,9531,100,9531,1,0
B,D,D,5257,100,5257,1,0
C,D,D,8741,100,8741,1,0
D,E,D,9901,100,9901,1,0
D,F,D,5349,100,5349,1,0
D,G,D,8882,100,8882,1,0
D,H,D,1470,100,1470,1,0
A,E,E,1424,100,1424,1,0
B,E,E,5183,100,5183,1,0
C,E,E,10850,100,10850,1,0
D,E,E,9951,100,9951,1,0
E,F,E,5128,100,5128,1,0
E,G,E,10623,100,10623,1,0
E,H,E,10141,100,10141,1,0
A,F,F,5045,100,5045,1,0
B,F,F,1356,100,1356,1,0
C,F,F,7179,100,7179,1,0
D,F,F,5364,100,5364,1,0
E,F,F,5134,100,5134,1,0
F,G,F,7017,100,7017,1,0
F,H,F,5446,100,5446,1,0
A,G,G,10594,100,10594,1,0
B,G,G,7058,100,7058,1,0
C,G,G,1355,100,1355,1,0
D,G,G,8900,100,8900,1,0
E,G,G,10635,100,10635,1,0
F,G,G,7019,100,7019,1,0
G,H,G,8880,100,8880,1,0
A,H,H,9965,100,9965,1,0
B,H,H,5727,100,5727,1,0
C,H,H,8943,100,8943,1,0
D,H,H,1521,100,1521,1,0
E,H,H,10142,100,10142,1,0
F,H,H,5442,100,5442,1,0
G,H,H,8888,100,8888,1,0
A,B,A,4796,100,4796,1,0
A,C,A,10623,100,10623,1,0
A,D,A,9531,100,9531,1,0
A,E,A,1407,100,1407,1,0
A,F,A,5059,100,5059,1,0
A,G,A,10583,100,10583,1,0
A,H,A,9937,100,9937,1,0
A,B,B,4779,100,4779,1,0
B,C,B,7066,100,7066,1,0
B,D,B,5307,100,5307,1,0
B,E,B,5170,100,5170,1,0
B,F,B,1390,100,1390,1,0
B,G,B,7072,100,7072,1,0
B,H,B,5716,100,5716,1,0
A,C,C,10672,100,10672,1,0
B,C,C,7002,100,7002,1,0
C,D,C,8728,100,8728,1,0
C,E,C,10831,100,10831,1,0
C,F,C,7189,100,7189,1,0
C,G,C,1403,100,1403,1,0
C,H,C,8948,100,8948,1,0
A,D,D,9518,100,9518,1,0
B,D,D,5303,100,5303,1,0
C,D,D,8733,100,8733,1,0
D,E,D,9936,100,9936,1,0
D,F,D,5360,100,5360,1,0
D,G,D,8894,100,8894,1,0
D,H,D,1506,100,1506,1,0
A,E,E,1355,100,1355,1,0
B,E,E,5211,100,5211,1,0
C,E,E,10824,100,10824,1,0
D,E,E,9997,100,9997,1,0
E,F,E,5111,100,5111,1,0
E,G,E,10632,100,10632,1,0
E,H,E,10118,100,10118,1,0
A,F,F,5066,100,5066,1,0
B,F,F,1375,100,1375,1,0
C,F,F,7198,100,7198,1,0
D,F,F,5380,100,5380,1,0
E,F,F,5101,100,5101,1,0
F,G,F,7006,100,7006,1,0
F,H,F,5444,100,5444,1,0
A,G,G,10609,100,10609,1,0
B,G,G,7078,100,7078,1,0
C,G,G,1324,100,1324,1,0
D,G,G,8872,100,8872,1,0
E,G,G,10632,100,10632,1,0
F,G,G,6995,100,6995,1,0
G,H,G,8852,100,8852,1,0
A,H,H,9942,100,9942,1,0
B,H,H,5717,100,5717,1,0
C,H,H,8920,100,8920,1,0
D,H,H,1488,100,1488,1,0
E,H,H,10151,100,10151,1,0
F,H,H,5455,100,5455,1,0
G,H,H,8860,100,8860,1,0
A,B,A,4778,100,4778,1,0
A,C,A,10652,100,10652,1,0
A,D,A,9516,100,9516,1,0
A,E,A,1458,100,1458,1,0
A,F,A,5064,100,5064,1,0
A,G,A,10653,100,10653,1,0
A,H,A,9948,100,9948,1,0
A,B,B,4763,100,4763,1,0
B,C,B,7056,100,7056,1,0
B,D,B,5322,100,5322,1,0
B,E,B,5162,100,5162,1,0
B,F,B,1391,100,1391,1,0
B,G,B,7063,100,7063,1,0
B,H,B,5709,100,5709,1,0
A,C,C,10612,100,10612,1,0
B,C,C,6999,100,6999,1,0
C,D,C,8728,100,8728,1,0
C,E,C,10805,100,10805,1,0
C,F,C,7171,100,7171,1,0
C,G,C,1335,100,1335,1,0
C,H,C,8948,100,8948,1,0
A,D,D,9518,100,9518,1,0
B,D,D,5312,100,5312,1,0
C,D,D,8732,100,8732,1,0
D,E,D,9943,100,9943,1,0
D,F,D,5355,100,5355,1,0
D,G,D,8936,100,8936,1,0
D,H,D,1481,100,1481,1,0
A,E,E,1388,100,1388,1,0
B,E,E,5183,100,5183,1,0
C,E,E,10796,100,10796,1,0
D,E,E,9948,100,9948,1,0
E,F,E,5107,100,5107,1,0
E,G,E,10630,100,10630,1,0
E,H,E,10163,100,10163,1,0
A,F,F,5042,100,5042,1,0
B,F,F,1351,100,1351,1,0
C,F,F,7188,100,7188,1,0
D,F,F,5369,100,5369,1,0
E,F,F,5093,100,5093,1,0
F,G,F,6993,100,6993,1,0
F,H,F,5480,100,5480,1,0
A,G,G,10605,100,10605,1,0
B,G,G,7072,100,7072,1,0
C,G,G,1385,100,1385,1,0
D,G,G,8922,100,8922,1,0
E,G,G,10626,100,10626,1,0
F,G,G,7001,100,7001,1,0
G,H,G,8816,100,8816,1,0
A,H,H,9949,100,9949,1,0
B,H,H,5794,100,5794,1,0
C,H,H,8915,100,8915,1,0
D,H,H,1524,100,1524,1,0
E,H,H,10116,100,10116,1,0
F,H,H,5470,100,5470,1,0
G,H,H,8883,100,8883,1,0
A,B,A,4765,100,4765,1,0
A,C,A,10652,100,10652,1,0
A,D,A,9529,100,9529,1,0
A,E,A,1441,100,1441,1,0
A,F,A,5015,100,5015,1,0
A,G,A,10631,100,10631,1,0
A,H,A,9978,100,9978,1,0
A,B,B,4776,100,4776,1,0
B,C,B,7025,100,7025,1,0
B,D,B,5246,100,5246,1,0
B,E,B,5184,100,5184,1,0
B,F,B,1377,100,1377,1,0
B,G,B,7052,100,7052,1,0
B,H,B,5761,100,5761,1,0
A,C,C,10630,100,10630,1,0
B,C,C,7029,100,7029,1,0
C,D,C,8741,100,8741,1,0
C,E,C,10806,100,10806,1,0
C,F,C,7203,100,7203,1,0
C,G,C,1412,100,1412,1,0
C,H,C,8909,100,8909,1,0
A,D,D,9499,100,9499,1,0
B,D,D,5313,100,5313,1,0
C,D,D,8742,100,8742,1,0
D,E,D,9966,100,9966,1,0
D,F,D,5330,100,5330,1,0
D,G,D,8910,100,8910,1,0
D,H,D,1529,100,1529,1,0
A,E,E,1397,100,1397,1,0
B,E,E,5168,100,5168,1,0
C,E,E,10882,100,10882,1,0
D,E,E,9911,100,9911,1,0
E,F,E,5090,100,5090,1,0
E,G,E,10638,100,10638,1,0
E,H,E,10113,100,10113,1,0
A,F,F,5069,100,5069,1,0
B,F,F,1324,100,1324,1,0
C,F,F,7193,100,7193,1,0
D,F,F,5376,100,5376,1,0
E,F,F,5100,100,5100,1,0
F,G,F,6999,100,6999,1,0
F,H,F,5452,100,5452,1,0
A,G,G,10617,100,10617,1,0
B,G,G,7084,100,7084,1,0
C,G,G,1376,100,1376,1,0
D,G,G,8882,100,8882,1,0
E,G,G,10606,100,10606,1,0
F,G,G,7026,100,7026,1,0
G,H,G,8895,100,8895,1,0
A,H,H,9933,100,9933,1,0
B,H,H,5729,100,5729,1,0
C,H,H,8955,100,8955,1,0
D,H,H,1482,100,1482,1,0
E,H,H,10115,100,10115,1,0
F,H,H,5472,100,5472,1,0
G,H,H,8875,100,8875,1,0
A,B,A,4740,100,4740,1,0
A,C,A,10606,100,10606,1,0
A,D,A,9513,100,9513,1,0
A,E,A,1411,100,1411,1,0
A,F,A,5028,100,5028,1,0
A,G,A,10608,100,10608,1,0
A,H,A,9952,100,9952,1,0
A,B,B,4762,100,4762,1,0
B,C,B,7031,100,7031,1,0
B,D,B,5255,100,5255,1,0
B,E,B,5199,100,5199,1,0
B,F,B,1350,100,1350,1,0
B,G,B,7081,100,7081,1,0
B,H,B,5751,100,5751,1,0
A,C,C,10626,100,10626,1,0
B,C,C,7004,100,7004,1,0
C,D,C,8721,100,8721,1,0
C,E,C,10843,100,10843,1,0
C,F,C,7181,100,7181,1,0
C,G,C,1421,100,1421,1,0
C,H,C,8969,100,8969,1,0
A,D,D,9520,100,9520,1,0
B,D,D,5286,100,5286,1,0
C,D,D,8730,100,8730,1,0
D,E,D,9889,100,9889,1,0
D,F,D,5362,100,5362,1,0
D,G,D,8870,100,8870,1,0
D,H,D,1538,100,1538,1,0
A,E,E,1394,100,1394,1,0
B,E,E,5177,100,5177,1,0
C,E,E,10853,100,10853,1,0
D,E,E,9931,100,9931,1,0
E,F,E,5106,100,5106,1,0
E,G,E,10617,100,10617,1,0
E,H,E,10108,100,10108,1,0
A,F,F,5082,100,5082,1,0
B,F,F,1344,100,1344,1,0
C,F,F,7192,100,7192,1,0
D,F,F,5357,100,5357,1,0
E,F,F,5104,100,5104,1,0
F,G,F,6988,100,6988,1,0
F,H,F,5467,100,5467,1,0
A,G,G,10632,100,10632,1,0
B,G,G,7021,100,7021,1,0
C,G,G,1302,100,1302,1,0
D,G,G,8883,100,8883,1,0
E,G,G,10614,100,10614,1,0
F,G,G,6986,100,6986,1,0
G,H,G,8875,100,8875,1,0
A,H,H,9947,100,9947,1,0
B,H,H,5755,100,5755,1,0
C,H,H,8935,100,8935,1,0
D,H,H,1477,100,1477,1,0
E,H,H,10166,100,10166,1,0
F,H,H,5450,100,5450,1,0
G,H,H,8894,100,8894,1,0
A,B,A,4796,100,4796,1,0
A,C,A,10663,100,10663,1,0
A,D,A,9516,100,9516,1,0
A,E,A,1409,100,1409,1,0
A,F,A,5058,100,5058,1,0
A,G,A,10634,100,10634,1,0
A,H,A,9922,100,9922,1,0
A,B,B,4741,100,4741,1,0
B,C,B,7034,100,7034,1,0
B,D,B,5271,100,5271,1,0
B,E,B,5165,100,5165,1,0
B,F,B,1385,100,1385,1,0
B,G,B,7118,100,7118,1,0
B,H,B,5730,100,5730,1,0
A,C,C,10617,100,10617,1,0
B,C,C,7020,100,7020,1,0
C,D,C,8766,100,8766,1,0
C,E,C,10850,100,10850,1,0
C,F,C,7191,100,7191,1,0
C,G,C,1346,100,1346,1,0
C,H,C,8948,100,8948,1,0
A,D,D,9493,100,9493,1,0
B,D,D,5316,100,5316,1,0
C,D,D,8724,100,8724,1,0
D,E,D,9949,100,9949,1,0
D,F,D,5342,100,5342,1,0
D,G,D,8875,100,8875,1,0
D,H,D,1487,100,1487,1,0
A,E,E,1449,100,1449,1,0
B,E,E,5189,100,5189,1,0
C,E,E,10853,100,10853,1,0
D,E,E,9881,100,9881,1,0
E,F,E,5103,100,5103,1,0
E,G,E,10636,100,10636,1,0
E,H,E,10118,100,10118,1,0
A,F,F,5075,100,5075,1,0
B,F,F,1334,100,1334,1,0
C,F,F,7204,100,7204,1,0
D,F,F,5322,100,5322,1,0
E,F,F,5163,100,5163,1,0
F,G,F,6985,100,6985,1,0
F,H,F,5445,100,5445,1,0
A,G,G,10658,100,10658,1,0
B,G,G,7057,100,7057,1,0
C,G,G,1413,100,1413,1,0
D,G,G,8859,100,8859,1,0
E,G,G,10624,100,10624,1,0
F,G,G,7011,100,7011,1,0
G,H,G,8871,100,8871,1,0
A,H,H,9940,100,9940,1,0
B,H,H,5747,100,5747,1,0
C,H,H,8928,100,8928,1,0
D,H,H,1574,100,1574,1,0
E,H,H,10149,100,10149,1,0
F,H,H,5500,100,5500,1,0
G,H,H,8882,100,8882,1,0
A,B,A,4779,100,4779,1,0
A,C,A,10636,100,10636,1,0
A,D,A,9524,100,9524,1,0
A,E,A,1445,100,1445,1,0
A,F,A,5049,100,5049,1,0
A,G,A,10576,100,10576,1,0
A,H,A,9903,100,9903,1,0
A,B,B,4812,100,4812,1,0
B,C,B,6992,100,6992,1,0
B,D,B,5317,100,5317,1,0
B,E,B,5203,100,5203,1,0
B,F,B,1355,100,1355,1,0
B,G,B,7049,100,7049,1,0
B,H,B,5731,100,5731,1,0
A,C,C,10600,100,10600,1,0
B,C,C,7052,100,7052,1,0
C,D,C,8700,100,8700,1,0
C,E,C,10841,100,10841,1,0
C,F,C,7188,100,7188,1,0
C,G,C,1405,100,1405,1,0
C,H,C,8936,100,8936,1,0
A,D,D,9530,100,9530,1,0
B,D,D,5335,100,5335,1,0
C,D,D,8692,100,8692,1,0
D,E,D,9878,100,9878,1,0
D,F,D,5331,100,5331,1,0
D,G,D,8900,100,8900,1,0
D,H,D,1484,100,1484,1,0
A,E,E,1399,100,1399,1,0
B,E,E,5168,100,5168,1,0
C,E,E,10828,100,10828,1,0
D,E,E,9879,100,9879,1,0
E,F,E,5121,100,5121,1,0
E,G,E,10625,100,10625,1,0
E,H,E,10103,100,10103,1,0
A,F,F,5028,100,5028,1,0
B,F,F,1336,100,1336,1,0
C,F,F,7175,100,7175,1,0
D,F,F,5377,100,5377,1,0
E,F,F,5082,100,5082,1,0
F,G,F,7012,100,7012,1,0
F,H,F,5483,100,5483,1,0
A,G,G,10644,100,10644,1,0
B,G,G,7097,100,7097,1,0
C,G,G,1434,100,1434,1,0
D,G,G,8915,100,8915,1,0
E,G,G,10630,100,10630,1,0
F,G,G,6994,100,6994,1,0
G,H,G,8887,100,8887,1,0
A,H,H,9989,100,9989,1,0
B,H,H,5792,100,5792,1,0
C,H,H,8887,100,8887,1,0
D,H,H,1459,100,1459,1,0
E,H,H,10122,100,10122,1,0
F,H,H,5458,100,5458,1,0
G,H,H,8866,100,8866,1,0
A,B,A,4732,100,4732,1,0
A,C,A,10645,100,10645,1,0
A,D,A,9541,100,9541,1,0
A,E,A,1429,100,1429,1,0
A,F,A,5040,100,5040,1,0
A,G,A,10591,100,10591,1,0
A,H,A,9898,100,9898,1,0
A,B,B,4788,100,4788,1,0
B,C,B,7022,100,7022,1,0
B,D,B,5347,100,5347,1,0
B,E,B,5157,100,5157,1,0
B,F,B,1349,100,1349,1,0
B,G,B,7091,100,7091,1,0
B,H,B,5707,100,5707,1,0
A,C,C,10633,100,10633,1,0
B,C,C,7001,100,7001,1,0
C,D,C,8714,100,8714,1,0
C,E,C,10801,100,10801,1,0
C,F,C,7216,100,7216,1,0
C,G,C,1394,100,1394,1,0
C,H,C,8955,100,8955,1,0
A,D,D,9532,100,9532,1,0
B,D,D,5262,100,5262,1,0
C,D,D,8718,100,8718,1,0
D,E,D,9914,100,9914,1,0
D,F,D,5377,100,5377,1,0
D,G,D,8864,100,8864,1,0
D,H,D,1450,100,1450,1,0
A,E,E,1384,100,1384,1,0
B,E,E,5160,100,5160,1,0
C,E,E,10795,100,10795,1,0
D,E,E,9933,100,9933,1,0
E,F,E,5087,100,5087,1,0
E,G,E,10595,100,10595,1,0
E,H,E,10157,100,10157,1,0
A,F,F,5030,100,5030,1,0
B,F,F,1369,100,1369,1,0
C,F,F,7223,100,7223,1,0
D,F,F,5341,100,5341,1,0
E,F,F,5088,100,5088,1,0
F,G,F,6990,100,6990,1,0
F,H,F,5475,100,5475,1,0
A,G,G,10580,100,10580,1,0
B,G,G,7088,100,7088,1,0
C,G,G,1387,100,1387,1,0
D,G,G,8902,100,8902,1,0
E,G,G,10654,100,10654,1,0
F,G,G,7009,100,7009,1,0
G,H,G,8838,100,8838,1,0
A,H,H,9996,100,9996,1,0
B,H,H,5768,100,5768,1,0
C,H,H,8912,100,8912,1,0
D,H,H,1518,100,1518,1,0
E,H,H,10149,100,10149,1,0
F,H,H,5405,100,5405,1,0
G,H,H,8881,100,8881,1,0
A,B,A,4770,100,4770,1,0
A,C,A,10667,100,10667,1,0
A,D,A,9549,100,9549,1,0
A,E,A,1403,100,1403,1,0
A,F,A,5087,100,5087,1,0
A,G,A,10591,100,10591,1,0
A,H,A,9971,100,9971,1,0
A,B,B,4797,100,4797,1,0
B,C,B,6998,100,6998,1,0
B,D,B,5306,100,5306,1,0
B,E,B,5169,100,5169,1,0
B,F,B,1351,100,1351,1,0
B,G,B,7096,100,7096,1,0
B,H,B,5764,100,5764,1,0
A,C,C,10647,100,10647,1,0
B,C,C,6998,100,6998,1,0
C,D,C,8726,100,8726,1,0
C,E,C,10800,100,10800,1,0
C,F,C,7216,100,7216,1,0
C,G,C,1321,100,1321,1,0
C,H,C,8969,100,8969,1,0
A,D,D,9520,100,9520,1,0
B,D,D,5294,100,5294,1,0
C,D,D,8772,100,8772,1,0
D,E,D,9931,100,9931,1,0
D,F,D,5343,100,5343,1,0
D,G,D,8920,100,8920,1,0
D,H,D,1475,100,1475,1,0
A,E,E,1432,100,1432,1,0
B,E,E,5183,100,5183,1,0
C,E,E,10781,100,10781,1,0
D,E,E,9826,100,9826,1,0
E,F,E,5116,100,5116,1,0
E,G,E,10630,100,10630,1,0
E,H,E,10101,100,10101,1,0
A,F,F,5039,100,5039,1,0
B,F,F,1335,100,1335,1,0
C,F,F,7178,100,7178,1,0
D,F,F,5367,100,5367,1,0
E,F,F,5087,100,5087,1,0
F,G,F,7001,100,7001,1,0
F,H,F,5464,100,5464,1,0
A,G,G,10642,100,10642,1,0
B,G,G,7095,100,7095,1,0
C,G,G,1355,100,1355,1,0
D,G,G,8883,100,8883,1,0
E,G,G,10635,100,10635,1,0
F,G,G,6997,100,6997,1,0
G,H,G,8881,100,8881,1,0
A,H,H,9943,100,9943,1,0
B,H,H,5740,100,5740,1,0
C,H,H,8935,100,8935,1,0
D,H,H,1484,100,1484,1,0
E,H,H,10149,100,10149,1,0
F,H,H,5449,100,5449,1,0
G,H,H,8854,100,8854,1,0
A,B,A,4798,100,4798,1,0
A,C,A,10632,100,10632,1,0
A,D,A,9519,100,9519,1,0
A,E,A,1419,100,1419,1,0
A,F,A,5045,100,5045,1,0
A,G,A,10646,100,10646,1,0
A,H,A,9979,100,9979,1,0
A,B,B,4766,100,4766,1,0
B,C,B,6971,100,6971,1,0
B,D,B,5330,100,5330,1,0
B,E,B,5140,100,5140,1,0
B,F,B,1353,100,1353,1,0
B,G,B,7078,100,7078,1,0
B,H,B,5749,100,5749,1,0
A,C,C,10568,100,10568,1,0
B,C,C,7015,100,7015,1,0
C,D,C,8754,100,8754,1,0
C,E,C,10847,100,10847,1,0
C,F,C,7166,100,7166,1,0
C,G,C,1428,100,1428,1,0
C,H,C,8930,100,8930,1,0
A,D,D,9532,100,9532,1,0
B,D,D,5316,100,5316,1,0
C,D,D,8730,100,8730,1,0
D,E,D,9943,100,9943,1,0
D,F,D,5348,100,5348,1,0
D,G,D,8959,100,8959,1,0
D,H,D,1551,100,1551,1,0
A,E,E,1486,100,1486,1,0
B,E,E,5203,100,5203,1,0
C,E,E,10853,100,10853,1,0
D,E,E,9901,100,9901,1,0
E,F,E,5107,100,5107,1,0
E,G,E,10633,100,10633,1,0
E,H,E,10150,100,10150,1,0
A,F,F,5076,100,5076,1,0
B,F,F,1358,100,1358,1,0
C,F,F,7204,100,7204,1,0
D,F,F,5370,100,5370,1,0
E,F,F,5086,100,5086,1,0
F,G,F,6999,100,6999,1,0
F,H,F,5507,100,5507,1,0
A,G,G,10616,100,10616,1,0
B,G,G,7069,100,7069,1,0
C,G,G,1412,100,1412,1,0
D,G,G,8901,100,8901,1,0
E,G,G,10657,100,10657,1,0
F,G,G,7009,100,7009,1,0
G,H,G,8882,100,8882,1,0
A,H,H,9891,100,9891,1,0
B,H,H,5767,100,5767,1,0
C,H,H,8894,100,8894,1,0
D,H,H,1466,100,1466,1,0
E,H,H,10165,100,10165,1,0
F,H,H,5462,100,5462,1,0
G,H,H,8857,100,8857,1,0
A,B,A,4748,100,4748,1,0
A,C,A,10674,100,10674,1,0
A,D,A,9536,100,9536,1,0
A,E,A,1389,100,1389,1,0
A,F,A,5016,100,5016,1,0
A,G,A,10638,100,10638,1,0
A,H,A,9946,100,9946,1,0
A,B,B,4810,100,4810,1,0
B,C,B,7002,100,7002,1,0
B,D,B,5273,100,5273,1,0
B,E,B,5203,100,5203,1,0
B,F,B,1375,100,1375,1,0
B,G,B,7056,100,7056,1,0
B,H,B,5739,100,5739,1,0
A,C,C,10617,100,10617,1,0
B,C,C,7013,100,7013,1,0
C,D,C,8747,100,8747,1,0
C,E,C,10794,100,10794,1,0
C,F,C,7215,100,7215,1,0
C,G,C,1371,100,1371,1,0
C,H,C,8923,100,8923,1,0
A,D,D,9545,100,9545,1,0
B,D,D,5323,100,5323,1,0
C,D,D,8738,100,8738,1,0
D,E,D,9939,100,9939,1,0
D,F,D,5386,100,5386,1,0
D,G,D,8858,100,8858,1,0
D,H,D,1534,100,1534,1,0
A,E,E,1416,100,1416,1,0
B,E,E,5183,100,5183,1,0
C,E,E,10760,100,10760,1,0
D,E,E,9894,100,9894,1,0
E,F,E,5131,100,5131,1,0
E,G,E,10622,100,10622,1,0
E,H,E,10125,100,10125,1,0
A,F,F,5065,100,5065,1,0
B,F,F,1377,100,1377,1,0
C,F,F,7185,100,7185,1,0
D,F,F,5360,100,5360,1,0
E,F,F,5138,100,5138,1,0
F,G,F,7003,100,7003,1,0
F,H,F,5483,100,5483,1,0
A,G,G,10612,100,10612,1,0
B,G,G,7084,100,7084,1,0
C,G,G,1391,100,1391,1,0
D,G,G,8869,100,8869,1,0
E,G,G,10647,100,10647,1,0
F,G,G,6969,100,6969,1,0
G,H,G,8867,100,8867,1,0
A,H,H,9979,100,9979,1,0
B,H,H,5742,100,5742,1,0
C,H,H,8939,100,8939,1,0
D,H,H,1524,100,1524,1,0
E,H,H,10137,100,10137,1,0
F,H,H,5478,100,5478,1,0
G,H,H,8870,100,8870,1,0
A,B,A,4741,100,4741,1,0
A,C,A,10631,100,10631,1,0
A,D,A,9562,100,9562,1,0
A,E,A,1420,100,1420,1,0
A,F,A,5076,100,5076,1,0
A,G,A,10588,100,10588,1,0
A,H,A,9928,100,9928,1,0
A,B,B,4760,100,4760,1,0
B,C,B,7024,100,7024,1,0
B,D,B,5255,100,5255,1,0
B,E,B,5178,100,5178,1,0
B,F,B,1357,100,1357,1,0
B,G,B,7078,100,7078,1,0
B,H,B,5789,100,5789,1,0
A,C,C,10686,100,10686,1,0
B,C,C,7020,100,7020,1,0
C,D,C,8726,100,8726,1,0
C,E,C,10811,100,10811,1,0
C,F,C,7190,100,7190,1,0
C,G,C,1362,100,1362,1,0
C,H,C,8933,100,8933,1,0
A,D,D,9514,100,9514,1,0
B,D,D,5257,100,5257,1,0
C,D,D,8705,100,8705,1,0
D,E,D,9927,100,9927,1,0
D,F,D,5380,100,5380,1,0
D,G,D,8908,100,8908,1,0
D,H,D,1457,100,1457,1,0
A,E,E,1438,100,1438,1,0
B,E,E,5204,100,5204,1,0
C,E,E,10810,100,10810,1,0
D,E,E,9900,100,9900,1,0
E,F,E,5102,100,5102,1,0
E,G,E,10624,100,10624,1,0
E,H,E,10116,100,10116,1,0
A,F,F,5039,100,5039,1,0
B,F,F,1360,100,1360,1,0
C,F,F,7218,100,7218,1,0
D,F,F,5385,100,5385,1,0
E,F,F,5119,100,5119,1,0
F,G,F,6980,100,6980,1,0
F,H,F,5461,100,5461,1,0
A,G,G,10628,100,10628,1,0
B,G,G,7092,100,7092,1,0
C,G,G,1380,100,1380,1,0
D,G,G,8913,100,8913,1,0
E,G,G,10611,100,10611,1,0
F,G,G,7008,100,7008,1,0
G,H,G,8890,100,8890,1,0
A,H,H,9999,100,9999,1,0
B,H,H,5719,100,5719,1,0
C,H,H,8968,100,8968,1,0
D,H,H,1463,100,1463,1,0
E,H,H,10138,100,10138,1,0
F,H,H,5461,100,5461,1,0
G,H,H,8891,100,8891,1,0
A,B,A,4791,100,4791,1,0
A,C,A,10647,100,10647,1,0
A,D,A,9516,100,9516,1,0
A,E,A,1389,100,1389,1,0
A,F,A,5053,100,5053,1,0
A,G,A,10622,100,10622,1,0
A,H,A,9937,100,9937,1,0
A,B,B,4777,100,4777,1,0
B,C,B,7011,100,7011,1,0
B,D,B,5271,100,5271,1,0
B,E,B,5146,100,5146,1,0
B,F,B,1369,100,1369,1,0
B,G,B,7081,100,7081,1,0
B,H,B,5742,100,5742,1,0
A,C,C,10652,100,10652,1,0
B,C,C,7045,100,7045,1,0
C,D,C,8712,100,8712,1,0
C,E,C,10800,100,10800,1,0
C,F,C,7210,100,7210,1,0
C,G,C,1358,100,1358,1,0
C,H,C,8949,100,8949,1,0
A,D,D,9541,100,9541,1,0
B,D,D,5326,100,5326,1,0
C,D,D,8759,100,8759,1,0
D,E,D,9951,100,9951,1,0
D,F,D,5378,100,5378,1,0
D,G,D,8860,100,8860,1,0
D,H,D,1498,100,1498,1,0
A,E,E,1426,100,1426,1,0
B,E,E,5162,100,5162,1,0
C,E,E,10873,100,10873,1,0
D,E,E,9975,100,9975,1,0
E,F,E,5106,100,5106,1,0
E,G,E,10623,100,10623,1,0
E,H,E,10095,100,10095,1,0
A,F,F,5062,100,5062,1,0
B,F,F,1378,100,1378,1,0
C,F,F,7196,100,7196,1,0
D,F,F,5368,100,5368,1,0
E,F,F,5107,100,5107,1,0
F,G,F,6991,100,6991,1,0
F,H,F,5459,100,5459,1,0
A,G,G,10584,100,10584,1,0
B,G,G,7078,100,7078,1,0
C,G,G,1352,100,1352,1,0
D,G,G,8895,100,8895,1,0
E,G,G,10608,100,10608,1,0
F,G,G,7011,100,7011,1,0
G,H,G,8880,100,8880,1,0
A,H,H,9938,100,9938,1,0
B,H,H,5700,100,5700,1,0
C,H,H,8930,100,8930,1,0
D,H,H,1477,100,1477,1,0
E,H,H,10131,100,10131,1,0
F,H,H,5431,100,5431,1,0
G,H,H,8867,100,8867,1,0
A,B,A,4807,100,4807,1,0
A,C,A,10668,100,10668,1,0
A,D,A,9520,100,9520,1,0
A,E,A,1431,100,1431,1,0
A,F,A,5054,100,5054,1,0
A,G,A,10613,100,10613,1,0
A,H,A,9984,100,9984,1,0
A,B,B,4766,100,4766,1,0
B,C,B,7030,100,7030,1,0
B,D,B,5311,100,5311,1,0
B,E,B,5171,100,5171,1,0
B,F,B,1357,100,1357,1,0
B,G,B,7061,100,7061,1,0
B,H,B,5758,100,5758,1,0
A,C,C,10642,100,10642,1,0
B,C,C,7001,100,7001,1,0
C,D,C,8711,100,8711,1,0
C,E,C,10807,100,10807,1,0
C,F,C,7216,100,7216,1,0
C,G,C,1396,100,1396,1,0
C,H,C,8942,100,8942,1,0
A,D,D,9527,100,9527,1,0
B,D,D,5279,100,5279,1,0
C,D,D,8803,100,8803,1,0
D,E,D,9898,100,9898,1,0
D,F,D,5402,100,5402,1,0
D,G,D,8885,100,8885,1,0
D,H,D,1464,100,1464,1,0
A,E,E,1430,100,1430,1,0
B,E,E,5187,100,5187,1,0
C,E,E,10797,100,10797,1,0
D,E,E,9961,100,9961,1,0
E,F,E,5090,100,5090,1,0
E,G,E,10629,100,10629,1,0
E,H,E,10134,100,10134,1,0
A,F,F,5044,100,5044,1,0
B,F,F,1371,100,1371,1,0
C,F,F,7192,100,7192,1,0
D,F,F,5340,100,5340,1,0
E,F,F,5097,100,5097,1,0
F,G,F,7007,100,7007,1,0
F,H,F,5452,100,5452,1,0
A,G,G,10598,100,10598,1,0
B,G,G,7105,100,7105,1,0
C,G,G,1332,100,1332,1,0
D,G,G,8893,100,8893,1,0
E,G,G,10638,100,10638,1,0
F,G,G,6997,100,6997,1,0
G,H,G,8893,100,8893,1,0
A,H,H,9988,100,9988,1,0
B,H,H,5719,100,5719,1,0
C,H,H,8933,100,8933,1,0
D,H,H,1484,100,1484,1,0
E,H,H,10185,100,10185,1,0
F,H,H,5434,100,5434,1,0
G,H,H,8884,100,8884,1,0
A,B,A,4753,100,4753,1,0
A,C,A,10658,100,10658,1,0
A,D,A,9517,100,9517,1,0
A,E,A,1432,100,1432,1,0
A,F,A,5057,100,5057,1,0
A,G,A,10618,100,10618,1,0
A,H,A,10001,100,10001,1,0
A,B,B,4760,100,4760,1,0
B,C,B,7033,100,7033,1,0
B,D,B,5278,100,5278,1,0
B,E,B,5148,100,5148,1,0
B,F,B,1305,100,1305,1,0
B,G,B,7058,100,7058,1,0
B,H,B,5764,100,5764,1,0
A,C,C,10664,100,10664,1,0
B,C,C,6996,100,6996,1,0
C,D,C,8748,100,8748,1,0
C,E,C,10780,100,10780,1,0
C,F,C,7188,100,7188,1,0
C,G,C,1419,100,1419,1,0
C,H,C,8993,100,8993,1,0
A,D,D,9548,100,9548,1,0
B,D,D,5281,100,5281,1,0
C,D,D,8750,100,8750,1,0
D,E,D,9930,100,9930,1,0
D,F,D,5355,100,5355,1,0
D,G,D,8905,100,8905,1,0
D,H,D,1481,100,1481,1,0
A,E,E,1454,100,1454,1,0
B,E,E,5183,100,5183,1,0
C,E,E,10850,100,10850,1,0
D,E,E,9959,100,9959,1,0
E,F,E,5128,100,5128,1,0
E,G,E,10623,100,10623,1,0
E,H,E,10103,100,10103,1,0
A,F,F,5031,100,5031,1,0
B,F,F,1336,100,1336,1,0
C,F,F,7177,100,7177,1,0
D,F,F,5369,100,5369,1,0
E,F,F,5103,100,5103,1,0
F,G,F,7003,100,7003,1,0
F,H,F,5447,100,5447,1,0
A,G,G,10660,100,10660,1,0
B,G,G,7052,100,7052,1,0
C,G,G,1327,100,1327,1,0
D,G,G,8892,100,8892,1,0
E,G,G,10645,100,10645,1,0
F,G,G,7044,100,7044,1,0
G,H,G,8879,100,8879,1,0
A,H,H,9960,100,9960,1,0
B,H,H,5745,100,5745,1,0
C,H,H,8936,100,8936,1,0
D,H,H,1506,100,1506,1,0
E,H,H,10152,100,10152,1,0
F,H,H,5477,100,5477,1,0
G,H,H,8841,100,8841,1,0
A,B,A,4788,100,4788,1,0
A,C,A,10663,100,10663,1,0
A,D,A,9514,100,9514,1,0
A,E,A,1375,100,1375,1,0
A,F,A,5064,100,5064,1,0
A,G,A,10606,100,10606,1,0
A,H,A,9941,100,9941,1,0
A,B,B,4804,100,4804,1,0
B,C,B,7005,100,7005,1,0
B,D,B,5315,100,5315,1,0
B,E,B,5183,100,5183,1,0
B,F,B,1346,100,1346,1,0
B,G,B,7055,100,7055,1,0
B,H,B,5786,100,5786,1,0
A,C,C,10598,100,10598,1,0
B,C,C,7034,100,7034,1,0
C,D,C,8746,100,8746,1,0
C,E,C,10843,100,10843,1,0
C,F,C,7192,100,7192,1,0
C,G,C,1387,100,1387,1,0
C,H,C,8919,100,8919,1,0
A,D,D,9522,100,9522,1,0
B,D,D,5261,100,5261,1,0
C,D,D,8758,100,8758,1,0
D,E,D,9957,100,9957,1,0
D,F,D,5347,100,5347,1,0
D,G,D,8927,100,8927,1,0
D,H,D,1489,100,1489,1,0
A,E,E,1399,100,1399,1,0
B,E,E,5191,100,5191,1,0
C,E,E,10831,100,10831,1,0
D,E,E,9929,100,9929,1,0
E,F,E,5110,100,5110,1,0
E,G,E,10624,100,10624,1,0
E,H,E,10150,100,10150,1,0
A,F,F,5072,100,5072,1,0
B,F,F,1370,100,1370,1,0
C,F,F,7190,100,7190,1,0
D,F,F,5372,100,5372,1,0
E,F,F,5121,100,5121,1,0
F,G,F,7009,100,7009,1,0
F,H,F,5438,100,5438,1,0
A,G,G,10604,100,10604,1,0
B,G,G,7066,100,7066,1,0
C,G,G,1404,100,1404,1,0
D,G,G,8921,100,8921,1,0
E,G,G,10625,100,10625,1,0
F,G,G,7000,100,7000,1,0
G,H,G,8887,100,8887,1,0
A,H,H,9998,100,9998,1,0
B,H,H,5739,100,5739,1,0
C,H,H,8919,100,8919,1,0
D,H,H,1451,100,1451,1,0
E,H,H,10180,100,10180,1,0
F,H,H,5432,100,5432,1,0
G,H,H,8904,100,8904,1,0
A,B,A,4756,100,4756,1,0
A,C,A,10693,100,10693,1,0
A,D,A,9527,100,9527,1,0
A,E,A,1424,100,1424,1,0
A,F,A,5040,100,5040,1,0
A,G,A,10640,100,10640,1,0
A,H,A,9967,100,9967,1,0
A,B,B,4764,100,4764,1,0
B,C,B,6987,100,6987,1,0
B,D,B,5301,100,5301,1,0
B,E,B,5176,100,5176,1,0
B,F,B,1308,100,1308,1,0
B,G,B,7063,100,7063,1,0
B,H,B,5723,100,5723,1,0
A,C,C,10665,100,10665,1,0
B,C,C,7011,100,7011,1,0
C,D,C,8753,100,8753,1,0
C,E,C,10826,100,10826,1,0
C,F,C,7207,100,7207,1,0
C,G,C,1389,100,1389,1,0
C,H,C,8942,100,8942,1,0
A,D,D,9514,100,9514,1,0
B,D,D,5338,100,5338,1,0
C,D,D,8729,100,8729,1,0
D,E,D,9897,100,9897,1,0
D,F,D,5348,100,5348,1,0
D,G,D,8881,100,8881,1,0
D,H,D,1500,100,1500,1,0
A,E,E,1423,100,1423,1,0
B,E,E,5222,100,5222,1,0
C,E,E,10790,100,10790,1,0
D,E,E,9886,100,9886,1,0
E,F,E,5114,100,5114,1,0
E,G,E,10645,100,10645,1,0
E,H,E,10127,100,10127,1,0
A,F,F,5046,100,5046,1,0
B,F,F,1359,100,1359,1,0
C,F,F,7210,100,7210,1,0
D,F,F,5373,100,5373,1,0
E,F,F,5091,100,5091,1,0
F,G,F,7013,100,7013,1,0
F,H,F,5487,100,5487,1,0
A,G,G,10644,100,10644,1,0
B,G,G,7071,100,7071,1,0
C,G,G,1367,100,1367,1,0
D,G,G,8906,100,8906,1,0
E,G,G,10628,100,10628,1,0
F,G,G,6982,100,6982,1,0
G,H,G,8900,100,8900,1,0
A,H,H,9935,100,9935,1,0
B,H,H,5794,100,5794,1,0
C,H,H,8904,100,8904,1,0
D,H,H,1517,100,1517,1,0
E,H,H,10149,100,10149,1,0
F,H,H,5452,100,5452,1,0
G,H,H,8872,100,8872,1,0
A,B,A,4772,100,4772,1,0
A,C,A,10643,100,10643,1,0
A,D,A,9543,100,9543,1,0
A,E,A,1402,100,1402,1,0
A,F,A,5062,100,5062,1,0
A,G,A,10571,100,10571,1,0
A,H,A,9911,100,9911,1,0
A,B,B,4796,100,4796,1,0
B,C,B,7042,100,7042,1,0
B,D,B,5277,100,5277,1,0
B,E,B,5204,100,5204,1,0
B,F,B,1364,100,1364,1,0
B,G,B,7064,100,7064,1,0
B,H,B,5782,100,5782,1,0
A,C,C,10652,100,10652,1,0
B,C,C,6965,100,6965,1,0
C,D,C,8745,100,8745,1,0
C,E,C,10835,100,10835,1,0
C,F,C,7200,100,7200,1,0
C,G,C,1345,100,1345,1,0
C,H,C,8948,100,8948,1,0
A,D,D,9539,100,9539,1,0
B,D,D,5321,100,5321,1,0
C,D,D,8708,100,8708,1,0
D,E,D,9940,100,9940,1,0
D,F,D,5342,100,5342,1,0
D,G,D,8917,100,8917,1,0
D,H,D,1548,100,1548,1,0
A,E,E,1370,100,1370,1,0
B,E,E,5239,100,5239,1,0
C,E,E,10773,100,10773,1,0
D,E,E,9890,100,9890,1,0
E,F,E,5057,100,5057,1,0
E,G,E,10616,100,10616,1,0
E,H,E,10129,100,10129,1,0
A,F,F,5069,100,5069,1,0
B,F,F,1386,100,1386,1,0
C,F,F,7195,100,7195,1,0
D,F,F,5364,100,5364,1,0
E,F,F,5083,100,5083,1,0
F,G,F,7009,100,7009,1,0
F,H,F,5433,100,5433,1,0
A,G,G,10651,100,10651,1,0
B,G,G,7062,100,7062,1,0
C,G,G,1400,100,1400,1,0
D,G,G,8907,100,8907,1,0
E,G,G,10623,100,10623,1,0
F,G,G,7005,100,7005,1,0
G,H,G,8892,100,8892,1,0
A,H,H,9898,100,9898,1,0
B,H,H,5740,100,5740,1,0
C,H,H,8976,100,8976,1,0
D,H,H,1452,100,1452,1,0
E,H,H,10122,100,10122,1,0
F,H,H,5442,100,5442,1,0
G,H,H,8899,100,8899,1,0
A,B,A,4735,100,4735,1,0
A,C,A,10649,100,10649,1,0
A,D,A,9515,100,9515,1,0
A,E,A,1409,100,1409,1,0
A,F,A,5063,100,5063,1,0
A,G,A,10572,100,10572,1,0
A,H,A,9907,100,9907,1,0
A,B,B,4773,100,4773,1,0
B,C,B,7039,100,7039,1,0
B,D,B,5286,100,5286,1,0
B,E,B,5181,100,5181,1,0
B,F,B,1368,100,1368,1,0
B,G,B,7067,100,7067,1,0
B,H,B,5731,100,5731,1,0
A,C,C,10608,100,10608,1,0
B,C,C,7062,100,7062,1,0
C,D,C,8748,100,8748,1,0
C,E,C,10826,100,10826,1,0
C,F,C,7196,100,7196,1,0
C,G,C,1320,100,1320,1,0
C,H,C,8934,100,8934,1,0
A,D,D,9521,100,9521,1,0
B,D,D,5238,100,5238,1,0
C,D,D,8774,100,8774,1,0
D,E,D,9899,100,9899,1,0
D,F,D,5360,100,5360,1,0
D,G,D,8916,100,8916,1,0
D,H,D,1444,100,1444,1,0
A,E,E,1414,100,1414,1,0
B,E,E,5192,100,5192,1,0
C,E,E,10797,100,10797,1,0
D,E,E,9945,100,9945,1,0
E,F,E,5092,100,5092,1,0
E,G,E,10642,100,10642,1,0
E,H,E,10127,100,10127,1,0
A,F,F,5072,100,5072,1,0
B,F,F,1370,100,1370,1,0
C,F,F,7204,100,7204,1,0
D,F,F,5382,100,5382,1,0
E,F,F,5123,100,5123,1,0
F,G,F,6996,100,6996,1,0
F,H,F,5478,100,5478,1,0
A,G,G,10652,100,10652,1,0
B,G,G,7084,100,7084,1,0
C,G,G,1359,100,1359,1,0
D,G,G,8934,100,8934,1,0
E,G,G,10621,100,10621,1,0
F,G,G,6988,100,6988,1,0
G,H,G,8865,100,8865,1,0
A,H,H,9945,100,9945,1,0
B,H,H,5759,100,5759,1,0
C,H,H,8928,100,8928,1,0
D,H,H,1456,100,1456,1,0
E,H,H,10167,100,10167,1,0
F,H,H,5437,100,5437,1,0
G,H,H,8856,100,8856,1,0
A,B,A,4789,100,4789,1,0
A,C,A,10730,100,10730,1,0
A,D,A,9521,100,9521,1,0
A,E,A,1452,100,1452,1,0
A,F,A,5028,100,5028,1,0
A,G,A,10660,100,10660,1,0
A,H,A,9946,100,9946,1,0
A,B,B,4780,100,4780,1,0
B,C,B,7017,100,7017,1,0
B,D,B,5286,100,5286,1,0
B,E,B,5203,100,5203,1,0
B,F,B,1367,100,1367,1,0
B,G,B,7069,100,7069,1,0
B,H,B,5763,100,5763,1,0
A,C,C,10603,100,10603,1,0
B,C,C,7039,100,7039,1,0
C,D,C,8751,100,8751,1,0
C,E,C,10823,100,10823,1,0
C,F,C,7169,100,7169,1,0
C,G,C,1348,100,1348,1,0
C,H,C,8909,100,8909,1,0
A,D,D,9553,100,9553,1,0
B,D,D,5285,100,5285,1,0
C,D,D,8726,100,8726,1,0
D,E,D,9905,100,9905,1,0
D,F,D,5351,100,5351,1,0
D,G,D,8890,100,8890,1,0
D,H,D,1492,100,1492,1,0
A,E,E,1409,100,1409,1,0
B,E,E,5148,100,5148,1,0
C,E,E,10823,100,10823,1,0
D,E,E,9913,100,9913,1,0
E,F,E,5099,100,5099,1,0
E,G,E,10634,100,10634,1,0
E,H,E,10150,100,10150,1,0
A,F,F,5039,100,5039,1,0
B,F,F,1345,100,1345,1,0
C,F,F,7196,100,7196,1,0
D,F,F,5334,100,5334,1,0
E,F,F,5101,100,5101,1,0
F,G,F,7007,100,7007,1,0
F,H,F,5447,100,5447,1,0
A,G,G,10662,100,10662,1,0
B,G,G,7046,100,7046,1,0
C,G,G,1389,100,1389,1,0
D,G,G,8913,100,8913,1,0
E,G,G,10642,100,10642,1,0
F,G,G,7022,100,7022,1,0
G,H,G,8846,100,8846,1,0
A,H,H,9898,100,9898,1,0
B,H,H,5753,100,5753,1,0
C,H,H,8897,100,8897,1,0
D,H,H,1498,100,1498,1,0
E,H,H,10135,100,10135,1,0
F,H,H,5437,100,5437,1,0
G,H,H,8871,100,8871,1,0
A,B,A,4749,100,4749,1,0
A,C,A,10630,100,10630,1,0
A,D,A,9550,100,9550,1,0
A,E,A,1389,100,1389,1,0
A,F,A,5036,100,5036,1,0
A,G,A,10644,100,10644,1,0
A,H,A,9916,100,9916,1,0
A,B,B,4775,100,4775,1,0
B,C,B,7007,100,7007,1,0
B,D,B,5320,100,5320,1,0
B,E,B,5175,100,5175,1,0
B,F,B,1359,100,1359,1,0
B,G,B,7089,100,7089,1,0
B,H,B,5723,100,5723,1,0
A,C,C,10620,100,10620,1,0
B,C,C,6987,100,6987,1,0
C,D,C,8688,100,8688,1,0
C,E,C,10791,100,10791,1,0
C,F,C,7159,100,7159,1,0
C,G,C,1392,100,1392,1,0
C,H,C,8938,100,8938,1,0
A,D,D,9529,100,9529,1,0
B,D,D,5270,100,5270,1,0
C,D,D,8752,100,8752,1,0
D,E,D,9933,100,9933,1,0
D,F,D,5378,100,5378,1,0
D,G,D,8928,100,8928,1,0
D,H,D,1495,100,1495,1,0
A,E,E,1401,100,1401,1,0
B,E,E,5190,100,5190,1,0
C,E,E,10825,100,10825,1,0
D,E,E,9870,100,9870,1,0
E,F,E,5083,100,5083,1,0
E,G,E,10619,100,10619,1,0
E,H,E,10148,100,10148,1,0
A,F,F,5027,100,5027,1,0
B,F,F,1333,100,1333,1,0
C,F,F,7217,100,7217,1,0
D,F,F,5371,100,5371,1,0
E,F,F,5091,100,5091,1,0
F,G,F,7012,100,7012,1,0
F,H,F,5475,100,5475,1,0
A,G,G,10586,100,10586,1,0
B,G,G,7067,100,7067,1,0
C,G,G,1398,100,1398,1,0
D,G,G,8892,100,8892,1,0
E,G,G,10634,100,10634,1,0
F,G,G,7018,100,7018,1,0
G,H,G,8861,100,8861,1,0
A,H,H,9939,100,9939,1,0
B,H,H,5751,100,5751,1,0
C,H,H,8959,100,8959,1,0
D,H,H,1449,100,1449,1,0
E,H,H,10133,100,10133,1,0
F,H,H,5437,100,5437,1,0
G,H,H,8862,100,8862,1,0
A,B,A,4760,100,4760,1,0
A,C,A,10615,100,10615,1,0
A,D,A,9507,100,9507,1,0
A,E,A,1381,100,1381,1,0
A,F,A,5076,100,5076,1,0
A,G,A,10642,100,10642,1,0
A,H,A,9952,100,9952,1,0
A,B,B,4787,100,4787,1,0
B,C,B,7050,100,7050,1,0
B,D,B,5271,100,5271,1,0
B,E,B,5142,100,5142,1,0
B,F,B,1329,100,1329,1,0
B,G,B,7047,100,7047,1,0
B,H,B,5743,100,5743,1,0
A,C,C,10616,100,10616,1,0
B,C,C,6995,100,6995,1,0
C,D,C,8752,100,8752,1,0
C,E,C,10777,100,10777,1,0
C,F,C,7152,100,7152,1,0
C,G,C,1359,100,1359,1,0
C,H,C,8943,100,8943,1,0
A,D,D,9518,100,9518,1,0
B,D,D,5243,100,5243,1,0
C,D,D,8729,100,8729,1,0
D,E,D,9938,100,9938,1,0
D,F,D,5358,100,5358,1,0
D,G,D,8884,100,8884,1,0
D,H,D,1464,100,1464,1,0
A,E,E,1419,100,1419,1,0
B,E,E,5159,100,5159,1,0
C,E,E,10814,100,10814,1,0
D,E,E,9944,100,9944,1,0
E,F,E,5114,100,5114,1,0
E,G,E,10642,100,10642,1,0
E,H,E,10173,100,10173,1,0
A,F,F,5086,100,5086,1,0
B,F,F,1362,100,1362,1,0
C,F,F,7176,100,7176,1,0
D,F,F,5372,100,5372,1,0
E,F,F,5103,100,5103,1,0
F,G,F,7019,100,7019,1,0
F,H,F,5471,100,5471,1,0
A,G,G,10587,100,10587,1,0
B,G,G,7118,100,7118,1,0
C,G,G,1383,100,1383,1,0
D,G,G,8897,100,8897,1,0
E,G,G,10647,100,10647,1,0
F,G,G,7004,100,7004,1,0
G,H,G,8899,100,8899,1,0
A,H,H,9962,100,9962,1,0
B,H,H,5720,100,5720,1,0
C,H,H,8880,100,8880,1,0
D,H,H,1478,100,1478,1,0
E,H,H,10110,100,10110,1,0
F,H,H,5451,100,5451,1,0
G,H,H,8844,100,8844,1,0
A,B,A,4753,100,4753,1,0
A,C,A,10634,100,10634,1,0
A,D,A,9529,100,9529,1,0
A,E,A,1415,100,1415,1,0
A,F,A,5015,100,5015,1,0
A,G,A,10653,100,10653,1,0
A,H,A,9931,100,9931,1,0
A,B,B,4806,100,4806,1,0
B,C,B,7008,100,7008,1,0
B,D,B,5295,100,5295,1,0
B,E,B,5216,100,5216,1,0
B,F,B,1370,100,1370,1,0
B,G,B,7057,100,7057,1,0
B,H,B,5765,100,5765,1,0
A,C,C,10597,100,10597,1,0
B,C,C,7028,100,7028,1,0
C,D,C,8718,100,8718,1,0
C,E,C,10808,100,10808,1,0
C,F,C,7210,100,7210,1,0
C,G,C,1386,100,1386,1,0
C,H,C,8899,100,8899,1,0
A,D,D,9540,100,9540,1,0
B,D,D,5251,100,5251,1,0
C,D,D,8765,100,8765,1,0
D,E,D,9880,100,9880,1,0
D,F,D,5362,100,5362,1,0
D,G,D,8893,100,8893,1,0
D,H,D,1529,100,1529,1,0
A,E,E,1401,100,1401,1,0
B,E,E,5203,100,5203,1,0
C,E,E,10841,100,10841,1,0
D,E,E,9880,100,9880,1,0
E,F,E,5060,100,5060,1,0
E,G,E,10620,100,10620,1,0
E,H,E,10161,100,10161,1,0
A,F,F,5058,100,5058,1,0
B,F,F,1325,100,1325,1,0
C,F,F,7203,100,7203,1,0
D,F,F,5352,100,5352,1,0
E,F,F,5131,100,5131,1,0
F,G,F,7004,100,7004,1,0
F,H,F,5498,100,5498,1,0
A,G,G,10547,100,10547,1,0
B,G,G,7021,100,7021,1,0
C,G,G,1363,100,1363,1,0
D,G,G,8875,100,8875,1,0
E,G,G,10608,100,10608,1,0
F,G,G,7025,100,7025,1,0
G,H,G,8884,100,8884,1,0
A,H,H,9935,100,9935,1,0
B,H,H,5757,100,5757,1,0
C,H,H,8954,100,8954,1,0
D,H,H,1462,100,1462,1,0
E,H,H,10153,100,10153,1,0
F,H,H,5462,100,5462,1,0
G,H,H,8887,100,8887,1,0
A,B,A,4754,100,4754,1,0
A,C,A,10608,100,10608,1,0
A,D,A,9536,100,9536,1,0
A,E,A,1369,100,1369,1,0
A,F,A,5007,100,5007,1,0
A,G,A,10635,100,10635,1,0
A,H,A,9922,100,9922,1,0
A,B,B,4785,100,4785,1,0
B,C,B,7020,100,7020,1,0
B,D,B,5279,100,5279,1,0
B,E,B,5160,100,5160,1,0
B,F,B,1344,100,1344,1,0
B,G,B,7054,100,7054,1,0
B,H,B,5758,100,5758,1,0
A,C,C,10610,100,10610,1,0
B,C,C,7043,100,7043,1,0
C,D,C,8750,100,8750,1,0
C,E,C,10793,100,10793,1,0
C,F,C,7191,100,7191,1,0
C,G,C,1363,100,1363,1,0
C,H,C,8910,100,8910,1,0
A,D,D,9518,100,9518,1,0
B,D,D,5320,100,5320,1,0
C,D,D,8734,100,8734,1,0
D,E,D,9999,100,9999,1,0
D,F,D,5347,100,5347,1,0
D,G,D,8918,100,8918,1,0
D,H,D,1551,100,1551,1,0
A,E,E,1395,100,1395,1,0
B,E,E,5169,100,5169,1,0
C,E,E,10808,100,10808,1,0
D,E,E,9932,100,9932,1,0
E,F,E,5097,100,5097,1,0
E,G,E,10641,100,10641,1,0
E,H,E,10155,100,10155,1,0
A,F,F,5120,100,5120,1,0
B,F,F,1356,100,1356,1,0
C,F,F,7205,100,7205,1,0
D,F,F,5381,100,5381,1,0
E,F,F,5098,100,5098,1,0
F,G,F,6977,100,6977,1,0
F,H,F,5480,100,5480,1,0
A,G,G,10612,100,10612,1,0
B,G,G,7058,100,7058,1,0
C,G,G,1399,100,1399,1,0
D,G,G,8892,100,8892,1,0
E,G,G,10625,100,10625,1,0
F,G,G,6990,100,6990,1,0
G,H,G,8867,100,8867,1,0
A,H,H,9930,100,9930,1,0
B,H,H,5746,100,5746,1,0
C,H,H,8922,100,8922,1,0
D,H,H,1502,100,1502,1,0
E,H,H,10149,100,10149,1,0
F,H,H,5450,100,5450,1,0
G,H,H,8888,100,8888,1,0
A,B,A,4789,100,4789,1,0
A,C,A,10601,100,10601,1,0
A,D,A,9533,100,9533,1,0
A,E,A,1379,100,1379,1,0
A,F,A,5038,100,5038,1,0
A,G,A,10649,100,10649,1,0
A,H,A,9949,100,9949,1,0
A,B,B,4794,100,4794,1,0
B,C,B,7021,100,7021,1,0
B,D,B,5265,100,5265,1,0
B,E,B,5169,100,5169,1,0
B,F,B,1384,100,1384,1,0
B,G,B,7062,100,7062,1,0
B,H,B,5709,100,5709,1,0
A,C,C,10619,100,10619,1,0
B,C,C,7018,100,7018,1,0
C,D,C,8707,100,8707,1,0
C,E,C,10856,100,10856,1,0
C,F,C,7187,100,7187,1,0
C,G,C,1366,100,1366,1,0
C,H,C,8909,100,8909,1,0
A,D,D,9499,100,9499,1,0
B,D,D,5310,100,5310,1,0
C,D,D,8734,100,8734,1,0
D,E,D,9941,100,9941,1,0
D,F,D,5382,100,5382,1,0
D,G,D,8893,100,8893,1,0
D,H,D,1541,100,1541,1,0
A,E,E,1415,100,1415,1,0
B,E,E,5194,100,5194,1,0
C,E,E,10797,100,10797,1,0
D,E,E,9994,100,9994,1,0
E,F,E,5071,100,5071,1,0
E,G,E,10616,100,10616,1,0
E,H,E,10179,100,10179,1,0
A,F,F,5044,100,5044,1,0
B,F,F,1348,100,1348,1,0
C,F,F,7191,100,7191,1,0
D,F,F,5370,100,5370,1,0
E,F,F,5106,100,5106,1,0
F,G,F,6986,100,6986,1,0
F,H,F,5442,100,5442,1,0
A,G,G,10651,100,10651,1,0
B,G,G,7056,100,7056,1,0
C,G,G,1385,100,1385,1,0
D,G,G,8917,100,8917,1,0
E,G,G,10610,100,10610,1,0
F,G,G,7011,100,7011,1,0
G,H,G,8815,100,8815,1,0
A,H,H,9958,100,9958,1,0
B,H,H,5770,100,5770,1,0
C,H,H,8918,100,8918,1,0
D,H,H,1454,100,1454,1,0
E,H,H,10127,100,10127,1,0
F,H,H,5500,100,5500,1,0
G,H,H,8881,100,8881,1,0
A,B,A,4776,100,4776,1,0
A,C,A,10684,100,10684,1,0
A,D,A,9541,100,9541,1,0
A,E,A,1416,100,1416,1,0
A,F,A,5081,100,5081,1,0
A,G,A,10685,100,10685,1,0
A,H,A,9917,100,9917,1,0
A,B,B,4776,100,4776,1,0
B,C,B,7028,100,7028,1,0
B,D,B,5320,100,5320,1,0
B,E,B,5178,100,5178,1,0
B,F,B,1367,100,1367,1,0
B,G,B,7065,100,7065,1,0
B,H,B,5798,100,5798,1,0
A,C,C,10630,100,10630,1,0
B,C,C,6993,100,6993,1,0
C,D,C,8725,100,8725,1,0
C,E,C,10833,100,10833,1,0
C,F,C,7202,100,7202,1,0
C,G,C,1342,100,1342,1,0
C,H,C,8949,100,8949,1,0
A,D,D,9548,100,9548,1,0
B,D,D,5293,100,5293,1,0
C,D,D,8768,100,8768,1,0
D,E,D,9905,100,9905,1,0
D,F,D,5408,100,5408,1,0
D,G,D,8908,100,8908,1,0
D,H,D,1500,100,1500,1,0
A,E,E,1421,100,1421,1,0
B,E,E,5143,100,5143,1,0
C,E,E,10820,100,10820,1,0
D,E,E,9886,100,9886,1,0
E,F,E,5091,100,5091,1,0
E,G,E,10618,100,10618,1,0
E,H,E,10159,100,10159,1,0
A,F,F,5046,100,5046,1,0
B,F,F,1328,100,1328,1,0
C,F,F,7194,100,7194,1,0
D,F,F,5347,100,5347,1,0
E,F,F,5069,100,5069,1,0
F,G,F,6979,100,6979,1,0
F,H,F,5457,100,5457,1,0
A,G,G,10630,100,10630,1,0
B,G,G,7072,100,7072,1,0
C,G,G,1368,100,1368,1,0
D,G,G,8896,100,8896,1,0
E,G,G,10655,100,10655,1,0
F,G,G,7023,100,7023,1,0
G,H,G,8858,100,8858,1,0
A,H,H,9955,100,9955,1,0
B,H,H,5742,100,5742,1,0
C,H,H,8944,100,8944,1,0
D,H,H,1507,100,1507,1,0
E,H,H,10180,100,10180,1,0
F,H,H,5454,100,5454,1,0
G,H,H,8842,100,8842,1,0
A,B,A,4775,100,4775,1,0
A,C,A,10630,100,10630,1,0
A,D,A,9538,100,9538,1,0
A,E,A,1425,100,1425,1,0
A,F,A,5053,100,5053,1,0
A,G,A,10633,100,10633,1,0
A,H,A,9951,100,9951,1,0
A,B,B,4774,100,4774,1,0
B,C,B,7038,100,7038,1,0
B,D,B,5294,100,5294,1,0
B,E,B,5220,100,5220,1,0
B,F,B,1377,100,1377,1,0
B,G,B,7094,100,7094,1,0
B,H,B,5726,100,5726,1,0
A,C,C,10654,100,10654,1,0
B,C,C,7002,100,7002,1,0
C,D,C,8705,100,8705,1,0
C,E,C,10771,100,10771,1,0
C,F,C,7187,100,7187,1,0
C,G,C,1401,100,1401,1,0
C,H,C,8956,100,8956,1,0
A,D,D,9493,100,9493,1,0
B,D,D,5290,100,5290,1,0
C,D,D,8728,100,8728,1,0
D,E,D,10007,100,10007,1,0
D,F,D,5354,100,5354,1,0
D,G,D,8862,100,8862,1,0
D,H,D,1480,100,1480,1,0
A,E,E,1390,100,1390,1,0
B,E,E,5181,100,5181,1,0
C,E,E,10852,100,10852,1,0
D,E,E,9949,100,9949,1,0
E,F,E,5083,100,5083,1,0
E,G,E,10625,100,10625,1,0
E,H,E,10160,100,10160,1,0
A,F,F,5036,100,5036,1,0
B,F,F,1338,100,1338,1,0
C,F,F,7201,100,7201,1,0
D,F,F,5378,100,5378,1,0
E,F,F,5113,100,5113,1,0
F,G,F,7006,100,7006,1,0
F,H,F,5470,100,5470,1,0
A,G,G,10633,100,10633,1,0
B,G,G,7096,100,7096,1,0
C,G,G,1372,100,1372,1,0
D,G,G,8902,100,8902,1,0
E,G,G,10626,100,10626,1,0
F,G,G,7008,100,7008,1,0
G,H,G,8833,100,8833,1,0
A,H,H,9969,100,9969,1,0
B,H,H,5758,100,5758,1,0
C,H,H,8906,100,8906,1,0
D,H,H,1482,100,1482,1,0
E,H,H,10151,100,10151,1,0
F,H,H,5449,100,5449,1,0
G,H,H,8891,100,8891,1,0
A,B,A,4760,100,4760,1,0
A,C,A,10626,100,10626,1,0
A,D,A,9549,100,9549,1,0
A,E,A,1397,100,1397,1,0
A,F,A,5022,100,5022,1,0
A,G,A,10625,100,10625,1,0
A,H,A,9925,100,9925,1,0
A,B,B,4810,100,4810,1,0
B,C,B,7028,100,7028,1,0
B,D,B,5262,100,5262,1,0
B,E,B,5159,100,5159,1,0
B,F,B,1373,100,1373,1,0
B,G,B,7070,100,7070,1,0
B,H,B,5729,100,5729,1,0
A,C,C,10639,100,10639,1,0
B,C,C,7024,100,7024,1,0
C,D,C,8699,100,8699,1,0
C,E,C,10801,100,10801,1,0
C,F,C,7191,100,7191,1,0
C,G,C,1367,100,1367,1,0
C,H,C,8929,100,8929,1,0
A,D,D,9543,100,9543,1,0
B,D,D,5303,100,5303,1,0
C,D,D,8745,100,8745,1,0
D,E,D,9930,100,9930,1,0
D,F,D,5366,100,5366,1,0
D,G,D,8900,100,8900,1,0
D,H,D,1504,100,1504,1,0
A,E,E,1438,100,1438,1,0
B,E,E,5164,100,5164,1,0
C,E,E,10818,100,10818,1,0
D,E,E,10004,100,10004,1,0
E,F,E,5062,100,5062,1,0
E,G,E,10629,100,10629,1,0
E,H,E,10144,100,10144,1,0
A,F,F,5078,100,5078,1,0
B,F,F,1370,100,1370,1,0
C,F,F,7183,100,7183,1,0
D,F,F,5388,100,5388,1,0
E,F,F,5143,100,5143,1,0
F,G,F,7019,100,7019,1,0
F,H,F,5476,100,5476,1,0
A,G,G,10616,100,10616,1,0
B,G,G,7055,100,7055,1,0
C,G,G,1384,100,1384,1,0
D,G,G,8902,100,8902,1,0
E,G,G,10644,100,10644,1,0
F,G,G,7012,100,7012,1,0
G,H,G,8863,100,8863,1,0
A,H,H,9923,100,9923,1,0
B,H,H,5796,100,5796,1,0
C,H,H,8941,100,8941,1,0
D,H,H,1452,100,1452,1,0
E,H,H,10166,100,10166,1,0
F,H,H,5439,100,5439,1,0
G,H,H,8879,100,8879,1,0
A,B,A,4775,100,4775,1,0
A,C,A,10618,100,10618,1,0
A,D,A,9505,100,9505,1,0
A,E,A,1402,100,1402,1,0
A,F,A,5020,100,5020,1,0
A,G,A,10631,100,10631,1,0
A,H,A,9922,100,9922,1,0
A,B,B,4796,100,4796,1,0
B,C,B,7041,100,7041,1,0
B,D,B,5292,100,5292,1,0
B,E,B,5187,100,5187,1,0
B,F,B,1342,100,1342,1,0
B,G,B,7101,100,7101,1,0
B,H,B,5746,100,5746,1,0
A,C,C,10644,100,10644,1,0
B,C,C,7027,100,7027,1,0
C,D,C,8733,100,8733,1,0
C,E,C,10821,100,10821,1,0
C,F,C,7197,100,7197,1,0
C,G,C,1396,100,1396,1,0
C,H,C,8897,100,8897,1,0
A,D,D,9509,100,9509,1,0
B,D,D,5308,100,5308,1,0
C,D,D,8757,100,8757,1,0
D,E,D,9879,100,9879,1,0
D,F,D,5384,100,5384,1,0
D,G,D,8893,100,8893,1,0
D,H,D,1476,100,1476,1,0
A,E,E,1372,100,1372,1,0
B,E,E,5177,100,5177,1,0
C,E,E,10822,100,10822,1,0
D,E,E,9863,100,9863,1,0
E,F,E,5111,100,5111,1,0
E,G,E,10626,100,10626,1,0
E,H,E,10151,100,10151,1,0
A,F,F,5041,100,5041,1,0
B,F,F,1327,100,1327,1,0
C,F,F,7188,100,7188,1,0
D,F,F,5370,100,5370,1,0
E,F,F,5124,100,5124,1,0
F,G,F,6976,100,6976,1,0
F,H,F,5417,100,5417,1,0
A,G,G,10644,100,10644,1,0
B,G,G,7073,100,7073,1,0
C,G,G,1348,100,1348,1,0
D,G,G,8906,100,8906,1,0
E,G,G,10622,100,10622,1,0
F,G,G,6989,100,6989,1,0
G,H,G,8875,100,8875,1,0
A,H,H,9950,100,9950,1,0
B,H,H,5705,100,5705,1,0
C,H,H,8899,100,8899,1,0
D,H,H,1476,100,1476,1,0
E,H,H,10112,100,10112,1,0
F,H,H,5464,100,5464,1,0
G,H,H,8849,100,8849,1,0
A,B,A,4749,100,4749,1,0
A,C,A,10642,100,10642,1,0
A,D,A,9551,100,9551,1,0
A,E,A,1418,100,1418,1,0
A,F,A,5064,100,5064,1,0
A,G,A,10685,100,10685,1,0
A,H,A,9992,100,9992,1,0
A,B,B,4801,100,4801,1,0
B,C,B,7012,100,7012,1,0
B,D,B,5305,100,5305,1,0
B,E,B,5231,100,5231,1,0
B,F,B,1339,100,1339,1,0
B,G,B,7079,100,7079,1,0
B,H,B,5747,100,5747,1,0
A,C,C,10633,100,10633,1,0
B,C,C,7016,100,7016,1,0
C,D,C,8754,100,8754,1,0
C,E,C,10793,100,10793,1,0
C,F,C,7205,100,7205,1,0
C,G,C,1375,100,1375,1,0
C,H,C,8949,100,8949,1,0
A,D,D,9536,100,9536,1,0
B,D,D,5271,100,5271,1,0
C,D,D,8737,100,8737,1,0
D,E,D,9954,100,9954,1,0
D,F,D,5383,100,5383,1,0
D,G,D,8854,100,8854,1,0
D,H,D,1476,100,1476,1,0
A,E,E,1335,100,1335,1,0
B,E,E,5178,100,5178,1,0
C,E,E,10825,100,10825,1,0
D,E,E,9885,100,9885,1,0
E,F,E,5126,100,5126,1,0
E,G,E,10639,100,10639,1,0
E,H,E,10147,100,10147,1,0
A,F,F,5026,100,5026,1,0
B,F,F,1365,100,1365,1,0
C,F,F,7196,100,7196,1,0
D,F,F,5343,100,5343,1,0
E,F,F,5104,100,5104,1,0
F,G,F,6979,100,6979,1,0
F,H,F,5501,100,5501,1,0
A,G,G,10615,100,10615,1,0
B,G,G,7037,100,7037,1,0
C,G,G,1401,100,1401,1,0
D,G,G,8921,100,8921,1,0
E,G,G,10630,100,10630,1,0
F,G,G,6985,100,6985,1,0
G,H,G,8860,100,8860,1,0
A,H,H,9951,100,9951,1,0
B,H,H,5784,100,5784,1,0
C,H,H,8962,100,8962,1,0
D,H,H,1476,100,1476,1,0
E,H,H,10130,100,10130,1,0
F,H,H,5483,100,5483,1,0
G,H,H,8856,100,8856,1,0
A,B,A,4782,100,4782,1,0
A,C,A,10675,100,10675,1,0
A,D,A,9534,100,9534,1,0
A,E,A,1380,100,1380,1,0
A,F,A,5062,100,5062,1,0
A,G,A,10658,100,10658,1,0
A,H,A,9939,100,9939,1,0
A,B,B,4783,100,4783,1,0
B,C,B,6993,100,6993,1,0
B,D,B,5267,100,5267,1,0
B,E,B,5190,100,5190,1,0
B,F,B,1368,100,1368,1,0
B,G,B,7043,100,7043,1,0
B,H,B,5719,100,5719,1,0
A,C,C,10605,100,10605,1,0
B,C,C,6984,100,6984,1,0
C,D,C,8720,100,8720,1,0
C,E,C,10804,100,10804,1,0
C,F,C,7161,100,7161,1,0
C,G,C,1384,100,1384,1,0
C,H,C,8945,100,8945,1,0
A,D,D,9545,100,9545,1,0
B,D,D,5324,100,5324,1,0
C,D,D,8751,100,8751,1,0
D,E,D,9921,100,9921,1,0
D,F,D,5332,100,5332,1,0
D,G,D,8898,100,8898,1,0
D,H,D,1472,100,1472,1,0
A,E,E,1398,100,1398,1,0
B,E,E,5175,100,5175,1,0
C,E,E,10825,100,10825,1,0
D,E,E,9950,100,9950,1,0
E,F,E,5099,100,5099,1,0
E,G,E,10635,100,10635,1,0
E,H,E,10152,100,10152,1,0
A,F,F,5075,100,5075,1,0
B,F,F,1355,100,1355,1,0
C,F,F,7212,100,7212,1,0
D,F,F,5390,100,5390,1,0
E,F,F,5106,100,5106,1,0
F,G,F,7005,100,7005,1,0
F,H,F,5476,100,5476,1,0
A,G,G,10632,100,10632,1,0
B,G,G,7064,100,7064,1,0
C,G,G,1332,100,1332,1,0
D,G,G,8915,100,8915,1,0
E,G,G,10630,100,10630,1,0
F,G,G,6980,100,6980,1,0
G,H,G,8897,100,8897,1,0
A,H,H,9942,100,9942,1,0
B,H,H,5793,100,5793,1,0
C,H,H,8941,100,8941,1,0
D,H,H,1454,100,1454,1,0
E,H,H,10148,100,10148,1,0
F,H,H,5464,100,5464,1,0
G,H,H,8881,100,8881,1,0
A,B,A,4790,100,4790,1,0
A,C,A,10636,100,10636,1,0
A,D,A,9520,100,9520,1,0
A,E,A,1377,100,1377,1,0
A,F,A,5064,100,5064,1,0
A,G,A,10649,100,10649,1,0
A,H,A,9953,100,9953,1,0
A,B,B,4759,100,4759,1,0
B,C,B,7072,100,7072,1,0
B,D,B,5321,100,5321,1,0
B,E,B,5188,100,5188,1,0
B,F,B,1348,100,1348,1,0
B,G,B,7064,100,7064,1,0
B,H,B,5707,100,5707,1,0
A,C,C,10628,100,10628,1,0
B,C,C,7029,100,7029,1,0
C,D,C,8725,100,8725,1,0
C,E,C,10861,100,10861,1,0
C,F,C,7218,100,7218,1,0
C,G,C,1332,100,1332,1,0
C,H,C,8942,100,8942,1,0
A,D,D,9531,100,9531,1,0
B,D,D,5285,100,5285,1,0
C,D,D,8734,100,8734,1,0
D,E,D,9867,100,9867,1,0
D,F,D,5332,100,5332,1,0
D,G,D,8874,100,8874,1,0
D,H,D,1488,100,1488,1,0
A,E,E,1405,100,1405,1,0
B,E,E,5204,100,5204,1,0
C,E,E,10815,100,10815,1,0
D,E,E,9890,100,9890,1,0
E,F,E,5090,100,5090,1,0
E,G,E,10636,100,10636,1,0
E,H,E,10115,100,10115,1,0
A,F,F,5099,100,5099,1,0
B,F,F,1386,100,1386,1,0
C,F,F,7197,100,7197,1,0
D,F,F,5356,100,5356,1,0
E,F,F,5115,100,5115,1,0
F,G,F,7012,100,7012,1,0
F,H,F,5415,100,5415,1,0
A,G,G,10635,100,10635,1,0
B,G,G,7075,100,7075,1,0
C,G,G,1411,100,1411,1,0
D,G,G,8884,100,8884,1,0
E,G,G,10610,100,10610,1,0
F,G,G,7013,100,7013,1,0
G,H,G,8846,100,8846,1,0
A,H,H,9939,100,9939,1,0
B,H,H,5716,100,5716,1,0
C,H,H,8921,100,8921,1,0
D,H,H,1472,100,1472,1,0
E,H,H,10177,100,10177,1,0
F,H,H,5430,100,5430,1,0
G,H,H,8868,100,8868,1,0
A,B,A,4751,100,4751,1,0
A,C,A,10662,100,10662,1,0
A,D,A,9514,100,9514,1,0
A,E,A,1417,100,1417,1,0
A,F,A,5095,100,5095,1,0
A,G,A,10589,100,10589,1,0
A,H,A,9934,100,9934,1,0
A,B,B,4799,100,4799,1,0
B,C,B,7011,100,7011,1,0
B,D,B,5333,100,5333,1,0
B,E,B,5209,100,5209,1,0
B,F,B,1345,100,1345,1,0
B,G,B,7088,100,7088,1,0
B,H,B,5717,100,5717,1,0
A,C,C,10654,100,10654,1,0
B,C,C,7013,100,7013,1,0
C,D,C,8711,100,8711,1,0
C,E,C,10858,100,10858,1,0
C,F,C,7194,100,7194,1,0
C,G,C,1414,100,1414,1,0
C,H,C,8944,100,8944,1,0
A,D,D,9522,100,9522,1,0
B,D,D,5265,100,5265,1,0
C,D,D,8759,100,8759,1,0
D,E,D,9929,100,9929,1,0
D,F,D,5384,100,5384,1,0
D,G,D,8909,100,8909,1,0
D,H,D,1469,100,1469,1,0
A,E,E,1413,100,1413,1,0
B,E,E,5191,100,5191,1,0
C,E,E,10860,100,10860,1,0
D,E,E,9957,100,9957,1,0
E,F,E,5149,100,5149,1,0
E,G,E,10655,100,10655,1,0
E,H,E,10147,100,10147,1,0
A,F,F,5038,100,5038,1,0
B,F,F,1392,100,1392,1,0
C,F,F,7224,100,7224,1,0
D,F,F,5350,100,5350,1,0
E,F,F,5113,100,5113,1,0
F,G,F,7033,100,7033,1,0
F,H,F,5495,100,5495,1,0
A,G,G,10622,100,10622,1,0
B,G,G,7090,100,7090,1,0
C,G,G,1378,100,1378,1,0
D,G,G,8893,100,8893,1,0
E,G,G,10623,100,10623,1,0
F,G,G,6982,100,6982,1,0
G,H,G,8859,100,8859,1,0
A,H,H,9922,100,9922,1,0
B,H,H,5715,100,5715,1,0
C,H,H,8969,100,8969,1,0
D,H,H,1488,100,1488,1,0
E,H,H,10166,100,10166,1,0
F,H,H,5405,100,5405,1,0
G,H,H,8877,100,8877,1,0
A,B,A,4760,100,4760,1,0
A,C,A,10675,100,10675,1,0
A,D,A,9520,100,9520,1,0
A,E,A,1369,100,1369,1,0
A,F,A,5045,100,5045,1,0
A,G,A,10580,100,10580,1,0
A,H,A,9975,100,9975,1,0
A,B,B,4776,100,4776,1,0
B,C,B,6994,100,6994,1,0
B,D,B,5289,100,5289,1,0
B,E,B,5173,100,5173,1,0
B,F,B,1367,100,1367,1,0
B,G,B,7071,100,7071,1,0
B,H,B,5742,100,5742,1,0
A,C,C,10648,100,10648,1,0
B,C,C,7029,100,7029,1,0
C,D,C,8750,100,8750,1,0
C,E,C,10861,100,10861,1,0
C,F,C,7203,100,7203,1,0
C,G,C,1365,100,1365,1,0
C,H,C,8896,100,8896,1,0
A,D,D,9506,100,9506,1,0
B,D,D,5280,100,5280,1,0
C,D,D,8741,100,8741,1,0
D,E,D,9887,100,9887,1,0
D,F,D,5340,100,5340,1,0
D,G,D,8929,100,8929,1,0
D,H,D,1524,100,1524,1,0
A,E,E,1399,100,1399,1,0
B,E,E,5196,100,5196,1,0
C,E,E,10868,100,10868,1,0
D,E,E,9900,100,9900,1,0
E,F,E,5086,100,5086,1,0
E,G,E,10629,100,10629,1,0
E,H,E,10145,100,10145,1,0
A,F,F,5060,100,5060,1,0
B,F,F,1342,100,1342,1,0
C,F,F,7184,100,7184,1,0
D,F,F,5359,100,5359,1,0
E,F,F,5076,100,5076,1,0
F,G,F,7002,100,7002,1,0
F,H,F,5435,100,5435,1,0
A,G,G,10605,100,10605,1,0
B,G,G,7063,100,7063,1,0
C,G,G,1382,100,1382,1,0
D,G,G,8877,100,8877,1,0
E,G,G,10614,100,10614,1,0
F,G,G,6995,100,6995,1,0
G,H,G,8886,100,8886,1,0
A,H,H,9923,100,9923,1,0
B,H,H,5724,100,5724,1,0
C,H,H,8917,100,8917,1,0
D,H,H,1451,100,1451,1,0
E,H,H,10160,100,10160,1,0
F,H,H,5489,100,5489,1,0
G,H,H,8891,100,8891,1,0
A,B,A,4809,100,4809,1,0
A,C,A,10626,100,10626,1,0
A,D,A,9519,100,9519,1,0
A,E,A,1401,100,1401,1,0
A,F,A,5047,100,5047,1,0
A,G,A,10645,100,10645,1,0
A,H,A,9929,100,9929,1,0
A,B,B,4804,100,4804,1,0
B,C,B,6999,100,6999,1,0
B,D,B,5264,100,5264,1,0
B,E,B,5179,100,5179,1,0
B,F,B,1344,100,1344,1,0
B,G,B,7075,100,7075,1,0
B,H,B,5719,100,5719,1,0
A,C,C,10650,100,10650,1,0
B,C,C,6978,100,6978,1,0
C,D,C,8711,100,8711,1,0
C,E,C,10868,100,10868,1,0
C,F,C,7218,100,7218,1,0
C,G,C,1354,100,1354,1,0
C,H,C,8922,100,8922,1,0
A,D,D,9529,100,9529,1,0
B,D,D,5246,100,5246,1,0
C,D,D,8747,100,8747,1,0
D,E,D,9939,100,9939,1,0
D,F,D,5387,100,5387,1,0
D,G,D,8867,100,8867,1,0
D,H,D,1481,100,1481,1,0
A,E,E,1412,100,1412,1,0
B,E,E,5206,100,5206,1,0
C,E,E,10814,100,10814,1,0
D,E,E,9925,100,9925,1,0
E,F,E,5109,100,5109,1,0
E,G,E,10654,100,10654,1,0
E,H,E,10203,100,10203,1,0
A,F,F,5066,100,5066,1,0
B,F,F,1349,100,1349,1,0
C,F,F,7207,100,7207,1,0
D,F,F,5363,100,5363,1,0
E,F,F,5095,100,5095,1,0
F,G,F,6989,100,6989,1,0
F,H,F,5449,100,5449,1,0
A,G,G,10653,100,10653,1,0
B,G,G,7061,100,7061,1,0
C,G,G,1383,100,1383,1,0
D,G,G,8897,100,8897,1,0
E,G,G,10661,100,10661,1,0
F,G,G,6994,100,6994,1,0
G,H,G,8820,100,8820,1,0
A,H,H,9947,100,9947,1,0
B,H,H,5742,100,5742,1,0
C,H,H,8934,100,8934,1,0
D,H,H,1468,100,1468,1,0
E,H,H,10162,100,10162,1,0
F,H,H,5485,100,5485,1,0
G,H,H,8840,100,8840,1,0
A,B,A,4776,100,4776,1,0
A,C,A,10670,100,10670,1,0
A,D,A,9522,100,9522,1,0
A,E,A,1406,100,1406,1,0
A,F,A,5025,100,5025,1,0
A,G,A,10594,100,10594,1,0
A,H,A,9983,100,9983,1,0
A,B,B,4767,100,4767,1,0
B,C,B,6996,100,6996,1,0
B,D,B,5266,100,5266,1,0
B,E,B,5214,100,5214,1,0
B,F,B,1339,100,1339,1,0
B,G,B,7128,100,7128,1,0
B,H,B,5750,100,5750,1,0
A,C,C,10642,100,10642,1,0
B,C,C,6991,100,6991,1,0
C,D,C,8780,100,8780,1,0
C,E,C,10822,100,10822,1,0
C,F,C,7194,100,7194,1,0
C,G,C,1358,100,1358,1,0
C,H,C,8999,100,8999,1,0
A,D,D,9550,100,9550,1,0
B,D,D,5339,100,5339,1,0
C,D,D,8713,100,8713,1,0
D,E,D,9911,100,9911,1,0
D,F,D,5388,100,5388,1,0
D,G,D,8896,100,8896,1,0
D,H,D,1509,100,1509,1,0
A,E,E,1430,100,1430,1,0
B,E,E,5195,100,5195,1,0
C,E,E,10808,100,10808,1,0
D,E,E,9892,100,9892,1,0
E,F,E,5127,100,5127,1,0
E,G,E,10625,100,10625,1,0
E,H,E,10141,100,10141,1,0
A,F,F,5071,100,5071,1,0
B,F,F,1352,100,1352,1,0
C,F,F,7170,100,7170,1,0
D,F,F,5388,100,5388,1,0
E,F,F,5105,100,5105,1,0
F,G,F,6983,100,6983,1,0
F,H,F,5441,100,5441,1,0
A,G,G,10601,100,10601,1,0
B,G,G,7100,100,7100,1,0
C,G,G,1361,100,1361,1,0
D,G,G,8887,100,8887,1,0
E,G,G,10639,100,10639,1,0
F,G,G,6986,100,6986,1,0
G,H,G,8829,100,8829,1,0
A,H,H,9948,100,9948,1,0
B,H,H,5778,100,5778,1,0
C,H,H,8941,100,8941,1,0
D,H,H,1492,100,1492,1,0
E,H,H,10143,100,10143,1,0
F,H,H,5409,100,5409,1,0
G,H,H,8836,100,8836,1,0
A,B,A,4789,100,4789,1,0
A,C,A,10620,100,10620,1,0
A,D,A,9515,100,9515,1,0
A,E,A,1419,100,1419,1,0
A,F,A,5068,100,5068,1,0
A,G,A,10591,100,10591,1,0
A,H,A,10003,100,10003,1,0
A,B,B,4799,100,4799,1,0
B,C,B,7028,100,7028,1,0
B,D,B,5271,100,5271,1,0
B,E,B,5212,100,5212,1,0
B,F,B,1361,100,1361,1,0
B,G,B,7061,100,7061,1,0
B,H,B,5730,100,5730,1,0
A,C,C,10659,100,10659,1,0
B,C,C,7042,100,7042,1,0
C,D,C,8764,100,8764,1,0
C,E,C,10824,100,10824,1,0
C,F,C,7175,100,7175,1,0
C,G,C,1408,100,1408,1,0
C,H,C,8938,100,8938,1,0
A,D,D,9524,100,9524,1,0
B,D,D,5313,100,5313,1,0
C,D,D,8727,100,8727,1,0
D,E,D,9881,100,9881,1,0
D,F,D,5371,100,5371,1,0
D,G,D,8881,100,8881,1,0
D,H,D,1478,100,1478,1,0
A,E,E,1408,100,1408,1,0
B,E,E,5173,100,5173,1,0
C,E,E,10815,100,10815,1,0
D,E,E,9935,100,9935,1,0
E,F,E,5087,100,5087,1,0
E,G,E,10645,100,10645,1,0
E,H,E,10135,100,10135,1,0
A,F,F,5076,100,5076,1,0
B,F,F,1351,100,1351,1,0
C,F,F,7188,100,7188,1,0
D,F,F,5320,100,5320,1,0
E,F,F,5099,100,5099,1,0
F,G,F,7010,100,7010,1,0
F,H,F,5461,100,5461,1,0
A,G,G,10588,100,10588,1,0
B,G,G,7100,100,7100,1,0
C,G,G,1370,100,1370,1,0
D,G,G,8906,100,8906,1,0
E,G,G,10656,100,10656,1,0
F,G,G,7012,100,7012,1,0
G,H,G,8850,100,8850,1,0
A,H,H,9987,100,9987,1,0
B,H,H,5727,100,5727,1,0
C,H,H,8985,100,8985,1,0
D,H,H,1522,100,1522,1,0
E,H,H,10135,100,10135,1,0
F,H,H,5458,100,5458,1,0
G,H,H,8873,100,8873,1,0
A,B,A,4786,100,4786,1,0
A,C,A,10658,100,10658,1,0
A,D,A,9510,100,9510,1,0
A,E,A,1425,100,1425,1,0
A,F,A,5070,100,5070,1,0
A,G,A,10568,100,10568,1,0
A,H,A,9917,100,9917,1,0
A,B,B,4754,100,4754,1,0
B,C,B,7030,100,7030,1,0
B,D,B,5320,100,5320,1,0
B,E,B,5198,100,5198,1,0
B,F,B,1340,100,1340,1,0
B,G,B,7066,100,7066,1,0
B,H,B,5715,100,5715,1,0
A,C,C,10686,100,10686,1,0
B,C,C,7005,100,7005,1,0
C,D,C,8729,100,8729,1,0
C,E,C,10778,100,10778,1,0
C,F,C,7168,100,7168,1,0
C,G,C,1417,100,1417,1,0
C,H,C,8901,100,8901,1,0
A,D,D,9509,100,9509,1,0
B,D,D,5335,100,5335,1,0
C,D,D,8749,100,8749,1,0
D,E,D,9969,100,9969,1,0
D,F,D,5406,100,5406,1,0
D,G,D,8893,100,8893,1,0
D,H,D,1494,100,1494,1,0
A,E,E,1402,100,1402,1,0
B,E,E,5229,100,5229,1,0
C,E,E,10766,100,10766,1,0
D,E,E,9981,100,9981,1,0
E,F,E,5095,100,5095,1,0
E,G,E,10632,100,10632,1,0
E,H,E,10128,100,10128,1,0
A,F,F,5051,100,5051,1,0
B,F,F,1356,100,1356,1,0
C,F,F,7172,100,7172,1,0
D,F,F,5371,100,5371,1,0
E,F,F,5125,100,5125,1,0
F,G,F,7006,100,7006,1,0
F,H,F,5457,100,5457,1,0
A,G,G,10639,100,10639,1,0
B,G,G,7031,100,7031,1,0
C,G,G,1380,100,1380,1,0
D,G,G,8857,100,8857,1,0
E,G,G,10609,100,10609,1,0
F,G,G,6990,100,6990,1,0
G,H,G,8862,100,8862,1,0
A,H,H,9956,100,9956,1,0
B,H,H,5750,100,5750,1,0
C,H,H,8940,100,8940,1,0
D,H,H,1515,100,1515,1,0
E,H,H,10135,100,10135,1,0
F,H,H,5417,100,5417,1,0
G,H,H,8870,100,8870,1,0
A,B,A,4806,100,4806,1,0
A,C,A,10679,100,10679,1,0
A,D,A,9554,100,9554,1,0
A,E,A,1416,100,1416,1,0
A,F,A,5095,100,5095,1,0
A,G,A,10586,100,10586,1,0
A,H,A,9886,100,9886,1,0
A,B,B,4787,100,4787,1,0
B,C,B,7039,100,7039,1,0
B,D,B,5294,100,5294,1,0
B,E,B,5216,100,5216,1,0
B,F,B,1351,100,1351,1,0
B,G,B,7041,100,7041,1,0
B,H,B,5740,100,5740,1,0
A,C,C,10650,100,10650,1,0
B,C,C,7008,100,7008,1,0
C,D,C,8711,100,8711,1,0
C,E,C,10846,100,10846,1,0
C,F,C,7181,100,7181,1,0
C,G,C,1406,100,1406,1,0
C,H,C,8939,100,8939,1,0
A,D,D,9530,100,9530,1,0
B,D,D,5276,100,5276,1,0
C,D,D,8725,100,8725,1,0
D,E,D,9972,100,9972,1,0
D,F,D,5374,100,5374,1,0
D,G,D,8908,100,8908,1,0
D,H,D,1490,100,1490,1,0
A,E,E,1399,100,1399,1,0
B,E,E,5162,100,5162,1,0
C,E,E,10853,100,10853,1,0
D,E,E,9950,100,9950,1,0
E,F,E,5085,100,5085,1,0
E,G,E,10619,100,10619,1,0
E,H,E,10164,100,10164,1,0
A,F,F,5058,100,5058,1,0
B,F,F,1331,100,1331,1,0
C,F,F,7218,100,7218,1,0
D,F,F,5359,100,5359,1,0
E,F,F,5137,100,5137,1,0
F,G,F,7010,100,7010,1,0
F,H,F,5455,100,5455,1,0
A,G,G,10627,100,10627,1,0
B,G,G,7072,100,7072,1,0
C,G,G,1335,100,1335,1,0
D,G,G,8914,100,8914,1,0
E,G,G,10649,100,10649,1,0
F,G,G,6994,100,6994,1,0
G,H,G,8890,100,8890,1,0
A,H,H,9953,100,9953,1,0
B,H,H,5684,100,5684,1,0
C,H,H,8935,100,8935,1,0
D,H,H,1464,100,1464,1,0
E,H,H,10121,100,10121,1,0
F,H,H,5405,100,5405,1,0
G,H,H,8890,100,8890,1,0
A,B,A,4773,100,4773,1,0
A,C,A,10611,100,10611,1,0
A,D,A,9516,100,9516,1,0
A,E,A,1380,100,1380,1,0
A,F,A,5064,100,5064,1,0
A,G,A,10600,100,10600,1,0
A,H,A,9986,100,9986,1,0
A,B,B,4756,100,4756,1,0
B,C,B,6970,100,6970,1,0
B,D,B,5227,100,5227,1,0
B,E,B,5181,100,5181,1,0
B,F,B,1381,100,1381,1,0
B,G,B,7077,100,7077,1,0
B,H,B,5749,100,5749,1,0
A,C,C,10634,100,10634,1,0
B,C,C,7020,100,7020,1,0
C,D,C,8762,100,8762,1,0
C,E,C,10802,100,10802,1,0
C,F,C,7190,100,7190,1,0
C,G,C,1347,100,1347,1,0
C,H,C,8981,100,8981,1,0
A,D,D,9510,100,9510,1,0
B,D,D,5270,100,5270,1,0
C,D,D,8720,100,8720,1,0
D,E,D,9964,100,9964,1,0
D,F,D,5384,100,5384,1,0
D,G,D,8885,100,8885,1,0
D,H,D,1500,100,1500,1,0
A,E,E,1429,100,1429,1,0
B,E,E,5186,100,5186,1,0
C,E,E,10802,100,10802,1,0
D,E,E,9946,100,9946,1,0
E,F,E,5110,100,5110,1,0
E,G,E,10623,100,10623,1,0
E,H,E,10117,100,10117,1,0
A,F,F,5044,100,5044,1,0
B,F,F,1338,100,1338,1,0
C,F,F,7191,100,7191,1,0
D,F,F,5349,100,5349,1,0
E,F,F,5102,100,5102,1,0
F,G,F,7018,100,7018,1,0
F,H,F,5440,100,5440,1,0
A,G,G,10622,100,10622,1,0
B,G,G,7076,100,7076,1,0
C,G,G,1360,100,1360,1,0
D,G,G,8890,100,8890,1,0
E,G,G,10621,100,10621,1,0
F,G,G,6969,100,6969,1,0
G,H,G,8909,100,8909,1,0
A,H,H,9909,100,9909,1,0
B,H,H,5716,100,5716,1,0
C,H,H,8957,100,8957,1,0
D,H,H,1461,100,1461,1,0
E,H,H,10174,100,10174,1,0
F,H,H,5451,100,5451,1,0
G,H,H,8904,100,8904,1,0
A,B,A,4756,100,4756,1,0
A,C,A,10677,100,10677,1,0
A,D,A,9524,100,9524,1,0
A,E,A,1391,100,1391,1,0
A,F,A,5074,100,5074,1,0
A,G,A,10565,100,10565,1,0
A,H,A,9904,100,9904,1,0
A,B,B,4731,100,4731,1,0
B,C,B,7007,100,7007,1,0
B,D,B,5240,100,5240,1,0
B,E,B,5208,100,5208,1,0
B,F,B,1372,100,1372,1,0
B,G,B,7098,100,7098,1,0
B,H,B,5733,100,5733,1,0
A,C,C,10666,100,10666,1,0
B,C,C,7015,100,7015,1,0
C,D,C,8758,100,8758,1,0
C,E,C,10801,100,10801,1,0
C,F,C,7193,100,7193,1,0
C,G,C,1382,100,1382,1,0
C,H,C,8896,100,8896,1,0
A,D,D,9519,100,9519,1,0
B,D,D,5273,100,5273,1,0
C,D,D,8757,100,8757,1,0
D,E,D,9942,100,9942,1,0
D,F,D,5397,100,5397,1,0
D,G,D,8872,100,8872,1,0
D,H,D,1480,100,1480,1,0
A,E,E,1405,100,1405,1,0
B,E,E,5212,100,5212,1,0
C,E,E,10815,100,10815,1,0
D,E,E,9969,100,9969,1,0
E,F,E,5104,100,5104,1,0
E,G,E,10635,100,10635,1,0
E,H,E,10159,100,10159,1,0
A,F,F,5073,100,5073,1,0
B,F,F,1368,100,1368,1,0
C,F,F,7215,100,7215,1,0
D,F,F,5365,100,5365,1,0
E,F,F,5102,100,5102,1,0
F,G,F,7012,100,7012,1,0
F,H,F,5433,100,5433,1,0
A,G,G,10664,100,10664,1,0
B,G,G,7091,100,7091,1,0
C,G,G,1400,100,1400,1,0
D,G,G,8900,100,8900,1,0
E,G,G,10638,100,10638,1,0
F,G,G,6980,100,6980,1,0
G,H,G,8846,100,8846,1,0
A,H,H,9898,100,9898,1,0
B,H,H,5762,100,5762,1,0
C,H,H,8896,100,8896,1,0
D,H,H,1461,100,1461,1,0
E,H,H,10158,100,10158,1,0
F,H,H,5490,100,5490,1,0
G,H,H,8894,100,8894,1,0
A,B,A,4766,100,4766,1,0
A,C,A,10659,100,10659,1,0
A,D,A,9543,100,9543,1,0
A,E,A,1405,100,1405,1,0
A,F,A,5050,100,5050,1,0
A,G,A,10650,100,10650,1,0
A,H,A,9919,100,9919,1,0
A,B,B,4787,100,4787,1,0
B,C,B,7023,100,7023,1,0
B,D,B,5310,100,5310,1,0
B,E,B,5182,100,5182,1,0
B,F,B,1399,100,1399,1,0
B,G,B,7078,100,7078,1,0
B,H,B,5769,100,5769,1,0
A,C,C,10628,100,10628,1,0
B,C,C,7015,100,7015,1,0
C,D,C,8740,100,8740,1,0
C,E,C,10831,100,10831,1,0
C,F,C,7202,100,7202,1,0
C,G,C,1362,100,1362,1,0
C,H,C,8903,100,8903,1,0
A,D,D,9551,100,9551,1,0
B,D,D,5268,100,5268,1,0
C,D,D,8737,100,8737,1,0
D,E,D,9962,100,9962,1,0
D,F,D,5419,100,5419,1,0
D,G,D,8915,100,8915,1,0
D,H,D,1489,100,1489,1,0
A,E,E,1388,100,1388,1,0
B,E,E,5176,100,5176,1,0
C,E,E,10840,100,10840,1,0
D,E,E,9888,100,9888,1,0
E,F,E,5099,100,5099,1,0
E,G,E,10601,100,10601,1,0
E,H,E,10119,100,10119,1,0
A,F,F,5044,100,5044,1,0
B,F,F,1336,100,1336,1,0
C,F,F,7200,100,7200,1,0
D,F,F,5379,100,5379,1,0
E,F,F,5097,100,5097,1,0
F,G,F,6963,100,6963,1,0
F,H,F,5462,100,5462,1,0
A,G,G,10647,100,10647,1,0
B,G,G,7121,100,7121,1,0
C,G,G,1360,100,1360,1,0
D,G,G,8910,100,8910,1,0
E,G,G,10590,100,10590,1,0
F,G,G,6959,100,6959,1,0
G,H,G,8839,100,8839,1,0
A,H,H,9952,100,9952,1,0
B,H,H,5773,100,5773,1,0
C,H,H,8900,100,8900,1,0
D,H,H,1498,100,1498,1,0
E,H,H,10152,100,10152,1,0
F,H,H,5437,100,5437,1,0
G,H,H,8888,100,8888,1,0
A,B,A,4774,100,4774,1,0
A,C,A,10656,100,10656,1,0
A,D,A,9530,100,9530,1,0
A,E,A,1363,100,1363,1,0
A,F,A,5045,100,5045,1,0
A,G,A,10586,100,10586,1,0
A,H,A,9955,100,9955,1,0
A,B,B,4767,100,4767,1,0
B,C,B,7024,100,7024,1,0
B,D,B,5279,100,5279,1,0
B,E,B,5184,100,5184,1,0
B,F,B,1363,100,1363,1,0
B,G,B,7094,100,7094,1,0
B,H,B,5719,100,5719,1,0
A,C,C,10708,100,10708,1,0
B,C,C,7006,100,7006,1,0
C,D,C,8746,100,8746,1,0
C,E,C,10858,100,10858,1,0
C,F,C,7173,100,7173,1,0
C,G,C,1348,100,1348,1,0
C,H,C,8929,100,8929,1,0
A,D,D,9525,100,9525,1,0
B,D,D,5329,100,5329,1,0
C,D,D,8755,100,8755,1,0
D,E,D,9881,100,9881,1,0
D,F,D,5423,100,5423,1,0
D,G,D,8905,100,8905,1,0
D,H,D,1463,100,1463,1,0
A,E,E,1388,100,1388,1,0
B,E,E,5162,100,5162,1,0
C,E,E,10817,100,10817,1,0
D,E,E,9997,100,9997,1,0
E,F,E,5095,100,5095,1,0
E,G,E,10634,100,10634,1,0
E,H,E,10114,100,10114,1,0
A,F,F,5076,100,5076,1,0
B,F,F,1369,100,1369,1,0
C,F,F,7198,100,7198,1,0
D,F,F,5367,100,5367,1,0
E,F,F,5086,100,5086,1,0
F,G,F,6981,100,6981,1,0
F,H,F,5453,100,5453,1,0
A,G,G,10603,100,10603,1,0
B,G,G,7062,100,7062,1,0
C,G,G,1395,100,1395,1,0
D,G,G,8866,100,8866,1,0
E,G,G,10647,100,10647,1,0
F,G,G,7011,100,7011,1,0
G,H,G,8887,100,8887,1,0
A,H,H,9954,100,9954,1,0
B,H,H,5763,100,5763,1,0
C,H,H,8929,100,8929,1,0
D,H,H,1492,100,1492,1,0
E,H,H,10151,100,10151,1,0
F,H,H,5479,100,5479,1,0
G,H,H,8897,100,8897,1,0
A,B,A,4763,100,4763,1,0
A,C,A,10634,100,10634,1,0
A,D,A,9520,100,9520,1,0
A,E,A,1419,100,1419,1,0
A,F,A,5058,100,5058,1,0
A,G,A,10578,100,10578,1,0
A,H,A,9961,100,9961,1,0
A,B,B,4768,100,4768,1,0
B,C,B,6993,100,6993,1,0
B,D,B,5245,100,5245,1,0
B,E,B,5120,100,5120,1,0
B,F,B,1378,100,1378,1,0
B,G,B,7111,100,7111,1,0
B,H,B,5829,100,5829,1,0
A,C,C,10694,100,10694,1,0
B,C,C,7030,100,7030,1,0
C,D,C,8734,100,8734,1,0
C,E,C,10861,100,10861,1,0
C,F,C,7168,100,7168,1,0
C,G,C,1372,100,1372,1,0
C,H,C,8939,100,8939,1,0
A,D,D,9535,100,9535,1,0
B,D,D,5283,100,5283,1,0
C,D,D,8738,100,8738,1,0
D,E,D,9907,100,9907,1,0
D,F,D,5378,100,5378,1,0
D,G,D,8901,100,8901,1,0
D,H,D,1478,100,1478,1,0
A,E,E,1355,100,1355,1,0
B,E,E,5160,100,5160,1,0
C,E,E,10828,100,10828,1,0
D,E,E,9935,100,9935,1,0
E,F,E,5084,100,5084,1,0
E,G,E,10637,100,10637,1,0
E,H,E,10153,100,10153,1,0
A,F,F,5035,100,5035,1,0
B,F,F,1382,100,1382,1,0
C,F,F,7183,100,7183,1,0
D,F,F,5346,100,5346,1,0
E,F,F,5105,100,5105,1,0
F,G,F,6993,100,6993,1,0
F,H,F,5502,100,5502,1,0
A,G,G,10629,100,10629,1,0
B,G,G,7122,100,7122,1,0
C,G,G,1355,100,1355,1,0
D,G,G,8902,100,8902,1,0
E,G,G,10617,100,10617,1,0
F,G,G,7008,100,7008,1,0
G,H,G,8872,100,8872,1,0
A,H,H,9952,100,9952,1,0
B,H,H,5702,100,5702,1,0
C,H,H,8946,100,8946,1,0
D,H,H,1517,100,1517,1,0
E,H,H,10137,100,10137,1,0
F,H,H,5454,100,5454,1,0
G,H,H,8902,100,8902,1,0
A,B,A,4766,100,4766,1,0
A,C,A,10610,100,10610,1,0
A,D,A,9527,100,9527,1,0
A,E,A,1411,100,1411,1,0
A,F,A,5030,100,5030,1,0
A,G,A,10589,100,10589,1,0
A,H,A,9970,100,9970,1,0
A,B,B,4793,100,4793,1,0
B,C,B,6990,100,6990,1,0
B,D,B,5283,100,5283,1,0
B,E,B,5212,100,5212,1,0
B,F,B,1340,100,1340,1,0
B,G,B,7068,100,7068,1,0
B,H,B,5711,100,5711,1,0
A,C,C,10646,100,10646,1,0
B,C,C,7049,100,7049,1,0
C,D,C,8765,100,8765,1,0
C,E,C,10838,100,10838,1,0
C,F,C,7183,100,7183,1,0
C,G,C,1340,100,1340,1,0
C,H,C,8932,100,8932,1,0
A,D,D,9538,100,9538,1,0
B,D,D,5317,100,5317,1,0
C,D,D,8745,100,8745,1,0
D,E,D,9939,100,9939,1,0
D,F,D,5353,100,5353,1,0
D,G,D,8913,100,8913,1,0
D,H,D,1480,100,1480,1,0
A,E,E,1390,100,1390,1,0
B,E,E,5166,100,5166,1,0
C,E,E,10817,100,10817,1,0
D,E,E,9890,100,9890,1,0
E,F,E,5106,100,5106,1,0
E,G,E,10648,100,10648,1,0
E,H,E,10116,100,10116,1,0
A,F,F,5075,100,5075,1,0
B,F,F,1377,100,1377,1,0
C,F,F,7197,100,7197,1,0
D,F,F,5356,100,5356,1,0
E,F,F,5090,100,5090,1,0
F,G,F,7009,100,7009,1,0
F,H,F,5457,100,5457,1,0
A,G,G,10604,100,10604,1,0
B,G,G,7093,100,7093,1,0
C,G,G,1380,100,1380,1,0
D,G,G,8839,100,8839,1,0
E,G,G,10626,100,10626,1,0
F,G,G,6980,100,6980,1,0
G,H,G,8916,100,8916,1,0
A,H,H,9952,100,9952,1,0
B,H,H,5758,100,5758,1,0
C,H,H,8909,100,8909,1,0
D,H,H,1485,100,1485,1,0
E,H,H,10151,100,10151,1,0
F,H,H,5485,100,5485,1,0
G,H,H,8865,100,8865,1,0
A,B,A,4788,100,4788,1,0
A,C,A,10651,100,10651,1,0
A,D,A,9531,100,9531,1,0
A,E,A,1347,100,1347,1,0
A,F,A,5042,100,5042,1,0
A,G,A,10585,100,10585,1,0
A,H,A,9959,100,9959,1,0
A,B,B,4785,100,4785,1,0
B,C,B,7028,100,7028,1,0
B,D,B,5320,100,5320,1,0
B,E,B,5184,100,5184,1,0
B,F,B,1315,100,1315,1,0
B,G,B,7077,100,7077,1,0
B,H,B,5765,100,5765,1,0
A,C,C,10656,100,10656,1,0
B,C,C,6971,100,6971,1,0
C,D,C,8775,100,8775,1,0
C,E,C,10846,100,10846,1,0
C,F,C,7184,100,7184,1,0
C,G,C,1352,100,1352,1,0
C,H,C,8954,100,8954,1,0
A,D,D,9530,100,9530,1,0
B,D,D,5310,100,5310,1,0
C,D,D,8764,100,8764,1,0
D,E,D,9902,100,9902,1,0
D,F,D,5379,100,5379,1,0
D,G,D,8843,100,8843,1,0
D,H,D,1483,100,1483,1,0
A,E,E,1424,100,1424,1,0
B,E,E,5181,100,5181,1,0
C,E,E,10826,100,10826,1,0
D,E,E,9969,100,9969,1,0
E,F,E,5152,100,5152,1,0
E,G,E,10631,100,10631,1,0
E,H,E,10135,100,10135,1,0
A,F,F,5049,100,5049,1,0
B,F,F,1337,100,1337,1,0
C,F,F,7192,100,7192,1,0
D,F,F,5342,100,5342,1,0
E,F,F,5106,100,5106,1,0
F,G,F,6987,100,6987,1,0
F,H,F,5431,100,5431,1,0
A,G,G,10580,100,10580,1,0
B,G,G,7055,100,7055,1,0
C,G,G,1365,100,1365,1,0
D,G,G,8891,100,8891,1,0
E,G,G,10617,100,10617,1,0
F,G,G,6989,100,6989,1,0
G,H,G,8903,100,8903,1,0
A,H,H,9976,100,9976,1,0
B,H,H,5757,100,5757,1,0
C,H,H,8956,100,8956,1,0
D,H,H,1502,100,1502,1,0
E,H,H,10143,100,10143,1,0
F,H,H,5481,100,5481,1,0
G,H,H,8871,100,8871,1,0
A,B,A,4803,100,4803,1,0
A,C,A,10657,100,10657,1,0
A,D,A,9524,100,9524,1,0
A,E,A,1437,100,1437,1,0
A,F,A,5014,100,5014,1,0
A,G,A,10610,100,10610,1,0
A,H,A,9918,100,9918,1,0
A,B,B,4753,100,4753,1,0
B,C,B,6990,100,6990,1,0
B,D,B,5230,100,5230,1,0
B,E,B,5159,100,5159,1,0
B,F,B,1371,100,1371,1,0
B,G,B,7056,100,7056,1,0
B,H,B,5822,100,5822,1,0
A,C,C,10663,100,10663,1,0
B,C,C,6992,100,6992,1,0
C,D,C,8700,100,8700,1,0
C,E,C,10820,100,10820,1,0
C,F,C,7193,100,7193,1,0
C,G,C,1406,100,1406,1,0
C,H,C,8936,100,8936,1,0
A,D,D,9557,100,9557,1,0
B,D,D,5270,100,5270,1,0
C,D,D,8740,100,8740,1,0
D,E,D,9942,100,9942,1,0
D,F,D,5396,100,5396,1,0
D,G,D,8929,100,8929,1,0
D,H,D,1515,100,1515,1,0
A,E,E,1420,100,1420,1,0
B,E,E,5137,100,5137,1,0
C,E,E,10866,100,10866,1,0
D,E,E,9923,100,9923,1,0
E,F,E,5070,100,5070,1,0
E,G,E,10628,100,10628,1,0
E,H,E,10140,100,10140,1,0
A,F,F,5071,100,5071,1,0
B,F,F,1340,100,1340,1,0
C,F,F,7223,100,7223,1,0
D,F,F,5379,100,5379,1,0
E,F,F,5093,100,5093,1,0
F,G,F,6990,100,6990,1,0
F,H,F,5492,100,5492,1,0
A,G,G,10625,100,10625,1,0
B,G,G,7075,100,7075,1,0
C,G,G,1368,100,1368,1,0
D,G,G,8887,100,8887,1,0
E,G,G,10605,100,10605,1,0
F,G,G,7009,100,7009,1,0
G,H,G,8853,100,8853,1,0
A,H,H,9930,100,9930,1,0
B,H,H,5771,100,5771,1,0
C,H,H,8934,100,8934,1,0
D,H,H,1519,100,1519,1,0
E,H,H,10121,100,10121,1,0
F,H,H,5468,100,5468,1,0
G,H,H,8850,100,8850,1,0
A,B,A,4786,100,4786,1,0
A,C,A,10614,100,10614,1,0
A,D,A,9509,100,9509,1,0
A,E,A,1397,100,1397,1,0
A,F,A,5055,100,5055,1,0
A,G,A,10649,100,10649,1,0
A,H,A,9918,100,9918,1,0
A,B,B,4725,100,4725,1,0
B,C,B,6986,100,6986,1,0
B,D,B,5271,100,5271,1,0
B,E,B,5202,100,5202,1,0
B,F,B,1370,100,1370,1,0
B,G,B,7059,100,7059,1,0
B,H,B,5745,100,5745,1,0
A,C,C,10626,100,10626,1,0
B,C,C,6989,100,6989,1,0
C,D,C,8721,100,8721,1,0
C,E,C,10812,100,10812,1,0
C,F,C,7184,100,7184,1,0
C,G,C,1390,100,1390,1,0
C,H,C,8942,100,8942,1,0
A,D,D,9584,100,9584,1,0
B,D,D,5278,100,5278,1,0
C,D,D,8724,100,8724,1,0
D,E,D,9922,100,9922,1,0
D,F,D,5355,100,5355,1,0
D,G,D,8890,100,8890,1,0
D,H,D,1503,100,1503,1,0
A,E,E,1422,100,1422,1,0
B,E,E,5210,100,5210,1,0
C,E,E,10826,100,10826,1,0
D,E,E,9940,100,9940,1,0
E,F,E,5080,100,5080,1,0
E,G,E,10645,100,10645,1,0
E,H,E,10129,100,10129,1,0
A,F,F,5124,100,5124,1,0
B,F,F,1338,100,1338,1,0
C,F,F,7188,100,7188,1,0
D,F,F,5356,100,5356,1,0
E,F,F,5113,100,5113,1,0
F,G,F,7009,100,7009,1,0
F,H,F,5435,100,5435,1,0
A,G,G,10618,100,10618,1,0
B,G,G,7122,100,7122,1,0
C,G,G,1367,100,1367,1,0
D,G,G,8928,100,8928,1,0
E,G,G,10648,100,10648,1,0
F,G,G,6989,100,6989,1,0
G,H,G,8838,100,8838,1,0
A,H,H,9933,100,9933,1,0
B,H,H,5715,100,5715,1,0
C,H,H,8954,100,8954,1,0
D,H,H,1528,100,1528,1,0
E,H,H,10147,100,10147,1,0
F,H,H,5410,100,5410,1,0
G,H,H,8870,100,8870,1,0
A,B,A,4773,100,4773,1,0
A,C,A,10664,100,10664,1,0
A,D,A,9513,100,9513,1,0
A,E,A,1423,100,1423,1,0
A,F,A,5094,100,5094,1,0
A,G,A,10689,100,10689,1,0
A,H,A,9982,100,9982,1,0
A,B,B,4761,100,4761,1,0
B,C,B,7014,100,7014,1,0
B,D,B,5311,100,5311,1,0
B,E,B,5149,100,5149,1,0
B,F,B,1358,100,1358,1,0
B,G,B,7049,100,7049,1,0
B,H,B,5713,100,5713,1,0
A,C,C,10624,100,10624,1,0
B,C,C,7007,100,7007,1,0
C,D,C,8752,100,8752,1,0
C,E,C,10878,100,10878,1,0
C,F,C,7185,100,7185,1,0
C,G,C,1383,100,1383,1,0
C,H,C,8949,100,8949,1,0
A,D,D,9543,100,9543,1,0
B,D,D,5313,100,5313,1,0
C,D,D,8727,100,8727,1,0
D,E,D,9984,100,9984,1,0
D,F,D,5354,100,5354,1,0
D,G,D,8884,100,8884,1,0
D,H,D,1495,100,1495,1,0
A,E,E,1435,100,1435,1,0
B,E,E,5161,100,5161,1,0
C,E,E,10804,100,10804,1,0
D,E,E,9964,100,9964,1,0
E,F,E,5080,100,5080,1,0
E,G,E,10642,100,10642,1,0
E,H,E,10136,100,10136,1,0
A,F,F,5049,100,5049,1,0
B,F,F,1355,100,1355,1,0
C,F,F,7222,100,7222,1,0
D,F,F,5355,100,5355,1,0
E,F,F,5092,100,5092,1,0
F,G,F,7030,100,7030,1,0
F,H,F,5481,100,5481,1,0
A,G,G,10646,100,10646,1,0
B,G,G,7049,100,7049,1,0
C,G,G,1348,100,1348,1,0
D,G,G,8899,100,8899,1,0
E,G,G,10646,100,10646,1,0
F,G,G,6986,100,6986,1,0
G,H,G,8881,100,8881,1,0
A,H,H,9925,100,9925,1,0
B,H,H,5731,100,5731,1,0
C,H,H,8942,100,8942,1,0
D,H,H,1477,100,1477,1,0
E,H,H,10118,100,10118,1,0
F,H,H,5478,100,5478,1,0
G,H,H,8899,100,8899,1,0
A,B,A,4785,100,4785,1,0
A,C,A,10679,100,10679,1,0
A,D,A,9554,100,9554,1,0
A,E,A,1400,100,1400,1,0
A,F,A,5067,100,5067,1,0
A,G,A,10659,100,10659,1,0
A,H,A,9965,100,9965,1,0
A,B,B,4745,100,4745,1,0
B,C,B,6988,100,6988,1,0
B,D,B,5292,100,5292,1,0
B,E,B,5196,100,5196,1,0
B,F,B,1332,100,1332,1,0
B,G,B,7103,100,7103,1,0
B,H,B,5757,100,5757,1,0
A,C,C,10621,100,10621,1,0
B,C,C,7019,100,7019,1,0
C,D,C,8699,100,8699,1,0
C,E,C,10851,100,10851,1,0
C,F,C,7194,100,7194,1,0
C,G,C,1396,100,1396,1,0
C,H,C,8949,100,8949,1,0
A,D,D,9531,100,9531,1,0
B,D,D,5291,100,5291,1,0
C,D,D,8751,100,8751,1,0
D,E,D,9909,100,9909,1,0
D,F,D,5328,100,5328,1,0
D,G,D,8917,100,8917,1,0
D,H,D,1528,100,1528,1,0
A,E,E,1426,100,1426,1,0
B,E,E,5176,100,5176,1,0
C,E,E,10802,100,10802,1,0
D,E,E,9932,100,9932,1,0
E,F,E,5105,100,5105,1,0
E,G,E,10625,100,10625,1,0
E,H,E,10179,100,10179,1,0
A,F,F,5027,100,5027,1,0
B,F,F,1347,100,1347,1,0
C,F,F,7207,100,7207,1,0
D,F,F,5370,100,5370,1,0
E,F,F,5103,100,5103,1,0
F,G,F,7025,100,7025,1,0
F,H,F,5441,100,5441,1,0
A,G,G,10597,100,10597,1,0
B,G,G,7106,100,7106,1,0
C,G,G,1376,100,1376,1,0
D,G,G,8902,100,8902,1,0
E,G,G,10645,100,10645,1,0
F,G,G,7011,100,7011,1,0
G,H,G,8874,100,8874,1,0
A,H,H,9974,100,9974,1,0
B,H,H,5744,100,5744,1,0
C,H,H,8958,100,8958,1,0
D,H,H,1467,100,1467,1,0
E,H,H,10148,100,10148,1,0
F,H,H,5445,100,5445,1,0
G,H,H,8833,100,8833,1,0
A,B,A,4805,100,4805,1,0
A,C,A,10663,100,10663,1,0
A,D,A,9550,100,9550,1,0
A,E,A,1389,100,1389,1,0
A,F,A,5082,100,5082,1,0
A,G,A,10610,100,10610,1,0
A,H,A,9970,100,9970,1,0
A,B,B,4780,100,4780,1,0
B,C,B,6989,100,6989,1,0
B,D,B,5258,100,5258,1,0
B,E,B,5176,100,5176,1,0
B,F,B,1376,100,1376,1,0
B,G,B,7068,100,7068,1,0
B,H,B,5783,100,5783,1,0
A,C,C,10660,100,10660,1,0
B,C,C,7010,100,7010,1,0
C,D,C,8766,100,8766,1,0
C,E,C,10852,100,10852,1,0
C,F,C,7169,100,7169,1,0
C,G,C,1379,100,1379,1,0
C,H,C,8930,100,8930,1,0
A,D,D,9547,100,9547,1,0
B,D,D,5310,100,5310,1,0
C,D,D,8723,100,8723,1,0
D,E,D,9851,100,9851,1,0
D,F,D,5352,100,5352,1,0
D,G,D,8861,100,8861,1,0
D,H,D,1565,100,1565,1,0
A,E,E,1427,100,1427,1,0
B,E,E,5200,100,5200,1,0
C,E,E,10835,100,10835,1,0
D,E,E,9912,100,9912,1,0
E,F,E,5093,100,5093,1,0
E,G,E,10641,100,10641,1,0
E,H,E,10193,100,10193,1,0
A,F,F,5091,100,5091,1,0
B,F,F,1338,100,1338,1,0
C,F,F,7183,100,7183,1,0
D,F,F,5405,100,5405,1,0
E,F,F,5081,100,5081,1,0
F,G,F,7014,100,7014,1,0
F,H,F,5450,100,5450,1,0
A,G,G,10628,100,10628,1,0
B,G,G,7091,100,7091,1,0
C,G,G,1389,100,1389,1,0
D,G,G,8881,100,8881,1,0
E,G,G,10631,100,10631,1,0
F,G,G,6996,100,6996,1,0
G,H,G,8852,100,8852,1,0
A,H,H,9951,100,9951,1,0
B,H,H,5767,100,5767,1,0
C,H,H,8915,100,8915,1,0
D,H,H,1546,100,1546,1,0
E,H,H,10144,100,10144,1,0
F,H,H,5454,100,5454,1,0
G,H,H,8887,100,8887,1,0
A,B,A,4765,100,4765,1,0
A,C,A,10618,100,10618,1,0
A,D,A,9528,100,9528,1,0
A,E,A,1400,100,1400,1,0
A,F,A,5057,100,5057,1,0
A,G,A,10595,100,10595,1,0
A,H,A,9970,100,9970,1,0
A,B,B,4802,100,4802,1,0
B,C,B,7044,100,7044,1,0
B,D,B,5263,100,5263,1,0
B,E,B,5191,100,5191,1,0
B,F,B,1320,100,1320,1,0
B,G,B,7083,100,7083,1,0
B,H,B,5770,100,5770,1,0
A,C,C,10681,100,10681,1,0
B,C,C,7058,100,7058,1,0
C,D,C,8723,100,8723,1,0
C,E,C,10818,100,10818,1,0
C,F,C,7189,100,7189,1,0
C,G,C,1363,100,1363,1,0
C,H,C,8923,100,8923,1,0
A,D,D,9500,100,9500,1,0
B,D,D,5310,100,5310,1,0
C,D,D,8767,100,8767,1,0
D,E,D,9941,100,9941,1,0
D,F,D,5344,100,5344,1,0
D,G,D,8905,100,8905,1,0
D,H,D,1524,100,1524,1,0
A,E,E,1419,100,1419,1,0
B,E,E,5193,100,5193,1,0
C,E,E,10822,100,10822,1,0
D,E,E,9864,100,9864,1,0
E,F,E,5094,100,5094,1,0
E,G,E,10645,100,10645,1,0
E,H,E,10152,100,10152,1,0
A,F,F,5104,100,5104,1,0
B,F,F,1316,100,1316,1,0
C,F,F,7187,100,7187,1,0
D,F,F,5368,100,5368,1,0
E,F,F,5081,100,5081,1,0
F,G,F,6982,100,6982,1,0
F,H,F,5442,100,5442,1,0
A,G,G,10643,100,10643,1,0
B,G,G,7066,100,7066,1,0
C,G,G,1354,100,1354,1,0
D,G,G,8891,100,8891,1,0
E,G,G,10628,100,10628,1,0
F,G,G,6999,100,6999,1,0
G,H,G,8871,100,8871,1,0
A,H,H,9994,100,9994,1,0
B,H,H,5766,100,5766,1,0
C,H,H,8941,100,8941,1,0
D,H,H,1443,100,1443,1,0
E,H,H,10113,100,10113,1,0
F,H,H,5456,100,5456,1,0
G,H,H,8875,100,8875,1,0
A,B,A,4787,100,4787,1,0
A,C,A,10601,100,10601,1,0
A,D,A,9524,100,9524,1,0
A,E,A,1398,100,1398,1,0
A,F,A,5031,100,5031,1,0
A,G,A,10647,100,10647,1,0
A,H,A,9941,100,9941,1,0
A,B,B,4794,100,4794,1,0
B,C,B,7028,100,7028,1,0
B,D,B,5276,100,5276,1,0
B,E,B,5212,100,5212,1,0
B,F,B,1342,100,1342,1,0
B,G,B,7091,100,7091,1,0
B,H,B,5810,100,5810,1,0
A,C,C,10729,100,10729,1,0
B,C,C,6989,100,6989,1,0
C,D,C,8752,100,8752,1,0
C,E,C,10829,100,10829,1,0
C,F,C,7212,100,7212,1,0
C,G,C,1404,100,1404,1,0
C,H,C,8928,100,8928,1,0
A,D,D,9540,100,9540,1,0
B,D,D,5280,100,5280,1,0
C,D,D,8759,100,8759,1,0
D,E,D,9955,100,9955,1,0
D,F,D,5399,100,5399,1,0
D,G,D,8932,100,8932,1,0
D,H,D,1502,100,1502,1,0
A,E,E,1414,100,1414,1,0
B,E,E,5204,100,5204,1,0
C,E,E,10795,100,10795,1,0
D,E,E,9950,100,9950,1,0
E,F,E,5114,100,5114,1,0
E,G,E,10667,100,10667,1,0
E,H,E,10135,100,10135,1,0
A,F,F,5038,100,5038,1,0
B,F,F,1350,100,1350,1,0
C,F,F,7214,100,7214,1,0
D,F,F,5367,100,5367,1,0
E,F,F,5080,100,5080,1,0
F,G,F,6993,100,6993,1,0
F,H,F,5472,100,5472,1,0
A,G,G,10553,100,10553,1,0
B,G,G,7121,100,7121,1,0
C,G,G,1327,100,1327,1,0
D,G,G,8870,100,8870,1,0
E,G,G,10633,100,10633,1,0
F,G,G,6999,100,6999,1,0
G,H,G,8880,100,8880,1,0
A,H,H,9944,100,9944,1,0
B,H,H,5733,100,5733,1,0
C,H,H,8937,100,8937,1,0
D,H,H,1546,100,1546,1,0
E,H,H,10140,100,10140,1,0
F,H,H,5455,100,5455,1,0
G,H,H,8887,100,8887,1,0
A,B,A,4752,100,4752,1,0
A,C,A,10640,100,10640,1,0
A,D,A,9529,100,9529,1,0
A,E,A,1429,100,1429,1,0
A,F,A,5061,100,5061,1,0
A,G,A,10599,100,10599,1,0
A,H,A,9931,100,9931,1,0
A,B,B,4763,100,4763,1,0
B,C,B,7000,100,7000,1,0
B,D,B,5287,100,5287,1,0
B,E,B,5224,100,5224,1,0
B,F,B,1342,100,1342,1,0
B,G,B,7030,100,7030,1,0
B,H,B,5768,100,5768,1,0
A,C,C,10679,100,10679,1,0
B,C,C,7010,100,7010,1,0
C,D,C,8743,100,8743,1,0
C,E,C,10821,100,10821,1,0
C,F,C,7206,100,7206,1,0
C,G,C,1350,100,1350,1,0
C,H,C,8950,100,8950,1,0
A,D,D,9530,100,9530,1,0
B,D,D,5285,100,5285,1,0
C,D,D,8754,100,8754,1,0
D,E,D,9893,100,9893,1,0
D,F,D,5350,100,5350,1,0
D,G,D,8870,100,8870,1,0
D,H,D,1467,100,1467,1,0
A,E,E,1465,100,1465,1,0
B,E,E,5181,100,5181,1,0
C,E,E,10834,100,10834,1,0
D,E,E,9881,100,9881,1,0
E,F,E,5069,100,5069,1,0
E,G,E,10641,100,10641,1,0
E,H,E,10172,100,10172,1,0
A,F,F,5042,100,5042,1,0
B,F,F,1374,100,1374,1,0
C,F,F,7221,100,7221,1,0
D,F,F,5337,100,5337,1,0
E,F,F,5108,100,5108,1,0
F,G,F,6990,100,6990,1,0
F,H,F,5450,100,5450,1,0
A,G,G,10604,100,10604,1,0
B,G,G,7053,100,7053,1,0
C,G,G,1367,100,1367,1,0
D,G,G,8869,100,8869,1,0
E,G,G,10605,100,10605,1,0
F,G,G,6976,100,6976,1,0
G,H,G,8872,100,8872,1,0
A,H,H,9916,100,9916,1,0
B,H,H,5707,100,5707,1,0
C,H,H,8928,100,8928,1,0
D,H,H,1468,100,1468,1,0
E,H,H,10143,100,10143,1,0
F,H,H,5463,100,5463,1,0
G,H,H,8886,100,8886,1,0
A,B,A,4746,100,4746,1,0
A,C,A,10595,100,10595,1,0
A,D,A,9547,100,9547,1,0
A,E,A,1393,100,1393,1,0
A,F,A,5038,100,5038,1,0
A,G,A,10622,100,10622,1,0
A,H,A,9953,100,9953,1,0
A,B,B,4798,100,4798,1,0
B,C,B,7009,100,7009,1,0
B,D,B,5284,100,5284,1,0
B,E,B,5170,100,5170,1,0
B,F,B,1355,100,1355,1,0
B,G,B,7065,100,7065,1,0
B,H,B,5734,100,5734,1,0
A,C,C,10634,100,10634,1,0
B,C,C,6979,100,6979,1,0
C,D,C,8698,100,8698,1,0
C,E,C,10794,100,10794,1,0
C,F,C,7208,100,7208,1,0
C,G,C,1388,100,1388,1,0
C,H,C,8948,100,8948,1,0
A,D,D,9518,100,9518,1,0
B,D,D,5279,100,5279,1,0
C,D,D,8739,100,8739,1,0
D,E,D,9930,100,9930,1,0
D,F,D,5368,100,5368,1,0
D,G,D,8898,100,8898,1,0
D,H,D,1444,100,1444,1,0
A,E,E,1401,100,1401,1,0
B,E,E,5176,100,5176,1,0
C,E,E,10806,100,10806,1,0
D,E,E,9874,100,9874,1,0
E,F,E,5082,100,5082,1,0
E,G,E,10622,100,10622,1,0
E,H,E,10112,100,10112,1,0
A,F,F,5065,100,5065,1,0
B,F,F,1374,100,1374,1,0
C,F,F,7211,100,7211,1,0
D,F,F,5368,100,5368,1,0
E,F,F,5095,100,5095,1,0
F,G,F,6981,100,6981,1,0
F,H,F,5426,100,5426,1,0
A,G,G,10597,100,10597,1,0
B,G,G,7069,100,7069,1,0
C,G,G,1426,100,1426,1,0
D,G,G,8899,100,8899,1,0
E,G,G,10622,100,10622,1,0
F,G,G,7025,100,7025,1,0
G,H,G,8879,100,8879,1,0
A,H,H,9991,100,9991,1,0
B,H,H,5757,100,5757,1,0
C,H,H,8928,100,8928,1,0
D,H,H,1497,100,1497,1,0
E,H,H,10146,100,10146,1,0
F,H,H,5464,100,5464,1,0
G,H,H,8879,100,8879,1,0
A,B,A,4751,100,4751,1,0
A,C,A,10636,100,10636,1,0
A,D,A,9551,100,9551,1,0
A,E,A,1426,100,1426,1,0
A,F,A,5057,100,5057,1,0
A,G,A,10627,100,10627,1,0
A,H,A,9940,100,9940,1,0
A,B,B,4788,100,4788,1,0
B,C,B,7022,100,7022,1,0
B,D,B,5319,100,5319,1,0
B,E,B,5149,100,5149,1,0
B,F,B,1359,100,1359,1,0
B,G,B,7098,100,7098,1,0
B,H,B,5829,100,5829,1,0
A,C,C,10622,100,10622,1,0
B,C,C,6986,100,6986,1,0
C,D,C,8731,100,8731,1,0
C,E,C,10798,100,10798,1,0
C,F,C,7219,100,7219,1,0
C,G,C,1415,100,1415,1,0
C,H,C,8941,100,8941,1,0
A,D,D,9534,100,9534,1,0
B,D,D,5305,100,5305,1,0
C,D,D,8787,100,8787,1,0
D,E,D,9895,100,9895,1,0
D,F,D,5338,100,5338,1,0
D,G,D,8877,100,8877,1,0
D,H,D,1501,100,1501,1,0
A,E,E,1422,100,1422,1,0
B,E,E,5199,100,5199,1,0
C,E,E,10850,100,10850,1,0
D,E,E,9890,100,9890,1,0
E,F,E,5110,100,5110,1,0
E,G,E,10627,100,10627,1,0
E,H,E,10160,100,10160,1,0
A,F,F,5071,100,5071,1,0
B,F,F,1349,100,1349,1,0
C,F,F,7189,100,7189,1,0
D,F,F,5374,100,5374,1,0
E,F,F,5138,100,5138,1,0
F,G,F,7004,100,7004,1,0
F,H,F,5501,100,5501,1,0
A,G,G,10601,100,10601,1,0
B,G,G,7082,100,7082,1,0
C,G,G,1347,100,1347,1,0
D,G,G,8869,100,8869,1,0
E,G,G,10641,100,10641,1,0
F,G,G,7001,100,7001,1,0
G,H,G,8832,100,8832,1,0
A,H,H,9949,100,9949,1,0
B,H,H,5745,100,5745,1,0
C,H,H,8962,100,8962,1,0
D,H,H,1467,100,1467,1,0
E,H,H,10164,100,10164,1,0
F,H,H,5451,100,5451,1,0
G,H,H,8860,100,8860,1,0
A,B,A,4766,100,4766,1,0
A,C,A,10639,100,10639,1,0
A,D,A,9496,100,9496,1,0
A,E,A,1375,100,1375,1,0
A,F,A,5054,100,5054,1,0
A,G,A,10621,100,10621,1,0
A,H,A,9957,100,9957,1,0
A,B,B,4758,100,4758,1,0
B,C,B,7029,100,7029,1,0
B,D,B,5273,100,5273,1,0
B,E,B,5198,100,5198,1,0
B,F,B,1372,100,1372,1,0
B,G,B,7093,100,7093,1,0
B,H,B,5768,100,5768,1,0
A,C,C,10658,100,10658,1,0
B,C,C,6996,100,6996,1,0
C,D,C,8766,100,8766,1,0
C,E,C,10798,100,10798,1,0
C,F,C,7198,100,7198,1,0
C,G,C,1376,100,1376,1,0
C,H,C,8936,100,8936,1,0
A,D,D,9536,100,9536,1,0
B,D,D,5304,100,5304,1,0
C,D,D,8736,100,8736,1,0
D,E,D,9960,100,9960,1,0
D,F,D,5356,100,5356,1,0
D,G,D,8883,100,8883,1,0
D,H,D,1522,100,1522,1,0
A,E,E,1436,100,1436,1,0
B,E,E,5156,100,5156,1,0
C,E,E,10814,100,10814,1,0
D,E,E,9886,100,9886,1,0
E,F,E,5128,100,5128,1,0
E,G,E,10660,100,10660,1,0
E,H,E,10132,100,10132,1,0
A,F,F,5074,100,5074,1,0
B,F,F,1327,100,1327,1,0
C,F,F,7186,100,7186,1,0
D,F,F,5354,100,5354,1,0
E,F,F,5079,100,5079,1,0
F,G,F,6969,100,6969,1,0
F,H,F,5417,100,5417,1,0
A,G,G,10652,100,10652,1,0
B,G,G,7065,100,7065,1,0
C,G,G,1387,100,1387,1,0
D,G,G,8907,100,8907,1,0
E,G,G,10622,100,10622,1,0
F,G,G,6981,100,6981,1,0
G,H,G,8916,100,8916,1,0
A,H,H,9930,100,9930,1,0
B,H,H,5728,100,5728,1,0
C,H,H,8964,100,8964,1,0
D,H,H,1473,100,1473,1,0
E,H,H,10164,100,10164,1,0
F,H,H,5451,100,5451,1,0
G,H,H,8852,100,8852,1,0
A,B,A,4752,100,4752,1,0
A,C,A,10615,100,10615,1,0
A,D,A,9530,100,9530,1,0
A,E,A,1427,100,1427,1,0
A,F,A,5076,100,5076,1,0
A,G,A,10649,100,10649,1,0
A,H,A,9942,100,9942,1,0
A,B,B,4777,100,4777,1,0
B,C,B,7013,100,7013,1,0
B,D,B,5273,100,5273,1,0
B,E,B,5187,100,5187,1,0
B,F,B,1361,100,1361,1,0
B,G,B,7097,100,7097,1,0
B,H,B,5755,100,5755,1,0
A,C,C,10648,100,10648,1,0
B,C,C,7015,100,7015,1,0
C,D,C,8711,100,8711,1,0
C,E,C,10809,100,10809,1,0
C,F,C,7171,100,7171,1,0
C,G,C,1410,100,1410,1,0
C,H,C,8943,100,8943,1,0
A,D,D,9533,100,9533,1,0
B,D,D,5289,100,5289,1,0
C,D,D,8759,100,8759,1,0
D,E,D,9981,100,9981,1,0
D,F,D,5367,100,5367,1,0
D,G,D,8910,100,8910,1,0
D,H,D,1554,100,1554,1,0
A,E,E,1448,100,1448,1,0
B,E,E,5188,100,5188,1,0
C,E,E,10828,100,10828,1,0
D,E,E,9941,100,9941,1,0
E,F,E,5087,100,5087,1,0
E,G,E,10610,100,10610,1,0
E,H,E,10153,100,10153,1,0
A,F,F,5053,100,5053,1,0
B,F,F,1367,100,1367,1,0
C,F,F,7198,100,7198,1,0
D,F,F,5351,100,5351,1,0
E,F,F,5079,100,5079,1,0
F,G,F,7007,100,7007,1,0
F,H,F,5457,100,5457,1,0
A,G,G,10638,100,10638,1,0
B,G,G,7104,100,7104,1,0
C,G,G,1343,100,1343,1,0
D,G,G,8897,100,8897,1,0
E,G,G,10657,100,10657,1,0
F,G,G,7001,100,7001,1,0
G,H,G,8860,100,8860,1,0
A,H,H,9944,100,9944,1,0
B,H,H,5740,100,5740,1,0
C,H,H,8889,100,8889,1,0
D,H,H,1453,100,1453,1,0
E,H,H,10143,100,10143,1,0
F,H,H,5478,100,5478,1,0
G,H,H,8866,100,8866,1,0
A,B,A,4742,100,4742,1,0
A,C,A,10665,100,10665,1,0
A,D,A,9524,100,9524,1,0
A,E,A,1403,100,1403,1,0
A,F,A,4991,100,4991,1,0
A,G,A,10626,100,10626,1,0
A,H,A,9995,100,9995,1,0
A,B,B,4753,100,4753,1,0
B,C,B,6994,100,6994,1,0
B,D,B,5272,100,5272,1,0
B,E,B,5167,100,5167,1,0
B,F,B,1352,100,1352,1,0
B,G,B,7065,100,7065,1,0
B,H,B,5710,100,5710,1,0
A,C,C,10643,100,10643,1,0
B,C,C,7019,100,7019,1,0
C,D,C,8702,100,8702,1,0
C,E,C,10838,100,10838,1,0
C,F,C,7194,100,7194,1,0
C,G,C,1401,100,1401,1,0
C,H,C,8963,100,8963,1,0
A,D,D,9519,100,9519,1,0
B,D,D,5259,100,5259,1,0
C,D,D,8769,100,8769,1,0
D,E,D,9930,100,9930,1,0
D,F,D,5392,100,5392,1,0
D,G,D,8851,100,8851,1,0
D,H,D,1518,100,1518,1,0
A,E,E,1428,100,1428,1,0
B,E,E,5210,100,5210,1,0
C,E,E,10791,100,10791,1,0
D,E,E,9954,100,9954,1,0
E,F,E,5110,100,5110,1,0
E,G,E,10620,100,10620,1,0
E,H,E,10134,100,10134,1,0
A,F,F,5096,100,5096,1,0
B,F,F,1342,100,1342,1,0
C,F,F,7181,100,7181,1,0
D,F,F,5350,100,5350,1,0
E,F,F,5118,100,5118,1,0
F,G,F,7001,100,7001,1,0
F,H,F,5432,100,5432,1,0
A,G,G,10641,100,10641,1,0
B,G,G,7082,100,7082,1,0
C,G,G,1400,100,1400,1,0
D,G,G,8857,100,8857,1,0
E,G,G,10628,100,10628,1,0
F,G,G,7021,100,7021,1,0
G,H,G,8911,100,8911,1,0
A,H,H,9955,100,9955,1,0
B,H,H,5748,100,5748,1,0
C,H,H,8892,100,8892,1,0
D,H,H,1449,100,1449,1,0
E,H,H,10122,100,10122,1,0
F,H,H,5427,100,5427,1,0
G,H,H,8856,100,8856,1,0
A,B,A,4799,100,4799,1,0
A,C,A,10618,100,10618,1,0
A,D,A,9531,100,9531,1,0
A,E,A,1427,100,1427,1,0
A,F,A,5067,100,5067,1,0
A,G,A,10632,100,10632,1,0
A,H,A,9978,100,9978,1,0
A,B,B,4777,100,4777,1,0
B,C,B,7035,100,7035,1,0
B,D,B,5329,100,5329,1,0
B,E,B,5182,100,5182,1,0
B,F,B,1365,100,1365,1,0
B,G,B,7084,100,7084,1,0
B,H,B,5729,100,5729,1,0
A,C,C,10600,100,10600,1,0
B,C,C,7011,100,7011,1,0
C,D,C,8741,100,8741,1,0
C,E,C,10784,100,10784,1,0
C,F,C,7189,100,7189,1,0
C,G,C,1363,100,1363,1,0
C,H,C,8927,100,8927,1,0
A,D,D,9521,100,9521,1,0
B,D,D,5288,100,5288,1,0
C,D,D,8742,100,8742,1,0
D,E,D,9971,100,9971,1,0
D,F,D,5364,100,5364,1,0
D,G,D,8911,100,8911,1,0
D,H,D,1458,100,1458,1,0
A,E,E,1437,100,1437,1,0
B,E,E,5187,100,5187,1,0
C,E,E,10810,100,10810,1,0
D,E,E,9911,100,9911,1,0
E,F,E,5121,100,5121,1,0
E,G,E,10632,100,10632,1,0
E,H,E,10126,100,10126,1,0
A,F,F,5072,100,5072,1,0
B,F,F,1373,100,1373,1,0
C,F,F,7181,100,7181,1,0
D,F,F,5352,100,5352,1,0
E,F,F,5094,100,5094,1,0
F,G,F,7019,100,7019,1,0
F,H,F,5452,100,5452,1,0
A,G,G,10641,100,10641,1,0
B,G,G,7080,100,7080,1,0
C,G,G,1400,100,1400,1,0
D,G,G,8871,100,8871,1,0
E,G,G,10627,100,10627,1,0
F,G,G,7007,100,7007,1,0
G,H,G,8855,100,8855,1,0
A,H,H,9935,100,9935,1,0
B,H,H,5727,100,5727,1,0
C,H,H,8895,100,8895,1,0
D,H,H,1523,100,1523,1,0
E,H,H,10124,100,10124,1,0
F,H,H,5420,100,5420,1,0
G,H,H,8837,100,8837,1,0
A,B,A,4794,100,4794,1,0
A,C,A,10700,100,10700,1,0
A,D,A,9521,100,9521,1,0
A,E,A,1402,100,1402,1,0
A,F,A,5066,100,5066,1,0
A,G,A,10587,100,10587,1,0
A,H,A,9950,100,9950,1,0
A,B,B,4770,100,4770,1,0
B,C,B,7024,100,7024,1,0
B,D,B,5290,100,5290,1,0
B,E,B,5172,100,5172,1,0
B,F,B,1354,100,1354,1,0
B,G,B,7066,100,7066,1,0
B,H,B,5731,100,5731,1,0
A,C,C,10640,100,10640,1,0
B,C,C,7018,100,7018,1,0
C,D,C,8763,100,8763,1,0
C,E,C,10816,100,10816,1,0
C,F,C,7189,100,7189,1,0
C,G,C,1415,100,1415,1,0
C,H,C,8975,100,8975,1,0
A,D,D,9524,100,9524,1,0
B,D,D,5284,100,5284,1,0
C,D,D,8751,100,8751,1,0
D,E,D,10002,100,10002,1,0
D,F,D,5338,100,5338,1,0
D,G,D,8905,100,8905,1,0
D,H,D,1531,100,1531,1,0
A,E,E,1478,100,1478,1,0
B,E,E,5216,100,5216,1,0
C,E,E,10864,100,10864,1,0
D,E,E,9851,100,9851,1,0
E,F,E,5111,100,5111,1,0
E,G,E,10638,100,10638,1,0
E,H,E,10131,100,10131,1,0
A,F,F,5077,100,5077,1,0
B,F,F,1371,100,1371,1,0
C,F,F,7210,100,7210,1,0
D,F,F,5388,100,5388,1,0
E,F,F,5089,100,5089,1,0
F,G,F,7000,100,7000,1,0
F,H,F,5433,100,5433,1,0
A,G,G,10626,100,10626,1,0
B,G,G,7087,100,7087,1,0
C,G,G,1347,100,1347,1,0
D,G,G,8877,100,8877,1,0
E,G,G,10637,100,10637,1,0
F,G,G,6986,100,6986,1,0
G,H,G,8907,100,8907,1,0
A,H,H,9947,100,9947,1,0
B,H,H,5769,100,5769,1,0
C,H,H,8880,100,8880,1,0
D,H,H,1513,100,1513,1,0
E,H,H,10137,100,10137,1,0
F,H,H,5436,100,5436,1,0
G,H,H,8853,100,8853,1,0
A,B,A,4752,100,4752,1,0
A,C,A,10664,100,10664,1,0
A,D,A,9507,100,9507,1,0
A,E,A,1431,100,1431,1,0
A,F,A,5057,100,5057,1,0
A,G,A,10617,100,10617,1,0
A,H,A,9961,100,9961,1,0
A,B,B,4786,100,4786,1,0
B,C,B,7036,100,7036,1,0
B,D,B,5307,100,5307,1,0
B,E,B,5172,100,5172,1,0
B,F,B,1340,100,1340,1,0
B,G,B,7086,100,7086,1,0
B,H,B,5700,100,5700,1,0
A,C,C,10667,100,10667,1,0
B,C,C,7001,100,7001,1,0
C,D,C,8713,100,8713,1,0
C,E,C,10837,100,10837,1,0
C,F,C,7188,100,7188,1,0
C,G,C,1379,100,1379,1,0
C,H,C,8941,100,8941,1,0
A,D,D,9536,100,9536,1,0
B,D,D,5292,100,5292,1,0
C,D,D,8728,100,8728,1,0
D,E,D,9867,100,9867,1,0
D,F,D,5329,100,5329,1,0
D,G,D,8859,100,8859,1,0
D,H,D,1504,100,1504,1,0
A,E,E,1367,100,1367,1,0
B,E,E,5197,100,5197,1,0
C,E,E,10818,100,10818,1,0
D,E,E,9887,100,9887,1,0
E,F,E,5136,100,5136,1,0
E,G,E,10646,100,10646,1,0
E,H,E,10168,100,10168,1,0
A,F,F,5067,100,5067,1,0
B,F,F,1385,100,1385,1,0
C,F,F,7200,100,7200,1,0
D,F,F,5359,100,5359,1,0
E,F,F,5144,100,5144,1,0
F,G,F,6996,100,6996,1,0
F,H,F,5421,100,5421,1,0
A,G,G,10614,100,10614,1,0
B,G,G,7070,100,7070,1,0
C,G,G,1325,100,1325,1,0
D,G,G,8875,100,8875,1,0
E,G,G,10622,100,10622,1,0
F,G,G,7011,100,7011,1,0
G,H,G,8826,100,8826,1,0
A,H,H,9946,100,9946,1,0
B,H,H,5729,100,5729,1,0
C,H,H,8917,100,8917,1,0
D,H,H,1506,100,1506,1,0
E,H,H,10137,100,10137,1,0
F,H,H,5407,100,5407,1,0
G,H,H,8894,100,8894,1,0
A,B,A,4757,100,4757,1,0
A,C,A,10664,100,10664,1,0
A,D,A,9532,100,9532,1,0
A,E,A,1372,100,1372,1,0
A,F,A,5084,100,5084,1,0
A,G,A,10645,100,10645,1,0
A,H,A,9960,100,9960,1,0
A,B,B,4806,100,4806,1,0
B,C,B,6990,100,6990,1,0
B,D,B,5346,100,5346,1,0
B,E,B,5213,100,5213,1,0
B,F,B,1379,100,1379,1,0
B,G,B,7080,100,7080,1,0
B,H,B,5741,100,5741,1,0
A,C,C,10626,100,10626,1,0
B,C,C,6979,100,6979,1,0
C,D,C,8770,100,8770,1,0
C,E,C,10830,100,10830,1,0
C,F,C,7193,100,7193,1,0
C,G,C,1376,100,1376,1,0
C,H,C,8972,100,8972,1,0
A,D,D,9547,100,9547,1,0
B,D,D,5234,100,5234,1,0
C,D,D,8730,100,8730,1,0
D,E,D,9938,100,9938,1,0
D,F,D,5357,100,5357,1,0
D,G,D,8902,100,8902,1,0
D,H,D,1494,100,1494,1,0
A,E,E,1428,100,1428,1,0
B,E,E,5183,100,5183,1,0
C,E,E,10847,100,10847,1,0
D,E,E,9917,100,9917,1,0
E,F,E,5109,100,5109,1,0
E,G,E,10611,100,10611,1,0
E,H,E,10138,100,10138,1,0
A,F,F,5052,100,5052,1,0
B,F,F,1328,100,1328,1,0
C,F,F,7176,100,7176,1,0
D,F,F,5358,100,5358,1,0
E,F,F,5102,100,5102,1,0
F,G,F,7010,100,7010,1,0
F,H,F,5480,100,5480,1,0
A,G,G,10604,100,10604,1,0
B,G,G,7053,100,7053,1,0
C,G,G,1393,100,1393,1,0
D,G,G,8878,100,8878,1,0
E,G,G,10609,100,10609,1,0
F,G,G,7006,100,7006,1,0
G,H,G,8894,100,8894,1,0
A,H,H,9957,100,9957,1,0
B,H,H,5738,100,5738,1,0
C,H,H,8925,100,8925,1,0
D,H,H,1481,100,1481,1,0
E,H,H,10163,100,10163,1,0
F,H,H,5433,100,5433,1,0
G,H,H,8848,100,8848,1,0
A,B,A,4762,100,4762,1,0
A,C,A,10663,100,10663,1,0
A,D,A,9549,100,9549,1,0
A,E,A,1384,100,1384,1,0
A,F,A,5057,100,5057,1,0
A,G,A,10648,100,10648,1,0
A,H,A,9955,100,9955,1,0
A,B,B,4749,100,4749,1,0
B,C,B,7040,100,7040,1,0
B,D,B,5291,100,5291,1,0
B,E,B,5204,100,5204,1,0
B,F,B,1354,100,1354,1,0
B,G,B,7078,100,7078,1,0
B,H,B,5781,100,5781,1,0
A,C,C,10670,100,10670,1,0
B,C,C,7020,100,7020,1,0
C,D,C,8752,100,8752,1,0
C,E,C,10823,100,10823,1,0
C,F,C,7218,100,7218,1,0
C,G,C,1382,100,1382,1,0
C,H,C,8923,100,8923,1,0
A,D,D,9511,100,9511,1,0
B,D,D,5256,100,5256,1,0
C,D,D,8760,100,8760,1,0
D,E,D,9935,100,9935,1,0
D,F,D,5392,100,5392,1,0
D,G,D,8889,100,8889,1,0
D,H,D,1537,100,1537,1,0
A,E,E,1364,100,1364,1,0
B,E,E,5172,100,5172,1,0
C,E,E,10846,100,10846,1,0
D,E,E,9940,100,9940,1,0
E,F,E,5111,100,5111,1,0
E,G,E,10628,100,10628,1,0
E,H,E,10133,100,10133,1,0
A,F,F,5052,100,5052,1,0
B,F,F,1363,100,1363,1,0
C,F,F,7192,100,7192,1,0
D,F,F,5361,100,5361,1,0
E,F,F,5094,100,5094,1,0
F,G,F,6982,100,6982,1,0
F,H,F,5441,100,5441,1,0
A,G,G,10635,100,10635,1,0
B,G,G,7095,100,7095,1,0
C,G,G,1365,100,1365,1,0
D,G,G,8871,100,8871,1,0
E,G,G,10639,100,10639,1,0
F,G,G,7011,100,7011,1,0
G,H,G,8878,100,8878,1,0
A,H,H,9962,100,9962,1,0
B,H,H,5753,100,5753,1,0
C,H,H,8948,100,8948,1,0
D,H,H,1542,100,1542,1,0
E,H,H,10164,100,10164,1,0
F,H,H,5508,100,5508,1,0
G,H,H,8884,100,8884,1,0
A,B,A,4760,100,4760,1,0
A,C,A,10608,100,10608,1,0
A,D,A,9528,100,9528,1,0
A,E,A,1411,100,1411,1,0
A,F,A,5073,100,5073,1,0
A,G,A,10630,100,10630,1,0
A,H,A,9923,100,9923,1,0
A,B,B,4766,100,4766,1,0
B,C,B,7006,100,7006,1,0
B,D,B,5288,100,5288,1,0
B,E,B,5183,100,5183,1,0
B,F,B,1334,100,1334,1,0
B,G,B,7067,100,7067,1,0
B,H,B,5739,100,5739,1,0
A,C,C,10607,100,10607,1,0
B,C,C,6979,100,6979,1,0
C,D,C,8757,100,8757,1,0
C,E,C,10784,100,10784,1,0
C,F,C,7176,100,7176,1,0
C,G,C,1343,100,1343,1,0
C,H,C,8957,100,8957,1,0
A,D,D,9514,100,9514,1,0
B,D,D,5262,100,5262,1,0
C,D,D,8764,100,8764,1,0
D,E,D,9874,100,9874,1,0
D,F,D,5401,100,5401,1,0
D,G,D,8881,100,8881,1,0
D,H,D,1483,100,1483,1,0
A,E,E,1429,100,1429,1,0
B,E,E,5222,100,5222,1,0
C,E,E,10846,100,10846,1,0
D,E,E,9946,100,9946,1,0
E,F,E,5119,100,5119,1,0
E,G,E,10630,100,10630,1,0
E,H,E,10124,100,10124,1,0
A,F,F,5044,100,5044,1,0
B,F,F,1362,100,1362,1,0
C,F,F,7184,100,7184,1,0
D,F,F,5350,100,5350,1,0
E,F,F,5070,100,5070,1,0
F,G,F,7002,100,7002,1,0
F,H,F,5462,100,5462,1,0
A,G,G,10627,100,10627,1,0
B,G,G,7086,100,7086,1,0
C,G,G,1380,100,1380,1,0
D,G,G,8897,100,8897,1,0
E,G,G,10627,100,10627,1,0
F,G,G,6999,100,6999,1,0
G,H,G,8874,100,8874,1,0
A,H,H,9907,100,9907,1,0
B,H,H,5784,100,5784,1,0
C,H,H,8904,100,8904,1,0
D,H,H,1436,100,1436,1,0
E,H,H,10148,100,10148,1,0
F,H,H,5441,100,5441,1,0
G,H,H,8906,100,8906,1,0
A,B,A,4783,100,4783,1,0
A,C,A,10641,100,10641,1,0
A,D,A,9523,100,9523,1,0
A,E,A,1383,100,1383,1,0
A,F,A,5033,100,5033,1,0
A,G,A,10646,100,10646,1,0
A,H,A,9982,100,9982,1,0
A,B,B,4788,100,4788,1,0
B,C,B,6991,100,6991,1,0
B,D,B,5316,100,5316,1,0
B,E,B,5172,100,5172,1,0
B,F,B,1347,100,1347,1,0
B,G,B,7090,100,7090,1,0
B,H,B,5757,100,5757,1,0
A,C,C,10683,100,10683,1,0
B,C,C,7019,100,7019,1,0
C,D,C,8757,100,8757,1,0
C,E,C,10808,100,10808,1,0
C,F,C,7192,100,7192,1,0
C,G,C,1408,100,1408,1,0
C,H,C,8920,100,8920,1,0
A,D,D,9503,100,9503,1,0
B,D,D,5260,100,5260,1,0
C,D,D,8707,100,8707,1,0
D,E,D,9930,100,9930,1,0
D,F,D,5345,100,5345,1,0
D,G,D,8907,100,8907,1,0
D,H,D,1489,100,1489,1,0
A,E,E,1452,100,1452,1,0
B,E,E,5148,100,5148,1,0
C,E,E,10814,100,10814,1,0
D,E,E,9888,100,9888,1,0
E,F,E,5108,100,5108,1,0
E,G,E,10623,100,10623,1,0
E,H,E,10105,100,10105,1,0
A,F,F,5028,100,5028,1,0
B,F,F,1353,100,1353,1,0
C,F,F,7186,100,7186,1,0
D,F,F,5395,100,5395,1,0
E,F,F,5124,100,5124,1,0
F,G,F,6997,100,6997,1,0
F,H,F,5433,100,5433,1,0
A,G,G,10640,100,10640,1,0
B,G,G,7074,100,7074,1,0
C,G,G,1379,100,1379,1,0
D,G,G,8899,100,8899,1,0
E,G,G,10619,100,10619,1,0
F,G,G,7010,100,7010,1,0
G,H,G,8858,100,8858,1,0
A,H,H,9962,100,9962,1,0
B,H,H,5733,100,5733,1,0
C,H,H,8926,100,8926,1,0
D,H,H,1482,100,1482,1,0
E,H,H,10144,100,10144,1,0
F,H,H,5441,100,5441,1,0
G,H,H,8863,100,8863,1,0
A,B,A,4774,100,4774,1,0
A,C,A,10618,100,10618,1,0
A,D,A,9524,100,9524,1,0
A,E,A,1394,100,1394,1,0
A,F,A,5047,100,5047,1,0
A,G,A,10583,100,10583,1,0
A,H,A,9954,100,9954,1,0
A,B,B,4751,100,4751,1,0
B,C,B,6996,100,6996,1,0
B,D,B,5290,100,5290,1,0
B,E,B,5205,100,5205,1,0
B,F,B,1363,100,1363,1,0
B,G,B,7099,100,7099,1,0
B,H,B,5775,100,5775,1,0
A,C,C,10650,100,10650,1,0
B,C,C,7002,100,7002,1,0
C,D,C,8738,100,8738,1,0
C,E,C,10779,100,10779,1,0
C,F,C,7196,100,7196,1,0
C,G,C,1396,100,1396,1,0
C,H,C,8929,100,8929,1,0
A,D,D,9553,100,9553,1,0
B,D,D,5275,100,5275,1,0
C,D,D,8748,100,8748,1,0
D,E,D,9952,100,9952,1,0
D,F,D,5376,100,5376,1,0
D,G,D,8912,100,8912,1,0
D,H,D,1528,100,1528,1,0
A,E,E,1399,100,1399,1,0
B,E,E,5165,100,5165,1,0
C,E,E,10846,100,10846,1,0
D,E,E,9974,100,9974,1,0
E,F,E,5107,100,5107,1,0
E,G,E,10662,100,10662,1,0
E,H,E,10163,100,10163,1,0
A,F,F,5095,100,5095,1,0
B,F,F,1379,100,1379,1,0
C,F,F,7206,100,7206,1,0
D,F,F,5368,100,5368,1,0
E,F,F,5099,100,5099,1,0
F,G,F,6990,100,6990,1,0
F,H,F,5457,100,5457,1,0
A,G,G,10652,100,10652,1,0
B,G,G,7045,100,7045,1,0
C,G,G,1376,100,1376,1,0
D,G,G,8880,100,8880,1,0
E,G,G,10652,100,10652,1,0
F,G,G,7016,100,7016,1,0
G,H,G,8868,100,8868,1,0
A,H,H,10012,100,10012,1,0
B,H,H,5730,100,5730,1,0
C,H,H,8943,100,8943,1,0
D,H,H,1520,100,1520,1,0
E,H,H,10148,100,10148,1,0
F,H,H,5389,100,5389,1,0
G,H,H,8883,100,8883,1,0
A,B,A,4803,100,4803,1,0
A,C,A,10589,100,10589,1,0
A,D,A,9533,100,9533,1,0
A,E,A,1395,100,1395,1,0
A,F,A,5047,100,5047,1,0
A,G,A,10643,100,10643,1,0
A,H,A,10000,100,10000,1,0
A,B,B,4769,100,4769,1,0
B,C,B,6990,100,6990,1,0
B,D,B,5279,100,5279,1,0
B,E,B,5188,100,5188,1,0
B,F,B,1360,100,1360,1,0
B,G,B,7056,100,7056,1,0
B,H,B,5713,100,5713,1,0
A,C,C,10633,100,10633,1,0
B,C,C,7018,100,7018,1,0
C,D,C,8752,100,8752,1,0
C,E,C,10810,100,10810,1,0
C,F,C,7209,100,7209,1,0
C,G,C,1396,100,1396,1,0
C,H,C,8933,100,8933,1,0
A,D,D,9557,100,9557,1,0
B,D,D,5259,100,5259,1,0
C,D,D,8747,100,8747,1,0
D,E,D,9933,100,9933,1,0
D,F,D,5389,100,5389,1,0
D,G,D,8902,100,8902,1,0
D,H,D,1520,100,1520,1,0
A,E,E,1420,100,1420,1,0
B,E,E,5194,100,5194,1,0
C,E,E,10830,100,10830,1,0
D,E,E,9856,100,9856,1,0
E,F,E,5096,100,5096,1,0
E,G,E,10656,100,10656,1,0
E,H,E,10140,100,10140,1,0
A,F,F,5050,100,5050,1,0
B,F,F,1347,100,1347,1,0
C,F,F,7193,100,7193,1,0
D,F,F,5384,100,5384,1,0
E,F,F,5093,100,5093,1,0
F,G,F,6984,100,6984,1,0
F,H,F,5459,100,5459,1,0
A,G,G,10635,100,10635,1,0
B,G,G,7109,100,7109,1,0
C,G,G,1370,100,1370,1,0
D,G,G,8918,100,8918,1,0
E,G,G,10627,100,10627,1,0
F,G,G,6994,100,6994,1,0
G,H,G,8905,100,8905,1,0
A,H,H,9991,100,9991,1,0
B,H,H,5739,100,5739,1,0
C,H,H,8924,100,8924,1,0
D,H,H,1438,100,1438,1,0
E,H,H,10117,100,10117,1,0
F,H,H,5432,100,5432,1,0
G,H,H,8841,100,8841,1,0
A,B,A,4775,100,4775,1,0
A,C,A,10606,100,10606,1,0
A,D,A,9537,100,9537,1,0
A,E,A,1448,100,1448,1,0
A,F,A,5087,100,5087,1,0
A,G,A,10663,100,10663,1,0
A,H,A,9983,100,9983,1,0
A,B,B,4769,100,4769,1,0
B,C,B,7009,100,7009,1,0
B,D,B,5279,100,5279,1,0
B,E,B,5207,100,5207,1,0
B,F,B,1344,100,1344,1,0
B,G,B,7104,100,7104,1,0
B,H,B,5743,100,5743,1,0
A,C,C,10614,100,10614,1,0
B,C,C,7020,100,7020,1,0
C,D,C,8695,100,8695,1,0
C,E,C,10813,100,10813,1,0
C,F,C,7196,100,7196,1,0
C,G,C,1369,100,1369,1,0
C,H,C,8924,100,8924,1,0
A,D,D,9543,100,9543,1,0
B,D,D,5262,100,5262,1,0
C,D,D,8737,100,8737,1,0
D,E,D,9935,100,9935,1,0
D,F,D,5333,100,5333,1,0
D,G,D,8893,100,8893,1,0
D,H,D,1472,100,1472,1,0
A,E,E,1429,100,1429,1,0
B,E,E,5164,100,5164,1,0
C,E,E,10792,100,10792,1,0
D,E,E,9968,100,9968,1,0
E,F,E,5126,100,5126,1,0
E,G,E,10651,100,10651,1,0
E,H,E,10179,100,10179,1,0
A,F,F,5047,100,5047,1,0
B,F,F,1365,100,1365,1,0
C,F,F,7207,100,7207,1,0
D,F,F,5345,100,5345,1,0
E,F,F,5132,100,5132,1,0
F,G,F,7002,100,7002,1,0
F,H,F,5452,100,5452,1,0
A,G,G,10648,100,10648,1,0
B,G,G,7085,100,7085,1,0
C,G,G,1347,100,1347,1,0
D,G,G,8884,100,8884,1,0
E,G,G,10637,100,10637,1,0
F,G,G,6995,100,6995,1,0
G,H,G,8876,100,8876,1,0
A,H,H,9932,100,9932,1,0
B,H,H,5742,100,5742,1,0
C,H,H,8940,100,8940,1,0
D,H,H,1424,100,1424,1,0
E,H,H,10138,100,10138,1,0
F,H,H,5426,100,5426,1,0
G,H,H,8900,100,8900,1,0
A,B,A,4741,100,4741,1,0
A,C,A,10637,100,10637,1,0
A,D,A,9516,100,9516,1,0
A,E,A,1397,100,1397,1,0
A,F,A,5043,100,5043,1,0
A,G,A,10572,100,10572,1,0
A,H,A,9914,100,9914,1,0
A,B,B,4804,100,4804,1,0
B,C,B,7025,100,7025,1,0
B,D,B,5281,100,5281,1,0
B,E,B,5180,100,5180,1,0
B,F,B,1400,100,1400,1,0
B,G,B,7097,100,7097,1,0
B,H,B,5755,100,5755,1,0
A,C,C,10624,100,10624,1,0
B,C,C,7027,100,7027,1,0
C,D,C,8728,100,8728,1,0
C,E,C,10801,100,10801,1,0
C,F,C,7196,100,7196,1,0
C,G,C,1351,100,1351,1,0
C,H,C,8909,100,8909,1,0
A,D,D,9519,100,9519,1,0
B,D,D,5267,100,5267,1,0
C,D,D,8751,100,8751,1,0
D,E,D,9927,100,9927,1,0
D,F,D,5378,100,5378,1,0
D,G,D,8861,100,8861,1,0
D,H,D,1565,100,1565,1,0
A,E,E,1402,100,1402,1,0
B,E,E,5218,100,5218,1,0
C,E,E,10856,100,10856,1,0
D,E,E,9962,100,9962,1,0
E,F,E,5138,100,5138,1,0
E,G,E,10638,100,10638,1,0
E,H,E,10122,100,10122,1,0
A,F,F,5107,100,5107,1,0
B,F,F,1369,100,1369,1,0
C,F,F,7188,100,7188,1,0
D,F,F,5357,100,5357,1,0
E,F,F,5102,100,5102,1,0
F,G,F,6983,100,6983,1,0
F,H,F,5425,100,5425,1,0
A,G,G,10541,100,10541,1,0
B,G,G,7108,100,7108,1,0
C,G,G,1370,100,1370,1,0
D,G,G,8914,100,8914,1,0
E,G,G,10655,100,10655,1,0
F,G,G,6961,100,6961,1,0
G,H,G,8896,100,8896,1,0
A,H,H,9905,100,9905,1,0
B,H,H,5761,100,5761,1,0
C,H,H,8948,100,8948,1,0
D,H,H,1504,100,1504,1,0
E,H,H,10127,100,10127,1,0
F,H,H,5486,100,5486,1,0
G,H,H,8869,100,8869,1,0
A,B,A,4751,100,4751,1,0
A,C,A,10639,100,10639,1,0
A,D,A,9517,100,9517,1,0
A,E,A,1362,100,1362,1,0
A,F,A,5059,100,5059,1,0
A,G,A,10599,100,10599,1,0
A,H,A,9984,100,9984,1,0
A,B,B,4807,100,4807,1,0
B,C,B,7003,100,7003,1,0
B,D,B,5317,100,5317,1,0
B,E,B,5172,100,5172,1,0
B,F,B,1355,100,1355,1,0
B,G,B,7094,100,7094,1,0
B,H,B,5768,100,5768,1,0
A,C,C,10597,100,10597,1,0
B,C,C,7000,100,7000,1,0
C,D,C,8701,100,8701,1,0
C,E,C,10848,100,10848,1,0
C,F,C,7182,100,7182,1,0
C,G,C,1358,100,1358,1,0
C,H,C,8939,100,8939,1,0
A,D,D,9542,100,9542,1,0
B,D,D,5271,100,5271,1,0
C,D,D,8743,100,8743,1,0
D,E,D,9923,100,9923,1,0
D,F,D,5355,100,5355,1,0
D,G,D,8897,100,8897,1,0
D,H,D,1494,100,1494,1,0
A,E,E,1408,100,1408,1,0
B,E,E,5196,100,5196,1,0
C,E,E,10826,100,10826,1,0
D,E,E,9940,100,9940,1,0
E,F,E,5105,100,5105,1,0
E,G,E,10657,100,10657,1,0
E,H,E,10150,100,10150,1,0
A,F,F,5102,100,5102,1,0
B,F,F,1355,100,1355,1,0
C,F,F,7196,100,7196,1,0
D,F,F,5389,100,5389,1,0
E,F,F,5093,100,5093,1,0
F,G,F,6979,100,6979,1,0
F,H,F,5463,100,5463,1,0
A,G,G,10642,100,10642,1,0
B,G,G,7112,100,7112,1,0
C,G,G,1359,100,1359,1,0
D,G,G,8873,100,8873,1,0
E,G,G,10639,100,10639,1,0
F,G,G,6992,100,6992,1,0
G,H,G,8847,100,8847,1,0
A,H,H,9944,100,9944,1,0
B,H,H,5742,100,5742,1,0
C,H,H,8915,100,8915,1,0
D,H,H,1530,100,1530,1,0
E,H,H,10158,100,10158,1,0
F,H,H,5479,100,5479,1,0
G,H,H,8912,100,8912,1,0
A,B,A,4766,100,4766,1,0
A,C,A,10692,100,10692,1,0
A,D,A,9509,100,9509,1,0
A,E,A,1425,100,1425,1,0
A,F,A,5027,100,5027,1,0
A,G,A,10625,100,10625,1,0
A,H,A,9951,100,9951,1,0
A,B,B,4741,100,4741,1,0
B,C,B,7006,100,7006,1,0
B,D,B,5319,100,5319,1,0
B,E,B,5186,100,5186,1,0
B,F,B,1356,100,1356,1,0
B,G,B,7063,100,7063,1,0
B,H,B,5775,100,5775,1,0
A,C,C,10651,100,10651,1,0
B,C,C,7005,100,7005,1,0
C,D,C,8742,100,8742,1,0
C,E,C,10840,100,10840,1,0
C,F,C,7193,100,7193,1,0
C,G,C,1383,100,1383,1,0
C,H,C,8941,100,8941,1,0
A,D,D,9555,100,9555,1,0
B,D,D,5267,100,5267,1,0
C,D,D,8750,100,8750,1,0
D,E,D,9906,100,9906,1,0
D,F,D,5392,100,5392,1,0
D,G,D,8877,100,8877,1,0
D,H,D,1457,100,1457,1,0
A,E,E,1386,100,1386,1,0
B,E,E,5181,100,5181,1,0
C,E,E,10838,100,10838,1,0
D,E,E,9958,100,9958,1,0
E,F,E,5099,100,5099,1,0
E,G,E,10662,100,10662,1,0
E,H,E,10157,100,10157,1,0
A,F,F,5040,100,5040,1,0
B,F,F,1391,100,1391,1,0
C,F,F,7203,100,7203,1,0
D,F,F,5349,100,5349,1,0
E,F,F,5088,100,5088,1,0
F,G,F,7002,100,7002,1,0
F,H,F,5517,100,5517,1,0
A,G,G,10628,100,10628,1,0
B,G,G,7103,100,7103,1,0
C,G,G,1384,100,1384,1,0
D,G,G,8901,100,8901,1,0
E,G,G,10616,100,10616,1,0
F,G,G,6959,100,6959,1,0
G,H,G,8857,100,8857,1,0
A,H,H,9940,100,9940,1,0
B,H,H,5738,100,5738,1,0
C,H,H,8966,100,8966,1,0
D,H,H,1514,100,1514,1,0
E,H,H,10123,100,10123,1,0
F,H,H,5435,100,5435,1,0
G,H,H,8902,100,8902,1,0
A,B,A,4772,100,4772,1,0
A,C,A,10664,100,10664,1,0
A,D,A,9534,100,9534,1,0
A,E,A,1421,100,1421,1,0
A,F,A,5038,100,5038,1,0
A,G,A,10600,100,10600,1,0
A,H,A,9960,100,9960,1,0
A,B,B,4747,100,4747,1,0
B,C,B,7012,100,7012,1,0
B,D,B,5287,100,5287,1,0
B,E,B,5201,100,5201,1,0
B,F,B,1376,100,1376,1,0
B,G,B,7074,100,7074,1,0
B,H,B,5732,100,5732,1,0
A,C,C,10654,100,10654,1,0
B,C,C,7026,100,7026,1,0
C,D,C,8743,100,8743,1,0
C,E,C,10807,100,10807,1,0
C,F,C,7215,100,7215,1,0
C,G,C,1396,100,1396,1,0
C,H,C,8929,100,8929,1,0
A,D,D,9536,100,9536,1,0
B,D,D,5245,100,5245,1,0
C,D,D,8746,100,8746,1,0
D,E,D,9931,100,9931,1,0
D,F,D,5398,100,5398,1,0
D,G,D,8881,100,8881,1,0
D,H,D,1495,100,1495,1,0
A,E,E,1376,100,1376,1,0
B,E,E,5163,100,5163,1,0
C,E,E,10813,100,10813,1,0
D,E,E,9948,100,9948,1,0
E,F,E,5111,100,5111,1,0
E,G,E,10628,100,10628,1,0
E,H,E,10172,100,10172,1,0
A,F,F,5034,100,5034,1,0
B,F,F,1392,100,1392,1,0
C,F,F,7197,100,7197,1,0
D,F,F,5329,100,5329,1,0
E,F,F,5112,100,5112,1,0
F,G,F,7031,100,7031,1,0
F,H,F,5444,100,5444,1,0
A,G,G,10627,100,10627,1,0
B,G,G,7077,100,7077,1,0
C,G,G,1369,100,1369,1,0
D,G,G,8887,100,8887,1,0
E,G,G,10650,100,10650,1,0
F,G,G,6984,100,6984,1,0
G,H,G,8873,100,8873,1,0
A,H,H,9911,100,9911,1,0
B,H,H,5695,100,5695,1,0
C,H,H,8931,100,8931,1,0
D,H,H,1577,100,1577,1,0
E,H,H,10153,100,10153,1,0
F,H,H,5487,100,5487,1,0
G,H,H,8847,100,8847,1,0
A,B,A,4760,100,4760,1,0
A,C,A,10675,100,10675,1,0
A,D,A,9511,100,9511,1,0
A,E,A,1407,100,1407,1,0
A,F,A,5059,100,5059,1,0
A,G,A,10623,100,10623,1,0
A,H,A,9959,100,9959,1,0
A,B,B,4732,100,4732,1,0
B,C,B,7013,100,7013,1,0
B,D,B,5255,100,5255,1,0
B,E,B,5200,100,5200,1,0
B,F,B,1368,100,1368,1,0
B,G,B,7030,100,7030,1,0
B,H,B,5744,100,5744,1,0
A,C,C,10666,100,10666,1,0
B,C,C,7015,100,7015,1,0
C,D,C,8759,100,8759,1,0
C,E,C,10849,100,10849,1,0
C,F,C,7189,100,7189,1,0
C,G,C,1397,100,1397,1,0
C,H,C,8909,100,8909,1,0
A,D,D,9530,100,9530,1,0
B,D,D,5282,100,5282,1,0
C,D,D,8755,100,8755,1,0
D,E,D,9873,100,9873,1,0
D,F,D,5354,100,5354,1,0
D,G,D,8916,100,8916,1,0
D,H,D,1518,100,1518,1,0
A,E,E,1400,100,1400,1,0
B,E,E,5231,100,5231,1,0
C,E,E,10791,100,10791,1,0
D,E,E,9877,100,9877,1,0
E,F,E,5085,100,5085,1,0
E,G,E,10652,100,10652,1,0
E,H,E,10147,100,10147,1,0
A,F,F,5068,100,5068,1,0
B,F,F,1369,100,1369,1,0
C,F,F,7188,100,7188,1,0
D,F,F,5385,100,5385,1,0
E,F,F,5114,100,5114,1,0
F,G,F,7005,100,7005,1,0
F,H,F,5423,100,5423,1,0
A,G,G,10623,100,10623,1,0
B,G,G,7122,100,7122,1,0
C,G,G,1366,100,1366,1,0
D,G,G,8881,100,8881,1,0
E,G,G,10643,100,10643,1,0
F,G,G,6971,100,6971,1,0
G,H,G,8881,100,8881,1,0
A,H,H,9962,100,9962,1,0
B,H,H,5737,100,5737,1,0
C,H,H,8889,100,8889,1,0
D,H,H,1478,100,1478,1,0
E,H,H,10116,100,10116,1,0
F,H,H,5431,100,5431,1,0
G,H,H,8834,100,8834,1,0
A,B,A,4766,100,4766,1,0
A,C,A,10620,100,10620,1,0
A,D,A,9504,100,9504,1,0
A,E,A,1421,100,1421,1,0
A,F,A,5079,100,5079,1,0
A,G,A,10654,100,10654,1,0
A,H,A,9974,100,9974,1,0
A,B,B,4747,100,4747,1,0
B,C,B,7006,100,7006,1,0
B,D,B,5308,100,5308,1,0
B,E,B,5217,100,5217,1,0
B,F,B,1362,100,1362,1,0
B,G,B,7102,100,7102,1,0
B,H,B,5751,100,5751,1,0
A,C,C,10642,100,10642,1,0
B,C,C,7002,100,7002,1,0
C,D,C,8757,100,8757,1,0
C,E,C,10828,100,10828,1,0
C,F,C,7174,100,7174,1,0
C,G,C,1381,100,1381,1,0
C,H,C,8936,100,8936,1,0
A,D,D,9522,100,9522,1,0
B,D,D,5336,100,5336,1,0
C,D,D,8772,100,8772,1,0
D,E,D,9945,100,9945,1,0
D,F,D,5377,100,5377,1,0
D,G,D,8892,100,8892,1,0
D,H,D,1525,100,1525,1,0
A,E,E,1491,100,1491,1,0
B,E,E,5217,100,5217,1,0
C,E,E,10784,100,10784,1,0
D,E,E,9907,100,9907,1,0
E,F,E,5114,100,5114,1,0
E,G,E,10623,100,10623,1,0
E,H,E,10113,100,10113,1,0
A,F,F,5038,100,5038,1,0
B,F,F,1360,100,1360,1,0
C,F,F,7208,100,7208,1,0
D,F,F,5368,100,5368,1,0
E,F,F,5111,100,5111,1,0
F,G,F,7034,100,7034,1,0
F,H,F,5516,100,5516,1,0
A,G,G,10603,100,10603,1,0
B,G,G,7085,100,7085,1,0
C,G,G,1359,100,1359,1,0
D,G,G,8875,100,8875,1,0
E,G,G,10630,100,10630,1,0
F,G,G,6992,100,6992,1,0
G,H,G,8869,100,8869,1,0
A,H,H,9977,100,9977,1,0
B,H,H,5781,100,5781,1,0
C,H,H,8940,100,8940,1,0
D,H,H,1494,100,1494,1,0
E,H,H,10120,100,10120,1,0
F,H,H,5444,100,5444,1,0
G,H,H,8860,100,8860,1,0
A,B,A,4749,100,4749,1,0
A,C,A,10639,100,10639,1,0
A,D,A,9553,100,9553,1,0
A,E,A,1376,100,1376,1,0
A,F,A,5067,100,5067,1,0
A,G,A,10637,100,10637,1,0
A,H,A,9944,100,9944,1,0
A,B,B,4733,100,4733,1,0
B,C,B,6988,100,6988,1,0
B,D,B,5259,100,5259,1,0
B,E,B,5155,100,5155,1,0
B,F,B,1338,100,1338,1,0
B,G,B,7070,100,7070,1,0
B,H,B,5699,100,5699,1,0
A,C,C,10620,100,10620,1,0
B,C,C,6973,100,6973,1,0
C,D,C,8728,100,8728,1,0
C,E,C,10816,100,10816,1,0
C,F,C,7184,100,7184,1,0
C,G,C,1348,100,1348,1,0
C,H,C,8956,100,8956,1,0
A,D,D,9523,100,9523,1,0
B,D,D,5318,100,5318,1,0
C,D,D,8772,100,8772,1,0
D,E,D,9977,100,9977,1,0
D,F,D,5351,100,5351,1,0
D,G,D,8870,100,8870,1,0
D,H,D,1506,100,1506,1,0
A,E,E,1461,100,1461,1,0
B,E,E,5151,100,5151,1,0
C,E,E,10858,100,10858,1,0
D,E,E,9881,100,9881,1,0
E,F,E,5104,100,5104,1,0
E,G,E,10622,100,10622,1,0
E,H,E,10171,100,10171,1,0
A,F,F,5051,100,5051,1,0
B,F,F,1364,100,1364,1,0
C,F,F,7204,100,7204,1,0
D,F,F,5353,100,5353,1,0
E,F,F,5084,100,5084,1,0
F,G,F,6987,100,6987,1,0
F,H,F,5491,100,5491,1,0
A,G,G,10648,100,10648,1,0
B,G,G,7086,100,7086,1,0
C,G,G,1377,100,1377,1,0
D,G,G,8887,100,8887,1,0
E,G,G,10651,100,10651,1,0
F,G,G,6989,100,6989,1,0
G,H,G,8885,100,8885,1,0
A,H,H,9913,100,9913,1,0
B,H,H,5780,100,5780,1,0
C,H,H,8926,100,8926,1,0
D,H,H,1490,100,1490,1,0
E,H,H,10114,100,10114,1,0
F,H,H,5434,100,5434,1,0
G,H,H,8819,100,8819,1,0
A,B,A,4774,100,4774,1,0
A,C,A,10646,100,10646,1,0
A,D,A,9541,100,9541,1,0
A,E,A,1447,100,1447,1,0
A,F,A,5108,100,5108,1,0
A,G,A,10614,100,10614,1,0
A,H,A,9944,100,9944,1,0
A,B,B,4777,100,4777,1,0
B,C,B,7017,100,7017,1,0
B,D,B,5267,100,5267,1,0
B,E,B,5169,100,5169,1,0
B,F,B,1370,100,1370,1,0
B,G,B,7073,100,7073,1,0
B,H,B,5754,100,5754,1,0
A,C,C,10666,100,10666,1,0
B,C,C,6994,100,6994,1,0
C,D,C,8760,100,8760,1,0
C,E,C,10771,100,10771,1,0
C,F,C,7219,100,7219,1,0
C,G,C,1344,100,1344,1,0
C,H,C,8911,100,8911,1,0
A,D,D,9523,100,9523,1,0
B,D,D,5310,100,5310,1,0
C,D,D,8727,100,8727,1,0
D,E,D,9917,100,9917,1,0
D,F,D,5403,100,5403,1,0
D,G,D,8908,100,8908,1,0
D,H,D,1486,100,1486,1,0
A,E,E,1462,100,1462,1,0
B,E,E,5171,100,5171,1,0
C,E,E,10783,100,10783,1,0
D,E,E,9868,100,9868,1,0
E,F,E,5113,100,5113,1,0
E,G,E,10624,100,10624,1,0
E,H,E,10145,100,10145,1,0
A,F,F,5054,100,5054,1,0
B,F,F,1347,100,1347,1,0
C,F,F,7190,100,7190,1,0
D,F,F,5343,100,5343,1,0
E,F,F,5103,100,5103,1,0
F,G,F,7041,100,7041,1,0
F,H,F,5463,100,5463,1,0
A,G,G,10625,100,10625,1,0
B,G,G,7074,100,7074,1,0
C,G,G,1383,100,1383,1,0
D,G,G,8860,100,8860,1,0
E,G,G,10634,100,10634,1,0
F,G,G,6988,100,6988,1,0
G,H,G,8895,100,8895,1,0
A,H,H,9910,100,9910,1,0
B,H,H,5742,100,5742,1,0
C,H,H,8935,100,8935,1,0
D,H,H,1470,100,1470,1,0
E,H,H,10147,100,10147,1,0
F,H,H,5447,100,5447,1,0
G,H,H,8848,100,8848,1,0
A,B,A,4798,100,4798,1,0
A,C,A,10632,100,10632,1,0
A,D,A,9521,100,9521,1,0
A,E,A,1425,100,1425,1,0
A,F,A,5074,100,5074,1,0
A,G,A,10613,100,10613,1,0
A,H,A,9953,100,9953,1,0
A,B,B,4762,100,4762,1,0
B,C,B,7043,100,7043,1,0
B,D,B,5283,100,5283,1,0
B,E,B,5198,100,5198,1,0
B,F,B,1356,100,1356,1,0
B,G,B,7089,100,7089,1,0
B,H,B,5702,100,5702,1,0
A,C,C,10632,100,10632,1,0
B,C,C,6994,100,6994,1,0
C,D,C,8770,100,8770,1,0
C,E,C,10837,100,10837,1,0
C,F,C,7211,100,7211,1,0
C,G,C,1336,100,1336,1,0
C,H,C,8915,100,8915,1,0
A,D,D,9509,100,9509,1,0
B,D,D,5293,100,5293,1,0
C,D,D,8738,100,8738,1,0
D,E,D,9924,100,9924,1,0
D,F,D,5374,100,5374,1,0
D,G,D,8927,100,8927,1,0
D,H,D,1481,100,1481,1,0
A,E,E,1384,100,1384,1,0
B,E,E,5155,100,5155,1,0
C,E,E,10819,100,10819,1,0
D,E,E,9916,100,9916,1,0
E,F,E,5096,100,5096,1,0
E,G,E,10648,100,10648,1,0
E,H,E,10142,100,10142,1,0
A,F,F,5078,100,5078,1,0
B,F,F,1395,100,1395,1,0
C,F,F,7168,100,7168,1,0
D,F,F,5351,100,5351,1,0
E,F,F,5112,100,5112,1,0
F,G,F,6989,100,6989,1,0
F,H,F,5497,100,5497,1,0
A,G,G,10592,100,10592,1,0
B,G,G,7057,100,7057,1,0
C,G,G,1315,100,1315,1,0
D,G,G,8890,100,8890,1,0
E,G,G,10630,100,10630,1,0
F,G,G,6991,100,6991,1,0
G,H,G,8895,100,8895,1,0
A,H,H,9953,100,9953,1,0
B,H,H,5745,100,5745,1,0
C,H,H,8946,100,8946,1,0
D,H,H,1477,100,1477,1,0
E,H,H,10159,100,10159,1,0
F,H,H,5463,100,5463,1,0
G,H,H,8825,100,8825,1,0
A,B,A,4807,100,4807,1,0
A,C,A,10594,100,10594,1,0
A,D,A,9537,100,9537,1,0
A,E,A,1413,100,1413,1,0
A,F,A,5032,100,5032,1,0
A,G,A,10648,100,10648,1,0
A,H,A,9971,100,9971,1,0
A,B,B,4799,100,4799,1,0
B,C,B,7012,100,7012,1,0
B,D,B,5339,100,5339,1,0
B,E,B,5168,100,5168,1,0
B,F,B,1342,100,1342,1,0
B,G,B,7096,100,7096,1,0
B,H,B,5745,100,5745,1,0
A,C,C,10620,100,10620,1,0
B,C,C,7052,100,7052,1,0
C,D,C,8743,100,8743,1,0
C,E,C,10793,100,10793,1,0
C,F,C,7204,100,7204,1,0
C,G,C,1377,100,1377,1,0
C,H,C,8965,100,8965,1,0
A,D,D,9509,100,9509,1,0
B,D,D,5282,100,5282,1,0
C,D,D,8726,100,8726,1,0
D,E,D,9937,100,9937,1,0
D,F,D,5338,100,5338,1,0
D,G,D,8869,100,8869,1,0
D,H,D,1498,100,1498,1,0
A,E,E,1377,100,1377,1,0
B,E,E,5167,100,5167,1,0
C,E,E,10839,100,10839,1,0
D,E,E,9941,100,9941,1,0
E,F,E,5099,100,5099,1,0
E,G,E,10639,100,10639,1,0
E,H,E,10163,100,10163,1,0
A,F,F,5057,100,5057,1,0
B,F,F,1341,100,1341,1,0
C,F,F,7204,100,7204,1,0
D,F,F,5381,100,5381,1,0
E,F,F,5084,100,5084,1,0
F,G,F,7005,100,7005,1,0
F,H,F,5475,100,5475,1,0
A,G,G,10629,100,10629,1,0
B,G,G,7055,100,7055,1,0
C,G,G,1392,100,1392,1,0
D,G,G,8916,100,8916,1,0
E,G,G,10631,100,10631,1,0
F,G,G,7028,100,7028,1,0
G,H,G,8899,100,8899,1,0
A,H,H,9934,100,9934,1,0
B,H,H,5746,100,5746,1,0
C,H,H,8899,100,8899,1,0
D,H,H,1460,100,1460,1,0
E,H,H,10119,100,10119,1,0
F,H,H,5450,100,5450,1,0
G,H,H,8855,100,8855,1,0
A,B,A,4770,100,4770,1,0
A,C,A,10639,100,10639,1,0
A,D,A,9545,100,9545,1,0
A,E,A,1423,100,1423,1,0
A,F,A,5110,100,5110,1,0
A,G,A,10641,100,10641,1,0
A,H,A,9950,100,9950,1,0
A,B,B,4779,100,4779,1,0
B,C,B,6994,100,6994,1,0
B,D,B,5274,100,5274,1,0
B,E,B,5190,100,5190,1,0
B,F,B,1349,100,1349,1,0
B,G,B,7107,100,7107,1,0
B,H,B,5733,100,5733,1,0
A,C,C,10651,100,10651,1,0
B,C,C,7020,100,7020,1,0
C,D,C,8737,100,8737,1,0
C,E,C,10832,100,10832,1,0
C,F,C,7161,100,7161,1,0
C,G,C,1358,100,1358,1,0
C,H,C,8918,100,8918,1,0
A,D,D,9524,100,9524,1,0
B,D,D,5224,100,5224,1,0
C,D,D,8752,100,8752,1,0
D,E,D,9915,100,9915,1,0
D,F,D,5358,100,5358,1,0
D,G,D,8910,100,8910,1,0
D,H,D,1500,100,1500,1,0
A,E,E,1493,100,1493,1,0
B,E,E,5192,100,5192,1,0
C,E,E,10811,100,10811,1,0
D,E,E,9902,100,9902,1,0
E,F,E,5112,100,5112,1,0
E,G,E,10641,100,10641,1,0
E,H,E,10111,100,10111,1,0
A,F,F,5093,100,5093,1,0
B,F,F,1337,100,1337,1,0
C,F,F,7209,100,7209,1,0
D,F,F,5333,100,5333,1,0
E,F,F,5129,100,5129,1,0
F,G,F,7005,100,7005,1,0
F,H,F,5444,100,5444,1,0
A,G,G,10614,100,10614,1,0
B,G,G,7051,100,7051,1,0
C,G,G,1352,100,1352,1,0
D,G,G,8874,100,8874,1,0
E,G,G,10626,100,10626,1,0
F,G,G,6986,100,6986,1,0
G,H,G,8810,100,8810,1,0
A,H,H,9992,100,9992,1,0
B,H,H,5733,100,5733,1,0
C,H,H,8893,100,8893,1,0
D,H,H,1486,100,1486,1,0
E,H,H,10195,100,10195,1,0
F,H,H,5441,100,5441,1,0
G,H,H,8865,100,8865,1,0
A,B,A,4803,100,4803,1,0
A,C,A,10621,100,10621,1,0
A,D,A,9538,100,9538,1,0
A,E,A,1406,100,1406,1,0
A,F,A,5059,100,5059,1,0
A,G,A,10630,100,10630,1,0
A,H,A,9990,100,9990,1,0
A,B,B,4792,100,4792,1,0
B,C,B,7053,100,7053,1,0
B,D,B,5266,100,5266,1,0
B,E,B,5252,100,5252,1,0
B,F,B,1354,100,1354,1,0
B,G,B,7078,100,7078,1,0
B,H,B,5738,100,5738,1,0
A,C,C,10606,100,10606,1,0
B,C,C,6976,100,6976,1,0
C,D,C,8726,100,8726,1,0
C,E,C,10832,100,10832,1,0
C,F,C,7192,100,7192,1,0
C,G,C,1360,100,1360,1,0
C,H,C,8959,100,8959,1,0
A,D,D,9519,100,9519,1,0
B,D,D,5280,100,5280,1,0
C,D,D,8782,100,8782,1,0
D,E,D,9976,100,9976,1,0
D,F,D,5366,100,5366,1,0
D,G,D,8882,100,8882,1,0
D,H,D,1505,100,1505,1,0
A,E,E,1358,100,1358,1,0
B,E,E,5191,100,5191,1,0
C,E,E,10810,100,10810,1,0
D,E,E,9988,100,9988,1,0
E,F,E,5102,100,5102,1,0
E,G,E,10635,100,10635,1,0
E,H,E,10154,100,10154,1,0
A,F,F,5004,100,5004,1,0
B,F,F,1398,100,1398,1,0
C,F,F,7191,100,7191,1,0
D,F,F,5376,100,5376,1,0
E,F,F,5077,100,5077,1,0
F,G,F,6996,100,6996,1,0
F,H,F,5468,100,5468,1,0
A,G,G,10617,100,10617,1,0
B,G,G,7039,100,7039,1,0
C,G,G,1387,100,1387,1,0
D,G,G,8897,100,8897,1,0
E,G,G,10623,100,10623,1,0
F,G,G,7014,100,7014,1,0
G,H,G,8863,100,8863,1,0
A,H,H,9979,100,9979,1,0
B,H,H,5765,100,5765,1,0
C,H,H,8990,100,8990,1,0
D,H,H,1538,100,1538,1,0
E,H,H,10163,100,10163,1,0
F,H,H,5478,100,5478,1,0
G,H,H,8873,100,8873,1,0
A,B,A,4765,100,4765,1,0
A,C,A,10637,100,10637,1,0
A,D,A,9537,100,9537,1,0
A,E,A,1405,100,1405,1,0
A,F,A,5047,100,5047,1,0
A,G,A,10640,100,10640,1,0
A,H,A,9926,100,9926,1,0
A,B,B,4734,100,4734,1,0
B,C,B,6972,100,6972,1,0
B,D,B,5245,100,5245,1,0
B,E,B,5187,100,5187,1,0
B,F,B,1361,100,1361,1,0
B,G,B,7106,100,7106,1,0
B,H,B,5771,100,5771,1,0
A,C,C,10610,100,10610,1,0
B,C,C,7058,100,7058,1,0
C,D,C,8759,100,8759,1,0
C,E,C,10804,100,10804,1,0
C,F,C,7187,100,7187,1,0
C,G,C,1323,100,1323,1,0
C,H,C,8924,100,8924,1,0
A,D,D,9523,100,9523,1,0
B,D,D,5300,100,5300,1,0
C,D,D,8751,100,8751,1,0
D,E,D,9971,100,9971,1,0
D,F,D,5355,100,5355,1,0
D,G,D,8843,100,8843,1,0
D,H,D,1492,100,1492,1,0
A,E,E,1422,100,1422,1,0
B,E,E,5233,100,5233,1,0
C,E,E,10854,100,10854,1,0
D,E,E,9945,100,9945,1,0
E,F,E,5100,100,5100,1,0
E,G,E,10615,100,10615,1,0
E,H,E,10147,100,10147,1,0
A,F,F,5046,100,5046,1,0
B,F,F,1364,100,1364,1,0
C,F,F,7216,100,7216,1,0
D,F,F,5403,100,5403,1,0
E,F,F,5090,100,5090,1,0
F,G,F,7009,100,7009,1,0
F,H,F,5439,100,5439,1,0
A,G,G,10606,100,10606,1,0
B,G,G,7081,100,7081,1,0
C,G,G,1344,100,1344,1,0
D,G,G,8889,100,8889,1,0
E,G,G,10660,100,10660,1,0
F,G,G,6994,100,6994,1,0
G,H,G,8857,100,8857,1,0
A,H,H,9960,100,9960,1,0
B,H,H,5765,100,5765,1,0
C,H,H,8914,100,8914,1,0
D,H,H,1454,100,1454,1,0
E,H,H,10116,100,10116,1,0
F,H,H,5438,100,5438,1,0
G,H,H,8886,100,8886,1,0
A,B,A,4759,100,4759,1,0
A,C,A,10642,100,10642,1,0
A,D,A,9525,100,9525,1,0
A,E,A,1372,100,1372,1,0
A,F,A,5102,100,5102,1,0
A,G,A,10605,100,10605,1,0
A,H,A,9960,100,9960,1,0
A,B,B,4751,100,4751,1,0
B,C,B,6996,100,6996,1,0
B,D,B,5276,100,5276,1,0
B,E,B,5175,100,5175,1,0
B,F,B,1345,100,1345,1,0
B,G,B,7087,100,7087,1,0
B,H,B,5778,100,5778,1,0
A,C,C,10663,100,10663,1,0
B,C,C,7000,100,7000,1,0
C,D,C,8704,100,8704,1,0
C,E,C,10820,100,10820,1,0
C,F,C,7194,100,7194,1,0
C,G,C,1418,100,1418,1,0
C,H,C,8938,100,8938,1,0
A,D,D,9499,100,9499,1,0
B,D,D,5275,100,5275,1,0
C,D,D,8761,100,8761,1,0
D,E,D,9950,100,9950,1,0
D,F,D,5400,100,5400,1,0
D,G,D,8923,100,8923,1,0
D,H,D,1452,100,1452,1,0
A,E,E,1365,100,1365,1,0
B,E,E,5194,100,5194,1,0
C,E,E,10815,100,10815,1,0
D,E,E,9900,100,9900,1,0
E,F,E,5094,100,5094,1,0
E,G,E,10604,100,10604,1,0
E,H,E,10153,100,10153,1,0
A,F,F,5058,100,5058,1,0
B,F,F,1335,100,1335,1,0
C,F,F,7216,100,7216,1,0
D,F,F,5339,100,5339,1,0
E,F,F,5136,100,5136,1,0
F,G,F,7000,100,7000,1,0
F,H,F,5454,100,5454,1,0
A,G,G,10603,100,10603,1,0
B,G,G,7050,100,7050,1,0
C,G,G,1411,100,1411,1,0
D,G,G,8885,100,8885,1,0
E,G,G,10640,100,10640,1,0
F,G,G,7009,100,7009,1,0
G,H,G,8866,100,8866,1,0
A,H,H,9999,100,9999,1,0
B,H,H,5753,100,5753,1,0
C,H,H,8941,100,8941,1,0
D,H,H,1408,100,1408,1,0
E,H,H,10172,100,10172,1,0
F,H,H,5448,100,5448,1,0
G,H,H,8889,100,8889,1,0
A,B,A,4781,100,4781,1,0
A,C,A,10647,100,10647,1,0
A,D,A,9535,100,9535,1,0
A,E,A,1427,100,1427,1,0
A,F,A,5080,100,5080,1,0
A,G,A,10602,100,10602,1,0
A,H,A,9952,100,9952,1,0
A,B,B,4788,100,4788,1,0
B,C,B,7026,100,7026,1,0
B,D,B,5285,100,5285,1,0
B,E,B,5219,100,5219,1,0
B,F,B,1372,100,1372,1,0
B,G,B,7120,100,7120,1,0
B,H,B,5787,100,5787,1,0
A,C,C,10661,100,10661,1,0
B,C,C,6990,100,6990,1,0
C,D,C,8764,100,8764,1,0
C,E,C,10779,100,10779,1,0
C,F,C,7193,100,7193,1,0
C,G,C,1362,100,1362,1,0
C,H,C,8972,100,8972,1,0
A,D,D,9549,100,9549,1,0
B,D,D,5247,100,5247,1,0
C,D,D,8737,100,8737,1,0
D,E,D,9891,100,9891,1,0
D,F,D,5373,100,5373,1,0
D,G,D,8910,100,8910,1,0
D,H,D,1469,100,1469,1,0
A,E,E,1369,100,1369,1,0
B,E,E,5180,100,5180,1,0
C,E,E,10847,100,10847,1,0
D,E,E,9918,100,9918,1,0
E,F,E,5071,100,5071,1,0
E,G,E,10615,100,10615,1,0
E,H,E,10168,100,10168,1,0
A,F,F,5088,100,5088,1,0
B,F,F,1360,100,1360,1,0
C,F,F,7212,100,7212,1,0
D,F,F,5389,100,5389,1,0
E,F,F,5083,100,5083,1,0
F,G,F,7004,100,7004,1,0
F,H,F,5484,100,5484,1,0
A,G,G,10627,100,10627,1,0
B,G,G,7054,100,7054,1,0
C,G,G,1351,100,1351,1,0
D,G,G,8914,100,8914,1,0
E,G,G,10656,100,10656,1,0
F,G,G,7010,100,7010,1,0
G,H,G,8833,100,8833,1,0
A,H,H,9915,100,9915,1,0
B,H,H,5747,100,5747,1,0
C,H,H,8907,100,8907,1,0
D,H,H,1523,100,1523,1,0
E,H,H,10148,100,10148,1,0
F,H,H,5477,100,5477,1,0
G,H,H,8872,100,8872,1,0
A,B,A,4757,100,4757,1,0
A,C,A,10705,100,10705,1,0
A,D,A,9528,100,9528,1,0
A,E,A,1346,100,1346,1,0
A,F,A,5056,100,5056,1,0
A,G,A,10596,100,10596,1,0
A,H,A,9990,100,9990,1,0
A,B,B,4789,100,4789,1,0
B,C,B,7019,100,7019,1,0
B,D,B,5268,100,5268,1,0
B,E,B,5193,100,5193,1,0
B,F,B,1362,100,1362,1,0
B,G,B,7032,100,7032,1,0
B,H,B,5786,100,5786,1,0
A,C,C,10632,100,10632,1,0
B,C,C,7023,100,7023,1,0
C,D,C,8700,100,8700,1,0
C,E,C,10838,100,10838,1,0
C,F,C,7181,100,7181,1,0
C,G,C,1398,100,1398,1,0
C,H,C,8943,100,8943,1,0
A,D,D,9529,100,9529,1,0
B,D,D,5256,100,5256,1,0
C,D,D,8704,100,8704,1,0
D,E,D,9943,100,9943,1,0
D,F,D,5361,100,5361,1,0
D,G,D,8892,100,8892,1,0
D,H,D,1508,100,1508,1,0
A,E,E,1446,100,1446,1,0
B,E,E,5142,100,5142,1,0
C,E,E,10817,100,10817,1,0
D,E,E,9947,100,9947,1,0
E,F,E,5066,100,5066,1,0
E,G,E,10618,100,10618,1,0
E,H,E,10133,100,10133,1,0
A,F,F,5071,100,5071,1,0
B,F,F,1374,100,1374,1,0
C,F,F,7208,100,7208,1,0
D,F,F,5382,100,5382,1,0
E,F,F,5079,100,5079,1,0
F,G,F,6991,100,6991,1,0
F,H,F,5461,100,5461,1,0
A,G,G,10592,100,10592,1,0
B,G,G,7083,100,7083,1,0
C,G,G,1361,100,1361,1,0
D,G,G,8928,100,8928,1,0
E,G,G,10663,100,10663,1,0
F,G,G,6969,100,6969,1,0
G,H,G,8871,100,8871,1,0
A,H,H,9953,100,9953,1,0
B,H,H,5741,100,5741,1,0
C,H,H,8924,100,8924,1,0
D,H,H,1454,100,1454,1,0
E,H,H,10160,100,10160,1,0
F,H,H,5449,100,5449,1,0
G,H,H,8843,100,8843,1,0
A,B,A,4754,100,4754,1,0
A,C,A,10660,100,10660,1,0
A,D,A,9515,100,9515,1,0
A,E,A,1393,100,1393,1,0
A,F,A,5062,100,5062,1,0
A,G,A,10576,100,10576,1,0
A,H,A,9956,100,9956,1,0
A,B,B,4788,100,4788,1,0
B,C,B,7025,100,7025,1,0
B,D,B,5268,100,5268,1,0
B,E,B,5182,100,5182,1,0
B,F,B,1353,100,1353,1,0
B,G,B,7090,100,7090,1,0
B,H,B,5758,100,5758,1,0
A,C,C,10602,100,10602,1,0
B,C,C,7034,100,7034,1,0
C,D,C,8754,100,8754,1,0
C,E,C,10807,100,10807,1,0
C,F,C,7196,100,7196,1,0
C,G,C,1382,100,1382,1,0
C,H,C,8950,100,8950,1,0
A,D,D,9543,100,9543,1,0
B,D,D,5302,100,5302,1,0
C,D,D,8756,100,8756,1,0
D,E,D,9914,100,9914,1,0
D,F,D,5386,100,5386,1,0
D,G,D,8905,100,8905,1,0
D,H,D,1565,100,1565,1,0
A,E,E,1441,100,1441,1,0
B,E,E,5161,100,5161,1,0
C,E,E,10828,100,10828,1,0
D,E,E,9978,100,9978,1,0
E,F,E,5105,100,5105,1,0
E,G,E,10650,100,10650,1,0
E,H,E,10177,100,10177,1,0
A,F,F,5004,100,5004,1,0
B,F,F,1327,100,1327,1,0
C,F,F,7200,100,7200,1,0
D,F,F,5367,100,5367,1,0
E,F,F,5111,100,5111,1,0
F,G,F,6994,100,6994,1,0
F,H,F,5486,100,5486,1,0
A,G,G,10633,100,10633,1,0
B,G,G,7073,100,7073,1,0
C,G,G,1391,100,1391,1,0
D,G,G,8934,100,8934,1,0
E,G,G,10636,100,10636,1,0
F,G,G,7023,100,7023,1,0
G,H,G,8861,100,8861,1,0
A,H,H,9944,100,9944,1,0
B,H,H,5755,100,5755,1,0
C,H,H,8918,100,8918,1,0
D,H,H,1519,100,1519,1,0
E,H,H,10185,100,10185,1,0
F,H,H,5469,100,5469,1,0
G,H,H,8882,100,8882,1,0
A,B,A,4756,100,4756,1,0
A,C,A,10651,100,10651,1,0
A,D,A,9527,100,9527,1,0
A,E,A,1454,100,1454,1,0
A,F,A,5057,100,5057,1,0
A,G,A,10646,100,10646,1,0
A,H,A,9976,100,9976,1,0
A,B,B,4780,100,4780,1,0
B,C,B,7020,100,7020,1,0
B,D,B,5306,100,5306,1,0
B,E,B,5140,100,5140,1,0
B,F,B,1352,100,1352,1,0
B,G,B,7053,100,7053,1,0
B,H,B,5695,100,5695,1,0
A,C,C,10582,100,10582,1,0
B,C,C,6970,100,6970,1,0
C,D,C,8719,100,8719,1,0
C,E,C,10826,100,10826,1,0
C,F,C,7186,100,7186,1,0
C,G,C,1353,100,1353,1,0
C,H,C,8963,100,8963,1,0
A,D,D,9511,100,9511,1,0
B,D,D,5268,100,5268,1,0
C,D,D,8713,100,8713,1,0
D,E,D,9923,100,9923,1,0
D,F,D,5378,100,5378,1,0
D,G,D,8866,100,8866,1,0
D,H,D,1436,100,1436,1,0
A,E,E,1418,100,1418,1,0
B,E,E,5183,100,5183,1,0
C,E,E,10825,100,10825,1,0
D,E,E,9944,100,9944,1,0
E,F,E,5074,100,5074,1,0
E,G,E,10644,100,10644,1,0
E,H,E,10133,100,10133,1,0
A,F,F,5060,100,5060,1,0
B,F,F,1350,100,1350,1,0
C,F,F,7177,100,7177,1,0
D,F,F,5343,100,5343,1,0
E,F,F,5087,100,5087,1,0
F,G,F,6997,100,6997,1,0
F,H,F,5470,100,5470,1,0
A,G,G,10653,100,10653,1,0
B,G,G,7051,100,7051,1,0
C,G,G,1421,100,1421,1,0
D,G,G,8883,100,8883,1,0
E,G,G,10609,100,10609,1,0
F,G,G,6989,100,6989,1,0
G,H,G,8882,100,8882,1,0
A,H,H,9984,100,9984,1,0
B,H,H,5787,100,5787,1,0
C,H,H,8919,100,8919,1,0
D,H,H,1446,100,1446,1,0
E,H,H,10136,100,10136,1,0
F,H,H,5439,100,5439,1,0
G,H,H,8861,100,8861,1,0
A,B,A,4796,100,4796,1,0
A,C,A,10584,100,10584,1,0
A,D,A,9536,100,9536,1,0
A,E,A,1422,100,1422,1,0
A,F,A,5043,100,5043,1,0
A,G,A,10633,100,10633,1,0
A,H,A,9938,100,9938,1,0
A,B,B,4771,100,4771,1,0
B,C,B,7006,100,7006,1,0
B,D,B,5271,100,5271,1,0
B,E,B,5178,100,5178,1,0
B,F,B,1365,100,1365,1,0
B,G,B,7053,100,7053,1,0
B,H,B,5800,100,5800,1,0
A,C,C,10608,100,10608,1,0
B,C,C,6993,100,6993,1,0
C,D,C,8789,100,8789,1,0
C,E,C,10807,100,10807,1,0
C,F,C,7188,100,7188,1,0
C,G,C,1346,100,1346,1,0
C,H,C,8930,100,8930,1,0
A,D,D,9551,100,9551,1,0
B,D,D,5337,100,5337,1,0
C,D,D,8723,100,8723,1,0
D,E,D,9893,100,9893,1,0
D,F,D,5369,100,5369,1,0
D,G,D,8913,100,8913,1,0
D,H,D,1512,100,1512,1,0
A,E,E,1449,100,1449,1,0
B,E,E,5145,100,5145,1,0
C,E,E,10785,100,10785,1,0
D,E,E,9947,100,9947,1,0
E,F,E,5097,100,5097,1,0
E,G,E,10622,100,10622,1,0
E,H,E,10172,100,10172,1,0
A,F,F,5091,100,5091,1,0
B,F,F,1368,100,1368,1,0
C,F,F,7198,100,7198,1,0
D,F,F,5363,100,5363,1,0
E,F,F,5062,100,5062,1,0
F,G,F,6996,100,6996,1,0
F,H,F,5502,100,5502,1,0
A,G,G,10626,100,10626,1,0
B,G,G,7065,100,7065,1,0
C,G,G,1412,100,1412,1,0
D,G,G,8859,100,8859,1,0
E,G,G,10630,100,10630,1,0
F,G,G,6984,100,6984,1,0
G,H,G,8886,100,8886,1,0
A,H,H,9970,100,9970,1,0
B,H,H,5786,100,5786,1,0
C,H,H,8950,100,8950,1,0
D,H,H,1506,100,1506,1,0
E,H,H,10139,100,10139,1,0
F,H,H,5456,100,5456,1,0
G,H,H,8850,100,8850,1,0
A,B,A,4756,100,4756,1,0
A,C,A,10627,100,10627,1,0
A,D,A,9525,100,9525,1,0
A,E,A,1407,100,1407,1,0
A,F,A,5041,100,5041,1,0
A,G,A,10646,100,10646,1,0
A,H,A,9942,100,9942,1,0
A,B,B,4779,100,4779,1,0
B,C,B,7030,100,7030,1,0
B,D,B,5255,100,5255,1,0
B,E,B,5188,100,5188,1,0
B,F,B,1366,100,1366,1,0
B,G,B,7082,100,7082,1,0
B,H,B,5721,100,5721,1,0
A,C,C,10637,100,10637,1,0
B,C,C,6999,100,6999,1,0
C,D,C,8778,100,8778,1,0
C,E,C,10795,100,10795,1,0
C,F,C,7206,100,7206,1,0
C,G,C,1336,100,1336,1,0
C,H,C,8971,100,8971,1,0
A,D,D,9546,100,9546,1,0
B,D,D,5283,100,5283,1,0
C,D,D,8703,100,8703,1,0
D,E,D,9972,100,9972,1,0
D,F,D,5347,100,5347,1,0
D,G,D,8876,100,8876,1,0
D,H,D,1560,100,1560,1,0
A,E,E,1438,100,1438,1,0
B,E,E,5191,100,5191,1,0
C,E,E,10813,100,10813,1,0
D,E,E,9916,100,9916,1,0
E,F,E,5114,100,5114,1,0
E,G,E,10617,100,10617,1,0
E,H,E,10166,100,10166,1,0
A,F,F,5046,100,5046,1,0
B,F,F,1367,100,1367,1,0
C,F,F,7184,100,7184,1,0
D,F,F,5351,100,5351,1,0
E,F,F,5133,100,5133,1,0
F,G,F,6991,100,6991,1,0
F,H,F,5451,100,5451,1,0
A,G,G,10632,100,10632,1,0
B,G,G,7133,100,7133,1,0
C,G,G,1351,100,1351,1,0
D,G,G,8861,100,8861,1,0
E,G,G,10624,100,10624,1,0
F,G,G,7001,100,7001,1,0
G,H,G,8860,100,8860,1,0
A,H,H,9980,100,9980,1,0
B,H,H,5748,100,5748,1,0
C,H,H,8971,100,8971,1,0
D,H,H,1541,100,1541,1,0
E,H,H,10157,100,10157,1,0
F,H,H,5459,100,5459,1,0
G,H,H,8857,100,8857,1,0
A,B,A,4799,100,4799,1,0
A,C,A,10652,100,10652,1,0
A,D,A,9534,100,9534,1,0
A,E,A,1393,100,1393,1,0
A,F,A,5054,100,5054,1,0
A,G,A,10572,100,10572,1,0
A,H,A,9950,100,9950,1,0
A,B,B,4757,100,4757,1,0
B,C,B,7013,100,7013,1,0
B,D,B,5294,100,5294,1,0
B,E,B,5195,100,5195,1,0
B,F,B,1363,100,1363,1,0
B,G,B,7070,100,7070,1,0
B,H,B,5747,100,5747,1,0
A,C,C,10593,100,10593,1,0
B,C,C,7016,100,7016,1,0
C,D,C,8717,100,8717,1,0
C,E,C,10793,100,10793,1,0
C,F,C,7171,100,7171,1,0
C,G,C,1412,100,1412,1,0
C,H,C,8949,100,8949,1,0
A,D,D,9511,100,9511,1,0
B,D,D,5251,100,5251,1,0
C,D,D,8755,100,8755,1,0
D,E,D,9937,100,9937,1,0
D,F,D,5338,100,5338,1,0
D,G,D,8917,100,8917,1,0
D,H,D,1520,100,1520,1,0
A,E,E,1405,100,1405,1,0
B,E,E,5193,100,5193,1,0
C,E,E,10814,100,10814,1,0
D,E,E,9939,100,9939,1,0
E,F,E,5089,100,5089,1,0
E,G,E,10690,100,10690,1,0
E,H,E,10112,100,10112,1,0
A,F,F,5033,100,5033,1,0
B,F,F,1340,100,1340,1,0
C,F,F,7196,100,7196,1,0
D,F,F,5387,100,5387,1,0
E,F,F,5115,100,5115,1,0
F,G,F,7024,100,7024,1,0
F,H,F,5452,100,5452,1,0
A,G,G,10641,100,10641,1,0
B,G,G,7117,100,7117,1,0
C,G,G,1314,100,1314,1,0
D,G,G,8902,100,8902,1,0
E,G,G,10653,100,10653,1,0
F,G,G,6981,100,6981,1,0
G,H,G,8881,100,8881,1,0
A,H,H,9916,100,9916,1,0
B,H,H,5737,100,5737,1,0
C,H,H,8943,100,8943,1,0
D,H,H,1522,100,1522,1,0
E,H,H,10131,100,10131,1,0
F,H,H,5462,100,5462,1,0
G,H,H,8897,100,8897,1,0
A,B,A,4788,100,4788,1,0
A,C,A,10664,100,10664,1,0
A,D,A,9546,100,9546,1,0
A,E,A,1409,100,1409,1,0
A,F,A,5091,100,5091,1,0
A,G,A,10595,100,10595,1,0
A,H,A,9933,100,9933,1,0
A,B,B,4797,100,4797,1,0
B,C,B,7020,100,7020,1,0
B,D,B,5279,100,5279,1,0
B,E,B,5157,100,5157,1,0
B,F,B,1366,100,1366,1,0
B,G,B,7074,100,7074,1,0
B,H,B,5793,100,5793,1,0
A,C,C,10666,100,10666,1,0
B,C,C,6999,100,6999,1,0
C,D,C,8714,100,8714,1,0
C,E,C,10821,100,10821,1,0
C,F,C,7200,100,7200,1,0
C,G,C,1379,100,1379,1,0
C,H,C,8945,100,8945,1,0
A,D,D,9563,100,9563,1,0
B,D,D,5270,100,5270,1,0
C,D,D,8746,100,8746,1,0
D,E,D,9921,100,9921,1,0
D,F,D,5389,100,5389,1,0
D,G,D,8915,100,8915,1,0
D,H,D,1468,100,1468,1,0
A,E,E,1404,100,1404,1,0
B,E,E,5186,100,5186,1,0
C,E,E,10848,100,10848,1,0
D,E,E,9913,100,9913,1,0
E,F,E,5082,100,5082,1,0
E,G,E,10641,100,10641,1,0
E,H,E,10171,100,10171,1,0
A,F,F,5051,100,5051,1,0
B,F,F,1356,100,1356,1,0
C,F,F,7221,100,7221,1,0
D,F,F,5360,100,5360,1,0
E,F,F,5104,100,5104,1,0
F,G,F,6982,100,6982,1,0
F,H,F,5468,100,5468,1,0
A,G,G,10638,100,10638,1,0
B,G,G,7051,100,7051,1,0
C,G,G,1426,100,1426,1,0
D,G,G,8962,100,8962,1,0
E,G,G,10636,100,10636,1,0
F,G,G,6977,100,6977,1,0
G,H,G,8870,100,8870,1,0
A,H,H,9923,100,9923,1,0
B,H,H,5715,100,5715,1,0
C,H,H,8919,100,8919,1,0
D,H,H,1504,100,1504,1,0
E,H,H,10158,100,10158,1,0
F,H,H,5467,100,5467,1,0
G,H,H,8866,100,8866,1,0
A,B,A,4767,100,4767,1,0
A,C,A,10631,100,10631,1,0
A,D,A,9515,100,9515,1,0
A,E,A,1367,100,1367,1,0
A,F,A,5043,100,5043,1,0
A,G,A,10616,100,10616,1,0
A,H,A,9932,100,9932,1,0
A,B,B,4761,100,4761,1,0
B,C,B,6985,100,6985,1,0
B,D,B,5261,100,5261,1,0
B,E,B,5194,100,5194,1,0
B,F,B,1381,100,1381,1,0
B,G,B,7086,100,7086,1,0
B,H,B,5792,100,5792,1,0
A,C,C,10624,100,10624,1,0
B,C,C,7008,100,7008,1,0
C,D,C,8733,100,8733,1,0
C,E,C,10808,100,10808,1,0
C,F,C,7169,100,7169,1,0
C,G,C,1349,100,1349,1,0
C,H,C,8948,100,8948,1,0
A,D,D,9531,100,9531,1,0
B,D,D,5277,100,5277,1,0
C,D,D,8768,100,8768,1,0
D,E,D,9963,100,9963,1,0
D,F,D,5375,100,5375,1,0
D,G,D,8917,100,8917,1,0
D,H,D,1499,100,1499,1,0
A,E,E,1433,100,1433,1,0
B,E,E,5183,100,5183,1,0
C,E,E,10810,100,10810,1,0
D,E,E,9894,100,9894,1,0
E,F,E,5103,100,5103,1,0
E,G,E,10651,100,10651,1,0
E,H,E,10150,100,10150,1,0
A,F,F,5058,100,5058,1,0
B,F,F,1323,100,1323,1,0
C,F,F,7181,100,7181,1,0
D,F,F,5362,100,5362,1,0
E,F,F,5101,100,5101,1,0
F,G,F,6995,100,6995,1,0
F,H,F,5434,100,5434,1,0
A,G,G,10630,100,10630,1,0
B,G,G,7078,100,7078,1,0
C,G,G,1381,100,1381,1,0
D,G,G,8906,100,8906,1,0
E,G,G,10607,100,10607,1,0
F,G,G,7009,100,7009,1,0
G,H,G,8861,100,8861,1,0
A,H,H,9926,100,9926,1,0
B,H,H,5744,100,5744,1,0
C,H,H,8946,100,8946,1,0
D,H,H,1505,100,1505,1,0
E,H,H,10158,100,10158,1,0
F,H,H,5459,100,5459,1,0
G,H,H,8894,100,8894,1,0
A,B,A,4829,100,4829,1,0
A,C,A,10675,100,10675,1,0
A,D,A,9546,100,9546,1,0
A,E,A,1400,100,1400,1,0
A,F,A,5062,100,5062,1,0
A,G,A,10637,100,10637,1,0
A,H,A,9905,100,9905,1,0
A,B,B,4765,100,4765,1,0
B,C,B,6993,100,6993,1,0
B,D,B,5290,100,5290,1,0
B,E,B,5132,100,5132,1,0
B,F,B,1364,100,1364,1,0
B,G,B,7093,100,7093,1,0
B,H,B,5724,100,5724,1,0
A,C,C,10637,100,10637,1,0
B,C,C,6988,100,6988,1,0
C,D,C,8720,100,8720,1,0
C,E,C,10821,100,10821,1,0
C,F,C,7211,100,7211,1,0
C,G,C,1388,100,1388,1,0
C,H,C,8956,100,8956,1,0
A,D,D,9545,100,9545,1,0
B,D,D,5298,100,5298,1,0
C,D,D,8718,100,8718,1,0
D,E,D,9962,100,9962,1,0
D,F,D,5384,100,5384,1,0
D,G,D,8878,100,8878,1,0
D,H,D,1536,100,1536,1,0
A,E,E,1425,100,1425,1,0
B,E,E,5182,100,5182,1,0
C,E,E,10814,100,10814,1,0
D,E,E,9922,100,9922,1,0
E,F,E,5106,100,5106,1,0
E,G,E,10638,100,10638,1,0
E,H,E,10100,100,10100,1,0
A,F,F,5066,100,5066,1,0
B,F,F,1377,100,1377,1,0
C,F,F,7215,100,7215,1,0
D,F,F,5379,100,5379,1,0
E,F,F,5125,100,5125,1,0
F,G,F,6998,100,6998,1,0
F,H,F,5469,100,5469,1,0
A,G,G,10640,100,10640,1,0
B,G,G,7114,100,7114,1,0
C,G,G,1373,100,1373,1,0
D,G,G,8909,100,8909,1,0
E,G,G,10647,100,10647,1,0
F,G,G,7002,100,7002,1,0
G,H,G,8858,100,8858,1,0
A,H,H,9948,100,9948,1,0
B,H,H,5751,100,5751,1,0
C,H,H,8942,100,8942,1,0
D,H,H,1516,100,1516,1,0
E,H,H,10162,100,10162,1,0
F,H,H,5436,100,5436,1,0
G,H,H,8881,100,8881,1,0
A,B,A,4734,100,4734,1,0
A,C,A,10621,100,10621,1,0
A,D,A,9548,100,9548,1,0
A,E,A,1428,100,1428,1,0
A,F,A,5037,100,5037,1,0
A,G,A,10628,100,10628,1,0
A,H,A,9955,100,9955,1,0
A,B,B,4773,100,4773,1,0
B,C,B,7023,100,7023,1,0
B,D,B,5262,100,5262,1,0
B,E,B,5204,100,5204,1,0
B,F,B,1327,100,1327,1,0
B,G,B,7049,100,7049,1,0
B,H,B,5786,100,5786,1,0
A,C,C,10665,100,10665,1,0
B,C,C,7004,100,7004,1,0
C,D,C,8766,100,8766,1,0
C,E,C,10830,100,10830,1,0
C,F,C,7175,100,7175,1,0
C,G,C,1342,100,1342,1,0
C,H,C,8945,100,8945,1,0
A,D,D,9522,100,9522,1,0
B,D,D,5269,100,5269,1,0
C,D,D,8729,100,8729,1,0
D,E,D,9903,100,9903,1,0
D,F,D,5392,100,5392,1,0
D,G,D,8922,100,8922,1,0
D,H,D,1496,100,1496,1,0
A,E,E,1410,100,1410,1,0
B,E,E,5190,100,5190,1,0
C,E,E,10818,100,10818,1,0
D,E,E,9905,100,9905,1,0
E,F,E,5102,100,5102,1,0
E,G,E,10644,100,10644,1,0
E,H,E,10144,100,10144,1,0
A,F,F,5046,100,5046,1,0
B,F,F,1402,100,1402,1,0
C,F,F,7192,100,7192,1,0
D,F,F,5369,100,5369,1,0
E,F,F,5078,100,5078,1,0
F,G,F,7016,100,7016,1,0
F,H,F,5450,100,5450,1,0
A,G,G,10619,100,10619,1,0
B,G,G,7087,100,7087,1,0
C,G,G,1370,100,1370,1,0
D,G,G,8903,100,8903,1,0
E,G,G,10686,100,10686,1,0
F,G,G,6981,100,6981,1,0
G,H,G,8861,100,8861,1,0
A,H,H,9955,100,9955,1,0
B,H,H,5746,100,5746,1,0
C,H,H,8940,100,8940,1,0
D,H,H,1491,100,1491,1,0
E,H,H,10169,100,10169,1,0
F,H,H,5416,100,5416,1,0
G,H,H,8860,100,8860,1,0
A,B,A,4816,100,4816,1,0
A,C,A,10676,100,10676,1,0
A,D,A,9552,100,9552,1,0
A,E,A,1383,100,1383,1,0
A,F,A,5069,100,5069,1,0
A,G,A,10604,100,10604,1,0
A,H,A,9900,100,9900,1,0
A,B,B,4762,100,4762,1,0
B,C,B,7015,100,7015,1,0
B,D,B,5268,100,5268,1,0
B,E,B,5161,100,5161,1,0
B,F,B,1360,100,1360,1,0
B,G,B,7060,100,7060,1,0
B,H,B,5723,100,5723,1,0
A,C,C,10642,100,10642,1,0
B,C,C,6972,100,6972,1,0
C,D,C,8744,100,8744,1,0
C,E,C,10834,100,10834,1,0
C,F,C,7208,100,7208,1,0
C,G,C,1332,100,1332,1,0
C,H,C,8946,100,8946,1,0
A,D,D,9513,100,9513,1,0
B,D,D,5303,100,5303,1,0
C,D,D,8748,100,8748,1,0
D,E,D,9933,100,9933,1,0
D,F,D,5350,100,5350,1,0
D,G,D,8875,100,8875,1,0
D,H,D,1507,100,1507,1,0
A,E,E,1437,100,1437,1,0
B,E,E,5142,100,5142,1,0
C,E,E,10853,100,10853,1,0
D,E,E,9959,100,9959,1,0
E,F,E,5090,100,5090,1,0
E,G,E,10619,100,10619,1,0
E,H,E,10143,100,10143,1,0
A,F,F,5084,100,5084,1,0
B,F,F,1356,100,1356,1,0
C,F,F,7218,100,7218,1,0
D,F,F,5324,100,5324,1,0
E,F,F,5106,100,5106,1,0
F,G,F,6995,100,6995,1,0
F,H,F,5477,100,5477,1,0
A,G,G,10680,100,10680,1,0
B,G,G,7050,100,7050,1,0
C,G,G,1340,100,1340,1,0
D,G,G,8888,100,8888,1,0
E,G,G,10617,100,10617,1,0
F,G,G,6983,100,6983,1,0
G,H,G,8908,100,8908,1,0
A,H,H,9923,100,9923,1,0
B,H,H,5748,100,5748,1,0
C,H,H,8963,100,8963,1,0
D,H,H,1447,100,1447,1,0
E,H,H,10137,100,10137,1,0
F,H,H,5450,100,5450,1,0
G,H,H,8876,100,8876,1,0
A,B,A,4756,100,4756,1,0
A,C,A,10620,100,10620,1,0
A,D,A,9525,100,9525,1,0
A,E,A,1411,100,1411,1,0
A,F,A,5034,100,5034,1,0
A,G,A,10633,100,10633,1,0
A,H,A,9935,100,9935,1,0
A,B,B,4785,100,4785,1,0
B,C,B,6999,100,6999,1,0
B,D,B,5281,100,5281,1,0
B,E,B,5170,100,5170,1,0
B,F,B,1365,100,1365,1,0
B,G,B,7044,100,7044,1,0
B,H,B,5768,100,5768,1,0
A,C,C,10621,100,10621,1,0
B,C,C,7031,100,7031,1,0
C,D,C,8722,100,8722,1,0
C,E,C,10808,100,10808,1,0
C,F,C,7186,100,7186,1,0
C,G,C,1406,100,1406,1,0
C,H,C,8892,100,8892,1,0
A,D,D,9562,100,9562,1,0
B,D,D,5287,100,5287,1,0
C,D,D,8751,100,8751,1,0
D,E,D,9929,100,9929,1,0
D,F,D,5360,100,5360,1,0
D,G,D,8959,100,8959,1,0
D,H,D,1497,100,1497,1,0
A,E,E,1405,100,1405,1,0
B,E,E,5151,100,5151,1,0
C,E,E,10772,100,10772,1,0
D,E,E,9960,100,9960,1,0
E,F,E,5117,100,5117,1,0
E,G,E,10638,100,10638,1,0
E,H,E,10151,100,10151,1,0
A,F,F,5040,100,5040,1,0
B,F,F,1369,100,1369,1,0
C,F,F,7221,100,7221,1,0
D,F,F,5337,100,5337,1,0
E,F,F,5121,100,5121,1,0
F,G,F,7019,100,7019,1,0
F,H,F,5448,100,5448,1,0
A,G,G,10664,100,10664,1,0
B,G,G,7075,100,7075,1,0
C,G,G,1345,100,1345,1,0
D,G,G,8871,100,8871,1,0
E,G,G,10657,100,10657,1,0
F,G,G,6966,100,6966,1,0
G,H,G,8855,100,8855,1,0
A,H,H,9966,100,9966,1,0
B,H,H,5746,100,5746,1,0
C,H,H,8963,100,8963,1,0
D,H,H,1458,100,1458,1,0
E,H,H,10115,100,10115,1,0
F,H,H,5457,100,5457,1,0
G,H,H,8867,100,8867,1,0
A,B,A,4770,100,4770,1,0
A,C,A,10669,100,10669,1,0
A,D,A,9537,100,9537,1,0
A,E,A,1436,100,1436,1,0
A,F,A,5034,100,5034,1,0
A,G,A,10586,100,10586,1,0
A,H,A,9955,100,9955,1,0
A,B,B,4775,100,4775,1,0
B,C,B,7042,100,7042,1,0
B,D,B,5260,100,5260,1,0
B,E,B,5191,100,5191,1,0
B,F,B,1370,100,1370,1,0
B,G,B,7071,100,7071,1,0
B,H,B,5726,100,5726,1,0
A,C,C,10603,100,10603,1,0
B,C,C,7029,100,7029,1,0
C,D,C,8763,100,8763,1,0
C,E,C,10849,100,10849,1,0
C,F,C,7222,100,7222,1,0
C,G,C,1356,100,1356,1,0
C,H,C,8905,100,8905,1,0
A,D,D,9530,100,9530,1,0
B,D,D,5301,100,5301,1,0
C,D,D,8753,100,8753,1,0
D,E,D,9899,100,9899,1,0
D,F,D,5370,100,5370,1,0
D,G,D,8856,100,8856,1,0
D,H,D,1467,100,1467,1,0
A,E,E,1432,100,1432,1,0
B,E,E,5159,100,5159,1,0
C,E,E,10815,100,10815,1,0
D,E,E,9904,100,9904,1,0
E,F,E,5107,100,5107,1,0
E,G,E,10628,100,10628,1,0
E,H,E,10116,100,10116,1,0
A,F,F,5055,100,5055,1,0
B,F,F,1354,100,1354,1,0
C,F,F,7217,100,7217,1,0
D,F,F,5348,100,5348,1,0
E,F,F,5119,100,5119,1,0
F,G,F,6971,100,6971,1,0
F,H,F,5446,100,5446,1,0
A,G,G,10660,100,10660,1,0
B,G,G,7065,100,7065,1,0
C,G,G,1400,100,1400,1,0
D,G,G,8907,100,8907,1,0
E,G,G,10629,100,10629,1,0
F,G,G,7014,100,7014,1,0
G,H,G,8903,100,8903,1,0
A,H,H,9898,100,9898,1,0
B,H,H,5702,100,5702,1,0
C,H,H,8952,100,8952,1,0
D,H,H,1457,100,1457,1,0
E,H,H,10111,100,10111,1,0
F,H,H,5448,100,5448,1,0
G,H,H,8857,100,8857,1,0
A,B,A,4789,100,4789,1,0
A,C,A,10606,100,10606,1,0
A,D,A,9515,100,9515,1,0
A,E,A,1388,100,1388,1,0
A,F,A,5080,100,5080,1,0
A,G,A,10619,100,10619,1,0
A,H,A,9974,100,9974,1,0
A,B,B,4767,100,4767,1,0
B,C,B,7005,100,7005,1,0
B,D,B,5264,100,5264,1,0
B,E,B,5210,100,5210,1,0
B,F,B,1336,100,1336,1,0
B,G,B,7070,100,7070,1,0
B,H,B,5805,100,5805,1,0
A,C,C,10649,100,10649,1,0
B,C,C,6995,100,6995,1,0
C,D,C,8762,100,8762,1,0
C,E,C,10787,100,10787,1,0
C,F,C,7204,100,7204,1,0
C,G,C,1358,100,1358,1,0
C,H,C,8949,100,8949,1,0
A,D,D,9525,100,9525,1,0
B,D,D,5283,100,5283,1,0
C,D,D,8743,100,8743,1,0
D,E,D,9891,100,9891,1,0
D,F,D,5352,100,5352,1,0
D,G,D,8875,100,8875,1,0
D,H,D,1503,100,1503,1,0
A,E,E,1478,100,1478,1,0
B,E,E,5200,100,5200,1,0
C,E,E,10834,100,10834,1,0
D,E,E,9942,100,9942,1,0
E,F,E,5068,100,5068,1,0
E,G,E,10628,100,10628,1,0
E,H,E,10127,100,10127,1,0
A,F,F,5078,100,5078,1,0
B,F,F,1335,100,1335,1,0
C,F,F,7196,100,7196,1,0
D,F,F,5379,100,5379,1,0
E,F,F,5099,100,5099,1,0
F,G,F,6986,100,6986,1,0
F,H,F,5406,100,5406,1,0
A,G,G,10585,100,10585,1,0
B,G,G,7142,100,7142,1,0
C,G,G,1395,100,1395,1,0
D,G,G,8895,100,8895,1,0
E,G,G,10636,100,10636,1,0
F,G,G,7020,100,7020,1,0
G,H,G,8881,100,8881,1,0
A,H,H,9946,100,9946,1,0
B,H,H,5734,100,5734,1,0
C,H,H,8923,100,8923,1,0
D,H,H,1507,100,1507,1,0
E,H,H,10114,100,10114,1,0
F,H,H,5388,100,5388,1,0
G,H,H,8897,100,8897,1,0
A,B,A,4783,100,4783,1,0
A,C,A,10612,100,10612,1,0
A,D,A,9512,100,9512,1,0
A,E,A,1426,100,1426,1,0
A,F,A,5047,100,5047,1,0
A,G,A,10599,100,10599,1,0
A,H,A,9903,100,9903,1,0
A,B,B,4760,100,4760,1,0
B,C,B,7005,100,7005,1,0
B,D,B,5261,100,5261,1,0
B,E,B,5218,100,5218,1,0
B,F,B,1367,100,1367,1,0
B,G,B,7059,100,7059,1,0
B,H,B,5772,100,5772,1,0
A,C,C,10665,100,10665,1,0
B,C,C,7029,100,7029,1,0
C,D,C,8756,100,8756,1,0
C,E,C,10827,100,10827,1,0
C,F,C,7187,100,7187,1,0
C,G,C,1404,100,1404,1,0
C,H,C,8929,100,8929,1,0
A,D,D,9535,100,9535,1,0
B,D,D,5325,100,5325,1,0
C,D,D,8735,100,8735,1,0
D,E,D,10038,100,10038,1,0
D,F,D,5340,100,5340,1,0
D,G,D,8900,100,8900,1,0
D,H,D,1469,100,1469,1,0
A,E,E,1391,100,1391,1,0
B,E,E,5184,100,5184,1,0
C,E,E,10832,100,10832,1,0
D,E,E,9966,100,9966,1,0
E,F,E,5061,100,5061,1,0
E,G,E,10629,100,10629,1,0
E,H,E,10143,100,10143,1,0
A,F,F,5081,100,5081,1,0
B,F,F,1320,100,1320,1,0
C,F,F,7212,100,7212,1,0
D,F,F,5354,100,5354,1,0
E,F,F,5093,100,5093,1,0
F,G,F,7012,100,7012,1,0
F,H,F,5422,100,5422,1,0
A,G,G,10586,100,10586,1,0
B,G,G,7055,100,7055,1,0
C,G,G,1332,100,1332,1,0
D,G,G,8877,100,8877,1,0
E,G,G,10605,100,10605,1,0
F,G,G,6961,100,6961,1,0
G,H,G,8841,100,8841,1,0
A,H,H,9961,100,9961,1,0
B,H,H,5731,100,5731,1,0
C,H,H,8919,100,8919,1,0
D,H,H,1489,100,1489,1,0
E,H,H,10120,100,10120,1,0
F,H,H,5432,100,5432,1,0
G,H,H,8901,100,8901,1,0
A,B,A,4779,100,4779,1,0
A,C,A,10618,100,10618,1,0
A,D,A,9524,100,9524,1,0
A,E,A,1427,100,1427,1,0
A,F,A,5063,100,5063,1,0
A,G,A,10604,100,10604,1,0
A,H,A,9955,100,9955,1,0
A,B,B,4791,100,4791,1,0
B,C,B,6993,100,6993,1,0
B,D,B,5309,100,5309,1,0
B,E,B,5194,100,5194,1,0
B,F,B,1377,100,1377,1,0
B,G,B,7081,100,7081,1,0
B,H,B,5740,100,5740,1,0
A,C,C,10664,100,10664,1,0
B,C,C,6973,100,6973,1,0
C,D,C,8719,100,8719,1,0
C,E,C,10759,100,10759,1,0
C,F,C,7212,100,7212,1,0
C,G,C,1369,100,1369,1,0
C,H,C,8967,100,8967,1,0
A,D,D,9527,100,9527,1,0
B,D,D,5279,100,5279,1,0
C,D,D,8724,100,8724,1,0
D,E,D,9955,100,9955,1,0
D,F,D,5350,100,5350,1,0
D,G,D,8876,100,8876,1,0
D,H,D,1516,100,1516,1,0
A,E,E,1406,100,1406,1,0
B,E,E,5160,100,5160,1,0
C,E,E,10839,100,10839,1,0
D,E,E,9947,100,9947,1,0
E,F,E,5137,100,5137,1,0
E,G,E,10626,100,10626,1,0
E,H,E,10154,100,10154,1,0
A,F,F,5089,100,5089,1,0
B,F,F,1333,100,1333,1,0
C,F,F,7185,100,7185,1,0
D,F,F,5332,100,5332,1,0
E,F,F,5083,100,5083,1,0
F,G,F,6989,100,6989,1,0
F,H,F,5445,100,5445,1,0
A,G,G,10633,100,10633,1,0
B,G,G,7064,100,7064,1,0
C,G,G,1390,100,1390,1,0
D,G,G,8886,100,8886,1,0
E,G,G,10623,100,10623,1,0
F,G,G,6958,100,6958,1,0
G,H,G,8864,100,8864,1,0
A,H,H,9987,100,9987,1,0
B,H,H,5719,100,5719,1,0
C,H,H,8922,100,8922,1,0
D,H,H,1476,100,1476,1,0
E,H,H,10147,100,10147,1,0
F,H,H,5450,100,5450,1,0
G,H,H,8845,100,8845,1,0
A,B,A,4765,100,4765,1,0
A,C,A,10633,100,10633,1,0
A,D,A,9505,100,9505,1,0
A,E,A,1395,100,1395,1,0
A,F,A,5015,100,5015,1,0
A,G,A,10632,100,10632,1,0
A,H,A,9980,100,9980,1,0
A,B,B,4747,100,4747,1,0
B,C,B,7029,100,7029,1,0
B,D,B,5319,100,5319,1,0
B,E,B,5207,100,5207,1,0
B,F,B,1345,100,1345,1,0
B,G,B,7064,100,7064,1,0
B,H,B,5702,100,5702,1,0
A,C,C,10633,100,10633,1,0
B,C,C,6983,100,6983,1,0
C,D,C,8775,100,8775,1,0
C,E,C,10745,100,10745,1,0
C,F,C,7228,100,7228,1,0
C,G,C,1388,100,1388,1,0
C,H,C,8956,100,8956,1,0
A,D,D,9518,100,9518,1,0
B,D,D,5309,100,5309,1,0
C,D,D,8734,100,8734,1,0
D,E,D,9928,100,9928,1,0
D,F,D,5350,100,5350,1,0
D,G,D,8883,100,8883,1,0
D,H,D,1467,100,1467,1,0
A,E,E,1405,100,1405,1,0
B,E,E,5200,100,5200,1,0
C,E,E,10814,100,10814,1,0
D,E,E,9885,100,9885,1,0
E,F,E,5093,100,5093,1,0
E,G,E,10645,100,10645,1,0
E,H,E,10176,100,10176,1,0
A,F,F,5069,100,5069,1,0
B,F,F,1323,100,1323,1,0
C,F,F,7195,100,7195,1,0
D,F,F,5325,100,5325,1,0
E,F,F,5088,100,5088,1,0
F,G,F,6999,100,6999,1,0
F,H,F,5440,100,5440,1,0
A,G,G,10636,100,10636,1,0
B,G,G,7054,100,7054,1,0
C,G,G,1348,100,1348,1,0
D,G,G,8893,100,8893,1,0
E,G,G,10625,100,10625,1,0
F,G,G,7012,100,7012,1,0
G,H,G,8874,100,8874,1,0
A,H,H,9922,100,9922,1,0
B,H,H,5798,100,5798,1,0
C,H,H,8947,100,8947,1,0
D,H,H,1518,100,1518,1,0
E,H,H,10141,100,10141,1,0
F,H,H,5455,100,5455,1,0
G,H,H,8846,100,8846,1,0
A,B,A,4807,100,4807,1,0
A,C,A,10639,100,10639,1,0
A,D,A,9545,100,9545,1,0
A,E,A,1438,100,1438,1,0
A,F,A,5079,100,5079,1,0
A,G,A,10627,100,10627,1,0
A,H,A,9993,100,9993,1,0
A,B,B,4763,100,4763,1,0
B,C,B,7019,100,7019,1,0
B,D,B,5288,100,5288,1,0
B,E,B,5206,100,5206,1,0
B,F,B,1356,100,1356,1,0
B,G,B,7092,100,7092,1,0
B,H,B,5726,100,5726,1,0
A,C,C,10618,100,10618,1,0
B,C,C,7014,100,7014,1,0
C,D,C,8757,100,8757,1,0
C,E,C,10858,100,10858,1,0
C,F,C,7202,100,7202,1,0
C,G,C,1361,100,1361,1,0
C,H,C,8960,100,8960,1,0
A,D,D,9524,100,9524,1,0
B,D,D,5302,100,5302,1,0
C,D,D,8727,100,8727,1,0
D,E,D,9852,100,9852,1,0
D,F,D,5400,100,5400,1,0
D,G,D,8900,100,8900,1,0
D,H,D,1545,100,1545,1,0
A,E,E,1366,100,1366,1,0
B,E,E,5185,100,5185,1,0
C,E,E,10843,100,10843,1,0
D,E,E,9908,100,9908,1,0
E,F,E,5133,100,5133,1,0
E,G,E,10615,100,10615,1,0
E,H,E,10124,100,10124,1,0
A,F,F,5095,100,5095,1,0
B,F,F,1390,100,1390,1,0
C,F,F,7204,100,7204,1,0
D,F,F,5407,100,5407,1,0
E,F,F,5103,100,5103,1,0
F,G,F,6990,100,6990,1,0
F,H,F,5397,100,5397,1,0
A,G,G,10645,100,10645,1,0
B,G,G,7067,100,7067,1,0
C,G,G,1385,100,1385,1,0
D,G,G,8876,100,8876,1,0
E,G,G,10596,100,10596,1,0
F,G,G,7003,100,7003,1,0
G,H,G,8879,100,8879,1,0
A,H,H,9919,100,9919,1,0
B,H,H,5690,100,5690,1,0
C,H,H,8980,100,8980,1,0
D,H,H,1500,100,1500,1,0
E,H,H,10142,100,10142,1,0
F,H,H,5455,100,5455,1,0
G,H,H,8848,100,8848,1,0
A,B,A,4746,100,4746,1,0
A,C,A,10626,100,10626,1,0
A,D,A,9569,100,9569,1,0
A,E,A,1436,100,1436,1,0
A,F,A,5068,100,5068,1,0
A,G,A,10582,100,10582,1,0
A,H,A,9964,100,9964,1,0
A,B,B,4754,100,4754,1,0
B,C,B,7043,100,7043,1,0
B,D,B,5301,100,5301,1,0
B,E,B,5175,100,5175,1,0
B,F,B,1364,100,1364,1,0
B,G,B,7078,100,7078,1,0
B,H,B,5725,100,5725,1,0
A,C,C,10636,100,10636,1,0
B,C,C,7002,100,7002,1,0
C,D,C,8737,100,8737,1,0
C,E,C,10818,100,10818,1,0
C,F,C,7186,100,7186,1,0
C,G,C,1387,100,1387,1,0
C,H,C,8932,100,8932,1,0
A,D,D,9523,100,9523,1,0
B,D,D,5291,100,5291,1,0
C,D,D,8749,100,8749,1,0
D,E,D,9942,100,9942,1,0
D,F,D,5401,100,5401,1,0
D,G,D,8890,100,8890,1,0
D,H,D,1436,100,1436,1,0
A,E,E,1329,100,1329,1,0
B,E,E,5181,100,5181,1,0
C,E,E,10789,100,10789,1,0
D,E,E,9911,100,9911,1,0
E,F,E,5116,100,5116,1,0
E,G,E,10620,100,10620,1,0
E,H,E,10153,100,10153,1,0
A,F,F,5015,100,5015,1,0
B,F,F,1360,100,1360,1,0
C,F,F,7173,100,7173,1,0
D,F,F,5345,100,5345,1,0
E,F,F,5081,100,5081,1,0
F,G,F,7001,100,7001,1,0
F,H,F,5462,100,5462,1,0
A,G,G,10662,100,10662,1,0
B,G,G,7088,100,7088,1,0
C,G,G,1430,100,1430,1,0
D,G,G,8883,100,8883,1,0
E,G,G,10646,100,10646,1,0
F,G,G,6997,100,6997,1,0
G,H,G,8900,100,8900,1,0
A,H,H,9892,100,9892,1,0
B,H,H,5750,100,5750,1,0
C,H,H,8874,100,8874,1,0
D,H,H,1491,100,1491,1,0
E,H,H,10155,100,10155,1,0
F,H,H,5506,100,5506,1,0
G,H,H,8904,100,8904,1,0
A,B,A,4743,100,4743,1,0
A,C,A,10635,100,10635,1,0
A,D,A,9540,100,9540,1,0
A,E,A,1407,100,1407,1,0
A,F,A,5058,100,5058,1,0
A,G,A,10634,100,10634,1,0
A,H,A,9955,100,9955,1,0
A,B,B,4754,100,4754,1,0
B,C,B,6999,100,6999,1,0
B,D,B,5318,100,5318,1,0
B,E,B,5160,100,5160,1,0
B,F,B,1357,100,1357,1,0
B,G,B,7075,100,7075,1,0
B,H,B,5708,100,5708,1,0
A,C,C,10626,100,10626,1,0
B,C,C,7017,100,7017,1,0
C,D,C,8719,100,8719,1,0
C,E,C,10799,100,10799,1,0
C,F,C,7184,100,7184,1,0
C,G,C,1377,100,1377,1,0
C,H,C,8964,100,8964,1,0
A,D,D,9527,100,9527,1,0
B,D,D,5299,100,5299,1,0
C,D,D,8760,100,8760,1,0
D,E,D,9952,100,9952,1,0
D,F,D,5346,100,5346,1,0
D,G,D,8899,100,8899,1,0
D,H,D,1506,100,1506,1,0
A,E,E,1413,100,1413,1,0
B,E,E,5181,100,5181,1,0
C,E,E,10818,100,10818,1,0
D,E,E,9890,100,9890,1,0
E,F,E,5106,100,5106,1,0
E,G,E,10617,100,10617,1,0
E,H,E,10147,100,10147,1,0
A,F,F,5095,100,5095,1,0
B,F,F,1370,100,1370,1,0
C,F,F,7170,100,7170,1,0
D,F,F,5353,100,5353,1,0
E,F,F,5100,100,5100,1,0
F,G,F,6992,100,6992,1,0
F,H,F,5477,100,5477,1,0
A,G,G,10600,100,10600,1,0
B,G,G,7111,100,7111,1,0
C,G,G,1379,100,1379,1,0
D,G,G,8894,100,8894,1,0
E,G,G,10627,100,10627,1,0
F,G,G,6981,100,6981,1,0
G,H,G,8846,100,8846,1,0
A,H,H,9967,100,9967,1,0
B,H,H,5740,100,5740,1,0
C,H,H,8957,100,8957,1,0
D,H,H,1526,100,1526,1,0
E,H,H,10151,100,10151,1,0
F,H,H,5504,100,5504,1,0
G,H,H,8881,100,8881,1,0
A,B,A,4748,100,4748,1,0
A,C,A,10618,100,10618,1,0
A,D,A,9548,100,9548,1,0
A,E,A,1418,100,1418,1,0
A,F,A,5083,100,5083,1,0
A,G,A,10624,100,10624,1,0
A,H,A,9960,100,9960,1,0
A,B,B,4746,100,4746,1,0
B,C,B,6986,100,6986,1,0
B,D,B,5244,100,5244,1,0
B,E,B,5205,100,5205,1,0
B,F,B,1350,100,1350,1,0
B,G,B,7120,100,7120,1,0
B,H,B,5706,100,5706,1,0
A,C,C,10619,100,10619,1,0
B,C,C,6995,100,6995,1,0
C,D,C,8709,100,8709,1,0
C,E,C,10802,100,10802,1,0
C,F,C,7177,100,7177,1,0
C,G,C,1379,100,1379,1,0
C,H,C,8892,100,8892,1,0
A,D,D,9513,100,9513,1,0
B,D,D,5298,100,5298,1,0
C,D,D,8738,100,8738,1,0
D,E,D,9930,100,9930,1,0
D,F,D,5366,100,5366,1,0
D,G,D,8913,100,8913,1,0
D,H,D,1490,100,1490,1,0
A,E,E,1385,100,1385,1,0
B,E,E,5181,100,5181,1,0
C,E,E,10841,100,10841,1,0
D,E,E,9892,100,9892,1,0
E,F,E,5109,100,5109,1,0
E,G,E,10655,100,10655,1,0
E,H,E,10164,100,10164,1,0
A,F,F,5053,100,5053,1,0
B,F,F,1343,100,1343,1,0
C,F,F,7183,100,7183,1,0
D,F,F,5358,100,5358,1,0
E,F,F,5117,100,5117,1,0
F,G,F,7015,100,7015,1,0
F,H,F,5431,100,5431,1,0
A,G,G,10615,100,10615,1,0
B,G,G,7023,100,7023,1,0
C,G,G,1347,100,1347,1,0
D,G,G,8914,100,8914,1,0
E,G,G,10626,100,10626,1,0
F,G,G,6997,100,6997,1,0
G,H,G,8874,100,8874,1,0
A,H,H,9979,100,9979,1,0
B,H,H,5791,100,5791,1,0
C,H,H,8966,100,8966,1,0
D,H,H,1510,100,1510,1,0
E,H,H,10148,100,10148,1,0
F,H,H,5490,100,5490,1,0
G,H,H,8877,100,8877,1,0
A,B,A,4804,100,4804,1,0
A,C,A,10623,100,10623,1,0
A,D,A,9540,100,9540,1,0
A,E,A,1401,100,1401,1,0
A,F,A,5040,100,5040,1,0
A,G,A,10647,100,10647,1,0
A,H,A,9960,100,9960,1,0
A,B,B,4781,100,4781,1,0
B,C,B,7017,100,7017,1,0
B,D,B,5286,100,5286,1,0
B,E,B,5196,100,5196,1,0
B,F,B,1346,100,1346,1,0
B,G,B,7083,100,7083,1,0
B,H,B,5702,100,5702,1,0
A,C,C,10642,100,10642,1,0
B,C,C,7026,100,7026,1,0
C,D,C,8710,100,8710,1,0
C,E,C,10790,100,10790,1,0
C,F,C,7168,100,7168,1,0
C,G,C,1408,100,1408,1,0
C,H,C,8947,100,8947,1,0
A,D,D,9533,100,9533,1,0
B,D,D,5308,100,5308,1,0
C,D,D,8740,100,8740,1,0
D,E,D,9992,100,9992,1,0
D,F,D,5377,100,5377,1,0
D,G,D,8896,100,8896,1,0
D,H,D,1475,100,1475,1,0
A,E,E,1402,100,1402,1,0
B,E,E,5163,100,5163,1,0
C,E,E,10842,100,10842,1,0
D,E,E,9918,100,9918,1,0
E,F,E,5131,100,5131,1,0
E,G,E,10661,100,10661,1,0
E,H,E,10154,100,10154,1,0
A,F,F,5050,100,5050,1,0
B,F,F,1358,100,1358,1,0
C,F,F,7206,100,7206,1,0
D,F,F,5347,100,5347,1,0
E,F,F,5077,100,5077,1,0
F,G,F,7007,100,7007,1,0
F,H,F,5513,100,5513,1,0
A,G,G,10617,100,10617,1,0
B,G,G,7069,100,7069,1,0
C,G,G,1376,100,1376,1,0
D,G,G,8916,100,8916,1,0
E,G,G,10659,100,10659,1,0
F,G,G,6997,100,6997,1,0
G,H,G,8904,100,8904,1,0
A,H,H,9991,100,9991,1,0
B,H,H,5715,100,5715,1,0
C,H,H,8955,100,8955,1,0
D,H,H,1472,100,1472,1,0
E,H,H,10175,100,10175,1,0
F,H,H,5426,100,5426,1,0
G,H,H,8863,100,8863,1,0
A,B,A,4777,100,4777,1,0
A,C,A,10618,100,10618,1,0
A,D,A,9533,100,9533,1,0
A,E,A,1406,100,1406,1,0
A,F,A,5066,100,5066,1,0
A,G,A,10606,100,10606,1,0
A,H,A,9960,100,9960,1,0
A,B,B,4769,100,4769,1,0
B,C,B,7017,100,7017,1,0
B,D,B,5286,100,5286,1,0
B,E,B,5212,100,5212,1,0
B,F,B,1379,100,1379,1,0
B,G,B,7076,100,7076,1,0
B,H,B,5738,100,5738,1,0
A,C,C,10678,100,10678,1,0
B,C,C,7037,100,7037,1,0
C,D,C,8713,100,8713,1,0
C,E,C,10842,100,10842,1,0
C,F,C,7185,100,7185,1,0
C,G,C,1383,100,1383,1,0
C,H,C,8930,100,8930,1,0
A,D,D,9543,100,9543,1,0
B,D,D,5280,100,5280,1,0
C,D,D,8753,100,8753,1,0
D,E,D,9886,100,9886,1,0
D,F,D,5374,100,5374,1,0
D,G,D,8889,100,8889,1,0
D,H,D,1458,100,1458,1,0
A,E,E,1478,100,1478,1,0
B,E,E,5182,100,5182,1,0
C,E,E,10848,100,10848,1,0
D,E,E,9867,100,9867,1,0
E,F,E,5117,100,5117,1,0
E,G,E,10646,100,10646,1,0
E,H,E,10153,100,10153,1,0
A,F,F,5052,100,5052,1,0
B,F,F,1332,100,1332,1,0
C,F,F,7169,100,7169,1,0
D,F,F,5370,100,5370,1,0
E,F,F,5093,100,5093,1,0
F,G,F,7015,100,7015,1,0
F,H,F,5425,100,5425,1,0
A,G,G,10600,100,10600,1,0
B,G,G,7076,100,7076,1,0
C,G,G,1374,100,1374,1,0
D,G,G,8911,100,8911,1,0
E,G,G,10660,100,10660,1,0
F,G,G,6982,100,6982,1,0
G,H,G,8824,100,8824,1,0
A,H,H,9920,100,9920,1,0
B,H,H,5707,100,5707,1,0
C,H,H,8886,100,8886,1,0
D,H,H,1470,100,1470,1,0
E,H,H,10132,100,10132,1,0
F,H,H,5448,100,5448,1,0
G,H,H,8852,100,8852,1,0
A,B,A,4793,100,4793,1,0
A,C,A,10643,100,10643,1,0
A,D,A,9532,100,9532,1,0
A,E,A,1399,100,1399,1,0
A,F,A,5055,100,5055,1,0
A,G,A,10607,100,10607,1,0
A,H,A,9939,100,9939,1,0
A,B,B,4713,100,4713,1,0
B,C,B,6996,100,6996,1,0
B,D,B,5269,100,5269,1,0
B,E,B,5143,100,5143,1,0
B,F,B,1333,100,1333,1,0
B,G,B,7082,100,7082,1,0
B,H,B,5777,100,5777,1,0
A,C,C,10657,100,10657,1,0
B,C,C,7029,100,7029,1,0
C,D,C,8772,100,8772,1,0
C,E,C,10813,100,10813,1,0
C,F,C,7207,100,7207,1,0
C,G,C,1321,100,1321,1,0
C,H,C,8910,100,8910,1,0
A,D,D,9522,100,9522,1,0
B,D,D,5308,100,5308,1,0
C,D,D,8723,100,8723,1,0
D,E,D,9933,100,9933,1,0
D,F,D,5353,100,5353,1,0
D,G,D,8881,100,8881,1,0
D,H,D,1459,100,1459,1,0
A,E,E,1403,100,1403,1,0
B,E,E,5145,100,5145,1,0
C,E,E,10832,100,10832,1,0
D,E,E,9902,100,9902,1,0
E,F,E,5114,100,5114,1,0
E,G,E,10654,100,10654,1,0
E,H,E,10154,100,10154,1,0
A,F,F,5033,100,5033,1,0
B,F,F,1331,100,1331,1,0
C,F,F,7160,100,7160,1,0
D,F,F,5355,100,5355,1,0
E,F,F,5108,100,5108,1,0
F,G,F,7004,100,7004,1,0
F,H,F,5431,100,5431,1,0
A,G,G,10637,100,10637,1,0
B,G,G,7080,100,7080,1,0
C,G,G,1413,100,1413,1,0
D,G,G,8879,100,8879,1,0
E,G,G,10661,100,10661,1,0
F,G,G,6987,100,6987,1,0
G,H,G,8833,100,8833,1,0
A,H,H,9932,100,9932,1,0
B,H,H,5746,100,5746,1,0
C,H,H,8888,100,8888,1,0
D,H,H,1437,100,1437,1,0
E,H,H,10166,100,10166,1,0
F,H,H,5453,100,5453,1,0
G,H,H,8894,100,8894,1,0
A,B,A,4748,100,4748,1,0
A,C,A,10607,100,10607,1,0
A,D,A,9501,100,9501,1,0
A,E,A,1420,100,1420,1,0
A,F,A,5056,100,5056,1,0
A,G,A,10562,100,10562,1,0
A,H,A,9934,100,9934,1,0
A,B,B,4805,100,4805,1,0
B,C,B,6983,100,6983,1,0
B,D,B,5302,100,5302,1,0
B,E,B,5178,100,5178,1,0
B,F,B,1376,100,1376,1,0
B,G,B,7083,100,7083,1,0
B,H,B,5779,100,5779,1,0
A,C,C,10645,100,10645,1,0
B,C,C,6995,100,6995,1,0
C,D,C,8756,100,8756,1,0
C,E,C,10822,100,10822,1,0
C,F,C,7228,100,7228,1,0
C,G,C,1388,100,1388,1,0
C,H,C,8935,100,8935,1,0
A,D,D,9532,100,9532,1,0
B,D,D,5303,100,5303,1,0
C,D,D,8751,100,8751,1,0
D,E,D,9896,100,9896,1,0
D,F,D,5359,100,5359,1,0
D,G,D,8851,100,8851,1,0
D,H,D,1511,100,1511,1,0
A,E,E,1412,100,1412,1,0
B,E,E,5223,100,5223,1,0
C,E,E,10807,100,10807,1,0
D,E,E,9959,100,9959,1,0
E,F,E,5141,100,5141,1,0
E,G,E,10618,100,10618,1,0
E,H,E,10183,100,10183,1,0
A,F,F,5071,100,5071,1,0
B,F,F,1352,100,1352,1,0
C,F,F,7204,100,7204,1,0
D,F,F,5384,100,5384,1,0
E,F,F,5140,100,5140,1,0
F,G,F,7023,100,7023,1,0
F,H,F,5464,100,5464,1,0
A,G,G,10604,100,10604,1,0
B,G,G,7095,100,7095,1,0
C,G,G,1402,100,1402,1,0
D,G,G,8890,100,8890,1,0
E,G,G,10661,100,10661,1,0
F,G,G,6996,100,6996,1,0
G,H,G,8854,100,8854,1,0
A,H,H,9938,100,9938,1,0
B,H,H,5751,100,5751,1,0
C,H,H,8903,100,8903,1,0
D,H,H,1457,100,1457,1,0
E,H,H,10128,100,10128,1,0
F,H,H,5412,100,5412,1,0
G,H,H,8864,100,8864,1,0
A,B,A,4763,100,4763,1,0
A,C,A,10606,100,10606,1,0
A,D,A,9545,100,9545,1,0
A,E,A,1372,100,1372,1,0
A,F,A,5094,100,5094,1,0
A,G,A,10620,100,10620,1,0
A,H,A,9941,100,9941,1,0
A,B,B,4772,100,4772,1,0
B,C,B,7004,100,7004,1,0
B,D,B,5284,100,5284,1,0
B,E,B,5158,100,5158,1,0
B,F,B,1357,100,1357,1,0
B,G,B,7062,100,7062,1,0
B,H,B,5740,100,5740,1,0
A,C,C,10633,100,10633,1,0
B,C,C,7053,100,7053,1,0
C,D,C,8778,100,8778,1,0
C,E,C,10810,100,10810,1,0
C,F,C,7203,100,7203,1,0
C,G,C,1347,100,1347,1,0
C,H,C,8888,100,8888,1,0
A,D,D,9535,100,9535,1,0
B,D,D,5259,100,5259,1,0
C,D,D,8737,100,8737,1,0
D,E,D,9971,100,9971,1,0
D,F,D,5351,100,5351,1,0
D,G,D,8874,100,8874,1,0
D,H,D,1466,100,1466,1,0
A,E,E,1430,100,1430,1,0
B,E,E,5142,100,5142,1,0
C,E,E,10792,100,10792,1,0
D,E,E,9963,100,9963,1,0
E,F,E,5097,100,5097,1,0
E,G,E,10631,100,10631,1,0
E,H,E,10149,100,10149,1,0
A,F,F,5087,100,5087,1,0
B,F,F,1344,100,1344,1,0
C,F,F,7175,100,7175,1,0
D,F,F,5356,100,5356,1,0
E,F,F,5113,100,5113,1,0
F,G,F,7010,100,7010,1,0
F,H,F,5491,100,5491,1,0
A,G,G,10639,100,10639,1,0
B,G,G,7104,100,7104,1,0
C,G,G,1393,100,1393,1,0
D,G,G,8920,100,8920,1,0
E,G,G,10646,100,10646,1,0
F,G,G,7013,100,7013,1,0
G,H,G,8904,100,8904,1,0
A,H,H,9935,100,9935,1,0
B,H,H,5765,100,5765,1,0
C,H,H,8929,100,8929,1,0
D,H,H,1473,100,1473,1,0
E,H,H,10137,100,10137,1,0
F,H,H,5455,100,5455,1,0
G,H,H,8866,100,8866,1,0
A,B,A,4776,100,4776,1,0
A,C,A,10678,100,10678,1,0
A,D,A,9525,100,9525,1,0
A,E,A,1436,100,1436,1,0
A,F,A,5101,100,5101,1,0
A,G,A,10617,100,10617,1,0
A,H,A,9948,100,9948,1,0
A,B,B,4782,100,4782,1,0
B,C,B,7007,100,7007,1,0
B,D,B,5298,100,5298,1,0
B,E,B,5171,100,5171,1,0
B,F,B,1363,100,1363,1,0
B,G,B,7069,100,7069,1,0
B,H,B,5755,100,5755,1,0
A,C,C,10599,100,10599,1,0
B,C,C,6996,100,6996,1,0
C,D,C,8724,100,8724,1,0
C,E,C,10857,100,10857,1,0
C,F,C,7168,100,7168,1,0
C,G,C,1344,100,1344,1,0
C,H,C,8969,100,8969,1,0
A,D,D,9522,100,9522,1,0
B,D,D,5267,100,5267,1,0
C,D,D,8746,100,8746,1,0
D,E,D,9946,100,9946,1,0
D,F,D,5350,100,5350,1,0
D,G,D,8899,100,8899,1,0
D,H,D,1513,100,1513,1,0
A,E,E,1407,100,1407,1,0
B,E,E,5224,100,5224,1,0
C,E,E,10818,100,10818,1,0
D,E,E,9938,100,9938,1,0
E,F,E,5084,100,5084,1,0
E,G,E,10646,100,10646,1,0
E,H,E,10130,100,10130,1,0
A,F,F,5080,100,5080,1,0
B,F,F,1371,100,1371,1,0
C,F,F,7223,100,7223,1,0
D,F,F,5372,100,5372,1,0
E,F,F,5087,100,5087,1,0
F,G,F,7027,100,7027,1,0
F,H,F,5432,100,5432,1,0
A,G,G,10651,100,10651,1,0
B,G,G,7059,100,7059,1,0
C,G,G,1392,100,1392,1,0
D,G,G,8894,100,8894,1,0
E,G,G,10622,100,10622,1,0
F,G,G,6994,100,6994,1,0
G,H,G,8874,100,8874,1,0
A,H,H,9918,100,9918,1,0
B,H,H,5770,100,5770,1,0
C,H,H,8933,100,8933,1,0
D,H,H,1554,100,1554,1,0
E,H,H,10125,100,10125,1,0
F,H,H,5467,100,5467,1,0
G,H,H,8848,100,8848,1,0
A,B,A,4749,100,4749,1,0
A,C,A,10606,100,10606,1,0
A,D,A,9537,100,9537,1,0
A,E,A,1390,100,1390,1,0
A,F,A,5010,100,5010,1,0
A,G,A,10649,100,10649,1,0
A,H,A,9938,100,9938,1,0
A,B,B,4757,100,4757,1,0
B,C,B,7010,100,7010,1,0
B,D,B,5286,100,5286,1,0
B,E,B,5217,100,5217,1,0
B,F,B,1341,100,1341,1,0
B,G,B,7068,100,7068,1,0
B,H,B,5757,100,5757,1,0
A,C,C,10616,100,10616,1,0
B,C,C,7021,100,7021,1,0
C,D,C,8723,100,8723,1,0
C,E,C,10829,100,10829,1,0
C,F,C,7183,100,7183,1,0
C,G,C,1344,100,1344,1,0
C,H,C,8922,100,8922,1,0
A,D,D,9522,100,9522,1,0
B,D,D,5300,100,5300,1,0
C,D,D,8738,100,8738,1,0
D,E,D,9924,100,9924,1,0
D,F,D,5334,100,5334,1,0
D,G,D,8884,100,8884,1,0
D,H,D,1497,100,1497,1,0
A,E,E,1393,100,1393,1,0
B,E,E,5165,100,5165,1,0
C,E,E,10795,100,10795,1,0
D,E,E,9925,100,9925,1,0
E,F,E,5076,100,5076,1,0
E,G,E,10638,100,10638,1,0
E,H,E,10130,100,10130,1,0
A,F,F,5081,100,5081,1,0
B,F,F,1325,100,1325,1,0
C,F,F,7197,100,7197,1,0
D,F,F,5354,100,5354,1,0
E,F,F,5097,100,5097,1,0
F,G,F,6991,100,6991,1,0
F,H,F,5459,100,5459,1,0
A,G,G,10650,100,10650,1,0
B,G,G,7049,100,7049,1,0
C,G,G,1402,100,1402,1,0
D,G,G,8857,100,8857,1,0
E,G,G,10618,100,10618,1,0
F,G,G,6978,100,6978,1,0
G,H,G,8902,100,8902,1,0
A,H,H,9900,100,9900,1,0
B,H,H,5745,100,5745,1,0
C,H,H,8939,100,8939,1,0
D,H,H,1508,100,1508,1,0
E,H,H,10153,100,10153,1,0
F,H,H,5432,100,5432,1,0
G,H,H,8860,100,8860,1,0
A,B,A,4777,100,4777,1,0
A,C,A,10682,100,10682,1,0
A,D,A,9537,100,9537,1,0
A,E,A,1418,100,1418,1,0
A,F,A,5102,100,5102,1,0
A,G,A,10667,100,10667,1,0
A,H,A,9991,100,9991,1,0
A,B,B,4769,100,4769,1,0
B,C,B,7004,100,7004,1,0
B,D,B,5271,100,5271,1,0
B,E,B,5188,100,5188,1,0
B,F,B,1355,100,1355,1,0
B,G,B,7049,100,7049,1,0
B,H,B,5755,100,5755,1,0
A,C,C,10596,100,10596,1,0
B,C,C,7055,100,7055,1,0
C,D,C,8757,100,8757,1,0
C,E,C,10829,100,10829,1,0
C,F,C,7187,100,7187,1,0
C,G,C,1402,100,1402,1,0
C,H,C,9001,100,9001,1,0
A,D,D,9525,100,9525,1,0
B,D,D,5245,100,5245,1,0
C,D,D,8705,100,8705,1,0
D,E,D,9916,100,9916,1,0
D,F,D,5361,100,5361,1,0
D,G,D,8872,100,8872,1,0
D,H,D,1481,100,1481,1,0
A,E,E,1424,100,1424,1,0
B,E,E,5204,100,5204,1,0
C,E,E,10797,100,10797,1,0
D,E,E,9940,100,9940,1,0
E,F,E,5093,100,5093,1,0
E,G,E,10624,100,10624,1,0
E,H,E,10091,100,10091,1,0
A,F,F,5069,100,5069,1,0
B,F,F,1397,100,1397,1,0
C,F,F,7198,100,7198,1,0
D,F,F,5349,100,5349,1,0
E,F,F,5108,100,5108,1,0
F,G,F,6991,100,6991,1,0
F,H,F,5450,100,5450,1,0
A,G,G,10664,100,10664,1,0
B,G,G,7071,100,7071,1,0
C,G,G,1338,100,1338,1,0
D,G,G,8888,100,8888,1,0
E,G,G,10615,100,10615,1,0
F,G,G,7001,100,7001,1,0
G,H,G,8870,100,8870,1,0
A,H,H,9953,100,9953,1,0
B,H,H,5757,100,5757,1,0
C,H,H,8936,100,8936,1,0
D,H,H,1484,100,1484,1,0
E,H,H,10116,100,10116,1,0
F,H,H,5474,100,5474,1,0
G,H,H,8868,100,8868,1,0
A,B,A,4789,100,4789,1,0
A,C,A,10639,100,10639,1,0
A,D,A,9546,100,9546,1,0
A,E,A,1406,100,1406,1,0
A,F,A,5065,100,5065,1,0
A,G,A,10645,100,10645,1,0
A,H,A,9886,100,9886,1,0
A,B,B,4726,100,4726,1,0
B,C,B,7023,100,7023,1,0
B,D,B,5284,100,5284,1,0
B,E,B,5195,100,5195,1,0
B,F,B,1337,100,1337,1,0
B,G,B,7058,100,7058,1,0
B,H,B,5758,100,5758,1,0
A,C,C,10635,100,10635,1,0
B,C,C,7008,100,7008,1,0
C,D,C,8709,100,8709,1,0
C,E,C,10772,100,10772,1,0
C,F,C,7176,100,7176,1,0
C,G,C,1399,100,1399,1,0
C,H,C,8930,100,8930,1,0
A,D,D,9543,100,9543,1,0
B,D,D,5279,100,5279,1,0
C,D,D,8742,100,8742,1,0
D,E,D,9958,100,9958,1,0
D,F,D,5348,100,5348,1,0
D,G,D,8889,100,8889,1,0
D,H,D,1417,100,1417,1,0
A,E,E,1403,100,1403,1,0
B,E,E,5185,100,5185,1,0
C,E,E,10823,100,10823,1,0
D,E,E,9917,100,9917,1,0
E,F,E,5104,100,5104,1,0
E,G,E,10628,100,10628,1,0
E,H,E,10169,100,10169,1,0
A,F,F,5030,100,5030,1,0
B,F,F,1364,100,1364,1,0
C,F,F,7181,100,7181,1,0
D,F,F,5346,100,5346,1,0
E,F,F,5093,100,5093,1,0
F,G,F,7006,100,7006,1,0
F,H,F,5478,100,5478,1,0
A,G,G,10648,100,10648,1,0
B,G,G,7047,100,7047,1,0
C,G,G,1310,100,1310,1,0
D,G,G,8866,100,8866,1,0
E,G,G,10645,100,10645,1,0
F,G,G,6994,100,6994,1,0
G,H,G,8854,100,8854,1,0
A,H,H,10011,100,10011,1,0
B,H,H,5751,100,5751,1,0
C,H,H,8910,100,8910,1,0
D,H,H,1426,100,1426,1,0
E,H,H,10143,100,10143,1,0
F,H,H,5474,100,5474,1,0
G,H,H,8858,100,8858,1,0
A,B,A,4750,100,4750,1,0
A,C,A,10587,100,10587,1,0
A,D,A,9532,100,9532,1,0
A,E,A,1420,100,1420,1,0
A,F,A,5063,100,5063,1,0
A,G,A,10592,100,10592,1,0
A,H,A,9944,100,9944,1,0
A,B,B,4761,100,4761,1,0
B,C,B,7003,100,7003,1,0
B,D,B,5256,100,5256,1,0
B,E,B,5159,100,5159,1,0
B,F,B,1366,100,1366,1,0
B,G,B,7092,100,7092,1,0
B,H,B,5748,100,5748,1,0
A,C,C,10622,100,10622,1,0
B,C,C,7031,100,7031,1,0
C,D,C,8734,100,8734,1,0
C,E,C,10795,100,10795,1,0
C,F,C,7226,100,7226,1,0
C,G,C,1338,100,1338,1,0
C,H,C,8946,100,8946,1,0
A,D,D,9540,100,9540,1,0
B,D,D,5305,100,5305,1,0
C,D,D,8784,100,8784,1,0
D,E,D,9898,100,9898,1,0
D,F,D,5360,100,5360,1,0
D,G,D,8899,100,8899,1,0
D,H,D,1550,100,1550,1,0
A,E,E,1428,100,1428,1,0
B,E,E,5202,100,5202,1,0
C,E,E,10804,100,10804,1,0
D,E,E,9941,100,9941,1,0
E,F,E,5119,100,5119,1,0
E,G,E,10655,100,10655,1,0
E,H,E,10137,100,10137,1,0
A,F,F,5089,100,5089,1,0
B,F,F,1337,100,1337,1,0
C,F,F,7196,100,7196,1,0
D,F,F,5344,100,5344,1,0
E,F,F,5088,100,5088,1,0
F,G,F,6992,100,6992,1,0
F,H,F,5451,100,5451,1,0
A,G,G,10636,100,10636,1,0
B,G,G,7048,100,7048,1,0
C,G,G,1349,100,1349,1,0
D,G,G,8861,100,8861,1,0
E,G,G,10595,100,10595,1,0
F,G,G,7015,100,7015,1,0
G,H,G,8858,100,8858,1,0
A,H,H,9971,100,9971,1,0
B,H,H,5742,100,5742,1,0
C,H,H,8959,100,8959,1,0
D,H,H,1548,100,1548,1,0
E,H,H,10130,100,10130,1,0
F,H,H,5445,100,5445,1,0
G,H,H,8891,100,8891,1,0
A,B,A,4800,100,4800,1,0
A,C,A,10649,100,10649,1,0
A,D,A,9499,100,9499,1,0
A,E,A,1400,100,1400,1,0
A,F,A,5058,100,5058,1,0
A,G,A,10677,100,10677,1,0
A,H,A,9938,100,9938,1,0
A,B,B,4776,100,4776,1,0
B,C,B,7009,100,7009,1,0
B,D,B,5276,100,5276,1,0
B,E,B,5176,100,5176,1,0
B,F,B,1376,100,1376,1,0
B,G,B,7073,100,7073,1,0
B,H,B,5798,100,5798,1,0
A,C,C,10597,100,10597,1,0
B,C,C,6994,100,6994,1,0
C,D,C,8777,100,8777,1,0
C,E,C,10801,100,10801,1,0
C,F,C,7208,100,7208,1,0
C,G,C,1382,100,1382,1,0
C,H,C,8975,100,8975,1,0
A,D,D,9522,100,9522,1,0
B,D,D,5330,100,5330,1,0
C,D,D,8775,100,8775,1,0
D,E,D,9907,100,9907,1,0
D,F,D,5362,100,5362,1,0
D,G,D,8922,100,8922,1,0
D,H,D,1498,100,1498,1,0
A,E,E,1394,100,1394,1,0
B,E,E,5190,100,5190,1,0
C,E,E,10854,100,10854,1,0
D,E,E,9976,100,9976,1,0
E,F,E,5111,100,5111,1,0
E,G,E,10626,100,10626,1,0
E,H,E,10163,100,10163,1,0
A,F,F,5088,100,5088,1,0
B,F,F,1343,100,1343,1,0
C,F,F,7167,100,7167,1,0
D,F,F,5339,100,5339,1,0
E,F,F,5122,100,5122,1,0
F,G,F,7020,100,7020,1,0
F,H,F,5494,100,5494,1,0
A,G,G,10600,100,10600,1,0
B,G,G,7071,100,7071,1,0
C,G,G,1409,100,1409,1,0
D,G,G,8868,100,8868,1,0
E,G,G,10618,100,10618,1,0
F,G,G,7026,100,7026,1,0
G,H,G,8838,100,8838,1,0
A,H,H,9961,100,9961,1,0
B,H,H,5784,100,5784,1,0
C,H,H,8928,100,8928,1,0
D,H,H,1473,100,1473,1,0
E,H,H,10150,100,10150,1,0
F,H,H,5444,100,5444,1,0
G,H,H,8879,100,8879,1,0
A,B,A,4800,100,4800,1,0
A,C,A,10654,100,10654,1,0
A,D,A,9524,100,9524,1,0
A,E,A,1414,100,1414,1,0
A,F,A,5111,100,5111,1,0
A,G,A,10596,100,10596,1,0
A,H,A,9958,100,9958,1,0
A,B,B,4778,100,4778,1,0
B,C,B,7020,100,7020,1,0
B,D,B,5305,100,5305,1,0
B,E,B,5179,100,5179,1,0
B,F,B,1372,100,1372,1,0
B,G,B,7095,100,7095,1,0
B,H,B,5734,100,5734,1,0
A,C,C,10637,100,10637,1,0
B,C,C,6995,100,6995,1,0
C,D,C,8742,100,8742,1,0
C,E,C,10832,100,10832,1,0
C,F,C,7188,100,7188,1,0
C,G,C,1383,100,1383,1,0
C,H,C,8912,100,8912,1,0
A,D,D,9549,100,9549,1,0
B,D,D,5282,100,5282,1,0
C,D,D,8725,100,8725,1,0
D,E,D,9913,100,9913,1,0
D,F,D,5398,100,5398,1,0
D,G,D,8865,100,8865,1,0
D,H,D,1491,100,1491,1,0
A,E,E,1385,100,1385,1,0
B,E,E,5183,100,5183,1,0
C,E,E,10814,100,10814,1,0
D,E,E,9904,100,9904,1,0
E,F,E,5080,100,5080,1,0
E,G,E,10621,100,10621,1,0
E,H,E,10133,100,10133,1,0
A,F,F,5085,100,5085,1,0
B,F,F,1401,100,1401,1,0
C,F,F,7205,100,7205,1,0
D,F,F,5358,100,5358,1,0
E,F,F,5086,100,5086,1,0
F,G,F,6993,100,6993,1,0
F,H,F,5477,100,5477,1,0
A,G,G,10660,100,10660,1,0
B,G,G,7124,100,7124,1,0
C,G,G,1396,100,1396,1,0
D,G,G,8940,100,8940,1,0
E,G,G,10626,100,10626,1,0
F,G,G,6999,100,6999,1,0
G,H,G,8897,100,8897,1,0
A,H,H,9948,100,9948,1,0
B,H,H,5728,100,5728,1,0
C,H,H,8919,100,8919,1,0
D,H,H,1504,100,1504,1,0
E,H,H,10147,100,10147,1,0
F,H,H,5446,100,5446,1,0
G,H,H,8828,100,8828,1,0
A,B,A,4773,100,4773,1,0
A,C,A,10624,100,10624,1,0
A,D,A,9540,100,9540,1,0
A,E,A,1429,100,1429,1,0
A,F,A,5059,100,5059,1,0
A,G,A,10589,100,10589,1,0
A,H,A,9938,100,9938,1,0
A,B,B,4798,100,4798,1,0
B,C,B,7012,100,7012,1,0
B,D,B,5305,100,5305,1,0
B,E,B,5184,100,5184,1,0
B,F,B,1355,100,1355,1,0
B,G,B,7059,100,7059,1,0
B,H,B,5737,100,5737,1,0
A,C,C,10681,100,10681,1,0
B,C,C,7010,100,7010,1,0
C,D,C,8772,100,8772,1,0
C,E,C,10796,100,10796,1,0
C,F,C,7183,100,7183,1,0
C,G,C,1361,100,1361,1,0
C,H,C,8900,100,8900,1,0
A,D,D,9528,100,9528,1,0
B,D,D,5276,100,5276,1,0
C,D,D,8733,100,8733,1,0
D,E,D,9901,100,9901,1,0
D,F,D,5357,100,5357,1,0
D,G,D,8879,100,8879,1,0
D,H,D,1444,100,1444,1,0
A,E,E,1368,100,1368,1,0
B,E,E,5190,100,5190,1,0
C,E,E,10828,100,10828,1,0
D,E,E,9937,100,9937,1,0
E,F,E,5129,100,5129,1,0
E,G,E,10652,100,10652,1,0
E,H,E,10162,100,10162,1,0
A,F,F,5042,100,5042,1,0
B,F,F,1358,100,1358,1,0
C,F,F,7181,100,7181,1,0
D,F,F,5364,100,5364,1,0
E,F,F,5086,100,5086,1,0
F,G,F,7000,100,7000,1,0
F,H,F,5441,100,5441,1,0
A,G,G,10612,100,10612,1,0
B,G,G,7094,100,7094,1,0
C,G,G,1348,100,1348,1,0
D,G,G,8877,100,8877,1,0
E,G,G,10609,100,10609,1,0
F,G,G,7008,100,7008,1,0
G,H,G,8896,100,8896,1,0
A,H,H,9968,100,9968,1,0
B,H,H,5773,100,5773,1,0
C,H,H,8894,100,8894,1,0
D,H,H,1480,100,1480,1,0
E,H,H,10138,100,10138,1,0
F,H,H,5487,100,5487,1,0
G,H,H,8857,100,8857,1,0
A,B,A,4765,100,4765,1,0
A,C,A,10631,100,10631,1,0
A,D,A,9555,100,9555,1,0
A,E,A,1396,100,1396,1,0
A,F,A,5065,100,5065,1,0
A,G,A,10645,100,10645,1,0
A,H,A,9959,100,9959,1,0
A,B,B,4763,100,4763,1,0
B,C,B,7022,100,7022,1,0
B,D,B,5286,100,5286,1,0
B,E,B,5166,100,5166,1,0
B,F,B,1362,100,1362,1,0
B,G,B,7067,100,7067,1,0
B,H,B,5742,100,5742,1,0
A,C,C,10611,100,10611,1,0
B,C,C,7030,100,7030,1,0
C,D,C,8701,100,8701,1,0
C,E,C,10767,100,10767,1,0
C,F,C,7197,100,7197,1,0
C,G,C,1378,100,1378,1,0
C,H,C,8939,100,8939,1,0
A,D,D,9541,100,9541,1,0
B,D,D,5290,100,5290,1,0
C,D,D,8755,100,8755,1,0
D,E,D,9957,100,9957,1,0
D,F,D,5384,100,5384,1,0
D,G,D,8918,100,8918,1,0
D,H,D,1537,100,1537,1,0
A,E,E,1367,100,1367,1,0
B,E,E,5181,100,5181,1,0
C,E,E,10783,100,10783,1,0
D,E,E,9959,100,9959,1,0
E,F,E,5103,100,5103,1,0
E,G,E,10618,100,10618,1,0
E,H,E,10103,100,10103,1,0
A,F,F,5071,100,5071,1,0
B,F,F,1312,100,1312,1,0
C,F,F,7198,100,7198,1,0
D,F,F,5343,100,5343,1,0
E,F,F,5120,100,5120,1,0
F,G,F,6995,100,6995,1,0
F,H,F,5485,100,5485,1,0
A,G,G,10635,100,10635,1,0
B,G,G,7082,100,7082,1,0
C,G,G,1351,100,1351,1,0
D,G,G,8890,100,8890,1,0
E,G,G,10631,100,10631,1,0
F,G,G,6993,100,6993,1,0
G,H,G,8921,100,8921,1,0
A,H,H,9930,100,9930,1,0
B,H,H,5723,100,5723,1,0
C,H,H,8958,100,8958,1,0
D,H,H,1501,100,1501,1,0
E,H,H,10138,100,10138,1,0
F,H,H,5416,100,5416,1,0
G,H,H,8907,100,8907,1,0
A,B,A,4755,100,4755,1,0
A,C,A,10640,100,10640,1,0
A,D,A,9552,100,9552,1,0
A,E,A,1398,100,1398,1,0
A,F,A,5115,100,5115,1,0
A,G,A,10663,100,10663,1,0
A,H,A,9955,100,9955,1,0
A,B,B,4771,100,4771,1,0
B,C,B,7049,100,7049,1,0
B,D,B,5311,100,5311,1,0
B,E,B,5177,100,5177,1,0
B,F,B,1393,100,1393,1,0
B,G,B,7068,100,7068,1,0
B,H,B,5710,100,5710,1,0
A,C,C,10604,100,10604,1,0
B,C,C,7005,100,7005,1,0
C,D,C,8759,100,8759,1,0
C,E,C,10795,100,10795,1,0
C,F,C,7202,100,7202,1,0
C,G,C,1403,100,1403,1,0
C,H,C,8948,100,8948,1,0
A,D,D,9563,100,9563,1,0
B,D,D,5295,100,5295,1,0
C,D,D,8754,100,8754,1,0
D,E,D,9879,100,9879,1,0
D,F,D,5381,100,5381,1,0
D,G,D,8876,100,8876,1,0
D,H,D,1496,100,1496,1,0
A,E,E,1439,100,1439,1,0
B,E,E,5158,100,5158,1,0
C,E,E,10833,100,10833,1,0
D,E,E,9970,100,9970,1,0
E,F,E,5105,100,5105,1,0
E,G,E,10652,100,10652,1,0
E,H,E,10183,100,10183,1,0
A,F,F,5071,100,5071,1,0
B,F,F,1369,100,1369,1,0
C,F,F,7191,100,7191,1,0
D,F,F,5356,100,5356,1,0
E,F,F,5075,100,5075,1,0
F,G,F,7018,100,7018,1,0
F,H,F,5507,100,5507,1,0
A,G,G,10645,100,10645,1,0
B,G,G,7049,100,7049,1,0
C,G,G,1390,100,1390,1,0
D,G,G,8915,100,8915,1,0
E,G,G,10621,100,10621,1,0
F,G,G,7015,100,7015,1,0
G,H,G,8856,100,8856,1,0
A,H,H,9954,100,9954,1,0
B,H,H,5729,100,5729,1,0
C,H,H,8893,100,8893,1,0
D,H,H,1522,100,1522,1,0
E,H,H,10153,100,10153,1,0
F,H,H,5509,100,5509,1,0
G,H,H,8865,100,8865,1,0
A,B,A,4802,100,4802,1,0
A,C,A,10657,100,10657,1,0
A,D,A,9534,100,9534,1,0
A,E,A,1396,100,1396,1,0
A,F,A,5028,100,5028,1,0
A,G,A,10653,100,10653,1,0
A,H,A,9952,100,9952,1,0
A,B,B,4765,100,4765,1,0
B,C,B,7009,100,7009,1,0
B,D,B,5316,100,5316,1,0
B,E,B,5227,100,5227,1,0
B,F,B,1315,100,1315,1,0
B,G,B,7087,100,7087,1,0
B,H,B,5721,100,5721,1,0
A,C,C,10670,100,10670,1,0
B,C,C,7036,100,7036,1,0
C,D,C,8752,100,8752,1,0
C,E,C,10853,100,10853,1,0
C,F,C,7177,100,7177,1,0
C,G,C,1334,100,1334,1,0
C,H,C,8931,100,8931,1,0
A,D,D,9536,100,9536,1,0
B,D,D,5319,100,5319,1,0
C,D,D,8740,100,8740,1,0
D,E,D,9877,100,9877,1,0
D,F,D,5396,100,5396,1,0
D,G,D,8918,100,8918,1,0
D,H,D,1503,100,1503,1,0
A,E,E,1441,100,1441,1,0
B,E,E,5142,100,5142,1,0
C,E,E,10815,100,10815,1,0
D,E,E,9871,100,9871,1,0
E,F,E,5095,100,5095,1,0
E,G,E,10635,100,10635,1,0
E,H,E,10113,100,10113,1,0
A,F,F,5027,100,5027,1,0
B,F,F,1338,100,1338,1,0
C,F,F,7179,100,7179,1,0
D,F,F,5382,100,5382,1,0
E,F,F,5086,100,5086,1,0
F,G,F,6976,100,6976,1,0
F,H,F,5442,100,5442,1,0
A,G,G,10635,100,10635,1,0
B,G,G,7103,100,7103,1,0
C,G,G,1348,100,1348,1,0
D,G,G,8885,100,8885,1,0
E,G,G,10640,100,10640,1,0
F,G,G,7013,100,7013,1,0
G,H,G,8844,100,8844,1,0
A,H,H,9906,100,9906,1,0
B,H,H,5742,100,5742,1,0
C,H,H,8940,100,8940,1,0
D,H,H,1535,100,1535,1,0
E,H,H,10137,100,10137,1,0
F,H,H,5450,100,5450,1,0
G,H,H,8877,100,8877,1,0
A,B,A,4766,100,4766,1,0
A,C,A,10666,100,10666,1,0
A,D,A,9523,100,9523,1,0
A,E,A,1416,100,1416,1,0
A,F,A,5057,100,5057,1,0
A,G,A,10550,100,10550,1,0
A,H,A,9927,100,9927,1,0
A,B,B,4799,100,4799,1,0
B,C,B,7012,100,7012,1,0
B,D,B,5318,100,5318,1,0
B,E,B,5176,100,5176,1,0
B,F,B,1372,100,1372,1,0
B,G,B,7052,100,7052,1,0
B,H,B,5804,100,5804,1,0
A,C,C,10648,100,10648,1,0
B,C,C,7028,100,7028,1,0
C,D,C,8721,100,8721,1,0
C,E,C,10814,100,10814,1,0
C,F,C,7170,100,7170,1,0
C,G,C,1394,100,1394,1,0
C,H,C,8944,100,8944,1,0
A,D,D,9530,100,9530,1,0
B,D,D,5264,100,5264,1,0
C,D,D,8763,100,8763,1,0
D,E,D,9981,100,9981,1,0
D,F,D,5369,100,5369,1,0
D,G,D,8887,100,8887,1,0
D,H,D,1506,100,1506,1,0
A,E,E,1383,100,1383,1,0
B,E,E,5159,100,5159,1,0
C,E,E,10749,100,10749,1,0
D,E,E,9963,100,9963,1,0
E,F,E,5109,100,5109,1,0
E,G,E,10619,100,10619,1,0
E,H,E,10152,100,10152,1,0
A,F,F,5021,100,5021,1,0
B,F,F,1307,100,1307,1,0
C,F,F,7198,100,7198,1,0
D,F,F,5373,100,5373,1,0
E,F,F,5117,100,5117,1,0
F,G,F,7021,100,7021,1,0
F,H,F,5431,100,5431,1,0
A,G,G,10617,100,10617,1,0
B,G,G,7049,100,7049,1,0
C,G,G,1353,100,1353,1,0
D,G,G,8900,100,8900,1,0
E,G,G,10657,100,10657,1,0
F,G,G,6973,100,6973,1,0
G,H,G,8868,100,8868,1,0
A,H,H,9966,100,9966,1,0
B,H,H,5758,100,5758,1,0
C,H,H,8889,100,8889,1,0
D,H,H,1467,100,1467,1,0
E,H,H,10135,100,10135,1,0
F,H,H,5441,100,5441,1,0
G,H,H,8855,100,8855,1,0
A,B,A,4759,100,4759,1,0
A,C,A,10651,100,10651,1,0
A,D,A,9538,100,9538,1,0
A,E,A,1377,100,1377,1,0
A,F,A,5091,100,5091,1,0
A,G,A,10655,100,10655,1,0
A,H,A,9992,100,9992,1,0
A,B,B,4794,100,4794,1,0
B,C,B,6977,100,6977,1,0
B,D,B,5319,100,5319,1,0
B,E,B,5176,100,5176,1,0
B,F,B,1345,100,1345,1,0
B,G,B,7098,100,7098,1,0
B,H,B,5769,100,5769,1,0
A,C,C,10639,100,10639,1,0
B,C,C,6988,100,6988,1,0
C,D,C,8722,100,8722,1,0
C,E,C,10857,100,10857,1,0
C,F,C,7219,100,7219,1,0
C,G,C,1406,100,1406,1,0
C,H,C,8949,100,8949,1,0
A,D,D,9524,100,9524,1,0
B,D,D,5295,100,5295,1,0
C,D,D,8750,100,8750,1,0
D,E,D,9891,100,9891,1,0
D,F,D,5377,100,5377,1,0
D,G,D,8895,100,8895,1,0
D,H,D,1443,100,1443,1,0
A,E,E,1385,100,1385,1,0
B,E,E,5220,100,5220,1,0
C,E,E,10757,100,10757,1,0
D,E,E,9975,100,9975,1,0
E,F,E,5107,100,5107,1,0
E,G,E,10627,100,10627,1,0
E,H,E,10111,100,10111,1,0
A,F,F,5065,100,5065,1,0
B,F,F,1344,100,1344,1,0
C,F,F,7210,100,7210,1,0
D,F,F,5388,100,5388,1,0
E,F,F,5169,100,5169,1,0
F,G,F,6987,100,6987,1,0
F,H,F,5466,100,5466,1,0
A,G,G,10638,100,10638,1,0
B,G,G,7098,100,7098,1,0
C,G,G,1366,100,1366,1,0
D,G,G,8941,100,8941,1,0
E,G,G,10665,100,10665,1,0
F,G,G,6990,100,6990,1,0
G,H,G,8882,100,8882,1,0
A,H,H,9923,100,9923,1,0
B,H,H,5789,100,5789,1,0
C,H,H,8931,100,8931,1,0
D,H,H,1459,100,1459,1,0
E,H,H,10138,100,10138,1,0
F,H,H,5446,100,5446,1,0
G,H,H,8870,100,8870,1,0
A,B,A,4795,100,4795,1,0
A,C,A,10676,100,10676,1,0
A,D,A,9521,100,9521,1,0
A,E,A,1407,100,1407,1,0
A,F,A,5027,100,5027,1,0
A,G,A,10624,100,10624,1,0
A,H,A,9954,100,9954,1,0
A,B,B,4764,100,4764,1,0
B,C,B,7047,100,7047,1,0
B,D,B,5305,100,5305,1,0
B,E,B,5151,100,5151,1,0
B,F,B,1350,100,1350,1,0
B,G,B,7077,100,7077,1,0
B,H,B,5758,100,5758,1,0
A,C,C,10599,100,10599,1,0
B,C,C,7017,100,7017,1,0
C,D,C,8766,100,8766,1,0
C,E,C,10832,100,10832,1,0
C,F,C,7170,100,7170,1,0
C,G,C,1344,100,1344,1,0
C,H,C,8965,100,8965,1,0
A,D,D,9511,100,9511,1,0
B,D,D,5313,100,5313,1,0
C,D,D,8787,100,8787,1,0
D,E,D,9861,100,9861,1,0
D,F,D,5389,100,5389,1,0
D,G,D,8939,100,8939,1,0
D,H,D,1505,100,1505,1,0
A,E,E,1397,100,1397,1,0
B,E,E,5203,100,5203,1,0
C,E,E,10869,100,10869,1,0
D,E,E,9944,100,9944,1,0
E,F,E,5084,100,5084,1,0
E,G,E,10619,100,10619,1,0
E,H,E,10157,100,10157,1,0
A,F,F,5041,100,5041,1,0
B,F,F,1341,100,1341,1,0
C,F,F,7189,100,7189,1,0
D,F,F,5332,100,5332,1,0
E,F,F,5105,100,5105,1,0
F,G,F,7006,100,7006,1,0
F,H,F,5436,100,5436,1,0
A,G,G,10547,100,10547,1,0
B,G,G,7098,100,7098,1,0
C,G,G,1358,100,1358,1,0
D,G,G,8867,100,8867,1,0
E,G,G,10661,100,10661,1,0
F,G,G,6979,100,6979,1,0
G,H,G,8828,100,8828,1,0
A,H,H,9959,100,9959,1,0
B,H,H,5722,100,5722,1,0
C,H,H,8964,100,8964,1,0
D,H,H,1508,100,1508,1,0
E,H,H,10150,100,10150,1,0
F,H,H,5449,100,5449,1,0
G,H,H,8865,100,8865,1,0
A,B,A,4761,100,4761,1,0
A,C,A,10633,100,10633,1,0
A,D,A,9527,100,9527,1,0
A,E,A,1418,100,1418,1,0
A,F,A,5073,100,5073,1,0
A,G,A,10641,100,10641,1,0
A,H,A,9962,100,9962,1,0
A,B,B,4806,100,4806,1,0
B,C,B,7015,100,7015,1,0
B,D,B,5294,100,5294,1,0
B,E,B,5155,100,5155,1,0
B,F,B,1364,100,1364,1,0
B,G,B,7055,100,7055,1,0
B,H,B,5749,100,5749,1,0
A,C,C,10687,100,10687,1,0
B,C,C,7016,100,7016,1,0
C,D,C,8708,100,8708,1,0
C,E,C,10804,100,10804,1,0
C,F,C,7171,100,7171,1,0
C,G,C,1413,100,1413,1,0
C,H,C,8943,100,8943,1,0
A,D,D,9519,100,9519,1,0
B,D,D,5257,100,5257,1,0
C,D,D,8753,100,8753,1,0
D,E,D,9938,100,9938,1,0
D,F,D,5376,100,5376,1,0
D,G,D,8893,100,8893,1,0
D,H,D,1540,100,1540,1,0
A,E,E,1385,100,1385,1,0
B,E,E,5196,100,5196,1,0
C,E,E,10770,100,10770,1,0
D,E,E,9850,100,9850,1,0
E,F,E,5123,100,5123,1,0
E,G,E,10623,100,10623,1,0
E,H,E,10134,100,10134,1,0
A,F,F,5092,100,5092,1,0
B,F,F,1368,100,1368,1,0
C,F,F,7156,100,7156,1,0
D,F,F,5368,100,5368,1,0
E,F,F,5081,100,5081,1,0
F,G,F,6991,100,6991,1,0
F,H,F,5475,100,5475,1,0
A,G,G,10625,100,10625,1,0
B,G,G,7047,100,7047,1,0
C,G,G,1354,100,1354,1,0
D,G,G,8881,100,8881,1,0
E,G,G,10626,100,10626,1,0
F,G,G,6984,100,6984,1,0
G,H,G,8861,100,8861,1,0
A,H,H,9957,100,9957,1,0
B,H,H,5782,100,5782,1,0
C,H,H,8970,100,8970,1,0
D,H,H,1510,100,1510,1,0
E,H,H,10115,100,10115,1,0
F,H,H,5469,100,5469,1,0
G,H,H,8891,100,8891,1,0
A,B,A,4778,100,4778,1,0
A,C,A,10657,100,10657,1,0
A,D,A,9524,100,9524,1,0
A,E,A,1412,100,1412,1,0
A,F,A,5029,100,5029,1,0
A,G,A,10669,100,10669,1,0
A,H,A,9940,100,9940,1,0
A,B,B,4801,100,4801,1,0
B,C,B,7005,100,7005,1,0
B,D,B,5279,100,5279,1,0
B,E,B,5201,100,5201,1,0
B,F,B,1367,100,1367,1,0
B,G,B,7075,100,7075,1,0
B,H,B,5736,100,5736,1,0
A,C,C,10684,100,10684,1,0
B,C,C,7002,100,7002,1,0
C,D,C,8728,100,8728,1,0
C,E,C,10843,100,10843,1,0
C,F,C,7177,100,7177,1,0
C,G,C,1357,100,1357,1,0
C,H,C,8878,100,8878,1,0
A,D,D,9531,100,9531,1,0
B,D,D,5249,100,5249,1,0
C,D,D,8706,100,8706,1,0
D,E,D,9924,100,9924,1,0
D,F,D,5368,100,5368,1,0
D,G,D,8893,100,8893,1,0
D,H,D,1481,100,1481,1,0
A,E,E,1416,100,1416,1,0
B,E,E,5172,100,5172,1,0
C,E,E,10835,100,10835,1,0
D,E,E,9875,100,9875,1,0
E,F,E,5067,100,5067,1,0
E,G,E,10606,100,10606,1,0
E,H,E,10093,100,10093,1,0
A,F,F,5042,100,5042,1,0
B,F,F,1377,100,1377,1,0
C,F,F,7177,100,7177,1,0
D,F,F,5360,100,5360,1,0
E,F,F,5096,100,5096,1,0
F,G,F,6963,100,6963,1,0
F,H,F,5488,100,5488,1,0
A,G,G,10653,100,10653,1,0
B,G,G,7039,100,7039,1,0
C,G,G,1407,100,1407,1,0
D,G,G,8884,100,8884,1,0
E,G,G,10605,100,10605,1,0
F,G,G,6987,100,6987,1,0
G,H,G,8908,100,8908,1,0
A,H,H,9955,100,9955,1,0
B,H,H,5784,100,5784,1,0
C,H,H,8952,100,8952,1,0
D,H,H,1531,100,1531,1,0
E,H,H,10175,100,10175,1,0
F,H,H,5450,100,5450,1,0
G,H,H,8847,100,8847,1,0
A,B,A,4823,100,4823,1,0
A,C,A,10660,100,10660,1,0
A,D,A,9543,100,9543,1,0
A,E,A,1409,100,1409,1,0
A,F,A,5045,100,5045,1,0
A,G,A,10630,100,10630,1,0
A,H,A,9951,100,9951,1,0
A,B,B,4734,100,4734,1,0
B,C,B,7077,100,7077,1,0
B,D,B,5244,100,5244,1,0
B,E,B,5173,100,5173,1,0
B,F,B,1332,100,1332,1,0
B,G,B,7052,100,7052,1,0
B,H,B,5778,100,5778,1,0
A,C,C,10648,100,10648,1,0
B,C,C,7029,100,7029,1,0
C,D,C,8777,100,8777,1,0
C,E,C,10829,100,10829,1,0
C,F,C,7202,100,7202,1,0
C,G,C,1375,100,1375,1,0
C,H,C,8904,100,8904,1,0
A,D,D,9513,100,9513,1,0
B,D,D,5302,100,5302,1,0
C,D,D,8727,100,8727,1,0
D,E,D,9966,100,9966,1,0
D,F,D,5366,100,5366,1,0
D,G,D,8891,100,8891,1,0
D,H,D,1481,100,1481,1,0
A,E,E,1394,100,1394,1,0
B,E,E,5189,100,5189,1,0
C,E,E,10811,100,10811,1,0
D,E,E,9946,100,9946,1,0
E,F,E,5099,100,5099,1,0
E,G,E,10624,100,10624,1,0
E,H,E,10164,100,10164,1,0
A,F,F,5043,100,5043,1,0
B,F,F,1366,100,1366,1,0
C,F,F,7182,100,7182,1,0
D,F,F,5347,100,5347,1,0
E,F,F,5075,100,5075,1,0
F,G,F,7020,100,7020,1,0
F,H,F,5414,100,5414,1,0
A,G,G,10597,100,10597,1,0
B,G,G,7065,100,7065,1,0
C,G,G,1398,100,1398,1,0
D,G,G,8874,100,8874,1,0
E,G,G,10629,100,10629,1,0
F,G,G,6992,100,6992,1,0
G,H,G,8854,100,8854,1,0
A,H,H,9943,100,9943,1,0
B,H,H,5804,100,5804,1,0
C,H,H,8906,100,8906,1,0
D,H,H,1486,100,1486,1,0
E,H,H,10150,100,10150,1,0
F,H,H,5460,100,5460,1,0
G,H,H,8895,100,8895,1,0
A,B,A,4768,100,4768,1,0
A,C,A,10638,100,10638,1,0
A,D,A,9543,100,9543,1,0
A,E,A,1414,100,1414,1,0
A,F,A,5077,100,5077,1,0
A,G,A,10646,100,10646,1,0
A,H,A,9956,100,9956,1,0
A,B,B,4725,100,4725,1,0
B,C,B,7003,100,7003,1,0
B,D,B,5284,100,5284,1,0
B,E,B,5168,100,5168,1,0
B,F,B,1363,100,1363,1,0
B,G,B,7083,100,7083,1,0
B,H,B,5731,100,5731,1,0
A,C,C,10593,100,10593,1,0
B,C,C,7016,100,7016,1,0
C,D,C,8743,100,8743,1,0
C,E,C,10770,100,10770,1,0
C,F,C,7184,100,7184,1,0
C,G,C,1408,100,1408,1,0
C,H,C,8967,100,8967,1,0
A,D,D,9530,100,9530,1,0
B,D,D,5317,100,5317,1,0
C,D,D,8759,100,8759,1,0
D,E,D,9900,100,9900,1,0
D,F,D,5355,100,5355,1,0
D,G,D,8887,100,8887,1,0
D,H,D,1468,100,1468,1,0
A,E,E,1426,100,1426,1,0
B,E,E,5152,100,5152,1,0
C,E,E,10845,100,10845,1,0
D,E,E,9875,100,9875,1,0
E,F,E,5096,100,5096,1,0
E,G,E,10649,100,10649,1,0
E,H,E,10171,100,10171,1,0
A,F,F,5072,100,5072,1,0
B,F,F,1342,100,1342,1,0
C,F,F,7192,100,7192,1,0
D,F,F,5355,100,5355,1,0
E,F,F,5141,100,5141,1,0
F,G,F,7004,100,7004,1,0
F,H,F,5452,100,5452,1,0
A,G,G,10609,100,10609,1,0
B,G,G,7083,100,7083,1,0
C,G,G,1344,100,1344,1,0
D,G,G,8896,100,8896,1,0
E,G,G,10642,100,10642,1,0
F,G,G,7047,100,7047,1,0
G,H,G,8859,100,8859,1,0
A,H,H,10018,100,10018,1,0
B,H,H,5728,100,5728,1,0
C,H,H,8977,100,8977,1,0
D,H,H,1481,100,1481,1,0
E,H,H,10150,100,10150,1,0
F,H,H,5450,100,5450,1,0
G,H,H,8876,100,8876,1,0
A,B,A,4795,100,4795,1,0
A,C,A,10575,100,10575,1,0
A,D,A,9547,100,9547,1,0
A,E,A,1358,100,1358,1,0
A,F,A,5053,100,5053,1,0
A,G,A,10634,100,10634,1,0
A,H,A,9994,100,9994,1,0
A,B,B,4771,100,4771,1,0
B,C,B,7023,100,7023,1,0
B,D,B,5302,100,5302,1,0
B,E,B,5168,100,5168,1,0
B,F,B,1339,100,1339,1,0
B,G,B,7116,100,7116,1,0
B,H,B,5785,100,5785,1,0
A,C,C,10589,100,10589,1,0
B,C,C,7052,100,7052,1,0
C,D,C,8728,100,8728,1,0
C,E,C,10838,100,10838,1,0
C,F,C,7177,100,7177,1,0
C,G,C,1385,100,1385,1,0
C,H,C,8967,100,8967,1,0
A,D,D,9529,100,9529,1,0
B,D,D,5312,100,5312,1,0
C,D,D,8759,100,8759,1,0
D,E,D,9922,100,9922,1,0
D,F,D,5397,100,5397,1,0
D,G,D,8882,100,8882,1,0
D,H,D,1477,100,1477,1,0
A,E,E,1421,100,1421,1,0
B,E,E,5184,100,5184,1,0
C,E,E,10831,100,10831,1,0
D,E,E,9945,100,9945,1,0
E,F,E,5097,100,5097,1,0
E,G,E,10624,100,10624,1,0
E,H,E,10121,100,10121,1,0
A,F,F,5083,100,5083,1,0
B,F,F,1356,100,1356,1,0
C,F,F,7166,100,7166,1,0
D,F,F,5370,100,5370,1,0
E,F,F,5098,100,5098,1,0
F,G,F,7015,100,7015,1,0
F,H,F,5468,100,5468,1,0
A,G,G,10585,100,10585,1,0
B,G,G,7081,100,7081,1,0
C,G,G,1373,100,1373,1,0
D,G,G,8888,100,8888,1,0
E,G,G,10643,100,10643,1,0
F,G,G,6972,100,6972,1,0
G,H,G,8872,100,8872,1,0
A,H,H,9955,100,9955,1,0
B,H,H,5742,100,5742,1,0
C,H,H,8975,100,8975,1,0
D,H,H,1472,100,1472,1,0
E,H,H,10126,100,10126,1,0
F,H,H,5466,100,5466,1,0
G,H,H,8889,100,8889,1,0
A,B,A,4769,100,4769,1,0
A,C,A,10625,100,10625,1,0
A,D,A,9541,100,9541,1,0
A,E,A,1384,100,1384,1,0
A,F,A,5061,100,5061,1,0
A,G,A,10613,100,10613,1,0
A,H,A,9924,100,9924,1,0
A,B,B,4792,100,4792,1,0
B,C,B,7000,100,7000,1,0
B,D,B,5338,100,5338,1,0
B,E,B,5197,100,5197,1,0
B,F,B,1360,100,1360,1,0
B,G,B,7095,100,7095,1,0
B,H,B,5768,100,5768,1,0
A,C,C,10655,100,10655,1,0
B,C,C,7010,100,7010,1,0
C,D,C,8728,100,8728,1,0
C,E,C,10827,100,10827,1,0
C,F,C,7194,100,7194,1,0
C,G,C,1373,100,1373,1,0
C,H,C,8948,100,8948,1,0
A,D,D,9514,100,9514,1,0
B,D,D,5287,100,5287,1,0
C,D,D,8736,100,8736,1,0
D,E,D,9899,100,9899,1,0
D,F,D,5359,100,5359,1,0
D,G,D,8881,100,8881,1,0
D,H,D,1482,100,1482,1,0
A,E,E,1366,100,1366,1,0
B,E,E,5211,100,5211,1,0
C,E,E,10852,100,10852,1,0
D,E,E,9850,100,9850,1,0
E,F,E,5093,100,5093,1,0
E,G,E,10628,100,10628,1,0
E,H,E,10150,100,10150,1,0
A,F,F,5057,100,5057,1,0
B,F,F,1377,100,1377,1,0
C,F,F,7199,100,7199,1,0
D,F,F,5341,100,5341,1,0
E,F,F,5099,100,5099,1,0
F,G,F,7020,100,7020,1,0
F,H,F,5419,100,5419,1,0
A,G,G,10578,100,10578,1,0
B,G,G,7057,100,7057,1,0
C,G,G,1395,100,1395,1,0
D,G,G,8877,100,8877,1,0
E,G,G,10649,100,10649,1,0
F,G,G,6989,100,6989,1,0
G,H,G,8874,100,8874,1,0
A,H,H,9923,100,9923,1,0
B,H,H,5704,100,5704,1,0
C,H,H,8899,100,8899,1,0
D,H,H,1496,100,1496,1,0
E,H,H,10126,100,10126,1,0
F,H,H,5435,100,5435,1,0
G,H,H,8872,100,8872,1,0
A,B,A,4773,100,4773,1,0
A,C,A,10590,100,10590,1,0
A,D,A,9517,100,9517,1,0
A,E,A,1382,100,1382,1,0
A,F,A,5106,100,5106,1,0
A,G,A,10661,100,10661,1,0
A,H,A,9908,100,9908,1,0
A,B,B,4740,100,4740,1,0
B,C,B,7049,100,7049,1,0
B,D,B,5329,100,5329,1,0
B,E,B,5181,100,5181,1,0
B,F,B,1352,100,1352,1,0
B,G,B,7094,100,7094,1,0
B,H,B,5801,100,5801,1,0
A,C,C,10642,100,10642,1,0
B,C,C,7012,100,7012,1,0
C,D,C,8721,100,8721,1,0
C,E,C,10790,100,10790,1,0
C,F,C,7195,100,7195,1,0
C,G,C,1370,100,1370,1,0
C,H,C,8959,100,8959,1,0
A,D,D,9524,100,9524,1,0
B,D,D,5303,100,5303,1,0
C,D,D,8726,100,8726,1,0
D,E,D,9954,100,9954,1,0
D,F,D,5418,100,5418,1,0
D,G,D,8928,100,8928,1,0
D,H,D,1518,100,1518,1,0
A,E,E,1377,100,1377,1,0
B,E,E,5191,100,5191,1,0
C,E,E,10837,100,10837,1,0
D,E,E,9932,100,9932,1,0
E,F,E,5111,100,5111,1,0
E,G,E,10601,100,10601,1,0
E,H,E,10158,100,10158,1,0
A,F,F,5045,100,5045,1,0
B,F,F,1350,100,1350,1,0
C,F,F,7177,100,7177,1,0
D,F,F,5397,100,5397,1,0
E,F,F,5113,100,5113,1,0
F,G,F,7005,100,7005,1,0
F,H,F,5420,100,5420,1,0
A,G,G,10600,100,10600,1,0
B,G,G,7093,100,7093,1,0
C,G,G,1363,100,1363,1,0
D,G,G,8881,100,8881,1,0
E,G,G,10621,100,10621,1,0
F,G,G,6989,100,6989,1,0
G,H,G,8827,100,8827,1,0
A,H,H,9924,100,9924,1,0
B,H,H,5728,100,5728,1,0
C,H,H,8931,100,8931,1,0
D,H,H,1488,100,1488,1,0
E,H,H,10192,100,10192,1,0
F,H,H,5425,100,5425,1,0
G,H,H,8856,100,8856,1,0
A,B,A,4767,100,4767,1,0
A,C,A,10624,100,10624,1,0
A,D,A,9556,100,9556,1,0
A,E,A,1450,100,1450,1,0
A,F,A,5100,100,5100,1,0
A,G,A,10565,100,10565,1,0
A,H,A,9944,100,9944,1,0
A,B,B,4770,100,4770,1,0
B,C,B,7050,100,7050,1,0
B,D,B,5281,100,5281,1,0
B,E,B,5205,100,5205,1,0
B,F,B,1377,100,1377,1,0
B,G,B,7105,100,7105,1,0
B,H,B,5771,100,5771,1,0
A,C,C,10603,100,10603,1,0
B,C,C,7001,100,7001,1,0
C,D,C,8756,100,8756,1,0
C,E,C,10843,100,10843,1,0
C,F,C,7176,100,7176,1,0
C,G,C,1377,100,1377,1,0
C,H,C,8950,100,8950,1,0
A,D,D,9551,100,9551,1,0
B,D,D,5263,100,5263,1,0
C,D,D,8759,100,8759,1,0
D,E,D,9957,100,9957,1,0
D,F,D,5386,100,5386,1,0
D,G,D,8918,100,8918,1,0
D,H,D,1497,100,1497,1,0
A,E,E,1421,100,1421,1,0
B,E,E,5197,100,5197,1,0
C,E,E,10861,100,10861,1,0
D,E,E,9904,100,9904,1,0
E,F,E,5131,100,5131,1,0
E,G,E,10621,100,10621,1,0
E,H,E,10143,100,10143,1,0
A,F,F,5042,100,5042,1,0
B,F,F,1309,100,1309,1,0
C,F,F,7192,100,7192,1,0
D,F,F,5347,100,5347,1,0
E,F,F,5093,100,5093,1,0
F,G,F,7013,100,7013,1,0
F,H,F,5496,100,5496,1,0
A,G,G,10627,100,10627,1,0
B,G,G,7069,100,7069,1,0
C,G,G,1362,100,1362,1,0
D,G,G,8887,100,8887,1,0
E,G,G,10624,100,10624,1,0
F,G,G,7039,100,7039,1,0
G,H,G,8864,100,8864,1,0
A,H,H,9970,100,9970,1,0
B,H,H,5738,100,5738,1,0
C,H,H,8908,100,8908,1,0
D,H,H,1495,100,1495,1,0
E,H,H,10181,100,10181,1,0
F,H,H,5431,100,5431,1,0
G,H,H,8831,100,8831,1,0
A,B,A,4818,100,4818,1,0
A,C,A,10658,100,10658,1,0
A,D,A,9528,100,9528,1,0
A,E,A,1427,100,1427,1,0
A,F,A,5046,100,5046,1,0
A,G,A,10607,100,10607,1,0
A,H,A,9987,100,9987,1,0
A,B,B,4800,100,4800,1,0
B,C,B,7031,100,7031,1,0
B,D,B,5316,100,5316,1,0
B,E,B,5217,100,5217,1,0
B,F,B,1368,100,1368,1,0
B,G,B,7061,100,7061,1,0
B,H,B,5789,100,5789,1,0
A,C,C,10637,100,10637,1,0
B,C,C,7053,100,7053,1,0
C,D,C,8736,100,8736,1,0
C,E,C,10823,100,10823,1,0
C,F,C,7152,100,7152,1,0
C,G,C,1349,100,1349,1,0
C,H,C,8973,100,8973,1,0
A,D,D,9522,100,9522,1,0
B,D,D,5252,100,5252,1,0
C,D,D,8750,100,8750,1,0
D,E,D,9916,100,9916,1,0
D,F,D,5363,100,5363,1,0
D,G,D,8887,100,8887,1,0
D,H,D,1482,100,1482,1,0
A,E,E,1419,100,1419,1,0
B,E,E,5207,100,5207,1,0
C,E,E,10802,100,10802,1,0
D,E,E,9941,100,9941,1,0
E,F,E,5115,100,5115,1,0
E,G,E,10645,100,10645,1,0
E,H,E,10129,100,10129,1,0
A,F,F,5062,100,5062,1,0
B,F,F,1355,100,1355,1,0
C,F,F,7197,100,7197,1,0
D,F,F,5344,100,5344,1,0
E,F,F,5088,100,5088,1,0
F,G,F,6981,100,6981,1,0
F,H,F,5444,100,5444,1,0
A,G,G,10633,100,10633,1,0
B,G,G,7067,100,7067,1,0
C,G,G,1401,100,1401,1,0
D,G,G,8898,100,8898,1,0
E,G,G,10586,100,10586,1,0
F,G,G,6978,100,6978,1,0
G,H,G,8899,100,8899,1,0
A,H,H,9922,100,9922,1,0
B,H,H,5737,100,5737,1,0
C,H,H,8957,100,8957,1,0
D,H,H,1493,100,1493,1,0
E,H,H,10112,100,10112,1,0
F,H,H,5474,100,5474,1,0
G,H,H,8896,100,8896,1,0
A,B,A,4745,100,4745,1,0
A,C,A,10655,100,10655,1,0
A,D,A,9543,100,9543,1,0
A,E,A,1361,100,1361,1,0
A,F,A,5018,100,5018,1,0
A,G,A,10627,100,10627,1,0
A,H,A,9933,100,9933,1,0
A,B,B,4778,100,4778,1,0
B,C,B,6974,100,6974,1,0
B,D,B,5276,100,5276,1,0
B,E,B,5163,100,5163,1,0
B,F,B,1341,100,1341,1,0
B,G,B,7071,100,7071,1,0
B,H,B,5755,100,5755,1,0
A,C,C,10681,100,10681,1,0
B,C,C,6988,100,6988,1,0
C,D,C,8720,100,8720,1,0
C,E,C,10856,100,10856,1,0
C,F,C,7202,100,7202,1,0
C,G,C,1378,100,1378,1,0
C,H,C,8928,100,8928,1,0
A,D,D,9530,100,9530,1,0
B,D,D,5294,100,5294,1,0
C,D,D,8699,100,8699,1,0
D,E,D,9960,100,9960,1,0
D,F,D,5404,100,5404,1,0
D,G,D,8902,100,8902,1,0
D,H,D,1487,100,1487,1,0
A,E,E,1379,100,1379,1,0
B,E,E,5196,100,5196,1,0
C,E,E,10844,100,10844,1,0
D,E,E,9871,100,9871,1,0
E,F,E,5082,100,5082,1,0
E,G,E,10620,100,10620,1,0
E,H,E,10164,100,10164,1,0
A,F,F,5084,100,5084,1,0
B,F,F,1357,100,1357,1,0
C,F,F,7205,100,7205,1,0
D,F,F,5389,100,5389,1,0
E,F,F,5086,100,5086,1,0
F,G,F,6984,100,6984,1,0
F,H,F,5435,100,5435,1,0
A,G,G,10599,100,10599,1,0
B,G,G,7097,100,7097,1,0
C,G,G,1332,100,1332,1,0
D,G,G,8921,100,8921,1,0
E,G,G,10652,100,10652,1,0
F,G,G,7045,100,7045,1,0
G,H,G,8861,100,8861,1,0
A,H,H,9966,100,9966,1,0
B,H,H,5793,100,5793,1,0
C,H,H,8927,100,8927,1,0
D,H,H,1509,100,1509,1,0
E,H,H,10163,100,10163,1,0
F,H,H,5446,100,5446,1,0
G,H,H,8880,100,8880,1,0
A,B,A,4747,100,4747,1,0
A,C,A,10620,100,10620,1,0
A,D,A,9518,100,9518,1,0
A,E,A,1374,100,1374,1,0
A,F,A,5053,100,5053,1,0
A,G,A,10652,100,10652,1,0
A,H,A,9990,100,9990,1,0
A,B,B,4803,100,4803,1,0
B,C,B,7043,100,7043,1,0
B,D,B,5307,100,5307,1,0
B,E,B,5227,100,5227,1,0
B,F,B,1333,100,1333,1,0
B,G,B,7090,100,7090,1,0
B,H,B,5693,100,5693,1,0
A,C,C,10612,100,10612,1,0
B,C,C,7003,100,7003,1,0
C,D,C,8736,100,8736,1,0
C,E,C,10784,100,10784,1,0
C,F,C,7202,100,7202,1,0
C,G,C,1338,100,1338,1,0
C,H,C,8935,100,8935,1,0
A,D,D,9516,100,9516,1,0
B,D,D,5301,100,5301,1,0
C,D,D,8727,100,8727,1,0
D,E,D,9982,100,9982,1,0
D,F,D,5334,100,5334,1,0
D,G,D,8869,100,8869,1,0
D,H,D,1520,100,1520,1,0
A,E,E,1384,100,1384,1,0
B,E,E,5168,100,5168,1,0
C,E,E,10809,100,10809,1,0
D,E,E,9894,100,9894,1,0
E,F,E,5066,100,5066,1,0
E,G,E,10639,100,10639,1,0
E,H,E,10106,100,10106,1,0
A,F,F,5046,100,5046,1,0
B,F,F,1349,100,1349,1,0
C,F,F,7190,100,7190,1,0
D,F,F,5356,100,5356,1,0
E,F,F,5092,100,5092,1,0
F,G,F,7014,100,7014,1,0
F,H,F,5409,100,5409,1,0
A,G,G,10627,100,10627,1,0
B,G,G,7065,100,7065,1,0
C,G,G,1396,100,1396,1,0
D,G,G,8923,100,8923,1,0
E,G,G,10634,100,10634,1,0
F,G,G,6999,100,6999,1,0
G,H,G,8926,100,8926,1,0
A,H,H,9934,100,9934,1,0
B,H,H,5741,100,5741,1,0
C,H,H,8955,100,8955,1,0
D,H,H,1503,100,1503,1,0
E,H,H,10142,100,10142,1,0
F,H,H,5426,100,5426,1,0
G,H,H,8852,100,8852,1,0
A,B,A,4774,100,4774,1,0
A,C,A,10674,100,10674,1,0
A,D,A,9546,100,9546,1,0
A,E,A,1448,100,1448,1,0
A,F,A,5052,100,5052,1,0
A,G,A,10650,100,10650,1,0
A,H,A,9953,100,9953,1,0
A,B,B,4764,100,4764,1,0
B,C,B,7029,100,7029,1,0
B,D,B,5267,100,5267,1,0
B,E,B,5169,100,5169,1,0
B,F,B,1350,100,1350,1,0
B,G,B,7112,100,7112,1,0
B,H,B,5767,100,5767,1,0
A,C,C,10552,100,10552,1,0
B,C,C,6997,100,6997,1,0
C,D,C,8721,100,8721,1,0
C,E,C,10812,100,10812,1,0
C,F,C,7191,100,7191,1,0
C,G,C,1389,100,1389,1,0
C,H,C,8938,100,8938,1,0
A,D,D,9509,100,9509,1,0
B,D,D,5292,100,5292,1,0
C,D,D,8728,100,8728,1,0
D,E,D,9955,100,9955,1,0
D,F,D,5340,100,5340,1,0
D,G,D,8916,100,8916,1,0
D,H,D,1466,100,1466,1,0
A,E,E,1411,100,1411,1,0
B,E,E,5173,100,5173,1,0
C,E,E,10808,100,10808,1,0
D,E,E,9895,100,9895,1,0
E,F,E,5100,100,5100,1,0
E,G,E,10639,100,10639,1,0
E,H,E,10152,100,10152,1,0
A,F,F,5043,100,5043,1,0
B,F,F,1377,100,1377,1,0
C,F,F,7214,100,7214,1,0
D,F,F,5416,100,5416,1,0
E,F,F,5125,100,5125,1,0
F,G,F,6977,100,6977,1,0
F,H,F,5467,100,5467,1,0
A,G,G,10619,100,10619,1,0
B,G,G,7070,100,7070,1,0
C,G,G,1350,100,1350,1,0
D,G,G,8901,100,8901,1,0
E,G,G,10632,100,10632,1,0
F,G,G,6992,100,6992,1,0
G,H,G,8874,100,8874,1,0
A,H,H,9964,100,9964,1,0
B,H,H,5705,100,5705,1,0
C,H,H,8944,100,8944,1,0
D,H,H,1492,100,1492,1,0
E,H,H,10139,100,10139,1,0
F,H,H,5417,100,5417,1,0
G,H,H,8829,100,8829,1,0
A,B,A,4762,100,4762,1,0
A,C,A,10617,100,10617,1,0
A,D,A,9536,100,9536,1,0
A,E,A,1412,100,1412,1,0
A,F,A,5027,100,5027,1,0
A,G,A,10565,100,10565,1,0
A,H,A,9878,100,9878,1,0
A,B,B,4799,100,4799,1,0
B,C,B,7041,100,7041,1,0
B,D,B,5306,100,5306,1,0
B,E,B,5195,100,5195,1,0
B,F,B,1329,100,1329,1,0
B,G,B,7067,100,7067,1,0
B,H,B,5726,100,5726,1,0
A,C,C,10620,100,10620,1,0
B,C,C,7001,100,7001,1,0
C,D,C,8722,100,8722,1,0
C,E,C,10784,100,10784,1,0
C,F,C,7209,100,7209,1,0
C,G,C,1370,100,1370,1,0
C,H,C,8986,100,8986,1,0
A,D,D,9505,100,9505,1,0
B,D,D,5305,100,5305,1,0
C,D,D,8710,100,8710,1,0
D,E,D,9972,100,9972,1,0
D,F,D,5389,100,5389,1,0
D,G,D,8902,100,8902,1,0
D,H,D,1504,100,1504,1,0
A,E,E,1480,100,1480,1,0
B,E,E,5153,100,5153,1,0
C,E,E,10825,100,10825,1,0
D,E,E,9965,100,9965,1,0
E,F,E,5102,100,5102,1,0
E,G,E,10657,100,10657,1,0
E,H,E,10161,100,10161,1,0
A,F,F,5084,100,5084,1,0
B,F,F,1347,100,1347,1,0
C,F,F,7168,100,7168,1,0
D,F,F,5370,100,5370,1,0
E,F,F,5129,100,5129,1,0
F,G,F,6986,100,6986,1,0
F,H,F,5416,100,5416,1,0
A,G,G,10624,100,10624,1,0
B,G,G,7084,100,7084,1,0
C,G,G,1369,100,1369,1,0
D,G,G,8888,100,8888,1,0
E,G,G,10611,100,10611,1,0
F,G,G,6971,100,6971,1,0
G,H,G,8847,100,8847,1,0
A,H,H,9924,100,9924,1,0
B,H,H,5691,100,5691,1,0
C,H,H,8924,100,8924,1,0
D,H,H,1515,100,1515,1,0
E,H,H,10167,100,10167,1,0
F,H,H,5458,100,5458,1,0
G,H,H,8859,100,8859,1,0
A,B,A,4806,100,4806,1,0
A,C,A,10684,100,10684,1,0
A,D,A,9532,100,9532,1,0
A,E,A,1409,100,1409,1,0
A,F,A,5071,100,5071,1,0
A,G,A,10611,100,10611,1,0
A,H,A,9928,100,9928,1,0
A,B,B,4779,100,4779,1,0
B,C,B,6996,100,6996,1,0
B,D,B,5301,100,5301,1,0
B,E,B,5193,100,5193,1,0
B,F,B,1341,100,1341,1,0
B,G,B,7105,100,7105,1,0
B,H,B,5720,100,5720,1,0
A,C,C,10727,100,10727,1,0
B,C,C,7005,100,7005,1,0
C,D,C,8749,100,8749,1,0
C,E,C,10813,100,10813,1,0
C,F,C,7218,100,7218,1,0
C,G,C,1324,100,1324,1,0
C,H,C,8945,100,8945,1,0
A,D,D,9551,100,9551,1,0
B,D,D,5303,100,5303,1,0
C,D,D,8752,100,8752,1,0
D,E,D,9880,100,9880,1,0
D,F,D,5350,100,5350,1,0
D,G,D,8891,100,8891,1,0
D,H,D,1548,100,1548,1,0
A,E,E,1390,100,1390,1,0
B,E,E,5208,100,5208,1,0
C,E,E,10817,100,10817,1,0
D,E,E,9978,100,9978,1,0
E,F,E,5103,100,5103,1,0
E,G,E,10621,100,10621,1,0
E,H,E,10167,100,10167,1,0
A,F,F,5067,100,5067,1,0
B,F,F,1343,100,1343,1,0
C,F,F,7196,100,7196,1,0
D,F,F,5388,100,5388,1,0
E,F,F,5104,100,5104,1,0
F,G,F,6982,100,6982,1,0
F,H,F,5471,100,5471,1,0
A,G,G,10641,100,10641,1,0
B,G,G,7078,100,7078,1,0
C,G,G,1370,100,1370,1,0
D,G,G,8899,100,8899,1,0
E,G,G,10621,100,10621,1,0
F,G,G,7020,100,7020,1,0
G,H,G,8849,100,8849,1,0
A,H,H,9916,100,9916,1,0
B,H,H,5705,100,5705,1,0
C,H,H,8921,100,8921,1,0
D,H,H,1501,100,1501,1,0
E,H,H,10144,100,10144,1,0
F,H,H,5489,100,5489,1,0
G,H,H,8866,100,8866,1,0
A,B,A,4767,100,4767,1,0
A,C,A,10619,100,10619,1,0
A,D,A,9530,100,9530,1,0
A,E,A,1428,100,1428,1,0
A,F,A,5071,100,5071,1,0
A,G,A,10642,100,10642,1,0
A,H,A,9937,100,9937,1,0
A,B,B,4789,100,4789,1,0
B,C,B,7004,100,7004,1,0
B,D,B,5265,100,5265,1,0
B,E,B,5157,100,5157,1,0
B,F,B,1376,100,1376,1,0
B,G,B,7081,100,7081,1,0
B,H,B,5705,100,5705,1,0
A,C,C,10632,100,10632,1,0
B,C,C,7010,100,7010,1,0
C,D,C,8765,100,8765,1,0
C,E,C,10845,100,10845,1,0
C,F,C,7195,100,7195,1,0
C,G,C,1381,100,1381,1,0
C,H,C,8955,100,8955,1,0
A,D,D,9554,100,9554,1,0
B,D,D,5266,100,5266,1,0
C,D,D,8731,100,8731,1,0
D,E,D,9983,100,9983,1,0
D,F,D,5385,100,5385,1,0
D,G,D,8918,100,8918,1,0
D,H,D,1506,100,1506,1,0
A,E,E,1394,100,1394,1,0
B,E,E,5157,100,5157,1,0
C,E,E,10777,100,10777,1,0
D,E,E,9933,100,9933,1,0
E,F,E,5137,100,5137,1,0
E,G,E,10625,100,10625,1,0
E,H,E,10184,100,10184,1,0
A,F,F,5055,100,5055,1,0
B,F,F,1355,100,1355,1,0
C,F,F,7171,100,7171,1,0
D,F,F,5349,100,5349,1,0
E,F,F,5100,100,5100,1,0
F,G,F,7006,100,7006,1,0
F,H,F,5423,100,5423,1,0
A,G,G,10658,100,10658,1,0
B,G,G,7082,100,7082,1,0
C,G,G,1368,100,1368,1,0
D,G,G,8901,100,8901,1,0
E,G,G,10640,100,10640,1,0
F,G,G,7013,100,7013,1,0
G,H,G,8904,100,8904,1,0
A,H,H,9923,100,9923,1,0
B,H,H,5805,100,5805,1,0
C,H,H,8939,100,8939,1,0
D,H,H,1464,100,1464,1,0
E,H,H,10146,100,10146,1,0
F,H,H,5473,100,5473,1,0
G,H,H,8859,100,8859,1,0
A,B,A,4778,100,4778,1,0
A,C,A,10621,100,10621,1,0
A,D,A,9529,100,9529,1,0
A,E,A,1430,100,1430,1,0
A,F,A,5065,100,5065,1,0
A,G,A,10682,100,10682,1,0
A,H,A,9942,100,9942,1,0
A,B,B,4780,100,4780,1,0
B,C,B,6986,100,6986,1,0
B,D,B,5307,100,5307,1,0
B,E,B,5201,100,5201,1,0
B,F,B,1362,100,1362,1,0
B,G,B,7081,100,7081,1,0
B,H,B,5798,100,5798,1,0
A,C,C,10639,100,10639,1,0
B,C,C,7000,100,7000,1,0
C,D,C,8772,100,8772,1,0
C,E,C,10838,100,10838,1,0
C,F,C,7196,100,7196,1,0
C,G,C,1403,100,1403,1,0
C,H,C,8949,100,8949,1,0
A,D,D,9545,100,9545,1,0
B,D,D,5307,100,5307,1,0
C,D,D,8759,100,8759,1,0
D,E,D,9949,100,9949,1,0
D,F,D,5366,100,5366,1,0
D,G,D,8868,100,8868,1,0
D,H,D,1548,100,1548,1,0
A,E,E,1436,100,1436,1,0
B,E,E,5193,100,5193,1,0
C,E,E,10804,100,10804,1,0
D,E,E,9929,100,9929,1,0
E,F,E,5102,100,5102,1,0
E,G,E,10660,100,10660,1,0
E,H,E,10152,100,10152,1,0
A,F,F,5038,100,5038,1,0
B,F,F,1381,100,1381,1,0
C,F,F,7198,100,7198,1,0
D,F,F,5345,100,5345,1,0
E,F,F,5100,100,5100,1,0
F,G,F,6994,100,6994,1,0
F,H,F,5466,100,5466,1,0
A,G,G,10638,100,10638,1,0
B,G,G,7068,100,7068,1,0
C,G,G,1411,100,1411,1,0
D,G,G,8875,100,8875,1,0
E,G,G,10607,100,10607,1,0
F,G,G,7007,100,7007,1,0
G,H,G,8851,100,8851,1,0
A,H,H,9946,100,9946,1,0
B,H,H,5715,100,5715,1,0
C,H,H,8973,100,8973,1,0
D,H,H,1500,100,1500,1,0
E,H,H,10118,100,10118,1,0
F,H,H,5448,100,5448,1,0
G,H,H,8904,100,8904,1,0
A,B,A,4815,100,4815,1,0
A,C,A,10677,100,10677,1,0
A,D,A,9530,100,9530,1,0
A,E,A,1376,100,1376,1,0
A,F,A,5046,100,5046,1,0
A,G,A,10589,100,10589,1,0
A,H,A,9966,100,9966,1,0
A,B,B,4762,100,4762,1,0
B,C,B,7001,100,7001,1,0
B,D,B,5254,100,5254,1,0
B,E,B,5156,100,5156,1,0
B,F,B,1371,100,1371,1,0
B,G,B,7083,100,7083,1,0
B,H,B,5754,100,5754,1,0
A,C,C,10619,100,10619,1,0
B,C,C,7012,100,7012,1,0
C,D,C,8751,100,8751,1,0
C,E,C,10833,100,10833,1,0
C,F,C,7204,100,7204,1,0
C,G,C,1368,100,1368,1,0
C,H,C,8902,100,8902,1,0
A,D,D,9518,100,9518,1,0
B,D,D,5310,100,5310,1,0
C,D,D,8721,100,8721,1,0
D,E,D,9958,100,9958,1,0
D,F,D,5360,100,5360,1,0
D,G,D,8925,100,8925,1,0
D,H,D,1486,100,1486,1,0
A,E,E,1464,100,1464,1,0
B,E,E,5195,100,5195,1,0
C,E,E,10802,100,10802,1,0
D,E,E,9964,100,9964,1,0
E,F,E,5100,100,5100,1,0
E,G,E,10620,100,10620,1,0
E,H,E,10150,100,10150,1,0
A,F,F,5076,100,5076,1,0
B,F,F,1360,100,1360,1,0
C,F,F,7189,100,7189,1,0
D,F,F,5333,100,5333,1,0
E,F,F,5100,100,5100,1,0
F,G,F,7023,100,7023,1,0
F,H,F,5478,100,5478,1,0
A,G,G,10605,100,10605,1,0
B,G,G,7053,100,7053,1,0
C,G,G,1368,100,1368,1,0
D,G,G,8896,100,8896,1,0
E,G,G,10655,100,10655,1,0
F,G,G,7012,100,7012,1,0
G,H,G,8864,100,8864,1,0
A,H,H,9952,100,9952,1,0
B,H,H,5713,100,5713,1,0
C,H,H,8957,100,8957,1,0
D,H,H,1501,100,1501,1,0
E,H,H,10147,100,10147,1,0
F,H,H,5490,100,5490,1,0
G,H,H,8855,100,8855,1,0
A,B,A,4773,100,4773,1,0
A,C,A,10646,100,10646,1,0
A,D,A,9535,100,9535,1,0
A,E,A,1363,100,1363,1,0
A,F,A,5051,100,5051,1,0
A,G,A,10652,100,10652,1,0
A,H,A,9950,100,9950,1,0
A,B,B,4786,100,4786,1,0
B,C,B,6998,100,6998,1,0
B,D,B,5270,100,5270,1,0
B,E,B,5202,100,5202,1,0
B,F,B,1340,100,1340,1,0
B,G,B,7087,100,7087,1,0
B,H,B,5746,100,5746,1,0
A,C,C,10649,100,10649,1,0
B,C,C,7030,100,7030,1,0
C,D,C,8706,100,8706,1,0
C,E,C,10805,100,10805,1,0
C,F,C,7198,100,7198,1,0
C,G,C,1362,100,1362,1,0
C,H,C,8921,100,8921,1,0
A,D,D,9524,100,9524,1,0
B,D,D,5296,100,5296,1,0
C,D,D,8718,100,8718,1,0
D,E,D,9974,100,9974,1,0
D,F,D,5363,100,5363,1,0
D,G,D,8854,100,8854,1,0
D,H,D,1522,100,1522,1,0
A,E,E,1427,100,1427,1,0
B,E,E,5205,100,5205,1,0
C,E,E,10834,100,10834,1,0
D,E,E,9866,100,9866,1,0
E,F,E,5093,100,5093,1,0
E,G,E,10639,100,10639,1,0
E,H,E,10173,100,10173,1,0
A,F,F,5075,100,5075,1,0
B,F,F,1320,100,1320,1,0
C,F,F,7204,100,7204,1,0
D,F,F,5362,100,5362,1,0
E,F,F,5103,100,5103,1,0
F,G,F,7013,100,7013,1,0
F,H,F,5494,100,5494,1,0
A,G,G,10633,100,10633,1,0
B,G,G,7066,100,7066,1,0
C,G,G,1386,100,1386,1,0
D,G,G,8905,100,8905,1,0
E,G,G,10641,100,10641,1,0
F,G,G,7005,100,7005,1,0
G,H,G,8866,100,8866,1,0
A,H,H,9963,100,9963,1,0
B,H,H,5817,100,5817,1,0
C,H,H,8928,100,8928,1,0
D,H,H,1444,100,1444,1,0
E,H,H,10157,100,10157,1,0
F,H,H,5421,100,5421,1,0
G,H,H,8911,100,8911,1,0
A,B,A,4773,100,4773,1,0
A,C,A,10675,100,10675,1,0
A,D,A,9538,100,9538,1,0
A,E,A,1453,100,1453,1,0
A,F,A,5066,100,5066,1,0
A,G,A,10670,100,10670,1,0
A,H,A,9977,100,9977,1,0
A,B,B,4760,100,4760,1,0
B,C,B,7056,100,7056,1,0
B,D,B,5310,100,5310,1,0
B,E,B,5170,100,5170,1,0
B,F,B,1363,100,1363,1,0
B,G,B,7103,100,7103,1,0
B,H,B,5773,100,5773,1,0
A,C,C,10655,100,10655,1,0
B,C,C,6999,100,6999,1,0
C,D,C,8757,100,8757,1,0
C,E,C,10853,100,10853,1,0
C,F,C,7162,100,7162,1,0
C,G,C,1378,100,1378,1,0
C,H,C,8948,100,8948,1,0
A,D,D,9522,100,9522,1,0
B,D,D,5291,100,5291,1,0
C,D,D,8749,100,8749,1,0
D,E,D,9939,100,9939,1,0
D,F,D,5379,100,5379,1,0
D,G,D,8869,100,8869,1,0
D,H,D,1551,100,1551,1,0
A,E,E,1433,100,1433,1,0
B,E,E,5157,100,5157,1,0
C,E,E,10794,100,10794,1,0
D,E,E,9924,100,9924,1,0
E,F,E,5121,100,5121,1,0
E,G,E,10643,100,10643,1,0
E,H,E,10153,100,10153,1,0
A,F,F,5039,100,5039,1,0
B,F,F,1372,100,1372,1,0
C,F,F,7187,100,7187,1,0
D,F,F,5368,100,5368,1,0
E,F,F,5130,100,5130,1,0
F,G,F,6984,100,6984,1,0
F,H,F,5417,100,5417,1,0
A,G,G,10597,100,10597,1,0
B,G,G,7113,100,7113,1,0
C,G,G,1406,100,1406,1,0
D,G,G,8894,100,8894,1,0
E,G,G,10601,100,10601,1,0
F,G,G,7013,100,7013,1,0
G,H,G,8909,100,8909,1,0
A,H,H,9949,100,9949,1,0
B,H,H,5776,100,5776,1,0
C,H,H,8947,100,8947,1,0
D,H,H,1486,100,1486,1,0
E,H,H,10130,100,10130,1,0
F,H,H,5490,100,5490,1,0
G,H,H,8904,100,8904,1,0
A,B,A,4751,100,4751,1,0
A,C,A,10623,100,10623,1,0
A,D,A,9532,100,9532,1,0
A,E,A,1416,100,1416,1,0
A,F,A,5072,100,5072,1,0
A,G,A,10625,100,10625,1,0
A,H,A,9951,100,9951,1,0
A,B,B,4805,100,4805,1,0
B,C,B,7031,100,7031,1,0
B,D,B,5291,100,5291,1,0
B,E,B,5197,100,5197,1,0
B,F,B,1377,100,1377,1,0
B,G,B,7057,100,7057,1,0
B,H,B,5771,100,5771,1,0
A,C,C,10601,100,10601,1,0
B,C,C,7025,100,7025,1,0
C,D,C,8775,100,8775,1,0
C,E,C,10786,100,10786,1,0
C,F,C,7194,100,7194,1,0
C,G,C,1363,100,1363,1,0
C,H,C,8971,100,8971,1,0
A,D,D,9525,100,9525,1,0
B,D,D,5242,100,5242,1,0
C,D,D,8705,100,8705,1,0
D,E,D,9938,100,9938,1,0
D,F,D,5357,100,5357,1,0
D,G,D,8942,100,8942,1,0
D,H,D,1493,100,1493,1,0
A,E,E,1438,100,1438,1,0
B,E,E,5176,100,5176,1,0
C,E,E,10790,100,10790,1,0
D,E,E,9965,100,9965,1,0
E,F,E,5116,100,5116,1,0
E,G,E,10632,100,10632,1,0
E,H,E,10107,100,10107,1,0
A,F,F,5030,100,5030,1,0
B,F,F,1347,100,1347,1,0
C,F,F,7191,100,7191,1,0
D,F,F,5349,100,5349,1,0
E,F,F,5080,100,5080,1,0
F,G,F,7017,100,7017,1,0
F,H,F,5457,100,5457,1,0
A,G,G,10640,100,10640,1,0
B,G,G,7069,100,7069,1,0
C,G,G,1394,100,1394,1,0
D,G,G,8916,100,8916,1,0
E,G,G,10626,100,10626,1,0
F,G,G,7010,100,7010,1,0
G,H,G,8861,100,8861,1,0
A,H,H,9934,100,9934,1,0
B,H,H,5745,100,5745,1,0
C,H,H,8953,100,8953,1,0
D,H,H,1487,100,1487,1,0
E,H,H,10163,100,10163,1,0
F,H,H,5474,100,5474,1,0
G,H,H,8902,100,8902,1,0
A,B,A,4803,100,4803,1,0
A,C,A,10637,100,10637,1,0
A,D,A,9513,100,9513,1,0
A,E,A,1384,100,1384,1,0
A,F,A,5029,100,5029,1,0
A,G,A,10601,100,10601,1,0
A,H,A,9933,100,9933,1,0
A,B,B,4772,100,4772,1,0
B,C,B,7036,100,7036,1,0
B,D,B,5284,100,5284,1,0
B,E,B,5184,100,5184,1,0
B,F,B,1359,100,1359,1,0
B,G,B,7081,100,7081,1,0
B,H,B,5788,100,5788,1,0
A,C,C,10678,100,10678,1,0
B,C,C,7003,100,7003,1,0
C,D,C,8739,100,8739,1,0
C,E,C,10827,100,10827,1,0
C,F,C,7181,100,7181,1,0
C,G,C,1389,100,1389,1,0
C,H,C,8932,100,8932,1,0
A,D,D,9524,100,9524,1,0
B,D,D,5262,100,5262,1,0
C,D,D,8758,100,8758,1,0
D,E,D,9987,100,9987,1,0
D,F,D,5384,100,5384,1,0
D,G,D,8916,100,8916,1,0
D,H,D,1527,100,1527,1,0
A,E,E,1427,100,1427,1,0
B,E,E,5236,100,5236,1,0
C,E,E,10831,100,10831,1,0
D,E,E,9963,100,9963,1,0
E,F,E,5064,100,5064,1,0
E,G,E,10627,100,10627,1,0
E,H,E,10119,100,10119,1,0
A,F,F,5094,100,5094,1,0
B,F,F,1328,100,1328,1,0
C,F,F,7190,100,7190,1,0
D,F,F,5344,100,5344,1,0
E,F,F,5114,100,5114,1,0
F,G,F,7011,100,7011,1,0
F,H,F,5471,100,5471,1,0
A,G,G,10641,100,10641,1,0
B,G,G,7057,100,7057,1,0
C,G,G,1338,100,1338,1,0
D,G,G,8895,100,8895,1,0
E,G,G,10605,100,10605,1,0
F,G,G,7032,100,7032,1,0
G,H,G,8875,100,8875,1,0
A,H,H,9943,100,9943,1,0
B,H,H,5712,100,5712,1,0
C,H,H,8932,100,8932,1,0
D,H,H,1452,100,1452,1,0
E,H,H,10147,100,10147,1,0
F,H,H,5488,100,5488,1,0
G,H,H,8858,100,8858,1,0
A,B,A,4776,100,4776,1,0
A,C,A,10596,100,10596,1,0
A,D,A,9543,100,9543,1,0
A,E,A,1409,100,1409,1,0
A,F,A,5079,100,5079,1,0
A,G,A,10591,100,10591,1,0
A,H,A,9920,100,9920,1,0
A,B,B,4747,100,4747,1,0
B,C,B,7000,100,7000,1,0
B,D,B,5256,100,5256,1,0
B,E,B,5203,100,5203,1,0
B,F,B,1377,100,1377,1,0
B,G,B,7053,100,7053,1,0
B,H,B,5697,100,5697,1,0
A,C,C,10617,100,10617,1,0
B,C,C,7019,100,7019,1,0
C,D,C,8728,100,8728,1,0
C,E,C,10808,100,10808,1,0
C,F,C,7198,100,7198,1,0
C,G,C,1413,100,1413,1,0
C,H,C,8920,100,8920,1,0
A,D,D,9538,100,9538,1,0
B,D,D,5292,100,5292,1,0
C,D,D,8756,100,8756,1,0
D,E,D,9966,100,9966,1,0
D,F,D,5362,100,5362,1,0
D,G,D,8935,100,8935,1,0
D,H,D,1488,100,1488,1,0
A,E,E,1397,100,1397,1,0
B,E,E,5165,100,5165,1,0
C,E,E,10824,100,10824,1,0
D,E,E,9955,100,9955,1,0
E,F,E,5103,100,5103,1,0
E,G,E,10639,100,10639,1,0
E,H,E,10117,100,10117,1,0
A,F,F,5015,100,5015,1,0
B,F,F,1330,100,1330,1,0
C,F,F,7198,100,7198,1,0
D,F,F,5370,100,5370,1,0
E,F,F,5105,100,5105,1,0
F,G,F,7012,100,7012,1,0
F,H,F,5439,100,5439,1,0
A,G,G,10601,100,10601,1,0
B,G,G,7050,100,7050,1,0
C,G,G,1397,100,1397,1,0
D,G,G,8878,100,8878,1,0
E,G,G,10652,100,10652,1,0
F,G,G,7023,100,7023,1,0
G,H,G,8877,100,8877,1,0
A,H,H,9915,100,9915,1,0
B,H,H,5729,100,5729,1,0
C,H,H,8963,100,8963,1,0
D,H,H,1523,100,1523,1,0
E,H,H,10137,100,10137,1,0
F,H,H,5456,100,5456,1,0
G,H,H,8854,100,8854,1,0
A,B,A,4716,100,4716,1,0
A,C,A,10610,100,10610,1,0
A,D,A,9513,100,9513,1,0
A,E,A,1347,100,1347,1,0
A,F,A,5052,100,5052,1,0
A,G,A,10663,100,10663,1,0
A,H,A,9917,100,9917,1,0
A,B,B,4781,100,4781,1,0
B,C,B,7041,100,7041,1,0
B,D,B,5274,100,5274,1,0
B,E,B,5205,100,5205,1,0
B,F,B,1347,100,1347,1,0
B,G,B,7088,100,7088,1,0
B,H,B,5744,100,5744,1,0
A,C,C,10626,100,10626,1,0
B,C,C,7020,100,7020,1,0
C,D,C,8761,100,8761,1,0
C,E,C,10844,100,10844,1,0
C,F,C,7169,100,7169,1,0
C,G,C,1356,100,1356,1,0
C,H,C,8901,100,8901,1,0
A,D,D,9553,100,9553,1,0
B,D,D,5305,100,5305,1,0
C,D,D,8726,100,8726,1,0
D,E,D,9966,100,9966,1,0
D,F,D,5403,100,5403,1,0
D,G,D,8911,100,8911,1,0
D,H,D,1475,100,1475,1,0
A,E,E,1362,100,1362,1,0
B,E,E,5161,100,5161,1,0
C,E,E,10777,100,10777,1,0
D,E,E,9939,100,9939,1,0
E,F,E,5106,100,5106,1,0
E,G,E,10636,100,10636,1,0
E,H,E,10167,100,10167,1,0
A,F,F,5063,100,5063,1,0
B,F,F,1367,100,1367,1,0
C,F,F,7189,100,7189,1,0
D,F,F,5387,100,5387,1,0
E,F,F,5103,100,5103,1,0
F,G,F,6969,100,6969,1,0
F,H,F,5449,100,5449,1,0
A,G,G,10604,100,10604,1,0
B,G,G,7113,100,7113,1,0
C,G,G,1398,100,1398,1,0
D,G,G,8902,100,8902,1,0
E,G,G,10627,100,10627,1,0
F,G,G,7008,100,7008,1,0
G,H,G,8895,100,8895,1,0
A,H,H,9983,100,9983,1,0
B,H,H,5742,100,5742,1,0
C,H,H,8991,100,8991,1,0
D,H,H,1468,100,1468,1,0
E,H,H,10176,100,10176,1,0
F,H,H,5444,100,5444,1,0
G,H,H,8865,100,8865,1,0
A,B,A,4757,100,4757,1,0
A,C,A,10616,100,10616,1,0
A,D,A,9528,100,9528,1,0
A,E,A,1386,100,1386,1,0
A,F,A,5063,100,5063,1,0
A,G,A,10640,100,10640,1,0
A,H,A,9974,100,9974,1,0
A,B,B,4746,100,4746,1,0
B,C,B,7010,100,7010,1,0
B,D,B,5265,100,5265,1,0
B,E,B,5179,100,5179,1,0
B,F,B,1360,100,1360,1,0
B,G,B,7065,100,7065,1,0
B,H,B,5768,100,5768,1,0
A,C,C,10676,100,10676,1,0
B,C,C,7059,100,7059,1,0
C,D,C,8763,100,8763,1,0
C,E,C,10837,100,10837,1,0
C,F,C,7168,100,7168,1,0
C,G,C,1368,100,1368,1,0
C,H,C,8934,100,8934,1,0
A,D,D,9546,100,9546,1,0
B,D,D,5276,100,5276,1,0
C,D,D,8706,100,8706,1,0
D,E,D,9929,100,9929,1,0
D,F,D,5376,100,5376,1,0
D,G,D,8910,100,8910,1,0
D,H,D,1547,100,1547,1,0
A,E,E,1418,100,1418,1,0
B,E,E,5163,100,5163,1,0
C,E,E,10842,100,10842,1,0
D,E,E,9924,100,9924,1,0
E,F,E,5092,100,5092,1,0
E,G,E,10635,100,10635,1,0
E,H,E,10154,100,10154,1,0
A,F,F,5105,100,5105,1,0
B,F,F,1332,100,1332,1,0
C,F,F,7206,100,7206,1,0
D,F,F,5363,100,5363,1,0
E,F,F,5087,100,5087,1,0
F,G,F,6976,100,6976,1,0
F,H,F,5461,100,5461,1,0
A,G,G,10553,100,10553,1,0
B,G,G,7057,100,7057,1,0
C,G,G,1350,100,1350,1,0
D,G,G,8870,100,8870,1,0
E,G,G,10642,100,10642,1,0
F,G,G,7004,100,7004,1,0
G,H,G,8858,100,8858,1,0
A,H,H,9926,100,9926,1,0
B,H,H,5735,100,5735,1,0
C,H,H,8954,100,8954,1,0
D,H,H,1520,100,1520,1,0
E,H,H,10156,100,10156,1,0
F,H,H,5467,100,5467,1,0
G,H,H,8891,100,8891,1,0
A,B,A,4756,100,4756,1,0
A,C,A,10639,100,10639,1,0
A,D,A,9539,100,9539,1,0
A,E,A,1415,100,1415,1,0
A,F,A,5076,100,5076,1,0
A,G,A,10647,100,10647,1,0
A,H,A,9941,100,9941,1,0
A,B,B,4775,100,4775,1,0
B,C,B,7017,100,7017,1,0
B,D,B,5283,100,5283,1,0
B,E,B,5147,100,5147,1,0
B,F,B,1334,100,1334,1,0
B,G,B,7059,100,7059,1,0
B,H,B,5742,100,5742,1,0
A,C,C,10661,100,10661,1,0
B,C,C,7008,100,7008,1,0
C,D,C,8734,100,8734,1,0
C,E,C,10835,100,10835,1,0
C,F,C,7180,100,7180,1,0
C,G,C,1394,100,1394,1,0
C,H,C,8934,100,8934,1,0
A,D,D,9522,100,9522,1,0
B,D,D,5313,100,5313,1,0
C,D,D,8731,100,8731,1,0
D,E,D,9884,100,9884,1,0
D,F,D,5380,100,5380,1,0
D,G,D,8888,100,8888,1,0
D,H,D,1484,100,1484,1,0
A,E,E,1388,100,1388,1,0
B,E,E,5183,100,5183,1,0
C,E,E,10829,100,10829,1,0
D,E,E,9889,100,9889,1,0
E,F,E,5094,100,5094,1,0
E,G,E,10616,100,10616,1,0
E,H,E,10112,100,10112,1,0
A,F,F,5033,100,5033,1,0
B,F,F,1367,100,1367,1,0
C,F,F,7197,100,7197,1,0
D,F,F,5387,100,5387,1,0
E,F,F,5088,100,5088,1,0
F,G,F,7007,100,7007,1,0
F,H,F,5487,100,5487,1,0
A,G,G,10583,100,10583,1,0
B,G,G,7073,100,7073,1,0
C,G,G,1406,100,1406,1,0
D,G,G,8874,100,8874,1,0
E,G,G,10636,100,10636,1,0
F,G,G,7006,100,7006,1,0
G,H,G,8923,100,8923,1,0
A,H,H,10029,100,10029,1,0
B,H,H,5698,100,5698,1,0
C,H,H,8915,100,8915,1,0
D,H,H,1462,100,1462,1,0
E,H,H,10194,100,10194,1,0
F,H,H,5473,100,5473,1,0
G,H,H,8826,100,8826,1,0
A,B,A,4775,100,4775,1,0
A,C,A,10633,100,10633,1,0
A,D,A,9550,100,9550,1,0
A,E,A,1452,100,1452,1,0
A,F,A,5047,100,5047,1,0
A,G,A,10649,100,10649,1,0
A,H,A,9944,100,9944,1,0
A,B,B,4805,100,4805,1,0
B,C,B,6992,100,6992,1,0
B,D,B,5304,100,5304,1,0
B,E,B,5178,100,5178,1,0
B,F,B,1323,100,1323,1,0
B,G,B,7077,100,7077,1,0
B,H,B,5731,100,5731,1,0
A,C,C,10648,100,10648,1,0
B,C,C,7010,100,7010,1,0
C,D,C,8737,100,8737,1,0
C,E,C,10791,100,10791,1,0
C,F,C,7219,100,7219,1,0
C,G,C,1415,100,1415,1,0
C,H,C,8911,100,8911,1,0
A,D,D,9516,100,9516,1,0
B,D,D,5290,100,5290,1,0
C,D,D,8728,100,8728,1,0
D,E,D,9892,100,9892,1,0
D,F,D,5360,100,5360,1,0
D,G,D,8933,100,8933,1,0
D,H,D,1516,100,1516,1,0
A,E,E,1417,100,1417,1,0
B,E,E,5156,100,5156,1,0
C,E,E,10800,100,10800,1,0
D,E,E,9894,100,9894,1,0
E,F,E,5053,100,5053,1,0
E,G,E,10595,100,10595,1,0
E,H,E,10129,100,10129,1,0
A,F,F,5057,100,5057,1,0
B,F,F,1355,100,1355,1,0
C,F,F,7165,100,7165,1,0
D,F,F,5344,100,5344,1,0
E,F,F,5091,100,5091,1,0
F,G,F,6981,100,6981,1,0
F,H,F,5461,100,5461,1,0
A,G,G,10658,100,10658,1,0
B,G,G,7119,100,7119,1,0
C,G,G,1352,100,1352,1,0
D,G,G,8918,100,8918,1,0
E,G,G,10619,100,10619,1,0
F,G,G,6998,100,6998,1,0
G,H,G,8869,100,8869,1,0
A,H,H,9987,100,9987,1,0
B,H,H,5721,100,5721,1,0
C,H,H,8973,100,8973,1,0
D,H,H,1473,100,1473,1,0
E,H,H,10152,100,10152,1,0
F,H,H,5462,100,5462,1,0
G,H,H,8879,100,8879,1,0
A,B,A,4769,100,4769,1,0
A,C,A,10591,100,10591,1,0
A,D,A,9536,100,9536,1,0
A,E,A,1409,100,1409,1,0
A,F,A,5076,100,5076,1,0
A,G,A,10639,100,10639,1,0
A,H,A,9945,100,9945,1,0
A,B,B,4782,100,4782,1,0
B,C,B,7025,100,7025,1,0
B,D,B,5345,100,5345,1,0
B,E,B,5148,100,5148,1,0
B,F,B,1379,100,1379,1,0
B,G,B,7061,100,7061,1,0
B,H,B,5771,100,5771,1,0
A,C,C,10636,100,10636,1,0
B,C,C,6994,100,6994,1,0
C,D,C,8747,100,8747,1,0
C,E,C,10831,100,10831,1,0
C,F,C,7204,100,7204,1,0
C,G,C,1380,100,1380,1,0
C,H,C,8966,100,8966,1,0
A,D,D,9524,100,9524,1,0
B,D,D,5295,100,5295,1,0
C,D,D,8760,100,8760,1,0
D,E,D,9975,100,9975,1,0
D,F,D,5379,100,5379,1,0
D,G,D,8884,100,8884,1,0
D,H,D,1540,100,1540,1,0
A,E,E,1448,100,1448,1,0
B,E,E,5164,100,5164,1,0
C,E,E,10760,100,10760,1,0
D,E,E,9914,100,9914,1,0
E,F,E,5085,100,5085,1,0
E,G,E,10624,100,10624,1,0
E,H,E,10159,100,10159,1,0
A,F,F,5067,100,5067,1,0
B,F,F,1374,100,1374,1,0
C,F,F,7180,100,7180,1,0
D,F,F,5367,100,5367,1,0
E,F,F,5103,100,5103,1,0
F,G,F,7019,100,7019,1,0
F,H,F,5451,100,5451,1,0
A,G,G,10624,100,10624,1,0
B,G,G,7112,100,7112,1,0
C,G,G,1384,100,1384,1,0
D,G,G,8898,100,8898,1,0
E,G,G,10639,100,10639,1,0
F,G,G,6999,100,6999,1,0
G,H,G,8904,100,8904,1,0
A,H,H,9939,100,9939,1,0
B,H,H,5733,100,5733,1,0
C,H,H,8926,100,8926,1,0
D,H,H,1441,100,1441,1,0
E,H,H,10157,100,10157,1,0
F,H,H,5441,100,5441,1,0
G,H,H,8862,100,8862,1,0
A,B,A,4790,100,4790,1,0
A,C,A,10630,100,10630,1,0
A,D,A,9545,100,9545,1,0
A,E,A,1379,100,1379,1,0
A,F,A,5040,100,5040,1,0
A,G,A,10616,100,10616,1,0
A,H,A,9968,100,9968,1,0
A,B,B,4818,100,4818,1,0
B,C,B,6988,100,6988,1,0
B,D,B,5339,100,5339,1,0
B,E,B,5187,100,5187,1,0
B,F,B,1325,100,1325,1,0
B,G,B,7071,100,7071,1,0
B,H,B,5721,100,5721,1,0
A,C,C,10629,100,10629,1,0
B,C,C,7006,100,7006,1,0
C,D,C,8728,100,8728,1,0
C,E,C,10867,100,10867,1,0
C,F,C,7185,100,7185,1,0
C,G,C,1352,100,1352,1,0
C,H,C,8928,100,8928,1,0
A,D,D,9520,100,9520,1,0
B,D,D,5267,100,5267,1,0
C,D,D,8726,100,8726,1,0
D,E,D,9938,100,9938,1,0
D,F,D,5334,100,5334,1,0
D,G,D,8898,100,8898,1,0
D,H,D,1504,100,1504,1,0
A,E,E,1484,100,1484,1,0
B,E,E,5140,100,5140,1,0
C,E,E,10849,100,10849,1,0
D,E,E,9902,100,9902,1,0
E,F,E,5115,100,5115,1,0
E,G,E,10631,100,10631,1,0
E,H,E,10142,100,10142,1,0
A,F,F,5077,100,5077,1,0
B,F,F,1367,100,1367,1,0
C,F,F,7188,100,7188,1,0
D,F,F,5339,100,5339,1,0
E,F,F,5090,100,5090,1,0
F,G,F,6991,100,6991,1,0
F,H,F,5492,100,5492,1,0
A,G,G,10669,100,10669,1,0
B,G,G,7061,100,7061,1,0
C,G,G,1378,100,1378,1,0
D,G,G,8897,100,8897,1,0
E,G,G,10618,100,10618,1,0
F,G,G,6992,100,6992,1,0
G,H,G,8869,100,8869,1,0
A,H,H,9964,100,9964,1,0
B,H,H,5738,100,5738,1,0
C,H,H,8934,100,8934,1,0
D,H,H,1507,100,1507,1,0
E,H,H,10106,100,10106,1,0
F,H,H,5435,100,5435,1,0
G,H,H,8839,100,8839,1,0
A,B,A,4807,100,4807,1,0
A,C,A,10654,100,10654,1,0
A,D,A,9534,100,9534,1,0
A,E,A,1426,100,1426,1,0
A,F,A,5059,100,5059,1,0
A,G,A,10676,100,10676,1,0
A,H,A,9998,100,9998,1,0
A,B,B,4761,100,4761,1,0
B,C,B,7036,100,7036,1,0
B,D,B,5259,100,5259,1,0
B,E,B,5206,100,5206,1,0
B,F,B,1349,100,1349,1,0
B,G,B,7112,100,7112,1,0
B,H,B,5772,100,5772,1,0
A,C,C,10653,100,10653,1,0
B,C,C,7063,100,7063,1,0
C,D,C,8725,100,8725,1,0
C,E,C,10813,100,10813,1,0
C,F,C,7202,100,7202,1,0
C,G,C,1372,100,1372,1,0
C,H,C,8940,100,8940,1,0
A,D,D,9518,100,9518,1,0
B,D,D,5335,100,5335,1,0
C,D,D,8745,100,8745,1,0
D,E,D,9993,100,9993,1,0
D,F,D,5360,100,5360,1,0
D,G,D,8916,100,8916,1,0
D,H,D,1503,100,1503,1,0
A,E,E,1387,100,1387,1,0
B,E,E,5187,100,5187,1,0
C,E,E,10860,100,10860,1,0
D,E,E,9900,100,9900,1,0
E,F,E,5066,100,5066,1,0
E,G,E,10636,100,10636,1,0
E,H,E,10120,100,10120,1,0
A,F,F,5056,100,5056,1,0
B,F,F,1323,100,1323,1,0
C,F,F,7204,100,7204,1,0
D,F,F,5357,100,5357,1,0
E,F,F,5162,100,5162,1,0
F,G,F,7005,100,7005,1,0
F,H,F,5446,100,5446,1,0
A,G,G,10652,100,10652,1,0
B,G,G,7065,100,7065,1,0
C,G,G,1366,100,1366,1,0
D,G,G,8912,100,8912,1,0
E,G,G,10611,100,10611,1,0
F,G,G,6981,100,6981,1,0
G,H,G,8883,100,8883,1,0
A,H,H,9945,100,9945,1,0
B,H,H,5754,100,5754,1,0
C,H,H,8937,100,8937,1,0
D,H,H,1491,100,1491,1,0
E,H,H,10180,100,10180,1,0
F,H,H,5479,100,5479,1,0
G,H,H,8891,100,8891,1,0
A,B,A,4775,100,4775,1,0
A,C,A,10606,100,10606,1,0
A,D,A,9531,100,9531,1,0
A,E,A,1440,100,1440,1,0
A,F,A,5019,100,5019,1,0
A,G,A,10570,100,10570,1,0
A,H,A,9970,100,9970,1,0
A,B,B,4805,100,4805,1,0
B,C,B,7003,100,7003,1,0
B,D,B,5267,100,5267,1,0
B,E,B,5189,100,5189,1,0
B,F,B,1360,100,1360,1,0
B,G,B,7106,100,7106,1,0
B,H,B,5716,100,5716,1,0
A,C,C,10668,100,10668,1,0
B,C,C,7009,100,7009,1,0
C,D,C,8730,100,8730,1,0
C,E,C,10817,100,10817,1,0
C,F,C,7174,100,7174,1,0
C,G,C,1362,100,1362,1,0
C,H,C,8937,100,8937,1,0
A,D,D,9517,100,9517,1,0
B,D,D,5333,100,5333,1,0
C,D,D,8719,100,8719,1,0
D,E,D,9977,100,9977,1,0
D,F,D,5374,100,5374,1,0
D,G,D,8906,100,8906,1,0
D,H,D,1500,100,1500,1,0
A,E,E,1437,100,1437,1,0
B,E,E,5198,100,5198,1,0
C,E,E,10856,100,10856,1,0
D,E,E,9897,100,9897,1,0
E,F,E,5114,100,5114,1,0
E,G,E,10628,100,10628,1,0
E,H,E,10171,100,10171,1,0
A,F,F,5049,100,5049,1,0
B,F,F,1330,100,1330,1,0
C,F,F,7190,100,7190,1,0
D,F,F,5363,100,5363,1,0
E,F,F,5078,100,5078,1,0
F,G,F,6998,100,6998,1,0
F,H,F,5427,100,5427,1,0
A,G,G,10648,100,10648,1,0
B,G,G,7054,100,7054,1,0
C,G,G,1379,100,1379,1,0
D,G,G,8937,100,8937,1,0
E,G,G,10640,100,10640,1,0
F,G,G,6996,100,6996,1,0
G,H,G,8879,100,8879,1,0
A,H,H,9941,100,9941,1,0
B,H,H,5760,100,5760,1,0
C,H,H,8931,100,8931,1,0
D,H,H,1507,100,1507,1,0
E,H,H,10154,100,10154,1,0
F,H,H,5461,100,5461,1,0
G,H,H,8897,100,8897,1,0
A,B,A,4748,100,4748,1,0
A,C,A,10696,100,10696,1,0
A,D,A,9526,100,9526,1,0
A,E,A,1424,100,1424,1,0
A,F,A,5065,100,5065,1,0
A,G,A,10570,100,10570,1,0
A,H,A,9963,100,9963,1,0
A,B,B,4782,100,4782,1,0
B,C,B,7025,100,7025,1,0
B,D,B,5331,100,5331,1,0
B,E,B,5163,100,5163,1,0
B,F,B,1358,100,1358,1,0
B,G,B,7081,100,7081,1,0
B,H,B,5786,100,5786,1,0
A,C,C,10636,100,10636,1,0
B,C,C,7041,100,7041,1,0
C,D,C,8713,100,8713,1,0
C,E,C,10847,100,10847,1,0
C,F,C,7210,100,7210,1,0
C,G,C,1357,100,1357,1,0
C,H,C,8938,100,8938,1,0
A,D,D,9539,100,9539,1,0
B,D,D,5266,100,5266,1,0
C,D,D,8715,100,8715,1,0
D,E,D,9895,100,9895,1,0
D,F,D,5386,100,5386,1,0
D,G,D,8878,100,8878,1,0
D,H,D,1433,100,1433,1,0
A,E,E,1441,100,1441,1,0
B,E,E,5157,100,5157,1,0
C,E,E,10841,100,10841,1,0
D,E,E,9964,100,9964,1,0
E,F,E,5124,100,5124,1,0
E,G,E,10601,100,10601,1,0
E,H,E,10156,100,10156,1,0
A,F,F,5032,100,5032,1,0
B,F,F,1390,100,1390,1,0
C,F,F,7178,100,7178,1,0
D,F,F,5400,100,5400,1,0
E,F,F,5095,100,5095,1,0
F,G,F,6990,100,6990,1,0
F,H,F,5475,100,5475,1,0
A,G,G,10598,100,10598,1,0
B,G,G,7073,100,7073,1,0
C,G,G,1343,100,1343,1,0
D,G,G,8908,100,8908,1,0
E,G,G,10636,100,10636,1,0
F,G,G,7012,100,7012,1,0
G,H,G,8856,100,8856,1,0
A,H,H,9939,100,9939,1,0
B,H,H,5707,100,5707,1,0
C,H,H,8924,100,8924,1,0
D,H,H,1540,100,1540,1,0
E,H,H,10150,100,10150,1,0
F,H,H,5459,100,5459,1,0
G,H,H,8857,100,8857,1,0
A,B,A,4792,100,4792,1,0
A,C,A,10645,100,10645,1,0
A,D,A,9524,100,9524,1,0
A,E,A,1393,100,1393,1,0
A,F,A,5049,100,5049,1,0
A,G,A,10625,100,10625,1,0
A,H,A,9981,100,9981,1,0
A,B,B,4744,100,4744,1,0
B,C,B,7006,100,7006,1,0
B,D,B,5287,100,5287,1,0
B,E,B,5169,100,5169,1,0
B,F,B,1336,100,1336,1,0
B,G,B,7093,100,7093,1,0
B,H,B,5668,100,5668,1,0
A,C,C,10596,100,10596,1,0
B,C,C,7053,100,7053,1,0
C,D,C,8722,100,8722,1,0
C,E,C,10836,100,10836,1,0
C,F,C,7204,100,7204,1,0
C,G,C,1376,100,1376,1,0
C,H,C,8922,100,8922,1,0
A,D,D,9557,100,9557,1,0
B,D,D,5248,100,5248,1,0
C,D,D,8754,100,8754,1,0
D,E,D,9900,100,9900,1,0
D,F,D,5355,100,5355,1,0
D,G,D,8901,100,8901,1,0
D,H,D,1502,100,1502,1,0
A,E,E,1390,100,1390,1,0
B,E,E,5182,100,5182,1,0
C,E,E,10764,100,10764,1,0
D,E,E,9820,100,9820,1,0
E,F,E,5096,100,5096,1,0
E,G,E,10623,100,10623,1,0
E,H,E,10108,100,10108,1,0
A,F,F,5044,100,5044,1,0
B,F,F,1330,100,1330,1,0
C,F,F,7184,100,7184,1,0
D,F,F,5364,100,5364,1,0
E,F,F,5117,100,5117,1,0
F,G,F,7033,100,7033,1,0
F,H,F,5467,100,5467,1,0
A,G,G,10645,100,10645,1,0
B,G,G,7081,100,7081,1,0
C,G,G,1372,100,1372,1,0
D,G,G,8888,100,8888,1,0
E,G,G,10629,100,10629,1,0
F,G,G,7030,100,7030,1,0
G,H,G,8844,100,8844,1,0
A,H,H,9894,100,9894,1,0
B,H,H,5742,100,5742,1,0
C,H,H,8942,100,8942,1,0
D,H,H,1473,100,1473,1,0
E,H,H,10122,100,10122,1,0
F,H,H,5503,100,5503,1,0
G,H,H,8854,100,8854,1,0
A,B,A,4776,100,4776,1,0
A,C,A,10625,100,10625,1,0
A,D,A,9543,100,9543,1,0
A,E,A,1404,100,1404,1,0
A,F,A,5022,100,5022,1,0
A,G,A,10632,100,10632,1,0
A,H,A,9929,100,9929,1,0
A,B,B,4818,100,4818,1,0
B,C,B,7031,100,7031,1,0
B,D,B,5345,100,5345,1,0
B,E,B,5182,100,5182,1,0
B,F,B,1380,100,1380,1,0
B,G,B,7059,100,7059,1,0
B,H,B,5832,100,5832,1,0
A,C,C,10647,100,10647,1,0
B,C,C,7024,100,7024,1,0
C,D,C,8731,100,8731,1,0
C,E,C,10826,100,10826,1,0
C,F,C,7187,100,7187,1,0
C,G,C,1391,100,1391,1,0
C,H,C,8929,100,8929,1,0
A,D,D,9526,100,9526,1,0
B,D,D,5259,100,5259,1,0
C,D,D,8723,100,8723,1,0
D,E,D,9881,100,9881,1,0
D,F,D,5344,100,5344,1,0
D,G,D,8928,100,8928,1,0
D,H,D,1505,100,1505,1,0
A,E,E,1390,100,1390,1,0
B,E,E,5195,100,5195,1,0
C,E,E,10836,100,10836,1,0
D,E,E,9867,100,9867,1,0
E,F,E,5101,100,5101,1,0
E,G,E,10638,100,10638,1,0
E,H,E,10122,100,10122,1,0
A,F,F,5100,100,5100,1,0
B,F,F,1362,100,1362,1,0
C,F,F,7211,100,7211,1,0
D,F,F,5363,100,5363,1,0
E,F,F,5119,100,5119,1,0
F,G,F,7012,100,7012,1,0
F,H,F,5423,100,5423,1,0
A,G,G,10614,100,10614,1,0
B,G,G,7074,100,7074,1,0
C,G,G,1385,100,1385,1,0
D,G,G,8894,100,8894,1,0
E,G,G,10630,100,10630,1,0
F,G,G,7013,100,7013,1,0
G,H,G,8860,100,8860,1,0
A,H,H,9906,100,9906,1,0
B,H,H,5734,100,5734,1,0
C,H,H,8970,100,8970,1,0
D,H,H,1431,100,1431,1,0
E,H,H,10162,100,10162,1,0
F,H,H,5452,100,5452,1,0
G,H,H,8862,100,8862,1,0
A,B,A,4803,100,4803,1,0
A,C,A,10595,100,10595,1,0
A,D,A,9547,100,9547,1,0
A,E,A,1376,100,1376,1,0
A,F,A,5031,100,5031,1,0
A,G,A,10640,100,10640,1,0
A,H,A,9959,100,9959,1,0
A,B,B,4741,100,4741,1,0
B,C,B,6997,100,6997,1,0
B,D,B,5337,100,5337,1,0
B,E,B,5175,100,5175,1,0
B,F,B,1337,100,1337,1,0
B,G,B,7049,100,7049,1,0
B,H,B,5711,100,5711,1,0
A,C,C,10686,100,10686,1,0
B,C,C,6998,100,6998,1,0
C,D,C,8757,100,8757,1,0
C,E,C,10806,100,10806,1,0
C,F,C,7210,100,7210,1,0
C,G,C,1376,100,1376,1,0
C,H,C,8928,100,8928,1,0
A,D,D,9531,100,9531,1,0
B,D,D,5228,100,5228,1,0
C,D,D,8743,100,8743,1,0
D,E,D,9914,100,9914,1,0
D,F,D,5408,100,5408,1,0
D,G,D,8885,100,8885,1,0
D,H,D,1457,100,1457,1,0
A,E,E,1405,100,1405,1,0
B,E,E,5197,100,5197,1,0
C,E,E,10840,100,10840,1,0
D,E,E,9940,100,9940,1,0
E,F,E,5069,100,5069,1,0
E,G,E,10618,100,10618,1,0
E,H,E,10129,100,10129,1,0
A,F,F,5086,100,5086,1,0
B,F,F,1360,100,1360,1,0
C,F,F,7195,100,7195,1,0
D,F,F,5362,100,5362,1,0
E,F,F,5085,100,5085,1,0
F,G,F,6981,100,6981,1,0
F,H,F,5459,100,5459,1,0
A,G,G,10649,100,10649,1,0
B,G,G,7056,100,7056,1,0
C,G,G,1410,100,1410,1,0
D,G,G,8880,100,8880,1,0
E,G,G,10629,100,10629,1,0
F,G,G,6990,100,6990,1,0
G,H,G,8857,100,8857,1,0
A,H,H,9952,100,9952,1,0
B,H,H,5739,100,5739,1,0
C,H,H,8905,100,8905,1,0
D,H,H,1526,100,1526,1,0
E,H,H,10134,100,10134,1,0
F,H,H,5419,100,5419,1,0
G,H,H,8866,100,8866,1,0
A,B,A,4780,100,4780,1,0
A,C,A,10679,100,10679,1,0
A,D,A,9537,100,9537,1,0
A,E,A,1373,100,1373,1,0
A,F,A,5038,100,5038,1,0
A,G,A,10623,100,10623,1,0
A,H,A,9924,100,9924,1,0
A,B,B,4768,100,4768,1,0
B,C,B,7014,100,7014,1,0
B,D,B,5304,100,5304,1,0
B,E,B,5159,100,5159,1,0
B,F,B,1362,100,1362,1,0
B,G,B,7078,100,7078,1,0
B,H,B,5711,100,5711,1,0
A,C,C,10647,100,10647,1,0
B,C,C,7033,100,7033,1,0
C,D,C,8747,100,8747,1,0
C,E,C,10848,100,10848,1,0
C,F,C,7188,100,7188,1,0
C,G,C,1406,100,1406,1,0
C,H,C,8915,100,8915,1,0
A,D,D,9511,100,9511,1,0
B,D,D,5279,100,5279,1,0
C,D,D,8747,100,8747,1,0
D,E,D,9922,100,9922,1,0
D,F,D,5346,100,5346,1,0
D,G,D,8879,100,8879,1,0
D,H,D,1516,100,1516,1,0
A,E,E,1450,100,1450,1,0
B,E,E,5163,100,5163,1,0
C,E,E,10838,100,10838,1,0
D,E,E,9937,100,9937,1,0
E,F,E,5118,100,5118,1,0
E,G,E,10627,100,10627,1,0
E,H,E,10145,100,10145,1,0
A,F,F,5040,100,5040,1,0
B,F,F,1350,100,1350,1,0
C,F,F,7199,100,7199,1,0
D,F,F,5355,100,5355,1,0
E,F,F,5111,100,5111,1,0
F,G,F,6982,100,6982,1,0
F,H,F,5495,100,5495,1,0
A,G,G,10659,100,10659,1,0
B,G,G,7078,100,7078,1,0
C,G,G,1385,100,1385,1,0
D,G,G,8926,100,8926,1,0
E,G,G,10671,100,10671,1,0
F,G,G,6982,100,6982,1,0
G,H,G,8874,100,8874,1,0
A,H,H,9908,100,9908,1,0
B,H,H,5714,100,5714,1,0
C,H,H,8932,100,8932,1,0
D,H,H,1451,100,1451,1,0
E,H,H,10156,100,10156,1,0
F,H,H,5425,100,5425,1,0
G,H,H,8893,100,8893,1,0
A,B,A,4768,100,4768,1,0
A,C,A,10617,100,10617,1,0
A,D,A,9507,100,9507,1,0
A,E,A,1461,100,1461,1,0
A,F,A,5038,100,5038,1,0
A,G,A,10644,100,10644,1,0
A,H,A,9973,100,9973,1,0
A,B,B,4766,100,4766,1,0
B,C,B,7026,100,7026,1,0
B,D,B,5281,100,5281,1,0
B,E,B,5154,100,5154,1,0
B,F,B,1354,100,1354,1,0
B,G,B,7098,100,7098,1,0
B,H,B,5764,100,5764,1,0
A,C,C,10667,100,10667,1,0
B,C,C,7002,100,7002,1,0
C,D,C,8731,100,8731,1,0
C,E,C,10843,100,10843,1,0
C,F,C,7195,100,7195,1,0
C,G,C,1394,100,1394,1,0
C,H,C,8916,100,8916,1,0
A,D,D,9508,100,9508,1,0
B,D,D,5273,100,5273,1,0
C,D,D,8711,100,8711,1,0
D,E,D,9910,100,9910,1,0
D,F,D,5386,100,5386,1,0
D,G,D,8889,100,8889,1,0
D,H,D,1524,100,1524,1,0
A,E,E,1456,100,1456,1,0
B,E,E,5146,100,5146,1,0
C,E,E,10802,100,10802,1,0
D,E,E,9957,100,9957,1,0
E,F,E,5105,100,5105,1,0
E,G,E,10632,100,10632,1,0
E,H,E,10095,100,10095,1,0
A,F,F,5030,100,5030,1,0
B,F,F,1350,100,1350,1,0
C,F,F,7212,100,7212,1,0
D,F,F,5370,100,5370,1,0
E,F,F,5138,100,5138,1,0
F,G,F,6990,100,6990,1,0
F,H,F,5431,100,5431,1,0
A,G,G,10645,100,10645,1,0
B,G,G,7097,100,7097,1,0
C,G,G,1395,100,1395,1,0
D,G,G,8887,100,8887,1,0
E,G,G,10689,100,10689,1,0
F,G,G,6996,100,6996,1,0
G,H,G,8860,100,8860,1,0
A,H,H,9957,100,9957,1,0
B,H,H,5793,100,5793,1,0
C,H,H,8931,100,8931,1,0
D,H,H,1516,100,1516,1,0
E,H,H,10135,100,10135,1,0
F,H,H,5472,100,5472,1,0
G,H,H,8876,100,8876,1,0
A,B,A,4771,100,4771,1,0
A,C,A,10639,100,10639,1,0
A,D,A,9526,100,9526,1,0
A,E,A,1388,100,1388,1,0
A,F,A,5075,100,5075,1,0
A,G,A,10664,100,10664,1,0
A,H,A,9932,100,9932,1,0
A,B,B,4750,100,4750,1,0
B,C,B,7037,100,7037,1,0
B,D,B,5280,100,5280,1,0
B,E,B,5164,100,5164,1,0
B,F,B,1370,100,1370,1,0
B,G,B,7074,100,7074,1,0
B,H,B,5706,100,5706,1,0
A,C,C,10667,100,10667,1,0
B,C,C,6990,100,6990,1,0
C,D,C,8700,100,8700,1,0
C,E,C,10849,100,10849,1,0
C,F,C,7202,100,7202,1,0
C,G,C,1392,100,1392,1,0
C,H,C,8937,100,8937,1,0
A,D,D,9511,100,9511,1,0
B,D,D,5340,100,5340,1,0
C,D,D,8745,100,8745,1,0
D,E,D,9886,100,9886,1,0
D,F,D,5372,100,5372,1,0
D,G,D,8902,100,8902,1,0
D,H,D,1484,100,1484,1,0
A,E,E,1437,100,1437,1,0
B,E,E,5203,100,5203,1,0
C,E,E,10820,100,10820,1,0
D,E,E,9946,100,9946,1,0
E,F,E,5091,100,5091,1,0
E,G,E,10651,100,10651,1,0
E,H,E,10143,100,10143,1,0
A,F,F,5042,100,5042,1,0
B,F,F,1323,100,1323,1,0
C,F,F,7211,100,7211,1,0
D,F,F,5367,100,5367,1,0
E,F,F,5136,100,5136,1,0
F,G,F,7006,100,7006,1,0
F,H,F,5472,100,5472,1,0
A,G,G,10648,100,10648,1,0
B,G,G,7072,100,7072,1,0
C,G,G,1379,100,1379,1,0
D,G,G,8895,100,8895,1,0
E,G,G,10628,100,10628,1,0
F,G,G,7016,100,7016,1,0
G,H,G,8858,100,8858,1,0
A,H,H,9951,100,9951,1,0
B,H,H,5742,100,5742,1,0
C,H,H,8913,100,8913,1,0
D,H,H,1504,100,1504,1,0
E,H,H,10156,100,10156,1,0
F,H,H,5483,100,5483,1,0
G,H,H,8892,100,8892,1,0
A,B,A,4796,100,4796,1,0
A,C,A,10640,100,10640,1,0
A,D,A,9517,100,9517,1,0
A,E,A,1400,100,1400,1,0
A,F,A,5018,100,5018,1,0
A,G,A,10612,100,10612,1,0
A,H,A,9961,100,9961,1,0
A,B,B,4767,100,4767,1,0
B,C,B,6975,100,6975,1,0
B,D,B,5261,100,5261,1,0
B,E,B,5140,100,5140,1,0
B,F,B,1360,100,1360,1,0
B,G,B,7095,100,7095,1,0
B,H,B,5755,100,5755,1,0
A,C,C,10636,100,10636,1,0
B,C,C,7010,100,7010,1,0
C,D,C,8764,100,8764,1,0
C,E,C,10818,100,10818,1,0
C,F,C,7188,100,7188,1,0
C,G,C,1343,100,1343,1,0
C,H,C,8904,100,8904,1,0
A,D,D,9535,100,9535,1,0
B,D,D,5303,100,5303,1,0
C,D,D,8797,100,8797,1,0
D,E,D,9990,100,9990,1,0
D,F,D,5368,100,5368,1,0
D,G,D,8886,100,8886,1,0
D,H,D,1502,100,1502,1,0
A,E,E,1402,100,1402,1,0
B,E,E,5159,100,5159,1,0
C,E,E,10868,100,10868,1,0
D,E,E,9892,100,9892,1,0
E,F,E,5123,100,5123,1,0
E,G,E,10629,100,10629,1,0
E,H,E,10170,100,10170,1,0
A,F,F,5052,100,5052,1,0
B,F,F,1369,100,1369,1,0
C,F,F,7169,100,7169,1,0
D,F,F,5383,100,5383,1,0
E,F,F,5081,100,5081,1,0
F,G,F,6990,100,6990,1,0
F,H,F,5410,100,5410,1,0
A,G,G,10644,100,10644,1,0
B,G,G,7102,100,7102,1,0
C,G,G,1386,100,1386,1,0
D,G,G,8886,100,8886,1,0
E,G,G,10659,100,10659,1,0
F,G,G,6977,100,6977,1,0
G,H,G,8868,100,8868,1,0
A,H,H,9951,100,9951,1,0
B,H,H,5727,100,5727,1,0
C,H,H,8946,100,8946,1,0
D,H,H,1540,100,1540,1,0
E,H,H,10143,100,10143,1,0
F,H,H,5467,100,5467,1,0
G,H,H,8861,100,8861,1,0
A,B,A,4787,100,4787,1,0
A,C,A,10601,100,10601,1,0
A,D,A,9506,100,9506,1,0
A,E,A,1414,100,1414,1,0
A,F,A,5067,100,5067,1,0
A,G,A,10624,100,10624,1,0
A,H,A,9964,100,9964,1,0
A,B,B,4751,100,4751,1,0
B,C,B,7020,100,7020,1,0
B,D,B,5303,100,5303,1,0
B,E,B,5181,100,5181,1,0
B,F,B,1386,100,1386,1,0
B,G,B,7102,100,7102,1,0
B,H,B,5783,100,5783,1,0
A,C,C,10624,100,10624,1,0
B,C,C,6999,100,6999,1,0
C,D,C,8736,100,8736,1,0
C,E,C,10809,100,10809,1,0
C,F,C,7192,100,7192,1,0
C,G,C,1385,100,1385,1,0
C,H,C,8929,100,8929,1,0
A,D,D,9532,100,9532,1,0
B,D,D,5295,100,5295,1,0
C,D,D,8710,100,8710,1,0
D,E,D,9887,100,9887,1,0
D,F,D,5371,100,5371,1,0
D,G,D,8958,100,8958,1,0
D,H,D,1500,100,1500,1,0
A,E,E,1458,100,1458,1,0
B,E,E,5166,100,5166,1,0
C,E,E,10857,100,10857,1,0
D,E,E,9932,100,9932,1,0
E,F,E,5106,100,5106,1,0
E,G,E,10600,100,10600,1,0
E,H,E,10108,100,10108,1,0
A,F,F,5080,100,5080,1,0
B,F,F,1350,100,1350,1,0
C,F,F,7189,100,7189,1,0
D,F,F,5376,100,5376,1,0
E,F,F,5101,100,5101,1,0
F,G,F,7030,100,7030,1,0
F,H,F,5428,100,5428,1,0
A,G,G,10652,100,10652,1,0
B,G,G,7055,100,7055,1,0
C,G,G,1371,100,1371,1,0
D,G,G,8893,100,8893,1,0
E,G,G,10642,100,10642,1,0
F,G,G,6990,100,6990,1,0
G,H,G,8870,100,8870,1,0
A,H,H,9913,100,9913,1,0
B,H,H,5723,100,5723,1,0
C,H,H,8979,100,8979,1,0
D,H,H,1549,100,1549,1,0
E,H,H,10153,100,10153,1,0
F,H,H,5458,100,5458,1,0
G,H,H,8856,100,8856,1,0
A,B,A,4759,100,4759,1,0
A,C,A,10673,100,10673,1,0
A,D,A,9510,100,9510,1,0
A,E,A,1437,100,1437,1,0
A,F,A,5062,100,5062,1,0
A,G,A,10649,100,10649,1,0
A,H,A,9931,100,9931,1,0
A,B,B,4767,100,4767,1,0
B,C,B,7025,100,7025,1,0
B,D,B,5237,100,5237,1,0
B,E,B,5185,100,5185,1,0
B,F,B,1306,100,1306,1,0
B,G,B,7061,100,7061,1,0
B,H,B,5729,100,5729,1,0
A,C,C,10631,100,10631,1,0
B,C,C,7011,100,7011,1,0
C,D,C,8704,100,8704,1,0
C,E,C,10822,100,10822,1,0
C,F,C,7187,100,7187,1,0
C,G,C,1397,100,1397,1,0
C,H,C,8948,100,8948,1,0
A,D,D,9525,100,9525,1,0
B,D,D,5311,100,5311,1,0
C,D,D,8705,100,8705,1,0
D,E,D,9921,100,9921,1,0
D,F,D,5382,100,5382,1,0
D,G,D,8874,100,8874,1,0
D,H,D,1506,100,1506,1,0
A,E,E,1415,100,1415,1,0
B,E,E,5177,100,5177,1,0
C,E,E,10821,100,10821,1,0
D,E,E,9904,100,9904,1,0
E,F,E,5084,100,5084,1,0
E,G,E,10635,100,10635,1,0
E,H,E,10122,100,10122,1,0
A,F,F,5052,100,5052,1,0
B,F,F,1331,100,1331,1,0
C,F,F,7165,100,7165,1,0
D,F,F,5382,100,5382,1,0
E,F,F,5081,100,5081,1,0
F,G,F,7006,100,7006,1,0
F,H,F,5430,100,5430,1,0
A,G,G,10616,100,10616,1,0
B,G,G,7083,100,7083,1,0
C,G,G,1403,100,1403,1,0
D,G,G,8899,100,8899,1,0
E,G,G,10651,100,10651,1,0
F,G,G,7020,100,7020,1,0
G,H,G,8861,100,8861,1,0
A,H,H,9967,100,9967,1,0
B,H,H,5759,100,5759,1,0
C,H,H,8973,100,8973,1,0
D,H,H,1492,100,1492,1,0
E,H,H,10166,100,10166,1,0
F,H,H,5424,100,5424,1,0
G,H,H,8858,100,8858,1,0
A,B,A,4741,100,4741,1,0
A,C,A,10637,100,10637,1,0
A,D,A,9508,100,9508,1,0
A,E,A,1415,100,1415,1,0
A,F,A,5060,100,5060,1,0
A,G,A,10637,100,10637,1,0
A,H,A,9886,100,9886,1,0
A,B,B,4768,100,4768,1,0
B,C,B,7000,100,7000,1,0
B,D,B,5307,100,5307,1,0
B,E,B,5186,100,5186,1,0
B,F,B,1367,100,1367,1,0
B,G,B,7075,100,7075,1,0
B,H,B,5700,100,5700,1,0
A,C,C,10649,100,10649,1,0
B,C,C,7014,100,7014,1,0
C,D,C,8771,100,8771,1,0
C,E,C,10825,100,10825,1,0
C,F,C,7195,100,7195,1,0
C,G,C,1389,100,1389,1,0
C,H,C,8919,100,8919,1,0
A,D,D,9566,100,9566,1,0
B,D,D,5272,100,5272,1,0
C,D,D,8721,100,8721,1,0
D,E,D,9992,100,9992,1,0
D,F,D,5359,100,5359,1,0
D,G,D,8924,100,8924,1,0
D,H,D,1522,100,1522,1,0
A,E,E,1458,100,1458,1,0
B,E,E,5158,100,5158,1,0
C,E,E,10800,100,10800,1,0
D,E,E,9958,100,9958,1,0
E,F,E,5093,100,5093,1,0
E,G,E,10621,100,10621,1,0
E,H,E,10189,100,10189,1,0
A,F,F,5056,100,5056,1,0
B,F,F,1327,100,1327,1,0
C,F,F,7182,100,7182,1,0
D,F,F,5338,100,5338,1,0
E,F,F,5090,100,5090,1,0
F,G,F,6997,100,6997,1,0
F,H,F,5484,100,5484,1,0
A,G,G,10602,100,10602,1,0
B,G,G,7088,100,7088,1,0
C,G,G,1385,100,1385,1,0
D,G,G,8872,100,8872,1,0
E,G,G,10631,100,10631,1,0
F,G,G,7016,100,7016,1,0
G,H,G,8869,100,8869,1,0
A,H,H,9941,100,9941,1,0
B,H,H,5791,100,5791,1,0
C,H,H,8956,100,8956,1,0
D,H,H,1552,100,1552,1,0
E,H,H,10128,100,10128,1,0
F,H,H,5460,100,5460,1,0
G,H,H,8879,100,8879,1,0
A,B,A,4785,100,4785,1,0
A,C,A,10623,100,10623,1,0
A,D,A,9550,100,9550,1,0
A,E,A,1398,100,1398,1,0
A,F,A,4994,100,4994,1,0
A,G,A,10638,100,10638,1,0
A,H,A,9995,100,9995,1,0
A,B,B,4772,100,4772,1,0
B,C,B,6980,100,6980,1,0
B,D,B,5321,100,5321,1,0
B,E,B,5217,100,5217,1,0
B,F,B,1365,100,1365,1,0
B,G,B,7092,100,7092,1,0
B,H,B,5700,100,5700,1,0
A,C,C,10586,100,10586,1,0
B,C,C,7008,100,7008,1,0
C,D,C,8741,100,8741,1,0
C,E,C,10786,100,10786,1,0
C,F,C,7180,100,7180,1,0
C,G,C,1406,100,1406,1,0
C,H,C,8959,100,8959,1,0
A,D,D,9535,100,9535,1,0
B,D,D,5307,100,5307,1,0
C,D,D,8727,100,8727,1,0
D,E,D,9880,100,9880,1,0
D,F,D,5342,100,5342,1,0
D,G,D,8886,100,8886,1,0
D,H,D,1521,100,1521,1,0
A,E,E,1453,100,1453,1,0
B,E,E,5175,100,5175,1,0
C,E,E,10830,100,10830,1,0
D,E,E,9896,100,9896,1,0
E,F,E,5104,100,5104,1,0
E,G,E,10634,100,10634,1,0
E,H,E,10166,100,10166,1,0
A,F,F,5063,100,5063,1,0
B,F,F,1360,100,1360,1,0
C,F,F,7188,100,7188,1,0
D,F,F,5373,100,5373,1,0
E,F,F,5119,100,5119,1,0
F,G,F,7023,100,7023,1,0
F,H,F,5466,100,5466,1,0
A,G,G,10630,100,10630,1,0
B,G,G,7079,100,7079,1,0
C,G,G,1427,100,1427,1,0
D,G,G,8887,100,8887,1,0
E,G,G,10650,100,10650,1,0
F,G,G,7015,100,7015,1,0
G,H,G,8824,100,8824,1,0
A,H,H,9961,100,9961,1,0
B,H,H,5772,100,5772,1,0
C,H,H,8977,100,8977,1,0
D,H,H,1506,100,1506,1,0
E,H,H,10128,100,10128,1,0
F,H,H,5480,100,5480,1,0
G,H,H,8860,100,8860,1,0
A,B,A,4790,100,4790,1,0
A,C,A,10696,100,10696,1,0
A,D,A,9518,100,9518,1,0
A,E,A,1438,100,1438,1,0
A,F,A,5066,100,5066,1,0
A,G,A,10632,100,10632,1,0
A,H,A,9878,100,9878,1,0
A,B,B,4788,100,4788,1,0
B,C,B,7003,100,7003,1,0
B,D,B,5253,100,5253,1,0
B,E,B,5184,100,5184,1,0
B,F,B,1341,100,1341,1,0
B,G,B,7074,100,7074,1,0
B,H,B,5736,100,5736,1,0
A,C,C,10618,100,10618,1,0
B,C,C,6995,100,6995,1,0
C,D,C,8741,100,8741,1,0
C,E,C,10814,100,10814,1,0
C,F,C,7201,100,7201,1,0
C,G,C,1352,100,1352,1,0
C,H,C,8953,100,8953,1,0
A,D,D,9526,100,9526,1,0
B,D,D,5278,100,5278,1,0
C,D,D,8719,100,8719,1,0
D,E,D,9940,100,9940,1,0
D,F,D,5376,100,5376,1,0
D,G,D,8864,100,8864,1,0
D,H,D,1543,100,1543,1,0
A,E,E,1405,100,1405,1,0
B,E,E,5162,100,5162,1,0
C,E,E,10800,100,10800,1,0
D,E,E,9916,100,9916,1,0
E,F,E,5109,100,5109,1,0
E,G,E,10649,100,10649,1,0
E,H,E,10099,100,10099,1,0
A,F,F,5071,100,5071,1,0
B,F,F,1395,100,1395,1,0
C,F,F,7178,100,7178,1,0
D,F,F,5335,100,5335,1,0
E,F,F,5099,100,5099,1,0
F,G,F,6983,100,6983,1,0
F,H,F,5451,100,5451,1,0
A,G,G,10541,100,10541,1,0
B,G,G,7107,100,7107,1,0
C,G,G,1367,100,1367,1,0
D,G,G,8902,100,8902,1,0
E,G,G,10630,100,10630,1,0
F,G,G,6984,100,6984,1,0
G,H,G,8898,100,8898,1,0
A,H,H,9928,100,9928,1,0
B,H,H,5726,100,5726,1,0
C,H,H,8963,100,8963,1,0
D,H,H,1514,100,1514,1,0
E,H,H,10154,100,10154,1,0
F,H,H,5456,100,5456,1,0
G,H,H,8878,100,8878,1,0
A,B,A,4776,100,4776,1,0
A,C,A,10600,100,10600,1,0
A,D,A,9514,100,9514,1,0
A,E,A,1425,100,1425,1,0
A,F,A,5075,100,5075,1,0
A,G,A,10562,100,10562,1,0
A,H,A,9941,100,9941,1,0
A,B,B,4786,100,4786,1,0
B,C,B,7063,100,7063,1,0
B,D,B,5318,100,5318,1,0
B,E,B,5190,100,5190,1,0
B,F,B,1342,100,1342,1,0
B,G,B,7070,100,7070,1,0
B,H,B,5756,100,5756,1,0
A,C,C,10597,100,10597,1,0
B,C,C,6991,100,6991,1,0
C,D,C,8729,100,8729,1,0
C,E,C,10874,100,10874,1,0
C,F,C,7240,100,7240,1,0
C,G,C,1355,100,1355,1,0
C,H,C,8929,100,8929,1,0
A,D,D,9518,100,9518,1,0
B,D,D,5255,100,5255,1,0
C,D,D,8719,100,8719,1,0
D,E,D,9909,100,9909,1,0
D,F,D,5385,100,5385,1,0
D,G,D,8872,100,8872,1,0
D,H,D,1510,100,1510,1,0
A,E,E,1440,100,1440,1,0
B,E,E,5146,100,5146,1,0
C,E,E,10779,100,10779,1,0
D,E,E,9917,100,9917,1,0
E,F,E,5055,100,5055,1,0
E,G,E,10599,100,10599,1,0
E,H,E,10108,100,10108,1,0
A,F,F,5047,100,5047,1,0
B,F,F,1358,100,1358,1,0
C,F,F,7222,100,7222,1,0
D,F,F,5375,100,5375,1,0
E,F,F,5086,100,5086,1,0
F,G,F,6989,100,6989,1,0
F,H,F,5457,100,5457,1,0
A,G,G,10639,100,10639,1,0
B,G,G,7067,100,7067,1,0
C,G,G,1341,100,1341,1,0
D,G,G,8884,100,8884,1,0
E,G,G,10653,100,10653,1,0
F,G,G,6979,100,6979,1,0
G,H,G,8853,100,8853,1,0
A,H,H,9935,100,9935,1,0
B,H,H,5781,100,5781,1,0
C,H,H,8951,100,8951,1,0
D,H,H,1520,100,1520,1,0
E,H,H,10122,100,10122,1,0
F,H,H,5443,100,5443,1,0
G,H,H,8892,100,8892,1,0
A,B,A,4749,100,4749,1,0
A,C,A,10619,100,10619,1,0
A,D,A,9533,100,9533,1,0
A,E,A,1434,100,1434,1,0
A,F,A,5048,100,5048,1,0
A,G,A,10649,100,10649,1,0
A,H,A,9964,100,9964,1,0
A,B,B,4799,100,4799,1,0
B,C,B,7009,100,7009,1,0
B,D,B,5294,100,5294,1,0
B,E,B,5159,100,5159,1,0
B,F,B,1386,100,1386,1,0
B,G,B,7067,100,7067,1,0
B,H,B,5706,100,5706,1,0
A,C,C,10605,100,10605,1,0
B,C,C,7005,100,7005,1,0
C,D,C,8745,100,8745,1,0
C,E,C,10819,100,10819,1,0
C,F,C,7185,100,7185,1,0
C,G,C,1394,100,1394,1,0
C,H,C,8880,100,8880,1,0
A,D,D,9518,100,9518,1,0
B,D,D,5319,100,5319,1,0
C,D,D,8715,100,8715,1,0
D,E,D,9924,100,9924,1,0
D,F,D,5368,100,5368,1,0
D,G,D,8931,100,8931,1,0
D,H,D,1526,100,1526,1,0
A,E,E,1419,100,1419,1,0
B,E,E,5181,100,5181,1,0
C,E,E,10845,100,10845,1,0
D,E,E,9951,100,9951,1,0
E,F,E,5115,100,5115,1,0
E,G,E,10632,100,10632,1,0
E,H,E,10128,100,10128,1,0
A,F,F,5087,100,5087,1,0
B,F,F,1330,100,1330,1,0
C,F,F,7210,100,7210,1,0
D,F,F,5390,100,5390,1,0
E,F,F,5113,100,5113,1,0
F,G,F,7011,100,7011,1,0
F,H,F,5440,100,5440,1,0
A,G,G,10598,100,10598,1,0
B,G,G,7078,100,7078,1,0
C,G,G,1405,100,1405,1,0
D,G,G,8895,100,8895,1,0
E,G,G,10627,100,10627,1,0
F,G,G,6998,100,6998,1,0
G,H,G,8853,100,8853,1,0
A,H,H,9956,100,9956,1,0
B,H,H,5724,100,5724,1,0
C,H,H,8920,100,8920,1,0
D,H,H,1529,100,1529,1,0
E,H,H,10147,100,10147,1,0
F,H,H,5458,100,5458,1,0
G,H,H,8912,100,8912,1,0
A,B,A,4779,100,4779,1,0
A,C,A,10636,100,10636,1,0
A,D,A,9523,100,9523,1,0
A,E,A,1384,100,1384,1,0
A,F,A,5056,100,5056,1,0
A,G,A,10648,100,10648,1,0
A,H,A,9911,100,9911,1,0
A,B,B,4776,100,4776,1,0
B,C,B,6994,100,6994,1,0
B,D,B,5305,100,5305,1,0
B,E,B,5214,100,5214,1,0
B,F,B,1375,100,1375,1,0
B,G,B,7052,100,7052,1,0
B,H,B,5728,100,5728,1,0
A,C,C,10647,100,10647,1,0
B,C,C,6996,100,6996,1,0
C,D,C,8726,100,8726,1,0
C,E,C,10815,100,10815,1,0
C,F,C,7189,100,7189,1,0
C,G,C,1356,100,1356,1,0
C,H,C,8960,100,8960,1,0
A,D,D,9536,100,9536,1,0
B,D,D,5312,100,5312,1,0
C,D,D,8732,100,8732,1,0
D,E,D,9920,100,9920,1,0
D,F,D,5360,100,5360,1,0
D,G,D,8872,100,8872,1,0
D,H,D,1515,100,1515,1,0
A,E,E,1384,100,1384,1,0
B,E,E,5157,100,5157,1,0
C,E,E,10850,100,10850,1,0
D,E,E,9901,100,9901,1,0
E,F,E,5088,100,5088,1,0
E,G,E,10626,100,10626,1,0
E,H,E,10156,100,10156,1,0
A,F,F,5060,100,5060,1,0
B,F,F,1352,100,1352,1,0
C,F,F,7192,100,7192,1,0
D,F,F,5351,100,5351,1,0
E,F,F,5132,100,5132,1,0
F,G,F,7003,100,7003,1,0
F,H,F,5480,100,5480,1,0
A,G,G,10640,100,10640,1,0
B,G,G,7091,100,7091,1,0
C,G,G,1353,100,1353,1,0
D,G,G,8891,100,8891,1,0
E,G,G,10613,100,10613,1,0
F,G,G,6990,100,6990,1,0
G,H,G,8865,100,8865,1,0
A,H,H,9952,100,9952,1,0
B,H,H,5721,100,5721,1,0
C,H,H,8922,100,8922,1,0
D,H,H,1523,100,1523,1,0
E,H,H,10142,100,10142,1,0
F,H,H,5457,100,5457,1,0
G,H,H,8884,100,8884,1,0
A,B,A,4756,100,4756,1,0
A,C,A,10641,100,10641,1,0
A,D,A,9564,100,9564,1,0
A,E,A,1437,100,1437,1,0
A,F,A,5009,100,5009,1,0
A,G,A,10621,100,10621,1,0
A,H,A,9878,100,9878,1,0
A,B,B,4767,100,4767,1,0
B,C,B,7033,100,7033,1,0
B,D,B,5306,100,5306,1,0
B,E,B,5197,100,5197,1,0
B,F,B,1336,100,1336,1,0
B,G,B,7057,100,7057,1,0
B,H,B,5768,100,5768,1,0
A,C,C,10652,100,10652,1,0
B,C,C,7056,100,7056,1,0
C,D,C,8706,100,8706,1,0
C,E,C,10832,100,10832,1,0
C,F,C,7177,100,7177,1,0
C,G,C,1413,100,1413,1,0
C,H,C,8946,100,8946,1,0
A,D,D,9531,100,9531,1,0
B,D,D,5299,100,5299,1,0
C,D,D,8734,100,8734,1,0
D,E,D,9905,100,9905,1,0
D,F,D,5402,100,5402,1,0
D,G,D,8908,100,8908,1,0
D,H,D,1561,100,1561,1,0
A,E,E,1348,100,1348,1,0
B,E,E,5209,100,5209,1,0
C,E,E,10783,100,10783,1,0
D,E,E,9853,100,9853,1,0
E,F,E,5086,100,5086,1,0
E,G,E,10655,100,10655,1,0
E,H,E,10165,100,10165,1,0
A,F,F,5093,100,5093,1,0
B,F,F,1344,100,1344,1,0
C,F,F,7181,100,7181,1,0
D,F,F,5410,100,5410,1,0
E,F,F,5076,100,5076,1,0
F,G,F,7013,100,7013,1,0
F,H,F,5475,100,5475,1,0
A,G,G,10663,100,10663,1,0
B,G,G,7082,100,7082,1,0
C,G,G,1353,100,1353,1,0
D,G,G,8881,100,8881,1,0
E,G,G,10615,100,10615,1,0
F,G,G,6979,100,6979,1,0
G,H,G,8889,100,8889,1,0
A,H,H,9930,100,9930,1,0
B,H,H,5759,100,5759,1,0
C,H,H,8961,100,8961,1,0
D,H,H,1487,100,1487,1,0
E,H,H,10175,100,10175,1,0
F,H,H,5465,100,5465,1,0
G,H,H,8857,100,8857,1,0
A,B,A,4792,100,4792,1,0
A,C,A,10643,100,10643,1,0
A,D,A,9519,100,9519,1,0
A,E,A,1428,100,1428,1,0
A,F,A,5058,100,5058,1,0
A,G,A,10589,100,10589,1,0
A,H,A,9936,100,9936,1,0
A,B,B,4779,100,4779,1,0
B,C,B,6997,100,6997,1,0
B,D,B,5318,100,5318,1,0
B,E,B,5231,100,5231,1,0
B,F,B,1359,100,1359,1,0
B,G,B,7113,100,7113,1,0
B,H,B,5694,100,5694,1,0
A,C,C,10621,100,10621,1,0
B,C,C,7024,100,7024,1,0
C,D,C,8707,100,8707,1,0
C,E,C,10804,100,10804,1,0
C,F,C,7164,100,7164,1,0
C,G,C,1394,100,1394,1,0
C,H,C,8910,100,8910,1,0
A,D,D,9532,100,9532,1,0
B,D,D,5296,100,5296,1,0
C,D,D,8767,100,8767,1,0
D,E,D,9920,100,9920,1,0
D,F,D,5380,100,5380,1,0
D,G,D,8900,100,8900,1,0
D,H,D,1505,100,1505,1,0
A,E,E,1424,100,1424,1,0
B,E,E,5204,100,5204,1,0
C,E,E,10808,100,10808,1,0
D,E,E,9879,100,9879,1,0
E,F,E,5074,100,5074,1,0
E,G,E,10612,100,10612,1,0
E,H,E,10137,100,10137,1,0
A,F,F,5054,100,5054,1,0
B,F,F,1371,100,1371,1,0
C,F,F,7172,100,7172,1,0
D,F,F,5349,100,5349,1,0
E,F,F,5144,100,5144,1,0
F,G,F,6993,100,6993,1,0
F,H,F,5426,100,5426,1,0
A,G,G,10639,100,10639,1,0
B,G,G,7047,100,7047,1,0
C,G,G,1348,100,1348,1,0
D,G,G,8888,100,8888,1,0
E,G,G,10646,100,10646,1,0
F,G,G,6989,100,6989,1,0
G,H,G,8865,100,8865,1,0
A,H,H,9915,100,9915,1,0
B,H,H,5746,100,5746,1,0
C,H,H,8956,100,8956,1,0
D,H,H,1468,100,1468,1,0
E,H,H,10178,100,10178,1,0
F,H,H,5428,100,5428,1,0
G,H,H,8882,100,8882,1,0
A,B,A,4747,100,4747,1,0
A,C,A,10641,100,10641,1,0
A,D,A,9524,100,9524,1,0
A,E,A,1390,100,1390,1,0
A,F,A,5055,100,5055,1,0
A,G,A,10623,100,10623,1,0
A,H,A,9919,100,9919,1,0
A,B,B,4787,100,4787,1,0
B,C,B,6988,100,6988,1,0
B,D,B,5289,100,5289,1,0
B,E,B,5197,100,5197,1,0
B,F,B,1356,100,1356,1,0
B,G,B,7081,100,7081,1,0
B,H,B,5772,100,5772,1,0
A,C,C,10642,100,10642,1,0
B,C,C,7002,100,7002,1,0
C,D,C,8752,100,8752,1,0
C,E,C,10863,100,10863,1,0
C,F,C,7193,100,7193,1,0
C,G,C,1327,100,1327,1,0
C,H,C,8924,100,8924,1,0
A,D,D,9536,100,9536,1,0
B,D,D,5277,100,5277,1,0
C,D,D,8740,100,8740,1,0
D,E,D,9867,100,9867,1,0
D,F,D,5367,100,5367,1,0
D,G,D,8938,100,8938,1,0
D,H,D,1492,100,1492,1,0
A,E,E,1430,100,1430,1,0
B,E,E,5175,100,5175,1,0
C,E,E,10876,100,10876,1,0
D,E,E,9926,100,9926,1,0
E,F,E,5074,100,5074,1,0
E,G,E,10636,100,10636,1,0
E,H,E,10175,100,10175,1,0
A,F,F,5062,100,5062,1,0
B,F,F,1375,100,1375,1,0
C,F,F,7186,100,7186,1,0
D,F,F,5358,100,5358,1,0
E,F,F,5119,100,5119,1,0
F,G,F,6965,100,6965,1,0
F,H,F,5466,100,5466,1,0
A,G,G,10631,100,10631,1,0
B,G,G,7076,100,7076,1,0
C,G,G,1373,100,1373,1,0
D,G,G,8881,100,8881,1,0
E,G,G,10631,100,10631,1,0
F,G,G,7006,100,7006,1,0
G,H,G,8884,100,8884,1,0
A,H,H,9907,100,9907,1,0
B,H,H,5731,100,5731,1,0
C,H,H,8930,100,8930,1,0
D,H,H,1493,100,1493,1,0
E,H,H,10145,100,10145,1,0
F,H,H,5487,100,5487,1,0
G,H,H,8871,100,8871,1,0
A,B,A,4764,100,4764,1,0
A,C,A,10638,100,10638,1,0
A,D,A,9559,100,9559,1,0
A,E,A,1361,100,1361,1,0
A,F,A,5075,100,5075,1,0
A,G,A,10585,100,10585,1,0
A,H,A,9971,100,9971,1,0
A,B,B,4782,100,4782,1,0
B,C,B,6996,100,6996,1,0
B,D,B,5319,100,5319,1,0
B,E,B,5159,100,5159,1,0
B,F,B,1381,100,1381,1,0
B,G,B,7078,100,7078,1,0
B,H,B,5732,100,5732,1,0
A,C,C,10630,100,10630,1,0
B,C,C,7004,100,7004,1,0
C,D,C,8755,100,8755,1,0
C,E,C,10800,100,10800,1,0
C,F,C,7186,100,7186,1,0
C,G,C,1395,100,1395,1,0
C,H,C,8928,100,8928,1,0
A,D,D,9515,100,9515,1,0
B,D,D,5310,100,5310,1,0
C,D,D,8723,100,8723,1,0
D,E,D,9843,100,9843,1,0
D,F,D,5336,100,5336,1,0
D,G,D,8927,100,8927,1,0
D,H,D,1491,100,1491,1,0
A,E,E,1384,100,1384,1,0
B,E,E,5143,100,5143,1,0
C,E,E,10833,100,10833,1,0
D,E,E,9929,100,9929,1,0
E,F,E,5113,100,5113,1,0
E,G,E,10654,100,10654,1,0
E,H,E,10112,100,10112,1,0
A,F,F,5083,100,5083,1,0
B,F,F,1385,100,1385,1,0
C,F,F,7171,100,7171,1,0
D,F,F,5375,100,5375,1,0
E,F,F,5133,100,5133,1,0
F,G,F,6985,100,6985,1,0
F,H,F,5427,100,5427,1,0
A,G,G,10578,100,10578,1,0
B,G,G,7063,100,7063,1,0
C,G,G,1355,100,1355,1,0
D,G,G,8962,100,8962,1,0
E,G,G,10615,100,10615,1,0
F,G,G,7004,100,7004,1,0
G,H,G,8853,100,8853,1,0
A,H,H,9961,100,9961,1,0
B,H,H,5786,100,5786,1,0
C,H,H,8911,100,8911,1,0
D,H,H,1508,100,1508,1,0
E,H,H,10151,100,10151,1,0
F,H,H,5490,100,5490,1,0
G,H,H,8858,100,8858,1,0
A,B,A,4777,100,4777,1,0
A,C,A,10623,100,10623,1,0
A,D,A,9538,100,9538,1,0
A,E,A,1411,100,1411,1,0
A,F,A,5089,100,5089,1,0
A,G,A,10593,100,10593,1,0
A,H,A,9927,100,9927,1,0
A,B,B,4796,100,4796,1,0
B,C,B,7034,100,7034,1,0
B,D,B,5323,100,5323,1,0
B,E,B,5199,100,5199,1,0
B,F,B,1306,100,1306,1,0
B,G,B,7067,100,7067,1,0
B,H,B,5734,100,5734,1,0
A,C,C,10599,100,10599,1,0
B,C,C,7018,100,7018,1,0
C,D,C,8732,100,8732,1,0
C,E,C,10833,100,10833,1,0
C,F,C,7156,100,7156,1,0
C,G,C,1380,100,1380,1,0
C,H,C,8932,100,8932,1,0
A,D,D,9553,100,9553,1,0
B,D,D,5340,100,5340,1,0
C,D,D,8723,100,8723,1,0
D,E,D,10005,100,10005,1,0
D,F,D,5354,100,5354,1,0
D,G,D,8851,100,8851,1,0
D,H,D,1485,100,1485,1,0
A,E,E,1399,100,1399,1,0
B,E,E,5161,100,5161,1,0
C,E,E,10839,100,10839,1,0
D,E,E,9939,100,9939,1,0
E,F,E,5070,100,5070,1,0
E,G,E,10614,100,10614,1,0
E,H,E,10141,100,10141,1,0
A,F,F,5075,100,5075,1,0
B,F,F,1381,100,1381,1,0
C,F,F,7168,100,7168,1,0
D,F,F,5410,100,5410,1,0
E,F,F,5085,100,5085,1,0
F,G,F,7032,100,7032,1,0
F,H,F,5510,100,5510,1,0
A,G,G,10664,100,10664,1,0
B,G,G,7093,100,7093,1,0
C,G,G,1352,100,1352,1,0
D,G,G,8910,100,8910,1,0
E,G,G,10648,100,10648,1,0
F,G,G,7014,100,7014,1,0
G,H,G,8841,100,8841,1,0
A,H,H,10004,100,10004,1,0
B,H,H,5690,100,5690,1,0
C,H,H,8941,100,8941,1,0
D,H,H,1485,100,1485,1,0
E,H,H,10139,100,10139,1,0
F,H,H,5449,100,5449,1,0
G,H,H,8856,100,8856,1,0
A,B,A,4790,100,4790,1,0
A,C,A,10629,100,10629,1,0
A,D,A,9537,100,9537,1,0
A,E,A,1403,100,1403,1,0
A,F,A,5094,100,5094,1,0
A,G,A,10627,100,10627,1,0
A,H,A,9987,100,9987,1,0
A,B,B,4756,100,4756,1,0
B,C,B,7029,100,7029,1,0
B,D,B,5308,100,5308,1,0
B,E,B,5194,100,5194,1,0
B,F,B,1329,100,1329,1,0
B,G,B,7114,100,7114,1,0
B,H,B,5800,100,5800,1,0
A,C,C,10623,100,10623,1,0
B,C,C,7024,100,7024,1,0
C,D,C,8719,100,8719,1,0
C,E,C,10847,100,10847,1,0
C,F,C,7196,100,7196,1,0
C,G,C,1367,100,1367,1,0
C,H,C,8976,100,8976,1,0
A,D,D,9502,100,9502,1,0
B,D,D,5297,100,5297,1,0
C,D,D,8695,100,8695,1,0
D,E,D,9963,100,9963,1,0
D,F,D,5401,100,5401,1,0
D,G,D,8906,100,8906,1,0
D,H,D,1482,100,1482,1,0
A,E,E,1364,100,1364,1,0
B,E,E,5202,100,5202,1,0
C,E,E,10835,100,10835,1,0
D,E,E,9867,100,9867,1,0
E,F,E,5089,100,5089,1,0
E,G,E,10621,100,10621,1,0
E,H,E,10126,100,10126,1,0
A,F,F,5042,100,5042,1,0
B,F,F,1336,100,1336,1,0
C,F,F,7182,100,7182,1,0
D,F,F,5340,100,5340,1,0
E,F,F,5088,100,5088,1,0
F,G,F,7020,100,7020,1,0
F,H,F,5479,100,5479,1,0
A,G,G,10670,100,10670,1,0
B,G,G,7052,100,7052,1,0
C,G,G,1405,100,1405,1,0
D,G,G,8891,100,8891,1,0
E,G,G,10643,100,10643,1,0
F,G,G,7045,100,7045,1,0
G,H,G,8869,100,8869,1,0
A,H,H,9969,100,9969,1,0
B,H,H,5712,100,5712,1,0
C,H,H,8937,100,8937,1,0
D,H,H,1463,100,1463,1,0
E,H,H,10153,100,10153,1,0
F,H,H,5426,100,5426,1,0
G,H,H,8868,100,8868,1,0
A,B,A,4779,100,4779,1,0
A,C,A,10610,100,10610,1,0
A,D,A,9505,100,9505,1,0
A,E,A,1401,100,1401,1,0
A,F,A,5097,100,5097,1,0
A,G,A,10600,100,10600,1,0
A,H,A,9947,100,9947,1,0
A,B,B,4753,100,4753,1,0
B,C,B,7018,100,7018,1,0
B,D,B,5313,100,5313,1,0
B,E,B,5182,100,5182,1,0
B,F,B,1338,100,1338,1,0
B,G,B,7067,100,7067,1,0
B,H,B,5716,100,5716,1,0
A,C,C,10627,100,10627,1,0
B,C,C,7004,100,7004,1,0
C,D,C,8766,100,8766,1,0
C,E,C,10805,100,10805,1,0
C,F,C,7200,100,7200,1,0
C,G,C,1349,100,1349,1,0
C,H,C,8901,100,8901,1,0
A,D,D,9554,100,9554,1,0
B,D,D,5316,100,5316,1,0
C,D,D,8738,100,8738,1,0
D,E,D,9954,100,9954,1,0
D,F,D,5352,100,5352,1,0
D,G,D,8887,100,8887,1,0
D,H,D,1489,100,1489,1,0
A,E,E,1415,100,1415,1,0
B,E,E,5205,100,5205,1,0
C,E,E,10823,100,10823,1,0
D,E,E,9953,100,9953,1,0
E,F,E,5123,100,5123,1,0
E,G,E,10621,100,10621,1,0
E,H,E,10160,100,10160,1,0
A,F,F,5049,100,5049,1,0
B,F,F,1379,100,1379,1,0
C,F,F,7184,100,7184,1,0
D,F,F,5368,100,5368,1,0
E,F,F,5167,100,5167,1,0
F,G,F,6979,100,6979,1,0
F,H,F,5451,100,5451,1,0
A,G,G,10656,100,10656,1,0
B,G,G,7099,100,7099,1,0
C,G,G,1367,100,1367,1,0
D,G,G,8879,100,8879,1,0
E,G,G,10627,100,10627,1,0
F,G,G,7007,100,7007,1,0
G,H,G,8858,100,8858,1,0
A,H,H,9913,100,9913,1,0
B,H,H,5736,100,5736,1,0
C,H,H,8968,100,8968,1,0
D,H,H,1466,100,1466,1,0
E,H,H,10174,100,10174,1,0
F,H,H,5418,100,5418,1,0
G,H,H,8847,100,8847,1,0
A,B,A,4771,100,4771,1,0
A,C,A,10600,100,10600,1,0
A,D,A,9551,100,9551,1,0
A,E,A,1372,100,1372,1,0
A,F,A,5038,100,5038,1,0
A,G,A,10597,100,10597,1,0
A,H,A,9965,100,9965,1,0
A,B,B,4787,100,4787,1,0
B,C,B,7024,100,7024,1,0
B,D,B,5296,100,5296,1,0
B,E,B,5194,100,5194,1,0
B,F,B,1351,100,1351,1,0
B,G,B,7094,100,7094,1,0
B,H,B,5772,100,5772,1,0
A,C,C,10612,100,10612,1,0
B,C,C,7014,100,7014,1,0
C,D,C,8783,100,8783,1,0
C,E,C,10860,100,10860,1,0
C,F,C,7221,100,7221,1,0
C,G,C,1408,100,1408,1,0
C,H,C,8932,100,8932,1,0
A,D,D,9524,100,9524,1,0
B,D,D,5293,100,5293,1,0
C,D,D,8768,100,8768,1,0
D,E,D,9902,100,9902,1,0
D,F,D,5359,100,5359,1,0
D,G,D,8866,100,8866,1,0
D,H,D,1467,100,1467,1,0
A,E,E,1429,100,1429,1,0
B,E,E,5176,100,5176,1,0
C,E,E,10829,100,10829,1,0
D,E,E,9903,100,9903,1,0
E,F,E,5083,100,5083,1,0
E,G,E,10632,100,10632,1,0
E,H,E,10163,100,10163,1,0
A,F,F,5065,100,5065,1,0
B,F,F,1364,100,1364,1,0
C,F,F,7182,100,7182,1,0
D,F,F,5346,100,5346,1,0
E,F,F,5097,100,5097,1,0
F,G,F,6993,100,6993,1,0
F,H,F,5443,100,5443,1,0
A,G,G,10607,100,10607,1,0
B,G,G,7116,100,7116,1,0
C,G,G,1424,100,1424,1,0
D,G,G,8893,100,8893,1,0
E,G,G,10641,100,10641,1,0
F,G,G,7029,100,7029,1,0
G,H,G,8869,100,8869,1,0
A,H,H,9942,100,9942,1,0
B,H,H,5744,100,5744,1,0
C,H,H,8942,100,8942,1,0
D,H,H,1521,100,1521,1,0
E,H,H,10124,100,10124,1,0
F,H,H,5485,100,5485,1,0
G,H,H,8841,100,8841,1,0
A,B,A,4776,100,4776,1,0
A,C,A,10612,100,10612,1,0
A,D,A,9539,100,9539,1,0
A,E,A,1413,100,1413,1,0
A,F,A,5041,100,5041,1,0
A,G,A,10639,100,10639,1,0
A,H,A,9945,100,9945,1,0
A,B,B,4789,100,4789,1,0
B,C,B,7003,100,7003,1,0
B,D,B,5277,100,5277,1,0
B,E,B,5192,100,5192,1,0
B,F,B,1372,100,1372,1,0
B,G,B,7065,100,7065,1,0
B,H,B,5767,100,5767,1,0
A,C,C,10583,100,10583,1,0
B,C,C,6995,100,6995,1,0
C,D,C,8775,100,8775,1,0
C,E,C,10814,100,10814,1,0
C,F,C,7201,100,7201,1,0
C,G,C,1385,100,1385,1,0
C,H,C,8946,100,8946,1,0
A,D,D,9531,100,9531,1,0
B,D,D,5275,100,5275,1,0
C,D,D,8758,100,8758,1,0
D,E,D,9940,100,9940,1,0
D,F,D,5320,100,5320,1,0
D,G,D,8860,100,8860,1,0
D,H,D,1469,100,1469,1,0
A,E,E,1375,100,1375,1,0
B,E,E,5207,100,5207,1,0
C,E,E,10849,100,10849,1,0
D,E,E,9860,100,9860,1,0
E,F,E,5088,100,5088,1,0
E,G,E,10653,100,10653,1,0
E,H,E,10142,100,10142,1,0
A,F,F,5037,100,5037,1,0
B,F,F,1327,100,1327,1,0
C,F,F,7190,100,7190,1,0
D,F,F,5362,100,5362,1,0
E,F,F,5175,100,5175,1,0
F,G,F,6978,100,6978,1,0
F,H,F,5489,100,5489,1,0
A,G,G,10599,100,10599,1,0
B,G,G,7108,100,7108,1,0
C,G,G,1388,100,1388,1,0
D,G,G,8888,100,8888,1,0
E,G,G,10623,100,10623,1,0
F,G,G,7012,100,7012,1,0
G,H,G,8891,100,8891,1,0
A,H,H,9924,100,9924,1,0
B,H,H,5700,100,5700,1,0
C,H,H,8963,100,8963,1,0
D,H,H,1520,100,1520,1,0
E,H,H,10139,100,10139,1,0
F,H,H,5440,100,5440,1,0
G,H,H,8840,100,8840,1,0
A,B,A,4806,100,4806,1,0
A,C,A,10632,100,10632,1,0
A,D,A,9525,100,9525,1,0
A,E,A,1414,100,1414,1,0
A,F,A,5056,100,5056,1,0
A,G,A,10579,100,10579,1,0
A,H,A,9947,100,9947,1,0
A,B,B,4803,100,4803,1,0
B,C,B,7021,100,7021,1,0
B,D,B,5264,100,5264,1,0
B,E,B,5172,100,5172,1,0
B,F,B,1383,100,1383,1,0
B,G,B,7107,100,7107,1,0
B,H,B,5780,100,5780,1,0
A,C,C,10619,100,10619,1,0
B,C,C,7029,100,7029,1,0
C,D,C,8717,100,8717,1,0
C,E,C,10834,100,10834,1,0
C,F,C,7200,100,7200,1,0
C,G,C,1403,100,1403,1,0
C,H,C,8918,100,8918,1,0
A,D,D,9522,100,9522,1,0
B,D,D,5287,100,5287,1,0
C,D,D,8733,100,8733,1,0
D,E,D,9899,100,9899,1,0
D,F,D,5336,100,5336,1,0
D,G,D,8924,100,8924,1,0
D,H,D,1512,100,1512,1,0
A,E,E,1383,100,1383,1,0
B,E,E,5175,100,5175,1,0
C,E,E,10809,100,10809,1,0
D,E,E,9950,100,9950,1,0
E,F,E,5106,100,5106,1,0
E,G,E,10632,100,10632,1,0
E,H,E,10175,100,10175,1,0
A,F,F,5103,100,5103,1,0
B,F,F,1350,100,1350,1,0
C,F,F,7198,100,7198,1,0
D,F,F,5371,100,5371,1,0
E,F,F,5073,100,5073,1,0
F,G,F,7031,100,7031,1,0
F,H,F,5475,100,5475,1,0
A,G,G,10636,100,10636,1,0
B,G,G,7061,100,7061,1,0
C,G,G,1373,100,1373,1,0
D,G,G,8878,100,8878,1,0
E,G,G,10630,100,10630,1,0
F,G,G,7000,100,7000,1,0
G,H,G,8884,100,8884,1,0
A,H,H,9981,100,9981,1,0
B,H,H,5771,100,5771,1,0
C,H,H,8963,100,8963,1,0
D,H,H,1539,100,1539,1,0
E,H,H,10156,100,10156,1,0
F,H,H,5433,100,5433,1,0
G,H,H,8862,100,8862,1,0
A,B,A,4799,100,4799,1,0
A,C,A,10667,100,10667,1,0
A,D,A,9505,100,9505,1,0
A,E,A,1414,100,1414,1,0
A,F,A,5075,100,5075,1,0
A,G,A,10625,100,10625,1,0
A,H,A,9931,100,9931,1,0
A,B,B,4812,100,4812,1,0
B,C,B,6980,100,6980,1,0
B,D,B,5268,100,5268,1,0
B,E,B,5140,100,5140,1,0
B,F,B,1371,100,1371,1,0
B,G,B,7087,100,7087,1,0
B,H,B,5697,100,5697,1,0
A,C,C,10634,100,10634,1,0
B,C,C,7009,100,7009,1,0
C,D,C,8733,100,8733,1,0
C,E,C,10836,100,10836,1,0
C,F,C,7209,100,7209,1,0
C,G,C,1409,100,1409,1,0
C,H,C,8948,100,8948,1,0
A,D,D,9536,100,9536,1,0
B,D,D,5320,100,5320,1,0
C,D,D,8744,100,8744,1,0
D,E,D,9953,100,9953,1,0
D,F,D,5358,100,5358,1,0
D,G,D,8933,100,8933,1,0
D,H,D,1510,100,1510,1,0
A,E,E,1434,100,1434,1,0
B,E,E,5164,100,5164,1,0
C,E,E,10829,100,10829,1,0
D,E,E,9938,100,9938,1,0
E,F,E,5115,100,5115,1,0
E,G,E,10627,100,10627,1,0
E,H,E,10105,100,10105,1,0
A,F,F,5078,100,5078,1,0
B,F,F,1344,100,1344,1,0
C,F,F,7186,100,7186,1,0
D,F,F,5386,100,5386,1,0
E,F,F,5115,100,5115,1,0
F,G,F,7021,100,7021,1,0
F,H,F,5444,100,5444,1,0
A,G,G,10639,100,10639,1,0
B,G,G,7120,100,7120,1,0
C,G,G,1371,100,1371,1,0
D,G,G,8876,100,8876,1,0
E,G,G,10616,100,10616,1,0
F,G,G,6993,100,6993,1,0
G,H,G,8858,100,8858,1,0
A,H,H,9961,100,9961,1,0
B,H,H,5771,100,5771,1,0
C,H,H,8949,100,8949,1,0
D,H,H,1519,100,1519,1,0
E,H,H,10150,100,10150,1,0
F,H,H,5466,100,5466,1,0
G,H,H,8894,100,8894,1,0
A,B,A,4760,100,4760,1,0
A,C,A,10667,100,10667,1,0
A,D,A,9521,100,9521,1,0
A,E,A,1437,100,1437,1,0
A,F,A,5092,100,5092,1,0
A,G,A,10670,100,10670,1,0
A,H,A,9935,100,9935,1,0
A,B,B,4745,100,4745,1,0
B,C,B,6984,100,6984,1,0
B,D,B,5311,100,5311,1,0
B,E,B,5159,100,5159,1,0
B,F,B,1371,100,1371,1,0
B,G,B,7071,100,7071,1,0
B,H,B,5824,100,5824,1,0
A,C,C,10650,100,10650,1,0
B,C,C,7053,100,7053,1,0
C,D,C,8729,100,8729,1,0
C,E,C,10806,100,10806,1,0
C,F,C,7191,100,7191,1,0
C,G,C,1399,100,1399,1,0
C,H,C,8976,100,8976,1,0
A,D,D,9538,100,9538,1,0
B,D,D,5282,100,5282,1,0
C,D,D,8752,100,8752,1,0
D,E,D,9939,100,9939,1,0
D,F,D,5380,100,5380,1,0
D,G,D,8905,100,8905,1,0
D,H,D,1470,100,1470,1,0
A,E,E,1468,100,1468,1,0
B,E,E,5160,100,5160,1,0
C,E,E,10845,100,10845,1,0
D,E,E,9987,100,9987,1,0
E,F,E,5049,100,5049,1,0
E,G,E,10656,100,10656,1,0
E,H,E,10166,100,10166,1,0
A,F,F,5023,100,5023,1,0
B,F,F,1353,100,1353,1,0
C,F,F,7196,100,7196,1,0
D,F,F,5367,100,5367,1,0
E,F,F,5092,100,5092,1,0
F,G,F,7017,100,7017,1,0
F,H,F,5447,100,5447,1,0
A,G,G,10652,100,10652,1,0
B,G,G,7078,100,7078,1,0
C,G,G,1392,100,1392,1,0
D,G,G,8936,100,8936,1,0
E,G,G,10635,100,10635,1,0
F,G,G,7012,100,7012,1,0
G,H,G,8895,100,8895,1,0
A,H,H,9997,100,9997,1,0
B,H,H,5761,100,5761,1,0
C,H,H,8948,100,8948,1,0
D,H,H,1545,100,1545,1,0
E,H,H,10121,100,10121,1,0
F,H,H,5476,100,5476,1,0
G,H,H,8857,100,8857,1,0
A,B,A,4786,100,4786,1,0
A,C,A,10634,100,10634,1,0
A,D,A,9498,100,9498,1,0
A,E,A,1400,100,1400,1,0
A,F,A,5097,100,5097,1,0
A,G,A,10612,100,10612,1,0
A,H,A,9947,100,9947,1,0
A,B,B,4772,100,4772,1,0
B,C,B,7005,100,7005,1,0
B,D,B,5275,100,5275,1,0
B,E,B,5182,100,5182,1,0
B,F,B,1375,100,1375,1,0
B,G,B,7095,100,7095,1,0
B,H,B,5765,100,5765,1,0
A,C,C,10655,100,10655,1,0
B,C,C,7033,100,7033,1,0
C,D,C,8712,100,8712,1,0
C,E,C,10807,100,10807,1,0
C,F,C,7156,100,7156,1,0
C,G,C,1335,100,1335,1,0
C,H,C,8971,100,8971,1,0
A,D,D,9517,100,9517,1,0
B,D,D,5285,100,5285,1,0
C,D,D,8742,100,8742,1,0
D,E,D,9944,100,9944,1,0
D,F,D,5379,100,5379,1,0
D,G,D,8918,100,8918,1,0
D,H,D,1449,100,1449,1,0
A,E,E,1410,100,1410,1,0
B,E,E,5161,100,5161,1,0
C,E,E,10846,100,10846,1,0
D,E,E,9931,100,9931,1,0
E,F,E,5102,100,5102,1,0
E,G,E,10627,100,10627,1,0
E,H,E,10142,100,10142,1,0
A,F,F,5095,100,5095,1,0
B,F,F,1341,100,1341,1,0
C,F,F,7205,100,7205,1,0
D,F,F,5322,100,5322,1,0
E,F,F,5107,100,5107,1,0
F,G,F,6997,100,6997,1,0
F,H,F,5470,100,5470,1,0
A,G,G,10639,100,10639,1,0
B,G,G,7069,100,7069,1,0
C,G,G,1352,100,1352,1,0
D,G,G,8917,100,8917,1,0
E,G,G,10628,100,10628,1,0
F,G,G,6985,100,6985,1,0
G,H,G,8861,100,8861,1,0
A,H,H,9951,100,9951,1,0
B,H,H,5696,100,5696,1,0
C,H,H,8940,100,8940,1,0
D,H,H,1543,100,1543,1,0
E,H,H,10150,100,10150,1,0
F,H,H,5427,100,5427,1,0
G,H,H,8885,100,8885,1,0
A,B,A,4770,100,4770,1,0
A,C,A,10681,100,10681,1,0
A,D,A,9514,100,9514,1,0
A,E,A,1394,100,1394,1,0
A,F,A,5059,100,5059,1,0
A,G,A,10616,100,10616,1,0
A,H,A,9946,100,9946,1,0
A,B,B,4807,100,4807,1,0
B,C,B,7017,100,7017,1,0
B,D,B,5308,100,5308,1,0
B,E,B,5196,100,5196,1,0
B,F,B,1381,100,1381,1,0
B,G,B,7083,100,7083,1,0
B,H,B,5752,100,5752,1,0
A,C,C,10595,100,10595,1,0
B,C,C,7035,100,7035,1,0
C,D,C,8728,100,8728,1,0
C,E,C,10796,100,10796,1,0
C,F,C,7219,100,7219,1,0
C,G,C,1390,100,1390,1,0
C,H,C,8946,100,8946,1,0
A,D,D,9549,100,9549,1,0
B,D,D,5298,100,5298,1,0
C,D,D,8726,100,8726,1,0
D,E,D,9970,100,9970,1,0
D,F,D,5380,100,5380,1,0
D,G,D,8905,100,8905,1,0
D,H,D,1495,100,1495,1,0
A,E,E,1419,100,1419,1,0
B,E,E,5163,100,5163,1,0
C,E,E,10825,100,10825,1,0
D,E,E,9938,100,9938,1,0
E,F,E,5070,100,5070,1,0
E,G,E,10613,100,10613,1,0
E,H,E,10147,100,10147,1,0
A,F,F,5051,100,5051,1,0
B,F,F,1355,100,1355,1,0
C,F,F,7206,100,7206,1,0
D,F,F,5362,100,5362,1,0
E,F,F,5134,100,5134,1,0
F,G,F,7033,100,7033,1,0
F,H,F,5453,100,5453,1,0
A,G,G,10602,100,10602,1,0
B,G,G,7061,100,7061,1,0
C,G,G,1368,100,1368,1,0
D,G,G,8881,100,8881,1,0
E,G,G,10626,100,10626,1,0
F,G,G,6982,100,6982,1,0
G,H,G,8838,100,8838,1,0
A,H,H,9958,100,9958,1,0
B,H,H,5731,100,5731,1,0
C,H,H,8878,100,8878,1,0
D,H,H,1473,100,1473,1,0
E,H,H,10126,100,10126,1,0
F,H,H,5463,100,5463,1,0
G,H,H,8895,100,8895,1,0
A,B,A,4801,100,4801,1,0
A,C,A,10648,100,10648,1,0
A,D,A,9526,100,9526,1,0
A,E,A,1428,100,1428,1,0
A,F,A,5063,100,5063,1,0
A,G,A,10658,100,10658,1,0
A,H,A,9929,100,9929,1,0
A,B,B,4747,100,4747,1,0
B,C,B,7019,100,7019,1,0
B,D,B,5256,100,5256,1,0
B,E,B,5184,100,5184,1,0
B,F,B,1346,100,1346,1,0
B,G,B,7072,100,7072,1,0
B,H,B,5757,100,5757,1,0
A,C,C,10644,100,10644,1,0
B,C,C,7041,100,7041,1,0
C,D,C,8766,100,8766,1,0
C,E,C,10858,100,10858,1,0
C,F,C,7183,100,7183,1,0
C,G,C,1350,100,1350,1,0
C,H,C,8944,100,8944,1,0
A,D,D,9520,100,9520,1,0
B,D,D,5267,100,5267,1,0
C,D,D,8759,100,8759,1,0
D,E,D,9946,100,9946,1,0
D,F,D,5380,100,5380,1,0
D,G,D,8904,100,8904,1,0
D,H,D,1482,100,1482,1,0
A,E,E,1447,100,1447,1,0
B,E,E,5167,100,5167,1,0
C,E,E,10817,100,10817,1,0
D,E,E,9965,100,9965,1,0
E,F,E,5075,100,5075,1,0
E,G,E,10616,100,10616,1,0
E,H,E,10108,100,10108,1,0
A,F,F,5052,100,5052,1,0
B,F,F,1345,100,1345,1,0
C,F,F,7205,100,7205,1,0
D,F,F,5372,100,5372,1,0
E,F,F,5100,100,5100,1,0
F,G,F,7007,100,7007,1,0
F,H,F,5415,100,5415,1,0
A,G,G,10610,100,10610,1,0
B,G,G,7097,100,7097,1,0
C,G,G,1308,100,1308,1,0
D,G,G,8918,100,8918,1,0
E,G,G,10627,100,10627,1,0
F,G,G,6994,100,6994,1,0
G,H,G,8874,100,8874,1,0
A,H,H,9954,100,9954,1,0
B,H,H,5707,100,5707,1,0
C,H,H,8999,100,8999,1,0
D,H,H,1539,100,1539,1,0
E,H,H,10160,100,10160,1,0
F,H,H,5457,100,5457,1,0
G,H,H,8853,100,8853,1,0
A,B,A,4786,100,4786,1,0
A,C,A,10635,100,10635,1,0
A,D,A,9524,100,9524,1,0
A,E,A,1413,100,1413,1,0
A,F,A,5048,100,5048,1,0
A,G,A,10621,100,10621,1,0
A,H,A,9950,100,9950,1,0
A,B,B,4748,100,4748,1,0
B,C,B,7016,100,7016,1,0
B,D,B,5296,100,5296,1,0
B,E,B,5147,100,5147,1,0
B,F,B,1362,100,1362,1,0
B,G,B,7089,100,7089,1,0
B,H,B,5764,100,5764,1,0
A,C,C,10656,100,10656,1,0
B,C,C,7049,100,7049,1,0
C,D,C,8770,100,8770,1,0
C,E,C,10848,100,10848,1,0
C,F,C,7200,100,7200,1,0
C,G,C,1364,100,1364,1,0
C,H,C,8937,100,8937,1,0
A,D,D,9520,100,9520,1,0
B,D,D,5271,100,5271,1,0
C,D,D,8738,100,8738,1,0
D,E,D,9856,100,9856,1,0
D,F,D,5371,100,5371,1,0
D,G,D,8868,100,8868,1,0
D,H,D,1543,100,1543,1,0
A,E,E,1454,100,1454,1,0
B,E,E,5132,100,5132,1,0
C,E,E,10845,100,10845,1,0
D,E,E,9860,100,9860,1,0
E,F,E,5109,100,5109,1,0
E,G,E,10595,100,10595,1,0
E,H,E,10099,100,10099,1,0
A,F,F,5071,100,5071,1,0
B,F,F,1344,100,1344,1,0
C,F,F,7197,100,7197,1,0
D,F,F,5374,100,5374,1,0
E,F,F,5095,100,5095,1,0
F,G,F,7015,100,7015,1,0
F,H,F,5475,100,5475,1,0
A,G,G,10646,100,10646,1,0
B,G,G,7078,100,7078,1,0
C,G,G,1405,100,1405,1,0
D,G,G,8888,100,8888,1,0
E,G,G,10649,100,10649,1,0
F,G,G,6997,100,6997,1,0
G,H,G,8824,100,8824,1,0
A,H,H,9961,100,9961,1,0
B,H,H,5760,100,5760,1,0
C,H,H,8950,100,8950,1,0
D,H,H,1519,100,1519,1,0
E,H,H,10173,100,10173,1,0
F,H,H,5459,100,5459,1,0
G,H,H,8897,100,8897,1,0
A,B,A,4767,100,4767,1,0
A,C,A,10652,100,10652,1,0
A,D,A,9530,100,9530,1,0
A,E,A,1374,100,1374,1,0
A,F,A,5070,100,5070,1,0
A,G,A,10640,100,10640,1,0
A,H,A,9947,100,9947,1,0
A,B,B,4799,100,4799,1,0
B,C,B,7018,100,7018,1,0
B,D,B,5296,100,5296,1,0
B,E,B,5161,100,5161,1,0
B,F,B,1355,100,1355,1,0
B,G,B,7089,100,7089,1,0
B,H,B,5767,100,5767,1,0
A,C,C,10660,100,10660,1,0
B,C,C,6981,100,6981,1,0
C,D,C,8753,100,8753,1,0
C,E,C,10831,100,10831,1,0
C,F,C,7212,100,7212,1,0
C,G,C,1403,100,1403,1,0
C,H,C,8965,100,8965,1,0
A,D,D,9499,100,9499,1,0
B,D,D,5236,100,5236,1,0
C,D,D,8751,100,8751,1,0
D,E,D,9888,100,9888,1,0
D,F,D,5371,100,5371,1,0
D,G,D,8858,100,8858,1,0
D,H,D,1495,100,1495,1,0
A,E,E,1435,100,1435,1,0
B,E,E,5165,100,5165,1,0
C,E,E,10802,100,10802,1,0
D,E,E,9890,100,9890,1,0
E,F,E,5067,100,5067,1,0
E,G,E,10649,100,10649,1,0
E,H,E,10122,100,10122,1,0
A,F,F,5070,100,5070,1,0
B,F,F,1397,100,1397,1,0
C,F,F,7193,100,7193,1,0
D,F,F,5362,100,5362,1,0
E,F,F,5095,100,5095,1,0
F,G,F,6985,100,6985,1,0
F,H,F,5471,100,5471,1,0
A,G,G,10656,100,10656,1,0
B,G,G,7086,100,7086,1,0
C,G,G,1356,100,1356,1,0
D,G,G,8868,100,8868,1,0
E,G,G,10617,100,10617,1,0
F,G,G,6961,100,6961,1,0
G,H,G,8886,100,8886,1,0
A,H,H,9965,100,9965,1,0
B,H,H,5715,100,5715,1,0
C,H,H,8896,100,8896,1,0
D,H,H,1483,100,1483,1,0
E,H,H,10144,100,10144,1,0
F,H,H,5445,100,5445,1,0
G,H,H,8890,100,8890,1,0
A,B,A,4730,100,4730,1,0
A,C,A,10635,100,10635,1,0
A,D,A,9546,100,9546,1,0
A,E,A,1375,100,1375,1,0
A,F,A,5077,100,5077,1,0
A,G,A,10617,100,10617,1,0
A,H,A,9933,100,9933,1,0
A,B,B,4767,100,4767,1,0
B,C,B,6998,100,6998,1,0
B,D,B,5324,100,5324,1,0
B,E,B,5201,100,5201,1,0
B,F,B,1329,100,1329,1,0
B,G,B,7055,100,7055,1,0
B,H,B,5762,100,5762,1,0
A,C,C,10667,100,10667,1,0
B,C,C,7002,100,7002,1,0
C,D,C,8721,100,8721,1,0
C,E,C,10821,100,10821,1,0
C,F,C,7196,100,7196,1,0
C,G,C,1338,100,1338,1,0
C,H,C,8903,100,8903,1,0
A,D,D,9523,100,9523,1,0
B,D,D,5266,100,5266,1,0
C,D,D,8723,100,8723,1,0
D,E,D,9938,100,9938,1,0
D,F,D,5374,100,5374,1,0
D,G,D,8902,100,8902,1,0
D,H,D,1511,100,1511,1,0
A,E,E,1386,100,1386,1,0
B,E,E,5171,100,5171,1,0
C,E,E,10824,100,10824,1,0
D,E,E,9864,100,9864,1,0
E,F,E,5132,100,5132,1,0
E,G,E,10631,100,10631,1,0
E,H,E,10180,100,10180,1,0
A,F,F,5064,100,5064,1,0
B,F,F,1390,100,1390,1,0
C,F,F,7219,100,7219,1,0
D,F,F,5374,100,5374,1,0
E,F,F,5075,100,5075,1,0
F,G,F,6988,100,6988,1,0
F,H,F,5470,100,5470,1,0
A,G,G,10600,100,10600,1,0
B,G,G,7073,100,7073,1,0
C,G,G,1332,100,1332,1,0
D,G,G,8895,100,8895,1,0
E,G,G,10635,100,10635,1,0
F,G,G,7007,100,7007,1,0
G,H,G,8853,100,8853,1,0
A,H,H,9966,100,9966,1,0
B,H,H,5774,100,5774,1,0
C,H,H,8951,100,8951,1,0
D,H,H,1452,100,1452,1,0
E,H,H,10158,100,10158,1,0
F,H,H,5444,100,5444,1,0
G,H,H,8860,100,8860,1,0
A,B,A,4767,100,4767,1,0
A,C,A,10609,100,10609,1,0
A,D,A,9538,100,9538,1,0
A,E,A,1472,100,1472,1,0
A,F,A,5076,100,5076,1,0
A,G,A,10657,100,10657,1,0
A,H,A,10003,100,10003,1,0
A,B,B,4751,100,4751,1,0
B,C,B,7018,100,7018,1,0
B,D,B,5297,100,5297,1,0
B,E,B,5148,100,5148,1,0
B,F,B,1352,100,1352,1,0
B,G,B,7054,100,7054,1,0
B,H,B,5755,100,5755,1,0
A,C,C,10684,100,10684,1,0
B,C,C,7034,100,7034,1,0
C,D,C,8768,100,8768,1,0
C,E,C,10793,100,10793,1,0
C,F,C,7188,100,7188,1,0
C,G,C,1353,100,1353,1,0
C,H,C,8945,100,8945,1,0
A,D,D,9548,100,9548,1,0
B,D,D,5276,100,5276,1,0
C,D,D,8768,100,8768,1,0
D,E,D,9972,100,9972,1,0
D,F,D,5381,100,5381,1,0
D,G,D,8894,100,8894,1,0
D,H,D,1452,100,1452,1,0
A,E,E,1348,100,1348,1,0
B,E,E,5206,100,5206,1,0
C,E,E,10804,100,10804,1,0
D,E,E,9894,100,9894,1,0
E,F,E,5086,100,5086,1,0
E,G,E,10634,100,10634,1,0
E,H,E,10100,100,10100,1,0
A,F,F,5086,100,5086,1,0
B,F,F,1395,100,1395,1,0
C,F,F,7198,100,7198,1,0
D,F,F,5370,100,5370,1,0
E,F,F,5080,100,5080,1,0
F,G,F,6988,100,6988,1,0
F,H,F,5492,100,5492,1,0
A,G,G,10575,100,10575,1,0
B,G,G,7070,100,7070,1,0
C,G,G,1428,100,1428,1,0
D,G,G,8888,100,8888,1,0
E,G,G,10645,100,10645,1,0
F,G,G,6999,100,6999,1,0
G,H,G,8902,100,8902,1,0
A,H,H,9937,100,9937,1,0
B,H,H,5723,100,5723,1,0
C,H,H,8974,100,8974,1,0
D,H,H,1501,100,1501,1,0
E,H,H,10147,100,10147,1,0
F,H,H,5447,100,5447,1,0
G,H,H,8880,100,8880,1,0
A,B,A,4740,100,4740,1,0
A,C,A,10658,100,10658,1,0
A,D,A,9562,100,9562,1,0
A,E,A,1382,100,1382,1,0
A,F,A,5072,100,5072,1,0
A,G,A,10654,100,10654,1,0
A,H,A,9928,100,9928,1,0
A,B,B,4795,100,4795,1,0
B,C,B,7006,100,7006,1,0
B,D,B,5311,100,5311,1,0
B,E,B,5193,100,5193,1,0
B,F,B,1355,100,1355,1,0
B,G,B,7069,100,7069,1,0
B,H,B,5765,100,5765,1,0
A,C,C,10652,100,10652,1,0
B,C,C,7056,100,7056,1,0
C,D,C,8760,100,8760,1,0
C,E,C,10822,100,10822,1,0
C,F,C,7201,100,7201,1,0
C,G,C,1386,100,1386,1,0
C,H,C,8932,100,8932,1,0
A,D,D,9555,100,9555,1,0
B,D,D,5272,100,5272,1,0
C,D,D,8753,100,8753,1,0
D,E,D,9898,100,9898,1,0
D,F,D,5380,100,5380,1,0
D,G,D,8920,100,8920,1,0
D,H,D,1494,100,1494,1,0
A,E,E,1376,100,1376,1,0
B,E,E,5155,100,5155,1,0
C,E,E,10815,100,10815,1,0
D,E,E,9865,100,9865,1,0
E,F,E,5086,100,5086,1,0
E,G,E,10655,100,10655,1,0
E,H,E,10140,100,10140,1,0
A,F,F,5071,100,5071,1,0
B,F,F,1387,100,1387,1,0
C,F,F,7213,100,7213,1,0
D,F,F,5363,100,5363,1,0
E,F,F,5131,100,5131,1,0
F,G,F,6999,100,6999,1,0
F,H,F,5412,100,5412,1,0
A,G,G,10623,100,10623,1,0
B,G,G,7037,100,7037,1,0
C,G,G,1381,100,1381,1,0
D,G,G,8885,100,8885,1,0
E,G,G,10628,100,10628,1,0
F,G,G,7021,100,7021,1,0
G,H,G,8863,100,8863,1,0
A,H,H,9960,100,9960,1,0
B,H,H,5784,100,5784,1,0
C,H,H,8937,100,8937,1,0
D,H,H,1566,100,1566,1,0
E,H,H,10145,100,10145,1,0
F,H,H,5420,100,5420,1,0
G,H,H,8842,100,8842,1,0
A,B,A,4755,100,4755,1,0
A,C,A,10696,100,10696,1,0
A,D,A,9550,100,9550,1,0
A,E,A,1439,100,1439,1,0
A,F,A,5055,100,5055,1,0
A,G,A,10597,100,10597,1,0
A,H,A,9922,100,9922,1,0
A,B,B,4797,100,4797,1,0
B,C,B,6971,100,6971,1,0
B,D,B,5290,100,5290,1,0
B,E,B,5167,100,5167,1,0
B,F,B,1348,100,1348,1,0
B,G,B,7076,100,7076,1,0
B,H,B,5758,100,5758,1,0
A,C,C,10698,100,10698,1,0
B,C,C,7026,100,7026,1,0
C,D,C,8719,100,8719,1,0
C,E,C,10807,100,10807,1,0
C,F,C,7202,100,7202,1,0
C,G,C,1407,100,1407,1,0
C,H,C,8931,100,8931,1,0
A,D,D,9504,100,9504,1,0
B,D,D,5298,100,5298,1,0
C,D,D,8734,100,8734,1,0
D,E,D,9890,100,9890,1,0
D,F,D,5369,100,5369,1,0
D,G,D,8920,100,8920,1,0
D,H,D,1534,100,1534,1,0
A,E,E,1391,100,1391,1,0
B,E,E,5143,100,5143,1,0
C,E,E,10829,100,10829,1,0
D,E,E,9908,100,9908,1,0
E,F,E,5126,100,5126,1,0
E,G,E,10655,100,10655,1,0
E,H,E,10137,100,10137,1,0
A,F,F,5044,100,5044,1,0
B,F,F,1385,100,1385,1,0
C,F,F,7194,100,7194,1,0
D,F,F,5372,100,5372,1,0
E,F,F,5108,100,5108,1,0
F,G,F,6995,100,6995,1,0
F,H,F,5484,100,5484,1,0
A,G,G,10600,100,10600,1,0
B,G,G,7114,100,7114,1,0
C,G,G,1376,100,1376,1,0
D,G,G,8890,100,8890,1,0
E,G,G,10638,100,10638,1,0
F,G,G,6991,100,6991,1,0
G,H,G,8864,100,8864,1,0
A,H,H,9959,100,9959,1,0
B,H,H,5705,100,5705,1,0
C,H,H,8952,100,8952,1,0
D,H,H,1496,100,1496,1,0
E,H,H,10165,100,10165,1,0
F,H,H,5478,100,5478,1,0
G,H,H,8842,100,8842,1,0
A,B,A,4747,100,4747,1,0
A,C,A,10658,100,10658,1,0
A,D,A,9528,100,9528,1,0
A,E,A,1430,100,1430,1,0
A,F,A,5083,100,5083,1,0
A,G,A,10644,100,10644,1,0
A,H,A,9923,100,9923,1,0
A,B,B,4764,100,4764,1,0
B,C,B,7002,100,7002,1,0
B,D,B,5319,100,5319,1,0
B,E,B,5203,100,5203,1,0
B,F,B,1327,100,1327,1,0
B,G,B,7078,100,7078,1,0
B,H,B,5786,100,5786,1,0
A,C,C,10649,100,10649,1,0
B,C,C,6981,100,6981,1,0
C,D,C,8729,100,8729,1,0
C,E,C,10801,100,10801,1,0
C,F,C,7208,100,7208,1,0
C,G,C,1340,100,1340,1,0
C,H,C,8950,100,8950,1,0
A,D,D,9511,100,9511,1,0
B,D,D,5291,100,5291,1,0
C,D,D,8800,100,8800,1,0
D,E,D,9928,100,9928,1,0
D,F,D,5361,100,5361,1,0
D,G,D,8904,100,8904,1,0
D,H,D,1451,100,1451,1,0
A,E,E,1415,100,1415,1,0
B,E,E,5161,100,5161,1,0
C,E,E,10879,100,10879,1,0
D,E,E,9949,100,9949,1,0
E,F,E,5084,100,5084,1,0
E,G,E,10619,100,10619,1,0
E,H,E,10137,100,10137,1,0
A,F,F,5058,100,5058,1,0
B,F,F,1358,100,1358,1,0
C,F,F,7197,100,7197,1,0
D,F,F,5385,100,5385,1,0
E,F,F,5108,100,5108,1,0
F,G,F,6982,100,6982,1,0
F,H,F,5417,100,5417,1,0
A,G,G,10656,100,10656,1,0
B,G,G,7075,100,7075,1,0
C,G,G,1385,100,1385,1,0
D,G,G,8874,100,8874,1,0
E,G,G,10651,100,10651,1,0
F,G,G,6980,100,6980,1,0
G,H,G,8883,100,8883,1,0
A,H,H,9947,100,9947,1,0
B,H,H,5693,100,5693,1,0
C,H,H,8953,100,8953,1,0
D,H,H,1520,100,1520,1,0
E,H,H,10140,100,10140,1,0
F,H,H,5440,100,5440,1,0
G,H,H,8882,100,8882,1,0
A,B,A,4786,100,4786,1,0
A,C,A,10609,100,10609,1,0
A,D,A,9536,100,9536,1,0
A,E,A,1392,100,1392,1,0
A,F,A,5122,100,5122,1,0
A,G,A,10654,100,10654,1,0
A,H,A,9911,100,9911,1,0
A,B,B,4735,100,4735,1,0
B,C,B,6989,100,6989,1,0
B,D,B,5312,100,5312,1,0
B,E,B,5200,100,5200,1,0
B,F,B,1374,100,1374,1,0
B,G,B,7071,100,7071,1,0
B,H,B,5722,100,5722,1,0
A,C,C,10640,100,10640,1,0
B,C,C,7053,100,7053,1,0
C,D,C,8702,100,8702,1,0
C,E,C,10800,100,10800,1,0
C,F,C,7204,100,7204,1,0
C,G,C,1397,100,1397,1,0
C,H,C,8933,100,8933,1,0
A,D,D,9541,100,9541,1,0
B,D,D,5290,100,5290,1,0
C,D,D,8726,100,8726,1,0
D,E,D,9895,100,9895,1,0
D,F,D,5370,100,5370,1,0
D,G,D,8925,100,8925,1,0
D,H,D,1549,100,1549,1,0
A,E,E,1401,100,1401,1,0
B,E,E,5205,100,5205,1,0
C,E,E,10804,100,10804,1,0
D,E,E,9957,100,9957,1,0
E,F,E,5076,100,5076,1,0
E,G,E,10643,100,10643,1,0
E,H,E,10178,100,10178,1,0
A,F,F,5060,100,5060,1,0
B,F,F,1310,100,1310,1,0
C,F,F,7189,100,7189,1,0
D,F,F,5334,100,5334,1,0
E,F,F,5115,100,5115,1,0
F,G,F,6994,100,6994,1,0
F,H,F,5382,100,5382,1,0
A,G,G,10629,100,10629,1,0
B,G,G,7066,100,7066,1,0
C,G,G,1355,100,1355,1,0
D,G,G,8885,100,8885,1,0
E,G,G,10630,100,10630,1,0
F,G,G,6976,100,6976,1,0
G,H,G,8878,100,8878,1,0
A,H,H,9979,100,9979,1,0
B,H,H,5748,100,5748,1,0
C,H,H,8989,100,8989,1,0
D,H,H,1450,100,1450,1,0
E,H,H,10165,100,10165,1,0
F,H,H,5450,100,5450,1,0
G,H,H,8860,100,8860,1,0
A,B,A,4786,100,4786,1,0
A,C,A,10684,100,10684,1,0
A,D,A,9504,100,9504,1,0
A,E,A,1412,100,1412,1,0
A,F,A,5087,100,5087,1,0
A,G,A,10612,100,10612,1,0
A,H,A,9946,100,9946,1,0
A,B,B,4776,100,4776,1,0
B,C,B,6976,100,6976,1,0
B,D,B,5309,100,5309,1,0
B,E,B,5182,100,5182,1,0
B,F,B,1305,100,1305,1,0
B,G,B,7065,100,7065,1,0
B,H,B,5781,100,5781,1,0
A,C,C,10615,100,10615,1,0
B,C,C,7029,100,7029,1,0
C,D,C,8736,100,8736,1,0
C,E,C,10813,100,10813,1,0
C,F,C,7188,100,7188,1,0
C,G,C,1351,100,1351,1,0
C,H,C,8953,100,8953,1,0
A,D,D,9550,100,9550,1,0
B,D,D,5279,100,5279,1,0
C,D,D,8753,100,8753,1,0
D,E,D,10009,100,10009,1,0
D,F,D,5350,100,5350,1,0
D,G,D,8943,100,8943,1,0
D,H,D,1505,100,1505,1,0
A,E,E,1367,100,1367,1,0
B,E,E,5160,100,5160,1,0
C,E,E,10830,100,10830,1,0
D,E,E,9935,100,9935,1,0
E,F,E,5133,100,5133,1,0
E,G,E,10607,100,10607,1,0
E,H,E,10147,100,10147,1,0
A,F,F,5072,100,5072,1,0
B,F,F,1320,100,1320,1,0
C,F,F,7191,100,7191,1,0
D,F,F,5395,100,5395,1,0
E,F,F,5122,100,5122,1,0
F,G,F,7012,100,7012,1,0
F,H,F,5423,100,5423,1,0
A,G,G,10622,100,10622,1,0
B,G,G,7092,100,7092,1,0
C,G,G,1363,100,1363,1,0
D,G,G,8883,100,8883,1,0
E,G,G,10618,100,10618,1,0
F,G,G,6986,100,6986,1,0
G,H,G,8852,100,8852,1,0
A,H,H,9949,100,9949,1,0
B,H,H,5796,100,5796,1,0
C,H,H,8932,100,8932,1,0
D,H,H,1468,100,1468,1,0
E,H,H,10139,100,10139,1,0
F,H,H,5450,100,5450,1,0
G,H,H,8847,100,8847,1,0
A,B,A,4760,100,4760,1,0
A,C,A,10618,100,10618,1,0
A,D,A,9535,100,9535,1,0
A,E,A,1411,100,1411,1,0
A,F,A,5126,100,5126,1,0
A,G,A,10664,100,10664,1,0
A,H,A,9916,100,9916,1,0
A,B,B,4783,100,4783,1,0
B,C,B,6991,100,6991,1,0
B,D,B,5280,100,5280,1,0
B,E,B,5187,100,5187,1,0
B,F,B,1376,100,1376,1,0
B,G,B,7059,100,7059,1,0
B,H,B,5721,100,5721,1,0
A,C,C,10671,100,10671,1,0
B,C,C,7008,100,7008,1,0
C,D,C,8772,100,8772,1,0
C,E,C,10806,100,10806,1,0
C,F,C,7185,100,7185,1,0
C,G,C,1396,100,1396,1,0
C,H,C,8905,100,8905,1,0
A,D,D,9496,100,9496,1,0
B,D,D,5311,100,5311,1,0
C,D,D,8755,100,8755,1,0
D,E,D,9918,100,9918,1,0
D,F,D,5336,100,5336,1,0
D,G,D,8886,100,8886,1,0
D,H,D,1528,100,1528,1,0
A,E,E,1421,100,1421,1,0
B,E,E,5161,100,5161,1,0
C,E,E,10812,100,10812,1,0
D,E,E,9899,100,9899,1,0
E,F,E,5076,100,5076,1,0
E,G,E,10611,100,10611,1,0
E,H,E,10133,100,10133,1,0
A,F,F,5058,100,5058,1,0
B,F,F,1367,100,1367,1,0
C,F,F,7205,100,7205,1,0
D,F,F,5375,100,5375,1,0
E,F,F,5142,100,5142,1,0
F,G,F,7011,100,7011,1,0
F,H,F,5473,100,5473,1,0
A,G,G,10604,100,10604,1,0
B,G,G,7113,100,7113,1,0
C,G,G,1316,100,1316,1,0
D,G,G,8879,100,8879,1,0
E,G,G,10647,100,10647,1,0
F,G,G,7020,100,7020,1,0
G,H,G,8862,100,8862,1,0
A,H,H,9920,100,9920,1,0
B,H,H,5701,100,5701,1,0
C,H,H,8922,100,8922,1,0
D,H,H,1534,100,1534,1,0
E,H,H,10154,100,10154,1,0
F,H,H,5459,100,5459,1,0
G,H,H,8889,100,8889,1,0
A,B,A,4774,100,4774,1,0
A,C,A,10603,100,10603,1,0
A,D,A,9529,100,9529,1,0
A,E,A,1386,100,1386,1,0
A,F,A,5076,100,5076,1,0
A,G,A,10650,100,10650,1,0
A,H,A,9993,100,9993,1,0
A,B,B,4785,100,4785,1,0
B,C,B,6995,100,6995,1,0
B,D,B,5306,100,5306,1,0
B,E,B,5212,100,5212,1,0
B,F,B,1365,100,1365,1,0
B,G,B,7097,100,7097,1,0
B,H,B,5832,100,5832,1,0
A,C,C,10684,100,10684,1,0
B,C,C,7036,100,7036,1,0
C,D,C,8770,100,8770,1,0
C,E,C,10822,100,10822,1,0
C,F,C,7223,100,7223,1,0
C,G,C,1394,100,1394,1,0
C,H,C,8927,100,8927,1,0
A,D,D,9504,100,9504,1,0
B,D,D,5331,100,5331,1,0
C,D,D,8745,100,8745,1,0
D,E,D,9949,100,9949,1,0
D,F,D,5363,100,5363,1,0
D,G,D,8872,100,8872,1,0
D,H,D,1515,100,1515,1,0
A,E,E,1397,100,1397,1,0
B,E,E,5164,100,5164,1,0
C,E,E,10776,100,10776,1,0
D,E,E,9900,100,9900,1,0
E,F,E,5059,100,5059,1,0
E,G,E,10627,100,10627,1,0
E,H,E,10167,100,10167,1,0
A,F,F,5069,100,5069,1,0
B,F,F,1356,100,1356,1,0
C,F,F,7176,100,7176,1,0
D,F,F,5362,100,5362,1,0
E,F,F,5134,100,5134,1,0
F,G,F,6977,100,6977,1,0
F,H,F,5455,100,5455,1,0
A,G,G,10658,100,10658,1,0
B,G,G,7119,100,7119,1,0
C,G,G,1366,100,1366,1,0
D,G,G,8839,100,8839,1,0
E,G,G,10642,100,10642,1,0
F,G,G,7009,100,7009,1,0
G,H,G,8881,100,8881,1,0
A,H,H,9937,100,9937,1,0
B,H,H,5768,100,5768,1,0
C,H,H,8926,100,8926,1,0
D,H,H,1493,100,1493,1,0
E,H,H,10132,100,10132,1,0
F,H,H,5485,100,5485,1,0
G,H,H,8848,100,8848,1,0
A,B,A,4771,100,4771,1,0
A,C,A,10669,100,10669,1,0
A,D,A,9516,100,9516,1,0
A,E,A,1396,100,1396,1,0
A,F,A,5066,100,5066,1,0
A,G,A,10623,100,10623,1,0
A,H,A,9992,100,9992,1,0
A,B,B,4773,100,4773,1,0
B,C,B,7009,100,7009,1,0
B,D,B,5294,100,5294,1,0
B,E,B,5142,100,5142,1,0
B,F,B,1359,100,1359,1,0
B,G,B,7061,100,7061,1,0
B,H,B,5741,100,5741,1,0
A,C,C,10617,100,10617,1,0
B,C,C,7015,100,7015,1,0
C,D,C,8729,100,8729,1,0
C,E,C,10861,100,10861,1,0
C,F,C,7171,100,7171,1,0
C,G,C,1389,100,1389,1,0
C,H,C,8923,100,8923,1,0
A,D,D,9510,100,9510,1,0
B,D,D,5272,100,5272,1,0
C,D,D,8765,100,8765,1,0
D,E,D,9985,100,9985,1,0
D,F,D,5355,100,5355,1,0
D,G,D,8879,100,8879,1,0
D,H,D,1529,100,1529,1,0
A,E,E,1385,100,1385,1,0
B,E,E,5192,100,5192,1,0
C,E,E,10822,100,10822,1,0
D,E,E,9966,100,9966,1,0
E,F,E,5092,100,5092,1,0
E,G,E,10615,100,10615,1,0
E,H,E,10150,100,10150,1,0
A,F,F,5074,100,5074,1,0
B,F,F,1370,100,1370,1,0
C,F,F,7179,100,7179,1,0
D,F,F,5406,100,5406,1,0
E,F,F,5100,100,5100,1,0
F,G,F,6996,100,6996,1,0
F,H,F,5421,100,5421,1,0
A,G,G,10636,100,10636,1,0
B,G,G,7070,100,7070,1,0
C,G,G,1391,100,1391,1,0
D,G,G,8872,100,8872,1,0
E,G,G,10622,100,10622,1,0
F,G,G,6971,100,6971,1,0
G,H,G,8872,100,8872,1,0
A,H,H,9951,100,9951,1,0
B,H,H,5712,100,5712,1,0
C,H,H,8919,100,8919,1,0
D,H,H,1517,100,1517,1,0
E,H,H,10165,100,10165,1,0
F,H,H,5462,100,5462,1,0
G,H,H,8884,100,8884,1,0
A,B,A,4780,100,4780,1,0
A,C,A,10626,100,10626,1,0
A,D,A,9554,100,9554,1,0
A,E,A,1418,100,1418,1,0
A,F,A,5056,100,5056,1,0
A,G,A,10623,100,10623,1,0
A,H,A,9934,100,9934,1,0
A,B,B,4712,100,4712,1,0
B,C,B,7016,100,7016,1,0
B,D,B,5290,100,5290,1,0
B,E,B,5201,100,5201,1,0
B,F,B,1336,100,1336,1,0
B,G,B,7079,100,7079,1,0
B,H,B,5744,100,5744,1,0
A,C,C,10609,100,10609,1,0
B,C,C,6993,100,6993,1,0
C,D,C,8725,100,8725,1,0
C,E,C,10843,100,10843,1,0
C,F,C,7210,100,7210,1,0
C,G,C,1341,100,1341,1,0
C,H,C,8934,100,8934,1,0
A,D,D,9512,100,9512,1,0
B,D,D,5270,100,5270,1,0
C,D,D,8750,100,8750,1,0
D,E,D,9905,100,9905,1,0
D,F,D,5301,100,5301,1,0
D,G,D,8885,100,8885,1,0
D,H,D,1460,100,1460,1,0
A,E,E,1455,100,1455,1,0
B,E,E,5151,100,5151,1,0
C,E,E,10874,100,10874,1,0
D,E,E,9884,100,9884,1,0
E,F,E,5060,100,5060,1,0
E,G,E,10633,100,10633,1,0
E,H,E,10133,100,10133,1,0
A,F,F,5082,100,5082,1,0
B,F,F,1365,100,1365,1,0
C,F,F,7213,100,7213,1,0
D,F,F,5358,100,5358,1,0
E,F,F,5091,100,5091,1,0
F,G,F,7000,100,7000,1,0
F,H,F,5472,100,5472,1,0
A,G,G,10592,100,10592,1,0
B,G,G,7124,100,7124,1,0
C,G,G,1343,100,1343,1,0
D,G,G,8912,100,8912,1,0
E,G,G,10617,100,10617,1,0
F,G,G,7041,100,7041,1,0
G,H,G,8886,100,8886,1,0
A,H,H,9995,100,9995,1,0
B,H,H,5723,100,5723,1,0
C,H,H,8952,100,8952,1,0
D,H,H,1456,100,1456,1,0
E,H,H,10126,100,10126,1,0
F,H,H,5446,100,5446,1,0
G,H,H,8883,100,8883,1,0
A,B,A,4741,100,4741,1,0
A,C,A,10658,100,10658,1,0
A,D,A,9556,100,9556,1,0
A,E,A,1384,100,1384,1,0
A,F,A,5031,100,5031,1,0
A,G,A,10648,100,10648,1,0
A,H,A,9992,100,9992,1,0
A,B,B,4786,100,4786,1,0
B,C,B,7018,100,7018,1,0
B,D,B,5261,100,5261,1,0
B,E,B,5173,100,5173,1,0
B,F,B,1350,100,1350,1,0
B,G,B,7085,100,7085,1,0
B,H,B,5742,100,5742,1,0
A,C,C,10680,100,10680,1,0
B,C,C,7002,100,7002,1,0
C,D,C,8736,100,8736,1,0
C,E,C,10787,100,10787,1,0
C,F,C,7185,100,7185,1,0
C,G,C,1346,100,1346,1,0
C,H,C,8946,100,8946,1,0
A,D,D,9526,100,9526,1,0
B,D,D,5280,100,5280,1,0
C,D,D,8733,100,8733,1,0
D,E,D,9945,100,9945,1,0
D,F,D,5345,100,5345,1,0
D,G,D,8895,100,8895,1,0
D,H,D,1480,100,1480,1,0
A,E,E,1455,100,1455,1,0
B,E,E,5175,100,5175,1,0
C,E,E,10830,100,10830,1,0
D,E,E,9879,100,9879,1,0
E,F,E,5092,100,5092,1,0
E,G,E,10618,100,10618,1,0
E,H,E,10151,100,10151,1,0
A,F,F,5072,100,5072,1,0
B,F,F,1315,100,1315,1,0
C,F,F,7206,100,7206,1,0
D,F,F,5398,100,5398,1,0
E,F,F,5114,100,5114,1,0
F,G,F,7015,100,7015,1,0
F,H,F,5429,100,5429,1,0
A,G,G,10614,100,10614,1,0
B,G,G,6997,100,6997,1,0
C,G,G,1373,100,1373,1,0
D,G,G,8888,100,8888,1,0
E,G,G,10611,100,10611,1,0
F,G,G,7020,100,7020,1,0
G,H,G,8862,100,8862,1,0
A,H,H,9962,100,9962,1,0
B,H,H,5761,100,5761,1,0
C,H,H,8911,100,8911,1,0
D,H,H,1593,100,1593,1,0
E,H,H,10157,100,10157,1,0
F,H,H,5438,100,5438,1,0
G,H,H,8865,100,8865,1,0
A,B,A,4812,100,4812,1,0
A,C,A,10677,100,10677,1,0
A,D,A,9504,100,9504,1,0
A,E,A,1400,100,1400,1,0
A,F,A,5066,100,5066,1,0
A,G,A,10647,100,10647,1,0
A,H,A,9951,100,9951,1,0
A,B,B,4793,100,4793,1,0
B,C,B,6993,100,6993,1,0
B,D,B,5293,100,5293,1,0
B,E,B,5162,100,5162,1,0
B,F,B,1341,100,1341,1,0
B,G,B,7064,100,7064,1,0
B,H,B,5734,100,5734,1,0
A,C,C,10680,100,10680,1,0
B,C,C,6983,100,6983,1,0
C,D,C,8761,100,8761,1,0
C,E,C,10826,100,10826,1,0
C,F,C,7207,100,7207,1,0
C,G,C,1379,100,1379,1,0
C,H,C,8954,100,8954,1,0
A,D,D,9547,100,9547,1,0
B,D,D,5302,100,5302,1,0
C,D,D,8703,100,8703,1,0
D,E,D,9910,100,9910,1,0
D,F,D,5326,100,5326,1,0
D,G,D,8883,100,8883,1,0
D,H,D,1511,100,1511,1,0
A,E,E,1413,100,1413,1,0
B,E,E,5191,100,5191,1,0
C,E,E,10814,100,10814,1,0
D,E,E,9890,100,9890,1,0
E,F,E,5108,100,5108,1,0
E,G,E,10619,100,10619,1,0
E,H,E,10160,100,10160,1,0
A,F,F,5025,100,5025,1,0
B,F,F,1341,100,1341,1,0
C,F,F,7191,100,7191,1,0
D,F,F,5363,100,5363,1,0
E,F,F,5061,100,5061,1,0
F,G,F,7018,100,7018,1,0
F,H,F,5468,100,5468,1,0
A,G,G,10627,100,10627,1,0
B,G,G,7059,100,7059,1,0
C,G,G,1341,100,1341,1,0
D,G,G,8896,100,8896,1,0
E,G,G,10654,100,10654,1,0
F,G,G,7007,100,7007,1,0
G,H,G,8824,100,8824,1,0
A,H,H,9940,100,9940,1,0
B,H,H,5739,100,5739,1,0
C,H,H,8971,100,8971,1,0
D,H,H,1516,100,1516,1,0
E,H,H,10114,100,10114,1,0
F,H,H,5472,100,5472,1,0
G,H,H,8858,100,8858,1,0
A,B,A,4755,100,4755,1,0
A,C,A,10628,100,10628,1,0
A,D,A,9528,100,9528,1,0
A,E,A,1389,100,1389,1,0
A,F,A,5092,100,5092,1,0
A,G,A,10646,100,10646,1,0
A,H,A,9970,100,9970,1,0
A,B,B,4763,100,4763,1,0
B,C,B,6990,100,6990,1,0
B,D,B,5313,100,5313,1,0
B,E,B,5169,100,5169,1,0
B,F,B,1365,100,1365,1,0
B,G,B,7081,100,7081,1,0
B,H,B,5745,100,5745,1,0
A,C,C,10626,100,10626,1,0
B,C,C,7007,100,7007,1,0
C,D,C,8736,100,8736,1,0
C,E,C,10827,100,10827,1,0
C,F,C,7205,100,7205,1,0
C,G,C,1367,100,1367,1,0
C,H,C,8948,100,8948,1,0
A,D,D,9556,100,9556,1,0
B,D,D,5302,100,5302,1,0
C,D,D,8759,100,8759,1,0
D,E,D,9983,100,9983,1,0
D,F,D,5348,100,5348,1,0
D,G,D,8904,100,8904,1,0
D,H,D,1480,100,1480,1,0
A,E,E,1427,100,1427,1,0
B,E,E,5139,100,5139,1,0
C,E,E,10857,100,10857,1,0
D,E,E,9924,100,9924,1,0
E,F,E,5088,100,5088,1,0
E,G,E,10632,100,10632,1,0
E,H,E,10170,100,10170,1,0
A,F,F,5066,100,5066,1,0
B,F,F,1331,100,1331,1,0
C,F,F,7188,100,7188,1,0
D,F,F,5370,100,5370,1,0
E,F,F,5108,100,5108,1,0
F,G,F,7010,100,7010,1,0
F,H,F,5449,100,5449,1,0
A,G,G,10644,100,10644,1,0
B,G,G,7052,100,7052,1,0
C,G,G,1383,100,1383,1,0
D,G,G,8905,100,8905,1,0
E,G,G,10629,100,10629,1,0
F,G,G,6989,100,6989,1,0
G,H,G,8870,100,8870,1,0
A,H,H,9952,100,9952,1,0
B,H,H,5746,100,5746,1,0
C,H,H,8949,100,8949,1,0
D,H,H,1474,100,1474,1,0
E,H,H,10105,100,10105,1,0
F,H,H,5452,100,5452,1,0
G,H,H,8895,100,8895,1,0
A,B,A,4736,100,4736,1,0
A,C,A,10646,100,10646,1,0
A,D,A,9541,100,9541,1,0
A,E,A,1401,100,1401,1,0
A,F,A,5070,100,5070,1,0
A,G,A,10628,100,10628,1,0
A,H,A,9960,100,9960,1,0
A,B,B,4770,100,4770,1,0
B,C,B,7007,100,7007,1,0
B,D,B,5322,100,5322,1,0
B,E,B,5176,100,5176,1,0
B,F,B,1357,100,1357,1,0
B,G,B,7044,100,7044,1,0
B,H,B,5735,100,5735,1,0
A,C,C,10681,100,10681,1,0
B,C,C,7002,100,7002,1,0
C,D,C,8750,100,8750,1,0
C,E,C,10810,100,10810,1,0
C,F,C,7210,100,7210,1,0
C,G,C,1377,100,1377,1,0
C,H,C,8918,100,8918,1,0
A,D,D,9518,100,9518,1,0
B,D,D,5283,100,5283,1,0
C,D,D,8761,100,8761,1,0
D,E,D,9962,100,9962,1,0
D,F,D,5390,100,5390,1,0
D,G,D,8900,100,8900,1,0
D,H,D,1525,100,1525,1,0
A,E,E,1351,100,1351,1,0
B,E,E,5196,100,5196,1,0
C,E,E,10797,100,10797,1,0
D,E,E,9906,100,9906,1,0
E,F,E,5102,100,5102,1,0
E,G,E,10661,100,10661,1,0
E,H,E,10150,100,10150,1,0
A,F,F,5085,100,5085,1,0
B,F,F,1350,100,1350,1,0
C,F,F,7167,100,7167,1,0
D,F,F,5369,100,5369,1,0
E,F,F,5126,100,5126,1,0
F,G,F,6981,100,6981,1,0
F,H,F,5462,100,5462,1,0
A,G,G,10645,100,10645,1,0
B,G,G,7100,100,7100,1,0
C,G,G,1383,100,1383,1,0
D,G,G,8921,100,8921,1,0
E,G,G,10642,100,10642,1,0
F,G,G,6993,100,6993,1,0
G,H,G,8859,100,8859,1,0
A,H,H,9921,100,9921,1,0
B,H,H,5692,100,5692,1,0
C,H,H,8932,100,8932,1,0
D,H,H,1490,100,1490,1,0
E,H,H,10116,100,10116,1,0
F,H,H,5465,100,5465,1,0
G,H,H,8864,100,8864,1,0
A,B,A,4775,100,4775,1,0
A,C,A,10633,100,10633,1,0
A,D,A,9526,100,9526,1,0
A,E,A,1426,100,1426,1,0
A,F,A,5075,100,5075,1,0
A,G,A,10623,100,10623,1,0
A,H,A,9933,100,9933,1,0
A,B,B,4765,100,4765,1,0
B,C,B,6982,100,6982,1,0
B,D,B,5253,100,5253,1,0
B,E,B,5196,100,5196,1,0
B,F,B,1381,100,1381,1,0
B,G,B,7067,100,7067,1,0
B,H,B,5760,100,5760,1,0
A,C,C,10653,100,10653,1,0
B,C,C,6991,100,6991,1,0
C,D,C,8741,100,8741,1,0
C,E,C,10849,100,10849,1,0
C,F,C,7216,100,7216,1,0
C,G,C,1335,100,1335,1,0
C,H,C,8955,100,8955,1,0
A,D,D,9547,100,9547,1,0
B,D,D,5268,100,5268,1,0
C,D,D,8769,100,8769,1,0
D,E,D,9958,100,9958,1,0
D,F,D,5378,100,5378,1,0
D,G,D,8871,100,8871,1,0
D,H,D,1497,100,1497,1,0
A,E,E,1401,100,1401,1,0
B,E,E,5220,100,5220,1,0
C,E,E,10758,100,10758,1,0
D,E,E,9869,100,9869,1,0
E,F,E,5082,100,5082,1,0
E,G,E,10624,100,10624,1,0
E,H,E,10125,100,10125,1,0
A,F,F,5062,100,5062,1,0
B,F,F,1376,100,1376,1,0
C,F,F,7194,100,7194,1,0
D,F,F,5399,100,5399,1,0
E,F,F,5127,100,5127,1,0
F,G,F,7004,100,7004,1,0
F,H,F,5463,100,5463,1,0
A,G,G,10691,100,10691,1,0
B,G,G,7026,100,7026,1,0
C,G,G,1411,100,1411,1,0
D,G,G,8890,100,8890,1,0
E,G,G,10605,100,10605,1,0
F,G,G,7014,100,7014,1,0
G,H,G,8880,100,8880,1,0
A,H,H,9965,100,9965,1,0
B,H,H,5737,100,5737,1,0
C,H,H,8909,100,8909,1,0
D,H,H,1449,100,1449,1,0
E,H,H,10161,100,10161,1,0
F,H,H,5489,100,5489,1,0
G,H,H,8880,100,8880,1,0
A,B,A,4752,100,4752,1,0
A,C,A,10677,100,10677,1,0
A,D,A,9514,100,9514,1,0
A,E,A,1426,100,1426,1,0
A,F,A,5057,100,5057,1,0
A,G,A,10616,100,10616,1,0
A,H,A,9939,100,9939,1,0
A,B,B,4754,100,4754,1,0
B,C,B,7031,100,7031,1,0
B,D,B,5339,100,5339,1,0
B,E,B,5154,100,5154,1,0
B,F,B,1363,100,1363,1,0
B,G,B,7079,100,7079,1,0
B,H,B,5789,100,5789,1,0
A,C,C,10661,100,10661,1,0
B,C,C,6987,100,6987,1,0
C,D,C,8758,100,8758,1,0
C,E,C,10802,100,10802,1,0
C,F,C,7184,100,7184,1,0
C,G,C,1411,100,1411,1,0
C,H,C,8987,100,8987,1,0
A,D,D,9513,100,9513,1,0
B,D,D,5343,100,5343,1,0
C,D,D,8765,100,8765,1,0
D,E,D,9978,100,9978,1,0
D,F,D,5393,100,5393,1,0
D,G,D,8886,100,8886,1,0
D,H,D,1495,100,1495,1,0
A,E,E,1399,100,1399,1,0
B,E,E,5192,100,5192,1,0
C,E,E,10820,100,10820,1,0
D,E,E,9929,100,9929,1,0
E,F,E,5099,100,5099,1,0
E,G,E,10636,100,10636,1,0
E,H,E,10136,100,10136,1,0
A,F,F,5072,100,5072,1,0
B,F,F,1387,100,1387,1,0
C,F,F,7217,100,7217,1,0
D,F,F,5353,100,5353,1,0
E,F,F,5094,100,5094,1,0
F,G,F,7041,100,7041,1,0
F,H,F,5427,100,5427,1,0
A,G,G,10622,100,10622,1,0
B,G,G,7089,100,7089,1,0
C,G,G,1370,100,1370,1,0
D,G,G,8923,100,8923,1,0
E,G,G,10647,100,10647,1,0
F,G,G,6994,100,6994,1,0
G,H,G,8910,100,8910,1,0
A,H,H,9920,100,9920,1,0
B,H,H,5720,100,5720,1,0
C,H,H,8952,100,8952,1,0
D,H,H,1516,100,1516,1,0
E,H,H,10152,100,10152,1,0
F,H,H,5437,100,5437,1,0
G,H,H,8844,100,8844,1,0
A,B,A,4775,100,4775,1,0
A,C,A,10642,100,10642,1,0
A,D,A,9519,100,9519,1,0
A,E,A,1445,100,1445,1,0
A,F,A,5053,100,5053,1,0
A,G,A,10572,100,10572,1,0
A,H,A,9912,100,9912,1,0
A,B,B,4806,100,4806,1,0
B,C,B,6992,100,6992,1,0
B,D,B,5293,100,5293,1,0
B,E,B,5200,100,5200,1,0
B,F,B,1311,100,1311,1,0
B,G,B,7092,100,7092,1,0
B,H,B,5735,100,5735,1,0
A,C,C,10634,100,10634,1,0
B,C,C,7012,100,7012,1,0
C,D,C,8758,100,8758,1,0
C,E,C,10832,100,10832,1,0
C,F,C,7174,100,7174,1,0
C,G,C,1375,100,1375,1,0
C,H,C,8917,100,8917,1,0
A,D,D,9530,100,9530,1,0
B,D,D,5260,100,5260,1,0
C,D,D,8755,100,8755,1,0
D,E,D,9945,100,9945,1,0
D,F,D,5410,100,5410,1,0
D,G,D,8892,100,8892,1,0
D,H,D,1489,100,1489,1,0
A,E,E,1391,100,1391,1,0
B,E,E,5151,100,5151,1,0
C,E,E,10815,100,10815,1,0
D,E,E,9904,100,9904,1,0
E,F,E,5122,100,5122,1,0
E,G,E,10620,100,10620,1,0
E,H,E,10122,100,10122,1,0
A,F,F,5051,100,5051,1,0
B,F,F,1347,100,1347,1,0
C,F,F,7223,100,7223,1,0
D,F,F,5379,100,5379,1,0
E,F,F,5106,100,5106,1,0
F,G,F,6985,100,6985,1,0
F,H,F,5480,100,5480,1,0
A,G,G,10669,100,10669,1,0
B,G,G,7078,100,7078,1,0
C,G,G,1398,100,1398,1,0
D,G,G,8871,100,8871,1,0
E,G,G,10646,100,10646,1,0
F,G,G,6993,100,6993,1,0
G,H,G,8850,100,8850,1,0
A,H,H,9938,100,9938,1,0
B,H,H,5749,100,5749,1,0
C,H,H,8947,100,8947,1,0
D,H,H,1453,100,1453,1,0
E,H,H,10118,100,10118,1,0
F,H,H,5448,100,5448,1,0
G,H,H,8857,100,8857,1,0
A,B,A,4781,100,4781,1,0
A,C,A,10615,100,10615,1,0
A,D,A,9551,100,9551,1,0
A,E,A,1384,100,1384,1,0
A,F,A,5076,100,5076,1,0
A,G,A,10629,100,10629,1,0
A,H,A,9960,100,9960,1,0
A,B,B,4764,100,4764,1,0
B,C,B,7016,100,7016,1,0
B,D,B,5302,100,5302,1,0
B,E,B,5207,100,5207,1,0
B,F,B,1348,100,1348,1,0
B,G,B,7079,100,7079,1,0
B,H,B,5710,100,5710,1,0
A,C,C,10694,100,10694,1,0
B,C,C,7026,100,7026,1,0
C,D,C,8761,100,8761,1,0
C,E,C,10809,100,10809,1,0
C,F,C,7198,100,7198,1,0
C,G,C,1409,100,1409,1,0
C,H,C,8932,100,8932,1,0
A,D,D,9538,100,9538,1,0
B,D,D,5278,100,5278,1,0
C,D,D,8738,100,8738,1,0
D,E,D,9944,100,9944,1,0
D,F,D,5381,100,5381,1,0
D,G,D,8856,100,8856,1,0
D,H,D,1516,100,1516,1,0
A,E,E,1396,100,1396,1,0
B,E,E,5189,100,5189,1,0
C,E,E,10818,100,10818,1,0
D,E,E,9959,100,9959,1,0
E,F,E,5106,100,5106,1,0
E,G,E,10605,100,10605,1,0
E,H,E,10151,100,10151,1,0
A,F,F,5055,100,5055,1,0
B,F,F,1334,100,1334,1,0
C,F,F,7192,100,7192,1,0
D,F,F,5346,100,5346,1,0
E,F,F,5097,100,5097,1,0
F,G,F,7002,100,7002,1,0
F,H,F,5465,100,5465,1,0
A,G,G,10661,100,10661,1,0
B,G,G,7091,100,7091,1,0
C,G,G,1390,100,1390,1,0
D,G,G,8882,100,8882,1,0
E,G,G,10643,100,10643,1,0
F,G,G,6988,100,6988,1,0
G,H,G,8846,100,8846,1,0
A,H,H,9890,100,9890,1,0
B,H,H,5791,100,5791,1,0
C,H,H,8980,100,8980,1,0
D,H,H,1450,100,1450,1,0
E,H,H,10150,100,10150,1,0
F,H,H,5445,100,5445,1,0
G,H,H,8842,100,8842,1,0
A,B,A,4780,100,4780,1,0
A,C,A,10613,100,10613,1,0
A,D,A,9517,100,9517,1,0
A,E,A,1460,100,1460,1,0
A,F,A,5075,100,5075,1,0
A,G,A,10633,100,10633,1,0
A,H,A,9939,100,9939,1,0
A,B,B,4767,100,4767,1,0
B,C,B,6981,100,6981,1,0
B,D,B,5278,100,5278,1,0
B,E,B,5180,100,5180,1,0
B,F,B,1327,100,1327,1,0
B,G,B,7068,100,7068,1,0
B,H,B,5725,100,5725,1,0
A,C,C,10665,100,10665,1,0
B,C,C,7022,100,7022,1,0
C,D,C,8703,100,8703,1,0
C,E,C,10855,100,10855,1,0
C,F,C,7188,100,7188,1,0
C,G,C,1408,100,1408,1,0
C,H,C,8910,100,8910,1,0
A,D,D,9545,100,9545,1,0
B,D,D,5241,100,5241,1,0
C,D,D,8734,100,8734,1,0
D,E,D,9902,100,9902,1,0
D,F,D,5408,100,5408,1,0
D,G,D,8908,100,8908,1,0
D,H,D,1480,100,1480,1,0
A,E,E,1449,100,1449,1,0
B,E,E,5161,100,5161,1,0
C,E,E,10820,100,10820,1,0
D,E,E,9974,100,9974,1,0
E,F,E,5095,100,5095,1,0
E,G,E,10621,100,10621,1,0
E,H,E,10152,100,10152,1,0
A,F,F,5047,100,5047,1,0
B,F,F,1369,100,1369,1,0
C,F,F,7211,100,7211,1,0
D,F,F,5351,100,5351,1,0
E,F,F,5098,100,5098,1,0
F,G,F,6967,100,6967,1,0
F,H,F,5438,100,5438,1,0
A,G,G,10591,100,10591,1,0
B,G,G,7102,100,7102,1,0
C,G,G,1347,100,1347,1,0
D,G,G,8887,100,8887,1,0
E,G,G,10629,100,10629,1,0
F,G,G,6992,100,6992,1,0
G,H,G,8859,100,8859,1,0
A,H,H,9977,100,9977,1,0
B,H,H,5774,100,5774,1,0
C,H,H,8935,100,8935,1,0
D,H,H,1539,100,1539,1,0
E,H,H,10156,100,10156,1,0
F,H,H,5420,100,5420,1,0
G,H,H,8844,100,8844,1,0
A,B,A,4777,100,4777,1,0
A,C,A,10635,100,10635,1,0
A,D,A,9528,100,9528,1,0
A,E,A,1375,100,1375,1,0
A,F,A,5076,100,5076,1,0
A,G,A,10635,100,10635,1,0
A,H,A,9935,100,9935,1,0
A,B,B,4778,100,4778,1,0
B,C,B,7004,100,7004,1,0
B,D,B,5323,100,5323,1,0
B,E,B,5180,100,5180,1,0
B,F,B,1326,100,1326,1,0
B,G,B,7096,100,7096,1,0
B,H,B,5733,100,5733,1,0
A,C,C,10618,100,10618,1,0
B,C,C,7027,100,7027,1,0
C,D,C,8756,100,8756,1,0
C,E,C,10858,100,10858,1,0
C,F,C,7187,100,7187,1,0
C,G,C,1346,100,1346,1,0
C,H,C,8913,100,8913,1,0
A,D,D,9548,100,9548,1,0
B,D,D,5288,100,5288,1,0
C,D,D,8761,100,8761,1,0
D,E,D,9912,100,9912,1,0
D,F,D,5333,100,5333,1,0
D,G,D,8900,100,8900,1,0
D,H,D,1519,100,1519,1,0
A,E,E,1432,100,1432,1,0
B,E,E,5165,100,5165,1,0
C,E,E,10807,100,10807,1,0
D,E,E,9886,100,9886,1,0
E,F,E,5104,100,5104,1,0
E,G,E,10668,100,10668,1,0
E,H,E,10158,100,10158,1,0
A,F,F,5115,100,5115,1,0
B,F,F,1340,100,1340,1,0
C,F,F,7207,100,7207,1,0
D,F,F,5382,100,5382,1,0
E,F,F,5086,100,5086,1,0
F,G,F,6985,100,6985,1,0
F,H,F,5418,100,5418,1,0
A,G,G,10660,100,10660,1,0
B,G,G,7080,100,7080,1,0
C,G,G,1325,100,1325,1,0
D,G,G,8910,100,8910,1,0
E,G,G,10630,100,10630,1,0
F,G,G,6997,100,6997,1,0
G,H,G,8880,100,8880,1,0
A,H,H,9931,100,9931,1,0
B,H,H,5776,100,5776,1,0
C,H,H,8933,100,8933,1,0
D,H,H,1471,100,1471,1,0
E,H,H,10141,100,10141,1,0
F,H,H,5523,100,5523,1,0
G,H,H,8883,100,8883,1,0
A,B,A,4775,100,4775,1,0
A,C,A,10593,100,10593,1,0
A,D,A,9534,100,9534,1,0
A,E,A,1442,100,1442,1,0
A,F,A,5081,100,5081,1,0
A,G,A,10627,100,10627,1,0
A,H,A,9948,100,9948,1,0
A,B,B,4761,100,4761,1,0
B,C,B,6999,100,6999,1,0
B,D,B,5291,100,5291,1,0
B,E,B,5201,100,5201,1,0
B,F,B,1376,100,1376,1,0
B,G,B,7092,100,7092,1,0
B,H,B,5752,100,5752,1,0
A,C,C,10597,100,10597,1,0
B,C,C,7017,100,7017,1,0
C,D,C,8752,100,8752,1,0
C,E,C,10810,100,10810,1,0
C,F,C,7220,100,7220,1,0
C,G,C,1407,100,1407,1,0
C,H,C,8977,100,8977,1,0
A,D,D,9510,100,9510,1,0
B,D,D,5289,100,5289,1,0
C,D,D,8726,100,8726,1,0
D,E,D,9945,100,9945,1,0
D,F,D,5399,100,5399,1,0
D,G,D,8899,100,8899,1,0
D,H,D,1529,100,1529,1,0
A,E,E,1430,100,1430,1,0
B,E,E,5178,100,5178,1,0
C,E,E,10801,100,10801,1,0
D,E,E,9899,100,9899,1,0
E,F,E,5105,100,5105,1,0
E,G,E,10635,100,10635,1,0
E,H,E,10155,100,10155,1,0
A,F,F,5044,100,5044,1,0
B,F,F,1320,100,1320,1,0
C,F,F,7177,100,7177,1,0
D,F,F,5351,100,5351,1,0
E,F,F,5128,100,5128,1,0
F,G,F,6989,100,6989,1,0
F,H,F,5481,100,5481,1,0
A,G,G,10612,100,10612,1,0
B,G,G,7047,100,7047,1,0
C,G,G,1336,100,1336,1,0
D,G,G,8890,100,8890,1,0
E,G,G,10618,100,10618,1,0
F,G,G,7025,100,7025,1,0
G,H,G,8868,100,8868,1,0
A,H,H,9948,100,9948,1,0
B,H,H,5761,100,5761,1,0
C,H,H,8964,100,8964,1,0
D,H,H,1528,100,1528,1,0
E,H,H,10132,100,10132,1,0
F,H,H,5449,100,5449,1,0
G,H,H,8893,100,8893,1,0
A,B,A,4775,100,4775,1,0
A,C,A,10630,100,10630,1,0
A,D,A,9522,100,9522,1,0
A,E,A,1411,100,1411,1,0
A,F,A,5044,100,5044,1,0
A,G,A,10634,100,10634,1,0
A,H,A,9914,100,9914,1,0
A,B,B,4762,100,4762,1,0
B,C,B,6992,100,6992,1,0
B,D,B,5282,100,5282,1,0
B,E,B,5150,100,5150,1,0
B,F,B,1342,100,1342,1,0
B,G,B,7083,100,7083,1,0
B,H,B,5755,100,5755,1,0
A,C,C,10640,100,10640,1,0
B,C,C,7045,100,7045,1,0
C,D,C,8752,100,8752,1,0
C,E,C,10810,100,10810,1,0
C,F,C,7227,100,7227,1,0
C,G,C,1359,100,1359,1,0
C,H,C,8955,100,8955,1,0
A,D,D,9519,100,9519,1,0
B,D,D,5255,100,5255,1,0
C,D,D,8734,100,8734,1,0
D,E,D,9887,100,9887,1,0
D,F,D,5372,100,5372,1,0
D,G,D,8921,100,8921,1,0
D,H,D,1501,100,1501,1,0
A,E,E,1361,100,1361,1,0
B,E,E,5175,100,5175,1,0
C,E,E,10838,100,10838,1,0
D,E,E,9929,100,9929,1,0
E,F,E,5121,100,5121,1,0
E,G,E,10652,100,10652,1,0
E,H,E,10157,100,10157,1,0
A,F,F,5075,100,5075,1,0
B,F,F,1392,100,1392,1,0
C,F,F,7175,100,7175,1,0
D,F,F,5327,100,5327,1,0
E,F,F,5122,100,5122,1,0
F,G,F,6974,100,6974,1,0
F,H,F,5490,100,5490,1,0
A,G,G,10657,100,10657,1,0
B,G,G,7131,100,7131,1,0
C,G,G,1351,100,1351,1,0
D,G,G,8899,100,8899,1,0
E,G,G,10625,100,10625,1,0
F,G,G,7028,100,7028,1,0
G,H,G,8877,100,8877,1,0
A,H,H,9963,100,9963,1,0
B,H,H,5719,100,5719,1,0
C,H,H,8938,100,8938,1,0
D,H,H,1498,100,1498,1,0
E,H,H,10119,100,10119,1,0
F,H,H,5450,100,5450,1,0
G,H,H,8894,100,8894,1,0
A,B,A,4780,100,4780,1,0
A,C,A,10676,100,10676,1,0
A,D,A,9531,100,9531,1,0
A,E,A,1398,100,1398,1,0
A,F,A,5017,100,5017,1,0
A,G,A,10565,100,10565,1,0
A,H,A,9918,100,9918,1,0
A,B,B,4800,100,4800,1,0
B,C,B,7016,100,7016,1,0
B,D,B,5236,100,5236,1,0
B,E,B,5164,100,5164,1,0
B,F,B,1368,100,1368,1,0
B,G,B,7097,100,7097,1,0
B,H,B,5690,100,5690,1,0
A,C,C,10663,100,10663,1,0
B,C,C,7009,100,7009,1,0
C,D,C,8740,100,8740,1,0
C,E,C,10814,100,10814,1,0
C,F,C,7177,100,7177,1,0
C,G,C,1352,100,1352,1,0
C,H,C,8950,100,8950,1,0
A,D,D,9536,100,9536,1,0
B,D,D,5316,100,5316,1,0
C,D,D,8733,100,8733,1,0
D,E,D,9950,100,9950,1,0
D,F,D,5356,100,5356,1,0
D,G,D,8903,100,8903,1,0
D,H,D,1489,100,1489,1,0
A,E,E,1455,100,1455,1,0
B,E,E,5180,100,5180,1,0
C,E,E,10853,100,10853,1,0
D,E,E,9915,100,9915,1,0
E,F,E,5092,100,5092,1,0
E,G,E,10628,100,10628,1,0
E,H,E,10137,100,10137,1,0
A,F,F,5032,100,5032,1,0
B,F,F,1360,100,1360,1,0
C,F,F,7221,100,7221,1,0
D,F,F,5371,100,5371,1,0
E,F,F,5086,100,5086,1,0
F,G,F,7003,100,7003,1,0
F,H,F,5475,100,5475,1,0
A,G,G,10664,100,10664,1,0
B,G,G,7119,100,7119,1,0
C,G,G,1361,100,1361,1,0
D,G,G,8893,100,8893,1,0
E,G,G,10635,100,10635,1,0
F,G,G,7000,100,7000,1,0
G,H,G,8860,100,8860,1,0
A,H,H,9937,100,9937,1,0
B,H,H,5731,100,5731,1,0
C,H,H,8917,100,8917,1,0
D,H,H,1490,100,1490,1,0
E,H,H,10146,100,10146,1,0
F,H,H,5477,100,5477,1,0
G,H,H,8869,100,8869,1,0
A,B,A,4790,100,4790,1,0
A,C,A,10689,100,10689,1,0
A,D,A,9524,100,9524,1,0
A,E,A,1389,100,1389,1,0
A,F,A,4983,100,4983,1,0
A,G,A,10582,100,10582,1,0
A,H,A,9962,100,9962,1,0
A,B,B,4775,100,4775,1,0
B,C,B,6999,100,6999,1,0
B,D,B,5318,100,5318,1,0
B,E,B,5200,100,5200,1,0
B,F,B,1376,100,1376,1,0
B,G,B,7091,100,7091,1,0
B,H,B,5750,100,5750,1,0
A,C,C,10675,100,10675,1,0
B,C,C,7024,100,7024,1,0
C,D,C,8722,100,8722,1,0
C,E,C,10837,100,10837,1,0
C,F,C,7173,100,7173,1,0
C,G,C,1408,100,1408,1,0
C,H,C,8909,100,8909,1,0
A,D,D,9553,100,9553,1,0
B,D,D,5275,100,5275,1,0
C,D,D,8787,100,8787,1,0
D,E,D,9929,100,9929,1,0
D,F,D,5333,100,5333,1,0
D,G,D,8860,100,8860,1,0
D,H,D,1516,100,1516,1,0
A,E,E,1432,100,1432,1,0
B,E,E,5168,100,5168,1,0
C,E,E,10845,100,10845,1,0
D,E,E,9916,100,9916,1,0
E,F,E,5135,100,5135,1,0
E,G,E,10664,100,10664,1,0
E,H,E,10169,100,10169,1,0
A,F,F,5040,100,5040,1,0
B,F,F,1369,100,1369,1,0
C,F,F,7187,100,7187,1,0
D,F,F,5379,100,5379,1,0
E,F,F,5094,100,5094,1,0
F,G,F,7006,100,7006,1,0
F,H,F,5488,100,5488,1,0
A,G,G,10641,100,10641,1,0
B,G,G,7112,100,7112,1,0
C,G,G,1412,100,1412,1,0
D,G,G,8865,100,8865,1,0
E,G,G,10632,100,10632,1,0
F,G,G,7001,100,7001,1,0
G,H,G,8883,100,8883,1,0
A,H,H,9955,100,9955,1,0
B,H,H,5730,100,5730,1,0
C,H,H,8931,100,8931,1,0
D,H,H,1507,100,1507,1,0
E,H,H,10130,100,10130,1,0
F,H,H,5485,100,5485,1,0
G,H,H,8835,100,8835,1,0
A,B,A,4768,100,4768,1,0
A,C,A,10641,100,10641,1,0
A,D,A,9545,100,9545,1,0
A,E,A,1412,100,1412,1,0
A,F,A,5007,100,5007,1,0
A,G,A,10621,100,10621,1,0
A,H,A,9945,100,9945,1,0
A,B,B,4740,100,4740,1,0
B,C,B,6989,100,6989,1,0
B,D,B,5248,100,5248,1,0
B,E,B,5206,100,5206,1,0
B,F,B,1354,100,1354,1,0
B,G,B,7110,100,7110,1,0
B,H,B,5772,100,5772,1,0
A,C,C,10632,100,10632,1,0
B,C,C,7001,100,7001,1,0
C,D,C,8754,100,8754,1,0
C,E,C,10797,100,10797,1,0
C,F,C,7196,100,7196,1,0
C,G,C,1342,100,1342,1,0
C,H,C,8933,100,8933,1,0
A,D,D,9550,100,9550,1,0
B,D,D,5240,100,5240,1,0
C,D,D,8739,100,8739,1,0
D,E,D,9997,100,9997,1,0
D,F,D,5351,100,5351,1,0
D,G,D,8898,100,8898,1,0
D,H,D,1514,100,1514,1,0
A,E,E,1440,100,1440,1,0
B,E,E,5177,100,5177,1,0
C,E,E,10803,100,10803,1,0
D,E,E,9935,100,9935,1,0
E,F,E,5108,100,5108,1,0
E,G,E,10615,100,10615,1,0
E,H,E,10181,100,10181,1,0
A,F,F,5029,100,5029,1,0
B,F,F,1328,100,1328,1,0
C,F,F,7180,100,7180,1,0
D,F,F,5370,100,5370,1,0
E,F,F,5104,100,5104,1,0
F,G,F,6995,100,6995,1,0
F,H,F,5478,100,5478,1,0
A,G,G,10626,100,10626,1,0
B,G,G,7047,100,7047,1,0
C,G,G,1366,100,1366,1,0
D,G,G,8899,100,8899,1,0
E,G,G,10628,100,10628,1,0
F,G,G,6991,100,6991,1,0
G,H,G,8819,100,8819,1,0
A,H,H,9941,100,9941,1,0
B,H,H,5732,100,5732,1,0
C,H,H,8958,100,8958,1,0
D,H,H,1486,100,1486,1,0
E,H,H,10150,100,10150,1,0
F,H,H,5498,100,5498,1,0
G,H,H,8863,100,8863,1,0
A,B,A,4777,100,4777,1,0
A,C,A,10635,100,10635,1,0
A,D,A,9516,100,9516,1,0
A,E,A,1411,100,1411,1,0
A,F,A,5052,100,5052,1,0
A,G,A,10624,100,10624,1,0
A,H,A,9906,100,9906,1,0
A,B,B,4740,100,4740,1,0
B,C,B,7001,100,7001,1,0
B,D,B,5290,100,5290,1,0
B,E,B,5161,100,5161,1,0
B,F,B,1305,100,1305,1,0
B,G,B,7075,100,7075,1,0
B,H,B,5760,100,5760,1,0
A,C,C,10665,100,10665,1,0
B,C,C,7020,100,7020,1,0
C,D,C,8701,100,8701,1,0
C,E,C,10861,100,10861,1,0
C,F,C,7203,100,7203,1,0
C,G,C,1363,100,1363,1,0
C,H,C,8929,100,8929,1,0
A,D,D,9545,100,9545,1,0
B,D,D,5318,100,5318,1,0
C,D,D,8711,100,8711,1,0
D,E,D,9963,100,9963,1,0
D,F,D,5354,100,5354,1,0
D,G,D,8898,100,8898,1,0
D,H,D,1455,100,1455,1,0
A,E,E,1375,100,1375,1,0
B,E,E,5204,100,5204,1,0
C,E,E,10837,100,10837,1,0
D,E,E,9926,100,9926,1,0
E,F,E,5103,100,5103,1,0
E,G,E,10621,100,10621,1,0
E,H,E,10139,100,10139,1,0
A,F,F,5082,100,5082,1,0
B,F,F,1370,100,1370,1,0
C,F,F,7197,100,7197,1,0
D,F,F,5354,100,5354,1,0
E,F,F,5081,100,5081,1,0
F,G,F,6978,100,6978,1,0
F,H,F,5423,100,5423,1,0
A,G,G,10584,100,10584,1,0
B,G,G,7099,100,7099,1,0
C,G,G,1337,100,1337,1,0
D,G,G,8902,100,8902,1,0
E,G,G,10621,100,10621,1,0
F,G,G,6989,100,6989,1,0
G,H,G,8881,100,8881,1,0
A,H,H,9934,100,9934,1,0
B,H,H,5719,100,5719,1,0
C,H,H,8952,100,8952,1,0
D,H,H,1560,100,1560,1,0
E,H,H,10145,100,10145,1,0
F,H,H,5500,100,5500,1,0
G,H,H,8885,100,8885,1,0
A,B,A,4766,100,4766,1,0
A,C,A,10589,100,10589,1,0
A,D,A,9523,100,9523,1,0
A,E,A,1427,100,1427,1,0
A,F,A,5094,100,5094,1,0
A,G,A,10667,100,10667,1,0
A,H,A,9977,100,9977,1,0
A,B,B,4792,100,4792,1,0
B,C,B,6989,100,6989,1,0
B,D,B,5324,100,5324,1,0
B,E,B,5175,100,5175,1,0
B,F,B,1361,100,1361,1,0
B,G,B,7078,100,7078,1,0
B,H,B,5783,100,5783,1,0
A,C,C,10631,100,10631,1,0
B,C,C,6975,100,6975,1,0
C,D,C,8710,100,8710,1,0
C,E,C,10832,100,10832,1,0
C,F,C,7186,100,7186,1,0
C,G,C,1387,100,1387,1,0
C,H,C,8925,100,8925,1,0
A,D,D,9504,100,9504,1,0
B,D,D,5316,100,5316,1,0
C,D,D,8764,100,8764,1,0
D,E,D,9920,100,9920,1,0
D,F,D,5367,100,5367,1,0
D,G,D,8912,100,8912,1,0
D,H,D,1484,100,1484,1,0
A,E,E,1438,100,1438,1,0
B,E,E,5180,100,5180,1,0
C,E,E,10821,100,10821,1,0
D,E,E,9976,100,9976,1,0
E,F,E,5126,100,5126,1,0
E,G,E,10658,100,10658,1,0
E,H,E,10112,100,10112,1,0
A,F,F,5086,100,5086,1,0
B,F,F,1327,100,1327,1,0
C,F,F,7192,100,7192,1,0
D,F,F,5364,100,5364,1,0
E,F,F,5099,100,5099,1,0
F,G,F,6992,100,6992,1,0
F,H,F,5448,100,5448,1,0
A,G,G,10629,100,10629,1,0
B,G,G,7092,100,7092,1,0
C,G,G,1359,100,1359,1,0
D,G,G,8866,100,8866,1,0
E,G,G,10622,100,10622,1,0
F,G,G,7005,100,7005,1,0
G,H,G,8874,100,8874,1,0
A,H,H,9956,100,9956,1,0
B,H,H,5793,100,5793,1,0
C,H,H,8968,100,8968,1,0
D,H,H,1524,100,1524,1,0
E,H,H,10134,100,10134,1,0
F,H,H,5473,100,5473,1,0
G,H,H,8887,100,8887,1,0
A,B,A,4785,100,4785,1,0
A,C,A,10615,100,10615,1,0
A,D,A,9546,100,9546,1,0
A,E,A,1406,100,1406,1,0
A,F,A,5065,100,5065,1,0
A,G,A,10617,100,10617,1,0
A,H,A,9949,100,9949,1,0
A,B,B,4746,100,4746,1,0
B,C,B,7022,100,7022,1,0
B,D,B,5316,100,5316,1,0
B,E,B,5173,100,5173,1,0
B,F,B,1338,100,1338,1,0
B,G,B,7097,100,7097,1,0
B,H,B,5767,100,5767,1,0
A,C,C,10640,100,10640,1,0
B,C,C,6999,100,6999,1,0
C,D,C,8716,100,8716,1,0
C,E,C,10863,100,10863,1,0
C,F,C,7168,100,7168,1,0
C,G,C,1365,100,1365,1,0
C,H,C,8949,100,8949,1,0
A,D,D,9540,100,9540,1,0
B,D,D,5289,100,5289,1,0
C,D,D,8770,100,8770,1,0
D,E,D,9928,100,9928,1,0
D,F,D,5400,100,5400,1,0
D,G,D,8901,100,8901,1,0
D,H,D,1483,100,1483,1,0
A,E,E,1388,100,1388,1,0
B,E,E,5176,100,5176,1,0
C,E,E,10810,100,10810,1,0
D,E,E,9965,100,9965,1,0
E,F,E,5109,100,5109,1,0
E,G,E,10671,100,10671,1,0
E,H,E,10203,100,10203,1,0
A,F,F,5065,100,5065,1,0
B,F,F,1356,100,1356,1,0
C,F,F,7208,100,7208,1,0
D,F,F,5365,100,5365,1,0
E,F,F,5100,100,5100,1,0
F,G,F,7019,100,7019,1,0
F,H,F,5485,100,5485,1,0
A,G,G,10664,100,10664,1,0
B,G,G,7058,100,7058,1,0
C,G,G,1371,100,1371,1,0
D,G,G,8905,100,8905,1,0
E,G,G,10638,100,10638,1,0
F,G,G,6980,100,6980,1,0
G,H,G,8882,100,8882,1,0
A,H,H,9937,100,9937,1,0
B,H,H,5767,100,5767,1,0
C,H,H,8938,100,8938,1,0
D,H,H,1459,100,1459,1,0
E,H,H,10141,100,10141,1,0
F,H,H,5470,100,5470,1,0
G,H,H,8884,100,8884,1,0
A,B,A,4771,100,4771,1,0
A,C,A,10575,100,10575,1,0
A,D,A,9516,100,9516,1,0
A,E,A,1420,100,1420,1,0
A,F,A,5067,100,5067,1,0
A,G,A,10603,100,10603,1,0
A,H,A,9913,100,9913,1,0
A,B,B,4784,100,4784,1,0
B,C,B,7034,100,7034,1,0
B,D,B,5265,100,5265,1,0
B,E,B,5197,100,5197,1,0
B,F,B,1377,100,1377,1,0
B,G,B,7110,100,7110,1,0
B,H,B,5799,100,5799,1,0
A,C,C,10634,100,10634,1,0
B,C,C,6982,100,6982,1,0
C,D,C,8753,100,8753,1,0
C,E,C,10845,100,10845,1,0
C,F,C,7181,100,7181,1,0
C,G,C,1398,100,1398,1,0
C,H,C,8921,100,8921,1,0
A,D,D,9526,100,9526,1,0
B,D,D,5256,100,5256,1,0
C,D,D,8765,100,8765,1,0
D,E,D,9898,100,9898,1,0
D,F,D,5376,100,5376,1,0
D,G,D,8889,100,8889,1,0
D,H,D,1565,100,1565,1,0
A,E,E,1388,100,1388,1,0
B,E,E,5211,100,5211,1,0
C,E,E,10852,100,10852,1,0
D,E,E,9969,100,9969,1,0
E,F,E,5093,100,5093,1,0
E,G,E,10636,100,10636,1,0
E,H,E,10194,100,10194,1,0
A,F,F,5054,100,5054,1,0
B,F,F,1355,100,1355,1,0
C,F,F,7203,100,7203,1,0
D,F,F,5363,100,5363,1,0
E,F,F,5075,100,5075,1,0
F,G,F,6990,100,6990,1,0
F,H,F,5441,100,5441,1,0
A,G,G,10646,100,10646,1,0
B,G,G,7105,100,7105,1,0
C,G,G,1428,100,1428,1,0
D,G,G,8878,100,8878,1,0
E,G,G,10650,100,10650,1,0
F,G,G,7010,100,7010,1,0
G,H,G,8871,100,8871,1,0
A,H,H,9966,100,9966,1,0
B,H,H,5744,100,5744,1,0
C,H,H,8934,100,8934,1,0
D,H,H,1510,100,1510,1,0
E,H,H,10139,100,10139,1,0
F,H,H,5465,100,5465,1,0
G,H,H,8863,100,8863,1,0
A,B,A,4801,100,4801,1,0
A,C,A,10653,100,10653,1,0
A,D,A,9538,100,9538,1,0
A,E,A,1435,100,1435,1,0
A,F,A,5055,100,5055,1,0
A,G,A,10596,100,10596,1,0
A,H,A,9974,100,9974,1,0
A,B,B,4789,100,4789,1,0
B,C,B,6989,100,6989,1,0
B,D,B,5264,100,5264,1,0
B,E,B,5216,100,5216,1,0
B,F,B,1363,100,1363,1,0
B,G,B,7055,100,7055,1,0
B,H,B,5741,100,5741,1,0
A,C,C,10645,100,10645,1,0
B,C,C,6985,100,6985,1,0
C,D,C,8736,100,8736,1,0
C,E,C,10813,100,10813,1,0
C,F,C,7185,100,7185,1,0
C,G,C,1412,100,1412,1,0
C,H,C,8913,100,8913,1,0
A,D,D,9514,100,9514,1,0
B,D,D,5306,100,5306,1,0
C,D,D,8739,100,8739,1,0
D,E,D,9933,100,9933,1,0
D,F,D,5393,100,5393,1,0
D,G,D,8899,100,8899,1,0
D,H,D,1468,100,1468,1,0
A,E,E,1457,100,1457,1,0
B,E,E,5205,100,5205,1,0
C,E,E,10861,100,10861,1,0
D,E,E,10001,100,10001,1,0
E,F,E,5103,100,5103,1,0
E,G,E,10635,100,10635,1,0
E,H,E,10160,100,10160,1,0
A,F,F,5049,100,5049,1,0
B,F,F,1354,100,1354,1,0
C,F,F,7187,100,7187,1,0
D,F,F,5351,100,5351,1,0
E,F,F,5122,100,5122,1,0
F,G,F,7012,100,7012,1,0
F,H,F,5457,100,5457,1,0
A,G,G,10597,100,10597,1,0
B,G,G,7077,100,7077,1,0
C,G,G,1401,100,1401,1,0
D,G,G,8940,100,8940,1,0
E,G,G,10636,100,10636,1,0
F,G,G,6980,100,6980,1,0
G,H,G,8900,100,8900,1,0
A,H,H,9944,100,9944,1,0
B,H,H,5731,100,5731,1,0
C,H,H,8928,100,8928,1,0
D,H,H,1472,100,1472,1,0
E,H,H,10140,100,10140,1,0
F,H,H,5421,100,5421,1,0
G,H,H,8866,100,8866,1,0
A,B,A,4761,100,4761,1,0
A,C,A,10616,100,10616,1,0
A,D,A,9556,100,9556,1,0
A,E,A,1402,100,1402,1,0
A,F,A,5094,100,5094,1,0
A,G,A,10588,100,10588,1,0
A,H,A,9978,100,9978,1,0
A,B,B,4751,100,4751,1,0
B,C,B,6990,100,6990,1,0
B,D,B,5276,100,5276,1,0
B,E,B,5249,100,5249,1,0
B,F,B,1319,100,1319,1,0
B,G,B,7081,100,7081,1,0
B,H,B,5785,100,5785,1,0
A,C,C,10646,100,10646,1,0
B,C,C,7017,100,7017,1,0
C,D,C,8772,100,8772,1,0
C,E,C,10836,100,10836,1,0
C,F,C,7206,100,7206,1,0
C,G,C,1379,100,1379,1,0
C,H,C,8947,100,8947,1,0
A,D,D,9524,100,9524,1,0
B,D,D,5266,100,5266,1,0
C,D,D,8721,100,8721,1,0
D,E,D,9939,100,9939,1,0
D,F,D,5387,100,5387,1,0
D,G,D,8902,100,8902,1,0
D,H,D,1513,100,1513,1,0
A,E,E,1355,100,1355,1,0
B,E,E,5202,100,5202,1,0
C,E,E,10854,100,10854,1,0
D,E,E,9938,100,9938,1,0
E,F,E,5105,100,5105,1,0
E,G,E,10647,100,10647,1,0
E,H,E,10129,100,10129,1,0
A,F,F,5015,100,5015,1,0
B,F,F,1346,100,1346,1,0
C,F,F,7179,100,7179,1,0
D,F,F,5386,100,5386,1,0
E,F,F,5119,100,5119,1,0
F,G,F,7006,100,7006,1,0
F,H,F,5455,100,5455,1,0
A,G,G,10646,100,10646,1,0
B,G,G,7047,100,7047,1,0
C,G,G,1370,100,1370,1,0
D,G,G,8890,100,8890,1,0
E,G,G,10616,100,10616,1,0
F,G,G,7016,100,7016,1,0
G,H,G,8868,100,8868,1,0
A,H,H,9991,100,9991,1,0
B,H,H,5733,100,5733,1,0
C,H,H,8929,100,8929,1,0
D,H,H,1448,100,1448,1,0
E,H,H,10132,100,10132,1,0
F,H,H,5506,100,5506,1,0
G,H,H,8860,100,8860,1,0
A,B,A,4749,100,4749,1,0
A,C,A,10606,100,10606,1,0
A,D,A,9515,100,9515,1,0
A,E,A,1396,100,1396,1,0
A,F,A,5071,100,5071,1,0
A,G,A,10650,100,10650,1,0
A,H,A,9961,100,9961,1,0
A,B,B,4794,100,4794,1,0
B,C,B,7018,100,7018,1,0
B,D,B,5252,100,5252,1,0
B,E,B,5208,100,5208,1,0
B,F,B,1356,100,1356,1,0
B,G,B,7065,100,7065,1,0
B,H,B,5673,100,5673,1,0
A,C,C,10614,100,10614,1,0
B,C,C,7000,100,7000,1,0
C,D,C,8783,100,8783,1,0
C,E,C,10806,100,10806,1,0
C,F,C,7198,100,7198,1,0
C,G,C,1384,100,1384,1,0
C,H,C,8887,100,8887,1,0
A,D,D,9525,100,9525,1,0
B,D,D,5278,100,5278,1,0
C,D,D,8739,100,8739,1,0
D,E,D,9914,100,9914,1,0
D,F,D,5338,100,5338,1,0
D,G,D,8883,100,8883,1,0
D,H,D,1482,100,1482,1,0
A,E,E,1391,100,1391,1,0
B,E,E,5171,100,5171,1,0
C,E,E,10792,100,10792,1,0
D,E,E,9898,100,9898,1,0
E,F,E,5079,100,5079,1,0
E,G,E,10629,100,10629,1,0
E,H,E,10165,100,10165,1,0
A,F,F,5060,100,5060,1,0
B,F,F,1373,100,1373,1,0
C,F,F,7235,100,7235,1,0
D,F,F,5374,100,5374,1,0
E,F,F,5109,100,5109,1,0
F,G,F,7030,100,7030,1,0
F,H,F,5412,100,5412,1,0
A,G,G,10650,100,10650,1,0
B,G,G,7054,100,7054,1,0
C,G,G,1314,100,1314,1,0
D,G,G,8900,100,8900,1,0
E,G,G,10667,100,10667,1,0
F,G,G,7012,100,7012,1,0
G,H,G,8884,100,8884,1,0
A,H,H,9980,100,9980,1,0
B,H,H,5715,100,5715,1,0
C,H,H,8964,100,8964,1,0
D,H,H,1464,100,1464,1,0
E,H,H,10165,100,10165,1,0
F,H,H,5473,100,5473,1,0
G,H,H,8861,100,8861,1,0
A,B,A,4737,100,4737,1,0
A,C,A,10649,100,10649,1,0
A,D,A,9521,100,9521,1,0
A,E,A,1418,100,1418,1,0
A,F,A,5054,100,5054,1,0
A,G,A,10627,100,10627,1,0
A,H,A,9907,100,9907,1,0
A,B,B,4741,100,4741,1,0
B,C,B,7027,100,7027,1,0
B,D,B,5312,100,5312,1,0
B,E,B,5231,100,5231,1,0
B,F,B,1350,100,1350,1,0
B,G,B,7099,100,7099,1,0
B,H,B,5769,100,5769,1,0
A,C,C,10619,100,10619,1,0
B,C,C,7015,100,7015,1,0
C,D,C,8770,100,8770,1,0
C,E,C,10845,100,10845,1,0
C,F,C,7184,100,7184,1,0
C,G,C,1401,100,1401,1,0
C,H,C,8966,100,8966,1,0
A,D,D,9537,100,9537,1,0
B,D,D,5253,100,5253,1,0
C,D,D,8736,100,8736,1,0
D,E,D,9921,100,9921,1,0
D,F,D,5384,100,5384,1,0
D,G,D,8866,100,8866,1,0
D,H,D,1468,100,1468,1,0
A,E,E,1392,100,1392,1,0
B,E,E,5220,100,5220,1,0
C,E,E,10828,100,10828,1,0
D,E,E,9935,100,9935,1,0
E,F,E,5087,100,5087,1,0
E,G,E,10628,100,10628,1,0
E,H,E,10145,100,10145,1,0
A,F,F,5078,100,5078,1,0
B,F,F,1353,100,1353,1,0
C,F,F,7209,100,7209,1,0
D,F,F,5363,100,5363,1,0
E,F,F,5095,100,5095,1,0
F,G,F,7036,100,7036,1,0
F,H,F,5461,100,5461,1,0
A,G,G,10633,100,10633,1,0
B,G,G,7073,100,7073,1,0
C,G,G,1381,100,1381,1,0
D,G,G,8881,100,8881,1,0
E,G,G,10655,100,10655,1,0
F,G,G,6999,100,6999,1,0
G,H,G,8810,100,8810,1,0
A,H,H,9904,100,9904,1,0
B,H,H,5710,100,5710,1,0
C,H,H,8956,100,8956,1,0
D,H,H,1507,100,1507,1,0
E,H,H,10175,100,10175,1,0
F,H,H,5459,100,5459,1,0
G,H,H,8892,100,8892,1,0
A,B,A,4773,100,4773,1,0
A,C,A,10652,100,10652,1,0
A,D,A,9547,100,9547,1,0
A,E,A,1456,100,1456,1,0
A,F,A,5047,100,5047,1,0
A,G,A,10601,100,10601,1,0
A,H,A,9915,100,9915,1,0
A,B,B,4781,100,4781,1,0
B,C,B,6986,100,6986,1,0
B,D,B,5289,100,5289,1,0
B,E,B,5155,100,5155,1,0
B,F,B,1359,100,1359,1,0
B,G,B,7088,100,7088,1,0
B,H,B,5727,100,5727,1,0
A,C,C,10616,100,10616,1,0
B,C,C,7031,100,7031,1,0
C,D,C,8689,100,8689,1,0
C,E,C,10852,100,10852,1,0
C,F,C,7220,100,7220,1,0
C,G,C,1340,100,1340,1,0
C,H,C,8906,100,8906,1,0
A,D,D,9533,100,9533,1,0
B,D,D,5320,100,5320,1,0
C,D,D,8759,100,8759,1,0
D,E,D,9989,100,9989,1,0
D,F,D,5360,100,5360,1,0
D,G,D,8885,100,8885,1,0
D,H,D,1571,100,1571,1,0
A,E,E,1424,100,1424,1,0
B,E,E,5160,100,5160,1,0
C,E,E,10815,100,10815,1,0
D,E,E,9947,100,9947,1,0
E,F,E,5106,100,5106,1,0
E,G,E,10661,100,10661,1,0
E,H,E,10166,100,10166,1,0
A,F,F,5062,100,5062,1,0
B,F,F,1331,100,1331,1,0
C,F,F,7185,100,7185,1,0
D,F,F,5363,100,5363,1,0
E,F,F,5076,100,5076,1,0
F,G,F,7008,100,7008,1,0
F,H,F,5468,100,5468,1,0
A,G,G,10662,100,10662,1,0
B,G,G,7086,100,7086,1,0
C,G,G,1410,100,1410,1,0
D,G,G,8865,100,8865,1,0
E,G,G,10612,100,10612,1,0
F,G,G,6993,100,6993,1,0
G,H,G,8871,100,8871,1,0
A,H,H,9887,100,9887,1,0
B,H,H,5729,100,5729,1,0
C,H,H,8937,100,8937,1,0
D,H,H,1461,100,1461,1,0
E,H,H,10138,100,10138,1,0
F,H,H,5479,100,5479,1,0
G,H,H,8883,100,8883,1,0
A,B,A,4756,100,4756,1,0
A,C,A,10654,100,10654,1,0
A,D,A,9517,100,9517,1,0
A,E,A,1437,100,1437,1,0
A,F,A,5050,100,5050,1,0
A,G,A,10654,100,10654,1,0
A,H,A,9942,100,9942,1,0
A,B,B,4815,100,4815,1,0
B,C,B,7007,100,7007,1,0
B,D,B,5296,100,5296,1,0
B,E,B,5184,100,5184,1,0
B,F,B,1365,100,1365,1,0
B,G,B,7057,100,7057,1,0
B,H,B,5720,100,5720,1,0
A,C,C,10611,100,10611,1,0
B,C,C,7023,100,7023,1,0
C,D,C,8724,100,8724,1,0
C,E,C,10801,100,10801,1,0
C,F,C,7209,100,7209,1,0
C,G,C,1383,100,1383,1,0
C,H,C,8928,100,8928,1,0
A,D,D,9505,100,9505,1,0
B,D,D,5302,100,5302,1,0
C,D,D,8769,100,8769,1,0
D,E,D,9861,100,9861,1,0
D,F,D,5388,100,5388,1,0
D,G,D,8862,100,8862,1,0
D,H,D,1525,100,1525,1,0
A,E,E,1377,100,1377,1,0
B,E,E,5175,100,5175,1,0
C,E,E,10807,100,10807,1,0
D,E,E,9929,100,9929,1,0
E,F,E,5105,100,5105,1,0
E,G,E,10627,100,10627,1,0
E,H,E,10114,100,10114,1,0
A,F,F,5052,100,5052,1,0
B,F,F,1374,100,1374,1,0
C,F,F,7179,100,7179,1,0
D,F,F,5389,100,5389,1,0
E,F,F,5112,100,5112,1,0
F,G,F,6977,100,6977,1,0
F,H,F,5487,100,5487,1,0
A,G,G,10602,100,10602,1,0
B,G,G,7066,100,7066,1,0
C,G,G,1434,100,1434,1,0
D,G,G,8949,100,8949,1,0
E,G,G,10616,100,10616,1,0
F,G,G,7028,100,7028,1,0
G,H,G,8881,100,8881,1,0
A,H,H,9951,100,9951,1,0
B,H,H,5735,100,5735,1,0
C,H,H,8912,100,8912,1,0
D,H,H,1452,100,1452,1,0
E,H,H,10149,100,10149,1,0
F,H,H,5486,100,5486,1,0
G,H,H,8873,100,8873,1,0
A,B,A,4787,100,4787,1,0
A,C,A,10626,100,10626,1,0
A,D,A,9543,100,9543,1,0
A,E,A,1461,100,1461,1,0
A,F,A,5083,100,5083,1,0
A,G,A,10669,100,10669,1,0
A,H,A,9949,100,9949,1,0
A,B,B,4767,100,4767,1,0
B,C,B,7012,100,7012,1,0
B,D,B,5270,100,5270,1,0
B,E,B,5196,100,5196,1,0
B,F,B,1392,100,1392,1,0
B,G,B,7100,100,7100,1,0
B,H,B,5733,100,5733,1,0
A,C,C,10673,100,10673,1,0
B,C,C,7009,100,7009,1,0
C,D,C,8767,100,8767,1,0
C,E,C,10830,100,10830,1,0
C,F,C,7214,100,7214,1,0
C,G,C,1417,100,1417,1,0
C,H,C,8919,100,8919,1,0
A,D,D,9543,100,9543,1,0
B,D,D,5300,100,5300,1,0
C,D,D,8722,100,8722,1,0
D,E,D,9872,100,9872,1,0
D,F,D,5368,100,5368,1,0
D,G,D,8863,100,8863,1,0
D,H,D,1485,100,1485,1,0
A,E,E,1376,100,1376,1,0
B,E,E,5161,100,5161,1,0
C,E,E,10818,100,10818,1,0
D,E,E,9978,100,9978,1,0
E,F,E,5069,100,5069,1,0
E,G,E,10671,100,10671,1,0
E,H,E,10143,100,10143,1,0
A,F,F,5064,100,5064,1,0
B,F,F,1315,100,1315,1,0
C,F,F,7195,100,7195,1,0
D,F,F,5367,100,5367,1,0
E,F,F,5082,100,5082,1,0
F,G,F,7019,100,7019,1,0
F,H,F,5483,100,5483,1,0
A,G,G,10652,100,10652,1,0
B,G,G,7066,100,7066,1,0
C,G,G,1364,100,1364,1,0
D,G,G,8911,100,8911,1,0
E,G,G,10605,100,10605,1,0
F,G,G,7036,100,7036,1,0
G,H,G,8874,100,8874,1,0
A,H,H,9926,100,9926,1,0
B,H,H,5770,100,5770,1,0
C,H,H,8977,100,8977,1,0
D,H,H,1548,100,1548,1,0
E,H,H,10169,100,10169,1,0
F,H,H,5420,100,5420,1,0
G,H,H,8860,100,8860,1,0
A,B,A,4792,100,4792,1,0
A,C,A,10658,100,10658,1,0
A,D,A,9514,100,9514,1,0
A,E,A,1405,100,1405,1,0
A,F,A,5030,100,5030,1,0
A,G,A,10647,100,10647,1,0
A,H,A,9985,100,9985,1,0
A,B,B,4803,100,4803,1,0
B,C,B,7001,100,7001,1,0
B,D,B,5269,100,5269,1,0
B,E,B,5179,100,5179,1,0
B,F,B,1358,100,1358,1,0
B,G,B,7078,100,7078,1,0
B,H,B,5718,100,5718,1,0
A,C,C,10642,100,10642,1,0
B,C,C,7019,100,7019,1,0
C,D,C,8743,100,8743,1,0
C,E,C,10823,100,10823,1,0
C,F,C,7206,100,7206,1,0
C,G,C,1320,100,1320,1,0
C,H,C,8910,100,8910,1,0
A,D,D,9492,100,9492,1,0
B,D,D,5280,100,5280,1,0
C,D,D,8761,100,8761,1,0
D,E,D,9934,100,9934,1,0
D,F,D,5335,100,5335,1,0
D,G,D,8931,100,8931,1,0
D,H,D,1441,100,1441,1,0
A,E,E,1415,100,1415,1,0
B,E,E,5170,100,5170,1,0
C,E,E,10858,100,10858,1,0
D,E,E,9882,100,9882,1,0
E,F,E,5126,100,5126,1,0
E,G,E,10642,100,10642,1,0
E,H,E,10153,100,10153,1,0
A,F,F,5062,100,5062,1,0
B,F,F,1321,100,1321,1,0
C,F,F,7209,100,7209,1,0
D,F,F,5356,100,5356,1,0
E,F,F,5112,100,5112,1,0
F,G,F,6978,100,6978,1,0
F,H,F,5431,100,5431,1,0
A,G,G,10630,100,10630,1,0
B,G,G,7089,100,7089,1,0
C,G,G,1428,100,1428,1,0
D,G,G,8895,100,8895,1,0
E,G,G,10654,100,10654,1,0
F,G,G,6997,100,6997,1,0
G,H,G,8875,100,8875,1,0
A,H,H,9940,100,9940,1,0
B,H,H,5739,100,5739,1,0
C,H,H,8980,100,8980,1,0
D,H,H,1449,100,1449,1,0
E,H,H,10121,100,10121,1,0
F,H,H,5490,100,5490,1,0
G,H,H,8878,100,8878,1,0
A,B,A,4761,100,4761,1,0
A,C,A,10647,100,10647,1,0
A,D,A,9536,100,9536,1,0
A,E,A,1421,100,1421,1,0
A,F,A,5092,100,5092,1,0
A,G,A,10601,100,10601,1,0
A,H,A,9986,100,9986,1,0
A,B,B,4830,100,4830,1,0
B,C,B,7033,100,7033,1,0
B,D,B,5299,100,5299,1,0
B,E,B,5171,100,5171,1,0
B,F,B,1353,100,1353,1,0
B,G,B,7079,100,7079,1,0
B,H,B,5758,100,5758,1,0
A,C,C,10657,100,10657,1,0
B,C,C,6978,100,6978,1,0
C,D,C,8737,100,8737,1,0
C,E,C,10818,100,10818,1,0
C,F,C,7224,100,7224,1,0
C,G,C,1335,100,1335,1,0
C,H,C,8919,100,8919,1,0
A,D,D,9549,100,9549,1,0
B,D,D,5311,100,5311,1,0
C,D,D,8746,100,8746,1,0
D,E,D,9961,100,9961,1,0
D,F,D,5360,100,5360,1,0
D,G,D,8915,100,8915,1,0
D,H,D,1468,100,1468,1,0
A,E,E,1369,100,1369,1,0
B,E,E,5236,100,5236,1,0
C,E,E,10814,100,10814,1,0
D,E,E,9931,100,9931,1,0
E,F,E,5084,100,5084,1,0
E,G,E,10671,100,10671,1,0
E,H,E,10099,100,10099,1,0
A,F,F,5085,100,5085,1,0
B,F,F,1359,100,1359,1,0
C,F,F,7193,100,7193,1,0
D,F,F,5393,100,5393,1,0
E,F,F,5106,100,5106,1,0
F,G,F,6998,100,6998,1,0
F,H,F,5464,100,5464,1,0
A,G,G,10600,100,10600,1,0
B,G,G,7100,100,7100,1,0
C,G,G,1386,100,1386,1,0
D,G,G,8915,100,8915,1,0
E,G,G,10635,100,10635,1,0
F,G,G,7008,100,7008,1,0
G,H,G,8865,100,8865,1,0
A,H,H,9910,100,9910,1,0
B,H,H,5745,100,5745,1,0
C,H,H,8963,100,8963,1,0
D,H,H,1538,100,1538,1,0
E,H,H,10116,100,10116,1,0
F,H,H,5464,100,5464,1,0
G,H,H,8893,100,8893,1,0
A,B,A,4778,100,4778,1,0
A,C,A,10667,100,10667,1,0
A,D,A,9523,100,9523,1,0
A,E,A,1404,100,1404,1,0
A,F,A,5122,100,5122,1,0
A,G,A,10660,100,10660,1,0
A,H,A,9959,100,9959,1,0
A,B,B,4732,100,4732,1,0
B,C,B,6999,100,6999,1,0
B,D,B,5293,100,5293,1,0
B,E,B,5182,100,5182,1,0
B,F,B,1368,100,1368,1,0
B,G,B,7090,100,7090,1,0
B,H,B,5734,100,5734,1,0
A,C,C,10670,100,10670,1,0
B,C,C,6993,100,6993,1,0
C,D,C,8747,100,8747,1,0
C,E,C,10799,100,10799,1,0
C,F,C,7220,100,7220,1,0
C,G,C,1403,100,1403,1,0
C,H,C,8964,100,8964,1,0
A,D,D,9522,100,9522,1,0
B,D,D,5285,100,5285,1,0
C,D,D,8722,100,8722,1,0
D,E,D,9938,100,9938,1,0
D,F,D,5358,100,5358,1,0
D,G,D,8909,100,8909,1,0
D,H,D,1481,100,1481,1,0
A,E,E,1381,100,1381,1,0
B,E,E,5181,100,5181,1,0
C,E,E,10825,100,10825,1,0
D,E,E,9950,100,9950,1,0
E,F,E,5106,100,5106,1,0
E,G,E,10645,100,10645,1,0
E,H,E,10147,100,10147,1,0
A,F,F,5111,100,5111,1,0
B,F,F,1363,100,1363,1,0
C,F,F,7178,100,7178,1,0
D,F,F,5390,100,5390,1,0
E,F,F,5096,100,5096,1,0
F,G,F,7006,100,7006,1,0
F,H,F,5484,100,5484,1,0
A,G,G,10617,100,10617,1,0
B,G,G,7031,100,7031,1,0
C,G,G,1406,100,1406,1,0
D,G,G,8895,100,8895,1,0
E,G,G,10636,100,10636,1,0
F,G,G,6992,100,6992,1,0
G,H,G,8878,100,8878,1,0
A,H,H,9898,100,9898,1,0
B,H,H,5703,100,5703,1,0
C,H,H,8964,100,8964,1,0
D,H,H,1450,100,1450,1,0
E,H,H,10115,100,10115,1,0
F,H,H,5482,100,5482,1,0
G,H,H,8865,100,8865,1,0
A,B,A,4766,100,4766,1,0
A,C,A,10608,100,10608,1,0
A,D,A,9508,100,9508,1,0
A,E,A,1406,100,1406,1,0
A,F,A,5068,100,5068,1,0
A,G,A,10570,100,10570,1,0
A,H,A,9894,100,9894,1,0
A,B,B,4794,100,4794,1,0
B,C,B,7033,100,7033,1,0
B,D,B,5262,100,5262,1,0
B,E,B,5185,100,5185,1,0
B,F,B,1350,100,1350,1,0
B,G,B,7072,100,7072,1,0
B,H,B,5699,100,5699,1,0
A,C,C,10637,100,10637,1,0
B,C,C,7032,100,7032,1,0
C,D,C,8689,100,8689,1,0
C,E,C,10774,100,10774,1,0
C,F,C,7169,100,7169,1,0
C,G,C,1394,100,1394,1,0
C,H,C,8900,100,8900,1,0
A,D,D,9496,100,9496,1,0
B,D,D,5265,100,5265,1,0
C,D,D,8738,100,8738,1,0
D,E,D,9942,100,9942,1,0
D,F,D,5362,100,5362,1,0
D,G,D,8921,100,8921,1,0
D,H,D,1435,100,1435,1,0
A,E,E,1339,100,1339,1,0
B,E,E,5171,100,5171,1,0
C,E,E,10856,100,10856,1,0
D,E,E,9897,100,9897,1,0
E,F,E,5164,100,5164,1,0
E,G,E,10630,100,10630,1,0
E,H,E,10116,100,10116,1,0
A,F,F,5074,100,5074,1,0
B,F,F,1364,100,1364,1,0
C,F,F,7213,100,7213,1,0
D,F,F,5354,100,5354,1,0
E,F,F,5108,100,5108,1,0
F,G,F,6996,100,6996,1,0
F,H,F,5507,100,5507,1,0
A,G,G,10658,100,10658,1,0
B,G,G,7083,100,7083,1,0
C,G,G,1384,100,1384,1,0
D,G,G,8896,100,8896,1,0
E,G,G,10637,100,10637,1,0
F,G,G,7004,100,7004,1,0
G,H,G,8860,100,8860,1,0
A,H,H,9935,100,9935,1,0
B,H,H,5734,100,5734,1,0
C,H,H,8973,100,8973,1,0
D,H,H,1557,100,1557,1,0
E,H,H,10153,100,10153,1,0
F,H,H,5436,100,5436,1,0
G,H,H,8869,100,8869,1,0
A,B,A,4752,100,4752,1,0
A,C,A,10635,100,10635,1,0
A,D,A,9536,100,9536,1,0
A,E,A,1397,100,1397,1,0
A,F,A,5058,100,5058,1,0
A,G,A,10677,100,10677,1,0
A,H,A,9940,100,9940,1,0
A,B,B,4799,100,4799,1,0
B,C,B,7001,100,7001,1,0
B,D,B,5289,100,5289,1,0
B,E,B,5222,100,5222,1,0
B,F,B,1337,100,1337,1,0
B,G,B,7061,100,7061,1,0
B,H,B,5728,100,5728,1,0
A,C,C,10612,100,10612,1,0
B,C,C,7049,100,7049,1,0
C,D,C,8730,100,8730,1,0
C,E,C,10808,100,10808,1,0
C,F,C,7222,100,7222,1,0
C,G,C,1325,100,1325,1,0
C,H,C,8910,100,8910,1,0
A,D,D,9547,100,9547,1,0
B,D,D,5289,100,5289,1,0
C,D,D,8746,100,8746,1,0
D,E,D,9913,100,9913,1,0
D,F,D,5380,100,5380,1,0
D,G,D,8863,100,8863,1,0
D,H,D,1501,100,1501,1,0
A,E,E,1405,100,1405,1,0
B,E,E,5153,100,5153,1,0
C,E,E,10818,100,10818,1,0
D,E,E,9905,100,9905,1,0
E,F,E,5102,100,5102,1,0
E,G,E,10628,100,10628,1,0
E,H,E,10095,100,10095,1,0
A,F,F,5070,100,5070,1,0
B,F,F,1376,100,1376,1,0
C,F,F,7184,100,7184,1,0
D,F,F,5349,100,5349,1,0
E,F,F,5120,100,5120,1,0
F,G,F,7007,100,7007,1,0
F,H,F,5444,100,5444,1,0
A,G,G,10653,100,10653,1,0
B,G,G,7120,100,7120,1,0
C,G,G,1335,100,1335,1,0
D,G,G,8915,100,8915,1,0
E,G,G,10617,100,10617,1,0
F,G,G,7011,100,7011,1,0
G,H,G,8871,100,8871,1,0
A,H,H,9957,100,9957,1,0
B,H,H,5711,100,5711,1,0
C,H,H,8972,100,8972,1,0
D,H,H,1465,100,1465,1,0
E,H,H,10153,100,10153,1,0
F,H,H,5493,100,5493,1,0
G,H,H,8861,100,8861,1,0
A,B,A,4794,100,4794,1,0
A,C,A,10689,100,10689,1,0
A,D,A,9536,100,9536,1,0
A,E,A,1392,100,1392,1,0
A,F,A,5073,100,5073,1,0
A,G,A,10661,100,10661,1,0
A,H,A,9956,100,9956,1,0
A,B,B,4791,100,4791,1,0
B,C,B,7007,100,7007,1,0
B,D,B,5292,100,5292,1,0
B,E,B,5203,100,5203,1,0
B,F,B,1355,100,1355,1,0
B,G,B,7051,100,7051,1,0
B,H,B,5787,100,5787,1,0
A,C,C,10666,100,10666,1,0
B,C,C,7018,100,7018,1,0
C,D,C,8726,100,8726,1,0
C,E,C,10824,100,10824,1,0
C,F,C,7188,100,7188,1,0
C,G,C,1402,100,1402,1,0
C,H,C,8927,100,8927,1,0
A,D,D,9556,100,9556,1,0
B,D,D,5268,100,5268,1,0
C,D,D,8719,100,8719,1,0
D,E,D,9913,100,9913,1,0
D,F,D,5372,100,5372,1,0
D,G,D,8903,100,8903,1,0
D,H,D,1530,100,1530,1,0
A,E,E,1439,100,1439,1,0
B,E,E,5156,100,5156,1,0
C,E,E,10853,100,10853,1,0
D,E,E,9936,100,9936,1,0
E,F,E,5094,100,5094,1,0
E,G,E,10632,100,10632,1,0
E,H,E,10140,100,10140,1,0
A,F,F,5048,100,5048,1,0
B,F,F,1378,100,1378,1,0
C,F,F,7160,100,7160,1,0
D,F,F,5354,100,5354,1,0
E,F,F,5110,100,5110,1,0
F,G,F,6985,100,6985,1,0
F,H,F,5473,100,5473,1,0
A,G,G,10625,100,10625,1,0
B,G,G,7094,100,7094,1,0
C,G,G,1402,100,1402,1,0
D,G,G,8869,100,8869,1,0
E,G,G,10629,100,10629,1,0
F,G,G,6998,100,6998,1,0
G,H,G,8892,100,8892,1,0
A,H,H,9899,100,9899,1,0
B,H,H,5766,100,5766,1,0
C,H,H,8952,100,8952,1,0
D,H,H,1449,100,1449,1,0
E,H,H,10148,100,10148,1,0
F,H,H,5466,100,5466,1,0
G,H,H,8834,100,8834,1,0
A,B,A,4766,100,4766,1,0
A,C,A,10629,100,10629,1,0
A,D,A,9523,100,9523,1,0
A,E,A,1453,100,1453,1,0
A,F,A,5054,100,5054,1,0
A,G,A,10614,100,10614,1,0
A,H,A,9963,100,9963,1,0
A,B,B,4755,100,4755,1,0
B,C,B,7060,100,7060,1,0
B,D,B,5325,100,5325,1,0
B,E,B,5180,100,5180,1,0
B,F,B,1342,100,1342,1,0
B,G,B,7079,100,7079,1,0
B,H,B,5758,100,5758,1,0
A,C,C,10706,100,10706,1,0
B,C,C,7002,100,7002,1,0
C,D,C,8728,100,8728,1,0
C,E,C,10831,100,10831,1,0
C,F,C,7211,100,7211,1,0
C,G,C,1346,100,1346,1,0
C,H,C,8939,100,8939,1,0
A,D,D,9528,100,9528,1,0
B,D,D,5288,100,5288,1,0
C,D,D,8731,100,8731,1,0
D,E,D,9923,100,9923,1,0
D,F,D,5334,100,5334,1,0
D,G,D,8917,100,8917,1,0
D,H,D,1491,100,1491,1,0
A,E,E,1375,100,1375,1,0
B,E,E,5223,100,5223,1,0
C,E,E,10756,100,10756,1,0
D,E,E,9934,100,9934,1,0
E,F,E,5130,100,5130,1,0
E,G,E,10657,100,10657,1,0
E,H,E,10095,100,10095,1,0
A,F,F,5052,100,5052,1,0
B,F,F,1389,100,1389,1,0
C,F,F,7209,100,7209,1,0
D,F,F,5375,100,5375,1,0
E,F,F,5120,100,5120,1,0
F,G,F,7016,100,7016,1,0
F,H,F,5507,100,5507,1,0
A,G,G,10658,100,10658,1,0
B,G,G,7055,100,7055,1,0
C,G,G,1378,100,1378,1,0
D,G,G,8908,100,8908,1,0
E,G,G,10613,100,10613,1,0
F,G,G,6981,100,6981,1,0
G,H,G,8841,100,8841,1,0
A,H,H,9964,100,9964,1,0
B,H,H,5734,100,5734,1,0
C,H,H,8977,100,8977,1,0
D,H,H,1459,100,1459,1,0
E,H,H,10128,100,10128,1,0
F,H,H,5485,100,5485,1,0
G,H,H,8865,100,8865,1,0
A,B,A,4785,100,4785,1,0
A,C,A,10671,100,10671,1,0
A,D,A,9526,100,9526,1,0
A,E,A,1402,100,1402,1,0
A,F,A,5060,100,5060,1,0
A,G,A,10648,100,10648,1,0
A,H,A,10001,100,10001,1,0
A,B,B,4762,100,4762,1,0
B,C,B,7045,100,7045,1,0
B,D,B,5263,100,5263,1,0
B,E,B,5178,100,5178,1,0
B,F,B,1349,100,1349,1,0
B,G,B,7076,100,7076,1,0
B,H,B,5699,100,5699,1,0
A,C,C,10615,100,10615,1,0
B,C,C,7009,100,7009,1,0
C,D,C,8756,100,8756,1,0
C,E,C,10806,100,10806,1,0
C,F,C,7185,100,7185,1,0
C,G,C,1390,100,1390,1,0
C,H,C,8910,100,8910,1,0
A,D,D,9524,100,9524,1,0
B,D,D,5259,100,5259,1,0
C,D,D,8784,100,8784,1,0
D,E,D,9897,100,9897,1,0
D,F,D,5377,100,5377,1,0
D,G,D,8887,100,8887,1,0
D,H,D,1441,100,1441,1,0
A,E,E,1398,100,1398,1,0
B,E,E,5171,100,5171,1,0
C,E,E,10835,100,10835,1,0
D,E,E,9925,100,9925,1,0
E,F,E,5077,100,5077,1,0
E,G,E,10645,100,10645,1,0
E,H,E,10164,100,10164,1,0
A,F,F,5046,100,5046,1,0
B,F,F,1380,100,1380,1,0
C,F,F,7205,100,7205,1,0
D,F,F,5399,100,5399,1,0
E,F,F,5118,100,5118,1,0
F,G,F,7016,100,7016,1,0
F,H,F,5501,100,5501,1,0
A,G,G,10663,100,10663,1,0
B,G,G,7056,100,7056,1,0
C,G,G,1354,100,1354,1,0
D,G,G,8899,100,8899,1,0
E,G,G,10639,100,10639,1,0
F,G,G,7007,100,7007,1,0
G,H,G,8874,100,8874,1,0
A,H,H,9974,100,9974,1,0
B,H,H,5717,100,5717,1,0
C,H,H,8923,100,8923,1,0
D,H,H,1496,100,1496,1,0
E,H,H,10144,100,10144,1,0
F,H,H,5454,100,5454,1,0
G,H,H,8847,100,8847,1,0
A,B,A,4749,100,4749,1,0
A,C,A,10629,100,10629,1,0
A,D,A,9525,100,9525,1,0
A,E,A,1388,100,1388,1,0
A,F,A,5024,100,5024,1,0
A,G,A,10596,100,10596,1,0
A,H,A,9937,100,9937,1,0
A,B,B,4728,100,4728,1,0
B,C,B,6979,100,6979,1,0
B,D,B,5312,100,5312,1,0
B,E,B,5200,100,5200,1,0
B,F,B,1357,100,1357,1,0
B,G,B,7064,100,7064,1,0
B,H,B,5791,100,5791,1,0
A,C,C,10683,100,10683,1,0
B,C,C,7027,100,7027,1,0
C,D,C,8761,100,8761,1,0
C,E,C,10822,100,10822,1,0
C,F,C,7182,100,7182,1,0
C,G,C,1405,100,1405,1,0
C,H,C,8969,100,8969,1,0
A,D,D,9516,100,9516,1,0
B,D,D,5289,100,5289,1,0
C,D,D,8766,100,8766,1,0
D,E,D,9953,100,9953,1,0
D,F,D,5393,100,5393,1,0
D,G,D,8885,100,8885,1,0
D,H,D,1571,100,1571,1,0
A,E,E,1395,100,1395,1,0
B,E,E,5191,100,5191,1,0
C,E,E,10840,100,10840,1,0
D,E,E,9912,100,9912,1,0
E,F,E,5059,100,5059,1,0
E,G,E,10645,100,10645,1,0
E,H,E,10128,100,10128,1,0
A,F,F,5030,100,5030,1,0
B,F,F,1375,100,1375,1,0
C,F,F,7200,100,7200,1,0
D,F,F,5358,100,5358,1,0
E,F,F,5104,100,5104,1,0
F,G,F,7008,100,7008,1,0
F,H,F,5444,100,5444,1,0
A,G,G,10671,100,10671,1,0
B,G,G,7111,100,7111,1,0
C,G,G,1390,100,1390,1,0
D,G,G,8902,100,8902,1,0
E,G,G,10619,100,10619,1,0
F,G,G,6993,100,6993,1,0
G,H,G,8858,100,8858,1,0
A,H,H,9935,100,9935,1,0
B,H,H,5711,100,5711,1,0
C,H,H,8941,100,8941,1,0
D,H,H,1446,100,1446,1,0
E,H,H,10096,100,10096,1,0
F,H,H,5451,100,5451,1,0
G,H,H,8852,100,8852,1,0
A,B,A,4730,100,4730,1,0
A,C,A,10668,100,10668,1,0
A,D,A,9515,100,9515,1,0
A,E,A,1426,100,1426,1,0
A,F,A,5065,100,5065,1,0
A,G,A,10640,100,10640,1,0
A,H,A,9942,100,9942,1,0
A,B,B,4770,100,4770,1,0
B,C,B,7029,100,7029,1,0
B,D,B,5296,100,5296,1,0
B,E,B,5166,100,5166,1,0
B,F,B,1354,100,1354,1,0
B,G,B,7095,100,7095,1,0
B,H,B,5767,100,5767,1,0
A,C,C,10595,100,10595,1,0
B,C,C,7046,100,7046,1,0
C,D,C,8757,100,8757,1,0
C,E,C,10809,100,10809,1,0
C,F,C,7188,100,7188,1,0
C,G,C,1381,100,1381,1,0
C,H,C,8911,100,8911,1,0
A,D,D,9504,100,9504,1,0
B,D,D,5285,100,5285,1,0
C,D,D,8800,100,8800,1,0
D,E,D,9950,100,9950,1,0
D,F,D,5394,100,5394,1,0
D,G,D,8877,100,8877,1,0
D,H,D,1497,100,1497,1,0
A,E,E,1430,100,1430,1,0
B,E,E,5204,100,5204,1,0
C,E,E,10807,100,10807,1,0
D,E,E,9867,100,9867,1,0
E,F,E,5091,100,5091,1,0
E,G,E,10647,100,10647,1,0
E,H,E,10115,100,10115,1,0
A,F,F,5079,100,5079,1,0
B,F,F,1349,100,1349,1,0
C,F,F,7192,100,7192,1,0
D,F,F,5390,100,5390,1,0
E,F,F,5107,100,5107,1,0
F,G,F,7002,100,7002,1,0
F,H,F,5499,100,5499,1,0
A,G,G,10599,100,10599,1,0
B,G,G,7079,100,7079,1,0
C,G,G,1370,100,1370,1,0
D,G,G,8872,100,8872,1,0
E,G,G,10633,100,10633,1,0
F,G,G,7052,100,7052,1,0
G,H,G,8914,100,8914,1,0
A,H,H,9962,100,9962,1,0
B,H,H,5773,100,5773,1,0
C,H,H,8952,100,8952,1,0
D,H,H,1513,100,1513,1,0
E,H,H,10143,100,10143,1,0
F,H,H,5429,100,5429,1,0
G,H,H,8871,100,8871,1,0
A,B,A,4785,100,4785,1,0
A,C,A,10670,100,10670,1,0
A,D,A,9539,100,9539,1,0
A,E,A,1408,100,1408,1,0
A,F,A,5083,100,5083,1,0
A,G,A,10625,100,10625,1,0
A,H,A,9929,100,9929,1,0
A,B,B,4787,100,4787,1,0
B,C,B,6991,100,6991,1,0
B,D,B,5273,100,5273,1,0
B,E,B,5197,100,5197,1,0
B,F,B,1338,100,1338,1,0
B,G,B,7074,100,7074,1,0
B,H,B,5726,100,5726,1,0
A,C,C,10619,100,10619,1,0
B,C,C,7002,100,7002,1,0
C,D,C,8757,100,8757,1,0
C,E,C,10853,100,10853,1,0
C,F,C,7194,100,7194,1,0
C,G,C,1381,100,1381,1,0
C,H,C,8931,100,8931,1,0
A,D,D,9529,100,9529,1,0
B,D,D,5313,100,5313,1,0
C,D,D,8718,100,8718,1,0
D,E,D,9957,100,9957,1,0
D,F,D,5404,100,5404,1,0
D,G,D,8860,100,8860,1,0
D,H,D,1489,100,1489,1,0
A,E,E,1439,100,1439,1,0
B,E,E,5188,100,5188,1,0
C,E,E,10784,100,10784,1,0
D,E,E,9924,100,9924,1,0
E,F,E,5103,100,5103,1,0
E,G,E,10631,100,10631,1,0
E,H,E,10166,100,10166,1,0
A,F,F,5033,100,5033,1,0
B,F,F,1363,100,1363,1,0
C,F,F,7166,100,7166,1,0
D,F,F,5360,100,5360,1,0
E,F,F,5101,100,5101,1,0
F,G,F,6992,100,6992,1,0
F,H,F,5481,100,5481,1,0
A,G,G,10634,100,10634,1,0
B,G,G,7038,100,7038,1,0
C,G,G,1347,100,1347,1,0
D,G,G,8918,100,8918,1,0
E,G,G,10635,100,10635,1,0
F,G,G,7013,100,7013,1,0
G,H,G,8893,100,8893,1,0
A,H,H,9944,100,9944,1,0
B,H,H,5722,100,5722,1,0
C,H,H,8953,100,8953,1,0
D,H,H,1489,100,1489,1,0
E,H,H,10135,100,10135,1,0
F,H,H,5455,100,5455,1,0
G,H,H,8871,100,8871,1,0
A,B,A,4750,100,4750,1,0
A,C,A,10599,100,10599,1,0
A,D,A,9547,100,9547,1,0
A,E,A,1436,100,1436,1,0
A,F,A,5093,100,5093,1,0
A,G,A,10577,100,10577,1,0
A,H,A,9945,100,9945,1,0
A,B,B,4792,100,4792,1,0
B,C,B,7019,100,7019,1,0
B,D,B,5309,100,5309,1,0
B,E,B,5175,100,5175,1,0
B,F,B,1378,100,1378,1,0
B,G,B,7067,100,7067,1,0
B,H,B,5730,100,5730,1,0
A,C,C,10637,100,10637,1,0
B,C,C,6983,100,6983,1,0
C,D,C,8763,100,8763,1,0
C,E,C,10844,100,10844,1,0
C,F,C,7186,100,7186,1,0
C,G,C,1381,100,1381,1,0
C,H,C,8965,100,8965,1,0
A,D,D,9519,100,9519,1,0
B,D,D,5275,100,5275,1,0
C,D,D,8750,100,8750,1,0
D,E,D,9868,100,9868,1,0
D,F,D,5378,100,5378,1,0
D,G,D,8881,100,8881,1,0
D,H,D,1483,100,1483,1,0
A,E,E,1398,100,1398,1,0
B,E,E,5173,100,5173,1,0
C,E,E,10855,100,10855,1,0
D,E,E,9907,100,9907,1,0
E,F,E,5126,100,5126,1,0
E,G,E,10636,100,10636,1,0
E,H,E,10147,100,10147,1,0
A,F,F,5052,100,5052,1,0
B,F,F,1330,100,1330,1,0
C,F,F,7208,100,7208,1,0
D,F,F,5336,100,5336,1,0
E,F,F,5073,100,5073,1,0
F,G,F,7010,100,7010,1,0
F,H,F,5462,100,5462,1,0
A,G,G,10619,100,10619,1,0
B,G,G,7105,100,7105,1,0
C,G,G,1326,100,1326,1,0
D,G,G,8907,100,8907,1,0
E,G,G,10659,100,10659,1,0
F,G,G,7054,100,7054,1,0
G,H,G,8880,100,8880,1,0
A,H,H,9932,100,9932,1,0
B,H,H,5771,100,5771,1,0
C,H,H,8894,100,8894,1,0
D,H,H,1528,100,1528,1,0
E,H,H,10118,100,10118,1,0
F,H,H,5458,100,5458,1,0
G,H,H,8856,100,8856,1,0
A,B,A,4802,100,4802,1,0
A,C,A,10607,100,10607,1,0
A,D,A,9538,100,9538,1,0
A,E,A,1458,100,1458,1,0
A,F,A,5046,100,5046,1,0
A,G,A,10606,100,10606,1,0
A,H,A,9911,100,9911,1,0
A,B,B,4765,100,4765,1,0
B,C,B,6993,100,6993,1,0
B,D,B,5239,100,5239,1,0
B,E,B,5171,100,5171,1,0
B,F,B,1376,100,1376,1,0
B,G,B,7097,100,7097,1,0
B,H,B,5720,100,5720,1,0
A,C,C,10613,100,10613,1,0
B,C,C,7008,100,7008,1,0
C,D,C,8782,100,8782,1,0
C,E,C,10823,100,10823,1,0
C,F,C,7207,100,7207,1,0
C,G,C,1391,100,1391,1,0
C,H,C,8949,100,8949,1,0
A,D,D,9545,100,9545,1,0
B,D,D,5317,100,5317,1,0
C,D,D,8737,100,8737,1,0
D,E,D,9952,100,9952,1,0
D,F,D,5374,100,5374,1,0
D,G,D,8881,100,8881,1,0
D,H,D,1534,100,1534,1,0
A,E,E,1374,100,1374,1,0
B,E,E,5216,100,5216,1,0
C,E,E,10880,100,10880,1,0
D,E,E,9913,100,9913,1,0
E,F,E,5076,100,5076,1,0
E,G,E,10610,100,10610,1,0
E,H,E,10145,100,10145,1,0
A,F,F,5059,100,5059,1,0
B,F,F,1404,100,1404,1,0
C,F,F,7170,100,7170,1,0
D,F,F,5377,100,5377,1,0
E,F,F,5110,100,5110,1,0
F,G,F,6995,100,6995,1,0
F,H,F,5496,100,5496,1,0
A,G,G,10596,100,10596,1,0
B,G,G,7113,100,7113,1,0
C,G,G,1385,100,1385,1,0
D,G,G,8869,100,8869,1,0
E,G,G,10583,100,10583,1,0
F,G,G,7015,100,7015,1,0
G,H,G,8868,100,8868,1,0
A,H,H,9969,100,9969,1,0
B,H,H,5750,100,5750,1,0
C,H,H,8908,100,8908,1,0
D,H,H,1459,100,1459,1,0
E,H,H,10129,100,10129,1,0
F,H,H,5473,100,5473,1,0
G,H,H,8838,100,8838,1,0
A,B,A,4784,100,4784,1,0
A,C,A,10659,100,10659,1,0
A,D,A,9552,100,9552,1,0
A,E,A,1363,100,1363,1,0
A,F,A,5037,100,5037,1,0
A,G,A,10585,100,10585,1,0
A,H,A,9918,100,9918,1,0
A,B,B,4778,100,4778,1,0
B,C,B,7038,100,7038,1,0
B,D,B,5315,100,5315,1,0
B,E,B,5163,100,5163,1,0
B,F,B,1377,100,1377,1,0
B,G,B,7076,100,7076,1,0
B,H,B,5778,100,5778,1,0
A,C,C,10636,100,10636,1,0
B,C,C,7007,100,7007,1,0
C,D,C,8746,100,8746,1,0
C,E,C,10782,100,10782,1,0
C,F,C,7179,100,7179,1,0
C,G,C,1377,100,1377,1,0
C,H,C,8955,100,8955,1,0
A,D,D,9535,100,9535,1,0
B,D,D,5278,100,5278,1,0
C,D,D,8749,100,8749,1,0
D,E,D,9927,100,9927,1,0
D,F,D,5405,100,5405,1,0
D,G,D,8932,100,8932,1,0
D,H,D,1506,100,1506,1,0
A,E,E,1424,100,1424,1,0
B,E,E,5183,100,5183,1,0
C,E,E,10797,100,10797,1,0
D,E,E,9911,100,9911,1,0
E,F,E,5084,100,5084,1,0
E,G,E,10636,100,10636,1,0
E,H,E,10116,100,10116,1,0
A,F,F,5029,100,5029,1,0
B,F,F,1377,100,1377,1,0
C,F,F,7169,100,7169,1,0
D,F,F,5349,100,5349,1,0
E,F,F,5116,100,5116,1,0
F,G,F,7025,100,7025,1,0
F,H,F,5450,100,5450,1,0
A,G,G,10662,100,10662,1,0
B,G,G,7073,100,7073,1,0
C,G,G,1388,100,1388,1,0
D,G,G,8917,100,8917,1,0
E,G,G,10643,100,10643,1,0
F,G,G,6979,100,6979,1,0
G,H,G,8849,100,8849,1,0
A,H,H,9937,100,9937,1,0
B,H,H,5763,100,5763,1,0
C,H,H,8964,100,8964,1,0
D,H,H,1508,100,1508,1,0
E,H,H,10102,100,10102,1,0
F,H,H,5452,100,5452,1,0
G,H,H,8870,100,8870,1,0
A,B,A,4788,100,4788,1,0
A,C,A,10664,100,10664,1,0
A,D,A,9543,100,9543,1,0
A,E,A,1422,100,1422,1,0
A,F,A,5109,100,5109,1,0
A,G,A,10588,100,10588,1,0
A,H,A,9939,100,9939,1,0
A,B,B,4796,100,4796,1,0
B,C,B,6976,100,6976,1,0
B,D,B,5267,100,5267,1,0
B,E,B,5193,100,5193,1,0
B,F,B,1368,100,1368,1,0
B,G,B,7081,100,7081,1,0
B,H,B,5729,100,5729,1,0
A,C,C,10635,100,10635,1,0
B,C,C,7023,100,7023,1,0
C,D,C,8747,100,8747,1,0
C,E,C,10801,100,10801,1,0
C,F,C,7178,100,7178,1,0
C,G,C,1369,100,1369,1,0
C,H,C,8948,100,8948,1,0
A,D,D,9538,100,9538,1,0
B,D,D,5320,100,5320,1,0
C,D,D,8741,100,8741,1,0
D,E,D,9983,100,9983,1,0
D,F,D,5360,100,5360,1,0
D,G,D,8911,100,8911,1,0
D,H,D,1457,100,1457,1,0
A,E,E,1418,100,1418,1,0
B,E,E,5178,100,5178,1,0
C,E,E,10809,100,10809,1,0
D,E,E,9906,100,9906,1,0
E,F,E,5109,100,5109,1,0
E,G,E,10641,100,10641,1,0
E,H,E,10090,100,10090,1,0
A,F,F,5057,100,5057,1,0
B,F,F,1377,100,1377,1,0
C,F,F,7201,100,7201,1,0
D,F,F,5392,100,5392,1,0
E,F,F,5108,100,5108,1,0
F,G,F,7004,100,7004,1,0
F,H,F,5444,100,5444,1,0
A,G,G,10647,100,10647,1,0
B,G,G,7093,100,7093,1,0
C,G,G,1397,100,1397,1,0
D,G,G,8891,100,8891,1,0
E,G,G,10610,100,10610,1,0
F,G,G,7020,100,7020,1,0
G,H,G,8898,100,8898,1,0
A,H,H,9956,100,9956,1,0
B,H,H,5736,100,5736,1,0
C,H,H,8963,100,8963,1,0
D,H,H,1477,100,1477,1,0
E,H,H,10155,100,10155,1,0
F,H,H,5506,100,5506,1,0
G,H,H,8851,100,8851,1,0
