experiment_id,branch,A,U,P,L,I,T,seed_id,status,reason,R
X_A0_U1_P0_L5_I0_T1,position,A0,U1,P0,L5,I0,T1,S02,excluded_source_missing,only U4 solved-position sample stream exists on disk,
X_A0_U1_P0_L5_I0_T2,position,A0,U1,P0,L5,I0,T2,S02,excluded_source_missing,only U4 solved-position sample stream exists on disk,
X_A0_U1_P0_L5_I0_T3,position,A0,U1,P0,L5,I0,T3,S02,excluded_source_missing,only U4 solved-position sample stream exists on disk,
X_A0_U1_P0_L5_I0_T4,position,A0,U1,P0,L5,I0,T4,S02,excluded_source_missing,only U4 solved-position sample stream exists on disk,
X_A0_U1_P0_L5_I0_T5,position,A0,U1,P0,L5,I0,T5,S02,excluded_source_missing,only U4 solved-position sample stream exists on disk,
X_A0_U1_P0_L5_I1_T1,position,A0,U1,P0,L5,I1,T1,S02,excluded_source_missing,only U4 solved-position sample stream exists on disk,
X_A0_U1_P0_L5_I1_T2,position,A0,U1,P0,L5,I1,T2,S02,excluded_source_missing,only U4 solved-position sample stream exists on disk,
X_A0_U1_P0_L5_I1_T3,position,A0,U1,P0,L5,I1,T3,S02,excluded_source_missing,only U4 solved-position sample stream exists on disk,
X_A0_U1_P0_L5_I1_T4,position,A0,U1,P0,L5,I1,T4,S02,excluded_source_missing,only U4 solved-position sample stream exists on disk,
X_A0_U1_P0_L5_I1_T5,position,A0,U1,P0,L5,I1,T5,S02,excluded_source_missing,only U4 solved-position sample stream exists on disk,
X_A0_U1_P0_L5_I2_T1,position,A0,U1,P0,L5,I2,T1,S02,excluded_source_missing,only U4 solved-position sample stream exists on disk,
X_A0_U1_P0_L5_I2_T2,position,A0,U1,P0,L5,I2,T2,S02,excluded_source_missing,only U4 solved-position sample stream exists on disk,
X_A0_U1_P0_L5_I2_T3,position,A0,U1,P0,L5,I2,T3,S02,excluded_source_missing,only U4 solved-position sample stream exists on disk,
X_A0_U1_P0_L5_I2_T4,position,A0,U1,P0,L5,I2,T4,S02,excluded_source_missing,only U4 solved-position sample stream exists on disk,
X_A0_U1_P0_L5_I2_T5,position,A0,U1,P0,L5,I2,T5,S02,excluded_source_missing,only U4 solved-position sample stream exists on disk,
X_A0_U1_P0_L5_I3_T1,position,A0,U1,P0,L5,I3,T1,S02,excluded_source_missing,only U4 solved-position sample stream exists on disk,
X_A0_U1_P0_L5_I3_T2,position,A0,U1,P0,L5,I3,T2,S02,excluded_source_missing,only U4 solved-position sample stream exists on disk,
X_A0_U1_P0_L5_I3_T3,position,A0,U1,P0,L5,I3,T3,S02,excluded_source_missing,only U4 solved-position sample stream exists on disk,
X_A0_U1_P0_L5_I3_T4,position,A0,U1,P0,L5,I3,T4,S02,excluded_source_missing,only U4 solved-position sample stream exists on disk,
X_A0_U1_P0_L5_I3_T5,position,A0,U1,P0,L5,I3,T5,S02,excluded_source_missing,only U4 solved-position sample stream exists on disk,
X_A0_U1_P0_L5_I4_T1,position,A0,U1,P0,L5,I4,T1,S02,excluded_source_missing,only U4 solved-position sample stream exists on disk,
X_A0_U1_P0_L5_I4_T2,position,A0,U1,P0,L5,I4,T2,S02,excluded_source_missing,only U4 solved-position sample stream exists on disk,
X_A0_U1_P0_L5_I4_T3,position,A0,U1,P0,L5,I4,T3,S02,excluded_source_missing,only U4 solved-position sample stream exists on disk,
X_A0_U1_P0_L5_I4_T4,position,A0,U1,P0,L5,I4,T4,S02,excluded_source_missing,only U4 solved-position sample stream exists on disk,
X_A0_U1_P0_L5_I4_T5,position,A0,U1,P0,L5,I4,T5,S02,excluded_source_missing,only U4 solved-position sample stream exists on disk,
X_A0_U1_P0_L5_I5_T1,position,A0,U1,P0,L5,I5,T1,S02,excluded_source_missing,only U4 solved-position sample stream exists on disk,
X_A0_U1_P0_L5_I5_T2,position,A0,U1,P0,L5,I5,T2,S02,excluded_source_missing,only U4 solved-position sample stream exists on disk,
X_A0_U1_P0_L5_I5_T3,position,A0,U1,P0,L5,I5,T3,S02,excluded_source_missing,only U4 solved-position sample stream exists on disk,
X_A0_U1_P0_L5_I5_T4,position,A0,U1,P0,L5,I5,T4,S02,excluded_source_missing,only U4 solved-position sample stream exists on disk,
X_A0_U1_P0_L5_I5_T5,position,A0,U1,P0,L5,I5,T5,S02,excluded_source_missing,only U4 solved-position sample stream exists on disk,
X_A0_U1_P0_L5_I6_T1,position,A0,U1,P0,L5,I6,T1,S02,excluded_source_missing,only U4 solved-position sample stream exists on disk,
X_A0_U1_P0_L5_I6_T2,position,A0,U1,P0,L5,I6,T2,S02,excluded_source_missing,only U4 solved-position sample stream exists on disk,
X_A0_U1_P0_L5_I6_T3,position,A0,U1,P0,L5,I6,T3,S02,excluded_source_missing,only U4 solved-position sample stream exists on disk,
X_A0_U1_P0_L5_I6_T4,position,A0,U1,P0,L5,I6,T4,S02,excluded_source_missing,only U4 solved-position sample stream exists on disk,
X_A0_U1_P0_L5_I6_T5,position,A0,U1,P0,L5,I6,T5,S02,excluded_source_missing,only U4 solved-position sample stream exists on disk,
X_A0_U1_P0_L5_I7_T1,position,A0,U1,P0,L5,I7,T1,S02,excluded_source_missing,only U4 solved-position sample stream exists on disk,
X_A0_U1_P0_L5_I7_T2,position,A0,U1,P0,L5,I7,T2,S02,excluded_source_missing,only U4 solved-position sample stream exists on disk,
X_A0_U1_P0_L5_I7_T3,position,A0,U1,P0,L5,I7,T3,S02,excluded_source_missing,only U4 solved-position sample stream exists on disk,
X_A0_U1_P0_L5_I7_T4,position,A0,U1,P0,L5,I7,T4,S02,excluded_source_missing,only U4 solved-position sample stream exists on disk,
X_A0_U1_P0_L5_I7_T5,position,A0,U1,P0,L5,I7,T5,S02,excluded_source_missing,only U4 solved-position sample stream exists on disk,
X_A0_U1_P0_L5_I8_T1,position,A0,U1,P0,L5,I8,T1,S02,excluded_source_missing,only U4 solved-position sample stream exists on disk,
X_A0_U1_P0_L5_I8_T2,position,A0,U1,P0,L5,I8,T2,S02,excluded_source_missing,only U4 solved-position sample stream exists on disk,
X_A0_U1_P0_L5_I8_T3,position,A0,U1,P0,L5,I8,T3,S02,excluded_source_missing,only U4 solved-position sample stream exists on disk,
X_A0_U1_P0_L5_I8_T4,position,A0,U1,P0,L5,I8,T4,S02,excluded_source_missing,only U4 solved-position sample stream exists on disk,
X_A0_U1_P0_L5_I8_T5,position,A0,U1,P0,L5,I8,T5,S02,excluded_source_missing,only U4 solved-position sample stream exists on disk,
X_A0_U1_P1_L5_I0_T1,position,A0,U1,P1,L5,I0,T1,S02,excluded_source_missing,only U4 solved-position sample stream exists on disk,
X_A0_U1_P1_L5_I0_T2,position,A0,U1,P1,L5,I0,T2,S02,excluded_source_missing,only U4 solved-position sample stream exists on disk,
X_A0_U1_P1_L5_I0_T3,position,A0,U1,P1,L5,I0,T3,S02,excluded_source_missing,only U4 solved-position sample stream exists on disk,
X_A0_U1_P1_L5_I0_T4,position,A0,U1,P1,L5,I0,T4,S02,excluded_source_missing,only U4 solved-position sample stream exists on disk,
X_A0_U1_P1_L5_I0_T5,position,A0,U1,P1,L5,I0,T5,S02,excluded_source_missing,only U4 solved-position sample stream exists on disk,
X_A0_U1_P1_L5_I1_T1,position,A0,U1,P1,L5,I1,T1,S02,excluded_source_missing,only U4 solved-position sample stream exists on disk,
X_A0_U1_P1_L5_I1_T2,position,A0,U1,P1,L5,I1,T2,S02,excluded_source_missing,only U4 solved-position sample stream exists on disk,
X_A0_U1_P1_L5_I1_T3,position,A0,U1,P1,L5,I1,T3,S02,excluded_source_missing,only U4 solved-position sample stream exists on disk,
X_A0_U1_P1_L5_I1_T4,position,A0,U1,P1,L5,I1,T4,S02,excluded_source_missing,only U4 solved-position sample stream exists on disk,
X_A0_U1_P1_L5_I1_T5,position,A0,U1,P1,L5,I1,T5,S02,excluded_source_missing,only U4 solved-position sample stream exists on disk,
X_A0_U1_P1_L5_I2_T1,position,A0,U1,P1,L5,I2,T1,S02,excluded_source_missing,only U4 solved-position sample stream exists on disk,
X_A0_U1_P1_L5_I2_T2,position,A0,U1,P1,L5,I2,T2,S02,excluded_source_missing,only U4 solved-position sample stream exists on disk,
X_A0_U1_P1_L5_I2_T3,position,A0,U1,P1,L5,I2,T3,S02,excluded_source_missing,only U4 solved-position sample stream exists on disk,
X_A0_U1_P1_L5_I2_T4,position,A0,U1,P1,L5,I2,T4,S02,excluded_source_missing,only U4 solved-position sample stream exists on disk,
X_A0_U1_P1_L5_I2_T5,position,A0,U1,P1,L5,I2,T5,S02,excluded_source_missing,only U4 solved-position sample stream exists on disk,
X_A0_U1_P1_L5_I3_T1,position,A0,U1,P1,L5,I3,T1,S02,excluded_source_missing,only U4 solved-position sample stream exists on disk,
X_A0_U1_P1_L5_I3_T2,position,A0,U1,P1,L5,I3,T2,S02,excluded_source_missing,only U4 solved-position sample stream exists on disk,
X_A0_U1_P1_L5_I3_T3,position,A0,U1,P1,L5,I3,T3,S02,excluded_source_missing,only U4 solved-position sample stream exists on disk,
X_A0_U1_P1_L5_I3_T4,position,A0,U1,P1,L5,I3,T4,S02,excluded_source_missing,only U4 solved-position sample stream exists on disk,
X_A0_U1_P1_L5_I3_T5,position,A0,U1,P1,L5,I3,T5,S02,excluded_source_missing,only U4 solved-position sample stream exists on disk,
X_A0_U1_P1_L5_I4_T1,position,A0,U1,P1,L5,I4,T1,S02,excluded_source_missing,only U4 solved-position sample stream exists on disk,
X_A0_U1_P1_L5_I4_T2,position,A0,U1,P1,L5,I4,T2,S02,excluded_source_missing,only U4 solved-position sample stream exists on disk,
X_A0_U1_P1_L5_I4_T3,position,A0,U1,P1,L5,I4,T3,S02,excluded_source_missing,only U4 solved-position sample stream exists on disk,
X_A0_U1_P1_L5_I4_T4,position,A0,U1,P1,L5,I4,T4,S02,excluded_source_missing,only U4 solved-position sample stream exists on disk,
X_A0_U1_P1_L5_I4_T5,position,A0,U1,P1,L5,I4,T5,S02,excluded_source_missing,only U4 solved-position sample stream exists on disk,
X_A0_U1_P1_L5_I5_T1,position,A0,U1,P1,L5,I5,T1,S02,excluded_source_missing,only U4 solved-position sample stream exists on disk,
X_A0_U1_P1_L5_I5_T2,position,A0,U1,P1,L5,I5,T2,S02,excluded_source_missing,only U4 solved-position sample stream exists on disk,
X_A0_U1_P1_L5_I5_T3,position,A0,U1,P1,L5,I5,T3,S02,excluded_source_missing,only U4 solved-position sample stream exists on disk,
X_A0_U1_P1_L5_I5_T4,position,A0,U1,P1,L5,I5,T4,S02,excluded_source_missing,only U4 solved-position sample stream exists on disk,
X_A0_U1_P1_L5_I5_T5,position,A0,U1,P1,L5,I5,T5,S02,excluded_source_missing,only U4 solved-position sample stream exists on disk,
X_A0_U1_P1_L5_I6_T1,position,A0,U1,P1,L5,I6,T1,S02,excluded_source_missing,only U4 solved-position sample stream exists on disk,
X_A0_U1_P1_L5_I6_T2,position,A0,U1,P1,L5,I6,T2,S02,excluded_source_missing,only U4 solved-position sample stream exists on disk,
X_A0_U1_P1_L5_I6_T3,position,A0,U1,P1,L5,I6,T3,S02,excluded_source_missing,only U4 solved-position sample stream exists on disk,
X_A0_U1_P1_L5_I6_T4,position,A0,U1,P1,L5,I6,T4,S02,excluded_source_missing,only U4 solved-position sample stream exists on disk,
X_A0_U1_P1_L5_I6_T5,position,A0,U1,P1,L5,I6,T5,S02,excluded_source_missing,only U4 solved-position sample stream exists on disk,
X_A0_U1_P1_L5_I7_T1,position,A0,U1,P1,L5,I7,T1,S02,excluded_source_missing,only U4 solved-position sample stream exists on disk,
X_A0_U1_P1_L5_I7_T2,position,A0,U1,P1,L5,I7,T2,S02,excluded_source_missing,only U4 solved-position sample stream exists on disk,
X_A0_U1_P1_L5_I7_T3,position,A0,U1,P1,L5,I7,T3,S02,excluded_source_missing,only U4 solved-position sample stream exists on disk,
X_A0_U1_P1_L5_I7_T4,position,A0,U1,P1,L5,I7,T4,S02,excluded_source_missing,only U4 solved-position sample stream exists on disk,
X_A0_U1_P1_L5_I7_T5,position,A0,U1,P1,L5,I7,T5,S02,excluded_source_missing,only U4 solved-position sample stream exists on disk,
X_A0_U1_P1_L5_I8_T1,position,A0,U1,P1,L5,I8,T1,S02,excluded_source_missing,only U4 solved-position sample stream exists on disk,
X_A0_U1_P1_L5_I8_T2,position,A0,U1,P1,L5,I8,T2,S02,excluded_source_missing,only U4 solved-position sample stream exists on disk,
X_A0_U1_P1_L5_I8_T3,position,A0,U1,P1,L5,I8,T3,S02,excluded_source_missing,only U4 solved-position sample stream exists on disk,
X_A0_U1_P1_L5_I8_T4,position,A0,U1,P1,L5,I8,T4,S02,excluded_source_missing,only U4 solved-position sample stream exists on disk,
X_A0_U1_P1_L5_I8_T5,position,A0,U1,P1,L5,I8,T5,S02,excluded_source_missing,only U4 solved-position sample stream exists on disk,
X_A0_U1_P2_L5_I0_T1,position,A0,U1,P2,L5,I0,T1,S02,excluded_source_missing,only U4 solved-position sample stream exists on disk,
X_A0_U1_P2_L5_I0_T2,position,A0,U1,P2,L5,I0,T2,S02,excluded_source_missing,only U4 solved-position sample stream exists on disk,
X_A0_U1_P2_L5_I0_T3,position,A0,U1,P2,L5,I0,T3,S02,excluded_source_missing,only U4 solved-position sample stream exists on disk,
X_A0_U1_P2_L5_I0_T4,position,A0,U1,P2,L5,I0,T4,S02,excluded_source_missing,only U4 solved-position sample stream exists on disk,
X_A0_U1_P2_L5_I0_T5,position,A0,U1,P2,L5,I0,T5,S02,excluded_source_missing,only U4 solved-position sample stream exists on disk,
X_A0_U1_P2_L5_I1_T1,position,A0,U1,P2,L5,I1,T1,S02,excluded_source_missing,only U4 solved-position sample stream exists on disk,
X_A0_U1_P2_L5_I1_T2,position,A0,U1,P2,L5,I1,T2,S02,excluded_source_missing,only U4 solved-position sample stream exists on disk,
X_A0_U1_P2_L5_I1_T3,position,A0,U1,P2,L5,I1,T3,S02,excluded_source_missing,only U4 solved-position sample stream exists on disk,
X_A0_U1_P2_L5_I1_T4,position,A0,U1,P2,L5,I1,T4,S02,excluded_source_missing,only U4 solved-position sample stream exists on disk,
X_A0_U1_P2_L5_I1_T5,position,A0,U1,P2,L5,I1,T5,S02,excluded_source_missing,only U4 solved-position sample stream exists on disk,
X_A0_U1_P2_L5_I2_T1,position,A0,U1,P2,L5,I2,T1,S02,excluded_source_missing,only U4 solved-position sample stream exists on disk,
X_A0_U1_P2_L5_I2_T2,position,A0,U1,P2,L5,I2,T2,S02,excluded_source_missing,only U4 solved-position sample stream exists on disk,
X_A0_U1_P2_L5_I2_T3,position,A0,U1,P2,L5,I2,T3,S02,excluded_source_missing,only U4 solved-position sample stream exists on disk,
X_A0_U1_P2_L5_I2_T4,position,A0,U1,P2,L5,I2,T4,S02,excluded_source_missing,only U4 solved-position sample stream exists on disk,
X_A0_U1_P2_L5_I2_T5,position,A0,U1,P2,L5,I2,T5,S02,excluded_source_missing,only U4 solved-position sample stream exists on disk,
X_A0_U1_P2_L5_I3_T1,position,A0,U1,P2,L5,I3,T1,S02,excluded_source_missing,only U4 solved-position sample stream exists on disk,
X_A0_U1_P2_L5_I3_T2,position,A0,U1,P2,L5,I3,T2,S02,excluded_source_missing,only U4 solved-position sample stream exists on disk,
X_A0_U1_P2_L5_I3_T3,position,A0,U1,P2,L5,I3,T3,S02,excluded_source_missing,only U4 solved-position sample stream exists on disk,
X_A0_U1_P2_L5_I3_T4,position,A0,U1,P2,L5,I3,T4,S02,excluded_source_missing,only U4 solved-position sample stream exists on disk,
X_A0_U1_P2_L5_I3_T5,position,A0,U1,P2,L5,I3,T5,S02,excluded_source_missing,only U4 solved-position sample stream exists on disk,
X_A0_U1_P2_L5_I4_T1,position,A0,U1,P2,L5,I4,T1,S02,excluded_source_missing,only U4 solved-position sample stream exists on disk,
X_A0_U1_P2_L5_I4_T2,position,A0,U1,P2,L5,I4,T2,S02,excluded_source_missing,only U4 solved-position sample stream exists on disk,
X_A0_U1_P2_L5_I4_T3,position,A0,U1,P2,L5,I4,T3,S02,excluded_source_missing,only U4 solved-position sample stream exists on disk,
X_A0_U1_P2_L5_I4_T4,position,A0,U1,P2,L5,I4,T4,S02,excluded_source_missing,only U4 solved-position sample stream exists on disk,
X_A0_U1_P2_L5_I4_T5,position,A0,U1,P2,L5,I4,T5,S02,excluded_source_missing,only U4 solved-position sample stream exists on disk,
X_A0_U1_P2_L5_I5_T1,position,A0,U1,P2,L5,I5,T1,S02,excluded_source_missing,only U4 solved-position sample stream exists on disk,
X_A0_U1_P2_L5_I5_T2,position,A0,U1,P2,L5,I5,T2,S02,excluded_source_missing,only U4 solved-position sample stream exists on disk,
X_A0_U1_P2_L5_I5_T3,position,A0,U1,P2,L5,I5,T3,S02,excluded_source_missing,only U4 solved-position sample stream exists on disk,
X_A0_U1_P2_L5_I5_T4,position,A0,U1,P2,L5,I5,T4,S02,excluded_source_missing,only U4 solved-position sample stream exists on disk,
X_A0_U1_P2_L5_I5_T5,position,A0,U1,P2,L5,I5,T5,S02,excluded_source_missing,only U4 solved-position sample stream exists on disk,
X_A0_U1_P2_L5_I6_T1,position,A0,U1,P2,L5,I6,T1,S02,excluded_source_missing,only U4 solved-position sample stream exists on disk,
X_A0_U1_P2_L5_I6_T2,position,A0,U1,P2,L5,I6,T2,S02,excluded_source_missing,only U4 solved-position sample stream exists on disk,
X_A0_U1_P2_L5_I6_T3,position,A0,U1,P2,L5,I6,T3,S02,excluded_source_missing,only U4 solved-position sample stream exists on disk,
X_A0_U1_P2_L5_I6_T4,position,A0,U1,P2,L5,I6,T4,S02,excluded_source_missing,only U4 solved-position sample stream exists on disk,
X_A0_U1_P2_L5_I6_T5,position,A0,U1,P2,L5,I6,T5,S02,excluded_source_missing,only U4 solved-position sample stream exists on disk,
X_A0_U1_P2_L5_I7_T1,position,A0,U1,P2,L5,I7,T1,S02,excluded_source_missing,only U4 solved-position sample stream exists on disk,
X_A0_U1_P2_L5_I7_T2,position,A0,U1,P2,L5,I7,T2,S02,excluded_source_missing,only U4 solved-position sample stream exists on disk,
X_A0_U1_P2_L5_I7_T3,position,A0,U1,P2,L5,I7,T3,S02,excluded_source_missing,only U4 solved-position sample stream exists on disk,
X_A0_U1_P2_L5_I7_T4,position,A0,U1,P2,L5,I7,T4,S02,excluded_source_missing,only U4 solved-position sample stream exists on disk,
X_A0_U1_P2_L5_I7_T5,position,A0,U1,P2,L5,I7,T5,S02,excluded_source_missing,only U4 solved-position sample stream exists on disk,
X_A0_U1_P2_L5_I8_T1,position,A0,U1,P2,L5,I8,T1,S02,excluded_source_missing,only U4 solved-position sample stream exists on disk,
X_A0_U1_P2_L5_I8_T2,position,A0,U1,P2,L5,I8,T2,S02,excluded_source_missing,only U4 solved-position sample stream exists on disk,
X_A0_U1_P2_L5_I8_T3,position,A0,U1,P2,L5,I8,T3,S02,excluded_source_missing,only U4 solved-position sample stream exists on disk,
X_A0_U1_P2_L5_I8_T4,position,A0,U1,P2,L5,I8,T4,S02,excluded_source_missing,only U4 solved-position sample stream exists on disk,
X_A0_U1_P2_L5_I8_T5,position,A0,U1,P2,L5,I8,T5,S02,excluded_source_missing,only U4 solved-position sample stream exists on disk,
X_A0_U1_P3_L5_I0_T1,position,A0,U1,P3,L5,I0,T1,S02,excluded_source_missing,only U4 solved-position sample stream exists on disk,
X_A0_U1_P3_L5_I0_T2,position,A0,U1,P3,L5,I0,T2,S02,excluded_source_missing,only U4 solved-position sample stream exists on disk,
X_A0_U1_P3_L5_I0_T3,position,A0,U1,P3,L5,I0,T3,S02,excluded_source_missing,only U4 solved-position sample stream exists on disk,
X_A0_U1_P3_L5_I0_T4,position,A0,U1,P3,L5,I0,T4,S02,excluded_source_missing,only U4 solved-position sample stream exists on disk,
X_A0_U1_P3_L5_I0_T5,position,A0,U1,P3,L5,I0,T5,S02,excluded_source_missing,only U4 solved-position sample stream exists on disk,
X_A0_U1_P3_L5_I1_T1,position,A0,U1,P3,L5,I1,T1,S02,excluded_source_missing,only U4 solved-position sample stream exists on disk,
X_A0_U1_P3_L5_I1_T2,position,A0,U1,P3,L5,I1,T2,S02,excluded_source_missing,only U4 solved-position sample stream exists on disk,
X_A0_U1_P3_L5_I1_T3,position,A0,U1,P3,L5,I1,T3,S02,excluded_source_missing,only U4 solved-position sample stream exists on disk,
X_A0_U1_P3_L5_I1_T4,position,A0,U1,P3,L5,I1,T4,S02,excluded_source_missing,only U4 solved-position sample stream exists on disk,
X_A0_U1_P3_L5_I1_T5,position,A0,U1,P3,L5,I1,T5,S02,excluded_source_missing,only U4 solved-position sample stream exists on disk,
X_A0_U1_P3_L5_I2_T1,position,A0,U1,P3,L5,I2,T1,S02,excluded_source_missing,only U4 solved-position sample stream exists on disk,
X_A0_U1_P3_L5_I2_T2,position,A0,U1,P3,L5,I2,T2,S02,excluded_source_missing,only U4 solved-position sample stream exists on disk,
X_A0_U1_P3_L5_I2_T3,position,A0,U1,P3,L5,I2,T3,S02,excluded_source_missing,only U4 solved-position sample stream exists on disk,
X_A0_U1_P3_L5_I2_T4,position,A0,U1,P3,L5,I2,T4,S02,excluded_source_missing,only U4 solved-position sample stream exists on disk,
X_A0_U1_P3_L5_I2_T5,position,A0,U1,P3,L5,I2,T5,S02,excluded_source_missing,only U4 solved-position sample stream exists on disk,
X_A0_U1_P3_L5_I3_T1,position,A0,U1,P3,L5,I3,T1,S02,excluded_source_missing,only U4 solved-position sample stream exists on disk,
X_A0_U1_P3_L5_I3_T2,position,A0,U1,P3,L5,I3,T2,S02,excluded_source_missing,only U4 solved-position sample stream exists on disk,
X_A0_U1_P3_L5_I3_T3,position,A0,U1,P3,L5,I3,T3,S02,excluded_source_missing,only U4 solved-position sample stream exists on disk,
X_A0_U1_P3_L5_I3_T4,position,A0,U1,P3,L5,I3,T4,S02,excluded_source_missing,only U4 solved-position sample stream exists on disk,
X_A0_U1_P3_L5_I3_T5,position,A0,U1,P3,L5,I3,T5,S02,excluded_source_missing,only U4 solved-position sample stream exists on disk,
X_A0_U1_P3_L5_I4_T1,position,A0,U1,P3,L5,I4,T1,S02,excluded_source_missing,only U4 solved-position sample stream exists on disk,
X_A0_U1_P3_L5_I4_T2,position,A0,U1,P3,L5,I4,T2,S02,excluded_source_missing,only U4 solved-position sample stream exists on disk,
X_A0_U1_P3_L5_I4_T3,position,A0,U1,P3,L5,I4,T3,S02,excluded_source_missing,only U4 solved-position sample stream exists on disk,
X_A0_U1_P3_L5_I4_T4,position,A0,U1,P3,L5,I4,T4,S02,excluded_source_missing,only U4 solved-position sample stream exists on disk,
X_A0_U1_P3_L5_I4_T5,position,A0,U1,P3,L5,I4,T5,S02,excluded_source_missing,only U4 solved-position sample stream exists on disk,
X_A0_U1_P3_L5_I5_T1,position,A0,U1,P3,L5,I5,T1,S02,excluded_source_missing,only U4 solved-position sample stream exists on disk,
X_A0_U1_P3_L5_I5_T2,position,A0,U1,P3,L5,I5,T2,S02,excluded_source_missing,only U4 solved-position sample stream exists on disk,
X_A0_U1_P3_L5_I5_T3,position,A0,U1,P3,L5,I5,T3,S02,excluded_source_missing,only U4 solved-position sample stream exists on disk,
X_A0_U1_P3_L5_I5_T4,position,A0,U1,P3,L5,I5,T4,S02,excluded_source_missing,only U4 solved-position sample stream exists on disk,
X_A0_U1_P3_L5_I5_T5,position,A0,U1,P3,L5,I5,T5,S02,excluded_source_missing,only U4 solved-position sample stream exists on disk,
X_A0_U1_P3_L5_I6_T1,position,A0,U1,P3,L5,I6,T1,S02,excluded_source_missing,only U4 solved-position sample stream exists on disk,
X_A0_U1_P3_L5_I6_T2,position,A0,U1,P3,L5,I6,T2,S02,excluded_source_missing,only U4 solved-position sample stream exists on disk,
X_A0_U1_P3_L5_I6_T3,position,A0,U1,P3,L5,I6,T3,S02,excluded_source_missing,only U4 solved-position sample stream exists on disk,
X_A0_U1_P3_L5_I6_T4,position,A0,U1,P3,L5,I6,T4,S02,excluded_source_missing,only U4 solved-position sample stream exists on disk,
X_A0_U1_P3_L5_I6_T5,position,A0,U1,P3,L5,I6,T5,S02,excluded_source_missing,only U4 solved-position sample stream exists on disk,
X_A0_U1_P3_L5_I7_T1,position,A0,U1,P3,L5,I7,T1,S02,excluded_source_missing,only U4 solved-position sample stream exists on disk,
X_A0_U1_P3_L5_I7_T2,position,A0,U1,P3,L5,I7,T2,S02,excluded_source_missing,only U4 solved-position sample stream exists on disk,
X_A0_U1_P3_L5_I7_T3,position,A0,U1,P3,L5,I7,T3,S02,excluded_source_missing,only U4 solved-position sample stream exists on disk,
X_A0_U1_P3_L5_I7_T4,position,A0,U1,P3,L5,I7,T4,S02,excluded_source_missing,only U4 solved-position sample stream exists on disk,
X_A0_U1_P3_L5_I7_T5,position,A0,U1,P3,L5,I7,T5,S02,excluded_source_missing,only U4 solved-position sample stream exists on disk,
X_A0_U1_P3_L5_I8_T1,position,A0,U1,P3,L5,I8,T1,S02,excluded_source_missing,only U4 solved-position sample stream exists on disk,
X_A0_U1_P3_L5_I8_T2,position,A0,U1,P3,L5,I8,T2,S02,excluded_source_missing,only U4 solved-position sample stream exists on disk,
X_A0_U1_P3_L5_I8_T3,position,A0,U1,P3,L5,I8,T3,S02,excluded_source_missing,only U4 solved-position sample stream exists on disk,
X_A0_U1_P3_L5_I8_T4,position,A0,U1,P3,L5,I8,T4,S02,excluded_source_missing,only U4 solved-position sample stream exists on disk,
X_A0_U1_P3_L5_I8_T5,position,A0,U1,P3,L5,I8,T5,S02,excluded_source_missing,only U4 solved-position sample stream exists on disk,
X_A0_U1_P4_L5_I0_T1,position,A0,U1,P4,L5,I0,T1,S02,excluded_source_missing,only U4 solved-position sample stream exists on disk,
X_A0_U1_P4_L5_I0_T2,position,A0,U1,P4,L5,I0,T2,S02,excluded_source_missing,only U4 solved-position sample stream exists on disk,
X_A0_U1_P4_L5_I0_T3,position,A0,U1,P4,L5,I0,T3,S02,excluded_source_missing,only U4 solved-position sample stream exists on disk,
X_A0_U1_P4_L5_I0_T4,position,A0,U1,P4,L5,I0,T4,S02,excluded_source_missing,only U4 solved-position sample stream exists on disk,
X_A0_U1_P4_L5_I0_T5,position,A0,U1,P4,L5,I0,T5,S02,excluded_source_missing,only U4 solved-position sample stream exists on disk,
X_A0_U1_P4_L5_I1_T1,position,A0,U1,P4,L5,I1,T1,S02,excluded_source_missing,only U4 solved-position sample stream exists on disk,
X_A0_U1_P4_L5_I1_T2,position,A0,U1,P4,L5,I1,T2,S02,excluded_source_missing,only U4 solved-position sample stream exists on disk,
X_A0_U1_P4_L5_I1_T3,position,A0,U1,P4,L5,I1,T3,S02,excluded_source_missing,only U4 solved-position sample stream exists on disk,
X_A0_U1_P4_L5_I1_T4,position,A0,U1,P4,L5,I1,T4,S02,excluded_source_missing,only U4 solved-position sample stream exists on disk,
X_A0_U1_P4_L5_I1_T5,position,A0,U1,P4,L5,I1,T5,S02,excluded_source_missing,only U4 solved-position sample stream exists on disk,
X_A0_U1_P4_L5_I2_T1,position,A0,U1,P4,L5,I2,T1,S02,excluded_source_missing,only U4 solved-position sample stream exists on disk,
X_A0_U1_P4_L5_I2_T2,position,A0,U1,P4,L5,I2,T2,S02,excluded_source_missing,only U4 solved-position sample stream exists on disk,
X_A0_U1_P4_L5_I2_T3,position,A0,U1,P4,L5,I2,T3,S02,excluded_source_missing,only U4 solved-position sample stream exists on disk,
X_A0_U1_P4_L5_I2_T4,position,A0,U1,P4,L5,I2,T4,S02,excluded_source_missing,only U4 solved-position sample stream exists on disk,
X_A0_U1_P4_L5_I2_T5,position,A0,U1,P4,L5,I2,T5,S02,excluded_source_missing,only U4 solved-position sample stream exists on disk,
X_A0_U1_P4_L5_I3_T1,position,A0,U1,P4,L5,I3,T1,S02,excluded_source_missing,only U4 solved-position sample stream exists on disk,
X_A0_U1_P4_L5_I3_T2,position,A0,U1,P4,L5,I3,T2,S02,excluded_source_missing,only U4 solved-position sample stream exists on disk,
X_A0_U1_P4_L5_I3_T3,position,A0,U1,P4,L5,I3,T3,S02,excluded_source_missing,only U4 solved-position sample stream exists on disk,
X_A0_U1_P4_L5_I3_T4,position,A0,U1,P4,L5,I3,T4,S02,excluded_source_missing,only U4 solved-position sample stream exists on disk,
X_A0_U1_P4_L5_I3_T5,position,A0,U1,P4,L5,I3,T5,S02,excluded_source_missing,only U4 solved-position sample stream exists on disk,
X_A0_U1_P4_L5_I4_T1,position,A0,U1,P4,L5,I4,T1,S02,excluded_source_missing,only U4 solved-position sample stream exists on disk,
X_A0_U1_P4_L5_I4_T2,position,A0,U1,P4,L5,I4,T2,S02,excluded_source_missing,only U4 solved-position sample stream exists on disk,
X_A0_U1_P4_L5_I4_T3,position,A0,U1,P4,L5,I4,T3,S02,excluded_source_missing,only U4 solved-position sample stream exists on disk,
X_A0_U1_P4_L5_I4_T4,position,A0,U1,P4,L5,I4,T4,S02,excluded_source_missing,only U4 solved-position sample stream exists on disk,
X_A0_U1_P4_L5_I4_T5,position,A0,U1,P4,L5,I4,T5,S02,excluded_source_missing,only U4 solved-position sample stream exists on disk,
X_A0_U1_P4_L5_I5_T1,position,A0,U1,P4,L5,I5,T1,S02,excluded_source_missing,only U4 solved-position sample stream exists on disk,
X_A0_U1_P4_L5_I5_T2,position,A0,U1,P4,L5,I5,T2,S02,excluded_source_missing,only U4 solved-position sample stream exists on disk,
X_A0_U1_P4_L5_I5_T3,position,A0,U1,P4,L5,I5,T3,S02,excluded_source_missing,only U4 solved-position sample stream exists on disk,
X_A0_U1_P4_L5_I5_T4,position,A0,U1,P4,L5,I5,T4,S02,excluded_source_missing,only U4 solved-position sample stream exists on disk,
X_A0_U1_P4_L5_I5_T5,position,A0,U1,P4,L5,I5,T5,S02,excluded_source_missing,only U4 solved-position sample stream exists on disk,
X_A0_U1_P4_L5_I6_T1,position,A0,U1,P4,L5,I6,T1,S02,excluded_source_missing,only U4 solved-position sample stream exists on disk,
X_A0_U1_P4_L5_I6_T2,position,A0,U1,P4,L5,I6,T2,S02,excluded_source_missing,only U4 solved-position sample stream exists on disk,
X_A0_U1_P4_L5_I6_T3,position,A0,U1,P4,L5,I6,T3,S02,excluded_source_missing,only U4 solved-position sample stream exists on disk,
X_A0_U1_P4_L5_I6_T4,position,A0,U1,P4,L5,I6,T4,S02,excluded_source_missing,only U4 solved-position sample stream exists on disk,
X_A0_U1_P4_L5_I6_T5,position,A0,U1,P4,L5,I6,T5,S02,excluded_source_missing,only U4 solved-position sample stream exists on disk,
X_A0_U1_P4_L5_I7_T1,position,A0,U1,P4,L5,I7,T1,S02,excluded_source_missing,only U4 solved-position sample stream exists on disk,
X_A0_U1_P4_L5_I7_T2,position,A0,U1,P4,L5,I7,T2,S02,excluded_source_missing,only U4 solved-position sample stream exists on disk,
X_A0_U1_P4_L5_I7_T3,position,A0,U1,P4,L5,I7,T3,S02,excluded_source_missing,only U4 solved-position sample stream exists on disk,
X_A0_U1_P4_L5_I7_T4,position,A0,U1,P4,L5,I7,T4,S02,excluded_source_missing,only U4 solved-position sample stream exists on disk,
X_A0_U1_P4_L5_I7_T5,position,A0,U1,P4,L5,I7,T5,S02,excluded_source_missing,only U4 solved-position sample stream exists on disk,
X_A0_U1_P4_L5_I8_T1,position,A0,U1,P4,L5,I8,T1,S02,excluded_source_missing,only U4 solved-position sample stream exists on disk,
X_A0_U1_P4_L5_I8_T2,position,A0,U1,P4,L5,I8,T2,S02,excluded_source_missing,only U4 solved-position sample stream exists on disk,
X_A0_U1_P4_L5_I8_T3,position,A0,U1,P4,L5,I8,T3,S02,excluded_source_missing,only U4 solved-position sample stream exists on disk,
X_A0_U1_P4_L5_I8_T4,position,A0,U1,P4,L5,I8,T4,S02,excluded_source_missing,only U4 solved-position sample stream exists on disk,
X_A0_U1_P4_L5_I8_T5,position,A0,U1,P4,L5,I8,T5,S02,excluded_source_missing,only U4 solved-position sample stream exists on disk,
X_A0_U1_P5_L5_I0_T1,position,A0,U1,P5,L5,I0,T1,S02,excluded_source_missing,only U4 solved-position sample stream exists on disk,
X_A0_U1_P5_L5_I0_T2,position,A0,U1,P5,L5,I0,T2,S02,excluded_source_missing,only U4 solved-position sample stream exists on disk,
X_A0_U1_P5_L5_I0_T3,position,A0,U1,P5,L5,I0,T3,S02,excluded_source_missing,only U4 solved-position sample stream exists on disk,
X_A0_U1_P5_L5_I0_T4,position,A0,U1,P5,L5,I0,T4,S02,excluded_source_missing,only U4 solved-position sample stream exists on disk,
X_A0_U1_P5_L5_I0_T5,position,A0,U1,P5,L5,I0,T5,S02,excluded_source_missing,only U4 solved-position sample stream exists on disk,
X_A0_U1_P5_L5_I1_T1,position,A0,U1,P5,L5,I1,T1,S02,excluded_source_missing,only U4 solved-position sample stream exists on disk,
X_A0_U1_P5_L5_I1_T2,position,A0,U1,P5,L5,I1,T2,S02,excluded_source_missing,only U4 solved-position sample stream exists on disk,
X_A0_U1_P5_L5_I1_T3,position,A0,U1,P5,L5,I1,T3,S02,excluded_source_missing,only U4 solved-position sample stream exists on disk,
X_A0_U1_P5_L5_I1_T4,position,A0,U1,P5,L5,I1,T4,S02,excluded_source_missing,only U4 solved-position sample stream exists on disk,
X_A0_U1_P5_L5_I1_T5,position,A0,U1,P5,L5,I1,T5,S02,excluded_source_missing,only U4 solved-position sample stream exists on disk,
X_A0_U1_P5_L5_I2_T1,position,A0,U1,P5,L5,I2,T1,S02,excluded_source_missing,only U4 solved-position sample stream exists on disk,
X_A0_U1_P5_L5_I2_T2,position,A0,U1,P5,L5,I2,T2,S02,excluded_source_missing,only U4 solved-position sample stream exists on disk,
X_A0_U1_P5_L5_I2_T3,position,A0,U1,P5,L5,I2,T3,S02,excluded_source_missing,only U4 solved-position sample stream exists on disk,
X_A0_U1_P5_L5_I2_T4,position,A0,U1,P5,L5,I2,T4,S02,excluded_source_missing,only U4 solved-position sample stream exists on disk,
X_A0_U1_P5_L5_I2_T5,position,A0,U1,P5,L5,I2,T5,S02,excluded_source_missing,only U4 solved-position sample stream exists on disk,
X_A0_U1_P5_L5_I3_T1,position,A0,U1,P5,L5,I3,T1,S02,excluded_source_missing,only U4 solved-position sample stream exists on disk,
X_A0_U1_P5_L5_I3_T2,position,A0,U1,P5,L5,I3,T2,S02,excluded_source_missing,only U4 solved-position sample stream exists on disk,
X_A0_U1_P5_L5_I3_T3,position,A0,U1,P5,L5,I3,T3,S02,excluded_source_missing,only U4 solved-position sample stream exists on disk,
X_A0_U1_P5_L5_I3_T4,position,A0,U1,P5,L5,I3,T4,S02,excluded_source_missing,only U4 solved-position sample stream exists on disk,
X_A0_U1_P5_L5_I3_T5,position,A0,U1,P5,L5,I3,T5,S02,excluded_source_missing,only U4 solved-position sample stream exists on disk,
X_A0_U1_P5_L5_I4_T1,position,A0,U1,P5,L5,I4,T1,S02,excluded_source_missing,only U4 solved-position sample stream exists on disk,
X_A0_U1_P5_L5_I4_T2,position,A0,U1,P5,L5,I4,T2,S02,excluded_source_missing,only U4 solved-position sample stream exists on disk,
X_A0_U1_P5_L5_I4_T3,position,A0,U1,P5,L5,I4,T3,S02,excluded_source_missing,only U4 solved-position sample stream exists on disk,
X_A0_U1_P5_L5_I4_T4,position,A0,U1,P5,L5,I4,T4,S02,excluded_source_missing,only U4 solved-position sample stream exists on disk,
X_A0_U1_P5_L5_I4_T5,position,A0,U1,P5,L5,I4,T5,S02,excluded_source_missing,only U4 solved-position sample stream exists on disk,
X_A0_U1_P5_L5_I5_T1,position,A0,U1,P5,L5,I5,T1,S02,excluded_source_missing,only U4 solved-position sample stream exists on disk,
X_A0_U1_P5_L5_I5_T2,position,A0,U1,P5,L5,I5,T2,S02,excluded_source_missing,only U4 solved-position sample stream exists on disk,
X_A0_U1_P5_L5_I5_T3,position,A0,U1,P5,L5,I5,T3,S02,excluded_source_missing,only U4 solved-position sample stream exists on disk,
X_A0_U1_P5_L5_I5_T4,position,A0,U1,P5,L5,I5,T4,S02,excluded_source_missing,only U4 solved-position sample stream exists on disk,
X_A0_U1_P5_L5_I5_T5,position,A0,U1,P5,L5,I5,T5,S02,excluded_source_missing,only U4 solved-position sample stream exists on disk,
X_A0_U1_P5_L5_I6_T1,position,A0,U1,P5,L5,I6,T1,S02,excluded_source_missing,only U4 solved-position sample stream exists on disk,
X_A0_U1_P5_L5_I6_T2,position,A0,U1,P5,L5,I6,T2,S02,excluded_source_missing,only U4 solved-position sample stream exists on disk,
X_A0_U1_P5_L5_I6_T3,position,A0,U1,P5,L5,I6,T3,S02,excluded_source_missing,only U4 solved-position sample stream exists on disk,
X_A0_U1_P5_L5_I6_T4,position,A0,U1,P5,L5,I6,T4,S02,excluded_source_missing,only U4 solved-position sample stream exists on disk,
X_A0_U1_P5_L5_I6_T5,position,A0,U1,P5,L5,I6,T5,S02,excluded_source_missing,only U4 solved-position sample stream exists on disk,
X_A0_U1_P5_L5_I7_T1,position,A0,U1,P5,L5,I7,T1,S02,excluded_source_missing,only U4 solved-position sample stream exists on disk,
X_A0_U1_P5_L5_I7_T2,position,A0,U1,P5,L5,I7,T2,S02,excluded_source_missing,only U4 solved-position sample stream exists on disk,
X_A0_U1_P5_L5_I7_T3,position,A0,U1,P5,L5,I7,T3,S02,excluded_source_missing,only U4 solved-position sample stream exists on disk,
X_A0_U1_P5_L5_I7_T4,position,A0,U1,P5,L5,I7,T4,S02,excluded_source_missing,only U4 solved-position sample stream exists on disk,
X_A0_U1_P5_L5_I7_T5,position,A0,U1,P5,L5,I7,T5,S02,excluded_source_missing,only U4 solved-position sample stream exists on disk,
X_A0_U1_P5_L5_I8_T1,position,A0,U1,P5,L5,I8,T1,S02,excluded_source_missing,only U4 solved-position sample stream exists on disk,
X_A0_U1_P5_L5_I8_T2,position,A0,U1,P5,L5,I8,T2,S02,excluded_source_missing,only U4 solved-position sample stream exists on disk,
X_A0_U1_P5_L5_I8_T3,position,A0,U1,P5,L5,I8,T3,S02,excluded_source_missing,only U4 solved-position sample stream exists on disk,
X_A0_U1_P5_L5_I8_T4,position,A0,U1,P5,L5,I8,T4,S02,excluded_source_missing,only U4 solved-position sample stream exists on disk,
X_A0_U1_P5_L5_I8_T5,position,A0,U1,P5,L5,I8,T5,S02,excluded_source_missing,only U4 solved-position sample stream exists on disk,
X_A0_U2_P0_L5_I0_T1,position,A0,U2,P0,L5,I0,T1,S02,excluded_source_missing,only U4 solved-position sample stream exists on disk,
X_A0_U2_P0_L5_I0_T2,position,A0,U2,P0,L5,I0,T2,S02,excluded_source_missing,only U4 solved-position sample stream exists on disk,
X_A0_U2_P0_L5_I0_T3,position,A0,U2,P0,L5,I0,T3,S02,excluded_source_missing,only U4 solved-position sample stream exists on disk,
X_A0_U2_P0_L5_I0_T4,position,A0,U2,P0,L5,I0,T4,S02,excluded_source_missing,only U4 solved-position sample stream exists on disk,
X_A0_U2_P0_L5_I0_T5,position,A0,U2,P0,L5,I0,T5,S02,excluded_source_missing,only U4 solved-position sample stream exists on disk,
X_A0_U2_P0_L5_I1_T1,position,A0,U2,P0,L5,I1,T1,S02,excluded_source_missing,only U4 solved-position sample stream exists on disk,
X_A0_U2_P0_L5_I1_T2,position,A0,U2,P0,L5,I1,T2,S02,excluded_source_missing,only U4 solved-position sample stream exists on disk,
X_A0_U2_P0_L5_I1_T3,position,A0,U2,P0,L5,I1,T3,S02,excluded_source_missing,only U4 solved-position sample stream exists on disk,
X_A0_U2_P0_L5_I1_T4,position,A0,U2,P0,L5,I1,T4,S02,excluded_source_missing,only U4 solved-position sample stream exists on disk,
X_A0_U2_P0_L5_I1_T5,position,A0,U2,P0,L5,I1,T5,S02,excluded_source_missing,only U4 solved-position sample stream exists on disk,
X_A0_U2_P0_L5_I2_T1,position,A0,U2,P0,L5,I2,T1,S02,excluded_source_missing,only U4 solved-position sample stream exists on disk,
X_A0_U2_P0_L5_I2_T2,position,A0,U2,P0,L5,I2,T2,S02,excluded_source_missing,only U4 solved-position sample stream exists on disk,
X_A0_U2_P0_L5_I2_T3,position,A0,U2,P0,L5,I2,T3,S02,excluded_source_missing,only U4 solved-position sample stream exists on disk,
X_A0_U2_P0_L5_I2_T4,position,A0,U2,P0,L5,I2,T4,S02,excluded_source_missing,only U4 solved-position sample stream exists on disk,
X_A0_U2_P0_L5_I2_T5,position,A0,U2,P0,L5,I2,T5,S02,excluded_source_missing,only U4 solved-position sample stream exists on disk,
X_A0_U2_P0_L5_I3_T1,position,A0,U2,P0,L5,I3,T1,S02,excluded_source_missing,only U4 solved-position sample stream exists on disk,
X_A0_U2_P0_L5_I3_T2,position,A0,U2,P0,L5,I3,T2,S02,excluded_source_missing,only U4 solved-position sample stream exists on disk,
X_A0_U2_P0_L5_I3_T3,position,A0,U2,P0,L5,I3,T3,S02,excluded_source_missing,only U4 solved-position sample stream exists on disk,
X_A0_U2_P0_L5_I3_T4,position,A0,U2,P0,L5,I3,T4,S02,excluded_source_missing,only U4 solved-position sample stream exists on disk,
X_A0_U2_P0_L5_I3_T5,position,A0,U2,P0,L5,I3,T5,S02,excluded_source_missing,only U4 solved-position sample stream exists on disk,
X_A0_U2_P0_L5_I4_T1,position,A0,U2,P0,L5,I4,T1,S02,excluded_source_missing,only U4 solved-position sample stream exists on disk,
X_A0_U2_P0_L5_I4_T2,position,A0,U2,P0,L5,I4,T2,S02,excluded_source_missing,only U4 solved-position sample stream exists on disk,
X_A0_U2_P0_L5_I4_T3,position,A0,U2,P0,L5,I4,T3,S02,excluded_source_missing,only U4 solved-position sample stream exists on disk,
X_A0_U2_P0_L5_I4_T4,position,A0,U2,P0,L5,I4,T4,S02,excluded_source_missing,only U4 solved-position sample stream exists on disk,
X_A0_U2_P0_L5_I4_T5,position,A0,U2,P0,L5,I4,T5,S02,excluded_source_missing,only U4 solved-position sample stream exists on disk,
X_A0_U2_P0_L5_I5_T1,position,A0,U2,P0,L5,I5,T1,S02,excluded_source_missing,only U4 solved-position sample stream exists on disk,
X_A0_U2_P0_L5_I5_T2,position,A0,U2,P0,L5,I5,T2,S02,excluded_source_missing,only U4 solved-position sample stream exists on disk,
X_A0_U2_P0_L5_I5_T3,position,A0,U2,P0,L5,I5,T3,S02,excluded_source_missing,only U4 solved-position sample stream exists on disk,
X_A0_U2_P0_L5_I5_T4,position,A0,U2,P0,L5,I5,T4,S02,excluded_source_missing,only U4 solved-position sample stream exists on disk,
X_A0_U2_P0_L5_I5_T5,position,A0,U2,P0,L5,I5,T5,S02,excluded_source_missing,only U4 solved-position sample stream exists on disk,
X_A0_U2_P0_L5_I6_T1,position,A0,U2,P0,L5,I6,T1,S02,excluded_source_missing,only U4 solved-position sample stream exists on disk,
X_A0_U2_P0_L5_I6_T2,position,A0,U2,P0,L5,I6,T2,S02,excluded_source_missing,only U4 solved-position sample stream exists on disk,
X_A0_U2_P0_L5_I6_T3,position,A0,U2,P0,L5,I6,T3,S02,excluded_source_missing,only U4 solved-position sample stream exists on disk,
X_A0_U2_P0_L5_I6_T4,position,A0,U2,P0,L5,I6,T4,S02,excluded_source_missing,only U4 solved-position sample stream exists on disk,
X_A0_U2_P0_L5_I6_T5,position,A0,U2,P0,L5,I6,T5,S02,excluded_source_missing,only U4 solved-position sample stream exists on disk,
X_A0_U2_P0_L5_I7_T1,position,A0,U2,P0,L5,I7,T1,S02,excluded_source_missing,only U4 solved-position sample stream exists on disk,
X_A0_U2_P0_L5_I7_T2,position,A0,U2,P0,L5,I7,T2,S02,excluded_source_missing,only U4 solved-position sample stream exists on disk,
X_A0_U2_P0_L5_I7_T3,position,A0,U2,P0,L5,I7,T3,S02,excluded_source_missing,only U4 solved-position sample stream exists on disk,
X_A0_U2_P0_L5_I7_T4,position,A0,U2,P0,L5,I7,T4,S02,excluded_source_missing,only U4 solved-position sample stream exists on disk,
X_A0_U2_P0_L5_I7_T5,position,A0,U2,P0,L5,I7,T5,S02,excluded_source_missing,only U4 solved-position sample stream exists on disk,
X_A0_U2_P0_L5_I8_T1,position,A0,U2,P0,L5,I8,T1,S02,excluded_source_missing,only U4 solved-position sample stream exists on disk,
X_A0_U2_P0_L5_I8_T2,position,A0,U2,P0,L5,I8,T2,S02,excluded_source_missing,only U4 solved-position sample stream exists on disk,
X_A0_U2_P0_L5_I8_T3,position,A0,U2,P0,L5,I8,T3,S02,excluded_source_missing,only U4 solved-position sample stream exists on disk,
X_A0_U2_P0_L5_I8_T4,position,A0,U2,P0,L5,I8,T4,S02,excluded_source_missing,only U4 solved-position sample stream exists on disk,
X_A0_U2_P0_L5_I8_T5,position,A0,U2,P0,L5,I8,T5,S02,excluded_source_missing,only U4 solved-position sample stream exists on disk,
X_A0_U2_P1_L5_I0_T1,position,A0,U2,P1,L5,I0,T1,S02,excluded_source_missing,only U4 solved-position sample stream exists on disk,
X_A0_U2_P1_L5_I0_T2,position,A0,U2,P1,L5,I0,T2,S02,excluded_source_missing,only U4 solved-position sample stream exists on disk,
X_A0_U2_P1_L5_I0_T3,position,A0,U2,P1,L5,I0,T3,S02,excluded_source_missing,only U4 solved-position sample stream exists on disk,
X_A0_U2_P1_L5_I0_T4,position,A0,U2,P1,L5,I0,T4,S02,excluded_source_missing,only U4 solved-position sample stream exists on disk,
X_A0_U2_P1_L5_I0_T5,position,A0,U2,P1,L5,I0,T5,S02,excluded_source_missing,only U4 solved-position sample stream exists on disk,
X_A0_U2_P1_L5_I1_T1,position,A0,U2,P1,L5,I1,T1,S02,excluded_source_missing,only U4 solved-position sample stream exists on disk,
X_A0_U2_P1_L5_I1_T2,position,A0,U2,P1,L5,I1,T2,S02,excluded_source_missing,only U4 solved-position sample stream exists on disk,
X_A0_U2_P1_L5_I1_T3,position,A0,U2,P1,L5,I1,T3,S02,excluded_source_missing,only U4 solved-position sample stream exists on disk,
X_A0_U2_P1_L5_I1_T4,position,A0,U2,P1,L5,I1,T4,S02,excluded_source_missing,only U4 solved-position sample stream exists on disk,
X_A0_U2_P1_L5_I1_T5,position,A0,U2,P1,L5,I1,T5,S02,excluded_source_missing,only U4 solved-position sample stream exists on disk,
X_A0_U2_P1_L5_I2_T1,position,A0,U2,P1,L5,I2,T1,S02,excluded_source_missing,only U4 solved-position sample stream exists on disk,
X_A0_U2_P1_L5_I2_T2,position,A0,U2,P1,L5,I2,T2,S02,excluded_source_missing,only U4 solved-position sample stream exists on disk,
X_A0_U2_P1_L5_I2_T3,position,A0,U2,P1,L5,I2,T3,S02,excluded_source_missing,only U4 solved-position sample stream exists on disk,
X_A0_U2_P1_L5_I2_T4,position,A0,U2,P1,L5,I2,T4,S02,excluded_source_missing,only U4 solved-position sample stream exists on disk,
X_A0_U2_P1_L5_I2_T5,position,A0,U2,P1,L5,I2,T5,S02,excluded_source_missing,only U4 solved-position sample stream exists on disk,
X_A0_U2_P1_L5_I3_T1,position,A0,U2,P1,L5,I3,T1,S02,excluded_source_missing,only U4 solved-position sample stream exists on disk,
X_A0_U2_P1_L5_I3_T2,position,A0,U2,P1,L5,I3,T2,S02,excluded_source_missing,only U4 solved-position sample stream exists on disk,
X_A0_U2_P1_L5_I3_T3,position,A0,U2,P1,L5,I3,T3,S02,excluded_source_missing,only U4 solved-position sample stream exists on disk,
X_A0_U2_P1_L5_I3_T4,position,A0,U2,P1,L5,I3,T4,S02,excluded_source_missing,only U4 solved-position sample stream exists on disk,
X_A0_U2_P1_L5_I3_T5,position,A0,U2,P1,L5,I3,T5,S02,excluded_source_missing,only U4 solved-position sample stream exists on disk,
X_A0_U2_P1_L5_I4_T1,position,A0,U2,P1,L5,I4,T1,S02,excluded_source_missing,only U4 solved-position sample stream exists on disk,
X_A0_U2_P1_L5_I4_T2,position,A0,U2,P1,L5,I4,T2,S02,excluded_source_missing,only U4 solved-position sample stream exists on disk,
X_A0_U2_P1_L5_I4_T3,position,A0,U2,P1,L5,I4,T3,S02,excluded_source_missing,only U4 solved-position sample stream exists on disk,
X_A0_U2_P1_L5_I4_T4,position,A0,U2,P1,L5,I4,T4,S02,excluded_source_missing,only U4 solved-position sample stream exists on disk,
X_A0_U2_P1_L5_I4_T5,position,A0,U2,P1,L5,I4,T5,S02,excluded_source_missing,only U4 solved-position sample stream exists on disk,
X_A0_U2_P1_L5_I5_T1,position,A0,U2,P1,L5,I5,T1,S02,excluded_source_missing,only U4 solved-position sample stream exists on disk,
X_A0_U2_P1_L5_I5_T2,position,A0,U2,P1,L5,I5,T2,S02,excluded_source_missing,only U4 solved-position sample stream exists on disk,
X_A0_U2_P1_L5_I5_T3,position,A0,U2,P1,L5,I5,T3,S02,excluded_source_missing,only U4 solved-position sample stream exists on disk,
X_A0_U2_P1_L5_I5_T4,position,A0,U2,P1,L5,I5,T4,S02,excluded_source_missing,only U4 solved-position sample stream exists on disk,
X_A0_U2_P1_L5_I5_T5,position,A0,U2,P1,L5,I5,T5,S02,excluded_source_missing,only U4 solved-position sample stream exists on disk,
X_A0_U2_P1_L5_I6_T1,position,A0,U2,P1,L5,I6,T1,S02,excluded_source_missing,only U4 solved-position sample stream exists on disk,
X_A0_U2_P1_L5_I6_T2,position,A0,U2,P1,L5,I6,T2,S02,excluded_source_missing,only U4 solved-position sample stream exists on disk,
X_A0_U2_P1_L5_I6_T3,position,A0,U2,P1,L5,I6,T3,S02,excluded_source_missing,only U4 solved-position sample stream exists on disk,
X_A0_U2_P1_L5_I6_T4,position,A0,U2,P1,L5,I6,T4,S02,excluded_source_missing,only U4 solved-position sample stream exists on disk,
X_A0_U2_P1_L5_I6_T5,position,A0,U2,P1,L5,I6,T5,S02,excluded_source_missing,only U4 solved-position sample stream exists on disk,
X_A0_U2_P1_L5_I7_T1,position,A0,U2,P1,L5,I7,T1,S02,excluded_source_missing,only U4 solved-position sample stream exists on disk,
X_A0_U2_P1_L5_I7_T2,position,A0,U2,P1,L5,I7,T2,S02,excluded_source_missing,only U4 solved-position sample stream exists on disk,
X_A0_U2_P1_L5_I7_T3,position,A0,U2,P1,L5,I7,T3,S02,excluded_source_missing,only U4 solved-position sample stream exists on disk,
X_A0_U2_P1_L5_I7_T4,position,A0,U2,P1,L5,I7,T4,S02,excluded_source_missing,only U4 solved-position sample stream exists on disk,
X_A0_U2_P1_L5_I7_T5,position,A0,U2,P1,L5,I7,T5,S02,excluded_source_missing,only U4 solved-position sample stream exists on disk,
X_A0_U2_P1_L5_I8_T1,position,A0,U2,P1,L5,I8,T1,S02,excluded_source_missing,only U4 solved-position sample stream exists on disk,
X_A0_U2_P1_L5_I8_T2,position,A0,U2,P1,L5,I8,T2,S02,excluded_source_missing,only U4 solved-position sample stream exists on disk,
X_A0_U2_P1_L5_I8_T3,position,A0,U2,P1,L5,I8,T3,S02,excluded_source_missing,only U4 solved-position sample stream exists on disk,
X_A0_U2_P1_L5_I8_T4,position,A0,U2,P1,L5,I8,T4,S02,excluded_source_missing,only U4 solved-position sample stream exists on disk,
X_A0_U2_P1_L5_I8_T5,position,A0,U2,P1,L5,I8,T5,S02,excluded_source_missing,only U4 solved-position sample stream exists on disk,
X_A0_U2_P2_L5_I0_T1,position,A0,U2,P2,L5,I0,T1,S02,excluded_source_missing,only U4 solved-position sample stream exists on disk,
X_A0_U2_P2_L5_I0_T2,position,A0,U2,P2,L5,I0,T2,S02,excluded_source_missing,only U4 solved-position sample stream exists on disk,
X_A0_U2_P2_L5_I0_T3,position,A0,U2,P2,L5,I0,T3,S02,excluded_source_missing,only U4 solved-position sample stream exists on disk,
X_A0_U2_P2_L5_I0_T4,position,A0,U2,P2,L5,I0,T4,S02,excluded_source_missing,only U4 solved-position sample stream exists on disk,
X_A0_U2_P2_L5_I0_T5,position,A0,U2,P2,L5,I0,T5,S02,excluded_source_missing,only U4 solved-position sample stream exists on disk,
X_A0_U2_P2_L5_I1_T1,position,A0,U2,P2,L5,I1,T1,S02,excluded_source_missing,only U4 solved-position sample stream exists on disk,
X_A0_U2_P2_L5_I1_T2,position,A0,U2,P2,L5,I1,T2,S02,excluded_source_missing,only U4 solved-position sample stream exists on disk,
X_A0_U2_P2_L5_I1_T3,position,A0,U2,P2,L5,I1,T3,S02,excluded_source_missing,only U4 solved-position sample stream exists on disk,
X_A0_U2_P2_L5_I1_T4,position,A0,U2,P2,L5,I1,T4,S02,excluded_source_missing,only U4 solved-position sample stream exists on disk,
X_A0_U2_P2_L5_I1_T5,position,A0,U2,P2,L5,I1,T5,S02,excluded_source_missing,only U4 solved-position sample stream exists on disk,
X_A0_U2_P2_L5_I2_T1,position,A0,U2,P2,L5,I2,T1,S02,excluded_source_missing,only U4 solved-position sample stream exists on disk,
X_A0_U2_P2_L5_I2_T2,position,A0,U2,P2,L5,I2,T2,S02,excluded_source_missing,only U4 solved-position sample stream exists on disk,
X_A0_U2_P2_L5_I2_T3,position,A0,U2,P2,L5,I2,T3,S02,excluded_source_missing,only U4 solved-position sample stream exists on disk,
X_A0_U2_P2_L5_I2_T4,position,A0,U2,P2,L5,I2,T4,S02,excluded_source_missing,only U4 solved-position sample stream exists on disk,
X_A0_U2_P2_L5_I2_T5,position,A0,U2,P2,L5,I2,T5,S02,excluded_source_missing,only U4 solved-position sample stream exists on disk,
X_A0_U2_P2_L5_I3_T1,position,A0,U2,P2,L5,I3,T1,S02,excluded_source_missing,only U4 solved-position sample stream exists on disk,
X_A0_U2_P2_L5_I3_T2,position,A0,U2,P2,L5,I3,T2,S02,excluded_source_missing,only U4 solved-position sample stream exists on disk,
X_A0_U2_P2_L5_I3_T3,position,A0,U2,P2,L5,I3,T3,S02,excluded_source_missing,only U4 solved-position sample stream exists on disk,
X_A0_U2_P2_L5_I3_T4,position,A0,U2,P2,L5,I3,T4,S02,excluded_source_missing,only U4 solved-position sample stream exists on disk,
X_A0_U2_P2_L5_I3_T5,position,A0,U2,P2,L5,I3,T5,S02,excluded_source_missing,only U4 solved-position sample stream exists on disk,
X_A0_U2_P2_L5_I4_T1,position,A0,U2,P2,L5,I4,T1,S02,excluded_source_missing,only U4 solved-position sample stream exists on disk,
X_A0_U2_P2_L5_I4_T2,position,A0,U2,P2,L5,I4,T2,S02,excluded_source_missing,only U4 solved-position sample stream exists on disk,
X_A0_U2_P2_L5_I4_T3,position,A0,U2,P2,L5,I4,T3,S02,excluded_source_missing,only U4 solved-position sample stream exists on disk,
X_A0_U2_P2_L5_I4_T4,position,A0,U2,P2,L5,I4,T4,S02,excluded_source_missing,only U4 solved-position sample stream exists on disk,
X_A0_U2_P2_L5_I4_T5,position,A0,U2,P2,L5,I4,T5,S02,excluded_source_missing,only U4 solved-position sample stream exists on disk,
X_A0_U2_P2_L5_I5_T1,position,A0,U2,P2,L5,I5,T1,S02,excluded_source_missing,only U4 solved-position sample stream exists on disk,
X_A0_U2_P2_L5_I5_T2,position,A0,U2,P2,L5,I5,T2,S02,excluded_source_missing,only U4 solved-position sample stream exists on disk,
X_A0_U2_P2_L5_I5_T3,position,A0,U2,P2,L5,I5,T3,S02,excluded_source_missing,only U4 solved-position sample stream exists on disk,
X_A0_U2_P2_L5_I5_T4,position,A0,U2,P2,L5,I5,T4,S02,excluded_source_missing,only U4 solved-position sample stream exists on disk,
X_A0_U2_P2_L5_I5_T5,position,A0,U2,P2,L5,I5,T5,S02,excluded_source_missing,only U4 solved-position sample stream exists on disk,
X_A0_U2_P2_L5_I6_T1,position,A0,U2,P2,L5,I6,T1,S02,excluded_source_missing,only U4 solved-position sample stream exists on disk,
X_A0_U2_P2_L5_I6_T2,position,A0,U2,P2,L5,I6,T2,S02,excluded_source_missing,only U4 solved-position sample stream exists on disk,
X_A0_U2_P2_L5_I6_T3,position,A0,U2,P2,L5,I6,T3,S02,excluded_source_missing,only U4 solved-position sample stream exists on disk,
X_A0_U2_P2_L5_I6_T4,position,A0,U2,P2,L5,I6,T4,S02,excluded_source_missing,only U4 solved-position sample stream exists on disk,
X_A0_U2_P2_L5_I6_T5,position,A0,U2,P2,L5,I6,T5,S02,excluded_source_missing,only U4 solved-position sample stream exists on disk,
X_A0_U2_P2_L5_I7_T1,position,A0,U2,P2,L5,I7,T1,S02,excluded_source_missing,only U4 solved-position sample stream exists on disk,
X_A0_U2_P2_L5_I7_T2,position,A0,U2,P2,L5,I7,T2,S02,excluded_source_missing,only U4 solved-position sample stream exists on disk,
X_A0_U2_P2_L5_I7_T3,position,A0,U2,P2,L5,I7,T3,S02,excluded_source_missing,only U4 solved-position sample stream exists on disk,
X_A0_U2_P2_L5_I7_T4,position,A0,U2,P2,L5,I7,T4,S02,excluded_source_missing,only U4 solved-position sample stream exists on disk,
X_A0_U2_P2_L5_I7_T5,position,A0,U2,P2,L5,I7,T5,S02,excluded_source_missing,only U4 solved-position sample stream exists on disk,
X_A0_U2_P2_L5_I8_T1,position,A0,U2,P2,L5,I8,T1,S02,excluded_source_missing,only U4 solved-position sample stream exists on disk,
X_A0_U2_P2_L5_I8_T2,position,A0,U2,P2,L5,I8,T2,S02,excluded_source_missing,only U4 solved-position sample stream exists on disk,
X_A0_U2_P2_L5_I8_T3,position,A0,U2,P2,L5,I8,T3,S02,excluded_source_missing,only U4 solved-position sample stream exists on disk,
X_A0_U2_P2_L5_I8_T4,position,A0,U2,P2,L5,I8,T4,S02,excluded_source_missing,only U4 solved-position sample stream exists on disk,
X_A0_U2_P2_L5_I8_T5,position,A0,U2,P2,L5,I8,T5,S02,excluded_source_missing,only U4 solved-position sample stream exists on disk,
X_A0_U2_P3_L5_I0_T1,position,A0,U2,P3,L5,I0,T1,S02,excluded_source_missing,only U4 solved-position sample stream exists on disk,
X_A0_U2_P3_L5_I0_T2,position,A0,U2,P3,L5,I0,T2,S02,excluded_source_missing,only U4 solved-position sample stream exists on disk,
X_A0_U2_P3_L5_I0_T3,position,A0,U2,P3,L5,I0,T3,S02,excluded_source_missing,only U4 solved-position sample stream exists on disk,
X_A0_U2_P3_L5_I0_T4,position,A0,U2,P3,L5,I0,T4,S02,excluded_source_missing,only U4 solved-position sample stream exists on disk,
X_A0_U2_P3_L5_I0_T5,position,A0,U2,P3,L5,I0,T5,S02,excluded_source_missing,only U4 solved-position sample stream exists on disk,
X_A0_U2_P3_L5_I1_T1,position,A0,U2,P3,L5,I1,T1,S02,excluded_source_missing,only U4 solved-position sample stream exists on disk,
X_A0_U2_P3_L5_I1_T2,position,A0,U2,P3,L5,I1,T2,S02,excluded_source_missing,only U4 solved-position sample stream exists on disk,
X_A0_U2_P3_L5_I1_T3,position,A0,U2,P3,L5,I1,T3,S02,excluded_source_missing,only U4 solved-position sample stream exists on disk,
X_A0_U2_P3_L5_I1_T4,position,A0,U2,P3,L5,I1,T4,S02,excluded_source_missing,only U4 solved-position sample stream exists on disk,
X_A0_U2_P3_L5_I1_T5,position,A0,U2,P3,L5,I1,T5,S02,excluded_source_missing,only U4 solved-position sample stream exists on disk,
X_A0_U2_P3_L5_I2_T1,position,A0,U2,P3,L5,I2,T1,S02,excluded_source_missing,only U4 solved-position sample stream exists on disk,
X_A0_U2_P3_L5_I2_T2,position,A0,U2,P3,L5,I2,T2,S02,excluded_source_missing,only U4 solved-position sample stream exists on disk,
X_A0_U2_P3_L5_I2_T3,position,A0,U2,P3,L5,I2,T3,S02,excluded_source_missing,only U4 solved-position sample stream exists on disk,
X_A0_U2_P3_L5_I2_T4,position,A0,U2,P3,L5,I2,T4,S02,excluded_source_missing,only U4 solved-position sample stream exists on disk,
X_A0_U2_P3_L5_I2_T5,position,A0,U2,P3,L5,I2,T5,S02,excluded_source_missing,only U4 solved-position sample stream exists on disk,
X_A0_U2_P3_L5_I3_T1,position,A0,U2,P3,L5,I3,T1,S02,excluded_source_missing,only U4 solved-position sample stream exists on disk,
X_A0_U2_P3_L5_I3_T2,position,A0,U2,P3,L5,I3,T2,S02,excluded_source_missing,only U4 solved-position sample stream exists on disk,
X_A0_U2_P3_L5_I3_T3,position,A0,U2,P3,L5,I3,T3,S02,excluded_source_missing,only U4 solved-position sample stream exists on disk,
X_A0_U2_P3_L5_I3_T4,position,A0,U2,P3,L5,I3,T4,S02,excluded_source_missing,only U4 solved-position sample stream exists on disk,
X_A0_U2_P3_L5_I3_T5,position,A0,U2,P3,L5,I3,T5,S02,excluded_source_missing,only U4 solved-position sample stream exists on disk,
X_A0_U2_P3_L5_I4_T1,position,A0,U2,P3,L5,I4,T1,S02,excluded_source_missing,only U4 solved-position sample stream exists on disk,
X_A0_U2_P3_L5_I4_T2,position,A0,U2,P3,L5,I4,T2,S02,excluded_source_missing,only U4 solved-position sample stream exists on disk,
X_A0_U2_P3_L5_I4_T3,position,A0,U2,P3,L5,I4,T3,S02,excluded_source_missing,only U4 solved-position sample stream exists on disk,
X_A0_U2_P3_L5_I4_T4,position,A0,U2,P3,L5,I4,T4,S02,excluded_source_missing,only U4 solved-position sample stream exists on disk,
X_A0_U2_P3_L5_I4_T5,position,A0,U2,P3,L5,I4,T5,S02,excluded_source_missing,only U4 solved-position sample stream exists on disk,
X_A0_U2_P3_L5_I5_T1,position,A0,U2,P3,L5,I5,T1,S02,excluded_source_missing,only U4 solved-position sample stream exists on disk,
X_A0_U2_P3_L5_I5_T2,position,A0,U2,P3,L5,I5,T2,S02,excluded_source_missing,only U4 solved-position sample stream exists on disk,
X_A0_U2_P3_L5_I5_T3,position,A0,U2,P3,L5,I5,T3,S02,excluded_source_missing,only U4 solved-position sample stream exists on disk,
X_A0_U2_P3_L5_I5_T4,position,A0,U2,P3,L5,I5,T4,S02,excluded_source_missing,only U4 solved-position sample stream exists on disk,
X_A0_U2_P3_L5_I5_T5,position,A0,U2,P3,L5,I5,T5,S02,excluded_source_missing,only U4 solved-position sample stream exists on disk,
X_A0_U2_P3_L5_I6_T1,position,A0,U2,P3,L5,I6,T1,S02,excluded_source_missing,only U4 solved-position sample stream exists on disk,
X_A0_U2_P3_L5_I6_T2,position,A0,U2,P3,L5,I6,T2,S02,excluded_source_missing,only U4 solved-position sample stream exists on disk,
X_A0_U2_P3_L5_I6_T3,position,A0,U2,P3,L5,I6,T3,S02,excluded_source_missing,only U4 solved-position sample stream exists on disk,
X_A0_U2_P3_L5_I6_T4,position,A0,U2,P3,L5,I6,T4,S02,excluded_source_missing,only U4 solved-position sample stream exists on disk,
X_A0_U2_P3_L5_I6_T5,position,A0,U2,P3,L5,I6,T5,S02,excluded_source_missing,only U4 solved-position sample stream exists on disk,
X_A0_U2_P3_L5_I7_T1,position,A0,U2,P3,L5,I7,T1,S02,excluded_source_missing,only U4 solved-position sample stream exists on disk,
X_A0_U2_P3_L5_I7_T2,position,A0,U2,P3,L5,I7,T2,S02,excluded_source_missing,only U4 solved-position sample stream exists on disk,
X_A0_U2_P3_L5_I7_T3,position,A0,U2,P3,L5,I7,T3,S02,excluded_source_missing,only U4 solved-position sample stream exists on disk,
X_A0_U2_P3_L5_I7_T4,position,A0,U2,P3,L5,I7,T4,S02,excluded_source_missing,only U4 solved-position sample stream exists on disk,
X_A0_U2_P3_L5_I7_T5,position,A0,U2,P3,L5,I7,T5,S02,excluded_source_missing,only U4 solved-position sample stream exists on disk,
X_A0_U2_P3_L5_I8_T1,position,A0,U2,P3,L5,I8,T1,S02,excluded_source_missing,only U4 solved-position sample stream exists on disk,
X_A0_U2_P3_L5_I8_T2,position,A0,U2,P3,L5,I8,T2,S02,excluded_source_missing,only U4 solved-position sample stream exists on disk,
X_A0_U2_P3_L5_I8_T3,position,A0,U2,P3,L5,I8,T3,S02,excluded_source_missing,only U4 solved-position sample stream exists on disk,
X_A0_U2_P3_L5_I8_T4,position,A0,U2,P3,L5,I8,T4,S02,excluded_source_missing,only U4 solved-position sample stream exists on disk,
X_A0_U2_P3_L5_I8_T5,position,A0,U2,P3,L5,I8,T5,S02,excluded_source_missing,only U4 solved-position sample stream exists on disk,
X_A0_U2_P4_L5_I0_T1,position,A0,U2,P4,L5,I0,T1,S02,excluded_source_missing,only U4 solved-position sample stream exists on disk,
X_A0_U2_P4_L5_I0_T2,position,A0,U2,P4,L5,I0,T2,S02,excluded_source_missing,only U4 solved-position sample stream exists on disk,
X_A0_U2_P4_L5_I0_T3,position,A0,U2,P4,L5,I0,T3,S02,excluded_source_missing,only U4 solved-position sample stream exists on disk,
X_A0_U2_P4_L5_I0_T4,position,A0,U2,P4,L5,I0,T4,S02,excluded_source_missing,only U4 solved-position sample stream exists on disk,
X_A0_U2_P4_L5_I0_T5,position,A0,U2,P4,L5,I0,T5,S02,excluded_source_missing,only U4 solved-position sample stream exists on disk,
X_A0_U2_P4_L5_I1_T1,position,A0,U2,P4,L5,I1,T1,S02,excluded_source_missing,only U4 solved-position sample stream exists on disk,
X_A0_U2_P4_L5_I1_T2,position,A0,U2,P4,L5,I1,T2,S02,excluded_source_missing,only U4 solved-position sample stream exists on disk,
X_A0_U2_P4_L5_I1_T3,position,A0,U2,P4,L5,I1,T3,S02,excluded_source_missing,only U4 solved-position sample stream exists on disk,
X_A0_U2_P4_L5_I1_T4,position,A0,U2,P4,L5,I1,T4,S02,excluded_source_missing,only U4 solved-position sample stream exists on disk,
X_A0_U2_P4_L5_I1_T5,position,A0,U2,P4,L5,I1,T5,S02,excluded_source_missing,only U4 solved-position sample stream exists on disk,
X_A0_U2_P4_L5_I2_T1,position,A0,U2,P4,L5,I2,T1,S02,excluded_source_missing,only U4 solved-position sample stream exists on disk,
X_A0_U2_P4_L5_I2_T2,position,A0,U2,P4,L5,I2,T2,S02,excluded_source_missing,only U4 solved-position sample stream exists on disk,
X_A0_U2_P4_L5_I2_T3,position,A0,U2,P4,L5,I2,T3,S02,excluded_source_missing,only U4 solved-position sample stream exists on disk,
X_A0_U2_P4_L5_I2_T4,position,A0,U2,P4,L5,I2,T4,S02,excluded_source_missing,only U4 solved-position sample stream exists on disk,
X_A0_U2_P4_L5_I2_T5,position,A0,U2,P4,L5,I2,T5,S02,excluded_source_missing,only U4 solved-position sample stream exists on disk,
X_A0_U2_P4_L5_I3_T1,position,A0,U2,P4,L5,I3,T1,S02,excluded_source_missing,only U4 solved-position sample stream exists on disk,
X_A0_U2_P4_L5_I3_T2,position,A0,U2,P4,L5,I3,T2,S02,excluded_source_missing,only U4 solved-position sample stream exists on disk,
X_A0_U2_P4_L5_I3_T3,position,A0,U2,P4,L5,I3,T3,S02,excluded_source_missing,only U4 solved-position sample stream exists on disk,
X_A0_U2_P4_L5_I3_T4,position,A0,U2,P4,L5,I3,T4,S02,excluded_source_missing,only U4 solved-position sample stream exists on disk,
X_A0_U2_P4_L5_I3_T5,position,A0,U2,P4,L5,I3,T5,S02,excluded_source_missing,only U4 solved-position sample stream exists on disk,
X_A0_U2_P4_L5_I4_T1,position,A0,U2,P4,L5,I4,T1,S02,excluded_source_missing,only U4 solved-position sample stream exists on disk,
X_A0_U2_P4_L5_I4_T2,position,A0,U2,P4,L5,I4,T2,S02,excluded_source_missing,only U4 solved-position sample stream exists on disk,
X_A0_U2_P4_L5_I4_T3,position,A0,U2,P4,L5,I4,T3,S02,excluded_source_missing,only U4 solved-position sample stream exists on disk,
X_A0_U2_P4_L5_I4_T4,position,A0,U2,P4,L5,I4,T4,S02,excluded_source_missing,only U4 solved-position sample stream exists on disk,
X_A0_U2_P4_L5_I4_T5,position,A0,U2,P4,L5,I4,T5,S02,excluded_source_missing,only U4 solved-position sample stream exists on disk,
X_A0_U2_P4_L5_I5_T1,position,A0,U2,P4,L5,I5,T1,S02,excluded_source_missing,only U4 solved-position sample stream exists on disk,
X_A0_U2_P4_L5_I5_T2,position,A0,U2,P4,L5,I5,T2,S02,excluded_source_missing,only U4 solved-position sample stream exists on disk,
X_A0_U2_P4_L5_I5_T3,position,A0,U2,P4,L5,I5,T3,S02,excluded_source_missing,only U4 solved-position sample stream exists on disk,
X_A0_U2_P4_L5_I5_T4,position,A0,U2,P4,L5,I5,T4,S02,excluded_source_missing,only U4 solved-position sample stream exists on disk,
X_A0_U2_P4_L5_I5_T5,position,A0,U2,P4,L5,I5,T5,S02,excluded_source_missing,only U4 solved-position sample stream exists on disk,
X_A0_U2_P4_L5_I6_T1,position,A0,U2,P4,L5,I6,T1,S02,excluded_source_missing,only U4 solved-position sample stream exists on disk,
X_A0_U2_P4_L5_I6_T2,position,A0,U2,P4,L5,I6,T2,S02,excluded_source_missing,only U4 solved-position sample stream exists on disk,
X_A0_U2_P4_L5_I6_T3,position,A0,U2,P4,L5,I6,T3,S02,excluded_source_missing,only U4 solved-position sample stream exists on disk,
X_A0_U2_P4_L5_I6_T4,position,A0,U2,P4,L5,I6,T4,S02,excluded_source_missing,only U4 solved-position sample stream exists on disk,
X_A0_U2_P4_L5_I6_T5,position,A0,U2,P4,L5,I6,T5,S02,excluded_source_missing,only U4 solved-position sample stream exists on disk,
X_A0_U2_P4_L5_I7_T1,position,A0,U2,P4,L5,I7,T1,S02,excluded_source_missing,only U4 solved-position sample stream exists on disk,
X_A0_U2_P4_L5_I7_T2,position,A0,U2,P4,L5,I7,T2,S02,excluded_source_missing,only U4 solved-position sample stream exists on disk,
X_A0_U2_P4_L5_I7_T3,position,A0,U2,P4,L5,I7,T3,S02,excluded_source_missing,only U4 solved-position sample stream exists on disk,
X_A0_U2_P4_L5_I7_T4,position,A0,U2,P4,L5,I7,T4,S02,excluded_source_missing,only U4 solved-position sample stream exists on disk,
X_A0_U2_P4_L5_I7_T5,position,A0,U2,P4,L5,I7,T5,S02,excluded_source_missing,only U4 solved-position sample stream exists on disk,
X_A0_U2_P4_L5_I8_T1,position,A0,U2,P4,L5,I8,T1,S02,excluded_source_missing,only U4 solved-position sample stream exists on disk,
X_A0_U2_P4_L5_I8_T2,position,A0,U2,P4,L5,I8,T2,S02,excluded_source_missing,only U4 solved-position sample stream exists on disk,
X_A0_U2_P4_L5_I8_T3,position,A0,U2,P4,L5,I8,T3,S02,excluded_source_missing,only U4 solved-position sample stream exists on disk,
X_A0_U2_P4_L5_I8_T4,position,A0,U2,P4,L5,I8,T4,S02,excluded_source_missing,only U4 solved-position sample stream exists on disk,
X_A0_U2_P4_L5_I8_T5,position,A0,U2,P4,L5,I8,T5,S02,excluded_source_missing,only U4 solved-position sample stream exists on disk,
X_A0_U2_P5_L5_I0_T1,position,A0,U2,P5,L5,I0,T1,S02,excluded_source_missing,only U4 solved-position sample stream exists on disk,
X_A0_U2_P5_L5_I0_T2,position,A0,U2,P5,L5,I0,T2,S02,excluded_source_missing,only U4 solved-position sample stream exists on disk,
X_A0_U2_P5_L5_I0_T3,position,A0,U2,P5,L5,I0,T3,S02,excluded_source_missing,only U4 solved-position sample stream exists on disk,
X_A0_U2_P5_L5_I0_T4,position,A0,U2,P5,L5,I0,T4,S02,excluded_source_missing,only U4 solved-position sample stream exists on disk,
X_A0_U2_P5_L5_I0_T5,position,A0,U2,P5,L5,I0,T5,S02,excluded_source_missing,only U4 solved-position sample stream exists on disk,
X_A0_U2_P5_L5_I1_T1,position,A0,U2,P5,L5,I1,T1,S02,excluded_source_missing,only U4 solved-position sample stream exists on disk,
X_A0_U2_P5_L5_I1_T2,position,A0,U2,P5,L5,I1,T2,S02,excluded_source_missing,only U4 solved-position sample stream exists on disk,
X_A0_U2_P5_L5_I1_T3,position,A0,U2,P5,L5,I1,T3,S02,excluded_source_missing,only U4 solved-position sample stream exists on disk,
X_A0_U2_P5_L5_I1_T4,position,A0,U2,P5,L5,I1,T4,S02,excluded_source_missing,only U4 solved-position sample stream exists on disk,
X_A0_U2_P5_L5_I1_T5,position,A0,U2,P5,L5,I1,T5,S02,excluded_source_missing,only U4 solved-position sample stream exists on disk,
X_A0_U2_P5_L5_I2_T1,position,A0,U2,P5,L5,I2,T1,S02,excluded_source_missing,only U4 solved-position sample stream exists on disk,
X_A0_U2_P5_L5_I2_T2,position,A0,U2,P5,L5,I2,T2,S02,excluded_source_missing,only U4 solved-position sample stream exists on disk,
X_A0_U2_P5_L5_I2_T3,position,A0,U2,P5,L5,I2,T3,S02,excluded_source_missing,only U4 solved-position sample stream exists on disk,
X_A0_U2_P5_L5_I2_T4,position,A0,U2,P5,L5,I2,T4,S02,excluded_source_missing,only U4 solved-position sample stream exists on disk,
X_A0_U2_P5_L5_I2_T5,position,A0,U2,P5,L5,I2,T5,S02,excluded_source_missing,only U4 solved-position sample stream exists on disk,
X_A0_U2_P5_L5_I3_T1,position,A0,U2,P5,L5,I3,T1,S02,excluded_source_missing,only U4 solved-position sample stream exists on disk,
X_A0_U2_P5_L5_I3_T2,position,A0,U2,P5,L5,I3,T2,S02,excluded_source_missing,only U4 solved-position sample stream exists on disk,
X_A0_U2_P5_L5_I3_T3,position,A0,U2,P5,L5,I3,T3,S02,excluded_source_missing,only U4 solved-position sample stream exists on disk,
X_A0_U2_P5_L5_I3_T4,position,A0,U2,P5,L5,I3,T4,S02,excluded_source_missing,only U4 solved-position sample stream exists on disk,
X_A0_U2_P5_L5_I3_T5,position,A0,U2,P5,L5,I3,T5,S02,excluded_source_missing,only U4 solved-position sample stream exists on disk,
X_A0_U2_P5_L5_I4_T1,position,A0,U2,P5,L5,I4,T1,S02,excluded_source_missing,only U4 solved-position sample stream exists on disk,
X_A0_U2_P5_L5_I4_T2,position,A0,U2,P5,L5,I4,T2,S02,excluded_source_missing,only U4 solved-position sample stream exists on disk,
X_A0_U2_P5_L5_I4_T3,position,A0,U2,P5,L5,I4,T3,S02,excluded_source_missing,only U4 solved-position sample stream exists on disk,
X_A0_U2_P5_L5_I4_T4,position,A0,U2,P5,L5,I4,T4,S02,excluded_source_missing,only U4 solved-position sample stream exists on disk,
X_A0_U2_P5_L5_I4_T5,position,A0,U2,P5,L5,I4,T5,S02,excluded_source_missing,only U4 solved-position sample stream exists on disk,
X_A0_U2_P5_L5_I5_T1,position,A0,U2,P5,L5,I5,T1,S02,excluded_source_missing,only U4 solved-position sample stream exists on disk,
X_A0_U2_P5_L5_I5_T2,position,A0,U2,P5,L5,I5,T2,S02,excluded_source_missing,only U4 solved-position sample stream exists on disk,
X_A0_U2_P5_L5_I5_T3,position,A0,U2,P5,L5,I5,T3,S02,excluded_source_missing,only U4 solved-position sample stream exists on disk,
X_A0_U2_P5_L5_I5_T4,position,A0,U2,P5,L5,I5,T4,S02,excluded_source_missing,only U4 solved-position sample stream exists on disk,
X_A0_U2_P5_L5_I5_T5,position,A0,U2,P5,L5,I5,T5,S02,excluded_source_missing,only U4 solved-position sample stream exists on disk,
X_A0_U2_P5_L5_I6_T1,position,A0,U2,P5,L5,I6,T1,S02,excluded_source_missing,only U4 solved-position sample stream exists on disk,
X_A0_U2_P5_L5_I6_T2,position,A0,U2,P5,L5,I6,T2,S02,excluded_source_missing,only U4 solved-position sample stream exists on disk,
X_A0_U2_P5_L5_I6_T3,position,A0,U2,P5,L5,I6,T3,S02,excluded_source_missing,only U4 solved-position sample stream exists on disk,
X_A0_U2_P5_L5_I6_T4,position,A0,U2,P5,L5,I6,T4,S02,excluded_source_missing,only U4 solved-position sample stream exists on disk,
X_A0_U2_P5_L5_I6_T5,position,A0,U2,P5,L5,I6,T5,S02,excluded_source_missing,only U4 solved-position sample stream exists on disk,
X_A0_U2_P5_L5_I7_T1,position,A0,U2,P5,L5,I7,T1,S02,excluded_source_missing,only U4 solved-position sample stream exists on disk,
X_A0_U2_P5_L5_I7_T2,position,A0,U2,P5,L5,I7,T2,S02,excluded_source_missing,only U4 solved-position sample stream exists on disk,
X_A0_U2_P5_L5_I7_T3,position,A0,U2,P5,L5,I7,T3,S02,excluded_source_missing,only U4 solved-position sample stream exists on disk,
X_A0_U2_P5_L5_I7_T4,position,A0,U2,P5,L5,I7,T4,S02,excluded_source_missing,only U4 solved-position sample stream exists on disk,
X_A0_U2_P5_L5_I7_T5,position,A0,U2,P5,L5,I7,T5,S02,excluded_source_missing,only U4 solved-position sample stream exists on disk,
X_A0_U2_P5_L5_I8_T1,position,A0,U2,P5,L5,I8,T1,S02,excluded_source_missing,only U4 solved-position sample stream exists on disk,
X_A0_U2_P5_L5_I8_T2,position,A0,U2,P5,L5,I8,T2,S02,excluded_source_missing,only U4 solved-position sample stream exists on disk,
X_A0_U2_P5_L5_I8_T3,position,A0,U2,P5,L5,I8,T3,S02,excluded_source_missing,only U4 solved-position sample stream exists on disk,
X_A0_U2_P5_L5_I8_T4,position,A0,U2,P5,L5,I8,T4,S02,excluded_source_missing,only U4 solved-position sample stream exists on disk,
X_A0_U2_P5_L5_I8_T5,position,A0,U2,P5,L5,I8,T5,S02,excluded_source_missing,only U4 solved-position sample stream exists on disk,
X_A0_U3_P0_L5_I0_T1,position,A0,U3,P0,L5,I0,T1,S02,excluded_source_missing,only U4 solved-position sample stream exists on disk,
X_A0_U3_P0_L5_I0_T2,position,A0,U3,P0,L5,I0,T2,S02,excluded_source_missing,only U4 solved-position sample stream exists on disk,
X_A0_U3_P0_L5_I0_T3,position,A0,U3,P0,L5,I0,T3,S02,excluded_source_missing,only U4 solved-position sample stream exists on disk,
X_A0_U3_P0_L5_I0_T4,position,A0,U3,P0,L5,I0,T4,S02,excluded_source_missing,only U4 solved-position sample stream exists on disk,
X_A0_U3_P0_L5_I0_T5,position,A0,U3,P0,L5,I0,T5,S02,excluded_source_missing,only U4 solved-position sample stream exists on disk,
X_A0_U3_P0_L5_I1_T1,position,A0,U3,P0,L5,I1,T1,S02,excluded_source_missing,only U4 solved-position sample stream exists on disk,
X_A0_U3_P0_L5_I1_T2,position,A0,U3,P0,L5,I1,T2,S02,excluded_source_missing,only U4 solved-position sample stream exists on disk,
X_A0_U3_P0_L5_I1_T3,position,A0,U3,P0,L5,I1,T3,S02,excluded_source_missing,only U4 solved-position sample stream exists on disk,
X_A0_U3_P0_L5_I1_T4,position,A0,U3,P0,L5,I1,T4,S02,excluded_source_missing,only U4 solved-position sample stream exists on disk,
X_A0_U3_P0_L5_I1_T5,position,A0,U3,P0,L5,I1,T5,S02,excluded_source_missing,only U4 solved-position sample stream exists on disk,
X_A0_U3_P0_L5_I2_T1,position,A0,U3,P0,L5,I2,T1,S02,excluded_source_missing,only U4 solved-position sample stream exists on disk,
X_A0_U3_P0_L5_I2_T2,position,A0,U3,P0,L5,I2,T2,S02,excluded_source_missing,only U4 solved-position sample stream exists on disk,
X_A0_U3_P0_L5_I2_T3,position,A0,U3,P0,L5,I2,T3,S02,excluded_source_missing,only U4 solved-position sample stream exists on disk,
X_A0_U3_P0_L5_I2_T4,position,A0,U3,P0,L5,I2,T4,S02,excluded_source_missing,only U4 solved-position sample stream exists on disk,
X_A0_U3_P0_L5_I2_T5,position,A0,U3,P0,L5,I2,T5,S02,excluded_source_missing,only U4 solved-position sample stream exists on disk,
X_A0_U3_P0_L5_I3_T1,position,A0,U3,P0,L5,I3,T1,S02,excluded_source_missing,only U4 solved-position sample stream exists on disk,
X_A0_U3_P0_L5_I3_T2,position,A0,U3,P0,L5,I3,T2,S02,excluded_source_missing,only U4 solved-position sample stream exists on disk,
X_A0_U3_P0_L5_I3_T3,position,A0,U3,P0,L5,I3,T3,S02,excluded_source_missing,only U4 solved-position sample stream exists on disk,
X_A0_U3_P0_L5_I3_T4,position,A0,U3,P0,L5,I3,T4,S02,excluded_source_missing,only U4 solved-position sample stream exists on disk,
X_A0_U3_P0_L5_I3_T5,position,A0,U3,P0,L5,I3,T5,S02,excluded_source_missing,only U4 solved-position sample stream exists on disk,
X_A0_U3_P0_L5_I4_T1,position,A0,U3,P0,L5,I4,T1,S02,excluded_source_missing,only U4 solved-position sample stream exists on disk,
X_A0_U3_P0_L5_I4_T2,position,A0,U3,P0,L5,I4,T2,S02,excluded_source_missing,only U4 solved-position sample stream exists on disk,
X_A0_U3_P0_L5_I4_T3,position,A0,U3,P0,L5,I4,T3,S02,excluded_source_missing,only U4 solved-position sample stream exists on disk,
X_A0_U3_P0_L5_I4_T4,position,A0,U3,P0,L5,I4,T4,S02,excluded_source_missing,only U4 solved-position sample stream exists on disk,
X_A0_U3_P0_L5_I4_T5,position,A0,U3,P0,L5,I4,T5,S02,excluded_source_missing,only U4 solved-position sample stream exists on disk,
X_A0_U3_P0_L5_I5_T1,position,A0,U3,P0,L5,I5,T1,S02,excluded_source_missing,only U4 solved-position sample stream exists on disk,
X_A0_U3_P0_L5_I5_T2,position,A0,U3,P0,L5,I5,T2,S02,excluded_source_missing,only U4 solved-position sample stream exists on disk,
X_A0_U3_P0_L5_I5_T3,position,A0,U3,P0,L5,I5,T3,S02,excluded_source_missing,only U4 solved-position sample stream exists on disk,
X_A0_U3_P0_L5_I5_T4,position,A0,U3,P0,L5,I5,T4,S02,excluded_source_missing,only U4 solved-position sample stream exists on disk,
X_A0_U3_P0_L5_I5_T5,position,A0,U3,P0,L5,I5,T5,S02,excluded_source_missing,only U4 solved-position sample stream exists on disk,
X_A0_U3_P0_L5_I6_T1,position,A0,U3,P0,L5,I6,T1,S02,excluded_source_missing,only U4 solved-position sample stream exists on disk,
X_A0_U3_P0_L5_I6_T2,position,A0,U3,P0,L5,I6,T2,S02,excluded_source_missing,only U4 solved-position sample stream exists on disk,
X_A0_U3_P0_L5_I6_T3,position,A0,U3,P0,L5,I6,T3,S02,excluded_source_missing,only U4 solved-position sample stream exists on disk,
X_A0_U3_P0_L5_I6_T4,position,A0,U3,P0,L5,I6,T4,S02,excluded_source_missing,only U4 solved-position sample stream exists on disk,
X_A0_U3_P0_L5_I6_T5,position,A0,U3,P0,L5,I6,T5,S02,excluded_source_missing,only U4 solved-position sample stream exists on disk,
X_A0_U3_P0_L5_I7_T1,position,A0,U3,P0,L5,I7,T1,S02,excluded_source_missing,only U4 solved-position sample stream exists on disk,
X_A0_U3_P0_L5_I7_T2,position,A0,U3,P0,L5,I7,T2,S02,excluded_source_missing,only U4 solved-position sample stream exists on disk,
X_A0_U3_P0_L5_I7_T3,position,A0,U3,P0,L5,I7,T3,S02,excluded_source_missing,only U4 solved-position sample stream exists on disk,
X_A0_U3_P0_L5_I7_T4,position,A0,U3,P0,L5,I7,T4,S02,excluded_source_missing,only U4 solved-position sample stream exists on disk,
X_A0_U3_P0_L5_I7_T5,position,A0,U3,P0,L5,I7,T5,S02,excluded_source_missing,only U4 solved-position sample stream exists on disk,
X_A0_U3_P0_L5_I8_T1,position,A0,U3,P0,L5,I8,T1,S02,excluded_source_missing,only U4 solved-position sample stream exists on disk,
X_A0_U3_P0_L5_I8_T2,position,A0,U3,P0,L5,I8,T2,S02,excluded_source_missing,only U4 solved-position sample stream exists on disk,
X_A0_U3_P0_L5_I8_T3,position,A0,U3,P0,L5,I8,T3,S02,excluded_source_missing,only U4 solved-position sample stream exists on disk,
X_A0_U3_P0_L5_I8_T4,position,A0,U3,P0,L5,I8,T4,S02,excluded_source_missing,only U4 solved-position sample stream exists on disk,
X_A0_U3_P0_L5_I8_T5,position,A0,U3,P0,L5,I8,T5,S02,excluded_source_missing,only U4 solved-position sample stream exists on disk,
X_A0_U3_P1_L5_I0_T1,position,A0,U3,P1,L5,I0,T1,S02,excluded_source_missing,only U4 solved-position sample stream exists on disk,
X_A0_U3_P1_L5_I0_T2,position,A0,U3,P1,L5,I0,T2,S02,excluded_source_missing,only U4 solved-position sample stream exists on disk,
X_A0_U3_P1_L5_I0_T3,position,A0,U3,P1,L5,I0,T3,S02,excluded_source_missing,only U4 solved-position sample stream exists on disk,
X_A0_U3_P1_L5_I0_T4,position,A0,U3,P1,L5,I0,T4,S02,excluded_source_missing,only U4 solved-position sample stream exists on disk,
X_A0_U3_P1_L5_I0_T5,position,A0,U3,P1,L5,I0,T5,S02,excluded_source_missing,only U4 solved-position sample stream exists on disk,
X_A0_U3_P1_L5_I1_T1,position,A0,U3,P1,L5,I1,T1,S02,excluded_source_missing,only U4 solved-position sample stream exists on disk,
X_A0_U3_P1_L5_I1_T2,position,A0,U3,P1,L5,I1,T2,S02,excluded_source_missing,only U4 solved-position sample stream exists on disk,
X_A0_U3_P1_L5_I1_T3,position,A0,U3,P1,L5,I1,T3,S02,excluded_source_missing,only U4 solved-position sample stream exists on disk,
X_A0_U3_P1_L5_I1_T4,position,A0,U3,P1,L5,I1,T4,S02,excluded_source_missing,only U4 solved-position sample stream exists on disk,
X_A0_U3_P1_L5_I1_T5,position,A0,U3,P1,L5,I1,T5,S02,excluded_source_missing,only U4 solved-position sample stream exists on disk,
X_A0_U3_P1_L5_I2_T1,position,A0,U3,P1,L5,I2,T1,S02,excluded_source_missing,only U4 solved-position sample stream exists on disk,
X_A0_U3_P1_L5_I2_T2,position,A0,U3,P1,L5,I2,T2,S02,excluded_source_missing,only U4 solved-position sample stream exists on disk,
X_A0_U3_P1_L5_I2_T3,position,A0,U3,P1,L5,I2,T3,S02,excluded_source_missing,only U4 solved-position sample stream exists on disk,
X_A0_U3_P1_L5_I2_T4,position,A0,U3,P1,L5,I2,T4,S02,excluded_source_missing,only U4 solved-position sample stream exists on disk,
X_A0_U3_P1_L5_I2_T5,position,A0,U3,P1,L5,I2,T5,S02,excluded_source_missing,only U4 solved-position sample stream exists on disk,
X_A0_U3_P1_L5_I3_T1,position,A0,U3,P1,L5,I3,T1,S02,excluded_source_missing,only U4 solved-position sample stream exists on disk,
X_A0_U3_P1_L5_I3_T2,position,A0,U3,P1,L5,I3,T2,S02,excluded_source_missing,only U4 solved-position sample stream exists on disk,
X_A0_U3_P1_L5_I3_T3,position,A0,U3,P1,L5,I3,T3,S02,excluded_source_missing,only U4 solved-position sample stream exists on disk,
X_A0_U3_P1_L5_I3_T4,position,A0,U3,P1,L5,I3,T4,S02,excluded_source_missing,only U4 solved-position sample stream exists on disk,
X_A0_U3_P1_L5_I3_T5,position,A0,U3,P1,L5,I3,T5,S02,excluded_source_missing,only U4 solved-position sample stream exists on disk,
X_A0_U3_P1_L5_I4_T1,position,A0,U3,P1,L5,I4,T1,S02,excluded_source_missing,only U4 solved-position sample stream exists on disk,
X_A0_U3_P1_L5_I4_T2,position,A0,U3,P1,L5,I4,T2,S02,excluded_source_missing,only U4 solved-position sample stream exists on disk,
X_A0_U3_P1_L5_I4_T3,position,A0,U3,P1,L5,I4,T3,S02,excluded_source_missing,only U4 solved-position sample stream exists on disk,
X_A0_U3_P1_L5_I4_T4,position,A0,U3,P1,L5,I4,T4,S02,excluded_source_missing,only U4 solved-position sample stream exists on disk,
X_A0_U3_P1_L5_I4_T5,position,A0,U3,P1,L5,I4,T5,S02,excluded_source_missing,only U4 solved-position sample stream exists on disk,
X_A0_U3_P1_L5_I5_T1,position,A0,U3,P1,L5,I5,T1,S02,excluded_source_missing,only U4 solved-position sample stream exists on disk,
X_A0_U3_P1_L5_I5_T2,position,A0,U3,P1,L5,I5,T2,S02,excluded_source_missing,only U4 solved-position sample stream exists on disk,
X_A0_U3_P1_L5_I5_T3,position,A0,U3,P1,L5,I5,T3,S02,excluded_source_missing,only U4 solved-position sample stream exists on disk,
X_A0_U3_P1_L5_I5_T4,position,A0,U3,P1,L5,I5,T4,S02,excluded_source_missing,only U4 solved-position sample stream exists on disk,
X_A0_U3_P1_L5_I5_T5,position,A0,U3,P1,L5,I5,T5,S02,excluded_source_missing,only U4 solved-position sample stream exists on disk,
X_A0_U3_P1_L5_I6_T1,position,A0,U3,P1,L5,I6,T1,S02,excluded_source_missing,only U4 solved-position sample stream exists on disk,
X_A0_U3_P1_L5_I6_T2,position,A0,U3,P1,L5,I6,T2,S02,excluded_source_missing,only U4 solved-position sample stream exists on disk,
X_A0_U3_P1_L5_I6_T3,position,A0,U3,P1,L5,I6,T3,S02,excluded_source_missing,only U4 solved-position sample stream exists on disk,
X_A0_U3_P1_L5_I6_T4,position,A0,U3,P1,L5,I6,T4,S02,excluded_source_missing,only U4 solved-position sample stream exists on disk,
X_A0_U3_P1_L5_I6_T5,position,A0,U3,P1,L5,I6,T5,S02,excluded_source_missing,only U4 solved-position sample stream exists on disk,
X_A0_U3_P1_L5_I7_T1,position,A0,U3,P1,L5,I7,T1,S02,excluded_source_missing,only U4 solved-position sample stream exists on disk,
X_A0_U3_P1_L5_I7_T2,position,A0,U3,P1,L5,I7,T2,S02,excluded_source_missing,only U4 solved-position sample stream exists on disk,
X_A0_U3_P1_L5_I7_T3,position,A0,U3,P1,L5,I7,T3,S02,excluded_source_missing,only U4 solved-position sample stream exists on disk,
X_A0_U3_P1_L5_I7_T4,position,A0,U3,P1,L5,I7,T4,S02,excluded_source_missing,only U4 solved-position sample stream exists on disk,
X_A0_U3_P1_L5_I7_T5,position,A0,U3,P1,L5,I7,T5,S02,excluded_source_missing,only U4 solved-position sample stream exists on disk,
X_A0_U3_P1_L5_I8_T1,position,A0,U3,P1,L5,I8,T1,S02,excluded_source_missing,only U4 solved-position sample stream exists on disk,
X_A0_U3_P1_L5_I8_T2,position,A0,U3,P1,L5,I8,T2,S02,excluded_source_missing,only U4 solved-position sample stream exists on disk,
X_A0_U3_P1_L5_I8_T3,position,A0,U3,P1,L5,I8,T3,S02,excluded_source_missing,only U4 solved-position sample stream exists on disk,
X_A0_U3_P1_L5_I8_T4,position,A0,U3,P1,L5,I8,T4,S02,excluded_source_missing,only U4 solved-position sample stream exists on disk,
X_A0_U3_P1_L5_I8_T5,position,A0,U3,P1,L5,I8,T5,S02,excluded_source_missing,only U4 solved-position sample stream exists on disk,
X_A0_U3_P2_L5_I0_T1,position,A0,U3,P2,L5,I0,T1,S02,excluded_source_missing,only U4 solved-position sample stream exists on disk,
X_A0_U3_P2_L5_I0_T2,position,A0,U3,P2,L5,I0,T2,S02,excluded_source_missing,only U4 solved-position sample stream exists on disk,
X_A0_U3_P2_L5_I0_T3,position,A0,U3,P2,L5,I0,T3,S02,excluded_source_missing,only U4 solved-position sample stream exists on disk,
X_A0_U3_P2_L5_I0_T4,position,A0,U3,P2,L5,I0,T4,S02,excluded_source_missing,only U4 solved-position sample stream exists on disk,
X_A0_U3_P2_L5_I0_T5,position,A0,U3,P2,L5,I0,T5,S02,excluded_source_missing,only U4 solved-position sample stream exists on disk,
X_A0_U3_P2_L5_I1_T1,position,A0,U3,P2,L5,I1,T1,S02,excluded_source_missing,only U4 solved-position sample stream exists on disk,
X_A0_U3_P2_L5_I1_T2,position,A0,U3,P2,L5,I1,T2,S02,excluded_source_missing,only U4 solved-position sample stream exists on disk,
X_A0_U3_P2_L5_I1_T3,position,A0,U3,P2,L5,I1,T3,S02,excluded_source_missing,only U4 solved-position sample stream exists on disk,
X_A0_U3_P2_L5_I1_T4,position,A0,U3,P2,L5,I1,T4,S02,excluded_source_missing,only U4 solved-position sample stream exists on disk,
X_A0_U3_P2_L5_I1_T5,position,A0,U3,P2,L5,I1,T5,S02,excluded_source_missing,only U4 solved-position sample stream exists on disk,
X_A0_U3_P2_L5_I2_T1,position,A0,U3,P2,L5,I2,T1,S02,excluded_source_missing,only U4 solved-position sample stream exists on disk,
X_A0_U3_P2_L5_I2_T2,position,A0,U3,P2,L5,I2,T2,S02,excluded_source_missing,only U4 solved-position sample stream exists on disk,
X_A0_U3_P2_L5_I2_T3,position,A0,U3,P2,L5,I2,T3,S02,excluded_source_missing,only U4 solved-position sample stream exists on disk,
X_A0_U3_P2_L5_I2_T4,position,A0,U3,P2,L5,I2,T4,S02,excluded_source_missing,only U4 solved-position sample stream exists on disk,
X_A0_U3_P2_L5_I2_T5,position,A0,U3,P2,L5,I2,T5,S02,excluded_source_missing,only U4 solved-position sample stream exists on disk,
X_A0_U3_P2_L5_I3_T1,position,A0,U3,P2,L5,I3,T1,S02,excluded_source_missing,only U4 solved-position sample stream exists on disk,
X_A0_U3_P2_L5_I3_T2,position,A0,U3,P2,L5,I3,T2,S02,excluded_source_missing,only U4 solved-position sample stream exists on disk,
X_A0_U3_P2_L5_I3_T3,position,A0,U3,P2,L5,I3,T3,S02,excluded_source_missing,only U4 solved-position sample stream exists on disk,
X_A0_U3_P2_L5_I3_T4,position,A0,U3,P2,L5,I3,T4,S02,excluded_source_missing,only U4 solved-position sample stream exists on disk,
X_A0_U3_P2_L5_I3_T5,position,A0,U3,P2,L5,I3,T5,S02,excluded_source_missing,only U4 solved-position sample stream exists on disk,
X_A0_U3_P2_L5_I4_T1,position,A0,U3,P2,L5,I4,T1,S02,excluded_source_missing,only U4 solved-position sample stream exists on disk,
X_A0_U3_P2_L5_I4_T2,position,A0,U3,P2,L5,I4,T2,S02,excluded_source_missing,only U4 solved-position sample stream exists on disk,
X_A0_U3_P2_L5_I4_T3,position,A0,U3,P2,L5,I4,T3,S02,excluded_source_missing,only U4 solved-position sample stream exists on disk,
X_A0_U3_P2_L5_I4_T4,position,A0,U3,P2,L5,I4,T4,S02,excluded_source_missing,only U4 solved-position sample stream exists on disk,
X_A0_U3_P2_L5_I4_T5,position,A0,U3,P2,L5,I4,T5,S02,excluded_source_missing,only U4 solved-position sample stream exists on disk,
X_A0_U3_P2_L5_I5_T1,position,A0,U3,P2,L5,I5,T1,S02,excluded_source_missing,only U4 solved-position sample stream exists on disk,
X_A0_U3_P2_L5_I5_T2,position,A0,U3,P2,L5,I5,T2,S02,excluded_source_missing,only U4 solved-position sample stream exists on disk,
X_A0_U3_P2_L5_I5_T3,position,A0,U3,P2,L5,I5,T3,S02,excluded_source_missing,only U4 solved-position sample stream exists on disk,
X_A0_U3_P2_L5_I5_T4,position,A0,U3,P2,L5,I5,T4,S02,excluded_source_missing,only U4 solved-position sample stream exists on disk,
X_A0_U3_P2_L5_I5_T5,position,A0,U3,P2,L5,I5,T5,S02,excluded_source_missing,only U4 solved-position sample stream exists on disk,
X_A0_U3_P2_L5_I6_T1,position,A0,U3,P2,L5,I6,T1,S02,excluded_source_missing,only U4 solved-position sample stream exists on disk,
X_A0_U3_P2_L5_I6_T2,position,A0,U3,P2,L5,I6,T2,S02,excluded_source_missing,only U4 solved-position sample stream exists on disk,
X_A0_U3_P2_L5_I6_T3,position,A0,U3,P2,L5,I6,T3,S02,excluded_source_missing,only U4 solved-position sample stream exists on disk,
X_A0_U3_P2_L5_I6_T4,position,A0,U3,P2,L5,I6,T4,S02,excluded_source_missing,only U4 solved-position sample stream exists on disk,
X_A0_U3_P2_L5_I6_T5,position,A0,U3,P2,L5,I6,T5,S02,excluded_source_missing,only U4 solved-position sample stream exists on disk,
X_A0_U3_P2_L5_I7_T1,position,A0,U3,P2,L5,I7,T1,S02,excluded_source_missing,only U4 solved-position sample stream exists on disk,
X_A0_U3_P2_L5_I7_T2,position,A0,U3,P2,L5,I7,T2,S02,excluded_source_missing,only U4 solved-position sample stream exists on disk,
X_A0_U3_P2_L5_I7_T3,position,A0,U3,P2,L5,I7,T3,S02,excluded_source_missing,only U4 solved-position sample stream exists on disk,
X_A0_U3_P2_L5_I7_T4,position,A0,U3,P2,L5,I7,T4,S02,excluded_source_missing,only U4 solved-position sample stream exists on disk,
X_A0_U3_P2_L5_I7_T5,position,A0,U3,P2,L5,I7,T5,S02,excluded_source_missing,only U4 solved-position sample stream exists on disk,
X_A0_U3_P2_L5_I8_T1,position,A0,U3,P2,L5,I8,T1,S02,excluded_source_missing,only U4 solved-position sample stream exists on disk,
X_A0_U3_P2_L5_I8_T2,position,A0,U3,P2,L5,I8,T2,S02,excluded_source_missing,only U4 solved-position sample stream exists on disk,
X_A0_U3_P2_L5_I8_T3,position,A0,U3,P2,L5,I8,T3,S02,excluded_source_missing,only U4 solved-position sample stream exists on disk,
X_A0_U3_P2_L5_I8_T4,position,A0,U3,P2,L5,I8,T4,S02,excluded_source_missing,only U4 solved-position sample stream exists on disk,
X_A0_U3_P2_L5_I8_T5,position,A0,U3,P2,L5,I8,T5,S02,excluded_source_missing,only U4 solved-position sample stream exists on disk,
X_A0_U3_P3_L5_I0_T1,position,A0,U3,P3,L5,I0,T1,S02,excluded_source_missing,only U4 solved-position sample stream exists on disk,
X_A0_U3_P3_L5_I0_T2,position,A0,U3,P3,L5,I0,T2,S02,excluded_source_missing,only U4 solved-position sample stream exists on disk,
X_A0_U3_P3_L5_I0_T3,position,A0,U3,P3,L5,I0,T3,S02,excluded_source_missing,only U4 solved-position sample stream exists on disk,
X_A0_U3_P3_L5_I0_T4,position,A0,U3,P3,L5,I0,T4,S02,excluded_source_missing,only U4 solved-position sample stream exists on disk,
X_A0_U3_P3_L5_I0_T5,position,A0,U3,P3,L5,I0,T5,S02,excluded_source_missing,only U4 solved-position sample stream exists on disk,
X_A0_U3_P3_L5_I1_T1,position,A0,U3,P3,L5,I1,T1,S02,excluded_source_missing,only U4 solved-position sample stream exists on disk,
X_A0_U3_P3_L5_I1_T2,position,A0,U3,P3,L5,I1,T2,S02,excluded_source_missing,only U4 solved-position sample stream exists on disk,
X_A0_U3_P3_L5_I1_T3,position,A0,U3,P3,L5,I1,T3,S02,excluded_source_missing,only U4 solved-position sample stream exists on disk,
X_A0_U3_P3_L5_I1_T4,position,A0,U3,P3,L5,I1,T4,S02,excluded_source_missing,only U4 solved-position sample stream exists on disk,
X_A0_U3_P3_L5_I1_T5,position,A0,U3,P3,L5,I1,T5,S02,excluded_source_missing,only U4 solved-position sample stream exists on disk,
X_A0_U3_P3_L5_I2_T1,position,A0,U3,P3,L5,I2,T1,S02,excluded_source_missing,only U4 solved-position sample stream exists on disk,
X_A0_U3_P3_L5_I2_T2,position,A0,U3,P3,L5,I2,T2,S02,excluded_source_missing,only U4 solved-position sample stream exists on disk,
X_A0_U3_P3_L5_I2_T3,position,A0,U3,P3,L5,I2,T3,S02,excluded_source_missing,only U4 solved-position sample stream exists on disk,
X_A0_U3_P3_L5_I2_T4,position,A0,U3,P3,L5,I2,T4,S02,excluded_source_missing,only U4 solved-position sample stream exists on disk,
X_A0_U3_P3_L5_I2_T5,position,A0,U3,P3,L5,I2,T5,S02,excluded_source_missing,only U4 solved-position sample stream exists on disk,
X_A0_U3_P3_L5_I3_T1,position,A0,U3,P3,L5,I3,T1,S02,excluded_source_missing,only U4 solved-position sample stream exists on disk,
X_A0_U3_P3_L5_I3_T2,position,A0,U3,P3,L5,I3,T2,S02,excluded_source_missing,only U4 solved-position sample stream exists on disk,
X_A0_U3_P3_L5_I3_T3,position,A0,U3,P3,L5,I3,T3,S02,excluded_source_missing,only U4 solved-position sample stream exists on disk,
X_A0_U3_P3_L5_I3_T4,position,A0,U3,P3,L5,I3,T4,S02,excluded_source_missing,only U4 solved-position sample stream exists on disk,
X_A0_U3_P3_L5_I3_T5,position,A0,U3,P3,L5,I3,T5,S02,excluded_source_missing,only U4 solved-position sample stream exists on disk,
X_A0_U3_P3_L5_I4_T1,position,A0,U3,P3,L5,I4,T1,S02,excluded_source_missing,only U4 solved-position sample stream exists on disk,
X_A0_U3_P3_L5_I4_T2,position,A0,U3,P3,L5,I4,T2,S02,excluded_source_missing,only U4 solved-position sample stream exists on disk,
X_A0_U3_P3_L5_I4_T3,position,A0,U3,P3,L5,I4,T3,S02,excluded_source_missing,only U4 solved-position sample stream exists on disk,
X_A0_U3_P3_L5_I4_T4,position,A0,U3,P3,L5,I4,T4,S02,excluded_source_missing,only U4 solved-position sample stream exists on disk,
X_A0_U3_P3_L5_I4_T5,position,A0,U3,P3,L5,I4,T5,S02,excluded_source_missing,only U4 solved-position sample stream exists on disk,
X_A0_U3_P3_L5_I5_T1,position,A0,U3,P3,L5,I5,T1,S02,excluded_source_missing,only U4 solved-position sample stream exists on disk,
X_A0_U3_P3_L5_I5_T2,position,A0,U3,P3,L5,I5,T2,S02,excluded_source_missing,only U4 solved-position sample stream exists on disk,
X_A0_U3_P3_L5_I5_T3,position,A0,U3,P3,L5,I5,T3,S02,excluded_source_missing,only U4 solved-position sample stream exists on disk,
X_A0_U3_P3_L5_I5_T4,position,A0,U3,P3,L5,I5,T4,S02,excluded_source_missing,only U4 solved-position sample stream exists on disk,
X_A0_U3_P3_L5_I5_T5,position,A0,U3,P3,L5,I5,T5,S02,excluded_source_missing,only U4 solved-position sample stream exists on disk,
X_A0_U3_P3_L5_I6_T1,position,A0,U3,P3,L5,I6,T1,S02,excluded_source_missing,only U4 solved-position sample stream exists on disk,
X_A0_U3_P3_L5_I6_T2,position,A0,U3,P3,L5,I6,T2,S02,excluded_source_missing,only U4 solved-position sample stream exists on disk,
X_A0_U3_P3_L5_I6_T3,position,A0,U3,P3,L5,I6,T3,S02,excluded_source_missing,only U4 solved-position sample stream exists on disk,
X_A0_U3_P3_L5_I6_T4,position,A0,U3,P3,L5,I6,T4,S02,excluded_source_missing,only U4 solved-position sample stream exists on disk,
X_A0_U3_P3_L5_I6_T5,position,A0,U3,P3,L5,I6,T5,S02,excluded_source_missing,only U4 solved-position sample stream exists on disk,
X_A0_U3_P3_L5_I7_T1,position,A0,U3,P3,L5,I7,T1,S02,excluded_source_missing,only U4 solved-position sample stream exists on disk,
X_A0_U3_P3_L5_I7_T2,position,A0,U3,P3,L5,I7,T2,S02,excluded_source_missing,only U4 solved-position sample stream exists on disk,
X_A0_U3_P3_L5_I7_T3,position,A0,U3,P3,L5,I7,T3,S02,excluded_source_missing,only U4 solved-position sample stream exists on disk,
X_A0_U3_P3_L5_I7_T4,position,A0,U3,P3,L5,I7,T4,S02,excluded_source_missing,only U4 solved-position sample stream exists on disk,
X_A0_U3_P3_L5_I7_T5,position,A0,U3,P3,L5,I7,T5,S02,excluded_source_missing,only U4 solved-position sample stream exists on disk,
X_A0_U3_P3_L5_I8_T1,position,A0,U3,P3,L5,I8,T1,S02,excluded_source_missing,only U4 solved-position sample stream exists on disk,
X_A0_U3_P3_L5_I8_T2,position,A0,U3,P3,L5,I8,T2,S02,excluded_source_missing,only U4 solved-position sample stream exists on disk,
X_A0_U3_P3_L5_I8_T3,position,A0,U3,P3,L5,I8,T3,S02,excluded_source_missing,only U4 solved-position sample stream exists on disk,
X_A0_U3_P3_L5_I8_T4,position,A0,U3,P3,L5,I8,T4,S02,excluded_source_missing,only U4 solved-position sample stream exists on disk,
X_A0_U3_P3_L5_I8_T5,position,A0,U3,P3,L5,I8,T5,S02,excluded_source_missing,only U4 solved-position sample stream exists on disk,
X_A0_U3_P4_L5_I0_T1,position,A0,U3,P4,L5,I0,T1,S02,excluded_source_missing,only U4 solved-position sample stream exists on disk,
X_A0_U3_P4_L5_I0_T2,position,A0,U3,P4,L5,I0,T2,S02,excluded_source_missing,only U4 solved-position sample stream exists on disk,
X_A0_U3_P4_L5_I0_T3,position,A0,U3,P4,L5,I0,T3,S02,excluded_source_missing,only U4 solved-position sample stream exists on disk,
X_A0_U3_P4_L5_I0_T4,position,A0,U3,P4,L5,I0,T4,S02,excluded_source_missing,only U4 solved-position sample stream exists on disk,
X_A0_U3_P4_L5_I0_T5,position,A0,U3,P4,L5,I0,T5,S02,excluded_source_missing,only U4 solved-position sample stream exists on disk,
X_A0_U3_P4_L5_I1_T1,position,A0,U3,P4,L5,I1,T1,S02,excluded_source_missing,only U4 solved-position sample stream exists on disk,
X_A0_U3_P4_L5_I1_T2,position,A0,U3,P4,L5,I1,T2,S02,excluded_source_missing,only U4 solved-position sample stream exists on disk,
X_A0_U3_P4_L5_I1_T3,position,A0,U3,P4,L5,I1,T3,S02,excluded_source_missing,only U4 solved-position sample stream exists on disk,
X_A0_U3_P4_L5_I1_T4,position,A0,U3,P4,L5,I1,T4,S02,excluded_source_missing,only U4 solved-position sample stream exists on disk,
X_A0_U3_P4_L5_I1_T5,position,A0,U3,P4,L5,I1,T5,S02,excluded_source_missing,only U4 solved-position sample stream exists on disk,
X_A0_U3_P4_L5_I2_T1,position,A0,U3,P4,L5,I2,T1,S02,excluded_source_missing,only U4 solved-position sample stream exists on disk,
X_A0_U3_P4_L5_I2_T2,position,A0,U3,P4,L5,I2,T2,S02,excluded_source_missing,only U4 solved-position sample stream exists on disk,
X_A0_U3_P4_L5_I2_T3,position,A0,U3,P4,L5,I2,T3,S02,excluded_source_missing,only U4 solved-position sample stream exists on disk,
X_A0_U3_P4_L5_I2_T4,position,A0,U3,P4,L5,I2,T4,S02,excluded_source_missing,only U4 solved-position sample stream exists on disk,
X_A0_U3_P4_L5_I2_T5,position,A0,U3,P4,L5,I2,T5,S02,excluded_source_missing,only U4 solved-position sample stream exists on disk,
X_A0_U3_P4_L5_I3_T1,position,A0,U3,P4,L5,I3,T1,S02,excluded_source_missing,only U4 solved-position sample stream exists on disk,
X_A0_U3_P4_L5_I3_T2,position,A0,U3,P4,L5,I3,T2,S02,excluded_source_missing,only U4 solved-position sample stream exists on disk,
X_A0_U3_P4_L5_I3_T3,position,A0,U3,P4,L5,I3,T3,S02,excluded_source_missing,only U4 solved-position sample stream exists on disk,
X_A0_U3_P4_L5_I3_T4,position,A0,U3,P4,L5,I3,T4,S02,excluded_source_missing,only U4 solved-position sample stream exists on disk,
X_A0_U3_P4_L5_I3_T5,position,A0,U3,P4,L5,I3,T5,S02,excluded_source_missing,only U4 solved-position sample stream exists on disk,
X_A0_U3_P4_L5_I4_T1,position,A0,U3,P4,L5,I4,T1,S02,excluded_source_missing,only U4 solved-position sample stream exists on disk,
X_A0_U3_P4_L5_I4_T2,position,A0,U3,P4,L5,I4,T2,S02,excluded_source_missing,only U4 solved-position sample stream exists on disk,
X_A0_U3_P4_L5_I4_T3,position,A0,U3,P4,L5,I4,T3,S02,excluded_source_missing,only U4 solved-position sample stream exists on disk,
X_A0_U3_P4_L5_I4_T4,position,A0,U3,P4,L5,I4,T4,S02,excluded_source_missing,only U4 solved-position sample stream exists on disk,
X_A0_U3_P4_L5_I4_T5,position,A0,U3,P4,L5,I4,T5,S02,excluded_source_missing,only U4 solved-position sample stream exists on disk,
X_A0_U3_P4_L5_I5_T1,position,A0,U3,P4,L5,I5,T1,S02,excluded_source_missing,only U4 solved-position sample stream exists on disk,
X_A0_U3_P4_L5_I5_T2,position,A0,U3,P4,L5,I5,T2,S02,excluded_source_missing,only U4 solved-position sample stream exists on disk,
X_A0_U3_P4_L5_I5_T3,position,A0,U3,P4,L5,I5,T3,S02,excluded_source_missing,only U4 solved-position sample stream exists on disk,
X_A0_U3_P4_L5_I5_T4,position,A0,U3,P4,L5,I5,T4,S02,excluded_source_missing,only U4 solved-position sample stream exists on disk,
X_A0_U3_P4_L5_I5_T5,position,A0,U3,P4,L5,I5,T5,S02,excluded_source_missing,only U4 solved-position sample stream exists on disk,
X_A0_U3_P4_L5_I6_T1,position,A0,U3,P4,L5,I6,T1,S02,excluded_source_missing,only U4 solved-position sample stream exists on disk,
X_A0_U3_P4_L5_I6_T2,position,A0,U3,P4,L5,I6,T2,S02,excluded_source_missing,only U4 solved-position sample stream exists on disk,
X_A0_U3_P4_L5_I6_T3,position,A0,U3,P4,L5,I6,T3,S02,excluded_source_missing,only U4 solved-position sample stream exists on disk,
X_A0_U3_P4_L5_I6_T4,position,A0,U3,P4,L5,I6,T4,S02,excluded_source_missing,only U4 solved-position sample stream exists on disk,
X_A0_U3_P4_L5_I6_T5,position,A0,U3,P4,L5,I6,T5,S02,excluded_source_missing,only U4 solved-position sample stream exists on disk,
X_A0_U3_P4_L5_I7_T1,position,A0,U3,P4,L5,I7,T1,S02,excluded_source_missing,only U4 solved-position sample stream exists on disk,
X_A0_U3_P4_L5_I7_T2,position,A0,U3,P4,L5,I7,T2,S02,excluded_source_missing,only U4 solved-position sample stream exists on disk,
X_A0_U3_P4_L5_I7_T3,position,A0,U3,P4,L5,I7,T3,S02,excluded_source_missing,only U4 solved-position sample stream exists on disk,
X_A0_U3_P4_L5_I7_T4,position,A0,U3,P4,L5,I7,T4,S02,excluded_source_missing,only U4 solved-position sample stream exists on disk,
X_A0_U3_P4_L5_I7_T5,position,A0,U3,P4,L5,I7,T5,S02,excluded_source_missing,only U4 solved-position sample stream exists on disk,
X_A0_U3_P4_L5_I8_T1,position,A0,U3,P4,L5,I8,T1,S02,excluded_source_missing,only U4 solved-position sample stream exists on disk,
X_A0_U3_P4_L5_I8_T2,position,A0,U3,P4,L5,I8,T2,S02,excluded_source_missing,only U4 solved-position sample stream exists on disk,
X_A0_U3_P4_L5_I8_T3,position,A0,U3,P4,L5,I8,T3,S02,excluded_source_missing,only U4 solved-position sample stream exists on disk,
X_A0_U3_P4_L5_I8_T4,position,A0,U3,P4,L5,I8,T4,S02,excluded_source_missing,only U4 solved-position sample stream exists on disk,
X_A0_U3_P4_L5_I8_T5,position,A0,U3,P4,L5,I8,T5,S02,excluded_source_missing,only U4 solved-position sample stream exists on disk,
X_A0_U3_P5_L5_I0_T1,position,A0,U3,P5,L5,I0,T1,S02,excluded_source_missing,only U4 solved-position sample stream exists on disk,
X_A0_U3_P5_L5_I0_T2,position,A0,U3,P5,L5,I0,T2,S02,excluded_source_missing,only U4 solved-position sample stream exists on disk,
X_A0_U3_P5_L5_I0_T3,position,A0,U3,P5,L5,I0,T3,S02,excluded_source_missing,only U4 solved-position sample stream exists on disk,
X_A0_U3_P5_L5_I0_T4,position,A0,U3,P5,L5,I0,T4,S02,excluded_source_missing,only U4 solved-position sample stream exists on disk,
X_A0_U3_P5_L5_I0_T5,position,A0,U3,P5,L5,I0,T5,S02,excluded_source_missing,only U4 solved-position sample stream exists on disk,
X_A0_U3_P5_L5_I1_T1,position,A0,U3,P5,L5,I1,T1,S02,excluded_source_missing,only U4 solved-position sample stream exists on disk,
X_A0_U3_P5_L5_I1_T2,position,A0,U3,P5,L5,I1,T2,S02,excluded_source_missing,only U4 solved-position sample stream exists on disk,
X_A0_U3_P5_L5_I1_T3,position,A0,U3,P5,L5,I1,T3,S02,excluded_source_missing,only U4 solved-position sample stream exists on disk,
X_A0_U3_P5_L5_I1_T4,position,A0,U3,P5,L5,I1,T4,S02,excluded_source_missing,only U4 solved-position sample stream exists on disk,
X_A0_U3_P5_L5_I1_T5,position,A0,U3,P5,L5,I1,T5,S02,excluded_source_missing,only U4 solved-position sample stream exists on disk,
X_A0_U3_P5_L5_I2_T1,position,A0,U3,P5,L5,I2,T1,S02,excluded_source_missing,only U4 solved-position sample stream exists on disk,
X_A0_U3_P5_L5_I2_T2,position,A0,U3,P5,L5,I2,T2,S02,excluded_source_missing,only U4 solved-position sample stream exists on disk,
X_A0_U3_P5_L5_I2_T3,position,A0,U3,P5,L5,I2,T3,S02,excluded_source_missing,only U4 solved-position sample stream exists on disk,
X_A0_U3_P5_L5_I2_T4,position,A0,U3,P5,L5,I2,T4,S02,excluded_source_missing,only U4 solved-position sample stream exists on disk,
X_A0_U3_P5_L5_I2_T5,position,A0,U3,P5,L5,I2,T5,S02,excluded_source_missing,only U4 solved-position sample stream exists on disk,
X_A0_U3_P5_L5_I3_T1,position,A0,U3,P5,L5,I3,T1,S02,excluded_source_missing,only U4 solved-position sample stream exists on disk,
X_A0_U3_P5_L5_I3_T2,position,A0,U3,P5,L5,I3,T2,S02,excluded_source_missing,only U4 solved-position sample stream exists on disk,
X_A0_U3_P5_L5_I3_T3,position,A0,U3,P5,L5,I3,T3,S02,excluded_source_missing,only U4 solved-position sample stream exists on disk,
X_A0_U3_P5_L5_I3_T4,position,A0,U3,P5,L5,I3,T4,S02,excluded_source_missing,only U4 solved-position sample stream exists on disk,
X_A0_U3_P5_L5_I3_T5,position,A0,U3,P5,L5,I3,T5,S02,excluded_source_missing,only U4 solved-position sample stream exists on disk,
X_A0_U3_P5_L5_I4_T1,position,A0,U3,P5,L5,I4,T1,S02,excluded_source_missing,only U4 solved-position sample stream exists on disk,
X_A0_U3_P5_L5_I4_T2,position,A0,U3,P5,L5,I4,T2,S02,excluded_source_missing,only U4 solved-position sample stream exists on disk,
X_A0_U3_P5_L5_I4_T3,position,A0,U3,P5,L5,I4,T3,S02,excluded_source_missing,only U4 solved-position sample stream exists on disk,
X_A0_U3_P5_L5_I4_T4,position,A0,U3,P5,L5,I4,T4,S02,excluded_source_missing,only U4 solved-position sample stream exists on disk,
X_A0_U3_P5_L5_I4_T5,position,A0,U3,P5,L5,I4,T5,S02,excluded_source_missing,only U4 solved-position sample stream exists on disk,
X_A0_U3_P5_L5_I5_T1,position,A0,U3,P5,L5,I5,T1,S02,excluded_source_missing,only U4 solved-position sample stream exists on disk,
X_A0_U3_P5_L5_I5_T2,position,A0,U3,P5,L5,I5,T2,S02,excluded_source_missing,only U4 solved-position sample stream exists on disk,
X_A0_U3_P5_L5_I5_T3,position,A0,U3,P5,L5,I5,T3,S02,excluded_source_missing,only U4 solved-position sample stream exists on disk,
X_A0_U3_P5_L5_I5_T4,position,A0,U3,P5,L5,I5,T4,S02,excluded_source_missing,only U4 solved-position sample stream exists on disk,
X_A0_U3_P5_L5_I5_T5,position,A0,U3,P5,L5,I5,T5,S02,excluded_source_missing,only U4 solved-position sample stream exists on disk,
X_A0_U3_P5_L5_I6_T1,position,A0,U3,P5,L5,I6,T1,S02,excluded_source_missing,only U4 solved-position sample stream exists on disk,
X_A0_U3_P5_L5_I6_T2,position,A0,U3,P5,L5,I6,T2,S02,excluded_source_missing,only U4 solved-position sample stream exists on disk,
X_A0_U3_P5_L5_I6_T3,position,A0,U3,P5,L5,I6,T3,S02,excluded_source_missing,only U4 solved-position sample stream exists on disk,
X_A0_U3_P5_L5_I6_T4,position,A0,U3,P5,L5,I6,T4,S02,excluded_source_missing,only U4 solved-position sample stream exists on disk,
X_A0_U3_P5_L5_I6_T5,position,A0,U3,P5,L5,I6,T5,S02,excluded_source_missing,only U4 solved-position sample stream exists on disk,
X_A0_U3_P5_L5_I7_T1,position,A0,U3,P5,L5,I7,T1,S02,excluded_source_missing,only U4 solved-position sample stream exists on disk,
X_A0_U3_P5_L5_I7_T2,position,A0,U3,P5,L5,I7,T2,S02,excluded_source_missing,only U4 solved-position sample stream exists on disk,
X_A0_U3_P5_L5_I7_T3,position,A0,U3,P5,L5,I7,T3,S02,excluded_source_missing,only U4 solved-position sample stream exists on disk,
X_A0_U3_P5_L5_I7_T4,position,A0,U3,P5,L5,I7,T4,S02,excluded_source_missing,only U4 solved-position sample stream exists on disk,
X_A0_U3_P5_L5_I7_T5,position,A0,U3,P5,L5,I7,T5,S02,excluded_source_missing,only U4 solved-position sample stream exists on disk,
X_A0_U3_P5_L5_I8_T1,position,A0,U3,P5,L5,I8,T1,S02,excluded_source_missing,only U4 solved-position sample stream exists on disk,
X_A0_U3_P5_L5_I8_T2,position,A0,U3,P5,L5,I8,T2,S02,excluded_source_missing,only U4 solved-position sample stream exists on disk,
X_A0_U3_P5_L5_I8_T3,position,A0,U3,P5,L5,I8,T3,S02,excluded_source_missing,only U4 solved-position sample stream exists on disk,
X_A0_U3_P5_L5_I8_T4,position,A0,U3,P5,L5,I8,T4,S02,excluded_source_missing,only U4 solved-position sample stream exists on disk,
X_A0_U3_P5_L5_I8_T5,position,A0,U3,P5,L5,I8,T5,S02,excluded_source_missing,only U4 solved-position sample stream exists on disk,
X_A0_U4_P0_L5_I0_T1,position,A0,U4,P0,L5,I0,T1,S02,runnable,,
X_A0_U4_P0_L5_I0_T2,position,A0,U4,P0,L5,I0,T2,S02,runnable,,
X_A0_U4_P0_L5_I0_T3,position,A0,U4,P0,L5,I0,T3,S02,runnable,,
X_A0_U4_P0_L5_I0_T4,position,A0,U4,P0,L5,I0,T4,S02,runnable,,
X_A0_U4_P0_L5_I0_T5,position,A0,U4,P0,L5,I0,T5,S02,runnable,,
X_A0_U4_P0_L5_I1_T1,position,A0,U4,P0,L5,I1,T1,S02,runnable,,
X_A0_U4_P0_L5_I1_T2,position,A0,U4,P0,L5,I1,T2,S02,runnable,,
X_A0_U4_P0_L5_I1_T3,position,A0,U4,P0,L5,I1,T3,S02,runnable,,
X_A0_U4_P0_L5_I1_T4,position,A0,U4,P0,L5,I1,T4,S02,runnable,,
X_A0_U4_P0_L5_I1_T5,position,A0,U4,P0,L5,I1,T5,S02,runnable,,
X_A0_U4_P0_L5_I2_T1,position,A0,U4,P0,L5,I2,T1,S02,runnable,,
X_A0_U4_P0_L5_I2_T2,position,A0,U4,P0,L5,I2,T2,S02,runnable,,
X_A0_U4_P0_L5_I2_T3,position,A0,U4,P0,L5,I2,T3,S02,runnable,,
X_A0_U4_P0_L5_I2_T4,position,A0,U4,P0,L5,I2,T4,S02,runnable,,
X_A0_U4_P0_L5_I2_T5,position,A0,U4,P0,L5,I2,T5,S02,runnable,,
X_A0_U4_P0_L5_I3_T1,position,A0,U4,P0,L5,I3,T1,S02,runnable,,
X_A0_U4_P0_L5_I3_T2,position,A0,U4,P0,L5,I3,T2,S02,runnable,,
X_A0_U4_P0_L5_I3_T3,position,A0,U4,P0,L5,I3,T3,S02,runnable,,
X_A0_U4_P0_L5_I3_T4,position,A0,U4,P0,L5,I3,T4,S02,runnable,,
X_A0_U4_P0_L5_I3_T5,position,A0,U4,P0,L5,I3,T5,S02,runnable,,
X_A0_U4_P0_L5_I4_T1,position,A0,U4,P0,L5,I4,T1,S02,runnable,,
X_A0_U4_P0_L5_I4_T2,position,A0,U4,P0,L5,I4,T2,S02,runnable,,
X_A0_U4_P0_L5_I4_T3,position,A0,U4,P0,L5,I4,T3,S02,runnable,,
X_A0_U4_P0_L5_I4_T4,position,A0,U4,P0,L5,I4,T4,S02,runnable,,
X_A0_U4_P0_L5_I4_T5,position,A0,U4,P0,L5,I4,T5,S02,runnable,,
X_A0_U4_P0_L5_I5_T1,position,A0,U4,P0,L5,I5,T1,S02,runnable,,
X_A0_U4_P0_L5_I5_T2,position,A0,U4,P0,L5,I5,T2,S02,runnable,,
X_A0_U4_P0_L5_I5_T3,position,A0,U4,P0,L5,I5,T3,S02,runnable,,
X_A0_U4_P0_L5_I5_T4,position,A0,U4,P0,L5,I5,T4,S02,runnable,,
X_A0_U4_P0_L5_I5_T5,position,A0,U4,P0,L5,I5,T5,S02,runnable,,
X_A0_U4_P0_L5_I6_T1,position,A0,U4,P0,L5,I6,T1,S02,runnable,,
X_A0_U4_P0_L5_I6_T2,position,A0,U4,P0,L5,I6,T2,S02,runnable,,
X_A0_U4_P0_L5_I6_T3,position,A0,U4,P0,L5,I6,T3,S02,runnable,,
X_A0_U4_P0_L5_I6_T4,position,A0,U4,P0,L5,I6,T4,S02,runnable,,
X_A0_U4_P0_L5_I6_T5,position,A0,U4,P0,L5,I6,T5,S02,runnable,,
X_A0_U4_P0_L5_I7_T1,position,A0,U4,P0,L5,I7,T1,S02,runnable,,
X_A0_U4_P0_L5_I7_T2,position,A0,U4,P0,L5,I7,T2,S02,runnable,,
X_A0_U4_P0_L5_I7_T3,position,A0,U4,P0,L5,I7,T3,S02,runnable,,
X_A0_U4_P0_L5_I7_T4,position,A0,U4,P0,L5,I7,T4,S02,runnable,,
X_A0_U4_P0_L5_I7_T5,position,A0,U4,P0,L5,I7,T5,S02,runnable,,
X_A0_U4_P0_L5_I8_T1,position,A0,U4,P0,L5,I8,T1,S02,runnable,,
X_A0_U4_P0_L5_I8_T2,position,A0,U4,P0,L5,I8,T2,S02,runnable,,
X_A0_U4_P0_L5_I8_T3,position,A0,U4,P0,L5,I8,T3,S02,runnable,,
X_A0_U4_P0_L5_I8_T4,position,A0,U4,P0,L5,I8,T4,S02,runnable,,
X_A0_U4_P0_L5_I8_T5,position,A0,U4,P0,L5,I8,T5,S02,runnable,,
X_A0_U4_P1_L5_I0_T1,position,A0,U4,P1,L5,I0,T1,S02,runnable,,
X_A0_U4_P1_L5_I0_T2,position,A0,U4,P1,L5,I0,T2,S02,runnable,,
X_A0_U4_P1_L5_I0_T3,position,A0,U4,P1,L5,I0,T3,S02,runnable,,
X_A0_U4_P1_L5_I0_T4,position,A0,U4,P1,L5,I0,T4,S02,runnable,,
X_A0_U4_P1_L5_I0_T5,position,A0,U4,P1,L5,I0,T5,S02,runnable,,
X_A0_U4_P1_L5_I1_T1,position,A0,U4,P1,L5,I1,T1,S02,runnable,,
X_A0_U4_P1_L5_I1_T2,position,A0,U4,P1,L5,I1,T2,S02,runnable,,
X_A0_U4_P1_L5_I1_T3,position,A0,U4,P1,L5,I1,T3,S02,runnable,,
X_A0_U4_P1_L5_I1_T4,position,A0,U4,P1,L5,I1,T4,S02,runnable,,
X_A0_U4_P1_L5_I1_T5,position,A0,U4,P1,L5,I1,T5,S02,runnable,,
X_A0_U4_P1_L5_I2_T1,position,A0,U4,P1,L5,I2,T1,S02,runnable,,
X_A0_U4_P1_L5_I2_T2,position,A0,U4,P1,L5,I2,T2,S02,runnable,,
X_A0_U4_P1_L5_I2_T3,position,A0,U4,P1,L5,I2,T3,S02,runnable,,
X_A0_U4_P1_L5_I2_T4,position,A0,U4,P1,L5,I2,T4,S02,runnable,,
X_A0_U4_P1_L5_I2_T5,position,A0,U4,P1,L5,I2,T5,S02,runnable,,
X_A0_U4_P1_L5_I3_T1,position,A0,U4,P1,L5,I3,T1,S02,runnable,,
X_A0_U4_P1_L5_I3_T2,position,A0,U4,P1,L5,I3,T2,S02,runnable,,
X_A0_U4_P1_L5_I3_T3,position,A0,U4,P1,L5,I3,T3,S02,runnable,,
X_A0_U4_P1_L5_I3_T4,position,A0,U4,P1,L5,I3,T4,S02,runnable,,
X_A0_U4_P1_L5_I3_T5,position,A0,U4,P1,L5,I3,T5,S02,runnable,,
X_A0_U4_P1_L5_I4_T1,position,A0,U4,P1,L5,I4,T1,S02,runnable,,
X_A0_U4_P1_L5_I4_T2,position,A0,U4,P1,L5,I4,T2,S02,runnable,,
X_A0_U4_P1_L5_I4_T3,position,A0,U4,P1,L5,I4,T3,S02,runnable,,
X_A0_U4_P1_L5_I4_T4,position,A0,U4,P1,L5,I4,T4,S02,runnable,,
X_A0_U4_P1_L5_I4_T5,position,A0,U4,P1,L5,I4,T5,S02,runnable,,
X_A0_U4_P1_L5_I5_T1,position,A0,U4,P1,L5,I5,T1,S02,runnable,,
X_A0_U4_P1_L5_I5_T2,position,A0,U4,P1,L5,I5,T2,S02,runnable,,
X_A0_U4_P1_L5_I5_T3,position,A0,U4,P1,L5,I5,T3,S02,runnable,,
X_A0_U4_P1_L5_I5_T4,position,A0,U4,P1,L5,I5,T4,S02,runnable,,
X_A0_U4_P1_L5_I5_T5,position,A0,U4,P1,L5,I5,T5,S02,runnable,,
X_A0_U4_P1_L5_I6_T1,position,A0,U4,P1,L5,I6,T1,S02,runnable,,
X_A0_U4_P1_L5_I6_T2,position,A0,U4,P1,L5,I6,T2,S02,runnable,,
X_A0_U4_P1_L5_I6_T3,position,A0,U4,P1,L5,I6,T3,S02,runnable,,
X_A0_U4_P1_L5_I6_T4,position,A0,U4,P1,L5,I6,T4,S02,runnable,,
X_A0_U4_P1_L5_I6_T5,position,A0,U4,P1,L5,I6,T5,S02,runnable,,
X_A0_U4_P1_L5_I7_T1,position,A0,U4,P1,L5,I7,T1,S02,runnable,,
X_A0_U4_P1_L5_I7_T2,position,A0,U4,P1,L5,I7,T2,S02,runnable,,
X_A0_U4_P1_L5_I7_T3,position,A0,U4,P1,L5,I7,T3,S02,runnable,,
X_A0_U4_P1_L5_I7_T4,position,A0,U4,P1,L5,I7,T4,S02,runnable,,
X_A0_U4_P1_L5_I7_T5,position,A0,U4,P1,L5,I7,T5,S02,runnable,,
X_A0_U4_P1_L5_I8_T1,position,A0,U4,P1,L5,I8,T1,S02,runnable,,
X_A0_U4_P1_L5_I8_T2,position,A0,U4,P1,L5,I8,T2,S02,runnable,,
X_A0_U4_P1_L5_I8_T3,position,A0,U4,P1,L5,I8,T3,S02,runnable,,
X_A0_U4_P1_L5_I8_T4,position,A0,U4,P1,L5,I8,T4,S02,runnable,,
X_A0_U4_P1_L5_I8_T5,position,A0,U4,P1,L5,I8,T5,S02,runnable,,
X_A0_U4_P2_L5_I0_T1,position,A0,U4,P2,L5,I0,T1,S02,runnable,,
X_A0_U4_P2_L5_I0_T2,position,A0,U4,P2,L5,I0,T2,S02,runnable,,
X_A0_U4_P2_L5_I0_T3,position,A0,U4,P2,L5,I0,T3,S02,runnable,,
X_A0_U4_P2_L5_I0_T4,position,A0,U4,P2,L5,I0,T4,S02,runnable,,
X_A0_U4_P2_L5_I0_T5,position,A0,U4,P2,L5,I0,T5,S02,runnable,,
X_A0_U4_P2_L5_I1_T1,position,A0,U4,P2,L5,I1,T1,S02,runnable,,
X_A0_U4_P2_L5_I1_T2,position,A0,U4,P2,L5,I1,T2,S02,runnable,,
X_A0_U4_P2_L5_I1_T3,position,A0,U4,P2,L5,I1,T3,S02,runnable,,
X_A0_U4_P2_L5_I1_T4,position,A0,U4,P2,L5,I1,T4,S02,runnable,,
X_A0_U4_P2_L5_I1_T5,position,A0,U4,P2,L5,I1,T5,S02,runnable,,
X_A0_U4_P2_L5_I2_T1,position,A0,U4,P2,L5,I2,T1,S02,runnable,,
X_A0_U4_P2_L5_I2_T2,position,A0,U4,P2,L5,I2,T2,S02,runnable,,
X_A0_U4_P2_L5_I2_T3,position,A0,U4,P2,L5,I2,T3,S02,runnable,,
X_A0_U4_P2_L5_I2_T4,position,A0,U4,P2,L5,I2,T4,S02,runnable,,
X_A0_U4_P2_L5_I2_T5,position,A0,U4,P2,L5,I2,T5,S02,runnable,,
X_A0_U4_P2_L5_I3_T1,position,A0,U4,P2,L5,I3,T1,S02,runnable,,
X_A0_U4_P2_L5_I3_T2,position,A0,U4,P2,L5,I3,T2,S02,runnable,,
X_A0_U4_P2_L5_I3_T3,position,A0,U4,P2,L5,I3,T3,S02,runnable,,
X_A0_U4_P2_L5_I3_T4,position,A0,U4,P2,L5,I3,T4,S02,runnable,,
X_A0_U4_P2_L5_I3_T5,position,A0,U4,P2,L5,I3,T5,S02,runnable,,
X_A0_U4_P2_L5_I4_T1,position,A0,U4,P2,L5,I4,T1,S02,runnable,,
X_A0_U4_P2_L5_I4_T2,position,A0,U4,P2,L5,I4,T2,S02,runnable,,
X_A0_U4_P2_L5_I4_T3,position,A0,U4,P2,L5,I4,T3,S02,runnable,,
X_A0_U4_P2_L5_I4_T4,position,A0,U4,P2,L5,I4,T4,S02,runnable,,
X_A0_U4_P2_L5_I4_T5,position,A0,U4,P2,L5,I4,T5,S02,runnable,,
X_A0_U4_P2_L5_I5_T1,position,A0,U4,P2,L5,I5,T1,S02,runnable,,
X_A0_U4_P2_L5_I5_T2,position,A0,U4,P2,L5,I5,T2,S02,runnable,,
X_A0_U4_P2_L5_I5_T3,position,A0,U4,P2,L5,I5,T3,S02,runnable,,
X_A0_U4_P2_L5_I5_T4,position,A0,U4,P2,L5,I5,T4,S02,runnable,,
X_A0_U4_P2_L5_I5_T5,position,A0,U4,P2,L5,I5,T5,S02,runnable,,
X_A0_U4_P2_L5_I6_T1,position,A0,U4,P2,L5,I6,T1,S02,runnable,,
X_A0_U4_P2_L5_I6_T2,position,A0,U4,P2,L5,I6,T2,S02,runnable,,
X_A0_U4_P2_L5_I6_T3,position,A0,U4,P2,L5,I6,T3,S02,runnable,,
X_A0_U4_P2_L5_I6_T4,position,A0,U4,P2,L5,I6,T4,S02,runnable,,
X_A0_U4_P2_L5_I6_T5,position,A0,U4,P2,L5,I6,T5,S02,runnable,,
X_A0_U4_P2_L5_I7_T1,position,A0,U4,P2,L5,I7,T1,S02,runnable,,
X_A0_U4_P2_L5_I7_T2,position,A0,U4,P2,L5,I7,T2,S02,runnable,,
X_A0_U4_P2_L5_I7_T3,position,A0,U4,P2,L5,I7,T3,S02,runnable,,
X_A0_U4_P2_L5_I7_T4,position,A0,U4,P2,L5,I7,T4,S02,runnable,,
X_A0_U4_P2_L5_I7_T5,position,A0,U4,P2,L5,I7,T5,S02,runnable,,
X_A0_U4_P2_L5_I8_T1,position,A0,U4,P2,L5,I8,T1,S02,runnable,,
X_A0_U4_P2_L5_I8_T2,position,A0,U4,P2,L5,I8,T2,S02,runnable,,
X_A0_U4_P2_L5_I8_T3,position,A0,U4,P2,L5,I8,T3,S02,runnable,,
X_A0_U4_P2_L5_I8_T4,position,A0,U4,P2,L5,I8,T4,S02,runnable,,
X_A0_U4_P2_L5_I8_T5,position,A0,U4,P2,L5,I8,T5,S02,runnable,,
X_A0_U4_P3_L5_I0_T1,position,A0,U4,P3,L5,I0,T1,S02,runnable,,
X_A0_U4_P3_L5_I0_T2,position,A0,U4,P3,L5,I0,T2,S02,runnable,,
X_A0_U4_P3_L5_I0_T3,position,A0,U4,P3,L5,I0,T3,S02,runnable,,
X_A0_U4_P3_L5_I0_T4,position,A0,U4,P3,L5,I0,T4,S02,runnable,,
X_A0_U4_P3_L5_I0_T5,position,A0,U4,P3,L5,I0,T5,S02,runnable,,
X_A0_U4_P3_L5_I1_T1,position,A0,U4,P3,L5,I1,T1,S02,runnable,,
X_A0_U4_P3_L5_I1_T2,position,A0,U4,P3,L5,I1,T2,S02,runnable,,
X_A0_U4_P3_L5_I1_T3,position,A0,U4,P3,L5,I1,T3,S02,runnable,,
X_A0_U4_P3_L5_I1_T4,position,A0,U4,P3,L5,I1,T4,S02,runnable,,
X_A0_U4_P3_L5_I1_T5,position,A0,U4,P3,L5,I1,T5,S02,runnable,,
X_A0_U4_P3_L5_I2_T1,position,A0,U4,P3,L5,I2,T1,S02,runnable,,
X_A0_U4_P3_L5_I2_T2,position,A0,U4,P3,L5,I2,T2,S02,runnable,,
X_A0_U4_P3_L5_I2_T3,position,A0,U4,P3,L5,I2,T3,S02,runnable,,
X_A0_U4_P3_L5_I2_T4,position,A0,U4,P3,L5,I2,T4,S02,runnable,,
X_A0_U4_P3_L5_I2_T5,position,A0,U4,P3,L5,I2,T5,S02,runnable,,
X_A0_U4_P3_L5_I3_T1,position,A0,U4,P3,L5,I3,T1,S02,runnable,,
X_A0_U4_P3_L5_I3_T2,position,A0,U4,P3,L5,I3,T2,S02,runnable,,
X_A0_U4_P3_L5_I3_T3,position,A0,U4,P3,L5,I3,T3,S02,runnable,,
X_A0_U4_P3_L5_I3_T4,position,A0,U4,P3,L5,I3,T4,S02,runnable,,
X_A0_U4_P3_L5_I3_T5,position,A0,U4,P3,L5,I3,T5,S02,runnable,,
X_A0_U4_P3_L5_I4_T1,position,A0,U4,P3,L5,I4,T1,S02,runnable,,
X_A0_U4_P3_L5_I4_T2,position,A0,U4,P3,L5,I4,T2,S02,runnable,,
X_A0_U4_P3_L5_I4_T3,position,A0,U4,P3,L5,I4,T3,S02,runnable,,
X_A0_U4_P3_L5_I4_T4,position,A0,U4,P3,L5,I4,T4,S02,runnable,,
X_A0_U4_P3_L5_I4_T5,position,A0,U4,P3,L5,I4,T5,S02,runnable,,
X_A0_U4_P3_L5_I5_T1,position,A0,U4,P3,L5,I5,T1,S02,runnable,,
X_A0_U4_P3_L5_I5_T2,position,A0,U4,P3,L5,I5,T2,S02,runnable,,
X_A0_U4_P3_L5_I5_T3,position,A0,U4,P3,L5,I5,T3,S02,runnable,,
X_A0_U4_P3_L5_I5_T4,position,A0,U4,P3,L5,I5,T4,S02,runnable,,
X_A0_U4_P3_L5_I5_T5,position,A0,U4,P3,L5,I5,T5,S02,runnable,,
X_A0_U4_P3_L5_I6_T1,position,A0,U4,P3,L5,I6,T1,S02,runnable,,
X_A0_U4_P3_L5_I6_T2,position,A0,U4,P3,L5,I6,T2,S02,runnable,,
X_A0_U4_P3_L5_I6_T3,position,A0,U4,P3,L5,I6,T3,S02,runnable,,
X_A0_U4_P3_L5_I6_T4,position,A0,U4,P3,L5,I6,T4,S02,runnable,,
X_A0_U4_P3_L5_I6_T5,position,A0,U4,P3,L5,I6,T5,S02,runnable,,
X_A0_U4_P3_L5_I7_T1,position,A0,U4,P3,L5,I7,T1,S02,runnable,,
X_A0_U4_P3_L5_I7_T2,position,A0,U4,P3,L5,I7,T2,S02,runnable,,
X_A0_U4_P3_L5_I7_T3,position,A0,U4,P3,L5,I7,T3,S02,runnable,,
X_A0_U4_P3_L5_I7_T4,position,A0,U4,P3,L5,I7,T4,S02,runnable,,
X_A0_U4_P3_L5_I7_T5,position,A0,U4,P3,L5,I7,T5,S02,runnable,,
X_A0_U4_P3_L5_I8_T1,position,A0,U4,P3,L5,I8,T1,S02,runnable,,
X_A0_U4_P3_L5_I8_T2,position,A0,U4,P3,L5,I8,T2,S02,runnable,,
X_A0_U4_P3_L5_I8_T3,position,A0,U4,P3,L5,I8,T3,S02,runnable,,
X_A0_U4_P3_L5_I8_T4,position,A0,U4,P3,L5,I8,T4,S02,runnable,,
X_A0_U4_P3_L5_I8_T5,position,A0,U4,P3,L5,I8,T5,S02,runnable,,
X_A0_U4_P4_L5_I0_T1,position,A0,U4,P4,L5,I0,T1,S02,runnable,,
X_A0_U4_P4_L5_I0_T2,position,A0,U4,P4,L5,I0,T2,S02,runnable,,
X_A0_U4_P4_L5_I0_T3,position,A0,U4,P4,L5,I0,T3,S02,runnable,,
X_A0_U4_P4_L5_I0_T4,position,A0,U4,P4,L5,I0,T4,S02,runnable,,
X_A0_U4_P4_L5_I0_T5,position,A0,U4,P4,L5,I0,T5,S02,runnable,,
X_A0_U4_P4_L5_I1_T1,position,A0,U4,P4,L5,I1,T1,S02,runnable,,
X_A0_U4_P4_L5_I1_T2,position,A0,U4,P4,L5,I1,T2,S02,runnable,,
X_A0_U4_P4_L5_I1_T3,position,A0,U4,P4,L5,I1,T3,S02,runnable,,
X_A0_U4_P4_L5_I1_T4,position,A0,U4,P4,L5,I1,T4,S02,runnable,,
X_A0_U4_P4_L5_I1_T5,position,A0,U4,P4,L5,I1,T5,S02,runnable,,
X_A0_U4_P4_L5_I2_T1,position,A0,U4,P4,L5,I2,T1,S02,runnable,,
X_A0_U4_P4_L5_I2_T2,position,A0,U4,P4,L5,I2,T2,S02,runnable,,
X_A0_U4_P4_L5_I2_T3,position,A0,U4,P4,L5,I2,T3,S02,runnable,,
X_A0_U4_P4_L5_I2_T4,position,A0,U4,P4,L5,I2,T4,S02,runnable,,
X_A0_U4_P4_L5_I2_T5,position,A0,U4,P4,L5,I2,T5,S02,runnable,,
X_A0_U4_P4_L5_I3_T1,position,A0,U4,P4,L5,I3,T1,S02,runnable,,
X_A0_U4_P4_L5_I3_T2,position,A0,U4,P4,L5,I3,T2,S02,runnable,,
X_A0_U4_P4_L5_I3_T3,position,A0,U4,P4,L5,I3,T3,S02,runnable,,
X_A0_U4_P4_L5_I3_T4,position,A0,U4,P4,L5,I3,T4,S02,runnable,,
X_A0_U4_P4_L5_I3_T5,position,A0,U4,P4,L5,I3,T5,S02,runnable,,
X_A0_U4_P4_L5_I4_T1,position,A0,U4,P4,L5,I4,T1,S02,runnable,,
X_A0_U4_P4_L5_I4_T2,position,A0,U4,P4,L5,I4,T2,S02,runnable,,
X_A0_U4_P4_L5_I4_T3,position,A0,U4,P4,L5,I4,T3,S02,runnable,,
X_A0_U4_P4_L5_I4_T4,position,A0,U4,P4,L5,I4,T4,S02,runnable,,
X_A0_U4_P4_L5_I4_T5,position,A0,U4,P4,L5,I4,T5,S02,runnable,,
X_A0_U4_P4_L5_I5_T1,position,A0,U4,P4,L5,I5,T1,S02,runnable,,
X_A0_U4_P4_L5_I5_T2,position,A0,U4,P4,L5,I5,T2,S02,runnable,,
X_A0_U4_P4_L5_I5_T3,position,A0,U4,P4,L5,I5,T3,S02,runnable,,
X_A0_U4_P4_L5_I5_T4,position,A0,U4,P4,L5,I5,T4,S02,runnable,,
X_A0_U4_P4_L5_I5_T5,position,A0,U4,P4,L5,I5,T5,S02,runnable,,
X_A0_U4_P4_L5_I6_T1,position,A0,U4,P4,L5,I6,T1,S02,runnable,,
X_A0_U4_P4_L5_I6_T2,position,A0,U4,P4,L5,I6,T2,S02,runnable,,
X_A0_U4_P4_L5_I6_T3,position,A0,U4,P4,L5,I6,T3,S02,runnable,,
X_A0_U4_P4_L5_I6_T4,position,A0,U4,P4,L5,I6,T4,S02,runnable,,
X_A0_U4_P4_L5_I6_T5,position,A0,U4,P4,L5,I6,T5,S02,runnable,,
X_A0_U4_P4_L5_I7_T1,position,A0,U4,P4,L5,I7,T1,S02,runnable,,
X_A0_U4_P4_L5_I7_T2,position,A0,U4,P4,L5,I7,T2,S02,runnable,,
X_A0_U4_P4_L5_I7_T3,position,A0,U4,P4,L5,I7,T3,S02,runnable,,
X_A0_U4_P4_L5_I7_T4,position,A0,U4,P4,L5,I7,T4,S02,runnable,,
X_A0_U4_P4_L5_I7_T5,position,A0,U4,P4,L5,I7,T5,S02,runnable,,
X_A0_U4_P4_L5_I8_T1,position,A0,U4,P4,L5,I8,T1,S02,runnable,,
X_A0_U4_P4_L5_I8_T2,position,A0,U4,P4,L5,I8,T2,S02,runnable,,
X_A0_U4_P4_L5_I8_T3,position,A0,U4,P4,L5,I8,T3,S02,runnable,,
X_A0_U4_P4_L5_I8_T4,position,A0,U4,P4,L5,I8,T4,S02,runnable,,
X_A0_U4_P4_L5_I8_T5,position,A0,U4,P4,L5,I8,T5,S02,runnable,,
X_A0_U4_P5_L5_I0_T1,position,A0,U4,P5,L5,I0,T1,S02,runnable,,
X_A0_U4_P5_L5_I0_T2,position,A0,U4,P5,L5,I0,T2,S02,runnable,,
X_A0_U4_P5_L5_I0_T3,position,A0,U4,P5,L5,I0,T3,S02,runnable,,
X_A0_U4_P5_L5_I0_T4,position,A0,U4,P5,L5,I0,T4,S02,runnable,,
X_A0_U4_P5_L5_I0_T5,position,A0,U4,P5,L5,I0,T5,S02,runnable,,
X_A0_U4_P5_L5_I1_T1,position,A0,U4,P5,L5,I1,T1,S02,runnable,,
X_A0_U4_P5_L5_I1_T2,position,A0,U4,P5,L5,I1,T2,S02,runnable,,
X_A0_U4_P5_L5_I1_T3,position,A0,U4,P5,L5,I1,T3,S02,runnable,,
X_A0_U4_P5_L5_I1_T4,position,A0,U4,P5,L5,I1,T4,S02,runnable,,
X_A0_U4_P5_L5_I1_T5,position,A0,U4,P5,L5,I1,T5,S02,runnable,,
X_A0_U4_P5_L5_I2_T1,position,A0,U4,P5,L5,I2,T1,S02,runnable,,
X_A0_U4_P5_L5_I2_T2,position,A0,U4,P5,L5,I2,T2,S02,runnable,,
X_A0_U4_P5_L5_I2_T3,position,A0,U4,P5,L5,I2,T3,S02,runnable,,
X_A0_U4_P5_L5_I2_T4,position,A0,U4,P5,L5,I2,T4,S02,runnable,,
X_A0_U4_P5_L5_I2_T5,position,A0,U4,P5,L5,I2,T5,S02,runnable,,
X_A0_U4_P5_L5_I3_T1,position,A0,U4,P5,L5,I3,T1,S02,runnable,,
X_A0_U4_P5_L5_I3_T2,position,A0,U4,P5,L5,I3,T2,S02,runnable,,
X_A0_U4_P5_L5_I3_T3,position,A0,U4,P5,L5,I3,T3,S02,runnable,,
X_A0_U4_P5_L5_I3_T4,position,A0,U4,P5,L5,I3,T4,S02,runnable,,
X_A0_U4_P5_L5_I3_T5,position,A0,U4,P5,L5,I3,T5,S02,runnable,,
X_A0_U4_P5_L5_I4_T1,position,A0,U4,P5,L5,I4,T1,S02,runnable,,
X_A0_U4_P5_L5_I4_T2,position,A0,U4,P5,L5,I4,T2,S02,runnable,,
X_A0_U4_P5_L5_I4_T3,position,A0,U4,P5,L5,I4,T3,S02,runnable,,
X_A0_U4_P5_L5_I4_T4,position,A0,U4,P5,L5,I4,T4,S02,runnable,,
X_A0_U4_P5_L5_I4_T5,position,A0,U4,P5,L5,I4,T5,S02,runnable,,
X_A0_U4_P5_L5_I5_T1,position,A0,U4,P5,L5,I5,T1,S02,runnable,,
X_A0_U4_P5_L5_I5_T2,position,A0,U4,P5,L5,I5,T2,S02,runnable,,
X_A0_U4_P5_L5_I5_T3,position,A0,U4,P5,L5,I5,T3,S02,runnable,,
X_A0_U4_P5_L5_I5_T4,position,A0,U4,P5,L5,I5,T4,S02,runnable,,
X_A0_U4_P5_L5_I5_T5,position,A0,U4,P5,L5,I5,T5,S02,runnable,,
X_A0_U4_P5_L5_I6_T1,position,A0,U4,P5,L5,I6,T1,S02,runnable,,
X_A0_U4_P5_L5_I6_T2,position,A0,U4,P5,L5,I6,T2,S02,runnable,,
X_A0_U4_P5_L5_I6_T3,position,A0,U4,P5,L5,I6,T3,S02,runnable,,
X_A0_U4_P5_L5_I6_T4,position,A0,U4,P5,L5,I6,T4,S02,runnable,,
X_A0_U4_P5_L5_I6_T5,position,A0,U4,P5,L5,I6,T5,S02,runnable,,
X_A0_U4_P5_L5_I7_T1,position,A0,U4,P5,L5,I7,T1,S02,runnable,,
X_A0_U4_P5_L5_I7_T2,position,A0,U4,P5,L5,I7,T2,S02,runnable,,
X_A0_U4_P5_L5_I7_T3,position,A0,U4,P5,L5,I7,T3,S02,runnable,,
X_A0_U4_P5_L5_I7_T4,position,A0,U4,P5,L5,I7,T4,S02,runnable,,
X_A0_U4_P5_L5_I7_T5,position,A0,U4,P5,L5,I7,T5,S02,runnable,,
X_A0_U4_P5_L5_I8_T1,position,A0,U4,P5,L5,I8,T1,S02,runnable,,
X_A0_U4_P5_L5_I8_T2,position,A0,U4,P5,L5,I8,T2,S02,runnable,,
X_A0_U4_P5_L5_I8_T3,position,A0,U4,P5,L5,I8,T3,S02,runnable,,
X_A0_U4_P5_L5_I8_T4,position,A0,U4,P5,L5,I8,T4,S02,runnable,,
X_A0_U4_P5_L5_I8_T5,position,A0,U4,P5,L5,I8,T5,S02,runnable,,
X_A1_U1_P0_L5_I0_T1,position,A1,U1,P0,L5,I0,T1,S02,excluded_source_missing,only U4 solved-position sample stream exists on disk,
X_A1_U1_P0_L5_I0_T2,position,A1,U1,P0,L5,I0,T2,S02,excluded_source_missing,only U4 solved-position sample stream exists on disk,
X_A1_U1_P0_L5_I0_T3,position,A1,U1,P0,L5,I0,T3,S02,excluded_source_missing,only U4 solved-position sample stream exists on disk,
X_A1_U1_P0_L5_I0_T4,position,A1,U1,P0,L5,I0,T4,S02,excluded_source_missing,only U4 solved-position sample stream exists on disk,
X_A1_U1_P0_L5_I0_T5,position,A1,U1,P0,L5,I0,T5,S02,excluded_source_missing,only U4 solved-position sample stream exists on disk,
X_A1_U1_P0_L5_I1_T1,position,A1,U1,P0,L5,I1,T1,S02,excluded_source_missing,only U4 solved-position sample stream exists on disk,
X_A1_U1_P0_L5_I1_T2,position,A1,U1,P0,L5,I1,T2,S02,excluded_source_missing,only U4 solved-position sample stream exists on disk,
X_A1_U1_P0_L5_I1_T3,position,A1,U1,P0,L5,I1,T3,S02,excluded_source_missing,only U4 solved-position sample stream exists on disk,
X_A1_U1_P0_L5_I1_T4,position,A1,U1,P0,L5,I1,T4,S02,excluded_source_missing,only U4 solved-position sample stream exists on disk,
X_A1_U1_P0_L5_I1_T5,position,A1,U1,P0,L5,I1,T5,S02,excluded_source_missing,only U4 solved-position sample stream exists on disk,
X_A1_U1_P0_L5_I2_T1,position,A1,U1,P0,L5,I2,T1,S02,excluded_source_missing,only U4 solved-position sample stream exists on disk,
X_A1_U1_P0_L5_I2_T2,position,A1,U1,P0,L5,I2,T2,S02,excluded_source_missing,only U4 solved-position sample stream exists on disk,
X_A1_U1_P0_L5_I2_T3,position,A1,U1,P0,L5,I2,T3,S02,excluded_source_missing,only U4 solved-position sample stream exists on disk,
X_A1_U1_P0_L5_I2_T4,position,A1,U1,P0,L5,I2,T4,S02,excluded_source_missing,only U4 solved-position sample stream exists on disk,
X_A1_U1_P0_L5_I2_T5,position,A1,U1,P0,L5,I2,T5,S02,excluded_source_missing,only U4 solved-position sample stream exists on disk,
X_A1_U1_P0_L5_I3_T1,position,A1,U1,P0,L5,I3,T1,S02,excluded_source_missing,only U4 solved-position sample stream exists on disk,
X_A1_U1_P0_L5_I3_T2,position,A1,U1,P0,L5,I3,T2,S02,excluded_source_missing,only U4 solved-position sample stream exists on disk,
X_A1_U1_P0_L5_I3_T3,position,A1,U1,P0,L5,I3,T3,S02,excluded_source_missing,only U4 solved-position sample stream exists on disk,
X_A1_U1_P0_L5_I3_T4,position,A1,U1,P0,L5,I3,T4,S02,excluded_source_missing,only U4 solved-position sample stream exists on disk,
X_A1_U1_P0_L5_I3_T5,position,A1,U1,P0,L5,I3,T5,S02,excluded_source_missing,only U4 solved-position sample stream exists on disk,
X_A1_U1_P0_L5_I4_T1,position,A1,U1,P0,L5,I4,T1,S02,excluded_source_missing,only U4 solved-position sample stream exists on disk,
X_A1_U1_P0_L5_I4_T2,position,A1,U1,P0,L5,I4,T2,S02,excluded_source_missing,only U4 solved-position sample stream exists on disk,
X_A1_U1_P0_L5_I4_T3,position,A1,U1,P0,L5,I4,T3,S02,excluded_source_missing,only U4 solved-position sample stream exists on disk,
X_A1_U1_P0_L5_I4_T4,position,A1,U1,P0,L5,I4,T4,S02,excluded_source_missing,only U4 solved-position sample stream exists on disk,
X_A1_U1_P0_L5_I4_T5,position,A1,U1,P0,L5,I4,T5,S02,excluded_source_missing,only U4 solved-position sample stream exists on disk,
X_A1_U1_P0_L5_I5_T1,position,A1,U1,P0,L5,I5,T1,S02,excluded_source_missing,only U4 solved-position sample stream exists on disk,
X_A1_U1_P0_L5_I5_T2,position,A1,U1,P0,L5,I5,T2,S02,excluded_source_missing,only U4 solved-position sample stream exists on disk,
X_A1_U1_P0_L5_I5_T3,position,A1,U1,P0,L5,I5,T3,S02,excluded_source_missing,only U4 solved-position sample stream exists on disk,
X_A1_U1_P0_L5_I5_T4,position,A1,U1,P0,L5,I5,T4,S02,excluded_source_missing,only U4 solved-position sample stream exists on disk,
X_A1_U1_P0_L5_I5_T5,position,A1,U1,P0,L5,I5,T5,S02,excluded_source_missing,only U4 solved-position sample stream exists on disk,
X_A1_U1_P0_L5_I6_T1,position,A1,U1,P0,L5,I6,T1,S02,excluded_source_missing,only U4 solved-position sample stream exists on disk,
X_A1_U1_P0_L5_I6_T2,position,A1,U1,P0,L5,I6,T2,S02,excluded_source_missing,only U4 solved-position sample stream exists on disk,
X_A1_U1_P0_L5_I6_T3,position,A1,U1,P0,L5,I6,T3,S02,excluded_source_missing,only U4 solved-position sample stream exists on disk,
X_A1_U1_P0_L5_I6_T4,position,A1,U1,P0,L5,I6,T4,S02,excluded_source_missing,only U4 solved-position sample stream exists on disk,
X_A1_U1_P0_L5_I6_T5,position,A1,U1,P0,L5,I6,T5,S02,excluded_source_missing,only U4 solved-position sample stream exists on disk,
X_A1_U1_P0_L5_I7_T1,position,A1,U1,P0,L5,I7,T1,S02,excluded_source_missing,only U4 solved-position sample stream exists on disk,
X_A1_U1_P0_L5_I7_T2,position,A1,U1,P0,L5,I7,T2,S02,excluded_source_missing,only U4 solved-position sample stream exists on disk,
X_A1_U1_P0_L5_I7_T3,position,A1,U1,P0,L5,I7,T3,S02,excluded_source_missing,only U4 solved-position sample stream exists on disk,
X_A1_U1_P0_L5_I7_T4,position,A1,U1,P0,L5,I7,T4,S02,excluded_source_missing,only U4 solved-position sample stream exists on disk,
X_A1_U1_P0_L5_I7_T5,position,A1,U1,P0,L5,I7,T5,S02,excluded_source_missing,only U4 solved-position sample stream exists on disk,
X_A1_U1_P0_L5_I8_T1,position,A1,U1,P0,L5,I8,T1,S02,excluded_source_missing,only U4 solved-position sample stream exists on disk,
X_A1_U1_P0_L5_I8_T2,position,A1,U1,P0,L5,I8,T2,S02,excluded_source_missing,only U4 solved-position sample stream exists on disk,
X_A1_U1_P0_L5_I8_T3,position,A1,U1,P0,L5,I8,T3,S02,excluded_source_missing,only U4 solved-position sample stream exists on disk,
X_A1_U1_P0_L5_I8_T4,position,A1,U1,P0,L5,I8,T4,S02,excluded_source_missing,only U4 solved-position sample stream exists on disk,
X_A1_U1_P0_L5_I8_T5,position,A1,U1,P0,L5,I8,T5,S02,excluded_source_missing,only U4 solved-position sample stream exists on disk,
X_A1_U1_P1_L5_I0_T1,position,A1,U1,P1,L5,I0,T1,S02,excluded_source_missing,only U4 solved-position sample stream exists on disk,
X_A1_U1_P1_L5_I0_T2,position,A1,U1,P1,L5,I0,T2,S02,excluded_source_missing,only U4 solved-position sample stream exists on disk,
X_A1_U1_P1_L5_I0_T3,position,A1,U1,P1,L5,I0,T3,S02,excluded_source_missing,only U4 solved-position sample stream exists on disk,
X_A1_U1_P1_L5_I0_T4,position,A1,U1,P1,L5,I0,T4,S02,excluded_source_missing,only U4 solved-position sample stream exists on disk,
X_A1_U1_P1_L5_I0_T5,position,A1,U1,P1,L5,I0,T5,S02,excluded_source_missing,only U4 solved-position sample stream exists on disk,
X_A1_U1_P1_L5_I1_T1,position,A1,U1,P1,L5,I1,T1,S02,excluded_source_missing,only U4 solved-position sample stream exists on disk,
X_A1_U1_P1_L5_I1_T2,position,A1,U1,P1,L5,I1,T2,S02,excluded_source_missing,only U4 solved-position sample stream exists on disk,
X_A1_U1_P1_L5_I1_T3,position,A1,U1,P1,L5,I1,T3,S02,excluded_source_missing,only U4 solved-position sample stream exists on disk,
X_A1_U1_P1_L5_I1_T4,position,A1,U1,P1,L5,I1,T4,S02,excluded_source_missing,only U4 solved-position sample stream exists on disk,
X_A1_U1_P1_L5_I1_T5,position,A1,U1,P1,L5,I1,T5,S02,excluded_source_missing,only U4 solved-position sample stream exists on disk,
X_A1_U1_P1_L5_I2_T1,position,A1,U1,P1,L5,I2,T1,S02,excluded_source_missing,only U4 solved-position sample stream exists on disk,
X_A1_U1_P1_L5_I2_T2,position,A1,U1,P1,L5,I2,T2,S02,excluded_source_missing,only U4 solved-position sample stream exists on disk,
X_A1_U1_P1_L5_I2_T3,position,A1,U1,P1,L5,I2,T3,S02,excluded_source_missing,only U4 solved-position sample stream exists on disk,
X_A1_U1_P1_L5_I2_T4,position,A1,U1,P1,L5,I2,T4,S02,excluded_source_missing,only U4 solved-position sample stream exists on disk,
X_A1_U1_P1_L5_I2_T5,position,A1,U1,P1,L5,I2,T5,S02,excluded_source_missing,only U4 solved-position sample stream exists on disk,
X_A1_U1_P1_L5_I3_T1,position,A1,U1,P1,L5,I3,T1,S02,excluded_source_missing,only U4 solved-position sample stream exists on disk,
X_A1_U1_P1_L5_I3_T2,position,A1,U1,P1,L5,I3,T2,S02,excluded_source_missing,only U4 solved-position sample stream exists on disk,
X_A1_U1_P1_L5_I3_T3,position,A1,U1,P1,L5,I3,T3,S02,excluded_source_missing,only U4 solved-position sample stream exists on disk,
X_A1_U1_P1_L5_I3_T4,position,A1,U1,P1,L5,I3,T4,S02,excluded_source_missing,only U4 solved-position sample stream exists on disk,
X_A1_U1_P1_L5_I3_T5,position,A1,U1,P1,L5,I3,T5,S02,excluded_source_missing,only U4 solved-position sample stream exists on disk,
X_A1_U1_P1_L5_I4_T1,position,A1,U1,P1,L5,I4,T1,S02,excluded_source_missing,only U4 solved-position sample stream exists on disk,
X_A1_U1_P1_L5_I4_T2,position,A1,U1,P1,L5,I4,T2,S02,excluded_source_missing,only U4 solved-position sample stream exists on disk,
X_A1_U1_P1_L5_I4_T3,position,A1,U1,P1,L5,I4,T3,S02,excluded_source_missing,only U4 solved-position sample stream exists on disk,
X_A1_U1_P1_L5_I4_T4,position,A1,U1,P1,L5,I4,T4,S02,excluded_source_missing,only U4 solved-position sample stream exists on disk,
X_A1_U1_P1_L5_I4_T5,position,A1,U1,P1,L5,I4,T5,S02,excluded_source_missing,only U4 solved-position sample stream exists on disk,
X_A1_U1_P1_L5_I5_T1,position,A1,U1,P1,L5,I5,T1,S02,excluded_source_missing,only U4 solved-position sample stream exists on disk,
X_A1_U1_P1_L5_I5_T2,position,A1,U1,P1,L5,I5,T2,S02,excluded_source_missing,only U4 solved-position sample stream exists on disk,
X_A1_U1_P1_L5_I5_T3,position,A1,U1,P1,L5,I5,T3,S02,excluded_source_missing,only U4 solved-position sample stream exists on disk,
X_A1_U1_P1_L5_I5_T4,position,A1,U1,P1,L5,I5,T4,S02,excluded_source_missing,only U4 solved-position sample stream exists on disk,
X_A1_U1_P1_L5_I5_T5,position,A1,U1,P1,L5,I5,T5,S02,excluded_source_missing,only U4 solved-position sample stream exists on disk,
X_A1_U1_P1_L5_I6_T1,position,A1,U1,P1,L5,I6,T1,S02,excluded_source_missing,only U4 solved-position sample stream exists on disk,
X_A1_U1_P1_L5_I6_T2,position,A1,U1,P1,L5,I6,T2,S02,excluded_source_missing,only U4 solved-position sample stream exists on disk,
X_A1_U1_P1_L5_I6_T3,position,A1,U1,P1,L5,I6,T3,S02,excluded_source_missing,only U4 solved-position sample stream exists on disk,
X_A1_U1_P1_L5_I6_T4,position,A1,U1,P1,L5,I6,T4,S02,excluded_source_missing,only U4 solved-position sample stream exists on disk,
X_A1_U1_P1_L5_I6_T5,position,A1,U1,P1,L5,I6,T5,S02,excluded_source_missing,only U4 solved-position sample stream exists on disk,
X_A1_U1_P1_L5_I7_T1,position,A1,U1,P1,L5,I7,T1,S02,excluded_source_missing,only U4 solved-position sample stream exists on disk,
X_A1_U1_P1_L5_I7_T2,position,A1,U1,P1,L5,I7,T2,S02,excluded_source_missing,only U4 solved-position sample stream exists on disk,
X_A1_U1_P1_L5_I7_T3,position,A1,U1,P1,L5,I7,T3,S02,excluded_source_missing,only U4 solved-position sample stream exists on disk,
X_A1_U1_P1_L5_I7_T4,position,A1,U1,P1,L5,I7,T4,S02,excluded_source_missing,only U4 solved-position sample stream exists on disk,
X_A1_U1_P1_L5_I7_T5,position,A1,U1,P1,L5,I7,T5,S02,excluded_source_missing,only U4 solved-position sample stream exists on disk,
X_A1_U1_P1_L5_I8_T1,position,A1,U1,P1,L5,I8,T1,S02,excluded_source_missing,only U4 solved-position sample stream exists on disk,
X_A1_U1_P1_L5_I8_T2,position,A1,U1,P1,L5,I8,T2,S02,excluded_source_missing,only U4 solved-position sample stream exists on disk,
X_A1_U1_P1_L5_I8_T3,position,A1,U1,P1,L5,I8,T3,S02,excluded_source_missing,only U4 solved-position sample stream exists on disk,
X_A1_U1_P1_L5_I8_T4,position,A1,U1,P1,L5,I8,T4,S02,excluded_source_missing,only U4 solved-position sample stream exists on disk,
X_A1_U1_P1_L5_I8_T5,position,A1,U1,P1,L5,I8,T5,S02,excluded_source_missing,only U4 solved-position sample stream exists on disk,
X_A1_U1_P2_L5_I0_T1,position,A1,U1,P2,L5,I0,T1,S02,excluded_source_missing,only U4 solved-position sample stream exists on disk,
X_A1_U1_P2_L5_I0_T2,position,A1,U1,P2,L5,I0,T2,S02,excluded_source_missing,only U4 solved-position sample stream exists on disk,
X_A1_U1_P2_L5_I0_T3,position,A1,U1,P2,L5,I0,T3,S02,excluded_source_missing,only U4 solved-position sample stream exists on disk,
X_A1_U1_P2_L5_I0_T4,position,A1,U1,P2,L5,I0,T4,S02,excluded_source_missing,only U4 solved-position sample stream exists on disk,
X_A1_U1_P2_L5_I0_T5,position,A1,U1,P2,L5,I0,T5,S02,excluded_source_missing,only U4 solved-position sample stream exists on disk,
X_A1_U1_P2_L5_I1_T1,position,A1,U1,P2,L5,I1,T1,S02,excluded_source_missing,only U4 solved-position sample stream exists on disk,
X_A1_U1_P2_L5_I1_T2,position,A1,U1,P2,L5,I1,T2,S02,excluded_source_missing,only U4 solved-position sample stream exists on disk,
X_A1_U1_P2_L5_I1_T3,position,A1,U1,P2,L5,I1,T3,S02,excluded_source_missing,only U4 solved-position sample stream exists on disk,
X_A1_U1_P2_L5_I1_T4,position,A1,U1,P2,L5,I1,T4,S02,excluded_source_missing,only U4 solved-position sample stream exists on disk,
X_A1_U1_P2_L5_I1_T5,position,A1,U1,P2,L5,I1,T5,S02,excluded_source_missing,only U4 solved-position sample stream exists on disk,
X_A1_U1_P2_L5_I2_T1,position,A1,U1,P2,L5,I2,T1,S02,excluded_source_missing,only U4 solved-position sample stream exists on disk,
X_A1_U1_P2_L5_I2_T2,position,A1,U1,P2,L5,I2,T2,S02,excluded_source_missing,only U4 solved-position sample stream exists on disk,
X_A1_U1_P2_L5_I2_T3,position,A1,U1,P2,L5,I2,T3,S02,excluded_source_missing,only U4 solved-position sample stream exists on disk,
X_A1_U1_P2_L5_I2_T4,position,A1,U1,P2,L5,I2,T4,S02,excluded_source_missing,only U4 solved-position sample stream exists on disk,
X_A1_U1_P2_L5_I2_T5,position,A1,U1,P2,L5,I2,T5,S02,excluded_source_missing,only U4 solved-position sample stream exists on disk,
X_A1_U1_P2_L5_I3_T1,position,A1,U1,P2,L5,I3,T1,S02,excluded_source_missing,only U4 solved-position sample stream exists on disk,
X_A1_U1_P2_L5_I3_T2,position,A1,U1,P2,L5,I3,T2,S02,excluded_source_missing,only U4 solved-position sample stream exists on disk,
X_A1_U1_P2_L5_I3_T3,position,A1,U1,P2,L5,I3,T3,S02,excluded_source_missing,only U4 solved-position sample stream exists on disk,
X_A1_U1_P2_L5_I3_T4,position,A1,U1,P2,L5,I3,T4,S02,excluded_source_missing,only U4 solved-position sample stream exists on disk,
X_A1_U1_P2_L5_I3_T5,position,A1,U1,P2,L5,I3,T5,S02,excluded_source_missing,only U4 solved-position sample stream exists on disk,
X_A1_U1_P2_L5_I4_T1,position,A1,U1,P2,L5,I4,T1,S02,excluded_source_missing,only U4 solved-position sample stream exists on disk,
X_A1_U1_P2_L5_I4_T2,position,A1,U1,P2,L5,I4,T2,S02,excluded_source_missing,only U4 solved-position sample stream exists on disk,
X_A1_U1_P2_L5_I4_T3,position,A1,U1,P2,L5,I4,T3,S02,excluded_source_missing,only U4 solved-position sample stream exists on disk,
X_A1_U1_P2_L5_I4_T4,position,A1,U1,P2,L5,I4,T4,S02,excluded_source_missing,only U4 solved-position sample stream exists on disk,
X_A1_U1_P2_L5_I4_T5,position,A1,U1,P2,L5,I4,T5,S02,excluded_source_missing,only U4 solved-position sample stream exists on disk,
X_A1_U1_P2_L5_I5_T1,position,A1,U1,P2,L5,I5,T1,S02,excluded_source_missing,only U4 solved-position sample stream exists on disk,
X_A1_U1_P2_L5_I5_T2,position,A1,U1,P2,L5,I5,T2,S02,excluded_source_missing,only U4 solved-position sample stream exists on disk,
X_A1_U1_P2_L5_I5_T3,position,A1,U1,P2,L5,I5,T3,S02,excluded_source_missing,only U4 solved-position sample stream exists on disk,
X_A1_U1_P2_L5_I5_T4,position,A1,U1,P2,L5,I5,T4,S02,excluded_source_missing,only U4 solved-position sample stream exists on disk,
X_A1_U1_P2_L5_I5_T5,position,A1,U1,P2,L5,I5,T5,S02,excluded_source_missing,only U4 solved-position sample stream exists on disk,
X_A1_U1_P2_L5_I6_T1,position,A1,U1,P2,L5,I6,T1,S02,excluded_source_missing,only U4 solved-position sample stream exists on disk,
X_A1_U1_P2_L5_I6_T2,position,A1,U1,P2,L5,I6,T2,S02,excluded_source_missing,only U4 solved-position sample stream exists on disk,
X_A1_U1_P2_L5_I6_T3,position,A1,U1,P2,L5,I6,T3,S02,excluded_source_missing,only U4 solved-position sample stream exists on disk,
X_A1_U1_P2_L5_I6_T4,position,A1,U1,P2,L5,I6,T4,S02,excluded_source_missing,only U4 solved-position sample stream exists on disk,
X_A1_U1_P2_L5_I6_T5,position,A1,U1,P2,L5,I6,T5,S02,excluded_source_missing,only U4 solved-position sample stream exists on disk,
X_A1_U1_P2_L5_I7_T1,position,A1,U1,P2,L5,I7,T1,S02,excluded_source_missing,only U4 solved-position sample stream exists on disk,
X_A1_U1_P2_L5_I7_T2,position,A1,U1,P2,L5,I7,T2,S02,excluded_source_missing,only U4 solved-position sample stream exists on disk,
X_A1_U1_P2_L5_I7_T3,position,A1,U1,P2,L5,I7,T3,S02,excluded_source_missing,only U4 solved-position sample stream exists on disk,
X_A1_U1_P2_L5_I7_T4,position,A1,U1,P2,L5,I7,T4,S02,excluded_source_missing,only U4 solved-position sample stream exists on disk,
X_A1_U1_P2_L5_I7_T5,position,A1,U1,P2,L5,I7,T5,S02,excluded_source_missing,only U4 solved-position sample stream exists on disk,
X_A1_U1_P2_L5_I8_T1,position,A1,U1,P2,L5,I8,T1,S02,excluded_source_missing,only U4 solved-position sample stream exists on disk,
X_A1_U1_P2_L5_I8_T2,position,A1,U1,P2,L5,I8,T2,S02,excluded_source_missing,only U4 solved-position sample stream exists on disk,
X_A1_U1_P2_L5_I8_T3,position,A1,U1,P2,L5,I8,T3,S02,excluded_source_missing,only U4 solved-position sample stream exists on disk,
X_A1_U1_P2_L5_I8_T4,position,A1,U1,P2,L5,I8,T4,S02,excluded_source_missing,only U4 solved-position sample stream exists on disk,
X_A1_U1_P2_L5_I8_T5,position,A1,U1,P2,L5,I8,T5,S02,excluded_source_missing,only U4 solved-position sample stream exists on disk,
X_A1_U1_P3_L5_I0_T1,position,A1,U1,P3,L5,I0,T1,S02,excluded_source_missing,only U4 solved-position sample stream exists on disk,
X_A1_U1_P3_L5_I0_T2,position,A1,U1,P3,L5,I0,T2,S02,excluded_source_missing,only U4 solved-position sample stream exists on disk,
X_A1_U1_P3_L5_I0_T3,position,A1,U1,P3,L5,I0,T3,S02,excluded_source_missing,only U4 solved-position sample stream exists on disk,
X_A1_U1_P3_L5_I0_T4,position,A1,U1,P3,L5,I0,T4,S02,excluded_source_missing,only U4 solved-position sample stream exists on disk,
X_A1_U1_P3_L5_I0_T5,position,A1,U1,P3,L5,I0,T5,S02,excluded_source_missing,only U4 solved-position sample stream exists on disk,
X_A1_U1_P3_L5_I1_T1,position,A1,U1,P3,L5,I1,T1,S02,excluded_source_missing,only U4 solved-position sample stream exists on disk,
X_A1_U1_P3_L5_I1_T2,position,A1,U1,P3,L5,I1,T2,S02,excluded_source_missing,only U4 solved-position sample stream exists on disk,
X_A1_U1_P3_L5_I1_T3,position,A1,U1,P3,L5,I1,T3,S02,excluded_source_missing,only U4 solved-position sample stream exists on disk,
X_A1_U1_P3_L5_I1_T4,position,A1,U1,P3,L5,I1,T4,S02,excluded_source_missing,only U4 solved-position sample stream exists on disk,
X_A1_U1_P3_L5_I1_T5,position,A1,U1,P3,L5,I1,T5,S02,excluded_source_missing,only U4 solved-position sample stream exists on disk,
X_A1_U1_P3_L5_I2_T1,position,A1,U1,P3,L5,I2,T1,S02,excluded_source_missing,only U4 solved-position sample stream exists on disk,
X_A1_U1_P3_L5_I2_T2,position,A1,U1,P3,L5,I2,T2,S02,excluded_source_missing,only U4 solved-position sample stream exists on disk,
X_A1_U1_P3_L5_I2_T3,position,A1,U1,P3,L5,I2,T3,S02,excluded_source_missing,only U4 solved-position sample stream exists on disk,
X_A1_U1_P3_L5_I2_T4,position,A1,U1,P3,L5,I2,T4,S02,excluded_source_missing,only U4 solved-position sample stream exists on disk,
X_A1_U1_P3_L5_I2_T5,position,A1,U1,P3,L5,I2,T5,S02,excluded_source_missing,only U4 solved-position sample stream exists on disk,
X_A1_U1_P3_L5_I3_T1,position,A1,U1,P3,L5,I3,T1,S02,excluded_source_missing,only U4 solved-position sample stream exists on disk,
X_A1_U1_P3_L5_I3_T2,position,A1,U1,P3,L5,I3,T2,S02,excluded_source_missing,only U4 solved-position sample stream exists on disk,
X_A1_U1_P3_L5_I3_T3,position,A1,U1,P3,L5,I3,T3,S02,excluded_source_missing,only U4 solved-position sample stream exists on disk,
X_A1_U1_P3_L5_I3_T4,position,A1,U1,P3,L5,I3,T4,S02,excluded_source_missing,only U4 solved-position sample stream exists on disk,
X_A1_U1_P3_L5_I3_T5,position,A1,U1,P3,L5,I3,T5,S02,excluded_source_missing,only U4 solved-position sample stream exists on disk,
X_A1_U1_P3_L5_I4_T1,position,A1,U1,P3,L5,I4,T1,S02,excluded_source_missing,only U4 solved-position sample stream exists on disk,
X_A1_U1_P3_L5_I4_T2,position,A1,U1,P3,L5,I4,T2,S02,excluded_source_missing,only U4 solved-position sample stream exists on disk,
X_A1_U1_P3_L5_I4_T3,position,A1,U1,P3,L5,I4,T3,S02,excluded_source_missing,only U4 solved-position sample stream exists on disk,
X_A1_U1_P3_L5_I4_T4,position,A1,U1,P3,L5,I4,T4,S02,excluded_source_missing,only U4 solved-position sample stream exists on disk,
X_A1_U1_P3_L5_I4_T5,position,A1,U1,P3,L5,I4,T5,S02,excluded_source_missing,only U4 solved-position sample stream exists on disk,
X_A1_U1_P3_L5_I5_T1,position,A1,U1,P3,L5,I5,T1,S02,excluded_source_missing,only U4 solved-position sample stream exists on disk,
X_A1_U1_P3_L5_I5_T2,position,A1,U1,P3,L5,I5,T2,S02,excluded_source_missing,only U4 solved-position sample stream exists on disk,
X_A1_U1_P3_L5_I5_T3,position,A1,U1,P3,L5,I5,T3,S02,excluded_source_missing,only U4 solved-position sample stream exists on disk,
X_A1_U1_P3_L5_I5_T4,position,A1,U1,P3,L5,I5,T4,S02,excluded_source_missing,only U4 solved-position sample stream exists on disk,
X_A1_U1_P3_L5_I5_T5,position,A1,U1,P3,L5,I5,T5,S02,excluded_source_missing,only U4 solved-position sample stream exists on disk,
X_A1_U1_P3_L5_I6_T1,position,A1,U1,P3,L5,I6,T1,S02,excluded_source_missing,only U4 solved-position sample stream exists on disk,
X_A1_U1_P3_L5_I6_T2,position,A1,U1,P3,L5,I6,T2,S02,excluded_source_missing,only U4 solved-position sample stream exists on disk,
X_A1_U1_P3_L5_I6_T3,position,A1,U1,P3,L5,I6,T3,S02,excluded_source_missing,only U4 solved-position sample stream exists on disk,
X_A1_U1_P3_L5_I6_T4,position,A1,U1,P3,L5,I6,T4,S02,excluded_source_missing,only U4 solved-position sample stream exists on disk,
X_A1_U1_P3_L5_I6_T5,position,A1,U1,P3,L5,I6,T5,S02,excluded_source_missing,only U4 solved-position sample stream exists on disk,
X_A1_U1_P3_L5_I7_T1,position,A1,U1,P3,L5,I7,T1,S02,excluded_source_missing,only U4 solved-position sample stream exists on disk,
X_A1_U1_P3_L5_I7_T2,position,A1,U1,P3,L5,I7,T2,S02,excluded_source_missing,only U4 solved-position sample stream exists on disk,
X_A1_U1_P3_L5_I7_T3,position,A1,U1,P3,L5,I7,T3,S02,excluded_source_missing,only U4 solved-position sample stream exists on disk,
X_A1_U1_P3_L5_I7_T4,position,A1,U1,P3,L5,I7,T4,S02,excluded_source_missing,only U4 solved-position sample stream exists on disk,
X_A1_U1_P3_L5_I7_T5,position,A1,U1,P3,L5,I7,T5,S02,excluded_source_missing,only U4 solved-position sample stream exists on disk,
X_A1_U1_P3_L5_I8_T1,position,A1,U1,P3,L5,I8,T1,S02,excluded_source_missing,only U4 solved-position sample stream exists on disk,
X_A1_U1_P3_L5_I8_T2,position,A1,U1,P3,L5,I8,T2,S02,excluded_source_missing,only U4 solved-position sample stream exists on disk,
X_A1_U1_P3_L5_I8_T3,position,A1,U1,P3,L5,I8,T3,S02,excluded_source_missing,only U4 solved-position sample stream exists on disk,
X_A1_U1_P3_L5_I8_T4,position,A1,U1,P3,L5,I8,T4,S02,excluded_source_missing,only U4 solved-position sample stream exists on disk,
X_A1_U1_P3_L5_I8_T5,position,A1,U1,P3,L5,I8,T5,S02,excluded_source_missing,only U4 solved-position sample stream exists on disk,
X_A1_U1_P4_L5_I0_T1,position,A1,U1,P4,L5,I0,T1,S02,excluded_source_missing,only U4 solved-position sample stream exists on disk,
X_A1_U1_P4_L5_I0_T2,position,A1,U1,P4,L5,I0,T2,S02,excluded_source_missing,only U4 solved-position sample stream exists on disk,
X_A1_U1_P4_L5_I0_T3,position,A1,U1,P4,L5,I0,T3,S02,excluded_source_missing,only U4 solved-position sample stream exists on disk,
X_A1_U1_P4_L5_I0_T4,position,A1,U1,P4,L5,I0,T4,S02,excluded_source_missing,only U4 solved-position sample stream exists on disk,
X_A1_U1_P4_L5_I0_T5,position,A1,U1,P4,L5,I0,T5,S02,excluded_source_missing,only U4 solved-position sample stream exists on disk,
X_A1_U1_P4_L5_I1_T1,position,A1,U1,P4,L5,I1,T1,S02,excluded_source_missing,only U4 solved-position sample stream exists on disk,
X_A1_U1_P4_L5_I1_T2,position,A1,U1,P4,L5,I1,T2,S02,excluded_source_missing,only U4 solved-position sample stream exists on disk,
X_A1_U1_P4_L5_I1_T3,position,A1,U1,P4,L5,I1,T3,S02,excluded_source_missing,only U4 solved-position sample stream exists on disk,
X_A1_U1_P4_L5_I1_T4,position,A1,U1,P4,L5,I1,T4,S02,excluded_source_missing,only U4 solved-position sample stream exists on disk,
X_A1_U1_P4_L5_I1_T5,position,A1,U1,P4,L5,I1,T5,S02,excluded_source_missing,only U4 solved-position sample stream exists on disk,
X_A1_U1_P4_L5_I2_T1,position,A1,U1,P4,L5,I2,T1,S02,excluded_source_missing,only U4 solved-position sample stream exists on disk,
X_A1_U1_P4_L5_I2_T2,position,A1,U1,P4,L5,I2,T2,S02,excluded_source_missing,only U4 solved-position sample stream exists on disk,
X_A1_U1_P4_L5_I2_T3,position,A1,U1,P4,L5,I2,T3,S02,excluded_source_missing,only U4 solved-position sample stream exists on disk,
X_A1_U1_P4_L5_I2_T4,position,A1,U1,P4,L5,I2,T4,S02,excluded_source_missing,only U4 solved-position sample stream exists on disk,
X_A1_U1_P4_L5_I2_T5,position,A1,U1,P4,L5,I2,T5,S02,excluded_source_missing,only U4 solved-position sample stream exists on disk,
X_A1_U1_P4_L5_I3_T1,position,A1,U1,P4,L5,I3,T1,S02,excluded_source_missing,only U4 solved-position sample stream exists on disk,
X_A1_U1_P4_L5_I3_T2,position,A1,U1,P4,L5,I3,T2,S02,excluded_source_missing,only U4 solved-position sample stream exists on disk,
X_A1_U1_P4_L5_I3_T3,position,A1,U1,P4,L5,I3,T3,S02,excluded_source_missing,only U4 solved-position sample stream exists on disk,
X_A1_U1_P4_L5_I3_T4,position,A1,U1,P4,L5,I3,T4,S02,excluded_source_missing,only U4 solved-position sample stream exists on disk,
X_A1_U1_P4_L5_I3_T5,position,A1,U1,P4,L5,I3,T5,S02,excluded_source_missing,only U4 solved-position sample stream exists on disk,
X_A1_U1_P4_L5_I4_T1,position,A1,U1,P4,L5,I4,T1,S02,excluded_source_missing,only U4 solved-position sample stream exists on disk,
X_A1_U1_P4_L5_I4_T2,position,A1,U1,P4,L5,I4,T2,S02,excluded_source_missing,only U4 solved-position sample stream exists on disk,
X_A1_U1_P4_L5_I4_T3,position,A1,U1,P4,L5,I4,T3,S02,excluded_source_missing,only U4 solved-position sample stream exists on disk,
X_A1_U1_P4_L5_I4_T4,position,A1,U1,P4,L5,I4,T4,S02,excluded_source_missing,only U4 solved-position sample stream exists on disk,
X_A1_U1_P4_L5_I4_T5,position,A1,U1,P4,L5,I4,T5,S02,excluded_source_missing,only U4 solved-position sample stream exists on disk,
X_A1_U1_P4_L5_I5_T1,position,A1,U1,P4,L5,I5,T1,S02,excluded_source_missing,only U4 solved-position sample stream exists on disk,
X_A1_U1_P4_L5_I5_T2,position,A1,U1,P4,L5,I5,T2,S02,excluded_source_missing,only U4 solved-position sample stream exists on disk,
X_A1_U1_P4_L5_I5_T3,position,A1,U1,P4,L5,I5,T3,S02,excluded_source_missing,only U4 solved-position sample stream exists on disk,
X_A1_U1_P4_L5_I5_T4,position,A1,U1,P4,L5,I5,T4,S02,excluded_source_missing,only U4 solved-position sample stream exists on disk,
X_A1_U1_P4_L5_I5_T5,position,A1,U1,P4,L5,I5,T5,S02,excluded_source_missing,only U4 solved-position sample stream exists on disk,
X_A1_U1_P4_L5_I6_T1,position,A1,U1,P4,L5,I6,T1,S02,excluded_source_missing,only U4 solved-position sample stream exists on disk,
X_A1_U1_P4_L5_I6_T2,position,A1,U1,P4,L5,I6,T2,S02,excluded_source_missing,only U4 solved-position sample stream exists on disk,
X_A1_U1_P4_L5_I6_T3,position,A1,U1,P4,L5,I6,T3,S02,excluded_source_missing,only U4 solved-position sample stream exists on disk,
X_A1_U1_P4_L5_I6_T4,position,A1,U1,P4,L5,I6,T4,S02,excluded_source_missing,only U4 solved-position sample stream exists on disk,
X_A1_U1_P4_L5_I6_T5,position,A1,U1,P4,L5,I6,T5,S02,excluded_source_missing,only U4 solved-position sample stream exists on disk,
X_A1_U1_P4_L5_I7_T1,position,A1,U1,P4,L5,I7,T1,S02,excluded_source_missing,only U4 solved-position sample stream exists on disk,
X_A1_U1_P4_L5_I7_T2,position,A1,U1,P4,L5,I7,T2,S02,excluded_source_missing,only U4 solved-position sample stream exists on disk,
X_A1_U1_P4_L5_I7_T3,position,A1,U1,P4,L5,I7,T3,S02,excluded_source_missing,only U4 solved-position sample stream exists on disk,
X_A1_U1_P4_L5_I7_T4,position,A1,U1,P4,L5,I7,T4,S02,excluded_source_missing,only U4 solved-position sample stream exists on disk,
X_A1_U1_P4_L5_I7_T5,position,A1,U1,P4,L5,I7,T5,S02,excluded_source_missing,only U4 solved-position sample stream exists on disk,
X_A1_U1_P4_L5_I8_T1,position,A1,U1,P4,L5,I8,T1,S02,excluded_source_missing,only U4 solved-position sample stream exists on disk,
X_A1_U1_P4_L5_I8_T2,position,A1,U1,P4,L5,I8,T2,S02,excluded_source_missing,only U4 solved-position sample stream exists on disk,
X_A1_U1_P4_L5_I8_T3,position,A1,U1,P4,L5,I8,T3,S02,excluded_source_missing,only U4 solved-position sample stream exists on disk,
X_A1_U1_P4_L5_I8_T4,position,A1,U1,P4,L5,I8,T4,S02,excluded_source_missing,only U4 solved-position sample stream exists on disk,
X_A1_U1_P4_L5_I8_T5,position,A1,U1,P4,L5,I8,T5,S02,excluded_source_missing,only U4 solved-position sample stream exists on disk,
X_A1_U1_P5_L5_I0_T1,position,A1,U1,P5,L5,I0,T1,S02,excluded_source_missing,only U4 solved-position sample stream exists on disk,
X_A1_U1_P5_L5_I0_T2,position,A1,U1,P5,L5,I0,T2,S02,excluded_source_missing,only U4 solved-position sample stream exists on disk,
X_A1_U1_P5_L5_I0_T3,position,A1,U1,P5,L5,I0,T3,S02,excluded_source_missing,only U4 solved-position sample stream exists on disk,
X_A1_U1_P5_L5_I0_T4,position,A1,U1,P5,L5,I0,T4,S02,excluded_source_missing,only U4 solved-position sample stream exists on disk,
X_A1_U1_P5_L5_I0_T5,position,A1,U1,P5,L5,I0,T5,S02,excluded_source_missing,only U4 solved-position sample stream exists on disk,
X_A1_U1_P5_L5_I1_T1,position,A1,U1,P5,L5,I1,T1,S02,excluded_source_missing,only U4 solved-position sample stream exists on disk,
X_A1_U1_P5_L5_I1_T2,position,A1,U1,P5,L5,I1,T2,S02,excluded_source_missing,only U4 solved-position sample stream exists on disk,
X_A1_U1_P5_L5_I1_T3,position,A1,U1,P5,L5,I1,T3,S02,excluded_source_missing,only U4 solved-position sample stream exists on disk,
X_A1_U1_P5_L5_I1_T4,position,A1,U1,P5,L5,I1,T4,S02,excluded_source_missing,only U4 solved-position sample stream exists on disk,
X_A1_U1_P5_L5_I1_T5,position,A1,U1,P5,L5,I1,T5,S02,excluded_source_missing,only U4 solved-position sample stream exists on disk,
X_A1_U1_P5_L5_I2_T1,position,A1,U1,P5,L5,I2,T1,S02,excluded_source_missing,only U4 solved-position sample stream exists on disk,
X_A1_U1_P5_L5_I2_T2,position,A1,U1,P5,L5,I2,T2,S02,excluded_source_missing,only U4 solved-position sample stream exists on disk,
X_A1_U1_P5_L5_I2_T3,position,A1,U1,P5,L5,I2,T3,S02,excluded_source_missing,only U4 solved-position sample stream exists on disk,
X_A1_U1_P5_L5_I2_T4,position,A1,U1,P5,L5,I2,T4,S02,excluded_source_missing,only U4 solved-position sample stream exists on disk,
X_A1_U1_P5_L5_I2_T5,position,A1,U1,P5,L5,I2,T5,S02,excluded_source_missing,only U4 solved-position sample stream exists on disk,
X_A1_U1_P5_L5_I3_T1,position,A1,U1,P5,L5,I3,T1,S02,excluded_source_missing,only U4 solved-position sample stream exists on disk,
X_A1_U1_P5_L5_I3_T2,position,A1,U1,P5,L5,I3,T2,S02,excluded_source_missing,only U4 solved-position sample stream exists on disk,
X_A1_U1_P5_L5_I3_T3,position,A1,U1,P5,L5,I3,T3,S02,excluded_source_missing,only U4 solved-position sample stream exists on disk,
X_A1_U1_P5_L5_I3_T4,position,A1,U1,P5,L5,I3,T4,S02,excluded_source_missing,only U4 solved-position sample stream exists on disk,
X_A1_U1_P5_L5_I3_T5,position,A1,U1,P5,L5,I3,T5,S02,excluded_source_missing,only U4 solved-position sample stream exists on disk,
X_A1_U1_P5_L5_I4_T1,position,A1,U1,P5,L5,I4,T1,S02,excluded_source_missing,only U4 solved-position sample stream exists on disk,
X_A1_U1_P5_L5_I4_T2,position,A1,U1,P5,L5,I4,T2,S02,excluded_source_missing,only U4 solved-position sample stream exists on disk,
X_A1_U1_P5_L5_I4_T3,position,A1,U1,P5,L5,I4,T3,S02,excluded_source_missing,only U4 solved-position sample stream exists on disk,
X_A1_U1_P5_L5_I4_T4,position,A1,U1,P5,L5,I4,T4,S02,excluded_source_missing,only U4 solved-position sample stream exists on disk,
X_A1_U1_P5_L5_I4_T5,position,A1,U1,P5,L5,I4,T5,S02,excluded_source_missing,only U4 solved-position sample stream exists on disk,
X_A1_U1_P5_L5_I5_T1,position,A1,U1,P5,L5,I5,T1,S02,excluded_source_missing,only U4 solved-position sample stream exists on disk,
X_A1_U1_P5_L5_I5_T2,position,A1,U1,P5,L5,I5,T2,S02,excluded_source_missing,only U4 solved-position sample stream exists on disk,
X_A1_U1_P5_L5_I5_T3,position,A1,U1,P5,L5,I5,T3,S02,excluded_source_missing,only U4 solved-position sample stream exists on disk,
X_A1_U1_P5_L5_I5_T4,position,A1,U1,P5,L5,I5,T4,S02,excluded_source_missing,only U4 solved-position sample stream exists on disk,
X_A1_U1_P5_L5_I5_T5,position,A1,U1,P5,L5,I5,T5,S02,excluded_source_missing,only U4 solved-position sample stream exists on disk,
X_A1_U1_P5_L5_I6_T1,position,A1,U1,P5,L5,I6,T1,S02,excluded_source_missing,only U4 solved-position sample stream exists on disk,
X_A1_U1_P5_L5_I6_T2,position,A1,U1,P5,L5,I6,T2,S02,excluded_source_missing,only U4 solved-position sample stream exists on disk,
X_A1_U1_P5_L5_I6_T3,position,A1,U1,P5,L5,I6,T3,S02,excluded_source_missing,only U4 solved-position sample stream exists on disk,
X_A1_U1_P5_L5_I6_T4,position,A1,U1,P5,L5,I6,T4,S02,excluded_source_missing,only U4 solved-position sample stream exists on disk,
X_A1_U1_P5_L5_I6_T5,position,A1,U1,P5,L5,I6,T5,S02,excluded_source_missing,only U4 solved-position sample stream exists on disk,
X_A1_U1_P5_L5_I7_T1,position,A1,U1,P5,L5,I7,T1,S02,excluded_source_missing,only U4 solved-position sample stream exists on disk,
X_A1_U1_P5_L5_I7_T2,position,A1,U1,P5,L5,I7,T2,S02,excluded_source_missing,only U4 solved-position sample stream exists on disk,
X_A1_U1_P5_L5_I7_T3,position,A1,U1,P5,L5,I7,T3,S02,excluded_source_missing,only U4 solved-position sample stream exists on disk,
X_A1_U1_P5_L5_I7_T4,position,A1,U1,P5,L5,I7,T4,S02,excluded_source_missing,only U4 solved-position sample stream exists on disk,
X_A1_U1_P5_L5_I7_T5,position,A1,U1,P5,L5,I7,T5,S02,excluded_source_missing,only U4 solved-position sample stream exists on disk,
X_A1_U1_P5_L5_I8_T1,position,A1,U1,P5,L5,I8,T1,S02,excluded_source_missing,only U4 solved-position sample stream exists on disk,
X_A1_U1_P5_L5_I8_T2,position,A1,U1,P5,L5,I8,T2,S02,excluded_source_missing,only U4 solved-position sample stream exists on disk,
X_A1_U1_P5_L5_I8_T3,position,A1,U1,P5,L5,I8,T3,S02,excluded_source_missing,only U4 solved-position sample stream exists on disk,
X_A1_U1_P5_L5_I8_T4,position,A1,U1,P5,L5,I8,T4,S02,excluded_source_missing,only U4 solved-position sample stream exists on disk,
X_A1_U1_P5_L5_I8_T5,position,A1,U1,P5,L5,I8,T5,S02,excluded_source_missing,only U4 solved-position sample stream exists on disk,
X_A1_U2_P0_L5_I0_T1,position,A1,U2,P0,L5,I0,T1,S02,excluded_source_missing,only U4 solved-position sample stream exists on disk,
X_A1_U2_P0_L5_I0_T2,position,A1,U2,P0,L5,I0,T2,S02,excluded_source_missing,only U4 solved-position sample stream exists on disk,
X_A1_U2_P0_L5_I0_T3,position,A1,U2,P0,L5,I0,T3,S02,excluded_source_missing,only U4 solved-position sample stream exists on disk,
X_A1_U2_P0_L5_I0_T4,position,A1,U2,P0,L5,I0,T4,S02,excluded_source_missing,only U4 solved-position sample stream exists on disk,
X_A1_U2_P0_L5_I0_T5,position,A1,U2,P0,L5,I0,T5,S02,excluded_source_missing,only U4 solved-position sample stream exists on disk,
X_A1_U2_P0_L5_I1_T1,position,A1,U2,P0,L5,I1,T1,S02,excluded_source_missing,only U4 solved-position sample stream exists on disk,
X_A1_U2_P0_L5_I1_T2,position,A1,U2,P0,L5,I1,T2,S02,excluded_source_missing,only U4 solved-position sample stream exists on disk,
X_A1_U2_P0_L5_I1_T3,position,A1,U2,P0,L5,I1,T3,S02,excluded_source_missing,only U4 solved-position sample stream exists on disk,
X_A1_U2_P0_L5_I1_T4,position,A1,U2,P0,L5,I1,T4,S02,excluded_source_missing,only U4 solved-position sample stream exists on disk,
X_A1_U2_P0_L5_I1_T5,position,A1,U2,P0,L5,I1,T5,S02,excluded_source_missing,only U4 solved-position sample stream exists on disk,
X_A1_U2_P0_L5_I2_T1,position,A1,U2,P0,L5,I2,T1,S02,excluded_source_missing,only U4 solved-position sample stream exists on disk,
X_A1_U2_P0_L5_I2_T2,position,A1,U2,P0,L5,I2,T2,S02,excluded_source_missing,only U4 solved-position sample stream exists on disk,
X_A1_U2_P0_L5_I2_T3,position,A1,U2,P0,L5,I2,T3,S02,excluded_source_missing,only U4 solved-position sample stream exists on disk,
X_A1_U2_P0_L5_I2_T4,position,A1,U2,P0,L5,I2,T4,S02,excluded_source_missing,only U4 solved-position sample stream exists on disk,
X_A1_U2_P0_L5_I2_T5,position,A1,U2,P0,L5,I2,T5,S02,excluded_source_missing,only U4 solved-position sample stream exists on disk,
X_A1_U2_P0_L5_I3_T1,position,A1,U2,P0,L5,I3,T1,S02,excluded_source_missing,only U4 solved-position sample stream exists on disk,
X_A1_U2_P0_L5_I3_T2,position,A1,U2,P0,L5,I3,T2,S02,excluded_source_missing,only U4 solved-position sample stream exists on disk,
X_A1_U2_P0_L5_I3_T3,position,A1,U2,P0,L5,I3,T3,S02,excluded_source_missing,only U4 solved-position sample stream exists on disk,
X_A1_U2_P0_L5_I3_T4,position,A1,U2,P0,L5,I3,T4,S02,excluded_source_missing,only U4 solved-position sample stream exists on disk,
X_A1_U2_P0_L5_I3_T5,position,A1,U2,P0,L5,I3,T5,S02,excluded_source_missing,only U4 solved-position sample stream exists on disk,
X_A1_U2_P0_L5_I4_T1,position,A1,U2,P0,L5,I4,T1,S02,excluded_source_missing,only U4 solved-position sample stream exists on disk,
X_A1_U2_P0_L5_I4_T2,position,A1,U2,P0,L5,I4,T2,S02,excluded_source_missing,only U4 solved-position sample stream exists on disk,
X_A1_U2_P0_L5_I4_T3,position,A1,U2,P0,L5,I4,T3,S02,excluded_source_missing,only U4 solved-position sample stream exists on disk,
X_A1_U2_P0_L5_I4_T4,position,A1,U2,P0,L5,I4,T4,S02,excluded_source_missing,only U4 solved-position sample stream exists on disk,
X_A1_U2_P0_L5_I4_T5,position,A1,U2,P0,L5,I4,T5,S02,excluded_source_missing,only U4 solved-position sample stream exists on disk,
X_A1_U2_P0_L5_I5_T1,position,A1,U2,P0,L5,I5,T1,S02,excluded_source_missing,only U4 solved-position sample stream exists on disk,
X_A1_U2_P0_L5_I5_T2,position,A1,U2,P0,L5,I5,T2,S02,excluded_source_missing,only U4 solved-position sample stream exists on disk,
X_A1_U2_P0_L5_I5_T3,position,A1,U2,P0,L5,I5,T3,S02,excluded_source_missing,only U4 solved-position sample stream exists on disk,
X_A1_U2_P0_L5_I5_T4,position,A1,U2,P0,L5,I5,T4,S02,excluded_source_missing,only U4 solved-position sample stream exists on disk,
X_A1_U2_P0_L5_I5_T5,position,A1,U2,P0,L5,I5,T5,S02,excluded_source_missing,only U4 solved-position sample stream exists on disk,
X_A1_U2_P0_L5_I6_T1,position,A1,U2,P0,L5,I6,T1,S02,excluded_source_missing,only U4 solved-position sample stream exists on disk,
X_A1_U2_P0_L5_I6_T2,position,A1,U2,P0,L5,I6,T2,S02,excluded_source_missing,only U4 solved-position sample stream exists on disk,
X_A1_U2_P0_L5_I6_T3,position,A1,U2,P0,L5,I6,T3,S02,excluded_source_missing,only U4 solved-position sample stream exists on disk,
X_A1_U2_P0_L5_I6_T4,position,A1,U2,P0,L5,I6,T4,S02,excluded_source_missing,only U4 solved-position sample stream exists on disk,
X_A1_U2_P0_L5_I6_T5,position,A1,U2,P0,L5,I6,T5,S02,excluded_source_missing,only U4 solved-position sample stream exists on disk,
X_A1_U2_P0_L5_I7_T1,position,A1,U2,P0,L5,I7,T1,S02,excluded_source_missing,only U4 solved-position sample stream exists on disk,
X_A1_U2_P0_L5_I7_T2,position,A1,U2,P0,L5,I7,T2,S02,excluded_source_missing,only U4 solved-position sample stream exists on disk,
X_A1_U2_P0_L5_I7_T3,position,A1,U2,P0,L5,I7,T3,S02,excluded_source_missing,only U4 solved-position sample stream exists on disk,
X_A1_U2_P0_L5_I7_T4,position,A1,U2,P0,L5,I7,T4,S02,excluded_source_missing,only U4 solved-position sample stream exists on disk,
X_A1_U2_P0_L5_I7_T5,position,A1,U2,P0,L5,I7,T5,S02,excluded_source_missing,only U4 solved-position sample stream exists on disk,
X_A1_U2_P0_L5_I8_T1,position,A1,U2,P0,L5,I8,T1,S02,excluded_source_missing,only U4 solved-position sample stream exists on disk,
X_A1_U2_P0_L5_I8_T2,position,A1,U2,P0,L5,I8,T2,S02,excluded_source_missing,only U4 solved-position sample stream exists on disk,
X_A1_U2_P0_L5_I8_T3,position,A1,U2,P0,L5,I8,T3,S02,excluded_source_missing,only U4 solved-position sample stream exists on disk,
X_A1_U2_P0_L5_I8_T4,position,A1,U2,P0,L5,I8,T4,S02,excluded_source_missing,only U4 solved-position sample stream exists on disk,
X_A1_U2_P0_L5_I8_T5,position,A1,U2,P0,L5,I8,T5,S02,excluded_source_missing,only U4 solved-position sample stream exists on disk,
X_A1_U2_P1_L5_I0_T1,position,A1,U2,P1,L5,I0,T1,S02,excluded_source_missing,only U4 solved-position sample stream exists on disk,
X_A1_U2_P1_L5_I0_T2,position,A1,U2,P1,L5,I0,T2,S02,excluded_source_missing,only U4 solved-position sample stream exists on disk,
X_A1_U2_P1_L5_I0_T3,position,A1,U2,P1,L5,I0,T3,S02,excluded_source_missing,only U4 solved-position sample stream exists on disk,
X_A1_U2_P1_L5_I0_T4,position,A1,U2,P1,L5,I0,T4,S02,excluded_source_missing,only U4 solved-position sample stream exists on disk,
X_A1_U2_P1_L5_I0_T5,position,A1,U2,P1,L5,I0,T5,S02,excluded_source_missing,only U4 solved-position sample stream exists on disk,
X_A1_U2_P1_L5_I1_T1,position,A1,U2,P1,L5,I1,T1,S02,excluded_source_missing,only U4 solved-position sample stream exists on disk,
X_A1_U2_P1_L5_I1_T2,position,A1,U2,P1,L5,I1,T2,S02,excluded_source_missing,only U4 solved-position sample stream exists on disk,
X_A1_U2_P1_L5_I1_T3,position,A1,U2,P1,L5,I1,T3,S02,excluded_source_missing,only U4 solved-position sample stream exists on disk,
X_A1_U2_P1_L5_I1_T4,position,A1,U2,P1,L5,I1,T4,S02,excluded_source_missing,only U4 solved-position sample stream exists on disk,
X_A1_U2_P1_L5_I1_T5,position,A1,U2,P1,L5,I1,T5,S02,excluded_source_missing,only U4 solved-position sample stream exists on disk,
X_A1_U2_P1_L5_I2_T1,position,A1,U2,P1,L5,I2,T1,S02,excluded_source_missing,only U4 solved-position sample stream exists on disk,
X_A1_U2_P1_L5_I2_T2,position,A1,U2,P1,L5,I2,T2,S02,excluded_source_missing,only U4 solved-position sample stream exists on disk,
X_A1_U2_P1_L5_I2_T3,position,A1,U2,P1,L5,I2,T3,S02,excluded_source_missing,only U4 solved-position sample stream exists on disk,
X_A1_U2_P1_L5_I2_T4,position,A1,U2,P1,L5,I2,T4,S02,excluded_source_missing,only U4 solved-position sample stream exists on disk,
X_A1_U2_P1_L5_I2_T5,position,A1,U2,P1,L5,I2,T5,S02,excluded_source_missing,only U4 solved-position sample stream exists on disk,
X_A1_U2_P1_L5_I3_T1,position,A1,U2,P1,L5,I3,T1,S02,excluded_source_missing,only U4 solved-position sample stream exists on disk,
X_A1_U2_P1_L5_I3_T2,position,A1,U2,P1,L5,I3,T2,S02,excluded_source_missing,only U4 solved-position sample stream exists on disk,
X_A1_U2_P1_L5_I3_T3,position,A1,U2,P1,L5,I3,T3,S02,excluded_source_missing,only U4 solved-position sample stream exists on disk,
X_A1_U2_P1_L5_I3_T4,position,A1,U2,P1,L5,I3,T4,S02,excluded_source_missing,only U4 solved-position sample stream exists on disk,
X_A1_U2_P1_L5_I3_T5,position,A1,U2,P1,L5,I3,T5,S02,excluded_source_missing,only U4 solved-position sample stream exists on disk,
X_A1_U2_P1_L5_I4_T1,position,A1,U2,P1,L5,I4,T1,S02,excluded_source_missing,only U4 solved-position sample stream exists on disk,
X_A1_U2_P1_L5_I4_T2,position,A1,U2,P1,L5,I4,T2,S02,excluded_source_missing,only U4 solved-position sample stream exists on disk,
X_A1_U2_P1_L5_I4_T3,position,A1,U2,P1,L5,I4,T3,S02,excluded_source_missing,only U4 solved-position sample stream exists on disk,
X_A1_U2_P1_L5_I4_T4,position,A1,U2,P1,L5,I4,T4,S02,excluded_source_missing,only U4 solved-position sample stream exists on disk,
X_A1_U2_P1_L5_I4_T5,position,A1,U2,P1,L5,I4,T5,S02,excluded_source_missing,only U4 solved-position sample stream exists on disk,
X_A1_U2_P1_L5_I5_T1,position,A1,U2,P1,L5,I5,T1,S02,excluded_source_missing,only U4 solved-position sample stream exists on disk,
X_A1_U2_P1_L5_I5_T2,position,A1,U2,P1,L5,I5,T2,S02,excluded_source_missing,only U4 solved-position sample stream exists on disk,
X_A1_U2_P1_L5_I5_T3,position,A1,U2,P1,L5,I5,T3,S02,excluded_source_missing,only U4 solved-position sample stream exists on disk,
X_A1_U2_P1_L5_I5_T4,position,A1,U2,P1,L5,I5,T4,S02,excluded_source_missing,only U4 solved-position sample stream exists on disk,
X_A1_U2_P1_L5_I5_T5,position,A1,U2,P1,L5,I5,T5,S02,excluded_source_missing,only U4 solved-position sample stream exists on disk,
X_A1_U2_P1_L5_I6_T1,position,A1,U2,P1,L5,I6,T1,S02,excluded_source_missing,only U4 solved-position sample stream exists on disk,
X_A1_U2_P1_L5_I6_T2,position,A1,U2,P1,L5,I6,T2,S02,excluded_source_missing,only U4 solved-position sample stream exists on disk,
X_A1_U2_P1_L5_I6_T3,position,A1,U2,P1,L5,I6,T3,S02,excluded_source_missing,only U4 solved-position sample stream exists on disk,
X_A1_U2_P1_L5_I6_T4,position,A1,U2,P1,L5,I6,T4,S02,excluded_source_missing,only U4 solved-position sample stream exists on disk,
X_A1_U2_P1_L5_I6_T5,position,A1,U2,P1,L5,I6,T5,S02,excluded_source_missing,only U4 solved-position sample stream exists on disk,
X_A1_U2_P1_L5_I7_T1,position,A1,U2,P1,L5,I7,T1,S02,excluded_source_missing,only U4 solved-position sample stream exists on disk,
X_A1_U2_P1_L5_I7_T2,position,A1,U2,P1,L5,I7,T2,S02,excluded_source_missing,only U4 solved-position sample stream exists on disk,
X_A1_U2_P1_L5_I7_T3,position,A1,U2,P1,L5,I7,T3,S02,excluded_source_missing,only U4 solved-position sample stream exists on disk,
X_A1_U2_P1_L5_I7_T4,position,A1,U2,P1,L5,I7,T4,S02,excluded_source_missing,only U4 solved-position sample stream exists on disk,
X_A1_U2_P1_L5_I7_T5,position,A1,U2,P1,L5,I7,T5,S02,excluded_source_missing,only U4 solved-position sample stream exists on disk,
X_A1_U2_P1_L5_I8_T1,position,A1,U2,P1,L5,I8,T1,S02,excluded_source_missing,only U4 solved-position sample stream exists on disk,
X_A1_U2_P1_L5_I8_T2,position,A1,U2,P1,L5,I8,T2,S02,excluded_source_missing,only U4 solved-position sample stream exists on disk,
X_A1_U2_P1_L5_I8_T3,position,A1,U2,P1,L5,I8,T3,S02,excluded_source_missing,only U4 solved-position sample stream exists on disk,
X_A1_U2_P1_L5_I8_T4,position,A1,U2,P1,L5,I8,T4,S02,excluded_source_missing,only U4 solved-position sample stream exists on disk,
X_A1_U2_P1_L5_I8_T5,position,A1,U2,P1,L5,I8,T5,S02,excluded_source_missing,only U4 solved-position sample stream exists on disk,
X_A1_U2_P2_L5_I0_T1,position,A1,U2,P2,L5,I0,T1,S02,excluded_source_missing,only U4 solved-position sample stream exists on disk,
X_A1_U2_P2_L5_I0_T2,position,A1,U2,P2,L5,I0,T2,S02,excluded_source_missing,only U4 solved-position sample stream exists on disk,
X_A1_U2_P2_L5_I0_T3,position,A1,U2,P2,L5,I0,T3,S02,excluded_source_missing,only U4 solved-position sample stream exists on disk,
X_A1_U2_P2_L5_I0_T4,position,A1,U2,P2,L5,I0,T4,S02,excluded_source_missing,only U4 solved-position sample stream exists on disk,
X_A1_U2_P2_L5_I0_T5,position,A1,U2,P2,L5,I0,T5,S02,excluded_source_missing,only U4 solved-position sample stream exists on disk,
X_A1_U2_P2_L5_I1_T1,position,A1,U2,P2,L5,I1,T1,S02,excluded_source_missing,only U4 solved-position sample stream exists on disk,
X_A1_U2_P2_L5_I1_T2,position,A1,U2,P2,L5,I1,T2,S02,excluded_source_missing,only U4 solved-position sample stream exists on disk,
X_A1_U2_P2_L5_I1_T3,position,A1,U2,P2,L5,I1,T3,S02,excluded_source_missing,only U4 solved-position sample stream exists on disk,
X_A1_U2_P2_L5_I1_T4,position,A1,U2,P2,L5,I1,T4,S02,excluded_source_missing,only U4 solved-position sample stream exists on disk,
X_A1_U2_P2_L5_I1_T5,position,A1,U2,P2,L5,I1,T5,S02,excluded_source_missing,only U4 solved-position sample stream exists on disk,
X_A1_U2_P2_L5_I2_T1,position,A1,U2,P2,L5,I2,T1,S02,excluded_source_missing,only U4 solved-position sample stream exists on disk,
X_A1_U2_P2_L5_I2_T2,position,A1,U2,P2,L5,I2,T2,S02,excluded_source_missing,only U4 solved-position sample stream exists on disk,
X_A1_U2_P2_L5_I2_T3,position,A1,U2,P2,L5,I2,T3,S02,excluded_source_missing,only U4 solved-position sample stream exists on disk,
X_A1_U2_P2_L5_I2_T4,position,A1,U2,P2,L5,I2,T4,S02,excluded_source_missing,only U4 solved-position sample stream exists on disk,
X_A1_U2_P2_L5_I2_T5,position,A1,U2,P2,L5,I2,T5,S02,excluded_source_missing,only U4 solved-position sample stream exists on disk,
X_A1_U2_P2_L5_I3_T1,position,A1,U2,P2,L5,I3,T1,S02,excluded_source_missing,only U4 solved-position sample stream exists on disk,
X_A1_U2_P2_L5_I3_T2,position,A1,U2,P2,L5,I3,T2,S02,excluded_source_missing,only U4 solved-position sample stream exists on disk,
X_A1_U2_P2_L5_I3_T3,position,A1,U2,P2,L5,I3,T3,S02,excluded_source_missing,only U4 solved-position sample stream exists on disk,
X_A1_U2_P2_L5_I3_T4,position,A1,U2,P2,L5,I3,T4,S02,excluded_source_missing,only U4 solved-position sample stream exists on disk,
X_A1_U2_P2_L5_I3_T5,position,A1,U2,P2,L5,I3,T5,S02,excluded_source_missing,only U4 solved-position sample stream exists on disk,
X_A1_U2_P2_L5_I4_T1,position,A1,U2,P2,L5,I4,T1,S02,excluded_source_missing,only U4 solved-position sample stream exists on disk,
X_A1_U2_P2_L5_I4_T2,position,A1,U2,P2,L5,I4,T2,S02,excluded_source_missing,only U4 solved-position sample stream exists on disk,
X_A1_U2_P2_L5_I4_T3,position,A1,U2,P2,L5,I4,T3,S02,excluded_source_missing,only U4 solved-position sample stream exists on disk,
X_A1_U2_P2_L5_I4_T4,position,A1,U2,P2,L5,I4,T4,S02,excluded_source_missing,only U4 solved-position sample stream exists on disk,
X_A1_U2_P2_L5_I4_T5,position,A1,U2,P2,L5,I4,T5,S02,excluded_source_missing,only U4 solved-position sample stream exists on disk,
X_A1_U2_P2_L5_I5_T1,position,A1,U2,P2,L5,I5,T1,S02,excluded_source_missing,only U4 solved-position sample stream exists on disk,
X_A1_U2_P2_L5_I5_T2,position,A1,U2,P2,L5,I5,T2,S02,excluded_source_missing,only U4 solved-position sample stream exists on disk,
X_A1_U2_P2_L5_I5_T3,position,A1,U2,P2,L5,I5,T3,S02,excluded_source_missing,only U4 solved-position sample stream exists on disk,
X_A1_U2_P2_L5_I5_T4,position,A1,U2,P2,L5,I5,T4,S02,excluded_source_missing,only U4 solved-position sample stream exists on disk,
X_A1_U2_P2_L5_I5_T5,position,A1,U2,P2,L5,I5,T5,S02,excluded_source_missing,only U4 solved-position sample stream exists on disk,
X_A1_U2_P2_L5_I6_T1,position,A1,U2,P2,L5,I6,T1,S02,excluded_source_missing,only U4 solved-position sample stream exists on disk,
X_A1_U2_P2_L5_I6_T2,position,A1,U2,P2,L5,I6,T2,S02,excluded_source_missing,only U4 solved-position sample stream exists on disk,
X_A1_U2_P2_L5_I6_T3,position,A1,U2,P2,L5,I6,T3,S02,excluded_source_missing,only U4 solved-position sample stream exists on disk,
X_A1_U2_P2_L5_I6_T4,position,A1,U2,P2,L5,I6,T4,S02,excluded_source_missing,only U4 solved-position sample stream exists on disk,
X_A1_U2_P2_L5_I6_T5,position,A1,U2,P2,L5,I6,T5,S02,excluded_source_missing,only U4 solved-position sample stream exists on disk,
X_A1_U2_P2_L5_I7_T1,position,A1,U2,P2,L5,I7,T1,S02,excluded_source_missing,only U4 solved-position sample stream exists on disk,
X_A1_U2_P2_L5_I7_T2,position,A1,U2,P2,L5,I7,T2,S02,excluded_source_missing,only U4 solved-position sample stream exists on disk,
X_A1_U2_P2_L5_I7_T3,position,A1,U2,P2,L5,I7,T3,S02,excluded_source_missing,only U4 solved-position sample stream exists on disk,
X_A1_U2_P2_L5_I7_T4,position,A1,U2,P2,L5,I7,T4,S02,excluded_source_missing,only U4 solved-position sample stream exists on disk,
X_A1_U2_P2_L5_I7_T5,position,A1,U2,P2,L5,I7,T5,S02,excluded_source_missing,only U4 solved-position sample stream exists on disk,
X_A1_U2_P2_L5_I8_T1,position,A1,U2,P2,L5,I8,T1,S02,excluded_source_missing,only U4 solved-position sample stream exists on disk,
X_A1_U2_P2_L5_I8_T2,position,A1,U2,P2,L5,I8,T2,S02,excluded_source_missing,only U4 solved-position sample stream exists on disk,
X_A1_U2_P2_L5_I8_T3,position,A1,U2,P2,L5,I8,T3,S02,excluded_source_missing,only U4 solved-position sample stream exists on disk,
X_A1_U2_P2_L5_I8_T4,position,A1,U2,P2,L5,I8,T4,S02,excluded_source_missing,only U4 solved-position sample stream exists on disk,
X_A1_U2_P2_L5_I8_T5,position,A1,U2,P2,L5,I8,T5,S02,excluded_source_missing,only U4 solved-position sample stream exists on disk,
X_A1_U2_P3_L5_I0_T1,position,A1,U2,P3,L5,I0,T1,S02,excluded_source_missing,only U4 solved-position sample stream exists on disk,
X_A1_U2_P3_L5_I0_T2,position,A1,U2,P3,L5,I0,T2,S02,excluded_source_missing,only U4 solved-position sample stream exists on disk,
X_A1_U2_P3_L5_I0_T3,position,A1,U2,P3,L5,I0,T3,S02,excluded_source_missing,only U4 solved-position sample stream exists on disk,
X_A1_U2_P3_L5_I0_T4,position,A1,U2,P3,L5,I0,T4,S02,excluded_source_missing,only U4 solved-position sample stream exists on disk,
X_A1_U2_P3_L5_I0_T5,position,A1,U2,P3,L5,I0,T5,S02,excluded_source_missing,only U4 solved-position sample stream exists on disk,
X_A1_U2_P3_L5_I1_T1,position,A1,U2,P3,L5,I1,T1,S02,excluded_source_missing,only U4 solved-position sample stream exists on disk,
X_A1_U2_P3_L5_I1_T2,position,A1,U2,P3,L5,I1,T2,S02,excluded_source_missing,only U4 solved-position sample stream exists on disk,
X_A1_U2_P3_L5_I1_T3,position,A1,U2,P3,L5,I1,T3,S02,excluded_source_missing,only U4 solved-position sample stream exists on disk,
X_A1_U2_P3_L5_I1_T4,position,A1,U2,P3,L5,I1,T4,S02,excluded_source_missing,only U4 solved-position sample stream exists on disk,
X_A1_U2_P3_L5_I1_T5,position,A1,U2,P3,L5,I1,T5,S02,excluded_source_missing,only U4 solved-position sample stream exists on disk,
X_A1_U2_P3_L5_I2_T1,position,A1,U2,P3,L5,I2,T1,S02,excluded_source_missing,only U4 solved-position sample stream exists on disk,
X_A1_U2_P3_L5_I2_T2,position,A1,U2,P3,L5,I2,T2,S02,excluded_source_missing,only U4 solved-position sample stream exists on disk,
X_A1_U2_P3_L5_I2_T3,position,A1,U2,P3,L5,I2,T3,S02,excluded_source_missing,only U4 solved-position sample stream exists on disk,
X_A1_U2_P3_L5_I2_T4,position,A1,U2,P3,L5,I2,T4,S02,excluded_source_missing,only U4 solved-position sample stream exists on disk,
X_A1_U2_P3_L5_I2_T5,position,A1,U2,P3,L5,I2,T5,S02,excluded_source_missing,only U4 solved-position sample stream exists on disk,
X_A1_U2_P3_L5_I3_T1,position,A1,U2,P3,L5,I3,T1,S02,excluded_source_missing,only U4 solved-position sample stream exists on disk,
X_A1_U2_P3_L5_I3_T2,position,A1,U2,P3,L5,I3,T2,S02,excluded_source_missing,only U4 solved-position sample stream exists on disk,
X_A1_U2_P3_L5_I3_T3,position,A1,U2,P3,L5,I3,T3,S02,excluded_source_missing,only U4 solved-position sample stream exists on disk,
X_A1_U2_P3_L5_I3_T4,position,A1,U2,P3,L5,I3,T4,S02,excluded_source_missing,only U4 solved-position sample stream exists on disk,
X_A1_U2_P3_L5_I3_T5,position,A1,U2,P3,L5,I3,T5,S02,excluded_source_missing,only U4 solved-position sample stream exists on disk,
X_A1_U2_P3_L5_I4_T1,position,A1,U2,P3,L5,I4,T1,S02,excluded_source_missing,only U4 solved-position sample stream exists on disk,
X_A1_U2_P3_L5_I4_T2,position,A1,U2,P3,L5,I4,T2,S02,excluded_source_missing,only U4 solved-position sample stream exists on disk,
X_A1_U2_P3_L5_I4_T3,position,A1,U2,P3,L5,I4,T3,S02,excluded_source_missing,only U4 solved-position sample stream exists on disk,
X_A1_U2_P3_L5_I4_T4,position,A1,U2,P3,L5,I4,T4,S02,excluded_source_missing,only U4 solved-position sample stream exists on disk,
X_A1_U2_P3_L5_I4_T5,position,A1,U2,P3,L5,I4,T5,S02,excluded_source_missing,only U4 solved-position sample stream exists on disk,
X_A1_U2_P3_L5_I5_T1,position,A1,U2,P3,L5,I5,T1,S02,excluded_source_missing,only U4 solved-position sample stream exists on disk,
X_A1_U2_P3_L5_I5_T2,position,A1,U2,P3,L5,I5,T2,S02,excluded_source_missing,only U4 solved-position sample stream exists on disk,
X_A1_U2_P3_L5_I5_T3,position,A1,U2,P3,L5,I5,T3,S02,excluded_source_missing,only U4 solved-position sample stream exists on disk,
X_A1_U2_P3_L5_I5_T4,position,A1,U2,P3,L5,I5,T4,S02,excluded_source_missing,only U4 solved-position sample stream exists on disk,
X_A1_U2_P3_L5_I5_T5,position,A1,U2,P3,L5,I5,T5,S02,excluded_source_missing,only U4 solved-position sample stream exists on disk,
X_A1_U2_P3_L5_I6_T1,position,A1,U2,P3,L5,I6,T1,S02,excluded_source_missing,only U4 solved-position sample stream exists on disk,
X_A1_U2_P3_L5_I6_T2,position,A1,U2,P3,L5,I6,T2,S02,excluded_source_missing,only U4 solved-position sample stream exists on disk,
X_A1_U2_P3_L5_I6_T3,position,A1,U2,P3,L5,I6,T3,S02,excluded_source_missing,only U4 solved-position sample stream exists on disk,
X_A1_U2_P3_L5_I6_T4,position,A1,U2,P3,L5,I6,T4,S02,excluded_source_missing,only U4 solved-position sample stream exists on disk,
X_A1_U2_P3_L5_I6_T5,position,A1,U2,P3,L5,I6,T5,S02,excluded_source_missing,only U4 solved-position sample stream exists on disk,
X_A1_U2_P3_L5_I7_T1,position,A1,U2,P3,L5,I7,T1,S02,excluded_source_missing,only U4 solved-position sample stream exists on disk,
X_A1_U2_P3_L5_I7_T2,position,A1,U2,P3,L5,I7,T2,S02,excluded_source_missing,only U4 solved-position sample stream exists on disk,
X_A1_U2_P3_L5_I7_T3,position,A1,U2,P3,L5,I7,T3,S02,excluded_source_missing,only U4 solved-position sample stream exists on disk,
X_A1_U2_P3_L5_I7_T4,position,A1,U2,P3,L5,I7,T4,S02,excluded_source_missing,only U4 solved-position sample stream exists on disk,
X_A1_U2_P3_L5_I7_T5,position,A1,U2,P3,L5,I7,T5,S02,excluded_source_missing,only U4 solved-position sample stream exists on disk,
X_A1_U2_P3_L5_I8_T1,position,A1,U2,P3,L5,I8,T1,S02,excluded_source_missing,only U4 solved-position sample stream exists on disk,
X_A1_U2_P3_L5_I8_T2,position,A1,U2,P3,L5,I8,T2,S02,excluded_source_missing,only U4 solved-position sample stream exists on disk,
X_A1_U2_P3_L5_I8_T3,position,A1,U2,P3,L5,I8,T3,S02,excluded_source_missing,only U4 solved-position sample stream exists on disk,
X_A1_U2_P3_L5_I8_T4,position,A1,U2,P3,L5,I8,T4,S02,excluded_source_missing,only U4 solved-position sample stream exists on disk,
X_A1_U2_P3_L5_I8_T5,position,A1,U2,P3,L5,I8,T5,S02,excluded_source_missing,only U4 solved-position sample stream exists on disk,
X_A1_U2_P4_L5_I0_T1,position,A1,U2,P4,L5,I0,T1,S02,excluded_source_missing,only U4 solved-position sample stream exists on disk,
X_A1_U2_P4_L5_I0_T2,position,A1,U2,P4,L5,I0,T2,S02,excluded_source_missing,only U4 solved-position sample stream exists on disk,
X_A1_U2_P4_L5_I0_T3,position,A1,U2,P4,L5,I0,T3,S02,excluded_source_missing,only U4 solved-position sample stream exists on disk,
X_A1_U2_P4_L5_I0_T4,position,A1,U2,P4,L5,I0,T4,S02,excluded_source_missing,only U4 solved-position sample stream exists on disk,
X_A1_U2_P4_L5_I0_T5,position,A1,U2,P4,L5,I0,T5,S02,excluded_source_missing,only U4 solved-position sample stream exists on disk,
X_A1_U2_P4_L5_I1_T1,position,A1,U2,P4,L5,I1,T1,S02,excluded_source_missing,only U4 solved-position sample stream exists on disk,
X_A1_U2_P4_L5_I1_T2,position,A1,U2,P4,L5,I1,T2,S02,excluded_source_missing,only U4 solved-position sample stream exists on disk,
X_A1_U2_P4_L5_I1_T3,position,A1,U2,P4,L5,I1,T3,S02,excluded_source_missing,only U4 solved-position sample stream exists on disk,
X_A1_U2_P4_L5_I1_T4,position,A1,U2,P4,L5,I1,T4,S02,excluded_source_missing,only U4 solved-position sample stream exists on disk,
X_A1_U2_P4_L5_I1_T5,position,A1,U2,P4,L5,I1,T5,S02,excluded_source_missing,only U4 solved-position sample stream exists on disk,
X_A1_U2_P4_L5_I2_T1,position,A1,U2,P4,L5,I2,T1,S02,excluded_source_missing,only U4 solved-position sample stream exists on disk,
X_A1_U2_P4_L5_I2_T2,position,A1,U2,P4,L5,I2,T2,S02,excluded_source_missing,only U4 solved-position sample stream exists on disk,
X_A1_U2_P4_L5_I2_T3,position,A1,U2,P4,L5,I2,T3,S02,excluded_source_missing,only U4 solved-position sample stream exists on disk,
X_A1_U2_P4_L5_I2_T4,position,A1,U2,P4,L5,I2,T4,S02,excluded_source_missing,only U4 solved-position sample stream exists on disk,
X_A1_U2_P4_L5_I2_T5,position,A1,U2,P4,L5,I2,T5,S02,excluded_source_missing,only U4 solved-position sample stream exists on disk,
X_A1_U2_P4_L5_I3_T1,position,A1,U2,P4,L5,I3,T1,S02,excluded_source_missing,only U4 solved-position sample stream exists on disk,
X_A1_U2_P4_L5_I3_T2,position,A1,U2,P4,L5,I3,T2,S02,excluded_source_missing,only U4 solved-position sample stream exists on disk,
X_A1_U2_P4_L5_I3_T3,position,A1,U2,P4,L5,I3,T3,S02,excluded_source_missing,only U4 solved-position sample stream exists on disk,
X_A1_U2_P4_L5_I3_T4,position,A1,U2,P4,L5,I3,T4,S02,excluded_source_missing,only U4 solved-position sample stream exists on disk,
X_A1_U2_P4_L5_I3_T5,position,A1,U2,P4,L5,I3,T5,S02,excluded_source_missing,only U4 solved-position sample stream exists on disk,
X_A1_U2_P4_L5_I4_T1,position,A1,U2,P4,L5,I4,T1,S02,excluded_source_missing,only U4 solved-position sample stream exists on disk,
X_A1_U2_P4_L5_I4_T2,position,A1,U2,P4,L5,I4,T2,S02,excluded_source_missing,only U4 solved-position sample stream exists on disk,
X_A1_U2_P4_L5_I4_T3,position,A1,U2,P4,L5,I4,T3,S02,excluded_source_missing,only U4 solved-position sample stream exists on disk,
X_A1_U2_P4_L5_I4_T4,position,A1,U2,P4,L5,I4,T4,S02,excluded_source_missing,only U4 solved-position sample stream exists on disk,
X_A1_U2_P4_L5_I4_T5,position,A1,U2,P4,L5,I4,T5,S02,excluded_source_missing,only U4 solved-position sample stream exists on disk,
X_A1_U2_P4_L5_I5_T1,position,A1,U2,P4,L5,I5,T1,S02,excluded_source_missing,only U4 solved-position sample stream exists on disk,
X_A1_U2_P4_L5_I5_T2,position,A1,U2,P4,L5,I5,T2,S02,excluded_source_missing,only U4 solved-position sample stream exists on disk,
X_A1_U2_P4_L5_I5_T3,position,A1,U2,P4,L5,I5,T3,S02,excluded_source_missing,only U4 solved-position sample stream exists on disk,
X_A1_U2_P4_L5_I5_T4,position,A1,U2,P4,L5,I5,T4,S02,excluded_source_missing,only U4 solved-position sample stream exists on disk,
X_A1_U2_P4_L5_I5_T5,position,A1,U2,P4,L5,I5,T5,S02,excluded_source_missing,only U4 solved-position sample stream exists on disk,
X_A1_U2_P4_L5_I6_T1,position,A1,U2,P4,L5,I6,T1,S02,excluded_source_missing,only U4 solved-position sample stream exists on disk,
X_A1_U2_P4_L5_I6_T2,position,A1,U2,P4,L5,I6,T2,S02,excluded_source_missing,only U4 solved-position sample stream exists on disk,
X_A1_U2_P4_L5_I6_T3,position,A1,U2,P4,L5,I6,T3,S02,excluded_source_missing,only U4 solved-position sample stream exists on disk,
X_A1_U2_P4_L5_I6_T4,position,A1,U2,P4,L5,I6,T4,S02,excluded_source_missing,only U4 solved-position sample stream exists on disk,
X_A1_U2_P4_L5_I6_T5,position,A1,U2,P4,L5,I6,T5,S02,excluded_source_missing,only U4 solved-position sample stream exists on disk,
X_A1_U2_P4_L5_I7_T1,position,A1,U2,P4,L5,I7,T1,S02,excluded_source_missing,only U4 solved-position sample stream exists on disk,
X_A1_U2_P4_L5_I7_T2,position,A1,U2,P4,L5,I7,T2,S02,excluded_source_missing,only U4 solved-position sample stream exists on disk,
X_A1_U2_P4_L5_I7_T3,position,A1,U2,P4,L5,I7,T3,S02,excluded_source_missing,only U4 solved-position sample stream exists on disk,
X_A1_U2_P4_L5_I7_T4,position,A1,U2,P4,L5,I7,T4,S02,excluded_source_missing,only U4 solved-position sample stream exists on disk,
X_A1_U2_P4_L5_I7_T5,position,A1,U2,P4,L5,I7,T5,S02,excluded_source_missing,only U4 solved-position sample stream exists on disk,
X_A1_U2_P4_L5_I8_T1,position,A1,U2,P4,L5,I8,T1,S02,excluded_source_missing,only U4 solved-position sample stream exists on disk,
X_A1_U2_P4_L5_I8_T2,position,A1,U2,P4,L5,I8,T2,S02,excluded_source_missing,only U4 solved-position sample stream exists on disk,
X_A1_U2_P4_L5_I8_T3,position,A1,U2,P4,L5,I8,T3,S02,excluded_source_missing,only U4 solved-position sample stream exists on disk,
X_A1_U2_P4_L5_I8_T4,position,A1,U2,P4,L5,I8,T4,S02,excluded_source_missing,only U4 solved-position sample stream exists on disk,
X_A1_U2_P4_L5_I8_T5,position,A1,U2,P4,L5,I8,T5,S02,excluded_source_missing,only U4 solved-position sample stream exists on disk,
X_A1_U2_P5_L5_I0_T1,position,A1,U2,P5,L5,I0,T1,S02,excluded_source_missing,only U4 solved-position sample stream exists on disk,
X_A1_U2_P5_L5_I0_T2,position,A1,U2,P5,L5,I0,T2,S02,excluded_source_missing,only U4 solved-position sample stream exists on disk,
X_A1_U2_P5_L5_I0_T3,position,A1,U2,P5,L5,I0,T3,S02,excluded_source_missing,only U4 solved-position sample stream exists on disk,
X_A1_U2_P5_L5_I0_T4,position,A1,U2,P5,L5,I0,T4,S02,excluded_source_missing,only U4 solved-position sample stream exists on disk,
X_A1_U2_P5_L5_I0_T5,position,A1,U2,P5,L5,I0,T5,S02,excluded_source_missing,only U4 solved-position sample stream exists on disk,
X_A1_U2_P5_L5_I1_T1,position,A1,U2,P5,L5,I1,T1,S02,excluded_source_missing,only U4 solved-position sample stream exists on disk,
X_A1_U2_P5_L5_I1_T2,position,A1,U2,P5,L5,I1,T2,S02,excluded_source_missing,only U4 solved-position sample stream exists on disk,
X_A1_U2_P5_L5_I1_T3,position,A1,U2,P5,L5,I1,T3,S02,excluded_source_missing,only U4 solved-position sample stream exists on disk,
X_A1_U2_P5_L5_I1_T4,position,A1,U2,P5,L5,I1,T4,S02,excluded_source_missing,only U4 solved-position sample stream exists on disk,
X_A1_U2_P5_L5_I1_T5,position,A1,U2,P5,L5,I1,T5,S02,excluded_source_missing,only U4 solved-position sample stream exists on disk,
X_A1_U2_P5_L5_I2_T1,position,A1,U2,P5,L5,I2,T1,S02,excluded_source_missing,only U4 solved-position sample stream exists on disk,
X_A1_U2_P5_L5_I2_T2,position,A1,U2,P5,L5,I2,T2,S02,excluded_source_missing,only U4 solved-position sample stream exists on disk,
X_A1_U2_P5_L5_I2_T3,position,A1,U2,P5,L5,I2,T3,S02,excluded_source_missing,only U4 solved-position sample stream exists on disk,
X_A1_U2_P5_L5_I2_T4,position,A1,U2,P5,L5,I2,T4,S02,excluded_source_missing,only U4 solved-position sample stream exists on disk,
X_A1_U2_P5_L5_I2_T5,position,A1,U2,P5,L5,I2,T5,S02,excluded_source_missing,only U4 solved-position sample stream exists on disk,
X_A1_U2_P5_L5_I3_T1,position,A1,U2,P5,L5,I3,T1,S02,excluded_source_missing,only U4 solved-position sample stream exists on disk,
X_A1_U2_P5_L5_I3_T2,position,A1,U2,P5,L5,I3,T2,S02,excluded_source_missing,only U4 solved-position sample stream exists on disk,
X_A1_U2_P5_L5_I3_T3,position,A1,U2,P5,L5,I3,T3,S02,excluded_source_missing,only U4 solved-position sample stream exists on disk,
X_A1_U2_P5_L5_I3_T4,position,A1,U2,P5,L5,I3,T4,S02,excluded_source_missing,only U4 solved-position sample stream exists on disk,
X_A1_U2_P5_L5_I3_T5,position,A1,U2,P5,L5,I3,T5,S02,excluded_source_missing,only U4 solved-position sample stream exists on disk,
X_A1_U2_P5_L5_I4_T1,position,A1,U2,P5,L5,I4,T1,S02,excluded_source_missing,only U4 solved-position sample stream exists on disk,
X_A1_U2_P5_L5_I4_T2,position,A1,U2,P5,L5,I4,T2,S02,excluded_source_missing,only U4 solved-position sample stream exists on disk,
X_A1_U2_P5_L5_I4_T3,position,A1,U2,P5,L5,I4,T3,S02,excluded_source_missing,only U4 solved-position sample stream exists on disk,
X_A1_U2_P5_L5_I4_T4,position,A1,U2,P5,L5,I4,T4,S02,excluded_source_missing,only U4 solved-position sample stream exists on disk,
X_A1_U2_P5_L5_I4_T5,position,A1,U2,P5,L5,I4,T5,S02,excluded_source_missing,only U4 solved-position sample stream exists on disk,
X_A1_U2_P5_L5_I5_T1,position,A1,U2,P5,L5,I5,T1,S02,excluded_source_missing,only U4 solved-position sample stream exists on disk,
X_A1_U2_P5_L5_I5_T2,position,A1,U2,P5,L5,I5,T2,S02,excluded_source_missing,only U4 solved-position sample stream exists on disk,
X_A1_U2_P5_L5_I5_T3,position,A1,U2,P5,L5,I5,T3,S02,excluded_source_missing,only U4 solved-position sample stream exists on disk,
X_A1_U2_P5_L5_I5_T4,position,A1,U2,P5,L5,I5,T4,S02,excluded_source_missing,only U4 solved-position sample stream exists on disk,
X_A1_U2_P5_L5_I5_T5,position,A1,U2,P5,L5,I5,T5,S02,excluded_source_missing,only U4 solved-position sample stream exists on disk,
X_A1_U2_P5_L5_I6_T1,position,A1,U2,P5,L5,I6,T1,S02,excluded_source_missing,only U4 solved-position sample stream exists on disk,
X_A1_U2_P5_L5_I6_T2,position,A1,U2,P5,L5,I6,T2,S02,excluded_source_missing,only U4 solved-position sample stream exists on disk,
X_A1_U2_P5_L5_I6_T3,position,A1,U2,P5,L5,I6,T3,S02,excluded_source_missing,only U4 solved-position sample stream exists on disk,
X_A1_U2_P5_L5_I6_T4,position,A1,U2,P5,L5,I6,T4,S02,excluded_source_missing,only U4 solved-position sample stream exists on disk,
X_A1_U2_P5_L5_I6_T5,position,A1,U2,P5,L5,I6,T5,S02,excluded_source_missing,only U4 solved-position sample stream exists on disk,
X_A1_U2_P5_L5_I7_T1,position,A1,U2,P5,L5,I7,T1,S02,excluded_source_missing,only U4 solved-position sample stream exists on disk,
X_A1_U2_P5_L5_I7_T2,position,A1,U2,P5,L5,I7,T2,S02,excluded_source_missing,only U4 solved-position sample stream exists on disk,
X_A1_U2_P5_L5_I7_T3,position,A1,U2,P5,L5,I7,T3,S02,excluded_source_missing,only U4 solved-position sample stream exists on disk,
X_A1_U2_P5_L5_I7_T4,position,A1,U2,P5,L5,I7,T4,S02,excluded_source_missing,only U4 solved-position sample stream exists on disk,
X_A1_U2_P5_L5_I7_T5,position,A1,U2,P5,L5,I7,T5,S02,excluded_source_missing,only U4 solved-position sample stream exists on disk,
X_A1_U2_P5_L5_I8_T1,position,A1,U2,P5,L5,I8,T1,S02,excluded_source_missing,only U4 solved-position sample stream exists on disk,
X_A1_U2_P5_L5_I8_T2,position,A1,U2,P5,L5,I8,T2,S02,excluded_source_missing,only U4 solved-position sample stream exists on disk,
X_A1_U2_P5_L5_I8_T3,position,A1,U2,P5,L5,I8,T3,S02,excluded_source_missing,only U4 solved-position sample stream exists on disk,
X_A1_U2_P5_L5_I8_T4,position,A1,U2,P5,L5,I8,T4,S02,excluded_source_missing,only U4 solved-position sample stream exists on disk,
X_A1_U2_P5_L5_I8_T5,position,A1,U2,P5,L5,I8,T5,S02,excluded_source_missing,only U4 solved-position sample stream exists on disk,
X_A1_U3_P0_L5_I0_T1,position,A1,U3,P0,L5,I0,T1,S02,excluded_source_missing,only U4 solved-position sample stream exists on disk,
X_A1_U3_P0_L5_I0_T2,position,A1,U3,P0,L5,I0,T2,S02,excluded_source_missing,only U4 solved-position sample stream exists on disk,
X_A1_U3_P0_L5_I0_T3,position,A1,U3,P0,L5,I0,T3,S02,excluded_source_missing,only U4 solved-position sample stream exists on disk,
X_A1_U3_P0_L5_I0_T4,position,A1,U3,P0,L5,I0,T4,S02,excluded_source_missing,only U4 solved-position sample stream exists on disk,
X_A1_U3_P0_L5_I0_T5,position,A1,U3,P0,L5,I0,T5,S02,excluded_source_missing,only U4 solved-position sample stream exists on disk,
X_A1_U3_P0_L5_I1_T1,position,A1,U3,P0,L5,I1,T1,S02,excluded_source_missing,only U4 solved-position sample stream exists on disk,
X_A1_U3_P0_L5_I1_T2,position,A1,U3,P0,L5,I1,T2,S02,excluded_source_missing,only U4 solved-position sample stream exists on disk,
X_A1_U3_P0_L5_I1_T3,position,A1,U3,P0,L5,I1,T3,S02,excluded_source_missing,only U4 solved-position sample stream exists on disk,
X_A1_U3_P0_L5_I1_T4,position,A1,U3,P0,L5,I1,T4,S02,excluded_source_missing,only U4 solved-position sample stream exists on disk,
X_A1_U3_P0_L5_I1_T5,position,A1,U3,P0,L5,I1,T5,S02,excluded_source_missing,only U4 solved-position sample stream exists on disk,
X_A1_U3_P0_L5_I2_T1,position,A1,U3,P0,L5,I2,T1,S02,excluded_source_missing,only U4 solved-position sample stream exists on disk,
X_A1_U3_P0_L5_I2_T2,position,A1,U3,P0,L5,I2,T2,S02,excluded_source_missing,only U4 solved-position sample stream exists on disk,
X_A1_U3_P0_L5_I2_T3,position,A1,U3,P0,L5,I2,T3,S02,excluded_source_missing,only U4 solved-position sample stream exists on disk,
X_A1_U3_P0_L5_I2_T4,position,A1,U3,P0,L5,I2,T4,S02,excluded_source_missing,only U4 solved-position sample stream exists on disk,
X_A1_U3_P0_L5_I2_T5,position,A1,U3,P0,L5,I2,T5,S02,excluded_source_missing,only U4 solved-position sample stream exists on disk,
X_A1_U3_P0_L5_I3_T1,position,A1,U3,P0,L5,I3,T1,S02,excluded_source_missing,only U4 solved-position sample stream exists on disk,
X_A1_U3_P0_L5_I3_T2,position,A1,U3,P0,L5,I3,T2,S02,excluded_source_missing,only U4 solved-position sample stream exists on disk,
X_A1_U3_P0_L5_I3_T3,position,A1,U3,P0,L5,I3,T3,S02,excluded_source_missing,only U4 solved-position sample stream exists on disk,
X_A1_U3_P0_L5_I3_T4,position,A1,U3,P0,L5,I3,T4,S02,excluded_source_missing,only U4 solved-position sample stream exists on disk,
X_A1_U3_P0_L5_I3_T5,position,A1,U3,P0,L5,I3,T5,S02,excluded_source_missing,only U4 solved-position sample stream exists on disk,
X_A1_U3_P0_L5_I4_T1,position,A1,U3,P0,L5,I4,T1,S02,excluded_source_missing,only U4 solved-position sample stream exists on disk,
X_A1_U3_P0_L5_I4_T2,position,A1,U3,P0,L5,I4,T2,S02,excluded_source_missing,only U4 solved-position sample stream exists on disk,
X_A1_U3_P0_L5_I4_T3,position,A1,U3,P0,L5,I4,T3,S02,excluded_source_missing,only U4 solved-position sample stream exists on disk,
X_A1_U3_P0_L5_I4_T4,position,A1,U3,P0,L5,I4,T4,S02,excluded_source_missing,only U4 solved-position sample stream exists on disk,
X_A1_U3_P0_L5_I4_T5,position,A1,U3,P0,L5,I4,T5,S02,excluded_source_missing,only U4 solved-position sample stream exists on disk,
X_A1_U3_P0_L5_I5_T1,position,A1,U3,P0,L5,I5,T1,S02,excluded_source_missing,only U4 solved-position sample stream exists on disk,
X_A1_U3_P0_L5_I5_T2,position,A1,U3,P0,L5,I5,T2,S02,excluded_source_missing,only U4 solved-position sample stream exists on disk,
X_A1_U3_P0_L5_I5_T3,position,A1,U3,P0,L5,I5,T3,S02,excluded_source_missing,only U4 solved-position sample stream exists on disk,
X_A1_U3_P0_L5_I5_T4,position,A1,U3,P0,L5,I5,T4,S02,excluded_source_missing,only U4 solved-position sample stream exists on disk,
X_A1_U3_P0_L5_I5_T5,position,A1,U3,P0,L5,I5,T5,S02,excluded_source_missing,only U4 solved-position sample stream exists on disk,
X_A1_U3_P0_L5_I6_T1,position,A1,U3,P0,L5,I6,T1,S02,excluded_source_missing,only U4 solved-position sample stream exists on disk,
X_A1_U3_P0_L5_I6_T2,position,A1,U3,P0,L5,I6,T2,S02,excluded_source_missing,only U4 solved-position sample stream exists on disk,
X_A1_U3_P0_L5_I6_T3,position,A1,U3,P0,L5,I6,T3,S02,excluded_source_missing,only U4 solved-position sample stream exists on disk,
X_A1_U3_P0_L5_I6_T4,position,A1,U3,P0,L5,I6,T4,S02,excluded_source_missing,only U4 solved-position sample stream exists on disk,
X_A1_U3_P0_L5_I6_T5,position,A1,U3,P0,L5,I6,T5,S02,excluded_source_missing,only U4 solved-position sample stream exists on disk,
X_A1_U3_P0_L5_I7_T1,position,A1,U3,P0,L5,I7,T1,S02,excluded_source_missing,only U4 solved-position sample stream exists on disk,
X_A1_U3_P0_L5_I7_T2,position,A1,U3,P0,L5,I7,T2,S02,excluded_source_missing,only U4 solved-position sample stream exists on disk,
X_A1_U3_P0_L5_I7_T3,position,A1,U3,P0,L5,I7,T3,S02,excluded_source_missing,only U4 solved-position sample stream exists on disk,
X_A1_U3_P0_L5_I7_T4,position,A1,U3,P0,L5,I7,T4,S02,excluded_source_missing,only U4 solved-position sample stream exists on disk,
X_A1_U3_P0_L5_I7_T5,position,A1,U3,P0,L5,I7,T5,S02,excluded_source_missing,only U4 solved-position sample stream exists on disk,
X_A1_U3_P0_L5_I8_T1,position,A1,U3,P0,L5,I8,T1,S02,excluded_source_missing,only U4 solved-position sample stream exists on disk,
X_A1_U3_P0_L5_I8_T2,position,A1,U3,P0,L5,I8,T2,S02,excluded_source_missing,only U4 solved-position sample stream exists on disk,
X_A1_U3_P0_L5_I8_T3,position,A1,U3,P0,L5,I8,T3,S02,excluded_source_missing,only U4 solved-position sample stream exists on disk,
X_A1_U3_P0_L5_I8_T4,position,A1,U3,P0,L5,I8,T4,S02,excluded_source_missing,only U4 solved-position sample stream exists on disk,
X_A1_U3_P0_L5_I8_T5,position,A1,U3,P0,L5,I8,T5,S02,excluded_source_missing,only U4 solved-position sample stream exists on disk,
X_A1_U3_P1_L5_I0_T1,position,A1,U3,P1,L5,I0,T1,S02,excluded_source_missing,only U4 solved-position sample stream exists on disk,
X_A1_U3_P1_L5_I0_T2,position,A1,U3,P1,L5,I0,T2,S02,excluded_source_missing,only U4 solved-position sample stream exists on disk,
X_A1_U3_P1_L5_I0_T3,position,A1,U3,P1,L5,I0,T3,S02,excluded_source_missing,only U4 solved-position sample stream exists on disk,
X_A1_U3_P1_L5_I0_T4,position,A1,U3,P1,L5,I0,T4,S02,excluded_source_missing,only U4 solved-position sample stream exists on disk,
X_A1_U3_P1_L5_I0_T5,position,A1,U3,P1,L5,I0,T5,S02,excluded_source_missing,only U4 solved-position sample stream exists on disk,
X_A1_U3_P1_L5_I1_T1,position,A1,U3,P1,L5,I1,T1,S02,excluded_source_missing,only U4 solved-position sample stream exists on disk,
X_A1_U3_P1_L5_I1_T2,position,A1,U3,P1,L5,I1,T2,S02,excluded_source_missing,only U4 solved-position sample stream exists on disk,
X_A1_U3_P1_L5_I1_T3,position,A1,U3,P1,L5,I1,T3,S02,excluded_source_missing,only U4 solved-position sample stream exists on disk,
X_A1_U3_P1_L5_I1_T4,position,A1,U3,P1,L5,I1,T4,S02,excluded_source_missing,only U4 solved-position sample stream exists on disk,
X_A1_U3_P1_L5_I1_T5,position,A1,U3,P1,L5,I1,T5,S02,excluded_source_missing,only U4 solved-position sample stream exists on disk,
X_A1_U3_P1_L5_I2_T1,position,A1,U3,P1,L5,I2,T1,S02,excluded_source_missing,only U4 solved-position sample stream exists on disk,
X_A1_U3_P1_L5_I2_T2,position,A1,U3,P1,L5,I2,T2,S02,excluded_source_missing,only U4 solved-position sample stream exists on disk,
X_A1_U3_P1_L5_I2_T3,position,A1,U3,P1,L5,I2,T3,S02,excluded_source_missing,only U4 solved-position sample stream exists on disk,
X_A1_U3_P1_L5_I2_T4,position,A1,U3,P1,L5,I2,T4,S02,excluded_source_missing,only U4 solved-position sample stream exists on disk,
X_A1_U3_P1_L5_I2_T5,position,A1,U3,P1,L5,I2,T5,S02,excluded_source_missing,only U4 solved-position sample stream exists on disk,
X_A1_U3_P1_L5_I3_T1,position,A1,U3,P1,L5,I3,T1,S02,excluded_source_missing,only U4 solved-position sample stream exists on disk,
X_A1_U3_P1_L5_I3_T2,position,A1,U3,P1,L5,I3,T2,S02,excluded_source_missing,only U4 solved-position sample stream exists on disk,
X_A1_U3_P1_L5_I3_T3,position,A1,U3,P1,L5,I3,T3,S02,excluded_source_missing,only U4 solved-position sample stream exists on disk,
X_A1_U3_P1_L5_I3_T4,position,A1,U3,P1,L5,I3,T4,S02,excluded_source_missing,only U4 solved-position sample stream exists on disk,
X_A1_U3_P1_L5_I3_T5,position,A1,U3,P1,L5,I3,T5,S02,excluded_source_missing,only U4 solved-position sample stream exists on disk,
X_A1_U3_P1_L5_I4_T1,position,A1,U3,P1,L5,I4,T1,S02,excluded_source_missing,only U4 solved-position sample stream exists on disk,
X_A1_U3_P1_L5_I4_T2,position,A1,U3,P1,L5,I4,T2,S02,excluded_source_missing,only U4 solved-position sample stream exists on disk,
X_A1_U3_P1_L5_I4_T3,position,A1,U3,P1,L5,I4,T3,S02,excluded_source_missing,only U4 solved-position sample stream exists on disk,
X_A1_U3_P1_L5_I4_T4,position,A1,U3,P1,L5,I4,T4,S02,excluded_source_missing,only U4 solved-position sample stream exists on disk,
X_A1_U3_P1_L5_I4_T5,position,A1,U3,P1,L5,I4,T5,S02,excluded_source_missing,only U4 solved-position sample stream exists on disk,
X_A1_U3_P1_L5_I5_T1,position,A1,U3,P1,L5,I5,T1,S02,excluded_source_missing,only U4 solved-position sample stream exists on disk,
X_A1_U3_P1_L5_I5_T2,position,A1,U3,P1,L5,I5,T2,S02,excluded_source_missing,only U4 solved-position sample stream exists on disk,
X_A1_U3_P1_L5_I5_T3,position,A1,U3,P1,L5,I5,T3,S02,excluded_source_missing,only U4 solved-position sample stream exists on disk,
X_A1_U3_P1_L5_I5_T4,position,A1,U3,P1,L5,I5,T4,S02,excluded_source_missing,only U4 solved-position sample stream exists on disk,
X_A1_U3_P1_L5_I5_T5,position,A1,U3,P1,L5,I5,T5,S02,excluded_source_missing,only U4 solved-position sample stream exists on disk,
X_A1_U3_P1_L5_I6_T1,position,A1,U3,P1,L5,I6,T1,S02,excluded_source_missing,only U4 solved-position sample stream exists on disk,
X_A1_U3_P1_L5_I6_T2,position,A1,U3,P1,L5,I6,T2,S02,excluded_source_missing,only U4 solved-position sample stream exists on disk,
X_A1_U3_P1_L5_I6_T3,position,A1,U3,P1,L5,I6,T3,S02,excluded_source_missing,only U4 solved-position sample stream exists on disk,
X_A1_U3_P1_L5_I6_T4,position,A1,U3,P1,L5,I6,T4,S02,excluded_source_missing,only U4 solved-position sample stream exists on disk,
X_A1_U3_P1_L5_I6_T5,position,A1,U3,P1,L5,I6,T5,S02,excluded_source_missing,only U4 solved-position sample stream exists on disk,
X_A1_U3_P1_L5_I7_T1,position,A1,U3,P1,L5,I7,T1,S02,excluded_source_missing,only U4 solved-position sample stream exists on disk,
X_A1_U3_P1_L5_I7_T2,position,A1,U3,P1,L5,I7,T2,S02,excluded_source_missing,only U4 solved-position sample stream exists on disk,
X_A1_U3_P1_L5_I7_T3,position,A1,U3,P1,L5,I7,T3,S02,excluded_source_missing,only U4 solved-position sample stream exists on disk,
X_A1_U3_P1_L5_I7_T4,position,A1,U3,P1,L5,I7,T4,S02,excluded_source_missing,only U4 solved-position sample stream exists on disk,
X_A1_U3_P1_L5_I7_T5,position,A1,U3,P1,L5,I7,T5,S02,excluded_source_missing,only U4 solved-position sample stream exists on disk,
X_A1_U3_P1_L5_I8_T1,position,A1,U3,P1,L5,I8,T1,S02,excluded_source_missing,only U4 solved-position sample stream exists on disk,
X_A1_U3_P1_L5_I8_T2,position,A1,U3,P1,L5,I8,T2,S02,excluded_source_missing,only U4 solved-position sample stream exists on disk,
X_A1_U3_P1_L5_I8_T3,position,A1,U3,P1,L5,I8,T3,S02,excluded_source_missing,only U4 solved-position sample stream exists on disk,
X_A1_U3_P1_L5_I8_T4,position,A1,U3,P1,L5,I8,T4,S02,excluded_source_missing,only U4 solved-position sample stream exists on disk,
X_A1_U3_P1_L5_I8_T5,position,A1,U3,P1,L5,I8,T5,S02,excluded_source_missing,only U4 solved-position sample stream exists on disk,
X_A1_U3_P2_L5_I0_T1,position,A1,U3,P2,L5,I0,T1,S02,excluded_source_missing,only U4 solved-position sample stream exists on disk,
X_A1_U3_P2_L5_I0_T2,position,A1,U3,P2,L5,I0,T2,S02,excluded_source_missing,only U4 solved-position sample stream exists on disk,
X_A1_U3_P2_L5_I0_T3,position,A1,U3,P2,L5,I0,T3,S02,excluded_source_missing,only U4 solved-position sample stream exists on disk,
X_A1_U3_P2_L5_I0_T4,position,A1,U3,P2,L5,I0,T4,S02,excluded_source_missing,only U4 solved-position sample stream exists on disk,
X_A1_U3_P2_L5_I0_T5,position,A1,U3,P2,L5,I0,T5,S02,excluded_source_missing,only U4 solved-position sample stream exists on disk,
X_A1_U3_P2_L5_I1_T1,position,A1,U3,P2,L5,I1,T1,S02,excluded_source_missing,only U4 solved-position sample stream exists on disk,
X_A1_U3_P2_L5_I1_T2,position,A1,U3,P2,L5,I1,T2,S02,excluded_source_missing,only U4 solved-position sample stream exists on disk,
X_A1_U3_P2_L5_I1_T3,position,A1,U3,P2,L5,I1,T3,S02,excluded_source_missing,only U4 solved-position sample stream exists on disk,
X_A1_U3_P2_L5_I1_T4,position,A1,U3,P2,L5,I1,T4,S02,excluded_source_missing,only U4 solved-position sample stream exists on disk,
X_A1_U3_P2_L5_I1_T5,position,A1,U3,P2,L5,I1,T5,S02,excluded_source_missing,only U4 solved-position sample stream exists on disk,
X_A1_U3_P2_L5_I2_T1,position,A1,U3,P2,L5,I2,T1,S02,excluded_source_missing,only U4 solved-position sample stream exists on disk,
X_A1_U3_P2_L5_I2_T2,position,A1,U3,P2,L5,I2,T2,S02,excluded_source_missing,only U4 solved-position sample stream exists on disk,
X_A1_U3_P2_L5_I2_T3,position,A1,U3,P2,L5,I2,T3,S02,excluded_source_missing,only U4 solved-position sample stream exists on disk,
X_A1_U3_P2_L5_I2_T4,position,A1,U3,P2,L5,I2,T4,S02,excluded_source_missing,only U4 solved-position sample stream exists on disk,
X_A1_U3_P2_L5_I2_T5,position,A1,U3,P2,L5,I2,T5,S02,excluded_source_missing,only U4 solved-position sample stream exists on disk,
X_A1_U3_P2_L5_I3_T1,position,A1,U3,P2,L5,I3,T1,S02,excluded_source_missing,only U4 solved-position sample stream exists on disk,
X_A1_U3_P2_L5_I3_T2,position,A1,U3,P2,L5,I3,T2,S02,excluded_source_missing,only U4 solved-position sample stream exists on disk,
X_A1_U3_P2_L5_I3_T3,position,A1,U3,P2,L5,I3,T3,S02,excluded_source_missing,only U4 solved-position sample stream exists on disk,
X_A1_U3_P2_L5_I3_T4,position,A1,U3,P2,L5,I3,T4,S02,excluded_source_missing,only U4 solved-position sample stream exists on disk,
X_A1_U3_P2_L5_I3_T5,position,A1,U3,P2,L5,I3,T5,S02,excluded_source_missing,only U4 solved-position sample stream exists on disk,
X_A1_U3_P2_L5_I4_T1,position,A1,U3,P2,L5,I4,T1,S02,excluded_source_missing,only U4 solved-position sample stream exists on disk,
X_A1_U3_P2_L5_I4_T2,position,A1,U3,P2,L5,I4,T2,S02,excluded_source_missing,only U4 solved-position sample stream exists on disk,
X_A1_U3_P2_L5_I4_T3,position,A1,U3,P2,L5,I4,T3,S02,excluded_source_missing,only U4 solved-position sample stream exists on disk,
X_A1_U3_P2_L5_I4_T4,position,A1,U3,P2,L5,I4,T4,S02,excluded_source_missing,only U4 solved-position sample stream exists on disk,
X_A1_U3_P2_L5_I4_T5,position,A1,U3,P2,L5,I4,T5,S02,excluded_source_missing,only U4 solved-position sample stream exists on disk,
X_A1_U3_P2_L5_I5_T1,position,A1,U3,P2,L5,I5,T1,S02,excluded_source_missing,only U4 solved-position sample stream exists on disk,
X_A1_U3_P2_L5_I5_T2,position,A1,U3,P2,L5,I5,T2,S02,excluded_source_missing,only U4 solved-position sample stream exists on disk,
X_A1_U3_P2_L5_I5_T3,position,A1,U3,P2,L5,I5,T3,S02,excluded_source_missing,only U4 solved-position sample stream exists on disk,
X_A1_U3_P2_L5_I5_T4,position,A1,U3,P2,L5,I5,T4,S02,excluded_source_missing,only U4 solved-position sample stream exists on disk,
X_A1_U3_P2_L5_I5_T5,position,A1,U3,P2,L5,I5,T5,S02,excluded_source_missing,only U4 solved-position sample stream exists on disk,
X_A1_U3_P2_L5_I6_T1,position,A1,U3,P2,L5,I6,T1,S02,excluded_source_missing,only U4 solved-position sample stream exists on disk,
X_A1_U3_P2_L5_I6_T2,position,A1,U3,P2,L5,I6,T2,S02,excluded_source_missing,only U4 solved-position sample stream exists on disk,
X_A1_U3_P2_L5_I6_T3,position,A1,U3,P2,L5,I6,T3,S02,excluded_source_missing,only U4 solved-position sample stream exists on disk,
X_A1_U3_P2_L5_I6_T4,position,A1,U3,P2,L5,I6,T4,S02,excluded_source_missing,only U4 solved-position sample stream exists on disk,
X_A1_U3_P2_L5_I6_T5,position,A1,U3,P2,L5,I6,T5,S02,excluded_source_missing,only U4 solved-position sample stream exists on disk,
X_A1_U3_P2_L5_I7_T1,position,A1,U3,P2,L5,I7,T1,S02,excluded_source_missing,only U4 solved-position sample stream exists on disk,
X_A1_U3_P2_L5_I7_T2,position,A1,U3,P2,L5,I7,T2,S02,excluded_source_missing,only U4 solved-position sample stream exists on disk,
X_A1_U3_P2_L5_I7_T3,position,A1,U3,P2,L5,I7,T3,S02,excluded_source_missing,only U4 solved-position sample stream exists on disk,
X_A1_U3_P2_L5_I7_T4,position,A1,U3,P2,L5,I7,T4,S02,excluded_source_missing,only U4 solved-position sample stream exists on disk,
X_A1_U3_P2_L5_I7_T5,position,A1,U3,P2,L5,I7,T5,S02,excluded_source_missing,only U4 solved-position sample stream exists on disk,
X_A1_U3_P2_L5_I8_T1,position,A1,U3,P2,L5,I8,T1,S02,excluded_source_missing,only U4 solved-position sample stream exists on disk,
X_A1_U3_P2_L5_I8_T2,position,A1,U3,P2,L5,I8,T2,S02,excluded_source_missing,only U4 solved-position sample stream exists on disk,
X_A1_U3_P2_L5_I8_T3,position,A1,U3,P2,L5,I8,T3,S02,excluded_source_missing,only U4 solved-position sample stream exists on disk,
X_A1_U3_P2_L5_I8_T4,position,A1,U3,P2,L5,I8,T4,S02,excluded_source_missing,only U4 solved-position sample stream exists on disk,
X_A1_U3_P2_L5_I8_T5,position,A1,U3,P2,L5,I8,T5,S02,excluded_source_missing,only U4 solved-position sample stream exists on disk,
X_A1_U3_P3_L5_I0_T1,position,A1,U3,P3,L5,I0,T1,S02,excluded_source_missing,only U4 solved-position sample stream exists on disk,
X_A1_U3_P3_L5_I0_T2,position,A1,U3,P3,L5,I0,T2,S02,excluded_source_missing,only U4 solved-position sample stream exists on disk,
X_A1_U3_P3_L5_I0_T3,position,A1,U3,P3,L5,I0,T3,S02,excluded_source_missing,only U4 solved-position sample stream exists on disk,
X_A1_U3_P3_L5_I0_T4,position,A1,U3,P3,L5,I0,T4,S02,excluded_source_missing,only U4 solved-position sample stream exists on disk,
X_A1_U3_P3_L5_I0_T5,position,A1,U3,P3,L5,I0,T5,S02,excluded_source_missing,only U4 solved-position sample stream exists on disk,
X_A1_U3_P3_L5_I1_T1,position,A1,U3,P3,L5,I1,T1,S02,excluded_source_missing,only U4 solved-position sample stream exists on disk,
X_A1_U3_P3_L5_I1_T2,position,A1,U3,P3,L5,I1,T2,S02,excluded_source_missing,only U4 solved-position sample stream exists on disk,
X_A1_U3_P3_L5_I1_T3,position,A1,U3,P3,L5,I1,T3,S02,excluded_source_missing,only U4 solved-position sample stream exists on disk,
X_A1_U3_P3_L5_I1_T4,position,A1,U3,P3,L5,I1,T4,S02,excluded_source_missing,only U4 solved-position sample stream exists on disk,
X_A1_U3_P3_L5_I1_T5,position,A1,U3,P3,L5,I1,T5,S02,excluded_source_missing,only U4 solved-position sample stream exists on disk,
X_A1_U3_P3_L5_I2_T1,position,A1,U3,P3,L5,I2,T1,S02,excluded_source_missing,only U4 solved-position sample stream exists on disk,
X_A1_U3_P3_L5_I2_T2,position,A1,U3,P3,L5,I2,T2,S02,excluded_source_missing,only U4 solved-position sample stream exists on disk,
X_A1_U3_P3_L5_I2_T3,position,A1,U3,P3,L5,I2,T3,S02,excluded_source_missing,only U4 solved-position sample stream exists on disk,
X_A1_U3_P3_L5_I2_T4,position,A1,U3,P3,L5,I2,T4,S02,excluded_source_missing,only U4 solved-position sample stream exists on disk,
X_A1_U3_P3_L5_I2_T5,position,A1,U3,P3,L5,I2,T5,S02,excluded_source_missing,only U4 solved-position sample stream exists on disk,
X_A1_U3_P3_L5_I3_T1,position,A1,U3,P3,L5,I3,T1,S02,excluded_source_missing,only U4 solved-position sample stream exists on disk,
X_A1_U3_P3_L5_I3_T2,position,A1,U3,P3,L5,I3,T2,S02,excluded_source_missing,only U4 solved-position sample stream exists on disk,
X_A1_U3_P3_L5_I3_T3,position,A1,U3,P3,L5,I3,T3,S02,excluded_source_missing,only U4 solved-position sample stream exists on disk,
X_A1_U3_P3_L5_I3_T4,position,A1,U3,P3,L5,I3,T4,S02,excluded_source_missing,only U4 solved-position sample stream exists on disk,
X_A1_U3_P3_L5_I3_T5,position,A1,U3,P3,L5,I3,T5,S02,excluded_source_missing,only U4 solved-position sample stream exists on disk,
X_A1_U3_P3_L5_I4_T1,position,A1,U3,P3,L5,I4,T1,S02,excluded_source_missing,only U4 solved-position sample stream exists on disk,
X_A1_U3_P3_L5_I4_T2,position,A1,U3,P3,L5,I4,T2,S02,excluded_source_missing,only U4 solved-position sample stream exists on disk,
X_A1_U3_P3_L5_I4_T3,position,A1,U3,P3,L5,I4,T3,S02,excluded_source_missing,only U4 solved-position sample stream exists on disk,
X_A1_U3_P3_L5_I4_T4,position,A1,U3,P3,L5,I4,T4,S02,excluded_source_missing,only U4 solved-position sample stream exists on disk,
X_A1_U3_P3_L5_I4_T5,position,A1,U3,P3,L5,I4,T5,S02,excluded_source_missing,only U4 solved-position sample stream exists on disk,
X_A1_U3_P3_L5_I5_T1,position,A1,U3,P3,L5,I5,T1,S02,excluded_source_missing,only U4 solved-position sample stream exists on disk,
X_A1_U3_P3_L5_I5_T2,position,A1,U3,P3,L5,I5,T2,S02,excluded_source_missing,only U4 solved-position sample stream exists on disk,
X_A1_U3_P3_L5_I5_T3,position,A1,U3,P3,L5,I5,T3,S02,excluded_source_missing,only U4 solved-position sample stream exists on disk,
X_A1_U3_P3_L5_I5_T4,position,A1,U3,P3,L5,I5,T4,S02,excluded_source_missing,only U4 solved-position sample stream exists on disk,
X_A1_U3_P3_L5_I5_T5,position,A1,U3,P3,L5,I5,T5,S02,excluded_source_missing,only U4 solved-position sample stream exists on disk,
X_A1_U3_P3_L5_I6_T1,position,A1,U3,P3,L5,I6,T1,S02,excluded_source_missing,only U4 solved-position sample stream exists on disk,
X_A1_U3_P3_L5_I6_T2,position,A1,U3,P3,L5,I6,T2,S02,excluded_source_missing,only U4 solved-position sample stream exists on disk,
X_A1_U3_P3_L5_I6_T3,position,A1,U3,P3,L5,I6,T3,S02,excluded_source_missing,only U4 solved-position sample stream exists on disk,
X_A1_U3_P3_L5_I6_T4,position,A1,U3,P3,L5,I6,T4,S02,excluded_source_missing,only U4 solved-position sample stream exists on disk,
X_A1_U3_P3_L5_I6_T5,position,A1,U3,P3,L5,I6,T5,S02,excluded_source_missing,only U4 solved-position sample stream exists on disk,
X_A1_U3_P3_L5_I7_T1,position,A1,U3,P3,L5,I7,T1,S02,excluded_source_missing,only U4 solved-position sample stream exists on disk,
X_A1_U3_P3_L5_I7_T2,position,A1,U3,P3,L5,I7,T2,S02,excluded_source_missing,only U4 solved-position sample stream exists on disk,
X_A1_U3_P3_L5_I7_T3,position,A1,U3,P3,L5,I7,T3,S02,excluded_source_missing,only U4 solved-position sample stream exists on disk,
X_A1_U3_P3_L5_I7_T4,position,A1,U3,P3,L5,I7,T4,S02,excluded_source_missing,only U4 solved-position sample stream exists on disk,
X_A1_U3_P3_L5_I7_T5,position,A1,U3,P3,L5,I7,T5,S02,excluded_source_missing,only U4 solved-position sample stream exists on disk,
X_A1_U3_P3_L5_I8_T1,position,A1,U3,P3,L5,I8,T1,S02,excluded_source_missing,only U4 solved-position sample stream exists on disk,
X_A1_U3_P3_L5_I8_T2,position,A1,U3,P3,L5,I8,T2,S02,excluded_source_missing,only U4 solved-position sample stream exists on disk,
X_A1_U3_P3_L5_I8_T3,position,A1,U3,P3,L5,I8,T3,S02,excluded_source_missing,only U4 solved-position sample stream exists on disk,
X_A1_U3_P3_L5_I8_T4,position,A1,U3,P3,L5,I8,T4,S02,excluded_source_missing,only U4 solved-position sample stream exists on disk,
X_A1_U3_P3_L5_I8_T5,position,A1,U3,P3,L5,I8,T5,S02,excluded_source_missing,only U4 solved-position sample stream exists on disk,
X_A1_U3_P4_L5_I0_T1,position,A1,U3,P4,L5,I0,T1,S02,excluded_source_missing,only U4 solved-position sample stream exists on disk,
X_A1_U3_P4_L5_I0_T2,position,A1,U3,P4,L5,I0,T2,S02,excluded_source_missing,only U4 solved-position sample stream exists on disk,
X_A1_U3_P4_L5_I0_T3,position,A1,U3,P4,L5,I0,T3,S02,excluded_source_missing,only U4 solved-position sample stream exists on disk,
X_A1_U3_P4_L5_I0_T4,position,A1,U3,P4,L5,I0,T4,S02,excluded_source_missing,only U4 solved-position sample stream exists on disk,
X_A1_U3_P4_L5_I0_T5,position,A1,U3,P4,L5,I0,T5,S02,excluded_source_missing,only U4 solved-position sample stream exists on disk,
X_A1_U3_P4_L5_I1_T1,position,A1,U3,P4,L5,I1,T1,S02,excluded_source_missing,only U4 solved-position sample stream exists on disk,
X_A1_U3_P4_L5_I1_T2,position,A1,U3,P4,L5,I1,T2,S02,excluded_source_missing,only U4 solved-position sample stream exists on disk,
X_A1_U3_P4_L5_I1_T3,position,A1,U3,P4,L5,I1,T3,S02,excluded_source_missing,only U4 solved-position sample stream exists on disk,
X_A1_U3_P4_L5_I1_T4,position,A1,U3,P4,L5,I1,T4,S02,excluded_source_missing,only U4 solved-position sample stream exists on disk,
X_A1_U3_P4_L5_I1_T5,position,A1,U3,P4,L5,I1,T5,S02,excluded_source_missing,only U4 solved-position sample stream exists on disk,
X_A1_U3_P4_L5_I2_T1,position,A1,U3,P4,L5,I2,T1,S02,excluded_source_missing,only U4 solved-position sample stream exists on disk,
X_A1_U3_P4_L5_I2_T2,position,A1,U3,P4,L5,I2,T2,S02,excluded_source_missing,only U4 solved-position sample stream exists on disk,
X_A1_U3_P4_L5_I2_T3,position,A1,U3,P4,L5,I2,T3,S02,excluded_source_missing,only U4 solved-position sample stream exists on disk,
X_A1_U3_P4_L5_I2_T4,position,A1,U3,P4,L5,I2,T4,S02,excluded_source_missing,only U4 solved-position sample stream exists on disk,
X_A1_U3_P4_L5_I2_T5,position,A1,U3,P4,L5,I2,T5,S02,excluded_source_missing,only U4 solved-position sample stream exists on disk,
X_A1_U3_P4_L5_I3_T1,position,A1,U3,P4,L5,I3,T1,S02,excluded_source_missing,only U4 solved-position sample stream exists on disk,
X_A1_U3_P4_L5_I3_T2,position,A1,U3,P4,L5,I3,T2,S02,excluded_source_missing,only U4 solved-position sample stream exists on disk,
X_A1_U3_P4_L5_I3_T3,position,A1,U3,P4,L5,I3,T3,S02,excluded_source_missing,only U4 solved-position sample stream exists on disk,
X_A1_U3_P4_L5_I3_T4,position,A1,U3,P4,L5,I3,T4,S02,excluded_source_missing,only U4 solved-position sample stream exists on disk,
X_A1_U3_P4_L5_I3_T5,position,A1,U3,P4,L5,I3,T5,S02,excluded_source_missing,only U4 solved-position sample stream exists on disk,
X_A1_U3_P4_L5_I4_T1,position,A1,U3,P4,L5,I4,T1,S02,excluded_source_missing,only U4 solved-position sample stream exists on disk,
X_A1_U3_P4_L5_I4_T2,position,A1,U3,P4,L5,I4,T2,S02,excluded_source_missing,only U4 solved-position sample stream exists on disk,
X_A1_U3_P4_L5_I4_T3,position,A1,U3,P4,L5,I4,T3,S02,excluded_source_missing,only U4 solved-position sample stream exists on disk,
X_A1_U3_P4_L5_I4_T4,position,A1,U3,P4,L5,I4,T4,S02,excluded_source_missing,only U4 solved-position sample stream exists on disk,
X_A1_U3_P4_L5_I4_T5,position,A1,U3,P4,L5,I4,T5,S02,excluded_source_missing,only U4 solved-position sample stream exists on disk,
X_A1_U3_P4_L5_I5_T1,position,A1,U3,P4,L5,I5,T1,S02,excluded_source_missing,only U4 solved-position sample stream exists on disk,
X_A1_U3_P4_L5_I5_T2,position,A1,U3,P4,L5,I5,T2,S02,excluded_source_missing,only U4 solved-position sample stream exists on disk,
X_A1_U3_P4_L5_I5_T3,position,A1,U3,P4,L5,I5,T3,S02,excluded_source_missing,only U4 solved-position sample stream exists on disk,
X_A1_U3_P4_L5_I5_T4,position,A1,U3,P4,L5,I5,T4,S02,excluded_source_missing,only U4 solved-position sample stream exists on disk,
X_A1_U3_P4_L5_I5_T5,position,A1,U3,P4,L5,I5,T5,S02,excluded_source_missing,only U4 solved-position sample stream exists on disk,
X_A1_U3_P4_L5_I6_T1,position,A1,U3,P4,L5,I6,T1,S02,excluded_source_missing,only U4 solved-position sample stream exists on disk,
X_A1_U3_P4_L5_I6_T2,position,A1,U3,P4,L5,I6,T2,S02,excluded_source_missing,only U4 solved-position sample stream exists on disk,
X_A1_U3_P4_L5_I6_T3,position,A1,U3,P4,L5,I6,T3,S02,excluded_source_missing,only U4 solved-position sample stream exists on disk,
X_A1_U3_P4_L5_I6_T4,position,A1,U3,P4,L5,I6,T4,S02,excluded_source_missing,only U4 solved-position sample stream exists on disk,
X_A1_U3_P4_L5_I6_T5,position,A1,U3,P4,L5,I6,T5,S02,excluded_source_missing,only U4 solved-position sample stream exists on disk,
X_A1_U3_P4_L5_I7_T1,position,A1,U3,P4,L5,I7,T1,S02,excluded_source_missing,only U4 solved-position sample stream exists on disk,
X_A1_U3_P4_L5_I7_T2,position,A1,U3,P4,L5,I7,T2,S02,excluded_source_missing,only U4 solved-position sample stream exists on disk,
X_A1_U3_P4_L5_I7_T3,position,A1,U3,P4,L5,I7,T3,S02,excluded_source_missing,only U4 solved-position sample stream exists on disk,
X_A1_U3_P4_L5_I7_T4,position,A1,U3,P4,L5,I7,T4,S02,excluded_source_missing,only U4 solved-position sample stream exists on disk,
X_A1_U3_P4_L5_I7_T5,position,A1,U3,P4,L5,I7,T5,S02,excluded_source_missing,only U4 solved-position sample stream exists on disk,
X_A1_U3_P4_L5_I8_T1,position,A1,U3,P4,L5,I8,T1,S02,excluded_source_missing,only U4 solved-position sample stream exists on disk,
X_A1_U3_P4_L5_I8_T2,position,A1,U3,P4,L5,I8,T2,S02,excluded_source_missing,only U4 solved-position sample stream exists on disk,
X_A1_U3_P4_L5_I8_T3,position,A1,U3,P4,L5,I8,T3,S02,excluded_source_missing,only U4 solved-position sample stream exists on disk,
X_A1_U3_P4_L5_I8_T4,position,A1,U3,P4,L5,I8,T4,S02,excluded_source_missing,only U4 solved-position sample stream exists on disk,
X_A1_U3_P4_L5_I8_T5,position,A1,U3,P4,L5,I8,T5,S02,excluded_source_missing,only U4 solved-position sample stream exists on disk,
X_A1_U3_P5_L5_I0_T1,position,A1,U3,P5,L5,I0,T1,S02,excluded_source_missing,only U4 solved-position sample stream exists on disk,
X_A1_U3_P5_L5_I0_T2,position,A1,U3,P5,L5,I0,T2,S02,excluded_source_missing,only U4 solved-position sample stream exists on disk,
X_A1_U3_P5_L5_I0_T3,position,A1,U3,P5,L5,I0,T3,S02,excluded_source_missing,only U4 solved-position sample stream exists on disk,
X_A1_U3_P5_L5_I0_T4,position,A1,U3,P5,L5,I0,T4,S02,excluded_source_missing,only U4 solved-position sample stream exists on disk,
X_A1_U3_P5_L5_I0_T5,position,A1,U3,P5,L5,I0,T5,S02,excluded_source_missing,only U4 solved-position sample stream exists on disk,
X_A1_U3_P5_L5_I1_T1,position,A1,U3,P5,L5,I1,T1,S02,excluded_source_missing,only U4 solved-position sample stream exists on disk,
X_A1_U3_P5_L5_I1_T2,position,A1,U3,P5,L5,I1,T2,S02,excluded_source_missing,only U4 solved-position sample stream exists on disk,
X_A1_U3_P5_L5_I1_T3,position,A1,U3,P5,L5,I1,T3,S02,excluded_source_missing,only U4 solved-position sample stream exists on disk,
X_A1_U3_P5_L5_I1_T4,position,A1,U3,P5,L5,I1,T4,S02,excluded_source_missing,only U4 solved-position sample stream exists on disk,
X_A1_U3_P5_L5_I1_T5,position,A1,U3,P5,L5,I1,T5,S02,excluded_source_missing,only U4 solved-position sample stream exists on disk,
X_A1_U3_P5_L5_I2_T1,position,A1,U3,P5,L5,I2,T1,S02,excluded_source_missing,only U4 solved-position sample stream exists on disk,
X_A1_U3_P5_L5_I2_T2,position,A1,U3,P5,L5,I2,T2,S02,excluded_source_missing,only U4 solved-position sample stream exists on disk,
X_A1_U3_P5_L5_I2_T3,position,A1,U3,P5,L5,I2,T3,S02,excluded_source_missing,only U4 solved-position sample stream exists on disk,
X_A1_U3_P5_L5_I2_T4,position,A1,U3,P5,L5,I2,T4,S02,excluded_source_missing,only U4 solved-position sample stream exists on disk,
X_A1_U3_P5_L5_I2_T5,position,A1,U3,P5,L5,I2,T5,S02,excluded_source_missing,only U4 solved-position sample stream exists on disk,
X_A1_U3_P5_L5_I3_T1,position,A1,U3,P5,L5,I3,T1,S02,excluded_source_missing,only U4 solved-position sample stream exists on disk,
X_A1_U3_P5_L5_I3_T2,position,A1,U3,P5,L5,I3,T2,S02,excluded_source_missing,only U4 solved-position sample stream exists on disk,
X_A1_U3_P5_L5_I3_T3,position,A1,U3,P5,L5,I3,T3,S02,excluded_source_missing,only U4 solved-position sample stream exists on disk,
X_A1_U3_P5_L5_I3_T4,position,A1,U3,P5,L5,I3,T4,S02,excluded_source_missing,only U4 solved-position sample stream exists on disk,
X_A1_U3_P5_L5_I3_T5,position,A1,U3,P5,L5,I3,T5,S02,excluded_source_missing,only U4 solved-position sample stream exists on disk,
X_A1_U3_P5_L5_I4_T1,position,A1,U3,P5,L5,I4,T1,S02,excluded_source_missing,only U4 solved-position sample stream exists on disk,
X_A1_U3_P5_L5_I4_T2,position,A1,U3,P5,L5,I4,T2,S02,excluded_source_missing,only U4 solved-position sample stream exists on disk,
X_A1_U3_P5_L5_I4_T3,position,A1,U3,P5,L5,I4,T3,S02,excluded_source_missing,only U4 solved-position sample stream exists on disk,
X_A1_U3_P5_L5_I4_T4,position,A1,U3,P5,L5,I4,T4,S02,excluded_source_missing,only U4 solved-position sample stream exists on disk,
X_A1_U3_P5_L5_I4_T5,position,A1,U3,P5,L5,I4,T5,S02,excluded_source_missing,only U4 solved-position sample stream exists on disk,
X_A1_U3_P5_L5_I5_T1,position,A1,U3,P5,L5,I5,T1,S02,excluded_source_missing,only U4 solved-position sample stream exists on disk,
X_A1_U3_P5_L5_I5_T2,position,A1,U3,P5,L5,I5,T2,S02,excluded_source_missing,only U4 solved-position sample stream exists on disk,
X_A1_U3_P5_L5_I5_T3,position,A1,U3,P5,L5,I5,T3,S02,excluded_source_missing,only U4 solved-position sample stream exists on disk,
X_A1_U3_P5_L5_I5_T4,position,A1,U3,P5,L5,I5,T4,S02,excluded_source_missing,only U4 solved-position sample stream exists on disk,
X_A1_U3_P5_L5_I5_T5,position,A1,U3,P5,L5,I5,T5,S02,excluded_source_missing,only U4 solved-position sample stream exists on disk,
X_A1_U3_P5_L5_I6_T1,position,A1,U3,P5,L5,I6,T1,S02,excluded_source_missing,only U4 solved-position sample stream exists on disk,
X_A1_U3_P5_L5_I6_T2,position,A1,U3,P5,L5,I6,T2,S02,excluded_source_missing,only U4 solved-position sample stream exists on disk,
X_A1_U3_P5_L5_I6_T3,position,A1,U3,P5,L5,I6,T3,S02,excluded_source_missing,only U4 solved-position sample stream exists on disk,
X_A1_U3_P5_L5_I6_T4,position,A1,U3,P5,L5,I6,T4,S02,excluded_source_missing,only U4 solved-position sample stream exists on disk,
X_A1_U3_P5_L5_I6_T5,position,A1,U3,P5,L5,I6,T5,S02,excluded_source_missing,only U4 solved-position sample stream exists on disk,
X_A1_U3_P5_L5_I7_T1,position,A1,U3,P5,L5,I7,T1,S02,excluded_source_missing,only U4 solved-position sample stream exists on disk,
X_A1_U3_P5_L5_I7_T2,position,A1,U3,P5,L5,I7,T2,S02,excluded_source_missing,only U4 solved-position sample stream exists on disk,
X_A1_U3_P5_L5_I7_T3,position,A1,U3,P5,L5,I7,T3,S02,excluded_source_missing,only U4 solved-position sample stream exists on disk,
X_A1_U3_P5_L5_I7_T4,position,A1,U3,P5,L5,I7,T4,S02,excluded_source_missing,only U4 solved-position sample stream exists on disk,
X_A1_U3_P5_L5_I7_T5,position,A1,U3,P5,L5,I7,T5,S02,excluded_source_missing,only U4 solved-position sample stream exists on disk,
X_A1_U3_P5_L5_I8_T1,position,A1,U3,P5,L5,I8,T1,S02,excluded_source_missing,only U4 solved-position sample stream exists on disk,
X_A1_U3_P5_L5_I8_T2,position,A1,U3,P5,L5,I8,T2,S02,excluded_source_missing,only U4 solved-position sample stream exists on disk,
X_A1_U3_P5_L5_I8_T3,position,A1,U3,P5,L5,I8,T3,S02,excluded_source_missing,only U4 solved-position sample stream exists on disk,
X_A1_U3_P5_L5_I8_T4,position,A1,U3,P5,L5,I8,T4,S02,excluded_source_missing,only U4 solved-position sample stream exists on disk,
X_A1_U3_P5_L5_I8_T5,position,A1,U3,P5,L5,I8,T5,S02,excluded_source_missing,only U4 solved-position sample stream exists on disk,
X_A1_U4_P0_L5_I0_T1,position,A1,U4,P0,L5,I0,T1,S02,runnable,,
X_A1_U4_P0_L5_I0_T2,position,A1,U4,P0,L5,I0,T2,S02,runnable,,
X_A1_U4_P0_L5_I0_T3,position,A1,U4,P0,L5,I0,T3,S02,runnable,,
X_A1_U4_P0_L5_I0_T4,position,A1,U4,P0,L5,I0,T4,S02,runnable,,
X_A1_U4_P0_L5_I0_T5,position,A1,U4,P0,L5,I0,T5,S02,runnable,,
X_A1_U4_P0_L5_I1_T1,position,A1,U4,P0,L5,I1,T1,S02,runnable,,
X_A1_U4_P0_L5_I1_T2,position,A1,U4,P0,L5,I1,T2,S02,runnable,,
X_A1_U4_P0_L5_I1_T3,position,A1,U4,P0,L5,I1,T3,S02,runnable,,
X_A1_U4_P0_L5_I1_T4,position,A1,U4,P0,L5,I1,T4,S02,runnable,,
X_A1_U4_P0_L5_I1_T5,position,A1,U4,P0,L5,I1,T5,S02,runnable,,
X_A1_U4_P0_L5_I2_T1,position,A1,U4,P0,L5,I2,T1,S02,runnable,,
X_A1_U4_P0_L5_I2_T2,position,A1,U4,P0,L5,I2,T2,S02,runnable,,
X_A1_U4_P0_L5_I2_T3,position,A1,U4,P0,L5,I2,T3,S02,runnable,,
X_A1_U4_P0_L5_I2_T4,position,A1,U4,P0,L5,I2,T4,S02,runnable,,
X_A1_U4_P0_L5_I2_T5,position,A1,U4,P0,L5,I2,T5,S02,runnable,,
X_A1_U4_P0_L5_I3_T1,position,A1,U4,P0,L5,I3,T1,S02,runnable,,
X_A1_U4_P0_L5_I3_T2,position,A1,U4,P0,L5,I3,T2,S02,runnable,,
X_A1_U4_P0_L5_I3_T3,position,A1,U4,P0,L5,I3,T3,S02,runnable,,
X_A1_U4_P0_L5_I3_T4,position,A1,U4,P0,L5,I3,T4,S02,runnable,,
X_A1_U4_P0_L5_I3_T5,position,A1,U4,P0,L5,I3,T5,S02,runnable,,
X_A1_U4_P0_L5_I4_T1,position,A1,U4,P0,L5,I4,T1,S02,runnable,,
X_A1_U4_P0_L5_I4_T2,position,A1,U4,P0,L5,I4,T2,S02,runnable,,
X_A1_U4_P0_L5_I4_T3,position,A1,U4,P0,L5,I4,T3,S02,runnable,,
X_A1_U4_P0_L5_I4_T4,position,A1,U4,P0,L5,I4,T4,S02,runnable,,
X_A1_U4_P0_L5_I4_T5,position,A1,U4,P0,L5,I4,T5,S02,runnable,,
X_A1_U4_P0_L5_I5_T1,position,A1,U4,P0,L5,I5,T1,S02,runnable,,
X_A1_U4_P0_L5_I5_T2,position,A1,U4,P0,L5,I5,T2,S02,runnable,,
X_A1_U4_P0_L5_I5_T3,position,A1,U4,P0,L5,I5,T3,S02,runnable,,
X_A1_U4_P0_L5_I5_T4,position,A1,U4,P0,L5,I5,T4,S02,runnable,,
X_A1_U4_P0_L5_I5_T5,position,A1,U4,P0,L5,I5,T5,S02,runnable,,
X_A1_U4_P0_L5_I6_T1,position,A1,U4,P0,L5,I6,T1,S02,runnable,,
X_A1_U4_P0_L5_I6_T2,position,A1,U4,P0,L5,I6,T2,S02,runnable,,
X_A1_U4_P0_L5_I6_T3,position,A1,U4,P0,L5,I6,T3,S02,runnable,,
X_A1_U4_P0_L5_I6_T4,position,A1,U4,P0,L5,I6,T4,S02,runnable,,
X_A1_U4_P0_L5_I6_T5,position,A1,U4,P0,L5,I6,T5,S02,runnable,,
X_A1_U4_P0_L5_I7_T1,position,A1,U4,P0,L5,I7,T1,S02,runnable,,
X_A1_U4_P0_L5_I7_T2,position,A1,U4,P0,L5,I7,T2,S02,runnable,,
X_A1_U4_P0_L5_I7_T3,position,A1,U4,P0,L5,I7,T3,S02,runnable,,
X_A1_U4_P0_L5_I7_T4,position,A1,U4,P0,L5,I7,T4,S02,runnable,,
X_A1_U4_P0_L5_I7_T5,position,A1,U4,P0,L5,I7,T5,S02,runnable,,
X_A1_U4_P0_L5_I8_T1,position,A1,U4,P0,L5,I8,T1,S02,runnable,,
X_A1_U4_P0_L5_I8_T2,position,A1,U4,P0,L5,I8,T2,S02,runnable,,
X_A1_U4_P0_L5_I8_T3,position,A1,U4,P0,L5,I8,T3,S02,runnable,,
X_A1_U4_P0_L5_I8_T4,position,A1,U4,P0,L5,I8,T4,S02,runnable,,
X_A1_U4_P0_L5_I8_T5,position,A1,U4,P0,L5,I8,T5,S02,runnable,,
X_A1_U4_P1_L5_I0_T1,position,A1,U4,P1,L5,I0,T1,S02,runnable,,
X_A1_U4_P1_L5_I0_T2,position,A1,U4,P1,L5,I0,T2,S02,runnable,,
X_A1_U4_P1_L5_I0_T3,position,A1,U4,P1,L5,I0,T3,S02,runnable,,
X_A1_U4_P1_L5_I0_T4,position,A1,U4,P1,L5,I0,T4,S02,runnable,,
X_A1_U4_P1_L5_I0_T5,position,A1,U4,P1,L5,I0,T5,S02,runnable,,
X_A1_U4_P1_L5_I1_T1,position,A1,U4,P1,L5,I1,T1,S02,runnable,,
X_A1_U4_P1_L5_I1_T2,position,A1,U4,P1,L5,I1,T2,S02,runnable,,
X_A1_U4_P1_L5_I1_T3,position,A1,U4,P1,L5,I1,T3,S02,runnable,,
X_A1_U4_P1_L5_I1_T4,position,A1,U4,P1,L5,I1,T4,S02,runnable,,
X_A1_U4_P1_L5_I1_T5,position,A1,U4,P1,L5,I1,T5,S02,runnable,,
X_A1_U4_P1_L5_I2_T1,position,A1,U4,P1,L5,I2,T1,S02,runnable,,
X_A1_U4_P1_L5_I2_T2,position,A1,U4,P1,L5,I2,T2,S02,runnable,,
X_A1_U4_P1_L5_I2_T3,position,A1,U4,P1,L5,I2,T3,S02,runnable,,
X_A1_U4_P1_L5_I2_T4,position,A1,U4,P1,L5,I2,T4,S02,runnable,,
X_A1_U4_P1_L5_I2_T5,position,A1,U4,P1,L5,I2,T5,S02,runnable,,
X_A1_U4_P1_L5_I3_T1,position,A1,U4,P1,L5,I3,T1,S02,runnable,,
X_A1_U4_P1_L5_I3_T2,position,A1,U4,P1,L5,I3,T2,S02,runnable,,
X_A1_U4_P1_L5_I3_T3,position,A1,U4,P1,L5,I3,T3,S02,runnable,,
X_A1_U4_P1_L5_I3_T4,position,A1,U4,P1,L5,I3,T4,S02,runnable,,
X_A1_U4_P1_L5_I3_T5,position,A1,U4,P1,L5,I3,T5,S02,runnable,,
X_A1_U4_P1_L5_I4_T1,position,A1,U4,P1,L5,I4,T1,S02,runnable,,
X_A1_U4_P1_L5_I4_T2,position,A1,U4,P1,L5,I4,T2,S02,runnable,,
X_A1_U4_P1_L5_I4_T3,position,A1,U4,P1,L5,I4,T3,S02,runnable,,
X_A1_U4_P1_L5_I4_T4,position,A1,U4,P1,L5,I4,T4,S02,runnable,,
X_A1_U4_P1_L5_I4_T5,position,A1,U4,P1,L5,I4,T5,S02,runnable,,
X_A1_U4_P1_L5_I5_T1,position,A1,U4,P1,L5,I5,T1,S02,runnable,,
X_A1_U4_P1_L5_I5_T2,position,A1,U4,P1,L5,I5,T2,S02,runnable,,
X_A1_U4_P1_L5_I5_T3,position,A1,U4,P1,L5,I5,T3,S02,runnable,,
X_A1_U4_P1_L5_I5_T4,position,A1,U4,P1,L5,I5,T4,S02,runnable,,
X_A1_U4_P1_L5_I5_T5,position,A1,U4,P1,L5,I5,T5,S02,runnable,,
X_A1_U4_P1_L5_I6_T1,position,A1,U4,P1,L5,I6,T1,S02,runnable,,
X_A1_U4_P1_L5_I6_T2,position,A1,U4,P1,L5,I6,T2,S02,runnable,,
X_A1_U4_P1_L5_I6_T3,position,A1,U4,P1,L5,I6,T3,S02,runnable,,
X_A1_U4_P1_L5_I6_T4,position,A1,U4,P1,L5,I6,T4,S02,runnable,,
X_A1_U4_P1_L5_I6_T5,position,A1,U4,P1,L5,I6,T5,S02,runnable,,
X_A1_U4_P1_L5_I7_T1,position,A1,U4,P1,L5,I7,T1,S02,runnable,,
X_A1_U4_P1_L5_I7_T2,position,A1,U4,P1,L5,I7,T2,S02,runnable,,
X_A1_U4_P1_L5_I7_T3,position,A1,U4,P1,L5,I7,T3,S02,runnable,,
X_A1_U4_P1_L5_I7_T4,position,A1,U4,P1,L5,I7,T4,S02,runnable,,
X_A1_U4_P1_L5_I7_T5,position,A1,U4,P1,L5,I7,T5,S02,runnable,,
X_A1_U4_P1_L5_I8_T1,position,A1,U4,P1,L5,I8,T1,S02,runnable,,
X_A1_U4_P1_L5_I8_T2,position,A1,U4,P1,L5,I8,T2,S02,runnable,,
X_A1_U4_P1_L5_I8_T3,position,A1,U4,P1,L5,I8,T3,S02,runnable,,
X_A1_U4_P1_L5_I8_T4,position,A1,U4,P1,L5,I8,T4,S02,runnable,,
X_A1_U4_P1_L5_I8_T5,position,A1,U4,P1,L5,I8,T5,S02,runnable,,
X_A1_U4_P2_L5_I0_T1,position,A1,U4,P2,L5,I0,T1,S02,runnable,,
X_A1_U4_P2_L5_I0_T2,position,A1,U4,P2,L5,I0,T2,S02,runnable,,
X_A1_U4_P2_L5_I0_T3,position,A1,U4,P2,L5,I0,T3,S02,runnable,,
X_A1_U4_P2_L5_I0_T4,position,A1,U4,P2,L5,I0,T4,S02,runnable,,
X_A1_U4_P2_L5_I0_T5,position,A1,U4,P2,L5,I0,T5,S02,runnable,,
X_A1_U4_P2_L5_I1_T1,position,A1,U4,P2,L5,I1,T1,S02,runnable,,
X_A1_U4_P2_L5_I1_T2,position,A1,U4,P2,L5,I1,T2,S02,runnable,,
X_A1_U4_P2_L5_I1_T3,position,A1,U4,P2,L5,I1,T3,S02,runnable,,
X_A1_U4_P2_L5_I1_T4,position,A1,U4,P2,L5,I1,T4,S02,runnable,,
X_A1_U4_P2_L5_I1_T5,position,A1,U4,P2,L5,I1,T5,S02,runnable,,
X_A1_U4_P2_L5_I2_T1,position,A1,U4,P2,L5,I2,T1,S02,runnable,,
X_A1_U4_P2_L5_I2_T2,position,A1,U4,P2,L5,I2,T2,S02,runnable,,
X_A1_U4_P2_L5_I2_T3,position,A1,U4,P2,L5,I2,T3,S02,runnable,,
X_A1_U4_P2_L5_I2_T4,position,A1,U4,P2,L5,I2,T4,S02,runnable,,
X_A1_U4_P2_L5_I2_T5,position,A1,U4,P2,L5,I2,T5,S02,runnable,,
X_A1_U4_P2_L5_I3_T1,position,A1,U4,P2,L5,I3,T1,S02,runnable,,
X_A1_U4_P2_L5_I3_T2,position,A1,U4,P2,L5,I3,T2,S02,runnable,,
X_A1_U4_P2_L5_I3_T3,position,A1,U4,P2,L5,I3,T3,S02,runnable,,
X_A1_U4_P2_L5_I3_T4,position,A1,U4,P2,L5,I3,T4,S02,runnable,,
X_A1_U4_P2_L5_I3_T5,position,A1,U4,P2,L5,I3,T5,S02,runnable,,
X_A1_U4_P2_L5_I4_T1,position,A1,U4,P2,L5,I4,T1,S02,runnable,,
X_A1_U4_P2_L5_I4_T2,position,A1,U4,P2,L5,I4,T2,S02,runnable,,
X_A1_U4_P2_L5_I4_T3,position,A1,U4,P2,L5,I4,T3,S02,runnable,,
X_A1_U4_P2_L5_I4_T4,position,A1,U4,P2,L5,I4,T4,S02,runnable,,
X_A1_U4_P2_L5_I4_T5,position,A1,U4,P2,L5,I4,T5,S02,runnable,,
X_A1_U4_P2_L5_I5_T1,position,A1,U4,P2,L5,I5,T1,S02,runnable,,
X_A1_U4_P2_L5_I5_T2,position,A1,U4,P2,L5,I5,T2,S02,runnable,,
X_A1_U4_P2_L5_I5_T3,position,A1,U4,P2,L5,I5,T3,S02,runnable,,
X_A1_U4_P2_L5_I5_T4,position,A1,U4,P2,L5,I5,T4,S02,runnable,,
X_A1_U4_P2_L5_I5_T5,position,A1,U4,P2,L5,I5,T5,S02,runnable,,
X_A1_U4_P2_L5_I6_T1,position,A1,U4,P2,L5,I6,T1,S02,runnable,,
X_A1_U4_P2_L5_I6_T2,position,A1,U4,P2,L5,I6,T2,S02,runnable,,
X_A1_U4_P2_L5_I6_T3,position,A1,U4,P2,L5,I6,T3,S02,runnable,,
X_A1_U4_P2_L5_I6_T4,position,A1,U4,P2,L5,I6,T4,S02,runnable,,
X_A1_U4_P2_L5_I6_T5,position,A1,U4,P2,L5,I6,T5,S02,runnable,,
X_A1_U4_P2_L5_I7_T1,position,A1,U4,P2,L5,I7,T1,S02,runnable,,
X_A1_U4_P2_L5_I7_T2,position,A1,U4,P2,L5,I7,T2,S02,runnable,,
X_A1_U4_P2_L5_I7_T3,position,A1,U4,P2,L5,I7,T3,S02,runnable,,
X_A1_U4_P2_L5_I7_T4,position,A1,U4,P2,L5,I7,T4,S02,runnable,,
X_A1_U4_P2_L5_I7_T5,position,A1,U4,P2,L5,I7,T5,S02,runnable,,
X_A1_U4_P2_L5_I8_T1,position,A1,U4,P2,L5,I8,T1,S02,runnable,,
X_A1_U4_P2_L5_I8_T2,position,A1,U4,P2,L5,I8,T2,S02,runnable,,
X_A1_U4_P2_L5_I8_T3,position,A1,U4,P2,L5,I8,T3,S02,runnable,,
X_A1_U4_P2_L5_I8_T4,position,A1,U4,P2,L5,I8,T4,S02,runnable,,
X_A1_U4_P2_L5_I8_T5,position,A1,U4,P2,L5,I8,T5,S02,runnable,,
X_A1_U4_P3_L5_I0_T1,position,A1,U4,P3,L5,I0,T1,S02,runnable,,
X_A1_U4_P3_L5_I0_T2,position,A1,U4,P3,L5,I0,T2,S02,runnable,,
X_A1_U4_P3_L5_I0_T3,position,A1,U4,P3,L5,I0,T3,S02,runnable,,
X_A1_U4_P3_L5_I0_T4,position,A1,U4,P3,L5,I0,T4,S02,runnable,,
X_A1_U4_P3_L5_I0_T5,position,A1,U4,P3,L5,I0,T5,S02,runnable,,
X_A1_U4_P3_L5_I1_T1,position,A1,U4,P3,L5,I1,T1,S02,runnable,,
X_A1_U4_P3_L5_I1_T2,position,A1,U4,P3,L5,I1,T2,S02,runnable,,
X_A1_U4_P3_L5_I1_T3,position,A1,U4,P3,L5,I1,T3,S02,runnable,,
X_A1_U4_P3_L5_I1_T4,position,A1,U4,P3,L5,I1,T4,S02,runnable,,
X_A1_U4_P3_L5_I1_T5,position,A1,U4,P3,L5,I1,T5,S02,runnable,,
X_A1_U4_P3_L5_I2_T1,position,A1,U4,P3,L5,I2,T1,S02,runnable,,
X_A1_U4_P3_L5_I2_T2,position,A1,U4,P3,L5,I2,T2,S02,runnable,,
X_A1_U4_P3_L5_I2_T3,position,A1,U4,P3,L5,I2,T3,S02,runnable,,
X_A1_U4_P3_L5_I2_T4,position,A1,U4,P3,L5,I2,T4,S02,runnable,,
X_A1_U4_P3_L5_I2_T5,position,A1,U4,P3,L5,I2,T5,S02,runnable,,
X_A1_U4_P3_L5_I3_T1,position,A1,U4,P3,L5,I3,T1,S02,runnable,,
X_A1_U4_P3_L5_I3_T2,position,A1,U4,P3,L5,I3,T2,S02,runnable,,
X_A1_U4_P3_L5_I3_T3,position,A1,U4,P3,L5,I3,T3,S02,runnable,,
X_A1_U4_P3_L5_I3_T4,position,A1,U4,P3,L5,I3,T4,S02,runnable,,
X_A1_U4_P3_L5_I3_T5,position,A1,U4,P3,L5,I3,T5,S02,runnable,,
X_A1_U4_P3_L5_I4_T1,position,A1,U4,P3,L5,I4,T1,S02,runnable,,
X_A1_U4_P3_L5_I4_T2,position,A1,U4,P3,L5,I4,T2,S02,runnable,,
X_A1_U4_P3_L5_I4_T3,position,A1,U4,P3,L5,I4,T3,S02,runnable,,
X_A1_U4_P3_L5_I4_T4,position,A1,U4,P3,L5,I4,T4,S02,runnable,,
X_A1_U4_P3_L5_I4_T5,position,A1,U4,P3,L5,I4,T5,S02,runnable,,
X_A1_U4_P3_L5_I5_T1,position,A1,U4,P3,L5,I5,T1,S02,runnable,,
X_A1_U4_P3_L5_I5_T2,position,A1,U4,P3,L5,I5,T2,S02,runnable,,
X_A1_U4_P3_L5_I5_T3,position,A1,U4,P3,L5,I5,T3,S02,runnable,,
X_A1_U4_P3_L5_I5_T4,position,A1,U4,P3,L5,I5,T4,S02,runnable,,
X_A1_U4_P3_L5_I5_T5,position,A1,U4,P3,L5,I5,T5,S02,runnable,,
X_A1_U4_P3_L5_I6_T1,position,A1,U4,P3,L5,I6,T1,S02,runnable,,
X_A1_U4_P3_L5_I6_T2,position,A1,U4,P3,L5,I6,T2,S02,runnable,,
X_A1_U4_P3_L5_I6_T3,position,A1,U4,P3,L5,I6,T3,S02,runnable,,
X_A1_U4_P3_L5_I6_T4,position,A1,U4,P3,L5,I6,T4,S02,runnable,,
X_A1_U4_P3_L5_I6_T5,position,A1,U4,P3,L5,I6,T5,S02,runnable,,
X_A1_U4_P3_L5_I7_T1,position,A1,U4,P3,L5,I7,T1,S02,runnable,,
X_A1_U4_P3_L5_I7_T2,position,A1,U4,P3,L5,I7,T2,S02,runnable,,
X_A1_U4_P3_L5_I7_T3,position,A1,U4,P3,L5,I7,T3,S02,runnable,,
X_A1_U4_P3_L5_I7_T4,position,A1,U4,P3,L5,I7,T4,S02,runnable,,
X_A1_U4_P3_L5_I7_T5,position,A1,U4,P3,L5,I7,T5,S02,runnable,,
X_A1_U4_P3_L5_I8_T1,position,A1,U4,P3,L5,I8,T1,S02,runnable,,
X_A1_U4_P3_L5_I8_T2,position,A1,U4,P3,L5,I8,T2,S02,runnable,,
X_A1_U4_P3_L5_I8_T3,position,A1,U4,P3,L5,I8,T3,S02,runnable,,
X_A1_U4_P3_L5_I8_T4,position,A1,U4,P3,L5,I8,T4,S02,runnable,,
X_A1_U4_P3_L5_I8_T5,position,A1,U4,P3,L5,I8,T5,S02,runnable,,
X_A1_U4_P4_L5_I0_T1,position,A1,U4,P4,L5,I0,T1,S02,runnable,,
X_A1_U4_P4_L5_I0_T2,position,A1,U4,P4,L5,I0,T2,S02,runnable,,
X_A1_U4_P4_L5_I0_T3,position,A1,U4,P4,L5,I0,T3,S02,runnable,,
X_A1_U4_P4_L5_I0_T4,position,A1,U4,P4,L5,I0,T4,S02,runnable,,
X_A1_U4_P4_L5_I0_T5,position,A1,U4,P4,L5,I0,T5,S02,runnable,,
X_A1_U4_P4_L5_I1_T1,position,A1,U4,P4,L5,I1,T1,S02,runnable,,
X_A1_U4_P4_L5_I1_T2,position,A1,U4,P4,L5,I1,T2,S02,runnable,,
X_A1_U4_P4_L5_I1_T3,position,A1,U4,P4,L5,I1,T3,S02,runnable,,
X_A1_U4_P4_L5_I1_T4,position,A1,U4,P4,L5,I1,T4,S02,runnable,,
X_A1_U4_P4_L5_I1_T5,position,A1,U4,P4,L5,I1,T5,S02,runnable,,
X_A1_U4_P4_L5_I2_T1,position,A1,U4,P4,L5,I2,T1,S02,runnable,,
X_A1_U4_P4_L5_I2_T2,position,A1,U4,P4,L5,I2,T2,S02,runnable,,
X_A1_U4_P4_L5_I2_T3,position,A1,U4,P4,L5,I2,T3,S02,runnable,,
X_A1_U4_P4_L5_I2_T4,position,A1,U4,P4,L5,I2,T4,S02,runnable,,
X_A1_U4_P4_L5_I2_T5,position,A1,U4,P4,L5,I2,T5,S02,runnable,,
X_A1_U4_P4_L5_I3_T1,position,A1,U4,P4,L5,I3,T1,S02,runnable,,
X_A1_U4_P4_L5_I3_T2,position,A1,U4,P4,L5,I3,T2,S02,runnable,,
X_A1_U4_P4_L5_I3_T3,position,A1,U4,P4,L5,I3,T3,S02,runnable,,
X_A1_U4_P4_L5_I3_T4,position,A1,U4,P4,L5,I3,T4,S02,runnable,,
X_A1_U4_P4_L5_I3_T5,position,A1,U4,P4,L5,I3,T5,S02,runnable,,
X_A1_U4_P4_L5_I4_T1,position,A1,U4,P4,L5,I4,T1,S02,runnable,,
X_A1_U4_P4_L5_I4_T2,position,A1,U4,P4,L5,I4,T2,S02,runnable,,
X_A1_U4_P4_L5_I4_T3,position,A1,U4,P4,L5,I4,T3,S02,runnable,,
X_A1_U4_P4_L5_I4_T4,position,A1,U4,P4,L5,I4,T4,S02,runnable,,
X_A1_U4_P4_L5_I4_T5,position,A1,U4,P4,L5,I4,T5,S02,runnable,,
X_A1_U4_P4_L5_I5_T1,position,A1,U4,P4,L5,I5,T1,S02,runnable,,
X_A1_U4_P4_L5_I5_T2,position,A1,U4,P4,L5,I5,T2,S02,runnable,,
X_A1_U4_P4_L5_I5_T3,position,A1,U4,P4,L5,I5,T3,S02,runnable,,
X_A1_U4_P4_L5_I5_T4,position,A1,U4,P4,L5,I5,T4,S02,runnable,,
X_A1_U4_P4_L5_I5_T5,position,A1,U4,P4,L5,I5,T5,S02,runnable,,
X_A1_U4_P4_L5_I6_T1,position,A1,U4,P4,L5,I6,T1,S02,runnable,,
X_A1_U4_P4_L5_I6_T2,position,A1,U4,P4,L5,I6,T2,S02,runnable,,
X_A1_U4_P4_L5_I6_T3,position,A1,U4,P4,L5,I6,T3,S02,runnable,,
X_A1_U4_P4_L5_I6_T4,position,A1,U4,P4,L5,I6,T4,S02,runnable,,
X_A1_U4_P4_L5_I6_T5,position,A1,U4,P4,L5,I6,T5,S02,runnable,,
X_A1_U4_P4_L5_I7_T1,position,A1,U4,P4,L5,I7,T1,S02,runnable,,
X_A1_U4_P4_L5_I7_T2,position,A1,U4,P4,L5,I7,T2,S02,runnable,,
X_A1_U4_P4_L5_I7_T3,position,A1,U4,P4,L5,I7,T3,S02,runnable,,
X_A1_U4_P4_L5_I7_T4,position,A1,U4,P4,L5,I7,T4,S02,runnable,,
X_A1_U4_P4_L5_I7_T5,position,A1,U4,P4,L5,I7,T5,S02,runnable,,
X_A1_U4_P4_L5_I8_T1,position,A1,U4,P4,L5,I8,T1,S02,runnable,,
X_A1_U4_P4_L5_I8_T2,position,A1,U4,P4,L5,I8,T2,S02,runnable,,
X_A1_U4_P4_L5_I8_T3,position,A1,U4,P4,L5,I8,T3,S02,runnable,,
X_A1_U4_P4_L5_I8_T4,position,A1,U4,P4,L5,I8,T4,S02,runnable,,
X_A1_U4_P4_L5_I8_T5,position,A1,U4,P4,L5,I8,T5,S02,runnable,,
X_A1_U4_P5_L5_I0_T1,position,A1,U4,P5,L5,I0,T1,S02,runnable,,
X_A1_U4_P5_L5_I0_T2,position,A1,U4,P5,L5,I0,T2,S02,runnable,,
X_A1_U4_P5_L5_I0_T3,position,A1,U4,P5,L5,I0,T3,S02,runnable,,
X_A1_U4_P5_L5_I0_T4,position,A1,U4,P5,L5,I0,T4,S02,runnable,,
X_A1_U4_P5_L5_I0_T5,position,A1,U4,P5,L5,I0,T5,S02,runnable,,
X_A1_U4_P5_L5_I1_T1,position,A1,U4,P5,L5,I1,T1,S02,runnable,,
X_A1_U4_P5_L5_I1_T2,position,A1,U4,P5,L5,I1,T2,S02,runnable,,
X_A1_U4_P5_L5_I1_T3,position,A1,U4,P5,L5,I1,T3,S02,runnable,,
X_A1_U4_P5_L5_I1_T4,position,A1,U4,P5,L5,I1,T4,S02,runnable,,
X_A1_U4_P5_L5_I1_T5,position,A1,U4,P5,L5,I1,T5,S02,runnable,,
X_A1_U4_P5_L5_I2_T1,position,A1,U4,P5,L5,I2,T1,S02,runnable,,
X_A1_U4_P5_L5_I2_T2,position,A1,U4,P5,L5,I2,T2,S02,runnable,,
X_A1_U4_P5_L5_I2_T3,position,A1,U4,P5,L5,I2,T3,S02,runnable,,
X_A1_U4_P5_L5_I2_T4,position,A1,U4,P5,L5,I2,T4,S02,runnable,,
X_A1_U4_P5_L5_I2_T5,position,A1,U4,P5,L5,I2,T5,S02,runnable,,
X_A1_U4_P5_L5_I3_T1,position,A1,U4,P5,L5,I3,T1,S02,runnable,,
X_A1_U4_P5_L5_I3_T2,position,A1,U4,P5,L5,I3,T2,S02,runnable,,
X_A1_U4_P5_L5_I3_T3,position,A1,U4,P5,L5,I3,T3,S02,runnable,,
X_A1_U4_P5_L5_I3_T4,position,A1,U4,P5,L5,I3,T4,S02,runnable,,
X_A1_U4_P5_L5_I3_T5,position,A1,U4,P5,L5,I3,T5,S02,runnable,,
X_A1_U4_P5_L5_I4_T1,position,A1,U4,P5,L5,I4,T1,S02,runnable,,
X_A1_U4_P5_L5_I4_T2,position,A1,U4,P5,L5,I4,T2,S02,runnable,,
X_A1_U4_P5_L5_I4_T3,position,A1,U4,P5,L5,I4,T3,S02,runnable,,
X_A1_U4_P5_L5_I4_T4,position,A1,U4,P5,L5,I4,T4,S02,runnable,,
X_A1_U4_P5_L5_I4_T5,position,A1,U4,P5,L5,I4,T5,S02,runnable,,
X_A1_U4_P5_L5_I5_T1,position,A1,U4,P5,L5,I5,T1,S02,runnable,,
X_A1_U4_P5_L5_I5_T2,position,A1,U4,P5,L5,I5,T2,S02,runnable,,
X_A1_U4_P5_L5_I5_T3,position,A1,U4,P5,L5,I5,T3,S02,runnable,,
X_A1_U4_P5_L5_I5_T4,position,A1,U4,P5,L5,I5,T4,S02,runnable,,
X_A1_U4_P5_L5_I5_T5,position,A1,U4,P5,L5,I5,T5,S02,runnable,,
X_A1_U4_P5_L5_I6_T1,position,A1,U4,P5,L5,I6,T1,S02,runnable,,
X_A1_U4_P5_L5_I6_T2,position,A1,U4,P5,L5,I6,T2,S02,runnable,,
X_A1_U4_P5_L5_I6_T3,position,A1,U4,P5,L5,I6,T3,S02,runnable,,
X_A1_U4_P5_L5_I6_T4,position,A1,U4,P5,L5,I6,T4,S02,runnable,,
X_A1_U4_P5_L5_I6_T5,position,A1,U4,P5,L5,I6,T5,S02,runnable,,
X_A1_U4_P5_L5_I7_T1,position,A1,U4,P5,L5,I7,T1,S02,runnable,,
X_A1_U4_P5_L5_I7_T2,position,A1,U4,P5,L5,I7,T2,S02,runnable,,
X_A1_U4_P5_L5_I7_T3,position,A1,U4,P5,L5,I7,T3,S02,runnable,,
X_A1_U4_P5_L5_I7_T4,position,A1,U4,P5,L5,I7,T4,S02,runnable,,
X_A1_U4_P5_L5_I7_T5,position,A1,U4,P5,L5,I7,T5,S02,runnable,,
X_A1_U4_P5_L5_I8_T1,position,A1,U4,P5,L5,I8,T1,S02,runnable,,
X_A1_U4_P5_L5_I8_T2,position,A1,U4,P5,L5,I8,T2,S02,runnable,,
X_A1_U4_P5_L5_I8_T3,position,A1,U4,P5,L5,I8,T3,S02,runnable,,
X_A1_U4_P5_L5_I8_T4,position,A1,U4,P5,L5,I8,T4,S02,runnable,,
X_A1_U4_P5_L5_I8_T5,position,A1,U4,P5,L5,I8,T5,S02,runnable,,
X_A2_U1_P0_L5_I0_T1,position,A2,U1,P0,L5,I0,T1,S02,excluded_source_missing,only U4 solved-position sample stream exists on disk,
X_A2_U1_P0_L5_I0_T2,position,A2,U1,P0,L5,I0,T2,S02,excluded_source_missing,only U4 solved-position sample stream exists on disk,
X_A2_U1_P0_L5_I0_T3,position,A2,U1,P0,L5,I0,T3,S02,excluded_source_missing,only U4 solved-position sample stream exists on disk,
X_A2_U1_P0_L5_I0_T4,position,A2,U1,P0,L5,I0,T4,S02,excluded_source_missing,only U4 solved-position sample stream exists on disk,
X_A2_U1_P0_L5_I0_T5,position,A2,U1,P0,L5,I0,T5,S02,excluded_source_missing,only U4 solved-position sample stream exists on disk,
X_A2_U1_P0_L5_I1_T1,position,A2,U1,P0,L5,I1,T1,S02,excluded_source_missing,only U4 solved-position sample stream exists on disk,
X_A2_U1_P0_L5_I1_T2,position,A2,U1,P0,L5,I1,T2,S02,excluded_source_missing,only U4 solved-position sample stream exists on disk,
X_A2_U1_P0_L5_I1_T3,position,A2,U1,P0,L5,I1,T3,S02,excluded_source_missing,only U4 solved-position sample stream exists on disk,
X_A2_U1_P0_L5_I1_T4,position,A2,U1,P0,L5,I1,T4,S02,excluded_source_missing,only U4 solved-position sample stream exists on disk,
X_A2_U1_P0_L5_I1_T5,position,A2,U1,P0,L5,I1,T5,S02,excluded_source_missing,only U4 solved-position sample stream exists on disk,
X_A2_U1_P0_L5_I2_T1,position,A2,U1,P0,L5,I2,T1,S02,excluded_source_missing,only U4 solved-position sample stream exists on disk,
X_A2_U1_P0_L5_I2_T2,position,A2,U1,P0,L5,I2,T2,S02,excluded_source_missing,only U4 solved-position sample stream exists on disk,
X_A2_U1_P0_L5_I2_T3,position,A2,U1,P0,L5,I2,T3,S02,excluded_source_missing,only U4 solved-position sample stream exists on disk,
X_A2_U1_P0_L5_I2_T4,position,A2,U1,P0,L5,I2,T4,S02,excluded_source_missing,only U4 solved-position sample stream exists on disk,
X_A2_U1_P0_L5_I2_T5,position,A2,U1,P0,L5,I2,T5,S02,excluded_source_missing,only U4 solved-position sample stream exists on disk,
X_A2_U1_P0_L5_I3_T1,position,A2,U1,P0,L5,I3,T1,S02,excluded_source_missing,only U4 solved-position sample stream exists on disk,
X_A2_U1_P0_L5_I3_T2,position,A2,U1,P0,L5,I3,T2,S02,excluded_source_missing,only U4 solved-position sample stream exists on disk,
X_A2_U1_P0_L5_I3_T3,position,A2,U1,P0,L5,I3,T3,S02,excluded_source_missing,only U4 solved-position sample stream exists on disk,
X_A2_U1_P0_L5_I3_T4,position,A2,U1,P0,L5,I3,T4,S02,excluded_source_missing,only U4 solved-position sample stream exists on disk,
X_A2_U1_P0_L5_I3_T5,position,A2,U1,P0,L5,I3,T5,S02,excluded_source_missing,only U4 solved-position sample stream exists on disk,
X_A2_U1_P0_L5_I4_T1,position,A2,U1,P0,L5,I4,T1,S02,excluded_source_missing,only U4 solved-position sample stream exists on disk,
X_A2_U1_P0_L5_I4_T2,position,A2,U1,P0,L5,I4,T2,S02,excluded_source_missing,only U4 solved-position sample stream exists on disk,
X_A2_U1_P0_L5_I4_T3,position,A2,U1,P0,L5,I4,T3,S02,excluded_source_missing,only U4 solved-position sample stream exists on disk,
X_A2_U1_P0_L5_I4_T4,position,A2,U1,P0,L5,I4,T4,S02,excluded_source_missing,only U4 solved-position sample stream exists on disk,
X_A2_U1_P0_L5_I4_T5,position,A2,U1,P0,L5,I4,T5,S02,excluded_source_missing,only U4 solved-position sample stream exists on disk,
X_A2_U1_P0_L5_I5_T1,position,A2,U1,P0,L5,I5,T1,S02,excluded_source_missing,only U4 solved-position sample stream exists on disk,
X_A2_U1_P0_L5_I5_T2,position,A2,U1,P0,L5,I5,T2,S02,excluded_source_missing,only U4 solved-position sample stream exists on disk,
X_A2_U1_P0_L5_I5_T3,position,A2,U1,P0,L5,I5,T3,S02,excluded_source_missing,only U4 solved-position sample stream exists on disk,
X_A2_U1_P0_L5_I5_T4,position,A2,U1,P0,L5,I5,T4,S02,excluded_source_missing,only U4 solved-position sample stream exists on disk,
X_A2_U1_P0_L5_I5_T5,position,A2,U1,P0,L5,I5,T5,S02,excluded_source_missing,only U4 solved-position sample stream exists on disk,
X_A2_U1_P0_L5_I6_T1,position,A2,U1,P0,L5,I6,T1,S02,excluded_source_missing,only U4 solved-position sample stream exists on disk,
X_A2_U1_P0_L5_I6_T2,position,A2,U1,P0,L5,I6,T2,S02,excluded_source_missing,only U4 solved-position sample stream exists on disk,
X_A2_U1_P0_L5_I6_T3,position,A2,U1,P0,L5,I6,T3,S02,excluded_source_missing,only U4 solved-position sample stream exists on disk,
X_A2_U1_P0_L5_I6_T4,position,A2,U1,P0,L5,I6,T4,S02,excluded_source_missing,only U4 solved-position sample stream exists on disk,
X_A2_U1_P0_L5_I6_T5,position,A2,U1,P0,L5,I6,T5,S02,excluded_source_missing,only U4 solved-position sample stream exists on disk,
X_A2_U1_P0_L5_I7_T1,position,A2,U1,P0,L5,I7,T1,S02,excluded_source_missing,only U4 solved-position sample stream exists on disk,
X_A2_U1_P0_L5_I7_T2,position,A2,U1,P0,L5,I7,T2,S02,excluded_source_missing,only U4 solved-position sample stream exists on disk,
X_A2_U1_P0_L5_I7_T3,position,A2,U1,P0,L5,I7,T3,S02,excluded_source_missing,only U4 solved-position sample stream exists on disk,
X_A2_U1_P0_L5_I7_T4,position,A2,U1,P0,L5,I7,T4,S02,excluded_source_missing,only U4 solved-position sample stream exists on disk,
X_A2_U1_P0_L5_I7_T5,position,A2,U1,P0,L5,I7,T5,S02,excluded_source_missing,only U4 solved-position sample stream exists on disk,
X_A2_U1_P0_L5_I8_T1,position,A2,U1,P0,L5,I8,T1,S02,excluded_source_missing,only U4 solved-position sample stream exists on disk,
X_A2_U1_P0_L5_I8_T2,position,A2,U1,P0,L5,I8,T2,S02,excluded_source_missing,only U4 solved-position sample stream exists on disk,
X_A2_U1_P0_L5_I8_T3,position,A2,U1,P0,L5,I8,T3,S02,excluded_source_missing,only U4 solved-position sample stream exists on disk,
X_A2_U1_P0_L5_I8_T4,position,A2,U1,P0,L5,I8,T4,S02,excluded_source_missing,only U4 solved-position sample stream exists on disk,
X_A2_U1_P0_L5_I8_T5,position,A2,U1,P0,L5,I8,T5,S02,excluded_source_missing,only U4 solved-position sample stream exists on disk,
X_A2_U1_P1_L5_I0_T1,position,A2,U1,P1,L5,I0,T1,S02,excluded_source_missing,only U4 solved-position sample stream exists on disk,
X_A2_U1_P1_L5_I0_T2,position,A2,U1,P1,L5,I0,T2,S02,excluded_source_missing,only U4 solved-position sample stream exists on disk,
X_A2_U1_P1_L5_I0_T3,position,A2,U1,P1,L5,I0,T3,S02,excluded_source_missing,only U4 solved-position sample stream exists on disk,
X_A2_U1_P1_L5_I0_T4,position,A2,U1,P1,L5,I0,T4,S02,excluded_source_missing,only U4 solved-position sample stream exists on disk,
X_A2_U1_P1_L5_I0_T5,position,A2,U1,P1,L5,I0,T5,S02,excluded_source_missing,only U4 solved-position sample stream exists on disk,
X_A2_U1_P1_L5_I1_T1,position,A2,U1,P1,L5,I1,T1,S02,excluded_source_missing,only U4 solved-position sample stream exists on disk,
X_A2_U1_P1_L5_I1_T2,position,A2,U1,P1,L5,I1,T2,S02,excluded_source_missing,only U4 solved-position sample stream exists on disk,
X_A2_U1_P1_L5_I1_T3,position,A2,U1,P1,L5,I1,T3,S02,excluded_source_missing,only U4 solved-position sample stream exists on disk,
X_A2_U1_P1_L5_I1_T4,position,A2,U1,P1,L5,I1,T4,S02,excluded_source_missing,only U4 solved-position sample stream exists on disk,
X_A2_U1_P1_L5_I1_T5,position,A2,U1,P1,L5,I1,T5,S02,excluded_source_missing,only U4 solved-position sample stream exists on disk,
X_A2_U1_P1_L5_I2_T1,position,A2,U1,P1,L5,I2,T1,S02,excluded_source_missing,only U4 solved-position sample stream exists on disk,
X_A2_U1_P1_L5_I2_T2,position,A2,U1,P1,L5,I2,T2,S02,excluded_source_missing,only U4 solved-position sample stream exists on disk,
X_A2_U1_P1_L5_I2_T3,position,A2,U1,P1,L5,I2,T3,S02,excluded_source_missing,only U4 solved-position sample stream exists on disk,
X_A2_U1_P1_L5_I2_T4,position,A2,U1,P1,L5,I2,T4,S02,excluded_source_missing,only U4 solved-position sample stream exists on disk,
X_A2_U1_P1_L5_I2_T5,position,A2,U1,P1,L5,I2,T5,S02,excluded_source_missing,only U4 solved-position sample stream exists on disk,
X_A2_U1_P1_L5_I3_T1,position,A2,U1,P1,L5,I3,T1,S02,excluded_source_missing,only U4 solved-position sample stream exists on disk,
X_A2_U1_P1_L5_I3_T2,position,A2,U1,P1,L5,I3,T2,S02,excluded_source_missing,only U4 solved-position sample stream exists on disk,
X_A2_U1_P1_L5_I3_T3,position,A2,U1,P1,L5,I3,T3,S02,excluded_source_missing,only U4 solved-position sample stream exists on disk,
X_A2_U1_P1_L5_I3_T4,position,A2,U1,P1,L5,I3,T4,S02,excluded_source_missing,only U4 solved-position sample stream exists on disk,
X_A2_U1_P1_L5_I3_T5,position,A2,U1,P1,L5,I3,T5,S02,excluded_source_missing,only U4 solved-position sample stream exists on disk,
X_A2_U1_P1_L5_I4_T1,position,A2,U1,P1,L5,I4,T1,S02,excluded_source_missing,only U4 solved-position sample stream exists on disk,
X_A2_U1_P1_L5_I4_T2,position,A2,U1,P1,L5,I4,T2,S02,excluded_source_missing,only U4 solved-position sample stream exists on disk,
X_A2_U1_P1_L5_I4_T3,position,A2,U1,P1,L5,I4,T3,S02,excluded_source_missing,only U4 solved-position sample stream exists on disk,
X_A2_U1_P1_L5_I4_T4,position,A2,U1,P1,L5,I4,T4,S02,excluded_source_missing,only U4 solved-position sample stream exists on disk,
X_A2_U1_P1_L5_I4_T5,position,A2,U1,P1,L5,I4,T5,S02,excluded_source_missing,only U4 solved-position sample stream exists on disk,
X_A2_U1_P1_L5_I5_T1,position,A2,U1,P1,L5,I5,T1,S02,excluded_source_missing,only U4 solved-position sample stream exists on disk,
X_A2_U1_P1_L5_I5_T2,position,A2,U1,P1,L5,I5,T2,S02,excluded_source_missing,only U4 solved-position sample stream exists on disk,
X_A2_U1_P1_L5_I5_T3,position,A2,U1,P1,L5,I5,T3,S02,excluded_source_missing,only U4 solved-position sample stream exists on disk,
X_A2_U1_P1_L5_I5_T4,position,A2,U1,P1,L5,I5,T4,S02,excluded_source_missing,only U4 solved-position sample stream exists on disk,
X_A2_U1_P1_L5_I5_T5,position,A2,U1,P1,L5,I5,T5,S02,excluded_source_missing,only U4 solved-position sample stream exists on disk,
X_A2_U1_P1_L5_I6_T1,position,A2,U1,P1,L5,I6,T1,S02,excluded_source_missing,only U4 solved-position sample stream exists on disk,
X_A2_U1_P1_L5_I6_T2,position,A2,U1,P1,L5,I6,T2,S02,excluded_source_missing,only U4 solved-position sample stream exists on disk,
X_A2_U1_P1_L5_I6_T3,position,A2,U1,P1,L5,I6,T3,S02,excluded_source_missing,only U4 solved-position sample stream exists on disk,
X_A2_U1_P1_L5_I6_T4,position,A2,U1,P1,L5,I6,T4,S02,excluded_source_missing,only U4 solved-position sample stream exists on disk,
X_A2_U1_P1_L5_I6_T5,position,A2,U1,P1,L5,I6,T5,S02,excluded_source_missing,only U4 solved-position sample stream exists on disk,
X_A2_U1_P1_L5_I7_T1,position,A2,U1,P1,L5,I7,T1,S02,excluded_source_missing,only U4 solved-position sample stream exists on disk,
X_A2_U1_P1_L5_I7_T2,position,A2,U1,P1,L5,I7,T2,S02,excluded_source_missing,only U4 solved-position sample stream exists on disk,
X_A2_U1_P1_L5_I7_T3,position,A2,U1,P1,L5,I7,T3,S02,excluded_source_missing,only U4 solved-position sample stream exists on disk,
X_A2_U1_P1_L5_I7_T4,position,A2,U1,P1,L5,I7,T4,S02,excluded_source_missing,only U4 solved-position sample stream exists on disk,
X_A2_U1_P1_L5_I7_T5,position,A2,U1,P1,L5,I7,T5,S02,excluded_source_missing,only U4 solved-position sample stream exists on disk,
X_A2_U1_P1_L5_I8_T1,position,A2,U1,P1,L5,I8,T1,S02,excluded_source_missing,only U4 solved-position sample stream exists on disk,
X_A2_U1_P1_L5_I8_T2,position,A2,U1,P1,L5,I8,T2,S02,excluded_source_missing,only U4 solved-position sample stream exists on disk,
X_A2_U1_P1_L5_I8_T3,position,A2,U1,P1,L5,I8,T3,S02,excluded_source_missing,only U4 solved-position sample stream exists on disk,
X_A2_U1_P1_L5_I8_T4,position,A2,U1,P1,L5,I8,T4,S02,excluded_source_missing,only U4 solved-position sample stream exists on disk,
X_A2_U1_P1_L5_I8_T5,position,A2,U1,P1,L5,I8,T5,S02,excluded_source_missing,only U4 solved-position sample stream exists on disk,
X_A2_U1_P2_L5_I0_T1,position,A2,U1,P2,L5,I0,T1,S02,excluded_source_missing,only U4 solved-position sample stream exists on disk,
X_A2_U1_P2_L5_I0_T2,position,A2,U1,P2,L5,I0,T2,S02,excluded_source_missing,only U4 solved-position sample stream exists on disk,
X_A2_U1_P2_L5_I0_T3,position,A2,U1,P2,L5,I0,T3,S02,excluded_source_missing,only U4 solved-position sample stream exists on disk,
X_A2_U1_P2_L5_I0_T4,position,A2,U1,P2,L5,I0,T4,S02,excluded_source_missing,only U4 solved-position sample stream exists on disk,
X_A2_U1_P2_L5_I0_T5,position,A2,U1,P2,L5,I0,T5,S02,excluded_source_missing,only U4 solved-position sample stream exists on disk,
X_A2_U1_P2_L5_I1_T1,position,A2,U1,P2,L5,I1,T1,S02,excluded_source_missing,only U4 solved-position sample stream exists on disk,
X_A2_U1_P2_L5_I1_T2,position,A2,U1,P2,L5,I1,T2,S02,excluded_source_missing,only U4 solved-position sample stream exists on disk,
X_A2_U1_P2_L5_I1_T3,position,A2,U1,P2,L5,I1,T3,S02,excluded_source_missing,only U4 solved-position sample stream exists on disk,
X_A2_U1_P2_L5_I1_T4,position,A2,U1,P2,L5,I1,T4,S02,excluded_source_missing,only U4 solved-position sample stream exists on disk,
X_A2_U1_P2_L5_I1_T5,position,A2,U1,P2,L5,I1,T5,S02,excluded_source_missing,only U4 solved-position sample stream exists on disk,
X_A2_U1_P2_L5_I2_T1,position,A2,U1,P2,L5,I2,T1,S02,excluded_source_missing,only U4 solved-position sample stream exists on disk,
X_A2_U1_P2_L5_I2_T2,position,A2,U1,P2,L5,I2,T2,S02,excluded_source_missing,only U4 solved-position sample stream exists on disk,
X_A2_U1_P2_L5_I2_T3,position,A2,U1,P2,L5,I2,T3,S02,excluded_source_missing,only U4 solved-position sample stream exists on disk,
X_A2_U1_P2_L5_I2_T4,position,A2,U1,P2,L5,I2,T4,S02,excluded_source_missing,only U4 solved-position sample stream exists on disk,
X_A2_U1_P2_L5_I2_T5,position,A2,U1,P2,L5,I2,T5,S02,excluded_source_missing,only U4 solved-position sample stream exists on disk,
X_A2_U1_P2_L5_I3_T1,position,A2,U1,P2,L5,I3,T1,S02,excluded_source_missing,only U4 solved-position sample stream exists on disk,
X_A2_U1_P2_L5_I3_T2,position,A2,U1,P2,L5,I3,T2,S02,excluded_source_missing,only U4 solved-position sample stream exists on disk,
X_A2_U1_P2_L5_I3_T3,position,A2,U1,P2,L5,I3,T3,S02,excluded_source_missing,only U4 solved-position sample stream exists on disk,
X_A2_U1_P2_L5_I3_T4,position,A2,U1,P2,L5,I3,T4,S02,excluded_source_missing,only U4 solved-position sample stream exists on disk,
X_A2_U1_P2_L5_I3_T5,position,A2,U1,P2,L5,I3,T5,S02,excluded_source_missing,only U4 solved-position sample stream exists on disk,
X_A2_U1_P2_L5_I4_T1,position,A2,U1,P2,L5,I4,T1,S02,excluded_source_missing,only U4 solved-position sample stream exists on disk,
X_A2_U1_P2_L5_I4_T2,position,A2,U1,P2,L5,I4,T2,S02,excluded_source_missing,only U4 solved-position sample stream exists on disk,
X_A2_U1_P2_L5_I4_T3,position,A2,U1,P2,L5,I4,T3,S02,excluded_source_missing,only U4 solved-position sample stream exists on disk,
X_A2_U1_P2_L5_I4_T4,position,A2,U1,P2,L5,I4,T4,S02,excluded_source_missing,only U4 solved-position sample stream exists on disk,
X_A2_U1_P2_L5_I4_T5,position,A2,U1,P2,L5,I4,T5,S02,excluded_source_missing,only U4 solved-position sample stream exists on disk,
X_A2_U1_P2_L5_I5_T1,position,A2,U1,P2,L5,I5,T1,S02,excluded_source_missing,only U4 solved-position sample stream exists on disk,
X_A2_U1_P2_L5_I5_T2,position,A2,U1,P2,L5,I5,T2,S02,excluded_source_missing,only U4 solved-position sample stream exists on disk,
X_A2_U1_P2_L5_I5_T3,position,A2,U1,P2,L5,I5,T3,S02,excluded_source_missing,only U4 solved-position sample stream exists on disk,
X_A2_U1_P2_L5_I5_T4,position,A2,U1,P2,L5,I5,T4,S02,excluded_source_missing,only U4 solved-position sample stream exists on disk,
X_A2_U1_P2_L5_I5_T5,position,A2,U1,P2,L5,I5,T5,S02,excluded_source_missing,only U4 solved-position sample stream exists on disk,
X_A2_U1_P2_L5_I6_T1,position,A2,U1,P2,L5,I6,T1,S02,excluded_source_missing,only U4 solved-position sample stream exists on disk,
X_A2_U1_P2_L5_I6_T2,position,A2,U1,P2,L5,I6,T2,S02,excluded_source_missing,only U4 solved-position sample stream exists on disk,
X_A2_U1_P2_L5_I6_T3,position,A2,U1,P2,L5,I6,T3,S02,excluded_source_missing,only U4 solved-position sample stream exists on disk,
X_A2_U1_P2_L5_I6_T4,position,A2,U1,P2,L5,I6,T4,S02,excluded_source_missing,only U4 solved-position sample stream exists on disk,
X_A2_U1_P2_L5_I6_T5,position,A2,U1,P2,L5,I6,T5,S02,excluded_source_missing,only U4 solved-position sample stream exists on disk,
X_A2_U1_P2_L5_I7_T1,position,A2,U1,P2,L5,I7,T1,S02,excluded_source_missing,only U4 solved-position sample stream exists on disk,
X_A2_U1_P2_L5_I7_T2,position,A2,U1,P2,L5,I7,T2,S02,excluded_source_missing,only U4 solved-position sample stream exists on disk,
X_A2_U1_P2_L5_I7_T3,position,A2,U1,P2,L5,I7,T3,S02,excluded_source_missing,only U4 solved-position sample stream exists on disk,
X_A2_U1_P2_L5_I7_T4,position,A2,U1,P2,L5,I7,T4,S02,excluded_source_missing,only U4 solved-position sample stream exists on disk,
X_A2_U1_P2_L5_I7_T5,position,A2,U1,P2,L5,I7,T5,S02,excluded_source_missing,only U4 solved-position sample stream exists on disk,
X_A2_U1_P2_L5_I8_T1,position,A2,U1,P2,L5,I8,T1,S02,excluded_source_missing,only U4 solved-position sample stream exists on disk,
X_A2_U1_P2_L5_I8_T2,position,A2,U1,P2,L5,I8,T2,S02,excluded_source_missing,only U4 solved-position sample stream exists on disk,
X_A2_U1_P2_L5_I8_T3,position,A2,U1,P2,L5,I8,T3,S02,excluded_source_missing,only U4 solved-position sample stream exists on disk,
X_A2_U1_P2_L5_I8_T4,position,A2,U1,P2,L5,I8,T4,S02,excluded_source_missing,only U4 solved-position sample stream exists on disk,
X_A2_U1_P2_L5_I8_T5,position,A2,U1,P2,L5,I8,T5,S02,excluded_source_missing,only U4 solved-position sample stream exists on disk,
X_A2_U1_P3_L5_I0_T1,position,A2,U1,P3,L5,I0,T1,S02,excluded_source_missing,only U4 solved-position sample stream exists on disk,
X_A2_U1_P3_L5_I0_T2,position,A2,U1,P3,L5,I0,T2,S02,excluded_source_missing,only U4 solved-position sample stream exists on disk,
X_A2_U1_P3_L5_I0_T3,position,A2,U1,P3,L5,I0,T3,S02,excluded_source_missing,only U4 solved-position sample stream exists on disk,
X_A2_U1_P3_L5_I0_T4,position,A2,U1,P3,L5,I0,T4,S02,excluded_source_missing,only U4 solved-position sample stream exists on disk,
X_A2_U1_P3_L5_I0_T5,position,A2,U1,P3,L5,I0,T5,S02,excluded_source_missing,only U4 solved-position sample stream exists on disk,
X_A2_U1_P3_L5_I1_T1,position,A2,U1,P3,L5,I1,T1,S02,excluded_source_missing,only U4 solved-position sample stream exists on disk,
X_A2_U1_P3_L5_I1_T2,position,A2,U1,P3,L5,I1,T2,S02,excluded_source_missing,only U4 solved-position sample stream exists on disk,
X_A2_U1_P3_L5_I1_T3,position,A2,U1,P3,L5,I1,T3,S02,excluded_source_missing,only U4 solved-position sample stream exists on disk,
X_A2_U1_P3_L5_I1_T4,position,A2,U1,P3,L5,I1,T4,S02,excluded_source_missing,only U4 solved-position sample stream exists on disk,
X_A2_U1_P3_L5_I1_T5,position,A2,U1,P3,L5,I1,T5,S02,excluded_source_missing,only U4 solved-position sample stream exists on disk,
X_A2_U1_P3_L5_I2_T1,position,A2,U1,P3,L5,I2,T1,S02,excluded_source_missing,only U4 solved-position sample stream exists on disk,
X_A2_U1_P3_L5_I2_T2,position,A2,U1,P3,L5,I2,T2,S02,excluded_source_missing,only U4 solved-position sample stream exists on disk,
X_A2_U1_P3_L5_I2_T3,position,A2,U1,P3,L5,I2,T3,S02,excluded_source_missing,only U4 solved-position sample stream exists on disk,
X_A2_U1_P3_L5_I2_T4,position,A2,U1,P3,L5,I2,T4,S02,excluded_source_missing,only U4 solved-position sample stream exists on disk,
X_A2_U1_P3_L5_I2_T5,position,A2,U1,P3,L5,I2,T5,S02,excluded_source_missing,only U4 solved-position sample stream exists on disk,
X_A2_U1_P3_L5_I3_T1,position,A2,U1,P3,L5,I3,T1,S02,excluded_source_missing,only U4 solved-position sample stream exists on disk,
X_A2_U1_P3_L5_I3_T2,position,A2,U1,P3,L5,I3,T2,S02,excluded_source_missing,only U4 solved-position sample stream exists on disk,
X_A2_U1_P3_L5_I3_T3,position,A2,U1,P3,L5,I3,T3,S02,excluded_source_missing,only U4 solved-position sample stream exists on disk,
X_A2_U1_P3_L5_I3_T4,position,A2,U1,P3,L5,I3,T4,S02,excluded_source_missing,only U4 solved-position sample stream exists on disk,
X_A2_U1_P3_L5_I3_T5,position,A2,U1,P3,L5,I3,T5,S02,excluded_source_missing,only U4 solved-position sample stream exists on disk,
X_A2_U1_P3_L5_I4_T1,position,A2,U1,P3,L5,I4,T1,S02,excluded_source_missing,only U4 solved-position sample stream exists on disk,
X_A2_U1_P3_L5_I4_T2,position,A2,U1,P3,L5,I4,T2,S02,excluded_source_missing,only U4 solved-position sample stream exists on disk,
X_A2_U1_P3_L5_I4_T3,position,A2,U1,P3,L5,I4,T3,S02,excluded_source_missing,only U4 solved-position sample stream exists on disk,
X_A2_U1_P3_L5_I4_T4,position,A2,U1,P3,L5,I4,T4,S02,excluded_source_missing,only U4 solved-position sample stream exists on disk,
X_A2_U1_P3_L5_I4_T5,position,A2,U1,P3,L5,I4,T5,S02,excluded_source_missing,only U4 solved-position sample stream exists on disk,
X_A2_U1_P3_L5_I5_T1,position,A2,U1,P3,L5,I5,T1,S02,excluded_source_missing,only U4 solved-position sample stream exists on disk,
X_A2_U1_P3_L5_I5_T2,position,A2,U1,P3,L5,I5,T2,S02,excluded_source_missing,only U4 solved-position sample stream exists on disk,
X_A2_U1_P3_L5_I5_T3,position,A2,U1,P3,L5,I5,T3,S02,excluded_source_missing,only U4 solved-position sample stream exists on disk,
X_A2_U1_P3_L5_I5_T4,position,A2,U1,P3,L5,I5,T4,S02,excluded_source_missing,only U4 solved-position sample stream exists on disk,
X_A2_U1_P3_L5_I5_T5,position,A2,U1,P3,L5,I5,T5,S02,excluded_source_missing,only U4 solved-position sample stream exists on disk,
X_A2_U1_P3_L5_I6_T1,position,A2,U1,P3,L5,I6,T1,S02,excluded_source_missing,only U4 solved-position sample stream exists on disk,
X_A2_U1_P3_L5_I6_T2,position,A2,U1,P3,L5,I6,T2,S02,excluded_source_missing,only U4 solved-position sample stream exists on disk,
X_A2_U1_P3_L5_I6_T3,position,A2,U1,P3,L5,I6,T3,S02,excluded_source_missing,only U4 solved-position sample stream exists on disk,
X_A2_U1_P3_L5_I6_T4,position,A2,U1,P3,L5,I6,T4,S02,excluded_source_missing,only U4 solved-position sample stream exists on disk,
X_A2_U1_P3_L5_I6_T5,position,A2,U1,P3,L5,I6,T5,S02,excluded_source_missing,only U4 solved-position sample stream exists on disk,
X_A2_U1_P3_L5_I7_T1,position,A2,U1,P3,L5,I7,T1,S02,excluded_source_missing,only U4 solved-position sample stream exists on disk,
X_A2_U1_P3_L5_I7_T2,position,A2,U1,P3,L5,I7,T2,S02,excluded_source_missing,only U4 solved-position sample stream exists on disk,
X_A2_U1_P3_L5_I7_T3,position,A2,U1,P3,L5,I7,T3,S02,excluded_source_missing,only U4 solved-position sample stream exists on disk,
X_A2_U1_P3_L5_I7_T4,position,A2,U1,P3,L5,I7,T4,S02,excluded_source_missing,only U4 solved-position sample stream exists on disk,
X_A2_U1_P3_L5_I7_T5,position,A2,U1,P3,L5,I7,T5,S02,excluded_source_missing,only U4 solved-position sample stream exists on disk,
X_A2_U1_P3_L5_I8_T1,position,A2,U1,P3,L5,I8,T1,S02,excluded_source_missing,only U4 solved-position sample stream exists on disk,
X_A2_U1_P3_L5_I8_T2,position,A2,U1,P3,L5,I8,T2,S02,excluded_source_missing,only U4 solved-position sample stream exists on disk,
X_A2_U1_P3_L5_I8_T3,position,A2,U1,P3,L5,I8,T3,S02,excluded_source_missing,only U4 solved-position sample stream exists on disk,
X_A2_U1_P3_L5_I8_T4,position,A2,U1,P3,L5,I8,T4,S02,excluded_source_missing,only U4 solved-position sample stream exists on disk,
X_A2_U1_P3_L5_I8_T5,position,A2,U1,P3,L5,I8,T5,S02,excluded_source_missing,only U4 solved-position sample stream exists on disk,
X_A2_U1_P4_L5_I0_T1,position,A2,U1,P4,L5,I0,T1,S02,excluded_source_missing,only U4 solved-position sample stream exists on disk,
X_A2_U1_P4_L5_I0_T2,position,A2,U1,P4,L5,I0,T2,S02,excluded_source_missing,only U4 solved-position sample stream exists on disk,
X_A2_U1_P4_L5_I0_T3,position,A2,U1,P4,L5,I0,T3,S02,excluded_source_missing,only U4 solved-position sample stream exists on disk,
X_A2_U1_P4_L5_I0_T4,position,A2,U1,P4,L5,I0,T4,S02,excluded_source_missing,only U4 solved-position sample stream exists on disk,
X_A2_U1_P4_L5_I0_T5,position,A2,U1,P4,L5,I0,T5,S02,excluded_source_missing,only U4 solved-position sample stream exists on disk,
X_A2_U1_P4_L5_I1_T1,position,A2,U1,P4,L5,I1,T1,S02,excluded_source_missing,only U4 solved-position sample stream exists on disk,
X_A2_U1_P4_L5_I1_T2,position,A2,U1,P4,L5,I1,T2,S02,excluded_source_missing,only U4 solved-position sample stream exists on disk,
X_A2_U1_P4_L5_I1_T3,position,A2,U1,P4,L5,I1,T3,S02,excluded_source_missing,only U4 solved-position sample stream exists on disk,
X_A2_U1_P4_L5_I1_T4,position,A2,U1,P4,L5,I1,T4,S02,excluded_source_missing,only U4 solved-position sample stream exists on disk,
X_A2_U1_P4_L5_I1_T5,position,A2,U1,P4,L5,I1,T5,S02,excluded_source_missing,only U4 solved-position sample stream exists on disk,
X_A2_U1_P4_L5_I2_T1,position,A2,U1,P4,L5,I2,T1,S02,excluded_source_missing,only U4 solved-position sample stream exists on disk,
X_A2_U1_P4_L5_I2_T2,position,A2,U1,P4,L5,I2,T2,S02,excluded_source_missing,only U4 solved-position sample stream exists on disk,
X_A2_U1_P4_L5_I2_T3,position,A2,U1,P4,L5,I2,T3,S02,excluded_source_missing,only U4 solved-position sample stream exists on disk,
X_A2_U1_P4_L5_I2_T4,position,A2,U1,P4,L5,I2,T4,S02,excluded_source_missing,only U4 solved-position sample stream exists on disk,
X_A2_U1_P4_L5_I2_T5,position,A2,U1,P4,L5,I2,T5,S02,excluded_source_missing,only U4 solved-position sample stream exists on disk,
X_A2_U1_P4_L5_I3_T1,position,A2,U1,P4,L5,I3,T1,S02,excluded_source_missing,only U4 solved-position sample stream exists on disk,
X_A2_U1_P4_L5_I3_T2,position,A2,U1,P4,L5,I3,T2,S02,excluded_source_missing,only U4 solved-position sample stream exists on disk,
X_A2_U1_P4_L5_I3_T3,position,A2,U1,P4,L5,I3,T3,S02,excluded_source_missing,only U4 solved-position sample stream exists on disk,
X_A2_U1_P4_L5_I3_T4,position,A2,U1,P4,L5,I3,T4,S02,excluded_source_missing,only U4 solved-position sample stream exists on disk,
X_A2_U1_P4_L5_I3_T5,position,A2,U1,P4,L5,I3,T5,S02,excluded_source_missing,only U4 solved-position sample stream exists on disk,
X_A2_U1_P4_L5_I4_T1,position,A2,U1,P4,L5,I4,T1,S02,excluded_source_missing,only U4 solved-position sample stream exists on disk,
X_A2_U1_P4_L5_I4_T2,position,A2,U1,P4,L5,I4,T2,S02,excluded_source_missing,only U4 solved-position sample stream exists on disk,
X_A2_U1_P4_L5_I4_T3,position,A2,U1,P4,L5,I4,T3,S02,excluded_source_missing,only U4 solved-position sample stream exists on disk,
X_A2_U1_P4_L5_I4_T4,position,A2,U1,P4,L5,I4,T4,S02,excluded_source_missing,only U4 solved-position sample stream exists on disk,
X_A2_U1_P4_L5_I4_T5,position,A2,U1,P4,L5,I4,T5,S02,excluded_source_missing,only U4 solved-position sample stream exists on disk,
X_A2_U1_P4_L5_I5_T1,position,A2,U1,P4,L5,I5,T1,S02,excluded_source_missing,only U4 solved-position sample stream exists on disk,
X_A2_U1_P4_L5_I5_T2,position,A2,U1,P4,L5,I5,T2,S02,excluded_source_missing,only U4 solved-position sample stream exists on disk,
X_A2_U1_P4_L5_I5_T3,position,A2,U1,P4,L5,I5,T3,S02,excluded_source_missing,only U4 solved-position sample stream exists on disk,
X_A2_U1_P4_L5_I5_T4,position,A2,U1,P4,L5,I5,T4,S02,excluded_source_missing,only U4 solved-position sample stream exists on disk,
X_A2_U1_P4_L5_I5_T5,position,A2,U1,P4,L5,I5,T5,S02,excluded_source_missing,only U4 solved-position sample stream exists on disk,
X_A2_U1_P4_L5_I6_T1,position,A2,U1,P4,L5,I6,T1,S02,excluded_source_missing,only U4 solved-position sample stream exists on disk,
X_A2_U1_P4_L5_I6_T2,position,A2,U1,P4,L5,I6,T2,S02,excluded_source_missing,only U4 solved-position sample stream exists on disk,
X_A2_U1_P4_L5_I6_T3,position,A2,U1,P4,L5,I6,T3,S02,excluded_source_missing,only U4 solved-position sample stream exists on disk,
X_A2_U1_P4_L5_I6_T4,position,A2,U1,P4,L5,I6,T4,S02,excluded_source_missing,only U4 solved-position sample stream exists on disk,
X_A2_U1_P4_L5_I6_T5,position,A2,U1,P4,L5,I6,T5,S02,excluded_source_missing,only U4 solved-position sample stream exists on disk,
X_A2_U1_P4_L5_I7_T1,position,A2,U1,P4,L5,I7,T1,S02,excluded_source_missing,only U4 solved-position sample stream exists on disk,
X_A2_U1_P4_L5_I7_T2,position,A2,U1,P4,L5,I7,T2,S02,excluded_source_missing,only U4 solved-position sample stream exists on disk,
X_A2_U1_P4_L5_I7_T3,position,A2,U1,P4,L5,I7,T3,S02,excluded_source_missing,only U4 solved-position sample stream exists on disk,
X_A2_U1_P4_L5_I7_T4,position,A2,U1,P4,L5,I7,T4,S02,excluded_source_missing,only U4 solved-position sample stream exists on disk,
X_A2_U1_P4_L5_I7_T5,position,A2,U1,P4,L5,I7,T5,S02,excluded_source_missing,only U4 solved-position sample stream exists on disk,
X_A2_U1_P4_L5_I8_T1,position,A2,U1,P4,L5,I8,T1,S02,excluded_source_missing,only U4 solved-position sample stream exists on disk,
X_A2_U1_P4_L5_I8_T2,position,A2,U1,P4,L5,I8,T2,S02,excluded_source_missing,only U4 solved-position sample stream exists on disk,
X_A2_U1_P4_L5_I8_T3,position,A2,U1,P4,L5,I8,T3,S02,excluded_source_missing,only U4 solved-position sample stream exists on disk,
X_A2_U1_P4_L5_I8_T4,position,A2,U1,P4,L5,I8,T4,S02,excluded_source_missing,only U4 solved-position sample stream exists on disk,
X_A2_U1_P4_L5_I8_T5,position,A2,U1,P4,L5,I8,T5,S02,excluded_source_missing,only U4 solved-position sample stream exists on disk,
X_A2_U1_P5_L5_I0_T1,position,A2,U1,P5,L5,I0,T1,S02,excluded_source_missing,only U4 solved-position sample stream exists on disk,
X_A2_U1_P5_L5_I0_T2,position,A2,U1,P5,L5,I0,T2,S02,excluded_source_missing,only U4 solved-position sample stream exists on disk,
X_A2_U1_P5_L5_I0_T3,position,A2,U1,P5,L5,I0,T3,S02,excluded_source_missing,only U4 solved-position sample stream exists on disk,
X_A2_U1_P5_L5_I0_T4,position,A2,U1,P5,L5,I0,T4,S02,excluded_source_missing,only U4 solved-position sample stream exists on disk,
X_A2_U1_P5_L5_I0_T5,position,A2,U1,P5,L5,I0,T5,S02,excluded_source_missing,only U4 solved-position sample stream exists on disk,
X_A2_U1_P5_L5_I1_T1,position,A2,U1,P5,L5,I1,T1,S02,excluded_source_missing,only U4 solved-position sample stream exists on disk,
X_A2_U1_P5_L5_I1_T2,position,A2,U1,P5,L5,I1,T2,S02,excluded_source_missing,only U4 solved-position sample stream exists on disk,
X_A2_U1_P5_L5_I1_T3,position,A2,U1,P5,L5,I1,T3,S02,excluded_source_missing,only U4 solved-position sample stream exists on disk,
X_A2_U1_P5_L5_I1_T4,position,A2,U1,P5,L5,I1,T4,S02,excluded_source_missing,only U4 solved-position sample stream exists on disk,
X_A2_U1_P5_L5_I1_T5,position,A2,U1,P5,L5,I1,T5,S02,excluded_source_missing,only U4 solved-position sample stream exists on disk,
X_A2_U1_P5_L5_I2_T1,position,A2,U1,P5,L5,I2,T1,S02,excluded_source_missing,only U4 solved-position sample stream exists on disk,
X_A2_U1_P5_L5_I2_T2,position,A2,U1,P5,L5,I2,T2,S02,excluded_source_missing,only U4 solved-position sample stream exists on disk,
X_A2_U1_P5_L5_I2_T3,position,A2,U1,P5,L5,I2,T3,S02,excluded_source_missing,only U4 solved-position sample stream exists on disk,
X_A2_U1_P5_L5_I2_T4,position,A2,U1,P5,L5,I2,T4,S02,excluded_source_missing,only U4 solved-position sample stream exists on disk,
X_A2_U1_P5_L5_I2_T5,position,A2,U1,P5,L5,I2,T5,S02,excluded_source_missing,only U4 solved-position sample stream exists on disk,
X_A2_U1_P5_L5_I3_T1,position,A2,U1,P5,L5,I3,T1,S02,excluded_source_missing,only U4 solved-position sample stream exists on disk,
X_A2_U1_P5_L5_I3_T2,position,A2,U1,P5,L5,I3,T2,S02,excluded_source_missing,only U4 solved-position sample stream exists on disk,
X_A2_U1_P5_L5_I3_T3,position,A2,U1,P5,L5,I3,T3,S02,excluded_source_missing,only U4 solved-position sample stream exists on disk,
X_A2_U1_P5_L5_I3_T4,position,A2,U1,P5,L5,I3,T4,S02,excluded_source_missing,only U4 solved-position sample stream exists on disk,
X_A2_U1_P5_L5_I3_T5,position,A2,U1,P5,L5,I3,T5,S02,excluded_source_missing,only U4 solved-position sample stream exists on disk,
X_A2_U1_P5_L5_I4_T1,position,A2,U1,P5,L5,I4,T1,S02,excluded_source_missing,only U4 solved-position sample stream exists on disk,
X_A2_U1_P5_L5_I4_T2,position,A2,U1,P5,L5,I4,T2,S02,excluded_source_missing,only U4 solved-position sample stream exists on disk,
X_A2_U1_P5_L5_I4_T3,position,A2,U1,P5,L5,I4,T3,S02,excluded_source_missing,only U4 solved-position sample stream exists on disk,
X_A2_U1_P5_L5_I4_T4,position,A2,U1,P5,L5,I4,T4,S02,excluded_source_missing,only U4 solved-position sample stream exists on disk,
X_A2_U1_P5_L5_I4_T5,position,A2,U1,P5,L5,I4,T5,S02,excluded_source_missing,only U4 solved-position sample stream exists on disk,
X_A2_U1_P5_L5_I5_T1,position,A2,U1,P5,L5,I5,T1,S02,excluded_source_missing,only U4 solved-position sample stream exists on disk,
X_A2_U1_P5_L5_I5_T2,position,A2,U1,P5,L5,I5,T2,S02,excluded_source_missing,only U4 solved-position sample stream exists on disk,
X_A2_U1_P5_L5_I5_T3,position,A2,U1,P5,L5,I5,T3,S02,excluded_source_missing,only U4 solved-position sample stream exists on disk,
X_A2_U1_P5_L5_I5_T4,position,A2,U1,P5,L5,I5,T4,S02,excluded_source_missing,only U4 solved-position sample stream exists on disk,
X_A2_U1_P5_L5_I5_T5,position,A2,U1,P5,L5,I5,T5,S02,excluded_source_missing,only U4 solved-position sample stream exists on disk,
X_A2_U1_P5_L5_I6_T1,position,A2,U1,P5,L5,I6,T1,S02,excluded_source_missing,only U4 solved-position sample stream exists on disk,
X_A2_U1_P5_L5_I6_T2,position,A2,U1,P5,L5,I6,T2,S02,excluded_source_missing,only U4 solved-position sample stream exists on disk,
X_A2_U1_P5_L5_I6_T3,position,A2,U1,P5,L5,I6,T3,S02,excluded_source_missing,only U4 solved-position sample stream exists on disk,
X_A2_U1_P5_L5_I6_T4,position,A2,U1,P5,L5,I6,T4,S02,excluded_source_missing,only U4 solved-position sample stream exists on disk,
X_A2_U1_P5_L5_I6_T5,position,A2,U1,P5,L5,I6,T5,S02,excluded_source_missing,only U4 solved-position sample stream exists on disk,
X_A2_U1_P5_L5_I7_T1,position,A2,U1,P5,L5,I7,T1,S02,excluded_source_missing,only U4 solved-position sample stream exists on disk,
X_A2_U1_P5_L5_I7_T2,position,A2,U1,P5,L5,I7,T2,S02,excluded_source_missing,only U4 solved-position sample stream exists on disk,
X_A2_U1_P5_L5_I7_T3,position,A2,U1,P5,L5,I7,T3,S02,excluded_source_missing,only U4 solved-position sample stream exists on disk,
X_A2_U1_P5_L5_I7_T4,position,A2,U1,P5,L5,I7,T4,S02,excluded_source_missing,only U4 solved-position sample stream exists on disk,
X_A2_U1_P5_L5_I7_T5,position,A2,U1,P5,L5,I7,T5,S02,excluded_source_missing,only U4 solved-position sample stream exists on disk,
X_A2_U1_P5_L5_I8_T1,position,A2,U1,P5,L5,I8,T1,S02,excluded_source_missing,only U4 solved-position sample stream exists on disk,
X_A2_U1_P5_L5_I8_T2,position,A2,U1,P5,L5,I8,T2,S02,excluded_source_missing,only U4 solved-position sample stream exists on disk,
X_A2_U1_P5_L5_I8_T3,position,A2,U1,P5,L5,I8,T3,S02,excluded_source_missing,only U4 solved-position sample stream exists on disk,
X_A2_U1_P5_L5_I8_T4,position,A2,U1,P5,L5,I8,T4,S02,excluded_source_missing,only U4 solved-position sample stream exists on disk,
X_A2_U1_P5_L5_I8_T5,position,A2,U1,P5,L5,I8,T5,S02,excluded_source_missing,only U4 solved-position sample stream exists on disk,
X_A2_U2_P0_L5_I0_T1,position,A2,U2,P0,L5,I0,T1,S02,excluded_source_missing,only U4 solved-position sample stream exists on disk,
X_A2_U2_P0_L5_I0_T2,position,A2,U2,P0,L5,I0,T2,S02,excluded_source_missing,only U4 solved-position sample stream exists on disk,
X_A2_U2_P0_L5_I0_T3,position,A2,U2,P0,L5,I0,T3,S02,excluded_source_missing,only U4 solved-position sample stream exists on disk,
X_A2_U2_P0_L5_I0_T4,position,A2,U2,P0,L5,I0,T4,S02,excluded_source_missing,only U4 solved-position sample stream exists on disk,
X_A2_U2_P0_L5_I0_T5,position,A2,U2,P0,L5,I0,T5,S02,excluded_source_missing,only U4 solved-position sample stream exists on disk,
X_A2_U2_P0_L5_I1_T1,position,A2,U2,P0,L5,I1,T1,S02,excluded_source_missing,only U4 solved-position sample stream exists on disk,
X_A2_U2_P0_L5_I1_T2,position,A2,U2,P0,L5,I1,T2,S02,excluded_source_missing,only U4 solved-position sample stream exists on disk,
X_A2_U2_P0_L5_I1_T3,position,A2,U2,P0,L5,I1,T3,S02,excluded_source_missing,only U4 solved-position sample stream exists on disk,
X_A2_U2_P0_L5_I1_T4,position,A2,U2,P0,L5,I1,T4,S02,excluded_source_missing,only U4 solved-position sample stream exists on disk,
X_A2_U2_P0_L5_I1_T5,position,A2,U2,P0,L5,I1,T5,S02,excluded_source_missing,only U4 solved-position sample stream exists on disk,
X_A2_U2_P0_L5_I2_T1,position,A2,U2,P0,L5,I2,T1,S02,excluded_source_missing,only U4 solved-position sample stream exists on disk,
X_A2_U2_P0_L5_I2_T2,position,A2,U2,P0,L5,I2,T2,S02,excluded_source_missing,only U4 solved-position sample stream exists on disk,
X_A2_U2_P0_L5_I2_T3,position,A2,U2,P0,L5,I2,T3,S02,excluded_source_missing,only U4 solved-position sample stream exists on disk,
X_A2_U2_P0_L5_I2_T4,position,A2,U2,P0,L5,I2,T4,S02,excluded_source_missing,only U4 solved-position sample stream exists on disk,
X_A2_U2_P0_L5_I2_T5,position,A2,U2,P0,L5,I2,T5,S02,excluded_source_missing,only U4 solved-position sample stream exists on disk,
X_A2_U2_P0_L5_I3_T1,position,A2,U2,P0,L5,I3,T1,S02,excluded_source_missing,only U4 solved-position sample stream exists on disk,
X_A2_U2_P0_L5_I3_T2,position,A2,U2,P0,L5,I3,T2,S02,excluded_source_missing,only U4 solved-position sample stream exists on disk,
X_A2_U2_P0_L5_I3_T3,position,A2,U2,P0,L5,I3,T3,S02,excluded_source_missing,only U4 solved-position sample stream exists on disk,
X_A2_U2_P0_L5_I3_T4,position,A2,U2,P0,L5,I3,T4,S02,excluded_source_missing,only U4 solved-position sample stream exists on disk,
X_A2_U2_P0_L5_I3_T5,position,A2,U2,P0,L5,I3,T5,S02,excluded_source_missing,only U4 solved-position sample stream exists on disk,
X_A2_U2_P0_L5_I4_T1,position,A2,U2,P0,L5,I4,T1,S02,excluded_source_missing,only U4 solved-position sample stream exists on disk,
X_A2_U2_P0_L5_I4_T2,position,A2,U2,P0,L5,I4,T2,S02,excluded_source_missing,only U4 solved-position sample stream exists on disk,
X_A2_U2_P0_L5_I4_T3,position,A2,U2,P0,L5,I4,T3,S02,excluded_source_missing,only U4 solved-position sample stream exists on disk,
X_A2_U2_P0_L5_I4_T4,position,A2,U2,P0,L5,I4,T4,S02,excluded_source_missing,only U4 solved-position sample stream exists on disk,
X_A2_U2_P0_L5_I4_T5,position,A2,U2,P0,L5,I4,T5,S02,excluded_source_missing,only U4 solved-position sample stream exists on disk,
X_A2_U2_P0_L5_I5_T1,position,A2,U2,P0,L5,I5,T1,S02,excluded_source_missing,only U4 solved-position sample stream exists on disk,
X_A2_U2_P0_L5_I5_T2,position,A2,U2,P0,L5,I5,T2,S02,excluded_source_missing,only U4 solved-position sample stream exists on disk,
X_A2_U2_P0_L5_I5_T3,position,A2,U2,P0,L5,I5,T3,S02,excluded_source_missing,only U4 solved-position sample stream exists on disk,
X_A2_U2_P0_L5_I5_T4,position,A2,U2,P0,L5,I5,T4,S02,excluded_source_missing,only U4 solved-position sample stream exists on disk,
X_A2_U2_P0_L5_I5_T5,position,A2,U2,P0,L5,I5,T5,S02,excluded_source_missing,only U4 solved-position sample stream exists on disk,
X_A2_U2_P0_L5_I6_T1,position,A2,U2,P0,L5,I6,T1,S02,excluded_source_missing,only U4 solved-position sample stream exists on disk,
X_A2_U2_P0_L5_I6_T2,position,A2,U2,P0,L5,I6,T2,S02,excluded_source_missing,only U4 solved-position sample stream exists on disk,
X_A2_U2_P0_L5_I6_T3,position,A2,U2,P0,L5,I6,T3,S02,excluded_source_missing,only U4 solved-position sample stream exists on disk,
X_A2_U2_P0_L5_I6_T4,position,A2,U2,P0,L5,I6,T4,S02,excluded_source_missing,only U4 solved-position sample stream exists on disk,
X_A2_U2_P0_L5_I6_T5,position,A2,U2,P0,L5,I6,T5,S02,excluded_source_missing,only U4 solved-position sample stream exists on disk,
X_A2_U2_P0_L5_I7_T1,position,A2,U2,P0,L5,I7,T1,S02,excluded_source_missing,only U4 solved-position sample stream exists on disk,
X_A2_U2_P0_L5_I7_T2,position,A2,U2,P0,L5,I7,T2,S02,excluded_source_missing,only U4 solved-position sample stream exists on disk,
X_A2_U2_P0_L5_I7_T3,position,A2,U2,P0,L5,I7,T3,S02,excluded_source_missing,only U4 solved-position sample stream exists on disk,
X_A2_U2_P0_L5_I7_T4,position,A2,U2,P0,L5,I7,T4,S02,excluded_source_missing,only U4 solved-position sample stream exists on disk,
X_A2_U2_P0_L5_I7_T5,position,A2,U2,P0,L5,I7,T5,S02,excluded_source_missing,only U4 solved-position sample stream exists on disk,
X_A2_U2_P0_L5_I8_T1,position,A2,U2,P0,L5,I8,T1,S02,excluded_source_missing,only U4 solved-position sample stream exists on disk,
X_A2_U2_P0_L5_I8_T2,position,A2,U2,P0,L5,I8,T2,S02,excluded_source_missing,only U4 solved-position sample stream exists on disk,
X_A2_U2_P0_L5_I8_T3,position,A2,U2,P0,L5,I8,T3,S02,excluded_source_missing,only U4 solved-position sample stream exists on disk,
X_A2_U2_P0_L5_I8_T4,position,A2,U2,P0,L5,I8,T4,S02,excluded_source_missing,only U4 solved-position sample stream exists on disk,
X_A2_U2_P0_L5_I8_T5,position,A2,U2,P0,L5,I8,T5,S02,excluded_source_missing,only U4 solved-position sample stream exists on disk,
X_A2_U2_P1_L5_I0_T1,position,A2,U2,P1,L5,I0,T1,S02,excluded_source_missing,only U4 solved-position sample stream exists on disk,
X_A2_U2_P1_L5_I0_T2,position,A2,U2,P1,L5,I0,T2,S02,excluded_source_missing,only U4 solved-position sample stream exists on disk,
X_A2_U2_P1_L5_I0_T3,position,A2,U2,P1,L5,I0,T3,S02,excluded_source_missing,only U4 solved-position sample stream exists on disk,
X_A2_U2_P1_L5_I0_T4,position,A2,U2,P1,L5,I0,T4,S02,excluded_source_missing,only U4 solved-position sample stream exists on disk,
X_A2_U2_P1_L5_I0_T5,position,A2,U2,P1,L5,I0,T5,S02,excluded_source_missing,only U4 solved-position sample stream exists on disk,
X_A2_U2_P1_L5_I1_T1,position,A2,U2,P1,L5,I1,T1,S02,excluded_source_missing,only U4 solved-position sample stream exists on disk,
X_A2_U2_P1_L5_I1_T2,position,A2,U2,P1,L5,I1,T2,S02,excluded_source_missing,only U4 solved-position sample stream exists on disk,
X_A2_U2_P1_L5_I1_T3,position,A2,U2,P1,L5,I1,T3,S02,excluded_source_missing,only U4 solved-position sample stream exists on disk,
X_A2_U2_P1_L5_I1_T4,position,A2,U2,P1,L5,I1,T4,S02,excluded_source_missing,only U4 solved-position sample stream exists on disk,
X_A2_U2_P1_L5_I1_T5,position,A2,U2,P1,L5,I1,T5,S02,excluded_source_missing,only U4 solved-position sample stream exists on disk,
X_A2_U2_P1_L5_I2_T1,position,A2,U2,P1,L5,I2,T1,S02,excluded_source_missing,only U4 solved-position sample stream exists on disk,
X_A2_U2_P1_L5_I2_T2,position,A2,U2,P1,L5,I2,T2,S02,excluded_source_missing,only U4 solved-position sample stream exists on disk,
X_A2_U2_P1_L5_I2_T3,position,A2,U2,P1,L5,I2,T3,S02,excluded_source_missing,only U4 solved-position sample stream exists on disk,
X_A2_U2_P1_L5_I2_T4,position,A2,U2,P1,L5,I2,T4,S02,excluded_source_missing,only U4 solved-position sample stream exists on disk,
X_A2_U2_P1_L5_I2_T5,position,A2,U2,P1,L5,I2,T5,S02,excluded_source_missing,only U4 solved-position sample stream exists on disk,
X_A2_U2_P1_L5_I3_T1,position,A2,U2,P1,L5,I3,T1,S02,excluded_source_missing,only U4 solved-position sample stream exists on disk,
X_A2_U2_P1_L5_I3_T2,position,A2,U2,P1,L5,I3,T2,S02,excluded_source_missing,only U4 solved-position sample stream exists on disk,
X_A2_U2_P1_L5_I3_T3,position,A2,U2,P1,L5,I3,T3,S02,excluded_source_missing,only U4 solved-position sample stream exists on disk,
X_A2_U2_P1_L5_I3_T4,position,A2,U2,P1,L5,I3,T4,S02,excluded_source_missing,only U4 solved-position sample stream exists on disk,
X_A2_U2_P1_L5_I3_T5,position,A2,U2,P1,L5,I3,T5,S02,excluded_source_missing,only U4 solved-position sample stream exists on disk,
X_A2_U2_P1_L5_I4_T1,position,A2,U2,P1,L5,I4,T1,S02,excluded_source_missing,only U4 solved-position sample stream exists on disk,
X_A2_U2_P1_L5_I4_T2,position,A2,U2,P1,L5,I4,T2,S02,excluded_source_missing,only U4 solved-position sample stream exists on disk,
X_A2_U2_P1_L5_I4_T3,position,A2,U2,P1,L5,I4,T3,S02,excluded_source_missing,only U4 solved-position sample stream exists on disk,
X_A2_U2_P1_L5_I4_T4,position,A2,U2,P1,L5,I4,T4,S02,excluded_source_missing,only U4 solved-position sample stream exists on disk,
X_A2_U2_P1_L5_I4_T5,position,A2,U2,P1,L5,I4,T5,S02,excluded_source_missing,only U4 solved-position sample stream exists on disk,
X_A2_U2_P1_L5_I5_T1,position,A2,U2,P1,L5,I5,T1,S02,excluded_source_missing,only U4 solved-position sample stream exists on disk,
X_A2_U2_P1_L5_I5_T2,position,A2,U2,P1,L5,I5,T2,S02,excluded_source_missing,only U4 solved-position sample stream exists on disk,
X_A2_U2_P1_L5_I5_T3,position,A2,U2,P1,L5,I5,T3,S02,excluded_source_missing,only U4 solved-position sample stream exists on disk,
X_A2_U2_P1_L5_I5_T4,position,A2,U2,P1,L5,I5,T4,S02,excluded_source_missing,only U4 solved-position sample stream exists on disk,
X_A2_U2_P1_L5_I5_T5,position,A2,U2,P1,L5,I5,T5,S02,excluded_source_missing,only U4 solved-position sample stream exists on disk,
X_A2_U2_P1_L5_I6_T1,position,A2,U2,P1,L5,I6,T1,S02,excluded_source_missing,only U4 solved-position sample stream exists on disk,
X_A2_U2_P1_L5_I6_T2,position,A2,U2,P1,L5,I6,T2,S02,excluded_source_missing,only U4 solved-position sample stream exists on disk,
X_A2_U2_P1_L5_I6_T3,position,A2,U2,P1,L5,I6,T3,S02,excluded_source_missing,only U4 solved-position sample stream exists on disk,
X_A2_U2_P1_L5_I6_T4,position,A2,U2,P1,L5,I6,T4,S02,excluded_source_missing,only U4 solved-position sample stream exists on disk,
X_A2_U2_P1_L5_I6_T5,position,A2,U2,P1,L5,I6,T5,S02,excluded_source_missing,only U4 solved-position sample stream exists on disk,
X_A2_U2_P1_L5_I7_T1,position,A2,U2,P1,L5,I7,T1,S02,excluded_source_missing,only U4 solved-position sample stream exists on disk,
X_A2_U2_P1_L5_I7_T2,position,A2,U2,P1,L5,I7,T2,S02,excluded_source_missing,only U4 solved-position sample stream exists on disk,
X_A2_U2_P1_L5_I7_T3,position,A2,U2,P1,L5,I7,T3,S02,excluded_source_missing,only U4 solved-position sample stream exists on disk,
X_A2_U2_P1_L5_I7_T4,position,A2,U2,P1,L5,I7,T4,S02,excluded_source_missing,only U4 solved-position sample stream exists on disk,
X_A2_U2_P1_L5_I7_T5,position,A2,U2,P1,L5,I7,T5,S02,excluded_source_missing,only U4 solved-position sample stream exists on disk,
X_A2_U2_P1_L5_I8_T1,position,A2,U2,P1,L5,I8,T1,S02,excluded_source_missing,only U4 solved-position sample stream exists on disk,
X_A2_U2_P1_L5_I8_T2,position,A2,U2,P1,L5,I8,T2,S02,excluded_source_missing,only U4 solved-position sample stream exists on disk,
X_A2_U2_P1_L5_I8_T3,position,A2,U2,P1,L5,I8,T3,S02,excluded_source_missing,only U4 solved-position sample stream exists on disk,
X_A2_U2_P1_L5_I8_T4,position,A2,U2,P1,L5,I8,T4,S02,excluded_source_missing,only U4 solved-position sample stream exists on disk,
X_A2_U2_P1_L5_I8_T5,position,A2,U2,P1,L5,I8,T5,S02,excluded_source_missing,only U4 solved-position sample stream exists on disk,
X_A2_U2_P2_L5_I0_T1,position,A2,U2,P2,L5,I0,T1,S02,excluded_source_missing,only U4 solved-position sample stream exists on disk,
X_A2_U2_P2_L5_I0_T2,position,A2,U2,P2,L5,I0,T2,S02,excluded_source_missing,only U4 solved-position sample stream exists on disk,
X_A2_U2_P2_L5_I0_T3,position,A2,U2,P2,L5,I0,T3,S02,excluded_source_missing,only U4 solved-position sample stream exists on disk,
X_A2_U2_P2_L5_I0_T4,position,A2,U2,P2,L5,I0,T4,S02,excluded_source_missing,only U4 solved-position sample stream exists on disk,
X_A2_U2_P2_L5_I0_T5,position,A2,U2,P2,L5,I0,T5,S02,excluded_source_missing,only U4 solved-position sample stream exists on disk,
X_A2_U2_P2_L5_I1_T1,position,A2,U2,P2,L5,I1,T1,S02,excluded_source_missing,only U4 solved-position sample stream exists on disk,
X_A2_U2_P2_L5_I1_T2,position,A2,U2,P2,L5,I1,T2,S02,excluded_source_missing,only U4 solved-position sample stream exists on disk,
X_A2_U2_P2_L5_I1_T3,position,A2,U2,P2,L5,I1,T3,S02,excluded_source_missing,only U4 solved-position sample stream exists on disk,
X_A2_U2_P2_L5_I1_T4,position,A2,U2,P2,L5,I1,T4,S02,excluded_source_missing,only U4 solved-position sample stream exists on disk,
X_A2_U2_P2_L5_I1_T5,position,A2,U2,P2,L5,I1,T5,S02,excluded_source_missing,only U4 solved-position sample stream exists on disk,
X_A2_U2_P2_L5_I2_T1,position,A2,U2,P2,L5,I2,T1,S02,excluded_source_missing,only U4 solved-position sample stream exists on disk,
X_A2_U2_P2_L5_I2_T2,position,A2,U2,P2,L5,I2,T2,S02,excluded_source_missing,only U4 solved-position sample stream exists on disk,
X_A2_U2_P2_L5_I2_T3,position,A2,U2,P2,L5,I2,T3,S02,excluded_source_missing,only U4 solved-position sample stream exists on disk,
X_A2_U2_P2_L5_I2_T4,position,A2,U2,P2,L5,I2,T4,S02,excluded_source_missing,only U4 solved-position sample stream exists on disk,
X_A2_U2_P2_L5_I2_T5,position,A2,U2,P2,L5,I2,T5,S02,excluded_source_missing,only U4 solved-position sample stream exists on disk,
X_A2_U2_P2_L5_I3_T1,position,A2,U2,P2,L5,I3,T1,S02,excluded_source_missing,only U4 solved-position sample stream exists on disk,
X_A2_U2_P2_L5_I3_T2,position,A2,U2,P2,L5,I3,T2,S02,excluded_source_missing,only U4 solved-position sample stream exists on disk,
X_A2_U2_P2_L5_I3_T3,position,A2,U2,P2,L5,I3,T3,S02,excluded_source_missing,only U4 solved-position sample stream exists on disk,
X_A2_U2_P2_L5_I3_T4,position,A2,U2,P2,L5,I3,T4,S02,excluded_source_missing,only U4 solved-position sample stream exists on disk,
X_A2_U2_P2_L5_I3_T5,position,A2,U2,P2,L5,I3,T5,S02,excluded_source_missing,only U4 solved-position sample stream exists on disk,
X_A2_U2_P2_L5_I4_T1,position,A2,U2,P2,L5,I4,T1,S02,excluded_source_missing,only U4 solved-position sample stream exists on disk,
X_A2_U2_P2_L5_I4_T2,position,A2,U2,P2,L5,I4,T2,S02,excluded_source_missing,only U4 solved-position sample stream exists on disk,
X_A2_U2_P2_L5_I4_T3,position,A2,U2,P2,L5,I4,T3,S02,excluded_source_missing,only U4 solved-position sample stream exists on disk,
X_A2_U2_P2_L5_I4_T4,position,A2,U2,P2,L5,I4,T4,S02,excluded_source_missing,only U4 solved-position sample stream exists on disk,
X_A2_U2_P2_L5_I4_T5,position,A2,U2,P2,L5,I4,T5,S02,excluded_source_missing,only U4 solved-position sample stream exists on disk,
X_A2_U2_P2_L5_I5_T1,position,A2,U2,P2,L5,I5,T1,S02,excluded_source_missing,only U4 solved-position sample stream exists on disk,
X_A2_U2_P2_L5_I5_T2,position,A2,U2,P2,L5,I5,T2,S02,excluded_source_missing,only U4 solved-position sample stream exists on disk,
X_A2_U2_P2_L5_I5_T3,position,A2,U2,P2,L5,I5,T3,S02,excluded_source_missing,only U4 solved-position sample stream exists on disk,
X_A2_U2_P2_L5_I5_T4,position,A2,U2,P2,L5,I5,T4,S02,excluded_source_missing,only U4 solved-position sample stream exists on disk,
X_A2_U2_P2_L5_I5_T5,position,A2,U2,P2,L5,I5,T5,S02,excluded_source_missing,only U4 solved-position sample stream exists on disk,
X_A2_U2_P2_L5_I6_T1,position,A2,U2,P2,L5,I6,T1,S02,excluded_source_missing,only U4 solved-position sample stream exists on disk,
X_A2_U2_P2_L5_I6_T2,position,A2,U2,P2,L5,I6,T2,S02,excluded_source_missing,only U4 solved-position sample stream exists on disk,
X_A2_U2_P2_L5_I6_T3,position,A2,U2,P2,L5,I6,T3,S02,excluded_source_missing,only U4 solved-position sample stream exists on disk,
X_A2_U2_P2_L5_I6_T4,position,A2,U2,P2,L5,I6,T4,S02,excluded_source_missing,only U4 solved-position sample stream exists on disk,
X_A2_U2_P2_L5_I6_T5,position,A2,U2,P2,L5,I6,T5,S02,excluded_source_missing,only U4 solved-position sample stream exists on disk,
X_A2_U2_P2_L5_I7_T1,position,A2,U2,P2,L5,I7,T1,S02,excluded_source_missing,only U4 solved-position sample stream exists on disk,
X_A2_U2_P2_L5_I7_T2,position,A2,U2,P2,L5,I7,T2,S02,excluded_source_missing,only U4 solved-position sample stream exists on disk,
X_A2_U2_P2_L5_I7_T3,position,A2,U2,P2,L5,I7,T3,S02,excluded_source_missing,only U4 solved-position sample stream exists on disk,
X_A2_U2_P2_L5_I7_T4,position,A2,U2,P2,L5,I7,T4,S02,excluded_source_missing,only U4 solved-position sample stream exists on disk,
X_A2_U2_P2_L5_I7_T5,position,A2,U2,P2,L5,I7,T5,S02,excluded_source_missing,only U4 solved-position sample stream exists on disk,
X_A2_U2_P2_L5_I8_T1,position,A2,U2,P2,L5,I8,T1,S02,excluded_source_missing,only U4 solved-position sample stream exists on disk,
X_A2_U2_P2_L5_I8_T2,position,A2,U2,P2,L5,I8,T2,S02,excluded_source_missing,only U4 solved-position sample stream exists on disk,
X_A2_U2_P2_L5_I8_T3,position,A2,U2,P2,L5,I8,T3,S02,excluded_source_missing,only U4 solved-position sample stream exists on disk,
X_A2_U2_P2_L5_I8_T4,position,A2,U2,P2,L5,I8,T4,S02,excluded_source_missing,only U4 solved-position sample stream exists on disk,
X_A2_U2_P2_L5_I8_T5,position,A2,U2,P2,L5,I8,T5,S02,excluded_source_missing,only U4 solved-position sample stream exists on disk,
X_A2_U2_P3_L5_I0_T1,position,A2,U2,P3,L5,I0,T1,S02,excluded_source_missing,only U4 solved-position sample stream exists on disk,
X_A2_U2_P3_L5_I0_T2,position,A2,U2,P3,L5,I0,T2,S02,excluded_source_missing,only U4 solved-position sample stream exists on disk,
X_A2_U2_P3_L5_I0_T3,position,A2,U2,P3,L5,I0,T3,S02,excluded_source_missing,only U4 solved-position sample stream exists on disk,
X_A2_U2_P3_L5_I0_T4,position,A2,U2,P3,L5,I0,T4,S02,excluded_source_missing,only U4 solved-position sample stream exists on disk,
X_A2_U2_P3_L5_I0_T5,position,A2,U2,P3,L5,I0,T5,S02,excluded_source_missing,only U4 solved-position sample stream exists on disk,
X_A2_U2_P3_L5_I1_T1,position,A2,U2,P3,L5,I1,T1,S02,excluded_source_missing,only U4 solved-position sample stream exists on disk,
X_A2_U2_P3_L5_I1_T2,position,A2,U2,P3,L5,I1,T2,S02,excluded_source_missing,only U4 solved-position sample stream exists on disk,
X_A2_U2_P3_L5_I1_T3,position,A2,U2,P3,L5,I1,T3,S02,excluded_source_missing,only U4 solved-position sample stream exists on disk,
X_A2_U2_P3_L5_I1_T4,position,A2,U2,P3,L5,I1,T4,S02,excluded_source_missing,only U4 solved-position sample stream exists on disk,
X_A2_U2_P3_L5_I1_T5,position,A2,U2,P3,L5,I1,T5,S02,excluded_source_missing,only U4 solved-position sample stream exists on disk,
X_A2_U2_P3_L5_I2_T1,position,A2,U2,P3,L5,I2,T1,S02,excluded_source_missing,only U4 solved-position sample stream exists on disk,
X_A2_U2_P3_L5_I2_T2,position,A2,U2,P3,L5,I2,T2,S02,excluded_source_missing,only U4 solved-position sample stream exists on disk,
X_A2_U2_P3_L5_I2_T3,position,A2,U2,P3,L5,I2,T3,S02,excluded_source_missing,only U4 solved-position sample stream exists on disk,
X_A2_U2_P3_L5_I2_T4,position,A2,U2,P3,L5,I2,T4,S02,excluded_source_missing,only U4 solved-position sample stream exists on disk,
X_A2_U2_P3_L5_I2_T5,position,A2,U2,P3,L5,I2,T5,S02,excluded_source_missing,only U4 solved-position sample stream exists on disk,
X_A2_U2_P3_L5_I3_T1,position,A2,U2,P3,L5,I3,T1,S02,excluded_source_missing,only U4 solved-position sample stream exists on disk,
X_A2_U2_P3_L5_I3_T2,position,A2,U2,P3,L5,I3,T2,S02,excluded_source_missing,only U4 solved-position sample stream exists on disk,
X_A2_U2_P3_L5_I3_T3,position,A2,U2,P3,L5,I3,T3,S02,excluded_source_missing,only U4 solved-position sample stream exists on disk,
X_A2_U2_P3_L5_I3_T4,position,A2,U2,P3,L5,I3,T4,S02,excluded_source_missing,only U4 solved-position sample stream exists on disk,
X_A2_U2_P3_L5_I3_T5,position,A2,U2,P3,L5,I3,T5,S02,excluded_source_missing,only U4 solved-position sample stream exists on disk,
X_A2_U2_P3_L5_I4_T1,position,A2,U2,P3,L5,I4,T1,S02,excluded_source_missing,only U4 solved-position sample stream exists on disk,
X_A2_U2_P3_L5_I4_T2,position,A2,U2,P3,L5,I4,T2,S02,excluded_source_missing,only U4 solved-position sample stream exists on disk,
X_A2_U2_P3_L5_I4_T3,position,A2,U2,P3,L5,I4,T3,S02,excluded_source_missing,only U4 solved-position sample stream exists on disk,
X_A2_U2_P3_L5_I4_T4,position,A2,U2,P3,L5,I4,T4,S02,excluded_source_missing,only U4 solved-position sample stream exists on disk,
X_A2_U2_P3_L5_I4_T5,position,A2,U2,P3,L5,I4,T5,S02,excluded_source_missing,only U4 solved-position sample stream exists on disk,
X_A2_U2_P3_L5_I5_T1,position,A2,U2,P3,L5,I5,T1,S02,excluded_source_missing,only U4 solved-position sample stream exists on disk,
X_A2_U2_P3_L5_I5_T2,position,A2,U2,P3,L5,I5,T2,S02,excluded_source_missing,only U4 solved-position sample stream exists on disk,
X_A2_U2_P3_L5_I5_T3,position,A2,U2,P3,L5,I5,T3,S02,excluded_source_missing,only U4 solved-position sample stream exists on disk,
X_A2_U2_P3_L5_I5_T4,position,A2,U2,P3,L5,I5,T4,S02,excluded_source_missing,only U4 solved-position sample stream exists on disk,
X_A2_U2_P3_L5_I5_T5,position,A2,U2,P3,L5,I5,T5,S02,excluded_source_missing,only U4 solved-position sample stream exists on disk,
X_A2_U2_P3_L5_I6_T1,position,A2,U2,P3,L5,I6,T1,S02,excluded_source_missing,only U4 solved-position sample stream exists on disk,
X_A2_U2_P3_L5_I6_T2,position,A2,U2,P3,L5,I6,T2,S02,excluded_source_missing,only U4 solved-position sample stream exists on disk,
X_A2_U2_P3_L5_I6_T3,position,A2,U2,P3,L5,I6,T3,S02,excluded_source_missing,only U4 solved-position sample stream exists on disk,
X_A2_U2_P3_L5_I6_T4,position,A2,U2,P3,L5,I6,T4,S02,excluded_source_missing,only U4 solved-position sample stream exists on disk,
X_A2_U2_P3_L5_I6_T5,position,A2,U2,P3,L5,I6,T5,S02,excluded_source_missing,only U4 solved-position sample stream exists on disk,
X_A2_U2_P3_L5_I7_T1,position,A2,U2,P3,L5,I7,T1,S02,excluded_source_missing,only U4 solved-position sample stream exists on disk,
X_A2_U2_P3_L5_I7_T2,position,A2,U2,P3,L5,I7,T2,S02,excluded_source_missing,only U4 solved-position sample stream exists on disk,
X_A2_U2_P3_L5_I7_T3,position,A2,U2,P3,L5,I7,T3,S02,excluded_source_missing,only U4 solved-position sample stream exists on disk,
X_A2_U2_P3_L5_I7_T4,position,A2,U2,P3,L5,I7,T4,S02,excluded_source_missing,only U4 solved-position sample stream exists on disk,
X_A2_U2_P3_L5_I7_T5,position,A2,U2,P3,L5,I7,T5,S02,excluded_source_missing,only U4 solved-position sample stream exists on disk,
X_A2_U2_P3_L5_I8_T1,position,A2,U2,P3,L5,I8,T1,S02,excluded_source_missing,only U4 solved-position sample stream exists on disk,
X_A2_U2_P3_L5_I8_T2,position,A2,U2,P3,L5,I8,T2,S02,excluded_source_missing,only U4 solved-position sample stream exists on disk,
X_A2_U2_P3_L5_I8_T3,position,A2,U2,P3,L5,I8,T3,S02,excluded_source_missing,only U4 solved-position sample stream exists on disk,
X_A2_U2_P3_L5_I8_T4,position,A2,U2,P3,L5,I8,T4,S02,excluded_source_missing,only U4 solved-position sample stream exists on disk,
X_A2_U2_P3_L5_I8_T5,position,A2,U2,P3,L5,I8,T5,S02,excluded_source_missing,only U4 solved-position sample stream exists on disk,
X_A2_U2_P4_L5_I0_T1,position,A2,U2,P4,L5,I0,T1,S02,excluded_source_missing,only U4 solved-position sample stream exists on disk,
X_A2_U2_P4_L5_I0_T2,position,A2,U2,P4,L5,I0,T2,S02,excluded_source_missing,only U4 solved-position sample stream exists on disk,
X_A2_U2_P4_L5_I0_T3,position,A2,U2,P4,L5,I0,T3,S02,excluded_source_missing,only U4 solved-position sample stream exists on disk,
X_A2_U2_P4_L5_I0_T4,position,A2,U2,P4,L5,I0,T4,S02,excluded_source_missing,only U4 solved-position sample stream exists on disk,
X_A2_U2_P4_L5_I0_T5,position,A2,U2,P4,L5,I0,T5,S02,excluded_source_missing,only U4 solved-position sample stream exists on disk,
X_A2_U2_P4_L5_I1_T1,position,A2,U2,P4,L5,I1,T1,S02,excluded_source_missing,only U4 solved-position sample stream exists on disk,
X_A2_U2_P4_L5_I1_T2,position,A2,U2,P4,L5,I1,T2,S02,excluded_source_missing,only U4 solved-position sample stream exists on disk,
X_A2_U2_P4_L5_I1_T3,position,A2,U2,P4,L5,I1,T3,S02,excluded_source_missing,only U4 solved-position sample stream exists on disk,
X_A2_U2_P4_L5_I1_T4,position,A2,U2,P4,L5,I1,T4,S02,excluded_source_missing,only U4 solved-position sample stream exists on disk,
X_A2_U2_P4_L5_I1_T5,position,A2,U2,P4,L5,I1,T5,S02,excluded_source_missing,only U4 solved-position sample stream exists on disk,
X_A2_U2_P4_L5_I2_T1,position,A2,U2,P4,L5,I2,T1,S02,excluded_source_missing,only U4 solved-position sample stream exists on disk,
X_A2_U2_P4_L5_I2_T2,position,A2,U2,P4,L5,I2,T2,S02,excluded_source_missing,only U4 solved-position sample stream exists on disk,
X_A2_U2_P4_L5_I2_T3,position,A2,U2,P4,L5,I2,T3,S02,excluded_source_missing,only U4 solved-position sample stream exists on disk,
X_A2_U2_P4_L5_I2_T4,position,A2,U2,P4,L5,I2,T4,S02,excluded_source_missing,only U4 solved-position sample stream exists on disk,
X_A2_U2_P4_L5_I2_T5,position,A2,U2,P4,L5,I2,T5,S02,excluded_source_missing,only U4 solved-position sample stream exists on disk,
X_A2_U2_P4_L5_I3_T1,position,A2,U2,P4,L5,I3,T1,S02,excluded_source_missing,only U4 solved-position sample stream exists on disk,
X_A2_U2_P4_L5_I3_T2,position,A2,U2,P4,L5,I3,T2,S02,excluded_source_missing,only U4 solved-position sample stream exists on disk,
X_A2_U2_P4_L5_I3_T3,position,A2,U2,P4,L5,I3,T3,S02,excluded_source_missing,only U4 solved-position sample stream exists on disk,
X_A2_U2_P4_L5_I3_T4,position,A2,U2,P4,L5,I3,T4,S02,excluded_source_missing,only U4 solved-position sample stream exists on disk,
X_A2_U2_P4_L5_I3_T5,position,A2,U2,P4,L5,I3,T5,S02,excluded_source_missing,only U4 solved-position sample stream exists on disk,
X_A2_U2_P4_L5_I4_T1,position,A2,U2,P4,L5,I4,T1,S02,excluded_source_missing,only U4 solved-position sample stream exists on disk,
X_A2_U2_P4_L5_I4_T2,position,A2,U2,P4,L5,I4,T2,S02,excluded_source_missing,only U4 solved-position sample stream exists on disk,
X_A2_U2_P4_L5_I4_T3,position,A2,U2,P4,L5,I4,T3,S02,excluded_source_missing,only U4 solved-position sample stream exists on disk,
X_A2_U2_P4_L5_I4_T4,position,A2,U2,P4,L5,I4,T4,S02,excluded_source_missing,only U4 solved-position sample stream exists on disk,
X_A2_U2_P4_L5_I4_T5,position,A2,U2,P4,L5,I4,T5,S02,excluded_source_missing,only U4 solved-position sample stream exists on disk,
X_A2_U2_P4_L5_I5_T1,position,A2,U2,P4,L5,I5,T1,S02,excluded_source_missing,only U4 solved-position sample stream exists on disk,
X_A2_U2_P4_L5_I5_T2,position,A2,U2,P4,L5,I5,T2,S02,excluded_source_missing,only U4 solved-position sample stream exists on disk,
X_A2_U2_P4_L5_I5_T3,position,A2,U2,P4,L5,I5,T3,S02,excluded_source_missing,only U4 solved-position sample stream exists on disk,
X_A2_U2_P4_L5_I5_T4,position,A2,U2,P4,L5,I5,T4,S02,excluded_source_missing,only U4 solved-position sample stream exists on disk,
X_A2_U2_P4_L5_I5_T5,position,A2,U2,P4,L5,I5,T5,S02,excluded_source_missing,only U4 solved-position sample stream exists on disk,
X_A2_U2_P4_L5_I6_T1,position,A2,U2,P4,L5,I6,T1,S02,excluded_source_missing,only U4 solved-position sample stream exists on disk,
X_A2_U2_P4_L5_I6_T2,position,A2,U2,P4,L5,I6,T2,S02,excluded_source_missing,only U4 solved-position sample stream exists on disk,
X_A2_U2_P4_L5_I6_T3,position,A2,U2,P4,L5,I6,T3,S02,excluded_source_missing,only U4 solved-position sample stream exists on disk,
X_A2_U2_P4_L5_I6_T4,position,A2,U2,P4,L5,I6,T4,S02,excluded_source_missing,only U4 solved-position sample stream exists on disk,
X_A2_U2_P4_L5_I6_T5,position,A2,U2,P4,L5,I6,T5,S02,excluded_source_missing,only U4 solved-position sample stream exists on disk,
X_A2_U2_P4_L5_I7_T1,position,A2,U2,P4,L5,I7,T1,S02,excluded_source_missing,only U4 solved-position sample stream exists on disk,
X_A2_U2_P4_L5_I7_T2,position,A2,U2,P4,L5,I7,T2,S02,excluded_source_missing,only U4 solved-position sample stream exists on disk,
X_A2_U2_P4_L5_I7_T3,position,A2,U2,P4,L5,I7,T3,S02,excluded_source_missing,only U4 solved-position sample stream exists on disk,
X_A2_U2_P4_L5_I7_T4,position,A2,U2,P4,L5,I7,T4,S02,excluded_source_missing,only U4 solved-position sample stream exists on disk,
X_A2_U2_P4_L5_I7_T5,position,A2,U2,P4,L5,I7,T5,S02,excluded_source_missing,only U4 solved-position sample stream exists on disk,
X_A2_U2_P4_L5_I8_T1,position,A2,U2,P4,L5,I8,T1,S02,excluded_source_missing,only U4 solved-position sample stream exists on disk,
X_A2_U2_P4_L5_I8_T2,position,A2,U2,P4,L5,I8,T2,S02,excluded_source_missing,only U4 solved-position sample stream exists on disk,
X_A2_U2_P4_L5_I8_T3,position,A2,U2,P4,L5,I8,T3,S02,excluded_source_missing,only U4 solved-position sample stream exists on disk,
X_A2_U2_P4_L5_I8_T4,position,A2,U2,P4,L5,I8,T4,S02,excluded_source_missing,only U4 solved-position sample stream exists on disk,
X_A2_U2_P4_L5_I8_T5,position,A2,U2,P4,L5,I8,T5,S02,excluded_source_missing,only U4 solved-position sample stream exists on disk,
X_A2_U2_P5_L5_I0_T1,position,A2,U2,P5,L5,I0,T1,S02,excluded_source_missing,only U4 solved-position sample stream exists on disk,
X_A2_U2_P5_L5_I0_T2,position,A2,U2,P5,L5,I0,T2,S02,excluded_source_missing,only U4 solved-position sample stream exists on disk,
X_A2_U2_P5_L5_I0_T3,position,A2,U2,P5,L5,I0,T3,S02,excluded_source_missing,only U4 solved-position sample stream exists on disk,
X_A2_U2_P5_L5_I0_T4,position,A2,U2,P5,L5,I0,T4,S02,excluded_source_missing,only U4 solved-position sample stream exists on disk,
X_A2_U2_P5_L5_I0_T5,position,A2,U2,P5,L5,I0,T5,S02,excluded_source_missing,only U4 solved-position sample stream exists on disk,
X_A2_U2_P5_L5_I1_T1,position,A2,U2,P5,L5,I1,T1,S02,excluded_source_missing,only U4 solved-position sample stream exists on disk,
X_A2_U2_P5_L5_I1_T2,position,A2,U2,P5,L5,I1,T2,S02,excluded_source_missing,only U4 solved-position sample stream exists on disk,
X_A2_U2_P5_L5_I1_T3,position,A2,U2,P5,L5,I1,T3,S02,excluded_source_missing,only U4 solved-position sample stream exists on disk,
X_A2_U2_P5_L5_I1_T4,position,A2,U2,P5,L5,I1,T4,S02,excluded_source_missing,only U4 solved-position sample stream exists on disk,
X_A2_U2_P5_L5_I1_T5,position,A2,U2,P5,L5,I1,T5,S02,excluded_source_missing,only U4 solved-position sample stream exists on disk,
X_A2_U2_P5_L5_I2_T1,position,A2,U2,P5,L5,I2,T1,S02,excluded_source_missing,only U4 solved-position sample stream exists on disk,
X_A2_U2_P5_L5_I2_T2,position,A2,U2,P5,L5,I2,T2,S02,excluded_source_missing,only U4 solved-position sample stream exists on disk,
X_A2_U2_P5_L5_I2_T3,position,A2,U2,P5,L5,I2,T3,S02,excluded_source_missing,only U4 solved-position sample stream exists on disk,
X_A2_U2_P5_L5_I2_T4,position,A2,U2,P5,L5,I2,T4,S02,excluded_source_missing,only U4 solved-position sample stream exists on disk,
X_A2_U2_P5_L5_I2_T5,position,A2,U2,P5,L5,I2,T5,S02,excluded_source_missing,only U4 solved-position sample stream exists on disk,
X_A2_U2_P5_L5_I3_T1,position,A2,U2,P5,L5,I3,T1,S02,excluded_source_missing,only U4 solved-position sample stream exists on disk,
X_A2_U2_P5_L5_I3_T2,position,A2,U2,P5,L5,I3,T2,S02,excluded_source_missing,only U4 solved-position sample stream exists on disk,
X_A2_U2_P5_L5_I3_T3,position,A2,U2,P5,L5,I3,T3,S02,excluded_source_missing,only U4 solved-position sample stream exists on disk,
X_A2_U2_P5_L5_I3_T4,position,A2,U2,P5,L5,I3,T4,S02,excluded_source_missing,only U4 solved-position sample stream exists on disk,
X_A2_U2_P5_L5_I3_T5,position,A2,U2,P5,L5,I3,T5,S02,excluded_source_missing,only U4 solved-position sample stream exists on disk,
X_A2_U2_P5_L5_I4_T1,position,A2,U2,P5,L5,I4,T1,S02,excluded_source_missing,only U4 solved-position sample stream exists on disk,
X_A2_U2_P5_L5_I4_T2,position,A2,U2,P5,L5,I4,T2,S02,excluded_source_missing,only U4 solved-position sample stream exists on disk,
X_A2_U2_P5_L5_I4_T3,position,A2,U2,P5,L5,I4,T3,S02,excluded_source_missing,only U4 solved-position sample stream exists on disk,
X_A2_U2_P5_L5_I4_T4,position,A2,U2,P5,L5,I4,T4,S02,excluded_source_missing,only U4 solved-position sample stream exists on disk,
X_A2_U2_P5_L5_I4_T5,position,A2,U2,P5,L5,I4,T5,S02,excluded_source_missing,only U4 solved-position sample stream exists on disk,
X_A2_U2_P5_L5_I5_T1,position,A2,U2,P5,L5,I5,T1,S02,excluded_source_missing,only U4 solved-position sample stream exists on disk,
X_A2_U2_P5_L5_I5_T2,position,A2,U2,P5,L5,I5,T2,S02,excluded_source_missing,only U4 solved-position sample stream exists on disk,
X_A2_U2_P5_L5_I5_T3,position,A2,U2,P5,L5,I5,T3,S02,excluded_source_missing,only U4 solved-position sample stream exists on disk,
X_A2_U2_P5_L5_I5_T4,position,A2,U2,P5,L5,I5,T4,S02,excluded_source_missing,only U4 solved-position sample stream exists on disk,
X_A2_U2_P5_L5_I5_T5,position,A2,U2,P5,L5,I5,T5,S02,excluded_source_missing,only U4 solved-position sample stream exists on disk,
X_A2_U2_P5_L5_I6_T1,position,A2,U2,P5,L5,I6,T1,S02,excluded_source_missing,only U4 solved-position sample stream exists on disk,
X_A2_U2_P5_L5_I6_T2,position,A2,U2,P5,L5,I6,T2,S02,excluded_source_missing,only U4 solved-position sample stream exists on disk,
X_A2_U2_P5_L5_I6_T3,position,A2,U2,P5,L5,I6,T3,S02,excluded_source_missing,only U4 solved-position sample stream exists on disk,
X_A2_U2_P5_L5_I6_T4,position,A2,U2,P5,L5,I6,T4,S02,excluded_source_missing,only U4 solved-position sample stream exists on disk,
X_A2_U2_P5_L5_I6_T5,position,A2,U2,P5,L5,I6,T5,S02,excluded_source_missing,only U4 solved-position sample stream exists on disk,
X_A2_U2_P5_L5_I7_T1,position,A2,U2,P5,L5,I7,T1,S02,excluded_source_missing,only U4 solved-position sample stream exists on disk,
X_A2_U2_P5_L5_I7_T2,position,A2,U2,P5,L5,I7,T2,S02,excluded_source_missing,only U4 solved-position sample stream exists on disk,
X_A2_U2_P5_L5_I7_T3,position,A2,U2,P5,L5,I7,T3,S02,excluded_source_missing,only U4 solved-position sample stream exists on disk,
X_A2_U2_P5_L5_I7_T4,position,A2,U2,P5,L5,I7,T4,S02,excluded_source_missing,only U4 solved-position sample stream exists on disk,
X_A2_U2_P5_L5_I7_T5,position,A2,U2,P5,L5,I7,T5,S02,excluded_source_missing,only U4 solved-position sample stream exists on disk,
X_A2_U2_P5_L5_I8_T1,position,A2,U2,P5,L5,I8,T1,S02,excluded_source_missing,only U4 solved-position sample stream exists on disk,
X_A2_U2_P5_L5_I8_T2,position,A2,U2,P5,L5,I8,T2,S02,excluded_source_missing,only U4 solved-position sample stream exists on disk,
X_A2_U2_P5_L5_I8_T3,position,A2,U2,P5,L5,I8,T3,S02,excluded_source_missing,only U4 solved-position sample stream exists on disk,
X_A2_U2_P5_L5_I8_T4,position,A2,U2,P5,L5,I8,T4,S02,excluded_source_missing,only U4 solved-position sample stream exists on disk,
X_A2_U2_P5_L5_I8_T5,position,A2,U2,P5,L5,I8,T5,S02,excluded_source_missing,only U4 solved-position sample stream exists on disk,
X_A2_U3_P0_L5_I0_T1,position,A2,U3,P0,L5,I0,T1,S02,excluded_source_missing,only U4 solved-position sample stream exists on disk,
X_A2_U3_P0_L5_I0_T2,position,A2,U3,P0,L5,I0,T2,S02,excluded_source_missing,only U4 solved-position sample stream exists on disk,
X_A2_U3_P0_L5_I0_T3,position,A2,U3,P0,L5,I0,T3,S02,excluded_source_missing,only U4 solved-position sample stream exists on disk,
X_A2_U3_P0_L5_I0_T4,position,A2,U3,P0,L5,I0,T4,S02,excluded_source_missing,only U4 solved-position sample stream exists on disk,
X_A2_U3_P0_L5_I0_T5,position,A2,U3,P0,L5,I0,T5,S02,excluded_source_missing,only U4 solved-position sample stream exists on disk,
X_A2_U3_P0_L5_I1_T1,position,A2,U3,P0,L5,I1,T1,S02,excluded_source_missing,only U4 solved-position sample stream exists on disk,
X_A2_U3_P0_L5_I1_T2,position,A2,U3,P0,L5,I1,T2,S02,excluded_source_missing,only U4 solved-position sample stream exists on disk,
X_A2_U3_P0_L5_I1_T3,position,A2,U3,P0,L5,I1,T3,S02,excluded_source_missing,only U4 solved-position sample stream exists on disk,
X_A2_U3_P0_L5_I1_T4,position,A2,U3,P0,L5,I1,T4,S02,excluded_source_missing,only U4 solved-position sample stream exists on disk,
X_A2_U3_P0_L5_I1_T5,position,A2,U3,P0,L5,I1,T5,S02,excluded_source_missing,only U4 solved-position sample stream exists on disk,
X_A2_U3_P0_L5_I2_T1,position,A2,U3,P0,L5,I2,T1,S02,excluded_source_missing,only U4 solved-position sample stream exists on disk,
X_A2_U3_P0_L5_I2_T2,position,A2,U3,P0,L5,I2,T2,S02,excluded_source_missing,only U4 solved-position sample stream exists on disk,
X_A2_U3_P0_L5_I2_T3,position,A2,U3,P0,L5,I2,T3,S02,excluded_source_missing,only U4 solved-position sample stream exists on disk,
X_A2_U3_P0_L5_I2_T4,position,A2,U3,P0,L5,I2,T4,S02,excluded_source_missing,only U4 solved-position sample stream exists on disk,
X_A2_U3_P0_L5_I2_T5,position,A2,U3,P0,L5,I2,T5,S02,excluded_source_missing,only U4 solved-position sample stream exists on disk,
X_A2_U3_P0_L5_I3_T1,position,A2,U3,P0,L5,I3,T1,S02,excluded_source_missing,only U4 solved-position sample stream exists on disk,
X_A2_U3_P0_L5_I3_T2,position,A2,U3,P0,L5,I3,T2,S02,excluded_source_missing,only U4 solved-position sample stream exists on disk,
X_A2_U3_P0_L5_I3_T3,position,A2,U3,P0,L5,I3,T3,S02,excluded_source_missing,only U4 solved-position sample stream exists on disk,
X_A2_U3_P0_L5_I3_T4,position,A2,U3,P0,L5,I3,T4,S02,excluded_source_missing,only U4 solved-position sample stream exists on disk,
X_A2_U3_P0_L5_I3_T5,position,A2,U3,P0,L5,I3,T5,S02,excluded_source_missing,only U4 solved-position sample stream exists on disk,
X_A2_U3_P0_L5_I4_T1,position,A2,U3,P0,L5,I4,T1,S02,excluded_source_missing,only U4 solved-position sample stream exists on disk,
X_A2_U3_P0_L5_I4_T2,position,A2,U3,P0,L5,I4,T2,S02,excluded_source_missing,only U4 solved-position sample stream exists on disk,
X_A2_U3_P0_L5_I4_T3,position,A2,U3,P0,L5,I4,T3,S02,excluded_source_missing,only U4 solved-position sample stream exists on disk,
X_A2_U3_P0_L5_I4_T4,position,A2,U3,P0,L5,I4,T4,S02,excluded_source_missing,only U4 solved-position sample stream exists on disk,
X_A2_U3_P0_L5_I4_T5,position,A2,U3,P0,L5,I4,T5,S02,excluded_source_missing,only U4 solved-position sample stream exists on disk,
X_A2_U3_P0_L5_I5_T1,position,A2,U3,P0,L5,I5,T1,S02,excluded_source_missing,only U4 solved-position sample stream exists on disk,
X_A2_U3_P0_L5_I5_T2,position,A2,U3,P0,L5,I5,T2,S02,excluded_source_missing,only U4 solved-position sample stream exists on disk,
X_A2_U3_P0_L5_I5_T3,position,A2,U3,P0,L5,I5,T3,S02,excluded_source_missing,only U4 solved-position sample stream exists on disk,
X_A2_U3_P0_L5_I5_T4,position,A2,U3,P0,L5,I5,T4,S02,excluded_source_missing,only U4 solved-position sample stream exists on disk,
X_A2_U3_P0_L5_I5_T5,position,A2,U3,P0,L5,I5,T5,S02,excluded_source_missing,only U4 solved-position sample stream exists on disk,
X_A2_U3_P0_L5_I6_T1,position,A2,U3,P0,L5,I6,T1,S02,excluded_source_missing,only U4 solved-position sample stream exists on disk,
X_A2_U3_P0_L5_I6_T2,position,A2,U3,P0,L5,I6,T2,S02,excluded_source_missing,only U4 solved-position sample stream exists on disk,
X_A2_U3_P0_L5_I6_T3,position,A2,U3,P0,L5,I6,T3,S02,excluded_source_missing,only U4 solved-position sample stream exists on disk,
X_A2_U3_P0_L5_I6_T4,position,A2,U3,P0,L5,I6,T4,S02,excluded_source_missing,only U4 solved-position sample stream exists on disk,
X_A2_U3_P0_L5_I6_T5,position,A2,U3,P0,L5,I6,T5,S02,excluded_source_missing,only U4 solved-position sample stream exists on disk,
X_A2_U3_P0_L5_I7_T1,position,A2,U3,P0,L5,I7,T1,S02,excluded_source_missing,only U4 solved-position sample stream exists on disk,
X_A2_U3_P0_L5_I7_T2,position,A2,U3,P0,L5,I7,T2,S02,excluded_source_missing,only U4 solved-position sample stream exists on disk,
X_A2_U3_P0_L5_I7_T3,position,A2,U3,P0,L5,I7,T3,S02,excluded_source_missing,only U4 solved-position sample stream exists on disk,
X_A2_U3_P0_L5_I7_T4,position,A2,U3,P0,L5,I7,T4,S02,excluded_source_missing,only U4 solved-position sample stream exists on disk,
X_A2_U3_P0_L5_I7_T5,position,A2,U3,P0,L5,I7,T5,S02,excluded_source_missing,only U4 solved-position sample stream exists on disk,
X_A2_U3_P0_L5_I8_T1,position,A2,U3,P0,L5,I8,T1,S02,excluded_source_missing,only U4 solved-position sample stream exists on disk,
X_A2_U3_P0_L5_I8_T2,position,A2,U3,P0,L5,I8,T2,S02,excluded_source_missing,only U4 solved-position sample stream exists on disk,
X_A2_U3_P0_L5_I8_T3,position,A2,U3,P0,L5,I8,T3,S02,excluded_source_missing,only U4 solved-position sample stream exists on disk,
X_A2_U3_P0_L5_I8_T4,position,A2,U3,P0,L5,I8,T4,S02,excluded_source_missing,only U4 solved-position sample stream exists on disk,
X_A2_U3_P0_L5_I8_T5,position,A2,U3,P0,L5,I8,T5,S02,excluded_source_missing,only U4 solved-position sample stream exists on disk,
X_A2_U3_P1_L5_I0_T1,position,A2,U3,P1,L5,I0,T1,S02,excluded_source_missing,only U4 solved-position sample stream exists on disk,
X_A2_U3_P1_L5_I0_T2,position,A2,U3,P1,L5,I0,T2,S02,excluded_source_missing,only U4 solved-position sample stream exists on disk,
X_A2_U3_P1_L5_I0_T3,position,A2,U3,P1,L5,I0,T3,S02,excluded_source_missing,only U4 solved-position sample stream exists on disk,
X_A2_U3_P1_L5_I0_T4,position,A2,U3,P1,L5,I0,T4,S02,excluded_source_missing,only U4 solved-position sample stream exists on disk,
X_A2_U3_P1_L5_I0_T5,position,A2,U3,P1,L5,I0,T5,S02,excluded_source_missing,only U4 solved-position sample stream exists on disk,
X_A2_U3_P1_L5_I1_T1,position,A2,U3,P1,L5,I1,T1,S02,excluded_source_missing,only U4 solved-position sample stream exists on disk,
X_A2_U3_P1_L5_I1_T2,position,A2,U3,P1,L5,I1,T2,S02,excluded_source_missing,only U4 solved-position sample stream exists on disk,
X_A2_U3_P1_L5_I1_T3,position,A2,U3,P1,L5,I1,T3,S02,excluded_source_missing,only U4 solved-position sample stream exists on disk,
X_A2_U3_P1_L5_I1_T4,position,A2,U3,P1,L5,I1,T4,S02,excluded_source_missing,only U4 solved-position sample stream exists on disk,
X_A2_U3_P1_L5_I1_T5,position,A2,U3,P1,L5,I1,T5,S02,excluded_source_missing,only U4 solved-position sample stream exists on disk,
X_A2_U3_P1_L5_I2_T1,position,A2,U3,P1,L5,I2,T1,S02,excluded_source_missing,only U4 solved-position sample stream exists on disk,
X_A2_U3_P1_L5_I2_T2,position,A2,U3,P1,L5,I2,T2,S02,excluded_source_missing,only U4 solved-position sample stream exists on disk,
X_A2_U3_P1_L5_I2_T3,position,A2,U3,P1,L5,I2,T3,S02,excluded_source_missing,only U4 solved-position sample stream exists on disk,
X_A2_U3_P1_L5_I2_T4,position,A2,U3,P1,L5,I2,T4,S02,excluded_source_missing,only U4 solved-position sample stream exists on disk,
X_A2_U3_P1_L5_I2_T5,position,A2,U3,P1,L5,I2,T5,S02,excluded_source_missing,only U4 solved-position sample stream exists on disk,
X_A2_U3_P1_L5_I3_T1,position,A2,U3,P1,L5,I3,T1,S02,excluded_source_missing,only U4 solved-position sample stream exists on disk,
X_A2_U3_P1_L5_I3_T2,position,A2,U3,P1,L5,I3,T2,S02,excluded_source_missing,only U4 solved-position sample stream exists on disk,
X_A2_U3_P1_L5_I3_T3,position,A2,U3,P1,L5,I3,T3,S02,excluded_source_missing,only U4 solved-position sample stream exists on disk,
X_A2_U3_P1_L5_I3_T4,position,A2,U3,P1,L5,I3,T4,S02,excluded_source_missing,only U4 solved-position sample stream exists on disk,
X_A2_U3_P1_L5_I3_T5,position,A2,U3,P1,L5,I3,T5,S02,excluded_source_missing,only U4 solved-position sample stream exists on disk,
X_A2_U3_P1_L5_I4_T1,position,A2,U3,P1,L5,I4,T1,S02,excluded_source_missing,only U4 solved-position sample stream exists on disk,
X_A2_U3_P1_L5_I4_T2,position,A2,U3,P1,L5,I4,T2,S02,excluded_source_missing,only U4 solved-position sample stream exists on disk,
X_A2_U3_P1_L5_I4_T3,position,A2,U3,P1,L5,I4,T3,S02,excluded_source_missing,only U4 solved-position sample stream exists on disk,
X_A2_U3_P1_L5_I4_T4,position,A2,U3,P1,L5,I4,T4,S02,excluded_source_missing,only U4 solved-position sample stream exists on disk,
X_A2_U3_P1_L5_I4_T5,position,A2,U3,P1,L5,I4,T5,S02,excluded_source_missing,only U4 solved-position sample stream exists on disk,
X_A2_U3_P1_L5_I5_T1,position,A2,U3,P1,L5,I5,T1,S02,excluded_source_missing,only U4 solved-position sample stream exists on disk,
X_A2_U3_P1_L5_I5_T2,position,A2,U3,P1,L5,I5,T2,S02,excluded_source_missing,only U4 solved-position sample stream exists on disk,
X_A2_U3_P1_L5_I5_T3,position,A2,U3,P1,L5,I5,T3,S02,excluded_source_missing,only U4 solved-position sample stream exists on disk,
X_A2_U3_P1_L5_I5_T4,position,A2,U3,P1,L5,I5,T4,S02,excluded_source_missing,only U4 solved-position sample stream exists on disk,
X_A2_U3_P1_L5_I5_T5,position,A2,U3,P1,L5,I5,T5,S02,excluded_source_missing,only U4 solved-position sample stream exists on disk,
X_A2_U3_P1_L5_I6_T1,position,A2,U3,P1,L5,I6,T1,S02,excluded_source_missing,only U4 solved-position sample stream exists on disk,
X_A2_U3_P1_L5_I6_T2,position,A2,U3,P1,L5,I6,T2,S02,excluded_source_missing,only U4 solved-position sample stream exists on disk,
X_A2_U3_P1_L5_I6_T3,position,A2,U3,P1,L5,I6,T3,S02,excluded_source_missing,only U4 solved-position sample stream exists on disk,
X_A2_U3_P1_L5_I6_T4,position,A2,U3,P1,L5,I6,T4,S02,excluded_source_missing,only U4 solved-position sample stream exists on disk,
X_A2_U3_P1_L5_I6_T5,position,A2,U3,P1,L5,I6,T5,S02,excluded_source_missing,only U4 solved-position sample stream exists on disk,
X_A2_U3_P1_L5_I7_T1,position,A2,U3,P1,L5,I7,T1,S02,excluded_source_missing,only U4 solved-position sample stream exists on disk,
X_A2_U3_P1_L5_I7_T2,position,A2,U3,P1,L5,I7,T2,S02,excluded_source_missing,only U4 solved-position sample stream exists on disk,
X_A2_U3_P1_L5_I7_T3,position,A2,U3,P1,L5,I7,T3,S02,excluded_source_missing,only U4 solved-position sample stream exists on disk,
X_A2_U3_P1_L5_I7_T4,position,A2,U3,P1,L5,I7,T4,S02,excluded_source_missing,only U4 solved-position sample stream exists on disk,
X_A2_U3_P1_L5_I7_T5,position,A2,U3,P1,L5,I7,T5,S02,excluded_source_missing,only U4 solved-position sample stream exists on disk,
X_A2_U3_P1_L5_I8_T1,position,A2,U3,P1,L5,I8,T1,S02,excluded_source_missing,only U4 solved-position sample stream exists on disk,
X_A2_U3_P1_L5_I8_T2,position,A2,U3,P1,L5,I8,T2,S02,excluded_source_missing,only U4 solved-position sample stream exists on disk,
X_A2_U3_P1_L5_I8_T3,position,A2,U3,P1,L5,I8,T3,S02,excluded_source_missing,only U4 solved-position sample stream exists on disk,
X_A2_U3_P1_L5_I8_T4,position,A2,U3,P1,L5,I8,T4,S02,excluded_source_missing,only U4 solved-position sample stream exists on disk,
X_A2_U3_P1_L5_I8_T5,position,A2,U3,P1,L5,I8,T5,S02,excluded_source_missing,only U4 solved-position sample stream exists on disk,
X_A2_U3_P2_L5_I0_T1,position,A2,U3,P2,L5,I0,T1,S02,excluded_source_missing,only U4 solved-position sample stream exists on disk,
X_A2_U3_P2_L5_I0_T2,position,A2,U3,P2,L5,I0,T2,S02,excluded_source_missing,only U4 solved-position sample stream exists on disk,
X_A2_U3_P2_L5_I0_T3,position,A2,U3,P2,L5,I0,T3,S02,excluded_source_missing,only U4 solved-position sample stream exists on disk,
X_A2_U3_P2_L5_I0_T4,position,A2,U3,P2,L5,I0,T4,S02,excluded_source_missing,only U4 solved-position sample stream exists on disk,
X_A2_U3_P2_L5_I0_T5,position,A2,U3,P2,L5,I0,T5,S02,excluded_source_missing,only U4 solved-position sample stream exists on disk,
X_A2_U3_P2_L5_I1_T1,position,A2,U3,P2,L5,I1,T1,S02,excluded_source_missing,only U4 solved-position sample stream exists on disk,
X_A2_U3_P2_L5_I1_T2,position,A2,U3,P2,L5,I1,T2,S02,excluded_source_missing,only U4 solved-position sample stream exists on disk,
X_A2_U3_P2_L5_I1_T3,position,A2,U3,P2,L5,I1,T3,S02,excluded_source_missing,only U4 solved-position sample stream exists on disk,
X_A2_U3_P2_L5_I1_T4,position,A2,U3,P2,L5,I1,T4,S02,excluded_source_missing,only U4 solved-position sample stream exists on disk,
X_A2_U3_P2_L5_I1_T5,position,A2,U3,P2,L5,I1,T5,S02,excluded_source_missing,only U4 solved-position sample stream exists on disk,
X_A2_U3_P2_L5_I2_T1,position,A2,U3,P2,L5,I2,T1,S02,excluded_source_missing,only U4 solved-position sample stream exists on disk,
X_A2_U3_P2_L5_I2_T2,position,A2,U3,P2,L5,I2,T2,S02,excluded_source_missing,only U4 solved-position sample stream exists on disk,
X_A2_U3_P2_L5_I2_T3,position,A2,U3,P2,L5,I2,T3,S02,excluded_source_missing,only U4 solved-position sample stream exists on disk,
X_A2_U3_P2_L5_I2_T4,position,A2,U3,P2,L5,I2,T4,S02,excluded_source_missing,only U4 solved-position sample stream exists on disk,
X_A2_U3_P2_L5_I2_T5,position,A2,U3,P2,L5,I2,T5,S02,excluded_source_missing,only U4 solved-position sample stream exists on disk,
X_A2_U3_P2_L5_I3_T1,position,A2,U3,P2,L5,I3,T1,S02,excluded_source_missing,only U4 solved-position sample stream exists on disk,
X_A2_U3_P2_L5_I3_T2,position,A2,U3,P2,L5,I3,T2,S02,excluded_source_missing,only U4 solved-position sample stream exists on disk,
X_A2_U3_P2_L5_I3_T3,position,A2,U3,P2,L5,I3,T3,S02,excluded_source_missing,only U4 solved-position sample stream exists on disk,
X_A2_U3_P2_L5_I3_T4,position,A2,U3,P2,L5,I3,T4,S02,excluded_source_missing,only U4 solved-position sample stream exists on disk,
X_A2_U3_P2_L5_I3_T5,position,A2,U3,P2,L5,I3,T5,S02,excluded_source_missing,only U4 solved-position sample stream exists on disk,
X_A2_U3_P2_L5_I4_T1,position,A2,U3,P2,L5,I4,T1,S02,excluded_source_missing,only U4 solved-position sample stream exists on disk,
X_A2_U3_P2_L5_I4_T2,position,A2,U3,P2,L5,I4,T2,S02,excluded_source_missing,only U4 solved-position sample stream exists on disk,
X_A2_U3_P2_L5_I4_T3,position,A2,U3,P2,L5,I4,T3,S02,excluded_source_missing,only U4 solved-position sample stream exists on disk,
X_A2_U3_P2_L5_I4_T4,position,A2,U3,P2,L5,I4,T4,S02,excluded_source_missing,only U4 solved-position sample stream exists on disk,
X_A2_U3_P2_L5_I4_T5,position,A2,U3,P2,L5,I4,T5,S02,excluded_source_missing,only U4 solved-position sample stream exists on disk,
X_A2_U3_P2_L5_I5_T1,position,A2,U3,P2,L5,I5,T1,S02,excluded_source_missing,only U4 solved-position sample stream exists on disk,
X_A2_U3_P2_L5_I5_T2,position,A2,U3,P2,L5,I5,T2,S02,excluded_source_missing,only U4 solved-position sample stream exists on disk,
X_A2_U3_P2_L5_I5_T3,position,A2,U3,P2,L5,I5,T3,S02,excluded_source_missing,only U4 solved-position sample stream exists on disk,
X_A2_U3_P2_L5_I5_T4,position,A2,U3,P2,L5,I5,T4,S02,excluded_source_missing,only U4 solved-position sample stream exists on disk,
X_A2_U3_P2_L5_I5_T5,position,A2,U3,P2,L5,I5,T5,S02,excluded_source_missing,only U4 solved-position sample stream exists on disk,
X_A2_U3_P2_L5_I6_T1,position,A2,U3,P2,L5,I6,T1,S02,excluded_source_missing,only U4 solved-position sample stream exists on disk,
X_A2_U3_P2_L5_I6_T2,position,A2,U3,P2,L5,I6,T2,S02,excluded_source_missing,only U4 solved-position sample stream exists on disk,
X_A2_U3_P2_L5_I6_T3,position,A2,U3,P2,L5,I6,T3,S02,excluded_source_missing,only U4 solved-position sample stream exists on disk,
X_A2_U3_P2_L5_I6_T4,position,A2,U3,P2,L5,I6,T4,S02,excluded_source_missing,only U4 solved-position sample stream exists on disk,
X_A2_U3_P2_L5_I6_T5,position,A2,U3,P2,L5,I6,T5,S02,excluded_source_missing,only U4 solved-position sample stream exists on disk,
X_A2_U3_P2_L5_I7_T1,position,A2,U3,P2,L5,I7,T1,S02,excluded_source_missing,only U4 solved-position sample stream exists on disk,
X_A2_U3_P2_L5_I7_T2,position,A2,U3,P2,L5,I7,T2,S02,excluded_source_missing,only U4 solved-position sample stream exists on disk,
X_A2_U3_P2_L5_I7_T3,position,A2,U3,P2,L5,I7,T3,S02,excluded_source_missing,only U4 solved-position sample stream exists on disk,
X_A2_U3_P2_L5_I7_T4,position,A2,U3,P2,L5,I7,T4,S02,excluded_source_missing,only U4 solved-position sample stream exists on disk,
X_A2_U3_P2_L5_I7_T5,position,A2,U3,P2,L5,I7,T5,S02,excluded_source_missing,only U4 solved-position sample stream exists on disk,
X_A2_U3_P2_L5_I8_T1,position,A2,U3,P2,L5,I8,T1,S02,excluded_source_missing,only U4 solved-position sample stream exists on disk,
X_A2_U3_P2_L5_I8_T2,position,A2,U3,P2,L5,I8,T2,S02,excluded_source_missing,only U4 solved-position sample stream exists on disk,
X_A2_U3_P2_L5_I8_T3,position,A2,U3,P2,L5,I8,T3,S02,excluded_source_missing,only U4 solved-position sample stream exists on disk,
X_A2_U3_P2_L5_I8_T4,position,A2,U3,P2,L5,I8,T4,S02,excluded_source_missing,only U4 solved-position sample stream exists on disk,
X_A2_U3_P2_L5_I8_T5,position,A2,U3,P2,L5,I8,T5,S02,excluded_source_missing,only U4 solved-position sample stream exists on disk,
X_A2_U3_P3_L5_I0_T1,position,A2,U3,P3,L5,I0,T1,S02,excluded_source_missing,only U4 solved-position sample stream exists on disk,
X_A2_U3_P3_L5_I0_T2,position,A2,U3,P3,L5,I0,T2,S02,excluded_source_missing,only U4 solved-position sample stream exists on disk,
X_A2_U3_P3_L5_I0_T3,position,A2,U3,P3,L5,I0,T3,S02,excluded_source_missing,only U4 solved-position sample stream exists on disk,
X_A2_U3_P3_L5_I0_T4,position,A2,U3,P3,L5,I0,T4,S02,excluded_source_missing,only U4 solved-position sample stream exists on disk,
X_A2_U3_P3_L5_I0_T5,position,A2,U3,P3,L5,I0,T5,S02,excluded_source_missing,only U4 solved-position sample stream exists on disk,
X_A2_U3_P3_L5_I1_T1,position,A2,U3,P3,L5,I1,T1,S02,excluded_source_missing,only U4 solved-position sample stream exists on disk,
X_A2_U3_P3_L5_I1_T2,position,A2,U3,P3,L5,I1,T2,S02,excluded_source_missing,only U4 solved-position sample stream exists on disk,
X_A2_U3_P3_L5_I1_T3,position,A2,U3,P3,L5,I1,T3,S02,excluded_source_missing,only U4 solved-position sample stream exists on disk,
X_A2_U3_P3_L5_I1_T4,position,A2,U3,P3,L5,I1,T4,S02,excluded_source_missing,only U4 solved-position sample stream exists on disk,
X_A2_U3_P3_L5_I1_T5,position,A2,U3,P3,L5,I1,T5,S02,excluded_source_missing,only U4 solved-position sample stream exists on disk,
X_A2_U3_P3_L5_I2_T1,position,A2,U3,P3,L5,I2,T1,S02,excluded_source_missing,only U4 solved-position sample stream exists on disk,
X_A2_U3_P3_L5_I2_T2,position,A2,U3,P3,L5,I2,T2,S02,excluded_source_missing,only U4 solved-position sample stream exists on disk,
X_A2_U3_P3_L5_I2_T3,position,A2,U3,P3,L5,I2,T3,S02,excluded_source_missing,only U4 solved-position sample stream exists on disk,
X_A2_U3_P3_L5_I2_T4,position,A2,U3,P3,L5,I2,T4,S02,excluded_source_missing,only U4 solved-position sample stream exists on disk,
X_A2_U3_P3_L5_I2_T5,position,A2,U3,P3,L5,I2,T5,S02,excluded_source_missing,only U4 solved-position sample stream exists on disk,
X_A2_U3_P3_L5_I3_T1,position,A2,U3,P3,L5,I3,T1,S02,excluded_source_missing,only U4 solved-position sample stream exists on disk,
X_A2_U3_P3_L5_I3_T2,position,A2,U3,P3,L5,I3,T2,S02,excluded_source_missing,only U4 solved-position sample stream exists on disk,
X_A2_U3_P3_L5_I3_T3,position,A2,U3,P3,L5,I3,T3,S02,excluded_source_missing,only U4 solved-position sample stream exists on disk,
X_A2_U3_P3_L5_I3_T4,position,A2,U3,P3,L5,I3,T4,S02,excluded_source_missing,only U4 solved-position sample stream exists on disk,
X_A2_U3_P3_L5_I3_T5,position,A2,U3,P3,L5,I3,T5,S02,excluded_source_missing,only U4 solved-position sample stream exists on disk,
X_A2_U3_P3_L5_I4_T1,position,A2,U3,P3,L5,I4,T1,S02,excluded_source_missing,only U4 solved-position sample stream exists on disk,
X_A2_U3_P3_L5_I4_T2,position,A2,U3,P3,L5,I4,T2,S02,excluded_source_missing,only U4 solved-position sample stream exists on disk,
X_A2_U3_P3_L5_I4_T3,position,A2,U3,P3,L5,I4,T3,S02,excluded_source_missing,only U4 solved-position sample stream exists on disk,
X_A2_U3_P3_L5_I4_T4,position,A2,U3,P3,L5,I4,T4,S02,excluded_source_missing,only U4 solved-position sample stream exists on disk,
X_A2_U3_P3_L5_I4_T5,position,A2,U3,P3,L5,I4,T5,S02,excluded_source_missing,only U4 solved-position sample stream exists on disk,
X_A2_U3_P3_L5_I5_T1,position,A2,U3,P3,L5,I5,T1,S02,excluded_source_missing,only U4 solved-position sample stream exists on disk,
X_A2_U3_P3_L5_I5_T2,position,A2,U3,P3,L5,I5,T2,S02,excluded_source_missing,only U4 solved-position sample stream exists on disk,
X_A2_U3_P3_L5_I5_T3,position,A2,U3,P3,L5,I5,T3,S02,excluded_source_missing,only U4 solved-position sample stream exists on disk,
X_A2_U3_P3_L5_I5_T4,position,A2,U3,P3,L5,I5,T4,S02,excluded_source_missing,only U4 solved-position sample stream exists on disk,
X_A2_U3_P3_L5_I5_T5,position,A2,U3,P3,L5,I5,T5,S02,excluded_source_missing,only U4 solved-position sample stream exists on disk,
X_A2_U3_P3_L5_I6_T1,position,A2,U3,P3,L5,I6,T1,S02,excluded_source_missing,only U4 solved-position sample stream exists on disk,
X_A2_U3_P3_L5_I6_T2,position,A2,U3,P3,L5,I6,T2,S02,excluded_source_missing,only U4 solved-position sample stream exists on disk,
X_A2_U3_P3_L5_I6_T3,position,A2,U3,P3,L5,I6,T3,S02,excluded_source_missing,only U4 solved-position sample stream exists on disk,
X_A2_U3_P3_L5_I6_T4,position,A2,U3,P3,L5,I6,T4,S02,excluded_source_missing,only U4 solved-position sample stream exists on disk,
X_A2_U3_P3_L5_I6_T5,position,A2,U3,P3,L5,I6,T5,S02,excluded_source_missing,only U4 solved-position sample stream exists on disk,
X_A2_U3_P3_L5_I7_T1,position,A2,U3,P3,L5,I7,T1,S02,excluded_source_missing,only U4 solved-position sample stream exists on disk,
X_A2_U3_P3_L5_I7_T2,position,A2,U3,P3,L5,I7,T2,S02,excluded_source_missing,only U4 solved-position sample stream exists on disk,
X_A2_U3_P3_L5_I7_T3,position,A2,U3,P3,L5,I7,T3,S02,excluded_source_missing,only U4 solved-position sample stream exists on disk,
X_A2_U3_P3_L5_I7_T4,position,A2,U3,P3,L5,I7,T4,S02,excluded_source_missing,only U4 solved-position sample stream exists on disk,
X_A2_U3_P3_L5_I7_T5,position,A2,U3,P3,L5,I7,T5,S02,excluded_source_missing,only U4 solved-position sample stream exists on disk,
X_A2_U3_P3_L5_I8_T1,position,A2,U3,P3,L5,I8,T1,S02,excluded_source_missing,only U4 solved-position sample stream exists on disk,
X_A2_U3_P3_L5_I8_T2,position,A2,U3,P3,L5,I8,T2,S02,excluded_source_missing,only U4 solved-position sample stream exists on disk,
X_A2_U3_P3_L5_I8_T3,position,A2,U3,P3,L5,I8,T3,S02,excluded_source_missing,only U4 solved-position sample stream exists on disk,
X_A2_U3_P3_L5_I8_T4,position,A2,U3,P3,L5,I8,T4,S02,excluded_source_missing,only U4 solved-position sample stream exists on disk,
X_A2_U3_P3_L5_I8_T5,position,A2,U3,P3,L5,I8,T5,S02,excluded_source_missing,only U4 solved-position sample stream exists on disk,
X_A2_U3_P4_L5_I0_T1,position,A2,U3,P4,L5,I0,T1,S02,excluded_source_missing,only U4 solved-position sample stream exists on disk,
X_A2_U3_P4_L5_I0_T2,position,A2,U3,P4,L5,I0,T2,S02,excluded_source_missing,only U4 solved-position sample stream exists on disk,
X_A2_U3_P4_L5_I0_T3,position,A2,U3,P4,L5,I0,T3,S02,excluded_source_missing,only U4 solved-position sample stream exists on disk,
X_A2_U3_P4_L5_I0_T4,position,A2,U3,P4,L5,I0,T4,S02,excluded_source_missing,only U4 solved-position sample stream exists on disk,
X_A2_U3_P4_L5_I0_T5,position,A2,U3,P4,L5,I0,T5,S02,excluded_source_missing,only U4 solved-position sample stream exists on disk,
X_A2_U3_P4_L5_I1_T1,position,A2,U3,P4,L5,I1,T1,S02,excluded_source_missing,only U4 solved-position sample stream exists on disk,
X_A2_U3_P4_L5_I1_T2,position,A2,U3,P4,L5,I1,T2,S02,excluded_source_missing,only U4 solved-position sample stream exists on disk,
X_A2_U3_P4_L5_I1_T3,position,A2,U3,P4,L5,I1,T3,S02,excluded_source_missing,only U4 solved-position sample stream exists on disk,
X_A2_U3_P4_L5_I1_T4,position,A2,U3,P4,L5,I1,T4,S02,excluded_source_missing,only U4 solved-position sample stream exists on disk,
X_A2_U3_P4_L5_I1_T5,position,A2,U3,P4,L5,I1,T5,S02,excluded_source_missing,only U4 solved-position sample stream exists on disk,
X_A2_U3_P4_L5_I2_T1,position,A2,U3,P4,L5,I2,T1,S02,excluded_source_missing,only U4 solved-position sample stream exists on disk,
X_A2_U3_P4_L5_I2_T2,position,A2,U3,P4,L5,I2,T2,S02,excluded_source_missing,only U4 solved-position sample stream exists on disk,
X_A2_U3_P4_L5_I2_T3,position,A2,U3,P4,L5,I2,T3,S02,excluded_source_missing,only U4 solved-position sample stream exists on disk,
X_A2_U3_P4_L5_I2_T4,position,A2,U3,P4,L5,I2,T4,S02,excluded_source_missing,only U4 solved-position sample stream exists on disk,
X_A2_U3_P4_L5_I2_T5,position,A2,U3,P4,L5,I2,T5,S02,excluded_source_missing,only U4 solved-position sample stream exists on disk,
X_A2_U3_P4_L5_I3_T1,position,A2,U3,P4,L5,I3,T1,S02,excluded_source_missing,only U4 solved-position sample stream exists on disk,
X_A2_U3_P4_L5_I3_T2,position,A2,U3,P4,L5,I3,T2,S02,excluded_source_missing,only U4 solved-position sample stream exists on disk,
X_A2_U3_P4_L5_I3_T3,position,A2,U3,P4,L5,I3,T3,S02,excluded_source_missing,only U4 solved-position sample stream exists on disk,
X_A2_U3_P4_L5_I3_T4,position,A2,U3,P4,L5,I3,T4,S02,excluded_source_missing,only U4 solved-position sample stream exists on disk,
X_A2_U3_P4_L5_I3_T5,position,A2,U3,P4,L5,I3,T5,S02,excluded_source_missing,only U4 solved-position sample stream exists on disk,
X_A2_U3_P4_L5_I4_T1,position,A2,U3,P4,L5,I4,T1,S02,excluded_source_missing,only U4 solved-position sample stream exists on disk,
X_A2_U3_P4_L5_I4_T2,position,A2,U3,P4,L5,I4,T2,S02,excluded_source_missing,only U4 solved-position sample stream exists on disk,
X_A2_U3_P4_L5_I4_T3,position,A2,U3,P4,L5,I4,T3,S02,excluded_source_missing,only U4 solved-position sample stream exists on disk,
X_A2_U3_P4_L5_I4_T4,position,A2,U3,P4,L5,I4,T4,S02,excluded_source_missing,only U4 solved-position sample stream exists on disk,
X_A2_U3_P4_L5_I4_T5,position,A2,U3,P4,L5,I4,T5,S02,excluded_source_missing,only U4 solved-position sample stream exists on disk,
X_A2_U3_P4_L5_I5_T1,position,A2,U3,P4,L5,I5,T1,S02,excluded_source_missing,only U4 solved-position sample stream exists on disk,
X_A2_U3_P4_L5_I5_T2,position,A2,U3,P4,L5,I5,T2,S02,excluded_source_missing,only U4 solved-position sample stream exists on disk,
X_A2_U3_P4_L5_I5_T3,position,A2,U3,P4,L5,I5,T3,S02,excluded_source_missing,only U4 solved-position sample stream exists on disk,
X_A2_U3_P4_L5_I5_T4,position,A2,U3,P4,L5,I5,T4,S02,excluded_source_missing,only U4 solved-position sample stream exists on disk,
X_A2_U3_P4_L5_I5_T5,position,A2,U3,P4,L5,I5,T5,S02,excluded_source_missing,only U4 solved-position sample stream exists on disk,
X_A2_U3_P4_L5_I6_T1,position,A2,U3,P4,L5,I6,T1,S02,excluded_source_missing,only U4 solved-position sample stream exists on disk,
X_A2_U3_P4_L5_I6_T2,position,A2,U3,P4,L5,I6,T2,S02,excluded_source_missing,only U4 solved-position sample stream exists on disk,
X_A2_U3_P4_L5_I6_T3,position,A2,U3,P4,L5,I6,T3,S02,excluded_source_missing,only U4 solved-position sample stream exists on disk,
X_A2_U3_P4_L5_I6_T4,position,A2,U3,P4,L5,I6,T4,S02,excluded_source_missing,only U4 solved-position sample stream exists on disk,
X_A2_U3_P4_L5_I6_T5,position,A2,U3,P4,L5,I6,T5,S02,excluded_source_missing,only U4 solved-position sample stream exists on disk,
X_A2_U3_P4_L5_I7_T1,position,A2,U3,P4,L5,I7,T1,S02,excluded_source_missing,only U4 solved-position sample stream exists on disk,
X_A2_U3_P4_L5_I7_T2,position,A2,U3,P4,L5,I7,T2,S02,excluded_source_missing,only U4 solved-position sample stream exists on disk,
X_A2_U3_P4_L5_I7_T3,position,A2,U3,P4,L5,I7,T3,S02,excluded_source_missing,only U4 solved-position sample stream exists on disk,
X_A2_U3_P4_L5_I7_T4,position,A2,U3,P4,L5,I7,T4,S02,excluded_source_missing,only U4 solved-position sample stream exists on disk,
X_A2_U3_P4_L5_I7_T5,position,A2,U3,P4,L5,I7,T5,S02,excluded_source_missing,only U4 solved-position sample stream exists on disk,
X_A2_U3_P4_L5_I8_T1,position,A2,U3,P4,L5,I8,T1,S02,excluded_source_missing,only U4 solved-position sample stream exists on disk,
X_A2_U3_P4_L5_I8_T2,position,A2,U3,P4,L5,I8,T2,S02,excluded_source_missing,only U4 solved-position sample stream exists on disk,
X_A2_U3_P4_L5_I8_T3,position,A2,U3,P4,L5,I8,T3,S02,excluded_source_missing,only U4 solved-position sample stream exists on disk,
X_A2_U3_P4_L5_I8_T4,position,A2,U3,P4,L5,I8,T4,S02,excluded_source_missing,only U4 solved-position sample stream exists on disk,
X_A2_U3_P4_L5_I8_T5,position,A2,U3,P4,L5,I8,T5,S02,excluded_source_missing,only U4 solved-position sample stream exists on disk,
X_A2_U3_P5_L5_I0_T1,position,A2,U3,P5,L5,I0,T1,S02,excluded_source_missing,only U4 solved-position sample stream exists on disk,
X_A2_U3_P5_L5_I0_T2,position,A2,U3,P5,L5,I0,T2,S02,excluded_source_missing,only U4 solved-position sample stream exists on disk,
X_A2_U3_P5_L5_I0_T3,position,A2,U3,P5,L5,I0,T3,S02,excluded_source_missing,only U4 solved-position sample stream exists on disk,
X_A2_U3_P5_L5_I0_T4,position,A2,U3,P5,L5,I0,T4,S02,excluded_source_missing,only U4 solved-position sample stream exists on disk,
X_A2_U3_P5_L5_I0_T5,position,A2,U3,P5,L5,I0,T5,S02,excluded_source_missing,only U4 solved-position sample stream exists on disk,
X_A2_U3_P5_L5_I1_T1,position,A2,U3,P5,L5,I1,T1,S02,excluded_source_missing,only U4 solved-position sample stream exists on disk,
X_A2_U3_P5_L5_I1_T2,position,A2,U3,P5,L5,I1,T2,S02,excluded_source_missing,only U4 solved-position sample stream exists on disk,
X_A2_U3_P5_L5_I1_T3,position,A2,U3,P5,L5,I1,T3,S02,excluded_source_missing,only U4 solved-position sample stream exists on disk,
X_A2_U3_P5_L5_I1_T4,position,A2,U3,P5,L5,I1,T4,S02,excluded_source_missing,only U4 solved-position sample stream exists on disk,
X_A2_U3_P5_L5_I1_T5,position,A2,U3,P5,L5,I1,T5,S02,excluded_source_missing,only U4 solved-position sample stream exists on disk,
X_A2_U3_P5_L5_I2_T1,position,A2,U3,P5,L5,I2,T1,S02,excluded_source_missing,only U4 solved-position sample stream exists on disk,
X_A2_U3_P5_L5_I2_T2,position,A2,U3,P5,L5,I2,T2,S02,excluded_source_missing,only U4 solved-position sample stream exists on disk,
X_A2_U3_P5_L5_I2_T3,position,A2,U3,P5,L5,I2,T3,S02,excluded_source_missing,only U4 solved-position sample stream exists on disk,
X_A2_U3_P5_L5_I2_T4,position,A2,U3,P5,L5,I2,T4,S02,excluded_source_missing,only U4 solved-position sample stream exists on disk,
X_A2_U3_P5_L5_I2_T5,position,A2,U3,P5,L5,I2,T5,S02,excluded_source_missing,only U4 solved-position sample stream exists on disk,
X_A2_U3_P5_L5_I3_T1,position,A2,U3,P5,L5,I3,T1,S02,excluded_source_missing,only U4 solved-position sample stream exists on disk,
X_A2_U3_P5_L5_I3_T2,position,A2,U3,P5,L5,I3,T2,S02,excluded_source_missing,only U4 solved-position sample stream exists on disk,
X_A2_U3_P5_L5_I3_T3,position,A2,U3,P5,L5,I3,T3,S02,excluded_source_missing,only U4 solved-position sample stream exists on disk,
X_A2_U3_P5_L5_I3_T4,position,A2,U3,P5,L5,I3,T4,S02,excluded_source_missing,only U4 solved-position sample stream exists on disk,
X_A2_U3_P5_L5_I3_T5,position,A2,U3,P5,L5,I3,T5,S02,excluded_source_missing,only U4 solved-position sample stream exists on disk,
X_A2_U3_P5_L5_I4_T1,position,A2,U3,P5,L5,I4,T1,S02,excluded_source_missing,only U4 solved-position sample stream exists on disk,
X_A2_U3_P5_L5_I4_T2,position,A2,U3,P5,L5,I4,T2,S02,excluded_source_missing,only U4 solved-position sample stream exists on disk,
X_A2_U3_P5_L5_I4_T3,position,A2,U3,P5,L5,I4,T3,S02,excluded_source_missing,only U4 solved-position sample stream exists on disk,
X_A2_U3_P5_L5_I4_T4,position,A2,U3,P5,L5,I4,T4,S02,excluded_source_missing,only U4 solved-position sample stream exists on disk,
X_A2_U3_P5_L5_I4_T5,position,A2,U3,P5,L5,I4,T5,S02,excluded_source_missing,only U4 solved-position sample stream exists on disk,
X_A2_U3_P5_L5_I5_T1,position,A2,U3,P5,L5,I5,T1,S02,excluded_source_missing,only U4 solved-position sample stream exists on disk,
X_A2_U3_P5_L5_I5_T2,position,A2,U3,P5,L5,I5,T2,S02,excluded_source_missing,only U4 solved-position sample stream exists on disk,
X_A2_U3_P5_L5_I5_T3,position,A2,U3,P5,L5,I5,T3,S02,excluded_source_missing,only U4 solved-position sample stream exists on disk,
X_A2_U3_P5_L5_I5_T4,position,A2,U3,P5,L5,I5,T4,S02,excluded_source_missing,only U4 solved-position sample stream exists on disk,
X_A2_U3_P5_L5_I5_T5,position,A2,U3,P5,L5,I5,T5,S02,excluded_source_missing,only U4 solved-position sample stream exists on disk,
X_A2_U3_P5_L5_I6_T1,position,A2,U3,P5,L5,I6,T1,S02,excluded_source_missing,only U4 solved-position sample stream exists on disk,
X_A2_U3_P5_L5_I6_T2,position,A2,U3,P5,L5,I6,T2,S02,excluded_source_missing,only U4 solved-position sample stream exists on disk,
X_A2_U3_P5_L5_I6_T3,position,A2,U3,P5,L5,I6,T3,S02,excluded_source_missing,only U4 solved-position sample stream exists on disk,
X_A2_U3_P5_L5_I6_T4,position,A2,U3,P5,L5,I6,T4,S02,excluded_source_missing,only U4 solved-position sample stream exists on disk,
X_A2_U3_P5_L5_I6_T5,position,A2,U3,P5,L5,I6,T5,S02,excluded_source_missing,only U4 solved-position sample stream exists on disk,
X_A2_U3_P5_L5_I7_T1,position,A2,U3,P5,L5,I7,T1,S02,excluded_source_missing,only U4 solved-position sample stream exists on disk,
X_A2_U3_P5_L5_I7_T2,position,A2,U3,P5,L5,I7,T2,S02,excluded_source_missing,only U4 solved-position sample stream exists on disk,
X_A2_U3_P5_L5_I7_T3,position,A2,U3,P5,L5,I7,T3,S02,excluded_source_missing,only U4 solved-position sample stream exists on disk,
X_A2_U3_P5_L5_I7_T4,position,A2,U3,P5,L5,I7,T4,S02,excluded_source_missing,only U4 solved-position sample stream exists on disk,
X_A2_U3_P5_L5_I7_T5,position,A2,U3,P5,L5,I7,T5,S02,excluded_source_missing,only U4 solved-position sample stream exists on disk,
X_A2_U3_P5_L5_I8_T1,position,A2,U3,P5,L5,I8,T1,S02,excluded_source_missing,only U4 solved-position sample stream exists on disk,
X_A2_U3_P5_L5_I8_T2,position,A2,U3,P5,L5,I8,T2,S02,excluded_source_missing,only U4 solved-position sample stream exists on disk,
X_A2_U3_P5_L5_I8_T3,position,A2,U3,P5,L5,I8,T3,S02,excluded_source_missing,only U4 solved-position sample stream exists on disk,
X_A2_U3_P5_L5_I8_T4,position,A2,U3,P5,L5,I8,T4,S02,excluded_source_missing,only U4 solved-position sample stream exists on disk,
X_A2_U3_P5_L5_I8_T5,position,A2,U3,P5,L5,I8,T5,S02,excluded_source_missing,only U4 solved-position sample stream exists on disk,
X_A2_U4_P0_L5_I0_T1,position,A2,U4,P0,L5,I0,T1,S02,runnable,,
X_A2_U4_P0_L5_I0_T2,position,A2,U4,P0,L5,I0,T2,S02,runnable,,
X_A2_U4_P0_L5_I0_T3,position,A2,U4,P0,L5,I0,T3,S02,runnable,,
X_A2_U4_P0_L5_I0_T4,position,A2,U4,P0,L5,I0,T4,S02,runnable,,
X_A2_U4_P0_L5_I0_T5,position,A2,U4,P0,L5,I0,T5,S02,runnable,,
X_A2_U4_P0_L5_I1_T1,position,A2,U4,P0,L5,I1,T1,S02,runnable,,
X_A2_U4_P0_L5_I1_T2,position,A2,U4,P0,L5,I1,T2,S02,runnable,,
X_A2_U4_P0_L5_I1_T3,position,A2,U4,P0,L5,I1,T3,S02,runnable,,
X_A2_U4_P0_L5_I1_T4,position,A2,U4,P0,L5,I1,T4,S02,runnable,,
X_A2_U4_P0_L5_I1_T5,position,A2,U4,P0,L5,I1,T5,S02,runnable,,
X_A2_U4_P0_L5_I2_T1,position,A2,U4,P0,L5,I2,T1,S02,runnable,,
X_A2_U4_P0_L5_I2_T2,position,A2,U4,P0,L5,I2,T2,S02,runnable,,
X_A2_U4_P0_L5_I2_T3,position,A2,U4,P0,L5,I2,T3,S02,runnable,,
X_A2_U4_P0_L5_I2_T4,position,A2,U4,P0,L5,I2,T4,S02,runnable,,
X_A2_U4_P0_L5_I2_T5,position,A2,U4,P0,L5,I2,T5,S02,runnable,,
X_A2_U4_P0_L5_I3_T1,position,A2,U4,P0,L5,I3,T1,S02,runnable,,
X_A2_U4_P0_L5_I3_T2,position,A2,U4,P0,L5,I3,T2,S02,runnable,,
X_A2_U4_P0_L5_I3_T3,position,A2,U4,P0,L5,I3,T3,S02,runnable,,
X_A2_U4_P0_L5_I3_T4,position,A2,U4,P0,L5,I3,T4,S02,runnable,,
X_A2_U4_P0_L5_I3_T5,position,A2,U4,P0,L5,I3,T5,S02,runnable,,
X_A2_U4_P0_L5_I4_T1,position,A2,U4,P0,L5,I4,T1,S02,runnable,,
X_A2_U4_P0_L5_I4_T2,position,A2,U4,P0,L5,I4,T2,S02,runnable,,
X_A2_U4_P0_L5_I4_T3,position,A2,U4,P0,L5,I4,T3,S02,runnable,,
X_A2_U4_P0_L5_I4_T4,position,A2,U4,P0,L5,I4,T4,S02,runnable,,
X_A2_U4_P0_L5_I4_T5,position,A2,U4,P0,L5,I4,T5,S02,runnable,,
X_A2_U4_P0_L5_I5_T1,position,A2,U4,P0,L5,I5,T1,S02,runnable,,
X_A2_U4_P0_L5_I5_T2,position,A2,U4,P0,L5,I5,T2,S02,runnable,,
X_A2_U4_P0_L5_I5_T3,position,A2,U4,P0,L5,I5,T3,S02,runnable,,
X_A2_U4_P0_L5_I5_T4,position,A2,U4,P0,L5,I5,T4,S02,runnable,,
X_A2_U4_P0_L5_I5_T5,position,A2,U4,P0,L5,I5,T5,S02,runnable,,
X_A2_U4_P0_L5_I6_T1,position,A2,U4,P0,L5,I6,T1,S02,runnable,,
X_A2_U4_P0_L5_I6_T2,position,A2,U4,P0,L5,I6,T2,S02,runnable,,
X_A2_U4_P0_L5_I6_T3,position,A2,U4,P0,L5,I6,T3,S02,runnable,,
X_A2_U4_P0_L5_I6_T4,position,A2,U4,P0,L5,I6,T4,S02,runnable,,
X_A2_U4_P0_L5_I6_T5,position,A2,U4,P0,L5,I6,T5,S02,runnable,,
X_A2_U4_P0_L5_I7_T1,position,A2,U4,P0,L5,I7,T1,S02,runnable,,
X_A2_U4_P0_L5_I7_T2,position,A2,U4,P0,L5,I7,T2,S02,runnable,,
X_A2_U4_P0_L5_I7_T3,position,A2,U4,P0,L5,I7,T3,S02,runnable,,
X_A2_U4_P0_L5_I7_T4,position,A2,U4,P0,L5,I7,T4,S02,runnable,,
X_A2_U4_P0_L5_I7_T5,position,A2,U4,P0,L5,I7,T5,S02,runnable,,
X_A2_U4_P0_L5_I8_T1,position,A2,U4,P0,L5,I8,T1,S02,runnable,,
X_A2_U4_P0_L5_I8_T2,position,A2,U4,P0,L5,I8,T2,S02,runnable,,
X_A2_U4_P0_L5_I8_T3,position,A2,U4,P0,L5,I8,T3,S02,runnable,,
X_A2_U4_P0_L5_I8_T4,position,A2,U4,P0,L5,I8,T4,S02,runnable,,
X_A2_U4_P0_L5_I8_T5,position,A2,U4,P0,L5,I8,T5,S02,runnable,,
X_A2_U4_P1_L5_I0_T1,position,A2,U4,P1,L5,I0,T1,S02,runnable,,
X_A2_U4_P1_L5_I0_T2,position,A2,U4,P1,L5,I0,T2,S02,runnable,,
X_A2_U4_P1_L5_I0_T3,position,A2,U4,P1,L5,I0,T3,S02,runnable,,
X_A2_U4_P1_L5_I0_T4,position,A2,U4,P1,L5,I0,T4,S02,runnable,,
X_A2_U4_P1_L5_I0_T5,position,A2,U4,P1,L5,I0,T5,S02,runnable,,
X_A2_U4_P1_L5_I1_T1,position,A2,U4,P1,L5,I1,T1,S02,runnable,,
X_A2_U4_P1_L5_I1_T2,position,A2,U4,P1,L5,I1,T2,S02,runnable,,
X_A2_U4_P1_L5_I1_T3,position,A2,U4,P1,L5,I1,T3,S02,runnable,,
X_A2_U4_P1_L5_I1_T4,position,A2,U4,P1,L5,I1,T4,S02,runnable,,
X_A2_U4_P1_L5_I1_T5,position,A2,U4,P1,L5,I1,T5,S02,runnable,,
X_A2_U4_P1_L5_I2_T1,position,A2,U4,P1,L5,I2,T1,S02,runnable,,
X_A2_U4_P1_L5_I2_T2,position,A2,U4,P1,L5,I2,T2,S02,runnable,,
X_A2_U4_P1_L5_I2_T3,position,A2,U4,P1,L5,I2,T3,S02,runnable,,
X_A2_U4_P1_L5_I2_T4,position,A2,U4,P1,L5,I2,T4,S02,runnable,,
X_A2_U4_P1_L5_I2_T5,position,A2,U4,P1,L5,I2,T5,S02,runnable,,
X_A2_U4_P1_L5_I3_T1,position,A2,U4,P1,L5,I3,T1,S02,runnable,,
X_A2_U4_P1_L5_I3_T2,position,A2,U4,P1,L5,I3,T2,S02,runnable,,
X_A2_U4_P1_L5_I3_T3,position,A2,U4,P1,L5,I3,T3,S02,runnable,,
X_A2_U4_P1_L5_I3_T4,position,A2,U4,P1,L5,I3,T4,S02,runnable,,
X_A2_U4_P1_L5_I3_T5,position,A2,U4,P1,L5,I3,T5,S02,runnable,,
X_A2_U4_P1_L5_I4_T1,position,A2,U4,P1,L5,I4,T1,S02,runnable,,
X_A2_U4_P1_L5_I4_T2,position,A2,U4,P1,L5,I4,T2,S02,runnable,,
X_A2_U4_P1_L5_I4_T3,position,A2,U4,P1,L5,I4,T3,S02,runnable,,
X_A2_U4_P1_L5_I4_T4,position,A2,U4,P1,L5,I4,T4,S02,runnable,,
X_A2_U4_P1_L5_I4_T5,position,A2,U4,P1,L5,I4,T5,S02,runnable,,
X_A2_U4_P1_L5_I5_T1,position,A2,U4,P1,L5,I5,T1,S02,runnable,,
X_A2_U4_P1_L5_I5_T2,position,A2,U4,P1,L5,I5,T2,S02,runnable,,
X_A2_U4_P1_L5_I5_T3,position,A2,U4,P1,L5,I5,T3,S02,runnable,,
X_A2_U4_P1_L5_I5_T4,position,A2,U4,P1,L5,I5,T4,S02,runnable,,
X_A2_U4_P1_L5_I5_T5,position,A2,U4,P1,L5,I5,T5,S02,runnable,,
X_A2_U4_P1_L5_I6_T1,position,A2,U4,P1,L5,I6,T1,S02,runnable,,
X_A2_U4_P1_L5_I6_T2,position,A2,U4,P1,L5,I6,T2,S02,runnable,,
X_A2_U4_P1_L5_I6_T3,position,A2,U4,P1,L5,I6,T3,S02,runnable,,
X_A2_U4_P1_L5_I6_T4,position,A2,U4,P1,L5,I6,T4,S02,runnable,,
X_A2_U4_P1_L5_I6_T5,position,A2,U4,P1,L5,I6,T5,S02,runnable,,
X_A2_U4_P1_L5_I7_T1,position,A2,U4,P1,L5,I7,T1,S02,runnable,,
X_A2_U4_P1_L5_I7_T2,position,A2,U4,P1,L5,I7,T2,S02,runnable,,
X_A2_U4_P1_L5_I7_T3,position,A2,U4,P1,L5,I7,T3,S02,runnable,,
X_A2_U4_P1_L5_I7_T4,position,A2,U4,P1,L5,I7,T4,S02,runnable,,
X_A2_U4_P1_L5_I7_T5,position,A2,U4,P1,L5,I7,T5,S02,runnable,,
X_A2_U4_P1_L5_I8_T1,position,A2,U4,P1,L5,I8,T1,S02,runnable,,
X_A2_U4_P1_L5_I8_T2,position,A2,U4,P1,L5,I8,T2,S02,runnable,,
X_A2_U4_P1_L5_I8_T3,position,A2,U4,P1,L5,I8,T3,S02,runnable,,
X_A2_U4_P1_L5_I8_T4,position,A2,U4,P1,L5,I8,T4,S02,runnable,,
X_A2_U4_P1_L5_I8_T5,position,A2,U4,P1,L5,I8,T5,S02,runnable,,
X_A2_U4_P2_L5_I0_T1,position,A2,U4,P2,L5,I0,T1,S02,runnable,,
X_A2_U4_P2_L5_I0_T2,position,A2,U4,P2,L5,I0,T2,S02,runnable,,
X_A2_U4_P2_L5_I0_T3,position,A2,U4,P2,L5,I0,T3,S02,runnable,,
X_A2_U4_P2_L5_I0_T4,position,A2,U4,P2,L5,I0,T4,S02,runnable,,
X_A2_U4_P2_L5_I0_T5,position,A2,U4,P2,L5,I0,T5,S02,runnable,,
X_A2_U4_P2_L5_I1_T1,position,A2,U4,P2,L5,I1,T1,S02,runnable,,
X_A2_U4_P2_L5_I1_T2,position,A2,U4,P2,L5,I1,T2,S02,runnable,,
X_A2_U4_P2_L5_I1_T3,position,A2,U4,P2,L5,I1,T3,S02,runnable,,
X_A2_U4_P2_L5_I1_T4,position,A2,U4,P2,L5,I1,T4,S02,runnable,,
X_A2_U4_P2_L5_I1_T5,position,A2,U4,P2,L5,I1,T5,S02,runnable,,
X_A2_U4_P2_L5_I2_T1,position,A2,U4,P2,L5,I2,T1,S02,runnable,,
X_A2_U4_P2_L5_I2_T2,position,A2,U4,P2,L5,I2,T2,S02,runnable,,
X_A2_U4_P2_L5_I2_T3,position,A2,U4,P2,L5,I2,T3,S02,runnable,,
X_A2_U4_P2_L5_I2_T4,position,A2,U4,P2,L5,I2,T4,S02,runnable,,
X_A2_U4_P2_L5_I2_T5,position,A2,U4,P2,L5,I2,T5,S02,runnable,,
X_A2_U4_P2_L5_I3_T1,position,A2,U4,P2,L5,I3,T1,S02,runnable,,
X_A2_U4_P2_L5_I3_T2,position,A2,U4,P2,L5,I3,T2,S02,runnable,,
X_A2_U4_P2_L5_I3_T3,position,A2,U4,P2,L5,I3,T3,S02,runnable,,
X_A2_U4_P2_L5_I3_T4,position,A2,U4,P2,L5,I3,T4,S02,runnable,,
X_A2_U4_P2_L5_I3_T5,position,A2,U4,P2,L5,I3,T5,S02,runnable,,
X_A2_U4_P2_L5_I4_T1,position,A2,U4,P2,L5,I4,T1,S02,runnable,,
X_A2_U4_P2_L5_I4_T2,position,A2,U4,P2,L5,I4,T2,S02,runnable,,
X_A2_U4_P2_L5_I4_T3,position,A2,U4,P2,L5,I4,T3,S02,runnable,,
X_A2_U4_P2_L5_I4_T4,position,A2,U4,P2,L5,I4,T4,S02,runnable,,
X_A2_U4_P2_L5_I4_T5,position,A2,U4,P2,L5,I4,T5,S02,runnable,,
X_A2_U4_P2_L5_I5_T1,position,A2,U4,P2,L5,I5,T1,S02,runnable,,
X_A2_U4_P2_L5_I5_T2,position,A2,U4,P2,L5,I5,T2,S02,runnable,,
X_A2_U4_P2_L5_I5_T3,position,A2,U4,P2,L5,I5,T3,S02,runnable,,
X_A2_U4_P2_L5_I5_T4,position,A2,U4,P2,L5,I5,T4,S02,runnable,,
X_A2_U4_P2_L5_I5_T5,position,A2,U4,P2,L5,I5,T5,S02,runnable,,
X_A2_U4_P2_L5_I6_T1,position,A2,U4,P2,L5,I6,T1,S02,runnable,,
X_A2_U4_P2_L5_I6_T2,position,A2,U4,P2,L5,I6,T2,S02,runnable,,
X_A2_U4_P2_L5_I6_T3,position,A2,U4,P2,L5,I6,T3,S02,runnable,,
X_A2_U4_P2_L5_I6_T4,position,A2,U4,P2,L5,I6,T4,S02,runnable,,
X_A2_U4_P2_L5_I6_T5,position,A2,U4,P2,L5,I6,T5,S02,runnable,,
X_A2_U4_P2_L5_I7_T1,position,A2,U4,P2,L5,I7,T1,S02,runnable,,
X_A2_U4_P2_L5_I7_T2,position,A2,U4,P2,L5,I7,T2,S02,runnable,,
X_A2_U4_P2_L5_I7_T3,position,A2,U4,P2,L5,I7,T3,S02,runnable,,
X_A2_U4_P2_L5_I7_T4,position,A2,U4,P2,L5,I7,T4,S02,runnable,,
X_A2_U4_P2_L5_I7_T5,position,A2,U4,P2,L5,I7,T5,S02,runnable,,
X_A2_U4_P2_L5_I8_T1,position,A2,U4,P2,L5,I8,T1,S02,runnable,,
X_A2_U4_P2_L5_I8_T2,position,A2,U4,P2,L5,I8,T2,S02,runnable,,
X_A2_U4_P2_L5_I8_T3,position,A2,U4,P2,L5,I8,T3,S02,runnable,,
X_A2_U4_P2_L5_I8_T4,position,A2,U4,P2,L5,I8,T4,S02,runnable,,
X_A2_U4_P2_L5_I8_T5,position,A2,U4,P2,L5,I8,T5,S02,runnable,,
X_A2_U4_P3_L5_I0_T1,position,A2,U4,P3,L5,I0,T1,S02,runnable,,
X_A2_U4_P3_L5_I0_T2,position,A2,U4,P3,L5,I0,T2,S02,runnable,,
X_A2_U4_P3_L5_I0_T3,position,A2,U4,P3,L5,I0,T3,S02,runnable,,
X_A2_U4_P3_L5_I0_T4,position,A2,U4,P3,L5,I0,T4,S02,runnable,,
X_A2_U4_P3_L5_I0_T5,position,A2,U4,P3,L5,I0,T5,S02,runnable,,
X_A2_U4_P3_L5_I1_T1,position,A2,U4,P3,L5,I1,T1,S02,runnable,,
X_A2_U4_P3_L5_I1_T2,position,A2,U4,P3,L5,I1,T2,S02,runnable,,
X_A2_U4_P3_L5_I1_T3,position,A2,U4,P3,L5,I1,T3,S02,runnable,,
X_A2_U4_P3_L5_I1_T4,position,A2,U4,P3,L5,I1,T4,S02,runnable,,
X_A2_U4_P3_L5_I1_T5,position,A2,U4,P3,L5,I1,T5,S02,runnable,,
X_A2_U4_P3_L5_I2_T1,position,A2,U4,P3,L5,I2,T1,S02,runnable,,
X_A2_U4_P3_L5_I2_T2,position,A2,U4,P3,L5,I2,T2,S02,runnable,,
X_A2_U4_P3_L5_I2_T3,position,A2,U4,P3,L5,I2,T3,S02,runnable,,
X_A2_U4_P3_L5_I2_T4,position,A2,U4,P3,L5,I2,T4,S02,runnable,,
X_A2_U4_P3_L5_I2_T5,position,A2,U4,P3,L5,I2,T5,S02,runnable,,
X_A2_U4_P3_L5_I3_T1,position,A2,U4,P3,L5,I3,T1,S02,runnable,,
X_A2_U4_P3_L5_I3_T2,position,A2,U4,P3,L5,I3,T2,S02,runnable,,
X_A2_U4_P3_L5_I3_T3,position,A2,U4,P3,L5,I3,T3,S02,runnable,,
X_A2_U4_P3_L5_I3_T4,position,A2,U4,P3,L5,I3,T4,S02,runnable,,
X_A2_U4_P3_L5_I3_T5,position,A2,U4,P3,L5,I3,T5,S02,runnable,,
X_A2_U4_P3_L5_I4_T1,position,A2,U4,P3,L5,I4,T1,S02,runnable,,
X_A2_U4_P3_L5_I4_T2,position,A2,U4,P3,L5,I4,T2,S02,runnable,,
X_A2_U4_P3_L5_I4_T3,position,A2,U4,P3,L5,I4,T3,S02,runnable,,
X_A2_U4_P3_L5_I4_T4,position,A2,U4,P3,L5,I4,T4,S02,runnable,,
X_A2_U4_P3_L5_I4_T5,position,A2,U4,P3,L5,I4,T5,S02,runnable,,
X_A2_U4_P3_L5_I5_T1,position,A2,U4,P3,L5,I5,T1,S02,runnable,,
X_A2_U4_P3_L5_I5_T2,position,A2,U4,P3,L5,I5,T2,S02,runnable,,
X_A2_U4_P3_L5_I5_T3,position,A2,U4,P3,L5,I5,T3,S02,runnable,,
X_A2_U4_P3_L5_I5_T4,position,A2,U4,P3,L5,I5,T4,S02,runnable,,
X_A2_U4_P3_L5_I5_T5,position,A2,U4,P3,L5,I5,T5,S02,runnable,,
X_A2_U4_P3_L5_I6_T1,position,A2,U4,P3,L5,I6,T1,S02,runnable,,
X_A2_U4_P3_L5_I6_T2,position,A2,U4,P3,L5,I6,T2,S02,runnable,,
X_A2_U4_P3_L5_I6_T3,position,A2,U4,P3,L5,I6,T3,S02,runnable,,
X_A2_U4_P3_L5_I6_T4,position,A2,U4,P3,L5,I6,T4,S02,runnable,,
X_A2_U4_P3_L5_I6_T5,position,A2,U4,P3,L5,I6,T5,S02,runnable,,
X_A2_U4_P3_L5_I7_T1,position,A2,U4,P3,L5,I7,T1,S02,runnable,,
X_A2_U4_P3_L5_I7_T2,position,A2,U4,P3,L5,I7,T2,S02,runnable,,
X_A2_U4_P3_L5_I7_T3,position,A2,U4,P3,L5,I7,T3,S02,runnable,,
X_A2_U4_P3_L5_I7_T4,position,A2,U4,P3,L5,I7,T4,S02,runnable,,
X_A2_U4_P3_L5_I7_T5,position,A2,U4,P3,L5,I7,T5,S02,runnable,,
X_A2_U4_P3_L5_I8_T1,position,A2,U4,P3,L5,I8,T1,S02,runnable,,
X_A2_U4_P3_L5_I8_T2,position,A2,U4,P3,L5,I8,T2,S02,runnable,,
X_A2_U4_P3_L5_I8_T3,position,A2,U4,P3,L5,I8,T3,S02,runnable,,
X_A2_U4_P3_L5_I8_T4,position,A2,U4,P3,L5,I8,T4,S02,runnable,,
X_A2_U4_P3_L5_I8_T5,position,A2,U4,P3,L5,I8,T5,S02,runnable,,
X_A2_U4_P4_L5_I0_T1,position,A2,U4,P4,L5,I0,T1,S02,runnable,,
X_A2_U4_P4_L5_I0_T2,position,A2,U4,P4,L5,I0,T2,S02,runnable,,
X_A2_U4_P4_L5_I0_T3,position,A2,U4,P4,L5,I0,T3,S02,runnable,,
X_A2_U4_P4_L5_I0_T4,position,A2,U4,P4,L5,I0,T4,S02,runnable,,
X_A2_U4_P4_L5_I0_T5,position,A2,U4,P4,L5,I0,T5,S02,runnable,,
X_A2_U4_P4_L5_I1_T1,position,A2,U4,P4,L5,I1,T1,S02,runnable,,
X_A2_U4_P4_L5_I1_T2,position,A2,U4,P4,L5,I1,T2,S02,runnable,,
X_A2_U4_P4_L5_I1_T3,position,A2,U4,P4,L5,I1,T3,S02,runnable,,
X_A2_U4_P4_L5_I1_T4,position,A2,U4,P4,L5,I1,T4,S02,runnable,,
X_A2_U4_P4_L5_I1_T5,position,A2,U4,P4,L5,I1,T5,S02,runnable,,
X_A2_U4_P4_L5_I2_T1,position,A2,U4,P4,L5,I2,T1,S02,runnable,,
X_A2_U4_P4_L5_I2_T2,position,A2,U4,P4,L5,I2,T2,S02,runnable,,
X_A2_U4_P4_L5_I2_T3,position,A2,U4,P4,L5,I2,T3,S02,runnable,,
X_A2_U4_P4_L5_I2_T4,position,A2,U4,P4,L5,I2,T4,S02,runnable,,
X_A2_U4_P4_L5_I2_T5,position,A2,U4,P4,L5,I2,T5,S02,runnable,,
X_A2_U4_P4_L5_I3_T1,position,A2,U4,P4,L5,I3,T1,S02,runnable,,
X_A2_U4_P4_L5_I3_T2,position,A2,U4,P4,L5,I3,T2,S02,runnable,,
X_A2_U4_P4_L5_I3_T3,position,A2,U4,P4,L5,I3,T3,S02,runnable,,
X_A2_U4_P4_L5_I3_T4,position,A2,U4,P4,L5,I3,T4,S02,runnable,,
X_A2_U4_P4_L5_I3_T5,position,A2,U4,P4,L5,I3,T5,S02,runnable,,
X_A2_U4_P4_L5_I4_T1,position,A2,U4,P4,L5,I4,T1,S02,runnable,,
X_A2_U4_P4_L5_I4_T2,position,A2,U4,P4,L5,I4,T2,S02,runnable,,
X_A2_U4_P4_L5_I4_T3,position,A2,U4,P4,L5,I4,T3,S02,runnable,,
X_A2_U4_P4_L5_I4_T4,position,A2,U4,P4,L5,I4,T4,S02,runnable,,
X_A2_U4_P4_L5_I4_T5,position,A2,U4,P4,L5,I4,T5,S02,runnable,,
X_A2_U4_P4_L5_I5_T1,position,A2,U4,P4,L5,I5,T1,S02,runnable,,
X_A2_U4_P4_L5_I5_T2,position,A2,U4,P4,L5,I5,T2,S02,runnable,,
X_A2_U4_P4_L5_I5_T3,position,A2,U4,P4,L5,I5,T3,S02,runnable,,
X_A2_U4_P4_L5_I5_T4,position,A2,U4,P4,L5,I5,T4,S02,runnable,,
X_A2_U4_P4_L5_I5_T5,position,A2,U4,P4,L5,I5,T5,S02,runnable,,
X_A2_U4_P4_L5_I6_T1,position,A2,U4,P4,L5,I6,T1,S02,runnable,,
X_A2_U4_P4_L5_I6_T2,position,A2,U4,P4,L5,I6,T2,S02,runnable,,
X_A2_U4_P4_L5_I6_T3,position,A2,U4,P4,L5,I6,T3,S02,runnable,,
X_A2_U4_P4_L5_I6_T4,position,A2,U4,P4,L5,I6,T4,S02,runnable,,
X_A2_U4_P4_L5_I6_T5,position,A2,U4,P4,L5,I6,T5,S02,runnable,,
X_A2_U4_P4_L5_I7_T1,position,A2,U4,P4,L5,I7,T1,S02,runnable,,
X_A2_U4_P4_L5_I7_T2,position,A2,U4,P4,L5,I7,T2,S02,runnable,,
X_A2_U4_P4_L5_I7_T3,position,A2,U4,P4,L5,I7,T3,S02,runnable,,
X_A2_U4_P4_L5_I7_T4,position,A2,U4,P4,L5,I7,T4,S02,runnable,,
X_A2_U4_P4_L5_I7_T5,position,A2,U4,P4,L5,I7,T5,S02,runnable,,
X_A2_U4_P4_L5_I8_T1,position,A2,U4,P4,L5,I8,T1,S02,runnable,,
X_A2_U4_P4_L5_I8_T2,position,A2,U4,P4,L5,I8,T2,S02,runnable,,
X_A2_U4_P4_L5_I8_T3,position,A2,U4,P4,L5,I8,T3,S02,runnable,,
X_A2_U4_P4_L5_I8_T4,position,A2,U4,P4,L5,I8,T4,S02,runnable,,
X_A2_U4_P4_L5_I8_T5,position,A2,U4,P4,L5,I8,T5,S02,runnable,,
X_A2_U4_P5_L5_I0_T1,position,A2,U4,P5,L5,I0,T1,S02,runnable,,
X_A2_U4_P5_L5_I0_T2,position,A2,U4,P5,L5,I0,T2,S02,runnable,,
X_A2_U4_P5_L5_I0_T3,position,A2,U4,P5,L5,I0,T3,S02,runnable,,
X_A2_U4_P5_L5_I0_T4,position,A2,U4,P5,L5,I0,T4,S02,runnable,,
X_A2_U4_P5_L5_I0_T5,position,A2,U4,P5,L5,I0,T5,S02,runnable,,
X_A2_U4_P5_L5_I1_T1,position,A2,U4,P5,L5,I1,T1,S02,runnable,,
X_A2_U4_P5_L5_I1_T2,position,A2,U4,P5,L5,I1,T2,S02,runnable,,
X_A2_U4_P5_L5_I1_T3,position,A2,U4,P5,L5,I1,T3,S02,runnable,,
X_A2_U4_P5_L5_I1_T4,position,A2,U4,P5,L5,I1,T4,S02,runnable,,
X_A2_U4_P5_L5_I1_T5,position,A2,U4,P5,L5,I1,T5,S02,runnable,,
X_A2_U4_P5_L5_I2_T1,position,A2,U4,P5,L5,I2,T1,S02,runnable,,
X_A2_U4_P5_L5_I2_T2,position,A2,U4,P5,L5,I2,T2,S02,runnable,,
X_A2_U4_P5_L5_I2_T3,position,A2,U4,P5,L5,I2,T3,S02,runnable,,
X_A2_U4_P5_L5_I2_T4,position,A2,U4,P5,L5,I2,T4,S02,runnable,,
X_A2_U4_P5_L5_I2_T5,position,A2,U4,P5,L5,I2,T5,S02,runnable,,
X_A2_U4_P5_L5_I3_T1,position,A2,U4,P5,L5,I3,T1,S02,runnable,,
X_A2_U4_P5_L5_I3_T2,position,A2,U4,P5,L5,I3,T2,S02,runnable,,
X_A2_U4_P5_L5_I3_T3,position,A2,U4,P5,L5,I3,T3,S02,runnable,,
X_A2_U4_P5_L5_I3_T4,position,A2,U4,P5,L5,I3,T4,S02,runnable,,
X_A2_U4_P5_L5_I3_T5,position,A2,U4,P5,L5,I3,T5,S02,runnable,,
X_A2_U4_P5_L5_I4_T1,position,A2,U4,P5,L5,I4,T1,S02,runnable,,
X_A2_U4_P5_L5_I4_T2,position,A2,U4,P5,L5,I4,T2,S02,runnable,,
X_A2_U4_P5_L5_I4_T3,position,A2,U4,P5,L5,I4,T3,S02,runnable,,
X_A2_U4_P5_L5_I4_T4,position,A2,U4,P5,L5,I4,T4,S02,runnable,,
X_A2_U4_P5_L5_I4_T5,position,A2,U4,P5,L5,I4,T5,S02,runnable,,
X_A2_U4_P5_L5_I5_T1,position,A2,U4,P5,L5,I5,T1,S02,runnable,,
X_A2_U4_P5_L5_I5_T2,position,A2,U4,P5,L5,I5,T2,S02,runnable,,
X_A2_U4_P5_L5_I5_T3,position,A2,U4,P5,L5,I5,T3,S02,runnable,,
X_A2_U4_P5_L5_I5_T4,position,A2,U4,P5,L5,I5,T4,S02,runnable,,
X_A2_U4_P5_L5_I5_T5,position,A2,U4,P5,L5,I5,T5,S02,runnable,,
X_A2_U4_P5_L5_I6_T1,position,A2,U4,P5,L5,I6,T1,S02,runnable,,
X_A2_U4_P5_L5_I6_T2,position,A2,U4,P5,L5,I6,T2,S02,runnable,,
X_A2_U4_P5_L5_I6_T3,position,A2,U4,P5,L5,I6,T3,S02,runnable,,
X_A2_U4_P5_L5_I6_T4,position,A2,U4,P5,L5,I6,T4,S02,runnable,,
X_A2_U4_P5_L5_I6_T5,position,A2,U4,P5,L5,I6,T5,S02,runnable,,
X_A2_U4_P5_L5_I7_T1,position,A2,U4,P5,L5,I7,T1,S02,runnable,,
X_A2_U4_P5_L5_I7_T2,position,A2,U4,P5,L5,I7,T2,S02,runnable,,
X_A2_U4_P5_L5_I7_T3,position,A2,U4,P5,L5,I7,T3,S02,runnable,,
X_A2_U4_P5_L5_I7_T4,position,A2,U4,P5,L5,I7,T4,S02,runnable,,
X_A2_U4_P5_L5_I7_T5,position,A2,U4,P5,L5,I7,T5,S02,runnable,,
X_A2_U4_P5_L5_I8_T1,position,A2,U4,P5,L5,I8,T1,S02,runnable,,
X_A2_U4_P5_L5_I8_T2,position,A2,U4,P5,L5,I8,T2,S02,runnable,,
X_A2_U4_P5_L5_I8_T3,position,A2,U4,P5,L5,I8,T3,S02,runnable,,
X_A2_U4_P5_L5_I8_T4,position,A2,U4,P5,L5,I8,T4,S02,runnable,,
X_A2_U4_P5_L5_I8_T5,position,A2,U4,P5,L5,I8,T5,S02,runnable,,
X_A3_U1_P0_L5_I0_T1,position,A3,U1,P0,L5,I0,T1,S02,excluded_source_missing,only U4 solved-position sample stream exists on disk,
X_A3_U1_P0_L5_I0_T2,position,A3,U1,P0,L5,I0,T2,S02,excluded_source_missing,only U4 solved-position sample stream exists on disk,
X_A3_U1_P0_L5_I0_T3,position,A3,U1,P0,L5,I0,T3,S02,excluded_source_missing,only U4 solved-position sample stream exists on disk,
X_A3_U1_P0_L5_I0_T4,position,A3,U1,P0,L5,I0,T4,S02,excluded_source_missing,only U4 solved-position sample stream exists on disk,
X_A3_U1_P0_L5_I0_T5,position,A3,U1,P0,L5,I0,T5,S02,excluded_source_missing,only U4 solved-position sample stream exists on disk,
X_A3_U1_P0_L5_I1_T1,position,A3,U1,P0,L5,I1,T1,S02,excluded_source_missing,only U4 solved-position sample stream exists on disk,
X_A3_U1_P0_L5_I1_T2,position,A3,U1,P0,L5,I1,T2,S02,excluded_source_missing,only U4 solved-position sample stream exists on disk,
X_A3_U1_P0_L5_I1_T3,position,A3,U1,P0,L5,I1,T3,S02,excluded_source_missing,only U4 solved-position sample stream exists on disk,
X_A3_U1_P0_L5_I1_T4,position,A3,U1,P0,L5,I1,T4,S02,excluded_source_missing,only U4 solved-position sample stream exists on disk,
X_A3_U1_P0_L5_I1_T5,position,A3,U1,P0,L5,I1,T5,S02,excluded_source_missing,only U4 solved-position sample stream exists on disk,
X_A3_U1_P0_L5_I2_T1,position,A3,U1,P0,L5,I2,T1,S02,excluded_source_missing,only U4 solved-position sample stream exists on disk,
X_A3_U1_P0_L5_I2_T2,position,A3,U1,P0,L5,I2,T2,S02,excluded_source_missing,only U4 solved-position sample stream exists on disk,
X_A3_U1_P0_L5_I2_T3,position,A3,U1,P0,L5,I2,T3,S02,excluded_source_missing,only U4 solved-position sample stream exists on disk,
X_A3_U1_P0_L5_I2_T4,position,A3,U1,P0,L5,I2,T4,S02,excluded_source_missing,only U4 solved-position sample stream exists on disk,
X_A3_U1_P0_L5_I2_T5,position,A3,U1,P0,L5,I2,T5,S02,excluded_source_missing,only U4 solved-position sample stream exists on disk,
X_A3_U1_P0_L5_I3_T1,position,A3,U1,P0,L5,I3,T1,S02,excluded_source_missing,only U4 solved-position sample stream exists on disk,
X_A3_U1_P0_L5_I3_T2,position,A3,U1,P0,L5,I3,T2,S02,excluded_source_missing,only U4 solved-position sample stream exists on disk,
X_A3_U1_P0_L5_I3_T3,position,A3,U1,P0,L5,I3,T3,S02,excluded_source_missing,only U4 solved-position sample stream exists on disk,
X_A3_U1_P0_L5_I3_T4,position,A3,U1,P0,L5,I3,T4,S02,excluded_source_missing,only U4 solved-position sample stream exists on disk,
X_A3_U1_P0_L5_I3_T5,position,A3,U1,P0,L5,I3,T5,S02,excluded_source_missing,only U4 solved-position sample stream exists on disk,
X_A3_U1_P0_L5_I4_T1,position,A3,U1,P0,L5,I4,T1,S02,excluded_source_missing,only U4 solved-position sample stream exists on disk,
X_A3_U1_P0_L5_I4_T2,position,A3,U1,P0,L5,I4,T2,S02,excluded_source_missing,only U4 solved-position sample stream exists on disk,
X_A3_U1_P0_L5_I4_T3,position,A3,U1,P0,L5,I4,T3,S02,excluded_source_missing,only U4 solved-position sample stream exists on disk,
X_A3_U1_P0_L5_I4_T4,position,A3,U1,P0,L5,I4,T4,S02,excluded_source_missing,only U4 solved-position sample stream exists on disk,
X_A3_U1_P0_L5_I4_T5,position,A3,U1,P0,L5,I4,T5,S02,excluded_source_missing,only U4 solved-position sample stream exists on disk,
X_A3_U1_P0_L5_I5_T1,position,A3,U1,P0,L5,I5,T1,S02,excluded_source_missing,only U4 solved-position sample stream exists on disk,
X_A3_U1_P0_L5_I5_T2,position,A3,U1,P0,L5,I5,T2,S02,excluded_source_missing,only U4 solved-position sample stream exists on disk,
X_A3_U1_P0_L5_I5_T3,position,A3,U1,P0,L5,I5,T3,S02,excluded_source_missing,only U4 solved-position sample stream exists on disk,
X_A3_U1_P0_L5_I5_T4,position,A3,U1,P0,L5,I5,T4,S02,excluded_source_missing,only U4 solved-position sample stream exists on disk,
X_A3_U1_P0_L5_I5_T5,position,A3,U1,P0,L5,I5,T5,S02,excluded_source_missing,only U4 solved-position sample stream exists on disk,
X_A3_U1_P0_L5_I6_T1,position,A3,U1,P0,L5,I6,T1,S02,excluded_source_missing,only U4 solved-position sample stream exists on disk,
X_A3_U1_P0_L5_I6_T2,position,A3,U1,P0,L5,I6,T2,S02,excluded_source_missing,only U4 solved-position sample stream exists on disk,
X_A3_U1_P0_L5_I6_T3,position,A3,U1,P0,L5,I6,T3,S02,excluded_source_missing,only U4 solved-position sample stream exists on disk,
X_A3_U1_P0_L5_I6_T4,position,A3,U1,P0,L5,I6,T4,S02,excluded_source_missing,only U4 solved-position sample stream exists on disk,
X_A3_U1_P0_L5_I6_T5,position,A3,U1,P0,L5,I6,T5,S02,excluded_source_missing,only U4 solved-position sample stream exists on disk,
X_A3_U1_P0_L5_I7_T1,position,A3,U1,P0,L5,I7,T1,S02,excluded_source_missing,only U4 solved-position sample stream exists on disk,
X_A3_U1_P0_L5_I7_T2,position,A3,U1,P0,L5,I7,T2,S02,excluded_source_missing,only U4 solved-position sample stream exists on disk,
X_A3_U1_P0_L5_I7_T3,position,A3,U1,P0,L5,I7,T3,S02,excluded_source_missing,only U4 solved-position sample stream exists on disk,
X_A3_U1_P0_L5_I7_T4,position,A3,U1,P0,L5,I7,T4,S02,excluded_source_missing,only U4 solved-position sample stream exists on disk,
X_A3_U1_P0_L5_I7_T5,position,A3,U1,P0,L5,I7,T5,S02,excluded_source_missing,only U4 solved-position sample stream exists on disk,
X_A3_U1_P0_L5_I8_T1,position,A3,U1,P0,L5,I8,T1,S02,excluded_source_missing,only U4 solved-position sample stream exists on disk,
X_A3_U1_P0_L5_I8_T2,position,A3,U1,P0,L5,I8,T2,S02,excluded_source_missing,only U4 solved-position sample stream exists on disk,
X_A3_U1_P0_L5_I8_T3,position,A3,U1,P0,L5,I8,T3,S02,excluded_source_missing,only U4 solved-position sample stream exists on disk,
X_A3_U1_P0_L5_I8_T4,position,A3,U1,P0,L5,I8,T4,S02,excluded_source_missing,only U4 solved-position sample stream exists on disk,
X_A3_U1_P0_L5_I8_T5,position,A3,U1,P0,L5,I8,T5,S02,excluded_source_missing,only U4 solved-position sample stream exists on disk,
X_A3_U1_P1_L5_I0_T1,position,A3,U1,P1,L5,I0,T1,S02,excluded_source_missing,only U4 solved-position sample stream exists on disk,
X_A3_U1_P1_L5_I0_T2,position,A3,U1,P1,L5,I0,T2,S02,excluded_source_missing,only U4 solved-position sample stream exists on disk,
X_A3_U1_P1_L5_I0_T3,position,A3,U1,P1,L5,I0,T3,S02,excluded_source_missing,only U4 solved-position sample stream exists on disk,
X_A3_U1_P1_L5_I0_T4,position,A3,U1,P1,L5,I0,T4,S02,excluded_source_missing,only U4 solved-position sample stream exists on disk,
X_A3_U1_P1_L5_I0_T5,position,A3,U1,P1,L5,I0,T5,S02,excluded_source_missing,only U4 solved-position sample stream exists on disk,
X_A3_U1_P1_L5_I1_T1,position,A3,U1,P1,L5,I1,T1,S02,excluded_source_missing,only U4 solved-position sample stream exists on disk,
X_A3_U1_P1_L5_I1_T2,position,A3,U1,P1,L5,I1,T2,S02,excluded_source_missing,only U4 solved-position sample stream exists on disk,
X_A3_U1_P1_L5_I1_T3,position,A3,U1,P1,L5,I1,T3,S02,excluded_source_missing,only U4 solved-position sample stream exists on disk,
X_A3_U1_P1_L5_I1_T4,position,A3,U1,P1,L5,I1,T4,S02,excluded_source_missing,only U4 solved-position sample stream exists on disk,
X_A3_U1_P1_L5_I1_T5,position,A3,U1,P1,L5,I1,T5,S02,excluded_source_missing,only U4 solved-position sample stream exists on disk,
X_A3_U1_P1_L5_I2_T1,position,A3,U1,P1,L5,I2,T1,S02,excluded_source_missing,only U4 solved-position sample stream exists on disk,
X_A3_U1_P1_L5_I2_T2,position,A3,U1,P1,L5,I2,T2,S02,excluded_source_missing,only U4 solved-position sample stream exists on disk,
X_A3_U1_P1_L5_I2_T3,position,A3,U1,P1,L5,I2,T3,S02,excluded_source_missing,only U4 solved-position sample stream exists on disk,
X_A3_U1_P1_L5_I2_T4,position,A3,U1,P1,L5,I2,T4,S02,excluded_source_missing,only U4 solved-position sample stream exists on disk,
X_A3_U1_P1_L5_I2_T5,position,A3,U1,P1,L5,I2,T5,S02,excluded_source_missing,only U4 solved-position sample stream exists on disk,
X_A3_U1_P1_L5_I3_T1,position,A3,U1,P1,L5,I3,T1,S02,excluded_source_missing,only U4 solved-position sample stream exists on disk,
X_A3_U1_P1_L5_I3_T2,position,A3,U1,P1,L5,I3,T2,S02,excluded_source_missing,only U4 solved-position sample stream exists on disk,
X_A3_U1_P1_L5_I3_T3,position,A3,U1,P1,L5,I3,T3,S02,excluded_source_missing,only U4 solved-position sample stream exists on disk,
X_A3_U1_P1_L5_I3_T4,position,A3,U1,P1,L5,I3,T4,S02,excluded_source_missing,only U4 solved-position sample stream exists on disk,
X_A3_U1_P1_L5_I3_T5,position,A3,U1,P1,L5,I3,T5,S02,excluded_source_missing,only U4 solved-position sample stream exists on disk,
X_A3_U1_P1_L5_I4_T1,position,A3,U1,P1,L5,I4,T1,S02,excluded_source_missing,only U4 solved-position sample stream exists on disk,
X_A3_U1_P1_L5_I4_T2,position,A3,U1,P1,L5,I4,T2,S02,excluded_source_missing,only U4 solved-position sample stream exists on disk,
X_A3_U1_P1_L5_I4_T3,position,A3,U1,P1,L5,I4,T3,S02,excluded_source_missing,only U4 solved-position sample stream exists on disk,
X_A3_U1_P1_L5_I4_T4,position,A3,U1,P1,L5,I4,T4,S02,excluded_source_missing,only U4 solved-position sample stream exists on disk,
X_A3_U1_P1_L5_I4_T5,position,A3,U1,P1,L5,I4,T5,S02,excluded_source_missing,only U4 solved-position sample stream exists on disk,
X_A3_U1_P1_L5_I5_T1,position,A3,U1,P1,L5,I5,T1,S02,excluded_source_missing,only U4 solved-position sample stream exists on disk,
X_A3_U1_P1_L5_I5_T2,position,A3,U1,P1,L5,I5,T2,S02,excluded_source_missing,only U4 solved-position sample stream exists on disk,
X_A3_U1_P1_L5_I5_T3,position,A3,U1,P1,L5,I5,T3,S02,excluded_source_missing,only U4 solved-position sample stream exists on disk,
X_A3_U1_P1_L5_I5_T4,position,A3,U1,P1,L5,I5,T4,S02,excluded_source_missing,only U4 solved-position sample stream exists on disk,
X_A3_U1_P1_L5_I5_T5,position,A3,U1,P1,L5,I5,T5,S02,excluded_source_missing,only U4 solved-position sample stream exists on disk,
X_A3_U1_P1_L5_I6_T1,position,A3,U1,P1,L5,I6,T1,S02,excluded_source_missing,only U4 solved-position sample stream exists on disk,
X_A3_U1_P1_L5_I6_T2,position,A3,U1,P1,L5,I6,T2,S02,excluded_source_missing,only U4 solved-position sample stream exists on disk,
X_A3_U1_P1_L5_I6_T3,position,A3,U1,P1,L5,I6,T3,S02,excluded_source_missing,only U4 solved-position sample stream exists on disk,
X_A3_U1_P1_L5_I6_T4,position,A3,U1,P1,L5,I6,T4,S02,excluded_source_missing,only U4 solved-position sample stream exists on disk,
X_A3_U1_P1_L5_I6_T5,position,A3,U1,P1,L5,I6,T5,S02,excluded_source_missing,only U4 solved-position sample stream exists on disk,
X_A3_U1_P1_L5_I7_T1,position,A3,U1,P1,L5,I7,T1,S02,excluded_source_missing,only U4 solved-position sample stream exists on disk,
X_A3_U1_P1_L5_I7_T2,position,A3,U1,P1,L5,I7,T2,S02,excluded_source_missing,only U4 solved-position sample stream exists on disk,
X_A3_U1_P1_L5_I7_T3,position,A3,U1,P1,L5,I7,T3,S02,excluded_source_missing,only U4 solved-position sample stream exists on disk,
X_A3_U1_P1_L5_I7_T4,position,A3,U1,P1,L5,I7,T4,S02,excluded_source_missing,only U4 solved-position sample stream exists on disk,
X_A3_U1_P1_L5_I7_T5,position,A3,U1,P1,L5,I7,T5,S02,excluded_source_missing,only U4 solved-position sample stream exists on disk,
X_A3_U1_P1_L5_I8_T1,position,A3,U1,P1,L5,I8,T1,S02,excluded_source_missing,only U4 solved-position sample stream exists on disk,
X_A3_U1_P1_L5_I8_T2,position,A3,U1,P1,L5,I8,T2,S02,excluded_source_missing,only U4 solved-position sample stream exists on disk,
X_A3_U1_P1_L5_I8_T3,position,A3,U1,P1,L5,I8,T3,S02,excluded_source_missing,only U4 solved-position sample stream exists on disk,
X_A3_U1_P1_L5_I8_T4,position,A3,U1,P1,L5,I8,T4,S02,excluded_source_missing,only U4 solved-position sample stream exists on disk,
X_A3_U1_P1_L5_I8_T5,position,A3,U1,P1,L5,I8,T5,S02,excluded_source_missing,only U4 solved-position sample stream exists on disk,
X_A3_U1_P2_L5_I0_T1,position,A3,U1,P2,L5,I0,T1,S02,excluded_source_missing,only U4 solved-position sample stream exists on disk,
X_A3_U1_P2_L5_I0_T2,position,A3,U1,P2,L5,I0,T2,S02,excluded_source_missing,only U4 solved-position sample stream exists on disk,
X_A3_U1_P2_L5_I0_T3,position,A3,U1,P2,L5,I0,T3,S02,excluded_source_missing,only U4 solved-position sample stream exists on disk,
X_A3_U1_P2_L5_I0_T4,position,A3,U1,P2,L5,I0,T4,S02,excluded_source_missing,only U4 solved-position sample stream exists on disk,
X_A3_U1_P2_L5_I0_T5,position,A3,U1,P2,L5,I0,T5,S02,excluded_source_missing,only U4 solved-position sample stream exists on disk,
X_A3_U1_P2_L5_I1_T1,position,A3,U1,P2,L5,I1,T1,S02,excluded_source_missing,only U4 solved-position sample stream exists on disk,
X_A3_U1_P2_L5_I1_T2,position,A3,U1,P2,L5,I1,T2,S02,excluded_source_missing,only U4 solved-position sample stream exists on disk,
X_A3_U1_P2_L5_I1_T3,position,A3,U1,P2,L5,I1,T3,S02,excluded_source_missing,only U4 solved-position sample stream exists on disk,
X_A3_U1_P2_L5_I1_T4,position,A3,U1,P2,L5,I1,T4,S02,excluded_source_missing,only U4 solved-position sample stream exists on disk,
X_A3_U1_P2_L5_I1_T5,position,A3,U1,P2,L5,I1,T5,S02,excluded_source_missing,only U4 solved-position sample stream exists on disk,
X_A3_U1_P2_L5_I2_T1,position,A3,U1,P2,L5,I2,T1,S02,excluded_source_missing,only U4 solved-position sample stream exists on disk,
X_A3_U1_P2_L5_I2_T2,position,A3,U1,P2,L5,I2,T2,S02,excluded_source_missing,only U4 solved-position sample stream exists on disk,
X_A3_U1_P2_L5_I2_T3,position,A3,U1,P2,L5,I2,T3,S02,excluded_source_missing,only U4 solved-position sample stream exists on disk,
X_A3_U1_P2_L5_I2_T4,position,A3,U1,P2,L5,I2,T4,S02,excluded_source_missing,only U4 solved-position sample stream exists on disk,
X_A3_U1_P2_L5_I2_T5,position,A3,U1,P2,L5,I2,T5,S02,excluded_source_missing,only U4 solved-position sample stream exists on disk,
X_A3_U1_P2_L5_I3_T1,position,A3,U1,P2,L5,I3,T1,S02,excluded_source_missing,only U4 solved-position sample stream exists on disk,
X_A3_U1_P2_L5_I3_T2,position,A3,U1,P2,L5,I3,T2,S02,excluded_source_missing,only U4 solved-position sample stream exists on disk,
X_A3_U1_P2_L5_I3_T3,position,A3,U1,P2,L5,I3,T3,S02,excluded_source_missing,only U4 solved-position sample stream exists on disk,
X_A3_U1_P2_L5_I3_T4,position,A3,U1,P2,L5,I3,T4,S02,excluded_source_missing,only U4 solved-position sample stream exists on disk,
X_A3_U1_P2_L5_I3_T5,position,A3,U1,P2,L5,I3,T5,S02,excluded_source_missing,only U4 solved-position sample stream exists on disk,
X_A3_U1_P2_L5_I4_T1,position,A3,U1,P2,L5,I4,T1,S02,excluded_source_missing,only U4 solved-position sample stream exists on disk,
X_A3_U1_P2_L5_I4_T2,position,A3,U1,P2,L5,I4,T2,S02,excluded_source_missing,only U4 solved-position sample stream exists on disk,
X_A3_U1_P2_L5_I4_T3,position,A3,U1,P2,L5,I4,T3,S02,excluded_source_missing,only U4 solved-position sample stream exists on disk,
X_A3_U1_P2_L5_I4_T4,position,A3,U1,P2,L5,I4,T4,S02,excluded_source_missing,only U4 solved-position sample stream exists on disk,
X_A3_U1_P2_L5_I4_T5,position,A3,U1,P2,L5,I4,T5,S02,excluded_source_missing,only U4 solved-position sample stream exists on disk,
X_A3_U1_P2_L5_I5_T1,position,A3,U1,P2,L5,I5,T1,S02,excluded_source_missing,only U4 solved-position sample stream exists on disk,
X_A3_U1_P2_L5_I5_T2,position,A3,U1,P2,L5,I5,T2,S02,excluded_source_missing,only U4 solved-position sample stream exists on disk,
X_A3_U1_P2_L5_I5_T3,position,A3,U1,P2,L5,I5,T3,S02,excluded_source_missing,only U4 solved-position sample stream exists on disk,
X_A3_U1_P2_L5_I5_T4,position,A3,U1,P2,L5,I5,T4,S02,excluded_source_missing,only U4 solved-position sample stream exists on disk,
X_A3_U1_P2_L5_I5_T5,position,A3,U1,P2,L5,I5,T5,S02,excluded_source_missing,only U4 solved-position sample stream exists on disk,
X_A3_U1_P2_L5_I6_T1,position,A3,U1,P2,L5,I6,T1,S02,excluded_source_missing,only U4 solved-position sample stream exists on disk,
X_A3_U1_P2_L5_I6_T2,position,A3,U1,P2,L5,I6,T2,S02,excluded_source_missing,only U4 solved-position sample stream exists on disk,
X_A3_U1_P2_L5_I6_T3,position,A3,U1,P2,L5,I6,T3,S02,excluded_source_missing,only U4 solved-position sample stream exists on disk,
X_A3_U1_P2_L5_I6_T4,position,A3,U1,P2,L5,I6,T4,S02,excluded_source_missing,only U4 solved-position sample stream exists on disk,
X_A3_U1_P2_L5_I6_T5,position,A3,U1,P2,L5,I6,T5,S02,excluded_source_missing,only U4 solved-position sample stream exists on disk,
X_A3_U1_P2_L5_I7_T1,position,A3,U1,P2,L5,I7,T1,S02,excluded_source_missing,only U4 solved-position sample stream exists on disk,
X_A3_U1_P2_L5_I7_T2,position,A3,U1,P2,L5,I7,T2,S02,excluded_source_missing,only U4 solved-position sample stream exists on disk,
X_A3_U1_P2_L5_I7_T3,position,A3,U1,P2,L5,I7,T3,S02,excluded_source_missing,only U4 solved-position sample stream exists on disk,
X_A3_U1_P2_L5_I7_T4,position,A3,U1,P2,L5,I7,T4,S02,excluded_source_missing,only U4 solved-position sample stream exists on disk,
X_A3_U1_P2_L5_I7_T5,position,A3,U1,P2,L5,I7,T5,S02,excluded_source_missing,only U4 solved-position sample stream exists on disk,
X_A3_U1_P2_L5_I8_T1,position,A3,U1,P2,L5,I8,T1,S02,excluded_source_missing,only U4 solved-position sample stream exists on disk,
X_A3_U1_P2_L5_I8_T2,position,A3,U1,P2,L5,I8,T2,S02,excluded_source_missing,only U4 solved-position sample stream exists on disk,
X_A3_U1_P2_L5_I8_T3,position,A3,U1,P2,L5,I8,T3,S02,excluded_source_missing,only U4 solved-position sample stream exists on disk,
X_A3_U1_P2_L5_I8_T4,position,A3,U1,P2,L5,I8,T4,S02,excluded_source_missing,only U4 solved-position sample stream exists on disk,
X_A3_U1_P2_L5_I8_T5,position,A3,U1,P2,L5,I8,T5,S02,excluded_source_missing,only U4 solved-position sample stream exists on disk,
X_A3_U1_P3_L5_I0_T1,position,A3,U1,P3,L5,I0,T1,S02,excluded_source_missing,only U4 solved-position sample stream exists on disk,
X_A3_U1_P3_L5_I0_T2,position,A3,U1,P3,L5,I0,T2,S02,excluded_source_missing,only U4 solved-position sample stream exists on disk,
X_A3_U1_P3_L5_I0_T3,position,A3,U1,P3,L5,I0,T3,S02,excluded_source_missing,only U4 solved-position sample stream exists on disk,
X_A3_U1_P3_L5_I0_T4,position,A3,U1,P3,L5,I0,T4,S02,excluded_source_missing,only U4 solved-position sample stream exists on disk,
X_A3_U1_P3_L5_I0_T5,position,A3,U1,P3,L5,I0,T5,S02,excluded_source_missing,only U4 solved-position sample stream exists on disk,
X_A3_U1_P3_L5_I1_T1,position,A3,U1,P3,L5,I1,T1,S02,excluded_source_missing,only U4 solved-position sample stream exists on disk,
X_A3_U1_P3_L5_I1_T2,position,A3,U1,P3,L5,I1,T2,S02,excluded_source_missing,only U4 solved-position sample stream exists on disk,
X_A3_U1_P3_L5_I1_T3,position,A3,U1,P3,L5,I1,T3,S02,excluded_source_missing,only U4 solved-position sample stream exists on disk,
X_A3_U1_P3_L5_I1_T4,position,A3,U1,P3,L5,I1,T4,S02,excluded_source_missing,only U4 solved-position sample stream exists on disk,
X_A3_U1_P3_L5_I1_T5,position,A3,U1,P3,L5,I1,T5,S02,excluded_source_missing,only U4 solved-position sample stream exists on disk,
X_A3_U1_P3_L5_I2_T1,position,A3,U1,P3,L5,I2,T1,S02,excluded_source_missing,only U4 solved-position sample stream exists on disk,
X_A3_U1_P3_L5_I2_T2,position,A3,U1,P3,L5,I2,T2,S02,excluded_source_missing,only U4 solved-position sample stream exists on disk,
X_A3_U1_P3_L5_I2_T3,position,A3,U1,P3,L5,I2,T3,S02,excluded_source_missing,only U4 solved-position sample stream exists on disk,
X_A3_U1_P3_L5_I2_T4,position,A3,U1,P3,L5,I2,T4,S02,excluded_source_missing,only U4 solved-position sample stream exists on disk,
X_A3_U1_P3_L5_I2_T5,position,A3,U1,P3,L5,I2,T5,S02,excluded_source_missing,only U4 solved-position sample stream exists on disk,
X_A3_U1_P3_L5_I3_T1,position,A3,U1,P3,L5,I3,T1,S02,excluded_source_missing,only U4 solved-position sample stream exists on disk,
X_A3_U1_P3_L5_I3_T2,position,A3,U1,P3,L5,I3,T2,S02,excluded_source_missing,only U4 solved-position sample stream exists on disk,
X_A3_U1_P3_L5_I3_T3,position,A3,U1,P3,L5,I3,T3,S02,excluded_source_missing,only U4 solved-position sample stream exists on disk,
X_A3_U1_P3_L5_I3_T4,position,A3,U1,P3,L5,I3,T4,S02,excluded_source_missing,only U4 solved-position sample stream exists on disk,
X_A3_U1_P3_L5_I3_T5,position,A3,U1,P3,L5,I3,T5,S02,excluded_source_missing,only U4 solved-position sample stream exists on disk,
X_A3_U1_P3_L5_I4_T1,position,A3,U1,P3,L5,I4,T1,S02,excluded_source_missing,only U4 solved-position sample stream exists on disk,
X_A3_U1_P3_L5_I4_T2,position,A3,U1,P3,L5,I4,T2,S02,excluded_source_missing,only U4 solved-position sample stream exists on disk,
X_A3_U1_P3_L5_I4_T3,position,A3,U1,P3,L5,I4,T3,S02,excluded_source_missing,only U4 solved-position sample stream exists on disk,
X_A3_U1_P3_L5_I4_T4,position,A3,U1,P3,L5,I4,T4,S02,excluded_source_missing,only U4 solved-position sample stream exists on disk,
X_A3_U1_P3_L5_I4_T5,position,A3,U1,P3,L5,I4,T5,S02,excluded_source_missing,only U4 solved-position sample stream exists on disk,
X_A3_U1_P3_L5_I5_T1,position,A3,U1,P3,L5,I5,T1,S02,excluded_source_missing,only U4 solved-position sample stream exists on disk,
X_A3_U1_P3_L5_I5_T2,position,A3,U1,P3,L5,I5,T2,S02,excluded_source_missing,only U4 solved-position sample stream exists on disk,
X_A3_U1_P3_L5_I5_T3,position,A3,U1,P3,L5,I5,T3,S02,excluded_source_missing,only U4 solved-position sample stream exists on disk,
X_A3_U1_P3_L5_I5_T4,position,A3,U1,P3,L5,I5,T4,S02,excluded_source_missing,only U4 solved-position sample stream exists on disk,
X_A3_U1_P3_L5_I5_T5,position,A3,U1,P3,L5,I5,T5,S02,excluded_source_missing,only U4 solved-position sample stream exists on disk,
X_A3_U1_P3_L5_I6_T1,position,A3,U1,P3,L5,I6,T1,S02,excluded_source_missing,only U4 solved-position sample stream exists on disk,
X_A3_U1_P3_L5_I6_T2,position,A3,U1,P3,L5,I6,T2,S02,excluded_source_missing,only U4 solved-position sample stream exists on disk,
X_A3_U1_P3_L5_I6_T3,position,A3,U1,P3,L5,I6,T3,S02,excluded_source_missing,only U4 solved-position sample stream exists on disk,
X_A3_U1_P3_L5_I6_T4,position,A3,U1,P3,L5,I6,T4,S02,excluded_source_missing,only U4 solved-position sample stream exists on disk,
X_A3_U1_P3_L5_I6_T5,position,A3,U1,P3,L5,I6,T5,S02,excluded_source_missing,only U4 solved-position sample stream exists on disk,
X_A3_U1_P3_L5_I7_T1,position,A3,U1,P3,L5,I7,T1,S02,excluded_source_missing,only U4 solved-position sample stream exists on disk,
X_A3_U1_P3_L5_I7_T2,position,A3,U1,P3,L5,I7,T2,S02,excluded_source_missing,only U4 solved-position sample stream exists on disk,
X_A3_U1_P3_L5_I7_T3,position,A3,U1,P3,L5,I7,T3,S02,excluded_source_missing,only U4 solved-position sample stream exists on disk,
X_A3_U1_P3_L5_I7_T4,position,A3,U1,P3,L5,I7,T4,S02,excluded_source_missing,only U4 solved-position sample stream exists on disk,
X_A3_U1_P3_L5_I7_T5,position,A3,U1,P3,L5,I7,T5,S02,excluded_source_missing,only U4 solved-position sample stream exists on disk,
X_A3_U1_P3_L5_I8_T1,position,A3,U1,P3,L5,I8,T1,S02,excluded_source_missing,only U4 solved-position sample stream exists on disk,
X_A3_U1_P3_L5_I8_T2,position,A3,U1,P3,L5,I8,T2,S02,excluded_source_missing,only U4 solved-position sample stream exists on disk,
X_A3_U1_P3_L5_I8_T3,position,A3,U1,P3,L5,I8,T3,S02,excluded_source_missing,only U4 solved-position sample stream exists on disk,
X_A3_U1_P3_L5_I8_T4,position,A3,U1,P3,L5,I8,T4,S02,excluded_source_missing,only U4 solved-position sample stream exists on disk,
X_A3_U1_P3_L5_I8_T5,position,A3,U1,P3,L5,I8,T5,S02,excluded_source_missing,only U4 solved-position sample stream exists on disk,
X_A3_U1_P4_L5_I0_T1,position,A3,U1,P4,L5,I0,T1,S02,excluded_source_missing,only U4 solved-position sample stream exists on disk,
X_A3_U1_P4_L5_I0_T2,position,A3,U1,P4,L5,I0,T2,S02,excluded_source_missing,only U4 solved-position sample stream exists on disk,
X_A3_U1_P4_L5_I0_T3,position,A3,U1,P4,L5,I0,T3,S02,excluded_source_missing,only U4 solved-position sample stream exists on disk,
X_A3_U1_P4_L5_I0_T4,position,A3,U1,P4,L5,I0,T4,S02,excluded_source_missing,only U4 solved-position sample stream exists on disk,
X_A3_U1_P4_L5_I0_T5,position,A3,U1,P4,L5,I0,T5,S02,excluded_source_missing,only U4 solved-position sample stream exists on disk,
X_A3_U1_P4_L5_I1_T1,position,A3,U1,P4,L5,I1,T1,S02,excluded_source_missing,only U4 solved-position sample stream exists on disk,
X_A3_U1_P4_L5_I1_T2,position,A3,U1,P4,L5,I1,T2,S02,excluded_source_missing,only U4 solved-position sample stream exists on disk,
X_A3_U1_P4_L5_I1_T3,position,A3,U1,P4,L5,I1,T3,S02,excluded_source_missing,only U4 solved-position sample stream exists on disk,
X_A3_U1_P4_L5_I1_T4,position,A3,U1,P4,L5,I1,T4,S02,excluded_source_missing,only U4 solved-position sample stream exists on disk,
X_A3_U1_P4_L5_I1_T5,position,A3,U1,P4,L5,I1,T5,S02,excluded_source_missing,only U4 solved-position sample stream exists on disk,
X_A3_U1_P4_L5_I2_T1,position,A3,U1,P4,L5,I2,T1,S02,excluded_source_missing,only U4 solved-position sample stream exists on disk,
X_A3_U1_P4_L5_I2_T2,position,A3,U1,P4,L5,I2,T2,S02,excluded_source_missing,only U4 solved-position sample stream exists on disk,
X_A3_U1_P4_L5_I2_T3,position,A3,U1,P4,L5,I2,T3,S02,excluded_source_missing,only U4 solved-position sample stream exists on disk,
X_A3_U1_P4_L5_I2_T4,position,A3,U1,P4,L5,I2,T4,S02,excluded_source_missing,only U4 solved-position sample stream exists on disk,
X_A3_U1_P4_L5_I2_T5,position,A3,U1,P4,L5,I2,T5,S02,excluded_source_missing,only U4 solved-position sample stream exists on disk,
X_A3_U1_P4_L5_I3_T1,position,A3,U1,P4,L5,I3,T1,S02,excluded_source_missing,only U4 solved-position sample stream exists on disk,
X_A3_U1_P4_L5_I3_T2,position,A3,U1,P4,L5,I3,T2,S02,excluded_source_missing,only U4 solved-position sample stream exists on disk,
X_A3_U1_P4_L5_I3_T3,position,A3,U1,P4,L5,I3,T3,S02,excluded_source_missing,only U4 solved-position sample stream exists on disk,
X_A3_U1_P4_L5_I3_T4,position,A3,U1,P4,L5,I3,T4,S02,excluded_source_missing,only U4 solved-position sample stream exists on disk,
X_A3_U1_P4_L5_I3_T5,position,A3,U1,P4,L5,I3,T5,S02,excluded_source_missing,only U4 solved-position sample stream exists on disk,
X_A3_U1_P4_L5_I4_T1,position,A3,U1,P4,L5,I4,T1,S02,excluded_source_missing,only U4 solved-position sample stream exists on disk,
X_A3_U1_P4_L5_I4_T2,position,A3,U1,P4,L5,I4,T2,S02,excluded_source_missing,only U4 solved-position sample stream exists on disk,
X_A3_U1_P4_L5_I4_T3,position,A3,U1,P4,L5,I4,T3,S02,excluded_source_missing,only U4 solved-position sample stream exists on disk,
X_A3_U1_P4_L5_I4_T4,position,A3,U1,P4,L5,I4,T4,S02,excluded_source_missing,only U4 solved-position sample stream exists on disk,
X_A3_U1_P4_L5_I4_T5,position,A3,U1,P4,L5,I4,T5,S02,excluded_source_missing,only U4 solved-position sample stream exists on disk,
X_A3_U1_P4_L5_I5_T1,position,A3,U1,P4,L5,I5,T1,S02,excluded_source_missing,only U4 solved-position sample stream exists on disk,
X_A3_U1_P4_L5_I5_T2,position,A3,U1,P4,L5,I5,T2,S02,excluded_source_missing,only U4 solved-position sample stream exists on disk,
X_A3_U1_P4_L5_I5_T3,position,A3,U1,P4,L5,I5,T3,S02,excluded_source_missing,only U4 solved-position sample stream exists on disk,
X_A3_U1_P4_L5_I5_T4,position,A3,U1,P4,L5,I5,T4,S02,excluded_source_missing,only U4 solved-position sample stream exists on disk,
X_A3_U1_P4_L5_I5_T5,position,A3,U1,P4,L5,I5,T5,S02,excluded_source_missing,only U4 solved-position sample stream exists on disk,
X_A3_U1_P4_L5_I6_T1,position,A3,U1,P4,L5,I6,T1,S02,excluded_source_missing,only U4 solved-position sample stream exists on disk,
X_A3_U1_P4_L5_I6_T2,position,A3,U1,P4,L5,I6,T2,S02,excluded_source_missing,only U4 solved-position sample stream exists on disk,
X_A3_U1_P4_L5_I6_T3,position,A3,U1,P4,L5,I6,T3,S02,excluded_source_missing,only U4 solved-position sample stream exists on disk,
X_A3_U1_P4_L5_I6_T4,position,A3,U1,P4,L5,I6,T4,S02,excluded_source_missing,only U4 solved-position sample stream exists on disk,
X_A3_U1_P4_L5_I6_T5,position,A3,U1,P4,L5,I6,T5,S02,excluded_source_missing,only U4 solved-position sample stream exists on disk,
X_A3_U1_P4_L5_I7_T1,position,A3,U1,P4,L5,I7,T1,S02,excluded_source_missing,only U4 solved-position sample stream exists on disk,
X_A3_U1_P4_L5_I7_T2,position,A3,U1,P4,L5,I7,T2,S02,excluded_source_missing,only U4 solved-position sample stream exists on disk,
X_A3_U1_P4_L5_I7_T3,position,A3,U1,P4,L5,I7,T3,S02,excluded_source_missing,only U4 solved-position sample stream exists on disk,
X_A3_U1_P4_L5_I7_T4,position,A3,U1,P4,L5,I7,T4,S02,excluded_source_missing,only U4 solved-position sample stream exists on disk,
X_A3_U1_P4_L5_I7_T5,position,A3,U1,P4,L5,I7,T5,S02,excluded_source_missing,only U4 solved-position sample stream exists on disk,
X_A3_U1_P4_L5_I8_T1,position,A3,U1,P4,L5,I8,T1,S02,excluded_source_missing,only U4 solved-position sample stream exists on disk,
X_A3_U1_P4_L5_I8_T2,position,A3,U1,P4,L5,I8,T2,S02,excluded_source_missing,only U4 solved-position sample stream exists on disk,
X_A3_U1_P4_L5_I8_T3,position,A3,U1,P4,L5,I8,T3,S02,excluded_source_missing,only U4 solved-position sample stream exists on disk,
X_A3_U1_P4_L5_I8_T4,position,A3,U1,P4,L5,I8,T4,S02,excluded_source_missing,only U4 solved-position sample stream exists on disk,
X_A3_U1_P4_L5_I8_T5,position,A3,U1,P4,L5,I8,T5,S02,excluded_source_missing,only U4 solved-position sample stream exists on disk,
X_A3_U1_P5_L5_I0_T1,position,A3,U1,P5,L5,I0,T1,S02,excluded_source_missing,only U4 solved-position sample stream exists on disk,
X_A3_U1_P5_L5_I0_T2,position,A3,U1,P5,L5,I0,T2,S02,excluded_source_missing,only U4 solved-position sample stream exists on disk,
X_A3_U1_P5_L5_I0_T3,position,A3,U1,P5,L5,I0,T3,S02,excluded_source_missing,only U4 solved-position sample stream exists on disk,
X_A3_U1_P5_L5_I0_T4,position,A3,U1,P5,L5,I0,T4,S02,excluded_source_missing,only U4 solved-position sample stream exists on disk,
X_A3_U1_P5_L5_I0_T5,position,A3,U1,P5,L5,I0,T5,S02,excluded_source_missing,only U4 solved-position sample stream exists on disk,
X_A3_U1_P5_L5_I1_T1,position,A3,U1,P5,L5,I1,T1,S02,excluded_source_missing,only U4 solved-position sample stream exists on disk,
X_A3_U1_P5_L5_I1_T2,position,A3,U1,P5,L5,I1,T2,S02,excluded_source_missing,only U4 solved-position sample stream exists on disk,
X_A3_U1_P5_L5_I1_T3,position,A3,U1,P5,L5,I1,T3,S02,excluded_source_missing,only U4 solved-position sample stream exists on disk,
X_A3_U1_P5_L5_I1_T4,position,A3,U1,P5,L5,I1,T4,S02,excluded_source_missing,only U4 solved-position sample stream exists on disk,
X_A3_U1_P5_L5_I1_T5,position,A3,U1,P5,L5,I1,T5,S02,excluded_source_missing,only U4 solved-position sample stream exists on disk,
X_A3_U1_P5_L5_I2_T1,position,A3,U1,P5,L5,I2,T1,S02,excluded_source_missing,only U4 solved-position sample stream exists on disk,
X_A3_U1_P5_L5_I2_T2,position,A3,U1,P5,L5,I2,T2,S02,excluded_source_missing,only U4 solved-position sample stream exists on disk,
X_A3_U1_P5_L5_I2_T3,position,A3,U1,P5,L5,I2,T3,S02,excluded_source_missing,only U4 solved-position sample stream exists on disk,
X_A3_U1_P5_L5_I2_T4,position,A3,U1,P5,L5,I2,T4,S02,excluded_source_missing,only U4 solved-position sample stream exists on disk,
X_A3_U1_P5_L5_I2_T5,position,A3,U1,P5,L5,I2,T5,S02,excluded_source_missing,only U4 solved-position sample stream exists on disk,
X_A3_U1_P5_L5_I3_T1,position,A3,U1,P5,L5,I3,T1,S02,excluded_source_missing,only U4 solved-position sample stream exists on disk,
X_A3_U1_P5_L5_I3_T2,position,A3,U1,P5,L5,I3,T2,S02,excluded_source_missing,only U4 solved-position sample stream exists on disk,
X_A3_U1_P5_L5_I3_T3,position,A3,U1,P5,L5,I3,T3,S02,excluded_source_missing,only U4 solved-position sample stream exists on disk,
X_A3_U1_P5_L5_I3_T4,position,A3,U1,P5,L5,I3,T4,S02,excluded_source_missing,only U4 solved-position sample stream exists on disk,
X_A3_U1_P5_L5_I3_T5,position,A3,U1,P5,L5,I3,T5,S02,excluded_source_missing,only U4 solved-position sample stream exists on disk,
X_A3_U1_P5_L5_I4_T1,position,A3,U1,P5,L5,I4,T1,S02,excluded_source_missing,only U4 solved-position sample stream exists on disk,
X_A3_U1_P5_L5_I4_T2,position,A3,U1,P5,L5,I4,T2,S02,excluded_source_missing,only U4 solved-position sample stream exists on disk,
X_A3_U1_P5_L5_I4_T3,position,A3,U1,P5,L5,I4,T3,S02,excluded_source_missing,only U4 solved-position sample stream exists on disk,
X_A3_U1_P5_L5_I4_T4,position,A3,U1,P5,L5,I4,T4,S02,excluded_source_missing,only U4 solved-position sample stream exists on disk,
X_A3_U1_P5_L5_I4_T5,position,A3,U1,P5,L5,I4,T5,S02,excluded_source_missing,only U4 solved-position sample stream exists on disk,
X_A3_U1_P5_L5_I5_T1,position,A3,U1,P5,L5,I5,T1,S02,excluded_source_missing,only U4 solved-position sample stream exists on disk,
X_A3_U1_P5_L5_I5_T2,position,A3,U1,P5,L5,I5,T2,S02,excluded_source_missing,only U4 solved-position sample stream exists on disk,
X_A3_U1_P5_L5_I5_T3,position,A3,U1,P5,L5,I5,T3,S02,excluded_source_missing,only U4 solved-position sample stream exists on disk,
X_A3_U1_P5_L5_I5_T4,position,A3,U1,P5,L5,I5,T4,S02,excluded_source_missing,only U4 solved-position sample stream exists on disk,
X_A3_U1_P5_L5_I5_T5,position,A3,U1,P5,L5,I5,T5,S02,excluded_source_missing,only U4 solved-position sample stream exists on disk,
X_A3_U1_P5_L5_I6_T1,position,A3,U1,P5,L5,I6,T1,S02,excluded_source_missing,only U4 solved-position sample stream exists on disk,
X_A3_U1_P5_L5_I6_T2,position,A3,U1,P5,L5,I6,T2,S02,excluded_source_missing,only U4 solved-position sample stream exists on disk,
X_A3_U1_P5_L5_I6_T3,position,A3,U1,P5,L5,I6,T3,S02,excluded_source_missing,only U4 solved-position sample stream exists on disk,
X_A3_U1_P5_L5_I6_T4,position,A3,U1,P5,L5,I6,T4,S02,excluded_source_missing,only U4 solved-position sample stream exists on disk,
X_A3_U1_P5_L5_I6_T5,position,A3,U1,P5,L5,I6,T5,S02,excluded_source_missing,only U4 solved-position sample stream exists on disk,
X_A3_U1_P5_L5_I7_T1,position,A3,U1,P5,L5,I7,T1,S02,excluded_source_missing,only U4 solved-position sample stream exists on disk,
X_A3_U1_P5_L5_I7_T2,position,A3,U1,P5,L5,I7,T2,S02,excluded_source_missing,only U4 solved-position sample stream exists on disk,
X_A3_U1_P5_L5_I7_T3,position,A3,U1,P5,L5,I7,T3,S02,excluded_source_missing,only U4 solved-position sample stream exists on disk,
X_A3_U1_P5_L5_I7_T4,position,A3,U1,P5,L5,I7,T4,S02,excluded_source_missing,only U4 solved-position sample stream exists on disk,
X_A3_U1_P5_L5_I7_T5,position,A3,U1,P5,L5,I7,T5,S02,excluded_source_missing,only U4 solved-position sample stream exists on disk,
X_A3_U1_P5_L5_I8_T1,position,A3,U1,P5,L5,I8,T1,S02,excluded_source_missing,only U4 solved-position sample stream exists on disk,
X_A3_U1_P5_L5_I8_T2,position,A3,U1,P5,L5,I8,T2,S02,excluded_source_missing,only U4 solved-position sample stream exists on disk,
X_A3_U1_P5_L5_I8_T3,position,A3,U1,P5,L5,I8,T3,S02,excluded_source_missing,only U4 solved-position sample stream exists on disk,
X_A3_U1_P5_L5_I8_T4,position,A3,U1,P5,L5,I8,T4,S02,excluded_source_missing,only U4 solved-position sample stream exists on disk,
X_A3_U1_P5_L5_I8_T5,position,A3,U1,P5,L5,I8,T5,S02,excluded_source_missing,only U4 solved-position sample stream exists on disk,
X_A3_U2_P0_L5_I0_T1,position,A3,U2,P0,L5,I0,T1,S02,excluded_source_missing,only U4 solved-position sample stream exists on disk,
X_A3_U2_P0_L5_I0_T2,position,A3,U2,P0,L5,I0,T2,S02,excluded_source_missing,only U4 solved-position sample stream exists on disk,
X_A3_U2_P0_L5_I0_T3,position,A3,U2,P0,L5,I0,T3,S02,excluded_source_missing,only U4 solved-position sample stream exists on disk,
X_A3_U2_P0_L5_I0_T4,position,A3,U2,P0,L5,I0,T4,S02,excluded_source_missing,only U4 solved-position sample stream exists on disk,
X_A3_U2_P0_L5_I0_T5,position,A3,U2,P0,L5,I0,T5,S02,excluded_source_missing,only U4 solved-position sample stream exists on disk,
X_A3_U2_P0_L5_I1_T1,position,A3,U2,P0,L5,I1,T1,S02,excluded_source_missing,only U4 solved-position sample stream exists on disk,
X_A3_U2_P0_L5_I1_T2,position,A3,U2,P0,L5,I1,T2,S02,excluded_source_missing,only U4 solved-position sample stream exists on disk,
X_A3_U2_P0_L5_I1_T3,position,A3,U2,P0,L5,I1,T3,S02,excluded_source_missing,only U4 solved-position sample stream exists on disk,
X_A3_U2_P0_L5_I1_T4,position,A3,U2,P0,L5,I1,T4,S02,excluded_source_missing,only U4 solved-position sample stream exists on disk,
X_A3_U2_P0_L5_I1_T5,position,A3,U2,P0,L5,I1,T5,S02,excluded_source_missing,only U4 solved-position sample stream exists on disk,
X_A3_U2_P0_L5_I2_T1,position,A3,U2,P0,L5,I2,T1,S02,excluded_source_missing,only U4 solved-position sample stream exists on disk,
X_A3_U2_P0_L5_I2_T2,position,A3,U2,P0,L5,I2,T2,S02,excluded_source_missing,only U4 solved-position sample stream exists on disk,
X_A3_U2_P0_L5_I2_T3,position,A3,U2,P0,L5,I2,T3,S02,excluded_source_missing,only U4 solved-position sample stream exists on disk,
X_A3_U2_P0_L5_I2_T4,position,A3,U2,P0,L5,I2,T4,S02,excluded_source_missing,only U4 solved-position sample stream exists on disk,
X_A3_U2_P0_L5_I2_T5,position,A3,U2,P0,L5,I2,T5,S02,excluded_source_missing,only U4 solved-position sample stream exists on disk,
X_A3_U2_P0_L5_I3_T1,position,A3,U2,P0,L5,I3,T1,S02,excluded_source_missing,only U4 solved-position sample stream exists on disk,
X_A3_U2_P0_L5_I3_T2,position,A3,U2,P0,L5,I3,T2,S02,excluded_source_missing,only U4 solved-position sample stream exists on disk,
X_A3_U2_P0_L5_I3_T3,position,A3,U2,P0,L5,I3,T3,S02,excluded_source_missing,only U4 solved-position sample stream exists on disk,
X_A3_U2_P0_L5_I3_T4,position,A3,U2,P0,L5,I3,T4,S02,excluded_source_missing,only U4 solved-position sample stream exists on disk,
X_A3_U2_P0_L5_I3_T5,position,A3,U2,P0,L5,I3,T5,S02,excluded_source_missing,only U4 solved-position sample stream exists on disk,
X_A3_U2_P0_L5_I4_T1,position,A3,U2,P0,L5,I4,T1,S02,excluded_source_missing,only U4 solved-position sample stream exists on disk,
X_A3_U2_P0_L5_I4_T2,position,A3,U2,P0,L5,I4,T2,S02,excluded_source_missing,only U4 solved-position sample stream exists on disk,
X_A3_U2_P0_L5_I4_T3,position,A3,U2,P0,L5,I4,T3,S02,excluded_source_missing,only U4 solved-position sample stream exists on disk,
X_A3_U2_P0_L5_I4_T4,position,A3,U2,P0,L5,I4,T4,S02,excluded_source_missing,only U4 solved-position sample stream exists on disk,
X_A3_U2_P0_L5_I4_T5,position,A3,U2,P0,L5,I4,T5,S02,excluded_source_missing,only U4 solved-position sample stream exists on disk,
X_A3_U2_P0_L5_I5_T1,position,A3,U2,P0,L5,I5,T1,S02,excluded_source_missing,only U4 solved-position sample stream exists on disk,
X_A3_U2_P0_L5_I5_T2,position,A3,U2,P0,L5,I5,T2,S02,excluded_source_missing,only U4 solved-position sample stream exists on disk,
X_A3_U2_P0_L5_I5_T3,position,A3,U2,P0,L5,I5,T3,S02,excluded_source_missing,only U4 solved-position sample stream exists on disk,
X_A3_U2_P0_L5_I5_T4,position,A3,U2,P0,L5,I5,T4,S02,excluded_source_missing,only U4 solved-position sample stream exists on disk,
X_A3_U2_P0_L5_I5_T5,position,A3,U2,P0,L5,I5,T5,S02,excluded_source_missing,only U4 solved-position sample stream exists on disk,
X_A3_U2_P0_L5_I6_T1,position,A3,U2,P0,L5,I6,T1,S02,excluded_source_missing,only U4 solved-position sample stream exists on disk,
X_A3_U2_P0_L5_I6_T2,position,A3,U2,P0,L5,I6,T2,S02,excluded_source_missing,only U4 solved-position sample stream exists on disk,
X_A3_U2_P0_L5_I6_T3,position,A3,U2,P0,L5,I6,T3,S02,excluded_source_missing,only U4 solved-position sample stream exists on disk,
X_A3_U2_P0_L5_I6_T4,position,A3,U2,P0,L5,I6,T4,S02,excluded_source_missing,only U4 solved-position sample stream exists on disk,
X_A3_U2_P0_L5_I6_T5,position,A3,U2,P0,L5,I6,T5,S02,excluded_source_missing,only U4 solved-position sample stream exists on disk,
X_A3_U2_P0_L5_I7_T1,position,A3,U2,P0,L5,I7,T1,S02,excluded_source_missing,only U4 solved-position sample stream exists on disk,
X_A3_U2_P0_L5_I7_T2,position,A3,U2,P0,L5,I7,T2,S02,excluded_source_missing,only U4 solved-position sample stream exists on disk,
X_A3_U2_P0_L5_I7_T3,position,A3,U2,P0,L5,I7,T3,S02,excluded_source_missing,only U4 solved-position sample stream exists on disk,
X_A3_U2_P0_L5_I7_T4,position,A3,U2,P0,L5,I7,T4,S02,excluded_source_missing,only U4 solved-position sample stream exists on disk,
X_A3_U2_P0_L5_I7_T5,position,A3,U2,P0,L5,I7,T5,S02,excluded_source_missing,only U4 solved-position sample stream exists on disk,
X_A3_U2_P0_L5_I8_T1,position,A3,U2,P0,L5,I8,T1,S02,excluded_source_missing,only U4 solved-position sample stream exists on disk,
X_A3_U2_P0_L5_I8_T2,position,A3,U2,P0,L5,I8,T2,S02,excluded_source_missing,only U4 solved-position sample stream exists on disk,
X_A3_U2_P0_L5_I8_T3,position,A3,U2,P0,L5,I8,T3,S02,excluded_source_missing,only U4 solved-position sample stream exists on disk,
X_A3_U2_P0_L5_I8_T4,position,A3,U2,P0,L5,I8,T4,S02,excluded_source_missing,only U4 solved-position sample stream exists on disk,
X_A3_U2_P0_L5_I8_T5,position,A3,U2,P0,L5,I8,T5,S02,excluded_source_missing,only U4 solved-position sample stream exists on disk,
X_A3_U2_P1_L5_I0_T1,position,A3,U2,P1,L5,I0,T1,S02,excluded_source_missing,only U4 solved-position sample stream exists on disk,
X_A3_U2_P1_L5_I0_T2,position,A3,U2,P1,L5,I0,T2,S02,excluded_source_missing,only U4 solved-position sample stream exists on disk,
X_A3_U2_P1_L5_I0_T3,position,A3,U2,P1,L5,I0,T3,S02,excluded_source_missing,only U4 solved-position sample stream exists on disk,
X_A3_U2_P1_L5_I0_T4,position,A3,U2,P1,L5,I0,T4,S02,excluded_source_missing,only U4 solved-position sample stream exists on disk,
X_A3_U2_P1_L5_I0_T5,position,A3,U2,P1,L5,I0,T5,S02,excluded_source_missing,only U4 solved-position sample stream exists on disk,
X_A3_U2_P1_L5_I1_T1,position,A3,U2,P1,L5,I1,T1,S02,excluded_source_missing,only U4 solved-position sample stream exists on disk,
X_A3_U2_P1_L5_I1_T2,position,A3,U2,P1,L5,I1,T2,S02,excluded_source_missing,only U4 solved-position sample stream exists on disk,
X_A3_U2_P1_L5_I1_T3,position,A3,U2,P1,L5,I1,T3,S02,excluded_source_missing,only U4 solved-position sample stream exists on disk,
X_A3_U2_P1_L5_I1_T4,position,A3,U2,P1,L5,I1,T4,S02,excluded_source_missing,only U4 solved-position sample stream exists on disk,
X_A3_U2_P1_L5_I1_T5,position,A3,U2,P1,L5,I1,T5,S02,excluded_source_missing,only U4 solved-position sample stream exists on disk,
X_A3_U2_P1_L5_I2_T1,position,A3,U2,P1,L5,I2,T1,S02,excluded_source_missing,only U4 solved-position sample stream exists on disk,
X_A3_U2_P1_L5_I2_T2,position,A3,U2,P1,L5,I2,T2,S02,excluded_source_missing,only U4 solved-position sample stream exists on disk,
X_A3_U2_P1_L5_I2_T3,position,A3,U2,P1,L5,I2,T3,S02,excluded_source_missing,only U4 solved-position sample stream exists on disk,
X_A3_U2_P1_L5_I2_T4,position,A3,U2,P1,L5,I2,T4,S02,excluded_source_missing,only U4 solved-position sample stream exists on disk,
X_A3_U2_P1_L5_I2_T5,position,A3,U2,P1,L5,I2,T5,S02,excluded_source_missing,only U4 solved-position sample stream exists on disk,
X_A3_U2_P1_L5_I3_T1,position,A3,U2,P1,L5,I3,T1,S02,excluded_source_missing,only U4 solved-position sample stream exists on disk,
X_A3_U2_P1_L5_I3_T2,position,A3,U2,P1,L5,I3,T2,S02,excluded_source_missing,only U4 solved-position sample stream exists on disk,
X_A3_U2_P1_L5_I3_T3,position,A3,U2,P1,L5,I3,T3,S02,excluded_source_missing,only U4 solved-position sample stream exists on disk,
X_A3_U2_P1_L5_I3_T4,position,A3,U2,P1,L5,I3,T4,S02,excluded_source_missing,only U4 solved-position sample stream exists on disk,
X_A3_U2_P1_L5_I3_T5,position,A3,U2,P1,L5,I3,T5,S02,excluded_source_missing,only U4 solved-position sample stream exists on disk,
X_A3_U2_P1_L5_I4_T1,position,A3,U2,P1,L5,I4,T1,S02,excluded_source_missing,only U4 solved-position sample stream exists on disk,
X_A3_U2_P1_L5_I4_T2,position,A3,U2,P1,L5,I4,T2,S02,excluded_source_missing,only U4 solved-position sample stream exists on disk,
X_A3_U2_P1_L5_I4_T3,position,A3,U2,P1,L5,I4,T3,S02,excluded_source_missing,only U4 solved-position sample stream exists on disk,
X_A3_U2_P1_L5_I4_T4,position,A3,U2,P1,L5,I4,T4,S02,excluded_source_missing,only U4 solved-position sample stream exists on disk,
X_A3_U2_P1_L5_I4_T5,position,A3,U2,P1,L5,I4,T5,S02,excluded_source_missing,only U4 solved-position sample stream exists on disk,
X_A3_U2_P1_L5_I5_T1,position,A3,U2,P1,L5,I5,T1,S02,excluded_source_missing,only U4 solved-position sample stream exists on disk,
X_A3_U2_P1_L5_I5_T2,position,A3,U2,P1,L5,I5,T2,S02,excluded_source_missing,only U4 solved-position sample stream exists on disk,
X_A3_U2_P1_L5_I5_T3,position,A3,U2,P1,L5,I5,T3,S02,excluded_source_missing,only U4 solved-position sample stream exists on disk,
X_A3_U2_P1_L5_I5_T4,position,A3,U2,P1,L5,I5,T4,S02,excluded_source_missing,only U4 solved-position sample stream exists on disk,
X_A3_U2_P1_L5_I5_T5,position,A3,U2,P1,L5,I5,T5,S02,excluded_source_missing,only U4 solved-position sample stream exists on disk,
X_A3_U2_P1_L5_I6_T1,position,A3,U2,P1,L5,I6,T1,S02,excluded_source_missing,only U4 solved-position sample stream exists on disk,
X_A3_U2_P1_L5_I6_T2,position,A3,U2,P1,L5,I6,T2,S02,excluded_source_missing,only U4 solved-position sample stream exists on disk,
X_A3_U2_P1_L5_I6_T3,position,A3,U2,P1,L5,I6,T3,S02,excluded_source_missing,only U4 solved-position sample stream exists on disk,
X_A3_U2_P1_L5_I6_T4,position,A3,U2,P1,L5,I6,T4,S02,excluded_source_missing,only U4 solved-position sample stream exists on disk,
X_A3_U2_P1_L5_I6_T5,position,A3,U2,P1,L5,I6,T5,S02,excluded_source_missing,only U4 solved-position sample stream exists on disk,
X_A3_U2_P1_L5_I7_T1,position,A3,U2,P1,L5,I7,T1,S02,excluded_source_missing,only U4 solved-position sample stream exists on disk,
X_A3_U2_P1_L5_I7_T2,position,A3,U2,P1,L5,I7,T2,S02,excluded_source_missing,only U4 solved-position sample stream exists on disk,
X_A3_U2_P1_L5_I7_T3,position,A3,U2,P1,L5,I7,T3,S02,excluded_source_missing,only U4 solved-position sample stream exists on disk,
X_A3_U2_P1_L5_I7_T4,position,A3,U2,P1,L5,I7,T4,S02,excluded_source_missing,only U4 solved-position sample stream exists on disk,
X_A3_U2_P1_L5_I7_T5,position,A3,U2,P1,L5,I7,T5,S02,excluded_source_missing,only U4 solved-position sample stream exists on disk,
X_A3_U2_P1_L5_I8_T1,position,A3,U2,P1,L5,I8,T1,S02,excluded_source_missing,only U4 solved-position sample stream exists on disk,
X_A3_U2_P1_L5_I8_T2,position,A3,U2,P1,L5,I8,T2,S02,excluded_source_missing,only U4 solved-position sample stream exists on disk,
X_A3_U2_P1_L5_I8_T3,position,A3,U2,P1,L5,I8,T3,S02,excluded_source_missing,only U4 solved-position sample stream exists on disk,
X_A3_U2_P1_L5_I8_T4,position,A3,U2,P1,L5,I8,T4,S02,excluded_source_missing,only U4 solved-position sample stream exists on disk,
X_A3_U2_P1_L5_I8_T5,position,A3,U2,P1,L5,I8,T5,S02,excluded_source_missing,only U4 solved-position sample stream exists on disk,
X_A3_U2_P2_L5_I0_T1,position,A3,U2,P2,L5,I0,T1,S02,excluded_source_missing,only U4 solved-position sample stream exists on disk,
X_A3_U2_P2_L5_I0_T2,position,A3,U2,P2,L5,I0,T2,S02,excluded_source_missing,only U4 solved-position sample stream exists on disk,
X_A3_U2_P2_L5_I0_T3,position,A3,U2,P2,L5,I0,T3,S02,excluded_source_missing,only U4 solved-position sample stream exists on disk,
X_A3_U2_P2_L5_I0_T4,position,A3,U2,P2,L5,I0,T4,S02,excluded_source_missing,only U4 solved-position sample stream exists on disk,
X_A3_U2_P2_L5_I0_T5,position,A3,U2,P2,L5,I0,T5,S02,excluded_source_missing,only U4 solved-position sample stream exists on disk,
X_A3_U2_P2_L5_I1_T1,position,A3,U2,P2,L5,I1,T1,S02,excluded_source_missing,only U4 solved-position sample stream exists on disk,
X_A3_U2_P2_L5_I1_T2,position,A3,U2,P2,L5,I1,T2,S02,excluded_source_missing,only U4 solved-position sample stream exists on disk,
X_A3_U2_P2_L5_I1_T3,position,A3,U2,P2,L5,I1,T3,S02,excluded_source_missing,only U4 solved-position sample stream exists on disk,
X_A3_U2_P2_L5_I1_T4,position,A3,U2,P2,L5,I1,T4,S02,excluded_source_missing,only U4 solved-position sample stream exists on disk,
X_A3_U2_P2_L5_I1_T5,position,A3,U2,P2,L5,I1,T5,S02,excluded_source_missing,only U4 solved-position sample stream exists on disk,
X_A3_U2_P2_L5_I2_T1,position,A3,U2,P2,L5,I2,T1,S02,excluded_source_missing,only U4 solved-position sample stream exists on disk,
X_A3_U2_P2_L5_I2_T2,position,A3,U2,P2,L5,I2,T2,S02,excluded_source_missing,only U4 solved-position sample stream exists on disk,
X_A3_U2_P2_L5_I2_T3,position,A3,U2,P2,L5,I2,T3,S02,excluded_source_missing,only U4 solved-position sample stream exists on disk,
X_A3_U2_P2_L5_I2_T4,position,A3,U2,P2,L5,I2,T4,S02,excluded_source_missing,only U4 solved-position sample stream exists on disk,
X_A3_U2_P2_L5_I2_T5,position,A3,U2,P2,L5,I2,T5,S02,excluded_source_missing,only U4 solved-position sample stream exists on disk,
X_A3_U2_P2_L5_I3_T1,position,A3,U2,P2,L5,I3,T1,S02,excluded_source_missing,only U4 solved-position sample stream exists on disk,
X_A3_U2_P2_L5_I3_T2,position,A3,U2,P2,L5,I3,T2,S02,excluded_source_missing,only U4 solved-position sample stream exists on disk,
X_A3_U2_P2_L5_I3_T3,position,A3,U2,P2,L5,I3,T3,S02,excluded_source_missing,only U4 solved-position sample stream exists on disk,
X_A3_U2_P2_L5_I3_T4,position,A3,U2,P2,L5,I3,T4,S02,excluded_source_missing,only U4 solved-position sample stream exists on disk,
X_A3_U2_P2_L5_I3_T5,position,A3,U2,P2,L5,I3,T5,S02,excluded_source_missing,only U4 solved-position sample stream exists on disk,
X_A3_U2_P2_L5_I4_T1,position,A3,U2,P2,L5,I4,T1,S02,excluded_source_missing,only U4 solved-position sample stream exists on disk,
X_A3_U2_P2_L5_I4_T2,position,A3,U2,P2,L5,I4,T2,S02,excluded_source_missing,only U4 solved-position sample stream exists on disk,
X_A3_U2_P2_L5_I4_T3,position,A3,U2,P2,L5,I4,T3,S02,excluded_source_missing,only U4 solved-position sample stream exists on disk,
X_A3_U2_P2_L5_I4_T4,position,A3,U2,P2,L5,I4,T4,S02,excluded_source_missing,only U4 solved-position sample stream exists on disk,
X_A3_U2_P2_L5_I4_T5,position,A3,U2,P2,L5,I4,T5,S02,excluded_source_missing,only U4 solved-position sample stream exists on disk,
X_A3_U2_P2_L5_I5_T1,position,A3,U2,P2,L5,I5,T1,S02,excluded_source_missing,only U4 solved-position sample stream exists on disk,
X_A3_U2_P2_L5_I5_T2,position,A3,U2,P2,L5,I5,T2,S02,excluded_source_missing,only U4 solved-position sample stream exists on disk,
X_A3_U2_P2_L5_I5_T3,position,A3,U2,P2,L5,I5,T3,S02,excluded_source_missing,only U4 solved-position sample stream exists on disk,
X_A3_U2_P2_L5_I5_T4,position,A3,U2,P2,L5,I5,T4,S02,excluded_source_missing,only U4 solved-position sample stream exists on disk,
X_A3_U2_P2_L5_I5_T5,position,A3,U2,P2,L5,I5,T5,S02,excluded_source_missing,only U4 solved-position sample stream exists on disk,
X_A3_U2_P2_L5_I6_T1,position,A3,U2,P2,L5,I6,T1,S02,excluded_source_missing,only U4 solved-position sample stream exists on disk,
X_A3_U2_P2_L5_I6_T2,position,A3,U2,P2,L5,I6,T2,S02,excluded_source_missing,only U4 solved-position sample stream exists on disk,
X_A3_U2_P2_L5_I6_T3,position,A3,U2,P2,L5,I6,T3,S02,excluded_source_missing,only U4 solved-position sample stream exists on disk,
X_A3_U2_P2_L5_I6_T4,position,A3,U2,P2,L5,I6,T4,S02,excluded_source_missing,only U4 solved-position sample stream exists on disk,
X_A3_U2_P2_L5_I6_T5,position,A3,U2,P2,L5,I6,T5,S02,excluded_source_missing,only U4 solved-position sample stream exists on disk,
X_A3_U2_P2_L5_I7_T1,position,A3,U2,P2,L5,I7,T1,S02,excluded_source_missing,only U4 solved-position sample stream exists on disk,
X_A3_U2_P2_L5_I7_T2,position,A3,U2,P2,L5,I7,T2,S02,excluded_source_missing,only U4 solved-position sample stream exists on disk,
X_A3_U2_P2_L5_I7_T3,position,A3,U2,P2,L5,I7,T3,S02,excluded_source_missing,only U4 solved-position sample stream exists on disk,
X_A3_U2_P2_L5_I7_T4,position,A3,U2,P2,L5,I7,T4,S02,excluded_source_missing,only U4 solved-position sample stream exists on disk,
X_A3_U2_P2_L5_I7_T5,position,A3,U2,P2,L5,I7,T5,S02,excluded_source_missing,only U4 solved-position sample stream exists on disk,
X_A3_U2_P2_L5_I8_T1,position,A3,U2,P2,L5,I8,T1,S02,excluded_source_missing,only U4 solved-position sample stream exists on disk,
X_A3_U2_P2_L5_I8_T2,position,A3,U2,P2,L5,I8,T2,S02,excluded_source_missing,only U4 solved-position sample stream exists on disk,
X_A3_U2_P2_L5_I8_T3,position,A3,U2,P2,L5,I8,T3,S02,excluded_source_missing,only U4 solved-position sample stream exists on disk,
X_A3_U2_P2_L5_I8_T4,position,A3,U2,P2,L5,I8,T4,S02,excluded_source_missing,only U4 solved-position sample stream exists on disk,
X_A3_U2_P2_L5_I8_T5,position,A3,U2,P2,L5,I8,T5,S02,excluded_source_missing,only U4 solved-position sample stream exists on disk,
X_A3_U2_P3_L5_I0_T1,position,A3,U2,P3,L5,I0,T1,S02,excluded_source_missing,only U4 solved-position sample stream exists on disk,
X_A3_U2_P3_L5_I0_T2,position,A3,U2,P3,L5,I0,T2,S02,excluded_source_missing,only U4 solved-position sample stream exists on disk,
X_A3_U2_P3_L5_I0_T3,position,A3,U2,P3,L5,I0,T3,S02,excluded_source_missing,only U4 solved-position sample stream exists on disk,
X_A3_U2_P3_L5_I0_T4,position,A3,U2,P3,L5,I0,T4,S02,excluded_source_missing,only U4 solved-position sample stream exists on disk,
X_A3_U2_P3_L5_I0_T5,position,A3,U2,P3,L5,I0,T5,S02,excluded_source_missing,only U4 solved-position sample stream exists on disk,
X_A3_U2_P3_L5_I1_T1,position,A3,U2,P3,L5,I1,T1,S02,excluded_source_missing,only U4 solved-position sample stream exists on disk,
X_A3_U2_P3_L5_I1_T2,position,A3,U2,P3,L5,I1,T2,S02,excluded_source_missing,only U4 solved-position sample stream exists on disk,
X_A3_U2_P3_L5_I1_T3,position,A3,U2,P3,L5,I1,T3,S02,excluded_source_missing,only U4 solved-position sample stream exists on disk,
X_A3_U2_P3_L5_I1_T4,position,A3,U2,P3,L5,I1,T4,S02,excluded_source_missing,only U4 solved-position sample stream exists on disk,
X_A3_U2_P3_L5_I1_T5,position,A3,U2,P3,L5,I1,T5,S02,excluded_source_missing,only U4 solved-position sample stream exists on disk,
X_A3_U2_P3_L5_I2_T1,position,A3,U2,P3,L5,I2,T1,S02,excluded_source_missing,only U4 solved-position sample stream exists on disk,
X_A3_U2_P3_L5_I2_T2,position,A3,U2,P3,L5,I2,T2,S02,excluded_source_missing,only U4 solved-position sample stream exists on disk,
X_A3_U2_P3_L5_I2_T3,position,A3,U2,P3,L5,I2,T3,S02,excluded_source_missing,only U4 solved-position sample stream exists on disk,
X_A3_U2_P3_L5_I2_T4,position,A3,U2,P3,L5,I2,T4,S02,excluded_source_missing,only U4 solved-position sample stream exists on disk,
X_A3_U2_P3_L5_I2_T5,position,A3,U2,P3,L5,I2,T5,S02,excluded_source_missing,only U4 solved-position sample stream exists on disk,
X_A3_U2_P3_L5_I3_T1,position,A3,U2,P3,L5,I3,T1,S02,excluded_source_missing,only U4 solved-position sample stream exists on disk,
X_A3_U2_P3_L5_I3_T2,position,A3,U2,P3,L5,I3,T2,S02,excluded_source_missing,only U4 solved-position sample stream exists on disk,
X_A3_U2_P3_L5_I3_T3,position,A3,U2,P3,L5,I3,T3,S02,excluded_source_missing,only U4 solved-position sample stream exists on disk,
X_A3_U2_P3_L5_I3_T4,position,A3,U2,P3,L5,I3,T4,S02,excluded_source_missing,only U4 solved-position sample stream exists on disk,
X_A3_U2_P3_L5_I3_T5,position,A3,U2,P3,L5,I3,T5,S02,excluded_source_missing,only U4 solved-position sample stream exists on disk,
X_A3_U2_P3_L5_I4_T1,position,A3,U2,P3,L5,I4,T1,S02,excluded_source_missing,only U4 solved-position sample stream exists on disk,
X_A3_U2_P3_L5_I4_T2,position,A3,U2,P3,L5,I4,T2,S02,excluded_source_missing,only U4 solved-position sample stream exists on disk,
X_A3_U2_P3_L5_I4_T3,position,A3,U2,P3,L5,I4,T3,S02,excluded_source_missing,only U4 solved-position sample stream exists on disk,
X_A3_U2_P3_L5_I4_T4,position,A3,U2,P3,L5,I4,T4,S02,excluded_source_missing,only U4 solved-position sample stream exists on disk,
X_A3_U2_P3_L5_I4_T5,position,A3,U2,P3,L5,I4,T5,S02,excluded_source_missing,only U4 solved-position sample stream exists on disk,
X_A3_U2_P3_L5_I5_T1,position,A3,U2,P3,L5,I5,T1,S02,excluded_source_missing,only U4 solved-position sample stream exists on disk,
X_A3_U2_P3_L5_I5_T2,position,A3,U2,P3,L5,I5,T2,S02,excluded_source_missing,only U4 solved-position sample stream exists on disk,
X_A3_U2_P3_L5_I5_T3,position,A3,U2,P3,L5,I5,T3,S02,excluded_source_missing,only U4 solved-position sample stream exists on disk,
X_A3_U2_P3_L5_I5_T4,position,A3,U2,P3,L5,I5,T4,S02,excluded_source_missing,only U4 solved-position sample stream exists on disk,
X_A3_U2_P3_L5_I5_T5,position,A3,U2,P3,L5,I5,T5,S02,excluded_source_missing,only U4 solved-position sample stream exists on disk,
X_A3_U2_P3_L5_I6_T1,position,A3,U2,P3,L5,I6,T1,S02,excluded_source_missing,only U4 solved-position sample stream exists on disk,
X_A3_U2_P3_L5_I6_T2,position,A3,U2,P3,L5,I6,T2,S02,excluded_source_missing,only U4 solved-position sample stream exists on disk,
X_A3_U2_P3_L5_I6_T3,position,A3,U2,P3,L5,I6,T3,S02,excluded_source_missing,only U4 solved-position sample stream exists on disk,
X_A3_U2_P3_L5_I6_T4,position,A3,U2,P3,L5,I6,T4,S02,excluded_source_missing,only U4 solved-position sample stream exists on disk,
X_A3_U2_P3_L5_I6_T5,position,A3,U2,P3,L5,I6,T5,S02,excluded_source_missing,only U4 solved-position sample stream exists on disk,
X_A3_U2_P3_L5_I7_T1,position,A3,U2,P3,L5,I7,T1,S02,excluded_source_missing,only U4 solved-position sample stream exists on disk,
X_A3_U2_P3_L5_I7_T2,position,A3,U2,P3,L5,I7,T2,S02,excluded_source_missing,only U4 solved-position sample stream exists on disk,
X_A3_U2_P3_L5_I7_T3,position,A3,U2,P3,L5,I7,T3,S02,excluded_source_missing,only U4 solved-position sample stream exists on disk,
X_A3_U2_P3_L5_I7_T4,position,A3,U2,P3,L5,I7,T4,S02,excluded_source_missing,only U4 solved-position sample stream exists on disk,
X_A3_U2_P3_L5_I7_T5,position,A3,U2,P3,L5,I7,T5,S02,excluded_source_missing,only U4 solved-position sample stream exists on disk,
X_A3_U2_P3_L5_I8_T1,position,A3,U2,P3,L5,I8,T1,S02,excluded_source_missing,only U4 solved-position sample stream exists on disk,
X_A3_U2_P3_L5_I8_T2,position,A3,U2,P3,L5,I8,T2,S02,excluded_source_missing,only U4 solved-position sample stream exists on disk,
X_A3_U2_P3_L5_I8_T3,position,A3,U2,P3,L5,I8,T3,S02,excluded_source_missing,only U4 solved-position sample stream exists on disk,
X_A3_U2_P3_L5_I8_T4,position,A3,U2,P3,L5,I8,T4,S02,excluded_source_missing,only U4 solved-position sample stream exists on disk,
X_A3_U2_P3_L5_I8_T5,position,A3,U2,P3,L5,I8,T5,S02,excluded_source_missing,only U4 solved-position sample stream exists on disk,
X_A3_U2_P4_L5_I0_T1,position,A3,U2,P4,L5,I0,T1,S02,excluded_source_missing,only U4 solved-position sample stream exists on disk,
X_A3_U2_P4_L5_I0_T2,position,A3,U2,P4,L5,I0,T2,S02,excluded_source_missing,only U4 solved-position sample stream exists on disk,
X_A3_U2_P4_L5_I0_T3,position,A3,U2,P4,L5,I0,T3,S02,excluded_source_missing,only U4 solved-position sample stream exists on disk,
X_A3_U2_P4_L5_I0_T4,position,A3,U2,P4,L5,I0,T4,S02,excluded_source_missing,only U4 solved-position sample stream exists on disk,
X_A3_U2_P4_L5_I0_T5,position,A3,U2,P4,L5,I0,T5,S02,excluded_source_missing,only U4 solved-position sample stream exists on disk,
X_A3_U2_P4_L5_I1_T1,position,A3,U2,P4,L5,I1,T1,S02,excluded_source_missing,only U4 solved-position sample stream exists on disk,
X_A3_U2_P4_L5_I1_T2,position,A3,U2,P4,L5,I1,T2,S02,excluded_source_missing,only U4 solved-position sample stream exists on disk,
X_A3_U2_P4_L5_I1_T3,position,A3,U2,P4,L5,I1,T3,S02,excluded_source_missing,only U4 solved-position sample stream exists on disk,
X_A3_U2_P4_L5_I1_T4,position,A3,U2,P4,L5,I1,T4,S02,excluded_source_missing,only U4 solved-position sample stream exists on disk,
X_A3_U2_P4_L5_I1_T5,position,A3,U2,P4,L5,I1,T5,S02,excluded_source_missing,only U4 solved-position sample stream exists on disk,
X_A3_U2_P4_L5_I2_T1,position,A3,U2,P4,L5,I2,T1,S02,excluded_source_missing,only U4 solved-position sample stream exists on disk,
X_A3_U2_P4_L5_I2_T2,position,A3,U2,P4,L5,I2,T2,S02,excluded_source_missing,only U4 solved-position sample stream exists on disk,
X_A3_U2_P4_L5_I2_T3,position,A3,U2,P4,L5,I2,T3,S02,excluded_source_missing,only U4 solved-position sample stream exists on disk,
X_A3_U2_P4_L5_I2_T4,position,A3,U2,P4,L5,I2,T4,S02,excluded_source_missing,only U4 solved-position sample stream exists on disk,
X_A3_U2_P4_L5_I2_T5,position,A3,U2,P4,L5,I2,T5,S02,excluded_source_missing,only U4 solved-position sample stream exists on disk,
X_A3_U2_P4_L5_I3_T1,position,A3,U2,P4,L5,I3,T1,S02,excluded_source_missing,only U4 solved-position sample stream exists on disk,
X_A3_U2_P4_L5_I3_T2,position,A3,U2,P4,L5,I3,T2,S02,excluded_source_missing,only U4 solved-position sample stream exists on disk,
X_A3_U2_P4_L5_I3_T3,position,A3,U2,P4,L5,I3,T3,S02,excluded_source_missing,only U4 solved-position sample stream exists on disk,
X_A3_U2_P4_L5_I3_T4,position,A3,U2,P4,L5,I3,T4,S02,excluded_source_missing,only U4 solved-position sample stream exists on disk,
X_A3_U2_P4_L5_I3_T5,position,A3,U2,P4,L5,I3,T5,S02,excluded_source_missing,only U4 solved-position sample stream exists on disk,
X_A3_U2_P4_L5_I4_T1,position,A3,U2,P4,L5,I4,T1,S02,excluded_source_missing,only U4 solved-position sample stream exists on disk,
X_A3_U2_P4_L5_I4_T2,position,A3,U2,P4,L5,I4,T2,S02,excluded_source_missing,only U4 solved-position sample stream exists on disk,
X_A3_U2_P4_L5_I4_T3,position,A3,U2,P4,L5,I4,T3,S02,excluded_source_missing,only U4 solved-position sample stream exists on disk,
X_A3_U2_P4_L5_I4_T4,position,A3,U2,P4,L5,I4,T4,S02,excluded_source_missing,only U4 solved-position sample stream exists on disk,
X_A3_U2_P4_L5_I4_T5,position,A3,U2,P4,L5,I4,T5,S02,excluded_source_missing,only U4 solved-position sample stream exists on disk,
X_A3_U2_P4_L5_I5_T1,position,A3,U2,P4,L5,I5,T1,S02,excluded_source_missing,only U4 solved-position sample stream exists on disk,
X_A3_U2_P4_L5_I5_T2,position,A3,U2,P4,L5,I5,T2,S02,excluded_source_missing,only U4 solved-position sample stream exists on disk,
X_A3_U2_P4_L5_I5_T3,position,A3,U2,P4,L5,I5,T3,S02,excluded_source_missing,only U4 solved-position sample stream exists on disk,
X_A3_U2_P4_L5_I5_T4,position,A3,U2,P4,L5,I5,T4,S02,excluded_source_missing,only U4 solved-position sample stream exists on disk,
X_A3_U2_P4_L5_I5_T5,position,A3,U2,P4,L5,I5,T5,S02,excluded_source_missing,only U4 solved-position sample stream exists on disk,
X_A3_U2_P4_L5_I6_T1,position,A3,U2,P4,L5,I6,T1,S02,excluded_source_missing,only U4 solved-position sample stream exists on disk,
X_A3_U2_P4_L5_I6_T2,position,A3,U2,P4,L5,I6,T2,S02,excluded_source_missing,only U4 solved-position sample stream exists on disk,
X_A3_U2_P4_L5_I6_T3,position,A3,U2,P4,L5,I6,T3,S02,excluded_source_missing,only U4 solved-position sample stream exists on disk,
X_A3_U2_P4_L5_I6_T4,position,A3,U2,P4,L5,I6,T4,S02,excluded_source_missing,only U4 solved-position sample stream exists on disk,
X_A3_U2_P4_L5_I6_T5,position,A3,U2,P4,L5,I6,T5,S02,excluded_source_missing,only U4 solved-position sample stream exists on disk,
X_A3_U2_P4_L5_I7_T1,position,A3,U2,P4,L5,I7,T1,S02,excluded_source_missing,only U4 solved-position sample stream exists on disk,
X_A3_U2_P4_L5_I7_T2,position,A3,U2,P4,L5,I7,T2,S02,excluded_source_missing,only U4 solved-position sample stream exists on disk,
X_A3_U2_P4_L5_I7_T3,position,A3,U2,P4,L5,I7,T3,S02,excluded_source_missing,only U4 solved-position sample stream exists on disk,
X_A3_U2_P4_L5_I7_T4,position,A3,U2,P4,L5,I7,T4,S02,excluded_source_missing,only U4 solved-position sample stream exists on disk,
X_A3_U2_P4_L5_I7_T5,position,A3,U2,P4,L5,I7,T5,S02,excluded_source_missing,only U4 solved-position sample stream exists on disk,
X_A3_U2_P4_L5_I8_T1,position,A3,U2,P4,L5,I8,T1,S02,excluded_source_missing,only U4 solved-position sample stream exists on disk,
X_A3_U2_P4_L5_I8_T2,position,A3,U2,P4,L5,I8,T2,S02,excluded_source_missing,only U4 solved-position sample stream exists on disk,
X_A3_U2_P4_L5_I8_T3,position,A3,U2,P4,L5,I8,T3,S02,excluded_source_missing,only U4 solved-position sample stream exists on disk,
X_A3_U2_P4_L5_I8_T4,position,A3,U2,P4,L5,I8,T4,S02,excluded_source_missing,only U4 solved-position sample stream exists on disk,
X_A3_U2_P4_L5_I8_T5,position,A3,U2,P4,L5,I8,T5,S02,excluded_source_missing,only U4 solved-position sample stream exists on disk,
X_A3_U2_P5_L5_I0_T1,position,A3,U2,P5,L5,I0,T1,S02,excluded_source_missing,only U4 solved-position sample stream exists on disk,
X_A3_U2_P5_L5_I0_T2,position,A3,U2,P5,L5,I0,T2,S02,excluded_source_missing,only U4 solved-position sample stream exists on disk,
X_A3_U2_P5_L5_I0_T3,position,A3,U2,P5,L5,I0,T3,S02,excluded_source_missing,only U4 solved-position sample stream exists on disk,
X_A3_U2_P5_L5_I0_T4,position,A3,U2,P5,L5,I0,T4,S02,excluded_source_missing,only U4 solved-position sample stream exists on disk,
X_A3_U2_P5_L5_I0_T5,position,A3,U2,P5,L5,I0,T5,S02,excluded_source_missing,only U4 solved-position sample stream exists on disk,
X_A3_U2_P5_L5_I1_T1,position,A3,U2,P5,L5,I1,T1,S02,excluded_source_missing,only U4 solved-position sample stream exists on disk,
X_A3_U2_P5_L5_I1_T2,position,A3,U2,P5,L5,I1,T2,S02,excluded_source_missing,only U4 solved-position sample stream exists on disk,
X_A3_U2_P5_L5_I1_T3,position,A3,U2,P5,L5,I1,T3,S02,excluded_source_missing,only U4 solved-position sample stream exists on disk,
X_A3_U2_P5_L5_I1_T4,position,A3,U2,P5,L5,I1,T4,S02,excluded_source_missing,only U4 solved-position sample stream exists on disk,
X_A3_U2_P5_L5_I1_T5,position,A3,U2,P5,L5,I1,T5,S02,excluded_source_missing,only U4 solved-position sample stream exists on disk,
X_A3_U2_P5_L5_I2_T1,position,A3,U2,P5,L5,I2,T1,S02,excluded_source_missing,only U4 solved-position sample stream exists on disk,
X_A3_U2_P5_L5_I2_T2,position,A3,U2,P5,L5,I2,T2,S02,excluded_source_missing,only U4 solved-position sample stream exists on disk,
X_A3_U2_P5_L5_I2_T3,position,A3,U2,P5,L5,I2,T3,S02,excluded_source_missing,only U4 solved-position sample stream exists on disk,
X_A3_U2_P5_L5_I2_T4,position,A3,U2,P5,L5,I2,T4,S02,excluded_source_missing,only U4 solved-position sample stream exists on disk,
X_A3_U2_P5_L5_I2_T5,position,A3,U2,P5,L5,I2,T5,S02,excluded_source_missing,only U4 solved-position sample stream exists on disk,
X_A3_U2_P5_L5_I3_T1,position,A3,U2,P5,L5,I3,T1,S02,excluded_source_missing,only U4 solved-position sample stream exists on disk,
X_A3_U2_P5_L5_I3_T2,position,A3,U2,P5,L5,I3,T2,S02,excluded_source_missing,only U4 solved-position sample stream exists on disk,
X_A3_U2_P5_L5_I3_T3,position,A3,U2,P5,L5,I3,T3,S02,excluded_source_missing,only U4 solved-position sample stream exists on disk,
X_A3_U2_P5_L5_I3_T4,position,A3,U2,P5,L5,I3,T4,S02,excluded_source_missing,only U4 solved-position sample stream exists on disk,
X_A3_U2_P5_L5_I3_T5,position,A3,U2,P5,L5,I3,T5,S02,excluded_source_missing,only U4 solved-position sample stream exists on disk,
X_A3_U2_P5_L5_I4_T1,position,A3,U2,P5,L5,I4,T1,S02,excluded_source_missing,only U4 solved-position sample stream exists on disk,
X_A3_U2_P5_L5_I4_T2,position,A3,U2,P5,L5,I4,T2,S02,excluded_source_missing,only U4 solved-position sample stream exists on disk,
X_A3_U2_P5_L5_I4_T3,position,A3,U2,P5,L5,I4,T3,S02,excluded_source_missing,only U4 solved-position sample stream exists on disk,
X_A3_U2_P5_L5_I4_T4,position,A3,U2,P5,L5,I4,T4,S02,excluded_source_missing,only U4 solved-position sample stream exists on disk,
X_A3_U2_P5_L5_I4_T5,position,A3,U2,P5,L5,I4,T5,S02,excluded_source_missing,only U4 solved-position sample stream exists on disk,
X_A3_U2_P5_L5_I5_T1,position,A3,U2,P5,L5,I5,T1,S02,excluded_source_missing,only U4 solved-position sample stream exists on disk,
X_A3_U2_P5_L5_I5_T2,position,A3,U2,P5,L5,I5,T2,S02,excluded_source_missing,only U4 solved-position sample stream exists on disk,
X_A3_U2_P5_L5_I5_T3,position,A3,U2,P5,L5,I5,T3,S02,excluded_source_missing,only U4 solved-position sample stream exists on disk,
X_A3_U2_P5_L5_I5_T4,position,A3,U2,P5,L5,I5,T4,S02,excluded_source_missing,only U4 solved-position sample stream exists on disk,
X_A3_U2_P5_L5_I5_T5,position,A3,U2,P5,L5,I5,T5,S02,excluded_source_missing,only U4 solved-position sample stream exists on disk,
X_A3_U2_P5_L5_I6_T1,position,A3,U2,P5,L5,I6,T1,S02,excluded_source_missing,only U4 solved-position sample stream exists on disk,
X_A3_U2_P5_L5_I6_T2,position,A3,U2,P5,L5,I6,T2,S02,excluded_source_missing,only U4 solved-position sample stream exists on disk,
X_A3_U2_P5_L5_I6_T3,position,A3,U2,P5,L5,I6,T3,S02,excluded_source_missing,only U4 solved-position sample stream exists on disk,
X_A3_U2_P5_L5_I6_T4,position,A3,U2,P5,L5,I6,T4,S02,excluded_source_missing,only U4 solved-position sample stream exists on disk,
X_A3_U2_P5_L5_I6_T5,position,A3,U2,P5,L5,I6,T5,S02,excluded_source_missing,only U4 solved-position sample stream exists on disk,
X_A3_U2_P5_L5_I7_T1,position,A3,U2,P5,L5,I7,T1,S02,excluded_source_missing,only U4 solved-position sample stream exists on disk,
X_A3_U2_P5_L5_I7_T2,position,A3,U2,P5,L5,I7,T2,S02,excluded_source_missing,only U4 solved-position sample stream exists on disk,
X_A3_U2_P5_L5_I7_T3,position,A3,U2,P5,L5,I7,T3,S02,excluded_source_missing,only U4 solved-position sample stream exists on disk,
X_A3_U2_P5_L5_I7_T4,position,A3,U2,P5,L5,I7,T4,S02,excluded_source_missing,only U4 solved-position sample stream exists on disk,
X_A3_U2_P5_L5_I7_T5,position,A3,U2,P5,L5,I7,T5,S02,excluded_source_missing,only U4 solved-position sample stream exists on disk,
X_A3_U2_P5_L5_I8_T1,position,A3,U2,P5,L5,I8,T1,S02,excluded_source_missing,only U4 solved-position sample stream exists on disk,
X_A3_U2_P5_L5_I8_T2,position,A3,U2,P5,L5,I8,T2,S02,excluded_source_missing,only U4 solved-position sample stream exists on disk,
X_A3_U2_P5_L5_I8_T3,position,A3,U2,P5,L5,I8,T3,S02,excluded_source_missing,only U4 solved-position sample stream exists on disk,
X_A3_U2_P5_L5_I8_T4,position,A3,U2,P5,L5,I8,T4,S02,excluded_source_missing,only U4 solved-position sample stream exists on disk,
X_A3_U2_P5_L5_I8_T5,position,A3,U2,P5,L5,I8,T5,S02,excluded_source_missing,only U4 solved-position sample stream exists on disk,
X_A3_U3_P0_L5_I0_T1,position,A3,U3,P0,L5,I0,T1,S02,excluded_source_missing,only U4 solved-position sample stream exists on disk,
X_A3_U3_P0_L5_I0_T2,position,A3,U3,P0,L5,I0,T2,S02,excluded_source_missing,only U4 solved-position sample stream exists on disk,
X_A3_U3_P0_L5_I0_T3,position,A3,U3,P0,L5,I0,T3,S02,excluded_source_missing,only U4 solved-position sample stream exists on disk,
X_A3_U3_P0_L5_I0_T4,position,A3,U3,P0,L5,I0,T4,S02,excluded_source_missing,only U4 solved-position sample stream exists on disk,
X_A3_U3_P0_L5_I0_T5,position,A3,U3,P0,L5,I0,T5,S02,excluded_source_missing,only U4 solved-position sample stream exists on disk,
X_A3_U3_P0_L5_I1_T1,position,A3,U3,P0,L5,I1,T1,S02,excluded_source_missing,only U4 solved-position sample stream exists on disk,
X_A3_U3_P0_L5_I1_T2,position,A3,U3,P0,L5,I1,T2,S02,excluded_source_missing,only U4 solved-position sample stream exists on disk,
X_A3_U3_P0_L5_I1_T3,position,A3,U3,P0,L5,I1,T3,S02,excluded_source_missing,only U4 solved-position sample stream exists on disk,
X_A3_U3_P0_L5_I1_T4,position,A3,U3,P0,L5,I1,T4,S02,excluded_source_missing,only U4 solved-position sample stream exists on disk,
X_A3_U3_P0_L5_I1_T5,position,A3,U3,P0,L5,I1,T5,S02,excluded_source_missing,only U4 solved-position sample stream exists on disk,
X_A3_U3_P0_L5_I2_T1,position,A3,U3,P0,L5,I2,T1,S02,excluded_source_missing,only U4 solved-position sample stream exists on disk,
X_A3_U3_P0_L5_I2_T2,position,A3,U3,P0,L5,I2,T2,S02,excluded_source_missing,only U4 solved-position sample stream exists on disk,
X_A3_U3_P0_L5_I2_T3,position,A3,U3,P0,L5,I2,T3,S02,excluded_source_missing,only U4 solved-position sample stream exists on disk,
X_A3_U3_P0_L5_I2_T4,position,A3,U3,P0,L5,I2,T4,S02,excluded_source_missing,only U4 solved-position sample stream exists on disk,
X_A3_U3_P0_L5_I2_T5,position,A3,U3,P0,L5,I2,T5,S02,excluded_source_missing,only U4 solved-position sample stream exists on disk,
X_A3_U3_P0_L5_I3_T1,position,A3,U3,P0,L5,I3,T1,S02,excluded_source_missing,only U4 solved-position sample stream exists on disk,
X_A3_U3_P0_L5_I3_T2,position,A3,U3,P0,L5,I3,T2,S02,excluded_source_missing,only U4 solved-position sample stream exists on disk,
X_A3_U3_P0_L5_I3_T3,position,A3,U3,P0,L5,I3,T3,S02,excluded_source_missing,only U4 solved-position sample stream exists on disk,
X_A3_U3_P0_L5_I3_T4,position,A3,U3,P0,L5,I3,T4,S02,excluded_source_missing,only U4 solved-position sample stream exists on disk,
X_A3_U3_P0_L5_I3_T5,position,A3,U3,P0,L5,I3,T5,S02,excluded_source_missing,only U4 solved-position sample stream exists on disk,
X_A3_U3_P0_L5_I4_T1,position,A3,U3,P0,L5,I4,T1,S02,excluded_source_missing,only U4 solved-position sample stream exists on disk,
X_A3_U3_P0_L5_I4_T2,position,A3,U3,P0,L5,I4,T2,S02,excluded_source_missing,only U4 solved-position sample stream exists on disk,
X_A3_U3_P0_L5_I4_T3,position,A3,U3,P0,L5,I4,T3,S02,excluded_source_missing,only U4 solved-position sample stream exists on disk,
X_A3_U3_P0_L5_I4_T4,position,A3,U3,P0,L5,I4,T4,S02,excluded_source_missing,only U4 solved-position sample stream exists on disk,
X_A3_U3_P0_L5_I4_T5,position,A3,U3,P0,L5,I4,T5,S02,excluded_source_missing,only U4 solved-position sample stream exists on disk,
X_A3_U3_P0_L5_I5_T1,position,A3,U3,P0,L5,I5,T1,S02,excluded_source_missing,only U4 solved-position sample stream exists on disk,
X_A3_U3_P0_L5_I5_T2,position,A3,U3,P0,L5,I5,T2,S02,excluded_source_missing,only U4 solved-position sample stream exists on disk,
X_A3_U3_P0_L5_I5_T3,position,A3,U3,P0,L5,I5,T3,S02,excluded_source_missing,only U4 solved-position sample stream exists on disk,
X_A3_U3_P0_L5_I5_T4,position,A3,U3,P0,L5,I5,T4,S02,excluded_source_missing,only U4 solved-position sample stream exists on disk,
X_A3_U3_P0_L5_I5_T5,position,A3,U3,P0,L5,I5,T5,S02,excluded_source_missing,only U4 solved-position sample stream exists on disk,
X_A3_U3_P0_L5_I6_T1,position,A3,U3,P0,L5,I6,T1,S02,excluded_source_missing,only U4 solved-position sample stream exists on disk,
X_A3_U3_P0_L5_I6_T2,position,A3,U3,P0,L5,I6,T2,S02,excluded_source_missing,only U4 solved-position sample stream exists on disk,
X_A3_U3_P0_L5_I6_T3,position,A3,U3,P0,L5,I6,T3,S02,excluded_source_missing,only U4 solved-position sample stream exists on disk,
X_A3_U3_P0_L5_I6_T4,position,A3,U3,P0,L5,I6,T4,S02,excluded_source_missing,only U4 solved-position sample stream exists on disk,
X_A3_U3_P0_L5_I6_T5,position,A3,U3,P0,L5,I6,T5,S02,excluded_source_missing,only U4 solved-position sample stream exists on disk,
X_A3_U3_P0_L5_I7_T1,position,A3,U3,P0,L5,I7,T1,S02,excluded_source_missing,only U4 solved-position sample stream exists on disk,
X_A3_U3_P0_L5_I7_T2,position,A3,U3,P0,L5,I7,T2,S02,excluded_source_missing,only U4 solved-position sample stream exists on disk,
X_A3_U3_P0_L5_I7_T3,position,A3,U3,P0,L5,I7,T3,S02,excluded_source_missing,only U4 solved-position sample stream exists on disk,
X_A3_U3_P0_L5_I7_T4,position,A3,U3,P0,L5,I7,T4,S02,excluded_source_missing,only U4 solved-position sample stream exists on disk,
X_A3_U3_P0_L5_I7_T5,position,A3,U3,P0,L5,I7,T5,S02,excluded_source_missing,only U4 solved-position sample stream exists on disk,
X_A3_U3_P0_L5_I8_T1,position,A3,U3,P0,L5,I8,T1,S02,excluded_source_missing,only U4 solved-position sample stream exists on disk,
X_A3_U3_P0_L5_I8_T2,position,A3,U3,P0,L5,I8,T2,S02,excluded_source_missing,only U4 solved-position sample stream exists on disk,
X_A3_U3_P0_L5_I8_T3,position,A3,U3,P0,L5,I8,T3,S02,excluded_source_missing,only U4 solved-position sample stream exists on disk,
X_A3_U3_P0_L5_I8_T4,position,A3,U3,P0,L5,I8,T4,S02,excluded_source_missing,only U4 solved-position sample stream exists on disk,
X_A3_U3_P0_L5_I8_T5,position,A3,U3,P0,L5,I8,T5,S02,excluded_source_missing,only U4 solved-position sample stream exists on disk,
X_A3_U3_P1_L5_I0_T1,position,A3,U3,P1,L5,I0,T1,S02,excluded_source_missing,only U4 solved-position sample stream exists on disk,
X_A3_U3_P1_L5_I0_T2,position,A3,U3,P1,L5,I0,T2,S02,excluded_source_missing,only U4 solved-position sample stream exists on disk,
X_A3_U3_P1_L5_I0_T3,position,A3,U3,P1,L5,I0,T3,S02,excluded_source_missing,only U4 solved-position sample stream exists on disk,
X_A3_U3_P1_L5_I0_T4,position,A3,U3,P1,L5,I0,T4,S02,excluded_source_missing,only U4 solved-position sample stream exists on disk,
X_A3_U3_P1_L5_I0_T5,position,A3,U3,P1,L5,I0,T5,S02,excluded_source_missing,only U4 solved-position sample stream exists on disk,
X_A3_U3_P1_L5_I1_T1,position,A3,U3,P1,L5,I1,T1,S02,excluded_source_missing,only U4 solved-position sample stream exists on disk,
X_A3_U3_P1_L5_I1_T2,position,A3,U3,P1,L5,I1,T2,S02,excluded_source_missing,only U4 solved-position sample stream exists on disk,
X_A3_U3_P1_L5_I1_T3,position,A3,U3,P1,L5,I1,T3,S02,excluded_source_missing,only U4 solved-position sample stream exists on disk,
X_A3_U3_P1_L5_I1_T4,position,A3,U3,P1,L5,I1,T4,S02,excluded_source_missing,only U4 solved-position sample stream exists on disk,
X_A3_U3_P1_L5_I1_T5,position,A3,U3,P1,L5,I1,T5,S02,excluded_source_missing,only U4 solved-position sample stream exists on disk,
X_A3_U3_P1_L5_I2_T1,position,A3,U3,P1,L5,I2,T1,S02,excluded_source_missing,only U4 solved-position sample stream exists on disk,
X_A3_U3_P1_L5_I2_T2,position,A3,U3,P1,L5,I2,T2,S02,excluded_source_missing,only U4 solved-position sample stream exists on disk,
X_A3_U3_P1_L5_I2_T3,position,A3,U3,P1,L5,I2,T3,S02,excluded_source_missing,only U4 solved-position sample stream exists on disk,
X_A3_U3_P1_L5_I2_T4,position,A3,U3,P1,L5,I2,T4,S02,excluded_source_missing,only U4 solved-position sample stream exists on disk,
X_A3_U3_P1_L5_I2_T5,position,A3,U3,P1,L5,I2,T5,S02,excluded_source_missing,only U4 solved-position sample stream exists on disk,
X_A3_U3_P1_L5_I3_T1,position,A3,U3,P1,L5,I3,T1,S02,excluded_source_missing,only U4 solved-position sample stream exists on disk,
X_A3_U3_P1_L5_I3_T2,position,A3,U3,P1,L5,I3,T2,S02,excluded_source_missing,only U4 solved-position sample stream exists on disk,
X_A3_U3_P1_L5_I3_T3,position,A3,U3,P1,L5,I3,T3,S02,excluded_source_missing,only U4 solved-position sample stream exists on disk,
X_A3_U3_P1_L5_I3_T4,position,A3,U3,P1,L5,I3,T4,S02,excluded_source_missing,only U4 solved-position sample stream exists on disk,
X_A3_U3_P1_L5_I3_T5,position,A3,U3,P1,L5,I3,T5,S02,excluded_source_missing,only U4 solved-position sample stream exists on disk,
X_A3_U3_P1_L5_I4_T1,position,A3,U3,P1,L5,I4,T1,S02,excluded_source_missing,only U4 solved-position sample stream exists on disk,
X_A3_U3_P1_L5_I4_T2,position,A3,U3,P1,L5,I4,T2,S02,excluded_source_missing,only U4 solved-position sample stream exists on disk,
X_A3_U3_P1_L5_I4_T3,position,A3,U3,P1,L5,I4,T3,S02,excluded_source_missing,only U4 solved-position sample stream exists on disk,
X_A3_U3_P1_L5_I4_T4,position,A3,U3,P1,L5,I4,T4,S02,excluded_source_missing,only U4 solved-position sample stream exists on disk,
X_A3_U3_P1_L5_I4_T5,position,A3,U3,P1,L5,I4,T5,S02,excluded_source_missing,only U4 solved-position sample stream exists on disk,
X_A3_U3_P1_L5_I5_T1,position,A3,U3,P1,L5,I5,T1,S02,excluded_source_missing,only U4 solved-position sample stream exists on disk,
X_A3_U3_P1_L5_I5_T2,position,A3,U3,P1,L5,I5,T2,S02,excluded_source_missing,only U4 solved-position sample stream exists on disk,
X_A3_U3_P1_L5_I5_T3,position,A3,U3,P1,L5,I5,T3,S02,excluded_source_missing,only U4 solved-position sample stream exists on disk,
X_A3_U3_P1_L5_I5_T4,position,A3,U3,P1,L5,I5,T4,S02,excluded_source_missing,only U4 solved-position sample stream exists on disk,
X_A3_U3_P1_L5_I5_T5,position,A3,U3,P1,L5,I5,T5,S02,excluded_source_missing,only U4 solved-position sample stream exists on disk,
X_A3_U3_P1_L5_I6_T1,position,A3,U3,P1,L5,I6,T1,S02,excluded_source_missing,only U4 solved-position sample stream exists on disk,
X_A3_U3_P1_L5_I6_T2,position,A3,U3,P1,L5,I6,T2,S02,excluded_source_missing,only U4 solved-position sample stream exists on disk,
X_A3_U3_P1_L5_I6_T3,position,A3,U3,P1,L5,I6,T3,S02,excluded_source_missing,only U4 solved-position sample stream exists on disk,
X_A3_U3_P1_L5_I6_T4,position,A3,U3,P1,L5,I6,T4,S02,excluded_source_missing,only U4 solved-position sample stream exists on disk,
X_A3_U3_P1_L5_I6_T5,position,A3,U3,P1,L5,I6,T5,S02,excluded_source_missing,only U4 solved-position sample stream exists on disk,
X_A3_U3_P1_L5_I7_T1,position,A3,U3,P1,L5,I7,T1,S02,excluded_source_missing,only U4 solved-position sample stream exists on disk,
X_A3_U3_P1_L5_I7_T2,position,A3,U3,P1,L5,I7,T2,S02,excluded_source_missing,only U4 solved-position sample stream exists on disk,
X_A3_U3_P1_L5_I7_T3,position,A3,U3,P1,L5,I7,T3,S02,excluded_source_missing,only U4 solved-position sample stream exists on disk,
X_A3_U3_P1_L5_I7_T4,position,A3,U3,P1,L5,I7,T4,S02,excluded_source_missing,only U4 solved-position sample stream exists on disk,
X_A3_U3_P1_L5_I7_T5,position,A3,U3,P1,L5,I7,T5,S02,excluded_source_missing,only U4 solved-position sample stream exists on disk,
X_A3_U3_P1_L5_I8_T1,position,A3,U3,P1,L5,I8,T1,S02,excluded_source_missing,only U4 solved-position sample stream exists on disk,
X_A3_U3_P1_L5_I8_T2,position,A3,U3,P1,L5,I8,T2,S02,excluded_source_missing,only U4 solved-position sample stream exists on disk,
X_A3_U3_P1_L5_I8_T3,position,A3,U3,P1,L5,I8,T3,S02,excluded_source_missing,only U4 solved-position sample stream exists on disk,
X_A3_U3_P1_L5_I8_T4,position,A3,U3,P1,L5,I8,T4,S02,excluded_source_missing,only U4 solved-position sample stream exists on disk,
X_A3_U3_P1_L5_I8_T5,position,A3,U3,P1,L5,I8,T5,S02,excluded_source_missing,only U4 solved-position sample stream exists on disk,
X_A3_U3_P2_L5_I0_T1,position,A3,U3,P2,L5,I0,T1,S02,excluded_source_missing,only U4 solved-position sample stream exists on disk,
X_A3_U3_P2_L5_I0_T2,position,A3,U3,P2,L5,I0,T2,S02,excluded_source_missing,only U4 solved-position sample stream exists on disk,
X_A3_U3_P2_L5_I0_T3,position,A3,U3,P2,L5,I0,T3,S02,excluded_source_missing,only U4 solved-position sample stream exists on disk,
X_A3_U3_P2_L5_I0_T4,position,A3,U3,P2,L5,I0,T4,S02,excluded_source_missing,only U4 solved-position sample stream exists on disk,
X_A3_U3_P2_L5_I0_T5,position,A3,U3,P2,L5,I0,T5,S02,excluded_source_missing,only U4 solved-position sample stream exists on disk,
X_A3_U3_P2_L5_I1_T1,position,A3,U3,P2,L5,I1,T1,S02,excluded_source_missing,only U4 solved-position sample stream exists on disk,
X_A3_U3_P2_L5_I1_T2,position,A3,U3,P2,L5,I1,T2,S02,excluded_source_missing,only U4 solved-position sample stream exists on disk,
X_A3_U3_P2_L5_I1_T3,position,A3,U3,P2,L5,I1,T3,S02,excluded_source_missing,only U4 solved-position sample stream exists on disk,
X_A3_U3_P2_L5_I1_T4,position,A3,U3,P2,L5,I1,T4,S02,excluded_source_missing,only U4 solved-position sample stream exists on disk,
X_A3_U3_P2_L5_I1_T5,position,A3,U3,P2,L5,I1,T5,S02,excluded_source_missing,only U4 solved-position sample stream exists on disk,
X_A3_U3_P2_L5_I2_T1,position,A3,U3,P2,L5,I2,T1,S02,excluded_source_missing,only U4 solved-position sample stream exists on disk,
X_A3_U3_P2_L5_I2_T2,position,A3,U3,P2,L5,I2,T2,S02,excluded_source_missing,only U4 solved-position sample stream exists on disk,
X_A3_U3_P2_L5_I2_T3,position,A3,U3,P2,L5,I2,T3,S02,excluded_source_missing,only U4 solved-position sample stream exists on disk,
X_A3_U3_P2_L5_I2_T4,position,A3,U3,P2,L5,I2,T4,S02,excluded_source_missing,only U4 solved-position sample stream exists on disk,
X_A3_U3_P2_L5_I2_T5,position,A3,U3,P2,L5,I2,T5,S02,excluded_source_missing,only U4 solved-position sample stream exists on disk,
X_A3_U3_P2_L5_I3_T1,position,A3,U3,P2,L5,I3,T1,S02,excluded_source_missing,only U4 solved-position sample stream exists on disk,
X_A3_U3_P2_L5_I3_T2,position,A3,U3,P2,L5,I3,T2,S02,excluded_source_missing,only U4 solved-position sample stream exists on disk,
X_A3_U3_P2_L5_I3_T3,position,A3,U3,P2,L5,I3,T3,S02,excluded_source_missing,only U4 solved-position sample stream exists on disk,
X_A3_U3_P2_L5_I3_T4,position,A3,U3,P2,L5,I3,T4,S02,excluded_source_missing,only U4 solved-position sample stream exists on disk,
X_A3_U3_P2_L5_I3_T5,position,A3,U3,P2,L5,I3,T5,S02,excluded_source_missing,only U4 solved-position sample stream exists on disk,
X_A3_U3_P2_L5_I4_T1,position,A3,U3,P2,L5,I4,T1,S02,excluded_source_missing,only U4 solved-position sample stream exists on disk,
X_A3_U3_P2_L5_I4_T2,position,A3,U3,P2,L5,I4,T2,S02,excluded_source_missing,only U4 solved-position sample stream exists on disk,
X_A3_U3_P2_L5_I4_T3,position,A3,U3,P2,L5,I4,T3,S02,excluded_source_missing,only U4 solved-position sample stream exists on disk,
X_A3_U3_P2_L5_I4_T4,position,A3,U3,P2,L5,I4,T4,S02,excluded_source_missing,only U4 solved-position sample stream exists on disk,
X_A3_U3_P2_L5_I4_T5,position,A3,U3,P2,L5,I4,T5,S02,excluded_source_missing,only U4 solved-position sample stream exists on disk,
X_A3_U3_P2_L5_I5_T1,position,A3,U3,P2,L5,I5,T1,S02,excluded_source_missing,only U4 solved-position sample stream exists on disk,
X_A3_U3_P2_L5_I5_T2,position,A3,U3,P2,L5,I5,T2,S02,excluded_source_missing,only U4 solved-position sample stream exists on disk,
X_A3_U3_P2_L5_I5_T3,position,A3,U3,P2,L5,I5,T3,S02,excluded_source_missing,only U4 solved-position sample stream exists on disk,
X_A3_U3_P2_L5_I5_T4,position,A3,U3,P2,L5,I5,T4,S02,excluded_source_missing,only U4 solved-position sample stream exists on disk,
X_A3_U3_P2_L5_I5_T5,position,A3,U3,P2,L5,I5,T5,S02,excluded_source_missing,only U4 solved-position sample stream exists on disk,
X_A3_U3_P2_L5_I6_T1,position,A3,U3,P2,L5,I6,T1,S02,excluded_source_missing,only U4 solved-position sample stream exists on disk,
X_A3_U3_P2_L5_I6_T2,position,A3,U3,P2,L5,I6,T2,S02,excluded_source_missing,only U4 solved-position sample stream exists on disk,
X_A3_U3_P2_L5_I6_T3,position,A3,U3,P2,L5,I6,T3,S02,excluded_source_missing,only U4 solved-position sample stream exists on disk,
X_A3_U3_P2_L5_I6_T4,position,A3,U3,P2,L5,I6,T4,S02,excluded_source_missing,only U4 solved-position sample stream exists on disk,
X_A3_U3_P2_L5_I6_T5,position,A3,U3,P2,L5,I6,T5,S02,excluded_source_missing,only U4 solved-position sample stream exists on disk,
X_A3_U3_P2_L5_I7_T1,position,A3,U3,P2,L5,I7,T1,S02,excluded_source_missing,only U4 solved-position sample stream exists on disk,
X_A3_U3_P2_L5_I7_T2,position,A3,U3,P2,L5,I7,T2,S02,excluded_source_missing,only U4 solved-position sample stream exists on disk,
X_A3_U3_P2_L5_I7_T3,position,A3,U3,P2,L5,I7,T3,S02,excluded_source_missing,only U4 solved-position sample stream exists on disk,
X_A3_U3_P2_L5_I7_T4,position,A3,U3,P2,L5,I7,T4,S02,excluded_source_missing,only U4 solved-position sample stream exists on disk,
X_A3_U3_P2_L5_I7_T5,position,A3,U3,P2,L5,I7,T5,S02,excluded_source_missing,only U4 solved-position sample stream exists on disk,
X_A3_U3_P2_L5_I8_T1,position,A3,U3,P2,L5,I8,T1,S02,excluded_source_missing,only U4 solved-position sample stream exists on disk,
X_A3_U3_P2_L5_I8_T2,position,A3,U3,P2,L5,I8,T2,S02,excluded_source_missing,only U4 solved-position sample stream exists on disk,
X_A3_U3_P2_L5_I8_T3,position,A3,U3,P2,L5,I8,T3,S02,excluded_source_missing,only U4 solved-position sample stream exists on disk,
X_A3_U3_P2_L5_I8_T4,position,A3,U3,P2,L5,I8,T4,S02,excluded_source_missing,only U4 solved-position sample stream exists on disk,
X_A3_U3_P2_L5_I8_T5,position,A3,U3,P2,L5,I8,T5,S02,excluded_source_missing,only U4 solved-position sample stream exists on disk,
X_A3_U3_P3_L5_I0_T1,position,A3,U3,P3,L5,I0,T1,S02,excluded_source_missing,only U4 solved-position sample stream exists on disk,
X_A3_U3_P3_L5_I0_T2,position,A3,U3,P3,L5,I0,T2,S02,excluded_source_missing,only U4 solved-position sample stream exists on disk,
X_A3_U3_P3_L5_I0_T3,position,A3,U3,P3,L5,I0,T3,S02,excluded_source_missing,only U4 solved-position sample stream exists on disk,
X_A3_U3_P3_L5_I0_T4,position,A3,U3,P3,L5,I0,T4,S02,excluded_source_missing,only U4 solved-position sample stream exists on disk,
X_A3_U3_P3_L5_I0_T5,position,A3,U3,P3,L5,I0,T5,S02,excluded_source_missing,only U4 solved-position sample stream exists on disk,
X_A3_U3_P3_L5_I1_T1,position,A3,U3,P3,L5,I1,T1,S02,excluded_source_missing,only U4 solved-position sample stream exists on disk,
X_A3_U3_P3_L5_I1_T2,position,A3,U3,P3,L5,I1,T2,S02,excluded_source_missing,only U4 solved-position sample stream exists on disk,
X_A3_U3_P3_L5_I1_T3,position,A3,U3,P3,L5,I1,T3,S02,excluded_source_missing,only U4 solved-position sample stream exists on disk,
X_A3_U3_P3_L5_I1_T4,position,A3,U3,P3,L5,I1,T4,S02,excluded_source_missing,only U4 solved-position sample stream exists on disk,
X_A3_U3_P3_L5_I1_T5,position,A3,U3,P3,L5,I1,T5,S02,excluded_source_missing,only U4 solved-position sample stream exists on disk,
X_A3_U3_P3_L5_I2_T1,position,A3,U3,P3,L5,I2,T1,S02,excluded_source_missing,only U4 solved-position sample stream exists on disk,
X_A3_U3_P3_L5_I2_T2,position,A3,U3,P3,L5,I2,T2,S02,excluded_source_missing,only U4 solved-position sample stream exists on disk,
X_A3_U3_P3_L5_I2_T3,position,A3,U3,P3,L5,I2,T3,S02,excluded_source_missing,only U4 solved-position sample stream exists on disk,
X_A3_U3_P3_L5_I2_T4,position,A3,U3,P3,L5,I2,T4,S02,excluded_source_missing,only U4 solved-position sample stream exists on disk,
X_A3_U3_P3_L5_I2_T5,position,A3,U3,P3,L5,I2,T5,S02,excluded_source_missing,only U4 solved-position sample stream exists on disk,
X_A3_U3_P3_L5_I3_T1,position,A3,U3,P3,L5,I3,T1,S02,excluded_source_missing,only U4 solved-position sample stream exists on disk,
X_A3_U3_P3_L5_I3_T2,position,A3,U3,P3,L5,I3,T2,S02,excluded_source_missing,only U4 solved-position sample stream exists on disk,
X_A3_U3_P3_L5_I3_T3,position,A3,U3,P3,L5,I3,T3,S02,excluded_source_missing,only U4 solved-position sample stream exists on disk,
X_A3_U3_P3_L5_I3_T4,position,A3,U3,P3,L5,I3,T4,S02,excluded_source_missing,only U4 solved-position sample stream exists on disk,
X_A3_U3_P3_L5_I3_T5,position,A3,U3,P3,L5,I3,T5,S02,excluded_source_missing,only U4 solved-position sample stream exists on disk,
X_A3_U3_P3_L5_I4_T1,position,A3,U3,P3,L5,I4,T1,S02,excluded_source_missing,only U4 solved-position sample stream exists on disk,
X_A3_U3_P3_L5_I4_T2,position,A3,U3,P3,L5,I4,T2,S02,excluded_source_missing,only U4 solved-position sample stream exists on disk,
X_A3_U3_P3_L5_I4_T3,position,A3,U3,P3,L5,I4,T3,S02,excluded_source_missing,only U4 solved-position sample stream exists on disk,
X_A3_U3_P3_L5_I4_T4,position,A3,U3,P3,L5,I4,T4,S02,excluded_source_missing,only U4 solved-position sample stream exists on disk,
X_A3_U3_P3_L5_I4_T5,position,A3,U3,P3,L5,I4,T5,S02,excluded_source_missing,only U4 solved-position sample stream exists on disk,
X_A3_U3_P3_L5_I5_T1,position,A3,U3,P3,L5,I5,T1,S02,excluded_source_missing,only U4 solved-position sample stream exists on disk,
X_A3_U3_P3_L5_I5_T2,position,A3,U3,P3,L5,I5,T2,S02,excluded_source_missing,only U4 solved-position sample stream exists on disk,
X_A3_U3_P3_L5_I5_T3,position,A3,U3,P3,L5,I5,T3,S02,excluded_source_missing,only U4 solved-position sample stream exists on disk,
X_A3_U3_P3_L5_I5_T4,position,A3,U3,P3,L5,I5,T4,S02,excluded_source_missing,only U4 solved-position sample stream exists on disk,
X_A3_U3_P3_L5_I5_T5,position,A3,U3,P3,L5,I5,T5,S02,excluded_source_missing,only U4 solved-position sample stream exists on disk,
X_A3_U3_P3_L5_I6_T1,position,A3,U3,P3,L5,I6,T1,S02,excluded_source_missing,only U4 solved-position sample stream exists on disk,
X_A3_U3_P3_L5_I6_T2,position,A3,U3,P3,L5,I6,T2,S02,excluded_source_missing,only U4 solved-position sample stream exists on disk,
X_A3_U3_P3_L5_I6_T3,position,A3,U3,P3,L5,I6,T3,S02,excluded_source_missing,only U4 solved-position sample stream exists on disk,
X_A3_U3_P3_L5_I6_T4,position,A3,U3,P3,L5,I6,T4,S02,excluded_source_missing,only U4 solved-position sample stream exists on disk,
X_A3_U3_P3_L5_I6_T5,position,A3,U3,P3,L5,I6,T5,S02,excluded_source_missing,only U4 solved-position sample stream exists on disk,
X_A3_U3_P3_L5_I7_T1,position,A3,U3,P3,L5,I7,T1,S02,excluded_source_missing,only U4 solved-position sample stream exists on disk,
X_A3_U3_P3_L5_I7_T2,position,A3,U3,P3,L5,I7,T2,S02,excluded_source_missing,only U4 solved-position sample stream exists on disk,
X_A3_U3_P3_L5_I7_T3,position,A3,U3,P3,L5,I7,T3,S02,excluded_source_missing,only U4 solved-position sample stream exists on disk,
X_A3_U3_P3_L5_I7_T4,position,A3,U3,P3,L5,I7,T4,S02,excluded_source_missing,only U4 solved-position sample stream exists on disk,
X_A3_U3_P3_L5_I7_T5,position,A3,U3,P3,L5,I7,T5,S02,excluded_source_missing,only U4 solved-position sample stream exists on disk,
X_A3_U3_P3_L5_I8_T1,position,A3,U3,P3,L5,I8,T1,S02,excluded_source_missing,only U4 solved-position sample stream exists on disk,
X_A3_U3_P3_L5_I8_T2,position,A3,U3,P3,L5,I8,T2,S02,excluded_source_missing,only U4 solved-position sample stream exists on disk,
X_A3_U3_P3_L5_I8_T3,position,A3,U3,P3,L5,I8,T3,S02,excluded_source_missing,only U4 solved-position sample stream exists on disk,
X_A3_U3_P3_L5_I8_T4,position,A3,U3,P3,L5,I8,T4,S02,excluded_source_missing,only U4 solved-position sample stream exists on disk,
X_A3_U3_P3_L5_I8_T5,position,A3,U3,P3,L5,I8,T5,S02,excluded_source_missing,only U4 solved-position sample stream exists on disk,
X_A3_U3_P4_L5_I0_T1,position,A3,U3,P4,L5,I0,T1,S02,excluded_source_missing,only U4 solved-position sample stream exists on disk,
X_A3_U3_P4_L5_I0_T2,position,A3,U3,P4,L5,I0,T2,S02,excluded_source_missing,only U4 solved-position sample stream exists on disk,
X_A3_U3_P4_L5_I0_T3,position,A3,U3,P4,L5,I0,T3,S02,excluded_source_missing,only U4 solved-position sample stream exists on disk,
X_A3_U3_P4_L5_I0_T4,position,A3,U3,P4,L5,I0,T4,S02,excluded_source_missing,only U4 solved-position sample stream exists on disk,
X_A3_U3_P4_L5_I0_T5,position,A3,U3,P4,L5,I0,T5,S02,excluded_source_missing,only U4 solved-position sample stream exists on disk,
X_A3_U3_P4_L5_I1_T1,position,A3,U3,P4,L5,I1,T1,S02,excluded_source_missing,only U4 solved-position sample stream exists on disk,
X_A3_U3_P4_L5_I1_T2,position,A3,U3,P4,L5,I1,T2,S02,excluded_source_missing,only U4 solved-position sample stream exists on disk,
X_A3_U3_P4_L5_I1_T3,position,A3,U3,P4,L5,I1,T3,S02,excluded_source_missing,only U4 solved-position sample stream exists on disk,
X_A3_U3_P4_L5_I1_T4,position,A3,U3,P4,L5,I1,T4,S02,excluded_source_missing,only U4 solved-position sample stream exists on disk,
X_A3_U3_P4_L5_I1_T5,position,A3,U3,P4,L5,I1,T5,S02,excluded_source_missing,only U4 solved-position sample stream exists on disk,
X_A3_U3_P4_L5_I2_T1,position,A3,U3,P4,L5,I2,T1,S02,excluded_source_missing,only U4 solved-position sample stream exists on disk,
X_A3_U3_P4_L5_I2_T2,position,A3,U3,P4,L5,I2,T2,S02,excluded_source_missing,only U4 solved-position sample stream exists on disk,
X_A3_U3_P4_L5_I2_T3,position,A3,U3,P4,L5,I2,T3,S02,excluded_source_missing,only U4 solved-position sample stream exists on disk,
X_A3_U3_P4_L5_I2_T4,position,A3,U3,P4,L5,I2,T4,S02,excluded_source_missing,only U4 solved-position sample stream exists on disk,
X_A3_U3_P4_L5_I2_T5,position,A3,U3,P4,L5,I2,T5,S02,excluded_source_missing,only U4 solved-position sample stream exists on disk,
X_A3_U3_P4_L5_I3_T1,position,A3,U3,P4,L5,I3,T1,S02,excluded_source_missing,only U4 solved-position sample stream exists on disk,
X_A3_U3_P4_L5_I3_T2,position,A3,U3,P4,L5,I3,T2,S02,excluded_source_missing,only U4 solved-position sample stream exists on disk,
X_A3_U3_P4_L5_I3_T3,position,A3,U3,P4,L5,I3,T3,S02,excluded_source_missing,only U4 solved-position sample stream exists on disk,
X_A3_U3_P4_L5_I3_T4,position,A3,U3,P4,L5,I3,T4,S02,excluded_source_missing,only U4 solved-position sample stream exists on disk,
X_A3_U3_P4_L5_I3_T5,position,A3,U3,P4,L5,I3,T5,S02,excluded_source_missing,only U4 solved-position sample stream exists on disk,
X_A3_U3_P4_L5_I4_T1,position,A3,U3,P4,L5,I4,T1,S02,excluded_source_missing,only U4 solved-position sample stream exists on disk,
X_A3_U3_P4_L5_I4_T2,position,A3,U3,P4,L5,I4,T2,S02,excluded_source_missing,only U4 solved-position sample stream exists on disk,
X_A3_U3_P4_L5_I4_T3,position,A3,U3,P4,L5,I4,T3,S02,excluded_source_missing,only U4 solved-position sample stream exists on disk,
X_A3_U3_P4_L5_I4_T4,position,A3,U3,P4,L5,I4,T4,S02,excluded_source_missing,only U4 solved-position sample stream exists on disk,
X_A3_U3_P4_L5_I4_T5,position,A3,U3,P4,L5,I4,T5,S02,excluded_source_missing,only U4 solved-position sample stream exists on disk,
X_A3_U3_P4_L5_I5_T1,position,A3,U3,P4,L5,I5,T1,S02,excluded_source_missing,only U4 solved-position sample stream exists on disk,
X_A3_U3_P4_L5_I5_T2,position,A3,U3,P4,L5,I5,T2,S02,excluded_source_missing,only U4 solved-position sample stream exists on disk,
X_A3_U3_P4_L5_I5_T3,position,A3,U3,P4,L5,I5,T3,S02,excluded_source_missing,only U4 solved-position sample stream exists on disk,
X_A3_U3_P4_L5_I5_T4,position,A3,U3,P4,L5,I5,T4,S02,excluded_source_missing,only U4 solved-position sample stream exists on disk,
X_A3_U3_P4_L5_I5_T5,position,A3,U3,P4,L5,I5,T5,S02,excluded_source_missing,only U4 solved-position sample stream exists on disk,
X_A3_U3_P4_L5_I6_T1,position,A3,U3,P4,L5,I6,T1,S02,excluded_source_missing,only U4 solved-position sample stream exists on disk,
X_A3_U3_P4_L5_I6_T2,position,A3,U3,P4,L5,I6,T2,S02,excluded_source_missing,only U4 solved-position sample stream exists on disk,
X_A3_U3_P4_L5_I6_T3,position,A3,U3,P4,L5,I6,T3,S02,excluded_source_missing,only U4 solved-position sample stream exists on disk,
X_A3_U3_P4_L5_I6_T4,position,A3,U3,P4,L5,I6,T4,S02,excluded_source_missing,only U4 solved-position sample stream exists on disk,
X_A3_U3_P4_L5_I6_T5,position,A3,U3,P4,L5,I6,T5,S02,excluded_source_missing,only U4 solved-position sample stream exists on disk,
X_A3_U3_P4_L5_I7_T1,position,A3,U3,P4,L5,I7,T1,S02,excluded_source_missing,only U4 solved-position sample stream exists on disk,
X_A3_U3_P4_L5_I7_T2,position,A3,U3,P4,L5,I7,T2,S02,excluded_source_missing,only U4 solved-position sample stream exists on disk,
X_A3_U3_P4_L5_I7_T3,position,A3,U3,P4,L5,I7,T3,S02,excluded_source_missing,only U4 solved-position sample stream exists on disk,
X_A3_U3_P4_L5_I7_T4,position,A3,U3,P4,L5,I7,T4,S02,excluded_source_missing,only U4 solved-position sample stream exists on disk,
X_A3_U3_P4_L5_I7_T5,position,A3,U3,P4,L5,I7,T5,S02,excluded_source_missing,only U4 solved-position sample stream exists on disk,
X_A3_U3_P4_L5_I8_T1,position,A3,U3,P4,L5,I8,T1,S02,excluded_source_missing,only U4 solved-position sample stream exists on disk,
X_A3_U3_P4_L5_I8_T2,position,A3,U3,P4,L5,I8,T2,S02,excluded_source_missing,only U4 solved-position sample stream exists on disk,
X_A3_U3_P4_L5_I8_T3,position,A3,U3,P4,L5,I8,T3,S02,excluded_source_missing,only U4 solved-position sample stream exists on disk,
X_A3_U3_P4_L5_I8_T4,position,A3,U3,P4,L5,I8,T4,S02,excluded_source_missing,only U4 solved-position sample stream exists on disk,
X_A3_U3_P4_L5_I8_T5,position,A3,U3,P4,L5,I8,T5,S02,excluded_source_missing,only U4 solved-position sample stream exists on disk,
X_A3_U3_P5_L5_I0_T1,position,A3,U3,P5,L5,I0,T1,S02,excluded_source_missing,only U4 solved-position sample stream exists on disk,
X_A3_U3_P5_L5_I0_T2,position,A3,U3,P5,L5,I0,T2,S02,excluded_source_missing,only U4 solved-position sample stream exists on disk,
X_A3_U3_P5_L5_I0_T3,position,A3,U3,P5,L5,I0,T3,S02,excluded_source_missing,only U4 solved-position sample stream exists on disk,
X_A3_U3_P5_L5_I0_T4,position,A3,U3,P5,L5,I0,T4,S02,excluded_source_missing,only U4 solved-position sample stream exists on disk,
X_A3_U3_P5_L5_I0_T5,position,A3,U3,P5,L5,I0,T5,S02,excluded_source_missing,only U4 solved-position sample stream exists on disk,
X_A3_U3_P5_L5_I1_T1,position,A3,U3,P5,L5,I1,T1,S02,excluded_source_missing,only U4 solved-position sample stream exists on disk,
X_A3_U3_P5_L5_I1_T2,position,A3,U3,P5,L5,I1,T2,S02,excluded_source_missing,only U4 solved-position sample stream exists on disk,
X_A3_U3_P5_L5_I1_T3,position,A3,U3,P5,L5,I1,T3,S02,excluded_source_missing,only U4 solved-position sample stream exists on disk,
X_A3_U3_P5_L5_I1_T4,position,A3,U3,P5,L5,I1,T4,S02,excluded_source_missing,only U4 solved-position sample stream exists on disk,
X_A3_U3_P5_L5_I1_T5,position,A3,U3,P5,L5,I1,T5,S02,excluded_source_missing,only U4 solved-position sample stream exists on disk,
X_A3_U3_P5_L5_I2_T1,position,A3,U3,P5,L5,I2,T1,S02,excluded_source_missing,only U4 solved-position sample stream exists on disk,
X_A3_U3_P5_L5_I2_T2,position,A3,U3,P5,L5,I2,T2,S02,excluded_source_missing,only U4 solved-position sample stream exists on disk,
X_A3_U3_P5_L5_I2_T3,position,A3,U3,P5,L5,I2,T3,S02,excluded_source_missing,only U4 solved-position sample stream exists on disk,
X_A3_U3_P5_L5_I2_T4,position,A3,U3,P5,L5,I2,T4,S02,excluded_source_missing,only U4 solved-position sample stream exists on disk,
X_A3_U3_P5_L5_I2_T5,position,A3,U3,P5,L5,I2,T5,S02,excluded_source_missing,only U4 solved-position sample stream exists on disk,
X_A3_U3_P5_L5_I3_T1,position,A3,U3,P5,L5,I3,T1,S02,excluded_source_missing,only U4 solved-position sample stream exists on disk,
X_A3_U3_P5_L5_I3_T2,position,A3,U3,P5,L5,I3,T2,S02,excluded_source_missing,only U4 solved-position sample stream exists on disk,
X_A3_U3_P5_L5_I3_T3,position,A3,U3,P5,L5,I3,T3,S02,excluded_source_missing,only U4 solved-position sample stream exists on disk,
X_A3_U3_P5_L5_I3_T4,position,A3,U3,P5,L5,I3,T4,S02,excluded_source_missing,only U4 solved-position sample stream exists on disk,
X_A3_U3_P5_L5_I3_T5,position,A3,U3,P5,L5,I3,T5,S02,excluded_source_missing,only U4 solved-position sample stream exists on disk,
X_A3_U3_P5_L5_I4_T1,position,A3,U3,P5,L5,I4,T1,S02,excluded_source_missing,only U4 solved-position sample stream exists on disk,
X_A3_U3_P5_L5_I4_T2,position,A3,U3,P5,L5,I4,T2,S02,excluded_source_missing,only U4 solved-position sample stream exists on disk,
X_A3_U3_P5_L5_I4_T3,position,A3,U3,P5,L5,I4,T3,S02,excluded_source_missing,only U4 solved-position sample stream exists on disk,
X_A3_U3_P5_L5_I4_T4,position,A3,U3,P5,L5,I4,T4,S02,excluded_source_missing,only U4 solved-position sample stream exists on disk,
X_A3_U3_P5_L5_I4_T5,position,A3,U3,P5,L5,I4,T5,S02,excluded_source_missing,only U4 solved-position sample stream exists on disk,
X_A3_U3_P5_L5_I5_T1,position,A3,U3,P5,L5,I5,T1,S02,excluded_source_missing,only U4 solved-position sample stream exists on disk,
X_A3_U3_P5_L5_I5_T2,position,A3,U3,P5,L5,I5,T2,S02,excluded_source_missing,only U4 solved-position sample stream exists on disk,
X_A3_U3_P5_L5_I5_T3,position,A3,U3,P5,L5,I5,T3,S02,excluded_source_missing,only U4 solved-position sample stream exists on disk,
X_A3_U3_P5_L5_I5_T4,position,A3,U3,P5,L5,I5,T4,S02,excluded_source_missing,only U4 solved-position sample stream exists on disk,
X_A3_U3_P5_L5_I5_T5,position,A3,U3,P5,L5,I5,T5,S02,excluded_source_missing,only U4 solved-position sample stream exists on disk,
X_A3_U3_P5_L5_I6_T1,position,A3,U3,P5,L5,I6,T1,S02,excluded_source_missing,only U4 solved-position sample stream exists on disk,
X_A3_U3_P5_L5_I6_T2,position,A3,U3,P5,L5,I6,T2,S02,excluded_source_missing,only U4 solved-position sample stream exists on disk,
X_A3_U3_P5_L5_I6_T3,position,A3,U3,P5,L5,I6,T3,S02,excluded_source_missing,only U4 solved-position sample stream exists on disk,
X_A3_U3_P5_L5_I6_T4,position,A3,U3,P5,L5,I6,T4,S02,excluded_source_missing,only U4 solved-position sample stream exists on disk,
X_A3_U3_P5_L5_I6_T5,position,A3,U3,P5,L5,I6,T5,S02,excluded_source_missing,only U4 solved-position sample stream exists on disk,
X_A3_U3_P5_L5_I7_T1,position,A3,U3,P5,L5,I7,T1,S02,excluded_source_missing,only U4 solved-position sample stream exists on disk,
X_A3_U3_P5_L5_I7_T2,position,A3,U3,P5,L5,I7,T2,S02,excluded_source_missing,only U4 solved-position sample stream exists on disk,
X_A3_U3_P5_L5_I7_T3,position,A3,U3,P5,L5,I7,T3,S02,excluded_source_missing,only U4 solved-position sample stream exists on disk,
X_A3_U3_P5_L5_I7_T4,position,A3,U3,P5,L5,I7,T4,S02,excluded_source_missing,only U4 solved-position sample stream exists on disk,
X_A3_U3_P5_L5_I7_T5,position,A3,U3,P5,L5,I7,T5,S02,excluded_source_missing,only U4 solved-position sample stream exists on disk,
X_A3_U3_P5_L5_I8_T1,position,A3,U3,P5,L5,I8,T1,S02,excluded_source_missing,only U4 solved-position sample stream exists on disk,
X_A3_U3_P5_L5_I8_T2,position,A3,U3,P5,L5,I8,T2,S02,excluded_source_missing,only U4 solved-position sample stream exists on disk,
X_A3_U3_P5_L5_I8_T3,position,A3,U3,P5,L5,I8,T3,S02,excluded_source_missing,only U4 solved-position sample stream exists on disk,
X_A3_U3_P5_L5_I8_T4,position,A3,U3,P5,L5,I8,T4,S02,excluded_source_missing,only U4 solved-position sample stream exists on disk,
X_A3_U3_P5_L5_I8_T5,position,A3,U3,P5,L5,I8,T5,S02,excluded_source_missing,only U4 solved-position sample stream exists on disk,
X_A3_U4_P0_L5_I0_T1,position,A3,U4,P0,L5,I0,T1,S02,runnable,,
X_A3_U4_P0_L5_I0_T2,position,A3,U4,P0,L5,I0,T2,S02,runnable,,
X_A3_U4_P0_L5_I0_T3,position,A3,U4,P0,L5,I0,T3,S02,runnable,,
X_A3_U4_P0_L5_I0_T4,position,A3,U4,P0,L5,I0,T4,S02,runnable,,
X_A3_U4_P0_L5_I0_T5,position,A3,U4,P0,L5,I0,T5,S02,runnable,,
X_A3_U4_P0_L5_I1_T1,position,A3,U4,P0,L5,I1,T1,S02,runnable,,
X_A3_U4_P0_L5_I1_T2,position,A3,U4,P0,L5,I1,T2,S02,runnable,,
X_A3_U4_P0_L5_I1_T3,position,A3,U4,P0,L5,I1,T3,S02,runnable,,
X_A3_U4_P0_L5_I1_T4,position,A3,U4,P0,L5,I1,T4,S02,runnable,,
X_A3_U4_P0_L5_I1_T5,position,A3,U4,P0,L5,I1,T5,S02,runnable,,
X_A3_U4_P0_L5_I2_T1,position,A3,U4,P0,L5,I2,T1,S02,runnable,,
X_A3_U4_P0_L5_I2_T2,position,A3,U4,P0,L5,I2,T2,S02,runnable,,
X_A3_U4_P0_L5_I2_T3,position,A3,U4,P0,L5,I2,T3,S02,runnable,,
X_A3_U4_P0_L5_I2_T4,position,A3,U4,P0,L5,I2,T4,S02,runnable,,
X_A3_U4_P0_L5_I2_T5,position,A3,U4,P0,L5,I2,T5,S02,runnable,,
X_A3_U4_P0_L5_I3_T1,position,A3,U4,P0,L5,I3,T1,S02,runnable,,
X_A3_U4_P0_L5_I3_T2,position,A3,U4,P0,L5,I3,T2,S02,runnable,,
X_A3_U4_P0_L5_I3_T3,position,A3,U4,P0,L5,I3,T3,S02,runnable,,
X_A3_U4_P0_L5_I3_T4,position,A3,U4,P0,L5,I3,T4,S02,runnable,,
X_A3_U4_P0_L5_I3_T5,position,A3,U4,P0,L5,I3,T5,S02,runnable,,
X_A3_U4_P0_L5_I4_T1,position,A3,U4,P0,L5,I4,T1,S02,runnable,,
X_A3_U4_P0_L5_I4_T2,position,A3,U4,P0,L5,I4,T2,S02,runnable,,
X_A3_U4_P0_L5_I4_T3,position,A3,U4,P0,L5,I4,T3,S02,runnable,,
X_A3_U4_P0_L5_I4_T4,position,A3,U4,P0,L5,I4,T4,S02,runnable,,
X_A3_U4_P0_L5_I4_T5,position,A3,U4,P0,L5,I4,T5,S02,runnable,,
X_A3_U4_P0_L5_I5_T1,position,A3,U4,P0,L5,I5,T1,S02,runnable,,
X_A3_U4_P0_L5_I5_T2,position,A3,U4,P0,L5,I5,T2,S02,runnable,,
X_A3_U4_P0_L5_I5_T3,position,A3,U4,P0,L5,I5,T3,S02,runnable,,
X_A3_U4_P0_L5_I5_T4,position,A3,U4,P0,L5,I5,T4,S02,runnable,,
X_A3_U4_P0_L5_I5_T5,position,A3,U4,P0,L5,I5,T5,S02,runnable,,
X_A3_U4_P0_L5_I6_T1,position,A3,U4,P0,L5,I6,T1,S02,runnable,,
X_A3_U4_P0_L5_I6_T2,position,A3,U4,P0,L5,I6,T2,S02,runnable,,
X_A3_U4_P0_L5_I6_T3,position,A3,U4,P0,L5,I6,T3,S02,runnable,,
X_A3_U4_P0_L5_I6_T4,position,A3,U4,P0,L5,I6,T4,S02,runnable,,
X_A3_U4_P0_L5_I6_T5,position,A3,U4,P0,L5,I6,T5,S02,runnable,,
X_A3_U4_P0_L5_I7_T1,position,A3,U4,P0,L5,I7,T1,S02,runnable,,
X_A3_U4_P0_L5_I7_T2,position,A3,U4,P0,L5,I7,T2,S02,runnable,,
X_A3_U4_P0_L5_I7_T3,position,A3,U4,P0,L5,I7,T3,S02,runnable,,
X_A3_U4_P0_L5_I7_T4,position,A3,U4,P0,L5,I7,T4,S02,runnable,,
X_A3_U4_P0_L5_I7_T5,position,A3,U4,P0,L5,I7,T5,S02,runnable,,
X_A3_U4_P0_L5_I8_T1,position,A3,U4,P0,L5,I8,T1,S02,runnable,,
X_A3_U4_P0_L5_I8_T2,position,A3,U4,P0,L5,I8,T2,S02,runnable,,
X_A3_U4_P0_L5_I8_T3,position,A3,U4,P0,L5,I8,T3,S02,runnable,,
X_A3_U4_P0_L5_I8_T4,position,A3,U4,P0,L5,I8,T4,S02,runnable,,
X_A3_U4_P0_L5_I8_T5,position,A3,U4,P0,L5,I8,T5,S02,runnable,,
X_A3_U4_P1_L5_I0_T1,position,A3,U4,P1,L5,I0,T1,S02,runnable,,
X_A3_U4_P1_L5_I0_T2,position,A3,U4,P1,L5,I0,T2,S02,runnable,,
X_A3_U4_P1_L5_I0_T3,position,A3,U4,P1,L5,I0,T3,S02,runnable,,
X_A3_U4_P1_L5_I0_T4,position,A3,U4,P1,L5,I0,T4,S02,runnable,,
X_A3_U4_P1_L5_I0_T5,position,A3,U4,P1,L5,I0,T5,S02,runnable,,
X_A3_U4_P1_L5_I1_T1,position,A3,U4,P1,L5,I1,T1,S02,runnable,,
X_A3_U4_P1_L5_I1_T2,position,A3,U4,P1,L5,I1,T2,S02,runnable,,
X_A3_U4_P1_L5_I1_T3,position,A3,U4,P1,L5,I1,T3,S02,runnable,,
X_A3_U4_P1_L5_I1_T4,position,A3,U4,P1,L5,I1,T4,S02,runnable,,
X_A3_U4_P1_L5_I1_T5,position,A3,U4,P1,L5,I1,T5,S02,runnable,,
X_A3_U4_P1_L5_I2_T1,position,A3,U4,P1,L5,I2,T1,S02,runnable,,
X_A3_U4_P1_L5_I2_T2,position,A3,U4,P1,L5,I2,T2,S02,runnable,,
X_A3_U4_P1_L5_I2_T3,position,A3,U4,P1,L5,I2,T3,S02,runnable,,
X_A3_U4_P1_L5_I2_T4,position,A3,U4,P1,L5,I2,T4,S02,runnable,,
X_A3_U4_P1_L5_I2_T5,position,A3,U4,P1,L5,I2,T5,S02,runnable,,
X_A3_U4_P1_L5_I3_T1,position,A3,U4,P1,L5,I3,T1,S02,runnable,,
X_A3_U4_P1_L5_I3_T2,position,A3,U4,P1,L5,I3,T2,S02,runnable,,
X_A3_U4_P1_L5_I3_T3,position,A3,U4,P1,L5,I3,T3,S02,runnable,,
X_A3_U4_P1_L5_I3_T4,position,A3,U4,P1,L5,I3,T4,S02,runnable,,
X_A3_U4_P1_L5_I3_T5,position,A3,U4,P1,L5,I3,T5,S02,runnable,,
X_A3_U4_P1_L5_I4_T1,position,A3,U4,P1,L5,I4,T1,S02,runnable,,
X_A3_U4_P1_L5_I4_T2,position,A3,U4,P1,L5,I4,T2,S02,runnable,,
X_A3_U4_P1_L5_I4_T3,position,A3,U4,P1,L5,I4,T3,S02,runnable,,
X_A3_U4_P1_L5_I4_T4,position,A3,U4,P1,L5,I4,T4,S02,runnable,,
X_A3_U4_P1_L5_I4_T5,position,A3,U4,P1,L5,I4,T5,S02,runnable,,
X_A3_U4_P1_L5_I5_T1,position,A3,U4,P1,L5,I5,T1,S02,runnable,,
X_A3_U4_P1_L5_I5_T2,position,A3,U4,P1,L5,I5,T2,S02,runnable,,
X_A3_U4_P1_L5_I5_T3,position,A3,U4,P1,L5,I5,T3,S02,runnable,,
X_A3_U4_P1_L5_I5_T4,position,A3,U4,P1,L5,I5,T4,S02,runnable,,
X_A3_U4_P1_L5_I5_T5,position,A3,U4,P1,L5,I5,T5,S02,runnable,,
X_A3_U4_P1_L5_I6_T1,position,A3,U4,P1,L5,I6,T1,S02,runnable,,
X_A3_U4_P1_L5_I6_T2,position,A3,U4,P1,L5,I6,T2,S02,runnable,,
X_A3_U4_P1_L5_I6_T3,position,A3,U4,P1,L5,I6,T3,S02,runnable,,
X_A3_U4_P1_L5_I6_T4,position,A3,U4,P1,L5,I6,T4,S02,runnable,,
X_A3_U4_P1_L5_I6_T5,position,A3,U4,P1,L5,I6,T5,S02,runnable,,
X_A3_U4_P1_L5_I7_T1,position,A3,U4,P1,L5,I7,T1,S02,runnable,,
X_A3_U4_P1_L5_I7_T2,position,A3,U4,P1,L5,I7,T2,S02,runnable,,
X_A3_U4_P1_L5_I7_T3,position,A3,U4,P1,L5,I7,T3,S02,runnable,,
X_A3_U4_P1_L5_I7_T4,position,A3,U4,P1,L5,I7,T4,S02,runnable,,
X_A3_U4_P1_L5_I7_T5,position,A3,U4,P1,L5,I7,T5,S02,runnable,,
X_A3_U4_P1_L5_I8_T1,position,A3,U4,P1,L5,I8,T1,S02,runnable,,
X_A3_U4_P1_L5_I8_T2,position,A3,U4,P1,L5,I8,T2,S02,runnable,,
X_A3_U4_P1_L5_I8_T3,position,A3,U4,P1,L5,I8,T3,S02,runnable,,
X_A3_U4_P1_L5_I8_T4,position,A3,U4,P1,L5,I8,T4,S02,runnable,,
X_A3_U4_P1_L5_I8_T5,position,A3,U4,P1,L5,I8,T5,S02,runnable,,
X_A3_U4_P2_L5_I0_T1,position,A3,U4,P2,L5,I0,T1,S02,runnable,,
X_A3_U4_P2_L5_I0_T2,position,A3,U4,P2,L5,I0,T2,S02,runnable,,
X_A3_U4_P2_L5_I0_T3,position,A3,U4,P2,L5,I0,T3,S02,runnable,,
X_A3_U4_P2_L5_I0_T4,position,A3,U4,P2,L5,I0,T4,S02,runnable,,
X_A3_U4_P2_L5_I0_T5,position,A3,U4,P2,L5,I0,T5,S02,runnable,,
X_A3_U4_P2_L5_I1_T1,position,A3,U4,P2,L5,I1,T1,S02,runnable,,
X_A3_U4_P2_L5_I1_T2,position,A3,U4,P2,L5,I1,T2,S02,runnable,,
X_A3_U4_P2_L5_I1_T3,position,A3,U4,P2,L5,I1,T3,S02,runnable,,
X_A3_U4_P2_L5_I1_T4,position,A3,U4,P2,L5,I1,T4,S02,runnable,,
X_A3_U4_P2_L5_I1_T5,position,A3,U4,P2,L5,I1,T5,S02,runnable,,
X_A3_U4_P2_L5_I2_T1,position,A3,U4,P2,L5,I2,T1,S02,runnable,,
X_A3_U4_P2_L5_I2_T2,position,A3,U4,P2,L5,I2,T2,S02,runnable,,
X_A3_U4_P2_L5_I2_T3,position,A3,U4,P2,L5,I2,T3,S02,runnable,,
X_A3_U4_P2_L5_I2_T4,position,A3,U4,P2,L5,I2,T4,S02,runnable,,
X_A3_U4_P2_L5_I2_T5,position,A3,U4,P2,L5,I2,T5,S02,runnable,,
X_A3_U4_P2_L5_I3_T1,position,A3,U4,P2,L5,I3,T1,S02,runnable,,
X_A3_U4_P2_L5_I3_T2,position,A3,U4,P2,L5,I3,T2,S02,runnable,,
X_A3_U4_P2_L5_I3_T3,position,A3,U4,P2,L5,I3,T3,S02,runnable,,
X_A3_U4_P2_L5_I3_T4,position,A3,U4,P2,L5,I3,T4,S02,runnable,,
X_A3_U4_P2_L5_I3_T5,position,A3,U4,P2,L5,I3,T5,S02,runnable,,
X_A3_U4_P2_L5_I4_T1,position,A3,U4,P2,L5,I4,T1,S02,runnable,,
X_A3_U4_P2_L5_I4_T2,position,A3,U4,P2,L5,I4,T2,S02,runnable,,
X_A3_U4_P2_L5_I4_T3,position,A3,U4,P2,L5,I4,T3,S02,runnable,,
X_A3_U4_P2_L5_I4_T4,position,A3,U4,P2,L5,I4,T4,S02,runnable,,
X_A3_U4_P2_L5_I4_T5,position,A3,U4,P2,L5,I4,T5,S02,runnable,,
X_A3_U4_P2_L5_I5_T1,position,A3,U4,P2,L5,I5,T1,S02,runnable,,
X_A3_U4_P2_L5_I5_T2,position,A3,U4,P2,L5,I5,T2,S02,runnable,,
X_A3_U4_P2_L5_I5_T3,position,A3,U4,P2,L5,I5,T3,S02,runnable,,
X_A3_U4_P2_L5_I5_T4,position,A3,U4,P2,L5,I5,T4,S02,runnable,,
X_A3_U4_P2_L5_I5_T5,position,A3,U4,P2,L5,I5,T5,S02,runnable,,
X_A3_U4_P2_L5_I6_T1,position,A3,U4,P2,L5,I6,T1,S02,runnable,,
X_A3_U4_P2_L5_I6_T2,position,A3,U4,P2,L5,I6,T2,S02,runnable,,
X_A3_U4_P2_L5_I6_T3,position,A3,U4,P2,L5,I6,T3,S02,runnable,,
X_A3_U4_P2_L5_I6_T4,position,A3,U4,P2,L5,I6,T4,S02,runnable,,
X_A3_U4_P2_L5_I6_T5,position,A3,U4,P2,L5,I6,T5,S02,runnable,,
X_A3_U4_P2_L5_I7_T1,position,A3,U4,P2,L5,I7,T1,S02,runnable,,
X_A3_U4_P2_L5_I7_T2,position,A3,U4,P2,L5,I7,T2,S02,runnable,,
X_A3_U4_P2_L5_I7_T3,position,A3,U4,P2,L5,I7,T3,S02,runnable,,
X_A3_U4_P2_L5_I7_T4,position,A3,U4,P2,L5,I7,T4,S02,runnable,,
X_A3_U4_P2_L5_I7_T5,position,A3,U4,P2,L5,I7,T5,S02,runnable,,
X_A3_U4_P2_L5_I8_T1,position,A3,U4,P2,L5,I8,T1,S02,runnable,,
X_A3_U4_P2_L5_I8_T2,position,A3,U4,P2,L5,I8,T2,S02,runnable,,
X_A3_U4_P2_L5_I8_T3,position,A3,U4,P2,L5,I8,T3,S02,runnable,,
X_A3_U4_P2_L5_I8_T4,position,A3,U4,P2,L5,I8,T4,S02,runnable,,
X_A3_U4_P2_L5_I8_T5,position,A3,U4,P2,L5,I8,T5,S02,runnable,,
X_A3_U4_P3_L5_I0_T1,position,A3,U4,P3,L5,I0,T1,S02,runnable,,
X_A3_U4_P3_L5_I0_T2,position,A3,U4,P3,L5,I0,T2,S02,runnable,,
X_A3_U4_P3_L5_I0_T3,position,A3,U4,P3,L5,I0,T3,S02,runnable,,
X_A3_U4_P3_L5_I0_T4,position,A3,U4,P3,L5,I0,T4,S02,runnable,,
X_A3_U4_P3_L5_I0_T5,position,A3,U4,P3,L5,I0,T5,S02,runnable,,
X_A3_U4_P3_L5_I1_T1,position,A3,U4,P3,L5,I1,T1,S02,runnable,,
X_A3_U4_P3_L5_I1_T2,position,A3,U4,P3,L5,I1,T2,S02,runnable,,
X_A3_U4_P3_L5_I1_T3,position,A3,U4,P3,L5,I1,T3,S02,runnable,,
X_A3_U4_P3_L5_I1_T4,position,A3,U4,P3,L5,I1,T4,S02,runnable,,
X_A3_U4_P3_L5_I1_T5,position,A3,U4,P3,L5,I1,T5,S02,runnable,,
X_A3_U4_P3_L5_I2_T1,position,A3,U4,P3,L5,I2,T1,S02,runnable,,
X_A3_U4_P3_L5_I2_T2,position,A3,U4,P3,L5,I2,T2,S02,runnable,,
X_A3_U4_P3_L5_I2_T3,position,A3,U4,P3,L5,I2,T3,S02,runnable,,
X_A3_U4_P3_L5_I2_T4,position,A3,U4,P3,L5,I2,T4,S02,runnable,,
X_A3_U4_P3_L5_I2_T5,position,A3,U4,P3,L5,I2,T5,S02,runnable,,
X_A3_U4_P3_L5_I3_T1,position,A3,U4,P3,L5,I3,T1,S02,runnable,,
X_A3_U4_P3_L5_I3_T2,position,A3,U4,P3,L5,I3,T2,S02,runnable,,
X_A3_U4_P3_L5_I3_T3,position,A3,U4,P3,L5,I3,T3,S02,runnable,,
X_A3_U4_P3_L5_I3_T4,position,A3,U4,P3,L5,I3,T4,S02,runnable,,
X_A3_U4_P3_L5_I3_T5,position,A3,U4,P3,L5,I3,T5,S02,runnable,,
X_A3_U4_P3_L5_I4_T1,position,A3,U4,P3,L5,I4,T1,S02,runnable,,
X_A3_U4_P3_L5_I4_T2,position,A3,U4,P3,L5,I4,T2,S02,runnable,,
X_A3_U4_P3_L5_I4_T3,position,A3,U4,P3,L5,I4,T3,S02,runnable,,
X_A3_U4_P3_L5_I4_T4,position,A3,U4,P3,L5,I4,T4,S02,runnable,,
X_A3_U4_P3_L5_I4_T5,position,A3,U4,P3,L5,I4,T5,S02,runnable,,
X_A3_U4_P3_L5_I5_T1,position,A3,U4,P3,L5,I5,T1,S02,runnable,,
X_A3_U4_P3_L5_I5_T2,position,A3,U4,P3,L5,I5,T2,S02,runnable,,
X_A3_U4_P3_L5_I5_T3,position,A3,U4,P3,L5,I5,T3,S02,runnable,,
X_A3_U4_P3_L5_I5_T4,position,A3,U4,P3,L5,I5,T4,S02,runnable,,
X_A3_U4_P3_L5_I5_T5,position,A3,U4,P3,L5,I5,T5,S02,runnable,,
X_A3_U4_P3_L5_I6_T1,position,A3,U4,P3,L5,I6,T1,S02,runnable,,
X_A3_U4_P3_L5_I6_T2,position,A3,U4,P3,L5,I6,T2,S02,runnable,,
X_A3_U4_P3_L5_I6_T3,position,A3,U4,P3,L5,I6,T3,S02,runnable,,
X_A3_U4_P3_L5_I6_T4,position,A3,U4,P3,L5,I6,T4,S02,runnable,,
X_A3_U4_P3_L5_I6_T5,position,A3,U4,P3,L5,I6,T5,S02,runnable,,
X_A3_U4_P3_L5_I7_T1,position,A3,U4,P3,L5,I7,T1,S02,runnable,,
X_A3_U4_P3_L5_I7_T2,position,A3,U4,P3,L5,I7,T2,S02,runnable,,
X_A3_U4_P3_L5_I7_T3,position,A3,U4,P3,L5,I7,T3,S02,runnable,,
X_A3_U4_P3_L5_I7_T4,position,A3,U4,P3,L5,I7,T4,S02,runnable,,
X_A3_U4_P3_L5_I7_T5,position,A3,U4,P3,L5,I7,T5,S02,runnable,,
X_A3_U4_P3_L5_I8_T1,position,A3,U4,P3,L5,I8,T1,S02,runnable,,
X_A3_U4_P3_L5_I8_T2,position,A3,U4,P3,L5,I8,T2,S02,runnable,,
X_A3_U4_P3_L5_I8_T3,position,A3,U4,P3,L5,I8,T3,S02,runnable,,
X_A3_U4_P3_L5_I8_T4,position,A3,U4,P3,L5,I8,T4,S02,runnable,,
X_A3_U4_P3_L5_I8_T5,position,A3,U4,P3,L5,I8,T5,S02,runnable,,
X_A3_U4_P4_L5_I0_T1,position,A3,U4,P4,L5,I0,T1,S02,runnable,,
X_A3_U4_P4_L5_I0_T2,position,A3,U4,P4,L5,I0,T2,S02,runnable,,
X_A3_U4_P4_L5_I0_T3,position,A3,U4,P4,L5,I0,T3,S02,runnable,,
X_A3_U4_P4_L5_I0_T4,position,A3,U4,P4,L5,I0,T4,S02,runnable,,
X_A3_U4_P4_L5_I0_T5,position,A3,U4,P4,L5,I0,T5,S02,runnable,,
X_A3_U4_P4_L5_I1_T1,position,A3,U4,P4,L5,I1,T1,S02,runnable,,
X_A3_U4_P4_L5_I1_T2,position,A3,U4,P4,L5,I1,T2,S02,runnable,,
X_A3_U4_P4_L5_I1_T3,position,A3,U4,P4,L5,I1,T3,S02,runnable,,
X_A3_U4_P4_L5_I1_T4,position,A3,U4,P4,L5,I1,T4,S02,runnable,,
X_A3_U4_P4_L5_I1_T5,position,A3,U4,P4,L5,I1,T5,S02,runnable,,
X_A3_U4_P4_L5_I2_T1,position,A3,U4,P4,L5,I2,T1,S02,runnable,,
X_A3_U4_P4_L5_I2_T2,position,A3,U4,P4,L5,I2,T2,S02,runnable,,
X_A3_U4_P4_L5_I2_T3,position,A3,U4,P4,L5,I2,T3,S02,runnable,,
X_A3_U4_P4_L5_I2_T4,position,A3,U4,P4,L5,I2,T4,S02,runnable,,
X_A3_U4_P4_L5_I2_T5,position,A3,U4,P4,L5,I2,T5,S02,runnable,,
X_A3_U4_P4_L5_I3_T1,position,A3,U4,P4,L5,I3,T1,S02,runnable,,
X_A3_U4_P4_L5_I3_T2,position,A3,U4,P4,L5,I3,T2,S02,runnable,,
X_A3_U4_P4_L5_I3_T3,position,A3,U4,P4,L5,I3,T3,S02,runnable,,
X_A3_U4_P4_L5_I3_T4,position,A3,U4,P4,L5,I3,T4,S02,runnable,,
X_A3_U4_P4_L5_I3_T5,position,A3,U4,P4,L5,I3,T5,S02,runnable,,
X_A3_U4_P4_L5_I4_T1,position,A3,U4,P4,L5,I4,T1,S02,runnable,,
X_A3_U4_P4_L5_I4_T2,position,A3,U4,P4,L5,I4,T2,S02,runnable,,
X_A3_U4_P4_L5_I4_T3,position,A3,U4,P4,L5,I4,T3,S02,runnable,,
X_A3_U4_P4_L5_I4_T4,position,A3,U4,P4,L5,I4,T4,S02,runnable,,
X_A3_U4_P4_L5_I4_T5,position,A3,U4,P4,L5,I4,T5,S02,runnable,,
X_A3_U4_P4_L5_I5_T1,position,A3,U4,P4,L5,I5,T1,S02,runnable,,
X_A3_U4_P4_L5_I5_T2,position,A3,U4,P4,L5,I5,T2,S02,runnable,,
X_A3_U4_P4_L5_I5_T3,position,A3,U4,P4,L5,I5,T3,S02,runnable,,
X_A3_U4_P4_L5_I5_T4,position,A3,U4,P4,L5,I5,T4,S02,runnable,,
X_A3_U4_P4_L5_I5_T5,position,A3,U4,P4,L5,I5,T5,S02,runnable,,
X_A3_U4_P4_L5_I6_T1,position,A3,U4,P4,L5,I6,T1,S02,runnable,,
X_A3_U4_P4_L5_I6_T2,position,A3,U4,P4,L5,I6,T2,S02,runnable,,
X_A3_U4_P4_L5_I6_T3,position,A3,U4,P4,L5,I6,T3,S02,runnable,,
X_A3_U4_P4_L5_I6_T4,position,A3,U4,P4,L5,I6,T4,S02,runnable,,
X_A3_U4_P4_L5_I6_T5,position,A3,U4,P4,L5,I6,T5,S02,runnable,,
X_A3_U4_P4_L5_I7_T1,position,A3,U4,P4,L5,I7,T1,S02,runnable,,
X_A3_U4_P4_L5_I7_T2,position,A3,U4,P4,L5,I7,T2,S02,runnable,,
X_A3_U4_P4_L5_I7_T3,position,A3,U4,P4,L5,I7,T3,S02,runnable,,
X_A3_U4_P4_L5_I7_T4,position,A3,U4,P4,L5,I7,T4,S02,runnable,,
X_A3_U4_P4_L5_I7_T5,position,A3,U4,P4,L5,I7,T5,S02,runnable,,
X_A3_U4_P4_L5_I8_T1,position,A3,U4,P4,L5,I8,T1,S02,runnable,,
X_A3_U4_P4_L5_I8_T2,position,A3,U4,P4,L5,I8,T2,S02,runnable,,
X_A3_U4_P4_L5_I8_T3,position,A3,U4,P4,L5,I8,T3,S02,runnable,,
X_A3_U4_P4_L5_I8_T4,position,A3,U4,P4,L5,I8,T4,S02,runnable,,
X_A3_U4_P4_L5_I8_T5,position,A3,U4,P4,L5,I8,T5,S02,runnable,,
X_A3_U4_P5_L5_I0_T1,position,A3,U4,P5,L5,I0,T1,S02,runnable,,
X_A3_U4_P5_L5_I0_T2,position,A3,U4,P5,L5,I0,T2,S02,runnable,,
X_A3_U4_P5_L5_I0_T3,position,A3,U4,P5,L5,I0,T3,S02,runnable,,
X_A3_U4_P5_L5_I0_T4,position,A3,U4,P5,L5,I0,T4,S02,runnable,,
X_A3_U4_P5_L5_I0_T5,position,A3,U4,P5,L5,I0,T5,S02,runnable,,
X_A3_U4_P5_L5_I1_T1,position,A3,U4,P5,L5,I1,T1,S02,runnable,,
X_A3_U4_P5_L5_I1_T2,position,A3,U4,P5,L5,I1,T2,S02,runnable,,
X_A3_U4_P5_L5_I1_T3,position,A3,U4,P5,L5,I1,T3,S02,runnable,,
X_A3_U4_P5_L5_I1_T4,position,A3,U4,P5,L5,I1,T4,S02,runnable,,
X_A3_U4_P5_L5_I1_T5,position,A3,U4,P5,L5,I1,T5,S02,runnable,,
X_A3_U4_P5_L5_I2_T1,position,A3,U4,P5,L5,I2,T1,S02,runnable,,
X_A3_U4_P5_L5_I2_T2,position,A3,U4,P5,L5,I2,T2,S02,runnable,,
X_A3_U4_P5_L5_I2_T3,position,A3,U4,P5,L5,I2,T3,S02,runnable,,
X_A3_U4_P5_L5_I2_T4,position,A3,U4,P5,L5,I2,T4,S02,runnable,,
X_A3_U4_P5_L5_I2_T5,position,A3,U4,P5,L5,I2,T5,S02,runnable,,
X_A3_U4_P5_L5_I3_T1,position,A3,U4,P5,L5,I3,T1,S02,runnable,,
X_A3_U4_P5_L5_I3_T2,position,A3,U4,P5,L5,I3,T2,S02,runnable,,
X_A3_U4_P5_L5_I3_T3,position,A3,U4,P5,L5,I3,T3,S02,runnable,,
X_A3_U4_P5_L5_I3_T4,position,A3,U4,P5,L5,I3,T4,S02,runnable,,
X_A3_U4_P5_L5_I3_T5,position,A3,U4,P5,L5,I3,T5,S02,runnable,,
X_A3_U4_P5_L5_I4_T1,position,A3,U4,P5,L5,I4,T1,S02,runnable,,
X_A3_U4_P5_L5_I4_T2,position,A3,U4,P5,L5,I4,T2,S02,runnable,,
X_A3_U4_P5_L5_I4_T3,position,A3,U4,P5,L5,I4,T3,S02,runnable,,
X_A3_U4_P5_L5_I4_T4,position,A3,U4,P5,L5,I4,T4,S02,runnable,,
X_A3_U4_P5_L5_I4_T5,position,A3,U4,P5,L5,I4,T5,S02,runnable,,
X_A3_U4_P5_L5_I5_T1,position,A3,U4,P5,L5,I5,T1,S02,runnable,,
X_A3_U4_P5_L5_I5_T2,position,A3,U4,P5,L5,I5,T2,S02,runnable,,
X_A3_U4_P5_L5_I5_T3,position,A3,U4,P5,L5,I5,T3,S02,runnable,,
X_A3_U4_P5_L5_I5_T4,position,A3,U4,P5,L5,I5,T4,S02,runnable,,
X_A3_U4_P5_L5_I5_T5,position,A3,U4,P5,L5,I5,T5,S02,runnable,,
X_A3_U4_P5_L5_I6_T1,position,A3,U4,P5,L5,I6,T1,S02,runnable,,
X_A3_U4_P5_L5_I6_T2,position,A3,U4,P5,L5,I6,T2,S02,runnable,,
X_A3_U4_P5_L5_I6_T3,position,A3,U4,P5,L5,I6,T3,S02,runnable,,
X_A3_U4_P5_L5_I6_T4,position,A3,U4,P5,L5,I6,T4,S02,runnable,,
X_A3_U4_P5_L5_I6_T5,position,A3,U4,P5,L5,I6,T5,S02,runnable,,
X_A3_U4_P5_L5_I7_T1,position,A3,U4,P5,L5,I7,T1,S02,runnable,,
X_A3_U4_P5_L5_I7_T2,position,A3,U4,P5,L5,I7,T2,S02,runnable,,
X_A3_U4_P5_L5_I7_T3,position,A3,U4,P5,L5,I7,T3,S02,runnable,,
X_A3_U4_P5_L5_I7_T4,position,A3,U4,P5,L5,I7,T4,S02,runnable,,
X_A3_U4_P5_L5_I7_T5,position,A3,U4,P5,L5,I7,T5,S02,runnable,,
X_A3_U4_P5_L5_I8_T1,position,A3,U4,P5,L5,I8,T1,S02,runnable,,
X_A3_U4_P5_L5_I8_T2,position,A3,U4,P5,L5,I8,T2,S02,runnable,,
X_A3_U4_P5_L5_I8_T3,position,A3,U4,P5,L5,I8,T3,S02,runnable,,
X_A3_U4_P5_L5_I8_T4,position,A3,U4,P5,L5,I8,T4,S02,runnable,,
X_A3_U4_P5_L5_I8_T5,position,A3,U4,P5,L5,I8,T5,S02,runnable,,
X_A0_R0_L5_I0_T6,raw_range,A0,,,L5,I0,T6,S02,runnable,,R0
X_A0_R0_L5_I0_T7,raw_range,A0,,,L5,I0,T7,S02,runnable,,R0
X_A0_R0_L5_I0_T8,raw_range,A0,,,L5,I0,T8,S02,runnable,,R0
X_A0_R0_L5_I0_T9,raw_range,A0,,,L5,I0,T9,S02,runnable,,R0
X_A0_R0_L5_I0_T10,raw_range,A0,,,L5,I0,T10,S02,runnable,,R0
X_A0_R0_L5_I1_T6,raw_range,A0,,,L5,I1,T6,S02,runnable,,R0
X_A0_R0_L5_I1_T7,raw_range,A0,,,L5,I1,T7,S02,runnable,,R0
X_A0_R0_L5_I1_T8,raw_range,A0,,,L5,I1,T8,S02,runnable,,R0
X_A0_R0_L5_I1_T9,raw_range,A0,,,L5,I1,T9,S02,runnable,,R0
X_A0_R0_L5_I1_T10,raw_range,A0,,,L5,I1,T10,S02,runnable,,R0
X_A0_R0_L5_I2_T6,raw_range,A0,,,L5,I2,T6,S02,runnable,,R0
X_A0_R0_L5_I2_T7,raw_range,A0,,,L5,I2,T7,S02,runnable,,R0
X_A0_R0_L5_I2_T8,raw_range,A0,,,L5,I2,T8,S02,runnable,,R0
X_A0_R0_L5_I2_T9,raw_range,A0,,,L5,I2,T9,S02,runnable,,R0
X_A0_R0_L5_I2_T10,raw_range,A0,,,L5,I2,T10,S02,runnable,,R0
X_A0_R0_L5_I3_T6,raw_range,A0,,,L5,I3,T6,S02,runnable,,R0
X_A0_R0_L5_I3_T7,raw_range,A0,,,L5,I3,T7,S02,runnable,,R0
X_A0_R0_L5_I3_T8,raw_range,A0,,,L5,I3,T8,S02,runnable,,R0
X_A0_R0_L5_I3_T9,raw_range,A0,,,L5,I3,T9,S02,runnable,,R0
X_A0_R0_L5_I3_T10,raw_range,A0,,,L5,I3,T10,S02,runnable,,R0
X_A0_R0_L5_I4_T6,raw_range,A0,,,L5,I4,T6,S02,runnable,,R0
X_A0_R0_L5_I4_T7,raw_range,A0,,,L5,I4,T7,S02,runnable,,R0
X_A0_R0_L5_I4_T8,raw_range,A0,,,L5,I4,T8,S02,runnable,,R0
X_A0_R0_L5_I4_T9,raw_range,A0,,,L5,I4,T9,S02,runnable,,R0
X_A0_R0_L5_I4_T10,raw_range,A0,,,L5,I4,T10,S02,runnable,,R0
X_A0_R0_L5_I5_T6,raw_range,A0,,,L5,I5,T6,S02,runnable,,R0
X_A0_R0_L5_I5_T7,raw_range,A0,,,L5,I5,T7,S02,runnable,,R0
X_A0_R0_L5_I5_T8,raw_range,A0,,,L5,I5,T8,S02,runnable,,R0
X_A0_R0_L5_I5_T9,raw_range,A0,,,L5,I5,T9,S02,runnable,,R0
X_A0_R0_L5_I5_T10,raw_range,A0,,,L5,I5,T10,S02,runnable,,R0
X_A0_R0_L5_I6_T6,raw_range,A0,,,L5,I6,T6,S02,runnable,,R0
X_A0_R0_L5_I6_T7,raw_range,A0,,,L5,I6,T7,S02,runnable,,R0
X_A0_R0_L5_I6_T8,raw_range,A0,,,L5,I6,T8,S02,runnable,,R0
X_A0_R0_L5_I6_T9,raw_range,A0,,,L5,I6,T9,S02,runnable,,R0
X_A0_R0_L5_I6_T10,raw_range,A0,,,L5,I6,T10,S02,runnable,,R0
X_A0_R0_L5_I7_T6,raw_range,A0,,,L5,I7,T6,S02,runnable,,R0
X_A0_R0_L5_I7_T7,raw_range,A0,,,L5,I7,T7,S02,runnable,,R0
X_A0_R0_L5_I7_T8,raw_range,A0,,,L5,I7,T8,S02,runnable,,R0
X_A0_R0_L5_I7_T9,raw_range,A0,,,L5,I7,T9,S02,runnable,,R0
X_A0_R0_L5_I7_T10,raw_range,A0,,,L5,I7,T10,S02,runnable,,R0
X_A0_R0_L5_I8_T6,raw_range,A0,,,L5,I8,T6,S02,runnable,,R0
X_A0_R0_L5_I8_T7,raw_range,A0,,,L5,I8,T7,S02,runnable,,R0
X_A0_R0_L5_I8_T8,raw_range,A0,,,L5,I8,T8,S02,runnable,,R0
X_A0_R0_L5_I8_T9,raw_range,A0,,,L5,I8,T9,S02,runnable,,R0
X_A0_R0_L5_I8_T10,raw_range,A0,,,L5,I8,T10,S02,runnable,,R0
X_A0_R1_L5_I0_T6,raw_range,A0,,,L5,I0,T6,S02,runnable,,R1
X_A0_R1_L5_I0_T7,raw_range,A0,,,L5,I0,T7,S02,runnable,,R1
X_A0_R1_L5_I0_T8,raw_range,A0,,,L5,I0,T8,S02,runnable,,R1
X_A0_R1_L5_I0_T9,raw_range,A0,,,L5,I0,T9,S02,runnable,,R1
X_A0_R1_L5_I0_T10,raw_range,A0,,,L5,I0,T10,S02,runnable,,R1
X_A0_R1_L5_I1_T6,raw_range,A0,,,L5,I1,T6,S02,runnable,,R1
X_A0_R1_L5_I1_T7,raw_range,A0,,,L5,I1,T7,S02,runnable,,R1
X_A0_R1_L5_I1_T8,raw_range,A0,,,L5,I1,T8,S02,runnable,,R1
X_A0_R1_L5_I1_T9,raw_range,A0,,,L5,I1,T9,S02,runnable,,R1
X_A0_R1_L5_I1_T10,raw_range,A0,,,L5,I1,T10,S02,runnable,,R1
X_A0_R1_L5_I2_T6,raw_range,A0,,,L5,I2,T6,S02,runnable,,R1
X_A0_R1_L5_I2_T7,raw_range,A0,,,L5,I2,T7,S02,runnable,,R1
X_A0_R1_L5_I2_T8,raw_range,A0,,,L5,I2,T8,S02,runnable,,R1
X_A0_R1_L5_I2_T9,raw_range,A0,,,L5,I2,T9,S02,runnable,,R1
X_A0_R1_L5_I2_T10,raw_range,A0,,,L5,I2,T10,S02,runnable,,R1
X_A0_R1_L5_I3_T6,raw_range,A0,,,L5,I3,T6,S02,runnable,,R1
X_A0_R1_L5_I3_T7,raw_range,A0,,,L5,I3,T7,S02,runnable,,R1
X_A0_R1_L5_I3_T8,raw_range,A0,,,L5,I3,T8,S02,runnable,,R1
X_A0_R1_L5_I3_T9,raw_range,A0,,,L5,I3,T9,S02,runnable,,R1
X_A0_R1_L5_I3_T10,raw_range,A0,,,L5,I3,T10,S02,runnable,,R1
X_A0_R1_L5_I4_T6,raw_range,A0,,,L5,I4,T6,S02,runnable,,R1
X_A0_R1_L5_I4_T7,raw_range,A0,,,L5,I4,T7,S02,runnable,,R1
X_A0_R1_L5_I4_T8,raw_range,A0,,,L5,I4,T8,S02,runnable,,R1
X_A0_R1_L5_I4_T9,raw_range,A0,,,L5,I4,T9,S02,runnable,,R1
X_A0_R1_L5_I4_T10,raw_range,A0,,,L5,I4,T10,S02,runnable,,R1
X_A0_R1_L5_I5_T6,raw_range,A0,,,L5,I5,T6,S02,runnable,,R1
X_A0_R1_L5_I5_T7,raw_range,A0,,,L5,I5,T7,S02,runnable,,R1
X_A0_R1_L5_I5_T8,raw_range,A0,,,L5,I5,T8,S02,runnable,,R1
X_A0_R1_L5_I5_T9,raw_range,A0,,,L5,I5,T9,S02,runnable,,R1
X_A0_R1_L5_I5_T10,raw_range,A0,,,L5,I5,T10,S02,runnable,,R1
X_A0_R1_L5_I6_T6,raw_range,A0,,,L5,I6,T6,S02,runnable,,R1
X_A0_R1_L5_I6_T7,raw_range,A0,,,L5,I6,T7,S02,runnable,,R1
X_A0_R1_L5_I6_T8,raw_range,A0,,,L5,I6,T8,S02,runnable,,R1
X_A0_R1_L5_I6_T9,raw_range,A0,,,L5,I6,T9,S02,runnable,,R1
X_A0_R1_L5_I6_T10,raw_range,A0,,,L5,I6,T10,S02,runnable,,R1
X_A0_R1_L5_I7_T6,raw_range,A0,,,L5,I7,T6,S02,runnable,,R1
X_A0_R1_L5_I7_T7,raw_range,A0,,,L5,I7,T7,S02,runnable,,R1
X_A0_R1_L5_I7_T8,raw_range,A0,,,L5,I7,T8,S02,runnable,,R1
X_A0_R1_L5_I7_T9,raw_range,A0,,,L5,I7,T9,S02,runnable,,R1
X_A0_R1_L5_I7_T10,raw_range,A0,,,L5,I7,T10,S02,runnable,,R1
X_A0_R1_L5_I8_T6,raw_range,A0,,,L5,I8,T6,S02,runnable,,R1
X_A0_R1_L5_I8_T7,raw_range,A0,,,L5,I8,T7,S02,runnable,,R1
X_A0_R1_L5_I8_T8,raw_range,A0,,,L5,I8,T8,S02,runnable,,R1
X_A0_R1_L5_I8_T9,raw_range,A0,,,L5,I8,T9,S02,runnable,,R1
X_A0_R1_L5_I8_T10,raw_range,A0,,,L5,I8,T10,S02,runnable,,R1
X_A0_R2_L5_I0_T6,raw_range,A0,,,L5,I0,T6,S02,runnable,,R2
X_A0_R2_L5_I0_T7,raw_range,A0,,,L5,I0,T7,S02,runnable,,R2
X_A0_R2_L5_I0_T8,raw_range,A0,,,L5,I0,T8,S02,runnable,,R2
X_A0_R2_L5_I0_T9,raw_range,A0,,,L5,I0,T9,S02,runnable,,R2
X_A0_R2_L5_I0_T10,raw_range,A0,,,L5,I0,T10,S02,runnable,,R2
X_A0_R2_L5_I1_T6,raw_range,A0,,,L5,I1,T6,S02,runnable,,R2
X_A0_R2_L5_I1_T7,raw_range,A0,,,L5,I1,T7,S02,runnable,,R2
X_A0_R2_L5_I1_T8,raw_range,A0,,,L5,I1,T8,S02,runnable,,R2
X_A0_R2_L5_I1_T9,raw_range,A0,,,L5,I1,T9,S02,runnable,,R2
X_A0_R2_L5_I1_T10,raw_range,A0,,,L5,I1,T10,S02,runnable,,R2
X_A0_R2_L5_I2_T6,raw_range,A0,,,L5,I2,T6,S02,runnable,,R2
X_A0_R2_L5_I2_T7,raw_range,A0,,,L5,I2,T7,S02,runnable,,R2
X_A0_R2_L5_I2_T8,raw_range,A0,,,L5,I2,T8,S02,runnable,,R2
X_A0_R2_L5_I2_T9,raw_range,A0,,,L5,I2,T9,S02,runnable,,R2
X_A0_R2_L5_I2_T10,raw_range,A0,,,L5,I2,T10,S02,runnable,,R2
X_A0_R2_L5_I3_T6,raw_range,A0,,,L5,I3,T6,S02,runnable,,R2
X_A0_R2_L5_I3_T7,raw_range,A0,,,L5,I3,T7,S02,runnable,,R2
X_A0_R2_L5_I3_T8,raw_range,A0,,,L5,I3,T8,S02,runnable,,R2
X_A0_R2_L5_I3_T9,raw_range,A0,,,L5,I3,T9,S02,runnable,,R2
X_A0_R2_L5_I3_T10,raw_range,A0,,,L5,I3,T10,S02,runnable,,R2
X_A0_R2_L5_I4_T6,raw_range,A0,,,L5,I4,T6,S02,runnable,,R2
X_A0_R2_L5_I4_T7,raw_range,A0,,,L5,I4,T7,S02,runnable,,R2
X_A0_R2_L5_I4_T8,raw_range,A0,,,L5,I4,T8,S02,runnable,,R2
X_A0_R2_L5_I4_T9,raw_range,A0,,,L5,I4,T9,S02,runnable,,R2
X_A0_R2_L5_I4_T10,raw_range,A0,,,L5,I4,T10,S02,runnable,,R2
X_A0_R2_L5_I5_T6,raw_range,A0,,,L5,I5,T6,S02,runnable,,R2
X_A0_R2_L5_I5_T7,raw_range,A0,,,L5,I5,T7,S02,runnable,,R2
X_A0_R2_L5_I5_T8,raw_range,A0,,,L5,I5,T8,S02,runnable,,R2
X_A0_R2_L5_I5_T9,raw_range,A0,,,L5,I5,T9,S02,runnable,,R2
X_A0_R2_L5_I5_T10,raw_range,A0,,,L5,I5,T10,S02,runnable,,R2
X_A0_R2_L5_I6_T6,raw_range,A0,,,L5,I6,T6,S02,runnable,,R2
X_A0_R2_L5_I6_T7,raw_range,A0,,,L5,I6,T7,S02,runnable,,R2
X_A0_R2_L5_I6_T8,raw_range,A0,,,L5,I6,T8,S02,runnable,,R2
X_A0_R2_L5_I6_T9,raw_range,A0,,,L5,I6,T9,S02,runnable,,R2
X_A0_R2_L5_I6_T10,raw_range,A0,,,L5,I6,T10,S02,runnable,,R2
X_A0_R2_L5_I7_T6,raw_range,A0,,,L5,I7,T6,S02,runnable,,R2
X_A0_R2_L5_I7_T7,raw_range,A0,,,L5,I7,T7,S02,runnable,,R2
X_A0_R2_L5_I7_T8,raw_range,A0,,,L5,I7,T8,S02,runnable,,R2
X_A0_R2_L5_I7_T9,raw_range,A0,,,L5,I7,T9,S02,runnable,,R2
X_A0_R2_L5_I7_T10,raw_range,A0,,,L5,I7,T10,S02,runnable,,R2
X_A0_R2_L5_I8_T6,raw_range,A0,,,L5,I8,T6,S02,runnable,,R2
X_A0_R2_L5_I8_T7,raw_range,A0,,,L5,I8,T7,S02,runnable,,R2
X_A0_R2_L5_I8_T8,raw_range,A0,,,L5,I8,T8,S02,runnable,,R2
X_A0_R2_L5_I8_T9,raw_range,A0,,,L5,I8,T9,S02,runnable,,R2
X_A0_R2_L5_I8_T10,raw_range,A0,,,L5,I8,T10,S02,runnable,,R2
X_A0_R3_L5_I0_T6,raw_range,A0,,,L5,I0,T6,S02,runnable,,R3
X_A0_R3_L5_I0_T7,raw_range,A0,,,L5,I0,T7,S02,runnable,,R3
X_A0_R3_L5_I0_T8,raw_range,A0,,,L5,I0,T8,S02,runnable,,R3
X_A0_R3_L5_I0_T9,raw_range,A0,,,L5,I0,T9,S02,runnable,,R3
X_A0_R3_L5_I0_T10,raw_range,A0,,,L5,I0,T10,S02,runnable,,R3
X_A0_R3_L5_I1_T6,raw_range,A0,,,L5,I1,T6,S02,runnable,,R3
X_A0_R3_L5_I1_T7,raw_range,A0,,,L5,I1,T7,S02,runnable,,R3
X_A0_R3_L5_I1_T8,raw_range,A0,,,L5,I1,T8,S02,runnable,,R3
X_A0_R3_L5_I1_T9,raw_range,A0,,,L5,I1,T9,S02,runnable,,R3
X_A0_R3_L5_I1_T10,raw_range,A0,,,L5,I1,T10,S02,runnable,,R3
X_A0_R3_L5_I2_T6,raw_range,A0,,,L5,I2,T6,S02,runnable,,R3
X_A0_R3_L5_I2_T7,raw_range,A0,,,L5,I2,T7,S02,runnable,,R3
X_A0_R3_L5_I2_T8,raw_range,A0,,,L5,I2,T8,S02,runnable,,R3
X_A0_R3_L5_I2_T9,raw_range,A0,,,L5,I2,T9,S02,runnable,,R3
X_A0_R3_L5_I2_T10,raw_range,A0,,,L5,I2,T10,S02,runnable,,R3
X_A0_R3_L5_I3_T6,raw_range,A0,,,L5,I3,T6,S02,runnable,,R3
X_A0_R3_L5_I3_T7,raw_range,A0,,,L5,I3,T7,S02,runnable,,R3
X_A0_R3_L5_I3_T8,raw_range,A0,,,L5,I3,T8,S02,runnable,,R3
X_A0_R3_L5_I3_T9,raw_range,A0,,,L5,I3,T9,S02,runnable,,R3
X_A0_R3_L5_I3_T10,raw_range,A0,,,L5,I3,T10,S02,runnable,,R3
X_A0_R3_L5_I4_T6,raw_range,A0,,,L5,I4,T6,S02,runnable,,R3
X_A0_R3_L5_I4_T7,raw_range,A0,,,L5,I4,T7,S02,runnable,,R3
X_A0_R3_L5_I4_T8,raw_range,A0,,,L5,I4,T8,S02,runnable,,R3
X_A0_R3_L5_I4_T9,raw_range,A0,,,L5,I4,T9,S02,runnable,,R3
X_A0_R3_L5_I4_T10,raw_range,A0,,,L5,I4,T10,S02,runnable,,R3
X_A0_R3_L5_I5_T6,raw_range,A0,,,L5,I5,T6,S02,runnable,,R3
X_A0_R3_L5_I5_T7,raw_range,A0,,,L5,I5,T7,S02,runnable,,R3
X_A0_R3_L5_I5_T8,raw_range,A0,,,L5,I5,T8,S02,runnable,,R3
X_A0_R3_L5_I5_T9,raw_range,A0,,,L5,I5,T9,S02,runnable,,R3
X_A0_R3_L5_I5_T10,raw_range,A0,,,L5,I5,T10,S02,runnable,,R3
X_A0_R3_L5_I6_T6,raw_range,A0,,,L5,I6,T6,S02,runnable,,R3
X_A0_R3_L5_I6_T7,raw_range,A0,,,L5,I6,T7,S02,runnable,,R3
X_A0_R3_L5_I6_T8,raw_range,A0,,,L5,I6,T8,S02,runnable,,R3
X_A0_R3_L5_I6_T9,raw_range,A0,,,L5,I6,T9,S02,runnable,,R3
X_A0_R3_L5_I6_T10,raw_range,A0,,,L5,I6,T10,S02,runnable,,R3
X_A0_R3_L5_I7_T6,raw_range,A0,,,L5,I7,T6,S02,runnable,,R3
X_A0_R3_L5_I7_T7,raw_range,A0,,,L5,I7,T7,S02,runnable,,R3
X_A0_R3_L5_I7_T8,raw_range,A0,,,L5,I7,T8,S02,runnable,,R3
X_A0_R3_L5_I7_T9,raw_range,A0,,,L5,I7,T9,S02,runnable,,R3
X_A0_R3_L5_I7_T10,raw_range,A0,,,L5,I7,T10,S02,runnable,,R3
X_A0_R3_L5_I8_T6,raw_range,A0,,,L5,I8,T6,S02,runnable,,R3
X_A0_R3_L5_I8_T7,raw_range,A0,,,L5,I8,T7,S02,runnable,,R3
X_A0_R3_L5_I8_T8,raw_range,A0,,,L5,I8,T8,S02,runnable,,R3
X_A0_R3_L5_I8_T9,raw_range,A0,,,L5,I8,T9,S02,runnable,,R3
X_A0_R3_L5_I8_T10,raw_range,A0,,,L5,I8,T10,S02,runnable,,R3
X_A0_R4_L5_I0_T6,raw_range,A0,,,L5,I0,T6,S02,runnable,,R4
X_A0_R4_L5_I0_T7,raw_range,A0,,,L5,I0,T7,S02,runnable,,R4
X_A0_R4_L5_I0_T8,raw_range,A0,,,L5,I0,T8,S02,runnable,,R4
X_A0_R4_L5_I0_T9,raw_range,A0,,,L5,I0,T9,S02,runnable,,R4
X_A0_R4_L5_I0_T10,raw_range,A0,,,L5,I0,T10,S02,runnable,,R4
X_A0_R4_L5_I1_T6,raw_range,A0,,,L5,I1,T6,S02,runnable,,R4
X_A0_R4_L5_I1_T7,raw_range,A0,,,L5,I1,T7,S02,runnable,,R4
X_A0_R4_L5_I1_T8,raw_range,A0,,,L5,I1,T8,S02,runnable,,R4
X_A0_R4_L5_I1_T9,raw_range,A0,,,L5,I1,T9,S02,runnable,,R4
X_A0_R4_L5_I1_T10,raw_range,A0,,,L5,I1,T10,S02,runnable,,R4
X_A0_R4_L5_I2_T6,raw_range,A0,,,L5,I2,T6,S02,runnable,,R4
X_A0_R4_L5_I2_T7,raw_range,A0,,,L5,I2,T7,S02,runnable,,R4
X_A0_R4_L5_I2_T8,raw_range,A0,,,L5,I2,T8,S02,runnable,,R4
X_A0_R4_L5_I2_T9,raw_range,A0,,,L5,I2,T9,S02,runnable,,R4
X_A0_R4_L5_I2_T10,raw_range,A0,,,L5,I2,T10,S02,runnable,,R4
X_A0_R4_L5_I3_T6,raw_range,A0,,,L5,I3,T6,S02,runnable,,R4
X_A0_R4_L5_I3_T7,raw_range,A0,,,L5,I3,T7,S02,runnable,,R4
X_A0_R4_L5_I3_T8,raw_range,A0,,,L5,I3,T8,S02,runnable,,R4
X_A0_R4_L5_I3_T9,raw_range,A0,,,L5,I3,T9,S02,runnable,,R4
X_A0_R4_L5_I3_T10,raw_range,A0,,,L5,I3,T10,S02,runnable,,R4
X_A0_R4_L5_I4_T6,raw_range,A0,,,L5,I4,T6,S02,runnable,,R4
X_A0_R4_L5_I4_T7,raw_range,A0,,,L5,I4,T7,S02,runnable,,R4
X_A0_R4_L5_I4_T8,raw_range,A0,,,L5,I4,T8,S02,runnable,,R4
X_A0_R4_L5_I4_T9,raw_range,A0,,,L5,I4,T9,S02,runnable,,R4
X_A0_R4_L5_I4_T10,raw_range,A0,,,L5,I4,T10,S02,runnable,,R4
X_A0_R4_L5_I5_T6,raw_range,A0,,,L5,I5,T6,S02,runnable,,R4
X_A0_R4_L5_I5_T7,raw_range,A0,,,L5,I5,T7,S02,runnable,,R4
X_A0_R4_L5_I5_T8,raw_range,A0,,,L5,I5,T8,S02,runnable,,R4
X_A0_R4_L5_I5_T9,raw_range,A0,,,L5,I5,T9,S02,runnable,,R4
X_A0_R4_L5_I5_T10,raw_range,A0,,,L5,I5,T10,S02,runnable,,R4
X_A0_R4_L5_I6_T6,raw_range,A0,,,L5,I6,T6,S02,runnable,,R4
X_A0_R4_L5_I6_T7,raw_range,A0,,,L5,I6,T7,S02,runnable,,R4
X_A0_R4_L5_I6_T8,raw_range,A0,,,L5,I6,T8,S02,runnable,,R4
X_A0_R4_L5_I6_T9,raw_range,A0,,,L5,I6,T9,S02,runnable,,R4
X_A0_R4_L5_I6_T10,raw_range,A0,,,L5,I6,T10,S02,runnable,,R4
X_A0_R4_L5_I7_T6,raw_range,A0,,,L5,I7,T6,S02,runnable,,R4
X_A0_R4_L5_I7_T7,raw_range,A0,,,L5,I7,T7,S02,runnable,,R4
X_A0_R4_L5_I7_T8,raw_range,A0,,,L5,I7,T8,S02,runnable,,R4
X_A0_R4_L5_I7_T9,raw_range,A0,,,L5,I7,T9,S02,runnable,,R4
X_A0_R4_L5_I7_T10,raw_range,A0,,,L5,I7,T10,S02,runnable,,R4
X_A0_R4_L5_I8_T6,raw_range,A0,,,L5,I8,T6,S02,runnable,,R4
X_A0_R4_L5_I8_T7,raw_range,A0,,,L5,I8,T7,S02,runnable,,R4
X_A0_R4_L5_I8_T8,raw_range,A0,,,L5,I8,T8,S02,runnable,,R4
X_A0_R4_L5_I8_T9,raw_range,A0,,,L5,I8,T9,S02,runnable,,R4
X_A0_R4_L5_I8_T10,raw_range,A0,,,L5,I8,T10,S02,runnable,,R4
X_A1_R0_L5_I0_T6,raw_range,A1,,,L5,I0,T6,S02,excluded_source_missing,raw range path and anchor layout currently wired for A0 only,R0
X_A1_R0_L5_I0_T7,raw_range,A1,,,L5,I0,T7,S02,excluded_source_missing,raw range path and anchor layout currently wired for A0 only,R0
X_A1_R0_L5_I0_T8,raw_range,A1,,,L5,I0,T8,S02,excluded_source_missing,raw range path and anchor layout currently wired for A0 only,R0
X_A1_R0_L5_I0_T9,raw_range,A1,,,L5,I0,T9,S02,excluded_source_missing,raw range path and anchor layout currently wired for A0 only,R0
X_A1_R0_L5_I0_T10,raw_range,A1,,,L5,I0,T10,S02,excluded_source_missing,raw range path and anchor layout currently wired for A0 only,R0
X_A1_R0_L5_I1_T6,raw_range,A1,,,L5,I1,T6,S02,excluded_source_missing,raw range path and anchor layout currently wired for A0 only,R0
X_A1_R0_L5_I1_T7,raw_range,A1,,,L5,I1,T7,S02,excluded_source_missing,raw range path and anchor layout currently wired for A0 only,R0
X_A1_R0_L5_I1_T8,raw_range,A1,,,L5,I1,T8,S02,excluded_source_missing,raw range path and anchor layout currently wired for A0 only,R0
X_A1_R0_L5_I1_T9,raw_range,A1,,,L5,I1,T9,S02,excluded_source_missing,raw range path and anchor layout currently wired for A0 only,R0
X_A1_R0_L5_I1_T10,raw_range,A1,,,L5,I1,T10,S02,excluded_source_missing,raw range path and anchor layout currently wired for A0 only,R0
X_A1_R0_L5_I2_T6,raw_range,A1,,,L5,I2,T6,S02,excluded_source_missing,raw range path and anchor layout currently wired for A0 only,R0
X_A1_R0_L5_I2_T7,raw_range,A1,,,L5,I2,T7,S02,excluded_source_missing,raw range path and anchor layout currently wired for A0 only,R0
X_A1_R0_L5_I2_T8,raw_range,A1,,,L5,I2,T8,S02,excluded_source_missing,raw range path and anchor layout currently wired for A0 only,R0
X_A1_R0_L5_I2_T9,raw_range,A1,,,L5,I2,T9,S02,excluded_source_missing,raw range path and anchor layout currently wired for A0 only,R0
X_A1_R0_L5_I2_T10,raw_range,A1,,,L5,I2,T10,S02,excluded_source_missing,raw range path and anchor layout currently wired for A0 only,R0
X_A1_R0_L5_I3_T6,raw_range,A1,,,L5,I3,T6,S02,excluded_source_missing,raw range path and anchor layout currently wired for A0 only,R0
X_A1_R0_L5_I3_T7,raw_range,A1,,,L5,I3,T7,S02,excluded_source_missing,raw range path and anchor layout currently wired for A0 only,R0
X_A1_R0_L5_I3_T8,raw_range,A1,,,L5,I3,T8,S02,excluded_source_missing,raw range path and anchor layout currently wired for A0 only,R0
X_A1_R0_L5_I3_T9,raw_range,A1,,,L5,I3,T9,S02,excluded_source_missing,raw range path and anchor layout currently wired for A0 only,R0
X_A1_R0_L5_I3_T10,raw_range,A1,,,L5,I3,T10,S02,excluded_source_missing,raw range path and anchor layout currently wired for A0 only,R0
X_A1_R0_L5_I4_T6,raw_range,A1,,,L5,I4,T6,S02,excluded_source_missing,raw range path and anchor layout currently wired for A0 only,R0
X_A1_R0_L5_I4_T7,raw_range,A1,,,L5,I4,T7,S02,excluded_source_missing,raw range path and anchor layout currently wired for A0 only,R0
X_A1_R0_L5_I4_T8,raw_range,A1,,,L5,I4,T8,S02,excluded_source_missing,raw range path and anchor layout currently wired for A0 only,R0
X_A1_R0_L5_I4_T9,raw_range,A1,,,L5,I4,T9,S02,excluded_source_missing,raw range path and anchor layout currently wired for A0 only,R0
X_A1_R0_L5_I4_T10,raw_range,A1,,,L5,I4,T10,S02,excluded_source_missing,raw range path and anchor layout currently wired for A0 only,R0
X_A1_R0_L5_I5_T6,raw_range,A1,,,L5,I5,T6,S02,excluded_source_missing,raw range path and anchor layout currently wired for A0 only,R0
X_A1_R0_L5_I5_T7,raw_range,A1,,,L5,I5,T7,S02,excluded_source_missing,raw range path and anchor layout currently wired for A0 only,R0
X_A1_R0_L5_I5_T8,raw_range,A1,,,L5,I5,T8,S02,excluded_source_missing,raw range path and anchor layout currently wired for A0 only,R0
X_A1_R0_L5_I5_T9,raw_range,A1,,,L5,I5,T9,S02,excluded_source_missing,raw range path and anchor layout currently wired for A0 only,R0
X_A1_R0_L5_I5_T10,raw_range,A1,,,L5,I5,T10,S02,excluded_source_missing,raw range path and anchor layout currently wired for A0 only,R0
X_A1_R0_L5_I6_T6,raw_range,A1,,,L5,I6,T6,S02,excluded_source_missing,raw range path and anchor layout currently wired for A0 only,R0
X_A1_R0_L5_I6_T7,raw_range,A1,,,L5,I6,T7,S02,excluded_source_missing,raw range path and anchor layout currently wired for A0 only,R0
X_A1_R0_L5_I6_T8,raw_range,A1,,,L5,I6,T8,S02,excluded_source_missing,raw range path and anchor layout currently wired for A0 only,R0
X_A1_R0_L5_I6_T9,raw_range,A1,,,L5,I6,T9,S02,excluded_source_missing,raw range path and anchor layout currently wired for A0 only,R0
X_A1_R0_L5_I6_T10,raw_range,A1,,,L5,I6,T10,S02,excluded_source_missing,raw range path and anchor layout currently wired for A0 only,R0
X_A1_R0_L5_I7_T6,raw_range,A1,,,L5,I7,T6,S02,excluded_source_missing,raw range path and anchor layout currently wired for A0 only,R0
X_A1_R0_L5_I7_T7,raw_range,A1,,,L5,I7,T7,S02,excluded_source_missing,raw range path and anchor layout currently wired for A0 only,R0
X_A1_R0_L5_I7_T8,raw_range,A1,,,L5,I7,T8,S02,excluded_source_missing,raw range path and anchor layout currently wired for A0 only,R0
X_A1_R0_L5_I7_T9,raw_range,A1,,,L5,I7,T9,S02,excluded_source_missing,raw range path and anchor layout currently wired for A0 only,R0
X_A1_R0_L5_I7_T10,raw_range,A1,,,L5,I7,T10,S02,excluded_source_missing,raw range path and anchor layout currently wired for A0 only,R0
X_A1_R0_L5_I8_T6,raw_range,A1,,,L5,I8,T6,S02,excluded_source_missing,raw range path and anchor layout currently wired for A0 only,R0
X_A1_R0_L5_I8_T7,raw_range,A1,,,L5,I8,T7,S02,excluded_source_missing,raw range path and anchor layout currently wired for A0 only,R0
X_A1_R0_L5_I8_T8,raw_range,A1,,,L5,I8,T8,S02,excluded_source_missing,raw range path and anchor layout currently wired for A0 only,R0
X_A1_R0_L5_I8_T9,raw_range,A1,,,L5,I8,T9,S02,excluded_source_missing,raw range path and anchor layout currently wired for A0 only,R0
X_A1_R0_L5_I8_T10,raw_range,A1,,,L5,I8,T10,S02,excluded_source_missing,raw range path and anchor layout currently wired for A0 only,R0
X_A1_R1_L5_I0_T6,raw_range,A1,,,L5,I0,T6,S02,excluded_source_missing,raw range path and anchor layout currently wired for A0 only,R1
X_A1_R1_L5_I0_T7,raw_range,A1,,,L5,I0,T7,S02,excluded_source_missing,raw range path and anchor layout currently wired for A0 only,R1
X_A1_R1_L5_I0_T8,raw_range,A1,,,L5,I0,T8,S02,excluded_source_missing,raw range path and anchor layout currently wired for A0 only,R1
X_A1_R1_L5_I0_T9,raw_range,A1,,,L5,I0,T9,S02,excluded_source_missing,raw range path and anchor layout currently wired for A0 only,R1
X_A1_R1_L5_I0_T10,raw_range,A1,,,L5,I0,T10,S02,excluded_source_missing,raw range path and anchor layout currently wired for A0 only,R1
X_A1_R1_L5_I1_T6,raw_range,A1,,,L5,I1,T6,S02,excluded_source_missing,raw range path and anchor layout currently wired for A0 only,R1
X_A1_R1_L5_I1_T7,raw_range,A1,,,L5,I1,T7,S02,excluded_source_missing,raw range path and anchor layout currently wired for A0 only,R1
X_A1_R1_L5_I1_T8,raw_range,A1,,,L5,I1,T8,S02,excluded_source_missing,raw range path and anchor layout currently wired for A0 only,R1
X_A1_R1_L5_I1_T9,raw_range,A1,,,L5,I1,T9,S02,excluded_source_missing,raw range path and anchor layout currently wired for A0 only,R1
X_A1_R1_L5_I1_T10,raw_range,A1,,,L5,I1,T10,S02,excluded_source_missing,raw range path and anchor layout currently wired for A0 only,R1
X_A1_R1_L5_I2_T6,raw_range,A1,,,L5,I2,T6,S02,excluded_source_missing,raw range path and anchor layout currently wired for A0 only,R1
X_A1_R1_L5_I2_T7,raw_range,A1,,,L5,I2,T7,S02,excluded_source_missing,raw range path and anchor layout currently wired for A0 only,R1
X_A1_R1_L5_I2_T8,raw_range,A1,,,L5,I2,T8,S02,excluded_source_missing,raw range path and anchor layout currently wired for A0 only,R1
X_A1_R1_L5_I2_T9,raw_range,A1,,,L5,I2,T9,S02,excluded_source_missing,raw range path and anchor layout currently wired for A0 only,R1
X_A1_R1_L5_I2_T10,raw_range,A1,,,L5,I2,T10,S02,excluded_source_missing,raw range path and anchor layout currently wired for A0 only,R1
X_A1_R1_L5_I3_T6,raw_range,A1,,,L5,I3,T6,S02,excluded_source_missing,raw range path and anchor layout currently wired for A0 only,R1
X_A1_R1_L5_I3_T7,raw_range,A1,,,L5,I3,T7,S02,excluded_source_missing,raw range path and anchor layout currently wired for A0 only,R1
X_A1_R1_L5_I3_T8,raw_range,A1,,,L5,I3,T8,S02,excluded_source_missing,raw range path and anchor layout currently wired for A0 only,R1
X_A1_R1_L5_I3_T9,raw_range,A1,,,L5,I3,T9,S02,excluded_source_missing,raw range path and anchor layout currently wired for A0 only,R1
X_A1_R1_L5_I3_T10,raw_range,A1,,,L5,I3,T10,S02,excluded_source_missing,raw range path and anchor layout currently wired for A0 only,R1
X_A1_R1_L5_I4_T6,raw_range,A1,,,L5,I4,T6,S02,excluded_source_missing,raw range path and anchor layout currently wired for A0 only,R1
X_A1_R1_L5_I4_T7,raw_range,A1,,,L5,I4,T7,S02,excluded_source_missing,raw range path and anchor layout currently wired for A0 only,R1
X_A1_R1_L5_I4_T8,raw_range,A1,,,L5,I4,T8,S02,excluded_source_missing,raw range path and anchor layout currently wired for A0 only,R1
X_A1_R1_L5_I4_T9,raw_range,A1,,,L5,I4,T9,S02,excluded_source_missing,raw range path and anchor layout currently wired for A0 only,R1
X_A1_R1_L5_I4_T10,raw_range,A1,,,L5,I4,T10,S02,excluded_source_missing,raw range path and anchor layout currently wired for A0 only,R1
X_A1_R1_L5_I5_T6,raw_range,A1,,,L5,I5,T6,S02,excluded_source_missing,raw range path and anchor layout currently wired for A0 only,R1
X_A1_R1_L5_I5_T7,raw_range,A1,,,L5,I5,T7,S02,excluded_source_missing,raw range path and anchor layout currently wired for A0 only,R1
X_A1_R1_L5_I5_T8,raw_range,A1,,,L5,I5,T8,S02,excluded_source_missing,raw range path and anchor layout currently wired for A0 only,R1
X_A1_R1_L5_I5_T9,raw_range,A1,,,L5,I5,T9,S02,excluded_source_missing,raw range path and anchor layout currently wired for A0 only,R1
X_A1_R1_L5_I5_T10,raw_range,A1,,,L5,I5,T10,S02,excluded_source_missing,raw range path and anchor layout currently wired for A0 only,R1
X_A1_R1_L5_I6_T6,raw_range,A1,,,L5,I6,T6,S02,excluded_source_missing,raw range path and anchor layout currently wired for A0 only,R1
X_A1_R1_L5_I6_T7,raw_range,A1,,,L5,I6,T7,S02,excluded_source_missing,raw range path and anchor layout currently wired for A0 only,R1
X_A1_R1_L5_I6_T8,raw_range,A1,,,L5,I6,T8,S02,excluded_source_missing,raw range path and anchor layout currently wired for A0 only,R1
X_A1_R1_L5_I6_T9,raw_range,A1,,,L5,I6,T9,S02,excluded_source_missing,raw range path and anchor layout currently wired for A0 only,R1
X_A1_R1_L5_I6_T10,raw_range,A1,,,L5,I6,T10,S02,excluded_source_missing,raw range path and anchor layout currently wired for A0 only,R1
X_A1_R1_L5_I7_T6,raw_range,A1,,,L5,I7,T6,S02,excluded_source_missing,raw range path and anchor layout currently wired for A0 only,R1
X_A1_R1_L5_I7_T7,raw_range,A1,,,L5,I7,T7,S02,excluded_source_missing,raw range path and anchor layout currently wired for A0 only,R1
X_A1_R1_L5_I7_T8,raw_range,A1,,,L5,I7,T8,S02,excluded_source_missing,raw range path and anchor layout currently wired for A0 only,R1
X_A1_R1_L5_I7_T9,raw_range,A1,,,L5,I7,T9,S02,excluded_source_missing,raw range path and anchor layout currently wired for A0 only,R1
X_A1_R1_L5_I7_T10,raw_range,A1,,,L5,I7,T10,S02,excluded_source_missing,raw range path and anchor layout currently wired for A0 only,R1
X_A1_R1_L5_I8_T6,raw_range,A1,,,L5,I8,T6,S02,excluded_source_missing,raw range path and anchor layout currently wired for A0 only,R1
X_A1_R1_L5_I8_T7,raw_range,A1,,,L5,I8,T7,S02,excluded_source_missing,raw range path and anchor layout currently wired for A0 only,R1
X_A1_R1_L5_I8_T8,raw_range,A1,,,L5,I8,T8,S02,excluded_source_missing,raw range path and anchor layout currently wired for A0 only,R1
X_A1_R1_L5_I8_T9,raw_range,A1,,,L5,I8,T9,S02,excluded_source_missing,raw range path and anchor layout currently wired for A0 only,R1
X_A1_R1_L5_I8_T10,raw_range,A1,,,L5,I8,T10,S02,excluded_source_missing,raw range path and anchor layout currently wired for A0 only,R1
X_A1_R2_L5_I0_T6,raw_range,A1,,,L5,I0,T6,S02,excluded_source_missing,raw range path and anchor layout currently wired for A0 only,R2
X_A1_R2_L5_I0_T7,raw_range,A1,,,L5,I0,T7,S02,excluded_source_missing,raw range path and anchor layout currently wired for A0 only,R2
X_A1_R2_L5_I0_T8,raw_range,A1,,,L5,I0,T8,S02,excluded_source_missing,raw range path and anchor layout currently wired for A0 only,R2
X_A1_R2_L5_I0_T9,raw_range,A1,,,L5,I0,T9,S02,excluded_source_missing,raw range path and anchor layout currently wired for A0 only,R2
X_A1_R2_L5_I0_T10,raw_range,A1,,,L5,I0,T10,S02,excluded_source_missing,raw range path and anchor layout currently wired for A0 only,R2
X_A1_R2_L5_I1_T6,raw_range,A1,,,L5,I1,T6,S02,excluded_source_missing,raw range path and anchor layout currently wired for A0 only,R2
X_A1_R2_L5_I1_T7,raw_range,A1,,,L5,I1,T7,S02,excluded_source_missing,raw range path and anchor layout currently wired for A0 only,R2
X_A1_R2_L5_I1_T8,raw_range,A1,,,L5,I1,T8,S02,excluded_source_missing,raw range path and anchor layout currently wired for A0 only,R2
X_A1_R2_L5_I1_T9,raw_range,A1,,,L5,I1,T9,S02,excluded_source_missing,raw range path and anchor layout currently wired for A0 only,R2
X_A1_R2_L5_I1_T10,raw_range,A1,,,L5,I1,T10,S02,excluded_source_missing,raw range path and anchor layout currently wired for A0 only,R2
X_A1_R2_L5_I2_T6,raw_range,A1,,,L5,I2,T6,S02,excluded_source_missing,raw range path and anchor layout currently wired for A0 only,R2
X_A1_R2_L5_I2_T7,raw_range,A1,,,L5,I2,T7,S02,excluded_source_missing,raw range path and anchor layout currently wired for A0 only,R2
X_A1_R2_L5_I2_T8,raw_range,A1,,,L5,I2,T8,S02,excluded_source_missing,raw range path and anchor layout currently wired for A0 only,R2
X_A1_R2_L5_I2_T9,raw_range,A1,,,L5,I2,T9,S02,excluded_source_missing,raw range path and anchor layout currently wired for A0 only,R2
X_A1_R2_L5_I2_T10,raw_range,A1,,,L5,I2,T10,S02,excluded_source_missing,raw range path and anchor layout currently wired for A0 only,R2
X_A1_R2_L5_I3_T6,raw_range,A1,,,L5,I3,T6,S02,excluded_source_missing,raw range path and anchor layout currently wired for A0 only,R2
X_A1_R2_L5_I3_T7,raw_range,A1,,,L5,I3,T7,S02,excluded_source_missing,raw range path and anchor layout currently wired for A0 only,R2
X_A1_R2_L5_I3_T8,raw_range,A1,,,L5,I3,T8,S02,excluded_source_missing,raw range path and anchor layout currently wired for A0 only,R2
X_A1_R2_L5_I3_T9,raw_range,A1,,,L5,I3,T9,S02,excluded_source_missing,raw range path and anchor layout currently wired for A0 only,R2
X_A1_R2_L5_I3_T10,raw_range,A1,,,L5,I3,T10,S02,excluded_source_missing,raw range path and anchor layout currently wired for A0 only,R2
X_A1_R2_L5_I4_T6,raw_range,A1,,,L5,I4,T6,S02,excluded_source_missing,raw range path and anchor layout currently wired for A0 only,R2
X_A1_R2_L5_I4_T7,raw_range,A1,,,L5,I4,T7,S02,excluded_source_missing,raw range path and anchor layout currently wired for A0 only,R2
X_A1_R2_L5_I4_T8,raw_range,A1,,,L5,I4,T8,S02,excluded_source_missing,raw range path and anchor layout currently wired for A0 only,R2
X_A1_R2_L5_I4_T9,raw_range,A1,,,L5,I4,T9,S02,excluded_source_missing,raw range path and anchor layout currently wired for A0 only,R2
X_A1_R2_L5_I4_T10,raw_range,A1,,,L5,I4,T10,S02,excluded_source_missing,raw range path and anchor layout currently wired for A0 only,R2
X_A1_R2_L5_I5_T6,raw_range,A1,,,L5,I5,T6,S02,excluded_source_missing,raw range path and anchor layout currently wired for A0 only,R2
X_A1_R2_L5_I5_T7,raw_range,A1,,,L5,I5,T7,S02,excluded_source_missing,raw range path and anchor layout currently wired for A0 only,R2
X_A1_R2_L5_I5_T8,raw_range,A1,,,L5,I5,T8,S02,excluded_source_missing,raw range path and anchor layout currently wired for A0 only,R2
X_A1_R2_L5_I5_T9,raw_range,A1,,,L5,I5,T9,S02,excluded_source_missing,raw range path and anchor layout currently wired for A0 only,R2
X_A1_R2_L5_I5_T10,raw_range,A1,,,L5,I5,T10,S02,excluded_source_missing,raw range path and anchor layout currently wired for A0 only,R2
X_A1_R2_L5_I6_T6,raw_range,A1,,,L5,I6,T6,S02,excluded_source_missing,raw range path and anchor layout currently wired for A0 only,R2
X_A1_R2_L5_I6_T7,raw_range,A1,,,L5,I6,T7,S02,excluded_source_missing,raw range path and anchor layout currently wired for A0 only,R2
X_A1_R2_L5_I6_T8,raw_range,A1,,,L5,I6,T8,S02,excluded_source_missing,raw range path and anchor layout currently wired for A0 only,R2
X_A1_R2_L5_I6_T9,raw_range,A1,,,L5,I6,T9,S02,excluded_source_missing,raw range path and anchor layout currently wired for A0 only,R2
X_A1_R2_L5_I6_T10,raw_range,A1,,,L5,I6,T10,S02,excluded_source_missing,raw range path and anchor layout currently wired for A0 only,R2
X_A1_R2_L5_I7_T6,raw_range,A1,,,L5,I7,T6,S02,excluded_source_missing,raw range path and anchor layout currently wired for A0 only,R2
X_A1_R2_L5_I7_T7,raw_range,A1,,,L5,I7,T7,S02,excluded_source_missing,raw range path and anchor layout currently wired for A0 only,R2
X_A1_R2_L5_I7_T8,raw_range,A1,,,L5,I7,T8,S02,excluded_source_missing,raw range path and anchor layout currently wired for A0 only,R2
X_A1_R2_L5_I7_T9,raw_range,A1,,,L5,I7,T9,S02,excluded_source_missing,raw range path and anchor layout currently wired for A0 only,R2
X_A1_R2_L5_I7_T10,raw_range,A1,,,L5,I7,T10,S02,excluded_source_missing,raw range path and anchor layout currently wired for A0 only,R2
X_A1_R2_L5_I8_T6,raw_range,A1,,,L5,I8,T6,S02,excluded_source_missing,raw range path and anchor layout currently wired for A0 only,R2
X_A1_R2_L5_I8_T7,raw_range,A1,,,L5,I8,T7,S02,excluded_source_missing,raw range path and anchor layout currently wired for A0 only,R2
X_A1_R2_L5_I8_T8,raw_range,A1,,,L5,I8,T8,S02,excluded_source_missing,raw range path and anchor layout currently wired for A0 only,R2
X_A1_R2_L5_I8_T9,raw_range,A1,,,L5,I8,T9,S02,excluded_source_missing,raw range path and anchor layout currently wired for A0 only,R2
X_A1_R2_L5_I8_T10,raw_range,A1,,,L5,I8,T10,S02,excluded_source_missing,raw range path and anchor layout currently wired for A0 only,R2
X_A1_R3_L5_I0_T6,raw_range,A1,,,L5,I0,T6,S02,excluded_source_missing,raw range path and anchor layout currently wired for A0 only,R3
X_A1_R3_L5_I0_T7,raw_range,A1,,,L5,I0,T7,S02,excluded_source_missing,raw range path and anchor layout currently wired for A0 only,R3
X_A1_R3_L5_I0_T8,raw_range,A1,,,L5,I0,T8,S02,excluded_source_missing,raw range path and anchor layout currently wired for A0 only,R3
X_A1_R3_L5_I0_T9,raw_range,A1,,,L5,I0,T9,S02,excluded_source_missing,raw range path and anchor layout currently wired for A0 only,R3
X_A1_R3_L5_I0_T10,raw_range,A1,,,L5,I0,T10,S02,excluded_source_missing,raw range path and anchor layout currently wired for A0 only,R3
X_A1_R3_L5_I1_T6,raw_range,A1,,,L5,I1,T6,S02,excluded_source_missing,raw range path and anchor layout currently wired for A0 only,R3
X_A1_R3_L5_I1_T7,raw_range,A1,,,L5,I1,T7,S02,excluded_source_missing,raw range path and anchor layout currently wired for A0 only,R3
X_A1_R3_L5_I1_T8,raw_range,A1,,,L5,I1,T8,S02,excluded_source_missing,raw range path and anchor layout currently wired for A0 only,R3
X_A1_R3_L5_I1_T9,raw_range,A1,,,L5,I1,T9,S02,excluded_source_missing,raw range path and anchor layout currently wired for A0 only,R3
X_A1_R3_L5_I1_T10,raw_range,A1,,,L5,I1,T10,S02,excluded_source_missing,raw range path and anchor layout currently wired for A0 only,R3
X_A1_R3_L5_I2_T6,raw_range,A1,,,L5,I2,T6,S02,excluded_source_missing,raw range path and anchor layout currently wired for A0 only,R3
X_A1_R3_L5_I2_T7,raw_range,A1,,,L5,I2,T7,S02,excluded_source_missing,raw range path and anchor layout currently wired for A0 only,R3
X_A1_R3_L5_I2_T8,raw_range,A1,,,L5,I2,T8,S02,excluded_source_missing,raw range path and anchor layout currently wired for A0 only,R3
X_A1_R3_L5_I2_T9,raw_range,A1,,,L5,I2,T9,S02,excluded_source_missing,raw range path and anchor layout currently wired for A0 only,R3
X_A1_R3_L5_I2_T10,raw_range,A1,,,L5,I2,T10,S02,excluded_source_missing,raw range path and anchor layout currently wired for A0 only,R3
X_A1_R3_L5_I3_T6,raw_range,A1,,,L5,I3,T6,S02,excluded_source_missing,raw range path and anchor layout currently wired for A0 only,R3
X_A1_R3_L5_I3_T7,raw_range,A1,,,L5,I3,T7,S02,excluded_source_missing,raw range path and anchor layout currently wired for A0 only,R3
X_A1_R3_L5_I3_T8,raw_range,A1,,,L5,I3,T8,S02,excluded_source_missing,raw range path and anchor layout currently wired for A0 only,R3
X_A1_R3_L5_I3_T9,raw_range,A1,,,L5,I3,T9,S02,excluded_source_missing,raw range path and anchor layout currently wired for A0 only,R3
X_A1_R3_L5_I3_T10,raw_range,A1,,,L5,I3,T10,S02,excluded_source_missing,raw range path and anchor layout currently wired for A0 only,R3
X_A1_R3_L5_I4_T6,raw_range,A1,,,L5,I4,T6,S02,excluded_source_missing,raw range path and anchor layout currently wired for A0 only,R3
X_A1_R3_L5_I4_T7,raw_range,A1,,,L5,I4,T7,S02,excluded_source_missing,raw range path and anchor layout currently wired for A0 only,R3
X_A1_R3_L5_I4_T8,raw_range,A1,,,L5,I4,T8,S02,excluded_source_missing,raw range path and anchor layout currently wired for A0 only,R3
X_A1_R3_L5_I4_T9,raw_range,A1,,,L5,I4,T9,S02,excluded_source_missing,raw range path and anchor layout currently wired for A0 only,R3
X_A1_R3_L5_I4_T10,raw_range,A1,,,L5,I4,T10,S02,excluded_source_missing,raw range path and anchor layout currently wired for A0 only,R3
X_A1_R3_L5_I5_T6,raw_range,A1,,,L5,I5,T6,S02,excluded_source_missing,raw range path and anchor layout currently wired for A0 only,R3
X_A1_R3_L5_I5_T7,raw_range,A1,,,L5,I5,T7,S02,excluded_source_missing,raw range path and anchor layout currently wired for A0 only,R3
X_A1_R3_L5_I5_T8,raw_range,A1,,,L5,I5,T8,S02,excluded_source_missing,raw range path and anchor layout currently wired for A0 only,R3
X_A1_R3_L5_I5_T9,raw_range,A1,,,L5,I5,T9,S02,excluded_source_missing,raw range path and anchor layout currently wired for A0 only,R3
X_A1_R3_L5_I5_T10,raw_range,A1,,,L5,I5,T10,S02,excluded_source_missing,raw range path and anchor layout currently wired for A0 only,R3
X_A1_R3_L5_I6_T6,raw_range,A1,,,L5,I6,T6,S02,excluded_source_missing,raw range path and anchor layout currently wired for A0 only,R3
X_A1_R3_L5_I6_T7,raw_range,A1,,,L5,I6,T7,S02,excluded_source_missing,raw range path and anchor layout currently wired for A0 only,R3
X_A1_R3_L5_I6_T8,raw_range,A1,,,L5,I6,T8,S02,excluded_source_missing,raw range path and anchor layout currently wired for A0 only,R3
X_A1_R3_L5_I6_T9,raw_range,A1,,,L5,I6,T9,S02,excluded_source_missing,raw range path and anchor layout currently wired for A0 only,R3
X_A1_R3_L5_I6_T10,raw_range,A1,,,L5,I6,T10,S02,excluded_source_missing,raw range path and anchor layout currently wired for A0 only,R3
X_A1_R3_L5_I7_T6,raw_range,A1,,,L5,I7,T6,S02,excluded_source_missing,raw range path and anchor layout currently wired for A0 only,R3
X_A1_R3_L5_I7_T7,raw_range,A1,,,L5,I7,T7,S02,excluded_source_missing,raw range path and anchor layout currently wired for A0 only,R3
X_A1_R3_L5_I7_T8,raw_range,A1,,,L5,I7,T8,S02,excluded_source_missing,raw range path and anchor layout currently wired for A0 only,R3
X_A1_R3_L5_I7_T9,raw_range,A1,,,L5,I7,T9,S02,excluded_source_missing,raw range path and anchor layout currently wired for A0 only,R3
X_A1_R3_L5_I7_T10,raw_range,A1,,,L5,I7,T10,S02,excluded_source_missing,raw range path and anchor layout currently wired for A0 only,R3
X_A1_R3_L5_I8_T6,raw_range,A1,,,L5,I8,T6,S02,excluded_source_missing,raw range path and anchor layout currently wired for A0 only,R3
X_A1_R3_L5_I8_T7,raw_range,A1,,,L5,I8,T7,S02,excluded_source_missing,raw range path and anchor layout currently wired for A0 only,R3
X_A1_R3_L5_I8_T8,raw_range,A1,,,L5,I8,T8,S02,excluded_source_missing,raw range path and anchor layout currently wired for A0 only,R3
X_A1_R3_L5_I8_T9,raw_range,A1,,,L5,I8,T9,S02,excluded_source_missing,raw range path and anchor layout currently wired for A0 only,R3
X_A1_R3_L5_I8_T10,raw_range,A1,,,L5,I8,T10,S02,excluded_source_missing,raw range path and anchor layout currently wired for A0 only,R3
X_A1_R4_L5_I0_T6,raw_range,A1,,,L5,I0,T6,S02,excluded_source_missing,raw range path and anchor layout currently wired for A0 only,R4
X_A1_R4_L5_I0_T7,raw_range,A1,,,L5,I0,T7,S02,excluded_source_missing,raw range path and anchor layout currently wired for A0 only,R4
X_A1_R4_L5_I0_T8,raw_range,A1,,,L5,I0,T8,S02,excluded_source_missing,raw range path and anchor layout currently wired for A0 only,R4
X_A1_R4_L5_I0_T9,raw_range,A1,,,L5,I0,T9,S02,excluded_source_missing,raw range path and anchor layout currently wired for A0 only,R4
X_A1_R4_L5_I0_T10,raw_range,A1,,,L5,I0,T10,S02,excluded_source_missing,raw range path and anchor layout currently wired for A0 only,R4
X_A1_R4_L5_I1_T6,raw_range,A1,,,L5,I1,T6,S02,excluded_source_missing,raw range path and anchor layout currently wired for A0 only,R4
X_A1_R4_L5_I1_T7,raw_range,A1,,,L5,I1,T7,S02,excluded_source_missing,raw range path and anchor layout currently wired for A0 only,R4
X_A1_R4_L5_I1_T8,raw_range,A1,,,L5,I1,T8,S02,excluded_source_missing,raw range path and anchor layout currently wired for A0 only,R4
X_A1_R4_L5_I1_T9,raw_range,A1,,,L5,I1,T9,S02,excluded_source_missing,raw range path and anchor layout currently wired for A0 only,R4
X_A1_R4_L5_I1_T10,raw_range,A1,,,L5,I1,T10,S02,excluded_source_missing,raw range path and anchor layout currently wired for A0 only,R4
X_A1_R4_L5_I2_T6,raw_range,A1,,,L5,I2,T6,S02,excluded_source_missing,raw range path and anchor layout currently wired for A0 only,R4
X_A1_R4_L5_I2_T7,raw_range,A1,,,L5,I2,T7,S02,excluded_source_missing,raw range path and anchor layout currently wired for A0 only,R4
X_A1_R4_L5_I2_T8,raw_range,A1,,,L5,I2,T8,S02,excluded_source_missing,raw range path and anchor layout currently wired for A0 only,R4
X_A1_R4_L5_I2_T9,raw_range,A1,,,L5,I2,T9,S02,excluded_source_missing,raw range path and anchor layout currently wired for A0 only,R4
X_A1_R4_L5_I2_T10,raw_range,A1,,,L5,I2,T10,S02,excluded_source_missing,raw range path and anchor layout currently wired for A0 only,R4
X_A1_R4_L5_I3_T6,raw_range,A1,,,L5,I3,T6,S02,excluded_source_missing,raw range path and anchor layout currently wired for A0 only,R4
X_A1_R4_L5_I3_T7,raw_range,A1,,,L5,I3,T7,S02,excluded_source_missing,raw range path and anchor layout currently wired for A0 only,R4
X_A1_R4_L5_I3_T8,raw_range,A1,,,L5,I3,T8,S02,excluded_source_missing,raw range path and anchor layout currently wired for A0 only,R4
X_A1_R4_L5_I3_T9,raw_range,A1,,,L5,I3,T9,S02,excluded_source_missing,raw range path and anchor layout currently wired for A0 only,R4
X_A1_R4_L5_I3_T10,raw_range,A1,,,L5,I3,T10,S02,excluded_source_missing,raw range path and anchor layout currently wired for A0 only,R4
X_A1_R4_L5_I4_T6,raw_range,A1,,,L5,I4,T6,S02,excluded_source_missing,raw range path and anchor layout currently wired for A0 only,R4
X_A1_R4_L5_I4_T7,raw_range,A1,,,L5,I4,T7,S02,excluded_source_missing,raw range path and anchor layout currently wired for A0 only,R4
X_A1_R4_L5_I4_T8,raw_range,A1,,,L5,I4,T8,S02,excluded_source_missing,raw range path and anchor layout currently wired for A0 only,R4
X_A1_R4_L5_I4_T9,raw_range,A1,,,L5,I4,T9,S02,excluded_source_missing,raw range path and anchor layout currently wired for A0 only,R4
X_A1_R4_L5_I4_T10,raw_range,A1,,,L5,I4,T10,S02,excluded_source_missing,raw range path and anchor layout currently wired for A0 only,R4
X_A1_R4_L5_I5_T6,raw_range,A1,,,L5,I5,T6,S02,excluded_source_missing,raw range path and anchor layout currently wired for A0 only,R4
X_A1_R4_L5_I5_T7,raw_range,A1,,,L5,I5,T7,S02,excluded_source_missing,raw range path and anchor layout currently wired for A0 only,R4
X_A1_R4_L5_I5_T8,raw_range,A1,,,L5,I5,T8,S02,excluded_source_missing,raw range path and anchor layout currently wired for A0 only,R4
X_A1_R4_L5_I5_T9,raw_range,A1,,,L5,I5,T9,S02,excluded_source_missing,raw range path and anchor layout currently wired for A0 only,R4
X_A1_R4_L5_I5_T10,raw_range,A1,,,L5,I5,T10,S02,excluded_source_missing,raw range path and anchor layout currently wired for A0 only,R4
X_A1_R4_L5_I6_T6,raw_range,A1,,,L5,I6,T6,S02,excluded_source_missing,raw range path and anchor layout currently wired for A0 only,R4
X_A1_R4_L5_I6_T7,raw_range,A1,,,L5,I6,T7,S02,excluded_source_missing,raw range path and anchor layout currently wired for A0 only,R4
X_A1_R4_L5_I6_T8,raw_range,A1,,,L5,I6,T8,S02,excluded_source_missing,raw range path and anchor layout currently wired for A0 only,R4
X_A1_R4_L5_I6_T9,raw_range,A1,,,L5,I6,T9,S02,excluded_source_missing,raw range path and anchor layout currently wired for A0 only,R4
X_A1_R4_L5_I6_T10,raw_range,A1,,,L5,I6,T10,S02,excluded_source_missing,raw range path and anchor layout currently wired for A0 only,R4
X_A1_R4_L5_I7_T6,raw_range,A1,,,L5,I7,T6,S02,excluded_source_missing,raw range path and anchor layout currently wired for A0 only,R4
X_A1_R4_L5_I7_T7,raw_range,A1,,,L5,I7,T7,S02,excluded_source_missing,raw range path and anchor layout currently wired for A0 only,R4
X_A1_R4_L5_I7_T8,raw_range,A1,,,L5,I7,T8,S02,excluded_source_missing,raw range path and anchor layout currently wired for A0 only,R4
X_A1_R4_L5_I7_T9,raw_range,A1,,,L5,I7,T9,S02,excluded_source_missing,raw range path and anchor layout currently wired for A0 only,R4
X_A1_R4_L5_I7_T10,raw_range,A1,,,L5,I7,T10,S02,excluded_source_missing,raw range path and anchor layout currently wired for A0 only,R4
X_A1_R4_L5_I8_T6,raw_range,A1,,,L5,I8,T6,S02,excluded_source_missing,raw range path and anchor layout currently wired for A0 only,R4
X_A1_R4_L5_I8_T7,raw_range,A1,,,L5,I8,T7,S02,excluded_source_missing,raw range path and anchor layout currently wired for A0 only,R4
X_A1_R4_L5_I8_T8,raw_range,A1,,,L5,I8,T8,S02,excluded_source_missing,raw range path and anchor layout currently wired for A0 only,R4
X_A1_R4_L5_I8_T9,raw_range,A1,,,L5,I8,T9,S02,excluded_source_missing,raw range path and anchor layout currently wired for A0 only,R4
X_A1_R4_L5_I8_T10,raw_range,A1,,,L5,I8,T10,S02,excluded_source_missing,raw range path and anchor layout currently wired for A0 only,R4
X_A2_R0_L5_I0_T6,raw_range,A2,,,L5,I0,T6,S02,excluded_source_missing,raw range path and anchor layout currently wired for A0 only,R0
X_A2_R0_L5_I0_T7,raw_range,A2,,,L5,I0,T7,S02,excluded_source_missing,raw range path and anchor layout currently wired for A0 only,R0
X_A2_R0_L5_I0_T8,raw_range,A2,,,L5,I0,T8,S02,excluded_source_missing,raw range path and anchor layout currently wired for A0 only,R0
X_A2_R0_L5_I0_T9,raw_range,A2,,,L5,I0,T9,S02,excluded_source_missing,raw range path and anchor layout currently wired for A0 only,R0
X_A2_R0_L5_I0_T10,raw_range,A2,,,L5,I0,T10,S02,excluded_source_missing,raw range path and anchor layout currently wired for A0 only,R0
X_A2_R0_L5_I1_T6,raw_range,A2,,,L5,I1,T6,S02,excluded_source_missing,raw range path and anchor layout currently wired for A0 only,R0
X_A2_R0_L5_I1_T7,raw_range,A2,,,L5,I1,T7,S02,excluded_source_missing,raw range path and anchor layout currently wired for A0 only,R0
X_A2_R0_L5_I1_T8,raw_range,A2,,,L5,I1,T8,S02,excluded_source_missing,raw range path and anchor layout currently wired for A0 only,R0
X_A2_R0_L5_I1_T9,raw_range,A2,,,L5,I1,T9,S02,excluded_source_missing,raw range path and anchor layout currently wired for A0 only,R0
X_A2_R0_L5_I1_T10,raw_range,A2,,,L5,I1,T10,S02,excluded_source_missing,raw range path and anchor layout currently wired for A0 only,R0
X_A2_R0_L5_I2_T6,raw_range,A2,,,L5,I2,T6,S02,excluded_source_missing,raw range path and anchor layout currently wired for A0 only,R0
X_A2_R0_L5_I2_T7,raw_range,A2,,,L5,I2,T7,S02,excluded_source_missing,raw range path and anchor layout currently wired for A0 only,R0
X_A2_R0_L5_I2_T8,raw_range,A2,,,L5,I2,T8,S02,excluded_source_missing,raw range path and anchor layout currently wired for A0 only,R0
X_A2_R0_L5_I2_T9,raw_range,A2,,,L5,I2,T9,S02,excluded_source_missing,raw range path and anchor layout currently wired for A0 only,R0
X_A2_R0_L5_I2_T10,raw_range,A2,,,L5,I2,T10,S02,excluded_source_missing,raw range path and anchor layout currently wired for A0 only,R0
X_A2_R0_L5_I3_T6,raw_range,A2,,,L5,I3,T6,S02,excluded_source_missing,raw range path and anchor layout currently wired for A0 only,R0
X_A2_R0_L5_I3_T7,raw_range,A2,,,L5,I3,T7,S02,excluded_source_missing,raw range path and anchor layout currently wired for A0 only,R0
X_A2_R0_L5_I3_T8,raw_range,A2,,,L5,I3,T8,S02,excluded_source_missing,raw range path and anchor layout currently wired for A0 only,R0
X_A2_R0_L5_I3_T9,raw_range,A2,,,L5,I3,T9,S02,excluded_source_missing,raw range path and anchor layout currently wired for A0 only,R0
X_A2_R0_L5_I3_T10,raw_range,A2,,,L5,I3,T10,S02,excluded_source_missing,raw range path and anchor layout currently wired for A0 only,R0
X_A2_R0_L5_I4_T6,raw_range,A2,,,L5,I4,T6,S02,excluded_source_missing,raw range path and anchor layout currently wired for A0 only,R0
X_A2_R0_L5_I4_T7,raw_range,A2,,,L5,I4,T7,S02,excluded_source_missing,raw range path and anchor layout currently wired for A0 only,R0
X_A2_R0_L5_I4_T8,raw_range,A2,,,L5,I4,T8,S02,excluded_source_missing,raw range path and anchor layout currently wired for A0 only,R0
X_A2_R0_L5_I4_T9,raw_range,A2,,,L5,I4,T9,S02,excluded_source_missing,raw range path and anchor layout currently wired for A0 only,R0
X_A2_R0_L5_I4_T10,raw_range,A2,,,L5,I4,T10,S02,excluded_source_missing,raw range path and anchor layout currently wired for A0 only,R0
X_A2_R0_L5_I5_T6,raw_range,A2,,,L5,I5,T6,S02,excluded_source_missing,raw range path and anchor layout currently wired for A0 only,R0
X_A2_R0_L5_I5_T7,raw_range,A2,,,L5,I5,T7,S02,excluded_source_missing,raw range path and anchor layout currently wired for A0 only,R0
X_A2_R0_L5_I5_T8,raw_range,A2,,,L5,I5,T8,S02,excluded_source_missing,raw range path and anchor layout currently wired for A0 only,R0
X_A2_R0_L5_I5_T9,raw_range,A2,,,L5,I5,T9,S02,excluded_source_missing,raw range path and anchor layout currently wired for A0 only,R0
X_A2_R0_L5_I5_T10,raw_range,A2,,,L5,I5,T10,S02,excluded_source_missing,raw range path and anchor layout currently wired for A0 only,R0
X_A2_R0_L5_I6_T6,raw_range,A2,,,L5,I6,T6,S02,excluded_source_missing,raw range path and anchor layout currently wired for A0 only,R0
X_A2_R0_L5_I6_T7,raw_range,A2,,,L5,I6,T7,S02,excluded_source_missing,raw range path and anchor layout currently wired for A0 only,R0
X_A2_R0_L5_I6_T8,raw_range,A2,,,L5,I6,T8,S02,excluded_source_missing,raw range path and anchor layout currently wired for A0 only,R0
X_A2_R0_L5_I6_T9,raw_range,A2,,,L5,I6,T9,S02,excluded_source_missing,raw range path and anchor layout currently wired for A0 only,R0
X_A2_R0_L5_I6_T10,raw_range,A2,,,L5,I6,T10,S02,excluded_source_missing,raw range path and anchor layout currently wired for A0 only,R0
X_A2_R0_L5_I7_T6,raw_range,A2,,,L5,I7,T6,S02,excluded_source_missing,raw range path and anchor layout currently wired for A0 only,R0
X_A2_R0_L5_I7_T7,raw_range,A2,,,L5,I7,T7,S02,excluded_source_missing,raw range path and anchor layout currently wired for A0 only,R0
X_A2_R0_L5_I7_T8,raw_range,A2,,,L5,I7,T8,S02,excluded_source_missing,raw range path and anchor layout currently wired for A0 only,R0
X_A2_R0_L5_I7_T9,raw_range,A2,,,L5,I7,T9,S02,excluded_source_missing,raw range path and anchor layout currently wired for A0 only,R0
X_A2_R0_L5_I7_T10,raw_range,A2,,,L5,I7,T10,S02,excluded_source_missing,raw range path and anchor layout currently wired for A0 only,R0
X_A2_R0_L5_I8_T6,raw_range,A2,,,L5,I8,T6,S02,excluded_source_missing,raw range path and anchor layout currently wired for A0 only,R0
X_A2_R0_L5_I8_T7,raw_range,A2,,,L5,I8,T7,S02,excluded_source_missing,raw range path and anchor layout currently wired for A0 only,R0
X_A2_R0_L5_I8_T8,raw_range,A2,,,L5,I8,T8,S02,excluded_source_missing,raw range path and anchor layout currently wired for A0 only,R0
X_A2_R0_L5_I8_T9,raw_range,A2,,,L5,I8,T9,S02,excluded_source_missing,raw range path and anchor layout currently wired for A0 only,R0
X_A2_R0_L5_I8_T10,raw_range,A2,,,L5,I8,T10,S02,excluded_source_missing,raw range path and anchor layout currently wired for A0 only,R0
X_A2_R1_L5_I0_T6,raw_range,A2,,,L5,I0,T6,S02,excluded_source_missing,raw range path and anchor layout currently wired for A0 only,R1
X_A2_R1_L5_I0_T7,raw_range,A2,,,L5,I0,T7,S02,excluded_source_missing,raw range path and anchor layout currently wired for A0 only,R1
X_A2_R1_L5_I0_T8,raw_range,A2,,,L5,I0,T8,S02,excluded_source_missing,raw range path and anchor layout currently wired for A0 only,R1
X_A2_R1_L5_I0_T9,raw_range,A2,,,L5,I0,T9,S02,excluded_source_missing,raw range path and anchor layout currently wired for A0 only,R1
X_A2_R1_L5_I0_T10,raw_range,A2,,,L5,I0,T10,S02,excluded_source_missing,raw range path and anchor layout currently wired for A0 only,R1
X_A2_R1_L5_I1_T6,raw_range,A2,,,L5,I1,T6,S02,excluded_source_missing,raw range path and anchor layout currently wired for A0 only,R1
X_A2_R1_L5_I1_T7,raw_range,A2,,,L5,I1,T7,S02,excluded_source_missing,raw range path and anchor layout currently wired for A0 only,R1
X_A2_R1_L5_I1_T8,raw_range,A2,,,L5,I1,T8,S02,excluded_source_missing,raw range path and anchor layout currently wired for A0 only,R1
X_A2_R1_L5_I1_T9,raw_range,A2,,,L5,I1,T9,S02,excluded_source_missing,raw range path and anchor layout currently wired for A0 only,R1
X_A2_R1_L5_I1_T10,raw_range,A2,,,L5,I1,T10,S02,excluded_source_missing,raw range path and anchor layout currently wired for A0 only,R1
X_A2_R1_L5_I2_T6,raw_range,A2,,,L5,I2,T6,S02,excluded_source_missing,raw range path and anchor layout currently wired for A0 only,R1
X_A2_R1_L5_I2_T7,raw_range,A2,,,L5,I2,T7,S02,excluded_source_missing,raw range path and anchor layout currently wired for A0 only,R1
X_A2_R1_L5_I2_T8,raw_range,A2,,,L5,I2,T8,S02,excluded_source_missing,raw range path and anchor layout currently wired for A0 only,R1
X_A2_R1_L5_I2_T9,raw_range,A2,,,L5,I2,T9,S02,excluded_source_missing,raw range path and anchor layout currently wired for A0 only,R1
X_A2_R1_L5_I2_T10,raw_range,A2,,,L5,I2,T10,S02,excluded_source_missing,raw range path and anchor layout currently wired for A0 only,R1
X_A2_R1_L5_I3_T6,raw_range,A2,,,L5,I3,T6,S02,excluded_source_missing,raw range path and anchor layout currently wired for A0 only,R1
X_A2_R1_L5_I3_T7,raw_range,A2,,,L5,I3,T7,S02,excluded_source_missing,raw range path and anchor layout currently wired for A0 only,R1
X_A2_R1_L5_I3_T8,raw_range,A2,,,L5,I3,T8,S02,excluded_source_missing,raw range path and anchor layout currently wired for A0 only,R1
X_A2_R1_L5_I3_T9,raw_range,A2,,,L5,I3,T9,S02,excluded_source_missing,raw range path and anchor layout currently wired for A0 only,R1
X_A2_R1_L5_I3_T10,raw_range,A2,,,L5,I3,T10,S02,excluded_source_missing,raw range path and anchor layout currently wired for A0 only,R1
X_A2_R1_L5_I4_T6,raw_range,A2,,,L5,I4,T6,S02,excluded_source_missing,raw range path and anchor layout currently wired for A0 only,R1
X_A2_R1_L5_I4_T7,raw_range,A2,,,L5,I4,T7,S02,excluded_source_missing,raw range path and anchor layout currently wired for A0 only,R1
X_A2_R1_L5_I4_T8,raw_range,A2,,,L5,I4,T8,S02,excluded_source_missing,raw range path and anchor layout currently wired for A0 only,R1
X_A2_R1_L5_I4_T9,raw_range,A2,,,L5,I4,T9,S02,excluded_source_missing,raw range path and anchor layout currently wired for A0 only,R1
X_A2_R1_L5_I4_T10,raw_range,A2,,,L5,I4,T10,S02,excluded_source_missing,raw range path and anchor layout currently wired for A0 only,R1
X_A2_R1_L5_I5_T6,raw_range,A2,,,L5,I5,T6,S02,excluded_source_missing,raw range path and anchor layout currently wired for A0 only,R1
X_A2_R1_L5_I5_T7,raw_range,A2,,,L5,I5,T7,S02,excluded_source_missing,raw range path and anchor layout currently wired for A0 only,R1
X_A2_R1_L5_I5_T8,raw_range,A2,,,L5,I5,T8,S02,excluded_source_missing,raw range path and anchor layout currently wired for A0 only,R1
X_A2_R1_L5_I5_T9,raw_range,A2,,,L5,I5,T9,S02,excluded_source_missing,raw range path and anchor layout currently wired for A0 only,R1
X_A2_R1_L5_I5_T10,raw_range,A2,,,L5,I5,T10,S02,excluded_source_missing,raw range path and anchor layout currently wired for A0 only,R1
X_A2_R1_L5_I6_T6,raw_range,A2,,,L5,I6,T6,S02,excluded_source_missing,raw range path and anchor layout currently wired for A0 only,R1
X_A2_R1_L5_I6_T7,raw_range,A2,,,L5,I6,T7,S02,excluded_source_missing,raw range path and anchor layout currently wired for A0 only,R1
X_A2_R1_L5_I6_T8,raw_range,A2,,,L5,I6,T8,S02,excluded_source_missing,raw range path and anchor layout currently wired for A0 only,R1
X_A2_R1_L5_I6_T9,raw_range,A2,,,L5,I6,T9,S02,excluded_source_missing,raw range path and anchor layout currently wired for A0 only,R1
X_A2_R1_L5_I6_T10,raw_range,A2,,,L5,I6,T10,S02,excluded_source_missing,raw range path and anchor layout currently wired for A0 only,R1
X_A2_R1_L5_I7_T6,raw_range,A2,,,L5,I7,T6,S02,excluded_source_missing,raw range path and anchor layout currently wired for A0 only,R1
X_A2_R1_L5_I7_T7,raw_range,A2,,,L5,I7,T7,S02,excluded_source_missing,raw range path and anchor layout currently wired for A0 only,R1
X_A2_R1_L5_I7_T8,raw_range,A2,,,L5,I7,T8,S02,excluded_source_missing,raw range path and anchor layout currently wired for A0 only,R1
X_A2_R1_L5_I7_T9,raw_range,A2,,,L5,I7,T9,S02,excluded_source_missing,raw range path and anchor layout currently wired for A0 only,R1
X_A2_R1_L5_I7_T10,raw_range,A2,,,L5,I7,T10,S02,excluded_source_missing,raw range path and anchor layout currently wired for A0 only,R1
X_A2_R1_L5_I8_T6,raw_range,A2,,,L5,I8,T6,S02,excluded_source_missing,raw range path and anchor layout currently wired for A0 only,R1
X_A2_R1_L5_I8_T7,raw_range,A2,,,L5,I8,T7,S02,excluded_source_missing,raw range path and anchor layout currently wired for A0 only,R1
X_A2_R1_L5_I8_T8,raw_range,A2,,,L5,I8,T8,S02,excluded_source_missing,raw range path and anchor layout currently wired for A0 only,R1
X_A2_R1_L5_I8_T9,raw_range,A2,,,L5,I8,T9,S02,excluded_source_missing,raw range path and anchor layout currently wired for A0 only,R1
X_A2_R1_L5_I8_T10,raw_range,A2,,,L5,I8,T10,S02,excluded_source_missing,raw range path and anchor layout currently wired for A0 only,R1
X_A2_R2_L5_I0_T6,raw_range,A2,,,L5,I0,T6,S02,excluded_source_missing,raw range path and anchor layout currently wired for A0 only,R2
X_A2_R2_L5_I0_T7,raw_range,A2,,,L5,I0,T7,S02,excluded_source_missing,raw range path and anchor layout currently wired for A0 only,R2
X_A2_R2_L5_I0_T8,raw_range,A2,,,L5,I0,T8,S02,excluded_source_missing,raw range path and anchor layout currently wired for A0 only,R2
X_A2_R2_L5_I0_T9,raw_range,A2,,,L5,I0,T9,S02,excluded_source_missing,raw range path and anchor layout currently wired for A0 only,R2
X_A2_R2_L5_I0_T10,raw_range,A2,,,L5,I0,T10,S02,excluded_source_missing,raw range path and anchor layout currently wired for A0 only,R2
X_A2_R2_L5_I1_T6,raw_range,A2,,,L5,I1,T6,S02,excluded_source_missing,raw range path and anchor layout currently wired for A0 only,R2
X_A2_R2_L5_I1_T7,raw_range,A2,,,L5,I1,T7,S02,excluded_source_missing,raw range path and anchor layout currently wired for A0 only,R2
X_A2_R2_L5_I1_T8,raw_range,A2,,,L5,I1,T8,S02,excluded_source_missing,raw range path and anchor layout currently wired for A0 only,R2
X_A2_R2_L5_I1_T9,raw_range,A2,,,L5,I1,T9,S02,excluded_source_missing,raw range path and anchor layout currently wired for A0 only,R2
X_A2_R2_L5_I1_T10,raw_range,A2,,,L5,I1,T10,S02,excluded_source_missing,raw range path and anchor layout currently wired for A0 only,R2
X_A2_R2_L5_I2_T6,raw_range,A2,,,L5,I2,T6,S02,excluded_source_missing,raw range path and anchor layout currently wired for A0 only,R2
X_A2_R2_L5_I2_T7,raw_range,A2,,,L5,I2,T7,S02,excluded_source_missing,raw range path and anchor layout currently wired for A0 only,R2
X_A2_R2_L5_I2_T8,raw_range,A2,,,L5,I2,T8,S02,excluded_source_missing,raw range path and anchor layout currently wired for A0 only,R2
X_A2_R2_L5_I2_T9,raw_range,A2,,,L5,I2,T9,S02,excluded_source_missing,raw range path and anchor layout currently wired for A0 only,R2
X_A2_R2_L5_I2_T10,raw_range,A2,,,L5,I2,T10,S02,excluded_source_missing,raw range path and anchor layout currently wired for A0 only,R2
X_A2_R2_L5_I3_T6,raw_range,A2,,,L5,I3,T6,S02,excluded_source_missing,raw range path and anchor layout currently wired for A0 only,R2
X_A2_R2_L5_I3_T7,raw_range,A2,,,L5,I3,T7,S02,excluded_source_missing,raw range path and anchor layout currently wired for A0 only,R2
X_A2_R2_L5_I3_T8,raw_range,A2,,,L5,I3,T8,S02,excluded_source_missing,raw range path and anchor layout currently wired for A0 only,R2
X_A2_R2_L5_I3_T9,raw_range,A2,,,L5,I3,T9,S02,excluded_source_missing,raw range path and anchor layout currently wired for A0 only,R2
X_A2_R2_L5_I3_T10,raw_range,A2,,,L5,I3,T10,S02,excluded_source_missing,raw range path and anchor layout currently wired for A0 only,R2
X_A2_R2_L5_I4_T6,raw_range,A2,,,L5,I4,T6,S02,excluded_source_missing,raw range path and anchor layout currently wired for A0 only,R2
X_A2_R2_L5_I4_T7,raw_range,A2,,,L5,I4,T7,S02,excluded_source_missing,raw range path and anchor layout currently wired for A0 only,R2
X_A2_R2_L5_I4_T8,raw_range,A2,,,L5,I4,T8,S02,excluded_source_missing,raw range path and anchor layout currently wired for A0 only,R2
X_A2_R2_L5_I4_T9,raw_range,A2,,,L5,I4,T9,S02,excluded_source_missing,raw range path and anchor layout currently wired for A0 only,R2
X_A2_R2_L5_I4_T10,raw_range,A2,,,L5,I4,T10,S02,excluded_source_missing,raw range path and anchor layout currently wired for A0 only,R2
X_A2_R2_L5_I5_T6,raw_range,A2,,,L5,I5,T6,S02,excluded_source_missing,raw range path and anchor layout currently wired for A0 only,R2
X_A2_R2_L5_I5_T7,raw_range,A2,,,L5,I5,T7,S02,excluded_source_missing,raw range path and anchor layout currently wired for A0 only,R2
X_A2_R2_L5_I5_T8,raw_range,A2,,,L5,I5,T8,S02,excluded_source_missing,raw range path and anchor layout currently wired for A0 only,R2
X_A2_R2_L5_I5_T9,raw_range,A2,,,L5,I5,T9,S02,excluded_source_missing,raw range path and anchor layout currently wired for A0 only,R2
X_A2_R2_L5_I5_T10,raw_range,A2,,,L5,I5,T10,S02,excluded_source_missing,raw range path and anchor layout currently wired for A0 only,R2
X_A2_R2_L5_I6_T6,raw_range,A2,,,L5,I6,T6,S02,excluded_source_missing,raw range path and anchor layout currently wired for A0 only,R2
X_A2_R2_L5_I6_T7,raw_range,A2,,,L5,I6,T7,S02,excluded_source_missing,raw range path and anchor layout currently wired for A0 only,R2
X_A2_R2_L5_I6_T8,raw_range,A2,,,L5,I6,T8,S02,excluded_source_missing,raw range path and anchor layout currently wired for A0 only,R2
X_A2_R2_L5_I6_T9,raw_range,A2,,,L5,I6,T9,S02,excluded_source_missing,raw range path and anchor layout currently wired for A0 only,R2
X_A2_R2_L5_I6_T10,raw_range,A2,,,L5,I6,T10,S02,excluded_source_missing,raw range path and anchor layout currently wired for A0 only,R2
X_A2_R2_L5_I7_T6,raw_range,A2,,,L5,I7,T6,S02,excluded_source_missing,raw range path and anchor layout currently wired for A0 only,R2
X_A2_R2_L5_I7_T7,raw_range,A2,,,L5,I7,T7,S02,excluded_source_missing,raw range path and anchor layout currently wired for A0 only,R2
X_A2_R2_L5_I7_T8,raw_range,A2,,,L5,I7,T8,S02,excluded_source_missing,raw range path and anchor layout currently wired for A0 only,R2
X_A2_R2_L5_I7_T9,raw_range,A2,,,L5,I7,T9,S02,excluded_source_missing,raw range path and anchor layout currently wired for A0 only,R2
X_A2_R2_L5_I7_T10,raw_range,A2,,,L5,I7,T10,S02,excluded_source_missing,raw range path and anchor layout currently wired for A0 only,R2
X_A2_R2_L5_I8_T6,raw_range,A2,,,L5,I8,T6,S02,excluded_source_missing,raw range path and anchor layout currently wired for A0 only,R2
X_A2_R2_L5_I8_T7,raw_range,A2,,,L5,I8,T7,S02,excluded_source_missing,raw range path and anchor layout currently wired for A0 only,R2
X_A2_R2_L5_I8_T8,raw_range,A2,,,L5,I8,T8,S02,excluded_source_missing,raw range path and anchor layout currently wired for A0 only,R2
X_A2_R2_L5_I8_T9,raw_range,A2,,,L5,I8,T9,S02,excluded_source_missing,raw range path and anchor layout currently wired for A0 only,R2
X_A2_R2_L5_I8_T10,raw_range,A2,,,L5,I8,T10,S02,excluded_source_missing,raw range path and anchor layout currently wired for A0 only,R2
X_A2_R3_L5_I0_T6,raw_range,A2,,,L5,I0,T6,S02,excluded_source_missing,raw range path and anchor layout currently wired for A0 only,R3
X_A2_R3_L5_I0_T7,raw_range,A2,,,L5,I0,T7,S02,excluded_source_missing,raw range path and anchor layout currently wired for A0 only,R3
X_A2_R3_L5_I0_T8,raw_range,A2,,,L5,I0,T8,S02,excluded_source_missing,raw range path and anchor layout currently wired for A0 only,R3
X_A2_R3_L5_I0_T9,raw_range,A2,,,L5,I0,T9,S02,excluded_source_missing,raw range path and anchor layout currently wired for A0 only,R3
X_A2_R3_L5_I0_T10,raw_range,A2,,,L5,I0,T10,S02,excluded_source_missing,raw range path and anchor layout currently wired for A0 only,R3
X_A2_R3_L5_I1_T6,raw_range,A2,,,L5,I1,T6,S02,excluded_source_missing,raw range path and anchor layout currently wired for A0 only,R3
X_A2_R3_L5_I1_T7,raw_range,A2,,,L5,I1,T7,S02,excluded_source_missing,raw range path and anchor layout currently wired for A0 only,R3
X_A2_R3_L5_I1_T8,raw_range,A2,,,L5,I1,T8,S02,excluded_source_missing,raw range path and anchor layout currently wired for A0 only,R3
X_A2_R3_L5_I1_T9,raw_range,A2,,,L5,I1,T9,S02,excluded_source_missing,raw range path and anchor layout currently wired for A0 only,R3
X_A2_R3_L5_I1_T10,raw_range,A2,,,L5,I1,T10,S02,excluded_source_missing,raw range path and anchor layout currently wired for A0 only,R3
X_A2_R3_L5_I2_T6,raw_range,A2,,,L5,I2,T6,S02,excluded_source_missing,raw range path and anchor layout currently wired for A0 only,R3
X_A2_R3_L5_I2_T7,raw_range,A2,,,L5,I2,T7,S02,excluded_source_missing,raw range path and anchor layout currently wired for A0 only,R3
X_A2_R3_L5_I2_T8,raw_range,A2,,,L5,I2,T8,S02,excluded_source_missing,raw range path and anchor layout currently wired for A0 only,R3
X_A2_R3_L5_I2_T9,raw_range,A2,,,L5,I2,T9,S02,excluded_source_missing,raw range path and anchor layout currently wired for A0 only,R3
X_A2_R3_L5_I2_T10,raw_range,A2,,,L5,I2,T10,S02,excluded_source_missing,raw range path and anchor layout currently wired for A0 only,R3
X_A2_R3_L5_I3_T6,raw_range,A2,,,L5,I3,T6,S02,excluded_source_missing,raw range path and anchor layout currently wired for A0 only,R3
X_A2_R3_L5_I3_T7,raw_range,A2,,,L5,I3,T7,S02,excluded_source_missing,raw range path and anchor layout currently wired for A0 only,R3
X_A2_R3_L5_I3_T8,raw_range,A2,,,L5,I3,T8,S02,excluded_source_missing,raw range path and anchor layout currently wired for A0 only,R3
X_A2_R3_L5_I3_T9,raw_range,A2,,,L5,I3,T9,S02,excluded_source_missing,raw range path and anchor layout currently wired for A0 only,R3
X_A2_R3_L5_I3_T10,raw_range,A2,,,L5,I3,T10,S02,excluded_source_missing,raw range path and anchor layout currently wired for A0 only,R3
X_A2_R3_L5_I4_T6,raw_range,A2,,,L5,I4,T6,S02,excluded_source_missing,raw range path and anchor layout currently wired for A0 only,R3
X_A2_R3_L5_I4_T7,raw_range,A2,,,L5,I4,T7,S02,excluded_source_missing,raw range path and anchor layout currently wired for A0 only,R3
X_A2_R3_L5_I4_T8,raw_range,A2,,,L5,I4,T8,S02,excluded_source_missing,raw range path and anchor layout currently wired for A0 only,R3
X_A2_R3_L5_I4_T9,raw_range,A2,,,L5,I4,T9,S02,excluded_source_missing,raw range path and anchor layout currently wired for A0 only,R3
X_A2_R3_L5_I4_T10,raw_range,A2,,,L5,I4,T10,S02,excluded_source_missing,raw range path and anchor layout currently wired for A0 only,R3
X_A2_R3_L5_I5_T6,raw_range,A2,,,L5,I5,T6,S02,excluded_source_missing,raw range path and anchor layout currently wired for A0 only,R3
X_A2_R3_L5_I5_T7,raw_range,A2,,,L5,I5,T7,S02,excluded_source_missing,raw range path and anchor layout currently wired for A0 only,R3
X_A2_R3_L5_I5_T8,raw_range,A2,,,L5,I5,T8,S02,excluded_source_missing,raw range path and anchor layout currently wired for A0 only,R3
X_A2_R3_L5_I5_T9,raw_range,A2,,,L5,I5,T9,S02,excluded_source_missing,raw range path and anchor layout currently wired for A0 only,R3
X_A2_R3_L5_I5_T10,raw_range,A2,,,L5,I5,T10,S02,excluded_source_missing,raw range path and anchor layout currently wired for A0 only,R3
X_A2_R3_L5_I6_T6,raw_range,A2,,,L5,I6,T6,S02,excluded_source_missing,raw range path and anchor layout currently wired for A0 only,R3
X_A2_R3_L5_I6_T7,raw_range,A2,,,L5,I6,T7,S02,excluded_source_missing,raw range path and anchor layout currently wired for A0 only,R3
X_A2_R3_L5_I6_T8,raw_range,A2,,,L5,I6,T8,S02,excluded_source_missing,raw range path and anchor layout currently wired for A0 only,R3
X_A2_R3_L5_I6_T9,raw_range,A2,,,L5,I6,T9,S02,excluded_source_missing,raw range path and anchor layout currently wired for A0 only,R3
X_A2_R3_L5_I6_T10,raw_range,A2,,,L5,I6,T10,S02,excluded_source_missing,raw range path and anchor layout currently wired for A0 only,R3
X_A2_R3_L5_I7_T6,raw_range,A2,,,L5,I7,T6,S02,excluded_source_missing,raw range path and anchor layout currently wired for A0 only,R3
X_A2_R3_L5_I7_T7,raw_range,A2,,,L5,I7,T7,S02,excluded_source_missing,raw range path and anchor layout currently wired for A0 only,R3
X_A2_R3_L5_I7_T8,raw_range,A2,,,L5,I7,T8,S02,excluded_source_missing,raw range path and anchor layout currently wired for A0 only,R3
X_A2_R3_L5_I7_T9,raw_range,A2,,,L5,I7,T9,S02,excluded_source_missing,raw range path and anchor layout currently wired for A0 only,R3
X_A2_R3_L5_I7_T10,raw_range,A2,,,L5,I7,T10,S02,excluded_source_missing,raw range path and anchor layout currently wired for A0 only,R3
X_A2_R3_L5_I8_T6,raw_range,A2,,,L5,I8,T6,S02,excluded_source_missing,raw range path and anchor layout currently wired for A0 only,R3
X_A2_R3_L5_I8_T7,raw_range,A2,,,L5,I8,T7,S02,excluded_source_missing,raw range path and anchor layout currently wired for A0 only,R3
X_A2_R3_L5_I8_T8,raw_range,A2,,,L5,I8,T8,S02,excluded_source_missing,raw range path and anchor layout currently wired for A0 only,R3
X_A2_R3_L5_I8_T9,raw_range,A2,,,L5,I8,T9,S02,excluded_source_missing,raw range path and anchor layout currently wired for A0 only,R3
X_A2_R3_L5_I8_T10,raw_range,A2,,,L5,I8,T10,S02,excluded_source_missing,raw range path and anchor layout currently wired for A0 only,R3
X_A2_R4_L5_I0_T6,raw_range,A2,,,L5,I0,T6,S02,excluded_source_missing,raw range path and anchor layout currently wired for A0 only,R4
X_A2_R4_L5_I0_T7,raw_range,A2,,,L5,I0,T7,S02,excluded_source_missing,raw range path and anchor layout currently wired for A0 only,R4
X_A2_R4_L5_I0_T8,raw_range,A2,,,L5,I0,T8,S02,excluded_source_missing,raw range path and anchor layout currently wired for A0 only,R4
X_A2_R4_L5_I0_T9,raw_range,A2,,,L5,I0,T9,S02,excluded_source_missing,raw range path and anchor layout currently wired for A0 only,R4
X_A2_R4_L5_I0_T10,raw_range,A2,,,L5,I0,T10,S02,excluded_source_missing,raw range path and anchor layout currently wired for A0 only,R4
X_A2_R4_L5_I1_T6,raw_range,A2,,,L5,I1,T6,S02,excluded_source_missing,raw range path and anchor layout currently wired for A0 only,R4
X_A2_R4_L5_I1_T7,raw_range,A2,,,L5,I1,T7,S02,excluded_source_missing,raw range path and anchor layout currently wired for A0 only,R4
X_A2_R4_L5_I1_T8,raw_range,A2,,,L5,I1,T8,S02,excluded_source_missing,raw range path and anchor layout currently wired for A0 only,R4
X_A2_R4_L5_I1_T9,raw_range,A2,,,L5,I1,T9,S02,excluded_source_missing,raw range path and anchor layout currently wired for A0 only,R4
X_A2_R4_L5_I1_T10,raw_range,A2,,,L5,I1,T10,S02,excluded_source_missing,raw range path and anchor layout currently wired for A0 only,R4
X_A2_R4_L5_I2_T6,raw_range,A2,,,L5,I2,T6,S02,excluded_source_missing,raw range path and anchor layout currently wired for A0 only,R4
X_A2_R4_L5_I2_T7,raw_range,A2,,,L5,I2,T7,S02,excluded_source_missing,raw range path and anchor layout currently wired for A0 only,R4
X_A2_R4_L5_I2_T8,raw_range,A2,,,L5,I2,T8,S02,excluded_source_missing,raw range path and anchor layout currently wired for A0 only,R4
X_A2_R4_L5_I2_T9,raw_range,A2,,,L5,I2,T9,S02,excluded_source_missing,raw range path and anchor layout currently wired for A0 only,R4
X_A2_R4_L5_I2_T10,raw_range,A2,,,L5,I2,T10,S02,excluded_source_missing,raw range path and anchor layout currently wired for A0 only,R4
X_A2_R4_L5_I3_T6,raw_range,A2,,,L5,I3,T6,S02,excluded_source_missing,raw range path and anchor layout currently wired for A0 only,R4
X_A2_R4_L5_I3_T7,raw_range,A2,,,L5,I3,T7,S02,excluded_source_missing,raw range path and anchor layout currently wired for A0 only,R4
X_A2_R4_L5_I3_T8,raw_range,A2,,,L5,I3,T8,S02,excluded_source_missing,raw range path and anchor layout currently wired for A0 only,R4
X_A2_R4_L5_I3_T9,raw_range,A2,,,L5,I3,T9,S02,excluded_source_missing,raw range path and anchor layout currently wired for A0 only,R4
X_A2_R4_L5_I3_T10,raw_range,A2,,,L5,I3,T10,S02,excluded_source_missing,raw range path and anchor layout currently wired for A0 only,R4
X_A2_R4_L5_I4_T6,raw_range,A2,,,L5,I4,T6,S02,excluded_source_missing,raw range path and anchor layout currently wired for A0 only,R4
X_A2_R4_L5_I4_T7,raw_range,A2,,,L5,I4,T7,S02,excluded_source_missing,raw range path and anchor layout currently wired for A0 only,R4
X_A2_R4_L5_I4_T8,raw_range,A2,,,L5,I4,T8,S02,excluded_source_missing,raw range path and anchor layout currently wired for A0 only,R4
X_A2_R4_L5_I4_T9,raw_range,A2,,,L5,I4,T9,S02,excluded_source_missing,raw range path and anchor layout currently wired for A0 only,R4
X_A2_R4_L5_I4_T10,raw_range,A2,,,L5,I4,T10,S02,excluded_source_missing,raw range path and anchor layout currently wired for A0 only,R4
X_A2_R4_L5_I5_T6,raw_range,A2,,,L5,I5,T6,S02,excluded_source_missing,raw range path and anchor layout currently wired for A0 only,R4
X_A2_R4_L5_I5_T7,raw_range,A2,,,L5,I5,T7,S02,excluded_source_missing,raw range path and anchor layout currently wired for A0 only,R4
X_A2_R4_L5_I5_T8,raw_range,A2,,,L5,I5,T8,S02,excluded_source_missing,raw range path and anchor layout currently wired for A0 only,R4
X_A2_R4_L5_I5_T9,raw_range,A2,,,L5,I5,T9,S02,excluded_source_missing,raw range path and anchor layout currently wired for A0 only,R4
X_A2_R4_L5_I5_T10,raw_range,A2,,,L5,I5,T10,S02,excluded_source_missing,raw range path and anchor layout currently wired for A0 only,R4
X_A2_R4_L5_I6_T6,raw_range,A2,,,L5,I6,T6,S02,excluded_source_missing,raw range path and anchor layout currently wired for A0 only,R4
X_A2_R4_L5_I6_T7,raw_range,A2,,,L5,I6,T7,S02,excluded_source_missing,raw range path and anchor layout currently wired for A0 only,R4
X_A2_R4_L5_I6_T8,raw_range,A2,,,L5,I6,T8,S02,excluded_source_missing,raw range path and anchor layout currently wired for A0 only,R4
X_A2_R4_L5_I6_T9,raw_range,A2,,,L5,I6,T9,S02,excluded_source_missing,raw range path and anchor layout currently wired for A0 only,R4
X_A2_R4_L5_I6_T10,raw_range,A2,,,L5,I6,T10,S02,excluded_source_missing,raw range path and anchor layout currently wired for A0 only,R4
X_A2_R4_L5_I7_T6,raw_range,A2,,,L5,I7,T6,S02,excluded_source_missing,raw range path and anchor layout currently wired for A0 only,R4
X_A2_R4_L5_I7_T7,raw_range,A2,,,L5,I7,T7,S02,excluded_source_missing,raw range path and anchor layout currently wired for A0 only,R4
X_A2_R4_L5_I7_T8,raw_range,A2,,,L5,I7,T8,S02,excluded_source_missing,raw range path and anchor layout currently wired for A0 only,R4
X_A2_R4_L5_I7_T9,raw_range,A2,,,L5,I7,T9,S02,excluded_source_missing,raw range path and anchor layout currently wired for A0 only,R4
X_A2_R4_L5_I7_T10,raw_range,A2,,,L5,I7,T10,S02,excluded_source_missing,raw range path and anchor layout currently wired for A0 only,R4
X_A2_R4_L5_I8_T6,raw_range,A2,,,L5,I8,T6,S02,excluded_source_missing,raw range path and anchor layout currently wired for A0 only,R4
X_A2_R4_L5_I8_T7,raw_range,A2,,,L5,I8,T7,S02,excluded_source_missing,raw range path and anchor layout currently wired for A0 only,R4
X_A2_R4_L5_I8_T8,raw_range,A2,,,L5,I8,T8,S02,excluded_source_missing,raw range path and anchor layout currently wired for A0 only,R4
X_A2_R4_L5_I8_T9,raw_range,A2,,,L5,I8,T9,S02,excluded_source_missing,raw range path and anchor layout currently wired for A0 only,R4
X_A2_R4_L5_I8_T10,raw_range,A2,,,L5,I8,T10,S02,excluded_source_missing,raw range path and anchor layout currently wired for A0 only,R4
X_A3_R0_L5_I0_T6,raw_range,A3,,,L5,I0,T6,S02,excluded_source_missing,raw range path and anchor layout currently wired for A0 only,R0
X_A3_R0_L5_I0_T7,raw_range,A3,,,L5,I0,T7,S02,excluded_source_missing,raw range path and anchor layout currently wired for A0 only,R0
X_A3_R0_L5_I0_T8,raw_range,A3,,,L5,I0,T8,S02,excluded_source_missing,raw range path and anchor layout currently wired for A0 only,R0
X_A3_R0_L5_I0_T9,raw_range,A3,,,L5,I0,T9,S02,excluded_source_missing,raw range path and anchor layout currently wired for A0 only,R0
X_A3_R0_L5_I0_T10,raw_range,A3,,,L5,I0,T10,S02,excluded_source_missing,raw range path and anchor layout currently wired for A0 only,R0
X_A3_R0_L5_I1_T6,raw_range,A3,,,L5,I1,T6,S02,excluded_source_missing,raw range path and anchor layout currently wired for A0 only,R0
X_A3_R0_L5_I1_T7,raw_range,A3,,,L5,I1,T7,S02,excluded_source_missing,raw range path and anchor layout currently wired for A0 only,R0
X_A3_R0_L5_I1_T8,raw_range,A3,,,L5,I1,T8,S02,excluded_source_missing,raw range path and anchor layout currently wired for A0 only,R0
X_A3_R0_L5_I1_T9,raw_range,A3,,,L5,I1,T9,S02,excluded_source_missing,raw range path and anchor layout currently wired for A0 only,R0
X_A3_R0_L5_I1_T10,raw_range,A3,,,L5,I1,T10,S02,excluded_source_missing,raw range path and anchor layout currently wired for A0 only,R0
X_A3_R0_L5_I2_T6,raw_range,A3,,,L5,I2,T6,S02,excluded_source_missing,raw range path and anchor layout currently wired for A0 only,R0
X_A3_R0_L5_I2_T7,raw_range,A3,,,L5,I2,T7,S02,excluded_source_missing,raw range path and anchor layout currently wired for A0 only,R0
X_A3_R0_L5_I2_T8,raw_range,A3,,,L5,I2,T8,S02,excluded_source_missing,raw range path and anchor layout currently wired for A0 only,R0
X_A3_R0_L5_I2_T9,raw_range,A3,,,L5,I2,T9,S02,excluded_source_missing,raw range path and anchor layout currently wired for A0 only,R0
X_A3_R0_L5_I2_T10,raw_range,A3,,,L5,I2,T10,S02,excluded_source_missing,raw range path and anchor layout currently wired for A0 only,R0
X_A3_R0_L5_I3_T6,raw_range,A3,,,L5,I3,T6,S02,excluded_source_missing,raw range path and anchor layout currently wired for A0 only,R0
X_A3_R0_L5_I3_T7,raw_range,A3,,,L5,I3,T7,S02,excluded_source_missing,raw range path and anchor layout currently wired for A0 only,R0
X_A3_R0_L5_I3_T8,raw_range,A3,,,L5,I3,T8,S02,excluded_source_missing,raw range path and anchor layout currently wired for A0 only,R0
X_A3_R0_L5_I3_T9,raw_range,A3,,,L5,I3,T9,S02,excluded_source_missing,raw range path and anchor layout currently wired for A0 only,R0
X_A3_R0_L5_I3_T10,raw_range,A3,,,L5,I3,T10,S02,excluded_source_missing,raw range path and anchor layout currently wired for A0 only,R0
X_A3_R0_L5_I4_T6,raw_range,A3,,,L5,I4,T6,S02,excluded_source_missing,raw range path and anchor layout currently wired for A0 only,R0
X_A3_R0_L5_I4_T7,raw_range,A3,,,L5,I4,T7,S02,excluded_source_missing,raw range path and anchor layout currently wired for A0 only,R0
X_A3_R0_L5_I4_T8,raw_range,A3,,,L5,I4,T8,S02,excluded_source_missing,raw range path and anchor layout currently wired for A0 only,R0
X_A3_R0_L5_I4_T9,raw_range,A3,,,L5,I4,T9,S02,excluded_source_missing,raw range path and anchor layout currently wired for A0 only,R0
X_A3_R0_L5_I4_T10,raw_range,A3,,,L5,I4,T10,S02,excluded_source_missing,raw range path and anchor layout currently wired for A0 only,R0
X_A3_R0_L5_I5_T6,raw_range,A3,,,L5,I5,T6,S02,excluded_source_missing,raw range path and anchor layout currently wired for A0 only,R0
X_A3_R0_L5_I5_T7,raw_range,A3,,,L5,I5,T7,S02,excluded_source_missing,raw range path and anchor layout currently wired for A0 only,R0
X_A3_R0_L5_I5_T8,raw_range,A3,,,L5,I5,T8,S02,excluded_source_missing,raw range path and anchor layout currently wired for A0 only,R0
X_A3_R0_L5_I5_T9,raw_range,A3,,,L5,I5,T9,S02,excluded_source_missing,raw range path and anchor layout currently wired for A0 only,R0
X_A3_R0_L5_I5_T10,raw_range,A3,,,L5,I5,T10,S02,excluded_source_missing,raw range path and anchor layout currently wired for A0 only,R0
X_A3_R0_L5_I6_T6,raw_range,A3,,,L5,I6,T6,S02,excluded_source_missing,raw range path and anchor layout currently wired for A0 only,R0
X_A3_R0_L5_I6_T7,raw_range,A3,,,L5,I6,T7,S02,excluded_source_missing,raw range path and anchor layout currently wired for A0 only,R0
X_A3_R0_L5_I6_T8,raw_range,A3,,,L5,I6,T8,S02,excluded_source_missing,raw range path and anchor layout currently wired for A0 only,R0
X_A3_R0_L5_I6_T9,raw_range,A3,,,L5,I6,T9,S02,excluded_source_missing,raw range path and anchor layout currently wired for A0 only,R0
X_A3_R0_L5_I6_T10,raw_range,A3,,,L5,I6,T10,S02,excluded_source_missing,raw range path and anchor layout currently wired for A0 only,R0
X_A3_R0_L5_I7_T6,raw_range,A3,,,L5,I7,T6,S02,excluded_source_missing,raw range path and anchor layout currently wired for A0 only,R0
X_A3_R0_L5_I7_T7,raw_range,A3,,,L5,I7,T7,S02,excluded_source_missing,raw range path and anchor layout currently wired for A0 only,R0
X_A3_R0_L5_I7_T8,raw_range,A3,,,L5,I7,T8,S02,excluded_source_missing,raw range path and anchor layout currently wired for A0 only,R0
X_A3_R0_L5_I7_T9,raw_range,A3,,,L5,I7,T9,S02,excluded_source_missing,raw range path and anchor layout currently wired for A0 only,R0
X_A3_R0_L5_I7_T10,raw_range,A3,,,L5,I7,T10,S02,excluded_source_missing,raw range path and anchor layout currently wired for A0 only,R0
X_A3_R0_L5_I8_T6,raw_range,A3,,,L5,I8,T6,S02,excluded_source_missing,raw range path and anchor layout currently wired for A0 only,R0
X_A3_R0_L5_I8_T7,raw_range,A3,,,L5,I8,T7,S02,excluded_source_missing,raw range path and anchor layout currently wired for A0 only,R0
X_A3_R0_L5_I8_T8,raw_range,A3,,,L5,I8,T8,S02,excluded_source_missing,raw range path and anchor layout currently wired for A0 only,R0
X_A3_R0_L5_I8_T9,raw_range,A3,,,L5,I8,T9,S02,excluded_source_missing,raw range path and anchor layout currently wired for A0 only,R0
X_A3_R0_L5_I8_T10,raw_range,A3,,,L5,I8,T10,S02,excluded_source_missing,raw range path and anchor layout currently wired for A0 only,R0
X_A3_R1_L5_I0_T6,raw_range,A3,,,L5,I0,T6,S02,excluded_source_missing,raw range path and anchor layout currently wired for A0 only,R1
X_A3_R1_L5_I0_T7,raw_range,A3,,,L5,I0,T7,S02,excluded_source_missing,raw range path and anchor layout currently wired for A0 only,R1
X_A3_R1_L5_I0_T8,raw_range,A3,,,L5,I0,T8,S02,excluded_source_missing,raw range path and anchor layout currently wired for A0 only,R1
X_A3_R1_L5_I0_T9,raw_range,A3,,,L5,I0,T9,S02,excluded_source_missing,raw range path and anchor layout currently wired for A0 only,R1
X_A3_R1_L5_I0_T10,raw_range,A3,,,L5,I0,T10,S02,excluded_source_missing,raw range path and anchor layout currently wired for A0 only,R1
X_A3_R1_L5_I1_T6,raw_range,A3,,,L5,I1,T6,S02,excluded_source_missing,raw range path and anchor layout currently wired for A0 only,R1
X_A3_R1_L5_I1_T7,raw_range,A3,,,L5,I1,T7,S02,excluded_source_missing,raw range path and anchor layout currently wired for A0 only,R1
X_A3_R1_L5_I1_T8,raw_range,A3,,,L5,I1,T8,S02,excluded_source_missing,raw range path and anchor layout currently wired for A0 only,R1
X_A3_R1_L5_I1_T9,raw_range,A3,,,L5,I1,T9,S02,excluded_source_missing,raw range path and anchor layout currently wired for A0 only,R1
X_A3_R1_L5_I1_T10,raw_range,A3,,,L5,I1,T10,S02,excluded_source_missing,raw range path and anchor layout currently wired for A0 only,R1
X_A3_R1_L5_I2_T6,raw_range,A3,,,L5,I2,T6,S02,excluded_source_missing,raw range path and anchor layout currently wired for A0 only,R1
X_A3_R1_L5_I2_T7,raw_range,A3,,,L5,I2,T7,S02,excluded_source_missing,raw range path and anchor layout currently wired for A0 only,R1
X_A3_R1_L5_I2_T8,raw_range,A3,,,L5,I2,T8,S02,excluded_source_missing,raw range path and anchor layout currently wired for A0 only,R1
X_A3_R1_L5_I2_T9,raw_range,A3,,,L5,I2,T9,S02,excluded_source_missing,raw range path and anchor layout currently wired for A0 only,R1
X_A3_R1_L5_I2_T10,raw_range,A3,,,L5,I2,T10,S02,excluded_source_missing,raw range path and anchor layout currently wired for A0 only,R1
X_A3_R1_L5_I3_T6,raw_range,A3,,,L5,I3,T6,S02,excluded_source_missing,raw range path and anchor layout currently wired for A0 only,R1
X_A3_R1_L5_I3_T7,raw_range,A3,,,L5,I3,T7,S02,excluded_source_missing,raw range path and anchor layout currently wired for A0 only,R1
X_A3_R1_L5_I3_T8,raw_range,A3,,,L5,I3,T8,S02,excluded_source_missing,raw range path and anchor layout currently wired for A0 only,R1
X_A3_R1_L5_I3_T9,raw_range,A3,,,L5,I3,T9,S02,excluded_source_missing,raw range path and anchor layout currently wired for A0 only,R1
X_A3_R1_L5_I3_T10,raw_range,A3,,,L5,I3,T10,S02,excluded_source_missing,raw range path and anchor layout currently wired for A0 only,R1
X_A3_R1_L5_I4_T6,raw_range,A3,,,L5,I4,T6,S02,excluded_source_missing,raw range path and anchor layout currently wired for A0 only,R1
X_A3_R1_L5_I4_T7,raw_range,A3,,,L5,I4,T7,S02,excluded_source_missing,raw range path and anchor layout currently wired for A0 only,R1
X_A3_R1_L5_I4_T8,raw_range,A3,,,L5,I4,T8,S02,excluded_source_missing,raw range path and anchor layout currently wired for A0 only,R1
X_A3_R1_L5_I4_T9,raw_range,A3,,,L5,I4,T9,S02,excluded_source_missing,raw range path and anchor layout currently wired for A0 only,R1
X_A3_R1_L5_I4_T10,raw_range,A3,,,L5,I4,T10,S02,excluded_source_missing,raw range path and anchor layout currently wired for A0 only,R1
X_A3_R1_L5_I5_T6,raw_range,A3,,,L5,I5,T6,S02,excluded_source_missing,raw range path and anchor layout currently wired for A0 only,R1
X_A3_R1_L5_I5_T7,raw_range,A3,,,L5,I5,T7,S02,excluded_source_missing,raw range path and anchor layout currently wired for A0 only,R1
X_A3_R1_L5_I5_T8,raw_range,A3,,,L5,I5,T8,S02,excluded_source_missing,raw range path and anchor layout currently wired for A0 only,R1
X_A3_R1_L5_I5_T9,raw_range,A3,,,L5,I5,T9,S02,excluded_source_missing,raw range path and anchor layout currently wired for A0 only,R1
X_A3_R1_L5_I5_T10,raw_range,A3,,,L5,I5,T10,S02,excluded_source_missing,raw range path and anchor layout currently wired for A0 only,R1
X_A3_R1_L5_I6_T6,raw_range,A3,,,L5,I6,T6,S02,excluded_source_missing,raw range path and anchor layout currently wired for A0 only,R1
X_A3_R1_L5_I6_T7,raw_range,A3,,,L5,I6,T7,S02,excluded_source_missing,raw range path and anchor layout currently wired for A0 only,R1
X_A3_R1_L5_I6_T8,raw_range,A3,,,L5,I6,T8,S02,excluded_source_missing,raw range path and anchor layout currently wired for A0 only,R1
X_A3_R1_L5_I6_T9,raw_range,A3,,,L5,I6,T9,S02,excluded_source_missing,raw range path and anchor layout currently wired for A0 only,R1
X_A3_R1_L5_I6_T10,raw_range,A3,,,L5,I6,T10,S02,excluded_source_missing,raw range path and anchor layout currently wired for A0 only,R1
X_A3_R1_L5_I7_T6,raw_range,A3,,,L5,I7,T6,S02,excluded_source_missing,raw range path and anchor layout currently wired for A0 only,R1
X_A3_R1_L5_I7_T7,raw_range,A3,,,L5,I7,T7,S02,excluded_source_missing,raw range path and anchor layout currently wired for A0 only,R1
X_A3_R1_L5_I7_T8,raw_range,A3,,,L5,I7,T8,S02,excluded_source_missing,raw range path and anchor layout currently wired for A0 only,R1
X_A3_R1_L5_I7_T9,raw_range,A3,,,L5,I7,T9,S02,excluded_source_missing,raw range path and anchor layout currently wired for A0 only,R1
X_A3_R1_L5_I7_T10,raw_range,A3,,,L5,I7,T10,S02,excluded_source_missing,raw range path and anchor layout currently wired for A0 only,R1
X_A3_R1_L5_I8_T6,raw_range,A3,,,L5,I8,T6,S02,excluded_source_missing,raw range path and anchor layout currently wired for A0 only,R1
X_A3_R1_L5_I8_T7,raw_range,A3,,,L5,I8,T7,S02,excluded_source_missing,raw range path and anchor layout currently wired for A0 only,R1
X_A3_R1_L5_I8_T8,raw_range,A3,,,L5,I8,T8,S02,excluded_source_missing,raw range path and anchor layout currently wired for A0 only,R1
X_A3_R1_L5_I8_T9,raw_range,A3,,,L5,I8,T9,S02,excluded_source_missing,raw range path and anchor layout currently wired for A0 only,R1
X_A3_R1_L5_I8_T10,raw_range,A3,,,L5,I8,T10,S02,excluded_source_missing,raw range path and anchor layout currently wired for A0 only,R1
X_A3_R2_L5_I0_T6,raw_range,A3,,,L5,I0,T6,S02,excluded_source_missing,raw range path and anchor layout currently wired for A0 only,R2
X_A3_R2_L5_I0_T7,raw_range,A3,,,L5,I0,T7,S02,excluded_source_missing,raw range path and anchor layout currently wired for A0 only,R2
X_A3_R2_L5_I0_T8,raw_range,A3,,,L5,I0,T8,S02,excluded_source_missing,raw range path and anchor layout currently wired for A0 only,R2
X_A3_R2_L5_I0_T9,raw_range,A3,,,L5,I0,T9,S02,excluded_source_missing,raw range path and anchor layout currently wired for A0 only,R2
X_A3_R2_L5_I0_T10,raw_range,A3,,,L5,I0,T10,S02,excluded_source_missing,raw range path and anchor layout currently wired for A0 only,R2
X_A3_R2_L5_I1_T6,raw_range,A3,,,L5,I1,T6,S02,excluded_source_missing,raw range path and anchor layout currently wired for A0 only,R2
X_A3_R2_L5_I1_T7,raw_range,A3,,,L5,I1,T7,S02,excluded_source_missing,raw range path and anchor layout currently wired for A0 only,R2
X_A3_R2_L5_I1_T8,raw_range,A3,,,L5,I1,T8,S02,excluded_source_missing,raw range path and anchor layout currently wired for A0 only,R2
X_A3_R2_L5_I1_T9,raw_range,A3,,,L5,I1,T9,S02,excluded_source_missing,raw range path and anchor layout currently wired for A0 only,R2
X_A3_R2_L5_I1_T10,raw_range,A3,,,L5,I1,T10,S02,excluded_source_missing,raw range path and anchor layout currently wired for A0 only,R2
X_A3_R2_L5_I2_T6,raw_range,A3,,,L5,I2,T6,S02,excluded_source_missing,raw range path and anchor layout currently wired for A0 only,R2
X_A3_R2_L5_I2_T7,raw_range,A3,,,L5,I2,T7,S02,excluded_source_missing,raw range path and anchor layout currently wired for A0 only,R2
X_A3_R2_L5_I2_T8,raw_range,A3,,,L5,I2,T8,S02,excluded_source_missing,raw range path and anchor layout currently wired for A0 only,R2
X_A3_R2_L5_I2_T9,raw_range,A3,,,L5,I2,T9,S02,excluded_source_missing,raw range path and anchor layout currently wired for A0 only,R2
X_A3_R2_L5_I2_T10,raw_range,A3,,,L5,I2,T10,S02,excluded_source_missing,raw range path and anchor layout currently wired for A0 only,R2
X_A3_R2_L5_I3_T6,raw_range,A3,,,L5,I3,T6,S02,excluded_source_missing,raw range path and anchor layout currently wired for A0 only,R2
X_A3_R2_L5_I3_T7,raw_range,A3,,,L5,I3,T7,S02,excluded_source_missing,raw range path and anchor layout currently wired for A0 only,R2
X_A3_R2_L5_I3_T8,raw_range,A3,,,L5,I3,T8,S02,excluded_source_missing,raw range path and anchor layout currently wired for A0 only,R2
X_A3_R2_L5_I3_T9,raw_range,A3,,,L5,I3,T9,S02,excluded_source_missing,raw range path and anchor layout currently wired for A0 only,R2
X_A3_R2_L5_I3_T10,raw_range,A3,,,L5,I3,T10,S02,excluded_source_missing,raw range path and anchor layout currently wired for A0 only,R2
X_A3_R2_L5_I4_T6,raw_range,A3,,,L5,I4,T6,S02,excluded_source_missing,raw range path and anchor layout currently wired for A0 only,R2
X_A3_R2_L5_I4_T7,raw_range,A3,,,L5,I4,T7,S02,excluded_source_missing,raw range path and anchor layout currently wired for A0 only,R2
X_A3_R2_L5_I4_T8,raw_range,A3,,,L5,I4,T8,S02,excluded_source_missing,raw range path and anchor layout currently wired for A0 only,R2
X_A3_R2_L5_I4_T9,raw_range,A3,,,L5,I4,T9,S02,excluded_source_missing,raw range path and anchor layout currently wired for A0 only,R2
X_A3_R2_L5_I4_T10,raw_range,A3,,,L5,I4,T10,S02,excluded_source_missing,raw range path and anchor layout currently wired for A0 only,R2
X_A3_R2_L5_I5_T6,raw_range,A3,,,L5,I5,T6,S02,excluded_source_missing,raw range path and anchor layout currently wired for A0 only,R2
X_A3_R2_L5_I5_T7,raw_range,A3,,,L5,I5,T7,S02,excluded_source_missing,raw range path and anchor layout currently wired for A0 only,R2
X_A3_R2_L5_I5_T8,raw_range,A3,,,L5,I5,T8,S02,excluded_source_missing,raw range path and anchor layout currently wired for A0 only,R2
X_A3_R2_L5_I5_T9,raw_range,A3,,,L5,I5,T9,S02,excluded_source_missing,raw range path and anchor layout currently wired for A0 only,R2
X_A3_R2_L5_I5_T10,raw_range,A3,,,L5,I5,T10,S02,excluded_source_missing,raw range path and anchor layout currently wired for A0 only,R2
X_A3_R2_L5_I6_T6,raw_range,A3,,,L5,I6,T6,S02,excluded_source_missing,raw range path and anchor layout currently wired for A0 only,R2
X_A3_R2_L5_I6_T7,raw_range,A3,,,L5,I6,T7,S02,excluded_source_missing,raw range path and anchor layout currently wired for A0 only,R2
X_A3_R2_L5_I6_T8,raw_range,A3,,,L5,I6,T8,S02,excluded_source_missing,raw range path and anchor layout currently wired for A0 only,R2
X_A3_R2_L5_I6_T9,raw_range,A3,,,L5,I6,T9,S02,excluded_source_missing,raw range path and anchor layout currently wired for A0 only,R2
X_A3_R2_L5_I6_T10,raw_range,A3,,,L5,I6,T10,S02,excluded_source_missing,raw range path and anchor layout currently wired for A0 only,R2
X_A3_R2_L5_I7_T6,raw_range,A3,,,L5,I7,T6,S02,excluded_source_missing,raw range path and anchor layout currently wired for A0 only,R2
X_A3_R2_L5_I7_T7,raw_range,A3,,,L5,I7,T7,S02,excluded_source_missing,raw range path and anchor layout currently wired for A0 only,R2
X_A3_R2_L5_I7_T8,raw_range,A3,,,L5,I7,T8,S02,excluded_source_missing,raw range path and anchor layout currently wired for A0 only,R2
X_A3_R2_L5_I7_T9,raw_range,A3,,,L5,I7,T9,S02,excluded_source_missing,raw range path and anchor layout currently wired for A0 only,R2
X_A3_R2_L5_I7_T10,raw_range,A3,,,L5,I7,T10,S02,excluded_source_missing,raw range path and anchor layout currently wired for A0 only,R2
X_A3_R2_L5_I8_T6,raw_range,A3,,,L5,I8,T6,S02,excluded_source_missing,raw range path and anchor layout currently wired for A0 only,R2
X_A3_R2_L5_I8_T7,raw_range,A3,,,L5,I8,T7,S02,excluded_source_missing,raw range path and anchor layout currently wired for A0 only,R2
X_A3_R2_L5_I8_T8,raw_range,A3,,,L5,I8,T8,S02,excluded_source_missing,raw range path and anchor layout currently wired for A0 only,R2
X_A3_R2_L5_I8_T9,raw_range,A3,,,L5,I8,T9,S02,excluded_source_missing,raw range path and anchor layout currently wired for A0 only,R2
X_A3_R2_L5_I8_T10,raw_range,A3,,,L5,I8,T10,S02,excluded_source_missing,raw range path and anchor layout currently wired for A0 only,R2
X_A3_R3_L5_I0_T6,raw_range,A3,,,L5,I0,T6,S02,excluded_source_missing,raw range path and anchor layout currently wired for A0 only,R3
X_A3_R3_L5_I0_T7,raw_range,A3,,,L5,I0,T7,S02,excluded_source_missing,raw range path and anchor layout currently wired for A0 only,R3
X_A3_R3_L5_I0_T8,raw_range,A3,,,L5,I0,T8,S02,excluded_source_missing,raw range path and anchor layout currently wired for A0 only,R3
X_A3_R3_L5_I0_T9,raw_range,A3,,,L5,I0,T9,S02,excluded_source_missing,raw range path and anchor layout currently wired for A0 only,R3
X_A3_R3_L5_I0_T10,raw_range,A3,,,L5,I0,T10,S02,excluded_source_missing,raw range path and anchor layout currently wired for A0 only,R3
X_A3_R3_L5_I1_T6,raw_range,A3,,,L5,I1,T6,S02,excluded_source_missing,raw range path and anchor layout currently wired for A0 only,R3
X_A3_R3_L5_I1_T7,raw_range,A3,,,L5,I1,T7,S02,excluded_source_missing,raw range path and anchor layout currently wired for A0 only,R3
X_A3_R3_L5_I1_T8,raw_range,A3,,,L5,I1,T8,S02,excluded_source_missing,raw range path and anchor layout currently wired for A0 only,R3
X_A3_R3_L5_I1_T9,raw_range,A3,,,L5,I1,T9,S02,excluded_source_missing,raw range path and anchor layout currently wired for A0 only,R3
X_A3_R3_L5_I1_T10,raw_range,A3,,,L5,I1,T10,S02,excluded_source_missing,raw range path and anchor layout currently wired for A0 only,R3
X_A3_R3_L5_I2_T6,raw_range,A3,,,L5,I2,T6,S02,excluded_source_missing,raw range path and anchor layout currently wired for A0 only,R3
X_A3_R3_L5_I2_T7,raw_range,A3,,,L5,I2,T7,S02,excluded_source_missing,raw range path and anchor layout currently wired for A0 only,R3
X_A3_R3_L5_I2_T8,raw_range,A3,,,L5,I2,T8,S02,excluded_source_missing,raw range path and anchor layout currently wired for A0 only,R3
X_A3_R3_L5_I2_T9,raw_range,A3,,,L5,I2,T9,S02,excluded_source_missing,raw range path and anchor layout currently wired for A0 only,R3
X_A3_R3_L5_I2_T10,raw_range,A3,,,L5,I2,T10,S02,excluded_source_missing,raw range path and anchor layout currently wired for A0 only,R3
X_A3_R3_L5_I3_T6,raw_range,A3,,,L5,I3,T6,S02,excluded_source_missing,raw range path and anchor layout currently wired for A0 only,R3
X_A3_R3_L5_I3_T7,raw_range,A3,,,L5,I3,T7,S02,excluded_source_missing,raw range path and anchor layout currently wired for A0 only,R3
X_A3_R3_L5_I3_T8,raw_range,A3,,,L5,I3,T8,S02,excluded_source_missing,raw range path and anchor layout currently wired for A0 only,R3
X_A3_R3_L5_I3_T9,raw_range,A3,,,L5,I3,T9,S02,excluded_source_missing,raw range path and anchor layout currently wired for A0 only,R3
X_A3_R3_L5_I3_T10,raw_range,A3,,,L5,I3,T10,S02,excluded_source_missing,raw range path and anchor layout currently wired for A0 only,R3
X_A3_R3_L5_I4_T6,raw_range,A3,,,L5,I4,T6,S02,excluded_source_missing,raw range path and anchor layout currently wired for A0 only,R3
X_A3_R3_L5_I4_T7,raw_range,A3,,,L5,I4,T7,S02,excluded_source_missing,raw range path and anchor layout currently wired for A0 only,R3
X_A3_R3_L5_I4_T8,raw_range,A3,,,L5,I4,T8,S02,excluded_source_missing,raw range path and anchor layout currently wired for A0 only,R3
X_A3_R3_L5_I4_T9,raw_range,A3,,,L5,I4,T9,S02,excluded_source_missing,raw range path and anchor layout currently wired for A0 only,R3
X_A3_R3_L5_I4_T10,raw_range,A3,,,L5,I4,T10,S02,excluded_source_missing,raw range path and anchor layout currently wired for A0 only,R3
X_A3_R3_L5_I5_T6,raw_range,A3,,,L5,I5,T6,S02,excluded_source_missing,raw range path and anchor layout currently wired for A0 only,R3
X_A3_R3_L5_I5_T7,raw_range,A3,,,L5,I5,T7,S02,excluded_source_missing,raw range path and anchor layout currently wired for A0 only,R3
X_A3_R3_L5_I5_T8,raw_range,A3,,,L5,I5,T8,S02,excluded_source_missing,raw range path and anchor layout currently wired for A0 only,R3
X_A3_R3_L5_I5_T9,raw_range,A3,,,L5,I5,T9,S02,excluded_source_missing,raw range path and anchor layout currently wired for A0 only,R3
X_A3_R3_L5_I5_T10,raw_range,A3,,,L5,I5,T10,S02,excluded_source_missing,raw range path and anchor layout currently wired for A0 only,R3
X_A3_R3_L5_I6_T6,raw_range,A3,,,L5,I6,T6,S02,excluded_source_missing,raw range path and anchor layout currently wired for A0 only,R3
X_A3_R3_L5_I6_T7,raw_range,A3,,,L5,I6,T7,S02,excluded_source_missing,raw range path and anchor layout currently wired for A0 only,R3
X_A3_R3_L5_I6_T8,raw_range,A3,,,L5,I6,T8,S02,excluded_source_missing,raw range path and anchor layout currently wired for A0 only,R3
X_A3_R3_L5_I6_T9,raw_range,A3,,,L5,I6,T9,S02,excluded_source_missing,raw range path and anchor layout currently wired for A0 only,R3
X_A3_R3_L5_I6_T10,raw_range,A3,,,L5,I6,T10,S02,excluded_source_missing,raw range path and anchor layout currently wired for A0 only,R3
X_A3_R3_L5_I7_T6,raw_range,A3,,,L5,I7,T6,S02,excluded_source_missing,raw range path and anchor layout currently wired for A0 only,R3
X_A3_R3_L5_I7_T7,raw_range,A3,,,L5,I7,T7,S02,excluded_source_missing,raw range path and anchor layout currently wired for A0 only,R3
X_A3_R3_L5_I7_T8,raw_range,A3,,,L5,I7,T8,S02,excluded_source_missing,raw range path and anchor layout currently wired for A0 only,R3
X_A3_R3_L5_I7_T9,raw_range,A3,,,L5,I7,T9,S02,excluded_source_missing,raw range path and anchor layout currently wired for A0 only,R3
X_A3_R3_L5_I7_T10,raw_range,A3,,,L5,I7,T10,S02,excluded_source_missing,raw range path and anchor layout currently wired for A0 only,R3
X_A3_R3_L5_I8_T6,raw_range,A3,,,L5,I8,T6,S02,excluded_source_missing,raw range path and anchor layout currently wired for A0 only,R3
X_A3_R3_L5_I8_T7,raw_range,A3,,,L5,I8,T7,S02,excluded_source_missing,raw range path and anchor layout currently wired for A0 only,R3
X_A3_R3_L5_I8_T8,raw_range,A3,,,L5,I8,T8,S02,excluded_source_missing,raw range path and anchor layout currently wired for A0 only,R3
X_A3_R3_L5_I8_T9,raw_range,A3,,,L5,I8,T9,S02,excluded_source_missing,raw range path and anchor layout currently wired for A0 only,R3
X_A3_R3_L5_I8_T10,raw_range,A3,,,L5,I8,T10,S02,excluded_source_missing,raw range path and anchor layout currently wired for A0 only,R3
X_A3_R4_L5_I0_T6,raw_range,A3,,,L5,I0,T6,S02,excluded_source_missing,raw range path and anchor layout currently wired for A0 only,R4
X_A3_R4_L5_I0_T7,raw_range,A3,,,L5,I0,T7,S02,excluded_source_missing,raw range path and anchor layout currently wired for A0 only,R4
X_A3_R4_L5_I0_T8,raw_range,A3,,,L5,I0,T8,S02,excluded_source_missing,raw range path and anchor layout currently wired for A0 only,R4
X_A3_R4_L5_I0_T9,raw_range,A3,,,L5,I0,T9,S02,excluded_source_missing,raw range path and anchor layout currently wired for A0 only,R4
X_A3_R4_L5_I0_T10,raw_range,A3,,,L5,I0,T10,S02,excluded_source_missing,raw range path and anchor layout currently wired for A0 only,R4
X_A3_R4_L5_I1_T6,raw_range,A3,,,L5,I1,T6,S02,excluded_source_missing,raw range path and anchor layout currently wired for A0 only,R4
X_A3_R4_L5_I1_T7,raw_range,A3,,,L5,I1,T7,S02,excluded_source_missing,raw range path and anchor layout currently wired for A0 only,R4
X_A3_R4_L5_I1_T8,raw_range,A3,,,L5,I1,T8,S02,excluded_source_missing,raw range path and anchor layout currently wired for A0 only,R4
X_A3_R4_L5_I1_T9,raw_range,A3,,,L5,I1,T9,S02,excluded_source_missing,raw range path and anchor layout currently wired for A0 only,R4
X_A3_R4_L5_I1_T10,raw_range,A3,,,L5,I1,T10,S02,excluded_source_missing,raw range path and anchor layout currently wired for A0 only,R4
X_A3_R4_L5_I2_T6,raw_range,A3,,,L5,I2,T6,S02,excluded_source_missing,raw range path and anchor layout currently wired for A0 only,R4
X_A3_R4_L5_I2_T7,raw_range,A3,,,L5,I2,T7,S02,excluded_source_missing,raw range path and anchor layout currently wired for A0 only,R4
X_A3_R4_L5_I2_T8,raw_range,A3,,,L5,I2,T8,S02,excluded_source_missing,raw range path and anchor layout currently wired for A0 only,R4
X_A3_R4_L5_I2_T9,raw_range,A3,,,L5,I2,T9,S02,excluded_source_missing,raw range path and anchor layout currently wired for A0 only,R4
X_A3_R4_L5_I2_T10,raw_range,A3,,,L5,I2,T10,S02,excluded_source_missing,raw range path and anchor layout currently wired for A0 only,R4
X_A3_R4_L5_I3_T6,raw_range,A3,,,L5,I3,T6,S02,excluded_source_missing,raw range path and anchor layout currently wired for A0 only,R4
X_A3_R4_L5_I3_T7,raw_range,A3,,,L5,I3,T7,S02,excluded_source_missing,raw range path and anchor layout currently wired for A0 only,R4
X_A3_R4_L5_I3_T8,raw_range,A3,,,L5,I3,T8,S02,excluded_source_missing,raw range path and anchor layout currently wired for A0 only,R4
X_A3_R4_L5_I3_T9,raw_range,A3,,,L5,I3,T9,S02,excluded_source_missing,raw range path and anchor layout currently wired for A0 only,R4
X_A3_R4_L5_I3_T10,raw_range,A3,,,L5,I3,T10,S02,excluded_source_missing,raw range path and anchor layout currently wired for A0 only,R4
X_A3_R4_L5_I4_T6,raw_range,A3,,,L5,I4,T6,S02,excluded_source_missing,raw range path and anchor layout currently wired for A0 only,R4
X_A3_R4_L5_I4_T7,raw_range,A3,,,L5,I4,T7,S02,excluded_source_missing,raw range path and anchor layout currently wired for A0 only,R4
X_A3_R4_L5_I4_T8,raw_range,A3,,,L5,I4,T8,S02,excluded_source_missing,raw range path and anchor layout currently wired for A0 only,R4
X_A3_R4_L5_I4_T9,raw_range,A3,,,L5,I4,T9,S02,excluded_source_missing,raw range path and anchor layout currently wired for A0 only,R4
X_A3_R4_L5_I4_T10,raw_range,A3,,,L5,I4,T10,S02,excluded_source_missing,raw range path and anchor layout currently wired for A0 only,R4
X_A3_R4_L5_I5_T6,raw_range,A3,,,L5,I5,T6,S02,excluded_source_missing,raw range path and anchor layout currently wired for A0 only,R4
X_A3_R4_L5_I5_T7,raw_range,A3,,,L5,I5,T7,S02,excluded_source_missing,raw range path and anchor layout currently wired for A0 only,R4
X_A3_R4_L5_I5_T8,raw_range,A3,,,L5,I5,T8,S02,excluded_source_missing,raw range path and anchor layout currently wired for A0 only,R4
X_A3_R4_L5_I5_T9,raw_range,A3,,,L5,I5,T9,S02,excluded_source_missing,raw range path and anchor layout currently wired for A0 only,R4
X_A3_R4_L5_I5_T10,raw_range,A3,,,L5,I5,T10,S02,excluded_source_missing,raw range path and anchor layout currently wired for A0 only,R4
X_A3_R4_L5_I6_T6,raw_range,A3,,,L5,I6,T6,S02,excluded_source_missing,raw range path and anchor layout currently wired for A0 only,R4
X_A3_R4_L5_I6_T7,raw_range,A3,,,L5,I6,T7,S02,excluded_source_missing,raw range path and anchor layout currently wired for A0 only,R4
X_A3_R4_L5_I6_T8,raw_range,A3,,,L5,I6,T8,S02,excluded_source_missing,raw range path and anchor layout currently wired for A0 only,R4
X_A3_R4_L5_I6_T9,raw_range,A3,,,L5,I6,T9,S02,excluded_source_missing,raw range path and anchor layout currently wired for A0 only,R4
X_A3_R4_L5_I6_T10,raw_range,A3,,,L5,I6,T10,S02,excluded_source_missing,raw range path and anchor layout currently wired for A0 only,R4
X_A3_R4_L5_I7_T6,raw_range,A3,,,L5,I7,T6,S02,excluded_source_missing,raw range path and anchor layout currently wired for A0 only,R4
X_A3_R4_L5_I7_T7,raw_range,A3,,,L5,I7,T7,S02,excluded_source_missing,raw range path and anchor layout currently wired for A0 only,R4
X_A3_R4_L5_I7_T8,raw_range,A3,,,L5,I7,T8,S02,excluded_source_missing,raw range path and anchor layout currently wired for A0 only,R4
X_A3_R4_L5_I7_T9,raw_range,A3,,,L5,I7,T9,S02,excluded_source_missing,raw range path and anchor layout currently wired for A0 only,R4
X_A3_R4_L5_I7_T10,raw_range,A3,,,L5,I7,T10,S02,excluded_source_missing,raw range path and anchor layout currently wired for A0 only,R4
X_A3_R4_L5_I8_T6,raw_range,A3,,,L5,I8,T6,S02,excluded_source_missing,raw range path and anchor layout currently wired for A0 only,R4
X_A3_R4_L5_I8_T7,raw_range,A3,,,L5,I8,T7,S02,excluded_source_missing,raw range path and anchor layout currently wired for A0 only,R4
X_A3_R4_L5_I8_T8,raw_range,A3,,,L5,I8,T8,S02,excluded_source_missing,raw range path and anchor layout currently wired for A0 only,R4
X_A3_R4_L5_I8_T9,raw_range,A3,,,L5,I8,T9,S02,excluded_source_missing,raw range path and anchor layout currently wired for A0 only,R4
X_A3_R4_L5_I8_T10,raw_range,A3,,,L5,I8,T10,S02,excluded_source_missing,raw range path and anchor layout currently wired for A0 only,R4
X_A0_L5_I0_T11,imu_only,A0,,,L5,I0,T11,S02,runnable,,
X_A0_L5_I0_T12,imu_only,A0,,,L5,I0,T12,S02,runnable,,
X_A0_L5_I1_T11,imu_only,A0,,,L5,I1,T11,S02,runnable,,
X_A0_L5_I1_T12,imu_only,A0,,,L5,I1,T12,S02,runnable,,
X_A0_L5_I2_T11,imu_only,A0,,,L5,I2,T11,S02,runnable,,
X_A0_L5_I2_T12,imu_only,A0,,,L5,I2,T12,S02,runnable,,
X_A0_L5_I3_T11,imu_only,A0,,,L5,I3,T11,S02,runnable,,
X_A0_L5_I3_T12,imu_only,A0,,,L5,I3,T12,S02,runnable,,
X_A0_L5_I4_T11,imu_only,A0,,,L5,I4,T11,S02,runnable,,
X_A0_L5_I4_T12,imu_only,A0,,,L5,I4,T12,S02,runnable,,
X_A0_L5_I5_T11,imu_only,A0,,,L5,I5,T11,S02,runnable,,
X_A0_L5_I5_T12,imu_only,A0,,,L5,I5,T12,S02,runnable,,
X_A0_L5_I6_T11,imu_only,A0,,,L5,I6,T11,S02,runnable,,
X_A0_L5_I6_T12,imu_only,A0,,,L5,I6,T12,S02,runnable,,
X_A0_L5_I7_T11,imu_only,A0,,,L5,I7,T11,S02,runnable,,
X_A0_L5_I7_T12,imu_only,A0,,,L5,I7,T12,S02,runnable,,
X_A0_L5_I8_T11,imu_only,A0,,,L5,I8,T11,S02,runnable,,
X_A0_L5_I8_T12,imu_only,A0,,,L5,I8,T12,S02,runnable,,
X_A1_L5_I0_T11,imu_only,A1,,,L5,I0,T11,S02,runnable,,
X_A1_L5_I0_T12,imu_only,A1,,,L5,I0,T12,S02,runnable,,
X_A1_L5_I1_T11,imu_only,A1,,,L5,I1,T11,S02,runnable,,
X_A1_L5_I1_T12,imu_only,A1,,,L5,I1,T12,S02,runnable,,
X_A1_L5_I2_T11,imu_only,A1,,,L5,I2,T11,S02,runnable,,
X_A1_L5_I2_T12,imu_only,A1,,,L5,I2,T12,S02,runnable,,
X_A1_L5_I3_T11,imu_only,A1,,,L5,I3,T11,S02,runnable,,
X_A1_L5_I3_T12,imu_only,A1,,,L5,I3,T12,S02,runnable,,
X_A1_L5_I4_T11,imu_only,A1,,,L5,I4,T11,S02,runnable,,
X_A1_L5_I4_T12,imu_only,A1,,,L5,I4,T12,S02,runnable,,
X_A1_L5_I5_T11,imu_only,A1,,,L5,I5,T11,S02,runnable,,
X_A1_L5_I5_T12,imu_only,A1,,,L5,I5,T12,S02,runnable,,
X_A1_L5_I6_T11,imu_only,A1,,,L5,I6,T11,S02,runnable,,
X_A1_L5_I6_T12,imu_only,A1,,,L5,I6,T12,S02,runnable,,
X_A1_L5_I7_T11,imu_only,A1,,,L5,I7,T11,S02,runnable,,
X_A1_L5_I7_T12,imu_only,A1,,,L5,I7,T12,S02,runnable,,
X_A1_L5_I8_T11,imu_only,A1,,,L5,I8,T11,S02,runnable,,
X_A1_L5_I8_T12,imu_only,A1,,,L5,I8,T12,S02,runnable,,
X_A2_L5_I0_T11,imu_only,A2,,,L5,I0,T11,S02,runnable,,
X_A2_L5_I0_T12,imu_only,A2,,,L5,I0,T12,S02,runnable,,
X_A2_L5_I1_T11,imu_only,A2,,,L5,I1,T11,S02,runnable,,
X_A2_L5_I1_T12,imu_only,A2,,,L5,I1,T12,S02,runnable,,
X_A2_L5_I2_T11,imu_only,A2,,,L5,I2,T11,S02,runnable,,
X_A2_L5_I2_T12,imu_only,A2,,,L5,I2,T12,S02,runnable,,
X_A2_L5_I3_T11,imu_only,A2,,,L5,I3,T11,S02,runnable,,
X_A2_L5_I3_T12,imu_only,A2,,,L5,I3,T12,S02,runnable,,
X_A2_L5_I4_T11,imu_only,A2,,,L5,I4,T11,S02,runnable,,
X_A2_L5_I4_T12,imu_only,A2,,,L5,I4,T12,S02,runnable,,
X_A2_L5_I5_T11,imu_only,A2,,,L5,I5,T11,S02,runnable,,
X_A2_L5_I5_T12,imu_only,A2,,,L5,I5,T12,S02,runnable,,
X_A2_L5_I6_T11,imu_only,A2,,,L5,I6,T11,S02,runnable,,
X_A2_L5_I6_T12,imu_only,A2,,,L5,I6,T12,S02,runnable,,
X_A2_L5_I7_T11,imu_only,A2,,,L5,I7,T11,S02,runnable,,
X_A2_L5_I7_T12,imu_only,A2,,,L5,I7,T12,S02,runnable,,
X_A2_L5_I8_T11,imu_only,A2,,,L5,I8,T11,S02,runnable,,
X_A2_L5_I8_T12,imu_only,A2,,,L5,I8,T12,S02,runnable,,
X_A3_L5_I0_T11,imu_only,A3,,,L5,I0,T11,S02,runnable,,
X_A3_L5_I0_T12,imu_only,A3,,,L5,I0,T12,S02,runnable,,
X_A3_L5_I1_T11,imu_only,A3,,,L5,I1,T11,S02,runnable,,
X_A3_L5_I1_T12,imu_only,A3,,,L5,I1,T12,S02,runnable,,
X_A3_L5_I2_T11,imu_only,A3,,,L5,I2,T11,S02,runnable,,
X_A3_L5_I2_T12,imu_only,A3,,,L5,I2,T12,S02,runnable,,
X_A3_L5_I3_T11,imu_only,A3,,,L5,I3,T11,S02,runnable,,
X_A3_L5_I3_T12,imu_only,A3,,,L5,I3,T12,S02,runnable,,
X_A3_L5_I4_T11,imu_only,A3,,,L5,I4,T11,S02,runnable,,
X_A3_L5_I4_T12,imu_only,A3,,,L5,I4,T12,S02,runnable,,
X_A3_L5_I5_T11,imu_only,A3,,,L5,I5,T11,S02,runnable,,
X_A3_L5_I5_T12,imu_only,A3,,,L5,I5,T12,S02,runnable,,
X_A3_L5_I6_T11,imu_only,A3,,,L5,I6,T11,S02,runnable,,
X_A3_L5_I6_T12,imu_only,A3,,,L5,I6,T12,S02,runnable,,
X_A3_L5_I7_T11,imu_only,A3,,,L5,I7,T11,S02,runnable,,
X_A3_L5_I7_T12,imu_only,A3,,,L5,I7,T12,S02,runnable,,
X_A3_L5_I8_T11,imu_only,A3,,,L5,I8,T11,S02,runnable,,
X_A3_L5_I8_T12,imu_only,A3,,,L5,I8,T12,S02,runnable,,
