a,b,master,dist_mm,quality_percent,raw_mm,ok,fail
A,B,A,4977,100,4977,1,0
A,C,A,7058,100,7058,1,0
A,D,A,4962,100,4962,1,0
A,E,A,1405,100,1405,1,0
A,F,A,5146,100,5146,1,0
A,G,A,7120,100,7120,1,0
A,H,A,5173,100,5173,1,0
A,B,B,4983,100,4983,1,0
B,C,B,4985,100,4985,1,0
B,D,B,6971,100,6971,1,0
B,E,B,5148,100,5148,1,0
B,F,B,1393,100,1393,1,0
B,G,B,5200,100,5200,1,0
B,H,B,7138,100,7138,1,0
A,C,C,6995,100,6995,1,0
B,C,C,4955,100,4955,1,0
C,D,C,4946,100,4946,1,0
C,E,C,7164,100,7164,1,0
C,F,C,5130,100,5130,1,0
C,G,C,1393,100,1393,1,0
C,H,C,5136,100,5136,1,0
A,D,D,4956,100,4956,1,0
B,D,D,7019,100,7019,1,0
C,D,D,4933,100,4933,1,0
D,E,D,5201,100,5201,1,0
D,F,D,7136,100,7136,1,0
D,G,D,5155,100,5155,1,0
D,H,D,1363,100,1363,1,0
A,E,E,1421,100,1421,1,0
B,E,E,5114,100,5114,1,0
C,E,E,7173,100,7173,1,0
D,E,E,5152,100,5152,1,0
E,F,E,4956,100,4956,1,0
E,G,E,7070,100,7070,1,0
E,H,E,4964,100,4964,1,0
A,F,F,5183,100,5183,1,0
B,F,F,1419,100,1419,1,0
C,F,F,5151,100,5151,1,0
D,F,F,7099,100,7099,1,0
E,F,F,4986,100,4986,1,0
F,G,F,5014,100,5014,1,0
F,H,F,7016,100,7016,1,0
A,G,G,7206,100,7206,1,0
B,G,G,5197,100,5197,1,0
C,G,G,1403,100,1403,1,0
D,G,G,5131,100,5131,1,0
E,G,G,7039,100,7039,1,0
F,G,G,4991,100,4991,1,0
G,H,G,4941,100,4941,1,0
A,H,H,5139,100,5139,1,0
B,H,H,7089,100,7089,1,0
C,H,H,5126,100,5126,1,0
D,H,H,1387,100,1387,1,0
E,H,H,4977,100,4977,1,0
F,H,H,7012,100,7012,1,0
G,H,H,4973,100,4973,1,0
A,B,A,4974,100,4974,1,0
A,C,A,7016,100,7016,1,0
A,D,A,4958,100,4958,1,0
A,E,A,1383,100,1383,1,0
A,F,A,5162,100,5162,1,0
A,G,A,7183,100,7183,1,0
A,H,A,5117,100,5117,1,0
A,B,B,4946,100,4946,1,0
B,C,B,5013,100,5013,1,0
B,D,B,7013,100,7013,1,0
B,E,B,5140,100,5140,1,0
B,F,B,1393,100,1393,1,0
B,G,B,5186,100,5186,1,0
B,H,B,7119,100,7119,1,0
A,C,C,7016,100,7016,1,0
B,C,C,4966,100,4966,1,0
C,D,C,4966,100,4966,1,0
C,E,C,7189,100,7189,1,0
C,F,C,5157,100,5157,1,0
C,G,C,1412,100,1412,1,0
C,H,C,5155,100,5155,1,0
A,D,D,4915,100,4915,1,0
B,D,D,7000,100,7000,1,0
C,D,D,4927,100,4927,1,0
D,E,D,5185,100,5185,1,0
D,F,D,7130,100,7130,1,0
D,G,D,5157,100,5157,1,0
D,H,D,1409,100,1409,1,0
A,E,E,1464,100,1464,1,0
B,E,E,5161,100,5161,1,0
C,E,E,7184,100,7184,1,0
D,E,E,5200,100,5200,1,0
E,F,E,4975,100,4975,1,0
E,G,E,7026,100,7026,1,0
E,H,E,4993,100,4993,1,0
A,F,F,5156,100,5156,1,0
B,F,F,1392,100,1392,1,0
C,F,F,5171,100,5171,1,0
D,F,F,7145,100,7145,1,0
E,F,F,4980,100,4980,1,0
F,G,F,4952,100,4952,1,0
F,H,F,6980,100,6980,1,0
A,G,G,7145,100,7145,1,0
B,G,G,5219,100,5219,1,0
C,G,G,1375,100,1375,1,0
D,G,G,5125,100,5125,1,0
E,G,G,7045,100,7045,1,0
F,G,G,4967,100,4967,1,0
G,H,G,4983,100,4983,1,0
A,H,H,5150,100,5150,1,0
B,H,H,7130,100,7130,1,0
C,H,H,5098,100,5098,1,0
D,H,H,1421,100,1421,1,0
E,H,H,4954,100,4954,1,0
F,H,H,6997,100,6997,1,0
G,H,H,4963,100,4963,1,0
A,B,A,4944,100,4944,1,0
A,C,A,7042,100,7042,1,0
A,D,A,4940,100,4940,1,0
A,E,A,1448,100,1448,1,0
A,F,A,5178,100,5178,1,0
A,G,A,7177,100,7177,1,0
A,H,A,5153,100,5153,1,0
A,B,B,5013,100,5013,1,0
B,C,B,4980,100,4980,1,0
B,D,B,6969,100,6969,1,0
B,E,B,5138,100,5138,1,0
B,F,B,1378,100,1378,1,0
B,G,B,5174,100,5174,1,0
B,H,B,7178,100,7178,1,0
A,C,C,7074,100,7074,1,0
B,C,C,4986,100,4986,1,0
C,D,C,4995,100,4995,1,0
C,E,C,7190,100,7190,1,0
C,F,C,5136,100,5136,1,0
C,G,C,1422,100,1422,1,0
C,H,C,5215,100,5215,1,0
A,D,D,4983,100,4983,1,0
B,D,D,6994,100,6994,1,0
C,D,D,4942,100,4942,1,0
D,E,D,5138,100,5138,1,0
D,F,D,7161,100,7161,1,0
D,G,D,5164,100,5164,1,0
D,H,D,1408,100,1408,1,0
A,E,E,1423,100,1423,1,0
B,E,E,5109,100,5109,1,0
C,E,E,7133,100,7133,1,0
D,E,E,5164,100,5164,1,0
E,F,E,4984,100,4984,1,0
E,G,E,7034,100,7034,1,0
E,H,E,4970,100,4970,1,0
A,F,F,5164,100,5164,1,0
B,F,F,1383,100,1383,1,0
C,F,F,5166,100,5166,1,0
D,F,F,7116,100,7116,1,0
E,F,F,4978,100,4978,1,0
F,G,F,4972,100,4972,1,0
F,H,F,7034,100,7034,1,0
A,G,G,7159,100,7159,1,0
B,G,G,5169,100,5169,1,0
C,G,G,1421,100,1421,1,0
D,G,G,5133,100,5133,1,0
E,G,G,7052,100,7052,1,0
F,G,G,4994,100,4994,1,0
G,H,G,4944,100,4944,1,0
A,H,H,5195,100,5195,1,0
B,H,H,7139,100,7139,1,0
C,H,H,5145,100,5145,1,0
D,H,H,1405,100,1405,1,0
E,H,H,5018,100,5018,1,0
F,H,H,6966,100,6966,1,0
G,H,H,4960,100,4960,1,0
A,B,A,4978,100,4978,1,0
A,C,A,7051,100,7051,1,0
A,D,A,4939,100,4939,1,0
A,E,A,1386,100,1386,1,0
A,F,A,5141,100,5141,1,0
A,G,A,7211,100,7211,1,0
A,H,A,5094,100,5094,1,0
A,B,B,4983,100,4983,1,0
B,C,B,5004,100,5004,1,0
B,D,B,7020,100,7020,1,0
B,E,B,5119,100,5119,1,0
B,F,B,1365,100,1365,1,0
B,G,B,5201,100,5201,1,0
B,H,B,7198,100,7198,1,0
A,C,C,6978,100,6978,1,0
B,C,C,5000,100,5000,1,0
C,D,C,4952,100,4952,1,0
C,E,C,7197,100,7197,1,0
C,F,C,5153,100,5153,1,0
C,G,C,1445,100,1445,1,0
C,H,C,5154,100,5154,1,0
A,D,D,4924,100,4924,1,0
B,D,D,7018,100,7018,1,0
C,D,D,4951,100,4951,1,0
D,E,D,5155,100,5155,1,0
D,F,D,7155,100,7155,1,0
D,G,D,5118,100,5118,1,0
D,H,D,1391,100,1391,1,0
A,E,E,1423,100,1423,1,0
B,E,E,5146,100,5146,1,0
C,E,E,7159,100,7159,1,0
D,E,E,5252,100,5252,1,0
E,F,E,4972,100,4972,1,0
E,G,E,7072,100,7072,1,0
E,H,E,5016,100,5016,1,0
A,F,F,5133,100,5133,1,0
B,F,F,1415,100,1415,1,0
C,F,F,5147,100,5147,1,0
D,F,F,7119,100,7119,1,0
E,F,F,4964,100,4964,1,0
F,G,F,4984,100,4984,1,0
F,H,F,7007,100,7007,1,0
A,G,G,7134,100,7134,1,0
B,G,G,5199,100,5199,1,0
C,G,G,1396,100,1396,1,0
D,G,G,5191,100,5191,1,0
E,G,G,7079,100,7079,1,0
F,G,G,4976,100,4976,1,0
G,H,G,4930,100,4930,1,0
A,H,H,5138,100,5138,1,0
B,H,H,7127,100,7127,1,0
C,H,H,5176,100,5176,1,0
D,H,H,1418,100,1418,1,0
E,H,H,4998,100,4998,1,0
F,H,H,7008,100,7008,1,0
G,H,H,4947,100,4947,1,0
A,B,A,4906,100,4906,1,0
A,C,A,7040,100,7040,1,0
A,D,A,4951,100,4951,1,0
A,E,A,1449,100,1449,1,0
A,F,A,5222,100,5222,1,0
A,G,A,7164,100,7164,1,0
A,H,A,5178,100,5178,1,0
A,B,B,4918,100,4918,1,0
B,C,B,4945,100,4945,1,0
B,D,B,7053,100,7053,1,0
B,E,B,5168,100,5168,1,0
B,F,B,1402,100,1402,1,0
B,G,B,5204,100,5204,1,0
B,H,B,7133,100,7133,1,0
A,C,C,7002,100,7002,1,0
B,C,C,4991,100,4991,1,0
C,D,C,4927,100,4927,1,0
C,E,C,7160,100,7160,1,0
C,F,C,5154,100,5154,1,0
C,G,C,1386,100,1386,1,0
C,H,C,5179,100,5179,1,0
A,D,D,4942,100,4942,1,0
B,D,D,7052,100,7052,1,0
C,D,D,4935,100,4935,1,0
D,E,D,5166,100,5166,1,0
D,F,D,7164,100,7164,1,0
D,G,D,5133,100,5133,1,0
D,H,D,1436,100,1436,1,0
A,E,E,1441,100,1441,1,0
B,E,E,5107,100,5107,1,0
C,E,E,7128,100,7128,1,0
D,E,E,5183,100,5183,1,0
E,F,E,4972,100,4972,1,0
E,G,E,7055,100,7055,1,0
E,H,E,5011,100,5011,1,0
A,F,F,5196,100,5196,1,0
B,F,F,1401,100,1401,1,0
C,F,F,5149,100,5149,1,0
D,F,F,7165,100,7165,1,0
E,F,F,5013,100,5013,1,0
F,G,F,4993,100,4993,1,0
F,H,F,6964,100,6964,1,0
A,G,G,7194,100,7194,1,0
B,G,G,5210,100,5210,1,0
C,G,G,1387,100,1387,1,0
D,G,G,5144,100,5144,1,0
E,G,G,7092,100,7092,1,0
F,G,G,4969,100,4969,1,0
G,H,G,4953,100,4953,1,0
A,H,H,5178,100,5178,1,0
B,H,H,7170,100,7170,1,0
C,H,H,5122,100,5122,1,0
D,H,H,1354,100,1354,1,0
E,H,H,4960,100,4960,1,0
F,H,H,7015,100,7015,1,0
G,H,H,4932,100,4932,1,0
A,B,A,4962,100,4962,1,0
A,C,A,7020,100,7020,1,0
A,D,A,4953,100,4953,1,0
A,E,A,1406,100,1406,1,0
A,F,A,5129,100,5129,1,0
A,G,A,7181,100,7181,1,0
A,H,A,5149,100,5149,1,0
A,B,B,4966,100,4966,1,0
B,C,B,4957,100,4957,1,0
B,D,B,6985,100,6985,1,0
B,E,B,5175,100,5175,1,0
B,F,B,1434,100,1434,1,0
B,G,B,5197,100,5197,1,0
B,H,B,7190,100,7190,1,0
A,C,C,7018,100,7018,1,0
B,C,C,4964,100,4964,1,0
C,D,C,4936,100,4936,1,0
C,E,C,7164,100,7164,1,0
C,F,C,5144,100,5144,1,0
C,G,C,1388,100,1388,1,0
C,H,C,5134,100,5134,1,0
A,D,D,4947,100,4947,1,0
B,D,D,7000,100,7000,1,0
C,D,D,4961,100,4961,1,0
D,E,D,5193,100,5193,1,0
D,F,D,7167,100,7167,1,0
D,G,D,5142,100,5142,1,0
D,H,D,1480,100,1480,1,0
A,E,E,1475,100,1475,1,0
B,E,E,5150,100,5150,1,0
C,E,E,7197,100,7197,1,0
D,E,E,5175,100,5175,1,0
E,F,E,4983,100,4983,1,0
E,G,E,7061,100,7061,1,0
E,H,E,4993,100,4993,1,0
A,F,F,5147,100,5147,1,0
B,F,F,1393,100,1393,1,0
C,F,F,5151,100,5151,1,0
D,F,F,7105,100,7105,1,0
E,F,F,5021,100,5021,1,0
F,G,F,4975,100,4975,1,0
F,H,F,6983,100,6983,1,0
A,G,G,7192,100,7192,1,0
B,G,G,5222,100,5222,1,0
C,G,G,1426,100,1426,1,0
D,G,G,5095,100,5095,1,0
E,G,G,7056,100,7056,1,0
F,G,G,4959,100,4959,1,0
G,H,G,4968,100,4968,1,0
A,H,H,5173,100,5173,1,0
B,H,H,7144,100,7144,1,0
C,H,H,5145,100,5145,1,0
D,H,H,1437,100,1437,1,0
E,H,H,4983,100,4983,1,0
F,H,H,6992,100,6992,1,0
G,H,H,4963,100,4963,1,0
A,B,A,4981,100,4981,1,0
A,C,A,7042,100,7042,1,0
A,D,A,4932,100,4932,1,0
A,E,A,1380,100,1380,1,0
A,F,A,5235,100,5235,1,0
A,G,A,7171,100,7171,1,0
A,H,A,5189,100,5189,1,0
A,B,B,4937,100,4937,1,0
B,C,B,4984,100,4984,1,0
B,D,B,7031,100,7031,1,0
B,E,B,5126,100,5126,1,0
B,F,B,1410,100,1410,1,0
B,G,B,5168,100,5168,1,0
B,H,B,7106,100,7106,1,0
A,C,C,6974,100,6974,1,0
B,C,C,4960,100,4960,1,0
C,D,C,4969,100,4969,1,0
C,E,C,7198,100,7198,1,0
C,F,C,5173,100,5173,1,0
C,G,C,1352,100,1352,1,0
C,H,C,5142,100,5142,1,0
A,D,D,4957,100,4957,1,0
B,D,D,6953,100,6953,1,0
C,D,D,4960,100,4960,1,0
D,E,D,5176,100,5176,1,0
D,F,D,7147,100,7147,1,0
D,G,D,5156,100,5156,1,0
D,H,D,1444,100,1444,1,0
A,E,E,1389,100,1389,1,0
B,E,E,5113,100,5113,1,0
C,E,E,7170,100,7170,1,0
D,E,E,5145,100,5145,1,0
E,F,E,4960,100,4960,1,0
E,G,E,7080,100,7080,1,0
E,H,E,4960,100,4960,1,0
A,F,F,5177,100,5177,1,0
B,F,F,1407,100,1407,1,0
C,F,F,5123,100,5123,1,0
D,F,F,7114,100,7114,1,0
E,F,F,4984,100,4984,1,0
F,G,F,5003,100,5003,1,0
F,H,F,6981,100,6981,1,0
A,G,G,7177,100,7177,1,0
B,G,G,5172,100,5172,1,0
C,G,G,1384,100,1384,1,0
D,G,G,5166,100,5166,1,0
E,G,G,7046,100,7046,1,0
F,G,G,4974,100,4974,1,0
G,H,G,4958,100,4958,1,0
A,H,H,5150,100,5150,1,0
B,H,H,7123,100,7123,1,0
C,H,H,5159,100,5159,1,0
D,H,H,1387,100,1387,1,0
E,H,H,4990,100,4990,1,0
F,H,H,7012,100,7012,1,0
G,H,H,4909,100,4909,1,0
A,B,A,4954,100,4954,1,0
A,C,A,7037,100,7037,1,0
A,D,A,4939,100,4939,1,0
A,E,A,1407,100,1407,1,0
A,F,A,5157,100,5157,1,0
A,G,A,7142,100,7142,1,0
A,H,A,5157,100,5157,1,0
A,B,B,4957,100,4957,1,0
B,C,B,4963,100,4963,1,0
B,D,B,7011,100,7011,1,0
B,E,B,5122,100,5122,1,0
B,F,B,1372,100,1372,1,0
B,G,B,5165,100,5165,1,0
B,H,B,7167,100,7167,1,0
A,C,C,7062,100,7062,1,0
B,C,C,4955,100,4955,1,0
C,D,C,4962,100,4962,1,0
C,E,C,7161,100,7161,1,0
C,F,C,5178,100,5178,1,0
C,G,C,1407,100,1407,1,0
C,H,C,5160,100,5160,1,0
A,D,D,4964,100,4964,1,0
B,D,D,6992,100,6992,1,0
C,D,D,4955,100,4955,1,0
D,E,D,5191,100,5191,1,0
D,F,D,7169,100,7169,1,0
D,G,D,5132,100,5132,1,0
D,H,D,1406,100,1406,1,0
A,E,E,1391,100,1391,1,0
B,E,E,5159,100,5159,1,0
C,E,E,7163,100,7163,1,0
D,E,E,5133,100,5133,1,0
E,F,E,4933,100,4933,1,0
E,G,E,7046,100,7046,1,0
E,H,E,4966,100,4966,1,0
A,F,F,5215,100,5215,1,0
B,F,F,1421,100,1421,1,0
C,F,F,5166,100,5166,1,0
D,F,F,7145,100,7145,1,0
E,F,F,4973,100,4973,1,0
F,G,F,4956,100,4956,1,0
F,H,F,6972,100,6972,1,0
A,G,G,7104,100,7104,1,0
B,G,G,5178,100,5178,1,0
C,G,G,1450,100,1450,1,0
D,G,G,5149,100,5149,1,0
E,G,G,7054,100,7054,1,0
F,G,G,4956,100,4956,1,0
G,H,G,4954,100,4954,1,0
A,H,H,5116,100,5116,1,0
B,H,H,7169,100,7169,1,0
C,H,H,5126,100,5126,1,0
D,H,H,1422,100,1422,1,0
E,H,H,4975,100,4975,1,0
F,H,H,7000,100,7000,1,0
G,H,H,4943,100,4943,1,0
A,B,A,4950,100,4950,1,0
A,C,A,6992,100,6992,1,0
A,D,A,4934,100,4934,1,0
A,E,A,1398,100,1398,1,0
A,F,A,5237,100,5237,1,0
A,G,A,7136,100,7136,1,0
A,H,A,5155,100,5155,1,0
A,B,B,4986,100,4986,1,0
B,C,B,5007,100,5007,1,0
B,D,B,7040,100,7040,1,0
B,E,B,5161,100,5161,1,0
B,F,B,1410,100,1410,1,0
B,G,B,5197,100,5197,1,0
B,H,B,7190,100,7190,1,0
A,C,C,6995,100,6995,1,0
B,C,C,4970,100,4970,1,0
C,D,C,4960,100,4960,1,0
C,E,C,7166,100,7166,1,0
C,F,C,5154,100,5154,1,0
C,G,C,1398,100,1398,1,0
C,H,C,5228,100,5228,1,0
A,D,D,4953,100,4953,1,0
B,D,D,7005,100,7005,1,0
C,D,D,4928,100,4928,1,0
D,E,D,5154,100,5154,1,0
D,F,D,7120,100,7120,1,0
D,G,D,5144,100,5144,1,0
D,H,D,1423,100,1423,1,0
A,E,E,1400,100,1400,1,0
B,E,E,5144,100,5144,1,0
C,E,E,7170,100,7170,1,0
D,E,E,5142,100,5142,1,0
E,F,E,4931,100,4931,1,0
E,G,E,7063,100,7063,1,0
E,H,E,4959,100,4959,1,0
A,F,F,5164,100,5164,1,0
B,F,F,1406,100,1406,1,0
C,F,F,5165,100,5165,1,0
D,F,F,7116,100,7116,1,0
E,F,F,4972,100,4972,1,0
F,G,F,4957,100,4957,1,0
F,H,F,7007,100,7007,1,0
A,G,G,7155,100,7155,1,0
B,G,G,5199,100,5199,1,0
C,G,G,1382,100,1382,1,0
D,G,G,5113,100,5113,1,0
E,G,G,7041,100,7041,1,0
F,G,G,4969,100,4969,1,0
G,H,G,4912,100,4912,1,0
A,H,H,5122,100,5122,1,0
B,H,H,7191,100,7191,1,0
C,H,H,5136,100,5136,1,0
D,H,H,1401,100,1401,1,0
E,H,H,4985,100,4985,1,0
F,H,H,6992,100,6992,1,0
G,H,H,4954,100,4954,1,0
A,B,A,4955,100,4955,1,0
A,C,A,6998,100,6998,1,0
A,D,A,4934,100,4934,1,0
A,E,A,1379,100,1379,1,0
A,F,A,5163,100,5163,1,0
A,G,A,7179,100,7179,1,0
A,H,A,5150,100,5150,1,0
A,B,B,4961,100,4961,1,0
B,C,B,4954,100,4954,1,0
B,D,B,6984,100,6984,1,0
B,E,B,5160,100,5160,1,0
B,F,B,1370,100,1370,1,0
B,G,B,5206,100,5206,1,0
B,H,B,7124,100,7124,1,0
A,C,C,6983,100,6983,1,0
B,C,C,4940,100,4940,1,0
C,D,C,4957,100,4957,1,0
C,E,C,7169,100,7169,1,0
C,F,C,5157,100,5157,1,0
C,G,C,1443,100,1443,1,0
C,H,C,5161,100,5161,1,0
A,D,D,4972,100,4972,1,0
B,D,D,7005,100,7005,1,0
C,D,D,4991,100,4991,1,0
D,E,D,5161,100,5161,1,0
D,F,D,7135,100,7135,1,0
D,G,D,5164,100,5164,1,0
D,H,D,1404,100,1404,1,0
A,E,E,1345,100,1345,1,0
B,E,E,5223,100,5223,1,0
C,E,E,7167,100,7167,1,0
D,E,E,5156,100,5156,1,0
E,F,E,4965,100,4965,1,0
E,G,E,7058,100,7058,1,0
E,H,E,4962,100,4962,1,0
A,F,F,5201,100,5201,1,0
B,F,F,1379,100,1379,1,0
C,F,F,5149,100,5149,1,0
D,F,F,7126,100,7126,1,0
E,F,F,4950,100,4950,1,0
F,G,F,4949,100,4949,1,0
F,H,F,7003,100,7003,1,0
A,G,G,7151,100,7151,1,0
B,G,G,5221,100,5221,1,0
C,G,G,1385,100,1385,1,0
D,G,G,5130,100,5130,1,0
E,G,G,7025,100,7025,1,0
F,G,G,4959,100,4959,1,0
G,H,G,4953,100,4953,1,0
A,H,H,5170,100,5170,1,0
B,H,H,7142,100,7142,1,0
C,H,H,5159,100,5159,1,0
D,H,H,1466,100,1466,1,0
E,H,H,4966,100,4966,1,0
F,H,H,6956,100,6956,1,0
G,H,H,4939,100,4939,1,0
A,B,A,4958,100,4958,1,0
A,C,A,7020,100,7020,1,0
A,D,A,4956,100,4956,1,0
A,E,A,1385,100,1385,1,0
A,F,A,5216,100,5216,1,0
A,G,A,7132,100,7132,1,0
A,H,A,5151,100,5151,1,0
A,B,B,4950,100,4950,1,0
B,C,B,4976,100,4976,1,0
B,D,B,7005,100,7005,1,0
B,E,B,5146,100,5146,1,0
B,F,B,1387,100,1387,1,0
B,G,B,5212,100,5212,1,0
B,H,B,7162,100,7162,1,0
A,C,C,7061,100,7061,1,0
B,C,C,4955,100,4955,1,0
C,D,C,4964,100,4964,1,0
C,E,C,7197,100,7197,1,0
C,F,C,5127,100,5127,1,0
C,G,C,1397,100,1397,1,0
C,H,C,5176,100,5176,1,0
A,D,D,4957,100,4957,1,0
B,D,D,7025,100,7025,1,0
C,D,D,4904,100,4904,1,0
D,E,D,5086,100,5086,1,0
D,F,D,7121,100,7121,1,0
D,G,D,5156,100,5156,1,0
D,H,D,1442,100,1442,1,0
A,E,E,1434,100,1434,1,0
B,E,E,5141,100,5141,1,0
C,E,E,7146,100,7146,1,0
D,E,E,5184,100,5184,1,0
E,F,E,4978,100,4978,1,0
E,G,E,7050,100,7050,1,0
E,H,E,5004,100,5004,1,0
A,F,F,5169,100,5169,1,0
B,F,F,1388,100,1388,1,0
C,F,F,5154,100,5154,1,0
D,F,F,7128,100,7128,1,0
E,F,F,4985,100,4985,1,0
F,G,F,4972,100,4972,1,0
F,H,F,7015,100,7015,1,0
A,G,G,7208,100,7208,1,0
B,G,G,5174,100,5174,1,0
C,G,G,1439,100,1439,1,0
D,G,G,5117,100,5117,1,0
E,G,G,7037,100,7037,1,0
F,G,G,4969,100,4969,1,0
G,H,G,4983,100,4983,1,0
A,H,H,5165,100,5165,1,0
B,H,H,7172,100,7172,1,0
C,H,H,5129,100,5129,1,0
D,H,H,1376,100,1376,1,0
E,H,H,4976,100,4976,1,0
F,H,H,6975,100,6975,1,0
G,H,H,4965,100,4965,1,0
A,B,A,4970,100,4970,1,0
A,C,A,6972,100,6972,1,0
A,D,A,4922,100,4922,1,0
A,E,A,1422,100,1422,1,0
A,F,A,5148,100,5148,1,0
A,G,A,7222,100,7222,1,0
A,H,A,5144,100,5144,1,0
A,B,B,4963,100,4963,1,0
B,C,B,4966,100,4966,1,0
B,D,B,7015,100,7015,1,0
B,E,B,5133,100,5133,1,0
B,F,B,1408,100,1408,1,0
B,G,B,5184,100,5184,1,0
B,H,B,7162,100,7162,1,0
A,C,C,7053,100,7053,1,0
B,C,C,4965,100,4965,1,0
C,D,C,4941,100,4941,1,0
C,E,C,7187,100,7187,1,0
C,F,C,5132,100,5132,1,0
C,G,C,1386,100,1386,1,0
C,H,C,5107,100,5107,1,0
A,D,D,4965,100,4965,1,0
B,D,D,7004,100,7004,1,0
C,D,D,4938,100,4938,1,0
D,E,D,5111,100,5111,1,0
D,F,D,7146,100,7146,1,0
D,G,D,5148,100,5148,1,0
D,H,D,1411,100,1411,1,0
A,E,E,1395,100,1395,1,0
B,E,E,5127,100,5127,1,0
C,E,E,7193,100,7193,1,0
D,E,E,5153,100,5153,1,0
E,F,E,4977,100,4977,1,0
E,G,E,7056,100,7056,1,0
E,H,E,4949,100,4949,1,0
A,F,F,5177,100,5177,1,0
B,F,F,1369,100,1369,1,0
C,F,F,5152,100,5152,1,0
D,F,F,7131,100,7131,1,0
E,F,F,4998,100,4998,1,0
F,G,F,4993,100,4993,1,0
F,H,F,7027,100,7027,1,0
A,G,G,7167,100,7167,1,0
B,G,G,5166,100,5166,1,0
C,G,G,1412,100,1412,1,0
D,G,G,5164,100,5164,1,0
E,G,G,7055,100,7055,1,0
F,G,G,4994,100,4994,1,0
G,H,G,4934,100,4934,1,0
A,H,H,5179,100,5179,1,0
B,H,H,7169,100,7169,1,0
C,H,H,5135,100,5135,1,0
D,H,H,1379,100,1379,1,0
E,H,H,5004,100,5004,1,0
F,H,H,7028,100,7028,1,0
G,H,H,4980,100,4980,1,0
A,B,A,4968,100,4968,1,0
A,C,A,7002,100,7002,1,0
A,D,A,4917,100,4917,1,0
A,E,A,1377,100,1377,1,0
A,F,A,5162,100,5162,1,0
A,G,A,7182,100,7182,1,0
A,H,A,5154,100,5154,1,0
A,B,B,4935,100,4935,1,0
B,C,B,4949,100,4949,1,0
B,D,B,6999,100,6999,1,0
B,E,B,5170,100,5170,1,0
B,F,B,1416,100,1416,1,0
B,G,B,5184,100,5184,1,0
B,H,B,7135,100,7135,1,0
A,C,C,7014,100,7014,1,0
B,C,C,4992,100,4992,1,0
C,D,C,4942,100,4942,1,0
C,E,C,7168,100,7168,1,0
C,F,C,5164,100,5164,1,0
C,G,C,1424,100,1424,1,0
C,H,C,5191,100,5191,1,0
A,D,D,4935,100,4935,1,0
B,D,D,7013,100,7013,1,0
C,D,D,4936,100,4936,1,0
D,E,D,5142,100,5142,1,0
D,F,D,7150,100,7150,1,0
D,G,D,5133,100,5133,1,0
D,H,D,1436,100,1436,1,0
A,E,E,1417,100,1417,1,0
B,E,E,5142,100,5142,1,0
C,E,E,7165,100,7165,1,0
D,E,E,5155,100,5155,1,0
E,F,E,4999,100,4999,1,0
E,G,E,7036,100,7036,1,0
E,H,E,5009,100,5009,1,0
A,F,F,5162,100,5162,1,0
B,F,F,1394,100,1394,1,0
C,F,F,5189,100,5189,1,0
D,F,F,7151,100,7151,1,0
E,F,F,4950,100,4950,1,0
F,G,F,4972,100,4972,1,0
F,H,F,6992,100,6992,1,0
A,G,G,7143,100,7143,1,0
B,G,G,5177,100,5177,1,0
C,G,G,1347,100,1347,1,0
D,G,G,5146,100,5146,1,0
E,G,G,7032,100,7032,1,0
F,G,G,4969,100,4969,1,0
G,H,G,4948,100,4948,1,0
A,H,H,5147,100,5147,1,0
B,H,H,7170,100,7170,1,0
C,H,H,5186,100,5186,1,0
D,H,H,1336,100,1336,1,0
E,H,H,5005,100,5005,1,0
F,H,H,7001,100,7001,1,0
G,H,H,4977,100,4977,1,0
A,B,A,4970,100,4970,1,0
A,C,A,7030,100,7030,1,0
A,D,A,4942,100,4942,1,0
A,E,A,1408,100,1408,1,0
A,F,A,5156,100,5156,1,0
A,G,A,7183,100,7183,1,0
A,H,A,5188,100,5188,1,0
A,B,B,4980,100,4980,1,0
B,C,B,4969,100,4969,1,0
B,D,B,6992,100,6992,1,0
B,E,B,5166,100,5166,1,0
B,F,B,1392,100,1392,1,0
B,G,B,5177,100,5177,1,0
B,H,B,7142,100,7142,1,0
A,C,C,6998,100,6998,1,0
B,C,C,4980,100,4980,1,0
C,D,C,4931,100,4931,1,0
C,E,C,7169,100,7169,1,0
C,F,C,5155,100,5155,1,0
C,G,C,1370,100,1370,1,0
C,H,C,5151,100,5151,1,0
A,D,D,4949,100,4949,1,0
B,D,D,7021,100,7021,1,0
C,D,D,4964,100,4964,1,0
D,E,D,5114,100,5114,1,0
D,F,D,7125,100,7125,1,0
D,G,D,5153,100,5153,1,0
D,H,D,1410,100,1410,1,0
A,E,E,1442,100,1442,1,0
B,E,E,5174,100,5174,1,0
C,E,E,7165,100,7165,1,0
D,E,E,5124,100,5124,1,0
E,F,E,4974,100,4974,1,0
E,G,E,7059,100,7059,1,0
E,H,E,4993,100,4993,1,0
A,F,F,5150,100,5150,1,0
B,F,F,1391,100,1391,1,0
C,F,F,5158,100,5158,1,0
D,F,F,7167,100,7167,1,0
E,F,F,4969,100,4969,1,0
F,G,F,4938,100,4938,1,0
F,H,F,7009,100,7009,1,0
A,G,G,7167,100,7167,1,0
B,G,G,5178,100,5178,1,0
C,G,G,1419,100,1419,1,0
D,G,G,5162,100,5162,1,0
E,G,G,7044,100,7044,1,0
F,G,G,4961,100,4961,1,0
G,H,G,4963,100,4963,1,0
A,H,H,5182,100,5182,1,0
B,H,H,7148,100,7148,1,0
C,H,H,5192,100,5192,1,0
D,H,H,1397,100,1397,1,0
E,H,H,4975,100,4975,1,0
F,H,H,7018,100,7018,1,0
G,H,H,4937,100,4937,1,0
A,B,A,4958,100,4958,1,0
A,C,A,7078,100,7078,1,0
A,D,A,4918,100,4918,1,0
A,E,A,1439,100,1439,1,0
A,F,A,5161,100,5161,1,0
A,G,A,7175,100,7175,1,0
A,H,A,5194,100,5194,1,0
A,B,B,4972,100,4972,1,0
B,C,B,4994,100,4994,1,0
B,D,B,7036,100,7036,1,0
B,E,B,5112,100,5112,1,0
B,F,B,1408,100,1408,1,0
B,G,B,5149,100,5149,1,0
B,H,B,7123,100,7123,1,0
A,C,C,7038,100,7038,1,0
B,C,C,4989,100,4989,1,0
C,D,C,4950,100,4950,1,0
C,E,C,7171,100,7171,1,0
C,F,C,5156,100,5156,1,0
C,G,C,1387,100,1387,1,0
C,H,C,5160,100,5160,1,0
A,D,D,4970,100,4970,1,0
B,D,D,7006,100,7006,1,0
C,D,D,4980,100,4980,1,0
D,E,D,5181,100,5181,1,0
D,F,D,7107,100,7107,1,0
D,G,D,5149,100,5149,1,0
D,H,D,1387,100,1387,1,0
A,E,E,1357,100,1357,1,0
B,E,E,5126,100,5126,1,0
C,E,E,7158,100,7158,1,0
D,E,E,5122,100,5122,1,0
E,F,E,4997,100,4997,1,0
E,G,E,7029,100,7029,1,0
E,H,E,4985,100,4985,1,0
A,F,F,5209,100,5209,1,0
B,F,F,1409,100,1409,1,0
C,F,F,5152,100,5152,1,0
D,F,F,7131,100,7131,1,0
E,F,F,4969,100,4969,1,0
F,G,F,4968,100,4968,1,0
F,H,F,7035,100,7035,1,0
A,G,G,7171,100,7171,1,0
B,G,G,5232,100,5232,1,0
C,G,G,1397,100,1397,1,0
D,G,G,5157,100,5157,1,0
E,G,G,7042,100,7042,1,0
F,G,G,4982,100,4982,1,0
G,H,G,4970,100,4970,1,0
A,H,H,5175,100,5175,1,0
B,H,H,7109,100,7109,1,0
C,H,H,5182,100,5182,1,0
D,H,H,1423,100,1423,1,0
E,H,H,4973,100,4973,1,0
F,H,H,7010,100,7010,1,0
G,H,H,4944,100,4944,1,0
A,B,A,4993,100,4993,1,0
A,C,A,7003,100,7003,1,0
A,D,A,4950,100,4950,1,0
A,E,A,1425,100,1425,1,0
A,F,A,5213,100,5213,1,0
A,G,A,7147,100,7147,1,0
A,H,A,5114,100,5114,1,0
A,B,B,4974,100,4974,1,0
B,C,B,4966,100,4966,1,0
B,D,B,6982,100,6982,1,0
B,E,B,5136,100,5136,1,0
B,F,B,1402,100,1402,1,0
B,G,B,5198,100,5198,1,0
B,H,B,7093,100,7093,1,0
A,C,C,7016,100,7016,1,0
B,C,C,4986,100,4986,1,0
C,D,C,4957,100,4957,1,0
C,E,C,7180,100,7180,1,0
C,F,C,5149,100,5149,1,0
C,G,C,1362,100,1362,1,0
C,H,C,5153,100,5153,1,0
A,D,D,4937,100,4937,1,0
B,D,D,7003,100,7003,1,0
C,D,D,4934,100,4934,1,0
D,E,D,5196,100,5196,1,0
D,F,D,7138,100,7138,1,0
D,G,D,5158,100,5158,1,0
D,H,D,1401,100,1401,1,0
A,E,E,1387,100,1387,1,0
B,E,E,5131,100,5131,1,0
C,E,E,7165,100,7165,1,0
D,E,E,5159,100,5159,1,0
E,F,E,5048,100,5048,1,0
E,G,E,7081,100,7081,1,0
E,H,E,4963,100,4963,1,0
A,F,F,5167,100,5167,1,0
B,F,F,1411,100,1411,1,0
C,F,F,5147,100,5147,1,0
D,F,F,7135,100,7135,1,0
E,F,F,4952,100,4952,1,0
F,G,F,4974,100,4974,1,0
F,H,F,6993,100,6993,1,0
A,G,G,7166,100,7166,1,0
B,G,G,5204,100,5204,1,0
C,G,G,1429,100,1429,1,0
D,G,G,5136,100,5136,1,0
E,G,G,7081,100,7081,1,0
F,G,G,4983,100,4983,1,0
G,H,G,4934,100,4934,1,0
A,H,H,5157,100,5157,1,0
B,H,H,7187,100,7187,1,0
C,H,H,5137,100,5137,1,0
D,H,H,1436,100,1436,1,0
E,H,H,4988,100,4988,1,0
F,H,H,6984,100,6984,1,0
G,H,H,4928,100,4928,1,0
A,B,A,4945,100,4945,1,0
A,C,A,7042,100,7042,1,0
A,D,A,4953,100,4953,1,0
A,E,A,1391,100,1391,1,0
A,F,A,5158,100,5158,1,0
A,G,A,7142,100,7142,1,0
A,H,A,5112,100,5112,1,0
A,B,B,4978,100,4978,1,0
B,C,B,4997,100,4997,1,0
B,D,B,7005,100,7005,1,0
B,E,B,5154,100,5154,1,0
B,F,B,1431,100,1431,1,0
B,G,B,5152,100,5152,1,0
B,H,B,7155,100,7155,1,0
A,C,C,7030,100,7030,1,0
B,C,C,4983,100,4983,1,0
C,D,C,4980,100,4980,1,0
C,E,C,7217,100,7217,1,0
C,F,C,5162,100,5162,1,0
C,G,C,1396,100,1396,1,0
C,H,C,5151,100,5151,1,0
A,D,D,4944,100,4944,1,0
B,D,D,6982,100,6982,1,0
C,D,D,4961,100,4961,1,0
D,E,D,5173,100,5173,1,0
D,F,D,7148,100,7148,1,0
D,G,D,5151,100,5151,1,0
D,H,D,1384,100,1384,1,0
A,E,E,1413,100,1413,1,0
B,E,E,5146,100,5146,1,0
C,E,E,7189,100,7189,1,0
D,E,E,5235,100,5235,1,0
E,F,E,4963,100,4963,1,0
E,G,E,7048,100,7048,1,0
E,H,E,4962,100,4962,1,0
A,F,F,5175,100,5175,1,0
B,F,F,1351,100,1351,1,0
C,F,F,5152,100,5152,1,0
D,F,F,7128,100,7128,1,0
E,F,F,4960,100,4960,1,0
F,G,F,4952,100,4952,1,0
F,H,F,6996,100,6996,1,0
A,G,G,7202,100,7202,1,0
B,G,G,5206,100,5206,1,0
C,G,G,1383,100,1383,1,0
D,G,G,5117,100,5117,1,0
E,G,G,7069,100,7069,1,0
F,G,G,4954,100,4954,1,0
G,H,G,4949,100,4949,1,0
A,H,H,5186,100,5186,1,0
B,H,H,7154,100,7154,1,0
C,H,H,5174,100,5174,1,0
D,H,H,1448,100,1448,1,0
E,H,H,4955,100,4955,1,0
F,H,H,6996,100,6996,1,0
G,H,H,4970,100,4970,1,0
A,B,A,4956,100,4956,1,0
A,C,A,7054,100,7054,1,0
A,D,A,4946,100,4946,1,0
A,E,A,1444,100,1444,1,0
A,F,A,5125,100,5125,1,0
A,G,A,7145,100,7145,1,0
A,H,A,5108,100,5108,1,0
A,B,B,4956,100,4956,1,0
B,C,B,5007,100,5007,1,0
B,D,B,7005,100,7005,1,0
B,E,B,5109,100,5109,1,0
B,F,B,1415,100,1415,1,0
B,G,B,5211,100,5211,1,0
B,H,B,7169,100,7169,1,0
A,C,C,7040,100,7040,1,0
B,C,C,4964,100,4964,1,0
C,D,C,4970,100,4970,1,0
C,E,C,7167,100,7167,1,0
C,F,C,5164,100,5164,1,0
C,G,C,1429,100,1429,1,0
C,H,C,5122,100,5122,1,0
A,D,D,4930,100,4930,1,0
B,D,D,7005,100,7005,1,0
C,D,D,4944,100,4944,1,0
D,E,D,5222,100,5222,1,0
D,F,D,7147,100,7147,1,0
D,G,D,5164,100,5164,1,0
D,H,D,1403,100,1403,1,0
A,E,E,1386,100,1386,1,0
B,E,E,5145,100,5145,1,0
C,E,E,7201,100,7201,1,0
D,E,E,5180,100,5180,1,0
E,F,E,4950,100,4950,1,0
E,G,E,7052,100,7052,1,0
E,H,E,4953,100,4953,1,0
A,F,F,5148,100,5148,1,0
B,F,F,1412,100,1412,1,0
C,F,F,5148,100,5148,1,0
D,F,F,7145,100,7145,1,0
E,F,F,4993,100,4993,1,0
F,G,F,4983,100,4983,1,0
F,H,F,7001,100,7001,1,0
A,G,G,7150,100,7150,1,0
B,G,G,5229,100,5229,1,0
C,G,G,1370,100,1370,1,0
D,G,G,5118,100,5118,1,0
E,G,G,7050,100,7050,1,0
F,G,G,4975,100,4975,1,0
G,H,G,4989,100,4989,1,0
A,H,H,5153,100,5153,1,0
B,H,H,7165,100,7165,1,0
C,H,H,5173,100,5173,1,0
D,H,H,1380,100,1380,1,0
E,H,H,4985,100,4985,1,0
F,H,H,7039,100,7039,1,0
G,H,H,4960,100,4960,1,0
A,B,A,4930,100,4930,1,0
A,C,A,7002,100,7002,1,0
A,D,A,4931,100,4931,1,0
A,E,A,1448,100,1448,1,0
A,F,A,5158,100,5158,1,0
A,G,A,7221,100,7221,1,0
A,H,A,5172,100,5172,1,0
A,B,B,4940,100,4940,1,0
B,C,B,4986,100,4986,1,0
B,D,B,6963,100,6963,1,0
B,E,B,5167,100,5167,1,0
B,F,B,1374,100,1374,1,0
B,G,B,5196,100,5196,1,0
B,H,B,7149,100,7149,1,0
A,C,C,7030,100,7030,1,0
B,C,C,4935,100,4935,1,0
C,D,C,4907,100,4907,1,0
C,E,C,7196,100,7196,1,0
C,F,C,5162,100,5162,1,0
C,G,C,1398,100,1398,1,0
C,H,C,5184,100,5184,1,0
A,D,D,4943,100,4943,1,0
B,D,D,7049,100,7049,1,0
C,D,D,4931,100,4931,1,0
D,E,D,5205,100,5205,1,0
D,F,D,7134,100,7134,1,0
D,G,D,5142,100,5142,1,0
D,H,D,1364,100,1364,1,0
A,E,E,1430,100,1430,1,0
B,E,E,5129,100,5129,1,0
C,E,E,7201,100,7201,1,0
D,E,E,5186,100,5186,1,0
E,F,E,4964,100,4964,1,0
E,G,E,7057,100,7057,1,0
E,H,E,5002,100,5002,1,0
A,F,F,5189,100,5189,1,0
B,F,F,1375,100,1375,1,0
C,F,F,5133,100,5133,1,0
D,F,F,7128,100,7128,1,0
E,F,F,4972,100,4972,1,0
F,G,F,4985,100,4985,1,0
F,H,F,6972,100,6972,1,0
A,G,G,7151,100,7151,1,0
B,G,G,5213,100,5213,1,0
C,G,G,1370,100,1370,1,0
D,G,G,5130,100,5130,1,0
E,G,G,7042,100,7042,1,0
F,G,G,5009,100,5009,1,0
G,H,G,4944,100,4944,1,0
A,H,H,5156,100,5156,1,0
B,H,H,7146,100,7146,1,0
C,H,H,5164,100,5164,1,0
D,H,H,1349,100,1349,1,0
E,H,H,4984,100,4984,1,0
F,H,H,7027,100,7027,1,0
G,H,H,4940,100,4940,1,0
A,B,A,5000,100,5000,1,0
A,C,A,7064,100,7064,1,0
A,D,A,4941,100,4941,1,0
A,E,A,1415,100,1415,1,0
A,F,A,5110,100,5110,1,0
A,G,A,7167,100,7167,1,0
A,H,A,5136,100,5136,1,0
A,B,B,4953,100,4953,1,0
B,C,B,4973,100,4973,1,0
B,D,B,6958,100,6958,1,0
B,E,B,5125,100,5125,1,0
B,F,B,1401,100,1401,1,0
B,G,B,5203,100,5203,1,0
B,H,B,7131,100,7131,1,0
A,C,C,7019,100,7019,1,0
B,C,C,4952,100,4952,1,0
C,D,C,4921,100,4921,1,0
C,E,C,7168,100,7168,1,0
C,F,C,5138,100,5138,1,0
C,G,C,1385,100,1385,1,0
C,H,C,5154,100,5154,1,0
A,D,D,4912,100,4912,1,0
B,D,D,6988,100,6988,1,0
C,D,D,4925,100,4925,1,0
D,E,D,5152,100,5152,1,0
D,F,D,7128,100,7128,1,0
D,G,D,5111,100,5111,1,0
D,H,D,1451,100,1451,1,0
A,E,E,1395,100,1395,1,0
B,E,E,5134,100,5134,1,0
C,E,E,7191,100,7191,1,0
D,E,E,5218,100,5218,1,0
E,F,E,4976,100,4976,1,0
E,G,E,7057,100,7057,1,0
E,H,E,4949,100,4949,1,0
A,F,F,5158,100,5158,1,0
B,F,F,1415,100,1415,1,0
C,F,F,5125,100,5125,1,0
D,F,F,7143,100,7143,1,0
E,F,F,4949,100,4949,1,0
F,G,F,4982,100,4982,1,0
F,H,F,6992,100,6992,1,0
A,G,G,7155,100,7155,1,0
B,G,G,5215,100,5215,1,0
C,G,G,1424,100,1424,1,0
D,G,G,5187,100,5187,1,0
E,G,G,7040,100,7040,1,0
F,G,G,4944,100,4944,1,0
G,H,G,4984,100,4984,1,0
A,H,H,5118,100,5118,1,0
B,H,H,7160,100,7160,1,0
C,H,H,5184,100,5184,1,0
D,H,H,1400,100,1400,1,0
E,H,H,4985,100,4985,1,0
F,H,H,7008,100,7008,1,0
G,H,H,4971,100,4971,1,0
A,B,A,4956,100,4956,1,0
A,C,A,7071,100,7071,1,0
A,D,A,4942,100,4942,1,0
A,E,A,1441,100,1441,1,0
A,F,A,5129,100,5129,1,0
A,G,A,7199,100,7199,1,0
A,H,A,5144,100,5144,1,0
A,B,B,4996,100,4996,1,0
B,C,B,4978,100,4978,1,0
B,D,B,6996,100,6996,1,0
B,E,B,5158,100,5158,1,0
B,F,B,1353,100,1353,1,0
B,G,B,5226,100,5226,1,0
B,H,B,7127,100,7127,1,0
A,C,C,7003,100,7003,1,0
B,C,C,4986,100,4986,1,0
C,D,C,4958,100,4958,1,0
C,E,C,7179,100,7179,1,0
C,F,C,5158,100,5158,1,0
C,G,C,1408,100,1408,1,0
C,H,C,5143,100,5143,1,0
A,D,D,4952,100,4952,1,0
B,D,D,6969,100,6969,1,0
C,D,D,4946,100,4946,1,0
D,E,D,5111,100,5111,1,0
D,F,D,7136,100,7136,1,0
D,G,D,5103,100,5103,1,0
D,H,D,1417,100,1417,1,0
A,E,E,1370,100,1370,1,0
B,E,E,5160,100,5160,1,0
C,E,E,7181,100,7181,1,0
D,E,E,5126,100,5126,1,0
E,F,E,4952,100,4952,1,0
E,G,E,7047,100,7047,1,0
E,H,E,4962,100,4962,1,0
A,F,F,5214,100,5214,1,0
B,F,F,1408,100,1408,1,0
C,F,F,5155,100,5155,1,0
D,F,F,7179,100,7179,1,0
E,F,F,4979,100,4979,1,0
F,G,F,4954,100,4954,1,0
F,H,F,7041,100,7041,1,0
A,G,G,7160,100,7160,1,0
B,G,G,5220,100,5220,1,0
C,G,G,1387,100,1387,1,0
D,G,G,5175,100,5175,1,0
E,G,G,7067,100,7067,1,0
F,G,G,4978,100,4978,1,0
G,H,G,4930,100,4930,1,0
A,H,H,5152,100,5152,1,0
B,H,H,7176,100,7176,1,0
C,H,H,5159,100,5159,1,0
D,H,H,1426,100,1426,1,0
E,H,H,4991,100,4991,1,0
F,H,H,7009,100,7009,1,0
G,H,H,4960,100,4960,1,0
A,B,A,4930,100,4930,1,0
A,C,A,7022,100,7022,1,0
A,D,A,4934,100,4934,1,0
A,E,A,1411,100,1411,1,0
A,F,A,5235,100,5235,1,0
A,G,A,7167,100,7167,1,0
A,H,A,5132,100,5132,1,0
A,B,B,4917,100,4917,1,0
B,C,B,4988,100,4988,1,0
B,D,B,6996,100,6996,1,0
B,E,B,5147,100,5147,1,0
B,F,B,1393,100,1393,1,0
B,G,B,5181,100,5181,1,0
B,H,B,7092,100,7092,1,0
A,C,C,6997,100,6997,1,0
B,C,C,4978,100,4978,1,0
C,D,C,4957,100,4957,1,0
C,E,C,7211,100,7211,1,0
C,F,C,5182,100,5182,1,0
C,G,C,1396,100,1396,1,0
C,H,C,5160,100,5160,1,0
A,D,D,4947,100,4947,1,0
B,D,D,6992,100,6992,1,0
C,D,D,4959,100,4959,1,0
D,E,D,5126,100,5126,1,0
D,F,D,7117,100,7117,1,0
D,G,D,5142,100,5142,1,0
D,H,D,1400,100,1400,1,0
A,E,E,1387,100,1387,1,0
B,E,E,5125,100,5125,1,0
C,E,E,7165,100,7165,1,0
D,E,E,5207,100,5207,1,0
E,F,E,5009,100,5009,1,0
E,G,E,7046,100,7046,1,0
E,H,E,4988,100,4988,1,0
A,F,F,5133,100,5133,1,0
B,F,F,1431,100,1431,1,0
C,F,F,5168,100,5168,1,0
D,F,F,7162,100,7162,1,0
E,F,F,4969,100,4969,1,0
F,G,F,4976,100,4976,1,0
F,H,F,7017,100,7017,1,0
A,G,G,7151,100,7151,1,0
B,G,G,5157,100,5157,1,0
C,G,G,1421,100,1421,1,0
D,G,G,5165,100,5165,1,0
E,G,G,7042,100,7042,1,0
F,G,G,4964,100,4964,1,0
G,H,G,4964,100,4964,1,0
A,H,H,5175,100,5175,1,0
B,H,H,7166,100,7166,1,0
C,H,H,5133,100,5133,1,0
D,H,H,1380,100,1380,1,0
E,H,H,4949,100,4949,1,0
F,H,H,7012,100,7012,1,0
G,H,H,4961,100,4961,1,0
A,B,A,4958,100,4958,1,0
A,C,A,7000,100,7000,1,0
A,D,A,4958,100,4958,1,0
A,E,A,1369,100,1369,1,0
A,F,A,5134,100,5134,1,0
A,G,A,7183,100,7183,1,0
A,H,A,5136,100,5136,1,0
A,B,B,4954,100,4954,1,0
B,C,B,4983,100,4983,1,0
B,D,B,7070,100,7070,1,0
B,E,B,5115,100,5115,1,0
B,F,B,1397,100,1397,1,0
B,G,B,5168,100,5168,1,0
B,H,B,7194,100,7194,1,0
A,C,C,7064,100,7064,1,0
B,C,C,4960,100,4960,1,0
C,D,C,4924,100,4924,1,0
C,E,C,7191,100,7191,1,0
C,F,C,5138,100,5138,1,0
C,G,C,1444,100,1444,1,0
C,H,C,5168,100,5168,1,0
A,D,D,4944,100,4944,1,0
B,D,D,7033,100,7033,1,0
C,D,D,4942,100,4942,1,0
D,E,D,5174,100,5174,1,0
D,F,D,7152,100,7152,1,0
D,G,D,5148,100,5148,1,0
D,H,D,1409,100,1409,1,0
A,E,E,1413,100,1413,1,0
B,E,E,5162,100,5162,1,0
C,E,E,7126,100,7126,1,0
D,E,E,5189,100,5189,1,0
E,F,E,4973,100,4973,1,0
E,G,E,7072,100,7072,1,0
E,H,E,4973,100,4973,1,0
A,F,F,5155,100,5155,1,0
B,F,F,1387,100,1387,1,0
C,F,F,5140,100,5140,1,0
D,F,F,7112,100,7112,1,0
E,F,F,4988,100,4988,1,0
F,G,F,4956,100,4956,1,0
F,H,F,7003,100,7003,1,0
A,G,G,7179,100,7179,1,0
B,G,G,5214,100,5214,1,0
C,G,G,1367,100,1367,1,0
D,G,G,5138,100,5138,1,0
E,G,G,7105,100,7105,1,0
F,G,G,4982,100,4982,1,0
G,H,G,4979,100,4979,1,0
A,H,H,5138,100,5138,1,0
B,H,H,7150,100,7150,1,0
C,H,H,5139,100,5139,1,0
D,H,H,1420,100,1420,1,0
E,H,H,4955,100,4955,1,0
F,H,H,6991,100,6991,1,0
G,H,H,4951,100,4951,1,0
A,B,A,4962,100,4962,1,0
A,C,A,6993,100,6993,1,0
A,D,A,4939,100,4939,1,0
A,E,A,1413,100,1413,1,0
A,F,A,5237,100,5237,1,0
A,G,A,7166,100,7166,1,0
A,H,A,5127,100,5127,1,0
A,B,B,4970,100,4970,1,0
B,C,B,4991,100,4991,1,0
B,D,B,7040,100,7040,1,0
B,E,B,5162,100,5162,1,0
B,F,B,1425,100,1425,1,0
B,G,B,5166,100,5166,1,0
B,H,B,7130,100,7130,1,0
A,C,C,7068,100,7068,1,0
B,C,C,5009,100,5009,1,0
C,D,C,4926,100,4926,1,0
C,E,C,7193,100,7193,1,0
C,F,C,5153,100,5153,1,0
C,G,C,1386,100,1386,1,0
C,H,C,5160,100,5160,1,0
A,D,D,4939,100,4939,1,0
B,D,D,6993,100,6993,1,0
C,D,D,4918,100,4918,1,0
D,E,D,5236,100,5236,1,0
D,F,D,7164,100,7164,1,0
D,G,D,5135,100,5135,1,0
D,H,D,1425,100,1425,1,0
A,E,E,1369,100,1369,1,0
B,E,E,5174,100,5174,1,0
C,E,E,7225,100,7225,1,0
D,E,E,5185,100,5185,1,0
E,F,E,4980,100,4980,1,0
E,G,E,7045,100,7045,1,0
E,H,E,4959,100,4959,1,0
A,F,F,5169,100,5169,1,0
B,F,F,1369,100,1369,1,0
C,F,F,5127,100,5127,1,0
D,F,F,7091,100,7091,1,0
E,F,F,4974,100,4974,1,0
F,G,F,4970,100,4970,1,0
F,H,F,6976,100,6976,1,0
A,G,G,7177,100,7177,1,0
B,G,G,5155,100,5155,1,0
C,G,G,1403,100,1403,1,0
D,G,G,5144,100,5144,1,0
E,G,G,7076,100,7076,1,0
F,G,G,4966,100,4966,1,0
G,H,G,4957,100,4957,1,0
A,H,H,5126,100,5126,1,0
B,H,H,7123,100,7123,1,0
C,H,H,5167,100,5167,1,0
D,H,H,1452,100,1452,1,0
E,H,H,4956,100,4956,1,0
F,H,H,7018,100,7018,1,0
G,H,H,4948,100,4948,1,0
A,B,A,4956,100,4956,1,0
A,C,A,7008,100,7008,1,0
A,D,A,4921,100,4921,1,0
A,E,A,1428,100,1428,1,0
A,F,A,5190,100,5190,1,0
A,G,A,7182,100,7182,1,0
A,H,A,5139,100,5139,1,0
A,B,B,4925,100,4925,1,0
B,C,B,4983,100,4983,1,0
B,D,B,6984,100,6984,1,0
B,E,B,5145,100,5145,1,0
B,F,B,1371,100,1371,1,0
B,G,B,5181,100,5181,1,0
B,H,B,7122,100,7122,1,0
A,C,C,7024,100,7024,1,0
B,C,C,4994,100,4994,1,0
C,D,C,4968,100,4968,1,0
C,E,C,7222,100,7222,1,0
C,F,C,5134,100,5134,1,0
C,G,C,1393,100,1393,1,0
C,H,C,5135,100,5135,1,0
A,D,D,4950,100,4950,1,0
B,D,D,6996,100,6996,1,0
C,D,D,4941,100,4941,1,0
D,E,D,5116,100,5116,1,0
D,F,D,7116,100,7116,1,0
D,G,D,5131,100,5131,1,0
D,H,D,1417,100,1417,1,0
A,E,E,1395,100,1395,1,0
B,E,E,5166,100,5166,1,0
C,E,E,7176,100,7176,1,0
D,E,E,5189,100,5189,1,0
E,F,E,4954,100,4954,1,0
E,G,E,7054,100,7054,1,0
E,H,E,4981,100,4981,1,0
A,F,F,5174,100,5174,1,0
B,F,F,1389,100,1389,1,0
C,F,F,5158,100,5158,1,0
D,F,F,7119,100,7119,1,0
E,F,F,4938,100,4938,1,0
F,G,F,4984,100,4984,1,0
F,H,F,7003,100,7003,1,0
A,G,G,7188,100,7188,1,0
B,G,G,5209,100,5209,1,0
C,G,G,1440,100,1440,1,0
D,G,G,5137,100,5137,1,0
E,G,G,7075,100,7075,1,0
F,G,G,4944,100,4944,1,0
G,H,G,4963,100,4963,1,0
A,H,H,5106,100,5106,1,0
B,H,H,7178,100,7178,1,0
C,H,H,5164,100,5164,1,0
D,H,H,1400,100,1400,1,0
E,H,H,4963,100,4963,1,0
F,H,H,7024,100,7024,1,0
G,H,H,4976,100,4976,1,0
A,B,A,4939,100,4939,1,0
A,C,A,7093,100,7093,1,0
A,D,A,4941,100,4941,1,0
A,E,A,1413,100,1413,1,0
A,F,A,5145,100,5145,1,0
A,G,A,7197,100,7197,1,0
A,H,A,5134,100,5134,1,0
A,B,B,4957,100,4957,1,0
B,C,B,4924,100,4924,1,0
B,D,B,6996,100,6996,1,0
B,E,B,5155,100,5155,1,0
B,F,B,1369,100,1369,1,0
B,G,B,5204,100,5204,1,0
B,H,B,7172,100,7172,1,0
A,C,C,7012,100,7012,1,0
B,C,C,4982,100,4982,1,0
C,D,C,4963,100,4963,1,0
C,E,C,7168,100,7168,1,0
C,F,C,5153,100,5153,1,0
C,G,C,1380,100,1380,1,0
C,H,C,5134,100,5134,1,0
A,D,D,4958,100,4958,1,0
B,D,D,6962,100,6962,1,0
C,D,D,4946,100,4946,1,0
D,E,D,5192,100,5192,1,0
D,F,D,7182,100,7182,1,0
D,G,D,5118,100,5118,1,0
D,H,D,1418,100,1418,1,0
A,E,E,1456,100,1456,1,0
B,E,E,5146,100,5146,1,0
C,E,E,7187,100,7187,1,0
D,E,E,5181,100,5181,1,0
E,F,E,4962,100,4962,1,0
E,G,E,7036,100,7036,1,0
E,H,E,5015,100,5015,1,0
A,F,F,5133,100,5133,1,0
B,F,F,1418,100,1418,1,0
C,F,F,5178,100,5178,1,0
D,F,F,7132,100,7132,1,0
E,F,F,4994,100,4994,1,0
F,G,F,4974,100,4974,1,0
F,H,F,6972,100,6972,1,0
A,G,G,7202,100,7202,1,0
B,G,G,5141,100,5141,1,0
C,G,G,1376,100,1376,1,0
D,G,G,5125,100,5125,1,0
E,G,G,7057,100,7057,1,0
F,G,G,4958,100,4958,1,0
G,H,G,4984,100,4984,1,0
A,H,H,5143,100,5143,1,0
B,H,H,7188,100,7188,1,0
C,H,H,5177,100,5177,1,0
D,H,H,1386,100,1386,1,0
E,H,H,4993,100,4993,1,0
F,H,H,6985,100,6985,1,0
G,H,H,4972,100,4972,1,0
A,B,A,4940,100,4940,1,0
A,C,A,7048,100,7048,1,0
A,D,A,4967,100,4967,1,0
A,E,A,1413,100,1413,1,0
A,F,A,5164,100,5164,1,0
A,G,A,7162,100,7162,1,0
A,H,A,5159,100,5159,1,0
A,B,B,4993,100,4993,1,0
B,C,B,4986,100,4986,1,0
B,D,B,7021,100,7021,1,0
B,E,B,5117,100,5117,1,0
B,F,B,1400,100,1400,1,0
B,G,B,5191,100,5191,1,0
B,H,B,7155,100,7155,1,0
A,C,C,7060,100,7060,1,0
B,C,C,4949,100,4949,1,0
C,D,C,4894,100,4894,1,0
C,E,C,7176,100,7176,1,0
C,F,C,5172,100,5172,1,0
C,G,C,1408,100,1408,1,0
C,H,C,5124,100,5124,1,0
A,D,D,4913,100,4913,1,0
B,D,D,6968,100,6968,1,0
C,D,D,4953,100,4953,1,0
D,E,D,5132,100,5132,1,0
D,F,D,7154,100,7154,1,0
D,G,D,5118,100,5118,1,0
D,H,D,1445,100,1445,1,0
A,E,E,1395,100,1395,1,0
B,E,E,5137,100,5137,1,0
C,E,E,7161,100,7161,1,0
D,E,E,5128,100,5128,1,0
E,F,E,4992,100,4992,1,0
E,G,E,7018,100,7018,1,0
E,H,E,4972,100,4972,1,0
A,F,F,5214,100,5214,1,0
B,F,F,1399,100,1399,1,0
C,F,F,5162,100,5162,1,0
D,F,F,7169,100,7169,1,0
E,F,F,4994,100,4994,1,0
F,G,F,4984,100,4984,1,0
F,H,F,7004,100,7004,1,0
A,G,G,7193,100,7193,1,0
B,G,G,5208,100,5208,1,0
C,G,G,1440,100,1440,1,0
D,G,G,5136,100,5136,1,0
E,G,G,7045,100,7045,1,0
F,G,G,4990,100,4990,1,0
G,H,G,4960,100,4960,1,0
A,H,H,5113,100,5113,1,0
B,H,H,7100,100,7100,1,0
C,H,H,5141,100,5141,1,0
D,H,H,1407,100,1407,1,0
E,H,H,4940,100,4940,1,0
F,H,H,6999,100,6999,1,0
G,H,H,4982,100,4982,1,0
A,B,A,4935,100,4935,1,0
A,C,A,7042,100,7042,1,0
A,D,A,4954,100,4954,1,0
A,E,A,1414,100,1414,1,0
A,F,A,5170,100,5170,1,0
A,G,A,7197,100,7197,1,0
A,H,A,5111,100,5111,1,0
A,B,B,4978,100,4978,1,0
B,C,B,4941,100,4941,1,0
B,D,B,7002,100,7002,1,0
B,E,B,5142,100,5142,1,0
B,F,B,1370,100,1370,1,0
B,G,B,5186,100,5186,1,0
B,H,B,7156,100,7156,1,0
A,C,C,6985,100,6985,1,0
B,C,C,4954,100,4954,1,0
C,D,C,4931,100,4931,1,0
C,E,C,7171,100,7171,1,0
C,F,C,5162,100,5162,1,0
C,G,C,1426,100,1426,1,0
C,H,C,5172,100,5172,1,0
A,D,D,4934,100,4934,1,0
B,D,D,7060,100,7060,1,0
C,D,D,4961,100,4961,1,0
D,E,D,5208,100,5208,1,0
D,F,D,7140,100,7140,1,0
D,G,D,5140,100,5140,1,0
D,H,D,1409,100,1409,1,0
A,E,E,1380,100,1380,1,0
B,E,E,5152,100,5152,1,0
C,E,E,7161,100,7161,1,0
D,E,E,5215,100,5215,1,0
E,F,E,4980,100,4980,1,0
E,G,E,7046,100,7046,1,0
E,H,E,5002,100,5002,1,0
A,F,F,5168,100,5168,1,0
B,F,F,1414,100,1414,1,0
C,F,F,5153,100,5153,1,0
D,F,F,7129,100,7129,1,0
E,F,F,4981,100,4981,1,0
F,G,F,4985,100,4985,1,0
F,H,F,7041,100,7041,1,0
A,G,G,7212,100,7212,1,0
B,G,G,5224,100,5224,1,0
C,G,G,1393,100,1393,1,0
D,G,G,5141,100,5141,1,0
E,G,G,7059,100,7059,1,0
F,G,G,4977,100,4977,1,0
G,H,G,4945,100,4945,1,0
A,H,H,5148,100,5148,1,0
B,H,H,7167,100,7167,1,0
C,H,H,5174,100,5174,1,0
D,H,H,1412,100,1412,1,0
E,H,H,4990,100,4990,1,0
F,H,H,7003,100,7003,1,0
G,H,H,4936,100,4936,1,0
A,B,A,4989,100,4989,1,0
A,C,A,7021,100,7021,1,0
A,D,A,4944,100,4944,1,0
A,E,A,1422,100,1422,1,0
A,F,A,5178,100,5178,1,0
A,G,A,7195,100,7195,1,0
A,H,A,5102,100,5102,1,0
A,B,B,4933,100,4933,1,0
B,C,B,4979,100,4979,1,0
B,D,B,7032,100,7032,1,0
B,E,B,5134,100,5134,1,0
B,F,B,1358,100,1358,1,0
B,G,B,5178,100,5178,1,0
B,H,B,7116,100,7116,1,0
A,C,C,7049,100,7049,1,0
B,C,C,5007,100,5007,1,0
C,D,C,4943,100,4943,1,0
C,E,C,7170,100,7170,1,0
C,F,C,5142,100,5142,1,0
C,G,C,1408,100,1408,1,0
C,H,C,5111,100,5111,1,0
A,D,D,4946,100,4946,1,0
B,D,D,7016,100,7016,1,0
C,D,D,4972,100,4972,1,0
D,E,D,5186,100,5186,1,0
D,F,D,7167,100,7167,1,0
D,G,D,5113,100,5113,1,0
D,H,D,1402,100,1402,1,0
A,E,E,1458,100,1458,1,0
B,E,E,5118,100,5118,1,0
C,E,E,7163,100,7163,1,0
D,E,E,5162,100,5162,1,0
E,F,E,5002,100,5002,1,0
E,G,E,7054,100,7054,1,0
E,H,E,5016,100,5016,1,0
A,F,F,5157,100,5157,1,0
B,F,F,1388,100,1388,1,0
C,F,F,5130,100,5130,1,0
D,F,F,7157,100,7157,1,0
E,F,F,4985,100,4985,1,0
F,G,F,4956,100,4956,1,0
F,H,F,7024,100,7024,1,0
A,G,G,7164,100,7164,1,0
B,G,G,5161,100,5161,1,0
C,G,G,1412,100,1412,1,0
D,G,G,5140,100,5140,1,0
E,G,G,7084,100,7084,1,0
F,G,G,4975,100,4975,1,0
G,H,G,4951,100,4951,1,0
A,H,H,5184,100,5184,1,0
B,H,H,7134,100,7134,1,0
C,H,H,5156,100,5156,1,0
D,H,H,1401,100,1401,1,0
E,H,H,4977,100,4977,1,0
F,H,H,7000,100,7000,1,0
G,H,H,4955,100,4955,1,0
A,B,A,4979,100,4979,1,0
A,C,A,7019,100,7019,1,0
A,D,A,4966,100,4966,1,0
A,E,A,1437,100,1437,1,0
A,F,A,5189,100,5189,1,0
A,G,A,7151,100,7151,1,0
A,H,A,5102,100,5102,1,0
A,B,B,4963,100,4963,1,0
B,C,B,4941,100,4941,1,0
B,D,B,6972,100,6972,1,0
B,E,B,5159,100,5159,1,0
B,F,B,1421,100,1421,1,0
B,G,B,5154,100,5154,1,0
B,H,B,7097,100,7097,1,0
A,C,C,7015,100,7015,1,0
B,C,C,5004,100,5004,1,0
C,D,C,4937,100,4937,1,0
C,E,C,7165,100,7165,1,0
C,F,C,5135,100,5135,1,0
C,G,C,1423,100,1423,1,0
C,H,C,5208,100,5208,1,0
A,D,D,4946,100,4946,1,0
B,D,D,7015,100,7015,1,0
C,D,D,4947,100,4947,1,0
D,E,D,5179,100,5179,1,0
D,F,D,7143,100,7143,1,0
D,G,D,5155,100,5155,1,0
D,H,D,1377,100,1377,1,0
A,E,E,1366,100,1366,1,0
B,E,E,5135,100,5135,1,0
C,E,E,7142,100,7142,1,0
D,E,E,5163,100,5163,1,0
E,F,E,4965,100,4965,1,0
E,G,E,7055,100,7055,1,0
E,H,E,4966,100,4966,1,0
A,F,F,5161,100,5161,1,0
B,F,F,1398,100,1398,1,0
C,F,F,5148,100,5148,1,0
D,F,F,7139,100,7139,1,0
E,F,F,4965,100,4965,1,0
F,G,F,4977,100,4977,1,0
F,H,F,7040,100,7040,1,0
A,G,G,7186,100,7186,1,0
B,G,G,5221,100,5221,1,0
C,G,G,1425,100,1425,1,0
D,G,G,5138,100,5138,1,0
E,G,G,7055,100,7055,1,0
F,G,G,4964,100,4964,1,0
G,H,G,4953,100,4953,1,0
A,H,H,5133,100,5133,1,0
B,H,H,7173,100,7173,1,0
C,H,H,5116,100,5116,1,0
D,H,H,1360,100,1360,1,0
E,H,H,5009,100,5009,1,0
F,H,H,7016,100,7016,1,0
G,H,H,4951,100,4951,1,0
A,B,A,4953,100,4953,1,0
A,C,A,7027,100,7027,1,0
A,D,A,4945,100,4945,1,0
A,E,A,1356,100,1356,1,0
A,F,A,5136,100,5136,1,0
A,G,A,7170,100,7170,1,0
A,H,A,5122,100,5122,1,0
A,B,B,4961,100,4961,1,0
B,C,B,4996,100,4996,1,0
B,D,B,6993,100,6993,1,0
B,E,B,5165,100,5165,1,0
B,F,B,1406,100,1406,1,0
B,G,B,5196,100,5196,1,0
B,H,B,7156,100,7156,1,0
A,C,C,7018,100,7018,1,0
B,C,C,4979,100,4979,1,0
C,D,C,4956,100,4956,1,0
C,E,C,7177,100,7177,1,0
C,F,C,5155,100,5155,1,0
C,G,C,1387,100,1387,1,0
C,H,C,5107,100,5107,1,0
A,D,D,4957,100,4957,1,0
B,D,D,6961,100,6961,1,0
C,D,D,4924,100,4924,1,0
D,E,D,5189,100,5189,1,0
D,F,D,7129,100,7129,1,0
D,G,D,5135,100,5135,1,0
D,H,D,1402,100,1402,1,0
A,E,E,1384,100,1384,1,0
B,E,E,5134,100,5134,1,0
C,E,E,7121,100,7121,1,0
D,E,E,5254,100,5254,1,0
E,F,E,4970,100,4970,1,0
E,G,E,7087,100,7087,1,0
E,H,E,4983,100,4983,1,0
A,F,F,5176,100,5176,1,0
B,F,F,1370,100,1370,1,0
C,F,F,5152,100,5152,1,0
D,F,F,7139,100,7139,1,0
E,F,F,4947,100,4947,1,0
F,G,F,4958,100,4958,1,0
F,H,F,7040,100,7040,1,0
A,G,G,7183,100,7183,1,0
B,G,G,5192,100,5192,1,0
C,G,G,1397,100,1397,1,0
D,G,G,5100,100,5100,1,0
E,G,G,7063,100,7063,1,0
F,G,G,4966,100,4966,1,0
G,H,G,4989,100,4989,1,0
A,H,H,5118,100,5118,1,0
B,H,H,7163,100,7163,1,0
C,H,H,5144,100,5144,1,0
D,H,H,1416,100,1416,1,0
E,H,H,4961,100,4961,1,0
F,H,H,6994,100,6994,1,0
G,H,H,4968,100,4968,1,0
A,B,A,4962,100,4962,1,0
A,C,A,6992,100,6992,1,0
A,D,A,4952,100,4952,1,0
A,E,A,1407,100,1407,1,0
A,F,A,5179,100,5179,1,0
A,G,A,7184,100,7184,1,0
A,H,A,5137,100,5137,1,0
A,B,B,4970,100,4970,1,0
B,C,B,5018,100,5018,1,0
B,D,B,6966,100,6966,1,0
B,E,B,5148,100,5148,1,0
B,F,B,1401,100,1401,1,0
B,G,B,5167,100,5167,1,0
B,H,B,7130,100,7130,1,0
A,C,C,7048,100,7048,1,0
B,C,C,4961,100,4961,1,0
C,D,C,4971,100,4971,1,0
C,E,C,7208,100,7208,1,0
C,F,C,5144,100,5144,1,0
C,G,C,1417,100,1417,1,0
C,H,C,5146,100,5146,1,0
A,D,D,4942,100,4942,1,0
B,D,D,6988,100,6988,1,0
C,D,D,4980,100,4980,1,0
D,E,D,5244,100,5244,1,0
D,F,D,7145,100,7145,1,0
D,G,D,5174,100,5174,1,0
D,H,D,1340,100,1340,1,0
A,E,E,1493,100,1493,1,0
B,E,E,5114,100,5114,1,0
C,E,E,7200,100,7200,1,0
D,E,E,5136,100,5136,1,0
E,F,E,4979,100,4979,1,0
E,G,E,7065,100,7065,1,0
E,H,E,4982,100,4982,1,0
A,F,F,5138,100,5138,1,0
B,F,F,1390,100,1390,1,0
C,F,F,5140,100,5140,1,0
D,F,F,7139,100,7139,1,0
E,F,F,4963,100,4963,1,0
F,G,F,4973,100,4973,1,0
F,H,F,7002,100,7002,1,0
A,G,G,7167,100,7167,1,0
B,G,G,5198,100,5198,1,0
C,G,G,1400,100,1400,1,0
D,G,G,5120,100,5120,1,0
E,G,G,7062,100,7062,1,0
F,G,G,4986,100,4986,1,0
G,H,G,4994,100,4994,1,0
A,H,H,5119,100,5119,1,0
B,H,H,7132,100,7132,1,0
C,H,H,5192,100,5192,1,0
D,H,H,1380,100,1380,1,0
E,H,H,4969,100,4969,1,0
F,H,H,6937,100,6937,1,0
G,H,H,4953,100,4953,1,0
A,B,A,4938,100,4938,1,0
A,C,A,7002,100,7002,1,0
A,D,A,4944,100,4944,1,0
A,E,A,1410,100,1410,1,0
A,F,A,5180,100,5180,1,0
A,G,A,7203,100,7203,1,0
A,H,A,5159,100,5159,1,0
A,B,B,4933,100,4933,1,0
B,C,B,4989,100,4989,1,0
B,D,B,6993,100,6993,1,0
B,E,B,5126,100,5126,1,0
B,F,B,1392,100,1392,1,0
B,G,B,5198,100,5198,1,0
B,H,B,7124,100,7124,1,0
A,C,C,6984,100,6984,1,0
B,C,C,4994,100,4994,1,0
C,D,C,4904,100,4904,1,0
C,E,C,7203,100,7203,1,0
C,F,C,5165,100,5165,1,0
C,G,C,1451,100,1451,1,0
C,H,C,5131,100,5131,1,0
A,D,D,4963,100,4963,1,0
B,D,D,7039,100,7039,1,0
C,D,D,4921,100,4921,1,0
D,E,D,5126,100,5126,1,0
D,F,D,7123,100,7123,1,0
D,G,D,5147,100,5147,1,0
D,H,D,1408,100,1408,1,0
A,E,E,1419,100,1419,1,0
B,E,E,5130,100,5130,1,0
C,E,E,7177,100,7177,1,0
D,E,E,5126,100,5126,1,0
E,F,E,4989,100,4989,1,0
E,G,E,7063,100,7063,1,0
E,H,E,4950,100,4950,1,0
A,F,F,5201,100,5201,1,0
B,F,F,1365,100,1365,1,0
C,F,F,5164,100,5164,1,0
D,F,F,7138,100,7138,1,0
E,F,F,4950,100,4950,1,0
F,G,F,4993,100,4993,1,0
F,H,F,7011,100,7011,1,0
A,G,G,7185,100,7185,1,0
B,G,G,5148,100,5148,1,0
C,G,G,1345,100,1345,1,0
D,G,G,5135,100,5135,1,0
E,G,G,7060,100,7060,1,0
F,G,G,4950,100,4950,1,0
G,H,G,4982,100,4982,1,0
A,H,H,5136,100,5136,1,0
B,H,H,7107,100,7107,1,0
C,H,H,5131,100,5131,1,0
D,H,H,1403,100,1403,1,0
E,H,H,4976,100,4976,1,0
F,H,H,7001,100,7001,1,0
G,H,H,4941,100,4941,1,0
A,B,A,4983,100,4983,1,0
A,C,A,7002,100,7002,1,0
A,D,A,4957,100,4957,1,0
A,E,A,1412,100,1412,1,0
A,F,A,5202,100,5202,1,0
A,G,A,7193,100,7193,1,0
A,H,A,5135,100,5135,1,0
A,B,B,4938,100,4938,1,0
B,C,B,5006,100,5006,1,0
B,D,B,6960,100,6960,1,0
B,E,B,5131,100,5131,1,0
B,F,B,1386,100,1386,1,0
B,G,B,5182,100,5182,1,0
B,H,B,7164,100,7164,1,0
A,C,C,7033,100,7033,1,0
B,C,C,4982,100,4982,1,0
C,D,C,4928,100,4928,1,0
C,E,C,7199,100,7199,1,0
C,F,C,5166,100,5166,1,0
C,G,C,1414,100,1414,1,0
C,H,C,5129,100,5129,1,0
A,D,D,4959,100,4959,1,0
B,D,D,6999,100,6999,1,0
C,D,D,4957,100,4957,1,0
D,E,D,5141,100,5141,1,0
D,F,D,7155,100,7155,1,0
D,G,D,5121,100,5121,1,0
D,H,D,1399,100,1399,1,0
A,E,E,1436,100,1436,1,0
B,E,E,5134,100,5134,1,0
C,E,E,7170,100,7170,1,0
D,E,E,5129,100,5129,1,0
E,F,E,4974,100,4974,1,0
E,G,E,7054,100,7054,1,0
E,H,E,4981,100,4981,1,0
A,F,F,5174,100,5174,1,0
B,F,F,1406,100,1406,1,0
C,F,F,5158,100,5158,1,0
D,F,F,7133,100,7133,1,0
E,F,F,4964,100,4964,1,0
F,G,F,4937,100,4937,1,0
F,H,F,6983,100,6983,1,0
A,G,G,7206,100,7206,1,0
B,G,G,5180,100,5180,1,0
C,G,G,1395,100,1395,1,0
D,G,G,5115,100,5115,1,0
E,G,G,7043,100,7043,1,0
F,G,G,4968,100,4968,1,0
G,H,G,4967,100,4967,1,0
A,H,H,5140,100,5140,1,0
B,H,H,7118,100,7118,1,0
C,H,H,5167,100,5167,1,0
D,H,H,1471,100,1471,1,0
E,H,H,4995,100,4995,1,0
F,H,H,7018,100,7018,1,0
G,H,H,4942,100,4942,1,0
A,B,A,4957,100,4957,1,0
A,C,A,6967,100,6967,1,0
A,D,A,4985,100,4985,1,0
A,E,A,1438,100,1438,1,0
A,F,A,5183,100,5183,1,0
A,G,A,7113,100,7113,1,0
A,H,A,5105,100,5105,1,0
A,B,B,4939,100,4939,1,0
B,C,B,4981,100,4981,1,0
B,D,B,7018,100,7018,1,0
B,E,B,5170,100,5170,1,0
B,F,B,1393,100,1393,1,0
B,G,B,5190,100,5190,1,0
B,H,B,7176,100,7176,1,0
A,C,C,7030,100,7030,1,0
B,C,C,4959,100,4959,1,0
C,D,C,4957,100,4957,1,0
C,E,C,7142,100,7142,1,0
C,F,C,5162,100,5162,1,0
C,G,C,1382,100,1382,1,0
C,H,C,5109,100,5109,1,0
A,D,D,4925,100,4925,1,0
B,D,D,6939,100,6939,1,0
C,D,D,4959,100,4959,1,0
D,E,D,5230,100,5230,1,0
D,F,D,7122,100,7122,1,0
D,G,D,5166,100,5166,1,0
D,H,D,1436,100,1436,1,0
A,E,E,1478,100,1478,1,0
B,E,E,5139,100,5139,1,0
C,E,E,7184,100,7184,1,0
D,E,E,5150,100,5150,1,0
E,F,E,4973,100,4973,1,0
E,G,E,7085,100,7085,1,0
E,H,E,4980,100,4980,1,0
A,F,F,5240,100,5240,1,0
B,F,F,1408,100,1408,1,0
C,F,F,5171,100,5171,1,0
D,F,F,7128,100,7128,1,0
E,F,F,4950,100,4950,1,0
F,G,F,4952,100,4952,1,0
F,H,F,7051,100,7051,1,0
A,G,G,7182,100,7182,1,0
B,G,G,5176,100,5176,1,0
C,G,G,1405,100,1405,1,0
D,G,G,5130,100,5130,1,0
E,G,G,7083,100,7083,1,0
F,G,G,4976,100,4976,1,0
G,H,G,4918,100,4918,1,0
A,H,H,5156,100,5156,1,0
B,H,H,7150,100,7150,1,0
C,H,H,5141,100,5141,1,0
D,H,H,1437,100,1437,1,0
E,H,H,4979,100,4979,1,0
F,H,H,6976,100,6976,1,0
G,H,H,5002,100,5002,1,0
A,B,A,4948,100,4948,1,0
A,C,A,6985,100,6985,1,0
A,D,A,4976,100,4976,1,0
A,E,A,1390,100,1390,1,0
A,F,A,5186,100,5186,1,0
A,G,A,7209,100,7209,1,0
A,H,A,5121,100,5121,1,0
A,B,B,4989,100,4989,1,0
B,C,B,4985,100,4985,1,0
B,D,B,6975,100,6975,1,0
B,E,B,5164,100,5164,1,0
B,F,B,1419,100,1419,1,0
B,G,B,5171,100,5171,1,0
B,H,B,7135,100,7135,1,0
A,C,C,7008,100,7008,1,0
B,C,C,5010,100,5010,1,0
C,D,C,4907,100,4907,1,0
C,E,C,7124,100,7124,1,0
C,F,C,5147,100,5147,1,0
C,G,C,1366,100,1366,1,0
C,H,C,5165,100,5165,1,0
A,D,D,4962,100,4962,1,0
B,D,D,6995,100,6995,1,0
C,D,D,4923,100,4923,1,0
D,E,D,5198,100,5198,1,0
D,F,D,7145,100,7145,1,0
D,G,D,5133,100,5133,1,0
D,H,D,1401,100,1401,1,0
A,E,E,1353,100,1353,1,0
B,E,E,5156,100,5156,1,0
C,E,E,7246,100,7246,1,0
D,E,E,5188,100,5188,1,0
E,F,E,4987,100,4987,1,0
E,G,E,7038,100,7038,1,0
E,H,E,4971,100,4971,1,0
A,F,F,5173,100,5173,1,0
B,F,F,1395,100,1395,1,0
C,F,F,5143,100,5143,1,0
D,F,F,7135,100,7135,1,0
E,F,F,4949,100,4949,1,0
F,G,F,4984,100,4984,1,0
F,H,F,6984,100,6984,1,0
A,G,G,7186,100,7186,1,0
B,G,G,5180,100,5180,1,0
C,G,G,1383,100,1383,1,0
D,G,G,5121,100,5121,1,0
E,G,G,7046,100,7046,1,0
F,G,G,4966,100,4966,1,0
G,H,G,4896,100,4896,1,0
A,H,H,5195,100,5195,1,0
B,H,H,7188,100,7188,1,0
C,H,H,5129,100,5129,1,0
D,H,H,1382,100,1382,1,0
E,H,H,4996,100,4996,1,0
F,H,H,6980,100,6980,1,0
G,H,H,4957,100,4957,1,0
A,B,A,4975,100,4975,1,0
A,C,A,7022,100,7022,1,0
A,D,A,4939,100,4939,1,0
A,E,A,1392,100,1392,1,0
A,F,A,5194,100,5194,1,0
A,G,A,7213,100,7213,1,0
A,H,A,5170,100,5170,1,0
A,B,B,4937,100,4937,1,0
B,C,B,4978,100,4978,1,0
B,D,B,7038,100,7038,1,0
B,E,B,5131,100,5131,1,0
B,F,B,1406,100,1406,1,0
B,G,B,5177,100,5177,1,0
B,H,B,7133,100,7133,1,0
A,C,C,7022,100,7022,1,0
B,C,C,4987,100,4987,1,0
C,D,C,4963,100,4963,1,0
C,E,C,7185,100,7185,1,0
C,F,C,5156,100,5156,1,0
C,G,C,1429,100,1429,1,0
C,H,C,5165,100,5165,1,0
A,D,D,4908,100,4908,1,0
B,D,D,7023,100,7023,1,0
C,D,D,4932,100,4932,1,0
D,E,D,5147,100,5147,1,0
D,F,D,7128,100,7128,1,0
D,G,D,5154,100,5154,1,0
D,H,D,1357,100,1357,1,0
A,E,E,1401,100,1401,1,0
B,E,E,5152,100,5152,1,0
C,E,E,7178,100,7178,1,0
D,E,E,5196,100,5196,1,0
E,F,E,4972,100,4972,1,0
E,G,E,7057,100,7057,1,0
E,H,E,4990,100,4990,1,0
A,F,F,5154,100,5154,1,0
B,F,F,1410,100,1410,1,0
C,F,F,5150,100,5150,1,0
D,F,F,7136,100,7136,1,0
E,F,F,4951,100,4951,1,0
F,G,F,4947,100,4947,1,0
F,H,F,6980,100,6980,1,0
A,G,G,7175,100,7175,1,0
B,G,G,5257,100,5257,1,0
C,G,G,1345,100,1345,1,0
D,G,G,5138,100,5138,1,0
E,G,G,7074,100,7074,1,0
F,G,G,4958,100,4958,1,0
G,H,G,4954,100,4954,1,0
A,H,H,5145,100,5145,1,0
B,H,H,7088,100,7088,1,0
C,H,H,5172,100,5172,1,0
D,H,H,1453,100,1453,1,0
E,H,H,4991,100,4991,1,0
F,H,H,6992,100,6992,1,0
G,H,H,4928,100,4928,1,0
A,B,A,4972,100,4972,1,0
A,C,A,7042,100,7042,1,0
A,D,A,4924,100,4924,1,0
A,E,A,1364,100,1364,1,0
A,F,A,5136,100,5136,1,0
A,G,A,7167,100,7167,1,0
A,H,A,5146,100,5146,1,0
A,B,B,5018,100,5018,1,0
B,C,B,4964,100,4964,1,0
B,D,B,7017,100,7017,1,0
B,E,B,5131,100,5131,1,0
B,F,B,1400,100,1400,1,0
B,G,B,5228,100,5228,1,0
B,H,B,7196,100,7196,1,0
A,C,C,6985,100,6985,1,0
B,C,C,4973,100,4973,1,0
C,D,C,4939,100,4939,1,0
C,E,C,7230,100,7230,1,0
C,F,C,5152,100,5152,1,0
C,G,C,1424,100,1424,1,0
C,H,C,5157,100,5157,1,0
A,D,D,4943,100,4943,1,0
B,D,D,6978,100,6978,1,0
C,D,D,4961,100,4961,1,0
D,E,D,5178,100,5178,1,0
D,F,D,7158,100,7158,1,0
D,G,D,5163,100,5163,1,0
D,H,D,1451,100,1451,1,0
A,E,E,1353,100,1353,1,0
B,E,E,5181,100,5181,1,0
C,E,E,7163,100,7163,1,0
D,E,E,5185,100,5185,1,0
E,F,E,4962,100,4962,1,0
E,G,E,7079,100,7079,1,0
E,H,E,4985,100,4985,1,0
A,F,F,5217,100,5217,1,0
B,F,F,1393,100,1393,1,0
C,F,F,5152,100,5152,1,0
D,F,F,7137,100,7137,1,0
E,F,F,4974,100,4974,1,0
F,G,F,4964,100,4964,1,0
F,H,F,7050,100,7050,1,0
A,G,G,7166,100,7166,1,0
B,G,G,5198,100,5198,1,0
C,G,G,1382,100,1382,1,0
D,G,G,5150,100,5150,1,0
E,G,G,7039,100,7039,1,0
F,G,G,4972,100,4972,1,0
G,H,G,4947,100,4947,1,0
A,H,H,5136,100,5136,1,0
B,H,H,7146,100,7146,1,0
C,H,H,5146,100,5146,1,0
D,H,H,1429,100,1429,1,0
E,H,H,4965,100,4965,1,0
F,H,H,7030,100,7030,1,0
G,H,H,4914,100,4914,1,0
A,B,A,4954,100,4954,1,0
A,C,A,7063,100,7063,1,0
A,D,A,4938,100,4938,1,0
A,E,A,1424,100,1424,1,0
A,F,A,5156,100,5156,1,0
A,G,A,7196,100,7196,1,0
A,H,A,5137,100,5137,1,0
A,B,B,4956,100,4956,1,0
B,C,B,5001,100,5001,1,0
B,D,B,7054,100,7054,1,0
B,E,B,5151,100,5151,1,0
B,F,B,1407,100,1407,1,0
B,G,B,5181,100,5181,1,0
B,H,B,7195,100,7195,1,0
A,C,C,7032,100,7032,1,0
B,C,C,4970,100,4970,1,0
C,D,C,4933,100,4933,1,0
C,E,C,7165,100,7165,1,0
C,F,C,5162,100,5162,1,0
C,G,C,1414,100,1414,1,0
C,H,C,5141,100,5141,1,0
A,D,D,4928,100,4928,1,0
B,D,D,7015,100,7015,1,0
C,D,D,4928,100,4928,1,0
D,E,D,5191,100,5191,1,0
D,F,D,7163,100,7163,1,0
D,G,D,5148,100,5148,1,0
D,H,D,1383,100,1383,1,0
A,E,E,1410,100,1410,1,0
B,E,E,5155,100,5155,1,0
C,E,E,7189,100,7189,1,0
D,E,E,5172,100,5172,1,0
E,F,E,4972,100,4972,1,0
E,G,E,7051,100,7051,1,0
E,H,E,5015,100,5015,1,0
A,F,F,5171,100,5171,1,0
B,F,F,1348,100,1348,1,0
C,F,F,5150,100,5150,1,0
D,F,F,7102,100,7102,1,0
E,F,F,4992,100,4992,1,0
F,G,F,4990,100,4990,1,0
F,H,F,6983,100,6983,1,0
A,G,G,7163,100,7163,1,0
B,G,G,5160,100,5160,1,0
C,G,G,1388,100,1388,1,0
D,G,G,5167,100,5167,1,0
E,G,G,7045,100,7045,1,0
F,G,G,4990,100,4990,1,0
G,H,G,4905,100,4905,1,0
A,H,H,5163,100,5163,1,0
B,H,H,7146,100,7146,1,0
C,H,H,5185,100,5185,1,0
D,H,H,1415,100,1415,1,0
E,H,H,4977,100,4977,1,0
F,H,H,6995,100,6995,1,0
G,H,H,4914,100,4914,1,0
A,B,A,4958,100,4958,1,0
A,C,A,7021,100,7021,1,0
A,D,A,4956,100,4956,1,0
A,E,A,1389,100,1389,1,0
A,F,A,5162,100,5162,1,0
A,G,A,7167,100,7167,1,0
A,H,A,5164,100,5164,1,0
A,B,B,4958,100,4958,1,0
B,C,B,4976,100,4976,1,0
B,D,B,7009,100,7009,1,0
B,E,B,5169,100,5169,1,0
B,F,B,1404,100,1404,1,0
B,G,B,5180,100,5180,1,0
B,H,B,7168,100,7168,1,0
A,C,C,7052,100,7052,1,0
B,C,C,4968,100,4968,1,0
C,D,C,4942,100,4942,1,0
C,E,C,7154,100,7154,1,0
C,F,C,5148,100,5148,1,0
C,G,C,1403,100,1403,1,0
C,H,C,5157,100,5157,1,0
A,D,D,4949,100,4949,1,0
B,D,D,6986,100,6986,1,0
C,D,D,4952,100,4952,1,0
D,E,D,5201,100,5201,1,0
D,F,D,7176,100,7176,1,0
D,G,D,5146,100,5146,1,0
D,H,D,1449,100,1449,1,0
A,E,E,1422,100,1422,1,0
B,E,E,5138,100,5138,1,0
C,E,E,7197,100,7197,1,0
D,E,E,5151,100,5151,1,0
E,F,E,4963,100,4963,1,0
E,G,E,7058,100,7058,1,0
E,H,E,4924,100,4924,1,0
A,F,F,5206,100,5206,1,0
B,F,F,1366,100,1366,1,0
C,F,F,5145,100,5145,1,0
D,F,F,7154,100,7154,1,0
E,F,F,4986,100,4986,1,0
F,G,F,4960,100,4960,1,0
F,H,F,6998,100,6998,1,0
A,G,G,7210,100,7210,1,0
B,G,G,5181,100,5181,1,0
C,G,G,1422,100,1422,1,0
D,G,G,5144,100,5144,1,0
E,G,G,7037,100,7037,1,0
F,G,G,4978,100,4978,1,0
G,H,G,4892,100,4892,1,0
A,H,H,5099,100,5099,1,0
B,H,H,7162,100,7162,1,0
C,H,H,5188,100,5188,1,0
D,H,H,1373,100,1373,1,0
E,H,H,4969,100,4969,1,0
F,H,H,6988,100,6988,1,0
G,H,H,4957,100,4957,1,0
A,B,A,4971,100,4971,1,0
A,C,A,6998,100,6998,1,0
A,D,A,4938,100,4938,1,0
A,E,A,1438,100,1438,1,0
A,F,A,5158,100,5158,1,0
A,G,A,7145,100,7145,1,0
A,H,A,5130,100,5130,1,0
A,B,B,4949,100,4949,1,0
B,C,B,5001,100,5001,1,0
B,D,B,7012,100,7012,1,0
B,E,B,5177,100,5177,1,0
B,F,B,1377,100,1377,1,0
B,G,B,5179,100,5179,1,0
B,H,B,7149,100,7149,1,0
A,C,C,7050,100,7050,1,0
B,C,C,4980,100,4980,1,0
C,D,C,4962,100,4962,1,0
C,E,C,7178,100,7178,1,0
C,F,C,5155,100,5155,1,0
C,G,C,1375,100,1375,1,0
C,H,C,5144,100,5144,1,0
A,D,D,4940,100,4940,1,0
B,D,D,6970,100,6970,1,0
C,D,D,4930,100,4930,1,0
D,E,D,5192,100,5192,1,0
D,F,D,7117,100,7117,1,0
D,G,D,5183,100,5183,1,0
D,H,D,1419,100,1419,1,0
A,E,E,1458,100,1458,1,0
B,E,E,5151,100,5151,1,0
C,E,E,7173,100,7173,1,0
D,E,E,5155,100,5155,1,0
E,F,E,4997,100,4997,1,0
E,G,E,7074,100,7074,1,0
E,H,E,4986,100,4986,1,0
A,F,F,5162,100,5162,1,0
B,F,F,1389,100,1389,1,0
C,F,F,5149,100,5149,1,0
D,F,F,7135,100,7135,1,0
E,F,F,4997,100,4997,1,0
F,G,F,4979,100,4979,1,0
F,H,F,6958,100,6958,1,0
A,G,G,7193,100,7193,1,0
B,G,G,5172,100,5172,1,0
C,G,G,1420,100,1420,1,0
D,G,G,5188,100,5188,1,0
E,G,G,7053,100,7053,1,0
F,G,G,4982,100,4982,1,0
G,H,G,4958,100,4958,1,0
A,H,H,5161,100,5161,1,0
B,H,H,7136,100,7136,1,0
C,H,H,5114,100,5114,1,0
D,H,H,1435,100,1435,1,0
E,H,H,4951,100,4951,1,0
F,H,H,6961,100,6961,1,0
G,H,H,4914,100,4914,1,0
A,B,A,4988,100,4988,1,0
A,C,A,7070,100,7070,1,0
A,D,A,4943,100,4943,1,0
A,E,A,1419,100,1419,1,0
A,F,A,5146,100,5146,1,0
A,G,A,7177,100,7177,1,0
A,H,A,5162,100,5162,1,0
A,B,B,4927,100,4927,1,0
B,C,B,4939,100,4939,1,0
B,D,B,7034,100,7034,1,0
B,E,B,5132,100,5132,1,0
B,F,B,1431,100,1431,1,0
B,G,B,5183,100,5183,1,0
B,H,B,7142,100,7142,1,0
A,C,C,7046,100,7046,1,0
B,C,C,4959,100,4959,1,0
C,D,C,4946,100,4946,1,0
C,E,C,7152,100,7152,1,0
C,F,C,5135,100,5135,1,0
C,G,C,1413,100,1413,1,0
C,H,C,5186,100,5186,1,0
A,D,D,4940,100,4940,1,0
B,D,D,7030,100,7030,1,0
C,D,D,4944,100,4944,1,0
D,E,D,5208,100,5208,1,0
D,F,D,7157,100,7157,1,0
D,G,D,5170,100,5170,1,0
D,H,D,1448,100,1448,1,0
A,E,E,1393,100,1393,1,0
B,E,E,5141,100,5141,1,0
C,E,E,7164,100,7164,1,0
D,E,E,5142,100,5142,1,0
E,F,E,4957,100,4957,1,0
E,G,E,7044,100,7044,1,0
E,H,E,4980,100,4980,1,0
A,F,F,5182,100,5182,1,0
B,F,F,1430,100,1430,1,0
C,F,F,5161,100,5161,1,0
D,F,F,7141,100,7141,1,0
E,F,F,4985,100,4985,1,0
F,G,F,4972,100,4972,1,0
F,H,F,6990,100,6990,1,0
A,G,G,7148,100,7148,1,0
B,G,G,5244,100,5244,1,0
C,G,G,1427,100,1427,1,0
D,G,G,5146,100,5146,1,0
E,G,G,7043,100,7043,1,0
F,G,G,4967,100,4967,1,0
G,H,G,4946,100,4946,1,0
A,H,H,5138,100,5138,1,0
B,H,H,7162,100,7162,1,0
C,H,H,5167,100,5167,1,0
D,H,H,1382,100,1382,1,0
E,H,H,4990,100,4990,1,0
F,H,H,7004,100,7004,1,0
G,H,H,4967,100,4967,1,0
A,B,A,4980,100,4980,1,0
A,C,A,6995,100,6995,1,0
A,D,A,4942,100,4942,1,0
A,E,A,1439,100,1439,1,0
A,F,A,5176,100,5176,1,0
A,G,A,7150,100,7150,1,0
A,H,A,5146,100,5146,1,0
A,B,B,4958,100,4958,1,0
B,C,B,4977,100,4977,1,0
B,D,B,6969,100,6969,1,0
B,E,B,5129,100,5129,1,0
B,F,B,1376,100,1376,1,0
B,G,B,5185,100,5185,1,0
B,H,B,7152,100,7152,1,0
A,C,C,6998,100,6998,1,0
B,C,C,4959,100,4959,1,0
C,D,C,4933,100,4933,1,0
C,E,C,7188,100,7188,1,0
C,F,C,5149,100,5149,1,0
C,G,C,1422,100,1422,1,0
C,H,C,5175,100,5175,1,0
A,D,D,4961,100,4961,1,0
B,D,D,7008,100,7008,1,0
C,D,D,4945,100,4945,1,0
D,E,D,5140,100,5140,1,0
D,F,D,7109,100,7109,1,0
D,G,D,5121,100,5121,1,0
D,H,D,1412,100,1412,1,0
A,E,E,1407,100,1407,1,0
B,E,E,5139,100,5139,1,0
C,E,E,7165,100,7165,1,0
D,E,E,5132,100,5132,1,0
E,F,E,4998,100,4998,1,0
E,G,E,7069,100,7069,1,0
E,H,E,4959,100,4959,1,0
A,F,F,5158,100,5158,1,0
B,F,F,1359,100,1359,1,0
C,F,F,5156,100,5156,1,0
D,F,F,7151,100,7151,1,0
E,F,F,4949,100,4949,1,0
F,G,F,4957,100,4957,1,0
F,H,F,6982,100,6982,1,0
A,G,G,7197,100,7197,1,0
B,G,G,5189,100,5189,1,0
C,G,G,1377,100,1377,1,0
D,G,G,5146,100,5146,1,0
E,G,G,7040,100,7040,1,0
F,G,G,4968,100,4968,1,0
G,H,G,4984,100,4984,1,0
A,H,H,5139,100,5139,1,0
B,H,H,7131,100,7131,1,0
C,H,H,5122,100,5122,1,0
D,H,H,1406,100,1406,1,0
E,H,H,4984,100,4984,1,0
F,H,H,7020,100,7020,1,0
G,H,H,4984,100,4984,1,0
A,B,A,4946,100,4946,1,0
A,C,A,7023,100,7023,1,0
A,D,A,4973,100,4973,1,0
A,E,A,1378,100,1378,1,0
A,F,A,5138,100,5138,1,0
A,G,A,7142,100,7142,1,0
A,H,A,5115,100,5115,1,0
A,B,B,4999,100,4999,1,0
B,C,B,4989,100,4989,1,0
B,D,B,7010,100,7010,1,0
B,E,B,5139,100,5139,1,0
B,F,B,1374,100,1374,1,0
B,G,B,5180,100,5180,1,0
B,H,B,7102,100,7102,1,0
A,C,C,6957,100,6957,1,0
B,C,C,4968,100,4968,1,0
C,D,C,4964,100,4964,1,0
C,E,C,7170,100,7170,1,0
C,F,C,5156,100,5156,1,0
C,G,C,1401,100,1401,1,0
C,H,C,5160,100,5160,1,0
A,D,D,4958,100,4958,1,0
B,D,D,7018,100,7018,1,0
C,D,D,4944,100,4944,1,0
D,E,D,5113,100,5113,1,0
D,F,D,7155,100,7155,1,0
D,G,D,5156,100,5156,1,0
D,H,D,1408,100,1408,1,0
A,E,E,1416,100,1416,1,0
B,E,E,5179,100,5179,1,0
C,E,E,7160,100,7160,1,0
D,E,E,5190,100,5190,1,0
E,F,E,4961,100,4961,1,0
E,G,E,7046,100,7046,1,0
E,H,E,5015,100,5015,1,0
A,F,F,5159,100,5159,1,0
B,F,F,1389,100,1389,1,0
C,F,F,5135,100,5135,1,0
D,F,F,7131,100,7131,1,0
E,F,F,4972,100,4972,1,0
F,G,F,5009,100,5009,1,0
F,H,F,6988,100,6988,1,0
A,G,G,7175,100,7175,1,0
B,G,G,5194,100,5194,1,0
C,G,G,1421,100,1421,1,0
D,G,G,5138,100,5138,1,0
E,G,G,7036,100,7036,1,0
F,G,G,4962,100,4962,1,0
G,H,G,4944,100,4944,1,0
A,H,H,5174,100,5174,1,0
B,H,H,7174,100,7174,1,0
C,H,H,5161,100,5161,1,0
D,H,H,1393,100,1393,1,0
E,H,H,4996,100,4996,1,0
F,H,H,7005,100,7005,1,0
G,H,H,4952,100,4952,1,0
A,B,A,4964,100,4964,1,0
A,C,A,7014,100,7014,1,0
A,D,A,4943,100,4943,1,0
A,E,A,1414,100,1414,1,0
A,F,A,5187,100,5187,1,0
A,G,A,7169,100,7169,1,0
A,H,A,5125,100,5125,1,0
A,B,B,4937,100,4937,1,0
B,C,B,4963,100,4963,1,0
B,D,B,6999,100,6999,1,0
B,E,B,5144,100,5144,1,0
B,F,B,1371,100,1371,1,0
B,G,B,5164,100,5164,1,0
B,H,B,7151,100,7151,1,0
A,C,C,7011,100,7011,1,0
B,C,C,4955,100,4955,1,0
C,D,C,4956,100,4956,1,0
C,E,C,7169,100,7169,1,0
C,F,C,5162,100,5162,1,0
C,G,C,1373,100,1373,1,0
C,H,C,5229,100,5229,1,0
A,D,D,4915,100,4915,1,0
B,D,D,7021,100,7021,1,0
C,D,D,4922,100,4922,1,0
D,E,D,5130,100,5130,1,0
D,F,D,7130,100,7130,1,0
D,G,D,5144,100,5144,1,0
D,H,D,1377,100,1377,1,0
A,E,E,1452,100,1452,1,0
B,E,E,5156,100,5156,1,0
C,E,E,7171,100,7171,1,0
D,E,E,5157,100,5157,1,0
E,F,E,4977,100,4977,1,0
E,G,E,7050,100,7050,1,0
E,H,E,4919,100,4919,1,0
A,F,F,5195,100,5195,1,0
B,F,F,1397,100,1397,1,0
C,F,F,5152,100,5152,1,0
D,F,F,7134,100,7134,1,0
E,F,F,4948,100,4948,1,0
F,G,F,4974,100,4974,1,0
F,H,F,6973,100,6973,1,0
A,G,G,7149,100,7149,1,0
B,G,G,5189,100,5189,1,0
C,G,G,1392,100,1392,1,0
D,G,G,5124,100,5124,1,0
E,G,G,7057,100,7057,1,0
F,G,G,4960,100,4960,1,0
G,H,G,4955,100,4955,1,0
A,H,H,5108,100,5108,1,0
B,H,H,7154,100,7154,1,0
C,H,H,5175,100,5175,1,0
D,H,H,1359,100,1359,1,0
E,H,H,4986,100,4986,1,0
F,H,H,7012,100,7012,1,0
G,H,H,4910,100,4910,1,0
A,B,A,4980,100,4980,1,0
A,C,A,7028,100,7028,1,0
A,D,A,4971,100,4971,1,0
A,E,A,1451,100,1451,1,0
A,F,A,5148,100,5148,1,0
A,G,A,7192,100,7192,1,0
A,H,A,5126,100,5126,1,0
A,B,B,4949,100,4949,1,0
B,C,B,4957,100,4957,1,0
B,D,B,6995,100,6995,1,0
B,E,B,5165,100,5165,1,0
B,F,B,1392,100,1392,1,0
B,G,B,5179,100,5179,1,0
B,H,B,7158,100,7158,1,0
A,C,C,7011,100,7011,1,0
B,C,C,4989,100,4989,1,0
C,D,C,4949,100,4949,1,0
C,E,C,7154,100,7154,1,0
C,F,C,5179,100,5179,1,0
C,G,C,1424,100,1424,1,0
C,H,C,5179,100,5179,1,0
A,D,D,4901,100,4901,1,0
B,D,D,7054,100,7054,1,0
C,D,D,4939,100,4939,1,0
D,E,D,5217,100,5217,1,0
D,F,D,7104,100,7104,1,0
D,G,D,5150,100,5150,1,0
D,H,D,1418,100,1418,1,0
A,E,E,1366,100,1366,1,0
B,E,E,5123,100,5123,1,0
C,E,E,7169,100,7169,1,0
D,E,E,5141,100,5141,1,0
E,F,E,4995,100,4995,1,0
E,G,E,7064,100,7064,1,0
E,H,E,4970,100,4970,1,0
A,F,F,5123,100,5123,1,0
B,F,F,1424,100,1424,1,0
C,F,F,5172,100,5172,1,0
D,F,F,7170,100,7170,1,0
E,F,F,4995,100,4995,1,0
F,G,F,5007,100,5007,1,0
F,H,F,6940,100,6940,1,0
A,G,G,7185,100,7185,1,0
B,G,G,5218,100,5218,1,0
C,G,G,1419,100,1419,1,0
D,G,G,5158,100,5158,1,0
E,G,G,7059,100,7059,1,0
F,G,G,4974,100,4974,1,0
G,H,G,4973,100,4973,1,0
A,H,H,5111,100,5111,1,0
B,H,H,7151,100,7151,1,0
C,H,H,5152,100,5152,1,0
D,H,H,1322,100,1322,1,0
E,H,H,4971,100,4971,1,0
F,H,H,6966,100,6966,1,0
G,H,H,4929,100,4929,1,0
A,B,A,4924,100,4924,1,0
A,C,A,6991,100,6991,1,0
A,D,A,4951,100,4951,1,0
A,E,A,1395,100,1395,1,0
A,F,A,5139,100,5139,1,0
A,G,A,7146,100,7146,1,0
A,H,A,5121,100,5121,1,0
A,B,B,4979,100,4979,1,0
B,C,B,5013,100,5013,1,0
B,D,B,6952,100,6952,1,0
B,E,B,5161,100,5161,1,0
B,F,B,1357,100,1357,1,0
B,G,B,5200,100,5200,1,0
B,H,B,7140,100,7140,1,0
A,C,C,7049,100,7049,1,0
B,C,C,4966,100,4966,1,0
C,D,C,4929,100,4929,1,0
C,E,C,7215,100,7215,1,0
C,F,C,5151,100,5151,1,0
C,G,C,1369,100,1369,1,0
C,H,C,5139,100,5139,1,0
A,D,D,4926,100,4926,1,0
B,D,D,7058,100,7058,1,0
C,D,D,4917,100,4917,1,0
D,E,D,5134,100,5134,1,0
D,F,D,7180,100,7180,1,0
D,G,D,5134,100,5134,1,0
D,H,D,1412,100,1412,1,0
A,E,E,1443,100,1443,1,0
B,E,E,5196,100,5196,1,0
C,E,E,7184,100,7184,1,0
D,E,E,5151,100,5151,1,0
E,F,E,4963,100,4963,1,0
E,G,E,7049,100,7049,1,0
E,H,E,4975,100,4975,1,0
A,F,F,5162,100,5162,1,0
B,F,F,1374,100,1374,1,0
C,F,F,5181,100,5181,1,0
D,F,F,7115,100,7115,1,0
E,F,F,5000,100,5000,1,0
F,G,F,4978,100,4978,1,0
F,H,F,7014,100,7014,1,0
A,G,G,7194,100,7194,1,0
B,G,G,5197,100,5197,1,0
C,G,G,1445,100,1445,1,0
D,G,G,5145,100,5145,1,0
E,G,G,7042,100,7042,1,0
F,G,G,4966,100,4966,1,0
G,H,G,4957,100,4957,1,0
A,H,H,5179,100,5179,1,0
B,H,H,7172,100,7172,1,0
C,H,H,5131,100,5131,1,0
D,H,H,1436,100,1436,1,0
E,H,H,4986,100,4986,1,0
F,H,H,6975,100,6975,1,0
G,H,H,4955,100,4955,1,0
A,B,A,4943,100,4943,1,0
A,C,A,7013,100,7013,1,0
A,D,A,4967,100,4967,1,0
A,E,A,1413,100,1413,1,0
A,F,A,5146,100,5146,1,0
A,G,A,7161,100,7161,1,0
A,H,A,5161,100,5161,1,0
A,B,B,5000,100,5000,1,0
B,C,B,4971,100,4971,1,0
B,D,B,7025,100,7025,1,0
B,E,B,5154,100,5154,1,0
B,F,B,1395,100,1395,1,0
B,G,B,5185,100,5185,1,0
B,H,B,7181,100,7181,1,0
A,C,C,7026,100,7026,1,0
B,C,C,5008,100,5008,1,0
C,D,C,4938,100,4938,1,0
C,E,C,7170,100,7170,1,0
C,F,C,5166,100,5166,1,0
C,G,C,1378,100,1378,1,0
C,H,C,5106,100,5106,1,0
A,D,D,4914,100,4914,1,0
B,D,D,7009,100,7009,1,0
C,D,D,4928,100,4928,1,0
D,E,D,5112,100,5112,1,0
D,F,D,7130,100,7130,1,0
D,G,D,5155,100,5155,1,0
D,H,D,1371,100,1371,1,0
A,E,E,1441,100,1441,1,0
B,E,E,5153,100,5153,1,0
C,E,E,7160,100,7160,1,0
D,E,E,5209,100,5209,1,0
E,F,E,4958,100,4958,1,0
E,G,E,7041,100,7041,1,0
E,H,E,5004,100,5004,1,0
A,F,F,5153,100,5153,1,0
B,F,F,1389,100,1389,1,0
C,F,F,5137,100,5137,1,0
D,F,F,7124,100,7124,1,0
E,F,F,5000,100,5000,1,0
F,G,F,4966,100,4966,1,0
F,H,F,7012,100,7012,1,0
A,G,G,7184,100,7184,1,0
B,G,G,5195,100,5195,1,0
C,G,G,1408,100,1408,1,0
D,G,G,5145,100,5145,1,0
E,G,G,7050,100,7050,1,0
F,G,G,4998,100,4998,1,0
G,H,G,4930,100,4930,1,0
A,H,H,5154,100,5154,1,0
B,H,H,7139,100,7139,1,0
C,H,H,5177,100,5177,1,0
D,H,H,1447,100,1447,1,0
E,H,H,5009,100,5009,1,0
F,H,H,6971,100,6971,1,0
G,H,H,4927,100,4927,1,0
A,B,A,4976,100,4976,1,0
A,C,A,7008,100,7008,1,0
A,D,A,4962,100,4962,1,0
A,E,A,1372,100,1372,1,0
A,F,A,5166,100,5166,1,0
A,G,A,7145,100,7145,1,0
A,H,A,5178,100,5178,1,0
A,B,B,4954,100,4954,1,0
B,C,B,4979,100,4979,1,0
B,D,B,6984,100,6984,1,0
B,E,B,5169,100,5169,1,0
B,F,B,1407,100,1407,1,0
B,G,B,5172,100,5172,1,0
B,H,B,7164,100,7164,1,0
A,C,C,7023,100,7023,1,0
B,C,C,5026,100,5026,1,0
C,D,C,4919,100,4919,1,0
C,E,C,7189,100,7189,1,0
C,F,C,5141,100,5141,1,0
C,G,C,1404,100,1404,1,0
C,H,C,5146,100,5146,1,0
A,D,D,4962,100,4962,1,0
B,D,D,6980,100,6980,1,0
C,D,D,4959,100,4959,1,0
D,E,D,5120,100,5120,1,0
D,F,D,7130,100,7130,1,0
D,G,D,5139,100,5139,1,0
D,H,D,1424,100,1424,1,0
A,E,E,1416,100,1416,1,0
B,E,E,5136,100,5136,1,0
C,E,E,7201,100,7201,1,0
D,E,E,5145,100,5145,1,0
E,F,E,4961,100,4961,1,0
E,G,E,7038,100,7038,1,0
E,H,E,4982,100,4982,1,0
A,F,F,5188,100,5188,1,0
B,F,F,1414,100,1414,1,0
C,F,F,5126,100,5126,1,0
D,F,F,7127,100,7127,1,0
E,F,F,4960,100,4960,1,0
F,G,F,4980,100,4980,1,0
F,H,F,7017,100,7017,1,0
A,G,G,7119,100,7119,1,0
B,G,G,5168,100,5168,1,0
C,G,G,1404,100,1404,1,0
D,G,G,5133,100,5133,1,0
E,G,G,7028,100,7028,1,0
F,G,G,4970,100,4970,1,0
G,H,G,4930,100,4930,1,0
A,H,H,5106,100,5106,1,0
B,H,H,7142,100,7142,1,0
C,H,H,5138,100,5138,1,0
D,H,H,1389,100,1389,1,0
E,H,H,4961,100,4961,1,0
F,H,H,6982,100,6982,1,0
G,H,H,4947,100,4947,1,0
A,B,A,4939,100,4939,1,0
A,C,A,6988,100,6988,1,0
A,D,A,4946,100,4946,1,0
A,E,A,1437,100,1437,1,0
A,F,A,5190,100,5190,1,0
A,G,A,7222,100,7222,1,0
A,H,A,5154,100,5154,1,0
A,B,B,4932,100,4932,1,0
B,C,B,5007,100,5007,1,0
B,D,B,6999,100,6999,1,0
B,E,B,5112,100,5112,1,0
B,F,B,1381,100,1381,1,0
B,G,B,5173,100,5173,1,0
B,H,B,7136,100,7136,1,0
A,C,C,7060,100,7060,1,0
B,C,C,4997,100,4997,1,0
C,D,C,4932,100,4932,1,0
C,E,C,7203,100,7203,1,0
C,F,C,5136,100,5136,1,0
C,G,C,1429,100,1429,1,0
C,H,C,5179,100,5179,1,0
A,D,D,4953,100,4953,1,0
B,D,D,7040,100,7040,1,0
C,D,D,4955,100,4955,1,0
D,E,D,5185,100,5185,1,0
D,F,D,7147,100,7147,1,0
D,G,D,5154,100,5154,1,0
D,H,D,1425,100,1425,1,0
A,E,E,1438,100,1438,1,0
B,E,E,5167,100,5167,1,0
C,E,E,7141,100,7141,1,0
D,E,E,5163,100,5163,1,0
E,F,E,4944,100,4944,1,0
E,G,E,7060,100,7060,1,0
E,H,E,5009,100,5009,1,0
A,F,F,5141,100,5141,1,0
B,F,F,1398,100,1398,1,0
C,F,F,5152,100,5152,1,0
D,F,F,7156,100,7156,1,0
E,F,F,4979,100,4979,1,0
F,G,F,4996,100,4996,1,0
F,H,F,6967,100,6967,1,0
A,G,G,7218,100,7218,1,0
B,G,G,5196,100,5196,1,0
C,G,G,1439,100,1439,1,0
D,G,G,5150,100,5150,1,0
E,G,G,7039,100,7039,1,0
F,G,G,4962,100,4962,1,0
G,H,G,4974,100,4974,1,0
A,H,H,5146,100,5146,1,0
B,H,H,7110,100,7110,1,0
C,H,H,5170,100,5170,1,0
D,H,H,1396,100,1396,1,0
E,H,H,4953,100,4953,1,0
F,H,H,6993,100,6993,1,0
G,H,H,4954,100,4954,1,0
A,B,A,4993,100,4993,1,0
A,C,A,6972,100,6972,1,0
A,D,A,4936,100,4936,1,0
A,E,A,1432,100,1432,1,0
A,F,A,5203,100,5203,1,0
A,G,A,7192,100,7192,1,0
A,H,A,5159,100,5159,1,0
A,B,B,4939,100,4939,1,0
B,C,B,4977,100,4977,1,0
B,D,B,6968,100,6968,1,0
B,E,B,5155,100,5155,1,0
B,F,B,1427,100,1427,1,0
B,G,B,5204,100,5204,1,0
B,H,B,7210,100,7210,1,0
A,C,C,6991,100,6991,1,0
B,C,C,4967,100,4967,1,0
C,D,C,4913,100,4913,1,0
C,E,C,7194,100,7194,1,0
C,F,C,5160,100,5160,1,0
C,G,C,1386,100,1386,1,0
C,H,C,5163,100,5163,1,0
A,D,D,4952,100,4952,1,0
B,D,D,6979,100,6979,1,0
C,D,D,4912,100,4912,1,0
D,E,D,5139,100,5139,1,0
D,F,D,7140,100,7140,1,0
D,G,D,5121,100,5121,1,0
D,H,D,1434,100,1434,1,0
A,E,E,1427,100,1427,1,0
B,E,E,5112,100,5112,1,0
C,E,E,7171,100,7171,1,0
D,E,E,5204,100,5204,1,0
E,F,E,4997,100,4997,1,0
E,G,E,7059,100,7059,1,0
E,H,E,4966,100,4966,1,0
A,F,F,5156,100,5156,1,0
B,F,F,1400,100,1400,1,0
C,F,F,5165,100,5165,1,0
D,F,F,7117,100,7117,1,0
E,F,F,4973,100,4973,1,0
F,G,F,4950,100,4950,1,0
F,H,F,7006,100,7006,1,0
A,G,G,7124,100,7124,1,0
B,G,G,5178,100,5178,1,0
C,G,G,1419,100,1419,1,0
D,G,G,5124,100,5124,1,0
E,G,G,7075,100,7075,1,0
F,G,G,4971,100,4971,1,0
G,H,G,4964,100,4964,1,0
A,H,H,5129,100,5129,1,0
B,H,H,7164,100,7164,1,0
C,H,H,5120,100,5120,1,0
D,H,H,1381,100,1381,1,0
E,H,H,4969,100,4969,1,0
F,H,H,6999,100,6999,1,0
G,H,H,4952,100,4952,1,0
A,B,A,4952,100,4952,1,0
A,C,A,6996,100,6996,1,0
A,D,A,4972,100,4972,1,0
A,E,A,1389,100,1389,1,0
A,F,A,5200,100,5200,1,0
A,G,A,7174,100,7174,1,0
A,H,A,5204,100,5204,1,0
A,B,B,4978,100,4978,1,0
B,C,B,5048,100,5048,1,0
B,D,B,7007,100,7007,1,0
B,E,B,5156,100,5156,1,0
B,F,B,1374,100,1374,1,0
B,G,B,5170,100,5170,1,0
B,H,B,7127,100,7127,1,0
A,C,C,6994,100,6994,1,0
B,C,C,4991,100,4991,1,0
C,D,C,4971,100,4971,1,0
C,E,C,7170,100,7170,1,0
C,F,C,5164,100,5164,1,0
C,G,C,1429,100,1429,1,0
C,H,C,5128,100,5128,1,0
A,D,D,4947,100,4947,1,0
B,D,D,7080,100,7080,1,0
C,D,D,4926,100,4926,1,0
D,E,D,5212,100,5212,1,0
D,F,D,7137,100,7137,1,0
D,G,D,5160,100,5160,1,0
D,H,D,1365,100,1365,1,0
A,E,E,1393,100,1393,1,0
B,E,E,5175,100,5175,1,0
C,E,E,7224,100,7224,1,0
D,E,E,5160,100,5160,1,0
E,F,E,4995,100,4995,1,0
E,G,E,7080,100,7080,1,0
E,H,E,4985,100,4985,1,0
A,F,F,5150,100,5150,1,0
B,F,F,1415,100,1415,1,0
C,F,F,5151,100,5151,1,0
D,F,F,7149,100,7149,1,0
E,F,F,4972,100,4972,1,0
F,G,F,4956,100,4956,1,0
F,H,F,6987,100,6987,1,0
A,G,G,7184,100,7184,1,0
B,G,G,5174,100,5174,1,0
C,G,G,1383,100,1383,1,0
D,G,G,5126,100,5126,1,0
E,G,G,7040,100,7040,1,0
F,G,G,4987,100,4987,1,0
G,H,G,4927,100,4927,1,0
A,H,H,5148,100,5148,1,0
B,H,H,7150,100,7150,1,0
C,H,H,5156,100,5156,1,0
D,H,H,1420,100,1420,1,0
E,H,H,4975,100,4975,1,0
F,H,H,7002,100,7002,1,0
G,H,H,4946,100,4946,1,0
A,B,A,4938,100,4938,1,0
A,C,A,6992,100,6992,1,0
A,D,A,4958,100,4958,1,0
A,E,A,1386,100,1386,1,0
A,F,A,5163,100,5163,1,0
A,G,A,7224,100,7224,1,0
A,H,A,5131,100,5131,1,0
A,B,B,4961,100,4961,1,0
B,C,B,5022,100,5022,1,0
B,D,B,7023,100,7023,1,0
B,E,B,5142,100,5142,1,0
B,F,B,1387,100,1387,1,0
B,G,B,5167,100,5167,1,0
B,H,B,7172,100,7172,1,0
A,C,C,7014,100,7014,1,0
B,C,C,4972,100,4972,1,0
C,D,C,4916,100,4916,1,0
C,E,C,7200,100,7200,1,0
C,F,C,5140,100,5140,1,0
C,G,C,1455,100,1455,1,0
C,H,C,5149,100,5149,1,0
A,D,D,4950,100,4950,1,0
B,D,D,7015,100,7015,1,0
C,D,D,4939,100,4939,1,0
D,E,D,5151,100,5151,1,0
D,F,D,7159,100,7159,1,0
D,G,D,5142,100,5142,1,0
D,H,D,1366,100,1366,1,0
A,E,E,1467,100,1467,1,0
B,E,E,5121,100,5121,1,0
C,E,E,7198,100,7198,1,0
D,E,E,5143,100,5143,1,0
E,F,E,4954,100,4954,1,0
E,G,E,7041,100,7041,1,0
E,H,E,4986,100,4986,1,0
A,F,F,5202,100,5202,1,0
B,F,F,1394,100,1394,1,0
C,F,F,5148,100,5148,1,0
D,F,F,7123,100,7123,1,0
E,F,F,4978,100,4978,1,0
F,G,F,5000,100,5000,1,0
F,H,F,7020,100,7020,1,0
A,G,G,7148,100,7148,1,0
B,G,G,5187,100,5187,1,0
C,G,G,1425,100,1425,1,0
D,G,G,5124,100,5124,1,0
E,G,G,7060,100,7060,1,0
F,G,G,4994,100,4994,1,0
G,H,G,4936,100,4936,1,0
A,H,H,5145,100,5145,1,0
B,H,H,7151,100,7151,1,0
C,H,H,5184,100,5184,1,0
D,H,H,1438,100,1438,1,0
E,H,H,4983,100,4983,1,0
F,H,H,7013,100,7013,1,0
G,H,H,4925,100,4925,1,0
A,B,A,4976,100,4976,1,0
A,C,A,6969,100,6969,1,0
A,D,A,4937,100,4937,1,0
A,E,A,1405,100,1405,1,0
A,F,A,5220,100,5220,1,0
A,G,A,7179,100,7179,1,0
A,H,A,5163,100,5163,1,0
A,B,B,4985,100,4985,1,0
B,C,B,5016,100,5016,1,0
B,D,B,6980,100,6980,1,0
B,E,B,5141,100,5141,1,0
B,F,B,1399,100,1399,1,0
B,G,B,5185,100,5185,1,0
B,H,B,7155,100,7155,1,0
A,C,C,7036,100,7036,1,0
B,C,C,4954,100,4954,1,0
C,D,C,4987,100,4987,1,0
C,E,C,7162,100,7162,1,0
C,F,C,5183,100,5183,1,0
C,G,C,1358,100,1358,1,0
C,H,C,5173,100,5173,1,0
A,D,D,4946,100,4946,1,0
B,D,D,6993,100,6993,1,0
C,D,D,4961,100,4961,1,0
D,E,D,5237,100,5237,1,0
D,F,D,7160,100,7160,1,0
D,G,D,5140,100,5140,1,0
D,H,D,1478,100,1478,1,0
A,E,E,1386,100,1386,1,0
B,E,E,5136,100,5136,1,0
C,E,E,7158,100,7158,1,0
D,E,E,5169,100,5169,1,0
E,F,E,4982,100,4982,1,0
E,G,E,7038,100,7038,1,0
E,H,E,4983,100,4983,1,0
A,F,F,5149,100,5149,1,0
B,F,F,1410,100,1410,1,0
C,F,F,5153,100,5153,1,0
D,F,F,7156,100,7156,1,0
E,F,F,4994,100,4994,1,0
F,G,F,4960,100,4960,1,0
F,H,F,6997,100,6997,1,0
A,G,G,7132,100,7132,1,0
B,G,G,5161,100,5161,1,0
C,G,G,1415,100,1415,1,0
D,G,G,5111,100,5111,1,0
E,G,G,7055,100,7055,1,0
F,G,G,4993,100,4993,1,0
G,H,G,4956,100,4956,1,0
A,H,H,5166,100,5166,1,0
B,H,H,7142,100,7142,1,0
C,H,H,5138,100,5138,1,0
D,H,H,1417,100,1417,1,0
E,H,H,4969,100,4969,1,0
F,H,H,6999,100,6999,1,0
G,H,H,4928,100,4928,1,0
A,B,A,4969,100,4969,1,0
A,C,A,7038,100,7038,1,0
A,D,A,4940,100,4940,1,0
A,E,A,1434,100,1434,1,0
A,F,A,5175,100,5175,1,0
A,G,A,7171,100,7171,1,0
A,H,A,5129,100,5129,1,0
A,B,B,4947,100,4947,1,0
B,C,B,5016,100,5016,1,0
B,D,B,7043,100,7043,1,0
B,E,B,5170,100,5170,1,0
B,F,B,1403,100,1403,1,0
B,G,B,5220,100,5220,1,0
B,H,B,7162,100,7162,1,0
A,C,C,7043,100,7043,1,0
B,C,C,4978,100,4978,1,0
C,D,C,4953,100,4953,1,0
C,E,C,7150,100,7150,1,0
C,F,C,5176,100,5176,1,0
C,G,C,1385,100,1385,1,0
C,H,C,5124,100,5124,1,0
A,D,D,4935,100,4935,1,0
B,D,D,6966,100,6966,1,0
C,D,D,4939,100,4939,1,0
D,E,D,5163,100,5163,1,0
D,F,D,7109,100,7109,1,0
D,G,D,5151,100,5151,1,0
D,H,D,1415,100,1415,1,0
A,E,E,1409,100,1409,1,0
B,E,E,5136,100,5136,1,0
C,E,E,7185,100,7185,1,0
D,E,E,5101,100,5101,1,0
E,F,E,4956,100,4956,1,0
E,G,E,7040,100,7040,1,0
E,H,E,4949,100,4949,1,0
A,F,F,5206,100,5206,1,0
B,F,F,1412,100,1412,1,0
C,F,F,5148,100,5148,1,0
D,F,F,7104,100,7104,1,0
E,F,F,4957,100,4957,1,0
F,G,F,4962,100,4962,1,0
F,H,F,6976,100,6976,1,0
A,G,G,7168,100,7168,1,0
B,G,G,5191,100,5191,1,0
C,G,G,1364,100,1364,1,0
D,G,G,5118,100,5118,1,0
E,G,G,7050,100,7050,1,0
F,G,G,4981,100,4981,1,0
G,H,G,4915,100,4915,1,0
A,H,H,5110,100,5110,1,0
B,H,H,7177,100,7177,1,0
C,H,H,5190,100,5190,1,0
D,H,H,1422,100,1422,1,0
E,H,H,5003,100,5003,1,0
F,H,H,6971,100,6971,1,0
G,H,H,4943,100,4943,1,0
A,B,A,4941,100,4941,1,0
A,C,A,7014,100,7014,1,0
A,D,A,4946,100,4946,1,0
A,E,A,1388,100,1388,1,0
A,F,A,5187,100,5187,1,0
A,G,A,7226,100,7226,1,0
A,H,A,5200,100,5200,1,0
A,B,B,4982,100,4982,1,0
B,C,B,5028,100,5028,1,0
B,D,B,6994,100,6994,1,0
B,E,B,5160,100,5160,1,0
B,F,B,1405,100,1405,1,0
B,G,B,5203,100,5203,1,0
B,H,B,7158,100,7158,1,0
A,C,C,7009,100,7009,1,0
B,C,C,4990,100,4990,1,0
C,D,C,4937,100,4937,1,0
C,E,C,7188,100,7188,1,0
C,F,C,5117,100,5117,1,0
C,G,C,1433,100,1433,1,0
C,H,C,5124,100,5124,1,0
A,D,D,4969,100,4969,1,0
B,D,D,7004,100,7004,1,0
C,D,D,4956,100,4956,1,0
D,E,D,5170,100,5170,1,0
D,F,D,7134,100,7134,1,0
D,G,D,5098,100,5098,1,0
D,H,D,1391,100,1391,1,0
A,E,E,1416,100,1416,1,0
B,E,E,5173,100,5173,1,0
C,E,E,7146,100,7146,1,0
D,E,E,5157,100,5157,1,0
E,F,E,4984,100,4984,1,0
E,G,E,7033,100,7033,1,0
E,H,E,4975,100,4975,1,0
A,F,F,5182,100,5182,1,0
B,F,F,1391,100,1391,1,0
C,F,F,5152,100,5152,1,0
D,F,F,7138,100,7138,1,0
E,F,F,4997,100,4997,1,0
F,G,F,4972,100,4972,1,0
F,H,F,6988,100,6988,1,0
A,G,G,7121,100,7121,1,0
B,G,G,5148,100,5148,1,0
C,G,G,1435,100,1435,1,0
D,G,G,5114,100,5114,1,0
E,G,G,7064,100,7064,1,0
F,G,G,4990,100,4990,1,0
G,H,G,4977,100,4977,1,0
A,H,H,5110,100,5110,1,0
B,H,H,7139,100,7139,1,0
C,H,H,5168,100,5168,1,0
D,H,H,1480,100,1480,1,0
E,H,H,4969,100,4969,1,0
F,H,H,7012,100,7012,1,0
G,H,H,4956,100,4956,1,0
A,B,A,5002,100,5002,1,0
A,C,A,7070,100,7070,1,0
A,D,A,4943,100,4943,1,0
A,E,A,1409,100,1409,1,0
A,F,A,5155,100,5155,1,0
A,G,A,7176,100,7176,1,0
A,H,A,5172,100,5172,1,0
A,B,B,4953,100,4953,1,0
B,C,B,4967,100,4967,1,0
B,D,B,7030,100,7030,1,0
B,E,B,5134,100,5134,1,0
B,F,B,1351,100,1351,1,0
B,G,B,5188,100,5188,1,0
B,H,B,7173,100,7173,1,0
A,C,C,7022,100,7022,1,0
B,C,C,4990,100,4990,1,0
C,D,C,4957,100,4957,1,0
C,E,C,7160,100,7160,1,0
C,F,C,5188,100,5188,1,0
C,G,C,1424,100,1424,1,0
C,H,C,5171,100,5171,1,0
A,D,D,4945,100,4945,1,0
B,D,D,7001,100,7001,1,0
C,D,D,4950,100,4950,1,0
D,E,D,5163,100,5163,1,0
D,F,D,7126,100,7126,1,0
D,G,D,5139,100,5139,1,0
D,H,D,1396,100,1396,1,0
A,E,E,1397,100,1397,1,0
B,E,E,5173,100,5173,1,0
C,E,E,7164,100,7164,1,0
D,E,E,5184,100,5184,1,0
E,F,E,4941,100,4941,1,0
E,G,E,7069,100,7069,1,0
E,H,E,4998,100,4998,1,0
A,F,F,5163,100,5163,1,0
B,F,F,1397,100,1397,1,0
C,F,F,5167,100,5167,1,0
D,F,F,7131,100,7131,1,0
E,F,F,4966,100,4966,1,0
F,G,F,4968,100,4968,1,0
F,H,F,6983,100,6983,1,0
A,G,G,7143,100,7143,1,0
B,G,G,5186,100,5186,1,0
C,G,G,1404,100,1404,1,0
D,G,G,5147,100,5147,1,0
E,G,G,7063,100,7063,1,0
F,G,G,4987,100,4987,1,0
G,H,G,4932,100,4932,1,0
A,H,H,5153,100,5153,1,0
B,H,H,7120,100,7120,1,0
C,H,H,5158,100,5158,1,0
D,H,H,1346,100,1346,1,0
E,H,H,4954,100,4954,1,0
F,H,H,6961,100,6961,1,0
G,H,H,4930,100,4930,1,0
A,B,A,4976,100,4976,1,0
A,C,A,7017,100,7017,1,0
A,D,A,4913,100,4913,1,0
A,E,A,1400,100,1400,1,0
A,F,A,5212,100,5212,1,0
A,G,A,7176,100,7176,1,0
A,H,A,5127,100,5127,1,0
A,B,B,4958,100,4958,1,0
B,C,B,5009,100,5009,1,0
B,D,B,7000,100,7000,1,0
B,E,B,5166,100,5166,1,0
B,F,B,1390,100,1390,1,0
B,G,B,5192,100,5192,1,0
B,H,B,7129,100,7129,1,0
A,C,C,7023,100,7023,1,0
B,C,C,4979,100,4979,1,0
C,D,C,4974,100,4974,1,0
C,E,C,7205,100,7205,1,0
C,F,C,5181,100,5181,1,0
C,G,C,1396,100,1396,1,0
C,H,C,5117,100,5117,1,0
A,D,D,4920,100,4920,1,0
B,D,D,7027,100,7027,1,0
C,D,D,4925,100,4925,1,0
D,E,D,5140,100,5140,1,0
D,F,D,7154,100,7154,1,0
D,G,D,5120,100,5120,1,0
D,H,D,1408,100,1408,1,0
A,E,E,1406,100,1406,1,0
B,E,E,5152,100,5152,1,0
C,E,E,7202,100,7202,1,0
D,E,E,5179,100,5179,1,0
E,F,E,4993,100,4993,1,0
E,G,E,7058,100,7058,1,0
E,H,E,4994,100,4994,1,0
A,F,F,5158,100,5158,1,0
B,F,F,1408,100,1408,1,0
C,F,F,5161,100,5161,1,0
D,F,F,7105,100,7105,1,0
E,F,F,4984,100,4984,1,0
F,G,F,4986,100,4986,1,0
F,H,F,6985,100,6985,1,0
A,G,G,7190,100,7190,1,0
B,G,G,5240,100,5240,1,0
C,G,G,1352,100,1352,1,0
D,G,G,5139,100,5139,1,0
E,G,G,7046,100,7046,1,0
F,G,G,4984,100,4984,1,0
G,H,G,4961,100,4961,1,0
A,H,H,5157,100,5157,1,0
B,H,H,7135,100,7135,1,0
C,H,H,5159,100,5159,1,0
D,H,H,1412,100,1412,1,0
E,H,H,4966,100,4966,1,0
F,H,H,6987,100,6987,1,0
G,H,H,4970,100,4970,1,0
A,B,A,4934,100,4934,1,0
A,C,A,7034,100,7034,1,0
A,D,A,4956,100,4956,1,0
A,E,A,1409,100,1409,1,0
A,F,A,5193,100,5193,1,0
A,G,A,7142,100,7142,1,0
A,H,A,5142,100,5142,1,0
A,B,B,4981,100,4981,1,0
B,C,B,5022,100,5022,1,0
B,D,B,7035,100,7035,1,0
B,E,B,5166,100,5166,1,0
B,F,B,1435,100,1435,1,0
B,G,B,5162,100,5162,1,0
B,H,B,7144,100,7144,1,0
A,C,C,7010,100,7010,1,0
B,C,C,5009,100,5009,1,0
C,D,C,4949,100,4949,1,0
C,E,C,7150,100,7150,1,0
C,F,C,5181,100,5181,1,0
C,G,C,1385,100,1385,1,0
C,H,C,5121,100,5121,1,0
A,D,D,4952,100,4952,1,0
B,D,D,7003,100,7003,1,0
C,D,D,4943,100,4943,1,0
D,E,D,5165,100,5165,1,0
D,F,D,7146,100,7146,1,0
D,G,D,5159,100,5159,1,0
D,H,D,1407,100,1407,1,0
A,E,E,1366,100,1366,1,0
B,E,E,5113,100,5113,1,0
C,E,E,7208,100,7208,1,0
D,E,E,5124,100,5124,1,0
E,F,E,4948,100,4948,1,0
E,G,E,7069,100,7069,1,0
E,H,E,4993,100,4993,1,0
A,F,F,5168,100,5168,1,0
B,F,F,1404,100,1404,1,0
C,F,F,5141,100,5141,1,0
D,F,F,7162,100,7162,1,0
E,F,F,4960,100,4960,1,0
F,G,F,4952,100,4952,1,0
F,H,F,7026,100,7026,1,0
A,G,G,7152,100,7152,1,0
B,G,G,5190,100,5190,1,0
C,G,G,1374,100,1374,1,0
D,G,G,5151,100,5151,1,0
E,G,G,7091,100,7091,1,0
F,G,G,4950,100,4950,1,0
G,H,G,4931,100,4931,1,0
A,H,H,5179,100,5179,1,0
B,H,H,7142,100,7142,1,0
C,H,H,5152,100,5152,1,0
D,H,H,1400,100,1400,1,0
E,H,H,4985,100,4985,1,0
F,H,H,6981,100,6981,1,0
G,H,H,4985,100,4985,1,0
A,B,A,4948,100,4948,1,0
A,C,A,7020,100,7020,1,0
A,D,A,4925,100,4925,1,0
A,E,A,1392,100,1392,1,0
A,F,A,5191,100,5191,1,0
A,G,A,7174,100,7174,1,0
A,H,A,5127,100,5127,1,0
A,B,B,4942,100,4942,1,0
B,C,B,4975,100,4975,1,0
B,D,B,7042,100,7042,1,0
B,E,B,5145,100,5145,1,0
B,F,B,1383,100,1383,1,0
B,G,B,5149,100,5149,1,0
B,H,B,7170,100,7170,1,0
A,C,C,7032,100,7032,1,0
B,C,C,5026,100,5026,1,0
C,D,C,4943,100,4943,1,0
C,E,C,7165,100,7165,1,0
C,F,C,5163,100,5163,1,0
C,G,C,1414,100,1414,1,0
C,H,C,5195,100,5195,1,0
A,D,D,4951,100,4951,1,0
B,D,D,6968,100,6968,1,0
C,D,D,4919,100,4919,1,0
D,E,D,5140,100,5140,1,0
D,F,D,7140,100,7140,1,0
D,G,D,5144,100,5144,1,0
D,H,D,1388,100,1388,1,0
A,E,E,1357,100,1357,1,0
B,E,E,5144,100,5144,1,0
C,E,E,7166,100,7166,1,0
D,E,E,5101,100,5101,1,0
E,F,E,4979,100,4979,1,0
E,G,E,7081,100,7081,1,0
E,H,E,4981,100,4981,1,0
A,F,F,5193,100,5193,1,0
B,F,F,1374,100,1374,1,0
C,F,F,5165,100,5165,1,0
D,F,F,7120,100,7120,1,0
E,F,F,4958,100,4958,1,0
F,G,F,4968,100,4968,1,0
F,H,F,6993,100,6993,1,0
A,G,G,7142,100,7142,1,0
B,G,G,5205,100,5205,1,0
C,G,G,1398,100,1398,1,0
D,G,G,5124,100,5124,1,0
E,G,G,7036,100,7036,1,0
F,G,G,5012,100,5012,1,0
G,H,G,4950,100,4950,1,0
A,H,H,5160,100,5160,1,0
B,H,H,7188,100,7188,1,0
C,H,H,5166,100,5166,1,0
D,H,H,1454,100,1454,1,0
E,H,H,4981,100,4981,1,0
F,H,H,6967,100,6967,1,0
G,H,H,4963,100,4963,1,0
A,B,A,4970,100,4970,1,0
A,C,A,7033,100,7033,1,0
A,D,A,4962,100,4962,1,0
A,E,A,1395,100,1395,1,0
A,F,A,5206,100,5206,1,0
A,G,A,7164,100,7164,1,0
A,H,A,5162,100,5162,1,0
A,B,B,4937,100,4937,1,0
B,C,B,4973,100,4973,1,0
B,D,B,6988,100,6988,1,0
B,E,B,5137,100,5137,1,0
B,F,B,1417,100,1417,1,0
B,G,B,5195,100,5195,1,0
B,H,B,7210,100,7210,1,0
A,C,C,6998,100,6998,1,0
B,C,C,4955,100,4955,1,0
C,D,C,4923,100,4923,1,0
C,E,C,7188,100,7188,1,0
C,F,C,5163,100,5163,1,0
C,G,C,1418,100,1418,1,0
C,H,C,5160,100,5160,1,0
A,D,D,4955,100,4955,1,0
B,D,D,7012,100,7012,1,0
C,D,D,4919,100,4919,1,0
D,E,D,5186,100,5186,1,0
D,F,D,7161,100,7161,1,0
D,G,D,5149,100,5149,1,0
D,H,D,1354,100,1354,1,0
A,E,E,1394,100,1394,1,0
B,E,E,5144,100,5144,1,0
C,E,E,7204,100,7204,1,0
D,E,E,5176,100,5176,1,0
E,F,E,4973,100,4973,1,0
E,G,E,7043,100,7043,1,0
E,H,E,4985,100,4985,1,0
A,F,F,5151,100,5151,1,0
B,F,F,1442,100,1442,1,0
C,F,F,5141,100,5141,1,0
D,F,F,7173,100,7173,1,0
E,F,F,4986,100,4986,1,0
F,G,F,4960,100,4960,1,0
F,H,F,6990,100,6990,1,0
A,G,G,7159,100,7159,1,0
B,G,G,5204,100,5204,1,0
C,G,G,1425,100,1425,1,0
D,G,G,5113,100,5113,1,0
E,G,G,7050,100,7050,1,0
F,G,G,4987,100,4987,1,0
G,H,G,4917,100,4917,1,0
A,H,H,5125,100,5125,1,0
B,H,H,7168,100,7168,1,0
C,H,H,5185,100,5185,1,0
D,H,H,1344,100,1344,1,0
E,H,H,4998,100,4998,1,0
F,H,H,7018,100,7018,1,0
G,H,H,4949,100,4949,1,0
A,B,A,4951,100,4951,1,0
A,C,A,7003,100,7003,1,0
A,D,A,4964,100,4964,1,0
A,E,A,1436,100,1436,1,0
A,F,A,5193,100,5193,1,0
A,G,A,7158,100,7158,1,0
A,H,A,5180,100,5180,1,0
A,B,B,4973,100,4973,1,0
B,C,B,5007,100,5007,1,0
B,D,B,7014,100,7014,1,0
B,E,B,5158,100,5158,1,0
B,F,B,1391,100,1391,1,0
B,G,B,5157,100,5157,1,0
B,H,B,7172,100,7172,1,0
A,C,C,7038,100,7038,1,0
B,C,C,4998,100,4998,1,0
C,D,C,4926,100,4926,1,0
C,E,C,7163,100,7163,1,0
C,F,C,5159,100,5159,1,0
C,G,C,1367,100,1367,1,0
C,H,C,5153,100,5153,1,0
A,D,D,4935,100,4935,1,0
B,D,D,7002,100,7002,1,0
C,D,D,4950,100,4950,1,0
D,E,D,5170,100,5170,1,0
D,F,D,7155,100,7155,1,0
D,G,D,5132,100,5132,1,0
D,H,D,1400,100,1400,1,0
A,E,E,1467,100,1467,1,0
B,E,E,5166,100,5166,1,0
C,E,E,7127,100,7127,1,0
D,E,E,5117,100,5117,1,0
E,F,E,4968,100,4968,1,0
E,G,E,7049,100,7049,1,0
E,H,E,4977,100,4977,1,0
A,F,F,5141,100,5141,1,0
B,F,F,1430,100,1430,1,0
C,F,F,5171,100,5171,1,0
D,F,F,7136,100,7136,1,0
E,F,F,4979,100,4979,1,0
F,G,F,4946,100,4946,1,0
F,H,F,6993,100,6993,1,0
A,G,G,7176,100,7176,1,0
B,G,G,5210,100,5210,1,0
C,G,G,1422,100,1422,1,0
D,G,G,5135,100,5135,1,0
E,G,G,7067,100,7067,1,0
F,G,G,4953,100,4953,1,0
G,H,G,4950,100,4950,1,0
A,H,H,5092,100,5092,1,0
B,H,H,7166,100,7166,1,0
C,H,H,5167,100,5167,1,0
D,H,H,1415,100,1415,1,0
E,H,H,5020,100,5020,1,0
F,H,H,6986,100,6986,1,0
G,H,H,4953,100,4953,1,0
A,B,A,4929,100,4929,1,0
A,C,A,7057,100,7057,1,0
A,D,A,4938,100,4938,1,0
A,E,A,1430,100,1430,1,0
A,F,A,5187,100,5187,1,0
A,G,A,7115,100,7115,1,0
A,H,A,5173,100,5173,1,0
A,B,B,4951,100,4951,1,0
B,C,B,5010,100,5010,1,0
B,D,B,7021,100,7021,1,0
B,E,B,5132,100,5132,1,0
B,F,B,1393,100,1393,1,0
B,G,B,5216,100,5216,1,0
B,H,B,7165,100,7165,1,0
A,C,C,7029,100,7029,1,0
B,C,C,4973,100,4973,1,0
C,D,C,4955,100,4955,1,0
C,E,C,7137,100,7137,1,0
C,F,C,5144,100,5144,1,0
C,G,C,1404,100,1404,1,0
C,H,C,5156,100,5156,1,0
A,D,D,4972,100,4972,1,0
B,D,D,6979,100,6979,1,0
C,D,D,4976,100,4976,1,0
D,E,D,5207,100,5207,1,0
D,F,D,7134,100,7134,1,0
D,G,D,5113,100,5113,1,0
D,H,D,1386,100,1386,1,0
A,E,E,1407,100,1407,1,0
B,E,E,5179,100,5179,1,0
C,E,E,7170,100,7170,1,0
D,E,E,5055,100,5055,1,0
E,F,E,4956,100,4956,1,0
E,G,E,7030,100,7030,1,0
E,H,E,4970,100,4970,1,0
A,F,F,5130,100,5130,1,0
B,F,F,1369,100,1369,1,0
C,F,F,5137,100,5137,1,0
D,F,F,7139,100,7139,1,0
E,F,F,5010,100,5010,1,0
F,G,F,4975,100,4975,1,0
F,H,F,6990,100,6990,1,0
A,G,G,7173,100,7173,1,0
B,G,G,5170,100,5170,1,0
C,G,G,1392,100,1392,1,0
D,G,G,5141,100,5141,1,0
E,G,G,7065,100,7065,1,0
F,G,G,4975,100,4975,1,0
G,H,G,4951,100,4951,1,0
A,H,H,5145,100,5145,1,0
B,H,H,7138,100,7138,1,0
C,H,H,5141,100,5141,1,0
D,H,H,1397,100,1397,1,0
E,H,H,4964,100,4964,1,0
F,H,H,7003,100,7003,1,0
G,H,H,4973,100,4973,1,0
A,B,A,4956,100,4956,1,0
A,C,A,7022,100,7022,1,0
A,D,A,4940,100,4940,1,0
A,E,A,1420,100,1420,1,0
A,F,A,5140,100,5140,1,0
A,G,A,7144,100,7144,1,0
A,H,A,5143,100,5143,1,0
A,B,B,4943,100,4943,1,0
B,C,B,4981,100,4981,1,0
B,D,B,7060,100,7060,1,0
B,E,B,5119,100,5119,1,0
B,F,B,1383,100,1383,1,0
B,G,B,5197,100,5197,1,0
B,H,B,7186,100,7186,1,0
A,C,C,7016,100,7016,1,0
B,C,C,5010,100,5010,1,0
C,D,C,4943,100,4943,1,0
C,E,C,7188,100,7188,1,0
C,F,C,5132,100,5132,1,0
C,G,C,1445,100,1445,1,0
C,H,C,5165,100,5165,1,0
A,D,D,4933,100,4933,1,0
B,D,D,6967,100,6967,1,0
C,D,D,4940,100,4940,1,0
D,E,D,5233,100,5233,1,0
D,F,D,7147,100,7147,1,0
D,G,D,5156,100,5156,1,0
D,H,D,1373,100,1373,1,0
A,E,E,1473,100,1473,1,0
B,E,E,5194,100,5194,1,0
C,E,E,7179,100,7179,1,0
D,E,E,5139,100,5139,1,0
E,F,E,4966,100,4966,1,0
E,G,E,7054,100,7054,1,0
E,H,E,4993,100,4993,1,0
A,F,F,5170,100,5170,1,0
B,F,F,1421,100,1421,1,0
C,F,F,5157,100,5157,1,0
D,F,F,7120,100,7120,1,0
E,F,F,4947,100,4947,1,0
F,G,F,4975,100,4975,1,0
F,H,F,7051,100,7051,1,0
A,G,G,7194,100,7194,1,0
B,G,G,5196,100,5196,1,0
C,G,G,1381,100,1381,1,0
D,G,G,5151,100,5151,1,0
E,G,G,7041,100,7041,1,0
F,G,G,4978,100,4978,1,0
G,H,G,4968,100,4968,1,0
A,H,H,5167,100,5167,1,0
B,H,H,7155,100,7155,1,0
C,H,H,5156,100,5156,1,0
D,H,H,1411,100,1411,1,0
E,H,H,4975,100,4975,1,0
F,H,H,7035,100,7035,1,0
G,H,H,4973,100,4973,1,0
A,B,A,4920,100,4920,1,0
A,C,A,7072,100,7072,1,0
A,D,A,4997,100,4997,1,0
A,E,A,1418,100,1418,1,0
A,F,A,5155,100,5155,1,0
A,G,A,7188,100,7188,1,0
A,H,A,5137,100,5137,1,0
A,B,B,4978,100,4978,1,0
B,C,B,4945,100,4945,1,0
B,D,B,6995,100,6995,1,0
B,E,B,5128,100,5128,1,0
B,F,B,1416,100,1416,1,0
B,G,B,5186,100,5186,1,0
B,H,B,7181,100,7181,1,0
A,C,C,7016,100,7016,1,0
B,C,C,4973,100,4973,1,0
C,D,C,4972,100,4972,1,0
C,E,C,7174,100,7174,1,0
C,F,C,5159,100,5159,1,0
C,G,C,1367,100,1367,1,0
C,H,C,5176,100,5176,1,0
A,D,D,4927,100,4927,1,0
B,D,D,7005,100,7005,1,0
C,D,D,4955,100,4955,1,0
D,E,D,5108,100,5108,1,0
D,F,D,7106,100,7106,1,0
D,G,D,5148,100,5148,1,0
D,H,D,1432,100,1432,1,0
A,E,E,1468,100,1468,1,0
B,E,E,5176,100,5176,1,0
C,E,E,7178,100,7178,1,0
D,E,E,5147,100,5147,1,0
E,F,E,4977,100,4977,1,0
E,G,E,7073,100,7073,1,0
E,H,E,4957,100,4957,1,0
A,F,F,5206,100,5206,1,0
B,F,F,1366,100,1366,1,0
C,F,F,5192,100,5192,1,0
D,F,F,7116,100,7116,1,0
E,F,F,5008,100,5008,1,0
F,G,F,4982,100,4982,1,0
F,H,F,6986,100,6986,1,0
A,G,G,7146,100,7146,1,0
B,G,G,5157,100,5157,1,0
C,G,G,1408,100,1408,1,0
D,G,G,5153,100,5153,1,0
E,G,G,7055,100,7055,1,0
F,G,G,4954,100,4954,1,0
G,H,G,4941,100,4941,1,0
A,H,H,5117,100,5117,1,0
B,H,H,7170,100,7170,1,0
C,H,H,5147,100,5147,1,0
D,H,H,1377,100,1377,1,0
E,H,H,4960,100,4960,1,0
F,H,H,6975,100,6975,1,0
G,H,H,4982,100,4982,1,0
A,B,A,4972,100,4972,1,0
A,C,A,7017,100,7017,1,0
A,D,A,4931,100,4931,1,0
A,E,A,1441,100,1441,1,0
A,F,A,5170,100,5170,1,0
A,G,A,7141,100,7141,1,0
A,H,A,5152,100,5152,1,0
A,B,B,4918,100,4918,1,0
B,C,B,4964,100,4964,1,0
B,D,B,7001,100,7001,1,0
B,E,B,5150,100,5150,1,0
B,F,B,1377,100,1377,1,0
B,G,B,5163,100,5163,1,0
B,H,B,7137,100,7137,1,0
A,C,C,7047,100,7047,1,0
B,C,C,5020,100,5020,1,0
C,D,C,4951,100,4951,1,0
C,E,C,7117,100,7117,1,0
C,F,C,5174,100,5174,1,0
C,G,C,1429,100,1429,1,0
C,H,C,5166,100,5166,1,0
A,D,D,4961,100,4961,1,0
B,D,D,7005,100,7005,1,0
C,D,D,4899,100,4899,1,0
D,E,D,5095,100,5095,1,0
D,F,D,7163,100,7163,1,0
D,G,D,5099,100,5099,1,0
D,H,D,1412,100,1412,1,0
A,E,E,1416,100,1416,1,0
B,E,E,5149,100,5149,1,0
C,E,E,7140,100,7140,1,0
D,E,E,5155,100,5155,1,0
E,F,E,4933,100,4933,1,0
E,G,E,7064,100,7064,1,0
E,H,E,4941,100,4941,1,0
A,F,F,5149,100,5149,1,0
B,F,F,1383,100,1383,1,0
C,F,F,5138,100,5138,1,0
D,F,F,7140,100,7140,1,0
E,F,F,4957,100,4957,1,0
F,G,F,4962,100,4962,1,0
F,H,F,7045,100,7045,1,0
A,G,G,7165,100,7165,1,0
B,G,G,5221,100,5221,1,0
C,G,G,1420,100,1420,1,0
D,G,G,5134,100,5134,1,0
E,G,G,7076,100,7076,1,0
F,G,G,4937,100,4937,1,0
G,H,G,4911,100,4911,1,0
A,H,H,5165,100,5165,1,0
B,H,H,7143,100,7143,1,0
C,H,H,5112,100,5112,1,0
D,H,H,1400,100,1400,1,0
E,H,H,4954,100,4954,1,0
F,H,H,7001,100,7001,1,0
G,H,H,4912,100,4912,1,0
A,B,A,4974,100,4974,1,0
A,C,A,6995,100,6995,1,0
A,D,A,4940,100,4940,1,0
A,E,A,1416,100,1416,1,0
A,F,A,5191,100,5191,1,0
A,G,A,7171,100,7171,1,0
A,H,A,5153,100,5153,1,0
A,B,B,4918,100,4918,1,0
B,C,B,4999,100,4999,1,0
B,D,B,7047,100,7047,1,0
B,E,B,5119,100,5119,1,0
B,F,B,1377,100,1377,1,0
B,G,B,5179,100,5179,1,0
B,H,B,7161,100,7161,1,0
A,C,C,7009,100,7009,1,0
B,C,C,4976,100,4976,1,0
C,D,C,4959,100,4959,1,0
C,E,C,7214,100,7214,1,0
C,F,C,5184,100,5184,1,0
C,G,C,1437,100,1437,1,0
C,H,C,5162,100,5162,1,0
A,D,D,4937,100,4937,1,0
B,D,D,6995,100,6995,1,0
C,D,D,4928,100,4928,1,0
D,E,D,5149,100,5149,1,0
D,F,D,7142,100,7142,1,0
D,G,D,5122,100,5122,1,0
D,H,D,1373,100,1373,1,0
A,E,E,1424,100,1424,1,0
B,E,E,5127,100,5127,1,0
C,E,E,7199,100,7199,1,0
D,E,E,5154,100,5154,1,0
E,F,E,4984,100,4984,1,0
E,G,E,7021,100,7021,1,0
E,H,E,4958,100,4958,1,0
A,F,F,5156,100,5156,1,0
B,F,F,1368,100,1368,1,0
C,F,F,5155,100,5155,1,0
D,F,F,7163,100,7163,1,0
E,F,F,4956,100,4956,1,0
F,G,F,4969,100,4969,1,0
F,H,F,6989,100,6989,1,0
A,G,G,7191,100,7191,1,0
B,G,G,5194,100,5194,1,0
C,G,G,1409,100,1409,1,0
D,G,G,5151,100,5151,1,0
E,G,G,7006,100,7006,1,0
F,G,G,4971,100,4971,1,0
G,H,G,4982,100,4982,1,0
A,H,H,5130,100,5130,1,0
B,H,H,7168,100,7168,1,0
C,H,H,5199,100,5199,1,0
D,H,H,1379,100,1379,1,0
E,H,H,4952,100,4952,1,0
F,H,H,7021,100,7021,1,0
G,H,H,4968,100,4968,1,0
A,B,A,4952,100,4952,1,0
A,C,A,7015,100,7015,1,0
A,D,A,4964,100,4964,1,0
A,E,A,1451,100,1451,1,0
A,F,A,5128,100,5128,1,0
A,G,A,7184,100,7184,1,0
A,H,A,5126,100,5126,1,0
A,B,B,4990,100,4990,1,0
B,C,B,4951,100,4951,1,0
B,D,B,6979,100,6979,1,0
B,E,B,5146,100,5146,1,0
B,F,B,1399,100,1399,1,0
B,G,B,5190,100,5190,1,0
B,H,B,7135,100,7135,1,0
A,C,C,7036,100,7036,1,0
B,C,C,4986,100,4986,1,0
C,D,C,4924,100,4924,1,0
C,E,C,7215,100,7215,1,0
C,F,C,5141,100,5141,1,0
C,G,C,1433,100,1433,1,0
C,H,C,5140,100,5140,1,0
A,D,D,4950,100,4950,1,0
B,D,D,6987,100,6987,1,0
C,D,D,4959,100,4959,1,0
D,E,D,5181,100,5181,1,0
D,F,D,7142,100,7142,1,0
D,G,D,5148,100,5148,1,0
D,H,D,1381,100,1381,1,0
A,E,E,1451,100,1451,1,0
B,E,E,5124,100,5124,1,0
C,E,E,7175,100,7175,1,0
D,E,E,5143,100,5143,1,0
E,F,E,4998,100,4998,1,0
E,G,E,7060,100,7060,1,0
E,H,E,4959,100,4959,1,0
A,F,F,5154,100,5154,1,0
B,F,F,1371,100,1371,1,0
C,F,F,5157,100,5157,1,0
D,F,F,7144,100,7144,1,0
E,F,F,4981,100,4981,1,0
F,G,F,4981,100,4981,1,0
F,H,F,6975,100,6975,1,0
A,G,G,7187,100,7187,1,0
B,G,G,5218,100,5218,1,0
C,G,G,1385,100,1385,1,0
D,G,G,5143,100,5143,1,0
E,G,G,7050,100,7050,1,0
F,G,G,4980,100,4980,1,0
G,H,G,4966,100,4966,1,0
A,H,H,5136,100,5136,1,0
B,H,H,7165,100,7165,1,0
C,H,H,5179,100,5179,1,0
D,H,H,1379,100,1379,1,0
E,H,H,5000,100,5000,1,0
F,H,H,7016,100,7016,1,0
G,H,H,4950,100,4950,1,0
A,B,A,4935,100,4935,1,0
A,C,A,7066,100,7066,1,0
A,D,A,4943,100,4943,1,0
A,E,A,1417,100,1417,1,0
A,F,A,5146,100,5146,1,0
A,G,A,7140,100,7140,1,0
A,H,A,5140,100,5140,1,0
A,B,B,4964,100,4964,1,0
B,C,B,4995,100,4995,1,0
B,D,B,7022,100,7022,1,0
B,E,B,5151,100,5151,1,0
B,F,B,1341,100,1341,1,0
B,G,B,5207,100,5207,1,0
B,H,B,7182,100,7182,1,0
A,C,C,7023,100,7023,1,0
B,C,C,4979,100,4979,1,0
C,D,C,4993,100,4993,1,0
C,E,C,7154,100,7154,1,0
C,F,C,5168,100,5168,1,0
C,G,C,1435,100,1435,1,0
C,H,C,5174,100,5174,1,0
A,D,D,4925,100,4925,1,0
B,D,D,7058,100,7058,1,0
C,D,D,4949,100,4949,1,0
D,E,D,5194,100,5194,1,0
D,F,D,7157,100,7157,1,0
D,G,D,5116,100,5116,1,0
D,H,D,1437,100,1437,1,0
A,E,E,1435,100,1435,1,0
B,E,E,5154,100,5154,1,0
C,E,E,7168,100,7168,1,0
D,E,E,5185,100,5185,1,0
E,F,E,4982,100,4982,1,0
E,G,E,7064,100,7064,1,0
E,H,E,4929,100,4929,1,0
A,F,F,5213,100,5213,1,0
B,F,F,1370,100,1370,1,0
C,F,F,5164,100,5164,1,0
D,F,F,7133,100,7133,1,0
E,F,F,4968,100,4968,1,0
F,G,F,4968,100,4968,1,0
F,H,F,6962,100,6962,1,0
A,G,G,7152,100,7152,1,0
B,G,G,5208,100,5208,1,0
C,G,G,1386,100,1386,1,0
D,G,G,5107,100,5107,1,0
E,G,G,7044,100,7044,1,0
F,G,G,4965,100,4965,1,0
G,H,G,4955,100,4955,1,0
A,H,H,5135,100,5135,1,0
B,H,H,7133,100,7133,1,0
C,H,H,5187,100,5187,1,0
D,H,H,1423,100,1423,1,0
E,H,H,4974,100,4974,1,0
F,H,H,7027,100,7027,1,0
G,H,H,4961,100,4961,1,0
A,B,A,4953,100,4953,1,0
A,C,A,7024,100,7024,1,0
A,D,A,4958,100,4958,1,0
A,E,A,1387,100,1387,1,0
A,F,A,5228,100,5228,1,0
A,G,A,7172,100,7172,1,0
A,H,A,5116,100,5116,1,0
A,B,B,4910,100,4910,1,0
B,C,B,5018,100,5018,1,0
B,D,B,7016,100,7016,1,0
B,E,B,5117,100,5117,1,0
B,F,B,1402,100,1402,1,0
B,G,B,5153,100,5153,1,0
B,H,B,7144,100,7144,1,0
A,C,C,7014,100,7014,1,0
B,C,C,4940,100,4940,1,0
C,D,C,4942,100,4942,1,0
C,E,C,7228,100,7228,1,0
C,F,C,5136,100,5136,1,0
C,G,C,1435,100,1435,1,0
C,H,C,5081,100,5081,1,0
A,D,D,4950,100,4950,1,0
B,D,D,6984,100,6984,1,0
C,D,D,4940,100,4940,1,0
D,E,D,5136,100,5136,1,0
D,F,D,7173,100,7173,1,0
D,G,D,5112,100,5112,1,0
D,H,D,1432,100,1432,1,0
A,E,E,1423,100,1423,1,0
B,E,E,5131,100,5131,1,0
C,E,E,7214,100,7214,1,0
D,E,E,5195,100,5195,1,0
E,F,E,5040,100,5040,1,0
E,G,E,7040,100,7040,1,0
E,H,E,4974,100,4974,1,0
A,F,F,5197,100,5197,1,0
B,F,F,1410,100,1410,1,0
C,F,F,5175,100,5175,1,0
D,F,F,7154,100,7154,1,0
E,F,F,4960,100,4960,1,0
F,G,F,4996,100,4996,1,0
F,H,F,6964,100,6964,1,0
A,G,G,7142,100,7142,1,0
B,G,G,5172,100,5172,1,0
C,G,G,1405,100,1405,1,0
D,G,G,5119,100,5119,1,0
E,G,G,7086,100,7086,1,0
F,G,G,4986,100,4986,1,0
G,H,G,4953,100,4953,1,0
A,H,H,5118,100,5118,1,0
B,H,H,7202,100,7202,1,0
C,H,H,5197,100,5197,1,0
D,H,H,1409,100,1409,1,0
E,H,H,4971,100,4971,1,0
F,H,H,6999,100,6999,1,0
G,H,H,4939,100,4939,1,0
A,B,A,4949,100,4949,1,0
A,C,A,7008,100,7008,1,0
A,D,A,4944,100,4944,1,0
A,E,A,1402,100,1402,1,0
A,F,A,5180,100,5180,1,0
A,G,A,7185,100,7185,1,0
A,H,A,5118,100,5118,1,0
A,B,B,4978,100,4978,1,0
B,C,B,4968,100,4968,1,0
B,D,B,7004,100,7004,1,0
B,E,B,5119,100,5119,1,0
B,F,B,1367,100,1367,1,0
B,G,B,5206,100,5206,1,0
B,H,B,7127,100,7127,1,0
A,C,C,7040,100,7040,1,0
B,C,C,4956,100,4956,1,0
C,D,C,4943,100,4943,1,0
C,E,C,7159,100,7159,1,0
C,F,C,5131,100,5131,1,0
C,G,C,1360,100,1360,1,0
C,H,C,5171,100,5171,1,0
A,D,D,4941,100,4941,1,0
B,D,D,7015,100,7015,1,0
C,D,D,4943,100,4943,1,0
D,E,D,5138,100,5138,1,0
D,F,D,7137,100,7137,1,0
D,G,D,5116,100,5116,1,0
D,H,D,1423,100,1423,1,0
A,E,E,1435,100,1435,1,0
B,E,E,5167,100,5167,1,0
C,E,E,7203,100,7203,1,0
D,E,E,5150,100,5150,1,0
E,F,E,4984,100,4984,1,0
E,G,E,7060,100,7060,1,0
E,H,E,4959,100,4959,1,0
A,F,F,5200,100,5200,1,0
B,F,F,1424,100,1424,1,0
C,F,F,5157,100,5157,1,0
D,F,F,7186,100,7186,1,0
E,F,F,4969,100,4969,1,0
F,G,F,4956,100,4956,1,0
F,H,F,6978,100,6978,1,0
A,G,G,7169,100,7169,1,0
B,G,G,5189,100,5189,1,0
C,G,G,1432,100,1432,1,0
D,G,G,5133,100,5133,1,0
E,G,G,7056,100,7056,1,0
F,G,G,4993,100,4993,1,0
G,H,G,4942,100,4942,1,0
A,H,H,5097,100,5097,1,0
B,H,H,7172,100,7172,1,0
C,H,H,5112,100,5112,1,0
D,H,H,1456,100,1456,1,0
E,H,H,4974,100,4974,1,0
F,H,H,7014,100,7014,1,0
G,H,H,4950,100,4950,1,0
A,B,A,4937,100,4937,1,0
A,C,A,7055,100,7055,1,0
A,D,A,4945,100,4945,1,0
A,E,A,1374,100,1374,1,0
A,F,A,5221,100,5221,1,0
A,G,A,7166,100,7166,1,0
A,H,A,5112,100,5112,1,0
A,B,B,4980,100,4980,1,0
B,C,B,4979,100,4979,1,0
B,D,B,7006,100,7006,1,0
B,E,B,5123,100,5123,1,0
B,F,B,1422,100,1422,1,0
B,G,B,5188,100,5188,1,0
B,H,B,7193,100,7193,1,0
A,C,C,7068,100,7068,1,0
B,C,C,4959,100,4959,1,0
C,D,C,4963,100,4963,1,0
C,E,C,7145,100,7145,1,0
C,F,C,5158,100,5158,1,0
C,G,C,1428,100,1428,1,0
C,H,C,5171,100,5171,1,0
A,D,D,4935,100,4935,1,0
B,D,D,6985,100,6985,1,0
C,D,D,4944,100,4944,1,0
D,E,D,5125,100,5125,1,0
D,F,D,7104,100,7104,1,0
D,G,D,5169,100,5169,1,0
D,H,D,1408,100,1408,1,0
A,E,E,1381,100,1381,1,0
B,E,E,5114,100,5114,1,0
C,E,E,7168,100,7168,1,0
D,E,E,5176,100,5176,1,0
E,F,E,4967,100,4967,1,0
E,G,E,7080,100,7080,1,0
E,H,E,4969,100,4969,1,0
A,F,F,5176,100,5176,1,0
B,F,F,1403,100,1403,1,0
C,F,F,5148,100,5148,1,0
D,F,F,7167,100,7167,1,0
E,F,F,4941,100,4941,1,0
F,G,F,4969,100,4969,1,0
F,H,F,6999,100,6999,1,0
A,G,G,7187,100,7187,1,0
B,G,G,5178,100,5178,1,0
C,G,G,1397,100,1397,1,0
D,G,G,5122,100,5122,1,0
E,G,G,7057,100,7057,1,0
F,G,G,4981,100,4981,1,0
G,H,G,4958,100,4958,1,0
A,H,H,5149,100,5149,1,0
B,H,H,7173,100,7173,1,0
C,H,H,5178,100,5178,1,0
D,H,H,1396,100,1396,1,0
E,H,H,4973,100,4973,1,0
F,H,H,6971,100,6971,1,0
G,H,H,4970,100,4970,1,0
A,B,A,4921,100,4921,1,0
A,C,A,7015,100,7015,1,0
A,D,A,4947,100,4947,1,0
A,E,A,1419,100,1419,1,0
A,F,A,5174,100,5174,1,0
A,G,A,7169,100,7169,1,0
A,H,A,5113,100,5113,1,0
A,B,B,4962,100,4962,1,0
B,C,B,4982,100,4982,1,0
B,D,B,7003,100,7003,1,0
B,E,B,5167,100,5167,1,0
B,F,B,1415,100,1415,1,0
B,G,B,5182,100,5182,1,0
B,H,B,7093,100,7093,1,0
A,C,C,7032,100,7032,1,0
B,C,C,4976,100,4976,1,0
C,D,C,4957,100,4957,1,0
C,E,C,7189,100,7189,1,0
C,F,C,5148,100,5148,1,0
C,G,C,1403,100,1403,1,0
C,H,C,5155,100,5155,1,0
A,D,D,4925,100,4925,1,0
B,D,D,7054,100,7054,1,0
C,D,D,4960,100,4960,1,0
D,E,D,5182,100,5182,1,0
D,F,D,7155,100,7155,1,0
D,G,D,5175,100,5175,1,0
D,H,D,1346,100,1346,1,0
A,E,E,1397,100,1397,1,0
B,E,E,5111,100,5111,1,0
C,E,E,7195,100,7195,1,0
D,E,E,5161,100,5161,1,0
E,F,E,4954,100,4954,1,0
E,G,E,7059,100,7059,1,0
E,H,E,5004,100,5004,1,0
A,F,F,5154,100,5154,1,0
B,F,F,1392,100,1392,1,0
C,F,F,5152,100,5152,1,0
D,F,F,7151,100,7151,1,0
E,F,F,4968,100,4968,1,0
F,G,F,4990,100,4990,1,0
F,H,F,6999,100,6999,1,0
A,G,G,7188,100,7188,1,0
B,G,G,5164,100,5164,1,0
C,G,G,1384,100,1384,1,0
D,G,G,5122,100,5122,1,0
E,G,G,7068,100,7068,1,0
F,G,G,4983,100,4983,1,0
G,H,G,4930,100,4930,1,0
A,H,H,5133,100,5133,1,0
B,H,H,7132,100,7132,1,0
C,H,H,5183,100,5183,1,0
D,H,H,1381,100,1381,1,0
E,H,H,4964,100,4964,1,0
F,H,H,7010,100,7010,1,0
G,H,H,4958,100,4958,1,0
A,B,A,4968,100,4968,1,0
A,C,A,7033,100,7033,1,0
A,D,A,4950,100,4950,1,0
A,E,A,1424,100,1424,1,0
A,F,A,5223,100,5223,1,0
A,G,A,7116,100,7116,1,0
A,H,A,5136,100,5136,1,0
A,B,B,4984,100,4984,1,0
B,C,B,4951,100,4951,1,0
B,D,B,6982,100,6982,1,0
B,E,B,5115,100,5115,1,0
B,F,B,1385,100,1385,1,0
B,G,B,5204,100,5204,1,0
B,H,B,7170,100,7170,1,0
A,C,C,6992,100,6992,1,0
B,C,C,4989,100,4989,1,0
C,D,C,4923,100,4923,1,0
C,E,C,7157,100,7157,1,0
C,F,C,5162,100,5162,1,0
C,G,C,1387,100,1387,1,0
C,H,C,5165,100,5165,1,0
A,D,D,4960,100,4960,1,0
B,D,D,7032,100,7032,1,0
C,D,D,4933,100,4933,1,0
D,E,D,5160,100,5160,1,0
D,F,D,7137,100,7137,1,0
D,G,D,5133,100,5133,1,0
D,H,D,1411,100,1411,1,0
A,E,E,1414,100,1414,1,0
B,E,E,5153,100,5153,1,0
C,E,E,7210,100,7210,1,0
D,E,E,5185,100,5185,1,0
E,F,E,4991,100,4991,1,0
E,G,E,7061,100,7061,1,0
E,H,E,5005,100,5005,1,0
A,F,F,5157,100,5157,1,0
B,F,F,1428,100,1428,1,0
C,F,F,5162,100,5162,1,0
D,F,F,7138,100,7138,1,0
E,F,F,4977,100,4977,1,0
F,G,F,4970,100,4970,1,0
F,H,F,7006,100,7006,1,0
A,G,G,7150,100,7150,1,0
B,G,G,5189,100,5189,1,0
C,G,G,1367,100,1367,1,0
D,G,G,5137,100,5137,1,0
E,G,G,7041,100,7041,1,0
F,G,G,4970,100,4970,1,0
G,H,G,4913,100,4913,1,0
A,H,H,5149,100,5149,1,0
B,H,H,7131,100,7131,1,0
C,H,H,5160,100,5160,1,0
D,H,H,1384,100,1384,1,0
E,H,H,4949,100,4949,1,0
F,H,H,7015,100,7015,1,0
G,H,H,4966,100,4966,1,0
A,B,A,4911,100,4911,1,0
A,C,A,7052,100,7052,1,0
A,D,A,4948,100,4948,1,0
A,E,A,1422,100,1422,1,0
A,F,A,5174,100,5174,1,0
A,G,A,7151,100,7151,1,0
A,H,A,5154,100,5154,1,0
A,B,B,4964,100,4964,1,0
B,C,B,4997,100,4997,1,0
B,D,B,6972,100,6972,1,0
B,E,B,5172,100,5172,1,0
B,F,B,1343,100,1343,1,0
B,G,B,5193,100,5193,1,0
B,H,B,7127,100,7127,1,0
A,C,C,7031,100,7031,1,0
B,C,C,4991,100,4991,1,0
C,D,C,4936,100,4936,1,0
C,E,C,7197,100,7197,1,0
C,F,C,5143,100,5143,1,0
C,G,C,1379,100,1379,1,0
C,H,C,5138,100,5138,1,0
A,D,D,4964,100,4964,1,0
B,D,D,6990,100,6990,1,0
C,D,D,4963,100,4963,1,0
D,E,D,5127,100,5127,1,0
D,F,D,7123,100,7123,1,0
D,G,D,5150,100,5150,1,0
D,H,D,1415,100,1415,1,0
A,E,E,1437,100,1437,1,0
B,E,E,5119,100,5119,1,0
C,E,E,7176,100,7176,1,0
D,E,E,5216,100,5216,1,0
E,F,E,4967,100,4967,1,0
E,G,E,7032,100,7032,1,0
E,H,E,4970,100,4970,1,0
A,F,F,5169,100,5169,1,0
B,F,F,1356,100,1356,1,0
C,F,F,5162,100,5162,1,0
D,F,F,7157,100,7157,1,0
E,F,F,4987,100,4987,1,0
F,G,F,4963,100,4963,1,0
F,H,F,6978,100,6978,1,0
A,G,G,7151,100,7151,1,0
B,G,G,5215,100,5215,1,0
C,G,G,1421,100,1421,1,0
D,G,G,5137,100,5137,1,0
E,G,G,7039,100,7039,1,0
F,G,G,4984,100,4984,1,0
G,H,G,4971,100,4971,1,0
A,H,H,5164,100,5164,1,0
B,H,H,7107,100,7107,1,0
C,H,H,5208,100,5208,1,0
D,H,H,1361,100,1361,1,0
E,H,H,4988,100,4988,1,0
F,H,H,7031,100,7031,1,0
G,H,H,4909,100,4909,1,0
A,B,A,4926,100,4926,1,0
A,C,A,7022,100,7022,1,0
A,D,A,4939,100,4939,1,0
A,E,A,1410,100,1410,1,0
A,F,A,5155,100,5155,1,0
A,G,A,7191,100,7191,1,0
A,H,A,5159,100,5159,1,0
A,B,B,4930,100,4930,1,0
B,C,B,5055,100,5055,1,0
B,D,B,7016,100,7016,1,0
B,E,B,5152,100,5152,1,0
B,F,B,1395,100,1395,1,0
B,G,B,5181,100,5181,1,0
B,H,B,7130,100,7130,1,0
A,C,C,7019,100,7019,1,0
B,C,C,4991,100,4991,1,0
C,D,C,4893,100,4893,1,0
C,E,C,7174,100,7174,1,0
C,F,C,5172,100,5172,1,0
C,G,C,1403,100,1403,1,0
C,H,C,5165,100,5165,1,0
A,D,D,4936,100,4936,1,0
B,D,D,6978,100,6978,1,0
C,D,D,4956,100,4956,1,0
D,E,D,5188,100,5188,1,0
D,F,D,7135,100,7135,1,0
D,G,D,5131,100,5131,1,0
D,H,D,1463,100,1463,1,0
A,E,E,1327,100,1327,1,0
B,E,E,5144,100,5144,1,0
C,E,E,7132,100,7132,1,0
D,E,E,5122,100,5122,1,0
E,F,E,4995,100,4995,1,0
E,G,E,7065,100,7065,1,0
E,H,E,4992,100,4992,1,0
A,F,F,5142,100,5142,1,0
B,F,F,1432,100,1432,1,0
C,F,F,5188,100,5188,1,0
D,F,F,7140,100,7140,1,0
E,F,F,4951,100,4951,1,0
F,G,F,4965,100,4965,1,0
F,H,F,6974,100,6974,1,0
A,G,G,7155,100,7155,1,0
B,G,G,5163,100,5163,1,0
C,G,G,1410,100,1410,1,0
D,G,G,5137,100,5137,1,0
E,G,G,7070,100,7070,1,0
F,G,G,4979,100,4979,1,0
G,H,G,4941,100,4941,1,0
A,H,H,5182,100,5182,1,0
B,H,H,7134,100,7134,1,0
C,H,H,5152,100,5152,1,0
D,H,H,1411,100,1411,1,0
E,H,H,4974,100,4974,1,0
F,H,H,6981,100,6981,1,0
G,H,H,4925,100,4925,1,0
A,B,A,4986,100,4986,1,0
A,C,A,7043,100,7043,1,0
A,D,A,4926,100,4926,1,0
A,E,A,1437,100,1437,1,0
A,F,A,5215,100,5215,1,0
A,G,A,7125,100,7125,1,0
A,H,A,5139,100,5139,1,0
A,B,B,4930,100,4930,1,0
B,C,B,4994,100,4994,1,0
B,D,B,7037,100,7037,1,0
B,E,B,5140,100,5140,1,0
B,F,B,1408,100,1408,1,0
B,G,B,5212,100,5212,1,0
B,H,B,7174,100,7174,1,0
A,C,C,6994,100,6994,1,0
B,C,C,4977,100,4977,1,0
C,D,C,4976,100,4976,1,0
C,E,C,7136,100,7136,1,0
C,F,C,5156,100,5156,1,0
C,G,C,1382,100,1382,1,0
C,H,C,5142,100,5142,1,0
A,D,D,4930,100,4930,1,0
B,D,D,7033,100,7033,1,0
C,D,D,4932,100,4932,1,0
D,E,D,5208,100,5208,1,0
D,F,D,7159,100,7159,1,0
D,G,D,5143,100,5143,1,0
D,H,D,1366,100,1366,1,0
A,E,E,1410,100,1410,1,0
B,E,E,5166,100,5166,1,0
C,E,E,7184,100,7184,1,0
D,E,E,5144,100,5144,1,0
E,F,E,4982,100,4982,1,0
E,G,E,7051,100,7051,1,0
E,H,E,4993,100,4993,1,0
A,F,F,5173,100,5173,1,0
B,F,F,1395,100,1395,1,0
C,F,F,5154,100,5154,1,0
D,F,F,7158,100,7158,1,0
E,F,F,4996,100,4996,1,0
F,G,F,4975,100,4975,1,0
F,H,F,7022,100,7022,1,0
A,G,G,7173,100,7173,1,0
B,G,G,5211,100,5211,1,0
C,G,G,1431,100,1431,1,0
D,G,G,5139,100,5139,1,0
E,G,G,7027,100,7027,1,0
F,G,G,4970,100,4970,1,0
G,H,G,4944,100,4944,1,0
A,H,H,5126,100,5126,1,0
B,H,H,7196,100,7196,1,0
C,H,H,5150,100,5150,1,0
D,H,H,1427,100,1427,1,0
E,H,H,5004,100,5004,1,0
F,H,H,7013,100,7013,1,0
G,H,H,4952,100,4952,1,0
A,B,A,4950,100,4950,1,0
A,C,A,7027,100,7027,1,0
A,D,A,4935,100,4935,1,0
A,E,A,1403,100,1403,1,0
A,F,A,5193,100,5193,1,0
A,G,A,7158,100,7158,1,0
A,H,A,5178,100,5178,1,0
A,B,B,4986,100,4986,1,0
B,C,B,4934,100,4934,1,0
B,D,B,6985,100,6985,1,0
B,E,B,5126,100,5126,1,0
B,F,B,1402,100,1402,1,0
B,G,B,5180,100,5180,1,0
B,H,B,7185,100,7185,1,0
A,C,C,7045,100,7045,1,0
B,C,C,5019,100,5019,1,0
C,D,C,4911,100,4911,1,0
C,E,C,7194,100,7194,1,0
C,F,C,5171,100,5171,1,0
C,G,C,1365,100,1365,1,0
C,H,C,5148,100,5148,1,0
A,D,D,4963,100,4963,1,0
B,D,D,7009,100,7009,1,0
C,D,D,4945,100,4945,1,0
D,E,D,5190,100,5190,1,0
D,F,D,7134,100,7134,1,0
D,G,D,5158,100,5158,1,0
D,H,D,1396,100,1396,1,0
A,E,E,1423,100,1423,1,0
B,E,E,5148,100,5148,1,0
C,E,E,7201,100,7201,1,0
D,E,E,5147,100,5147,1,0
E,F,E,4956,100,4956,1,0
E,G,E,7029,100,7029,1,0
E,H,E,4979,100,4979,1,0
A,F,F,5157,100,5157,1,0
B,F,F,1390,100,1390,1,0
C,F,F,5194,100,5194,1,0
D,F,F,7157,100,7157,1,0
E,F,F,4947,100,4947,1,0
F,G,F,4936,100,4936,1,0
F,H,F,7038,100,7038,1,0
A,G,G,7167,100,7167,1,0
B,G,G,5205,100,5205,1,0
C,G,G,1366,100,1366,1,0
D,G,G,5155,100,5155,1,0
E,G,G,7056,100,7056,1,0
F,G,G,4989,100,4989,1,0
G,H,G,4910,100,4910,1,0
A,H,H,5146,100,5146,1,0
B,H,H,7151,100,7151,1,0
C,H,H,5202,100,5202,1,0
D,H,H,1416,100,1416,1,0
E,H,H,4953,100,4953,1,0
F,H,H,7012,100,7012,1,0
G,H,H,4921,100,4921,1,0
A,B,A,4944,100,4944,1,0
A,C,A,6999,100,6999,1,0
A,D,A,4947,100,4947,1,0
A,E,A,1408,100,1408,1,0
A,F,A,5205,100,5205,1,0
A,G,A,7118,100,7118,1,0
A,H,A,5143,100,5143,1,0
A,B,B,4945,100,4945,1,0
B,C,B,5017,100,5017,1,0
B,D,B,6998,100,6998,1,0
B,E,B,5146,100,5146,1,0
B,F,B,1408,100,1408,1,0
B,G,B,5159,100,5159,1,0
B,H,B,7083,100,7083,1,0
A,C,C,7057,100,7057,1,0
B,C,C,5014,100,5014,1,0
C,D,C,4976,100,4976,1,0
C,E,C,7156,100,7156,1,0
C,F,C,5178,100,5178,1,0
C,G,C,1401,100,1401,1,0
C,H,C,5169,100,5169,1,0
A,D,D,4933,100,4933,1,0
B,D,D,6998,100,6998,1,0
C,D,D,4912,100,4912,1,0
D,E,D,5160,100,5160,1,0
D,F,D,7147,100,7147,1,0
D,G,D,5158,100,5158,1,0
D,H,D,1382,100,1382,1,0
A,E,E,1405,100,1405,1,0
B,E,E,5144,100,5144,1,0
C,E,E,7186,100,7186,1,0
D,E,E,5110,100,5110,1,0
E,F,E,4962,100,4962,1,0
E,G,E,7046,100,7046,1,0
E,H,E,4955,100,4955,1,0
A,F,F,5182,100,5182,1,0
B,F,F,1397,100,1397,1,0
C,F,F,5168,100,5168,1,0
D,F,F,7151,100,7151,1,0
E,F,F,4973,100,4973,1,0
F,G,F,4966,100,4966,1,0
F,H,F,7049,100,7049,1,0
A,G,G,7154,100,7154,1,0
B,G,G,5187,100,5187,1,0
C,G,G,1402,100,1402,1,0
D,G,G,5178,100,5178,1,0
E,G,G,7049,100,7049,1,0
F,G,G,4976,100,4976,1,0
G,H,G,4974,100,4974,1,0
A,H,H,5157,100,5157,1,0
B,H,H,7153,100,7153,1,0
C,H,H,5200,100,5200,1,0
D,H,H,1419,100,1419,1,0
E,H,H,4971,100,4971,1,0
F,H,H,6982,100,6982,1,0
G,H,H,4962,100,4962,1,0
A,B,A,4916,100,4916,1,0
A,C,A,7023,100,7023,1,0
A,D,A,4932,100,4932,1,0
A,E,A,1386,100,1386,1,0
A,F,A,5190,100,5190,1,0
A,G,A,7167,100,7167,1,0
A,H,A,5174,100,5174,1,0
A,B,B,4923,100,4923,1,0
B,C,B,4993,100,4993,1,0
B,D,B,7017,100,7017,1,0
B,E,B,5148,100,5148,1,0
B,F,B,1425,100,1425,1,0
B,G,B,5180,100,5180,1,0
B,H,B,7116,100,7116,1,0
A,C,C,7037,100,7037,1,0
B,C,C,4987,100,4987,1,0
C,D,C,4948,100,4948,1,0
C,E,C,7180,100,7180,1,0
C,F,C,5140,100,5140,1,0
C,G,C,1437,100,1437,1,0
C,H,C,5123,100,5123,1,0
A,D,D,4962,100,4962,1,0
B,D,D,6982,100,6982,1,0
C,D,D,4937,100,4937,1,0
D,E,D,5208,100,5208,1,0
D,F,D,7160,100,7160,1,0
D,G,D,5158,100,5158,1,0
D,H,D,1436,100,1436,1,0
A,E,E,1432,100,1432,1,0
B,E,E,5113,100,5113,1,0
C,E,E,7110,100,7110,1,0
D,E,E,5212,100,5212,1,0
E,F,E,4994,100,4994,1,0
E,G,E,7025,100,7025,1,0
E,H,E,5000,100,5000,1,0
A,F,F,5164,100,5164,1,0
B,F,F,1403,100,1403,1,0
C,F,F,5144,100,5144,1,0
D,F,F,7141,100,7141,1,0
E,F,F,4948,100,4948,1,0
F,G,F,4967,100,4967,1,0
F,H,F,7022,100,7022,1,0
A,G,G,7151,100,7151,1,0
B,G,G,5163,100,5163,1,0
C,G,G,1418,100,1418,1,0
D,G,G,5155,100,5155,1,0
E,G,G,7064,100,7064,1,0
F,G,G,4951,100,4951,1,0
G,H,G,4950,100,4950,1,0
A,H,H,5115,100,5115,1,0
B,H,H,7136,100,7136,1,0
C,H,H,5141,100,5141,1,0
D,H,H,1406,100,1406,1,0
E,H,H,4996,100,4996,1,0
F,H,H,6979,100,6979,1,0
G,H,H,4947,100,4947,1,0
A,B,A,4931,100,4931,1,0
A,C,A,7082,100,7082,1,0
A,D,A,4939,100,4939,1,0
A,E,A,1405,100,1405,1,0
A,F,A,5159,100,5159,1,0
A,G,A,7130,100,7130,1,0
A,H,A,5177,100,5177,1,0
A,B,B,4968,100,4968,1,0
B,C,B,4999,100,4999,1,0
B,D,B,6989,100,6989,1,0
B,E,B,5144,100,5144,1,0
B,F,B,1406,100,1406,1,0
B,G,B,5161,100,5161,1,0
B,H,B,7159,100,7159,1,0
A,C,C,6987,100,6987,1,0
B,C,C,4980,100,4980,1,0
C,D,C,4938,100,4938,1,0
C,E,C,7151,100,7151,1,0
C,F,C,5144,100,5144,1,0
C,G,C,1398,100,1398,1,0
C,H,C,5126,100,5126,1,0
A,D,D,4929,100,4929,1,0
B,D,D,6999,100,6999,1,0
C,D,D,4947,100,4947,1,0
D,E,D,5200,100,5200,1,0
D,F,D,7154,100,7154,1,0
D,G,D,5128,100,5128,1,0
D,H,D,1392,100,1392,1,0
A,E,E,1539,100,1539,1,0
B,E,E,5138,100,5138,1,0
C,E,E,7179,100,7179,1,0
D,E,E,5175,100,5175,1,0
E,F,E,4960,100,4960,1,0
E,G,E,7043,100,7043,1,0
E,H,E,4941,100,4941,1,0
A,F,F,5201,100,5201,1,0
B,F,F,1415,100,1415,1,0
C,F,F,5132,100,5132,1,0
D,F,F,7149,100,7149,1,0
E,F,F,4960,100,4960,1,0
F,G,F,4972,100,4972,1,0
F,H,F,6998,100,6998,1,0
A,G,G,7184,100,7184,1,0
B,G,G,5192,100,5192,1,0
C,G,G,1406,100,1406,1,0
D,G,G,5123,100,5123,1,0
E,G,G,7079,100,7079,1,0
F,G,G,4973,100,4973,1,0
G,H,G,4962,100,4962,1,0
A,H,H,5157,100,5157,1,0
B,H,H,7158,100,7158,1,0
C,H,H,5168,100,5168,1,0
D,H,H,1388,100,1388,1,0
E,H,H,4976,100,4976,1,0
F,H,H,7012,100,7012,1,0
G,H,H,4986,100,4986,1,0
A,B,A,4959,100,4959,1,0
A,C,A,6995,100,6995,1,0
A,D,A,4949,100,4949,1,0
A,E,A,1454,100,1454,1,0
A,F,A,5136,100,5136,1,0
A,G,A,7145,100,7145,1,0
A,H,A,5137,100,5137,1,0
A,B,B,4932,100,4932,1,0
B,C,B,5002,100,5002,1,0
B,D,B,7021,100,7021,1,0
B,E,B,5172,100,5172,1,0
B,F,B,1379,100,1379,1,0
B,G,B,5170,100,5170,1,0
B,H,B,7153,100,7153,1,0
A,C,C,6995,100,6995,1,0
B,C,C,4985,100,4985,1,0
C,D,C,4928,100,4928,1,0
C,E,C,7151,100,7151,1,0
C,F,C,5146,100,5146,1,0
C,G,C,1371,100,1371,1,0
C,H,C,5168,100,5168,1,0
A,D,D,4943,100,4943,1,0
B,D,D,6964,100,6964,1,0
C,D,D,4961,100,4961,1,0
D,E,D,5152,100,5152,1,0
D,F,D,7138,100,7138,1,0
D,G,D,5133,100,5133,1,0
D,H,D,1479,100,1479,1,0
A,E,E,1400,100,1400,1,0
B,E,E,5132,100,5132,1,0
C,E,E,7162,100,7162,1,0
D,E,E,5132,100,5132,1,0
E,F,E,4985,100,4985,1,0
E,G,E,7064,100,7064,1,0
E,H,E,4988,100,4988,1,0
A,F,F,5172,100,5172,1,0
B,F,F,1370,100,1370,1,0
C,F,F,5164,100,5164,1,0
D,F,F,7170,100,7170,1,0
E,F,F,4977,100,4977,1,0
F,G,F,4952,100,4952,1,0
F,H,F,7003,100,7003,1,0
A,G,G,7183,100,7183,1,0
B,G,G,5186,100,5186,1,0
C,G,G,1379,100,1379,1,0
D,G,G,5117,100,5117,1,0
E,G,G,7047,100,7047,1,0
F,G,G,4958,100,4958,1,0
G,H,G,4952,100,4952,1,0
A,H,H,5153,100,5153,1,0
B,H,H,7164,100,7164,1,0
C,H,H,5149,100,5149,1,0
D,H,H,1410,100,1410,1,0
E,H,H,4977,100,4977,1,0
F,H,H,7021,100,7021,1,0
G,H,H,4968,100,4968,1,0
A,B,A,4974,100,4974,1,0
A,C,A,7079,100,7079,1,0
A,D,A,4933,100,4933,1,0
A,E,A,1402,100,1402,1,0
A,F,A,5212,100,5212,1,0
A,G,A,7226,100,7226,1,0
A,H,A,5113,100,5113,1,0
A,B,B,5004,100,5004,1,0
B,C,B,4976,100,4976,1,0
B,D,B,7006,100,7006,1,0
B,E,B,5125,100,5125,1,0
B,F,B,1416,100,1416,1,0
B,G,B,5168,100,5168,1,0
B,H,B,7130,100,7130,1,0
A,C,C,6999,100,6999,1,0
B,C,C,5016,100,5016,1,0
C,D,C,4955,100,4955,1,0
C,E,C,7184,100,7184,1,0
C,F,C,5154,100,5154,1,0
C,G,C,1374,100,1374,1,0
C,H,C,5144,100,5144,1,0
A,D,D,4950,100,4950,1,0
B,D,D,7031,100,7031,1,0
C,D,D,4973,100,4973,1,0
D,E,D,5173,100,5173,1,0
D,F,D,7095,100,7095,1,0
D,G,D,5154,100,5154,1,0
D,H,D,1403,100,1403,1,0
A,E,E,1417,100,1417,1,0
B,E,E,5186,100,5186,1,0
C,E,E,7217,100,7217,1,0
D,E,E,5160,100,5160,1,0
E,F,E,4991,100,4991,1,0
E,G,E,7052,100,7052,1,0
E,H,E,4974,100,4974,1,0
A,F,F,5197,100,5197,1,0
B,F,F,1383,100,1383,1,0
C,F,F,5161,100,5161,1,0
D,F,F,7130,100,7130,1,0
E,F,F,4957,100,4957,1,0
F,G,F,4975,100,4975,1,0
F,H,F,6964,100,6964,1,0
A,G,G,7176,100,7176,1,0
B,G,G,5241,100,5241,1,0
C,G,G,1390,100,1390,1,0
D,G,G,5118,100,5118,1,0
E,G,G,7045,100,7045,1,0
F,G,G,4958,100,4958,1,0
G,H,G,4981,100,4981,1,0
A,H,H,5135,100,5135,1,0
B,H,H,7101,100,7101,1,0
C,H,H,5176,100,5176,1,0
D,H,H,1453,100,1453,1,0
E,H,H,4989,100,4989,1,0
F,H,H,7007,100,7007,1,0
G,H,H,4965,100,4965,1,0
A,B,A,4953,100,4953,1,0
A,C,A,7017,100,7017,1,0
A,D,A,4940,100,4940,1,0
A,E,A,1394,100,1394,1,0
A,F,A,5161,100,5161,1,0
A,G,A,7183,100,7183,1,0
A,H,A,5151,100,5151,1,0
A,B,B,4942,100,4942,1,0
B,C,B,4995,100,4995,1,0
B,D,B,6963,100,6963,1,0
B,E,B,5127,100,5127,1,0
B,F,B,1379,100,1379,1,0
B,G,B,5178,100,5178,1,0
B,H,B,7162,100,7162,1,0
A,C,C,7005,100,7005,1,0
B,C,C,4982,100,4982,1,0
C,D,C,4972,100,4972,1,0
C,E,C,7127,100,7127,1,0
C,F,C,5165,100,5165,1,0
C,G,C,1386,100,1386,1,0
C,H,C,5214,100,5214,1,0
A,D,D,4945,100,4945,1,0
B,D,D,6987,100,6987,1,0
C,D,D,4897,100,4897,1,0
D,E,D,5212,100,5212,1,0
D,F,D,7135,100,7135,1,0
D,G,D,5135,100,5135,1,0
D,H,D,1404,100,1404,1,0
A,E,E,1455,100,1455,1,0
B,E,E,5133,100,5133,1,0
C,E,E,7176,100,7176,1,0
D,E,E,5174,100,5174,1,0
E,F,E,4954,100,4954,1,0
E,G,E,7036,100,7036,1,0
E,H,E,4981,100,4981,1,0
A,F,F,5165,100,5165,1,0
B,F,F,1376,100,1376,1,0
C,F,F,5170,100,5170,1,0
D,F,F,7127,100,7127,1,0
E,F,F,4983,100,4983,1,0
F,G,F,4964,100,4964,1,0
F,H,F,7006,100,7006,1,0
A,G,G,7219,100,7219,1,0
B,G,G,5178,100,5178,1,0
C,G,G,1404,100,1404,1,0
D,G,G,5140,100,5140,1,0
E,G,G,7083,100,7083,1,0
F,G,G,4970,100,4970,1,0
G,H,G,4947,100,4947,1,0
A,H,H,5111,100,5111,1,0
B,H,H,7161,100,7161,1,0
C,H,H,5092,100,5092,1,0
D,H,H,1412,100,1412,1,0
E,H,H,5008,100,5008,1,0
F,H,H,7000,100,7000,1,0
G,H,H,4932,100,4932,1,0
A,B,A,4958,100,4958,1,0
A,C,A,7024,100,7024,1,0
A,D,A,4935,100,4935,1,0
A,E,A,1405,100,1405,1,0
A,F,A,5216,100,5216,1,0
A,G,A,7207,100,7207,1,0
A,H,A,5143,100,5143,1,0
A,B,B,4951,100,4951,1,0
B,C,B,4969,100,4969,1,0
B,D,B,7032,100,7032,1,0
B,E,B,5190,100,5190,1,0
B,F,B,1389,100,1389,1,0
B,G,B,5213,100,5213,1,0
B,H,B,7126,100,7126,1,0
A,C,C,7064,100,7064,1,0
B,C,C,5004,100,5004,1,0
C,D,C,4930,100,4930,1,0
C,E,C,7186,100,7186,1,0
C,F,C,5147,100,5147,1,0
C,G,C,1399,100,1399,1,0
C,H,C,5137,100,5137,1,0
A,D,D,4909,100,4909,1,0
B,D,D,7049,100,7049,1,0
C,D,D,4981,100,4981,1,0
D,E,D,5101,100,5101,1,0
D,F,D,7147,100,7147,1,0
D,G,D,5131,100,5131,1,0
D,H,D,1437,100,1437,1,0
A,E,E,1437,100,1437,1,0
B,E,E,5154,100,5154,1,0
C,E,E,7182,100,7182,1,0
D,E,E,5177,100,5177,1,0
E,F,E,4944,100,4944,1,0
E,G,E,7054,100,7054,1,0
E,H,E,4958,100,4958,1,0
A,F,F,5165,100,5165,1,0
B,F,F,1371,100,1371,1,0
C,F,F,5125,100,5125,1,0
D,F,F,7147,100,7147,1,0
E,F,F,4973,100,4973,1,0
F,G,F,4972,100,4972,1,0
F,H,F,6999,100,6999,1,0
A,G,G,7188,100,7188,1,0
B,G,G,5185,100,5185,1,0
C,G,G,1417,100,1417,1,0
D,G,G,5142,100,5142,1,0
E,G,G,7054,100,7054,1,0
F,G,G,4948,100,4948,1,0
G,H,G,4971,100,4971,1,0
A,H,H,5127,100,5127,1,0
B,H,H,7148,100,7148,1,0
C,H,H,5142,100,5142,1,0
D,H,H,1352,100,1352,1,0
E,H,H,4952,100,4952,1,0
F,H,H,7014,100,7014,1,0
G,H,H,4920,100,4920,1,0
A,B,A,4977,100,4977,1,0
A,C,A,7020,100,7020,1,0
A,D,A,4930,100,4930,1,0
A,E,A,1404,100,1404,1,0
A,F,A,5207,100,5207,1,0
A,G,A,7165,100,7165,1,0
A,H,A,5136,100,5136,1,0
A,B,B,4981,100,4981,1,0
B,C,B,5014,100,5014,1,0
B,D,B,6944,100,6944,1,0
B,E,B,5185,100,5185,1,0
B,F,B,1434,100,1434,1,0
B,G,B,5176,100,5176,1,0
B,H,B,7107,100,7107,1,0
A,C,C,7007,100,7007,1,0
B,C,C,4967,100,4967,1,0
C,D,C,4933,100,4933,1,0
C,E,C,7155,100,7155,1,0
C,F,C,5120,100,5120,1,0
C,G,C,1417,100,1417,1,0
C,H,C,5176,100,5176,1,0
A,D,D,4935,100,4935,1,0
B,D,D,7018,100,7018,1,0
C,D,D,4955,100,4955,1,0
D,E,D,5191,100,5191,1,0
D,F,D,7108,100,7108,1,0
D,G,D,5144,100,5144,1,0
D,H,D,1390,100,1390,1,0
A,E,E,1442,100,1442,1,0
B,E,E,5144,100,5144,1,0
C,E,E,7169,100,7169,1,0
D,E,E,5132,100,5132,1,0
E,F,E,4988,100,4988,1,0
E,G,E,7055,100,7055,1,0
E,H,E,4976,100,4976,1,0
A,F,F,5183,100,5183,1,0
B,F,F,1368,100,1368,1,0
C,F,F,5178,100,5178,1,0
D,F,F,7105,100,7105,1,0
E,F,F,4974,100,4974,1,0
F,G,F,4952,100,4952,1,0
F,H,F,7000,100,7000,1,0
A,G,G,7178,100,7178,1,0
B,G,G,5192,100,5192,1,0
C,G,G,1356,100,1356,1,0
D,G,G,5117,100,5117,1,0
E,G,G,7059,100,7059,1,0
F,G,G,4966,100,4966,1,0
G,H,G,4969,100,4969,1,0
A,H,H,5131,100,5131,1,0
B,H,H,7077,100,7077,1,0
C,H,H,5160,100,5160,1,0
D,H,H,1448,100,1448,1,0
E,H,H,4963,100,4963,1,0
F,H,H,6987,100,6987,1,0
G,H,H,4980,100,4980,1,0
A,B,A,4989,100,4989,1,0
A,C,A,6997,100,6997,1,0
A,D,A,4933,100,4933,1,0
A,E,A,1421,100,1421,1,0
A,F,A,5186,100,5186,1,0
A,G,A,7163,100,7163,1,0
A,H,A,5116,100,5116,1,0
A,B,B,4989,100,4989,1,0
B,C,B,5002,100,5002,1,0
B,D,B,6968,100,6968,1,0
B,E,B,5164,100,5164,1,0
B,F,B,1397,100,1397,1,0
B,G,B,5160,100,5160,1,0
B,H,B,7116,100,7116,1,0
A,C,C,6985,100,6985,1,0
B,C,C,4966,100,4966,1,0
C,D,C,4936,100,4936,1,0
C,E,C,7198,100,7198,1,0
C,F,C,5148,100,5148,1,0
C,G,C,1358,100,1358,1,0
C,H,C,5172,100,5172,1,0
A,D,D,4974,100,4974,1,0
B,D,D,6988,100,6988,1,0
C,D,D,4963,100,4963,1,0
D,E,D,5148,100,5148,1,0
D,F,D,7106,100,7106,1,0
D,G,D,5125,100,5125,1,0
D,H,D,1405,100,1405,1,0
A,E,E,1379,100,1379,1,0
B,E,E,5109,100,5109,1,0
C,E,E,7192,100,7192,1,0
D,E,E,5168,100,5168,1,0
E,F,E,4939,100,4939,1,0
E,G,E,7047,100,7047,1,0
E,H,E,4934,100,4934,1,0
A,F,F,5178,100,5178,1,0
B,F,F,1355,100,1355,1,0
C,F,F,5147,100,5147,1,0
D,F,F,7126,100,7126,1,0
E,F,F,4978,100,4978,1,0
F,G,F,4936,100,4936,1,0
F,H,F,7020,100,7020,1,0
A,G,G,7145,100,7145,1,0
B,G,G,5213,100,5213,1,0
C,G,G,1375,100,1375,1,0
D,G,G,5128,100,5128,1,0
E,G,G,7046,100,7046,1,0
F,G,G,4962,100,4962,1,0
G,H,G,4941,100,4941,1,0
A,H,H,5157,100,5157,1,0
B,H,H,7120,100,7120,1,0
C,H,H,5185,100,5185,1,0
D,H,H,1430,100,1430,1,0
E,H,H,4960,100,4960,1,0
F,H,H,7008,100,7008,1,0
G,H,H,4956,100,4956,1,0
A,B,A,4947,100,4947,1,0
A,C,A,7013,100,7013,1,0
A,D,A,4951,100,4951,1,0
A,E,A,1377,100,1377,1,0
A,F,A,5178,100,5178,1,0
A,G,A,7145,100,7145,1,0
A,H,A,5112,100,5112,1,0
A,B,B,4978,100,4978,1,0
B,C,B,5009,100,5009,1,0
B,D,B,6989,100,6989,1,0
B,E,B,5180,100,5180,1,0
B,F,B,1370,100,1370,1,0
B,G,B,5177,100,5177,1,0
B,H,B,7164,100,7164,1,0
A,C,C,7016,100,7016,1,0
B,C,C,4976,100,4976,1,0
C,D,C,4979,100,4979,1,0
C,E,C,7134,100,7134,1,0
C,F,C,5127,100,5127,1,0
C,G,C,1429,100,1429,1,0
C,H,C,5107,100,5107,1,0
A,D,D,4965,100,4965,1,0
B,D,D,7052,100,7052,1,0
C,D,D,4947,100,4947,1,0
D,E,D,5149,100,5149,1,0
D,F,D,7137,100,7137,1,0
D,G,D,5130,100,5130,1,0
D,H,D,1366,100,1366,1,0
A,E,E,1396,100,1396,1,0
B,E,E,5118,100,5118,1,0
C,E,E,7203,100,7203,1,0
D,E,E,5155,100,5155,1,0
E,F,E,4950,100,4950,1,0
E,G,E,7072,100,7072,1,0
E,H,E,4940,100,4940,1,0
A,F,F,5207,100,5207,1,0
B,F,F,1420,100,1420,1,0
C,F,F,5157,100,5157,1,0
D,F,F,7098,100,7098,1,0
E,F,F,5011,100,5011,1,0
F,G,F,4961,100,4961,1,0
F,H,F,7012,100,7012,1,0
A,G,G,7162,100,7162,1,0
B,G,G,5213,100,5213,1,0
C,G,G,1354,100,1354,1,0
D,G,G,5153,100,5153,1,0
E,G,G,7050,100,7050,1,0
F,G,G,4981,100,4981,1,0
G,H,G,4940,100,4940,1,0
A,H,H,5202,100,5202,1,0
B,H,H,7138,100,7138,1,0
C,H,H,5154,100,5154,1,0
D,H,H,1434,100,1434,1,0
E,H,H,4955,100,4955,1,0
F,H,H,6994,100,6994,1,0
G,H,H,4936,100,4936,1,0
A,B,A,4964,100,4964,1,0
A,C,A,7031,100,7031,1,0
A,D,A,4950,100,4950,1,0
A,E,A,1375,100,1375,1,0
A,F,A,5177,100,5177,1,0
A,G,A,7160,100,7160,1,0
A,H,A,5132,100,5132,1,0
A,B,B,4943,100,4943,1,0
B,C,B,4980,100,4980,1,0
B,D,B,6990,100,6990,1,0
B,E,B,5191,100,5191,1,0
B,F,B,1395,100,1395,1,0
B,G,B,5212,100,5212,1,0
B,H,B,7133,100,7133,1,0
A,C,C,7040,100,7040,1,0
B,C,C,4954,100,4954,1,0
C,D,C,4924,100,4924,1,0
C,E,C,7164,100,7164,1,0
C,F,C,5145,100,5145,1,0
C,G,C,1430,100,1430,1,0
C,H,C,5185,100,5185,1,0
A,D,D,4953,100,4953,1,0
B,D,D,7015,100,7015,1,0
C,D,D,4947,100,4947,1,0
D,E,D,5123,100,5123,1,0
D,F,D,7113,100,7113,1,0
D,G,D,5133,100,5133,1,0
D,H,D,1386,100,1386,1,0
A,E,E,1375,100,1375,1,0
B,E,E,5150,100,5150,1,0
C,E,E,7173,100,7173,1,0
D,E,E,5217,100,5217,1,0
E,F,E,4976,100,4976,1,0
E,G,E,7054,100,7054,1,0
E,H,E,4983,100,4983,1,0
A,F,F,5165,100,5165,1,0
B,F,F,1380,100,1380,1,0
C,F,F,5146,100,5146,1,0
D,F,F,7150,100,7150,1,0
E,F,F,4982,100,4982,1,0
F,G,F,4964,100,4964,1,0
F,H,F,7038,100,7038,1,0
A,G,G,7129,100,7129,1,0
B,G,G,5168,100,5168,1,0
C,G,G,1404,100,1404,1,0
D,G,G,5114,100,5114,1,0
E,G,G,7057,100,7057,1,0
F,G,G,4982,100,4982,1,0
G,H,G,4991,100,4991,1,0
A,H,H,5124,100,5124,1,0
B,H,H,7117,100,7117,1,0
C,H,H,5210,100,5210,1,0
D,H,H,1468,100,1468,1,0
E,H,H,4995,100,4995,1,0
F,H,H,7004,100,7004,1,0
G,H,H,4961,100,4961,1,0
A,B,A,4990,100,4990,1,0
A,C,A,7036,100,7036,1,0
A,D,A,4962,100,4962,1,0
A,E,A,1371,100,1371,1,0
A,F,A,5204,100,5204,1,0
A,G,A,7197,100,7197,1,0
A,H,A,5150,100,5150,1,0
A,B,B,4918,100,4918,1,0
B,C,B,4975,100,4975,1,0
B,D,B,6988,100,6988,1,0
B,E,B,5138,100,5138,1,0
B,F,B,1379,100,1379,1,0
B,G,B,5185,100,5185,1,0
B,H,B,7113,100,7113,1,0
A,C,C,7015,100,7015,1,0
B,C,C,4959,100,4959,1,0
C,D,C,4935,100,4935,1,0
C,E,C,7123,100,7123,1,0
C,F,C,5146,100,5146,1,0
C,G,C,1417,100,1417,1,0
C,H,C,5151,100,5151,1,0
A,D,D,4950,100,4950,1,0
B,D,D,7013,100,7013,1,0
C,D,D,4948,100,4948,1,0
D,E,D,5146,100,5146,1,0
D,F,D,7123,100,7123,1,0
D,G,D,5157,100,5157,1,0
D,H,D,1431,100,1431,1,0
A,E,E,1413,100,1413,1,0
B,E,E,5144,100,5144,1,0
C,E,E,7198,100,7198,1,0
D,E,E,5145,100,5145,1,0
E,F,E,4973,100,4973,1,0
E,G,E,7061,100,7061,1,0
E,H,E,5001,100,5001,1,0
A,F,F,5201,100,5201,1,0
B,F,F,1361,100,1361,1,0
C,F,F,5136,100,5136,1,0
D,F,F,7134,100,7134,1,0
E,F,F,4999,100,4999,1,0
F,G,F,4980,100,4980,1,0
F,H,F,7024,100,7024,1,0
A,G,G,7206,100,7206,1,0
B,G,G,5203,100,5203,1,0
C,G,G,1396,100,1396,1,0
D,G,G,5136,100,5136,1,0
E,G,G,7053,100,7053,1,0
F,G,G,4975,100,4975,1,0
G,H,G,4917,100,4917,1,0
A,H,H,5134,100,5134,1,0
B,H,H,7150,100,7150,1,0
C,H,H,5119,100,5119,1,0
D,H,H,1408,100,1408,1,0
E,H,H,4991,100,4991,1,0
F,H,H,7011,100,7011,1,0
G,H,H,4940,100,4940,1,0
A,B,A,4934,100,4934,1,0
A,C,A,7014,100,7014,1,0
A,D,A,4951,100,4951,1,0
A,E,A,1415,100,1415,1,0
A,F,A,5181,100,5181,1,0
A,G,A,7204,100,7204,1,0
A,H,A,5154,100,5154,1,0
A,B,B,4937,100,4937,1,0
B,C,B,4992,100,4992,1,0
B,D,B,6992,100,6992,1,0
B,E,B,5107,100,5107,1,0
B,F,B,1400,100,1400,1,0
B,G,B,5211,100,5211,1,0
B,H,B,7136,100,7136,1,0
A,C,C,7006,100,7006,1,0
B,C,C,4999,100,4999,1,0
C,D,C,4957,100,4957,1,0
C,E,C,7175,100,7175,1,0
C,F,C,5160,100,5160,1,0
C,G,C,1406,100,1406,1,0
C,H,C,5161,100,5161,1,0
A,D,D,4946,100,4946,1,0
B,D,D,6990,100,6990,1,0
C,D,D,4955,100,4955,1,0
D,E,D,5141,100,5141,1,0
D,F,D,7113,100,7113,1,0
D,G,D,5110,100,5110,1,0
D,H,D,1452,100,1452,1,0
A,E,E,1447,100,1447,1,0
B,E,E,5132,100,5132,1,0
C,E,E,7143,100,7143,1,0
D,E,E,5251,100,5251,1,0
E,F,E,4952,100,4952,1,0
E,G,E,7048,100,7048,1,0
E,H,E,4985,100,4985,1,0
A,F,F,5132,100,5132,1,0
B,F,F,1410,100,1410,1,0
C,F,F,5151,100,5151,1,0
D,F,F,7150,100,7150,1,0
E,F,F,4983,100,4983,1,0
F,G,F,4960,100,4960,1,0
F,H,F,6991,100,6991,1,0
A,G,G,7195,100,7195,1,0
B,G,G,5211,100,5211,1,0
C,G,G,1363,100,1363,1,0
D,G,G,5167,100,5167,1,0
E,G,G,7057,100,7057,1,0
F,G,G,4981,100,4981,1,0
G,H,G,4964,100,4964,1,0
A,H,H,5204,100,5204,1,0
B,H,H,7199,100,7199,1,0
C,H,H,5180,100,5180,1,0
D,H,H,1436,100,1436,1,0
E,H,H,5006,100,5006,1,0
F,H,H,6981,100,6981,1,0
G,H,H,4942,100,4942,1,0
A,B,A,4958,100,4958,1,0
A,C,A,7008,100,7008,1,0
A,D,A,4946,100,4946,1,0
A,E,A,1399,100,1399,1,0
A,F,A,5136,100,5136,1,0
A,G,A,7164,100,7164,1,0
A,H,A,5213,100,5213,1,0
A,B,B,4921,100,4921,1,0
B,C,B,5028,100,5028,1,0
B,D,B,6972,100,6972,1,0
B,E,B,5124,100,5124,1,0
B,F,B,1389,100,1389,1,0
B,G,B,5176,100,5176,1,0
B,H,B,7150,100,7150,1,0
A,C,C,7080,100,7080,1,0
B,C,C,4982,100,4982,1,0
C,D,C,4941,100,4941,1,0
C,E,C,7178,100,7178,1,0
C,F,C,5138,100,5138,1,0
C,G,C,1373,100,1373,1,0
C,H,C,5133,100,5133,1,0
A,D,D,4974,100,4974,1,0
B,D,D,7014,100,7014,1,0
C,D,D,4953,100,4953,1,0
D,E,D,5224,100,5224,1,0
D,F,D,7155,100,7155,1,0
D,G,D,5133,100,5133,1,0
D,H,D,1435,100,1435,1,0
A,E,E,1429,100,1429,1,0
B,E,E,5117,100,5117,1,0
C,E,E,7198,100,7198,1,0
D,E,E,5224,100,5224,1,0
E,F,E,4986,100,4986,1,0
E,G,E,7041,100,7041,1,0
E,H,E,4994,100,4994,1,0
A,F,F,5220,100,5220,1,0
B,F,F,1381,100,1381,1,0
C,F,F,5132,100,5132,1,0
D,F,F,7165,100,7165,1,0
E,F,F,4989,100,4989,1,0
F,G,F,4950,100,4950,1,0
F,H,F,6994,100,6994,1,0
A,G,G,7184,100,7184,1,0
B,G,G,5196,100,5196,1,0
C,G,G,1398,100,1398,1,0
D,G,G,5142,100,5142,1,0
E,G,G,7041,100,7041,1,0
F,G,G,4967,100,4967,1,0
G,H,G,4930,100,4930,1,0
A,H,H,5142,100,5142,1,0
B,H,H,7153,100,7153,1,0
C,H,H,5156,100,5156,1,0
D,H,H,1453,100,1453,1,0
E,H,H,4988,100,4988,1,0
F,H,H,6980,100,6980,1,0
G,H,H,4987,100,4987,1,0
A,B,A,4960,100,4960,1,0
A,C,A,6991,100,6991,1,0
A,D,A,4929,100,4929,1,0
A,E,A,1423,100,1423,1,0
A,F,A,5175,100,5175,1,0
A,G,A,7130,100,7130,1,0
A,H,A,5128,100,5128,1,0
A,B,B,4959,100,4959,1,0
B,C,B,4993,100,4993,1,0
B,D,B,6979,100,6979,1,0
B,E,B,5153,100,5153,1,0
B,F,B,1397,100,1397,1,0
B,G,B,5168,100,5168,1,0
B,H,B,7130,100,7130,1,0
A,C,C,7040,100,7040,1,0
B,C,C,4958,100,4958,1,0
C,D,C,4970,100,4970,1,0
C,E,C,7182,100,7182,1,0
C,F,C,5151,100,5151,1,0
C,G,C,1367,100,1367,1,0
C,H,C,5180,100,5180,1,0
A,D,D,4954,100,4954,1,0
B,D,D,7053,100,7053,1,0
C,D,D,4966,100,4966,1,0
D,E,D,5141,100,5141,1,0
D,F,D,7188,100,7188,1,0
D,G,D,5106,100,5106,1,0
D,H,D,1382,100,1382,1,0
A,E,E,1410,100,1410,1,0
B,E,E,5183,100,5183,1,0
C,E,E,7167,100,7167,1,0
D,E,E,5159,100,5159,1,0
E,F,E,4976,100,4976,1,0
E,G,E,7073,100,7073,1,0
E,H,E,4973,100,4973,1,0
A,F,F,5183,100,5183,1,0
B,F,F,1384,100,1384,1,0
C,F,F,5173,100,5173,1,0
D,F,F,7136,100,7136,1,0
E,F,F,4972,100,4972,1,0
F,G,F,4977,100,4977,1,0
F,H,F,7002,100,7002,1,0
A,G,G,7157,100,7157,1,0
B,G,G,5222,100,5222,1,0
C,G,G,1388,100,1388,1,0
D,G,G,5116,100,5116,1,0
E,G,G,7045,100,7045,1,0
F,G,G,4957,100,4957,1,0
G,H,G,4974,100,4974,1,0
A,H,H,5139,100,5139,1,0
B,H,H,7145,100,7145,1,0
C,H,H,5152,100,5152,1,0
D,H,H,1476,100,1476,1,0
E,H,H,4985,100,4985,1,0
F,H,H,6997,100,6997,1,0
G,H,H,4971,100,4971,1,0
A,B,A,4940,100,4940,1,0
A,C,A,7043,100,7043,1,0
A,D,A,4969,100,4969,1,0
A,E,A,1407,100,1407,1,0
A,F,A,5167,100,5167,1,0
A,G,A,7173,100,7173,1,0
A,H,A,5187,100,5187,1,0
A,B,B,4896,100,4896,1,0
B,C,B,4982,100,4982,1,0
B,D,B,7029,100,7029,1,0
B,E,B,5166,100,5166,1,0
B,F,B,1400,100,1400,1,0
B,G,B,5171,100,5171,1,0
B,H,B,7145,100,7145,1,0
A,C,C,7048,100,7048,1,0
B,C,C,4971,100,4971,1,0
C,D,C,4936,100,4936,1,0
C,E,C,7147,100,7147,1,0
C,F,C,5164,100,5164,1,0
C,G,C,1442,100,1442,1,0
C,H,C,5155,100,5155,1,0
A,D,D,4952,100,4952,1,0
B,D,D,7041,100,7041,1,0
C,D,D,4939,100,4939,1,0
D,E,D,5208,100,5208,1,0
D,F,D,7117,100,7117,1,0
D,G,D,5125,100,5125,1,0
D,H,D,1473,100,1473,1,0
A,E,E,1421,100,1421,1,0
B,E,E,5120,100,5120,1,0
C,E,E,7210,100,7210,1,0
D,E,E,5202,100,5202,1,0
E,F,E,4955,100,4955,1,0
E,G,E,7076,100,7076,1,0
E,H,E,5000,100,5000,1,0
A,F,F,5214,100,5214,1,0
B,F,F,1421,100,1421,1,0
C,F,F,5138,100,5138,1,0
D,F,F,7135,100,7135,1,0
E,F,F,5009,100,5009,1,0
F,G,F,4983,100,4983,1,0
F,H,F,6987,100,6987,1,0
A,G,G,7109,100,7109,1,0
B,G,G,5237,100,5237,1,0
C,G,G,1393,100,1393,1,0
D,G,G,5130,100,5130,1,0
E,G,G,7045,100,7045,1,0
F,G,G,4983,100,4983,1,0
G,H,G,4934,100,4934,1,0
A,H,H,5152,100,5152,1,0
B,H,H,7135,100,7135,1,0
C,H,H,5165,100,5165,1,0
D,H,H,1415,100,1415,1,0
E,H,H,4979,100,4979,1,0
F,H,H,7072,100,7072,1,0
G,H,H,4990,100,4990,1,0
A,B,A,4971,100,4971,1,0
A,C,A,7054,100,7054,1,0
A,D,A,4934,100,4934,1,0
A,E,A,1397,100,1397,1,0
A,F,A,5155,100,5155,1,0
A,G,A,7112,100,7112,1,0
A,H,A,5142,100,5142,1,0
A,B,B,4974,100,4974,1,0
B,C,B,5011,100,5011,1,0
B,D,B,6982,100,6982,1,0
B,E,B,5169,100,5169,1,0
B,F,B,1383,100,1383,1,0
B,G,B,5158,100,5158,1,0
B,H,B,7215,100,7215,1,0
A,C,C,7007,100,7007,1,0
B,C,C,5003,100,5003,1,0
C,D,C,4946,100,4946,1,0
C,E,C,7165,100,7165,1,0
C,F,C,5163,100,5163,1,0
C,G,C,1422,100,1422,1,0
C,H,C,5124,100,5124,1,0
A,D,D,4947,100,4947,1,0
B,D,D,7017,100,7017,1,0
C,D,D,4970,100,4970,1,0
D,E,D,5176,100,5176,1,0
D,F,D,7108,100,7108,1,0
D,G,D,5155,100,5155,1,0
D,H,D,1410,100,1410,1,0
A,E,E,1436,100,1436,1,0
B,E,E,5122,100,5122,1,0
C,E,E,7170,100,7170,1,0
D,E,E,5227,100,5227,1,0
E,F,E,4954,100,4954,1,0
E,G,E,7067,100,7067,1,0
E,H,E,4981,100,4981,1,0
A,F,F,5217,100,5217,1,0
B,F,F,1445,100,1445,1,0
C,F,F,5148,100,5148,1,0
D,F,F,7105,100,7105,1,0
E,F,F,4948,100,4948,1,0
F,G,F,4980,100,4980,1,0
F,H,F,7049,100,7049,1,0
A,G,G,7198,100,7198,1,0
B,G,G,5161,100,5161,1,0
C,G,G,1423,100,1423,1,0
D,G,G,5155,100,5155,1,0
E,G,G,7042,100,7042,1,0
F,G,G,4992,100,4992,1,0
G,H,G,4989,100,4989,1,0
A,H,H,5161,100,5161,1,0
B,H,H,7166,100,7166,1,0
C,H,H,5176,100,5176,1,0
D,H,H,1440,100,1440,1,0
E,H,H,4971,100,4971,1,0
F,H,H,6987,100,6987,1,0
G,H,H,4935,100,4935,1,0
A,B,A,4974,100,4974,1,0
A,C,A,6990,100,6990,1,0
A,D,A,4948,100,4948,1,0
A,E,A,1438,100,1438,1,0
A,F,A,5155,100,5155,1,0
A,G,A,7157,100,7157,1,0
A,H,A,5118,100,5118,1,0
A,B,B,4942,100,4942,1,0
B,C,B,4982,100,4982,1,0
B,D,B,7007,100,7007,1,0
B,E,B,5165,100,5165,1,0
B,F,B,1409,100,1409,1,0
B,G,B,5193,100,5193,1,0
B,H,B,7122,100,7122,1,0
A,C,C,7024,100,7024,1,0
B,C,C,4965,100,4965,1,0
C,D,C,4986,100,4986,1,0
C,E,C,7192,100,7192,1,0
C,F,C,5151,100,5151,1,0
C,G,C,1362,100,1362,1,0
C,H,C,5137,100,5137,1,0
A,D,D,4939,100,4939,1,0
B,D,D,7024,100,7024,1,0
C,D,D,4991,100,4991,1,0
D,E,D,5154,100,5154,1,0
D,F,D,7127,100,7127,1,0
D,G,D,5148,100,5148,1,0
D,H,D,1436,100,1436,1,0
A,E,E,1393,100,1393,1,0
B,E,E,5139,100,5139,1,0
C,E,E,7198,100,7198,1,0
D,E,E,5227,100,5227,1,0
E,F,E,4972,100,4972,1,0
E,G,E,7053,100,7053,1,0
E,H,E,4969,100,4969,1,0
A,F,F,5186,100,5186,1,0
B,F,F,1365,100,1365,1,0
C,F,F,5177,100,5177,1,0
D,F,F,7133,100,7133,1,0
E,F,F,4965,100,4965,1,0
F,G,F,4959,100,4959,1,0
F,H,F,6996,100,6996,1,0
A,G,G,7209,100,7209,1,0
B,G,G,5188,100,5188,1,0
C,G,G,1345,100,1345,1,0
D,G,G,5115,100,5115,1,0
E,G,G,7052,100,7052,1,0
F,G,G,4967,100,4967,1,0
G,H,G,4999,100,4999,1,0
A,H,H,5144,100,5144,1,0
B,H,H,7140,100,7140,1,0
C,H,H,5112,100,5112,1,0
D,H,H,1449,100,1449,1,0
E,H,H,5001,100,5001,1,0
F,H,H,6976,100,6976,1,0
G,H,H,4984,100,4984,1,0
A,B,A,4959,100,4959,1,0
A,C,A,7008,100,7008,1,0
A,D,A,4964,100,4964,1,0
A,E,A,1427,100,1427,1,0
A,F,A,5189,100,5189,1,0
A,G,A,7180,100,7180,1,0
A,H,A,5144,100,5144,1,0
A,B,B,4921,100,4921,1,0
B,C,B,5027,100,5027,1,0
B,D,B,6986,100,6986,1,0
B,E,B,5169,100,5169,1,0
B,F,B,1390,100,1390,1,0
B,G,B,5209,100,5209,1,0
B,H,B,7158,100,7158,1,0
A,C,C,7026,100,7026,1,0
B,C,C,4940,100,4940,1,0
C,D,C,4930,100,4930,1,0
C,E,C,7211,100,7211,1,0
C,F,C,5157,100,5157,1,0
C,G,C,1392,100,1392,1,0
C,H,C,5157,100,5157,1,0
A,D,D,4944,100,4944,1,0
B,D,D,7001,100,7001,1,0
C,D,D,4933,100,4933,1,0
D,E,D,5167,100,5167,1,0
D,F,D,7130,100,7130,1,0
D,G,D,5119,100,5119,1,0
D,H,D,1362,100,1362,1,0
A,E,E,1421,100,1421,1,0
B,E,E,5144,100,5144,1,0
C,E,E,7153,100,7153,1,0
D,E,E,5168,100,5168,1,0
E,F,E,4962,100,4962,1,0
E,G,E,7076,100,7076,1,0
E,H,E,4958,100,4958,1,0
A,F,F,5168,100,5168,1,0
B,F,F,1360,100,1360,1,0
C,F,F,5156,100,5156,1,0
D,F,F,7124,100,7124,1,0
E,F,F,4973,100,4973,1,0
F,G,F,4991,100,4991,1,0
F,H,F,7025,100,7025,1,0
A,G,G,7163,100,7163,1,0
B,G,G,5205,100,5205,1,0
C,G,G,1419,100,1419,1,0
D,G,G,5151,100,5151,1,0
E,G,G,7082,100,7082,1,0
F,G,G,4985,100,4985,1,0
G,H,G,4986,100,4986,1,0
A,H,H,5135,100,5135,1,0
B,H,H,7150,100,7150,1,0
C,H,H,5185,100,5185,1,0
D,H,H,1426,100,1426,1,0
E,H,H,4995,100,4995,1,0
F,H,H,7010,100,7010,1,0
G,H,H,4929,100,4929,1,0
A,B,A,4969,100,4969,1,0
A,C,A,7035,100,7035,1,0
A,D,A,4963,100,4963,1,0
A,E,A,1467,100,1467,1,0
A,F,A,5176,100,5176,1,0
A,G,A,7187,100,7187,1,0
A,H,A,5142,100,5142,1,0
A,B,B,4971,100,4971,1,0
B,C,B,4968,100,4968,1,0
B,D,B,7030,100,7030,1,0
B,E,B,5122,100,5122,1,0
B,F,B,1385,100,1385,1,0
B,G,B,5184,100,5184,1,0
B,H,B,7124,100,7124,1,0
A,C,C,7024,100,7024,1,0
B,C,C,4995,100,4995,1,0
C,D,C,4963,100,4963,1,0
C,E,C,7178,100,7178,1,0
C,F,C,5155,100,5155,1,0
C,G,C,1426,100,1426,1,0
C,H,C,5134,100,5134,1,0
A,D,D,4970,100,4970,1,0
B,D,D,6979,100,6979,1,0
C,D,D,4957,100,4957,1,0
D,E,D,5184,100,5184,1,0
D,F,D,7147,100,7147,1,0
D,G,D,5132,100,5132,1,0
D,H,D,1373,100,1373,1,0
A,E,E,1416,100,1416,1,0
B,E,E,5140,100,5140,1,0
C,E,E,7170,100,7170,1,0
D,E,E,5191,100,5191,1,0
E,F,E,4943,100,4943,1,0
E,G,E,7031,100,7031,1,0
E,H,E,4988,100,4988,1,0
A,F,F,5167,100,5167,1,0
B,F,F,1389,100,1389,1,0
C,F,F,5152,100,5152,1,0
D,F,F,7156,100,7156,1,0
E,F,F,4972,100,4972,1,0
F,G,F,4936,100,4936,1,0
F,H,F,7020,100,7020,1,0
A,G,G,7202,100,7202,1,0
B,G,G,5185,100,5185,1,0
C,G,G,1403,100,1403,1,0
D,G,G,5146,100,5146,1,0
E,G,G,7024,100,7024,1,0
F,G,G,4934,100,4934,1,0
G,H,G,4937,100,4937,1,0
A,H,H,5145,100,5145,1,0
B,H,H,7140,100,7140,1,0
C,H,H,5173,100,5173,1,0
D,H,H,1347,100,1347,1,0
E,H,H,4968,100,4968,1,0
F,H,H,7005,100,7005,1,0
G,H,H,4948,100,4948,1,0
A,B,A,4942,100,4942,1,0
A,C,A,7067,100,7067,1,0
A,D,A,4942,100,4942,1,0
A,E,A,1382,100,1382,1,0
A,F,A,5207,100,5207,1,0
A,G,A,7140,100,7140,1,0
A,H,A,5128,100,5128,1,0
A,B,B,4956,100,4956,1,0
B,C,B,5010,100,5010,1,0
B,D,B,6971,100,6971,1,0
B,E,B,5157,100,5157,1,0
B,F,B,1357,100,1357,1,0
B,G,B,5201,100,5201,1,0
B,H,B,7108,100,7108,1,0
A,C,C,6992,100,6992,1,0
B,C,C,4990,100,4990,1,0
C,D,C,4915,100,4915,1,0
C,E,C,7223,100,7223,1,0
C,F,C,5155,100,5155,1,0
C,G,C,1365,100,1365,1,0
C,H,C,5081,100,5081,1,0
A,D,D,4954,100,4954,1,0
B,D,D,6988,100,6988,1,0
C,D,D,4965,100,4965,1,0
D,E,D,5142,100,5142,1,0
D,F,D,7198,100,7198,1,0
D,G,D,5139,100,5139,1,0
D,H,D,1437,100,1437,1,0
A,E,E,1389,100,1389,1,0
B,E,E,5185,100,5185,1,0
C,E,E,7212,100,7212,1,0
D,E,E,5181,100,5181,1,0
E,F,E,4963,100,4963,1,0
E,G,E,7069,100,7069,1,0
E,H,E,4963,100,4963,1,0
A,F,F,5156,100,5156,1,0
B,F,F,1375,100,1375,1,0
C,F,F,5164,100,5164,1,0
D,F,F,7136,100,7136,1,0
E,F,F,4979,100,4979,1,0
F,G,F,4992,100,4992,1,0
F,H,F,7016,100,7016,1,0
A,G,G,7149,100,7149,1,0
B,G,G,5190,100,5190,1,0
C,G,G,1381,100,1381,1,0
D,G,G,5168,100,5168,1,0
E,G,G,7054,100,7054,1,0
F,G,G,4959,100,4959,1,0
G,H,G,4958,100,4958,1,0
A,H,H,5164,100,5164,1,0
B,H,H,7088,100,7088,1,0
C,H,H,5185,100,5185,1,0
D,H,H,1407,100,1407,1,0
E,H,H,4972,100,4972,1,0
F,H,H,7030,100,7030,1,0
G,H,H,4941,100,4941,1,0
A,B,A,4955,100,4955,1,0
A,C,A,7025,100,7025,1,0
A,D,A,4965,100,4965,1,0
A,E,A,1391,100,1391,1,0
A,F,A,5172,100,5172,1,0
A,G,A,7183,100,7183,1,0
A,H,A,5163,100,5163,1,0
A,B,B,4978,100,4978,1,0
B,C,B,4988,100,4988,1,0
B,D,B,7026,100,7026,1,0
B,E,B,5148,100,5148,1,0
B,F,B,1418,100,1418,1,0
B,G,B,5163,100,5163,1,0
B,H,B,7155,100,7155,1,0
A,C,C,7033,100,7033,1,0
B,C,C,5002,100,5002,1,0
C,D,C,4942,100,4942,1,0
C,E,C,7184,100,7184,1,0
C,F,C,5176,100,5176,1,0
C,G,C,1371,100,1371,1,0
C,H,C,5127,100,5127,1,0
A,D,D,4929,100,4929,1,0
B,D,D,7066,100,7066,1,0
C,D,D,4943,100,4943,1,0
D,E,D,5144,100,5144,1,0
D,F,D,7159,100,7159,1,0
D,G,D,5144,100,5144,1,0
D,H,D,1366,100,1366,1,0
A,E,E,1472,100,1472,1,0
B,E,E,5132,100,5132,1,0
C,E,E,7202,100,7202,1,0
D,E,E,5175,100,5175,1,0
E,F,E,4959,100,4959,1,0
E,G,E,7060,100,7060,1,0
E,H,E,4998,100,4998,1,0
A,F,F,5168,100,5168,1,0
B,F,F,1393,100,1393,1,0
C,F,F,5132,100,5132,1,0
D,F,F,7137,100,7137,1,0
E,F,F,4979,100,4979,1,0
F,G,F,4959,100,4959,1,0
F,H,F,6974,100,6974,1,0
A,G,G,7185,100,7185,1,0
B,G,G,5164,100,5164,1,0
C,G,G,1383,100,1383,1,0
D,G,G,5131,100,5131,1,0
E,G,G,7065,100,7065,1,0
F,G,G,4981,100,4981,1,0
G,H,G,4989,100,4989,1,0
A,H,H,5114,100,5114,1,0
B,H,H,7143,100,7143,1,0
C,H,H,5143,100,5143,1,0
D,H,H,1422,100,1422,1,0
E,H,H,5020,100,5020,1,0
F,H,H,7023,100,7023,1,0
G,H,H,4955,100,4955,1,0
A,B,A,4959,100,4959,1,0
A,C,A,7029,100,7029,1,0
A,D,A,4917,100,4917,1,0
A,E,A,1434,100,1434,1,0
A,F,A,5174,100,5174,1,0
A,G,A,7183,100,7183,1,0
A,H,A,5117,100,5117,1,0
A,B,B,4988,100,4988,1,0
B,C,B,4975,100,4975,1,0
B,D,B,7050,100,7050,1,0
B,E,B,5135,100,5135,1,0
B,F,B,1389,100,1389,1,0
B,G,B,5204,100,5204,1,0
B,H,B,7135,100,7135,1,0
A,C,C,7026,100,7026,1,0
B,C,C,4975,100,4975,1,0
C,D,C,4965,100,4965,1,0
C,E,C,7148,100,7148,1,0
C,F,C,5147,100,5147,1,0
C,G,C,1361,100,1361,1,0
C,H,C,5141,100,5141,1,0
A,D,D,4926,100,4926,1,0
B,D,D,7051,100,7051,1,0
C,D,D,4947,100,4947,1,0
D,E,D,5173,100,5173,1,0
D,F,D,7164,100,7164,1,0
D,G,D,5163,100,5163,1,0
D,H,D,1402,100,1402,1,0
A,E,E,1462,100,1462,1,0
B,E,E,5114,100,5114,1,0
C,E,E,7165,100,7165,1,0
D,E,E,5175,100,5175,1,0
E,F,E,4994,100,4994,1,0
E,G,E,7064,100,7064,1,0
E,H,E,4977,100,4977,1,0
A,F,F,5187,100,5187,1,0
B,F,F,1375,100,1375,1,0
C,F,F,5136,100,5136,1,0
D,F,F,7139,100,7139,1,0
E,F,F,4960,100,4960,1,0
F,G,F,4961,100,4961,1,0
F,H,F,7011,100,7011,1,0
A,G,G,7199,100,7199,1,0
B,G,G,5192,100,5192,1,0
C,G,G,1422,100,1422,1,0
D,G,G,5184,100,5184,1,0
E,G,G,7014,100,7014,1,0
F,G,G,4982,100,4982,1,0
G,H,G,4943,100,4943,1,0
A,H,H,5153,100,5153,1,0
B,H,H,7080,100,7080,1,0
C,H,H,5175,100,5175,1,0
D,H,H,1397,100,1397,1,0
E,H,H,4972,100,4972,1,0
F,H,H,7032,100,7032,1,0
G,H,H,4934,100,4934,1,0
A,B,A,4979,100,4979,1,0
A,C,A,6988,100,6988,1,0
A,D,A,4950,100,4950,1,0
A,E,A,1369,100,1369,1,0
A,F,A,5224,100,5224,1,0
A,G,A,7188,100,7188,1,0
A,H,A,5226,100,5226,1,0
A,B,B,4949,100,4949,1,0
B,C,B,4989,100,4989,1,0
B,D,B,7000,100,7000,1,0
B,E,B,5150,100,5150,1,0
B,F,B,1399,100,1399,1,0
B,G,B,5164,100,5164,1,0
B,H,B,7128,100,7128,1,0
A,C,C,7007,100,7007,1,0
B,C,C,4989,100,4989,1,0
C,D,C,4928,100,4928,1,0
C,E,C,7172,100,7172,1,0
C,F,C,5175,100,5175,1,0
C,G,C,1411,100,1411,1,0
C,H,C,5163,100,5163,1,0
A,D,D,4952,100,4952,1,0
B,D,D,7016,100,7016,1,0
C,D,D,4934,100,4934,1,0
D,E,D,5131,100,5131,1,0
D,F,D,7107,100,7107,1,0
D,G,D,5170,100,5170,1,0
D,H,D,1382,100,1382,1,0
A,E,E,1388,100,1388,1,0
B,E,E,5133,100,5133,1,0
C,E,E,7148,100,7148,1,0
D,E,E,5193,100,5193,1,0
E,F,E,4963,100,4963,1,0
E,G,E,7060,100,7060,1,0
E,H,E,5000,100,5000,1,0
A,F,F,5142,100,5142,1,0
B,F,F,1386,100,1386,1,0
C,F,F,5149,100,5149,1,0
D,F,F,7170,100,7170,1,0
E,F,F,4966,100,4966,1,0
F,G,F,4941,100,4941,1,0
F,H,F,6993,100,6993,1,0
A,G,G,7127,100,7127,1,0
B,G,G,5185,100,5185,1,0
C,G,G,1391,100,1391,1,0
D,G,G,5143,100,5143,1,0
E,G,G,7056,100,7056,1,0
F,G,G,4953,100,4953,1,0
G,H,G,4949,100,4949,1,0
A,H,H,5182,100,5182,1,0
B,H,H,7185,100,7185,1,0
C,H,H,5135,100,5135,1,0
D,H,H,1453,100,1453,1,0
E,H,H,5000,100,5000,1,0
F,H,H,6966,100,6966,1,0
G,H,H,4980,100,4980,1,0
A,B,A,4924,100,4924,1,0
A,C,A,7045,100,7045,1,0
A,D,A,4927,100,4927,1,0
A,E,A,1416,100,1416,1,0
A,F,A,5170,100,5170,1,0
A,G,A,7144,100,7144,1,0
A,H,A,5116,100,5116,1,0
A,B,B,4935,100,4935,1,0
B,C,B,4958,100,4958,1,0
B,D,B,7004,100,7004,1,0
B,E,B,5167,100,5167,1,0
B,F,B,1389,100,1389,1,0
B,G,B,5196,100,5196,1,0
B,H,B,7129,100,7129,1,0
A,C,C,7003,100,7003,1,0
B,C,C,4971,100,4971,1,0
C,D,C,4955,100,4955,1,0
C,E,C,7208,100,7208,1,0
C,F,C,5160,100,5160,1,0
C,G,C,1405,100,1405,1,0
C,H,C,5135,100,5135,1,0
A,D,D,4941,100,4941,1,0
B,D,D,7039,100,7039,1,0
C,D,D,4939,100,4939,1,0
D,E,D,5119,100,5119,1,0
D,F,D,7160,100,7160,1,0
D,G,D,5105,100,5105,1,0
D,H,D,1422,100,1422,1,0
A,E,E,1429,100,1429,1,0
B,E,E,5151,100,5151,1,0
C,E,E,7208,100,7208,1,0
D,E,E,5143,100,5143,1,0
E,F,E,4947,100,4947,1,0
E,G,E,7044,100,7044,1,0
E,H,E,4954,100,4954,1,0
A,F,F,5165,100,5165,1,0
B,F,F,1378,100,1378,1,0
C,F,F,5161,100,5161,1,0
D,F,F,7127,100,7127,1,0
E,F,F,4964,100,4964,1,0
F,G,F,4963,100,4963,1,0
F,H,F,7021,100,7021,1,0
A,G,G,7141,100,7141,1,0
B,G,G,5184,100,5184,1,0
C,G,G,1439,100,1439,1,0
D,G,G,5153,100,5153,1,0
E,G,G,7041,100,7041,1,0
F,G,G,4966,100,4966,1,0
G,H,G,5003,100,5003,1,0
A,H,H,5140,100,5140,1,0
B,H,H,7168,100,7168,1,0
C,H,H,5163,100,5163,1,0
D,H,H,1417,100,1417,1,0
E,H,H,4959,100,4959,1,0
F,H,H,7008,100,7008,1,0
G,H,H,4932,100,4932,1,0
A,B,A,4951,100,4951,1,0
A,C,A,7046,100,7046,1,0
A,D,A,4946,100,4946,1,0
A,E,A,1417,100,1417,1,0
A,F,A,5162,100,5162,1,0
A,G,A,7129,100,7129,1,0
A,H,A,5164,100,5164,1,0
A,B,B,4966,100,4966,1,0
B,C,B,5016,100,5016,1,0
B,D,B,7046,100,7046,1,0
B,E,B,5132,100,5132,1,0
B,F,B,1406,100,1406,1,0
B,G,B,5156,100,5156,1,0
B,H,B,7131,100,7131,1,0
A,C,C,7022,100,7022,1,0
B,C,C,4987,100,4987,1,0
C,D,C,4960,100,4960,1,0
C,E,C,7183,100,7183,1,0
C,F,C,5141,100,5141,1,0
C,G,C,1439,100,1439,1,0
C,H,C,5144,100,5144,1,0
A,D,D,4947,100,4947,1,0
B,D,D,6974,100,6974,1,0
C,D,D,4960,100,4960,1,0
D,E,D,5182,100,5182,1,0
D,F,D,7154,100,7154,1,0
D,G,D,5154,100,5154,1,0
D,H,D,1378,100,1378,1,0
A,E,E,1387,100,1387,1,0
B,E,E,5097,100,5097,1,0
C,E,E,7200,100,7200,1,0
D,E,E,5095,100,5095,1,0
E,F,E,4977,100,4977,1,0
E,G,E,7055,100,7055,1,0
E,H,E,4969,100,4969,1,0
A,F,F,5160,100,5160,1,0
B,F,F,1372,100,1372,1,0
C,F,F,5172,100,5172,1,0
D,F,F,7133,100,7133,1,0
E,F,F,4948,100,4948,1,0
F,G,F,4969,100,4969,1,0
F,H,F,7019,100,7019,1,0
A,G,G,7190,100,7190,1,0
B,G,G,5182,100,5182,1,0
C,G,G,1379,100,1379,1,0
D,G,G,5127,100,5127,1,0
E,G,G,7064,100,7064,1,0
F,G,G,4945,100,4945,1,0
G,H,G,4956,100,4956,1,0
A,H,H,5142,100,5142,1,0
B,H,H,7175,100,7175,1,0
C,H,H,5170,100,5170,1,0
D,H,H,1400,100,1400,1,0
E,H,H,4959,100,4959,1,0
F,H,H,6993,100,6993,1,0
G,H,H,4939,100,4939,1,0
A,B,A,4980,100,4980,1,0
A,C,A,7060,100,7060,1,0
A,D,A,4945,100,4945,1,0
A,E,A,1395,100,1395,1,0
A,F,A,5146,100,5146,1,0
A,G,A,7189,100,7189,1,0
A,H,A,5185,100,5185,1,0
A,B,B,4970,100,4970,1,0
B,C,B,5010,100,5010,1,0
B,D,B,6990,100,6990,1,0
B,E,B,5190,100,5190,1,0
B,F,B,1418,100,1418,1,0
B,G,B,5140,100,5140,1,0
B,H,B,7147,100,7147,1,0
A,C,C,7023,100,7023,1,0
B,C,C,4973,100,4973,1,0
C,D,C,4952,100,4952,1,0
C,E,C,7165,100,7165,1,0
C,F,C,5129,100,5129,1,0
C,G,C,1370,100,1370,1,0
C,H,C,5169,100,5169,1,0
A,D,D,4946,100,4946,1,0
B,D,D,6953,100,6953,1,0
C,D,D,4985,100,4985,1,0
D,E,D,5195,100,5195,1,0
D,F,D,7133,100,7133,1,0
D,G,D,5166,100,5166,1,0
D,H,D,1416,100,1416,1,0
A,E,E,1411,100,1411,1,0
B,E,E,5192,100,5192,1,0
C,E,E,7179,100,7179,1,0
D,E,E,5200,100,5200,1,0
E,F,E,4998,100,4998,1,0
E,G,E,7078,100,7078,1,0
E,H,E,4956,100,4956,1,0
A,F,F,5166,100,5166,1,0
B,F,F,1407,100,1407,1,0
C,F,F,5174,100,5174,1,0
D,F,F,7110,100,7110,1,0
E,F,F,4967,100,4967,1,0
F,G,F,4965,100,4965,1,0
F,H,F,7005,100,7005,1,0
A,G,G,7138,100,7138,1,0
B,G,G,5203,100,5203,1,0
C,G,G,1372,100,1372,1,0
D,G,G,5148,100,5148,1,0
E,G,G,7046,100,7046,1,0
F,G,G,4958,100,4958,1,0
G,H,G,4952,100,4952,1,0
A,H,H,5190,100,5190,1,0
B,H,H,7130,100,7130,1,0
C,H,H,5167,100,5167,1,0
D,H,H,1403,100,1403,1,0
E,H,H,4987,100,4987,1,0
F,H,H,6958,100,6958,1,0
G,H,H,4980,100,4980,1,0
A,B,A,4968,100,4968,1,0
A,C,A,7040,100,7040,1,0
A,D,A,4942,100,4942,1,0
A,E,A,1399,100,1399,1,0
A,F,A,5235,100,5235,1,0
A,G,A,7112,100,7112,1,0
A,H,A,5118,100,5118,1,0
A,B,B,4958,100,4958,1,0
B,C,B,5009,100,5009,1,0
B,D,B,6980,100,6980,1,0
B,E,B,5132,100,5132,1,0
B,F,B,1384,100,1384,1,0
B,G,B,5189,100,5189,1,0
B,H,B,7099,100,7099,1,0
A,C,C,7084,100,7084,1,0
B,C,C,5004,100,5004,1,0
C,D,C,4989,100,4989,1,0
C,E,C,7184,100,7184,1,0
C,F,C,5157,100,5157,1,0
C,G,C,1400,100,1400,1,0
C,H,C,5145,100,5145,1,0
A,D,D,4887,100,4887,1,0
B,D,D,6991,100,6991,1,0
C,D,D,4960,100,4960,1,0
D,E,D,5138,100,5138,1,0
D,F,D,7146,100,7146,1,0
D,G,D,5148,100,5148,1,0
D,H,D,1404,100,1404,1,0
A,E,E,1450,100,1450,1,0
B,E,E,5150,100,5150,1,0
C,E,E,7184,100,7184,1,0
D,E,E,5212,100,5212,1,0
E,F,E,4981,100,4981,1,0
E,G,E,7037,100,7037,1,0
E,H,E,4989,100,4989,1,0
A,F,F,5195,100,5195,1,0
B,F,F,1375,100,1375,1,0
C,F,F,5156,100,5156,1,0
D,F,F,7131,100,7131,1,0
E,F,F,4969,100,4969,1,0
F,G,F,4957,100,4957,1,0
F,H,F,7025,100,7025,1,0
A,G,G,7180,100,7180,1,0
B,G,G,5198,100,5198,1,0
C,G,G,1377,100,1377,1,0
D,G,G,5133,100,5133,1,0
E,G,G,7045,100,7045,1,0
F,G,G,4954,100,4954,1,0
G,H,G,4936,100,4936,1,0
A,H,H,5127,100,5127,1,0
B,H,H,7149,100,7149,1,0
C,H,H,5189,100,5189,1,0
D,H,H,1418,100,1418,1,0
E,H,H,4963,100,4963,1,0
F,H,H,6992,100,6992,1,0
G,H,H,4919,100,4919,1,0
A,B,A,4983,100,4983,1,0
A,C,A,6998,100,6998,1,0
A,D,A,4966,100,4966,1,0
A,E,A,1402,100,1402,1,0
A,F,A,5137,100,5137,1,0
A,G,A,7133,100,7133,1,0
A,H,A,5157,100,5157,1,0
A,B,B,4966,100,4966,1,0
B,C,B,4975,100,4975,1,0
B,D,B,7005,100,7005,1,0
B,E,B,5134,100,5134,1,0
B,F,B,1382,100,1382,1,0
B,G,B,5193,100,5193,1,0
B,H,B,7106,100,7106,1,0
A,C,C,7084,100,7084,1,0
B,C,C,5002,100,5002,1,0
C,D,C,4970,100,4970,1,0
C,E,C,7181,100,7181,1,0
C,F,C,5133,100,5133,1,0
C,G,C,1405,100,1405,1,0
C,H,C,5137,100,5137,1,0
A,D,D,4954,100,4954,1,0
B,D,D,6995,100,6995,1,0
C,D,D,4961,100,4961,1,0
D,E,D,5139,100,5139,1,0
D,F,D,7157,100,7157,1,0
D,G,D,5124,100,5124,1,0
D,H,D,1456,100,1456,1,0
A,E,E,1380,100,1380,1,0
B,E,E,5146,100,5146,1,0
C,E,E,7177,100,7177,1,0
D,E,E,5185,100,5185,1,0
E,F,E,4997,100,4997,1,0
E,G,E,7052,100,7052,1,0
E,H,E,4959,100,4959,1,0
A,F,F,5198,100,5198,1,0
B,F,F,1397,100,1397,1,0
C,F,F,5180,100,5180,1,0
D,F,F,7131,100,7131,1,0
E,F,F,4963,100,4963,1,0
F,G,F,5008,100,5008,1,0
F,H,F,6954,100,6954,1,0
A,G,G,7188,100,7188,1,0
B,G,G,5163,100,5163,1,0
C,G,G,1447,100,1447,1,0
D,G,G,5145,100,5145,1,0
E,G,G,7087,100,7087,1,0
F,G,G,4950,100,4950,1,0
G,H,G,4944,100,4944,1,0
A,H,H,5158,100,5158,1,0
B,H,H,7109,100,7109,1,0
C,H,H,5162,100,5162,1,0
D,H,H,1396,100,1396,1,0
E,H,H,4991,100,4991,1,0
F,H,H,7010,100,7010,1,0
G,H,H,4963,100,4963,1,0
A,B,A,4972,100,4972,1,0
A,C,A,7019,100,7019,1,0
A,D,A,4964,100,4964,1,0
A,E,A,1421,100,1421,1,0
A,F,A,5215,100,5215,1,0
A,G,A,7209,100,7209,1,0
A,H,A,5119,100,5119,1,0
A,B,B,4955,100,4955,1,0
B,C,B,4996,100,4996,1,0
B,D,B,6982,100,6982,1,0
B,E,B,5147,100,5147,1,0
B,F,B,1401,100,1401,1,0
B,G,B,5179,100,5179,1,0
B,H,B,7142,100,7142,1,0
A,C,C,7090,100,7090,1,0
B,C,C,4958,100,4958,1,0
C,D,C,4956,100,4956,1,0
C,E,C,7189,100,7189,1,0
C,F,C,5144,100,5144,1,0
C,G,C,1406,100,1406,1,0
C,H,C,5105,100,5105,1,0
A,D,D,4976,100,4976,1,0
B,D,D,6988,100,6988,1,0
C,D,D,4941,100,4941,1,0
D,E,D,5222,100,5222,1,0
D,F,D,7164,100,7164,1,0
D,G,D,5107,100,5107,1,0
D,H,D,1413,100,1413,1,0
A,E,E,1342,100,1342,1,0
B,E,E,5128,100,5128,1,0
C,E,E,7189,100,7189,1,0
D,E,E,5160,100,5160,1,0
E,F,E,4949,100,4949,1,0
E,G,E,7060,100,7060,1,0
E,H,E,4960,100,4960,1,0
A,F,F,5163,100,5163,1,0
B,F,F,1401,100,1401,1,0
C,F,F,5130,100,5130,1,0
D,F,F,7105,100,7105,1,0
E,F,F,4955,100,4955,1,0
F,G,F,4964,100,4964,1,0
F,H,F,6969,100,6969,1,0
A,G,G,7179,100,7179,1,0
B,G,G,5220,100,5220,1,0
C,G,G,1406,100,1406,1,0
D,G,G,5121,100,5121,1,0
E,G,G,7033,100,7033,1,0
F,G,G,4950,100,4950,1,0
G,H,G,4929,100,4929,1,0
A,H,H,5169,100,5169,1,0
B,H,H,7164,100,7164,1,0
C,H,H,5147,100,5147,1,0
D,H,H,1371,100,1371,1,0
E,H,H,4963,100,4963,1,0
F,H,H,7000,100,7000,1,0
G,H,H,4944,100,4944,1,0
A,B,A,4920,100,4920,1,0
A,C,A,7053,100,7053,1,0
A,D,A,4959,100,4959,1,0
A,E,A,1416,100,1416,1,0
A,F,A,5156,100,5156,1,0
A,G,A,7153,100,7153,1,0
A,H,A,5122,100,5122,1,0
A,B,B,4943,100,4943,1,0
B,C,B,4934,100,4934,1,0
B,D,B,6998,100,6998,1,0
B,E,B,5139,100,5139,1,0
B,F,B,1400,100,1400,1,0
B,G,B,5220,100,5220,1,0
B,H,B,7121,100,7121,1,0
A,C,C,7072,100,7072,1,0
B,C,C,4994,100,4994,1,0
C,D,C,4908,100,4908,1,0
C,E,C,7177,100,7177,1,0
C,F,C,5151,100,5151,1,0
C,G,C,1361,100,1361,1,0
C,H,C,5175,100,5175,1,0
A,D,D,4925,100,4925,1,0
B,D,D,6970,100,6970,1,0
C,D,D,4956,100,4956,1,0
D,E,D,5169,100,5169,1,0
D,F,D,7185,100,7185,1,0
D,G,D,5147,100,5147,1,0
D,H,D,1485,100,1485,1,0
A,E,E,1399,100,1399,1,0
B,E,E,5171,100,5171,1,0
C,E,E,7163,100,7163,1,0
D,E,E,5229,100,5229,1,0
E,F,E,4967,100,4967,1,0
E,G,E,7036,100,7036,1,0
E,H,E,4957,100,4957,1,0
A,F,F,5183,100,5183,1,0
B,F,F,1371,100,1371,1,0
C,F,F,5152,100,5152,1,0
D,F,F,7143,100,7143,1,0
E,F,F,4969,100,4969,1,0
F,G,F,4999,100,4999,1,0
F,H,F,6995,100,6995,1,0
A,G,G,7180,100,7180,1,0
B,G,G,5167,100,5167,1,0
C,G,G,1384,100,1384,1,0
D,G,G,5130,100,5130,1,0
E,G,G,7072,100,7072,1,0
F,G,G,4973,100,4973,1,0
G,H,G,4971,100,4971,1,0
A,H,H,5186,100,5186,1,0
B,H,H,7140,100,7140,1,0
C,H,H,5164,100,5164,1,0
D,H,H,1383,100,1383,1,0
E,H,H,4965,100,4965,1,0
F,H,H,6958,100,6958,1,0
G,H,H,4987,100,4987,1,0
A,B,A,4973,100,4973,1,0
A,C,A,7018,100,7018,1,0
A,D,A,4948,100,4948,1,0
A,E,A,1389,100,1389,1,0
A,F,A,5192,100,5192,1,0
A,G,A,7208,100,7208,1,0
A,H,A,5117,100,5117,1,0
A,B,B,4931,100,4931,1,0
B,C,B,4992,100,4992,1,0
B,D,B,7046,100,7046,1,0
B,E,B,5148,100,5148,1,0
B,F,B,1383,100,1383,1,0
B,G,B,5179,100,5179,1,0
B,H,B,7133,100,7133,1,0
A,C,C,7022,100,7022,1,0
B,C,C,4964,100,4964,1,0
C,D,C,4942,100,4942,1,0
C,E,C,7174,100,7174,1,0
C,F,C,5154,100,5154,1,0
C,G,C,1376,100,1376,1,0
C,H,C,5148,100,5148,1,0
A,D,D,4941,100,4941,1,0
B,D,D,6977,100,6977,1,0
C,D,D,4926,100,4926,1,0
D,E,D,5196,100,5196,1,0
D,F,D,7124,100,7124,1,0
D,G,D,5176,100,5176,1,0
D,H,D,1395,100,1395,1,0
A,E,E,1361,100,1361,1,0
B,E,E,5146,100,5146,1,0
C,E,E,7215,100,7215,1,0
D,E,E,5137,100,5137,1,0
E,F,E,5002,100,5002,1,0
E,G,E,7074,100,7074,1,0
E,H,E,4962,100,4962,1,0
A,F,F,5186,100,5186,1,0
B,F,F,1379,100,1379,1,0
C,F,F,5141,100,5141,1,0
D,F,F,7124,100,7124,1,0
E,F,F,4962,100,4962,1,0
F,G,F,4965,100,4965,1,0
F,H,F,6977,100,6977,1,0
A,G,G,7194,100,7194,1,0
B,G,G,5203,100,5203,1,0
C,G,G,1379,100,1379,1,0
D,G,G,5191,100,5191,1,0
E,G,G,7053,100,7053,1,0
F,G,G,4973,100,4973,1,0
G,H,G,4968,100,4968,1,0
A,H,H,5144,100,5144,1,0
B,H,H,7187,100,7187,1,0
C,H,H,5193,100,5193,1,0
D,H,H,1451,100,1451,1,0
E,H,H,4965,100,4965,1,0
F,H,H,7057,100,7057,1,0
G,H,H,4949,100,4949,1,0
A,B,A,4975,100,4975,1,0
A,C,A,6985,100,6985,1,0
A,D,A,4958,100,4958,1,0
A,E,A,1373,100,1373,1,0
A,F,A,5172,100,5172,1,0
A,G,A,7160,100,7160,1,0
A,H,A,5146,100,5146,1,0
A,B,B,4976,100,4976,1,0
B,C,B,4996,100,4996,1,0
B,D,B,6991,100,6991,1,0
B,E,B,5141,100,5141,1,0
B,F,B,1409,100,1409,1,0
B,G,B,5175,100,5175,1,0
B,H,B,7142,100,7142,1,0
A,C,C,6979,100,6979,1,0
B,C,C,4962,100,4962,1,0
C,D,C,4943,100,4943,1,0
C,E,C,7193,100,7193,1,0
C,F,C,5157,100,5157,1,0
C,G,C,1410,100,1410,1,0
C,H,C,5148,100,5148,1,0
A,D,D,4964,100,4964,1,0
B,D,D,7019,100,7019,1,0
C,D,D,4945,100,4945,1,0
D,E,D,5172,100,5172,1,0
D,F,D,7126,100,7126,1,0
D,G,D,5150,100,5150,1,0
D,H,D,1428,100,1428,1,0
A,E,E,1473,100,1473,1,0
B,E,E,5129,100,5129,1,0
C,E,E,7173,100,7173,1,0
D,E,E,5183,100,5183,1,0
E,F,E,4964,100,4964,1,0
E,G,E,7041,100,7041,1,0
E,H,E,5001,100,5001,1,0
A,F,F,5193,100,5193,1,0
B,F,F,1391,100,1391,1,0
C,F,F,5155,100,5155,1,0
D,F,F,7134,100,7134,1,0
E,F,F,4960,100,4960,1,0
F,G,F,4979,100,4979,1,0
F,H,F,7000,100,7000,1,0
A,G,G,7213,100,7213,1,0
B,G,G,5185,100,5185,1,0
C,G,G,1347,100,1347,1,0
D,G,G,5136,100,5136,1,0
E,G,G,7071,100,7071,1,0
F,G,G,4974,100,4974,1,0
G,H,G,4964,100,4964,1,0
A,H,H,5100,100,5100,1,0
B,H,H,7141,100,7141,1,0
C,H,H,5156,100,5156,1,0
D,H,H,1431,100,1431,1,0
E,H,H,5011,100,5011,1,0
F,H,H,7007,100,7007,1,0
G,H,H,4943,100,4943,1,0
A,B,A,4948,100,4948,1,0
A,C,A,7019,100,7019,1,0
A,D,A,4951,100,4951,1,0
A,E,A,1448,100,1448,1,0
A,F,A,5162,100,5162,1,0
A,G,A,7137,100,7137,1,0
A,H,A,5141,100,5141,1,0
A,B,B,4966,100,4966,1,0
B,C,B,4996,100,4996,1,0
B,D,B,6974,100,6974,1,0
B,E,B,5155,100,5155,1,0
B,F,B,1402,100,1402,1,0
B,G,B,5195,100,5195,1,0
B,H,B,7133,100,7133,1,0
A,C,C,6996,100,6996,1,0
B,C,C,4990,100,4990,1,0
C,D,C,4986,100,4986,1,0
C,E,C,7178,100,7178,1,0
C,F,C,5147,100,5147,1,0
C,G,C,1441,100,1441,1,0
C,H,C,5158,100,5158,1,0
A,D,D,4945,100,4945,1,0
B,D,D,6986,100,6986,1,0
C,D,D,4944,100,4944,1,0
D,E,D,5195,100,5195,1,0
D,F,D,7126,100,7126,1,0
D,G,D,5134,100,5134,1,0
D,H,D,1394,100,1394,1,0
A,E,E,1417,100,1417,1,0
B,E,E,5140,100,5140,1,0
C,E,E,7190,100,7190,1,0
D,E,E,5170,100,5170,1,0
E,F,E,4973,100,4973,1,0
E,G,E,7038,100,7038,1,0
E,H,E,4964,100,4964,1,0
A,F,F,5156,100,5156,1,0
B,F,F,1385,100,1385,1,0
C,F,F,5144,100,5144,1,0
D,F,F,7109,100,7109,1,0
E,F,F,4985,100,4985,1,0
F,G,F,4970,100,4970,1,0
F,H,F,6983,100,6983,1,0
A,G,G,7185,100,7185,1,0
B,G,G,5187,100,5187,1,0
C,G,G,1428,100,1428,1,0
D,G,G,5124,100,5124,1,0
E,G,G,7041,100,7041,1,0
F,G,G,4928,100,4928,1,0
G,H,G,4932,100,4932,1,0
A,H,H,5132,100,5132,1,0
B,H,H,7163,100,7163,1,0
C,H,H,5191,100,5191,1,0
D,H,H,1396,100,1396,1,0
E,H,H,4978,100,4978,1,0
F,H,H,6979,100,6979,1,0
G,H,H,4985,100,4985,1,0
A,B,A,4957,100,4957,1,0
A,C,A,7042,100,7042,1,0
A,D,A,4923,100,4923,1,0
A,E,A,1457,100,1457,1,0
A,F,A,5153,100,5153,1,0
A,G,A,7165,100,7165,1,0
A,H,A,5176,100,5176,1,0
A,B,B,4967,100,4967,1,0
B,C,B,5016,100,5016,1,0
B,D,B,7036,100,7036,1,0
B,E,B,5134,100,5134,1,0
B,F,B,1386,100,1386,1,0
B,G,B,5183,100,5183,1,0
B,H,B,7140,100,7140,1,0
A,C,C,6998,100,6998,1,0
B,C,C,4992,100,4992,1,0
C,D,C,4968,100,4968,1,0
C,E,C,7199,100,7199,1,0
C,F,C,5152,100,5152,1,0
C,G,C,1381,100,1381,1,0
C,H,C,5149,100,5149,1,0
A,D,D,4968,100,4968,1,0
B,D,D,7038,100,7038,1,0
C,D,D,4927,100,4927,1,0
D,E,D,5153,100,5153,1,0
D,F,D,7111,100,7111,1,0
D,G,D,5153,100,5153,1,0
D,H,D,1362,100,1362,1,0
A,E,E,1411,100,1411,1,0
B,E,E,5135,100,5135,1,0
C,E,E,7134,100,7134,1,0
D,E,E,5125,100,5125,1,0
E,F,E,4997,100,4997,1,0
E,G,E,7031,100,7031,1,0
E,H,E,4988,100,4988,1,0
A,F,F,5164,100,5164,1,0
B,F,F,1421,100,1421,1,0
C,F,F,5151,100,5151,1,0
D,F,F,7144,100,7144,1,0
E,F,F,4949,100,4949,1,0
F,G,F,4998,100,4998,1,0
F,H,F,7014,100,7014,1,0
A,G,G,7141,100,7141,1,0
B,G,G,5194,100,5194,1,0
C,G,G,1349,100,1349,1,0
D,G,G,5119,100,5119,1,0
E,G,G,7031,100,7031,1,0
F,G,G,4980,100,4980,1,0
G,H,G,4932,100,4932,1,0
A,H,H,5092,100,5092,1,0
B,H,H,7122,100,7122,1,0
C,H,H,5167,100,5167,1,0
D,H,H,1390,100,1390,1,0
E,H,H,4987,100,4987,1,0
F,H,H,7007,100,7007,1,0
G,H,H,4918,100,4918,1,0
A,B,A,4937,100,4937,1,0
A,C,A,6981,100,6981,1,0
A,D,A,4948,100,4948,1,0
A,E,A,1401,100,1401,1,0
A,F,A,5162,100,5162,1,0
A,G,A,7218,100,7218,1,0
A,H,A,5149,100,5149,1,0
A,B,B,5014,100,5014,1,0
B,C,B,4978,100,4978,1,0
B,D,B,6980,100,6980,1,0
B,E,B,5170,100,5170,1,0
B,F,B,1398,100,1398,1,0
B,G,B,5160,100,5160,1,0
B,H,B,7171,100,7171,1,0
A,C,C,7026,100,7026,1,0
B,C,C,4984,100,4984,1,0
C,D,C,4917,100,4917,1,0
C,E,C,7127,100,7127,1,0
C,F,C,5140,100,5140,1,0
C,G,C,1372,100,1372,1,0
C,H,C,5158,100,5158,1,0
A,D,D,4957,100,4957,1,0
B,D,D,6988,100,6988,1,0
C,D,D,4961,100,4961,1,0
D,E,D,5171,100,5171,1,0
D,F,D,7130,100,7130,1,0
D,G,D,5134,100,5134,1,0
D,H,D,1495,100,1495,1,0
A,E,E,1433,100,1433,1,0
B,E,E,5147,100,5147,1,0
C,E,E,7192,100,7192,1,0
D,E,E,5145,100,5145,1,0
E,F,E,4971,100,4971,1,0
E,G,E,7031,100,7031,1,0
E,H,E,4959,100,4959,1,0
A,F,F,5196,100,5196,1,0
B,F,F,1400,100,1400,1,0
C,F,F,5155,100,5155,1,0
D,F,F,7147,100,7147,1,0
E,F,F,4943,100,4943,1,0
F,G,F,4955,100,4955,1,0
F,H,F,7002,100,7002,1,0
A,G,G,7184,100,7184,1,0
B,G,G,5189,100,5189,1,0
C,G,G,1414,100,1414,1,0
D,G,G,5128,100,5128,1,0
E,G,G,7044,100,7044,1,0
F,G,G,4977,100,4977,1,0
G,H,G,4942,100,4942,1,0
A,H,H,5121,100,5121,1,0
B,H,H,7132,100,7132,1,0
C,H,H,5143,100,5143,1,0
D,H,H,1422,100,1422,1,0
E,H,H,4980,100,4980,1,0
F,H,H,6985,100,6985,1,0
G,H,H,4943,100,4943,1,0
A,B,A,4957,100,4957,1,0
A,C,A,6966,100,6966,1,0
A,D,A,4969,100,4969,1,0
A,E,A,1367,100,1367,1,0
A,F,A,5163,100,5163,1,0
A,G,A,7158,100,7158,1,0
A,H,A,5096,100,5096,1,0
A,B,B,5014,100,5014,1,0
B,C,B,5005,100,5005,1,0
B,D,B,6988,100,6988,1,0
B,E,B,5146,100,5146,1,0
B,F,B,1389,100,1389,1,0
B,G,B,5210,100,5210,1,0
B,H,B,7172,100,7172,1,0
A,C,C,6999,100,6999,1,0
B,C,C,5022,100,5022,1,0
C,D,C,4958,100,4958,1,0
C,E,C,7163,100,7163,1,0
C,F,C,5139,100,5139,1,0
C,G,C,1389,100,1389,1,0
C,H,C,5178,100,5178,1,0
A,D,D,4928,100,4928,1,0
B,D,D,7012,100,7012,1,0
C,D,D,4948,100,4948,1,0
D,E,D,5185,100,5185,1,0
D,F,D,7159,100,7159,1,0
D,G,D,5158,100,5158,1,0
D,H,D,1425,100,1425,1,0
A,E,E,1504,100,1504,1,0
B,E,E,5138,100,5138,1,0
C,E,E,7170,100,7170,1,0
D,E,E,5186,100,5186,1,0
E,F,E,4987,100,4987,1,0
E,G,E,7073,100,7073,1,0
E,H,E,4970,100,4970,1,0
A,F,F,5155,100,5155,1,0
B,F,F,1423,100,1423,1,0
C,F,F,5129,100,5129,1,0
D,F,F,7118,100,7118,1,0
E,F,F,5010,100,5010,1,0
F,G,F,4964,100,4964,1,0
F,H,F,6992,100,6992,1,0
A,G,G,7189,100,7189,1,0
B,G,G,5180,100,5180,1,0
C,G,G,1345,100,1345,1,0
D,G,G,5148,100,5148,1,0
E,G,G,7075,100,7075,1,0
F,G,G,4977,100,4977,1,0
G,H,G,4911,100,4911,1,0
A,H,H,5176,100,5176,1,0
B,H,H,7143,100,7143,1,0
C,H,H,5105,100,5105,1,0
D,H,H,1392,100,1392,1,0
E,H,H,4969,100,4969,1,0
F,H,H,7024,100,7024,1,0
G,H,H,4972,100,4972,1,0
A,B,A,4919,100,4919,1,0
A,C,A,7055,100,7055,1,0
A,D,A,4947,100,4947,1,0
A,E,A,1418,100,1418,1,0
A,F,A,5179,100,5179,1,0
A,G,A,7199,100,7199,1,0
A,H,A,5180,100,5180,1,0
A,B,B,4961,100,4961,1,0
B,C,B,4956,100,4956,1,0
B,D,B,7026,100,7026,1,0
B,E,B,5147,100,5147,1,0
B,F,B,1375,100,1375,1,0
B,G,B,5170,100,5170,1,0
B,H,B,7164,100,7164,1,0
A,C,C,7008,100,7008,1,0
B,C,C,4984,100,4984,1,0
C,D,C,4980,100,4980,1,0
C,E,C,7192,100,7192,1,0
C,F,C,5186,100,5186,1,0
C,G,C,1372,100,1372,1,0
C,H,C,5122,100,5122,1,0
A,D,D,4945,100,4945,1,0
B,D,D,6980,100,6980,1,0
C,D,D,4928,100,4928,1,0
D,E,D,5117,100,5117,1,0
D,F,D,7137,100,7137,1,0
D,G,D,5157,100,5157,1,0
D,H,D,1398,100,1398,1,0
A,E,E,1412,100,1412,1,0
B,E,E,5119,100,5119,1,0
C,E,E,7147,100,7147,1,0
D,E,E,5136,100,5136,1,0
E,F,E,4953,100,4953,1,0
E,G,E,7077,100,7077,1,0
E,H,E,4970,100,4970,1,0
A,F,F,5145,100,5145,1,0
B,F,F,1366,100,1366,1,0
C,F,F,5167,100,5167,1,0
D,F,F,7147,100,7147,1,0
E,F,F,4961,100,4961,1,0
F,G,F,4963,100,4963,1,0
F,H,F,7033,100,7033,1,0
A,G,G,7169,100,7169,1,0
B,G,G,5181,100,5181,1,0
C,G,G,1355,100,1355,1,0
D,G,G,5129,100,5129,1,0
E,G,G,7030,100,7030,1,0
F,G,G,5005,100,5005,1,0
G,H,G,4938,100,4938,1,0
A,H,H,5158,100,5158,1,0
B,H,H,7155,100,7155,1,0
C,H,H,5139,100,5139,1,0
D,H,H,1386,100,1386,1,0
E,H,H,5017,100,5017,1,0
F,H,H,6999,100,6999,1,0
G,H,H,4946,100,4946,1,0
A,B,A,4986,100,4986,1,0
A,C,A,7086,100,7086,1,0
A,D,A,4985,100,4985,1,0
A,E,A,1401,100,1401,1,0
A,F,A,5168,100,5168,1,0
A,G,A,7199,100,7199,1,0
A,H,A,5140,100,5140,1,0
A,B,B,4971,100,4971,1,0
B,C,B,4968,100,4968,1,0
B,D,B,7021,100,7021,1,0
B,E,B,5194,100,5194,1,0
B,F,B,1414,100,1414,1,0
B,G,B,5186,100,5186,1,0
B,H,B,7129,100,7129,1,0
A,C,C,6971,100,6971,1,0
B,C,C,5012,100,5012,1,0
C,D,C,4942,100,4942,1,0
C,E,C,7163,100,7163,1,0
C,F,C,5152,100,5152,1,0
C,G,C,1381,100,1381,1,0
C,H,C,5215,100,5215,1,0
A,D,D,4961,100,4961,1,0
B,D,D,7048,100,7048,1,0
C,D,D,4933,100,4933,1,0
D,E,D,5194,100,5194,1,0
D,F,D,7146,100,7146,1,0
D,G,D,5134,100,5134,1,0
D,H,D,1354,100,1354,1,0
A,E,E,1469,100,1469,1,0
B,E,E,5148,100,5148,1,0
C,E,E,7205,100,7205,1,0
D,E,E,5151,100,5151,1,0
E,F,E,4989,100,4989,1,0
E,G,E,7047,100,7047,1,0
E,H,E,4936,100,4936,1,0
A,F,F,5148,100,5148,1,0
B,F,F,1369,100,1369,1,0
C,F,F,5143,100,5143,1,0
D,F,F,7134,100,7134,1,0
E,F,F,4974,100,4974,1,0
F,G,F,4970,100,4970,1,0
F,H,F,6984,100,6984,1,0
A,G,G,7153,100,7153,1,0
B,G,G,5203,100,5203,1,0
C,G,G,1413,100,1413,1,0
D,G,G,5157,100,5157,1,0
E,G,G,7047,100,7047,1,0
F,G,G,4947,100,4947,1,0
G,H,G,4955,100,4955,1,0
A,H,H,5158,100,5158,1,0
B,H,H,7162,100,7162,1,0
C,H,H,5165,100,5165,1,0
D,H,H,1399,100,1399,1,0
E,H,H,4995,100,4995,1,0
F,H,H,6996,100,6996,1,0
G,H,H,4930,100,4930,1,0
A,B,A,4972,100,4972,1,0
A,C,A,7037,100,7037,1,0
A,D,A,4962,100,4962,1,0
A,E,A,1386,100,1386,1,0
A,F,A,5169,100,5169,1,0
A,G,A,7163,100,7163,1,0
A,H,A,5134,100,5134,1,0
A,B,B,4961,100,4961,1,0
B,C,B,4984,100,4984,1,0
B,D,B,6988,100,6988,1,0
B,E,B,5190,100,5190,1,0
B,F,B,1400,100,1400,1,0
B,G,B,5204,100,5204,1,0
B,H,B,7114,100,7114,1,0
A,C,C,7037,100,7037,1,0
B,C,C,4949,100,4949,1,0
C,D,C,4926,100,4926,1,0
C,E,C,7148,100,7148,1,0
C,F,C,5129,100,5129,1,0
C,G,C,1451,100,1451,1,0
C,H,C,5161,100,5161,1,0
A,D,D,4924,100,4924,1,0
B,D,D,7010,100,7010,1,0
C,D,D,4935,100,4935,1,0
D,E,D,5178,100,5178,1,0
D,F,D,7122,100,7122,1,0
D,G,D,5134,100,5134,1,0
D,H,D,1451,100,1451,1,0
A,E,E,1435,100,1435,1,0
B,E,E,5150,100,5150,1,0
C,E,E,7144,100,7144,1,0
D,E,E,5129,100,5129,1,0
E,F,E,4948,100,4948,1,0
E,G,E,7072,100,7072,1,0
E,H,E,4970,100,4970,1,0
A,F,F,5135,100,5135,1,0
B,F,F,1373,100,1373,1,0
C,F,F,5188,100,5188,1,0
D,F,F,7147,100,7147,1,0
E,F,F,4951,100,4951,1,0
F,G,F,4975,100,4975,1,0
F,H,F,6989,100,6989,1,0
A,G,G,7184,100,7184,1,0
B,G,G,5150,100,5150,1,0
C,G,G,1390,100,1390,1,0
D,G,G,5164,100,5164,1,0
E,G,G,7060,100,7060,1,0
F,G,G,4959,100,4959,1,0
G,H,G,4971,100,4971,1,0
A,H,H,5114,100,5114,1,0
B,H,H,7150,100,7150,1,0
C,H,H,5132,100,5132,1,0
D,H,H,1408,100,1408,1,0
E,H,H,4987,100,4987,1,0
F,H,H,7038,100,7038,1,0
G,H,H,4974,100,4974,1,0
A,B,A,4933,100,4933,1,0
A,C,A,7000,100,7000,1,0
A,D,A,4966,100,4966,1,0
A,E,A,1415,100,1415,1,0
A,F,A,5125,100,5125,1,0
A,G,A,7136,100,7136,1,0
A,H,A,5159,100,5159,1,0
A,B,B,4924,100,4924,1,0
B,C,B,4977,100,4977,1,0
B,D,B,6988,100,6988,1,0
B,E,B,5145,100,5145,1,0
B,F,B,1370,100,1370,1,0
B,G,B,5218,100,5218,1,0
B,H,B,7170,100,7170,1,0
A,C,C,7037,100,7037,1,0
B,C,C,4976,100,4976,1,0
C,D,C,4960,100,4960,1,0
C,E,C,7184,100,7184,1,0
C,F,C,5154,100,5154,1,0
C,G,C,1416,100,1416,1,0
C,H,C,5149,100,5149,1,0
A,D,D,4940,100,4940,1,0
B,D,D,6971,100,6971,1,0
C,D,D,4938,100,4938,1,0
D,E,D,5167,100,5167,1,0
D,F,D,7170,100,7170,1,0
D,G,D,5132,100,5132,1,0
D,H,D,1420,100,1420,1,0
A,E,E,1418,100,1418,1,0
B,E,E,5116,100,5116,1,0
C,E,E,7172,100,7172,1,0
D,E,E,5208,100,5208,1,0
E,F,E,4955,100,4955,1,0
E,G,E,7082,100,7082,1,0
E,H,E,4999,100,4999,1,0
A,F,F,5210,100,5210,1,0
B,F,F,1368,100,1368,1,0
C,F,F,5162,100,5162,1,0
D,F,F,7128,100,7128,1,0
E,F,F,4975,100,4975,1,0
F,G,F,5004,100,5004,1,0
F,H,F,6965,100,6965,1,0
A,G,G,7202,100,7202,1,0
B,G,G,5186,100,5186,1,0
C,G,G,1431,100,1431,1,0
D,G,G,5142,100,5142,1,0
E,G,G,7051,100,7051,1,0
F,G,G,4974,100,4974,1,0
G,H,G,4950,100,4950,1,0
A,H,H,5099,100,5099,1,0
B,H,H,7161,100,7161,1,0
C,H,H,5141,100,5141,1,0
D,H,H,1455,100,1455,1,0
E,H,H,4992,100,4992,1,0
F,H,H,7034,100,7034,1,0
G,H,H,4954,100,4954,1,0
A,B,A,4988,100,4988,1,0
A,C,A,7034,100,7034,1,0
A,D,A,4952,100,4952,1,0
A,E,A,1410,100,1410,1,0
A,F,A,5202,100,5202,1,0
A,G,A,7187,100,7187,1,0
A,H,A,5175,100,5175,1,0
A,B,B,4952,100,4952,1,0
B,C,B,4963,100,4963,1,0
B,D,B,7002,100,7002,1,0
B,E,B,5132,100,5132,1,0
B,F,B,1401,100,1401,1,0
B,G,B,5206,100,5206,1,0
B,H,B,7134,100,7134,1,0
A,C,C,7035,100,7035,1,0
B,C,C,4972,100,4972,1,0
C,D,C,4945,100,4945,1,0
C,E,C,7194,100,7194,1,0
C,F,C,5146,100,5146,1,0
C,G,C,1430,100,1430,1,0
C,H,C,5173,100,5173,1,0
A,D,D,4933,100,4933,1,0
B,D,D,6993,100,6993,1,0
C,D,D,4926,100,4926,1,0
D,E,D,5201,100,5201,1,0
D,F,D,7126,100,7126,1,0
D,G,D,5151,100,5151,1,0
D,H,D,1411,100,1411,1,0
A,E,E,1377,100,1377,1,0
B,E,E,5134,100,5134,1,0
C,E,E,7182,100,7182,1,0
D,E,E,5101,100,5101,1,0
E,F,E,4957,100,4957,1,0
E,G,E,7054,100,7054,1,0
E,H,E,4992,100,4992,1,0
A,F,F,5153,100,5153,1,0
B,F,F,1388,100,1388,1,0
C,F,F,5120,100,5120,1,0
D,F,F,7147,100,7147,1,0
E,F,F,4994,100,4994,1,0
F,G,F,4963,100,4963,1,0
F,H,F,7011,100,7011,1,0
A,G,G,7212,100,7212,1,0
B,G,G,5212,100,5212,1,0
C,G,G,1419,100,1419,1,0
D,G,G,5107,100,5107,1,0
E,G,G,7054,100,7054,1,0
F,G,G,4958,100,4958,1,0
G,H,G,4950,100,4950,1,0
A,H,H,5128,100,5128,1,0
B,H,H,7148,100,7148,1,0
C,H,H,5176,100,5176,1,0
D,H,H,1406,100,1406,1,0
E,H,H,4971,100,4971,1,0
F,H,H,6965,100,6965,1,0
G,H,H,4967,100,4967,1,0
A,B,A,4955,100,4955,1,0
A,C,A,7005,100,7005,1,0
A,D,A,4956,100,4956,1,0
A,E,A,1409,100,1409,1,0
A,F,A,5180,100,5180,1,0
A,G,A,7153,100,7153,1,0
A,H,A,5186,100,5186,1,0
A,B,B,4937,100,4937,1,0
B,C,B,4965,100,4965,1,0
B,D,B,7016,100,7016,1,0
B,E,B,5128,100,5128,1,0
B,F,B,1409,100,1409,1,0
B,G,B,5144,100,5144,1,0
B,H,B,7162,100,7162,1,0
A,C,C,6995,100,6995,1,0
B,C,C,4994,100,4994,1,0
C,D,C,4916,100,4916,1,0
C,E,C,7231,100,7231,1,0
C,F,C,5183,100,5183,1,0
C,G,C,1417,100,1417,1,0
C,H,C,5119,100,5119,1,0
A,D,D,4940,100,4940,1,0
B,D,D,6952,100,6952,1,0
C,D,D,4982,100,4982,1,0
D,E,D,5132,100,5132,1,0
D,F,D,7109,100,7109,1,0
D,G,D,5160,100,5160,1,0
D,H,D,1407,100,1407,1,0
A,E,E,1429,100,1429,1,0
B,E,E,5175,100,5175,1,0
C,E,E,7146,100,7146,1,0
D,E,E,5198,100,5198,1,0
E,F,E,4973,100,4973,1,0
E,G,E,7039,100,7039,1,0
E,H,E,4976,100,4976,1,0
A,F,F,5185,100,5185,1,0
B,F,F,1396,100,1396,1,0
C,F,F,5151,100,5151,1,0
D,F,F,7172,100,7172,1,0
E,F,F,4972,100,4972,1,0
F,G,F,4994,100,4994,1,0
F,H,F,7037,100,7037,1,0
A,G,G,7167,100,7167,1,0
B,G,G,5180,100,5180,1,0
C,G,G,1416,100,1416,1,0
D,G,G,5176,100,5176,1,0
E,G,G,7050,100,7050,1,0
F,G,G,4958,100,4958,1,0
G,H,G,4965,100,4965,1,0
A,H,H,5115,100,5115,1,0
B,H,H,7152,100,7152,1,0
C,H,H,5164,100,5164,1,0
D,H,H,1387,100,1387,1,0
E,H,H,4944,100,4944,1,0
F,H,H,6961,100,6961,1,0
G,H,H,4950,100,4950,1,0
A,B,A,4964,100,4964,1,0
A,C,A,6993,100,6993,1,0
A,D,A,4958,100,4958,1,0
A,E,A,1401,100,1401,1,0
A,F,A,5189,100,5189,1,0
A,G,A,7122,100,7122,1,0
A,H,A,5138,100,5138,1,0
A,B,B,4999,100,4999,1,0
B,C,B,4946,100,4946,1,0
B,D,B,7000,100,7000,1,0
B,E,B,5184,100,5184,1,0
B,F,B,1361,100,1361,1,0
B,G,B,5209,100,5209,1,0
B,H,B,7154,100,7154,1,0
A,C,C,7024,100,7024,1,0
B,C,C,5035,100,5035,1,0
C,D,C,4957,100,4957,1,0
C,E,C,7196,100,7196,1,0
C,F,C,5170,100,5170,1,0
C,G,C,1407,100,1407,1,0
C,H,C,5144,100,5144,1,0
A,D,D,4936,100,4936,1,0
B,D,D,7022,100,7022,1,0
C,D,D,4982,100,4982,1,0
D,E,D,5194,100,5194,1,0
D,F,D,7155,100,7155,1,0
D,G,D,5106,100,5106,1,0
D,H,D,1479,100,1479,1,0
A,E,E,1404,100,1404,1,0
B,E,E,5181,100,5181,1,0
C,E,E,7164,100,7164,1,0
D,E,E,5165,100,5165,1,0
E,F,E,4958,100,4958,1,0
E,G,E,7030,100,7030,1,0
E,H,E,5004,100,5004,1,0
A,F,F,5205,100,5205,1,0
B,F,F,1415,100,1415,1,0
C,F,F,5141,100,5141,1,0
D,F,F,7141,100,7141,1,0
E,F,F,4988,100,4988,1,0
F,G,F,4963,100,4963,1,0
F,H,F,7034,100,7034,1,0
A,G,G,7196,100,7196,1,0
B,G,G,5131,100,5131,1,0
C,G,G,1359,100,1359,1,0
D,G,G,5158,100,5158,1,0
E,G,G,7059,100,7059,1,0
F,G,G,4953,100,4953,1,0
G,H,G,4987,100,4987,1,0
A,H,H,5182,100,5182,1,0
B,H,H,7166,100,7166,1,0
C,H,H,5173,100,5173,1,0
D,H,H,1376,100,1376,1,0
E,H,H,4964,100,4964,1,0
F,H,H,7035,100,7035,1,0
G,H,H,4965,100,4965,1,0
A,B,A,4932,100,4932,1,0
A,C,A,7011,100,7011,1,0
A,D,A,4961,100,4961,1,0
A,E,A,1402,100,1402,1,0
A,F,A,5177,100,5177,1,0
A,G,A,7162,100,7162,1,0
A,H,A,5137,100,5137,1,0
A,B,B,4960,100,4960,1,0
B,C,B,5018,100,5018,1,0
B,D,B,7032,100,7032,1,0
B,E,B,5183,100,5183,1,0
B,F,B,1367,100,1367,1,0
B,G,B,5188,100,5188,1,0
B,H,B,7144,100,7144,1,0
A,C,C,7061,100,7061,1,0
B,C,C,4964,100,4964,1,0
C,D,C,4923,100,4923,1,0
C,E,C,7161,100,7161,1,0
C,F,C,5152,100,5152,1,0
C,G,C,1437,100,1437,1,0
C,H,C,5100,100,5100,1,0
A,D,D,4947,100,4947,1,0
B,D,D,7026,100,7026,1,0
C,D,D,4957,100,4957,1,0
D,E,D,5191,100,5191,1,0
D,F,D,7158,100,7158,1,0
D,G,D,5145,100,5145,1,0
D,H,D,1373,100,1373,1,0
A,E,E,1379,100,1379,1,0
B,E,E,5155,100,5155,1,0
C,E,E,7202,100,7202,1,0
D,E,E,5177,100,5177,1,0
E,F,E,4982,100,4982,1,0
E,G,E,7047,100,7047,1,0
E,H,E,5009,100,5009,1,0
A,F,F,5178,100,5178,1,0
B,F,F,1407,100,1407,1,0
C,F,F,5161,100,5161,1,0
D,F,F,7113,100,7113,1,0
E,F,F,4958,100,4958,1,0
F,G,F,4998,100,4998,1,0
F,H,F,6963,100,6963,1,0
A,G,G,7185,100,7185,1,0
B,G,G,5165,100,5165,1,0
C,G,G,1350,100,1350,1,0
D,G,G,5147,100,5147,1,0
E,G,G,7045,100,7045,1,0
F,G,G,4950,100,4950,1,0
G,H,G,4922,100,4922,1,0
A,H,H,5165,100,5165,1,0
B,H,H,7156,100,7156,1,0
C,H,H,5185,100,5185,1,0
D,H,H,1383,100,1383,1,0
E,H,H,4976,100,4976,1,0
F,H,H,6981,100,6981,1,0
G,H,H,4936,100,4936,1,0
A,B,A,4975,100,4975,1,0
A,C,A,7023,100,7023,1,0
A,D,A,4963,100,4963,1,0
A,E,A,1377,100,1377,1,0
A,F,A,5170,100,5170,1,0
A,G,A,7145,100,7145,1,0
A,H,A,5130,100,5130,1,0
A,B,B,4984,100,4984,1,0
B,C,B,4947,100,4947,1,0
B,D,B,7014,100,7014,1,0
B,E,B,5128,100,5128,1,0
B,F,B,1391,100,1391,1,0
B,G,B,5178,100,5178,1,0
B,H,B,7127,100,7127,1,0
A,C,C,7022,100,7022,1,0
B,C,C,4990,100,4990,1,0
C,D,C,4960,100,4960,1,0
C,E,C,7192,100,7192,1,0
C,F,C,5157,100,5157,1,0
C,G,C,1388,100,1388,1,0
C,H,C,5107,100,5107,1,0
A,D,D,4953,100,4953,1,0
B,D,D,6954,100,6954,1,0
C,D,D,4973,100,4973,1,0
D,E,D,5170,100,5170,1,0
D,F,D,7110,100,7110,1,0
D,G,D,5129,100,5129,1,0
D,H,D,1441,100,1441,1,0
A,E,E,1394,100,1394,1,0
B,E,E,5141,100,5141,1,0
C,E,E,7156,100,7156,1,0
D,E,E,5106,100,5106,1,0
E,F,E,4970,100,4970,1,0
E,G,E,7028,100,7028,1,0
E,H,E,4949,100,4949,1,0
A,F,F,5154,100,5154,1,0
B,F,F,1376,100,1376,1,0
C,F,F,5166,100,5166,1,0
D,F,F,7150,100,7150,1,0
E,F,F,4945,100,4945,1,0
F,G,F,4968,100,4968,1,0
F,H,F,6990,100,6990,1,0
A,G,G,7185,100,7185,1,0
B,G,G,5193,100,5193,1,0
C,G,G,1391,100,1391,1,0
D,G,G,5123,100,5123,1,0
E,G,G,7054,100,7054,1,0
F,G,G,4955,100,4955,1,0
G,H,G,4948,100,4948,1,0
A,H,H,5150,100,5150,1,0
B,H,H,7175,100,7175,1,0
C,H,H,5162,100,5162,1,0
D,H,H,1470,100,1470,1,0
E,H,H,4944,100,4944,1,0
F,H,H,7037,100,7037,1,0
G,H,H,4959,100,4959,1,0
A,B,A,4988,100,4988,1,0
A,C,A,7037,100,7037,1,0
A,D,A,4947,100,4947,1,0
A,E,A,1401,100,1401,1,0
A,F,A,5211,100,5211,1,0
A,G,A,7095,100,7095,1,0
A,H,A,5168,100,5168,1,0
A,B,B,4944,100,4944,1,0
B,C,B,5006,100,5006,1,0
B,D,B,6992,100,6992,1,0
B,E,B,5152,100,5152,1,0
B,F,B,1372,100,1372,1,0
B,G,B,5172,100,5172,1,0
B,H,B,7203,100,7203,1,0
A,C,C,7015,100,7015,1,0
B,C,C,5012,100,5012,1,0
C,D,C,4973,100,4973,1,0
C,E,C,7164,100,7164,1,0
C,F,C,5142,100,5142,1,0
C,G,C,1438,100,1438,1,0
C,H,C,5154,100,5154,1,0
A,D,D,4947,100,4947,1,0
B,D,D,7013,100,7013,1,0
C,D,D,4942,100,4942,1,0
D,E,D,5122,100,5122,1,0
D,F,D,7163,100,7163,1,0
D,G,D,5120,100,5120,1,0
D,H,D,1374,100,1374,1,0
A,E,E,1432,100,1432,1,0
B,E,E,5171,100,5171,1,0
C,E,E,7166,100,7166,1,0
D,E,E,5178,100,5178,1,0
E,F,E,4944,100,4944,1,0
E,G,E,7076,100,7076,1,0
E,H,E,4941,100,4941,1,0
A,F,F,5195,100,5195,1,0
B,F,F,1428,100,1428,1,0
C,F,F,5161,100,5161,1,0
D,F,F,7152,100,7152,1,0
E,F,F,4969,100,4969,1,0
F,G,F,4996,100,4996,1,0
F,H,F,7010,100,7010,1,0
A,G,G,7153,100,7153,1,0
B,G,G,5159,100,5159,1,0
C,G,G,1337,100,1337,1,0
D,G,G,5114,100,5114,1,0
E,G,G,7035,100,7035,1,0
F,G,G,5000,100,5000,1,0
G,H,G,4950,100,4950,1,0
A,H,H,5142,100,5142,1,0
B,H,H,7145,100,7145,1,0
C,H,H,5169,100,5169,1,0
D,H,H,1417,100,1417,1,0
E,H,H,4977,100,4977,1,0
F,H,H,7002,100,7002,1,0
G,H,H,4954,100,4954,1,0
A,B,A,4932,100,4932,1,0
A,C,A,7015,100,7015,1,0
A,D,A,4929,100,4929,1,0
A,E,A,1435,100,1435,1,0
A,F,A,5159,100,5159,1,0
A,G,A,7183,100,7183,1,0
A,H,A,5160,100,5160,1,0
A,B,B,4989,100,4989,1,0
B,C,B,4947,100,4947,1,0
B,D,B,7007,100,7007,1,0
B,E,B,5115,100,5115,1,0
B,F,B,1397,100,1397,1,0
B,G,B,5161,100,5161,1,0
B,H,B,7169,100,7169,1,0
A,C,C,7019,100,7019,1,0
B,C,C,5011,100,5011,1,0
C,D,C,4937,100,4937,1,0
C,E,C,7140,100,7140,1,0
C,F,C,5148,100,5148,1,0
C,G,C,1412,100,1412,1,0
C,H,C,5178,100,5178,1,0
A,D,D,4946,100,4946,1,0
B,D,D,7014,100,7014,1,0
C,D,D,4946,100,4946,1,0
D,E,D,5140,100,5140,1,0
D,F,D,7109,100,7109,1,0
D,G,D,5135,100,5135,1,0
D,H,D,1384,100,1384,1,0
A,E,E,1403,100,1403,1,0
B,E,E,5159,100,5159,1,0
C,E,E,7147,100,7147,1,0
D,E,E,5168,100,5168,1,0
E,F,E,4979,100,4979,1,0
E,G,E,7062,100,7062,1,0
E,H,E,4941,100,4941,1,0
A,F,F,5163,100,5163,1,0
B,F,F,1361,100,1361,1,0
C,F,F,5160,100,5160,1,0
D,F,F,7144,100,7144,1,0
E,F,F,4975,100,4975,1,0
F,G,F,4952,100,4952,1,0
F,H,F,7027,100,7027,1,0
A,G,G,7213,100,7213,1,0
B,G,G,5219,100,5219,1,0
C,G,G,1417,100,1417,1,0
D,G,G,5135,100,5135,1,0
E,G,G,7031,100,7031,1,0
F,G,G,4995,100,4995,1,0
G,H,G,4971,100,4971,1,0
A,H,H,5179,100,5179,1,0
B,H,H,7170,100,7170,1,0
C,H,H,5185,100,5185,1,0
D,H,H,1456,100,1456,1,0
E,H,H,4990,100,4990,1,0
F,H,H,6975,100,6975,1,0
G,H,H,4946,100,4946,1,0
A,B,A,4975,100,4975,1,0
A,C,A,7029,100,7029,1,0
A,D,A,4942,100,4942,1,0
A,E,A,1423,100,1423,1,0
A,F,A,5189,100,5189,1,0
A,G,A,7121,100,7121,1,0
A,H,A,5143,100,5143,1,0
A,B,B,4930,100,4930,1,0
B,C,B,4963,100,4963,1,0
B,D,B,7047,100,7047,1,0
B,E,B,5137,100,5137,1,0
B,F,B,1377,100,1377,1,0
B,G,B,5236,100,5236,1,0
B,H,B,7197,100,7197,1,0
A,C,C,6943,100,6943,1,0
B,C,C,4987,100,4987,1,0
C,D,C,4951,100,4951,1,0
C,E,C,7140,100,7140,1,0
C,F,C,5155,100,5155,1,0
C,G,C,1408,100,1408,1,0
C,H,C,5130,100,5130,1,0
A,D,D,4933,100,4933,1,0
B,D,D,7006,100,7006,1,0
C,D,D,4936,100,4936,1,0
D,E,D,5141,100,5141,1,0
D,F,D,7158,100,7158,1,0
D,G,D,5138,100,5138,1,0
D,H,D,1383,100,1383,1,0
A,E,E,1495,100,1495,1,0
B,E,E,5146,100,5146,1,0
C,E,E,7153,100,7153,1,0
D,E,E,5181,100,5181,1,0
E,F,E,4990,100,4990,1,0
E,G,E,7041,100,7041,1,0
E,H,E,4987,100,4987,1,0
A,F,F,5159,100,5159,1,0
B,F,F,1408,100,1408,1,0
C,F,F,5155,100,5155,1,0
D,F,F,7136,100,7136,1,0
E,F,F,4975,100,4975,1,0
F,G,F,4961,100,4961,1,0
F,H,F,7030,100,7030,1,0
A,G,G,7158,100,7158,1,0
B,G,G,5172,100,5172,1,0
C,G,G,1396,100,1396,1,0
D,G,G,5152,100,5152,1,0
E,G,G,7026,100,7026,1,0
F,G,G,4992,100,4992,1,0
G,H,G,4952,100,4952,1,0
A,H,H,5166,100,5166,1,0
B,H,H,7120,100,7120,1,0
C,H,H,5140,100,5140,1,0
D,H,H,1407,100,1407,1,0
E,H,H,5000,100,5000,1,0
F,H,H,6998,100,6998,1,0
G,H,H,4988,100,4988,1,0
A,B,A,4963,100,4963,1,0
A,C,A,7004,100,7004,1,0
A,D,A,4951,100,4951,1,0
A,E,A,1412,100,1412,1,0
A,F,A,5152,100,5152,1,0
A,G,A,7151,100,7151,1,0
A,H,A,5121,100,5121,1,0
A,B,B,4943,100,4943,1,0
B,C,B,4971,100,4971,1,0
B,D,B,6991,100,6991,1,0
B,E,B,5126,100,5126,1,0
B,F,B,1370,100,1370,1,0
B,G,B,5172,100,5172,1,0
B,H,B,7124,100,7124,1,0
A,C,C,6952,100,6952,1,0
B,C,C,4970,100,4970,1,0
C,D,C,4917,100,4917,1,0
C,E,C,7155,100,7155,1,0
C,F,C,5162,100,5162,1,0
C,G,C,1365,100,1365,1,0
C,H,C,5159,100,5159,1,0
A,D,D,4966,100,4966,1,0
B,D,D,7023,100,7023,1,0
C,D,D,4935,100,4935,1,0
D,E,D,5183,100,5183,1,0
D,F,D,7164,100,7164,1,0
D,G,D,5089,100,5089,1,0
D,H,D,1418,100,1418,1,0
A,E,E,1369,100,1369,1,0
B,E,E,5147,100,5147,1,0
C,E,E,7165,100,7165,1,0
D,E,E,5131,100,5131,1,0
E,F,E,5006,100,5006,1,0
E,G,E,7032,100,7032,1,0
E,H,E,4974,100,4974,1,0
A,F,F,5203,100,5203,1,0
B,F,F,1398,100,1398,1,0
C,F,F,5148,100,5148,1,0
D,F,F,7119,100,7119,1,0
E,F,F,4971,100,4971,1,0
F,G,F,4964,100,4964,1,0
F,H,F,7039,100,7039,1,0
A,G,G,7153,100,7153,1,0
B,G,G,5204,100,5204,1,0
C,G,G,1390,100,1390,1,0
D,G,G,5147,100,5147,1,0
E,G,G,7062,100,7062,1,0
F,G,G,4976,100,4976,1,0
G,H,G,4973,100,4973,1,0
A,H,H,5111,100,5111,1,0
B,H,H,7082,100,7082,1,0
C,H,H,5150,100,5150,1,0
D,H,H,1471,100,1471,1,0
E,H,H,4967,100,4967,1,0
F,H,H,6998,100,6998,1,0
G,H,H,4907,100,4907,1,0
A,B,A,4989,100,4989,1,0
A,C,A,7025,100,7025,1,0
A,D,A,4944,100,4944,1,0
A,E,A,1384,100,1384,1,0
A,F,A,5158,100,5158,1,0
A,G,A,7174,100,7174,1,0
A,H,A,5117,100,5117,1,0
A,B,B,4938,100,4938,1,0
B,C,B,4966,100,4966,1,0
B,D,B,6983,100,6983,1,0
B,E,B,5157,100,5157,1,0
B,F,B,1439,100,1439,1,0
B,G,B,5180,100,5180,1,0
B,H,B,7186,100,7186,1,0
A,C,C,7020,100,7020,1,0
B,C,C,4995,100,4995,1,0
C,D,C,4954,100,4954,1,0
C,E,C,7204,100,7204,1,0
C,F,C,5148,100,5148,1,0
C,G,C,1397,100,1397,1,0
C,H,C,5150,100,5150,1,0
A,D,D,4962,100,4962,1,0
B,D,D,7010,100,7010,1,0
C,D,D,4943,100,4943,1,0
D,E,D,5194,100,5194,1,0
D,F,D,7123,100,7123,1,0
D,G,D,5162,100,5162,1,0
D,H,D,1387,100,1387,1,0
A,E,E,1399,100,1399,1,0
B,E,E,5170,100,5170,1,0
C,E,E,7160,100,7160,1,0
D,E,E,5090,100,5090,1,0
E,F,E,4947,100,4947,1,0
E,G,E,7055,100,7055,1,0
E,H,E,4940,100,4940,1,0
A,F,F,5152,100,5152,1,0
B,F,F,1412,100,1412,1,0
C,F,F,5140,100,5140,1,0
D,F,F,7154,100,7154,1,0
E,F,F,4983,100,4983,1,0
F,G,F,4993,100,4993,1,0
F,H,F,6998,100,6998,1,0
A,G,G,7170,100,7170,1,0
B,G,G,5163,100,5163,1,0
C,G,G,1447,100,1447,1,0
D,G,G,5147,100,5147,1,0
E,G,G,7039,100,7039,1,0
F,G,G,4983,100,4983,1,0
G,H,G,4962,100,4962,1,0
A,H,H,5155,100,5155,1,0
B,H,H,7147,100,7147,1,0
C,H,H,5180,100,5180,1,0
D,H,H,1381,100,1381,1,0
E,H,H,5004,100,5004,1,0
F,H,H,6986,100,6986,1,0
G,H,H,4972,100,4972,1,0
A,B,A,4969,100,4969,1,0
A,C,A,7043,100,7043,1,0
A,D,A,4947,100,4947,1,0
A,E,A,1360,100,1360,1,0
A,F,A,5235,100,5235,1,0
A,G,A,7161,100,7161,1,0
A,H,A,5116,100,5116,1,0
A,B,B,4950,100,4950,1,0
B,C,B,4996,100,4996,1,0
B,D,B,7018,100,7018,1,0
B,E,B,5154,100,5154,1,0
B,F,B,1409,100,1409,1,0
B,G,B,5165,100,5165,1,0
B,H,B,7187,100,7187,1,0
A,C,C,7065,100,7065,1,0
B,C,C,5022,100,5022,1,0
C,D,C,4925,100,4925,1,0
C,E,C,7178,100,7178,1,0
C,F,C,5148,100,5148,1,0
C,G,C,1399,100,1399,1,0
C,H,C,5161,100,5161,1,0
A,D,D,4933,100,4933,1,0
B,D,D,7036,100,7036,1,0
C,D,D,4928,100,4928,1,0
D,E,D,5227,100,5227,1,0
D,F,D,7140,100,7140,1,0
D,G,D,5149,100,5149,1,0
D,H,D,1355,100,1355,1,0
A,E,E,1431,100,1431,1,0
B,E,E,5111,100,5111,1,0
C,E,E,7156,100,7156,1,0
D,E,E,5071,100,5071,1,0
E,F,E,4965,100,4965,1,0
E,G,E,7069,100,7069,1,0
E,H,E,4949,100,4949,1,0
A,F,F,5168,100,5168,1,0
B,F,F,1386,100,1386,1,0
C,F,F,5168,100,5168,1,0
D,F,F,7163,100,7163,1,0
E,F,F,4981,100,4981,1,0
F,G,F,4991,100,4991,1,0
F,H,F,7035,100,7035,1,0
A,G,G,7178,100,7178,1,0
B,G,G,5210,100,5210,1,0
C,G,G,1429,100,1429,1,0
D,G,G,5167,100,5167,1,0
E,G,G,7081,100,7081,1,0
F,G,G,5002,100,5002,1,0
G,H,G,4994,100,4994,1,0
A,H,H,5158,100,5158,1,0
B,H,H,7142,100,7142,1,0
C,H,H,5151,100,5151,1,0
D,H,H,1440,100,1440,1,0
E,H,H,4934,100,4934,1,0
F,H,H,6972,100,6972,1,0
G,H,H,4946,100,4946,1,0
A,B,A,4957,100,4957,1,0
A,C,A,7006,100,7006,1,0
A,D,A,4937,100,4937,1,0
A,E,A,1436,100,1436,1,0
A,F,A,5220,100,5220,1,0
A,G,A,7184,100,7184,1,0
A,H,A,5209,100,5209,1,0
A,B,B,4959,100,4959,1,0
B,C,B,4967,100,4967,1,0
B,D,B,7010,100,7010,1,0
B,E,B,5190,100,5190,1,0
B,F,B,1403,100,1403,1,0
B,G,B,5213,100,5213,1,0
B,H,B,7136,100,7136,1,0
A,C,C,7039,100,7039,1,0
B,C,C,4970,100,4970,1,0
C,D,C,4965,100,4965,1,0
C,E,C,7224,100,7224,1,0
C,F,C,5154,100,5154,1,0
C,G,C,1420,100,1420,1,0
C,H,C,5151,100,5151,1,0
A,D,D,4938,100,4938,1,0
B,D,D,7020,100,7020,1,0
C,D,D,4949,100,4949,1,0
D,E,D,5220,100,5220,1,0
D,F,D,7155,100,7155,1,0
D,G,D,5156,100,5156,1,0
D,H,D,1329,100,1329,1,0
A,E,E,1447,100,1447,1,0
B,E,E,5141,100,5141,1,0
C,E,E,7169,100,7169,1,0
D,E,E,5223,100,5223,1,0
E,F,E,4962,100,4962,1,0
E,G,E,7031,100,7031,1,0
E,H,E,5033,100,5033,1,0
A,F,F,5147,100,5147,1,0
B,F,F,1409,100,1409,1,0
C,F,F,5148,100,5148,1,0
D,F,F,7160,100,7160,1,0
E,F,F,4962,100,4962,1,0
F,G,F,4957,100,4957,1,0
F,H,F,6984,100,6984,1,0
A,G,G,7185,100,7185,1,0
B,G,G,5170,100,5170,1,0
C,G,G,1400,100,1400,1,0
D,G,G,5168,100,5168,1,0
E,G,G,7045,100,7045,1,0
F,G,G,4972,100,4972,1,0
G,H,G,4982,100,4982,1,0
A,H,H,5136,100,5136,1,0
B,H,H,7174,100,7174,1,0
C,H,H,5144,100,5144,1,0
D,H,H,1419,100,1419,1,0
E,H,H,4979,100,4979,1,0
F,H,H,6999,100,6999,1,0
G,H,H,4969,100,4969,1,0
A,B,A,4969,100,4969,1,0
A,C,A,7005,100,7005,1,0
A,D,A,4945,100,4945,1,0
A,E,A,1413,100,1413,1,0
A,F,A,5178,100,5178,1,0
A,G,A,7199,100,7199,1,0
A,H,A,5160,100,5160,1,0
A,B,B,4962,100,4962,1,0
B,C,B,4962,100,4962,1,0
B,D,B,6953,100,6953,1,0
B,E,B,5166,100,5166,1,0
B,F,B,1382,100,1382,1,0
B,G,B,5168,100,5168,1,0
B,H,B,7159,100,7159,1,0
A,C,C,7035,100,7035,1,0
B,C,C,4982,100,4982,1,0
C,D,C,4937,100,4937,1,0
C,E,C,7153,100,7153,1,0
C,F,C,5161,100,5161,1,0
C,G,C,1390,100,1390,1,0
C,H,C,5200,100,5200,1,0
A,D,D,4924,100,4924,1,0
B,D,D,6962,100,6962,1,0
C,D,D,4942,100,4942,1,0
D,E,D,5158,100,5158,1,0
D,F,D,7203,100,7203,1,0
D,G,D,5118,100,5118,1,0
D,H,D,1402,100,1402,1,0
A,E,E,1407,100,1407,1,0
B,E,E,5131,100,5131,1,0
C,E,E,7183,100,7183,1,0
D,E,E,5143,100,5143,1,0
E,F,E,4984,100,4984,1,0
E,G,E,7054,100,7054,1,0
E,H,E,4974,100,4974,1,0
A,F,F,5171,100,5171,1,0
B,F,F,1382,100,1382,1,0
C,F,F,5158,100,5158,1,0
D,F,F,7164,100,7164,1,0
E,F,F,4959,100,4959,1,0
F,G,F,4985,100,4985,1,0
F,H,F,6992,100,6992,1,0
A,G,G,7171,100,7171,1,0
B,G,G,5219,100,5219,1,0
C,G,G,1404,100,1404,1,0
D,G,G,5161,100,5161,1,0
E,G,G,7040,100,7040,1,0
F,G,G,4987,100,4987,1,0
G,H,G,4974,100,4974,1,0
A,H,H,5160,100,5160,1,0
B,H,H,7166,100,7166,1,0
C,H,H,5130,100,5130,1,0
D,H,H,1388,100,1388,1,0
E,H,H,4997,100,4997,1,0
F,H,H,6982,100,6982,1,0
G,H,H,4976,100,4976,1,0
A,B,A,4934,100,4934,1,0
A,C,A,7042,100,7042,1,0
A,D,A,4930,100,4930,1,0
A,E,A,1404,100,1404,1,0
A,F,A,5217,100,5217,1,0
A,G,A,7170,100,7170,1,0
A,H,A,5186,100,5186,1,0
A,B,B,4934,100,4934,1,0
B,C,B,4983,100,4983,1,0
B,D,B,7018,100,7018,1,0
B,E,B,5127,100,5127,1,0
B,F,B,1403,100,1403,1,0
B,G,B,5165,100,5165,1,0
B,H,B,7167,100,7167,1,0
A,C,C,7039,100,7039,1,0
B,C,C,4992,100,4992,1,0
C,D,C,4977,100,4977,1,0
C,E,C,7163,100,7163,1,0
C,F,C,5165,100,5165,1,0
C,G,C,1368,100,1368,1,0
C,H,C,5188,100,5188,1,0
A,D,D,4935,100,4935,1,0
B,D,D,7035,100,7035,1,0
C,D,D,4968,100,4968,1,0
D,E,D,5183,100,5183,1,0
D,F,D,7142,100,7142,1,0
D,G,D,5118,100,5118,1,0
D,H,D,1377,100,1377,1,0
A,E,E,1402,100,1402,1,0
B,E,E,5135,100,5135,1,0
C,E,E,7179,100,7179,1,0
D,E,E,5237,100,5237,1,0
E,F,E,4992,100,4992,1,0
E,G,E,7066,100,7066,1,0
E,H,E,4978,100,4978,1,0
A,F,F,5154,100,5154,1,0
B,F,F,1375,100,1375,1,0
C,F,F,5146,100,5146,1,0
D,F,F,7150,100,7150,1,0
E,F,F,4995,100,4995,1,0
F,G,F,5008,100,5008,1,0
F,H,F,7024,100,7024,1,0
A,G,G,7155,100,7155,1,0
B,G,G,5262,100,5262,1,0
C,G,G,1392,100,1392,1,0
D,G,G,5138,100,5138,1,0
E,G,G,7038,100,7038,1,0
F,G,G,4940,100,4940,1,0
G,H,G,4899,100,4899,1,0
A,H,H,5129,100,5129,1,0
B,H,H,7148,100,7148,1,0
C,H,H,5126,100,5126,1,0
D,H,H,1394,100,1394,1,0
E,H,H,4980,100,4980,1,0
F,H,H,6980,100,6980,1,0
G,H,H,4965,100,4965,1,0
A,B,A,4964,100,4964,1,0
A,C,A,7063,100,7063,1,0
A,D,A,4941,100,4941,1,0
A,E,A,1416,100,1416,1,0
A,F,A,5181,100,5181,1,0
A,G,A,7119,100,7119,1,0
A,H,A,5147,100,5147,1,0
A,B,B,4915,100,4915,1,0
B,C,B,4968,100,4968,1,0
B,D,B,7023,100,7023,1,0
B,E,B,5143,100,5143,1,0
B,F,B,1384,100,1384,1,0
B,G,B,5172,100,5172,1,0
B,H,B,7163,100,7163,1,0
A,C,C,7006,100,7006,1,0
B,C,C,4957,100,4957,1,0
C,D,C,4952,100,4952,1,0
C,E,C,7211,100,7211,1,0
C,F,C,5146,100,5146,1,0
C,G,C,1416,100,1416,1,0
C,H,C,5126,100,5126,1,0
A,D,D,4965,100,4965,1,0
B,D,D,7016,100,7016,1,0
C,D,D,4926,100,4926,1,0
D,E,D,5197,100,5197,1,0
D,F,D,7090,100,7090,1,0
D,G,D,5134,100,5134,1,0
D,H,D,1417,100,1417,1,0
A,E,E,1355,100,1355,1,0
B,E,E,5141,100,5141,1,0
C,E,E,7186,100,7186,1,0
D,E,E,5143,100,5143,1,0
E,F,E,4985,100,4985,1,0
E,G,E,7023,100,7023,1,0
E,H,E,4995,100,4995,1,0
A,F,F,5210,100,5210,1,0
B,F,F,1374,100,1374,1,0
C,F,F,5141,100,5141,1,0
D,F,F,7109,100,7109,1,0
E,F,F,4987,100,4987,1,0
F,G,F,4955,100,4955,1,0
F,H,F,7044,100,7044,1,0
A,G,G,7204,100,7204,1,0
B,G,G,5208,100,5208,1,0
C,G,G,1432,100,1432,1,0
D,G,G,5147,100,5147,1,0
E,G,G,7095,100,7095,1,0
F,G,G,5008,100,5008,1,0
G,H,G,4958,100,4958,1,0
A,H,H,5114,100,5114,1,0
B,H,H,7073,100,7073,1,0
C,H,H,5127,100,5127,1,0
D,H,H,1421,100,1421,1,0
E,H,H,4984,100,4984,1,0
F,H,H,6978,100,6978,1,0
G,H,H,4945,100,4945,1,0
A,B,A,4986,100,4986,1,0
A,C,A,7009,100,7009,1,0
A,D,A,4941,100,4941,1,0
A,E,A,1428,100,1428,1,0
A,F,A,5224,100,5224,1,0
A,G,A,7190,100,7190,1,0
A,H,A,5143,100,5143,1,0
A,B,B,4946,100,4946,1,0
B,C,B,4973,100,4973,1,0
B,D,B,6988,100,6988,1,0
B,E,B,5191,100,5191,1,0
B,F,B,1387,100,1387,1,0
B,G,B,5182,100,5182,1,0
B,H,B,7125,100,7125,1,0
A,C,C,6989,100,6989,1,0
B,C,C,4976,100,4976,1,0
C,D,C,4983,100,4983,1,0
C,E,C,7157,100,7157,1,0
C,F,C,5143,100,5143,1,0
C,G,C,1433,100,1433,1,0
C,H,C,5135,100,5135,1,0
A,D,D,4966,100,4966,1,0
B,D,D,7036,100,7036,1,0
C,D,D,4942,100,4942,1,0
D,E,D,5209,100,5209,1,0
D,F,D,7157,100,7157,1,0
D,G,D,5110,100,5110,1,0
D,H,D,1369,100,1369,1,0
A,E,E,1378,100,1378,1,0
B,E,E,5111,100,5111,1,0
C,E,E,7154,100,7154,1,0
D,E,E,5197,100,5197,1,0
E,F,E,4987,100,4987,1,0
E,G,E,7089,100,7089,1,0
E,H,E,4986,100,4986,1,0
A,F,F,5160,100,5160,1,0
B,F,F,1391,100,1391,1,0
C,F,F,5159,100,5159,1,0
D,F,F,7163,100,7163,1,0
E,F,F,4964,100,4964,1,0
F,G,F,4956,100,4956,1,0
F,H,F,7024,100,7024,1,0
A,G,G,7154,100,7154,1,0
B,G,G,5192,100,5192,1,0
C,G,G,1392,100,1392,1,0
D,G,G,5130,100,5130,1,0
E,G,G,7073,100,7073,1,0
F,G,G,4966,100,4966,1,0
G,H,G,4983,100,4983,1,0
A,H,H,5119,100,5119,1,0
B,H,H,7137,100,7137,1,0
C,H,H,5112,100,5112,1,0
D,H,H,1449,100,1449,1,0
E,H,H,4950,100,4950,1,0
F,H,H,6995,100,6995,1,0
G,H,H,4938,100,4938,1,0
A,B,A,4924,100,4924,1,0
A,C,A,6983,100,6983,1,0
A,D,A,4941,100,4941,1,0
A,E,A,1375,100,1375,1,0
A,F,A,5162,100,5162,1,0
A,G,A,7197,100,7197,1,0
A,H,A,5200,100,5200,1,0
A,B,B,4928,100,4928,1,0
B,C,B,4956,100,4956,1,0
B,D,B,7037,100,7037,1,0
B,E,B,5164,100,5164,1,0
B,F,B,1412,100,1412,1,0
B,G,B,5197,100,5197,1,0
B,H,B,7180,100,7180,1,0
A,C,C,7027,100,7027,1,0
B,C,C,4986,100,4986,1,0
C,D,C,4969,100,4969,1,0
C,E,C,7186,100,7186,1,0
C,F,C,5165,100,5165,1,0
C,G,C,1391,100,1391,1,0
C,H,C,5131,100,5131,1,0
A,D,D,4939,100,4939,1,0
B,D,D,7000,100,7000,1,0
C,D,D,4944,100,4944,1,0
D,E,D,5156,100,5156,1,0
D,F,D,7114,100,7114,1,0
D,G,D,5116,100,5116,1,0
D,H,D,1391,100,1391,1,0
A,E,E,1439,100,1439,1,0
B,E,E,5185,100,5185,1,0
C,E,E,7155,100,7155,1,0
D,E,E,5134,100,5134,1,0
E,F,E,4975,100,4975,1,0
E,G,E,7017,100,7017,1,0
E,H,E,4947,100,4947,1,0
A,F,F,5187,100,5187,1,0
B,F,F,1415,100,1415,1,0
C,F,F,5143,100,5143,1,0
D,F,F,7119,100,7119,1,0
E,F,F,4983,100,4983,1,0
F,G,F,4963,100,4963,1,0
F,H,F,6981,100,6981,1,0
A,G,G,7153,100,7153,1,0
B,G,G,5197,100,5197,1,0
C,G,G,1404,100,1404,1,0
D,G,G,5146,100,5146,1,0
E,G,G,7054,100,7054,1,0
F,G,G,4973,100,4973,1,0
G,H,G,4944,100,4944,1,0
A,H,H,5180,100,5180,1,0
B,H,H,7173,100,7173,1,0
C,H,H,5146,100,5146,1,0
D,H,H,1415,100,1415,1,0
E,H,H,4992,100,4992,1,0
F,H,H,7023,100,7023,1,0
G,H,H,4957,100,4957,1,0
A,B,A,4958,100,4958,1,0
A,C,A,7018,100,7018,1,0
A,D,A,4969,100,4969,1,0
A,E,A,1399,100,1399,1,0
A,F,A,5201,100,5201,1,0
A,G,A,7161,100,7161,1,0
A,H,A,5139,100,5139,1,0
A,B,B,4974,100,4974,1,0
B,C,B,4998,100,4998,1,0
B,D,B,7037,100,7037,1,0
B,E,B,5195,100,5195,1,0
B,F,B,1419,100,1419,1,0
B,G,B,5183,100,5183,1,0
B,H,B,7135,100,7135,1,0
A,C,C,7020,100,7020,1,0
B,C,C,4982,100,4982,1,0
C,D,C,4926,100,4926,1,0
C,E,C,7143,100,7143,1,0
C,F,C,5159,100,5159,1,0
C,G,C,1351,100,1351,1,0
C,H,C,5173,100,5173,1,0
A,D,D,4940,100,4940,1,0
B,D,D,6989,100,6989,1,0
C,D,D,4949,100,4949,1,0
D,E,D,5148,100,5148,1,0
D,F,D,7137,100,7137,1,0
D,G,D,5128,100,5128,1,0
D,H,D,1395,100,1395,1,0
A,E,E,1399,100,1399,1,0
B,E,E,5159,100,5159,1,0
C,E,E,7187,100,7187,1,0
D,E,E,5145,100,5145,1,0
E,F,E,4973,100,4973,1,0
E,G,E,7074,100,7074,1,0
E,H,E,5016,100,5016,1,0
A,F,F,5186,100,5186,1,0
B,F,F,1420,100,1420,1,0
C,F,F,5165,100,5165,1,0
D,F,F,7148,100,7148,1,0
E,F,F,4958,100,4958,1,0
F,G,F,4989,100,4989,1,0
F,H,F,6959,100,6959,1,0
A,G,G,7176,100,7176,1,0
B,G,G,5201,100,5201,1,0
C,G,G,1405,100,1405,1,0
D,G,G,5131,100,5131,1,0
E,G,G,7040,100,7040,1,0
F,G,G,4988,100,4988,1,0
G,H,G,4926,100,4926,1,0
A,H,H,5131,100,5131,1,0
B,H,H,7085,100,7085,1,0
C,H,H,5129,100,5129,1,0
D,H,H,1445,100,1445,1,0
E,H,H,4982,100,4982,1,0
F,H,H,6986,100,6986,1,0
G,H,H,4942,100,4942,1,0
A,B,A,4964,100,4964,1,0
A,C,A,7029,100,7029,1,0
A,D,A,4931,100,4931,1,0
A,E,A,1437,100,1437,1,0
A,F,A,5167,100,5167,1,0
A,G,A,7224,100,7224,1,0
A,H,A,5110,100,5110,1,0
A,B,B,4959,100,4959,1,0
B,C,B,5016,100,5016,1,0
B,D,B,6974,100,6974,1,0
B,E,B,5122,100,5122,1,0
B,F,B,1404,100,1404,1,0
B,G,B,5169,100,5169,1,0
B,H,B,7126,100,7126,1,0
A,C,C,7032,100,7032,1,0
B,C,C,4970,100,4970,1,0
C,D,C,4924,100,4924,1,0
C,E,C,7172,100,7172,1,0
C,F,C,5140,100,5140,1,0
C,G,C,1419,100,1419,1,0
C,H,C,5183,100,5183,1,0
A,D,D,4968,100,4968,1,0
B,D,D,7012,100,7012,1,0
C,D,D,4961,100,4961,1,0
D,E,D,5168,100,5168,1,0
D,F,D,7125,100,7125,1,0
D,G,D,5118,100,5118,1,0
D,H,D,1383,100,1383,1,0
A,E,E,1399,100,1399,1,0
B,E,E,5175,100,5175,1,0
C,E,E,7233,100,7233,1,0
D,E,E,5124,100,5124,1,0
E,F,E,4982,100,4982,1,0
E,G,E,7064,100,7064,1,0
E,H,E,4998,100,4998,1,0
A,F,F,5157,100,5157,1,0
B,F,F,1347,100,1347,1,0
C,F,F,5163,100,5163,1,0
D,F,F,7118,100,7118,1,0
E,F,F,4975,100,4975,1,0
F,G,F,4985,100,4985,1,0
F,H,F,6977,100,6977,1,0
A,G,G,7191,100,7191,1,0
B,G,G,5199,100,5199,1,0
C,G,G,1345,100,1345,1,0
D,G,G,5161,100,5161,1,0
E,G,G,7081,100,7081,1,0
F,G,G,4960,100,4960,1,0
G,H,G,4927,100,4927,1,0
A,H,H,5142,100,5142,1,0
B,H,H,7133,100,7133,1,0
C,H,H,5104,100,5104,1,0
D,H,H,1428,100,1428,1,0
E,H,H,4999,100,4999,1,0
F,H,H,7032,100,7032,1,0
G,H,H,4981,100,4981,1,0
A,B,A,4957,100,4957,1,0
A,C,A,7089,100,7089,1,0
A,D,A,4959,100,4959,1,0
A,E,A,1440,100,1440,1,0
A,F,A,5175,100,5175,1,0
A,G,A,7176,100,7176,1,0
A,H,A,5155,100,5155,1,0
A,B,B,4923,100,4923,1,0
B,C,B,4962,100,4962,1,0
B,D,B,6989,100,6989,1,0
B,E,B,5119,100,5119,1,0
B,F,B,1408,100,1408,1,0
B,G,B,5163,100,5163,1,0
B,H,B,7162,100,7162,1,0
A,C,C,7051,100,7051,1,0
B,C,C,4954,100,4954,1,0
C,D,C,4933,100,4933,1,0
C,E,C,7157,100,7157,1,0
C,F,C,5167,100,5167,1,0
C,G,C,1390,100,1390,1,0
C,H,C,5145,100,5145,1,0
A,D,D,4949,100,4949,1,0
B,D,D,7006,100,7006,1,0
C,D,D,4982,100,4982,1,0
D,E,D,5155,100,5155,1,0
D,F,D,7121,100,7121,1,0
D,G,D,5147,100,5147,1,0
D,H,D,1404,100,1404,1,0
A,E,E,1396,100,1396,1,0
B,E,E,5117,100,5117,1,0
C,E,E,7197,100,7197,1,0
D,E,E,5163,100,5163,1,0
E,F,E,4996,100,4996,1,0
E,G,E,7071,100,7071,1,0
E,H,E,4960,100,4960,1,0
A,F,F,5168,100,5168,1,0
B,F,F,1367,100,1367,1,0
C,F,F,5154,100,5154,1,0
D,F,F,7138,100,7138,1,0
E,F,F,4974,100,4974,1,0
F,G,F,5000,100,5000,1,0
F,H,F,7007,100,7007,1,0
A,G,G,7185,100,7185,1,0
B,G,G,5180,100,5180,1,0
C,G,G,1430,100,1430,1,0
D,G,G,5137,100,5137,1,0
E,G,G,7044,100,7044,1,0
F,G,G,5000,100,5000,1,0
G,H,G,4965,100,4965,1,0
A,H,H,5166,100,5166,1,0
B,H,H,7151,100,7151,1,0
C,H,H,5162,100,5162,1,0
D,H,H,1412,100,1412,1,0
E,H,H,4993,100,4993,1,0
F,H,H,6948,100,6948,1,0
G,H,H,4937,100,4937,1,0
A,B,A,4968,100,4968,1,0
A,C,A,7019,100,7019,1,0
A,D,A,4945,100,4945,1,0
A,E,A,1369,100,1369,1,0
A,F,A,5180,100,5180,1,0
A,G,A,7204,100,7204,1,0
A,H,A,5117,100,5117,1,0
A,B,B,4978,100,4978,1,0
B,C,B,4987,100,4987,1,0
B,D,B,6972,100,6972,1,0
B,E,B,5119,100,5119,1,0
B,F,B,1420,100,1420,1,0
B,G,B,5178,100,5178,1,0
B,H,B,7090,100,7090,1,0
A,C,C,7012,100,7012,1,0
B,C,C,4981,100,4981,1,0
C,D,C,4962,100,4962,1,0
C,E,C,7188,100,7188,1,0
C,F,C,5151,100,5151,1,0
C,G,C,1373,100,1373,1,0
C,H,C,5139,100,5139,1,0
A,D,D,4932,100,4932,1,0
B,D,D,6981,100,6981,1,0
C,D,D,4932,100,4932,1,0
D,E,D,5119,100,5119,1,0
D,F,D,7164,100,7164,1,0
D,G,D,5126,100,5126,1,0
D,H,D,1407,100,1407,1,0
A,E,E,1539,100,1539,1,0
B,E,E,5109,100,5109,1,0
C,E,E,7141,100,7141,1,0
D,E,E,5181,100,5181,1,0
E,F,E,4923,100,4923,1,0
E,G,E,7082,100,7082,1,0
E,H,E,5047,100,5047,1,0
A,F,F,5181,100,5181,1,0
B,F,F,1353,100,1353,1,0
C,F,F,5150,100,5150,1,0
D,F,F,7137,100,7137,1,0
E,F,F,4961,100,4961,1,0
F,G,F,4979,100,4979,1,0
F,H,F,6992,100,6992,1,0
A,G,G,7128,100,7128,1,0
B,G,G,5190,100,5190,1,0
C,G,G,1386,100,1386,1,0
D,G,G,5121,100,5121,1,0
E,G,G,7033,100,7033,1,0
F,G,G,4969,100,4969,1,0
G,H,G,4934,100,4934,1,0
A,H,H,5157,100,5157,1,0
B,H,H,7163,100,7163,1,0
C,H,H,5163,100,5163,1,0
D,H,H,1425,100,1425,1,0
E,H,H,4991,100,4991,1,0
F,H,H,7000,100,7000,1,0
G,H,H,4981,100,4981,1,0
A,B,A,4923,100,4923,1,0
A,C,A,7046,100,7046,1,0
A,D,A,4957,100,4957,1,0
A,E,A,1374,100,1374,1,0
A,F,A,5170,100,5170,1,0
A,G,A,7140,100,7140,1,0
A,H,A,5186,100,5186,1,0
A,B,B,4930,100,4930,1,0
B,C,B,4962,100,4962,1,0
B,D,B,7031,100,7031,1,0
B,E,B,5124,100,5124,1,0
B,F,B,1424,100,1424,1,0
B,G,B,5182,100,5182,1,0
B,H,B,7109,100,7109,1,0
A,C,C,6995,100,6995,1,0
B,C,C,4993,100,4993,1,0
C,D,C,4954,100,4954,1,0
C,E,C,7126,100,7126,1,0
C,F,C,5189,100,5189,1,0
C,G,C,1378,100,1378,1,0
C,H,C,5127,100,5127,1,0
A,D,D,4959,100,4959,1,0
B,D,D,7005,100,7005,1,0
C,D,D,4943,100,4943,1,0
D,E,D,5189,100,5189,1,0
D,F,D,7109,100,7109,1,0
D,G,D,5154,100,5154,1,0
D,H,D,1397,100,1397,1,0
A,E,E,1376,100,1376,1,0
B,E,E,5174,100,5174,1,0
C,E,E,7192,100,7192,1,0
D,E,E,5177,100,5177,1,0
E,F,E,4964,100,4964,1,0
E,G,E,7069,100,7069,1,0
E,H,E,4970,100,4970,1,0
A,F,F,5207,100,5207,1,0
B,F,F,1418,100,1418,1,0
C,F,F,5165,100,5165,1,0
D,F,F,7124,100,7124,1,0
E,F,F,4956,100,4956,1,0
F,G,F,5002,100,5002,1,0
F,H,F,7020,100,7020,1,0
A,G,G,7145,100,7145,1,0
B,G,G,5183,100,5183,1,0
C,G,G,1353,100,1353,1,0
D,G,G,5130,100,5130,1,0
E,G,G,7042,100,7042,1,0
F,G,G,4969,100,4969,1,0
G,H,G,4947,100,4947,1,0
A,H,H,5158,100,5158,1,0
B,H,H,7180,100,7180,1,0
C,H,H,5175,100,5175,1,0
D,H,H,1424,100,1424,1,0
E,H,H,4977,100,4977,1,0
F,H,H,7012,100,7012,1,0
G,H,H,4944,100,4944,1,0
A,B,A,4947,100,4947,1,0
A,C,A,7023,100,7023,1,0
A,D,A,4954,100,4954,1,0
A,E,A,1450,100,1450,1,0
A,F,A,5180,100,5180,1,0
A,G,A,7107,100,7107,1,0
A,H,A,5137,100,5137,1,0
A,B,B,4946,100,4946,1,0
B,C,B,4976,100,4976,1,0
B,D,B,6995,100,6995,1,0
B,E,B,5150,100,5150,1,0
B,F,B,1403,100,1403,1,0
B,G,B,5207,100,5207,1,0
B,H,B,7128,100,7128,1,0
A,C,C,7002,100,7002,1,0
B,C,C,5001,100,5001,1,0
C,D,C,4980,100,4980,1,0
C,E,C,7212,100,7212,1,0
C,F,C,5156,100,5156,1,0
C,G,C,1375,100,1375,1,0
C,H,C,5143,100,5143,1,0
A,D,D,4964,100,4964,1,0
B,D,D,7004,100,7004,1,0
C,D,D,4955,100,4955,1,0
D,E,D,5233,100,5233,1,0
D,F,D,7175,100,7175,1,0
D,G,D,5167,100,5167,1,0
D,H,D,1377,100,1377,1,0
A,E,E,1365,100,1365,1,0
B,E,E,5165,100,5165,1,0
C,E,E,7209,100,7209,1,0
D,E,E,5191,100,5191,1,0
E,F,E,4983,100,4983,1,0
E,G,E,7058,100,7058,1,0
E,H,E,4991,100,4991,1,0
A,F,F,5181,100,5181,1,0
B,F,F,1399,100,1399,1,0
C,F,F,5143,100,5143,1,0
D,F,F,7170,100,7170,1,0
E,F,F,4995,100,4995,1,0
F,G,F,4997,100,4997,1,0
F,H,F,7027,100,7027,1,0
A,G,G,7173,100,7173,1,0
B,G,G,5209,100,5209,1,0
C,G,G,1374,100,1374,1,0
D,G,G,5139,100,5139,1,0
E,G,G,7043,100,7043,1,0
F,G,G,4953,100,4953,1,0
G,H,G,4928,100,4928,1,0
A,H,H,5167,100,5167,1,0
B,H,H,7083,100,7083,1,0
C,H,H,5165,100,5165,1,0
D,H,H,1412,100,1412,1,0
E,H,H,4990,100,4990,1,0
F,H,H,7025,100,7025,1,0
G,H,H,4939,100,4939,1,0
A,B,A,4999,100,4999,1,0
A,C,A,6989,100,6989,1,0
A,D,A,4950,100,4950,1,0
A,E,A,1415,100,1415,1,0
A,F,A,5106,100,5106,1,0
A,G,A,7204,100,7204,1,0
A,H,A,5101,100,5101,1,0
A,B,B,4962,100,4962,1,0
B,C,B,5004,100,5004,1,0
B,D,B,7016,100,7016,1,0
B,E,B,5169,100,5169,1,0
B,F,B,1404,100,1404,1,0
B,G,B,5180,100,5180,1,0
B,H,B,7139,100,7139,1,0
A,C,C,7027,100,7027,1,0
B,C,C,4997,100,4997,1,0
C,D,C,4971,100,4971,1,0
C,E,C,7202,100,7202,1,0
C,F,C,5179,100,5179,1,0
C,G,C,1432,100,1432,1,0
C,H,C,5122,100,5122,1,0
A,D,D,4940,100,4940,1,0
B,D,D,7010,100,7010,1,0
C,D,D,4960,100,4960,1,0
D,E,D,5116,100,5116,1,0
D,F,D,7164,100,7164,1,0
D,G,D,5110,100,5110,1,0
D,H,D,1379,100,1379,1,0
A,E,E,1406,100,1406,1,0
B,E,E,5116,100,5116,1,0
C,E,E,7221,100,7221,1,0
D,E,E,5151,100,5151,1,0
E,F,E,4990,100,4990,1,0
E,G,E,7059,100,7059,1,0
E,H,E,5011,100,5011,1,0
A,F,F,5153,100,5153,1,0
B,F,F,1393,100,1393,1,0
C,F,F,5128,100,5128,1,0
D,F,F,7124,100,7124,1,0
E,F,F,4973,100,4973,1,0
F,G,F,4978,100,4978,1,0
F,H,F,6976,100,6976,1,0
A,G,G,7178,100,7178,1,0
B,G,G,5189,100,5189,1,0
C,G,G,1404,100,1404,1,0
D,G,G,5174,100,5174,1,0
E,G,G,7061,100,7061,1,0
F,G,G,4993,100,4993,1,0
G,H,G,4959,100,4959,1,0
A,H,H,5115,100,5115,1,0
B,H,H,7155,100,7155,1,0
C,H,H,5185,100,5185,1,0
D,H,H,1361,100,1361,1,0
E,H,H,4953,100,4953,1,0
F,H,H,7013,100,7013,1,0
G,H,H,4962,100,4962,1,0
A,B,A,4953,100,4953,1,0
A,C,A,6999,100,6999,1,0
A,D,A,4920,100,4920,1,0
A,E,A,1429,100,1429,1,0
A,F,A,5214,100,5214,1,0
A,G,A,7157,100,7157,1,0
A,H,A,5159,100,5159,1,0
A,B,B,4932,100,4932,1,0
B,C,B,4962,100,4962,1,0
B,D,B,7054,100,7054,1,0
B,E,B,5173,100,5173,1,0
B,F,B,1432,100,1432,1,0
B,G,B,5156,100,5156,1,0
B,H,B,7148,100,7148,1,0
A,C,C,6987,100,6987,1,0
B,C,C,5017,100,5017,1,0
C,D,C,4968,100,4968,1,0
C,E,C,7166,100,7166,1,0
C,F,C,5171,100,5171,1,0
C,G,C,1386,100,1386,1,0
C,H,C,5152,100,5152,1,0
A,D,D,4928,100,4928,1,0
B,D,D,6988,100,6988,1,0
C,D,D,4939,100,4939,1,0
D,E,D,5127,100,5127,1,0
D,F,D,7115,100,7115,1,0
D,G,D,5142,100,5142,1,0
D,H,D,1426,100,1426,1,0
A,E,E,1397,100,1397,1,0
B,E,E,5097,100,5097,1,0
C,E,E,7231,100,7231,1,0
D,E,E,5178,100,5178,1,0
E,F,E,5017,100,5017,1,0
E,G,E,7093,100,7093,1,0
E,H,E,4997,100,4997,1,0
A,F,F,5182,100,5182,1,0
B,F,F,1377,100,1377,1,0
C,F,F,5140,100,5140,1,0
D,F,F,7135,100,7135,1,0
E,F,F,4982,100,4982,1,0
F,G,F,4984,100,4984,1,0
F,H,F,6997,100,6997,1,0
A,G,G,7164,100,7164,1,0
B,G,G,5149,100,5149,1,0
C,G,G,1379,100,1379,1,0
D,G,G,5129,100,5129,1,0
E,G,G,7066,100,7066,1,0
F,G,G,4974,100,4974,1,0
G,H,G,4939,100,4939,1,0
A,H,H,5102,100,5102,1,0
B,H,H,7170,100,7170,1,0
C,H,H,5159,100,5159,1,0
D,H,H,1433,100,1433,1,0
E,H,H,4983,100,4983,1,0
F,H,H,7015,100,7015,1,0
G,H,H,4918,100,4918,1,0
A,B,A,4964,100,4964,1,0
A,C,A,7061,100,7061,1,0
A,D,A,4946,100,4946,1,0
A,E,A,1388,100,1388,1,0
A,F,A,5173,100,5173,1,0
A,G,A,7180,100,7180,1,0
A,H,A,5164,100,5164,1,0
A,B,B,4953,100,4953,1,0
B,C,B,4995,100,4995,1,0
B,D,B,6941,100,6941,1,0
B,E,B,5153,100,5153,1,0
B,F,B,1394,100,1394,1,0
B,G,B,5168,100,5168,1,0
B,H,B,7160,100,7160,1,0
A,C,C,7054,100,7054,1,0
B,C,C,4961,100,4961,1,0
C,D,C,4949,100,4949,1,0
C,E,C,7208,100,7208,1,0
C,F,C,5172,100,5172,1,0
C,G,C,1409,100,1409,1,0
C,H,C,5144,100,5144,1,0
A,D,D,4934,100,4934,1,0
B,D,D,7058,100,7058,1,0
C,D,D,4952,100,4952,1,0
D,E,D,5200,100,5200,1,0
D,F,D,7157,100,7157,1,0
D,G,D,5175,100,5175,1,0
D,H,D,1432,100,1432,1,0
A,E,E,1378,100,1378,1,0
B,E,E,5148,100,5148,1,0
C,E,E,7175,100,7175,1,0
D,E,E,5210,100,5210,1,0
E,F,E,4979,100,4979,1,0
E,G,E,7046,100,7046,1,0
E,H,E,4933,100,4933,1,0
A,F,F,5157,100,5157,1,0
B,F,F,1390,100,1390,1,0
C,F,F,5138,100,5138,1,0
D,F,F,7168,100,7168,1,0
E,F,F,4995,100,4995,1,0
F,G,F,4952,100,4952,1,0
F,H,F,7005,100,7005,1,0
A,G,G,7156,100,7156,1,0
B,G,G,5222,100,5222,1,0
C,G,G,1396,100,1396,1,0
D,G,G,5126,100,5126,1,0
E,G,G,7037,100,7037,1,0
F,G,G,4994,100,4994,1,0
G,H,G,4976,100,4976,1,0
A,H,H,5164,100,5164,1,0
B,H,H,7101,100,7101,1,0
C,H,H,5163,100,5163,1,0
D,H,H,1367,100,1367,1,0
E,H,H,4990,100,4990,1,0
F,H,H,6987,100,6987,1,0
G,H,H,4948,100,4948,1,0
A,B,A,4964,100,4964,1,0
A,C,A,7022,100,7022,1,0
A,D,A,4944,100,4944,1,0
A,E,A,1411,100,1411,1,0
A,F,A,5213,100,5213,1,0
A,G,A,7158,100,7158,1,0
A,H,A,5131,100,5131,1,0
A,B,B,4956,100,4956,1,0
B,C,B,4993,100,4993,1,0
B,D,B,7006,100,7006,1,0
B,E,B,5166,100,5166,1,0
B,F,B,1390,100,1390,1,0
B,G,B,5165,100,5165,1,0
B,H,B,7135,100,7135,1,0
A,C,C,7023,100,7023,1,0
B,C,C,5006,100,5006,1,0
C,D,C,4931,100,4931,1,0
C,E,C,7183,100,7183,1,0
C,F,C,5171,100,5171,1,0
C,G,C,1440,100,1440,1,0
C,H,C,5153,100,5153,1,0
A,D,D,4940,100,4940,1,0
B,D,D,7035,100,7035,1,0
C,D,D,4943,100,4943,1,0
D,E,D,5196,100,5196,1,0
D,F,D,7135,100,7135,1,0
D,G,D,5119,100,5119,1,0
D,H,D,1452,100,1452,1,0
A,E,E,1373,100,1373,1,0
B,E,E,5146,100,5146,1,0
C,E,E,7160,100,7160,1,0
D,E,E,5164,100,5164,1,0
E,F,E,4955,100,4955,1,0
E,G,E,7060,100,7060,1,0
E,H,E,4963,100,4963,1,0
A,F,F,5140,100,5140,1,0
B,F,F,1408,100,1408,1,0
C,F,F,5142,100,5142,1,0
D,F,F,7172,100,7172,1,0
E,F,F,4967,100,4967,1,0
F,G,F,4957,100,4957,1,0
F,H,F,7049,100,7049,1,0
A,G,G,7194,100,7194,1,0
B,G,G,5185,100,5185,1,0
C,G,G,1434,100,1434,1,0
D,G,G,5123,100,5123,1,0
E,G,G,7072,100,7072,1,0
F,G,G,4969,100,4969,1,0
G,H,G,4965,100,4965,1,0
A,H,H,5177,100,5177,1,0
B,H,H,7123,100,7123,1,0
C,H,H,5156,100,5156,1,0
D,H,H,1361,100,1361,1,0
E,H,H,4953,100,4953,1,0
F,H,H,6996,100,6996,1,0
G,H,H,4945,100,4945,1,0
A,B,A,4988,100,4988,1,0
A,C,A,7025,100,7025,1,0
A,D,A,4946,100,4946,1,0
A,E,A,1399,100,1399,1,0
A,F,A,5180,100,5180,1,0
A,G,A,7180,100,7180,1,0
A,H,A,5126,100,5126,1,0
A,B,B,4959,100,4959,1,0
B,C,B,4955,100,4955,1,0
B,D,B,7024,100,7024,1,0
B,E,B,5191,100,5191,1,0
B,F,B,1409,100,1409,1,0
B,G,B,5198,100,5198,1,0
B,H,B,7135,100,7135,1,0
A,C,C,7002,100,7002,1,0
B,C,C,4989,100,4989,1,0
C,D,C,4949,100,4949,1,0
C,E,C,7159,100,7159,1,0
C,F,C,5166,100,5166,1,0
C,G,C,1389,100,1389,1,0
C,H,C,5125,100,5125,1,0
A,D,D,4963,100,4963,1,0
B,D,D,7046,100,7046,1,0
C,D,D,4964,100,4964,1,0
D,E,D,5160,100,5160,1,0
D,F,D,7139,100,7139,1,0
D,G,D,5146,100,5146,1,0
D,H,D,1438,100,1438,1,0
A,E,E,1483,100,1483,1,0
B,E,E,5176,100,5176,1,0
C,E,E,7160,100,7160,1,0
D,E,E,5168,100,5168,1,0
E,F,E,4965,100,4965,1,0
E,G,E,7043,100,7043,1,0
E,H,E,5007,100,5007,1,0
A,F,F,5180,100,5180,1,0
B,F,F,1412,100,1412,1,0
C,F,F,5141,100,5141,1,0
D,F,F,7147,100,7147,1,0
E,F,F,4969,100,4969,1,0
F,G,F,4974,100,4974,1,0
F,H,F,6973,100,6973,1,0
A,G,G,7093,100,7093,1,0
B,G,G,5199,100,5199,1,0
C,G,G,1406,100,1406,1,0
D,G,G,5164,100,5164,1,0
E,G,G,7063,100,7063,1,0
F,G,G,4957,100,4957,1,0
G,H,G,4934,100,4934,1,0
A,H,H,5179,100,5179,1,0
B,H,H,7160,100,7160,1,0
C,H,H,5165,100,5165,1,0
D,H,H,1374,100,1374,1,0
E,H,H,4994,100,4994,1,0
F,H,H,6990,100,6990,1,0
G,H,H,4945,100,4945,1,0
A,B,A,4967,100,4967,1,0
A,C,A,7007,100,7007,1,0
A,D,A,4923,100,4923,1,0
A,E,A,1379,100,1379,1,0
A,F,A,5155,100,5155,1,0
A,G,A,7212,100,7212,1,0
A,H,A,5119,100,5119,1,0
A,B,B,4974,100,4974,1,0
B,C,B,4981,100,4981,1,0
B,D,B,6997,100,6997,1,0
B,E,B,5138,100,5138,1,0
B,F,B,1382,100,1382,1,0
B,G,B,5152,100,5152,1,0
B,H,B,7159,100,7159,1,0
A,C,C,7005,100,7005,1,0
B,C,C,4939,100,4939,1,0
C,D,C,4971,100,4971,1,0
C,E,C,7192,100,7192,1,0
C,F,C,5164,100,5164,1,0
C,G,C,1410,100,1410,1,0
C,H,C,5122,100,5122,1,0
A,D,D,4954,100,4954,1,0
B,D,D,6958,100,6958,1,0
C,D,D,4920,100,4920,1,0
D,E,D,5174,100,5174,1,0
D,F,D,7181,100,7181,1,0
D,G,D,5130,100,5130,1,0
D,H,D,1392,100,1392,1,0
A,E,E,1437,100,1437,1,0
B,E,E,5118,100,5118,1,0
C,E,E,7166,100,7166,1,0
D,E,E,5181,100,5181,1,0
E,F,E,4982,100,4982,1,0
E,G,E,7043,100,7043,1,0
E,H,E,4963,100,4963,1,0
A,F,F,5164,100,5164,1,0
B,F,F,1370,100,1370,1,0
C,F,F,5177,100,5177,1,0
D,F,F,7114,100,7114,1,0
E,F,F,4975,100,4975,1,0
F,G,F,4957,100,4957,1,0
F,H,F,7013,100,7013,1,0
A,G,G,7198,100,7198,1,0
B,G,G,5176,100,5176,1,0
C,G,G,1348,100,1348,1,0
D,G,G,5139,100,5139,1,0
E,G,G,7027,100,7027,1,0
F,G,G,4978,100,4978,1,0
G,H,G,4947,100,4947,1,0
A,H,H,5184,100,5184,1,0
B,H,H,7142,100,7142,1,0
C,H,H,5144,100,5144,1,0
D,H,H,1502,100,1502,1,0
E,H,H,4975,100,4975,1,0
F,H,H,7013,100,7013,1,0
G,H,H,4939,100,4939,1,0
A,B,A,4986,100,4986,1,0
A,C,A,7051,100,7051,1,0
A,D,A,4933,100,4933,1,0
A,E,A,1420,100,1420,1,0
A,F,A,5188,100,5188,1,0
A,G,A,7160,100,7160,1,0
A,H,A,5166,100,5166,1,0
A,B,B,4968,100,4968,1,0
B,C,B,4946,100,4946,1,0
B,D,B,6998,100,6998,1,0
B,E,B,5167,100,5167,1,0
B,F,B,1405,100,1405,1,0
B,G,B,5177,100,5177,1,0
B,H,B,7130,100,7130,1,0
A,C,C,7044,100,7044,1,0
B,C,C,4982,100,4982,1,0
C,D,C,4922,100,4922,1,0
C,E,C,7197,100,7197,1,0
C,F,C,5167,100,5167,1,0
C,G,C,1381,100,1381,1,0
C,H,C,5150,100,5150,1,0
A,D,D,4984,100,4984,1,0
B,D,D,7022,100,7022,1,0
C,D,D,4933,100,4933,1,0
D,E,D,5125,100,5125,1,0
D,F,D,7128,100,7128,1,0
D,G,D,5145,100,5145,1,0
D,H,D,1404,100,1404,1,0
A,E,E,1384,100,1384,1,0
B,E,E,5118,100,5118,1,0
C,E,E,7138,100,7138,1,0
D,E,E,5164,100,5164,1,0
E,F,E,4996,100,4996,1,0
E,G,E,7044,100,7044,1,0
E,H,E,4951,100,4951,1,0
A,F,F,5239,100,5239,1,0
B,F,F,1366,100,1366,1,0
C,F,F,5182,100,5182,1,0
D,F,F,7098,100,7098,1,0
E,F,F,4994,100,4994,1,0
F,G,F,4963,100,4963,1,0
F,H,F,7033,100,7033,1,0
A,G,G,7189,100,7189,1,0
B,G,G,5206,100,5206,1,0
C,G,G,1374,100,1374,1,0
D,G,G,5130,100,5130,1,0
E,G,G,7039,100,7039,1,0
F,G,G,4971,100,4971,1,0
G,H,G,4948,100,4948,1,0
A,H,H,5183,100,5183,1,0
B,H,H,7099,100,7099,1,0
C,H,H,5196,100,5196,1,0
D,H,H,1405,100,1405,1,0
E,H,H,4991,100,4991,1,0
F,H,H,6999,100,6999,1,0
G,H,H,4963,100,4963,1,0
A,B,A,4982,100,4982,1,0
A,C,A,6983,100,6983,1,0
A,D,A,4940,100,4940,1,0
A,E,A,1452,100,1452,1,0
A,F,A,5193,100,5193,1,0
A,G,A,7182,100,7182,1,0
A,H,A,5118,100,5118,1,0
A,B,B,4956,100,4956,1,0
B,C,B,4997,100,4997,1,0
B,D,B,6959,100,6959,1,0
B,E,B,5150,100,5150,1,0
B,F,B,1402,100,1402,1,0
B,G,B,5153,100,5153,1,0
B,H,B,7106,100,7106,1,0
A,C,C,7014,100,7014,1,0
B,C,C,4972,100,4972,1,0
C,D,C,4976,100,4976,1,0
C,E,C,7158,100,7158,1,0
C,F,C,5138,100,5138,1,0
C,G,C,1408,100,1408,1,0
C,H,C,5136,100,5136,1,0
A,D,D,4965,100,4965,1,0
B,D,D,7021,100,7021,1,0
C,D,D,4940,100,4940,1,0
D,E,D,5166,100,5166,1,0
D,F,D,7122,100,7122,1,0
D,G,D,5131,100,5131,1,0
D,H,D,1437,100,1437,1,0
A,E,E,1409,100,1409,1,0
B,E,E,5136,100,5136,1,0
C,E,E,7212,100,7212,1,0
D,E,E,5141,100,5141,1,0
E,F,E,4982,100,4982,1,0
E,G,E,7075,100,7075,1,0
E,H,E,4992,100,4992,1,0
A,F,F,5164,100,5164,1,0
B,F,F,1432,100,1432,1,0
C,F,F,5141,100,5141,1,0
D,F,F,7133,100,7133,1,0
E,F,F,4927,100,4927,1,0
F,G,F,4985,100,4985,1,0
F,H,F,6978,100,6978,1,0
A,G,G,7160,100,7160,1,0
B,G,G,5195,100,5195,1,0
C,G,G,1451,100,1451,1,0
D,G,G,5146,100,5146,1,0
E,G,G,7024,100,7024,1,0
F,G,G,4955,100,4955,1,0
G,H,G,4962,100,4962,1,0
A,H,H,5181,100,5181,1,0
B,H,H,7198,100,7198,1,0
C,H,H,5141,100,5141,1,0
D,H,H,1401,100,1401,1,0
E,H,H,4981,100,4981,1,0
F,H,H,6948,100,6948,1,0
G,H,H,4941,100,4941,1,0
A,B,A,4963,100,4963,1,0
A,C,A,7002,100,7002,1,0
A,D,A,4957,100,4957,1,0
A,E,A,1403,100,1403,1,0
A,F,A,5189,100,5189,1,0
A,G,A,7199,100,7199,1,0
A,H,A,5164,100,5164,1,0
A,B,B,4978,100,4978,1,0
B,C,B,4952,100,4952,1,0
B,D,B,6968,100,6968,1,0
B,E,B,5152,100,5152,1,0
B,F,B,1385,100,1385,1,0
B,G,B,5171,100,5171,1,0
B,H,B,7172,100,7172,1,0
A,C,C,7008,100,7008,1,0
B,C,C,4989,100,4989,1,0
C,D,C,4924,100,4924,1,0
C,E,C,7194,100,7194,1,0
C,F,C,5144,100,5144,1,0
C,G,C,1407,100,1407,1,0
C,H,C,5166,100,5166,1,0
A,D,D,4961,100,4961,1,0
B,D,D,7000,100,7000,1,0
C,D,D,4936,100,4936,1,0
D,E,D,5210,100,5210,1,0
D,F,D,7121,100,7121,1,0
D,G,D,5116,100,5116,1,0
D,H,D,1438,100,1438,1,0
A,E,E,1414,100,1414,1,0
B,E,E,5191,100,5191,1,0
C,E,E,7185,100,7185,1,0
D,E,E,5168,100,5168,1,0
E,F,E,4964,100,4964,1,0
E,G,E,7036,100,7036,1,0
E,H,E,5002,100,5002,1,0
A,F,F,5157,100,5157,1,0
B,F,F,1358,100,1358,1,0
C,F,F,5152,100,5152,1,0
D,F,F,7177,100,7177,1,0
E,F,F,4958,100,4958,1,0
F,G,F,4966,100,4966,1,0
F,H,F,7013,100,7013,1,0
A,G,G,7179,100,7179,1,0
B,G,G,5177,100,5177,1,0
C,G,G,1371,100,1371,1,0
D,G,G,5127,100,5127,1,0
E,G,G,7083,100,7083,1,0
F,G,G,4966,100,4966,1,0
G,H,G,4955,100,4955,1,0
A,H,H,5110,100,5110,1,0
B,H,H,7143,100,7143,1,0
C,H,H,5126,100,5126,1,0
D,H,H,1449,100,1449,1,0
E,H,H,4972,100,4972,1,0
F,H,H,6982,100,6982,1,0
G,H,H,4949,100,4949,1,0
A,B,A,4990,100,4990,1,0
A,C,A,7016,100,7016,1,0
A,D,A,4913,100,4913,1,0
A,E,A,1408,100,1408,1,0
A,F,A,5157,100,5157,1,0
A,G,A,7170,100,7170,1,0
A,H,A,5164,100,5164,1,0
A,B,B,4937,100,4937,1,0
B,C,B,4996,100,4996,1,0
B,D,B,7021,100,7021,1,0
B,E,B,5130,100,5130,1,0
B,F,B,1400,100,1400,1,0
B,G,B,5184,100,5184,1,0
B,H,B,7108,100,7108,1,0
A,C,C,7008,100,7008,1,0
B,C,C,4987,100,4987,1,0
C,D,C,4944,100,4944,1,0
C,E,C,7230,100,7230,1,0
C,F,C,5152,100,5152,1,0
C,G,C,1373,100,1373,1,0
C,H,C,5152,100,5152,1,0
A,D,D,4965,100,4965,1,0
B,D,D,6956,100,6956,1,0
C,D,D,4937,100,4937,1,0
D,E,D,5199,100,5199,1,0
D,F,D,7188,100,7188,1,0
D,G,D,5153,100,5153,1,0
D,H,D,1397,100,1397,1,0
A,E,E,1407,100,1407,1,0
B,E,E,5134,100,5134,1,0
C,E,E,7134,100,7134,1,0
D,E,E,5101,100,5101,1,0
E,F,E,4956,100,4956,1,0
E,G,E,7031,100,7031,1,0
E,H,E,4941,100,4941,1,0
A,F,F,5175,100,5175,1,0
B,F,F,1399,100,1399,1,0
C,F,F,5156,100,5156,1,0
D,F,F,7145,100,7145,1,0
E,F,F,4977,100,4977,1,0
F,G,F,4986,100,4986,1,0
F,H,F,6967,100,6967,1,0
A,G,G,7166,100,7166,1,0
B,G,G,5174,100,5174,1,0
C,G,G,1425,100,1425,1,0
D,G,G,5121,100,5121,1,0
E,G,G,7035,100,7035,1,0
F,G,G,4949,100,4949,1,0
G,H,G,4953,100,4953,1,0
A,H,H,5103,100,5103,1,0
B,H,H,7139,100,7139,1,0
C,H,H,5140,100,5140,1,0
D,H,H,1413,100,1413,1,0
E,H,H,4956,100,4956,1,0
F,H,H,6986,100,6986,1,0
G,H,H,4925,100,4925,1,0
A,B,A,4932,100,4932,1,0
A,C,A,7019,100,7019,1,0
A,D,A,4943,100,4943,1,0
A,E,A,1413,100,1413,1,0
A,F,A,5170,100,5170,1,0
A,G,A,7162,100,7162,1,0
A,H,A,5152,100,5152,1,0
A,B,B,4916,100,4916,1,0
B,C,B,4997,100,4997,1,0
B,D,B,7025,100,7025,1,0
B,E,B,5154,100,5154,1,0
B,F,B,1393,100,1393,1,0
B,G,B,5192,100,5192,1,0
B,H,B,7155,100,7155,1,0
A,C,C,6985,100,6985,1,0
B,C,C,5012,100,5012,1,0
C,D,C,4962,100,4962,1,0
C,E,C,7170,100,7170,1,0
C,F,C,5112,100,5112,1,0
C,G,C,1442,100,1442,1,0
C,H,C,5193,100,5193,1,0
A,D,D,4961,100,4961,1,0
B,D,D,7038,100,7038,1,0
C,D,D,4920,100,4920,1,0
D,E,D,5177,100,5177,1,0
D,F,D,7155,100,7155,1,0
D,G,D,5133,100,5133,1,0
D,H,D,1429,100,1429,1,0
A,E,E,1396,100,1396,1,0
B,E,E,5155,100,5155,1,0
C,E,E,7165,100,7165,1,0
D,E,E,5175,100,5175,1,0
E,F,E,4982,100,4982,1,0
E,G,E,7056,100,7056,1,0
E,H,E,4987,100,4987,1,0
A,F,F,5202,100,5202,1,0
B,F,F,1381,100,1381,1,0
C,F,F,5140,100,5140,1,0
D,F,F,7145,100,7145,1,0
E,F,F,4964,100,4964,1,0
F,G,F,4953,100,4953,1,0
F,H,F,6972,100,6972,1,0
A,G,G,7144,100,7144,1,0
B,G,G,5167,100,5167,1,0
C,G,G,1378,100,1378,1,0
D,G,G,5134,100,5134,1,0
E,G,G,7042,100,7042,1,0
F,G,G,4974,100,4974,1,0
G,H,G,5010,100,5010,1,0
A,H,H,5099,100,5099,1,0
B,H,H,7152,100,7152,1,0
C,H,H,5152,100,5152,1,0
D,H,H,1386,100,1386,1,0
E,H,H,4972,100,4972,1,0
F,H,H,6989,100,6989,1,0
G,H,H,4962,100,4962,1,0
A,B,A,4958,100,4958,1,0
A,C,A,6992,100,6992,1,0
A,D,A,4935,100,4935,1,0
A,E,A,1390,100,1390,1,0
A,F,A,5197,100,5197,1,0
A,G,A,7129,100,7129,1,0
A,H,A,5180,100,5180,1,0
A,B,B,4958,100,4958,1,0
B,C,B,4967,100,4967,1,0
B,D,B,6980,100,6980,1,0
B,E,B,5121,100,5121,1,0
B,F,B,1399,100,1399,1,0
B,G,B,5194,100,5194,1,0
B,H,B,7202,100,7202,1,0
A,C,C,6995,100,6995,1,0
B,C,C,4968,100,4968,1,0
C,D,C,4937,100,4937,1,0
C,E,C,7156,100,7156,1,0
C,F,C,5163,100,5163,1,0
C,G,C,1395,100,1395,1,0
C,H,C,5148,100,5148,1,0
A,D,D,4962,100,4962,1,0
B,D,D,6961,100,6961,1,0
C,D,D,4935,100,4935,1,0
D,E,D,5204,100,5204,1,0
D,F,D,7139,100,7139,1,0
D,G,D,5158,100,5158,1,0
D,H,D,1462,100,1462,1,0
A,E,E,1368,100,1368,1,0
B,E,E,5150,100,5150,1,0
C,E,E,7171,100,7171,1,0
D,E,E,5186,100,5186,1,0
E,F,E,4968,100,4968,1,0
E,G,E,7046,100,7046,1,0
E,H,E,4973,100,4973,1,0
A,F,F,5147,100,5147,1,0
B,F,F,1394,100,1394,1,0
C,F,F,5129,100,5129,1,0
D,F,F,7144,100,7144,1,0
E,F,F,4968,100,4968,1,0
F,G,F,4967,100,4967,1,0
F,H,F,6997,100,6997,1,0
A,G,G,7190,100,7190,1,0
B,G,G,5177,100,5177,1,0
C,G,G,1375,100,1375,1,0
D,G,G,5125,100,5125,1,0
E,G,G,7054,100,7054,1,0
F,G,G,4957,100,4957,1,0
G,H,G,4936,100,4936,1,0
A,H,H,5211,100,5211,1,0
B,H,H,7188,100,7188,1,0
C,H,H,5112,100,5112,1,0
D,H,H,1436,100,1436,1,0
E,H,H,4975,100,4975,1,0
F,H,H,7000,100,7000,1,0
G,H,H,4963,100,4963,1,0
A,B,A,4962,100,4962,1,0
A,C,A,6991,100,6991,1,0
A,D,A,4952,100,4952,1,0
A,E,A,1393,100,1393,1,0
A,F,A,5170,100,5170,1,0
A,G,A,7160,100,7160,1,0
A,H,A,5180,100,5180,1,0
A,B,B,4959,100,4959,1,0
B,C,B,5010,100,5010,1,0
B,D,B,7039,100,7039,1,0
B,E,B,5158,100,5158,1,0
B,F,B,1374,100,1374,1,0
B,G,B,5191,100,5191,1,0
B,H,B,7140,100,7140,1,0
A,C,C,7029,100,7029,1,0
B,C,C,4966,100,4966,1,0
C,D,C,4980,100,4980,1,0
C,E,C,7160,100,7160,1,0
C,F,C,5170,100,5170,1,0
C,G,C,1381,100,1381,1,0
C,H,C,5180,100,5180,1,0
A,D,D,4931,100,4931,1,0
B,D,D,6952,100,6952,1,0
C,D,D,4938,100,4938,1,0
D,E,D,5157,100,5157,1,0
D,F,D,7115,100,7115,1,0
D,G,D,5157,100,5157,1,0
D,H,D,1399,100,1399,1,0
A,E,E,1392,100,1392,1,0
B,E,E,5177,100,5177,1,0
C,E,E,7153,100,7153,1,0
D,E,E,5237,100,5237,1,0
E,F,E,4935,100,4935,1,0
E,G,E,7038,100,7038,1,0
E,H,E,4986,100,4986,1,0
A,F,F,5159,100,5159,1,0
B,F,F,1407,100,1407,1,0
C,F,F,5162,100,5162,1,0
D,F,F,7141,100,7141,1,0
E,F,F,4971,100,4971,1,0
F,G,F,4980,100,4980,1,0
F,H,F,7022,100,7022,1,0
A,G,G,7202,100,7202,1,0
B,G,G,5224,100,5224,1,0
C,G,G,1419,100,1419,1,0
D,G,G,5160,100,5160,1,0
E,G,G,7042,100,7042,1,0
F,G,G,4955,100,4955,1,0
G,H,G,4925,100,4925,1,0
A,H,H,5139,100,5139,1,0
B,H,H,7159,100,7159,1,0
C,H,H,5122,100,5122,1,0
D,H,H,1415,100,1415,1,0
E,H,H,4994,100,4994,1,0
F,H,H,6978,100,6978,1,0
G,H,H,4962,100,4962,1,0
A,B,A,4978,100,4978,1,0
A,C,A,7049,100,7049,1,0
A,D,A,4973,100,4973,1,0
A,E,A,1424,100,1424,1,0
A,F,A,5151,100,5151,1,0
A,G,A,7152,100,7152,1,0
A,H,A,5137,100,5137,1,0
A,B,B,4955,100,4955,1,0
B,C,B,4950,100,4950,1,0
B,D,B,6986,100,6986,1,0
B,E,B,5148,100,5148,1,0
B,F,B,1383,100,1383,1,0
B,G,B,5200,100,5200,1,0
B,H,B,7106,100,7106,1,0
A,C,C,7013,100,7013,1,0
B,C,C,5005,100,5005,1,0
C,D,C,4916,100,4916,1,0
C,E,C,7185,100,7185,1,0
C,F,C,5133,100,5133,1,0
C,G,C,1370,100,1370,1,0
C,H,C,5120,100,5120,1,0
A,D,D,4954,100,4954,1,0
B,D,D,6994,100,6994,1,0
C,D,D,4920,100,4920,1,0
D,E,D,5229,100,5229,1,0
D,F,D,7171,100,7171,1,0
D,G,D,5131,100,5131,1,0
D,H,D,1417,100,1417,1,0
A,E,E,1402,100,1402,1,0
B,E,E,5158,100,5158,1,0
C,E,E,7165,100,7165,1,0
D,E,E,5144,100,5144,1,0
E,F,E,4967,100,4967,1,0
E,G,E,7052,100,7052,1,0
E,H,E,4938,100,4938,1,0
A,F,F,5175,100,5175,1,0
B,F,F,1385,100,1385,1,0
C,F,F,5143,100,5143,1,0
D,F,F,7165,100,7165,1,0
E,F,F,4967,100,4967,1,0
F,G,F,4983,100,4983,1,0
F,H,F,6963,100,6963,1,0
A,G,G,7199,100,7199,1,0
B,G,G,5176,100,5176,1,0
C,G,G,1388,100,1388,1,0
D,G,G,5141,100,5141,1,0
E,G,G,7048,100,7048,1,0
F,G,G,4973,100,4973,1,0
G,H,G,4967,100,4967,1,0
A,H,H,5131,100,5131,1,0
B,H,H,7112,100,7112,1,0
C,H,H,5151,100,5151,1,0
D,H,H,1425,100,1425,1,0
E,H,H,4977,100,4977,1,0
F,H,H,7041,100,7041,1,0
G,H,H,4979,100,4979,1,0
A,B,A,4966,100,4966,1,0
A,C,A,6996,100,6996,1,0
A,D,A,4957,100,4957,1,0
A,E,A,1391,100,1391,1,0
A,F,A,5180,100,5180,1,0
A,G,A,7153,100,7153,1,0
A,H,A,5134,100,5134,1,0
A,B,B,4930,100,4930,1,0
B,C,B,5005,100,5005,1,0
B,D,B,6985,100,6985,1,0
B,E,B,5138,100,5138,1,0
B,F,B,1403,100,1403,1,0
B,G,B,5172,100,5172,1,0
B,H,B,7123,100,7123,1,0
A,C,C,7095,100,7095,1,0
B,C,C,4959,100,4959,1,0
C,D,C,4996,100,4996,1,0
C,E,C,7147,100,7147,1,0
C,F,C,5148,100,5148,1,0
C,G,C,1382,100,1382,1,0
C,H,C,5141,100,5141,1,0
A,D,D,4938,100,4938,1,0
B,D,D,7026,100,7026,1,0
C,D,D,4941,100,4941,1,0
D,E,D,5114,100,5114,1,0
D,F,D,7120,100,7120,1,0
D,G,D,5148,100,5148,1,0
D,H,D,1432,100,1432,1,0
A,E,E,1407,100,1407,1,0
B,E,E,5150,100,5150,1,0
C,E,E,7132,100,7132,1,0
D,E,E,5114,100,5114,1,0
E,F,E,4993,100,4993,1,0
E,G,E,7038,100,7038,1,0
E,H,E,4968,100,4968,1,0
A,F,F,5148,100,5148,1,0
B,F,F,1403,100,1403,1,0
C,F,F,5142,100,5142,1,0
D,F,F,7180,100,7180,1,0
E,F,F,4965,100,4965,1,0
F,G,F,4985,100,4985,1,0
F,H,F,7009,100,7009,1,0
A,G,G,7185,100,7185,1,0
B,G,G,5184,100,5184,1,0
C,G,G,1397,100,1397,1,0
D,G,G,5117,100,5117,1,0
E,G,G,7068,100,7068,1,0
F,G,G,4966,100,4966,1,0
G,H,G,4987,100,4987,1,0
A,H,H,5163,100,5163,1,0
B,H,H,7137,100,7137,1,0
C,H,H,5145,100,5145,1,0
D,H,H,1354,100,1354,1,0
E,H,H,4975,100,4975,1,0
F,H,H,6965,100,6965,1,0
G,H,H,4972,100,4972,1,0
A,B,A,4950,100,4950,1,0
A,C,A,6982,100,6982,1,0
A,D,A,4940,100,4940,1,0
A,E,A,1449,100,1449,1,0
A,F,A,5216,100,5216,1,0
A,G,A,7164,100,7164,1,0
A,H,A,5169,100,5169,1,0
A,B,B,4962,100,4962,1,0
B,C,B,4977,100,4977,1,0
B,D,B,7033,100,7033,1,0
B,E,B,5165,100,5165,1,0
B,F,B,1363,100,1363,1,0
B,G,B,5175,100,5175,1,0
B,H,B,7174,100,7174,1,0
A,C,C,7001,100,7001,1,0
B,C,C,4978,100,4978,1,0
C,D,C,4941,100,4941,1,0
C,E,C,7198,100,7198,1,0
C,F,C,5182,100,5182,1,0
C,G,C,1423,100,1423,1,0
C,H,C,5126,100,5126,1,0
A,D,D,4965,100,4965,1,0
B,D,D,6961,100,6961,1,0
C,D,D,4919,100,4919,1,0
D,E,D,5140,100,5140,1,0
D,F,D,7129,100,7129,1,0
D,G,D,5143,100,5143,1,0
D,H,D,1404,100,1404,1,0
A,E,E,1359,100,1359,1,0
B,E,E,5144,100,5144,1,0
C,E,E,7179,100,7179,1,0
D,E,E,5152,100,5152,1,0
E,F,E,4999,100,4999,1,0
E,G,E,7064,100,7064,1,0
E,H,E,4994,100,4994,1,0
A,F,F,5156,100,5156,1,0
B,F,F,1414,100,1414,1,0
C,F,F,5153,100,5153,1,0
D,F,F,7128,100,7128,1,0
E,F,F,4974,100,4974,1,0
F,G,F,4984,100,4984,1,0
F,H,F,7004,100,7004,1,0
A,G,G,7204,100,7204,1,0
B,G,G,5147,100,5147,1,0
C,G,G,1431,100,1431,1,0
D,G,G,5137,100,5137,1,0
E,G,G,7032,100,7032,1,0
F,G,G,4975,100,4975,1,0
G,H,G,4933,100,4933,1,0
A,H,H,5142,100,5142,1,0
B,H,H,7178,100,7178,1,0
C,H,H,5131,100,5131,1,0
D,H,H,1413,100,1413,1,0
E,H,H,4963,100,4963,1,0
F,H,H,6979,100,6979,1,0
G,H,H,4982,100,4982,1,0
A,B,A,4916,100,4916,1,0
A,C,A,6994,100,6994,1,0
A,D,A,4962,100,4962,1,0
A,E,A,1440,100,1440,1,0
A,F,A,5164,100,5164,1,0
A,G,A,7179,100,7179,1,0
A,H,A,5145,100,5145,1,0
A,B,B,4944,100,4944,1,0
B,C,B,4957,100,4957,1,0
B,D,B,7030,100,7030,1,0
B,E,B,5137,100,5137,1,0
B,F,B,1407,100,1407,1,0
B,G,B,5179,100,5179,1,0
B,H,B,7153,100,7153,1,0
A,C,C,7015,100,7015,1,0
B,C,C,4976,100,4976,1,0
C,D,C,4941,100,4941,1,0
C,E,C,7164,100,7164,1,0
C,F,C,5151,100,5151,1,0
C,G,C,1378,100,1378,1,0
C,H,C,5173,100,5173,1,0
A,D,D,4951,100,4951,1,0
B,D,D,7009,100,7009,1,0
C,D,D,4942,100,4942,1,0
D,E,D,5200,100,5200,1,0
D,F,D,7154,100,7154,1,0
D,G,D,5163,100,5163,1,0
D,H,D,1446,100,1446,1,0
A,E,E,1482,100,1482,1,0
B,E,E,5123,100,5123,1,0
C,E,E,7190,100,7190,1,0
D,E,E,5146,100,5146,1,0
E,F,E,4971,100,4971,1,0
E,G,E,7059,100,7059,1,0
E,H,E,4969,100,4969,1,0
A,F,F,5171,100,5171,1,0
B,F,F,1401,100,1401,1,0
C,F,F,5174,100,5174,1,0
D,F,F,7096,100,7096,1,0
E,F,F,4989,100,4989,1,0
F,G,F,4945,100,4945,1,0
F,H,F,7035,100,7035,1,0
A,G,G,7174,100,7174,1,0
B,G,G,5178,100,5178,1,0
C,G,G,1375,100,1375,1,0
D,G,G,5126,100,5126,1,0
E,G,G,7063,100,7063,1,0
F,G,G,4973,100,4973,1,0
G,H,G,4965,100,4965,1,0
A,H,H,5149,100,5149,1,0
B,H,H,7138,100,7138,1,0
C,H,H,5175,100,5175,1,0
D,H,H,1405,100,1405,1,0
E,H,H,4982,100,4982,1,0
F,H,H,7055,100,7055,1,0
G,H,H,4970,100,4970,1,0
A,B,A,4974,100,4974,1,0
A,C,A,6975,100,6975,1,0
A,D,A,4944,100,4944,1,0
A,E,A,1397,100,1397,1,0
A,F,A,5208,100,5208,1,0
A,G,A,7132,100,7132,1,0
A,H,A,5139,100,5139,1,0
A,B,B,4978,100,4978,1,0
B,C,B,4982,100,4982,1,0
B,D,B,6997,100,6997,1,0
B,E,B,5139,100,5139,1,0
B,F,B,1406,100,1406,1,0
B,G,B,5181,100,5181,1,0
B,H,B,7140,100,7140,1,0
A,C,C,6976,100,6976,1,0
B,C,C,4944,100,4944,1,0
C,D,C,4986,100,4986,1,0
C,E,C,7162,100,7162,1,0
C,F,C,5147,100,5147,1,0
C,G,C,1388,100,1388,1,0
C,H,C,5155,100,5155,1,0
A,D,D,4940,100,4940,1,0
B,D,D,7002,100,7002,1,0
C,D,D,4931,100,4931,1,0
D,E,D,5091,100,5091,1,0
D,F,D,7146,100,7146,1,0
D,G,D,5163,100,5163,1,0
D,H,D,1412,100,1412,1,0
A,E,E,1407,100,1407,1,0
B,E,E,5133,100,5133,1,0
C,E,E,7184,100,7184,1,0
D,E,E,5083,100,5083,1,0
E,F,E,4953,100,4953,1,0
E,G,E,7046,100,7046,1,0
E,H,E,4957,100,4957,1,0
A,F,F,5185,100,5185,1,0
B,F,F,1381,100,1381,1,0
C,F,F,5152,100,5152,1,0
D,F,F,7138,100,7138,1,0
E,F,F,4961,100,4961,1,0
F,G,F,4974,100,4974,1,0
F,H,F,6964,100,6964,1,0
A,G,G,7157,100,7157,1,0
B,G,G,5190,100,5190,1,0
C,G,G,1384,100,1384,1,0
D,G,G,5141,100,5141,1,0
E,G,G,7016,100,7016,1,0
F,G,G,4961,100,4961,1,0
G,H,G,4958,100,4958,1,0
A,H,H,5135,100,5135,1,0
B,H,H,7150,100,7150,1,0
C,H,H,5167,100,5167,1,0
D,H,H,1401,100,1401,1,0
E,H,H,4962,100,4962,1,0
F,H,H,7007,100,7007,1,0
G,H,H,4939,100,4939,1,0
A,B,A,4950,100,4950,1,0
A,C,A,6987,100,6987,1,0
A,D,A,4951,100,4951,1,0
A,E,A,1416,100,1416,1,0
A,F,A,5180,100,5180,1,0
A,G,A,7165,100,7165,1,0
A,H,A,5135,100,5135,1,0
A,B,B,4948,100,4948,1,0
B,C,B,4969,100,4969,1,0
B,D,B,6969,100,6969,1,0
B,E,B,5179,100,5179,1,0
B,F,B,1351,100,1351,1,0
B,G,B,5167,100,5167,1,0
B,H,B,7131,100,7131,1,0
A,C,C,7015,100,7015,1,0
B,C,C,4956,100,4956,1,0
C,D,C,4942,100,4942,1,0
C,E,C,7164,100,7164,1,0
C,F,C,5156,100,5156,1,0
C,G,C,1385,100,1385,1,0
C,H,C,5132,100,5132,1,0
A,D,D,4934,100,4934,1,0
B,D,D,6978,100,6978,1,0
C,D,D,4938,100,4938,1,0
D,E,D,5213,100,5213,1,0
D,F,D,7153,100,7153,1,0
D,G,D,5127,100,5127,1,0
D,H,D,1394,100,1394,1,0
A,E,E,1380,100,1380,1,0
B,E,E,5128,100,5128,1,0
C,E,E,7158,100,7158,1,0
D,E,E,5127,100,5127,1,0
E,F,E,4930,100,4930,1,0
E,G,E,7040,100,7040,1,0
E,H,E,5009,100,5009,1,0
A,F,F,5190,100,5190,1,0
B,F,F,1408,100,1408,1,0
C,F,F,5168,100,5168,1,0
D,F,F,7118,100,7118,1,0
E,F,F,4966,100,4966,1,0
F,G,F,4956,100,4956,1,0
F,H,F,7001,100,7001,1,0
A,G,G,7151,100,7151,1,0
B,G,G,5226,100,5226,1,0
C,G,G,1412,100,1412,1,0
D,G,G,5122,100,5122,1,0
E,G,G,7022,100,7022,1,0
F,G,G,4974,100,4974,1,0
G,H,G,4966,100,4966,1,0
A,H,H,5131,100,5131,1,0
B,H,H,7146,100,7146,1,0
C,H,H,5199,100,5199,1,0
D,H,H,1463,100,1463,1,0
E,H,H,4976,100,4976,1,0
F,H,H,6984,100,6984,1,0
G,H,H,4980,100,4980,1,0
A,B,A,4924,100,4924,1,0
A,C,A,7047,100,7047,1,0
A,D,A,4935,100,4935,1,0
A,E,A,1362,100,1362,1,0
A,F,A,5172,100,5172,1,0
A,G,A,7155,100,7155,1,0
A,H,A,5158,100,5158,1,0
A,B,B,4973,100,4973,1,0
B,C,B,4990,100,4990,1,0
B,D,B,6982,100,6982,1,0
B,E,B,5137,100,5137,1,0
B,F,B,1403,100,1403,1,0
B,G,B,5169,100,5169,1,0
B,H,B,7172,100,7172,1,0
A,C,C,7039,100,7039,1,0
B,C,C,4965,100,4965,1,0
C,D,C,4955,100,4955,1,0
C,E,C,7140,100,7140,1,0
C,F,C,5130,100,5130,1,0
C,G,C,1409,100,1409,1,0
C,H,C,5108,100,5108,1,0
A,D,D,4946,100,4946,1,0
B,D,D,6974,100,6974,1,0
C,D,D,4960,100,4960,1,0
D,E,D,5196,100,5196,1,0
D,F,D,7133,100,7133,1,0
D,G,D,5148,100,5148,1,0
D,H,D,1401,100,1401,1,0
A,E,E,1436,100,1436,1,0
B,E,E,5150,100,5150,1,0
C,E,E,7177,100,7177,1,0
D,E,E,5204,100,5204,1,0
E,F,E,4947,100,4947,1,0
E,G,E,7045,100,7045,1,0
E,H,E,5001,100,5001,1,0
A,F,F,5163,100,5163,1,0
B,F,F,1396,100,1396,1,0
C,F,F,5160,100,5160,1,0
D,F,F,7096,100,7096,1,0
E,F,F,4996,100,4996,1,0
F,G,F,4985,100,4985,1,0
F,H,F,7059,100,7059,1,0
A,G,G,7156,100,7156,1,0
B,G,G,5186,100,5186,1,0
C,G,G,1447,100,1447,1,0
D,G,G,5188,100,5188,1,0
E,G,G,7046,100,7046,1,0
F,G,G,4963,100,4963,1,0
G,H,G,4945,100,4945,1,0
A,H,H,5172,100,5172,1,0
B,H,H,7166,100,7166,1,0
C,H,H,5144,100,5144,1,0
D,H,H,1428,100,1428,1,0
E,H,H,4986,100,4986,1,0
F,H,H,7005,100,7005,1,0
G,H,H,4977,100,4977,1,0
A,B,A,4980,100,4980,1,0
A,C,A,6983,100,6983,1,0
A,D,A,4950,100,4950,1,0
A,E,A,1371,100,1371,1,0
A,F,A,5198,100,5198,1,0
A,G,A,7131,100,7131,1,0
A,H,A,5164,100,5164,1,0
A,B,B,4988,100,4988,1,0
B,C,B,5009,100,5009,1,0
B,D,B,7027,100,7027,1,0
B,E,B,5142,100,5142,1,0
B,F,B,1412,100,1412,1,0
B,G,B,5236,100,5236,1,0
B,H,B,7164,100,7164,1,0
A,C,C,6959,100,6959,1,0
B,C,C,4980,100,4980,1,0
C,D,C,4985,100,4985,1,0
C,E,C,7137,100,7137,1,0
C,F,C,5151,100,5151,1,0
C,G,C,1440,100,1440,1,0
C,H,C,5142,100,5142,1,0
A,D,D,4946,100,4946,1,0
B,D,D,6983,100,6983,1,0
C,D,D,4961,100,4961,1,0
D,E,D,5197,100,5197,1,0
D,F,D,7118,100,7118,1,0
D,G,D,5161,100,5161,1,0
D,H,D,1405,100,1405,1,0
A,E,E,1399,100,1399,1,0
B,E,E,5151,100,5151,1,0
C,E,E,7179,100,7179,1,0
D,E,E,5085,100,5085,1,0
E,F,E,4944,100,4944,1,0
E,G,E,7039,100,7039,1,0
E,H,E,4969,100,4969,1,0
A,F,F,5206,100,5206,1,0
B,F,F,1394,100,1394,1,0
C,F,F,5149,100,5149,1,0
D,F,F,7148,100,7148,1,0
E,F,F,4949,100,4949,1,0
F,G,F,4966,100,4966,1,0
F,H,F,7013,100,7013,1,0
A,G,G,7185,100,7185,1,0
B,G,G,5197,100,5197,1,0
C,G,G,1364,100,1364,1,0
D,G,G,5165,100,5165,1,0
E,G,G,7057,100,7057,1,0
F,G,G,4985,100,4985,1,0
G,H,G,4910,100,4910,1,0
A,H,H,5165,100,5165,1,0
B,H,H,7090,100,7090,1,0
C,H,H,5119,100,5119,1,0
D,H,H,1502,100,1502,1,0
E,H,H,4961,100,4961,1,0
F,H,H,6972,100,6972,1,0
G,H,H,4970,100,4970,1,0
A,B,A,4956,100,4956,1,0
A,C,A,7010,100,7010,1,0
A,D,A,4936,100,4936,1,0
A,E,A,1427,100,1427,1,0
A,F,A,5211,100,5211,1,0
A,G,A,7180,100,7180,1,0
A,H,A,5165,100,5165,1,0
A,B,B,4961,100,4961,1,0
B,C,B,4984,100,4984,1,0
B,D,B,7028,100,7028,1,0
B,E,B,5134,100,5134,1,0
B,F,B,1388,100,1388,1,0
B,G,B,5207,100,5207,1,0
B,H,B,7122,100,7122,1,0
A,C,C,7009,100,7009,1,0
B,C,C,4994,100,4994,1,0
C,D,C,4920,100,4920,1,0
C,E,C,7167,100,7167,1,0
C,F,C,5165,100,5165,1,0
C,G,C,1373,100,1373,1,0
C,H,C,5117,100,5117,1,0
A,D,D,4935,100,4935,1,0
B,D,D,6999,100,6999,1,0
C,D,D,4945,100,4945,1,0
D,E,D,5147,100,5147,1,0
D,F,D,7149,100,7149,1,0
D,G,D,5092,100,5092,1,0
D,H,D,1458,100,1458,1,0
A,E,E,1428,100,1428,1,0
B,E,E,5126,100,5126,1,0
C,E,E,7174,100,7174,1,0
D,E,E,5215,100,5215,1,0
E,F,E,4964,100,4964,1,0
E,G,E,7047,100,7047,1,0
E,H,E,4975,100,4975,1,0
A,F,F,5169,100,5169,1,0
B,F,F,1430,100,1430,1,0
C,F,F,5150,100,5150,1,0
D,F,F,7111,100,7111,1,0
E,F,F,4979,100,4979,1,0
F,G,F,4983,100,4983,1,0
F,H,F,7020,100,7020,1,0
A,G,G,7189,100,7189,1,0
B,G,G,5175,100,5175,1,0
C,G,G,1404,100,1404,1,0
D,G,G,5155,100,5155,1,0
E,G,G,7029,100,7029,1,0
F,G,G,4959,100,4959,1,0
G,H,G,4983,100,4983,1,0
A,H,H,5150,100,5150,1,0
B,H,H,7138,100,7138,1,0
C,H,H,5140,100,5140,1,0
D,H,H,1381,100,1381,1,0
E,H,H,5007,100,5007,1,0
F,H,H,6970,100,6970,1,0
G,H,H,4982,100,4982,1,0
A,B,A,4970,100,4970,1,0
A,C,A,7000,100,7000,1,0
A,D,A,4966,100,4966,1,0
A,E,A,1429,100,1429,1,0
A,F,A,5179,100,5179,1,0
A,G,A,7143,100,7143,1,0
A,H,A,5131,100,5131,1,0
A,B,B,4952,100,4952,1,0
B,C,B,4945,100,4945,1,0
B,D,B,7042,100,7042,1,0
B,E,B,5141,100,5141,1,0
B,F,B,1390,100,1390,1,0
B,G,B,5178,100,5178,1,0
B,H,B,7107,100,7107,1,0
A,C,C,6981,100,6981,1,0
B,C,C,4972,100,4972,1,0
C,D,C,4934,100,4934,1,0
C,E,C,7183,100,7183,1,0
C,F,C,5153,100,5153,1,0
C,G,C,1381,100,1381,1,0
C,H,C,5168,100,5168,1,0
A,D,D,4964,100,4964,1,0
B,D,D,6999,100,6999,1,0
C,D,D,4893,100,4893,1,0
D,E,D,5120,100,5120,1,0
D,F,D,7131,100,7131,1,0
D,G,D,5145,100,5145,1,0
D,H,D,1411,100,1411,1,0
A,E,E,1411,100,1411,1,0
B,E,E,5119,100,5119,1,0
C,E,E,7181,100,7181,1,0
D,E,E,5127,100,5127,1,0
E,F,E,5019,100,5019,1,0
E,G,E,7039,100,7039,1,0
E,H,E,4987,100,4987,1,0
A,F,F,5190,100,5190,1,0
B,F,F,1397,100,1397,1,0
C,F,F,5160,100,5160,1,0
D,F,F,7123,100,7123,1,0
E,F,F,4944,100,4944,1,0
F,G,F,4962,100,4962,1,0
F,H,F,6960,100,6960,1,0
A,G,G,7163,100,7163,1,0
B,G,G,5228,100,5228,1,0
C,G,G,1418,100,1418,1,0
D,G,G,5135,100,5135,1,0
E,G,G,7037,100,7037,1,0
F,G,G,5005,100,5005,1,0
G,H,G,4911,100,4911,1,0
A,H,H,5127,100,5127,1,0
B,H,H,7089,100,7089,1,0
C,H,H,5152,100,5152,1,0
D,H,H,1373,100,1373,1,0
E,H,H,5013,100,5013,1,0
F,H,H,7008,100,7008,1,0
G,H,H,4925,100,4925,1,0
A,B,A,4989,100,4989,1,0
A,C,A,7018,100,7018,1,0
A,D,A,4958,100,4958,1,0
A,E,A,1451,100,1451,1,0
A,F,A,5183,100,5183,1,0
A,G,A,7220,100,7220,1,0
A,H,A,5116,100,5116,1,0
A,B,B,4993,100,4993,1,0
B,C,B,4946,100,4946,1,0
B,D,B,6967,100,6967,1,0
B,E,B,5163,100,5163,1,0
B,F,B,1373,100,1373,1,0
B,G,B,5204,100,5204,1,0
B,H,B,7164,100,7164,1,0
A,C,C,6976,100,6976,1,0
B,C,C,4983,100,4983,1,0
C,D,C,4924,100,4924,1,0
C,E,C,7156,100,7156,1,0
C,F,C,5175,100,5175,1,0
C,G,C,1428,100,1428,1,0
C,H,C,5140,100,5140,1,0
A,D,D,4961,100,4961,1,0
B,D,D,6987,100,6987,1,0
C,D,D,4958,100,4958,1,0
D,E,D,5191,100,5191,1,0
D,F,D,7116,100,7116,1,0
D,G,D,5126,100,5126,1,0
D,H,D,1398,100,1398,1,0
A,E,E,1418,100,1418,1,0
B,E,E,5148,100,5148,1,0
C,E,E,7153,100,7153,1,0
D,E,E,5206,100,5206,1,0
E,F,E,4984,100,4984,1,0
E,G,E,7037,100,7037,1,0
E,H,E,4951,100,4951,1,0
A,F,F,5119,100,5119,1,0
B,F,F,1394,100,1394,1,0
C,F,F,5164,100,5164,1,0
D,F,F,7179,100,7179,1,0
E,F,F,4945,100,4945,1,0
F,G,F,4968,100,4968,1,0
F,H,F,6993,100,6993,1,0
A,G,G,7169,100,7169,1,0
B,G,G,5216,100,5216,1,0
C,G,G,1375,100,1375,1,0
D,G,G,5120,100,5120,1,0
E,G,G,7078,100,7078,1,0
F,G,G,4976,100,4976,1,0
G,H,G,4947,100,4947,1,0
A,H,H,5118,100,5118,1,0
B,H,H,7109,100,7109,1,0
C,H,H,5164,100,5164,1,0
D,H,H,1386,100,1386,1,0
E,H,H,4945,100,4945,1,0
F,H,H,7021,100,7021,1,0
G,H,H,4960,100,4960,1,0
A,B,A,4972,100,4972,1,0
A,C,A,7012,100,7012,1,0
A,D,A,4941,100,4941,1,0
A,E,A,1394,100,1394,1,0
A,F,A,5145,100,5145,1,0
A,G,A,7177,100,7177,1,0
A,H,A,5140,100,5140,1,0
A,B,B,4954,100,4954,1,0
B,C,B,4989,100,4989,1,0
B,D,B,7015,100,7015,1,0
B,E,B,5136,100,5136,1,0
B,F,B,1404,100,1404,1,0
B,G,B,5199,100,5199,1,0
B,H,B,7195,100,7195,1,0
A,C,C,7023,100,7023,1,0
B,C,C,4911,100,4911,1,0
C,D,C,4937,100,4937,1,0
C,E,C,7147,100,7147,1,0
C,F,C,5145,100,5145,1,0
C,G,C,1372,100,1372,1,0
C,H,C,5164,100,5164,1,0
A,D,D,4982,100,4982,1,0
B,D,D,6964,100,6964,1,0
C,D,D,4938,100,4938,1,0
D,E,D,5248,100,5248,1,0
D,F,D,7142,100,7142,1,0
D,G,D,5158,100,5158,1,0
D,H,D,1403,100,1403,1,0
A,E,E,1341,100,1341,1,0
B,E,E,5179,100,5179,1,0
C,E,E,7191,100,7191,1,0
D,E,E,5117,100,5117,1,0
E,F,E,4948,100,4948,1,0
E,G,E,7063,100,7063,1,0
E,H,E,4984,100,4984,1,0
A,F,F,5226,100,5226,1,0
B,F,F,1387,100,1387,1,0
C,F,F,5178,100,5178,1,0
D,F,F,7101,100,7101,1,0
E,F,F,4949,100,4949,1,0
F,G,F,4976,100,4976,1,0
F,H,F,6964,100,6964,1,0
A,G,G,7182,100,7182,1,0
B,G,G,5179,100,5179,1,0
C,G,G,1409,100,1409,1,0
D,G,G,5164,100,5164,1,0
E,G,G,7057,100,7057,1,0
F,G,G,4953,100,4953,1,0
G,H,G,4958,100,4958,1,0
A,H,H,5132,100,5132,1,0
B,H,H,7183,100,7183,1,0
C,H,H,5136,100,5136,1,0
D,H,H,1407,100,1407,1,0
E,H,H,4986,100,4986,1,0
F,H,H,7027,100,7027,1,0
G,H,H,4968,100,4968,1,0
A,B,A,4989,100,4989,1,0
A,C,A,7031,100,7031,1,0
A,D,A,4944,100,4944,1,0
A,E,A,1382,100,1382,1,0
A,F,A,5177,100,5177,1,0
A,G,A,7209,100,7209,1,0
A,H,A,5155,100,5155,1,0
A,B,B,4980,100,4980,1,0
B,C,B,4984,100,4984,1,0
B,D,B,7053,100,7053,1,0
B,E,B,5122,100,5122,1,0
B,F,B,1360,100,1360,1,0
B,G,B,5181,100,5181,1,0
B,H,B,7111,100,7111,1,0
A,C,C,6985,100,6985,1,0
B,C,C,5008,100,5008,1,0
C,D,C,4926,100,4926,1,0
C,E,C,7154,100,7154,1,0
C,F,C,5189,100,5189,1,0
C,G,C,1361,100,1361,1,0
C,H,C,5177,100,5177,1,0
A,D,D,4947,100,4947,1,0
B,D,D,6959,100,6959,1,0
C,D,D,4955,100,4955,1,0
D,E,D,5141,100,5141,1,0
D,F,D,7114,100,7114,1,0
D,G,D,5134,100,5134,1,0
D,H,D,1434,100,1434,1,0
A,E,E,1518,100,1518,1,0
B,E,E,5132,100,5132,1,0
C,E,E,7166,100,7166,1,0
D,E,E,5122,100,5122,1,0
E,F,E,4973,100,4973,1,0
E,G,E,7064,100,7064,1,0
E,H,E,4982,100,4982,1,0
A,F,F,5186,100,5186,1,0
B,F,F,1365,100,1365,1,0
C,F,F,5153,100,5153,1,0
D,F,F,7158,100,7158,1,0
E,F,F,4952,100,4952,1,0
F,G,F,4961,100,4961,1,0
F,H,F,6974,100,6974,1,0
A,G,G,7205,100,7205,1,0
B,G,G,5186,100,5186,1,0
C,G,G,1349,100,1349,1,0
D,G,G,5143,100,5143,1,0
E,G,G,7056,100,7056,1,0
F,G,G,4970,100,4970,1,0
G,H,G,4940,100,4940,1,0
A,H,H,5140,100,5140,1,0
B,H,H,7177,100,7177,1,0
C,H,H,5187,100,5187,1,0
D,H,H,1440,100,1440,1,0
E,H,H,4937,100,4937,1,0
F,H,H,7023,100,7023,1,0
G,H,H,4979,100,4979,1,0
A,B,A,4954,100,4954,1,0
A,C,A,7021,100,7021,1,0
A,D,A,4964,100,4964,1,0
A,E,A,1360,100,1360,1,0
A,F,A,5187,100,5187,1,0
A,G,A,7158,100,7158,1,0
A,H,A,5173,100,5173,1,0
A,B,B,4921,100,4921,1,0
B,C,B,5035,100,5035,1,0
B,D,B,7022,100,7022,1,0
B,E,B,5112,100,5112,1,0
B,F,B,1405,100,1405,1,0
B,G,B,5156,100,5156,1,0
B,H,B,7162,100,7162,1,0
A,C,C,7077,100,7077,1,0
B,C,C,4991,100,4991,1,0
C,D,C,4932,100,4932,1,0
C,E,C,7184,100,7184,1,0
C,F,C,5161,100,5161,1,0
C,G,C,1365,100,1365,1,0
C,H,C,5159,100,5159,1,0
A,D,D,4978,100,4978,1,0
B,D,D,6983,100,6983,1,0
C,D,D,4931,100,4931,1,0
D,E,D,5184,100,5184,1,0
D,F,D,7139,100,7139,1,0
D,G,D,5133,100,5133,1,0
D,H,D,1384,100,1384,1,0
A,E,E,1382,100,1382,1,0
B,E,E,5139,100,5139,1,0
C,E,E,7233,100,7233,1,0
D,E,E,5170,100,5170,1,0
E,F,E,5015,100,5015,1,0
E,G,E,7050,100,7050,1,0
E,H,E,4997,100,4997,1,0
A,F,F,5169,100,5169,1,0
B,F,F,1403,100,1403,1,0
C,F,F,5177,100,5177,1,0
D,F,F,7131,100,7131,1,0
E,F,F,4981,100,4981,1,0
F,G,F,4931,100,4931,1,0
F,H,F,7011,100,7011,1,0
A,G,G,7185,100,7185,1,0
B,G,G,5180,100,5180,1,0
C,G,G,1390,100,1390,1,0
D,G,G,5162,100,5162,1,0
E,G,G,7055,100,7055,1,0
F,G,G,4987,100,4987,1,0
G,H,G,4950,100,4950,1,0
A,H,H,5163,100,5163,1,0
B,H,H,7150,100,7150,1,0
C,H,H,5172,100,5172,1,0
D,H,H,1404,100,1404,1,0
E,H,H,4964,100,4964,1,0
F,H,H,6977,100,6977,1,0
G,H,H,4987,100,4987,1,0
A,B,A,4984,100,4984,1,0
A,C,A,7059,100,7059,1,0
A,D,A,4947,100,4947,1,0
A,E,A,1413,100,1413,1,0
A,F,A,5177,100,5177,1,0
A,G,A,7186,100,7186,1,0
A,H,A,5140,100,5140,1,0
A,B,B,4950,100,4950,1,0
B,C,B,4959,100,4959,1,0
B,D,B,6977,100,6977,1,0
B,E,B,5159,100,5159,1,0
B,F,B,1414,100,1414,1,0
B,G,B,5192,100,5192,1,0
B,H,B,7156,100,7156,1,0
A,C,C,7020,100,7020,1,0
B,C,C,4970,100,4970,1,0
C,D,C,4923,100,4923,1,0
C,E,C,7159,100,7159,1,0
C,F,C,5117,100,5117,1,0
C,G,C,1388,100,1388,1,0
C,H,C,5176,100,5176,1,0
A,D,D,4937,100,4937,1,0
B,D,D,7002,100,7002,1,0
C,D,D,4936,100,4936,1,0
D,E,D,5208,100,5208,1,0
D,F,D,7168,100,7168,1,0
D,G,D,5149,100,5149,1,0
D,H,D,1395,100,1395,1,0
A,E,E,1429,100,1429,1,0
B,E,E,5184,100,5184,1,0
C,E,E,7239,100,7239,1,0
D,E,E,5204,100,5204,1,0
E,F,E,4954,100,4954,1,0
E,G,E,7026,100,7026,1,0
E,H,E,4990,100,4990,1,0
A,F,F,5171,100,5171,1,0
B,F,F,1394,100,1394,1,0
C,F,F,5160,100,5160,1,0
D,F,F,7133,100,7133,1,0
E,F,F,4974,100,4974,1,0
F,G,F,4993,100,4993,1,0
F,H,F,6993,100,6993,1,0
A,G,G,7149,100,7149,1,0
B,G,G,5211,100,5211,1,0
C,G,G,1394,100,1394,1,0
D,G,G,5142,100,5142,1,0
E,G,G,7050,100,7050,1,0
F,G,G,4972,100,4972,1,0
G,H,G,4956,100,4956,1,0
A,H,H,5123,100,5123,1,0
B,H,H,7120,100,7120,1,0
C,H,H,5160,100,5160,1,0
D,H,H,1363,100,1363,1,0
E,H,H,4991,100,4991,1,0
F,H,H,6991,100,6991,1,0
G,H,H,4943,100,4943,1,0
A,B,A,4972,100,4972,1,0
A,C,A,7042,100,7042,1,0
A,D,A,4917,100,4917,1,0
A,E,A,1453,100,1453,1,0
A,F,A,5133,100,5133,1,0
A,G,A,7214,100,7214,1,0
A,H,A,5116,100,5116,1,0
A,B,B,4965,100,4965,1,0
B,C,B,4980,100,4980,1,0
B,D,B,7039,100,7039,1,0
B,E,B,5165,100,5165,1,0
B,F,B,1383,100,1383,1,0
B,G,B,5194,100,5194,1,0
B,H,B,7113,100,7113,1,0
A,C,C,7004,100,7004,1,0
B,C,C,4959,100,4959,1,0
C,D,C,4963,100,4963,1,0
C,E,C,7193,100,7193,1,0
C,F,C,5144,100,5144,1,0
C,G,C,1462,100,1462,1,0
C,H,C,5195,100,5195,1,0
A,D,D,4961,100,4961,1,0
B,D,D,7026,100,7026,1,0
C,D,D,4972,100,4972,1,0
D,E,D,5144,100,5144,1,0
D,F,D,7129,100,7129,1,0
D,G,D,5155,100,5155,1,0
D,H,D,1389,100,1389,1,0
A,E,E,1475,100,1475,1,0
B,E,E,5125,100,5125,1,0
C,E,E,7163,100,7163,1,0
D,E,E,5223,100,5223,1,0
E,F,E,4972,100,4972,1,0
E,G,E,7057,100,7057,1,0
E,H,E,4947,100,4947,1,0
A,F,F,5166,100,5166,1,0
B,F,F,1370,100,1370,1,0
C,F,F,5159,100,5159,1,0
D,F,F,7144,100,7144,1,0
E,F,F,4987,100,4987,1,0
F,G,F,4963,100,4963,1,0
F,H,F,7010,100,7010,1,0
A,G,G,7175,100,7175,1,0
B,G,G,5160,100,5160,1,0
C,G,G,1392,100,1392,1,0
D,G,G,5128,100,5128,1,0
E,G,G,7083,100,7083,1,0
F,G,G,4970,100,4970,1,0
G,H,G,4917,100,4917,1,0
A,H,H,5157,100,5157,1,0
B,H,H,7149,100,7149,1,0
C,H,H,5165,100,5165,1,0
D,H,H,1393,100,1393,1,0
E,H,H,4988,100,4988,1,0
F,H,H,6985,100,6985,1,0
G,H,H,4946,100,4946,1,0
A,B,A,4951,100,4951,1,0
A,C,A,6969,100,6969,1,0
A,D,A,4941,100,4941,1,0
A,E,A,1418,100,1418,1,0
A,F,A,5202,100,5202,1,0
A,G,A,7164,100,7164,1,0
A,H,A,5158,100,5158,1,0
A,B,B,4936,100,4936,1,0
B,C,B,4988,100,4988,1,0
B,D,B,7006,100,7006,1,0
B,E,B,5161,100,5161,1,0
B,F,B,1400,100,1400,1,0
B,G,B,5192,100,5192,1,0
B,H,B,7124,100,7124,1,0
A,C,C,6998,100,6998,1,0
B,C,C,4986,100,4986,1,0
C,D,C,4971,100,4971,1,0
C,E,C,7179,100,7179,1,0
C,F,C,5150,100,5150,1,0
C,G,C,1377,100,1377,1,0
C,H,C,5143,100,5143,1,0
A,D,D,4961,100,4961,1,0
B,D,D,7006,100,7006,1,0
C,D,D,4945,100,4945,1,0
D,E,D,5146,100,5146,1,0
D,F,D,7175,100,7175,1,0
D,G,D,5125,100,5125,1,0
D,H,D,1385,100,1385,1,0
A,E,E,1384,100,1384,1,0
B,E,E,5151,100,5151,1,0
C,E,E,7183,100,7183,1,0
D,E,E,5188,100,5188,1,0
E,F,E,4993,100,4993,1,0
E,G,E,7042,100,7042,1,0
E,H,E,5022,100,5022,1,0
A,F,F,5162,100,5162,1,0
B,F,F,1378,100,1378,1,0
C,F,F,5129,100,5129,1,0
D,F,F,7122,100,7122,1,0
E,F,F,4983,100,4983,1,0
F,G,F,4945,100,4945,1,0
F,H,F,6987,100,6987,1,0
A,G,G,7151,100,7151,1,0
B,G,G,5156,100,5156,1,0
C,G,G,1394,100,1394,1,0
D,G,G,5131,100,5131,1,0
E,G,G,7081,100,7081,1,0
F,G,G,4982,100,4982,1,0
G,H,G,4970,100,4970,1,0
A,H,H,5153,100,5153,1,0
B,H,H,7153,100,7153,1,0
C,H,H,5150,100,5150,1,0
D,H,H,1424,100,1424,1,0
E,H,H,4991,100,4991,1,0
F,H,H,7009,100,7009,1,0
G,H,H,5010,100,5010,1,0
A,B,A,4953,100,4953,1,0
A,C,A,7028,100,7028,1,0
A,D,A,4953,100,4953,1,0
A,E,A,1404,100,1404,1,0
A,F,A,5159,100,5159,1,0
A,G,A,7189,100,7189,1,0
A,H,A,5146,100,5146,1,0
A,B,B,4950,100,4950,1,0
B,C,B,4993,100,4993,1,0
B,D,B,7059,100,7059,1,0
B,E,B,5148,100,5148,1,0
B,F,B,1434,100,1434,1,0
B,G,B,5180,100,5180,1,0
B,H,B,7072,100,7072,1,0
A,C,C,7119,100,7119,1,0
B,C,C,4979,100,4979,1,0
C,D,C,4977,100,4977,1,0
C,E,C,7180,100,7180,1,0
C,F,C,5155,100,5155,1,0
C,G,C,1374,100,1374,1,0
C,H,C,5178,100,5178,1,0
A,D,D,4910,100,4910,1,0
B,D,D,7005,100,7005,1,0
C,D,D,4955,100,4955,1,0
D,E,D,5190,100,5190,1,0
D,F,D,7135,100,7135,1,0
D,G,D,5127,100,5127,1,0
D,H,D,1354,100,1354,1,0
A,E,E,1351,100,1351,1,0
B,E,E,5150,100,5150,1,0
C,E,E,7214,100,7214,1,0
D,E,E,5210,100,5210,1,0
E,F,E,4994,100,4994,1,0
E,G,E,7040,100,7040,1,0
E,H,E,4978,100,4978,1,0
A,F,F,5159,100,5159,1,0
B,F,F,1368,100,1368,1,0
C,F,F,5159,100,5159,1,0
D,F,F,7110,100,7110,1,0
E,F,F,4960,100,4960,1,0
F,G,F,4980,100,4980,1,0
F,H,F,7017,100,7017,1,0
A,G,G,7215,100,7215,1,0
B,G,G,5174,100,5174,1,0
C,G,G,1439,100,1439,1,0
D,G,G,5122,100,5122,1,0
E,G,G,7040,100,7040,1,0
F,G,G,4987,100,4987,1,0
G,H,G,4941,100,4941,1,0
A,H,H,5145,100,5145,1,0
B,H,H,7132,100,7132,1,0
C,H,H,5164,100,5164,1,0
D,H,H,1411,100,1411,1,0
E,H,H,4986,100,4986,1,0
F,H,H,7022,100,7022,1,0
G,H,H,4919,100,4919,1,0
A,B,A,4937,100,4937,1,0
A,C,A,6952,100,6952,1,0
A,D,A,4952,100,4952,1,0
A,E,A,1391,100,1391,1,0
A,F,A,5172,100,5172,1,0
A,G,A,7136,100,7136,1,0
A,H,A,5157,100,5157,1,0
A,B,B,4958,100,4958,1,0
B,C,B,5002,100,5002,1,0
B,D,B,7057,100,7057,1,0
B,E,B,5108,100,5108,1,0
B,F,B,1432,100,1432,1,0
B,G,B,5197,100,5197,1,0
B,H,B,7153,100,7153,1,0
A,C,C,7015,100,7015,1,0
B,C,C,5001,100,5001,1,0
C,D,C,4968,100,4968,1,0
C,E,C,7198,100,7198,1,0
C,F,C,5144,100,5144,1,0
C,G,C,1383,100,1383,1,0
C,H,C,5177,100,5177,1,0
A,D,D,4922,100,4922,1,0
B,D,D,7005,100,7005,1,0
C,D,D,4956,100,4956,1,0
D,E,D,5197,100,5197,1,0
D,F,D,7130,100,7130,1,0
D,G,D,5145,100,5145,1,0
D,H,D,1386,100,1386,1,0
A,E,E,1441,100,1441,1,0
B,E,E,5150,100,5150,1,0
C,E,E,7205,100,7205,1,0
D,E,E,5221,100,5221,1,0
E,F,E,4948,100,4948,1,0
E,G,E,7040,100,7040,1,0
E,H,E,4967,100,4967,1,0
A,F,F,5174,100,5174,1,0
B,F,F,1421,100,1421,1,0
C,F,F,5158,100,5158,1,0
D,F,F,7119,100,7119,1,0
E,F,F,4947,100,4947,1,0
F,G,F,4965,100,4965,1,0
F,H,F,6990,100,6990,1,0
A,G,G,7129,100,7129,1,0
B,G,G,5173,100,5173,1,0
C,G,G,1423,100,1423,1,0
D,G,G,5140,100,5140,1,0
E,G,G,7019,100,7019,1,0
F,G,G,4928,100,4928,1,0
G,H,G,4935,100,4935,1,0
A,H,H,5123,100,5123,1,0
B,H,H,7146,100,7146,1,0
C,H,H,5169,100,5169,1,0
D,H,H,1367,100,1367,1,0
E,H,H,5003,100,5003,1,0
F,H,H,6999,100,6999,1,0
G,H,H,4966,100,4966,1,0
A,B,A,4962,100,4962,1,0
A,C,A,6978,100,6978,1,0
A,D,A,4959,100,4959,1,0
A,E,A,1404,100,1404,1,0
A,F,A,5182,100,5182,1,0
A,G,A,7112,100,7112,1,0
A,H,A,5127,100,5127,1,0
A,B,B,4960,100,4960,1,0
B,C,B,4981,100,4981,1,0
B,D,B,7012,100,7012,1,0
B,E,B,5118,100,5118,1,0
B,F,B,1401,100,1401,1,0
B,G,B,5168,100,5168,1,0
B,H,B,7129,100,7129,1,0
A,C,C,6998,100,6998,1,0
B,C,C,4970,100,4970,1,0
C,D,C,4972,100,4972,1,0
C,E,C,7198,100,7198,1,0
C,F,C,5141,100,5141,1,0
C,G,C,1421,100,1421,1,0
C,H,C,5180,100,5180,1,0
A,D,D,4943,100,4943,1,0
B,D,D,6973,100,6973,1,0
C,D,D,4960,100,4960,1,0
D,E,D,5202,100,5202,1,0
D,F,D,7142,100,7142,1,0
D,G,D,5162,100,5162,1,0
D,H,D,1402,100,1402,1,0
A,E,E,1434,100,1434,1,0
B,E,E,5152,100,5152,1,0
C,E,E,7177,100,7177,1,0
D,E,E,5173,100,5173,1,0
E,F,E,5009,100,5009,1,0
E,G,E,7057,100,7057,1,0
E,H,E,4978,100,4978,1,0
A,F,F,5210,100,5210,1,0
B,F,F,1400,100,1400,1,0
C,F,F,5159,100,5159,1,0
D,F,F,7108,100,7108,1,0
E,F,F,4949,100,4949,1,0
F,G,F,4969,100,4969,1,0
F,H,F,7058,100,7058,1,0
A,G,G,7127,100,7127,1,0
B,G,G,5153,100,5153,1,0
C,G,G,1435,100,1435,1,0
D,G,G,5129,100,5129,1,0
E,G,G,7064,100,7064,1,0
F,G,G,4955,100,4955,1,0
G,H,G,4982,100,4982,1,0
A,H,H,5152,100,5152,1,0
B,H,H,7194,100,7194,1,0
C,H,H,5125,100,5125,1,0
D,H,H,1436,100,1436,1,0
E,H,H,4961,100,4961,1,0
F,H,H,7021,100,7021,1,0
G,H,H,4964,100,4964,1,0
A,B,A,4896,100,4896,1,0
A,C,A,6990,100,6990,1,0
A,D,A,4922,100,4922,1,0
A,E,A,1367,100,1367,1,0
A,F,A,5175,100,5175,1,0
A,G,A,7173,100,7173,1,0
A,H,A,5117,100,5117,1,0
A,B,B,4964,100,4964,1,0
B,C,B,5019,100,5019,1,0
B,D,B,7016,100,7016,1,0
B,E,B,5141,100,5141,1,0
B,F,B,1380,100,1380,1,0
B,G,B,5189,100,5189,1,0
B,H,B,7163,100,7163,1,0
A,C,C,7023,100,7023,1,0
B,C,C,5007,100,5007,1,0
C,D,C,4930,100,4930,1,0
C,E,C,7191,100,7191,1,0
C,F,C,5166,100,5166,1,0
C,G,C,1373,100,1373,1,0
C,H,C,5189,100,5189,1,0
A,D,D,4932,100,4932,1,0
B,D,D,7035,100,7035,1,0
C,D,D,4936,100,4936,1,0
D,E,D,5156,100,5156,1,0
D,F,D,7130,100,7130,1,0
D,G,D,5132,100,5132,1,0
D,H,D,1392,100,1392,1,0
A,E,E,1439,100,1439,1,0
B,E,E,5144,100,5144,1,0
C,E,E,7185,100,7185,1,0
D,E,E,5163,100,5163,1,0
E,F,E,4985,100,4985,1,0
E,G,E,7067,100,7067,1,0
E,H,E,4997,100,4997,1,0
A,F,F,5187,100,5187,1,0
B,F,F,1432,100,1432,1,0
C,F,F,5178,100,5178,1,0
D,F,F,7124,100,7124,1,0
E,F,F,4963,100,4963,1,0
F,G,F,5007,100,5007,1,0
F,H,F,6992,100,6992,1,0
A,G,G,7163,100,7163,1,0
B,G,G,5223,100,5223,1,0
C,G,G,1415,100,1415,1,0
D,G,G,5136,100,5136,1,0
E,G,G,7040,100,7040,1,0
F,G,G,4998,100,4998,1,0
G,H,G,4957,100,4957,1,0
A,H,H,5182,100,5182,1,0
B,H,H,7155,100,7155,1,0
C,H,H,5138,100,5138,1,0
D,H,H,1403,100,1403,1,0
E,H,H,4991,100,4991,1,0
F,H,H,6982,100,6982,1,0
G,H,H,4943,100,4943,1,0
A,B,A,4942,100,4942,1,0
A,C,A,7062,100,7062,1,0
A,D,A,4938,100,4938,1,0
A,E,A,1381,100,1381,1,0
A,F,A,5169,100,5169,1,0
A,G,A,7197,100,7197,1,0
A,H,A,5196,100,5196,1,0
A,B,B,4972,100,4972,1,0
B,C,B,4946,100,4946,1,0
B,D,B,6962,100,6962,1,0
B,E,B,5127,100,5127,1,0
B,F,B,1405,100,1405,1,0
B,G,B,5157,100,5157,1,0
B,H,B,7122,100,7122,1,0
A,C,C,7008,100,7008,1,0
B,C,C,5003,100,5003,1,0
C,D,C,4975,100,4975,1,0
C,E,C,7161,100,7161,1,0
C,F,C,5148,100,5148,1,0
C,G,C,1403,100,1403,1,0
C,H,C,5147,100,5147,1,0
A,D,D,4930,100,4930,1,0
B,D,D,7009,100,7009,1,0
C,D,D,4955,100,4955,1,0
D,E,D,5186,100,5186,1,0
D,F,D,7137,100,7137,1,0
D,G,D,5124,100,5124,1,0
D,H,D,1408,100,1408,1,0
A,E,E,1369,100,1369,1,0
B,E,E,5134,100,5134,1,0
C,E,E,7186,100,7186,1,0
D,E,E,5121,100,5121,1,0
E,F,E,4958,100,4958,1,0
E,G,E,7040,100,7040,1,0
E,H,E,4970,100,4970,1,0
A,F,F,5194,100,5194,1,0
B,F,F,1373,100,1373,1,0
C,F,F,5122,100,5122,1,0
D,F,F,7126,100,7126,1,0
E,F,F,4948,100,4948,1,0
F,G,F,4988,100,4988,1,0
F,H,F,6984,100,6984,1,0
A,G,G,7134,100,7134,1,0
B,G,G,5192,100,5192,1,0
C,G,G,1427,100,1427,1,0
D,G,G,5158,100,5158,1,0
E,G,G,7015,100,7015,1,0
F,G,G,4993,100,4993,1,0
G,H,G,4972,100,4972,1,0
A,H,H,5144,100,5144,1,0
B,H,H,7159,100,7159,1,0
C,H,H,5111,100,5111,1,0
D,H,H,1425,100,1425,1,0
E,H,H,4941,100,4941,1,0
F,H,H,6981,100,6981,1,0
G,H,H,4982,100,4982,1,0
A,B,A,4986,100,4986,1,0
A,C,A,6987,100,6987,1,0
A,D,A,4970,100,4970,1,0
A,E,A,1422,100,1422,1,0
A,F,A,5173,100,5173,1,0
A,G,A,7151,100,7151,1,0
A,H,A,5140,100,5140,1,0
A,B,B,4932,100,4932,1,0
B,C,B,4942,100,4942,1,0
B,D,B,7010,100,7010,1,0
B,E,B,5138,100,5138,1,0
B,F,B,1379,100,1379,1,0
B,G,B,5179,100,5179,1,0
B,H,B,7130,100,7130,1,0
A,C,C,7012,100,7012,1,0
B,C,C,4964,100,4964,1,0
C,D,C,4950,100,4950,1,0
C,E,C,7183,100,7183,1,0
C,F,C,5142,100,5142,1,0
C,G,C,1439,100,1439,1,0
C,H,C,5185,100,5185,1,0
A,D,D,4947,100,4947,1,0
B,D,D,6983,100,6983,1,0
C,D,D,5002,100,5002,1,0
D,E,D,5159,100,5159,1,0
D,F,D,7171,100,7171,1,0
D,G,D,5106,100,5106,1,0
D,H,D,1375,100,1375,1,0
A,E,E,1390,100,1390,1,0
B,E,E,5188,100,5188,1,0
C,E,E,7158,100,7158,1,0
D,E,E,5237,100,5237,1,0
E,F,E,4955,100,4955,1,0
E,G,E,7054,100,7054,1,0
E,H,E,4969,100,4969,1,0
A,F,F,5210,100,5210,1,0
B,F,F,1398,100,1398,1,0
C,F,F,5158,100,5158,1,0
D,F,F,7125,100,7125,1,0
E,F,F,4959,100,4959,1,0
F,G,F,4951,100,4951,1,0
F,H,F,6993,100,6993,1,0
A,G,G,7177,100,7177,1,0
B,G,G,5162,100,5162,1,0
C,G,G,1401,100,1401,1,0
D,G,G,5147,100,5147,1,0
E,G,G,7051,100,7051,1,0
F,G,G,4972,100,4972,1,0
G,H,G,4944,100,4944,1,0
A,H,H,5157,100,5157,1,0
B,H,H,7133,100,7133,1,0
C,H,H,5180,100,5180,1,0
D,H,H,1390,100,1390,1,0
E,H,H,4980,100,4980,1,0
F,H,H,6981,100,6981,1,0
G,H,H,4931,100,4931,1,0
A,B,A,4935,100,4935,1,0
A,C,A,7005,100,7005,1,0
A,D,A,4921,100,4921,1,0
A,E,A,1407,100,1407,1,0
A,F,A,5189,100,5189,1,0
A,G,A,7162,100,7162,1,0
A,H,A,5148,100,5148,1,0
A,B,B,4945,100,4945,1,0
B,C,B,4946,100,4946,1,0
B,D,B,7009,100,7009,1,0
B,E,B,5152,100,5152,1,0
B,F,B,1374,100,1374,1,0
B,G,B,5189,100,5189,1,0
B,H,B,7119,100,7119,1,0
A,C,C,7049,100,7049,1,0
B,C,C,5013,100,5013,1,0
C,D,C,4948,100,4948,1,0
C,E,C,7156,100,7156,1,0
C,F,C,5159,100,5159,1,0
C,G,C,1361,100,1361,1,0
C,H,C,5115,100,5115,1,0
A,D,D,4933,100,4933,1,0
B,D,D,6973,100,6973,1,0
C,D,D,4920,100,4920,1,0
D,E,D,5132,100,5132,1,0
D,F,D,7104,100,7104,1,0
D,G,D,5147,100,5147,1,0
D,H,D,1404,100,1404,1,0
A,E,E,1421,100,1421,1,0
B,E,E,5130,100,5130,1,0
C,E,E,7163,100,7163,1,0
D,E,E,5215,100,5215,1,0
E,F,E,5023,100,5023,1,0
E,G,E,7055,100,7055,1,0
E,H,E,4982,100,4982,1,0
A,F,F,5152,100,5152,1,0
B,F,F,1385,100,1385,1,0
C,F,F,5150,100,5150,1,0
D,F,F,7147,100,7147,1,0
E,F,F,4964,100,4964,1,0
F,G,F,4981,100,4981,1,0
F,H,F,6988,100,6988,1,0
A,G,G,7124,100,7124,1,0
B,G,G,5182,100,5182,1,0
C,G,G,1399,100,1399,1,0
D,G,G,5137,100,5137,1,0
E,G,G,7045,100,7045,1,0
F,G,G,4950,100,4950,1,0
G,H,G,4978,100,4978,1,0
A,H,H,5109,100,5109,1,0
B,H,H,7128,100,7128,1,0
C,H,H,5145,100,5145,1,0
D,H,H,1398,100,1398,1,0
E,H,H,4957,100,4957,1,0
F,H,H,6971,100,6971,1,0
G,H,H,4938,100,4938,1,0
A,B,A,4972,100,4972,1,0
A,C,A,7004,100,7004,1,0
A,D,A,4924,100,4924,1,0
A,E,A,1366,100,1366,1,0
A,F,A,5171,100,5171,1,0
A,G,A,7211,100,7211,1,0
A,H,A,5127,100,5127,1,0
A,B,B,4923,100,4923,1,0
B,C,B,4983,100,4983,1,0
B,D,B,7023,100,7023,1,0
B,E,B,5156,100,5156,1,0
B,F,B,1403,100,1403,1,0
B,G,B,5208,100,5208,1,0
B,H,B,7134,100,7134,1,0
A,C,C,7028,100,7028,1,0
B,C,C,5050,100,5050,1,0
C,D,C,4941,100,4941,1,0
C,E,C,7227,100,7227,1,0
C,F,C,5155,100,5155,1,0
C,G,C,1378,100,1378,1,0
C,H,C,5133,100,5133,1,0
A,D,D,4926,100,4926,1,0
B,D,D,7019,100,7019,1,0
C,D,D,4983,100,4983,1,0
D,E,D,5190,100,5190,1,0
D,F,D,7125,100,7125,1,0
D,G,D,5159,100,5159,1,0
D,H,D,1392,100,1392,1,0
A,E,E,1416,100,1416,1,0
B,E,E,5148,100,5148,1,0
C,E,E,7169,100,7169,1,0
D,E,E,5136,100,5136,1,0
E,F,E,4985,100,4985,1,0
E,G,E,7059,100,7059,1,0
E,H,E,5004,100,5004,1,0
A,F,F,5187,100,5187,1,0
B,F,F,1402,100,1402,1,0
C,F,F,5150,100,5150,1,0
D,F,F,7136,100,7136,1,0
E,F,F,4971,100,4971,1,0
F,G,F,4978,100,4978,1,0
F,H,F,6964,100,6964,1,0
A,G,G,7170,100,7170,1,0
B,G,G,5225,100,5225,1,0
C,G,G,1377,100,1377,1,0
D,G,G,5169,100,5169,1,0
E,G,G,7030,100,7030,1,0
F,G,G,4960,100,4960,1,0
G,H,G,4959,100,4959,1,0
A,H,H,5175,100,5175,1,0
B,H,H,7135,100,7135,1,0
C,H,H,5119,100,5119,1,0
D,H,H,1403,100,1403,1,0
E,H,H,4967,100,4967,1,0
F,H,H,7007,100,7007,1,0
G,H,H,4920,100,4920,1,0
A,B,A,4947,100,4947,1,0
A,C,A,7002,100,7002,1,0
A,D,A,4964,100,4964,1,0
A,E,A,1389,100,1389,1,0
A,F,A,5223,100,5223,1,0
A,G,A,7190,100,7190,1,0
A,H,A,5125,100,5125,1,0
A,B,B,4924,100,4924,1,0
B,C,B,4999,100,4999,1,0
B,D,B,7010,100,7010,1,0
B,E,B,5148,100,5148,1,0
B,F,B,1398,100,1398,1,0
B,G,B,5202,100,5202,1,0
B,H,B,7118,100,7118,1,0
A,C,C,7033,100,7033,1,0
B,C,C,4962,100,4962,1,0
C,D,C,4951,100,4951,1,0
C,E,C,7153,100,7153,1,0
C,F,C,5116,100,5116,1,0
C,G,C,1400,100,1400,1,0
C,H,C,5132,100,5132,1,0
A,D,D,4955,100,4955,1,0
B,D,D,6970,100,6970,1,0
C,D,D,4980,100,4980,1,0
D,E,D,5217,100,5217,1,0
D,F,D,7153,100,7153,1,0
D,G,D,5153,100,5153,1,0
D,H,D,1405,100,1405,1,0
A,E,E,1411,100,1411,1,0
B,E,E,5126,100,5126,1,0
C,E,E,7185,100,7185,1,0
D,E,E,5224,100,5224,1,0
E,F,E,4971,100,4971,1,0
E,G,E,7054,100,7054,1,0
E,H,E,4983,100,4983,1,0
A,F,F,5187,100,5187,1,0
B,F,F,1420,100,1420,1,0
C,F,F,5177,100,5177,1,0
D,F,F,7127,100,7127,1,0
E,F,F,4982,100,4982,1,0
F,G,F,4977,100,4977,1,0
F,H,F,7032,100,7032,1,0
A,G,G,7122,100,7122,1,0
B,G,G,5197,100,5197,1,0
C,G,G,1423,100,1423,1,0
D,G,G,5163,100,5163,1,0
E,G,G,7031,100,7031,1,0
F,G,G,4985,100,4985,1,0
G,H,G,4960,100,4960,1,0
A,H,H,5112,100,5112,1,0
B,H,H,7153,100,7153,1,0
C,H,H,5164,100,5164,1,0
D,H,H,1390,100,1390,1,0
E,H,H,4967,100,4967,1,0
F,H,H,7046,100,7046,1,0
G,H,H,4986,100,4986,1,0
A,B,A,4923,100,4923,1,0
A,C,A,7005,100,7005,1,0
A,D,A,4946,100,4946,1,0
A,E,A,1412,100,1412,1,0
A,F,A,5163,100,5163,1,0
A,G,A,7167,100,7167,1,0
A,H,A,5122,100,5122,1,0
A,B,B,4957,100,4957,1,0
B,C,B,4996,100,4996,1,0
B,D,B,6972,100,6972,1,0
B,E,B,5119,100,5119,1,0
B,F,B,1377,100,1377,1,0
B,G,B,5141,100,5141,1,0
B,H,B,7122,100,7122,1,0
A,C,C,7014,100,7014,1,0
B,C,C,4953,100,4953,1,0
C,D,C,4955,100,4955,1,0
C,E,C,7144,100,7144,1,0
C,F,C,5177,100,5177,1,0
C,G,C,1424,100,1424,1,0
C,H,C,5153,100,5153,1,0
A,D,D,4915,100,4915,1,0
B,D,D,7006,100,7006,1,0
C,D,D,4973,100,4973,1,0
D,E,D,5128,100,5128,1,0
D,F,D,7118,100,7118,1,0
D,G,D,5104,100,5104,1,0
D,H,D,1467,100,1467,1,0
A,E,E,1504,100,1504,1,0
B,E,E,5162,100,5162,1,0
C,E,E,7188,100,7188,1,0
D,E,E,5238,100,5238,1,0
E,F,E,4953,100,4953,1,0
E,G,E,7050,100,7050,1,0
E,H,E,4964,100,4964,1,0
A,F,F,5183,100,5183,1,0
B,F,F,1394,100,1394,1,0
C,F,F,5122,100,5122,1,0
D,F,F,7135,100,7135,1,0
E,F,F,5008,100,5008,1,0
F,G,F,4967,100,4967,1,0
F,H,F,6947,100,6947,1,0
A,G,G,7142,100,7142,1,0
B,G,G,5183,100,5183,1,0
C,G,G,1401,100,1401,1,0
D,G,G,5085,100,5085,1,0
E,G,G,7036,100,7036,1,0
F,G,G,4958,100,4958,1,0
G,H,G,4945,100,4945,1,0
A,H,H,5146,100,5146,1,0
B,H,H,7164,100,7164,1,0
C,H,H,5132,100,5132,1,0
D,H,H,1418,100,1418,1,0
E,H,H,5021,100,5021,1,0
F,H,H,7016,100,7016,1,0
G,H,H,4977,100,4977,1,0
A,B,A,4976,100,4976,1,0
A,C,A,7040,100,7040,1,0
A,D,A,4938,100,4938,1,0
A,E,A,1427,100,1427,1,0
A,F,A,5222,100,5222,1,0
A,G,A,7192,100,7192,1,0
A,H,A,5192,100,5192,1,0
A,B,B,4952,100,4952,1,0
B,C,B,4988,100,4988,1,0
B,D,B,6998,100,6998,1,0
B,E,B,5128,100,5128,1,0
B,F,B,1401,100,1401,1,0
B,G,B,5175,100,5175,1,0
B,H,B,7118,100,7118,1,0
A,C,C,7087,100,7087,1,0
B,C,C,4991,100,4991,1,0
C,D,C,4942,100,4942,1,0
C,E,C,7183,100,7183,1,0
C,F,C,5167,100,5167,1,0
C,G,C,1418,100,1418,1,0
C,H,C,5106,100,5106,1,0
A,D,D,4930,100,4930,1,0
B,D,D,6994,100,6994,1,0
C,D,D,4928,100,4928,1,0
D,E,D,5183,100,5183,1,0
D,F,D,7113,100,7113,1,0
D,G,D,5122,100,5122,1,0
D,H,D,1366,100,1366,1,0
A,E,E,1441,100,1441,1,0
B,E,E,5116,100,5116,1,0
C,E,E,7193,100,7193,1,0
D,E,E,5235,100,5235,1,0
E,F,E,4985,100,4985,1,0
E,G,E,7069,100,7069,1,0
E,H,E,4968,100,4968,1,0
A,F,F,5162,100,5162,1,0
B,F,F,1395,100,1395,1,0
C,F,F,5175,100,5175,1,0
D,F,F,7152,100,7152,1,0
E,F,F,4963,100,4963,1,0
F,G,F,4944,100,4944,1,0
F,H,F,6977,100,6977,1,0
A,G,G,7168,100,7168,1,0
B,G,G,5203,100,5203,1,0
C,G,G,1422,100,1422,1,0
D,G,G,5147,100,5147,1,0
E,G,G,7043,100,7043,1,0
F,G,G,4980,100,4980,1,0
G,H,G,4945,100,4945,1,0
A,H,H,5149,100,5149,1,0
B,H,H,7135,100,7135,1,0
C,H,H,5172,100,5172,1,0
D,H,H,1376,100,1376,1,0
E,H,H,4981,100,4981,1,0
F,H,H,6973,100,6973,1,0
G,H,H,4978,100,4978,1,0
A,B,A,4967,100,4967,1,0
A,C,A,6992,100,6992,1,0
A,D,A,4959,100,4959,1,0
A,E,A,1421,100,1421,1,0
A,F,A,5188,100,5188,1,0
A,G,A,7122,100,7122,1,0
A,H,A,5174,100,5174,1,0
A,B,B,4993,100,4993,1,0
B,C,B,5015,100,5015,1,0
B,D,B,7010,100,7010,1,0
B,E,B,5149,100,5149,1,0
B,F,B,1371,100,1371,1,0
B,G,B,5200,100,5200,1,0
B,H,B,7170,100,7170,1,0
A,C,C,7046,100,7046,1,0
B,C,C,4970,100,4970,1,0
C,D,C,4942,100,4942,1,0
C,E,C,7193,100,7193,1,0
C,F,C,5151,100,5151,1,0
C,G,C,1406,100,1406,1,0
C,H,C,5161,100,5161,1,0
A,D,D,4955,100,4955,1,0
B,D,D,6987,100,6987,1,0
C,D,D,4970,100,4970,1,0
D,E,D,5210,100,5210,1,0
D,F,D,7115,100,7115,1,0
D,G,D,5112,100,5112,1,0
D,H,D,1416,100,1416,1,0
A,E,E,1394,100,1394,1,0
B,E,E,5170,100,5170,1,0
C,E,E,7175,100,7175,1,0
D,E,E,5208,100,5208,1,0
E,F,E,5013,100,5013,1,0
E,G,E,7080,100,7080,1,0
E,H,E,4980,100,4980,1,0
A,F,F,5180,100,5180,1,0
B,F,F,1378,100,1378,1,0
C,F,F,5157,100,5157,1,0
D,F,F,7128,100,7128,1,0
E,F,F,4989,100,4989,1,0
F,G,F,4964,100,4964,1,0
F,H,F,7021,100,7021,1,0
A,G,G,7156,100,7156,1,0
B,G,G,5159,100,5159,1,0
C,G,G,1382,100,1382,1,0
D,G,G,5158,100,5158,1,0
E,G,G,7030,100,7030,1,0
F,G,G,4992,100,4992,1,0
G,H,G,4927,100,4927,1,0
A,H,H,5133,100,5133,1,0
B,H,H,7122,100,7122,1,0
C,H,H,5172,100,5172,1,0
D,H,H,1447,100,1447,1,0
E,H,H,4994,100,4994,1,0
F,H,H,7028,100,7028,1,0
G,H,H,4930,100,4930,1,0
A,B,A,5001,100,5001,1,0
A,C,A,7019,100,7019,1,0
A,D,A,4961,100,4961,1,0
A,E,A,1436,100,1436,1,0
A,F,A,5148,100,5148,1,0
A,G,A,7170,100,7170,1,0
A,H,A,5189,100,5189,1,0
A,B,B,4962,100,4962,1,0
B,C,B,4956,100,4956,1,0
B,D,B,7016,100,7016,1,0
B,E,B,5160,100,5160,1,0
B,F,B,1391,100,1391,1,0
B,G,B,5188,100,5188,1,0
B,H,B,7115,100,7115,1,0
A,C,C,7023,100,7023,1,0
B,C,C,5022,100,5022,1,0
C,D,C,4966,100,4966,1,0
C,E,C,7169,100,7169,1,0
C,F,C,5139,100,5139,1,0
C,G,C,1385,100,1385,1,0
C,H,C,5144,100,5144,1,0
A,D,D,4946,100,4946,1,0
B,D,D,7002,100,7002,1,0
C,D,D,4983,100,4983,1,0
D,E,D,5146,100,5146,1,0
D,F,D,7164,100,7164,1,0
D,G,D,5149,100,5149,1,0
D,H,D,1398,100,1398,1,0
A,E,E,1466,100,1466,1,0
B,E,E,5097,100,5097,1,0
C,E,E,7149,100,7149,1,0
D,E,E,5095,100,5095,1,0
E,F,E,4986,100,4986,1,0
E,G,E,7047,100,7047,1,0
E,H,E,4987,100,4987,1,0
A,F,F,5181,100,5181,1,0
B,F,F,1412,100,1412,1,0
C,F,F,5152,100,5152,1,0
D,F,F,7157,100,7157,1,0
E,F,F,4961,100,4961,1,0
F,G,F,4983,100,4983,1,0
F,H,F,7006,100,7006,1,0
A,G,G,7180,100,7180,1,0
B,G,G,5156,100,5156,1,0
C,G,G,1418,100,1418,1,0
D,G,G,5123,100,5123,1,0
E,G,G,7043,100,7043,1,0
F,G,G,4986,100,4986,1,0
G,H,G,4908,100,4908,1,0
A,H,H,5129,100,5129,1,0
B,H,H,7123,100,7123,1,0
C,H,H,5150,100,5150,1,0
D,H,H,1350,100,1350,1,0
E,H,H,4973,100,4973,1,0
F,H,H,7007,100,7007,1,0
G,H,H,4975,100,4975,1,0
A,B,A,4979,100,4979,1,0
A,C,A,7020,100,7020,1,0
A,D,A,4946,100,4946,1,0
A,E,A,1461,100,1461,1,0
A,F,A,5163,100,5163,1,0
A,G,A,7171,100,7171,1,0
A,H,A,5100,100,5100,1,0
A,B,B,4998,100,4998,1,0
B,C,B,5002,100,5002,1,0
B,D,B,7029,100,7029,1,0
B,E,B,5147,100,5147,1,0
B,F,B,1351,100,1351,1,0
B,G,B,5180,100,5180,1,0
B,H,B,7164,100,7164,1,0
A,C,C,7007,100,7007,1,0
B,C,C,4959,100,4959,1,0
C,D,C,4910,100,4910,1,0
C,E,C,7168,100,7168,1,0
C,F,C,5164,100,5164,1,0
C,G,C,1404,100,1404,1,0
C,H,C,5149,100,5149,1,0
A,D,D,4935,100,4935,1,0
B,D,D,6991,100,6991,1,0
C,D,D,5001,100,5001,1,0
D,E,D,5153,100,5153,1,0
D,F,D,7179,100,7179,1,0
D,G,D,5156,100,5156,1,0
D,H,D,1360,100,1360,1,0
A,E,E,1414,100,1414,1,0
B,E,E,5127,100,5127,1,0
C,E,E,7148,100,7148,1,0
D,E,E,5176,100,5176,1,0
E,F,E,4959,100,4959,1,0
E,G,E,7048,100,7048,1,0
E,H,E,4969,100,4969,1,0
A,F,F,5157,100,5157,1,0
B,F,F,1425,100,1425,1,0
C,F,F,5181,100,5181,1,0
D,F,F,7173,100,7173,1,0
E,F,F,4983,100,4983,1,0
F,G,F,4983,100,4983,1,0
F,H,F,6998,100,6998,1,0
A,G,G,7181,100,7181,1,0
B,G,G,5158,100,5158,1,0
C,G,G,1436,100,1436,1,0
D,G,G,5143,100,5143,1,0
E,G,G,7032,100,7032,1,0
F,G,G,4994,100,4994,1,0
G,H,G,4966,100,4966,1,0
A,H,H,5158,100,5158,1,0
B,H,H,7137,100,7137,1,0
C,H,H,5155,100,5155,1,0
D,H,H,1455,100,1455,1,0
E,H,H,4991,100,4991,1,0
F,H,H,7006,100,7006,1,0
G,H,H,4965,100,4965,1,0
A,B,A,4948,100,4948,1,0
A,C,A,7008,100,7008,1,0
A,D,A,4967,100,4967,1,0
A,E,A,1407,100,1407,1,0
A,F,A,5163,100,5163,1,0
A,G,A,7191,100,7191,1,0
A,H,A,5132,100,5132,1,0
A,B,B,4948,100,4948,1,0
B,C,B,4972,100,4972,1,0
B,D,B,6986,100,6986,1,0
B,E,B,5137,100,5137,1,0
B,F,B,1400,100,1400,1,0
B,G,B,5207,100,5207,1,0
B,H,B,7190,100,7190,1,0
A,C,C,7104,100,7104,1,0
B,C,C,4974,100,4974,1,0
C,D,C,4904,100,4904,1,0
C,E,C,7188,100,7188,1,0
C,F,C,5186,100,5186,1,0
C,G,C,1405,100,1405,1,0
C,H,C,5192,100,5192,1,0
A,D,D,4957,100,4957,1,0
B,D,D,6971,100,6971,1,0
C,D,D,4957,100,4957,1,0
D,E,D,5222,100,5222,1,0
D,F,D,7120,100,7120,1,0
D,G,D,5127,100,5127,1,0
D,H,D,1443,100,1443,1,0
A,E,E,1396,100,1396,1,0
B,E,E,5146,100,5146,1,0
C,E,E,7194,100,7194,1,0
D,E,E,5089,100,5089,1,0
E,F,E,4995,100,4995,1,0
E,G,E,7038,100,7038,1,0
E,H,E,4960,100,4960,1,0
A,F,F,5195,100,5195,1,0
B,F,F,1407,100,1407,1,0
C,F,F,5138,100,5138,1,0
D,F,F,7152,100,7152,1,0
E,F,F,4993,100,4993,1,0
F,G,F,4955,100,4955,1,0
F,H,F,7001,100,7001,1,0
A,G,G,7155,100,7155,1,0
B,G,G,5239,100,5239,1,0
C,G,G,1405,100,1405,1,0
D,G,G,5134,100,5134,1,0
E,G,G,7083,100,7083,1,0
F,G,G,4969,100,4969,1,0
G,H,G,4929,100,4929,1,0
A,H,H,5144,100,5144,1,0
B,H,H,7135,100,7135,1,0
C,H,H,5139,100,5139,1,0
D,H,H,1361,100,1361,1,0
E,H,H,4949,100,4949,1,0
F,H,H,7014,100,7014,1,0
G,H,H,4965,100,4965,1,0
A,B,A,4918,100,4918,1,0
A,C,A,7046,100,7046,1,0
A,D,A,4952,100,4952,1,0
A,E,A,1449,100,1449,1,0
A,F,A,5151,100,5151,1,0
A,G,A,7140,100,7140,1,0
A,H,A,5130,100,5130,1,0
A,B,B,4953,100,4953,1,0
B,C,B,4977,100,4977,1,0
B,D,B,6991,100,6991,1,0
B,E,B,5134,100,5134,1,0
B,F,B,1405,100,1405,1,0
B,G,B,5203,100,5203,1,0
B,H,B,7169,100,7169,1,0
A,C,C,7016,100,7016,1,0
B,C,C,4991,100,4991,1,0
C,D,C,4982,100,4982,1,0
C,E,C,7200,100,7200,1,0
C,F,C,5168,100,5168,1,0
C,G,C,1416,100,1416,1,0
C,H,C,5120,100,5120,1,0
A,D,D,4951,100,4951,1,0
B,D,D,7010,100,7010,1,0
C,D,D,4926,100,4926,1,0
D,E,D,5212,100,5212,1,0
D,F,D,7130,100,7130,1,0
D,G,D,5126,100,5126,1,0
D,H,D,1403,100,1403,1,0
A,E,E,1463,100,1463,1,0
B,E,E,5171,100,5171,1,0
C,E,E,7226,100,7226,1,0
D,E,E,5183,100,5183,1,0
E,F,E,4962,100,4962,1,0
E,G,E,7057,100,7057,1,0
E,H,E,4991,100,4991,1,0
A,F,F,5193,100,5193,1,0
B,F,F,1391,100,1391,1,0
C,F,F,5170,100,5170,1,0
D,F,F,7131,100,7131,1,0
E,F,F,4983,100,4983,1,0
F,G,F,4995,100,4995,1,0
F,H,F,6967,100,6967,1,0
A,G,G,7202,100,7202,1,0
B,G,G,5179,100,5179,1,0
C,G,G,1381,100,1381,1,0
D,G,G,5118,100,5118,1,0
E,G,G,7041,100,7041,1,0
F,G,G,4998,100,4998,1,0
G,H,G,4922,100,4922,1,0
A,H,H,5137,100,5137,1,0
B,H,H,7145,100,7145,1,0
C,H,H,5174,100,5174,1,0
D,H,H,1377,100,1377,1,0
E,H,H,4997,100,4997,1,0
F,H,H,6963,100,6963,1,0
G,H,H,4945,100,4945,1,0
A,B,A,4969,100,4969,1,0
A,C,A,7043,100,7043,1,0
A,D,A,4953,100,4953,1,0
A,E,A,1432,100,1432,1,0
A,F,A,5177,100,5177,1,0
A,G,A,7144,100,7144,1,0
A,H,A,5144,100,5144,1,0
A,B,B,4990,100,4990,1,0
B,C,B,4986,100,4986,1,0
B,D,B,7018,100,7018,1,0
B,E,B,5161,100,5161,1,0
B,F,B,1401,100,1401,1,0
B,G,B,5198,100,5198,1,0
B,H,B,7137,100,7137,1,0
A,C,C,6996,100,6996,1,0
B,C,C,4945,100,4945,1,0
C,D,C,4915,100,4915,1,0
C,E,C,7178,100,7178,1,0
C,F,C,5135,100,5135,1,0
C,G,C,1387,100,1387,1,0
C,H,C,5153,100,5153,1,0
A,D,D,4975,100,4975,1,0
B,D,D,6993,100,6993,1,0
C,D,D,4957,100,4957,1,0
D,E,D,5210,100,5210,1,0
D,F,D,7107,100,7107,1,0
D,G,D,5103,100,5103,1,0
D,H,D,1400,100,1400,1,0
A,E,E,1432,100,1432,1,0
B,E,E,5163,100,5163,1,0
C,E,E,7198,100,7198,1,0
D,E,E,5197,100,5197,1,0
E,F,E,5001,100,5001,1,0
E,G,E,7070,100,7070,1,0
E,H,E,4954,100,4954,1,0
A,F,F,5132,100,5132,1,0
B,F,F,1380,100,1380,1,0
C,F,F,5160,100,5160,1,0
D,F,F,7152,100,7152,1,0
E,F,F,4969,100,4969,1,0
F,G,F,4979,100,4979,1,0
F,H,F,6989,100,6989,1,0
A,G,G,7190,100,7190,1,0
B,G,G,5164,100,5164,1,0
C,G,G,1400,100,1400,1,0
D,G,G,5161,100,5161,1,0
E,G,G,7032,100,7032,1,0
F,G,G,4969,100,4969,1,0
G,H,G,4942,100,4942,1,0
A,H,H,5144,100,5144,1,0
B,H,H,7150,100,7150,1,0
C,H,H,5176,100,5176,1,0
D,H,H,1410,100,1410,1,0
E,H,H,4999,100,4999,1,0
F,H,H,7024,100,7024,1,0
G,H,H,4912,100,4912,1,0
A,B,A,4979,100,4979,1,0
A,C,A,7006,100,7006,1,0
A,D,A,4950,100,4950,1,0
A,E,A,1374,100,1374,1,0
A,F,A,5186,100,5186,1,0
A,G,A,7189,100,7189,1,0
A,H,A,5116,100,5116,1,0
A,B,B,4954,100,4954,1,0
B,C,B,4954,100,4954,1,0
B,D,B,6991,100,6991,1,0
B,E,B,5147,100,5147,1,0
B,F,B,1410,100,1410,1,0
B,G,B,5151,100,5151,1,0
B,H,B,7198,100,7198,1,0
A,C,C,7004,100,7004,1,0
B,C,C,4995,100,4995,1,0
C,D,C,4937,100,4937,1,0
C,E,C,7189,100,7189,1,0
C,F,C,5147,100,5147,1,0
C,G,C,1414,100,1414,1,0
C,H,C,5176,100,5176,1,0
A,D,D,4954,100,4954,1,0
B,D,D,6976,100,6976,1,0
C,D,D,4925,100,4925,1,0
D,E,D,5151,100,5151,1,0
D,F,D,7159,100,7159,1,0
D,G,D,5105,100,5105,1,0
D,H,D,1443,100,1443,1,0
A,E,E,1489,100,1489,1,0
B,E,E,5132,100,5132,1,0
C,E,E,7113,100,7113,1,0
D,E,E,5185,100,5185,1,0
E,F,E,4988,100,4988,1,0
E,G,E,7087,100,7087,1,0
E,H,E,4992,100,4992,1,0
A,F,F,5177,100,5177,1,0
B,F,F,1367,100,1367,1,0
C,F,F,5162,100,5162,1,0
D,F,F,7131,100,7131,1,0
E,F,F,4979,100,4979,1,0
F,G,F,4986,100,4986,1,0
F,H,F,7007,100,7007,1,0
A,G,G,7171,100,7171,1,0
B,G,G,5202,100,5202,1,0
C,G,G,1427,100,1427,1,0
D,G,G,5139,100,5139,1,0
E,G,G,7047,100,7047,1,0
F,G,G,4962,100,4962,1,0
G,H,G,4957,100,4957,1,0
A,H,H,5122,100,5122,1,0
B,H,H,7135,100,7135,1,0
C,H,H,5175,100,5175,1,0
D,H,H,1404,100,1404,1,0
E,H,H,5003,100,5003,1,0
F,H,H,6992,100,6992,1,0
G,H,H,4970,100,4970,1,0
A,B,A,4923,100,4923,1,0
A,C,A,7043,100,7043,1,0
A,D,A,4952,100,4952,1,0
A,E,A,1447,100,1447,1,0
A,F,A,5151,100,5151,1,0
A,G,A,7128,100,7128,1,0
A,H,A,5129,100,5129,1,0
A,B,B,4957,100,4957,1,0
B,C,B,4968,100,4968,1,0
B,D,B,7022,100,7022,1,0
B,E,B,5164,100,5164,1,0
B,F,B,1351,100,1351,1,0
B,G,B,5190,100,5190,1,0
B,H,B,7164,100,7164,1,0
A,C,C,7020,100,7020,1,0
B,C,C,4938,100,4938,1,0
C,D,C,4956,100,4956,1,0
C,E,C,7179,100,7179,1,0
C,F,C,5173,100,5173,1,0
C,G,C,1438,100,1438,1,0
C,H,C,5137,100,5137,1,0
A,D,D,4961,100,4961,1,0
B,D,D,6998,100,6998,1,0
C,D,D,4961,100,4961,1,0
D,E,D,5199,100,5199,1,0
D,F,D,7155,100,7155,1,0
D,G,D,5150,100,5150,1,0
D,H,D,1337,100,1337,1,0
A,E,E,1351,100,1351,1,0
B,E,E,5171,100,5171,1,0
C,E,E,7181,100,7181,1,0
D,E,E,5177,100,5177,1,0
E,F,E,4958,100,4958,1,0
E,G,E,7048,100,7048,1,0
E,H,E,4971,100,4971,1,0
A,F,F,5173,100,5173,1,0
B,F,F,1372,100,1372,1,0
C,F,F,5148,100,5148,1,0
D,F,F,7159,100,7159,1,0
E,F,F,4985,100,4985,1,0
F,G,F,4983,100,4983,1,0
F,H,F,7066,100,7066,1,0
A,G,G,7158,100,7158,1,0
B,G,G,5186,100,5186,1,0
C,G,G,1390,100,1390,1,0
D,G,G,5137,100,5137,1,0
E,G,G,7041,100,7041,1,0
F,G,G,4969,100,4969,1,0
G,H,G,4945,100,4945,1,0
A,H,H,5174,100,5174,1,0
B,H,H,7146,100,7146,1,0
C,H,H,5147,100,5147,1,0
D,H,H,1377,100,1377,1,0
E,H,H,4975,100,4975,1,0
F,H,H,7004,100,7004,1,0
G,H,H,4973,100,4973,1,0
A,B,A,4968,100,4968,1,0
A,C,A,7017,100,7017,1,0
A,D,A,4964,100,4964,1,0
A,E,A,1446,100,1446,1,0
A,F,A,5175,100,5175,1,0
A,G,A,7157,100,7157,1,0
A,H,A,5096,100,5096,1,0
A,B,B,4930,100,4930,1,0
B,C,B,5003,100,5003,1,0
B,D,B,6980,100,6980,1,0
B,E,B,5132,100,5132,1,0
B,F,B,1388,100,1388,1,0
B,G,B,5187,100,5187,1,0
B,H,B,7130,100,7130,1,0
A,C,C,7019,100,7019,1,0
B,C,C,4994,100,4994,1,0
C,D,C,4966,100,4966,1,0
C,E,C,7156,100,7156,1,0
C,F,C,5138,100,5138,1,0
C,G,C,1419,100,1419,1,0
C,H,C,5144,100,5144,1,0
A,D,D,4940,100,4940,1,0
B,D,D,7017,100,7017,1,0
C,D,D,4966,100,4966,1,0
D,E,D,5152,100,5152,1,0
D,F,D,7135,100,7135,1,0
D,G,D,5137,100,5137,1,0
D,H,D,1409,100,1409,1,0
A,E,E,1419,100,1419,1,0
B,E,E,5129,100,5129,1,0
C,E,E,7209,100,7209,1,0
D,E,E,5252,100,5252,1,0
E,F,E,4973,100,4973,1,0
E,G,E,7041,100,7041,1,0
E,H,E,4972,100,4972,1,0
A,F,F,5167,100,5167,1,0
B,F,F,1388,100,1388,1,0
C,F,F,5189,100,5189,1,0
D,F,F,7124,100,7124,1,0
E,F,F,4978,100,4978,1,0
F,G,F,4978,100,4978,1,0
F,H,F,7032,100,7032,1,0
A,G,G,7169,100,7169,1,0
B,G,G,5210,100,5210,1,0
C,G,G,1378,100,1378,1,0
D,G,G,5129,100,5129,1,0
E,G,G,7041,100,7041,1,0
F,G,G,4948,100,4948,1,0
G,H,G,4917,100,4917,1,0
A,H,H,5092,100,5092,1,0
B,H,H,7161,100,7161,1,0
C,H,H,5134,100,5134,1,0
D,H,H,1397,100,1397,1,0
E,H,H,4975,100,4975,1,0
F,H,H,7029,100,7029,1,0
G,H,H,4972,100,4972,1,0
A,B,A,4975,100,4975,1,0
A,C,A,6989,100,6989,1,0
A,D,A,4946,100,4946,1,0
A,E,A,1423,100,1423,1,0
A,F,A,5173,100,5173,1,0
A,G,A,7167,100,7167,1,0
A,H,A,5144,100,5144,1,0
A,B,B,4989,100,4989,1,0
B,C,B,4967,100,4967,1,0
B,D,B,7012,100,7012,1,0
B,E,B,5121,100,5121,1,0
B,F,B,1386,100,1386,1,0
B,G,B,5206,100,5206,1,0
B,H,B,7098,100,7098,1,0
A,C,C,6967,100,6967,1,0
B,C,C,5000,100,5000,1,0
C,D,C,4946,100,4946,1,0
C,E,C,7155,100,7155,1,0
C,F,C,5162,100,5162,1,0
C,G,C,1372,100,1372,1,0
C,H,C,5151,100,5151,1,0
A,D,D,4962,100,4962,1,0
B,D,D,7013,100,7013,1,0
C,D,D,4933,100,4933,1,0
D,E,D,5171,100,5171,1,0
D,F,D,7121,100,7121,1,0
D,G,D,5133,100,5133,1,0
D,H,D,1422,100,1422,1,0
A,E,E,1438,100,1438,1,0
B,E,E,5146,100,5146,1,0
C,E,E,7117,100,7117,1,0
D,E,E,5198,100,5198,1,0
E,F,E,4972,100,4972,1,0
E,G,E,7039,100,7039,1,0
E,H,E,4949,100,4949,1,0
A,F,F,5200,100,5200,1,0
B,F,F,1385,100,1385,1,0
C,F,F,5134,100,5134,1,0
D,F,F,7122,100,7122,1,0
E,F,F,4975,100,4975,1,0
F,G,F,5004,100,5004,1,0
F,H,F,6960,100,6960,1,0
A,G,G,7113,100,7113,1,0
B,G,G,5169,100,5169,1,0
C,G,G,1407,100,1407,1,0
D,G,G,5180,100,5180,1,0
E,G,G,7048,100,7048,1,0
F,G,G,4947,100,4947,1,0
G,H,G,4933,100,4933,1,0
A,H,H,5159,100,5159,1,0
B,H,H,7144,100,7144,1,0
C,H,H,5158,100,5158,1,0
D,H,H,1355,100,1355,1,0
E,H,H,4969,100,4969,1,0
F,H,H,7000,100,7000,1,0
G,H,H,4913,100,4913,1,0
A,B,A,4972,100,4972,1,0
A,C,A,7019,100,7019,1,0
A,D,A,4959,100,4959,1,0
A,E,A,1376,100,1376,1,0
A,F,A,5190,100,5190,1,0
A,G,A,7197,100,7197,1,0
A,H,A,5108,100,5108,1,0
A,B,B,4909,100,4909,1,0
B,C,B,4977,100,4977,1,0
B,D,B,7016,100,7016,1,0
B,E,B,5170,100,5170,1,0
B,F,B,1422,100,1422,1,0
B,G,B,5186,100,5186,1,0
B,H,B,7184,100,7184,1,0
A,C,C,6990,100,6990,1,0
B,C,C,4911,100,4911,1,0
C,D,C,4970,100,4970,1,0
C,E,C,7203,100,7203,1,0
C,F,C,5162,100,5162,1,0
C,G,C,1379,100,1379,1,0
C,H,C,5139,100,5139,1,0
A,D,D,4947,100,4947,1,0
B,D,D,6986,100,6986,1,0
C,D,D,4928,100,4928,1,0
D,E,D,5181,100,5181,1,0
D,F,D,7125,100,7125,1,0
D,G,D,5178,100,5178,1,0
D,H,D,1424,100,1424,1,0
A,E,E,1443,100,1443,1,0
B,E,E,5116,100,5116,1,0
C,E,E,7191,100,7191,1,0
D,E,E,5217,100,5217,1,0
E,F,E,4935,100,4935,1,0
E,G,E,7041,100,7041,1,0
E,H,E,4962,100,4962,1,0
A,F,F,5207,100,5207,1,0
B,F,F,1381,100,1381,1,0
C,F,F,5154,100,5154,1,0
D,F,F,7124,100,7124,1,0
E,F,F,4976,100,4976,1,0
F,G,F,4993,100,4993,1,0
F,H,F,7054,100,7054,1,0
A,G,G,7181,100,7181,1,0
B,G,G,5205,100,5205,1,0
C,G,G,1402,100,1402,1,0
D,G,G,5148,100,5148,1,0
E,G,G,7040,100,7040,1,0
F,G,G,4969,100,4969,1,0
G,H,G,4917,100,4917,1,0
A,H,H,5175,100,5175,1,0
B,H,H,7150,100,7150,1,0
C,H,H,5144,100,5144,1,0
D,H,H,1401,100,1401,1,0
E,H,H,4996,100,4996,1,0
F,H,H,7000,100,7000,1,0
G,H,H,4945,100,4945,1,0
A,B,A,4944,100,4944,1,0
A,C,A,7010,100,7010,1,0
A,D,A,4945,100,4945,1,0
A,E,A,1402,100,1402,1,0
A,F,A,5155,100,5155,1,0
A,G,A,7197,100,7197,1,0
A,H,A,5123,100,5123,1,0
A,B,B,4948,100,4948,1,0
B,C,B,5046,100,5046,1,0
B,D,B,6980,100,6980,1,0
B,E,B,5191,100,5191,1,0
B,F,B,1380,100,1380,1,0
B,G,B,5176,100,5176,1,0
B,H,B,7154,100,7154,1,0
A,C,C,7006,100,7006,1,0
B,C,C,4979,100,4979,1,0
C,D,C,4995,100,4995,1,0
C,E,C,7156,100,7156,1,0
C,F,C,5163,100,5163,1,0
C,G,C,1371,100,1371,1,0
C,H,C,5134,100,5134,1,0
A,D,D,4960,100,4960,1,0
B,D,D,7028,100,7028,1,0
C,D,D,4953,100,4953,1,0
D,E,D,5199,100,5199,1,0
D,F,D,7153,100,7153,1,0
D,G,D,5174,100,5174,1,0
D,H,D,1415,100,1415,1,0
A,E,E,1442,100,1442,1,0
B,E,E,5147,100,5147,1,0
C,E,E,7165,100,7165,1,0
D,E,E,5152,100,5152,1,0
E,F,E,4972,100,4972,1,0
E,G,E,7058,100,7058,1,0
E,H,E,4961,100,4961,1,0
A,F,F,5148,100,5148,1,0
B,F,F,1401,100,1401,1,0
C,F,F,5142,100,5142,1,0
D,F,F,7147,100,7147,1,0
E,F,F,4978,100,4978,1,0
F,G,F,4972,100,4972,1,0
F,H,F,7027,100,7027,1,0
A,G,G,7151,100,7151,1,0
B,G,G,5174,100,5174,1,0
C,G,G,1373,100,1373,1,0
D,G,G,5123,100,5123,1,0
E,G,G,7084,100,7084,1,0
F,G,G,4966,100,4966,1,0
G,H,G,4947,100,4947,1,0
A,H,H,5141,100,5141,1,0
B,H,H,7154,100,7154,1,0
C,H,H,5165,100,5165,1,0
D,H,H,1380,100,1380,1,0
E,H,H,4980,100,4980,1,0
F,H,H,7019,100,7019,1,0
G,H,H,4952,100,4952,1,0
A,B,A,4975,100,4975,1,0
A,C,A,7037,100,7037,1,0
A,D,A,4952,100,4952,1,0
A,E,A,1438,100,1438,1,0
A,F,A,5197,100,5197,1,0
A,G,A,7178,100,7178,1,0
A,H,A,5159,100,5159,1,0
A,B,B,4949,100,4949,1,0
B,C,B,4971,100,4971,1,0
B,D,B,7017,100,7017,1,0
B,E,B,5130,100,5130,1,0
B,F,B,1391,100,1391,1,0
B,G,B,5205,100,5205,1,0
B,H,B,7109,100,7109,1,0
A,C,C,6971,100,6971,1,0
B,C,C,4998,100,4998,1,0
C,D,C,4963,100,4963,1,0
C,E,C,7158,100,7158,1,0
C,F,C,5155,100,5155,1,0
C,G,C,1431,100,1431,1,0
C,H,C,5149,100,5149,1,0
A,D,D,4951,100,4951,1,0
B,D,D,7015,100,7015,1,0
C,D,D,4953,100,4953,1,0
D,E,D,5158,100,5158,1,0
D,F,D,7141,100,7141,1,0
D,G,D,5116,100,5116,1,0
D,H,D,1372,100,1372,1,0
A,E,E,1432,100,1432,1,0
B,E,E,5155,100,5155,1,0
C,E,E,7153,100,7153,1,0
D,E,E,5136,100,5136,1,0
E,F,E,4953,100,4953,1,0
E,G,E,7061,100,7061,1,0
E,H,E,4960,100,4960,1,0
A,F,F,5183,100,5183,1,0
B,F,F,1414,100,1414,1,0
C,F,F,5157,100,5157,1,0
D,F,F,7135,100,7135,1,0
E,F,F,4967,100,4967,1,0
F,G,F,4972,100,4972,1,0
F,H,F,6969,100,6969,1,0
A,G,G,7139,100,7139,1,0
B,G,G,5169,100,5169,1,0
C,G,G,1379,100,1379,1,0
D,G,G,5117,100,5117,1,0
E,G,G,7025,100,7025,1,0
F,G,G,4972,100,4972,1,0
G,H,G,4917,100,4917,1,0
A,H,H,5125,100,5125,1,0
B,H,H,7182,100,7182,1,0
C,H,H,5146,100,5146,1,0
D,H,H,1372,100,1372,1,0
E,H,H,4978,100,4978,1,0
F,H,H,7029,100,7029,1,0
G,H,H,4973,100,4973,1,0
A,B,A,4941,100,4941,1,0
A,C,A,6999,100,6999,1,0
A,D,A,4950,100,4950,1,0
A,E,A,1398,100,1398,1,0
A,F,A,5185,100,5185,1,0
A,G,A,7173,100,7173,1,0
A,H,A,5194,100,5194,1,0
A,B,B,4998,100,4998,1,0
B,C,B,5048,100,5048,1,0
B,D,B,7018,100,7018,1,0
B,E,B,5143,100,5143,1,0
B,F,B,1402,100,1402,1,0
B,G,B,5185,100,5185,1,0
B,H,B,7177,100,7177,1,0
A,C,C,7022,100,7022,1,0
B,C,C,4974,100,4974,1,0
C,D,C,4941,100,4941,1,0
C,E,C,7142,100,7142,1,0
C,F,C,5112,100,5112,1,0
C,G,C,1380,100,1380,1,0
C,H,C,5137,100,5137,1,0
A,D,D,4954,100,4954,1,0
B,D,D,7052,100,7052,1,0
C,D,D,4951,100,4951,1,0
D,E,D,5170,100,5170,1,0
D,F,D,7129,100,7129,1,0
D,G,D,5153,100,5153,1,0
D,H,D,1327,100,1327,1,0
A,E,E,1442,100,1442,1,0
B,E,E,5161,100,5161,1,0
C,E,E,7174,100,7174,1,0
D,E,E,5176,100,5176,1,0
E,F,E,4986,100,4986,1,0
E,G,E,7072,100,7072,1,0
E,H,E,4989,100,4989,1,0
A,F,F,5162,100,5162,1,0
B,F,F,1399,100,1399,1,0
C,F,F,5169,100,5169,1,0
D,F,F,7133,100,7133,1,0
E,F,F,5021,100,5021,1,0
F,G,F,4963,100,4963,1,0
F,H,F,7038,100,7038,1,0
A,G,G,7196,100,7196,1,0
B,G,G,5182,100,5182,1,0
C,G,G,1390,100,1390,1,0
D,G,G,5133,100,5133,1,0
E,G,G,7058,100,7058,1,0
F,G,G,4994,100,4994,1,0
G,H,G,4917,100,4917,1,0
A,H,H,5106,100,5106,1,0
B,H,H,7137,100,7137,1,0
C,H,H,5200,100,5200,1,0
D,H,H,1400,100,1400,1,0
E,H,H,4982,100,4982,1,0
F,H,H,7022,100,7022,1,0
G,H,H,4937,100,4937,1,0
A,B,A,4919,100,4919,1,0
A,C,A,6994,100,6994,1,0
A,D,A,4948,100,4948,1,0
A,E,A,1370,100,1370,1,0
A,F,A,5185,100,5185,1,0
A,G,A,7185,100,7185,1,0
A,H,A,5096,100,5096,1,0
A,B,B,4935,100,4935,1,0
B,C,B,5015,100,5015,1,0
B,D,B,6996,100,6996,1,0
B,E,B,5141,100,5141,1,0
B,F,B,1388,100,1388,1,0
B,G,B,5214,100,5214,1,0
B,H,B,7204,100,7204,1,0
A,C,C,7013,100,7013,1,0
B,C,C,4980,100,4980,1,0
C,D,C,4957,100,4957,1,0
C,E,C,7175,100,7175,1,0
C,F,C,5168,100,5168,1,0
C,G,C,1404,100,1404,1,0
C,H,C,5165,100,5165,1,0
A,D,D,4945,100,4945,1,0
B,D,D,7058,100,7058,1,0
C,D,D,4901,100,4901,1,0
D,E,D,5141,100,5141,1,0
D,F,D,7172,100,7172,1,0
D,G,D,5149,100,5149,1,0
D,H,D,1391,100,1391,1,0
A,E,E,1411,100,1411,1,0
B,E,E,5147,100,5147,1,0
C,E,E,7205,100,7205,1,0
D,E,E,5164,100,5164,1,0
E,F,E,4984,100,4984,1,0
E,G,E,7045,100,7045,1,0
E,H,E,4950,100,4950,1,0
A,F,F,5145,100,5145,1,0
B,F,F,1371,100,1371,1,0
C,F,F,5146,100,5146,1,0
D,F,F,7170,100,7170,1,0
E,F,F,5000,100,5000,1,0
F,G,F,4995,100,4995,1,0
F,H,F,7015,100,7015,1,0
A,G,G,7193,100,7193,1,0
B,G,G,5173,100,5173,1,0
C,G,G,1380,100,1380,1,0
D,G,G,5124,100,5124,1,0
E,G,G,7067,100,7067,1,0
F,G,G,4969,100,4969,1,0
G,H,G,4959,100,4959,1,0
A,H,H,5123,100,5123,1,0
B,H,H,7145,100,7145,1,0
C,H,H,5112,100,5112,1,0
D,H,H,1463,100,1463,1,0
E,H,H,4954,100,4954,1,0
F,H,H,7020,100,7020,1,0
G,H,H,4951,100,4951,1,0
A,B,A,4958,100,4958,1,0
A,C,A,7006,100,7006,1,0
A,D,A,4962,100,4962,1,0
A,E,A,1406,100,1406,1,0
A,F,A,5187,100,5187,1,0
A,G,A,7199,100,7199,1,0
A,H,A,5186,100,5186,1,0
A,B,B,4971,100,4971,1,0
B,C,B,4990,100,4990,1,0
B,D,B,6977,100,6977,1,0
B,E,B,5163,100,5163,1,0
B,F,B,1377,100,1377,1,0
B,G,B,5179,100,5179,1,0
B,H,B,7117,100,7117,1,0
A,C,C,7006,100,7006,1,0
B,C,C,4959,100,4959,1,0
C,D,C,4965,100,4965,1,0
C,E,C,7115,100,7115,1,0
C,F,C,5135,100,5135,1,0
C,G,C,1428,100,1428,1,0
C,H,C,5132,100,5132,1,0
A,D,D,4954,100,4954,1,0
B,D,D,6962,100,6962,1,0
C,D,D,4989,100,4989,1,0
D,E,D,5185,100,5185,1,0
D,F,D,7145,100,7145,1,0
D,G,D,5131,100,5131,1,0
D,H,D,1403,100,1403,1,0
A,E,E,1452,100,1452,1,0
B,E,E,5155,100,5155,1,0
C,E,E,7193,100,7193,1,0
D,E,E,5219,100,5219,1,0
E,F,E,4976,100,4976,1,0
E,G,E,7070,100,7070,1,0
E,H,E,4968,100,4968,1,0
A,F,F,5179,100,5179,1,0
B,F,F,1387,100,1387,1,0
C,F,F,5125,100,5125,1,0
D,F,F,7143,100,7143,1,0
E,F,F,4964,100,4964,1,0
F,G,F,4981,100,4981,1,0
F,H,F,7017,100,7017,1,0
A,G,G,7206,100,7206,1,0
B,G,G,5189,100,5189,1,0
C,G,G,1379,100,1379,1,0
D,G,G,5170,100,5170,1,0
E,G,G,7070,100,7070,1,0
F,G,G,4985,100,4985,1,0
G,H,G,4940,100,4940,1,0
A,H,H,5161,100,5161,1,0
B,H,H,7165,100,7165,1,0
C,H,H,5174,100,5174,1,0
D,H,H,1386,100,1386,1,0
E,H,H,4965,100,4965,1,0
F,H,H,6997,100,6997,1,0
G,H,H,4990,100,4990,1,0
A,B,A,4939,100,4939,1,0
A,C,A,7110,100,7110,1,0
A,D,A,4922,100,4922,1,0
A,E,A,1406,100,1406,1,0
A,F,A,5176,100,5176,1,0
A,G,A,7095,100,7095,1,0
A,H,A,5094,100,5094,1,0
A,B,B,5001,100,5001,1,0
B,C,B,4966,100,4966,1,0
B,D,B,7034,100,7034,1,0
B,E,B,5142,100,5142,1,0
B,F,B,1379,100,1379,1,0
B,G,B,5195,100,5195,1,0
B,H,B,7149,100,7149,1,0
A,C,C,7037,100,7037,1,0
B,C,C,4992,100,4992,1,0
C,D,C,4982,100,4982,1,0
C,E,C,7144,100,7144,1,0
C,F,C,5141,100,5141,1,0
C,G,C,1426,100,1426,1,0
C,H,C,5141,100,5141,1,0
A,D,D,4960,100,4960,1,0
B,D,D,7002,100,7002,1,0
C,D,D,4907,100,4907,1,0
D,E,D,5139,100,5139,1,0
D,F,D,7153,100,7153,1,0
D,G,D,5132,100,5132,1,0
D,H,D,1376,100,1376,1,0
A,E,E,1476,100,1476,1,0
B,E,E,5122,100,5122,1,0
C,E,E,7211,100,7211,1,0
D,E,E,5162,100,5162,1,0
E,F,E,4956,100,4956,1,0
E,G,E,7031,100,7031,1,0
E,H,E,5030,100,5030,1,0
A,F,F,5144,100,5144,1,0
B,F,F,1380,100,1380,1,0
C,F,F,5150,100,5150,1,0
D,F,F,7149,100,7149,1,0
E,F,F,4997,100,4997,1,0
F,G,F,5002,100,5002,1,0
F,H,F,7016,100,7016,1,0
A,G,G,7165,100,7165,1,0
B,G,G,5147,100,5147,1,0
C,G,G,1414,100,1414,1,0
D,G,G,5112,100,5112,1,0
E,G,G,7036,100,7036,1,0
F,G,G,4985,100,4985,1,0
G,H,G,4978,100,4978,1,0
A,H,H,5163,100,5163,1,0
B,H,H,7130,100,7130,1,0
C,H,H,5141,100,5141,1,0
D,H,H,1434,100,1434,1,0
E,H,H,5005,100,5005,1,0
F,H,H,7011,100,7011,1,0
G,H,H,4941,100,4941,1,0
A,B,A,4975,100,4975,1,0
A,C,A,7041,100,7041,1,0
A,D,A,4962,100,4962,1,0
A,E,A,1416,100,1416,1,0
A,F,A,5195,100,5195,1,0
A,G,A,7162,100,7162,1,0
A,H,A,5154,100,5154,1,0
A,B,B,4965,100,4965,1,0
B,C,B,4976,100,4976,1,0
B,D,B,7029,100,7029,1,0
B,E,B,5162,100,5162,1,0
B,F,B,1388,100,1388,1,0
B,G,B,5163,100,5163,1,0
B,H,B,7187,100,7187,1,0
A,C,C,7040,100,7040,1,0
B,C,C,4975,100,4975,1,0
C,D,C,4946,100,4946,1,0
C,E,C,7195,100,7195,1,0
C,F,C,5145,100,5145,1,0
C,G,C,1432,100,1432,1,0
C,H,C,5142,100,5142,1,0
A,D,D,4983,100,4983,1,0
B,D,D,7041,100,7041,1,0
C,D,D,4927,100,4927,1,0
D,E,D,5109,100,5109,1,0
D,F,D,7115,100,7115,1,0
D,G,D,5198,100,5198,1,0
D,H,D,1397,100,1397,1,0
A,E,E,1396,100,1396,1,0
B,E,E,5084,100,5084,1,0
C,E,E,7193,100,7193,1,0
D,E,E,5178,100,5178,1,0
E,F,E,4963,100,4963,1,0
E,G,E,7079,100,7079,1,0
E,H,E,5001,100,5001,1,0
A,F,F,5205,100,5205,1,0
B,F,F,1410,100,1410,1,0
C,F,F,5137,100,5137,1,0
D,F,F,7162,100,7162,1,0
E,F,F,4990,100,4990,1,0
F,G,F,4977,100,4977,1,0
F,H,F,7020,100,7020,1,0
A,G,G,7160,100,7160,1,0
B,G,G,5201,100,5201,1,0
C,G,G,1414,100,1414,1,0
D,G,G,5131,100,5131,1,0
E,G,G,7046,100,7046,1,0
F,G,G,4999,100,4999,1,0
G,H,G,4993,100,4993,1,0
A,H,H,5155,100,5155,1,0
B,H,H,7169,100,7169,1,0
C,H,H,5168,100,5168,1,0
D,H,H,1419,100,1419,1,0
E,H,H,4968,100,4968,1,0
F,H,H,7019,100,7019,1,0
G,H,H,4950,100,4950,1,0
A,B,A,4957,100,4957,1,0
A,C,A,7026,100,7026,1,0
A,D,A,4953,100,4953,1,0
A,E,A,1387,100,1387,1,0
A,F,A,5201,100,5201,1,0
A,G,A,7166,100,7166,1,0
A,H,A,5106,100,5106,1,0
A,B,B,4968,100,4968,1,0
B,C,B,4997,100,4997,1,0
B,D,B,7017,100,7017,1,0
B,E,B,5180,100,5180,1,0
B,F,B,1386,100,1386,1,0
B,G,B,5206,100,5206,1,0
B,H,B,7123,100,7123,1,0
A,C,C,7040,100,7040,1,0
B,C,C,4981,100,4981,1,0
C,D,C,4962,100,4962,1,0
C,E,C,7163,100,7163,1,0
C,F,C,5200,100,5200,1,0
C,G,C,1389,100,1389,1,0
C,H,C,5122,100,5122,1,0
A,D,D,4910,100,4910,1,0
B,D,D,7027,100,7027,1,0
C,D,D,4937,100,4937,1,0
D,E,D,5167,100,5167,1,0
D,F,D,7153,100,7153,1,0
D,G,D,5182,100,5182,1,0
D,H,D,1419,100,1419,1,0
A,E,E,1414,100,1414,1,0
B,E,E,5155,100,5155,1,0
C,E,E,7160,100,7160,1,0
D,E,E,5159,100,5159,1,0
E,F,E,4958,100,4958,1,0
E,G,E,7031,100,7031,1,0
E,H,E,4978,100,4978,1,0
A,F,F,5182,100,5182,1,0
B,F,F,1358,100,1358,1,0
C,F,F,5151,100,5151,1,0
D,F,F,7150,100,7150,1,0
E,F,F,4960,100,4960,1,0
F,G,F,4975,100,4975,1,0
F,H,F,7005,100,7005,1,0
A,G,G,7163,100,7163,1,0
B,G,G,5194,100,5194,1,0
C,G,G,1380,100,1380,1,0
D,G,G,5130,100,5130,1,0
E,G,G,7047,100,7047,1,0
F,G,G,4969,100,4969,1,0
G,H,G,4962,100,4962,1,0
A,H,H,5147,100,5147,1,0
B,H,H,7191,100,7191,1,0
C,H,H,5181,100,5181,1,0
D,H,H,1463,100,1463,1,0
E,H,H,5011,100,5011,1,0
F,H,H,7007,100,7007,1,0
G,H,H,4959,100,4959,1,0
A,B,A,4971,100,4971,1,0
A,C,A,7019,100,7019,1,0
A,D,A,4952,100,4952,1,0
A,E,A,1439,100,1439,1,0
A,F,A,5149,100,5149,1,0
A,G,A,7188,100,7188,1,0
A,H,A,5099,100,5099,1,0
A,B,B,4956,100,4956,1,0
B,C,B,5027,100,5027,1,0
B,D,B,7017,100,7017,1,0
B,E,B,5162,100,5162,1,0
B,F,B,1397,100,1397,1,0
B,G,B,5177,100,5177,1,0
B,H,B,7134,100,7134,1,0
A,C,C,7035,100,7035,1,0
B,C,C,4986,100,4986,1,0
C,D,C,4955,100,4955,1,0
C,E,C,7175,100,7175,1,0
C,F,C,5178,100,5178,1,0
C,G,C,1376,100,1376,1,0
C,H,C,5127,100,5127,1,0
A,D,D,4945,100,4945,1,0
B,D,D,7002,100,7002,1,0
C,D,D,4938,100,4938,1,0
D,E,D,5122,100,5122,1,0
D,F,D,7200,100,7200,1,0
D,G,D,5178,100,5178,1,0
D,H,D,1418,100,1418,1,0
A,E,E,1413,100,1413,1,0
B,E,E,5135,100,5135,1,0
C,E,E,7193,100,7193,1,0
D,E,E,5179,100,5179,1,0
E,F,E,4992,100,4992,1,0
E,G,E,7030,100,7030,1,0
E,H,E,4987,100,4987,1,0
A,F,F,5201,100,5201,1,0
B,F,F,1384,100,1384,1,0
C,F,F,5159,100,5159,1,0
D,F,F,7124,100,7124,1,0
E,F,F,4971,100,4971,1,0
F,G,F,4988,100,4988,1,0
F,H,F,6998,100,6998,1,0
A,G,G,7144,100,7144,1,0
B,G,G,5186,100,5186,1,0
C,G,G,1410,100,1410,1,0
D,G,G,5114,100,5114,1,0
E,G,G,7091,100,7091,1,0
F,G,G,4973,100,4973,1,0
G,H,G,4994,100,4994,1,0
A,H,H,5189,100,5189,1,0
B,H,H,7175,100,7175,1,0
C,H,H,5129,100,5129,1,0
D,H,H,1433,100,1433,1,0
E,H,H,4980,100,4980,1,0
F,H,H,7003,100,7003,1,0
G,H,H,4990,100,4990,1,0
A,B,A,4954,100,4954,1,0
A,C,A,7017,100,7017,1,0
A,D,A,4959,100,4959,1,0
A,E,A,1402,100,1402,1,0
A,F,A,5199,100,5199,1,0
A,G,A,7182,100,7182,1,0
A,H,A,5169,100,5169,1,0
A,B,B,4951,100,4951,1,0
B,C,B,4961,100,4961,1,0
B,D,B,6962,100,6962,1,0
B,E,B,5153,100,5153,1,0
B,F,B,1412,100,1412,1,0
B,G,B,5191,100,5191,1,0
B,H,B,7138,100,7138,1,0
A,C,C,7036,100,7036,1,0
B,C,C,4948,100,4948,1,0
C,D,C,4980,100,4980,1,0
C,E,C,7168,100,7168,1,0
C,F,C,5166,100,5166,1,0
C,G,C,1390,100,1390,1,0
C,H,C,5178,100,5178,1,0
A,D,D,4942,100,4942,1,0
B,D,D,7022,100,7022,1,0
C,D,D,4964,100,4964,1,0
D,E,D,5208,100,5208,1,0
D,F,D,7117,100,7117,1,0
D,G,D,5129,100,5129,1,0
D,H,D,1417,100,1417,1,0
A,E,E,1387,100,1387,1,0
B,E,E,5150,100,5150,1,0
C,E,E,7184,100,7184,1,0
D,E,E,5131,100,5131,1,0
E,F,E,4953,100,4953,1,0
E,G,E,7069,100,7069,1,0
E,H,E,4964,100,4964,1,0
A,F,F,5205,100,5205,1,0
B,F,F,1424,100,1424,1,0
C,F,F,5157,100,5157,1,0
D,F,F,7147,100,7147,1,0
E,F,F,4999,100,4999,1,0
F,G,F,4998,100,4998,1,0
F,H,F,7016,100,7016,1,0
A,G,G,7144,100,7144,1,0
B,G,G,5192,100,5192,1,0
C,G,G,1397,100,1397,1,0
D,G,G,5163,100,5163,1,0
E,G,G,7045,100,7045,1,0
F,G,G,4957,100,4957,1,0
G,H,G,4948,100,4948,1,0
A,H,H,5127,100,5127,1,0
B,H,H,7211,100,7211,1,0
C,H,H,5153,100,5153,1,0
D,H,H,1408,100,1408,1,0
E,H,H,4990,100,4990,1,0
F,H,H,7003,100,7003,1,0
G,H,H,4946,100,4946,1,0
A,B,A,4953,100,4953,1,0
A,C,A,7004,100,7004,1,0
A,D,A,4947,100,4947,1,0
A,E,A,1440,100,1440,1,0
A,F,A,5167,100,5167,1,0
A,G,A,7184,100,7184,1,0
A,H,A,5087,100,5087,1,0
A,B,B,4948,100,4948,1,0
B,C,B,4977,100,4977,1,0
B,D,B,6944,100,6944,1,0
B,E,B,5127,100,5127,1,0
B,F,B,1379,100,1379,1,0
B,G,B,5182,100,5182,1,0
B,H,B,7251,100,7251,1,0
A,C,C,7004,100,7004,1,0
B,C,C,4989,100,4989,1,0
C,D,C,4934,100,4934,1,0
C,E,C,7174,100,7174,1,0
C,F,C,5135,100,5135,1,0
C,G,C,1430,100,1430,1,0
C,H,C,5141,100,5141,1,0
A,D,D,4931,100,4931,1,0
B,D,D,7033,100,7033,1,0
C,D,D,4937,100,4937,1,0
D,E,D,5185,100,5185,1,0
D,F,D,7143,100,7143,1,0
D,G,D,5156,100,5156,1,0
D,H,D,1404,100,1404,1,0
A,E,E,1399,100,1399,1,0
B,E,E,5123,100,5123,1,0
C,E,E,7135,100,7135,1,0
D,E,E,5196,100,5196,1,0
E,F,E,4989,100,4989,1,0
E,G,E,7083,100,7083,1,0
E,H,E,4957,100,4957,1,0
A,F,F,5206,100,5206,1,0
B,F,F,1381,100,1381,1,0
C,F,F,5128,100,5128,1,0
D,F,F,7149,100,7149,1,0
E,F,F,4963,100,4963,1,0
F,G,F,4990,100,4990,1,0
F,H,F,7023,100,7023,1,0
A,G,G,7208,100,7208,1,0
B,G,G,5168,100,5168,1,0
C,G,G,1379,100,1379,1,0
D,G,G,5120,100,5120,1,0
E,G,G,7054,100,7054,1,0
F,G,G,4977,100,4977,1,0
G,H,G,4956,100,4956,1,0
A,H,H,5136,100,5136,1,0
B,H,H,7214,100,7214,1,0
C,H,H,5201,100,5201,1,0
D,H,H,1430,100,1430,1,0
E,H,H,4945,100,4945,1,0
F,H,H,7004,100,7004,1,0
G,H,H,4982,100,4982,1,0
A,B,A,4938,100,4938,1,0
A,C,A,6992,100,6992,1,0
A,D,A,4967,100,4967,1,0
A,E,A,1408,100,1408,1,0
A,F,A,5164,100,5164,1,0
A,G,A,7190,100,7190,1,0
A,H,A,5119,100,5119,1,0
A,B,B,4966,100,4966,1,0
B,C,B,4950,100,4950,1,0
B,D,B,7055,100,7055,1,0
B,E,B,5115,100,5115,1,0
B,F,B,1378,100,1378,1,0
B,G,B,5197,100,5197,1,0
B,H,B,7145,100,7145,1,0
A,C,C,7013,100,7013,1,0
B,C,C,4983,100,4983,1,0
C,D,C,4928,100,4928,1,0
C,E,C,7194,100,7194,1,0
C,F,C,5172,100,5172,1,0
C,G,C,1369,100,1369,1,0
C,H,C,5194,100,5194,1,0
A,D,D,4941,100,4941,1,0
B,D,D,7051,100,7051,1,0
C,D,D,4911,100,4911,1,0
D,E,D,5183,100,5183,1,0
D,F,D,7090,100,7090,1,0
D,G,D,5174,100,5174,1,0
D,H,D,1413,100,1413,1,0
A,E,E,1402,100,1402,1,0
B,E,E,5149,100,5149,1,0
C,E,E,7117,100,7117,1,0
D,E,E,5163,100,5163,1,0
E,F,E,4969,100,4969,1,0
E,G,E,7046,100,7046,1,0
E,H,E,4990,100,4990,1,0
A,F,F,5185,100,5185,1,0
B,F,F,1360,100,1360,1,0
C,F,F,5171,100,5171,1,0
D,F,F,7170,100,7170,1,0
E,F,F,4963,100,4963,1,0
F,G,F,4968,100,4968,1,0
F,H,F,6987,100,6987,1,0
A,G,G,7179,100,7179,1,0
B,G,G,5215,100,5215,1,0
C,G,G,1365,100,1365,1,0
D,G,G,5157,100,5157,1,0
E,G,G,7057,100,7057,1,0
F,G,G,4959,100,4959,1,0
G,H,G,4954,100,4954,1,0
A,H,H,5135,100,5135,1,0
B,H,H,7167,100,7167,1,0
C,H,H,5162,100,5162,1,0
D,H,H,1426,100,1426,1,0
E,H,H,4982,100,4982,1,0
F,H,H,6999,100,6999,1,0
G,H,H,4991,100,4991,1,0
A,B,A,4961,100,4961,1,0
A,C,A,7020,100,7020,1,0
A,D,A,4964,100,4964,1,0
A,E,A,1401,100,1401,1,0
A,F,A,5177,100,5177,1,0
A,G,A,7162,100,7162,1,0
A,H,A,5167,100,5167,1,0
A,B,B,4972,100,4972,1,0
B,C,B,4982,100,4982,1,0
B,D,B,6991,100,6991,1,0
B,E,B,5127,100,5127,1,0
B,F,B,1354,100,1354,1,0
B,G,B,5165,100,5165,1,0
B,H,B,7203,100,7203,1,0
A,C,C,7013,100,7013,1,0
B,C,C,4973,100,4973,1,0
C,D,C,4933,100,4933,1,0
C,E,C,7177,100,7177,1,0
C,F,C,5153,100,5153,1,0
C,G,C,1415,100,1415,1,0
C,H,C,5161,100,5161,1,0
A,D,D,4916,100,4916,1,0
B,D,D,6997,100,6997,1,0
C,D,D,4921,100,4921,1,0
D,E,D,5138,100,5138,1,0
D,F,D,7104,100,7104,1,0
D,G,D,5146,100,5146,1,0
D,H,D,1445,100,1445,1,0
A,E,E,1350,100,1350,1,0
B,E,E,5200,100,5200,1,0
C,E,E,7233,100,7233,1,0
D,E,E,5167,100,5167,1,0
E,F,E,4964,100,4964,1,0
E,G,E,7054,100,7054,1,0
E,H,E,4980,100,4980,1,0
A,F,F,5169,100,5169,1,0
B,F,F,1406,100,1406,1,0
C,F,F,5169,100,5169,1,0
D,F,F,7126,100,7126,1,0
E,F,F,4961,100,4961,1,0
F,G,F,4984,100,4984,1,0
F,H,F,7011,100,7011,1,0
A,G,G,7172,100,7172,1,0
B,G,G,5189,100,5189,1,0
C,G,G,1393,100,1393,1,0
D,G,G,5158,100,5158,1,0
E,G,G,7066,100,7066,1,0
F,G,G,4963,100,4963,1,0
G,H,G,4938,100,4938,1,0
A,H,H,5178,100,5178,1,0
B,H,H,7108,100,7108,1,0
C,H,H,5177,100,5177,1,0
D,H,H,1390,100,1390,1,0
E,H,H,5012,100,5012,1,0
F,H,H,6980,100,6980,1,0
G,H,H,4968,100,4968,1,0
A,B,A,4916,100,4916,1,0
A,C,A,7054,100,7054,1,0
A,D,A,4953,100,4953,1,0
A,E,A,1417,100,1417,1,0
A,F,A,5166,100,5166,1,0
A,G,A,7157,100,7157,1,0
A,H,A,5169,100,5169,1,0
A,B,B,5014,100,5014,1,0
B,C,B,4970,100,4970,1,0
B,D,B,6992,100,6992,1,0
B,E,B,5124,100,5124,1,0
B,F,B,1416,100,1416,1,0
B,G,B,5192,100,5192,1,0
B,H,B,7108,100,7108,1,0
A,C,C,6957,100,6957,1,0
B,C,C,5000,100,5000,1,0
C,D,C,4988,100,4988,1,0
C,E,C,7212,100,7212,1,0
C,F,C,5164,100,5164,1,0
C,G,C,1351,100,1351,1,0
C,H,C,5142,100,5142,1,0
A,D,D,4957,100,4957,1,0
B,D,D,7046,100,7046,1,0
C,D,D,4940,100,4940,1,0
D,E,D,5230,100,5230,1,0
D,F,D,7135,100,7135,1,0
D,G,D,5114,100,5114,1,0
D,H,D,1437,100,1437,1,0
A,E,E,1422,100,1422,1,0
B,E,E,5144,100,5144,1,0
C,E,E,7246,100,7246,1,0
D,E,E,5143,100,5143,1,0
E,F,E,4988,100,4988,1,0
E,G,E,7065,100,7065,1,0
E,H,E,4965,100,4965,1,0
A,F,F,5166,100,5166,1,0
B,F,F,1400,100,1400,1,0
C,F,F,5139,100,5139,1,0
D,F,F,7164,100,7164,1,0
E,F,F,4994,100,4994,1,0
F,G,F,5005,100,5005,1,0
F,H,F,6989,100,6989,1,0
A,G,G,7184,100,7184,1,0
B,G,G,5138,100,5138,1,0
C,G,G,1414,100,1414,1,0
D,G,G,5151,100,5151,1,0
E,G,G,7055,100,7055,1,0
F,G,G,4957,100,4957,1,0
G,H,G,4960,100,4960,1,0
A,H,H,5140,100,5140,1,0
B,H,H,7124,100,7124,1,0
C,H,H,5192,100,5192,1,0
D,H,H,1404,100,1404,1,0
E,H,H,4937,100,4937,1,0
F,H,H,7019,100,7019,1,0
G,H,H,4942,100,4942,1,0
A,B,A,5006,100,5006,1,0
A,C,A,7026,100,7026,1,0
A,D,A,4952,100,4952,1,0
A,E,A,1379,100,1379,1,0
A,F,A,5160,100,5160,1,0
A,G,A,7166,100,7166,1,0
A,H,A,5143,100,5143,1,0
A,B,B,4915,100,4915,1,0
B,C,B,4942,100,4942,1,0
B,D,B,6979,100,6979,1,0
B,E,B,5160,100,5160,1,0
B,F,B,1414,100,1414,1,0
B,G,B,5188,100,5188,1,0
B,H,B,7214,100,7214,1,0
A,C,C,6986,100,6986,1,0
B,C,C,4953,100,4953,1,0
C,D,C,4916,100,4916,1,0
C,E,C,7123,100,7123,1,0
C,F,C,5148,100,5148,1,0
C,G,C,1398,100,1398,1,0
C,H,C,5210,100,5210,1,0
A,D,D,4931,100,4931,1,0
B,D,D,6956,100,6956,1,0
C,D,D,4950,100,4950,1,0
D,E,D,5130,100,5130,1,0
D,F,D,7149,100,7149,1,0
D,G,D,5120,100,5120,1,0
D,H,D,1454,100,1454,1,0
A,E,E,1407,100,1407,1,0
B,E,E,5111,100,5111,1,0
C,E,E,7132,100,7132,1,0
D,E,E,5104,100,5104,1,0
E,F,E,4935,100,4935,1,0
E,G,E,7038,100,7038,1,0
E,H,E,4994,100,4994,1,0
A,F,F,5175,100,5175,1,0
B,F,F,1379,100,1379,1,0
C,F,F,5136,100,5136,1,0
D,F,F,7124,100,7124,1,0
E,F,F,4979,100,4979,1,0
F,G,F,4983,100,4983,1,0
F,H,F,6981,100,6981,1,0
A,G,G,7142,100,7142,1,0
B,G,G,5176,100,5176,1,0
C,G,G,1376,100,1376,1,0
D,G,G,5124,100,5124,1,0
E,G,G,7064,100,7064,1,0
F,G,G,4959,100,4959,1,0
G,H,G,4939,100,4939,1,0
A,H,H,5165,100,5165,1,0
B,H,H,7139,100,7139,1,0
C,H,H,5111,100,5111,1,0
D,H,H,1442,100,1442,1,0
E,H,H,4990,100,4990,1,0
F,H,H,6995,100,6995,1,0
G,H,H,4970,100,4970,1,0
A,B,A,4970,100,4970,1,0
A,C,A,6995,100,6995,1,0
A,D,A,4938,100,4938,1,0
A,E,A,1392,100,1392,1,0
A,F,A,5142,100,5142,1,0
A,G,A,7156,100,7156,1,0
A,H,A,5158,100,5158,1,0
A,B,B,4971,100,4971,1,0
B,C,B,4989,100,4989,1,0
B,D,B,7006,100,7006,1,0
B,E,B,5144,100,5144,1,0
B,F,B,1418,100,1418,1,0
B,G,B,5137,100,5137,1,0
B,H,B,7151,100,7151,1,0
A,C,C,7077,100,7077,1,0
B,C,C,4968,100,4968,1,0
C,D,C,4954,100,4954,1,0
C,E,C,7154,100,7154,1,0
C,F,C,5146,100,5146,1,0
C,G,C,1363,100,1363,1,0
C,H,C,5161,100,5161,1,0
A,D,D,4958,100,4958,1,0
B,D,D,7033,100,7033,1,0
C,D,D,4939,100,4939,1,0
D,E,D,5141,100,5141,1,0
D,F,D,7130,100,7130,1,0
D,G,D,5174,100,5174,1,0
D,H,D,1358,100,1358,1,0
A,E,E,1457,100,1457,1,0
B,E,E,5168,100,5168,1,0
C,E,E,7217,100,7217,1,0
D,E,E,5144,100,5144,1,0
E,F,E,4983,100,4983,1,0
E,G,E,7055,100,7055,1,0
E,H,E,4988,100,4988,1,0
A,F,F,5199,100,5199,1,0
B,F,F,1378,100,1378,1,0
C,F,F,5129,100,5129,1,0
D,F,F,7142,100,7142,1,0
E,F,F,4975,100,4975,1,0
F,G,F,4975,100,4975,1,0
F,H,F,6990,100,6990,1,0
A,G,G,7138,100,7138,1,0
B,G,G,5180,100,5180,1,0
C,G,G,1396,100,1396,1,0
D,G,G,5110,100,5110,1,0
E,G,G,7046,100,7046,1,0
F,G,G,4957,100,4957,1,0
G,H,G,4986,100,4986,1,0
A,H,H,5094,100,5094,1,0
B,H,H,7180,100,7180,1,0
C,H,H,5167,100,5167,1,0
D,H,H,1357,100,1357,1,0
E,H,H,5007,100,5007,1,0
F,H,H,7012,100,7012,1,0
G,H,H,4982,100,4982,1,0
A,B,A,4933,100,4933,1,0
A,C,A,7066,100,7066,1,0
A,D,A,4967,100,4967,1,0
A,E,A,1394,100,1394,1,0
A,F,A,5202,100,5202,1,0
A,G,A,7129,100,7129,1,0
A,H,A,5103,100,5103,1,0
A,B,B,4937,100,4937,1,0
B,C,B,4946,100,4946,1,0
B,D,B,6974,100,6974,1,0
B,E,B,5113,100,5113,1,0
B,F,B,1409,100,1409,1,0
B,G,B,5178,100,5178,1,0
B,H,B,7185,100,7185,1,0
A,C,C,7009,100,7009,1,0
B,C,C,5012,100,5012,1,0
C,D,C,4981,100,4981,1,0
C,E,C,7167,100,7167,1,0
C,F,C,5157,100,5157,1,0
C,G,C,1349,100,1349,1,0
C,H,C,5145,100,5145,1,0
A,D,D,4930,100,4930,1,0
B,D,D,6957,100,6957,1,0
C,D,D,4970,100,4970,1,0
D,E,D,5152,100,5152,1,0
D,F,D,7134,100,7134,1,0
D,G,D,5155,100,5155,1,0
D,H,D,1419,100,1419,1,0
A,E,E,1401,100,1401,1,0
B,E,E,5145,100,5145,1,0
C,E,E,7187,100,7187,1,0
D,E,E,5143,100,5143,1,0
E,F,E,4964,100,4964,1,0
E,G,E,7050,100,7050,1,0
E,H,E,4959,100,4959,1,0
A,F,F,5214,100,5214,1,0
B,F,F,1409,100,1409,1,0
C,F,F,5146,100,5146,1,0
D,F,F,7163,100,7163,1,0
E,F,F,4964,100,4964,1,0
F,G,F,4983,100,4983,1,0
F,H,F,7011,100,7011,1,0
A,G,G,7187,100,7187,1,0
B,G,G,5190,100,5190,1,0
C,G,G,1418,100,1418,1,0
D,G,G,5166,100,5166,1,0
E,G,G,7039,100,7039,1,0
F,G,G,4949,100,4949,1,0
G,H,G,4927,100,4927,1,0
A,H,H,5129,100,5129,1,0
B,H,H,7161,100,7161,1,0
C,H,H,5191,100,5191,1,0
D,H,H,1418,100,1418,1,0
E,H,H,5003,100,5003,1,0
F,H,H,6965,100,6965,1,0
G,H,H,4927,100,4927,1,0
A,B,A,4968,100,4968,1,0
A,C,A,6978,100,6978,1,0
A,D,A,4971,100,4971,1,0
A,E,A,1414,100,1414,1,0
A,F,A,5206,100,5206,1,0
A,G,A,7162,100,7162,1,0
A,H,A,5151,100,5151,1,0
A,B,B,4936,100,4936,1,0
B,C,B,4971,100,4971,1,0
B,D,B,6979,100,6979,1,0
B,E,B,5112,100,5112,1,0
B,F,B,1384,100,1384,1,0
B,G,B,5208,100,5208,1,0
B,H,B,7142,100,7142,1,0
A,C,C,7051,100,7051,1,0
B,C,C,5020,100,5020,1,0
C,D,C,4932,100,4932,1,0
C,E,C,7174,100,7174,1,0
C,F,C,5156,100,5156,1,0
C,G,C,1380,100,1380,1,0
C,H,C,5121,100,5121,1,0
A,D,D,4912,100,4912,1,0
B,D,D,6954,100,6954,1,0
C,D,D,4953,100,4953,1,0
D,E,D,5130,100,5130,1,0
D,F,D,7155,100,7155,1,0
D,G,D,5138,100,5138,1,0
D,H,D,1429,100,1429,1,0
A,E,E,1393,100,1393,1,0
B,E,E,5158,100,5158,1,0
C,E,E,7180,100,7180,1,0
D,E,E,5140,100,5140,1,0
E,F,E,4957,100,4957,1,0
E,G,E,7056,100,7056,1,0
E,H,E,4944,100,4944,1,0
A,F,F,5176,100,5176,1,0
B,F,F,1391,100,1391,1,0
C,F,F,5156,100,5156,1,0
D,F,F,7123,100,7123,1,0
E,F,F,4962,100,4962,1,0
F,G,F,4999,100,4999,1,0
F,H,F,6993,100,6993,1,0
A,G,G,7160,100,7160,1,0
B,G,G,5188,100,5188,1,0
C,G,G,1425,100,1425,1,0
D,G,G,5116,100,5116,1,0
E,G,G,7066,100,7066,1,0
F,G,G,4965,100,4965,1,0
G,H,G,4941,100,4941,1,0
A,H,H,5159,100,5159,1,0
B,H,H,7173,100,7173,1,0
C,H,H,5189,100,5189,1,0
D,H,H,1362,100,1362,1,0
E,H,H,4948,100,4948,1,0
F,H,H,7001,100,7001,1,0
G,H,H,4973,100,4973,1,0
A,B,A,4972,100,4972,1,0
A,C,A,7025,100,7025,1,0
A,D,A,4945,100,4945,1,0
A,E,A,1405,100,1405,1,0
A,F,A,5180,100,5180,1,0
A,G,A,7185,100,7185,1,0
A,H,A,5162,100,5162,1,0
A,B,B,4956,100,4956,1,0
B,C,B,5048,100,5048,1,0
B,D,B,7002,100,7002,1,0
B,E,B,5141,100,5141,1,0
B,F,B,1396,100,1396,1,0
B,G,B,5178,100,5178,1,0
B,H,B,7142,100,7142,1,0
A,C,C,7030,100,7030,1,0
B,C,C,4979,100,4979,1,0
C,D,C,4966,100,4966,1,0
C,E,C,7149,100,7149,1,0
C,F,C,5148,100,5148,1,0
C,G,C,1404,100,1404,1,0
C,H,C,5180,100,5180,1,0
A,D,D,4957,100,4957,1,0
B,D,D,7058,100,7058,1,0
C,D,D,4966,100,4966,1,0
D,E,D,5115,100,5115,1,0
D,F,D,7103,100,7103,1,0
D,G,D,5139,100,5139,1,0
D,H,D,1383,100,1383,1,0
A,E,E,1403,100,1403,1,0
B,E,E,5218,100,5218,1,0
C,E,E,7169,100,7169,1,0
D,E,E,5204,100,5204,1,0
E,F,E,4949,100,4949,1,0
E,G,E,7051,100,7051,1,0
E,H,E,5007,100,5007,1,0
A,F,F,5143,100,5143,1,0
B,F,F,1383,100,1383,1,0
C,F,F,5146,100,5146,1,0
D,F,F,7148,100,7148,1,0
E,F,F,4970,100,4970,1,0
F,G,F,4984,100,4984,1,0
F,H,F,6955,100,6955,1,0
A,G,G,7152,100,7152,1,0
B,G,G,5206,100,5206,1,0
C,G,G,1382,100,1382,1,0
D,G,G,5137,100,5137,1,0
E,G,G,7009,100,7009,1,0
F,G,G,4988,100,4988,1,0
G,H,G,4952,100,4952,1,0
A,H,H,5127,100,5127,1,0
B,H,H,7150,100,7150,1,0
C,H,H,5181,100,5181,1,0
D,H,H,1363,100,1363,1,0
E,H,H,4995,100,4995,1,0
F,H,H,7008,100,7008,1,0
G,H,H,4944,100,4944,1,0
A,B,A,4950,100,4950,1,0
A,C,A,6952,100,6952,1,0
A,D,A,4944,100,4944,1,0
A,E,A,1391,100,1391,1,0
A,F,A,5183,100,5183,1,0
A,G,A,7175,100,7175,1,0
A,H,A,5152,100,5152,1,0
A,B,B,4957,100,4957,1,0
B,C,B,4987,100,4987,1,0
B,D,B,7002,100,7002,1,0
B,E,B,5151,100,5151,1,0
B,F,B,1399,100,1399,1,0
B,G,B,5202,100,5202,1,0
B,H,B,7162,100,7162,1,0
A,C,C,6983,100,6983,1,0
B,C,C,4966,100,4966,1,0
C,D,C,4909,100,4909,1,0
C,E,C,7135,100,7135,1,0
C,F,C,5131,100,5131,1,0
C,G,C,1449,100,1449,1,0
C,H,C,5162,100,5162,1,0
A,D,D,4975,100,4975,1,0
B,D,D,7045,100,7045,1,0
C,D,D,4964,100,4964,1,0
D,E,D,5181,100,5181,1,0
D,F,D,7164,100,7164,1,0
D,G,D,5147,100,5147,1,0
D,H,D,1438,100,1438,1,0
A,E,E,1393,100,1393,1,0
B,E,E,5122,100,5122,1,0
C,E,E,7209,100,7209,1,0
D,E,E,5128,100,5128,1,0
E,F,E,4932,100,4932,1,0
E,G,E,7035,100,7035,1,0
E,H,E,5006,100,5006,1,0
A,F,F,5164,100,5164,1,0
B,F,F,1379,100,1379,1,0
C,F,F,5142,100,5142,1,0
D,F,F,7098,100,7098,1,0
E,F,F,4957,100,4957,1,0
F,G,F,4989,100,4989,1,0
F,H,F,7002,100,7002,1,0
A,G,G,7178,100,7178,1,0
B,G,G,5179,100,5179,1,0
C,G,G,1397,100,1397,1,0
D,G,G,5125,100,5125,1,0
E,G,G,7030,100,7030,1,0
F,G,G,4975,100,4975,1,0
G,H,G,4948,100,4948,1,0
A,H,H,5119,100,5119,1,0
B,H,H,7155,100,7155,1,0
C,H,H,5152,100,5152,1,0
D,H,H,1401,100,1401,1,0
E,H,H,4985,100,4985,1,0
F,H,H,6979,100,6979,1,0
G,H,H,4937,100,4937,1,0
A,B,A,4953,100,4953,1,0
A,C,A,7042,100,7042,1,0
A,D,A,4959,100,4959,1,0
A,E,A,1436,100,1436,1,0
A,F,A,5223,100,5223,1,0
A,G,A,7187,100,7187,1,0
A,H,A,5117,100,5117,1,0
A,B,B,4952,100,4952,1,0
B,C,B,4961,100,4961,1,0
B,D,B,6958,100,6958,1,0
B,E,B,5133,100,5133,1,0
B,F,B,1406,100,1406,1,0
B,G,B,5196,100,5196,1,0
B,H,B,7109,100,7109,1,0
A,C,C,6989,100,6989,1,0
B,C,C,4981,100,4981,1,0
C,D,C,4955,100,4955,1,0
C,E,C,7188,100,7188,1,0
C,F,C,5158,100,5158,1,0
C,G,C,1425,100,1425,1,0
C,H,C,5169,100,5169,1,0
A,D,D,4919,100,4919,1,0
B,D,D,7022,100,7022,1,0
C,D,D,4945,100,4945,1,0
D,E,D,5180,100,5180,1,0
D,F,D,7149,100,7149,1,0
D,G,D,5117,100,5117,1,0
D,H,D,1380,100,1380,1,0
A,E,E,1379,100,1379,1,0
B,E,E,5161,100,5161,1,0
C,E,E,7217,100,7217,1,0
D,E,E,5168,100,5168,1,0
E,F,E,4975,100,4975,1,0
E,G,E,7053,100,7053,1,0
E,H,E,4910,100,4910,1,0
A,F,F,5150,100,5150,1,0
B,F,F,1396,100,1396,1,0
C,F,F,5168,100,5168,1,0
D,F,F,7137,100,7137,1,0
E,F,F,4964,100,4964,1,0
F,G,F,4952,100,4952,1,0
F,H,F,7009,100,7009,1,0
A,G,G,7200,100,7200,1,0
B,G,G,5174,100,5174,1,0
C,G,G,1425,100,1425,1,0
D,G,G,5162,100,5162,1,0
E,G,G,7073,100,7073,1,0
F,G,G,4992,100,4992,1,0
G,H,G,4927,100,4927,1,0
A,H,H,5102,100,5102,1,0
B,H,H,7211,100,7211,1,0
C,H,H,5155,100,5155,1,0
D,H,H,1391,100,1391,1,0
E,H,H,4957,100,4957,1,0
F,H,H,7013,100,7013,1,0
G,H,H,4943,100,4943,1,0
A,B,A,4960,100,4960,1,0
A,C,A,7007,100,7007,1,0
A,D,A,4932,100,4932,1,0
A,E,A,1441,100,1441,1,0
A,F,A,5141,100,5141,1,0
A,G,A,7189,100,7189,1,0
A,H,A,5104,100,5104,1,0
A,B,B,4935,100,4935,1,0
B,C,B,4989,100,4989,1,0
B,D,B,6986,100,6986,1,0
B,E,B,5136,100,5136,1,0
B,F,B,1415,100,1415,1,0
B,G,B,5176,100,5176,1,0
B,H,B,7147,100,7147,1,0
A,C,C,6984,100,6984,1,0
B,C,C,4968,100,4968,1,0
C,D,C,4947,100,4947,1,0
C,E,C,7148,100,7148,1,0
C,F,C,5143,100,5143,1,0
C,G,C,1373,100,1373,1,0
C,H,C,5187,100,5187,1,0
A,D,D,4955,100,4955,1,0
B,D,D,7032,100,7032,1,0
C,D,D,4938,100,4938,1,0
D,E,D,5119,100,5119,1,0
D,F,D,7128,100,7128,1,0
D,G,D,5133,100,5133,1,0
D,H,D,1427,100,1427,1,0
A,E,E,1413,100,1413,1,0
B,E,E,5125,100,5125,1,0
C,E,E,7179,100,7179,1,0
D,E,E,5171,100,5171,1,0
E,F,E,4946,100,4946,1,0
E,G,E,7027,100,7027,1,0
E,H,E,4940,100,4940,1,0
A,F,F,5177,100,5177,1,0
B,F,F,1410,100,1410,1,0
C,F,F,5173,100,5173,1,0
D,F,F,7161,100,7161,1,0
E,F,F,4988,100,4988,1,0
F,G,F,4963,100,4963,1,0
F,H,F,7004,100,7004,1,0
A,G,G,7164,100,7164,1,0
B,G,G,5205,100,5205,1,0
C,G,G,1402,100,1402,1,0
D,G,G,5118,100,5118,1,0
E,G,G,7064,100,7064,1,0
F,G,G,4968,100,4968,1,0
G,H,G,4927,100,4927,1,0
A,H,H,5141,100,5141,1,0
B,H,H,7119,100,7119,1,0
C,H,H,5172,100,5172,1,0
D,H,H,1480,100,1480,1,0
E,H,H,4982,100,4982,1,0
F,H,H,7058,100,7058,1,0
G,H,H,4991,100,4991,1,0
A,B,A,4957,100,4957,1,0
A,C,A,6988,100,6988,1,0
A,D,A,4952,100,4952,1,0
A,E,A,1431,100,1431,1,0
A,F,A,5168,100,5168,1,0
A,G,A,7179,100,7179,1,0
A,H,A,5126,100,5126,1,0
A,B,B,4975,100,4975,1,0
B,C,B,4945,100,4945,1,0
B,D,B,6992,100,6992,1,0
B,E,B,5117,100,5117,1,0
B,F,B,1366,100,1366,1,0
B,G,B,5195,100,5195,1,0
B,H,B,7125,100,7125,1,0
A,C,C,7060,100,7060,1,0
B,C,C,4971,100,4971,1,0
C,D,C,4929,100,4929,1,0
C,E,C,7193,100,7193,1,0
C,F,C,5159,100,5159,1,0
C,G,C,1370,100,1370,1,0
C,H,C,5133,100,5133,1,0
A,D,D,4926,100,4926,1,0
B,D,D,7017,100,7017,1,0
C,D,D,4961,100,4961,1,0
D,E,D,5199,100,5199,1,0
D,F,D,7123,100,7123,1,0
D,G,D,5136,100,5136,1,0
D,H,D,1436,100,1436,1,0
A,E,E,1366,100,1366,1,0
B,E,E,5136,100,5136,1,0
C,E,E,7189,100,7189,1,0
D,E,E,5188,100,5188,1,0
E,F,E,4940,100,4940,1,0
E,G,E,7049,100,7049,1,0
E,H,E,4973,100,4973,1,0
A,F,F,5182,100,5182,1,0
B,F,F,1385,100,1385,1,0
C,F,F,5148,100,5148,1,0
D,F,F,7174,100,7174,1,0
E,F,F,4964,100,4964,1,0
F,G,F,4963,100,4963,1,0
F,H,F,7008,100,7008,1,0
A,G,G,7182,100,7182,1,0
B,G,G,5216,100,5216,1,0
C,G,G,1404,100,1404,1,0
D,G,G,5117,100,5117,1,0
E,G,G,7055,100,7055,1,0
F,G,G,4965,100,4965,1,0
G,H,G,4978,100,4978,1,0
A,H,H,5140,100,5140,1,0
B,H,H,7122,100,7122,1,0
C,H,H,5157,100,5157,1,0
D,H,H,1392,100,1392,1,0
E,H,H,4945,100,4945,1,0
F,H,H,7027,100,7027,1,0
G,H,H,4924,100,4924,1,0
A,B,A,4963,100,4963,1,0
A,C,A,7008,100,7008,1,0
A,D,A,4954,100,4954,1,0
A,E,A,1453,100,1453,1,0
A,F,A,5129,100,5129,1,0
A,G,A,7203,100,7203,1,0
A,H,A,5134,100,5134,1,0
A,B,B,4999,100,4999,1,0
B,C,B,4974,100,4974,1,0
B,D,B,6986,100,6986,1,0
B,E,B,5117,100,5117,1,0
B,F,B,1398,100,1398,1,0
B,G,B,5239,100,5239,1,0
B,H,B,7181,100,7181,1,0
A,C,C,7020,100,7020,1,0
B,C,C,4976,100,4976,1,0
C,D,C,4974,100,4974,1,0
C,E,C,7159,100,7159,1,0
C,F,C,5144,100,5144,1,0
C,G,C,1392,100,1392,1,0
C,H,C,5106,100,5106,1,0
A,D,D,4952,100,4952,1,0
B,D,D,6998,100,6998,1,0
C,D,D,4956,100,4956,1,0
D,E,D,5248,100,5248,1,0
D,F,D,7133,100,7133,1,0
D,G,D,5097,100,5097,1,0
D,H,D,1384,100,1384,1,0
A,E,E,1451,100,1451,1,0
B,E,E,5168,100,5168,1,0
C,E,E,7184,100,7184,1,0
D,E,E,5187,100,5187,1,0
E,F,E,4979,100,4979,1,0
E,G,E,7043,100,7043,1,0
E,H,E,4987,100,4987,1,0
A,F,F,5159,100,5159,1,0
B,F,F,1376,100,1376,1,0
C,F,F,5155,100,5155,1,0
D,F,F,7146,100,7146,1,0
E,F,F,4956,100,4956,1,0
F,G,F,4995,100,4995,1,0
F,H,F,7020,100,7020,1,0
A,G,G,7134,100,7134,1,0
B,G,G,5173,100,5173,1,0
C,G,G,1410,100,1410,1,0
D,G,G,5131,100,5131,1,0
E,G,G,7048,100,7048,1,0
F,G,G,4982,100,4982,1,0
G,H,G,4916,100,4916,1,0
A,H,H,5153,100,5153,1,0
B,H,H,7145,100,7145,1,0
C,H,H,5177,100,5177,1,0
D,H,H,1390,100,1390,1,0
E,H,H,4965,100,4965,1,0
F,H,H,6975,100,6975,1,0
G,H,H,4939,100,4939,1,0
A,B,A,4978,100,4978,1,0
A,C,A,7008,100,7008,1,0
A,D,A,4946,100,4946,1,0
A,E,A,1419,100,1419,1,0
A,F,A,5199,100,5199,1,0
A,G,A,7182,100,7182,1,0
A,H,A,5118,100,5118,1,0
A,B,B,4954,100,4954,1,0
B,C,B,4997,100,4997,1,0
B,D,B,6993,100,6993,1,0
B,E,B,5133,100,5133,1,0
B,F,B,1411,100,1411,1,0
B,G,B,5199,100,5199,1,0
B,H,B,7113,100,7113,1,0
A,C,C,7012,100,7012,1,0
B,C,C,4978,100,4978,1,0
C,D,C,4959,100,4959,1,0
C,E,C,7214,100,7214,1,0
C,F,C,5162,100,5162,1,0
C,G,C,1382,100,1382,1,0
C,H,C,5152,100,5152,1,0
A,D,D,4950,100,4950,1,0
B,D,D,6988,100,6988,1,0
C,D,D,4915,100,4915,1,0
D,E,D,5168,100,5168,1,0
D,F,D,7128,100,7128,1,0
D,G,D,5155,100,5155,1,0
D,H,D,1398,100,1398,1,0
A,E,E,1446,100,1446,1,0
B,E,E,5131,100,5131,1,0
C,E,E,7205,100,7205,1,0
D,E,E,5189,100,5189,1,0
E,F,E,4994,100,4994,1,0
E,G,E,7055,100,7055,1,0
E,H,E,4970,100,4970,1,0
A,F,F,5169,100,5169,1,0
B,F,F,1396,100,1396,1,0
C,F,F,5161,100,5161,1,0
D,F,F,7135,100,7135,1,0
E,F,F,4984,100,4984,1,0
F,G,F,4969,100,4969,1,0
F,H,F,7017,100,7017,1,0
A,G,G,7184,100,7184,1,0
B,G,G,5179,100,5179,1,0
C,G,G,1400,100,1400,1,0
D,G,G,5125,100,5125,1,0
E,G,G,7029,100,7029,1,0
F,G,G,4998,100,4998,1,0
G,H,G,4940,100,4940,1,0
A,H,H,5151,100,5151,1,0
B,H,H,7136,100,7136,1,0
C,H,H,5147,100,5147,1,0
D,H,H,1433,100,1433,1,0
E,H,H,5013,100,5013,1,0
F,H,H,7026,100,7026,1,0
G,H,H,4950,100,4950,1,0
A,B,A,4936,100,4936,1,0
A,C,A,7021,100,7021,1,0
A,D,A,4953,100,4953,1,0
A,E,A,1404,100,1404,1,0
A,F,A,5202,100,5202,1,0
A,G,A,7119,100,7119,1,0
A,H,A,5123,100,5123,1,0
A,B,B,4972,100,4972,1,0
B,C,B,5031,100,5031,1,0
B,D,B,7037,100,7037,1,0
B,E,B,5129,100,5129,1,0
B,F,B,1421,100,1421,1,0
B,G,B,5170,100,5170,1,0
B,H,B,7133,100,7133,1,0
A,C,C,7008,100,7008,1,0
B,C,C,5027,100,5027,1,0
C,D,C,4976,100,4976,1,0
C,E,C,7205,100,7205,1,0
C,F,C,5145,100,5145,1,0
C,G,C,1431,100,1431,1,0
C,H,C,5146,100,5146,1,0
A,D,D,4967,100,4967,1,0
B,D,D,6978,100,6978,1,0
C,D,D,4984,100,4984,1,0
D,E,D,5177,100,5177,1,0
D,F,D,7143,100,7143,1,0
D,G,D,5150,100,5150,1,0
D,H,D,1418,100,1418,1,0
A,E,E,1331,100,1331,1,0
B,E,E,5170,100,5170,1,0
C,E,E,7139,100,7139,1,0
D,E,E,5103,100,5103,1,0
E,F,E,4957,100,4957,1,0
E,G,E,7032,100,7032,1,0
E,H,E,4990,100,4990,1,0
A,F,F,5190,100,5190,1,0
B,F,F,1361,100,1361,1,0
C,F,F,5173,100,5173,1,0
D,F,F,7128,100,7128,1,0
E,F,F,4978,100,4978,1,0
F,G,F,4976,100,4976,1,0
F,H,F,6965,100,6965,1,0
A,G,G,7191,100,7191,1,0
B,G,G,5165,100,5165,1,0
C,G,G,1432,100,1432,1,0
D,G,G,5112,100,5112,1,0
E,G,G,7049,100,7049,1,0
F,G,G,4967,100,4967,1,0
G,H,G,4964,100,4964,1,0
A,H,H,5135,100,5135,1,0
B,H,H,7169,100,7169,1,0
C,H,H,5144,100,5144,1,0
D,H,H,1419,100,1419,1,0
E,H,H,4964,100,4964,1,0
F,H,H,7027,100,7027,1,0
G,H,H,4985,100,4985,1,0
A,B,A,4990,100,4990,1,0
A,C,A,7004,100,7004,1,0
A,D,A,4952,100,4952,1,0
A,E,A,1379,100,1379,1,0
A,F,A,5146,100,5146,1,0
A,G,A,7155,100,7155,1,0
A,H,A,5186,100,5186,1,0
A,B,B,4932,100,4932,1,0
B,C,B,4962,100,4962,1,0
B,D,B,7038,100,7038,1,0
B,E,B,5128,100,5128,1,0
B,F,B,1371,100,1371,1,0
B,G,B,5194,100,5194,1,0
B,H,B,7110,100,7110,1,0
A,C,C,7020,100,7020,1,0
B,C,C,4967,100,4967,1,0
C,D,C,4919,100,4919,1,0
C,E,C,7164,100,7164,1,0
C,F,C,5159,100,5159,1,0
C,G,C,1403,100,1403,1,0
C,H,C,5171,100,5171,1,0
A,D,D,4942,100,4942,1,0
B,D,D,7014,100,7014,1,0
C,D,D,4952,100,4952,1,0
D,E,D,5126,100,5126,1,0
D,F,D,7187,100,7187,1,0
D,G,D,5120,100,5120,1,0
D,H,D,1405,100,1405,1,0
A,E,E,1398,100,1398,1,0
B,E,E,5166,100,5166,1,0
C,E,E,7134,100,7134,1,0
D,E,E,5178,100,5178,1,0
E,F,E,4972,100,4972,1,0
E,G,E,7062,100,7062,1,0
E,H,E,4939,100,4939,1,0
A,F,F,5116,100,5116,1,0
B,F,F,1406,100,1406,1,0
C,F,F,5183,100,5183,1,0
D,F,F,7122,100,7122,1,0
E,F,F,4962,100,4962,1,0
F,G,F,4982,100,4982,1,0
F,H,F,7007,100,7007,1,0
A,G,G,7134,100,7134,1,0
B,G,G,5194,100,5194,1,0
C,G,G,1351,100,1351,1,0
D,G,G,5107,100,5107,1,0
E,G,G,7037,100,7037,1,0
F,G,G,4994,100,4994,1,0
G,H,G,4970,100,4970,1,0
A,H,H,5166,100,5166,1,0
B,H,H,7165,100,7165,1,0
C,H,H,5151,100,5151,1,0
D,H,H,1437,100,1437,1,0
E,H,H,4958,100,4958,1,0
F,H,H,6956,100,6956,1,0
G,H,H,4948,100,4948,1,0
A,B,A,4948,100,4948,1,0
A,C,A,6996,100,6996,1,0
A,D,A,4944,100,4944,1,0
A,E,A,1469,100,1469,1,0
A,F,A,5136,100,5136,1,0
A,G,A,7216,100,7216,1,0
A,H,A,5166,100,5166,1,0
A,B,B,4993,100,4993,1,0
B,C,B,5001,100,5001,1,0
B,D,B,6995,100,6995,1,0
B,E,B,5127,100,5127,1,0
B,F,B,1405,100,1405,1,0
B,G,B,5189,100,5189,1,0
B,H,B,7144,100,7144,1,0
A,C,C,7004,100,7004,1,0
B,C,C,4977,100,4977,1,0
C,D,C,4959,100,4959,1,0
C,E,C,7189,100,7189,1,0
C,F,C,5167,100,5167,1,0
C,G,C,1396,100,1396,1,0
C,H,C,5149,100,5149,1,0
A,D,D,4925,100,4925,1,0
B,D,D,7026,100,7026,1,0
C,D,D,4943,100,4943,1,0
D,E,D,5227,100,5227,1,0
D,F,D,7150,100,7150,1,0
D,G,D,5155,100,5155,1,0
D,H,D,1459,100,1459,1,0
A,E,E,1429,100,1429,1,0
B,E,E,5144,100,5144,1,0
C,E,E,7148,100,7148,1,0
D,E,E,5189,100,5189,1,0
E,F,E,4968,100,4968,1,0
E,G,E,7045,100,7045,1,0
E,H,E,4999,100,4999,1,0
A,F,F,5173,100,5173,1,0
B,F,F,1383,100,1383,1,0
C,F,F,5174,100,5174,1,0
D,F,F,7129,100,7129,1,0
E,F,F,4978,100,4978,1,0
F,G,F,4993,100,4993,1,0
F,H,F,7020,100,7020,1,0
A,G,G,7151,100,7151,1,0
B,G,G,5155,100,5155,1,0
C,G,G,1410,100,1410,1,0
D,G,G,5141,100,5141,1,0
E,G,G,7090,100,7090,1,0
F,G,G,4959,100,4959,1,0
G,H,G,4933,100,4933,1,0
A,H,H,5160,100,5160,1,0
B,H,H,7100,100,7100,1,0
C,H,H,5139,100,5139,1,0
D,H,H,1421,100,1421,1,0
E,H,H,4990,100,4990,1,0
F,H,H,6992,100,6992,1,0
G,H,H,4962,100,4962,1,0
A,B,A,4989,100,4989,1,0
A,C,A,7007,100,7007,1,0
A,D,A,4962,100,4962,1,0
A,E,A,1435,100,1435,1,0
A,F,A,5154,100,5154,1,0
A,G,A,7207,100,7207,1,0
A,H,A,5136,100,5136,1,0
A,B,B,4998,100,4998,1,0
B,C,B,4996,100,4996,1,0
B,D,B,7006,100,7006,1,0
B,E,B,5154,100,5154,1,0
B,F,B,1405,100,1405,1,0
B,G,B,5202,100,5202,1,0
B,H,B,7162,100,7162,1,0
A,C,C,6984,100,6984,1,0
B,C,C,4983,100,4983,1,0
C,D,C,4965,100,4965,1,0
C,E,C,7166,100,7166,1,0
C,F,C,5170,100,5170,1,0
C,G,C,1377,100,1377,1,0
C,H,C,5121,100,5121,1,0
A,D,D,4945,100,4945,1,0
B,D,D,7006,100,7006,1,0
C,D,D,4928,100,4928,1,0
D,E,D,5173,100,5173,1,0
D,F,D,7185,100,7185,1,0
D,G,D,5143,100,5143,1,0
D,H,D,1427,100,1427,1,0
A,E,E,1388,100,1388,1,0
B,E,E,5108,100,5108,1,0
C,E,E,7151,100,7151,1,0
D,E,E,5090,100,5090,1,0
E,F,E,4986,100,4986,1,0
E,G,E,7065,100,7065,1,0
E,H,E,4986,100,4986,1,0
A,F,F,5214,100,5214,1,0
B,F,F,1403,100,1403,1,0
C,F,F,5171,100,5171,1,0
D,F,F,7131,100,7131,1,0
E,F,F,4967,100,4967,1,0
F,G,F,4956,100,4956,1,0
F,H,F,6965,100,6965,1,0
A,G,G,7123,100,7123,1,0
B,G,G,5166,100,5166,1,0
C,G,G,1389,100,1389,1,0
D,G,G,5131,100,5131,1,0
E,G,G,7095,100,7095,1,0
F,G,G,4972,100,4972,1,0
G,H,G,4901,100,4901,1,0
A,H,H,5112,100,5112,1,0
B,H,H,7127,100,7127,1,0
C,H,H,5086,100,5086,1,0
D,H,H,1376,100,1376,1,0
E,H,H,4973,100,4973,1,0
F,H,H,6975,100,6975,1,0
G,H,H,4987,100,4987,1,0
A,B,A,4946,100,4946,1,0
A,C,A,7034,100,7034,1,0
A,D,A,4943,100,4943,1,0
A,E,A,1401,100,1401,1,0
A,F,A,5188,100,5188,1,0
A,G,A,7220,100,7220,1,0
A,H,A,5131,100,5131,1,0
A,B,B,4954,100,4954,1,0
B,C,B,4971,100,4971,1,0
B,D,B,6986,100,6986,1,0
B,E,B,5123,100,5123,1,0
B,F,B,1403,100,1403,1,0
B,G,B,5181,100,5181,1,0
B,H,B,7167,100,7167,1,0
A,C,C,6998,100,6998,1,0
B,C,C,4936,100,4936,1,0
C,D,C,4926,100,4926,1,0
C,E,C,7172,100,7172,1,0
C,F,C,5159,100,5159,1,0
C,G,C,1398,100,1398,1,0
C,H,C,5119,100,5119,1,0
A,D,D,4932,100,4932,1,0
B,D,D,7025,100,7025,1,0
C,D,D,4942,100,4942,1,0
D,E,D,5210,100,5210,1,0
D,F,D,7141,100,7141,1,0
D,G,D,5147,100,5147,1,0
D,H,D,1408,100,1408,1,0
A,E,E,1371,100,1371,1,0
B,E,E,5152,100,5152,1,0
C,E,E,7145,100,7145,1,0
D,E,E,5151,100,5151,1,0
E,F,E,4945,100,4945,1,0
E,G,E,7077,100,7077,1,0
E,H,E,4972,100,4972,1,0
A,F,F,5167,100,5167,1,0
B,F,F,1409,100,1409,1,0
C,F,F,5155,100,5155,1,0
D,F,F,7153,100,7153,1,0
E,F,F,4995,100,4995,1,0
F,G,F,4973,100,4973,1,0
F,H,F,7027,100,7027,1,0
A,G,G,7158,100,7158,1,0
B,G,G,5200,100,5200,1,0
C,G,G,1371,100,1371,1,0
D,G,G,5146,100,5146,1,0
E,G,G,7048,100,7048,1,0
F,G,G,4965,100,4965,1,0
G,H,G,4967,100,4967,1,0
A,H,H,5149,100,5149,1,0
B,H,H,7161,100,7161,1,0
C,H,H,5108,100,5108,1,0
D,H,H,1369,100,1369,1,0
E,H,H,4953,100,4953,1,0
F,H,H,7013,100,7013,1,0
G,H,H,4945,100,4945,1,0
A,B,A,4932,100,4932,1,0
A,C,A,7014,100,7014,1,0
A,D,A,4955,100,4955,1,0
A,E,A,1448,100,1448,1,0
A,F,A,5146,100,5146,1,0
A,G,A,7178,100,7178,1,0
A,H,A,5179,100,5179,1,0
A,B,B,4949,100,4949,1,0
B,C,B,5022,100,5022,1,0
B,D,B,7010,100,7010,1,0
B,E,B,5173,100,5173,1,0
B,F,B,1415,100,1415,1,0
B,G,B,5129,100,5129,1,0
B,H,B,7151,100,7151,1,0
A,C,C,7067,100,7067,1,0
B,C,C,4985,100,4985,1,0
C,D,C,4933,100,4933,1,0
C,E,C,7188,100,7188,1,0
C,F,C,5180,100,5180,1,0
C,G,C,1448,100,1448,1,0
C,H,C,5198,100,5198,1,0
A,D,D,4909,100,4909,1,0
B,D,D,7041,100,7041,1,0
C,D,D,4949,100,4949,1,0
D,E,D,5203,100,5203,1,0
D,F,D,7145,100,7145,1,0
D,G,D,5107,100,5107,1,0
D,H,D,1389,100,1389,1,0
A,E,E,1415,100,1415,1,0
B,E,E,5154,100,5154,1,0
C,E,E,7206,100,7206,1,0
D,E,E,5238,100,5238,1,0
E,F,E,4982,100,4982,1,0
E,G,E,7034,100,7034,1,0
E,H,E,4966,100,4966,1,0
A,F,F,5155,100,5155,1,0
B,F,F,1436,100,1436,1,0
C,F,F,5159,100,5159,1,0
D,F,F,7128,100,7128,1,0
E,F,F,4942,100,4942,1,0
F,G,F,4978,100,4978,1,0
F,H,F,6991,100,6991,1,0
A,G,G,7176,100,7176,1,0
B,G,G,5208,100,5208,1,0
C,G,G,1416,100,1416,1,0
D,G,G,5139,100,5139,1,0
E,G,G,7035,100,7035,1,0
F,G,G,4959,100,4959,1,0
G,H,G,4999,100,4999,1,0
A,H,H,5108,100,5108,1,0
B,H,H,7144,100,7144,1,0
C,H,H,5141,100,5141,1,0
D,H,H,1416,100,1416,1,0
E,H,H,4990,100,4990,1,0
F,H,H,7034,100,7034,1,0
G,H,H,4959,100,4959,1,0
A,B,A,4950,100,4950,1,0
A,C,A,6987,100,6987,1,0
A,D,A,4933,100,4933,1,0
A,E,A,1419,100,1419,1,0
A,F,A,5143,100,5143,1,0
A,G,A,7208,100,7208,1,0
A,H,A,5102,100,5102,1,0
A,B,B,4939,100,4939,1,0
B,C,B,4949,100,4949,1,0
B,D,B,7004,100,7004,1,0
B,E,B,5154,100,5154,1,0
B,F,B,1402,100,1402,1,0
B,G,B,5184,100,5184,1,0
B,H,B,7197,100,7197,1,0
A,C,C,7018,100,7018,1,0
B,C,C,4985,100,4985,1,0
C,D,C,4959,100,4959,1,0
C,E,C,7193,100,7193,1,0
C,F,C,5138,100,5138,1,0
C,G,C,1408,100,1408,1,0
C,H,C,5194,100,5194,1,0
A,D,D,4948,100,4948,1,0
B,D,D,6973,100,6973,1,0
C,D,D,4934,100,4934,1,0
D,E,D,5184,100,5184,1,0
D,F,D,7126,100,7126,1,0
D,G,D,5122,100,5122,1,0
D,H,D,1405,100,1405,1,0
A,E,E,1450,100,1450,1,0
B,E,E,5159,100,5159,1,0
C,E,E,7185,100,7185,1,0
D,E,E,5163,100,5163,1,0
E,F,E,4972,100,4972,1,0
E,G,E,7060,100,7060,1,0
E,H,E,4965,100,4965,1,0
A,F,F,5157,100,5157,1,0
B,F,F,1417,100,1417,1,0
C,F,F,5155,100,5155,1,0
D,F,F,7150,100,7150,1,0
E,F,F,4950,100,4950,1,0
F,G,F,4978,100,4978,1,0
F,H,F,6990,100,6990,1,0
A,G,G,7141,100,7141,1,0
B,G,G,5207,100,5207,1,0
C,G,G,1419,100,1419,1,0
D,G,G,5154,100,5154,1,0
E,G,G,7013,100,7013,1,0
F,G,G,4997,100,4997,1,0
G,H,G,4964,100,4964,1,0
A,H,H,5141,100,5141,1,0
B,H,H,7144,100,7144,1,0
C,H,H,5185,100,5185,1,0
D,H,H,1421,100,1421,1,0
E,H,H,4971,100,4971,1,0
F,H,H,7001,100,7001,1,0
G,H,H,4962,100,4962,1,0
A,B,A,4940,100,4940,1,0
A,C,A,7015,100,7015,1,0
A,D,A,4957,100,4957,1,0
A,E,A,1452,100,1452,1,0
A,F,A,5210,100,5210,1,0
A,G,A,7172,100,7172,1,0
A,H,A,5115,100,5115,1,0
A,B,B,4937,100,4937,1,0
B,C,B,4964,100,4964,1,0
B,D,B,6995,100,6995,1,0
B,E,B,5155,100,5155,1,0
B,F,B,1408,100,1408,1,0
B,G,B,5182,100,5182,1,0
B,H,B,7163,100,7163,1,0
A,C,C,7012,100,7012,1,0
B,C,C,4975,100,4975,1,0
C,D,C,4934,100,4934,1,0
C,E,C,7151,100,7151,1,0
C,F,C,5162,100,5162,1,0
C,G,C,1422,100,1422,1,0
C,H,C,5144,100,5144,1,0
A,D,D,4947,100,4947,1,0
B,D,D,6991,100,6991,1,0
C,D,D,4912,100,4912,1,0
D,E,D,5189,100,5189,1,0
D,F,D,7119,100,7119,1,0
D,G,D,5171,100,5171,1,0
D,H,D,1438,100,1438,1,0
A,E,E,1417,100,1417,1,0
B,E,E,5152,100,5152,1,0
C,E,E,7208,100,7208,1,0
D,E,E,5183,100,5183,1,0
E,F,E,4974,100,4974,1,0
E,G,E,7050,100,7050,1,0
E,H,E,4978,100,4978,1,0
A,F,F,5208,100,5208,1,0
B,F,F,1406,100,1406,1,0
C,F,F,5137,100,5137,1,0
D,F,F,7139,100,7139,1,0
E,F,F,4966,100,4966,1,0
F,G,F,4983,100,4983,1,0
F,H,F,7013,100,7013,1,0
A,G,G,7127,100,7127,1,0
B,G,G,5189,100,5189,1,0
C,G,G,1384,100,1384,1,0
D,G,G,5195,100,5195,1,0
E,G,G,7053,100,7053,1,0
F,G,G,4962,100,4962,1,0
G,H,G,4931,100,4931,1,0
A,H,H,5164,100,5164,1,0
B,H,H,7185,100,7185,1,0
C,H,H,5160,100,5160,1,0
D,H,H,1354,100,1354,1,0
E,H,H,5003,100,5003,1,0
F,H,H,6995,100,6995,1,0
G,H,H,4936,100,4936,1,0
A,B,A,4990,100,4990,1,0
A,C,A,7028,100,7028,1,0
A,D,A,4934,100,4934,1,0
A,E,A,1444,100,1444,1,0
A,F,A,5098,100,5098,1,0
A,G,A,7143,100,7143,1,0
A,H,A,5141,100,5141,1,0
A,B,B,4970,100,4970,1,0
B,C,B,5042,100,5042,1,0
B,D,B,7035,100,7035,1,0
B,E,B,5152,100,5152,1,0
B,F,B,1402,100,1402,1,0
B,G,B,5204,100,5204,1,0
B,H,B,7098,100,7098,1,0
A,C,C,7024,100,7024,1,0
B,C,C,4933,100,4933,1,0
C,D,C,4942,100,4942,1,0
C,E,C,7162,100,7162,1,0
C,F,C,5151,100,5151,1,0
C,G,C,1391,100,1391,1,0
C,H,C,5162,100,5162,1,0
A,D,D,4908,100,4908,1,0
B,D,D,6975,100,6975,1,0
C,D,D,4948,100,4948,1,0
D,E,D,5232,100,5232,1,0
D,F,D,7129,100,7129,1,0
D,G,D,5137,100,5137,1,0
D,H,D,1379,100,1379,1,0
A,E,E,1384,100,1384,1,0
B,E,E,5128,100,5128,1,0
C,E,E,7198,100,7198,1,0
D,E,E,5172,100,5172,1,0
E,F,E,4975,100,4975,1,0
E,G,E,7038,100,7038,1,0
E,H,E,4958,100,4958,1,0
A,F,F,5192,100,5192,1,0
B,F,F,1389,100,1389,1,0
C,F,F,5144,100,5144,1,0
D,F,F,7147,100,7147,1,0
E,F,F,4986,100,4986,1,0
F,G,F,4961,100,4961,1,0
F,H,F,6978,100,6978,1,0
A,G,G,7187,100,7187,1,0
B,G,G,5183,100,5183,1,0
C,G,G,1375,100,1375,1,0
D,G,G,5130,100,5130,1,0
E,G,G,7047,100,7047,1,0
F,G,G,4969,100,4969,1,0
G,H,G,4966,100,4966,1,0
A,H,H,5139,100,5139,1,0
B,H,H,7158,100,7158,1,0
C,H,H,5098,100,5098,1,0
D,H,H,1435,100,1435,1,0
E,H,H,4994,100,4994,1,0
F,H,H,6957,100,6957,1,0
G,H,H,4945,100,4945,1,0
A,B,A,4944,100,4944,1,0
A,C,A,7004,100,7004,1,0
A,D,A,4955,100,4955,1,0
A,E,A,1381,100,1381,1,0
A,F,A,5165,100,5165,1,0
A,G,A,7210,100,7210,1,0
A,H,A,5139,100,5139,1,0
A,B,B,4956,100,4956,1,0
B,C,B,4975,100,4975,1,0
B,D,B,6958,100,6958,1,0
B,E,B,5126,100,5126,1,0
B,F,B,1395,100,1395,1,0
B,G,B,5179,100,5179,1,0
B,H,B,7203,100,7203,1,0
A,C,C,7012,100,7012,1,0
B,C,C,4958,100,4958,1,0
C,D,C,4958,100,4958,1,0
C,E,C,7197,100,7197,1,0
C,F,C,5126,100,5126,1,0
C,G,C,1424,100,1424,1,0
C,H,C,5164,100,5164,1,0
A,D,D,4953,100,4953,1,0
B,D,D,7018,100,7018,1,0
C,D,D,4924,100,4924,1,0
D,E,D,5181,100,5181,1,0
D,F,D,7122,100,7122,1,0
D,G,D,5127,100,5127,1,0
D,H,D,1408,100,1408,1,0
A,E,E,1428,100,1428,1,0
B,E,E,5119,100,5119,1,0
C,E,E,7181,100,7181,1,0
D,E,E,5191,100,5191,1,0
E,F,E,4970,100,4970,1,0
E,G,E,7041,100,7041,1,0
E,H,E,5026,100,5026,1,0
A,F,F,5157,100,5157,1,0
B,F,F,1394,100,1394,1,0
C,F,F,5150,100,5150,1,0
D,F,F,7115,100,7115,1,0
E,F,F,4978,100,4978,1,0
F,G,F,4984,100,4984,1,0
F,H,F,7011,100,7011,1,0
A,G,G,7202,100,7202,1,0
B,G,G,5173,100,5173,1,0
C,G,G,1368,100,1368,1,0
D,G,G,5120,100,5120,1,0
E,G,G,7028,100,7028,1,0
F,G,G,4975,100,4975,1,0
G,H,G,4910,100,4910,1,0
A,H,H,5117,100,5117,1,0
B,H,H,7085,100,7085,1,0
C,H,H,5167,100,5167,1,0
D,H,H,1376,100,1376,1,0
E,H,H,4947,100,4947,1,0
F,H,H,7038,100,7038,1,0
G,H,H,4936,100,4936,1,0
A,B,A,4966,100,4966,1,0
A,C,A,7037,100,7037,1,0
A,D,A,4955,100,4955,1,0
A,E,A,1396,100,1396,1,0
A,F,A,5147,100,5147,1,0
A,G,A,7159,100,7159,1,0
A,H,A,5154,100,5154,1,0
A,B,B,4965,100,4965,1,0
B,C,B,4973,100,4973,1,0
B,D,B,6995,100,6995,1,0
B,E,B,5119,100,5119,1,0
B,F,B,1390,100,1390,1,0
B,G,B,5172,100,5172,1,0
B,H,B,7130,100,7130,1,0
A,C,C,7004,100,7004,1,0
B,C,C,4991,100,4991,1,0
C,D,C,4949,100,4949,1,0
C,E,C,7216,100,7216,1,0
C,F,C,5180,100,5180,1,0
C,G,C,1407,100,1407,1,0
C,H,C,5146,100,5146,1,0
A,D,D,4943,100,4943,1,0
B,D,D,6999,100,6999,1,0
C,D,D,4929,100,4929,1,0
D,E,D,5164,100,5164,1,0
D,F,D,7149,100,7149,1,0
D,G,D,5155,100,5155,1,0
D,H,D,1394,100,1394,1,0
A,E,E,1458,100,1458,1,0
B,E,E,5140,100,5140,1,0
C,E,E,7180,100,7180,1,0
D,E,E,5188,100,5188,1,0
E,F,E,4935,100,4935,1,0
E,G,E,7045,100,7045,1,0
E,H,E,4983,100,4983,1,0
A,F,F,5217,100,5217,1,0
B,F,F,1412,100,1412,1,0
C,F,F,5137,100,5137,1,0
D,F,F,7133,100,7133,1,0
E,F,F,4971,100,4971,1,0
F,G,F,4991,100,4991,1,0
F,H,F,7004,100,7004,1,0
A,G,G,7159,100,7159,1,0
B,G,G,5222,100,5222,1,0
C,G,G,1428,100,1428,1,0
D,G,G,5136,100,5136,1,0
E,G,G,7006,100,7006,1,0
F,G,G,4951,100,4951,1,0
G,H,G,4927,100,4927,1,0
A,H,H,5118,100,5118,1,0
B,H,H,7182,100,7182,1,0
C,H,H,5161,100,5161,1,0
D,H,H,1424,100,1424,1,0
E,H,H,4979,100,4979,1,0
F,H,H,6998,100,6998,1,0
G,H,H,4928,100,4928,1,0
A,B,A,4966,100,4966,1,0
A,C,A,7049,100,7049,1,0
A,D,A,4966,100,4966,1,0
A,E,A,1408,100,1408,1,0
A,F,A,5167,100,5167,1,0
A,G,A,7180,100,7180,1,0
A,H,A,5164,100,5164,1,0
A,B,B,4970,100,4970,1,0
B,C,B,4991,100,4991,1,0
B,D,B,6986,100,6986,1,0
B,E,B,5141,100,5141,1,0
B,F,B,1429,100,1429,1,0
B,G,B,5196,100,5196,1,0
B,H,B,7145,100,7145,1,0
A,C,C,7052,100,7052,1,0
B,C,C,4933,100,4933,1,0
C,D,C,4960,100,4960,1,0
C,E,C,7148,100,7148,1,0
C,F,C,5139,100,5139,1,0
C,G,C,1383,100,1383,1,0
C,H,C,5159,100,5159,1,0
A,D,D,4957,100,4957,1,0
B,D,D,6990,100,6990,1,0
C,D,D,4909,100,4909,1,0
D,E,D,5222,100,5222,1,0
D,F,D,7128,100,7128,1,0
D,G,D,5188,100,5188,1,0
D,H,D,1377,100,1377,1,0
A,E,E,1449,100,1449,1,0
B,E,E,5164,100,5164,1,0
C,E,E,7194,100,7194,1,0
D,E,E,5127,100,5127,1,0
E,F,E,4996,100,4996,1,0
E,G,E,7054,100,7054,1,0
E,H,E,4963,100,4963,1,0
A,F,F,5227,100,5227,1,0
B,F,F,1370,100,1370,1,0
C,F,F,5142,100,5142,1,0
D,F,F,7130,100,7130,1,0
E,F,F,4951,100,4951,1,0
F,G,F,4967,100,4967,1,0
F,H,F,7048,100,7048,1,0
A,G,G,7173,100,7173,1,0
B,G,G,5195,100,5195,1,0
C,G,G,1374,100,1374,1,0
D,G,G,5129,100,5129,1,0
E,G,G,7077,100,7077,1,0
F,G,G,4955,100,4955,1,0
G,H,G,4959,100,4959,1,0
A,H,H,5167,100,5167,1,0
B,H,H,7151,100,7151,1,0
C,H,H,5141,100,5141,1,0
D,H,H,1366,100,1366,1,0
E,H,H,4999,100,4999,1,0
F,H,H,6985,100,6985,1,0
G,H,H,4942,100,4942,1,0
A,B,A,4934,100,4934,1,0
A,C,A,7033,100,7033,1,0
A,D,A,4936,100,4936,1,0
A,E,A,1435,100,1435,1,0
A,F,A,5176,100,5176,1,0
A,G,A,7151,100,7151,1,0
A,H,A,5161,100,5161,1,0
A,B,B,4951,100,4951,1,0
B,C,B,4951,100,4951,1,0
B,D,B,6978,100,6978,1,0
B,E,B,5136,100,5136,1,0
B,F,B,1407,100,1407,1,0
B,G,B,5158,100,5158,1,0
B,H,B,7141,100,7141,1,0
A,C,C,6968,100,6968,1,0
B,C,C,4968,100,4968,1,0
C,D,C,4947,100,4947,1,0
C,E,C,7149,100,7149,1,0
C,F,C,5167,100,5167,1,0
C,G,C,1391,100,1391,1,0
C,H,C,5154,100,5154,1,0
A,D,D,4956,100,4956,1,0
B,D,D,7004,100,7004,1,0
C,D,D,4931,100,4931,1,0
D,E,D,5138,100,5138,1,0
D,F,D,7163,100,7163,1,0
D,G,D,5134,100,5134,1,0
D,H,D,1509,100,1509,1,0
A,E,E,1423,100,1423,1,0
B,E,E,5169,100,5169,1,0
C,E,E,7230,100,7230,1,0
D,E,E,5143,100,5143,1,0
E,F,E,4968,100,4968,1,0
E,G,E,7083,100,7083,1,0
E,H,E,4986,100,4986,1,0
A,F,F,5145,100,5145,1,0
B,F,F,1409,100,1409,1,0
C,F,F,5180,100,5180,1,0
D,F,F,7171,100,7171,1,0
E,F,F,5000,100,5000,1,0
F,G,F,4957,100,4957,1,0
F,H,F,7006,100,7006,1,0
A,G,G,7197,100,7197,1,0
B,G,G,5154,100,5154,1,0
C,G,G,1421,100,1421,1,0
D,G,G,5133,100,5133,1,0
E,G,G,7078,100,7078,1,0
F,G,G,4964,100,4964,1,0
G,H,G,4971,100,4971,1,0
A,H,H,5118,100,5118,1,0
B,H,H,7140,100,7140,1,0
C,H,H,5166,100,5166,1,0
D,H,H,1384,100,1384,1,0
E,H,H,4965,100,4965,1,0
F,H,H,6964,100,6964,1,0
G,H,H,4941,100,4941,1,0
A,B,A,4907,100,4907,1,0
A,C,A,7039,100,7039,1,0
A,D,A,4956,100,4956,1,0
A,E,A,1379,100,1379,1,0
A,F,A,5191,100,5191,1,0
A,G,A,7174,100,7174,1,0
A,H,A,5169,100,5169,1,0
A,B,B,4961,100,4961,1,0
B,C,B,4998,100,4998,1,0
B,D,B,6983,100,6983,1,0
B,E,B,5138,100,5138,1,0
B,F,B,1428,100,1428,1,0
B,G,B,5180,100,5180,1,0
B,H,B,7103,100,7103,1,0
A,C,C,7043,100,7043,1,0
B,C,C,4979,100,4979,1,0
C,D,C,4961,100,4961,1,0
C,E,C,7192,100,7192,1,0
C,F,C,5151,100,5151,1,0
C,G,C,1425,100,1425,1,0
C,H,C,5164,100,5164,1,0
A,D,D,4967,100,4967,1,0
B,D,D,7051,100,7051,1,0
C,D,D,4957,100,4957,1,0
D,E,D,5141,100,5141,1,0
D,F,D,7146,100,7146,1,0
D,G,D,5177,100,5177,1,0
D,H,D,1399,100,1399,1,0
A,E,E,1392,100,1392,1,0
B,E,E,5138,100,5138,1,0
C,E,E,7173,100,7173,1,0
D,E,E,5219,100,5219,1,0
E,F,E,4973,100,4973,1,0
E,G,E,7014,100,7014,1,0
E,H,E,5030,100,5030,1,0
A,F,F,5226,100,5226,1,0
B,F,F,1372,100,1372,1,0
C,F,F,5157,100,5157,1,0
D,F,F,7166,100,7166,1,0
E,F,F,4961,100,4961,1,0
F,G,F,4972,100,4972,1,0
F,H,F,6967,100,6967,1,0
A,G,G,7122,100,7122,1,0
B,G,G,5155,100,5155,1,0
C,G,G,1448,100,1448,1,0
D,G,G,5143,100,5143,1,0
E,G,G,7087,100,7087,1,0
F,G,G,5000,100,5000,1,0
G,H,G,4899,100,4899,1,0
A,H,H,5130,100,5130,1,0
B,H,H,7167,100,7167,1,0
C,H,H,5136,100,5136,1,0
D,H,H,1430,100,1430,1,0
E,H,H,4971,100,4971,1,0
F,H,H,6978,100,6978,1,0
G,H,H,4967,100,4967,1,0
A,B,A,4958,100,4958,1,0
A,C,A,7041,100,7041,1,0
A,D,A,4947,100,4947,1,0
A,E,A,1442,100,1442,1,0
A,F,A,5167,100,5167,1,0
A,G,A,7143,100,7143,1,0
A,H,A,5164,100,5164,1,0
A,B,B,4937,100,4937,1,0
B,C,B,4951,100,4951,1,0
B,D,B,6974,100,6974,1,0
B,E,B,5113,100,5113,1,0
B,F,B,1409,100,1409,1,0
B,G,B,5228,100,5228,1,0
B,H,B,7142,100,7142,1,0
A,C,C,7020,100,7020,1,0
B,C,C,4977,100,4977,1,0
C,D,C,4952,100,4952,1,0
C,E,C,7223,100,7223,1,0
C,F,C,5148,100,5148,1,0
C,G,C,1364,100,1364,1,0
C,H,C,5159,100,5159,1,0
A,D,D,4935,100,4935,1,0
B,D,D,7017,100,7017,1,0
C,D,D,4917,100,4917,1,0
D,E,D,5115,100,5115,1,0
D,F,D,7135,100,7135,1,0
D,G,D,5132,100,5132,1,0
D,H,D,1384,100,1384,1,0
A,E,E,1446,100,1446,1,0
B,E,E,5197,100,5197,1,0
C,E,E,7179,100,7179,1,0
D,E,E,5126,100,5126,1,0
E,F,E,4966,100,4966,1,0
E,G,E,7049,100,7049,1,0
E,H,E,4973,100,4973,1,0
A,F,F,5182,100,5182,1,0
B,F,F,1408,100,1408,1,0
C,F,F,5131,100,5131,1,0
D,F,F,7134,100,7134,1,0
E,F,F,4966,100,4966,1,0
F,G,F,4987,100,4987,1,0
F,H,F,7032,100,7032,1,0
A,G,G,7148,100,7148,1,0
B,G,G,5178,100,5178,1,0
C,G,G,1382,100,1382,1,0
D,G,G,5146,100,5146,1,0
E,G,G,7046,100,7046,1,0
F,G,G,4968,100,4968,1,0
G,H,G,4967,100,4967,1,0
A,H,H,5132,100,5132,1,0
B,H,H,7122,100,7122,1,0
C,H,H,5112,100,5112,1,0
D,H,H,1443,100,1443,1,0
E,H,H,4926,100,4926,1,0
F,H,H,6992,100,6992,1,0
G,H,H,4939,100,4939,1,0
A,B,A,4926,100,4926,1,0
A,C,A,7019,100,7019,1,0
A,D,A,4951,100,4951,1,0
A,E,A,1432,100,1432,1,0
A,F,A,5186,100,5186,1,0
A,G,A,7137,100,7137,1,0
A,H,A,5202,100,5202,1,0
A,B,B,4917,100,4917,1,0
B,C,B,4994,100,4994,1,0
B,D,B,6970,100,6970,1,0
B,E,B,5193,100,5193,1,0
B,F,B,1359,100,1359,1,0
B,G,B,5175,100,5175,1,0
B,H,B,7135,100,7135,1,0
A,C,C,7021,100,7021,1,0
B,C,C,4948,100,4948,1,0
C,D,C,4970,100,4970,1,0
C,E,C,7180,100,7180,1,0
C,F,C,5142,100,5142,1,0
C,G,C,1358,100,1358,1,0
C,H,C,5151,100,5151,1,0
A,D,D,4967,100,4967,1,0
B,D,D,6980,100,6980,1,0
C,D,D,4977,100,4977,1,0
D,E,D,5229,100,5229,1,0
D,F,D,7161,100,7161,1,0
D,G,D,5173,100,5173,1,0
D,H,D,1359,100,1359,1,0
A,E,E,1353,100,1353,1,0
B,E,E,5170,100,5170,1,0
C,E,E,7221,100,7221,1,0
D,E,E,5188,100,5188,1,0
E,F,E,4955,100,4955,1,0
E,G,E,7038,100,7038,1,0
E,H,E,4993,100,4993,1,0
A,F,F,5185,100,5185,1,0
B,F,F,1405,100,1405,1,0
C,F,F,5143,100,5143,1,0
D,F,F,7162,100,7162,1,0
E,F,F,4999,100,4999,1,0
F,G,F,4991,100,4991,1,0
F,H,F,7033,100,7033,1,0
A,G,G,7121,100,7121,1,0
B,G,G,5207,100,5207,1,0
C,G,G,1350,100,1350,1,0
D,G,G,5183,100,5183,1,0
E,G,G,7032,100,7032,1,0
F,G,G,4985,100,4985,1,0
G,H,G,4962,100,4962,1,0
A,H,H,5096,100,5096,1,0
B,H,H,7195,100,7195,1,0
C,H,H,5142,100,5142,1,0
D,H,H,1462,100,1462,1,0
E,H,H,4976,100,4976,1,0
F,H,H,6995,100,6995,1,0
G,H,H,4978,100,4978,1,0
A,B,A,4962,100,4962,1,0
A,C,A,7071,100,7071,1,0
A,D,A,4914,100,4914,1,0
A,E,A,1405,100,1405,1,0
A,F,A,5176,100,5176,1,0
A,G,A,7112,100,7112,1,0
A,H,A,5167,100,5167,1,0
A,B,B,4989,100,4989,1,0
B,C,B,4977,100,4977,1,0
B,D,B,6974,100,6974,1,0
B,E,B,5160,100,5160,1,0
B,F,B,1417,100,1417,1,0
B,G,B,5150,100,5150,1,0
B,H,B,7108,100,7108,1,0
A,C,C,7037,100,7037,1,0
B,C,C,5019,100,5019,1,0
C,D,C,4959,100,4959,1,0
C,E,C,7211,100,7211,1,0
C,F,C,5146,100,5146,1,0
C,G,C,1398,100,1398,1,0
C,H,C,5180,100,5180,1,0
A,D,D,4922,100,4922,1,0
B,D,D,7040,100,7040,1,0
C,D,D,4942,100,4942,1,0
D,E,D,5153,100,5153,1,0
D,F,D,7158,100,7158,1,0
D,G,D,5141,100,5141,1,0
D,H,D,1425,100,1425,1,0
A,E,E,1357,100,1357,1,0
B,E,E,5156,100,5156,1,0
C,E,E,7199,100,7199,1,0
D,E,E,5188,100,5188,1,0
E,F,E,5016,100,5016,1,0
E,G,E,7055,100,7055,1,0
E,H,E,4956,100,4956,1,0
A,F,F,5197,100,5197,1,0
B,F,F,1416,100,1416,1,0
C,F,F,5160,100,5160,1,0
D,F,F,7142,100,7142,1,0
E,F,F,4940,100,4940,1,0
F,G,F,4953,100,4953,1,0
F,H,F,6999,100,6999,1,0
A,G,G,7141,100,7141,1,0
B,G,G,5131,100,5131,1,0
C,G,G,1406,100,1406,1,0
D,G,G,5138,100,5138,1,0
E,G,G,7066,100,7066,1,0
F,G,G,4938,100,4938,1,0
G,H,G,4928,100,4928,1,0
A,H,H,5165,100,5165,1,0
B,H,H,7159,100,7159,1,0
C,H,H,5143,100,5143,1,0
D,H,H,1425,100,1425,1,0
E,H,H,4985,100,4985,1,0
F,H,H,6994,100,6994,1,0
G,H,H,4991,100,4991,1,0
A,B,A,4973,100,4973,1,0
A,C,A,7034,100,7034,1,0
A,D,A,4925,100,4925,1,0
A,E,A,1462,100,1462,1,0
A,F,A,5190,100,5190,1,0
A,G,A,7171,100,7171,1,0
A,H,A,5145,100,5145,1,0
A,B,B,4923,100,4923,1,0
B,C,B,5008,100,5008,1,0
B,D,B,7011,100,7011,1,0
B,E,B,5142,100,5142,1,0
B,F,B,1337,100,1337,1,0
B,G,B,5189,100,5189,1,0
B,H,B,7130,100,7130,1,0
A,C,C,7037,100,7037,1,0
B,C,C,4978,100,4978,1,0
C,D,C,4936,100,4936,1,0
C,E,C,7152,100,7152,1,0
C,F,C,5149,100,5149,1,0
C,G,C,1406,100,1406,1,0
C,H,C,5142,100,5142,1,0
A,D,D,4935,100,4935,1,0
B,D,D,7004,100,7004,1,0
C,D,D,4945,100,4945,1,0
D,E,D,5186,100,5186,1,0
D,F,D,7175,100,7175,1,0
D,G,D,5127,100,5127,1,0
D,H,D,1429,100,1429,1,0
A,E,E,1441,100,1441,1,0
B,E,E,5163,100,5163,1,0
C,E,E,7216,100,7216,1,0
D,E,E,5233,100,5233,1,0
E,F,E,5006,100,5006,1,0
E,G,E,7089,100,7089,1,0
E,H,E,4955,100,4955,1,0
A,F,F,5171,100,5171,1,0
B,F,F,1380,100,1380,1,0
C,F,F,5141,100,5141,1,0
D,F,F,7160,100,7160,1,0
E,F,F,4983,100,4983,1,0
F,G,F,4952,100,4952,1,0
F,H,F,7032,100,7032,1,0
A,G,G,7182,100,7182,1,0
B,G,G,5194,100,5194,1,0
C,G,G,1448,100,1448,1,0
D,G,G,5133,100,5133,1,0
E,G,G,7059,100,7059,1,0
F,G,G,4980,100,4980,1,0
G,H,G,4972,100,4972,1,0
A,H,H,5182,100,5182,1,0
B,H,H,7164,100,7164,1,0
C,H,H,5189,100,5189,1,0
D,H,H,1377,100,1377,1,0
E,H,H,4951,100,4951,1,0
F,H,H,6972,100,6972,1,0
G,H,H,4926,100,4926,1,0
A,B,A,4967,100,4967,1,0
A,C,A,7037,100,7037,1,0
A,D,A,4926,100,4926,1,0
A,E,A,1401,100,1401,1,0
A,F,A,5137,100,5137,1,0
A,G,A,7191,100,7191,1,0
A,H,A,5156,100,5156,1,0
A,B,B,4942,100,4942,1,0
B,C,B,4995,100,4995,1,0
B,D,B,6992,100,6992,1,0
B,E,B,5120,100,5120,1,0
B,F,B,1413,100,1413,1,0
B,G,B,5173,100,5173,1,0
B,H,B,7146,100,7146,1,0
A,C,C,7020,100,7020,1,0
B,C,C,4983,100,4983,1,0
C,D,C,4955,100,4955,1,0
C,E,C,7161,100,7161,1,0
C,F,C,5139,100,5139,1,0
C,G,C,1415,100,1415,1,0
C,H,C,5177,100,5177,1,0
A,D,D,4922,100,4922,1,0
B,D,D,7000,100,7000,1,0
C,D,D,4958,100,4958,1,0
D,E,D,5197,100,5197,1,0
D,F,D,7137,100,7137,1,0
D,G,D,5125,100,5125,1,0
D,H,D,1392,100,1392,1,0
A,E,E,1385,100,1385,1,0
B,E,E,5108,100,5108,1,0
C,E,E,7234,100,7234,1,0
D,E,E,5174,100,5174,1,0
E,F,E,4982,100,4982,1,0
E,G,E,7069,100,7069,1,0
E,H,E,4983,100,4983,1,0
A,F,F,5180,100,5180,1,0
B,F,F,1401,100,1401,1,0
C,F,F,5158,100,5158,1,0
D,F,F,7146,100,7146,1,0
E,F,F,4967,100,4967,1,0
F,G,F,4973,100,4973,1,0
F,H,F,7037,100,7037,1,0
A,G,G,7114,100,7114,1,0
B,G,G,5213,100,5213,1,0
C,G,G,1423,100,1423,1,0
D,G,G,5142,100,5142,1,0
E,G,G,7023,100,7023,1,0
F,G,G,4947,100,4947,1,0
G,H,G,4966,100,4966,1,0
A,H,H,5144,100,5144,1,0
B,H,H,7175,100,7175,1,0
C,H,H,5188,100,5188,1,0
D,H,H,1463,100,1463,1,0
E,H,H,4992,100,4992,1,0
F,H,H,6967,100,6967,1,0
G,H,H,4968,100,4968,1,0
A,B,A,4972,100,4972,1,0
A,C,A,6999,100,6999,1,0
A,D,A,4963,100,4963,1,0
A,E,A,1376,100,1376,1,0
A,F,A,5177,100,5177,1,0
A,G,A,7218,100,7218,1,0
A,H,A,5159,100,5159,1,0
A,B,B,4955,100,4955,1,0
B,C,B,4969,100,4969,1,0
B,D,B,6986,100,6986,1,0
B,E,B,5095,100,5095,1,0
B,F,B,1374,100,1374,1,0
B,G,B,5190,100,5190,1,0
B,H,B,7166,100,7166,1,0
A,C,C,7043,100,7043,1,0
B,C,C,5002,100,5002,1,0
C,D,C,4944,100,4944,1,0
C,E,C,7207,100,7207,1,0
C,F,C,5135,100,5135,1,0
C,G,C,1384,100,1384,1,0
C,H,C,5129,100,5129,1,0
A,D,D,4971,100,4971,1,0
B,D,D,7009,100,7009,1,0
C,D,D,4944,100,4944,1,0
D,E,D,5119,100,5119,1,0
D,F,D,7123,100,7123,1,0
D,G,D,5134,100,5134,1,0
D,H,D,1394,100,1394,1,0
A,E,E,1478,100,1478,1,0
B,E,E,5111,100,5111,1,0
C,E,E,7110,100,7110,1,0
D,E,E,5176,100,5176,1,0
E,F,E,4973,100,4973,1,0
E,G,E,7036,100,7036,1,0
E,H,E,4965,100,4965,1,0
A,F,F,5160,100,5160,1,0
B,F,F,1354,100,1354,1,0
C,F,F,5158,100,5158,1,0
D,F,F,7173,100,7173,1,0
E,F,F,4998,100,4998,1,0
F,G,F,4980,100,4980,1,0
F,H,F,7009,100,7009,1,0
A,G,G,7188,100,7188,1,0
B,G,G,5207,100,5207,1,0
C,G,G,1407,100,1407,1,0
D,G,G,5138,100,5138,1,0
E,G,G,7068,100,7068,1,0
F,G,G,4967,100,4967,1,0
G,H,G,4938,100,4938,1,0
A,H,H,5113,100,5113,1,0
B,H,H,7174,100,7174,1,0
C,H,H,5140,100,5140,1,0
D,H,H,1428,100,1428,1,0
E,H,H,4966,100,4966,1,0
F,H,H,7040,100,7040,1,0
G,H,H,4960,100,4960,1,0
A,B,A,4912,100,4912,1,0
A,C,A,7031,100,7031,1,0
A,D,A,4959,100,4959,1,0
A,E,A,1437,100,1437,1,0
A,F,A,5170,100,5170,1,0
A,G,A,7157,100,7157,1,0
A,H,A,5175,100,5175,1,0
A,B,B,4997,100,4997,1,0
B,C,B,5027,100,5027,1,0
B,D,B,7034,100,7034,1,0
B,E,B,5087,100,5087,1,0
B,F,B,1351,100,1351,1,0
B,G,B,5175,100,5175,1,0
B,H,B,7106,100,7106,1,0
A,C,C,7006,100,7006,1,0
B,C,C,4968,100,4968,1,0
C,D,C,4947,100,4947,1,0
C,E,C,7206,100,7206,1,0
C,F,C,5182,100,5182,1,0
C,G,C,1449,100,1449,1,0
C,H,C,5221,100,5221,1,0
A,D,D,4950,100,4950,1,0
B,D,D,6951,100,6951,1,0
C,D,D,4954,100,4954,1,0
D,E,D,5203,100,5203,1,0
D,F,D,7150,100,7150,1,0
D,G,D,5122,100,5122,1,0
D,H,D,1405,100,1405,1,0
A,E,E,1431,100,1431,1,0
B,E,E,5200,100,5200,1,0
C,E,E,7171,100,7171,1,0
D,E,E,5181,100,5181,1,0
E,F,E,5020,100,5020,1,0
E,G,E,7074,100,7074,1,0
E,H,E,4977,100,4977,1,0
A,F,F,5149,100,5149,1,0
B,F,F,1411,100,1411,1,0
C,F,F,5167,100,5167,1,0
D,F,F,7163,100,7163,1,0
E,F,F,4979,100,4979,1,0
F,G,F,4961,100,4961,1,0
F,H,F,6978,100,6978,1,0
A,G,G,7191,100,7191,1,0
B,G,G,5193,100,5193,1,0
C,G,G,1383,100,1383,1,0
D,G,G,5131,100,5131,1,0
E,G,G,7063,100,7063,1,0
F,G,G,4984,100,4984,1,0
G,H,G,4941,100,4941,1,0
A,H,H,5154,100,5154,1,0
B,H,H,7161,100,7161,1,0
C,H,H,5167,100,5167,1,0
D,H,H,1430,100,1430,1,0
E,H,H,4970,100,4970,1,0
F,H,H,6982,100,6982,1,0
G,H,H,4957,100,4957,1,0
A,B,A,4913,100,4913,1,0
A,C,A,7041,100,7041,1,0
A,D,A,4937,100,4937,1,0
A,E,A,1421,100,1421,1,0
A,F,A,5209,100,5209,1,0
A,G,A,7200,100,7200,1,0
A,H,A,5161,100,5161,1,0
A,B,B,4962,100,4962,1,0
B,C,B,5026,100,5026,1,0
B,D,B,6968,100,6968,1,0
B,E,B,5142,100,5142,1,0
B,F,B,1395,100,1395,1,0
B,G,B,5183,100,5183,1,0
B,H,B,7140,100,7140,1,0
A,C,C,7013,100,7013,1,0
B,C,C,4990,100,4990,1,0
C,D,C,4952,100,4952,1,0
C,E,C,7197,100,7197,1,0
C,F,C,5160,100,5160,1,0
C,G,C,1391,100,1391,1,0
C,H,C,5142,100,5142,1,0
A,D,D,4957,100,4957,1,0
B,D,D,7017,100,7017,1,0
C,D,D,4947,100,4947,1,0
D,E,D,5132,100,5132,1,0
D,F,D,7164,100,7164,1,0
D,G,D,5140,100,5140,1,0
D,H,D,1436,100,1436,1,0
A,E,E,1422,100,1422,1,0
B,E,E,5155,100,5155,1,0
C,E,E,7184,100,7184,1,0
D,E,E,5183,100,5183,1,0
E,F,E,4959,100,4959,1,0
E,G,E,7032,100,7032,1,0
E,H,E,5028,100,5028,1,0
A,F,F,5205,100,5205,1,0
B,F,F,1391,100,1391,1,0
C,F,F,5143,100,5143,1,0
D,F,F,7109,100,7109,1,0
E,F,F,4991,100,4991,1,0
F,G,F,4973,100,4973,1,0
F,H,F,7014,100,7014,1,0
A,G,G,7176,100,7176,1,0
B,G,G,5217,100,5217,1,0
C,G,G,1432,100,1432,1,0
D,G,G,5175,100,5175,1,0
E,G,G,7066,100,7066,1,0
F,G,G,4959,100,4959,1,0
G,H,G,4917,100,4917,1,0
A,H,H,5177,100,5177,1,0
B,H,H,7139,100,7139,1,0
C,H,H,5184,100,5184,1,0
D,H,H,1423,100,1423,1,0
E,H,H,5020,100,5020,1,0
F,H,H,7024,100,7024,1,0
G,H,H,4954,100,4954,1,0
A,B,A,4966,100,4966,1,0
A,C,A,7011,100,7011,1,0
A,D,A,4941,100,4941,1,0
A,E,A,1406,100,1406,1,0
A,F,A,5156,100,5156,1,0
A,G,A,7190,100,7190,1,0
A,H,A,5146,100,5146,1,0
A,B,B,4937,100,4937,1,0
B,C,B,4985,100,4985,1,0
B,D,B,7021,100,7021,1,0
B,E,B,5127,100,5127,1,0
B,F,B,1405,100,1405,1,0
B,G,B,5177,100,5177,1,0
B,H,B,7100,100,7100,1,0
A,C,C,7069,100,7069,1,0
B,C,C,4973,100,4973,1,0
C,D,C,4930,100,4930,1,0
C,E,C,7153,100,7153,1,0
C,F,C,5143,100,5143,1,0
C,G,C,1362,100,1362,1,0
C,H,C,5125,100,5125,1,0
A,D,D,4974,100,4974,1,0
B,D,D,7012,100,7012,1,0
C,D,D,5008,100,5008,1,0
D,E,D,5164,100,5164,1,0
D,F,D,7128,100,7128,1,0
D,G,D,5119,100,5119,1,0
D,H,D,1403,100,1403,1,0
A,E,E,1407,100,1407,1,0
B,E,E,5160,100,5160,1,0
C,E,E,7147,100,7147,1,0
D,E,E,5131,100,5131,1,0
E,F,E,4931,100,4931,1,0
E,G,E,7082,100,7082,1,0
E,H,E,4995,100,4995,1,0
A,F,F,5172,100,5172,1,0
B,F,F,1376,100,1376,1,0
C,F,F,5141,100,5141,1,0
D,F,F,7151,100,7151,1,0
E,F,F,4957,100,4957,1,0
F,G,F,4963,100,4963,1,0
F,H,F,7036,100,7036,1,0
A,G,G,7146,100,7146,1,0
B,G,G,5181,100,5181,1,0
C,G,G,1454,100,1454,1,0
D,G,G,5163,100,5163,1,0
E,G,G,7066,100,7066,1,0
F,G,G,4955,100,4955,1,0
G,H,G,4934,100,4934,1,0
A,H,H,5157,100,5157,1,0
B,H,H,7184,100,7184,1,0
C,H,H,5162,100,5162,1,0
D,H,H,1430,100,1430,1,0
E,H,H,4981,100,4981,1,0
F,H,H,7000,100,7000,1,0
G,H,H,4962,100,4962,1,0
A,B,A,5000,100,5000,1,0
A,C,A,7026,100,7026,1,0
A,D,A,4966,100,4966,1,0
A,E,A,1412,100,1412,1,0
A,F,A,5171,100,5171,1,0
A,G,A,7200,100,7200,1,0
A,H,A,5141,100,5141,1,0
A,B,B,4972,100,4972,1,0
B,C,B,4982,100,4982,1,0
B,D,B,7027,100,7027,1,0
B,E,B,5124,100,5124,1,0
B,F,B,1406,100,1406,1,0
B,G,B,5168,100,5168,1,0
B,H,B,7191,100,7191,1,0
A,C,C,7018,100,7018,1,0
B,C,C,4969,100,4969,1,0
C,D,C,4955,100,4955,1,0
C,E,C,7171,100,7171,1,0
C,F,C,5120,100,5120,1,0
C,G,C,1364,100,1364,1,0
C,H,C,5155,100,5155,1,0
A,D,D,4958,100,4958,1,0
B,D,D,6990,100,6990,1,0
C,D,D,4931,100,4931,1,0
D,E,D,5139,100,5139,1,0
D,F,D,7110,100,7110,1,0
D,G,D,5124,100,5124,1,0
D,H,D,1426,100,1426,1,0
A,E,E,1394,100,1394,1,0
B,E,E,5145,100,5145,1,0
C,E,E,7139,100,7139,1,0
D,E,E,5136,100,5136,1,0
E,F,E,4935,100,4935,1,0
E,G,E,7055,100,7055,1,0
E,H,E,4977,100,4977,1,0
A,F,F,5163,100,5163,1,0
B,F,F,1408,100,1408,1,0
C,F,F,5141,100,5141,1,0
D,F,F,7166,100,7166,1,0
E,F,F,5012,100,5012,1,0
F,G,F,4977,100,4977,1,0
F,H,F,6978,100,6978,1,0
A,G,G,7134,100,7134,1,0
B,G,G,5202,100,5202,1,0
C,G,G,1372,100,1372,1,0
D,G,G,5134,100,5134,1,0
E,G,G,7033,100,7033,1,0
F,G,G,4938,100,4938,1,0
G,H,G,4942,100,4942,1,0
A,H,H,5118,100,5118,1,0
B,H,H,7137,100,7137,1,0
C,H,H,5168,100,5168,1,0
D,H,H,1375,100,1375,1,0
E,H,H,4975,100,4975,1,0
F,H,H,6975,100,6975,1,0
G,H,H,4974,100,4974,1,0
A,B,A,4980,100,4980,1,0
A,C,A,7038,100,7038,1,0
A,D,A,4945,100,4945,1,0
A,E,A,1439,100,1439,1,0
A,F,A,5164,100,5164,1,0
A,G,A,7206,100,7206,1,0
A,H,A,5166,100,5166,1,0
A,B,B,4937,100,4937,1,0
B,C,B,5011,100,5011,1,0
B,D,B,6992,100,6992,1,0
B,E,B,5093,100,5093,1,0
B,F,B,1388,100,1388,1,0
B,G,B,5204,100,5204,1,0
B,H,B,7185,100,7185,1,0
A,C,C,7031,100,7031,1,0
B,C,C,4970,100,4970,1,0
C,D,C,4969,100,4969,1,0
C,E,C,7193,100,7193,1,0
C,F,C,5162,100,5162,1,0
C,G,C,1403,100,1403,1,0
C,H,C,5122,100,5122,1,0
A,D,D,4963,100,4963,1,0
B,D,D,7021,100,7021,1,0
C,D,D,4949,100,4949,1,0
D,E,D,5174,100,5174,1,0
D,F,D,7146,100,7146,1,0
D,G,D,5101,100,5101,1,0
D,H,D,1418,100,1418,1,0
A,E,E,1422,100,1422,1,0
B,E,E,5166,100,5166,1,0
C,E,E,7168,100,7168,1,0
D,E,E,5115,100,5115,1,0
E,F,E,5012,100,5012,1,0
E,G,E,7039,100,7039,1,0
E,H,E,4939,100,4939,1,0
A,F,F,5207,100,5207,1,0
B,F,F,1356,100,1356,1,0
C,F,F,5151,100,5151,1,0
D,F,F,7134,100,7134,1,0
E,F,F,4972,100,4972,1,0
F,G,F,4960,100,4960,1,0
F,H,F,7005,100,7005,1,0
A,G,G,7151,100,7151,1,0
B,G,G,5147,100,5147,1,0
C,G,G,1397,100,1397,1,0
D,G,G,5128,100,5128,1,0
E,G,G,7059,100,7059,1,0
F,G,G,4976,100,4976,1,0
G,H,G,4951,100,4951,1,0
A,H,H,5104,100,5104,1,0
B,H,H,7154,100,7154,1,0
C,H,H,5125,100,5125,1,0
D,H,H,1422,100,1422,1,0
E,H,H,4947,100,4947,1,0
F,H,H,6975,100,6975,1,0
G,H,H,4919,100,4919,1,0
A,B,A,4948,100,4948,1,0
A,C,A,7000,100,7000,1,0
A,D,A,4958,100,4958,1,0
A,E,A,1412,100,1412,1,0
A,F,A,5191,100,5191,1,0
A,G,A,7164,100,7164,1,0
A,H,A,5142,100,5142,1,0
A,B,B,4945,100,4945,1,0
B,C,B,4956,100,4956,1,0
B,D,B,7003,100,7003,1,0
B,E,B,5139,100,5139,1,0
B,F,B,1399,100,1399,1,0
B,G,B,5207,100,5207,1,0
B,H,B,7127,100,7127,1,0
A,C,C,7045,100,7045,1,0
B,C,C,5004,100,5004,1,0
C,D,C,4940,100,4940,1,0
C,E,C,7142,100,7142,1,0
C,F,C,5136,100,5136,1,0
C,G,C,1418,100,1418,1,0
C,H,C,5168,100,5168,1,0
A,D,D,4962,100,4962,1,0
B,D,D,6975,100,6975,1,0
C,D,D,4985,100,4985,1,0
D,E,D,5144,100,5144,1,0
D,F,D,7180,100,7180,1,0
D,G,D,5159,100,5159,1,0
D,H,D,1423,100,1423,1,0
A,E,E,1450,100,1450,1,0
B,E,E,5128,100,5128,1,0
C,E,E,7183,100,7183,1,0
D,E,E,5143,100,5143,1,0
E,F,E,4993,100,4993,1,0
E,G,E,7050,100,7050,1,0
E,H,E,4971,100,4971,1,0
A,F,F,5205,100,5205,1,0
B,F,F,1391,100,1391,1,0
C,F,F,5147,100,5147,1,0
D,F,F,7139,100,7139,1,0
E,F,F,4959,100,4959,1,0
F,G,F,4960,100,4960,1,0
F,H,F,7043,100,7043,1,0
A,G,G,7182,100,7182,1,0
B,G,G,5208,100,5208,1,0
C,G,G,1379,100,1379,1,0
D,G,G,5149,100,5149,1,0
E,G,G,7059,100,7059,1,0
F,G,G,4959,100,4959,1,0
G,H,G,4946,100,4946,1,0
A,H,H,5140,100,5140,1,0
B,H,H,7085,100,7085,1,0
C,H,H,5146,100,5146,1,0
D,H,H,1446,100,1446,1,0
E,H,H,4953,100,4953,1,0
F,H,H,6997,100,6997,1,0
G,H,H,4965,100,4965,1,0
A,B,A,4953,100,4953,1,0
A,C,A,7039,100,7039,1,0
A,D,A,4934,100,4934,1,0
A,E,A,1405,100,1405,1,0
A,F,A,5193,100,5193,1,0
A,G,A,7135,100,7135,1,0
A,H,A,5120,100,5120,1,0
A,B,B,4979,100,4979,1,0
B,C,B,4960,100,4960,1,0
B,D,B,7044,100,7044,1,0
B,E,B,5190,100,5190,1,0
B,F,B,1421,100,1421,1,0
B,G,B,5154,100,5154,1,0
B,H,B,7193,100,7193,1,0
A,C,C,6980,100,6980,1,0
B,C,C,4969,100,4969,1,0
C,D,C,4943,100,4943,1,0
C,E,C,7185,100,7185,1,0
C,F,C,5164,100,5164,1,0
C,G,C,1428,100,1428,1,0
C,H,C,5122,100,5122,1,0
A,D,D,4957,100,4957,1,0
B,D,D,7021,100,7021,1,0
C,D,D,4920,100,4920,1,0
D,E,D,5125,100,5125,1,0
D,F,D,7141,100,7141,1,0
D,G,D,5144,100,5144,1,0
D,H,D,1406,100,1406,1,0
A,E,E,1495,100,1495,1,0
B,E,E,5149,100,5149,1,0
C,E,E,7153,100,7153,1,0
D,E,E,5153,100,5153,1,0
E,F,E,4975,100,4975,1,0
E,G,E,7044,100,7044,1,0
E,H,E,4977,100,4977,1,0
A,F,F,5187,100,5187,1,0
B,F,F,1382,100,1382,1,0
C,F,F,5132,100,5132,1,0
D,F,F,7180,100,7180,1,0
E,F,F,4961,100,4961,1,0
F,G,F,4969,100,4969,1,0
F,H,F,6988,100,6988,1,0
A,G,G,7162,100,7162,1,0
B,G,G,5226,100,5226,1,0
C,G,G,1412,100,1412,1,0
D,G,G,5153,100,5153,1,0
E,G,G,7054,100,7054,1,0
F,G,G,4962,100,4962,1,0
G,H,G,4896,100,4896,1,0
A,H,H,5156,100,5156,1,0
B,H,H,7092,100,7092,1,0
C,H,H,5185,100,5185,1,0
D,H,H,1372,100,1372,1,0
E,H,H,4980,100,4980,1,0
F,H,H,7041,100,7041,1,0
G,H,H,4913,100,4913,1,0
A,B,A,4964,100,4964,1,0
A,C,A,7050,100,7050,1,0
A,D,A,4945,100,4945,1,0
A,E,A,1443,100,1443,1,0
A,F,A,5193,100,5193,1,0
A,G,A,7151,100,7151,1,0
A,H,A,5135,100,5135,1,0
A,B,B,4974,100,4974,1,0
B,C,B,4946,100,4946,1,0
B,D,B,7030,100,7030,1,0
B,E,B,5133,100,5133,1,0
B,F,B,1400,100,1400,1,0
B,G,B,5193,100,5193,1,0
B,H,B,7171,100,7171,1,0
A,C,C,7034,100,7034,1,0
B,C,C,4987,100,4987,1,0
C,D,C,4911,100,4911,1,0
C,E,C,7179,100,7179,1,0
C,F,C,5136,100,5136,1,0
C,G,C,1408,100,1408,1,0
C,H,C,5162,100,5162,1,0
A,D,D,4965,100,4965,1,0
B,D,D,7051,100,7051,1,0
C,D,D,4966,100,4966,1,0
D,E,D,5121,100,5121,1,0
D,F,D,7125,100,7125,1,0
D,G,D,5115,100,5115,1,0
D,H,D,1359,100,1359,1,0
A,E,E,1412,100,1412,1,0
B,E,E,5123,100,5123,1,0
C,E,E,7135,100,7135,1,0
D,E,E,5235,100,5235,1,0
E,F,E,4963,100,4963,1,0
E,G,E,7040,100,7040,1,0
E,H,E,5018,100,5018,1,0
A,F,F,5163,100,5163,1,0
B,F,F,1397,100,1397,1,0
C,F,F,5143,100,5143,1,0
D,F,F,7120,100,7120,1,0
E,F,F,4980,100,4980,1,0
F,G,F,4982,100,4982,1,0
F,H,F,7038,100,7038,1,0
A,G,G,7149,100,7149,1,0
B,G,G,5163,100,5163,1,0
C,G,G,1422,100,1422,1,0
D,G,G,5134,100,5134,1,0
E,G,G,7101,100,7101,1,0
F,G,G,4994,100,4994,1,0
G,H,G,4980,100,4980,1,0
A,H,H,5124,100,5124,1,0
B,H,H,7169,100,7169,1,0
C,H,H,5180,100,5180,1,0
D,H,H,1403,100,1403,1,0
E,H,H,4960,100,4960,1,0
F,H,H,7027,100,7027,1,0
G,H,H,4927,100,4927,1,0
A,B,A,4942,100,4942,1,0
A,C,A,7063,100,7063,1,0
A,D,A,4958,100,4958,1,0
A,E,A,1439,100,1439,1,0
A,F,A,5168,100,5168,1,0
A,G,A,7220,100,7220,1,0
A,H,A,5180,100,5180,1,0
A,B,B,4964,100,4964,1,0
B,C,B,4969,100,4969,1,0
B,D,B,7028,100,7028,1,0
B,E,B,5151,100,5151,1,0
B,F,B,1374,100,1374,1,0
B,G,B,5194,100,5194,1,0
B,H,B,7160,100,7160,1,0
A,C,C,7033,100,7033,1,0
B,C,C,4969,100,4969,1,0
C,D,C,5002,100,5002,1,0
C,E,C,7180,100,7180,1,0
C,F,C,5157,100,5157,1,0
C,G,C,1421,100,1421,1,0
C,H,C,5158,100,5158,1,0
A,D,D,4927,100,4927,1,0
B,D,D,7028,100,7028,1,0
C,D,D,4945,100,4945,1,0
D,E,D,5153,100,5153,1,0
D,F,D,7154,100,7154,1,0
D,G,D,5134,100,5134,1,0
D,H,D,1386,100,1386,1,0
A,E,E,1476,100,1476,1,0
B,E,E,5189,100,5189,1,0
C,E,E,7154,100,7154,1,0
D,E,E,5174,100,5174,1,0
E,F,E,4985,100,4985,1,0
E,G,E,7048,100,7048,1,0
E,H,E,4902,100,4902,1,0
A,F,F,5166,100,5166,1,0
B,F,F,1376,100,1376,1,0
C,F,F,5133,100,5133,1,0
D,F,F,7103,100,7103,1,0
E,F,F,4985,100,4985,1,0
F,G,F,5006,100,5006,1,0
F,H,F,7007,100,7007,1,0
A,G,G,7093,100,7093,1,0
B,G,G,5201,100,5201,1,0
C,G,G,1449,100,1449,1,0
D,G,G,5137,100,5137,1,0
E,G,G,7049,100,7049,1,0
F,G,G,4960,100,4960,1,0
G,H,G,4953,100,4953,1,0
A,H,H,5144,100,5144,1,0
B,H,H,7130,100,7130,1,0
C,H,H,5150,100,5150,1,0
D,H,H,1359,100,1359,1,0
E,H,H,4986,100,4986,1,0
F,H,H,6995,100,6995,1,0
G,H,H,4981,100,4981,1,0
A,B,A,4983,100,4983,1,0
A,C,A,7006,100,7006,1,0
A,D,A,4917,100,4917,1,0
A,E,A,1400,100,1400,1,0
A,F,A,5150,100,5150,1,0
A,G,A,7190,100,7190,1,0
A,H,A,5192,100,5192,1,0
A,B,B,4952,100,4952,1,0
B,C,B,4997,100,4997,1,0
B,D,B,6996,100,6996,1,0
B,E,B,5169,100,5169,1,0
B,F,B,1389,100,1389,1,0
B,G,B,5194,100,5194,1,0
B,H,B,7121,100,7121,1,0
A,C,C,7063,100,7063,1,0
B,C,C,4994,100,4994,1,0
C,D,C,4960,100,4960,1,0
C,E,C,7190,100,7190,1,0
C,F,C,5163,100,5163,1,0
C,G,C,1422,100,1422,1,0
C,H,C,5137,100,5137,1,0
A,D,D,4958,100,4958,1,0
B,D,D,6956,100,6956,1,0
C,D,D,4976,100,4976,1,0
D,E,D,5195,100,5195,1,0
D,F,D,7110,100,7110,1,0
D,G,D,5171,100,5171,1,0
D,H,D,1401,100,1401,1,0
A,E,E,1460,100,1460,1,0
B,E,E,5144,100,5144,1,0
C,E,E,7117,100,7117,1,0
D,E,E,5105,100,5105,1,0
E,F,E,4985,100,4985,1,0
E,G,E,7064,100,7064,1,0
E,H,E,4985,100,4985,1,0
A,F,F,5217,100,5217,1,0
B,F,F,1410,100,1410,1,0
C,F,F,5191,100,5191,1,0
D,F,F,7132,100,7132,1,0
E,F,F,4962,100,4962,1,0
F,G,F,4956,100,4956,1,0
F,H,F,6977,100,6977,1,0
A,G,G,7188,100,7188,1,0
B,G,G,5178,100,5178,1,0
C,G,G,1410,100,1410,1,0
D,G,G,5161,100,5161,1,0
E,G,G,7024,100,7024,1,0
F,G,G,4969,100,4969,1,0
G,H,G,4954,100,4954,1,0
A,H,H,5160,100,5160,1,0
B,H,H,7170,100,7170,1,0
C,H,H,5155,100,5155,1,0
D,H,H,1420,100,1420,1,0
E,H,H,4984,100,4984,1,0
F,H,H,7023,100,7023,1,0
G,H,H,4941,100,4941,1,0
A,B,A,4963,100,4963,1,0
A,C,A,7008,100,7008,1,0
A,D,A,4930,100,4930,1,0
A,E,A,1415,100,1415,1,0
A,F,A,5147,100,5147,1,0
A,G,A,7207,100,7207,1,0
A,H,A,5132,100,5132,1,0
A,B,B,4970,100,4970,1,0
B,C,B,4974,100,4974,1,0
B,D,B,6972,100,6972,1,0
B,E,B,5160,100,5160,1,0
B,F,B,1406,100,1406,1,0
B,G,B,5178,100,5178,1,0
B,H,B,7157,100,7157,1,0
A,C,C,7095,100,7095,1,0
B,C,C,5004,100,5004,1,0
C,D,C,4936,100,4936,1,0
C,E,C,7179,100,7179,1,0
C,F,C,5135,100,5135,1,0
C,G,C,1360,100,1360,1,0
C,H,C,5193,100,5193,1,0
A,D,D,4919,100,4919,1,0
B,D,D,7011,100,7011,1,0
C,D,D,4924,100,4924,1,0
D,E,D,5193,100,5193,1,0
D,F,D,7175,100,7175,1,0
D,G,D,5159,100,5159,1,0
D,H,D,1375,100,1375,1,0
A,E,E,1428,100,1428,1,0
B,E,E,5159,100,5159,1,0
C,E,E,7178,100,7178,1,0
D,E,E,5128,100,5128,1,0
E,F,E,4986,100,4986,1,0
E,G,E,7068,100,7068,1,0
E,H,E,4986,100,4986,1,0
A,F,F,5150,100,5150,1,0
B,F,F,1404,100,1404,1,0
C,F,F,5141,100,5141,1,0
D,F,F,7175,100,7175,1,0
E,F,F,4967,100,4967,1,0
F,G,F,4951,100,4951,1,0
F,H,F,6976,100,6976,1,0
A,G,G,7174,100,7174,1,0
B,G,G,5163,100,5163,1,0
C,G,G,1400,100,1400,1,0
D,G,G,5117,100,5117,1,0
E,G,G,7047,100,7047,1,0
F,G,G,4971,100,4971,1,0
G,H,G,4938,100,4938,1,0
A,H,H,5079,100,5079,1,0
B,H,H,7110,100,7110,1,0
C,H,H,5132,100,5132,1,0
D,H,H,1434,100,1434,1,0
E,H,H,4995,100,4995,1,0
F,H,H,7031,100,7031,1,0
G,H,H,4973,100,4973,1,0
A,B,A,4934,100,4934,1,0
A,C,A,7026,100,7026,1,0
A,D,A,4945,100,4945,1,0
A,E,A,1377,100,1377,1,0
A,F,A,5158,100,5158,1,0
A,G,A,7166,100,7166,1,0
A,H,A,5104,100,5104,1,0
A,B,B,4958,100,4958,1,0
B,C,B,4964,100,4964,1,0
B,D,B,6984,100,6984,1,0
B,E,B,5180,100,5180,1,0
B,F,B,1417,100,1417,1,0
B,G,B,5174,100,5174,1,0
B,H,B,7156,100,7156,1,0
A,C,C,7013,100,7013,1,0
B,C,C,4992,100,4992,1,0
C,D,C,4953,100,4953,1,0
C,E,C,7139,100,7139,1,0
C,F,C,5149,100,5149,1,0
C,G,C,1423,100,1423,1,0
C,H,C,5187,100,5187,1,0
A,D,D,4944,100,4944,1,0
B,D,D,7045,100,7045,1,0
C,D,D,4915,100,4915,1,0
D,E,D,5189,100,5189,1,0
D,F,D,7118,100,7118,1,0
D,G,D,5115,100,5115,1,0
D,H,D,1404,100,1404,1,0
A,E,E,1429,100,1429,1,0
B,E,E,5196,100,5196,1,0
C,E,E,7210,100,7210,1,0
D,E,E,5166,100,5166,1,0
E,F,E,4995,100,4995,1,0
E,G,E,7058,100,7058,1,0
E,H,E,4981,100,4981,1,0
A,F,F,5174,100,5174,1,0
B,F,F,1381,100,1381,1,0
C,F,F,5142,100,5142,1,0
D,F,F,7142,100,7142,1,0
E,F,F,4990,100,4990,1,0
F,G,F,4970,100,4970,1,0
F,H,F,6991,100,6991,1,0
A,G,G,7183,100,7183,1,0
B,G,G,5183,100,5183,1,0
C,G,G,1417,100,1417,1,0
D,G,G,5135,100,5135,1,0
E,G,G,7039,100,7039,1,0
F,G,G,4938,100,4938,1,0
G,H,G,4952,100,4952,1,0
A,H,H,5204,100,5204,1,0
B,H,H,7177,100,7177,1,0
C,H,H,5160,100,5160,1,0
D,H,H,1411,100,1411,1,0
E,H,H,4958,100,4958,1,0
F,H,H,6971,100,6971,1,0
G,H,H,4957,100,4957,1,0
A,B,A,4923,100,4923,1,0
A,C,A,6978,100,6978,1,0
A,D,A,4962,100,4962,1,0
A,E,A,1425,100,1425,1,0
A,F,A,5201,100,5201,1,0
A,G,A,7200,100,7200,1,0
A,H,A,5115,100,5115,1,0
A,B,B,4955,100,4955,1,0
B,C,B,5014,100,5014,1,0
B,D,B,6994,100,6994,1,0
B,E,B,5162,100,5162,1,0
B,F,B,1403,100,1403,1,0
B,G,B,5152,100,5152,1,0
B,H,B,7133,100,7133,1,0
A,C,C,7023,100,7023,1,0
B,C,C,4970,100,4970,1,0
C,D,C,4947,100,4947,1,0
C,E,C,7166,100,7166,1,0
C,F,C,5145,100,5145,1,0
C,G,C,1440,100,1440,1,0
C,H,C,5145,100,5145,1,0
A,D,D,4948,100,4948,1,0
B,D,D,7066,100,7066,1,0
C,D,D,4937,100,4937,1,0
D,E,D,5206,100,5206,1,0
D,F,D,7144,100,7144,1,0
D,G,D,5126,100,5126,1,0
D,H,D,1331,100,1331,1,0
A,E,E,1399,100,1399,1,0
B,E,E,5134,100,5134,1,0
C,E,E,7231,100,7231,1,0
D,E,E,5191,100,5191,1,0
E,F,E,4961,100,4961,1,0
E,G,E,7064,100,7064,1,0
E,H,E,4971,100,4971,1,0
A,F,F,5151,100,5151,1,0
B,F,F,1387,100,1387,1,0
C,F,F,5136,100,5136,1,0
D,F,F,7161,100,7161,1,0
E,F,F,4996,100,4996,1,0
F,G,F,4981,100,4981,1,0
F,H,F,6964,100,6964,1,0
A,G,G,7155,100,7155,1,0
B,G,G,5202,100,5202,1,0
C,G,G,1412,100,1412,1,0
D,G,G,5129,100,5129,1,0
E,G,G,7061,100,7061,1,0
F,G,G,4985,100,4985,1,0
G,H,G,4954,100,4954,1,0
A,H,H,5144,100,5144,1,0
B,H,H,7106,100,7106,1,0
C,H,H,5164,100,5164,1,0
D,H,H,1488,100,1488,1,0
E,H,H,4960,100,4960,1,0
F,H,H,6998,100,6998,1,0
G,H,H,5003,100,5003,1,0
A,B,A,4924,100,4924,1,0
A,C,A,7036,100,7036,1,0
A,D,A,4945,100,4945,1,0
A,E,A,1461,100,1461,1,0
A,F,A,5189,100,5189,1,0
A,G,A,7198,100,7198,1,0
A,H,A,5169,100,5169,1,0
A,B,B,4953,100,4953,1,0
B,C,B,4978,100,4978,1,0
B,D,B,7023,100,7023,1,0
B,E,B,5144,100,5144,1,0
B,F,B,1410,100,1410,1,0
B,G,B,5178,100,5178,1,0
B,H,B,7168,100,7168,1,0
A,C,C,6996,100,6996,1,0
B,C,C,4992,100,4992,1,0
C,D,C,4915,100,4915,1,0
C,E,C,7146,100,7146,1,0
C,F,C,5174,100,5174,1,0
C,G,C,1369,100,1369,1,0
C,H,C,5151,100,5151,1,0
A,D,D,4958,100,4958,1,0
B,D,D,6986,100,6986,1,0
C,D,D,4970,100,4970,1,0
D,E,D,5188,100,5188,1,0
D,F,D,7130,100,7130,1,0
D,G,D,5136,100,5136,1,0
D,H,D,1374,100,1374,1,0
A,E,E,1443,100,1443,1,0
B,E,E,5148,100,5148,1,0
C,E,E,7215,100,7215,1,0
D,E,E,5211,100,5211,1,0
E,F,E,4985,100,4985,1,0
E,G,E,7054,100,7054,1,0
E,H,E,4978,100,4978,1,0
A,F,F,5172,100,5172,1,0
B,F,F,1400,100,1400,1,0
C,F,F,5162,100,5162,1,0
D,F,F,7133,100,7133,1,0
E,F,F,4972,100,4972,1,0
F,G,F,4978,100,4978,1,0
F,H,F,7026,100,7026,1,0
A,G,G,7195,100,7195,1,0
B,G,G,5184,100,5184,1,0
C,G,G,1438,100,1438,1,0
D,G,G,5139,100,5139,1,0
E,G,G,7049,100,7049,1,0
F,G,G,4960,100,4960,1,0
G,H,G,4930,100,4930,1,0
A,H,H,5180,100,5180,1,0
B,H,H,7200,100,7200,1,0
C,H,H,5208,100,5208,1,0
D,H,H,1401,100,1401,1,0
E,H,H,4960,100,4960,1,0
F,H,H,6975,100,6975,1,0
G,H,H,4942,100,4942,1,0
A,B,A,5006,100,5006,1,0
A,C,A,7040,100,7040,1,0
A,D,A,4939,100,4939,1,0
A,E,A,1415,100,1415,1,0
A,F,A,5206,100,5206,1,0
A,G,A,7159,100,7159,1,0
A,H,A,5126,100,5126,1,0
A,B,B,4937,100,4937,1,0
B,C,B,5007,100,5007,1,0
B,D,B,7044,100,7044,1,0
B,E,B,5173,100,5173,1,0
B,F,B,1366,100,1366,1,0
B,G,B,5186,100,5186,1,0
B,H,B,7137,100,7137,1,0
A,C,C,7036,100,7036,1,0
B,C,C,4954,100,4954,1,0
C,D,C,4964,100,4964,1,0
C,E,C,7197,100,7197,1,0
C,F,C,5179,100,5179,1,0
C,G,C,1435,100,1435,1,0
C,H,C,5153,100,5153,1,0
A,D,D,4928,100,4928,1,0
B,D,D,6966,100,6966,1,0
C,D,D,4923,100,4923,1,0
D,E,D,5129,100,5129,1,0
D,F,D,7129,100,7129,1,0
D,G,D,5143,100,5143,1,0
D,H,D,1419,100,1419,1,0
A,E,E,1450,100,1450,1,0
B,E,E,5166,100,5166,1,0
C,E,E,7126,100,7126,1,0
D,E,E,5092,100,5092,1,0
E,F,E,4998,100,4998,1,0
E,G,E,7070,100,7070,1,0
E,H,E,4963,100,4963,1,0
A,F,F,5189,100,5189,1,0
B,F,F,1396,100,1396,1,0
C,F,F,5138,100,5138,1,0
D,F,F,7119,100,7119,1,0
E,F,F,4963,100,4963,1,0
F,G,F,4984,100,4984,1,0
F,H,F,7008,100,7008,1,0
A,G,G,7148,100,7148,1,0
B,G,G,5178,100,5178,1,0
C,G,G,1433,100,1433,1,0
D,G,G,5140,100,5140,1,0
E,G,G,7031,100,7031,1,0
F,G,G,4972,100,4972,1,0
G,H,G,4910,100,4910,1,0
A,H,H,5164,100,5164,1,0
B,H,H,7172,100,7172,1,0
C,H,H,5180,100,5180,1,0
D,H,H,1410,100,1410,1,0
E,H,H,4985,100,4985,1,0
F,H,H,7016,100,7016,1,0
G,H,H,4990,100,4990,1,0
A,B,A,4942,100,4942,1,0
A,C,A,6984,100,6984,1,0
A,D,A,4941,100,4941,1,0
A,E,A,1432,100,1432,1,0
A,F,A,5165,100,5165,1,0
A,G,A,7184,100,7184,1,0
A,H,A,5134,100,5134,1,0
A,B,B,4965,100,4965,1,0
B,C,B,5020,100,5020,1,0
B,D,B,7036,100,7036,1,0
B,E,B,5136,100,5136,1,0
B,F,B,1400,100,1400,1,0
B,G,B,5200,100,5200,1,0
B,H,B,7133,100,7133,1,0
A,C,C,7062,100,7062,1,0
B,C,C,4990,100,4990,1,0
C,D,C,4956,100,4956,1,0
C,E,C,7153,100,7153,1,0
C,F,C,5151,100,5151,1,0
C,G,C,1438,100,1438,1,0
C,H,C,5163,100,5163,1,0
A,D,D,4961,100,4961,1,0
B,D,D,6959,100,6959,1,0
C,D,D,4943,100,4943,1,0
D,E,D,5112,100,5112,1,0
D,F,D,7167,100,7167,1,0
D,G,D,5153,100,5153,1,0
D,H,D,1389,100,1389,1,0
A,E,E,1411,100,1411,1,0
B,E,E,5174,100,5174,1,0
C,E,E,7169,100,7169,1,0
D,E,E,5180,100,5180,1,0
E,F,E,4985,100,4985,1,0
E,G,E,7055,100,7055,1,0
E,H,E,4949,100,4949,1,0
A,F,F,5175,100,5175,1,0
B,F,F,1368,100,1368,1,0
C,F,F,5144,100,5144,1,0
D,F,F,7153,100,7153,1,0
E,F,F,4997,100,4997,1,0
F,G,F,4949,100,4949,1,0
F,H,F,6955,100,6955,1,0
A,G,G,7184,100,7184,1,0
B,G,G,5199,100,5199,1,0
C,G,G,1432,100,1432,1,0
D,G,G,5134,100,5134,1,0
E,G,G,7016,100,7016,1,0
F,G,G,4964,100,4964,1,0
G,H,G,4953,100,4953,1,0
A,H,H,5144,100,5144,1,0
B,H,H,7162,100,7162,1,0
C,H,H,5139,100,5139,1,0
D,H,H,1418,100,1418,1,0
E,H,H,4988,100,4988,1,0
F,H,H,6990,100,6990,1,0
G,H,H,4937,100,4937,1,0
A,B,A,5017,100,5017,1,0
A,C,A,7058,100,7058,1,0
A,D,A,4931,100,4931,1,0
A,E,A,1464,100,1464,1,0
A,F,A,5190,100,5190,1,0
A,G,A,7204,100,7204,1,0
A,H,A,5134,100,5134,1,0
A,B,B,4970,100,4970,1,0
B,C,B,5000,100,5000,1,0
B,D,B,6969,100,6969,1,0
B,E,B,5171,100,5171,1,0
B,F,B,1413,100,1413,1,0
B,G,B,5193,100,5193,1,0
B,H,B,7147,100,7147,1,0
A,C,C,7022,100,7022,1,0
B,C,C,4980,100,4980,1,0
C,D,C,4946,100,4946,1,0
C,E,C,7182,100,7182,1,0
C,F,C,5159,100,5159,1,0
C,G,C,1436,100,1436,1,0
C,H,C,5141,100,5141,1,0
A,D,D,4933,100,4933,1,0
B,D,D,6977,100,6977,1,0
C,D,D,4965,100,4965,1,0
D,E,D,5189,100,5189,1,0
D,F,D,7144,100,7144,1,0
D,G,D,5182,100,5182,1,0
D,H,D,1372,100,1372,1,0
A,E,E,1409,100,1409,1,0
B,E,E,5147,100,5147,1,0
C,E,E,7170,100,7170,1,0
D,E,E,5108,100,5108,1,0
E,F,E,5017,100,5017,1,0
E,G,E,7043,100,7043,1,0
E,H,E,5027,100,5027,1,0
A,F,F,5196,100,5196,1,0
B,F,F,1430,100,1430,1,0
C,F,F,5144,100,5144,1,0
D,F,F,7103,100,7103,1,0
E,F,F,4962,100,4962,1,0
F,G,F,4980,100,4980,1,0
F,H,F,6990,100,6990,1,0
A,G,G,7190,100,7190,1,0
B,G,G,5158,100,5158,1,0
C,G,G,1427,100,1427,1,0
D,G,G,5146,100,5146,1,0
E,G,G,7057,100,7057,1,0
F,G,G,4965,100,4965,1,0
G,H,G,4942,100,4942,1,0
A,H,H,5164,100,5164,1,0
B,H,H,7092,100,7092,1,0
C,H,H,5172,100,5172,1,0
D,H,H,1445,100,1445,1,0
E,H,H,4979,100,4979,1,0
F,H,H,7007,100,7007,1,0
G,H,H,4964,100,4964,1,0
A,B,A,4976,100,4976,1,0
A,C,A,7018,100,7018,1,0
A,D,A,4933,100,4933,1,0
A,E,A,1395,100,1395,1,0
A,F,A,5189,100,5189,1,0
A,G,A,7158,100,7158,1,0
A,H,A,5115,100,5115,1,0
A,B,B,4953,100,4953,1,0
B,C,B,4992,100,4992,1,0
B,D,B,6990,100,6990,1,0
B,E,B,5158,100,5158,1,0
B,F,B,1421,100,1421,1,0
B,G,B,5225,100,5225,1,0
B,H,B,7164,100,7164,1,0
A,C,C,7059,100,7059,1,0
B,C,C,4996,100,4996,1,0
C,D,C,4975,100,4975,1,0
C,E,C,7213,100,7213,1,0
C,F,C,5140,100,5140,1,0
C,G,C,1374,100,1374,1,0
C,H,C,5159,100,5159,1,0
A,D,D,4962,100,4962,1,0
B,D,D,6985,100,6985,1,0
C,D,D,4927,100,4927,1,0
D,E,D,5195,100,5195,1,0
D,F,D,7138,100,7138,1,0
D,G,D,5123,100,5123,1,0
D,H,D,1387,100,1387,1,0
A,E,E,1390,100,1390,1,0
B,E,E,5136,100,5136,1,0
C,E,E,7181,100,7181,1,0
D,E,E,5176,100,5176,1,0
E,F,E,4968,100,4968,1,0
E,G,E,7052,100,7052,1,0
E,H,E,4940,100,4940,1,0
A,F,F,5158,100,5158,1,0
B,F,F,1376,100,1376,1,0
C,F,F,5140,100,5140,1,0
D,F,F,7147,100,7147,1,0
E,F,F,4968,100,4968,1,0
F,G,F,4966,100,4966,1,0
F,H,F,7044,100,7044,1,0
A,G,G,7171,100,7171,1,0
B,G,G,5163,100,5163,1,0
C,G,G,1401,100,1401,1,0
D,G,G,5167,100,5167,1,0
E,G,G,7071,100,7071,1,0
F,G,G,4970,100,4970,1,0
G,H,G,4928,100,4928,1,0
A,H,H,5145,100,5145,1,0
B,H,H,7117,100,7117,1,0
C,H,H,5183,100,5183,1,0
D,H,H,1395,100,1395,1,0
E,H,H,4991,100,4991,1,0
F,H,H,7017,100,7017,1,0
G,H,H,4981,100,4981,1,0
A,B,A,4975,100,4975,1,0
A,C,A,7027,100,7027,1,0
A,D,A,4932,100,4932,1,0
A,E,A,1370,100,1370,1,0
A,F,A,5197,100,5197,1,0
A,G,A,7204,100,7204,1,0
A,H,A,5137,100,5137,1,0
A,B,B,4927,100,4927,1,0
B,C,B,4997,100,4997,1,0
B,D,B,7019,100,7019,1,0
B,E,B,5160,100,5160,1,0
B,F,B,1376,100,1376,1,0
B,G,B,5176,100,5176,1,0
B,H,B,7167,100,7167,1,0
A,C,C,7022,100,7022,1,0
B,C,C,4959,100,4959,1,0
C,D,C,4964,100,4964,1,0
C,E,C,7205,100,7205,1,0
C,F,C,5157,100,5157,1,0
C,G,C,1431,100,1431,1,0
C,H,C,5178,100,5178,1,0
A,D,D,4922,100,4922,1,0
B,D,D,7056,100,7056,1,0
C,D,D,4959,100,4959,1,0
D,E,D,5177,100,5177,1,0
D,F,D,7153,100,7153,1,0
D,G,D,5155,100,5155,1,0
D,H,D,1398,100,1398,1,0
A,E,E,1397,100,1397,1,0
B,E,E,5168,100,5168,1,0
C,E,E,7164,100,7164,1,0
D,E,E,5139,100,5139,1,0
E,F,E,4972,100,4972,1,0
E,G,E,7018,100,7018,1,0
E,H,E,4950,100,4950,1,0
A,F,F,5173,100,5173,1,0
B,F,F,1372,100,1372,1,0
C,F,F,5165,100,5165,1,0
D,F,F,7132,100,7132,1,0
E,F,F,4979,100,4979,1,0
F,G,F,4951,100,4951,1,0
F,H,F,6999,100,6999,1,0
A,G,G,7181,100,7181,1,0
B,G,G,5151,100,5151,1,0
C,G,G,1367,100,1367,1,0
D,G,G,5154,100,5154,1,0
E,G,G,7038,100,7038,1,0
F,G,G,4985,100,4985,1,0
G,H,G,4963,100,4963,1,0
A,H,H,5143,100,5143,1,0
B,H,H,7120,100,7120,1,0
C,H,H,5131,100,5131,1,0
D,H,H,1405,100,1405,1,0
E,H,H,4996,100,4996,1,0
F,H,H,6994,100,6994,1,0
G,H,H,4937,100,4937,1,0
A,B,A,4949,100,4949,1,0
A,C,A,7015,100,7015,1,0
A,D,A,4947,100,4947,1,0
A,E,A,1399,100,1399,1,0
A,F,A,5161,100,5161,1,0
A,G,A,7216,100,7216,1,0
A,H,A,5159,100,5159,1,0
A,B,B,4970,100,4970,1,0
B,C,B,5004,100,5004,1,0
B,D,B,6973,100,6973,1,0
B,E,B,5165,100,5165,1,0
B,F,B,1402,100,1402,1,0
B,G,B,5199,100,5199,1,0
B,H,B,7160,100,7160,1,0
A,C,C,7012,100,7012,1,0
B,C,C,5031,100,5031,1,0
C,D,C,4975,100,4975,1,0
C,E,C,7167,100,7167,1,0
C,F,C,5137,100,5137,1,0
C,G,C,1413,100,1413,1,0
C,H,C,5141,100,5141,1,0
A,D,D,4973,100,4973,1,0
B,D,D,6994,100,6994,1,0
C,D,D,4967,100,4967,1,0
D,E,D,5112,100,5112,1,0
D,F,D,7115,100,7115,1,0
D,G,D,5122,100,5122,1,0
D,H,D,1397,100,1397,1,0
A,E,E,1416,100,1416,1,0
B,E,E,5141,100,5141,1,0
C,E,E,7190,100,7190,1,0
D,E,E,5113,100,5113,1,0
E,F,E,4944,100,4944,1,0
E,G,E,7053,100,7053,1,0
E,H,E,4998,100,4998,1,0
A,F,F,5188,100,5188,1,0
B,F,F,1418,100,1418,1,0
C,F,F,5163,100,5163,1,0
D,F,F,7158,100,7158,1,0
E,F,F,4967,100,4967,1,0
F,G,F,4961,100,4961,1,0
F,H,F,7053,100,7053,1,0
A,G,G,7134,100,7134,1,0
B,G,G,5186,100,5186,1,0
C,G,G,1459,100,1459,1,0
D,G,G,5121,100,5121,1,0
E,G,G,7029,100,7029,1,0
F,G,G,4978,100,4978,1,0
G,H,G,4973,100,4973,1,0
A,H,H,5173,100,5173,1,0
B,H,H,7113,100,7113,1,0
C,H,H,5188,100,5188,1,0
D,H,H,1431,100,1431,1,0
E,H,H,5013,100,5013,1,0
F,H,H,7046,100,7046,1,0
G,H,H,4987,100,4987,1,0
A,B,A,4954,100,4954,1,0
A,C,A,7034,100,7034,1,0
A,D,A,4953,100,4953,1,0
A,E,A,1400,100,1400,1,0
A,F,A,5183,100,5183,1,0
A,G,A,7163,100,7163,1,0
A,H,A,5127,100,5127,1,0
A,B,B,4946,100,4946,1,0
B,C,B,5015,100,5015,1,0
B,D,B,7025,100,7025,1,0
B,E,B,5123,100,5123,1,0
B,F,B,1408,100,1408,1,0
B,G,B,5205,100,5205,1,0
B,H,B,7161,100,7161,1,0
A,C,C,7013,100,7013,1,0
B,C,C,4992,100,4992,1,0
C,D,C,4920,100,4920,1,0
C,E,C,7140,100,7140,1,0
C,F,C,5154,100,5154,1,0
C,G,C,1400,100,1400,1,0
C,H,C,5211,100,5211,1,0
A,D,D,4973,100,4973,1,0
B,D,D,6986,100,6986,1,0
C,D,D,4982,100,4982,1,0
D,E,D,5178,100,5178,1,0
D,F,D,7142,100,7142,1,0
D,G,D,5173,100,5173,1,0
D,H,D,1432,100,1432,1,0
A,E,E,1447,100,1447,1,0
B,E,E,5187,100,5187,1,0
C,E,E,7170,100,7170,1,0
D,E,E,5150,100,5150,1,0
E,F,E,4982,100,4982,1,0
E,G,E,7037,100,7037,1,0
E,H,E,4972,100,4972,1,0
A,F,F,5195,100,5195,1,0
B,F,F,1382,100,1382,1,0
C,F,F,5165,100,5165,1,0
D,F,F,7109,100,7109,1,0
E,F,F,5008,100,5008,1,0
F,G,F,4943,100,4943,1,0
F,H,F,6982,100,6982,1,0
A,G,G,7192,100,7192,1,0
B,G,G,5195,100,5195,1,0
C,G,G,1404,100,1404,1,0
D,G,G,5173,100,5173,1,0
E,G,G,7040,100,7040,1,0
F,G,G,4957,100,4957,1,0
G,H,G,4972,100,4972,1,0
A,H,H,5136,100,5136,1,0
B,H,H,7188,100,7188,1,0
C,H,H,5174,100,5174,1,0
D,H,H,1408,100,1408,1,0
E,H,H,4986,100,4986,1,0
F,H,H,7007,100,7007,1,0
G,H,H,4960,100,4960,1,0
A,B,A,4952,100,4952,1,0
A,C,A,6984,100,6984,1,0
A,D,A,4947,100,4947,1,0
A,E,A,1463,100,1463,1,0
A,F,A,5191,100,5191,1,0
A,G,A,7170,100,7170,1,0
A,H,A,5136,100,5136,1,0
A,B,B,4999,100,4999,1,0
B,C,B,4966,100,4966,1,0
B,D,B,6971,100,6971,1,0
B,E,B,5135,100,5135,1,0
B,F,B,1418,100,1418,1,0
B,G,B,5197,100,5197,1,0
B,H,B,7135,100,7135,1,0
A,C,C,7024,100,7024,1,0
B,C,C,4976,100,4976,1,0
C,D,C,4933,100,4933,1,0
C,E,C,7185,100,7185,1,0
C,F,C,5157,100,5157,1,0
C,G,C,1349,100,1349,1,0
C,H,C,5163,100,5163,1,0
A,D,D,4945,100,4945,1,0
B,D,D,7056,100,7056,1,0
C,D,D,4950,100,4950,1,0
D,E,D,5180,100,5180,1,0
D,F,D,7159,100,7159,1,0
D,G,D,5159,100,5159,1,0
D,H,D,1416,100,1416,1,0
A,E,E,1378,100,1378,1,0
B,E,E,5097,100,5097,1,0
C,E,E,7188,100,7188,1,0
D,E,E,5201,100,5201,1,0
E,F,E,4986,100,4986,1,0
E,G,E,7044,100,7044,1,0
E,H,E,4966,100,4966,1,0
A,F,F,5161,100,5161,1,0
B,F,F,1408,100,1408,1,0
C,F,F,5150,100,5150,1,0
D,F,F,7133,100,7133,1,0
E,F,F,4968,100,4968,1,0
F,G,F,4979,100,4979,1,0
F,H,F,7043,100,7043,1,0
A,G,G,7158,100,7158,1,0
B,G,G,5170,100,5170,1,0
C,G,G,1351,100,1351,1,0
D,G,G,5114,100,5114,1,0
E,G,G,7061,100,7061,1,0
F,G,G,4988,100,4988,1,0
G,H,G,4945,100,4945,1,0
A,H,H,5158,100,5158,1,0
B,H,H,7187,100,7187,1,0
C,H,H,5144,100,5144,1,0
D,H,H,1361,100,1361,1,0
E,H,H,4991,100,4991,1,0
F,H,H,7029,100,7029,1,0
G,H,H,4949,100,4949,1,0
A,B,A,4953,100,4953,1,0
A,C,A,7078,100,7078,1,0
A,D,A,4938,100,4938,1,0
A,E,A,1423,100,1423,1,0
A,F,A,5174,100,5174,1,0
A,G,A,7156,100,7156,1,0
A,H,A,5094,100,5094,1,0
A,B,B,4947,100,4947,1,0
B,C,B,4987,100,4987,1,0
B,D,B,7026,100,7026,1,0
B,E,B,5142,100,5142,1,0
B,F,B,1409,100,1409,1,0
B,G,B,5190,100,5190,1,0
B,H,B,7171,100,7171,1,0
A,C,C,7064,100,7064,1,0
B,C,C,4959,100,4959,1,0
C,D,C,4979,100,4979,1,0
C,E,C,7221,100,7221,1,0
C,F,C,5157,100,5157,1,0
C,G,C,1378,100,1378,1,0
C,H,C,5159,100,5159,1,0
A,D,D,4927,100,4927,1,0
B,D,D,7003,100,7003,1,0
C,D,D,4952,100,4952,1,0
D,E,D,5205,100,5205,1,0
D,F,D,7155,100,7155,1,0
D,G,D,5144,100,5144,1,0
D,H,D,1381,100,1381,1,0
A,E,E,1382,100,1382,1,0
B,E,E,5171,100,5171,1,0
C,E,E,7193,100,7193,1,0
D,E,E,5143,100,5143,1,0
E,F,E,4961,100,4961,1,0
E,G,E,7045,100,7045,1,0
E,H,E,4994,100,4994,1,0
A,F,F,5152,100,5152,1,0
B,F,F,1387,100,1387,1,0
C,F,F,5147,100,5147,1,0
D,F,F,7161,100,7161,1,0
E,F,F,4993,100,4993,1,0
F,G,F,4986,100,4986,1,0
F,H,F,6968,100,6968,1,0
A,G,G,7185,100,7185,1,0
B,G,G,5185,100,5185,1,0
C,G,G,1411,100,1411,1,0
D,G,G,5103,100,5103,1,0
E,G,G,7014,100,7014,1,0
F,G,G,4951,100,4951,1,0
G,H,G,4993,100,4993,1,0
A,H,H,5115,100,5115,1,0
B,H,H,7128,100,7128,1,0
C,H,H,5143,100,5143,1,0
D,H,H,1354,100,1354,1,0
E,H,H,4980,100,4980,1,0
F,H,H,6995,100,6995,1,0
G,H,H,4990,100,4990,1,0
A,B,A,4988,100,4988,1,0
A,C,A,7059,100,7059,1,0
A,D,A,4926,100,4926,1,0
A,E,A,1388,100,1388,1,0
A,F,A,5172,100,5172,1,0
A,G,A,7177,100,7177,1,0
A,H,A,5191,100,5191,1,0
A,B,B,4985,100,4985,1,0
B,C,B,4982,100,4982,1,0
B,D,B,6967,100,6967,1,0
B,E,B,5107,100,5107,1,0
B,F,B,1413,100,1413,1,0
B,G,B,5193,100,5193,1,0
B,H,B,7166,100,7166,1,0
A,C,C,7045,100,7045,1,0
B,C,C,4984,100,4984,1,0
C,D,C,4943,100,4943,1,0
C,E,C,7182,100,7182,1,0
C,F,C,5161,100,5161,1,0
C,G,C,1395,100,1395,1,0
C,H,C,5205,100,5205,1,0
A,D,D,4950,100,4950,1,0
B,D,D,7003,100,7003,1,0
C,D,D,4957,100,4957,1,0
D,E,D,5172,100,5172,1,0
D,F,D,7186,100,7186,1,0
D,G,D,5114,100,5114,1,0
D,H,D,1382,100,1382,1,0
A,E,E,1416,100,1416,1,0
B,E,E,5144,100,5144,1,0
C,E,E,7183,100,7183,1,0
D,E,E,5210,100,5210,1,0
E,F,E,4990,100,4990,1,0
E,G,E,7045,100,7045,1,0
E,H,E,4952,100,4952,1,0
A,F,F,5175,100,5175,1,0
B,F,F,1368,100,1368,1,0
C,F,F,5129,100,5129,1,0
D,F,F,7128,100,7128,1,0
E,F,F,4927,100,4927,1,0
F,G,F,4968,100,4968,1,0
F,H,F,7007,100,7007,1,0
A,G,G,7161,100,7161,1,0
B,G,G,5172,100,5172,1,0
C,G,G,1406,100,1406,1,0
D,G,G,5151,100,5151,1,0
E,G,G,7031,100,7031,1,0
F,G,G,4984,100,4984,1,0
G,H,G,4968,100,4968,1,0
A,H,H,5167,100,5167,1,0
B,H,H,7151,100,7151,1,0
C,H,H,5172,100,5172,1,0
D,H,H,1340,100,1340,1,0
E,H,H,5007,100,5007,1,0
F,H,H,7015,100,7015,1,0
G,H,H,4935,100,4935,1,0
A,B,A,4973,100,4973,1,0
A,C,A,7043,100,7043,1,0
A,D,A,4947,100,4947,1,0
A,E,A,1356,100,1356,1,0
A,F,A,5110,100,5110,1,0
A,G,A,7130,100,7130,1,0
A,H,A,5142,100,5142,1,0
A,B,B,4932,100,4932,1,0
B,C,B,4947,100,4947,1,0
B,D,B,6997,100,6997,1,0
B,E,B,5122,100,5122,1,0
B,F,B,1377,100,1377,1,0
B,G,B,5145,100,5145,1,0
B,H,B,7169,100,7169,1,0
A,C,C,6972,100,6972,1,0
B,C,C,4964,100,4964,1,0
C,D,C,4947,100,4947,1,0
C,E,C,7158,100,7158,1,0
C,F,C,5176,100,5176,1,0
C,G,C,1347,100,1347,1,0
C,H,C,5157,100,5157,1,0
A,D,D,4955,100,4955,1,0
B,D,D,7020,100,7020,1,0
C,D,D,4948,100,4948,1,0
D,E,D,5189,100,5189,1,0
D,F,D,7135,100,7135,1,0
D,G,D,5124,100,5124,1,0
D,H,D,1377,100,1377,1,0
A,E,E,1396,100,1396,1,0
B,E,E,5118,100,5118,1,0
C,E,E,7178,100,7178,1,0
D,E,E,5167,100,5167,1,0
E,F,E,4970,100,4970,1,0
E,G,E,7074,100,7074,1,0
E,H,E,4947,100,4947,1,0
A,F,F,5197,100,5197,1,0
B,F,F,1409,100,1409,1,0
C,F,F,5130,100,5130,1,0
D,F,F,7124,100,7124,1,0
E,F,F,4967,100,4967,1,0
F,G,F,4993,100,4993,1,0
F,H,F,6957,100,6957,1,0
A,G,G,7146,100,7146,1,0
B,G,G,5169,100,5169,1,0
C,G,G,1455,100,1455,1,0
D,G,G,5123,100,5123,1,0
E,G,G,7038,100,7038,1,0
F,G,G,4974,100,4974,1,0
G,H,G,4930,100,4930,1,0
A,H,H,5190,100,5190,1,0
B,H,H,7146,100,7146,1,0
C,H,H,5167,100,5167,1,0
D,H,H,1468,100,1468,1,0
E,H,H,4983,100,4983,1,0
F,H,H,7009,100,7009,1,0
G,H,H,4977,100,4977,1,0
A,B,A,4969,100,4969,1,0
A,C,A,7025,100,7025,1,0
A,D,A,4930,100,4930,1,0
A,E,A,1388,100,1388,1,0
A,F,A,5163,100,5163,1,0
A,G,A,7170,100,7170,1,0
A,H,A,5134,100,5134,1,0
A,B,B,4988,100,4988,1,0
B,C,B,4988,100,4988,1,0
B,D,B,6997,100,6997,1,0
B,E,B,5155,100,5155,1,0
B,F,B,1369,100,1369,1,0
B,G,B,5216,100,5216,1,0
B,H,B,7095,100,7095,1,0
A,C,C,7018,100,7018,1,0
B,C,C,4960,100,4960,1,0
C,D,C,4959,100,4959,1,0
C,E,C,7155,100,7155,1,0
C,F,C,5146,100,5146,1,0
C,G,C,1388,100,1388,1,0
C,H,C,5164,100,5164,1,0
A,D,D,4951,100,4951,1,0
B,D,D,6994,100,6994,1,0
C,D,D,4939,100,4939,1,0
D,E,D,5196,100,5196,1,0
D,F,D,7164,100,7164,1,0
D,G,D,5114,100,5114,1,0
D,H,D,1405,100,1405,1,0
A,E,E,1357,100,1357,1,0
B,E,E,5114,100,5114,1,0
C,E,E,7175,100,7175,1,0
D,E,E,5225,100,5225,1,0
E,F,E,4966,100,4966,1,0
E,G,E,7070,100,7070,1,0
E,H,E,5001,100,5001,1,0
A,F,F,5180,100,5180,1,0
B,F,F,1398,100,1398,1,0
C,F,F,5160,100,5160,1,0
D,F,F,7147,100,7147,1,0
E,F,F,4985,100,4985,1,0
F,G,F,4978,100,4978,1,0
F,H,F,6961,100,6961,1,0
A,G,G,7185,100,7185,1,0
B,G,G,5219,100,5219,1,0
C,G,G,1412,100,1412,1,0
D,G,G,5139,100,5139,1,0
E,G,G,7035,100,7035,1,0
F,G,G,4971,100,4971,1,0
G,H,G,4974,100,4974,1,0
A,H,H,5122,100,5122,1,0
B,H,H,7182,100,7182,1,0
C,H,H,5180,100,5180,1,0
D,H,H,1402,100,1402,1,0
E,H,H,4977,100,4977,1,0
F,H,H,6983,100,6983,1,0
G,H,H,4954,100,4954,1,0
A,B,A,4989,100,4989,1,0
A,C,A,7008,100,7008,1,0
A,D,A,4925,100,4925,1,0
A,E,A,1422,100,1422,1,0
A,F,A,5172,100,5172,1,0
A,G,A,7114,100,7114,1,0
A,H,A,5125,100,5125,1,0
A,B,B,4917,100,4917,1,0
B,C,B,4985,100,4985,1,0
B,D,B,6977,100,6977,1,0
B,E,B,5160,100,5160,1,0
B,F,B,1354,100,1354,1,0
B,G,B,5164,100,5164,1,0
B,H,B,7185,100,7185,1,0
A,C,C,7002,100,7002,1,0
B,C,C,4972,100,4972,1,0
C,D,C,4941,100,4941,1,0
C,E,C,7117,100,7117,1,0
C,F,C,5143,100,5143,1,0
C,G,C,1397,100,1397,1,0
C,H,C,5142,100,5142,1,0
A,D,D,4951,100,4951,1,0
B,D,D,6960,100,6960,1,0
C,D,D,4930,100,4930,1,0
D,E,D,5153,100,5153,1,0
D,F,D,7159,100,7159,1,0
D,G,D,5143,100,5143,1,0
D,H,D,1400,100,1400,1,0
A,E,E,1377,100,1377,1,0
B,E,E,5109,100,5109,1,0
C,E,E,7162,100,7162,1,0
D,E,E,5185,100,5185,1,0
E,F,E,4970,100,4970,1,0
E,G,E,7035,100,7035,1,0
E,H,E,4976,100,4976,1,0
A,F,F,5160,100,5160,1,0
B,F,F,1428,100,1428,1,0
C,F,F,5141,100,5141,1,0
D,F,F,7129,100,7129,1,0
E,F,F,4980,100,4980,1,0
F,G,F,4981,100,4981,1,0
F,H,F,6960,100,6960,1,0
A,G,G,7146,100,7146,1,0
B,G,G,5204,100,5204,1,0
C,G,G,1379,100,1379,1,0
D,G,G,5147,100,5147,1,0
E,G,G,7072,100,7072,1,0
F,G,G,4953,100,4953,1,0
G,H,G,4917,100,4917,1,0
A,H,H,5124,100,5124,1,0
B,H,H,7148,100,7148,1,0
C,H,H,5155,100,5155,1,0
D,H,H,1398,100,1398,1,0
E,H,H,4938,100,4938,1,0
F,H,H,6973,100,6973,1,0
G,H,H,4927,100,4927,1,0
A,B,A,4980,100,4980,1,0
A,C,A,7015,100,7015,1,0
A,D,A,4949,100,4949,1,0
A,E,A,1438,100,1438,1,0
A,F,A,5202,100,5202,1,0
A,G,A,7141,100,7141,1,0
A,H,A,5097,100,5097,1,0
A,B,B,4969,100,4969,1,0
B,C,B,4974,100,4974,1,0
B,D,B,7025,100,7025,1,0
B,E,B,5122,100,5122,1,0
B,F,B,1410,100,1410,1,0
B,G,B,5175,100,5175,1,0
B,H,B,7155,100,7155,1,0
A,C,C,6996,100,6996,1,0
B,C,C,4964,100,4964,1,0
C,D,C,4933,100,4933,1,0
C,E,C,7218,100,7218,1,0
C,F,C,5159,100,5159,1,0
C,G,C,1410,100,1410,1,0
C,H,C,5154,100,5154,1,0
A,D,D,4915,100,4915,1,0
B,D,D,7011,100,7011,1,0
C,D,D,4944,100,4944,1,0
D,E,D,5181,100,5181,1,0
D,F,D,7106,100,7106,1,0
D,G,D,5113,100,5113,1,0
D,H,D,1400,100,1400,1,0
A,E,E,1452,100,1452,1,0
B,E,E,5134,100,5134,1,0
C,E,E,7193,100,7193,1,0
D,E,E,5134,100,5134,1,0
E,F,E,4976,100,4976,1,0
E,G,E,7045,100,7045,1,0
E,H,E,4954,100,4954,1,0
A,F,F,5183,100,5183,1,0
B,F,F,1356,100,1356,1,0
C,F,F,5166,100,5166,1,0
D,F,F,7124,100,7124,1,0
E,F,F,4974,100,4974,1,0
F,G,F,4971,100,4971,1,0
F,H,F,7036,100,7036,1,0
A,G,G,7155,100,7155,1,0
B,G,G,5195,100,5195,1,0
C,G,G,1432,100,1432,1,0
D,G,G,5138,100,5138,1,0
E,G,G,7053,100,7053,1,0
F,G,G,4978,100,4978,1,0
G,H,G,4967,100,4967,1,0
A,H,H,5147,100,5147,1,0
B,H,H,7133,100,7133,1,0
C,H,H,5167,100,5167,1,0
D,H,H,1449,100,1449,1,0
E,H,H,4968,100,4968,1,0
F,H,H,7031,100,7031,1,0
G,H,H,4953,100,4953,1,0
A,B,A,4968,100,4968,1,0
A,C,A,7014,100,7014,1,0
A,D,A,4935,100,4935,1,0
A,E,A,1397,100,1397,1,0
A,F,A,5152,100,5152,1,0
A,G,A,7207,100,7207,1,0
A,H,A,5192,100,5192,1,0
A,B,B,4932,100,4932,1,0
B,C,B,4979,100,4979,1,0
B,D,B,7012,100,7012,1,0
B,E,B,5092,100,5092,1,0
B,F,B,1360,100,1360,1,0
B,G,B,5216,100,5216,1,0
B,H,B,7146,100,7146,1,0
A,C,C,6988,100,6988,1,0
B,C,C,5012,100,5012,1,0
C,D,C,4920,100,4920,1,0
C,E,C,7186,100,7186,1,0
C,F,C,5188,100,5188,1,0
C,G,C,1422,100,1422,1,0
C,H,C,5143,100,5143,1,0
A,D,D,4960,100,4960,1,0
B,D,D,6960,100,6960,1,0
C,D,D,4905,100,4905,1,0
D,E,D,5156,100,5156,1,0
D,F,D,7119,100,7119,1,0
D,G,D,5147,100,5147,1,0
D,H,D,1489,100,1489,1,0
A,E,E,1412,100,1412,1,0
B,E,E,5142,100,5142,1,0
C,E,E,7141,100,7141,1,0
D,E,E,5196,100,5196,1,0
E,F,E,4983,100,4983,1,0
E,G,E,7060,100,7060,1,0
E,H,E,4970,100,4970,1,0
A,F,F,5199,100,5199,1,0
B,F,F,1391,100,1391,1,0
C,F,F,5168,100,5168,1,0
D,F,F,7116,100,7116,1,0
E,F,F,4991,100,4991,1,0
F,G,F,4977,100,4977,1,0
F,H,F,7017,100,7017,1,0
A,G,G,7151,100,7151,1,0
B,G,G,5175,100,5175,1,0
C,G,G,1351,100,1351,1,0
D,G,G,5133,100,5133,1,0
E,G,G,7050,100,7050,1,0
F,G,G,4965,100,4965,1,0
G,H,G,4962,100,4962,1,0
A,H,H,5140,100,5140,1,0
B,H,H,7095,100,7095,1,0
C,H,H,5120,100,5120,1,0
D,H,H,1439,100,1439,1,0
E,H,H,4982,100,4982,1,0
F,H,H,7013,100,7013,1,0
G,H,H,4944,100,4944,1,0
A,B,A,4934,100,4934,1,0
A,C,A,7078,100,7078,1,0
A,D,A,4935,100,4935,1,0
A,E,A,1397,100,1397,1,0
A,F,A,5185,100,5185,1,0
A,G,A,7178,100,7178,1,0
A,H,A,5159,100,5159,1,0
A,B,B,5013,100,5013,1,0
B,C,B,4973,100,4973,1,0
B,D,B,6995,100,6995,1,0
B,E,B,5127,100,5127,1,0
B,F,B,1406,100,1406,1,0
B,G,B,5215,100,5215,1,0
B,H,B,7152,100,7152,1,0
A,C,C,6994,100,6994,1,0
B,C,C,4981,100,4981,1,0
C,D,C,4965,100,4965,1,0
C,E,C,7160,100,7160,1,0
C,F,C,5150,100,5150,1,0
C,G,C,1386,100,1386,1,0
C,H,C,5143,100,5143,1,0
A,D,D,4940,100,4940,1,0
B,D,D,7008,100,7008,1,0
C,D,D,4924,100,4924,1,0
D,E,D,5149,100,5149,1,0
D,F,D,7151,100,7151,1,0
D,G,D,5127,100,5127,1,0
D,H,D,1448,100,1448,1,0
A,E,E,1429,100,1429,1,0
B,E,E,5133,100,5133,1,0
C,E,E,7178,100,7178,1,0
D,E,E,5180,100,5180,1,0
E,F,E,4993,100,4993,1,0
E,G,E,7053,100,7053,1,0
E,H,E,4968,100,4968,1,0
A,F,F,5149,100,5149,1,0
B,F,F,1417,100,1417,1,0
C,F,F,5149,100,5149,1,0
D,F,F,7183,100,7183,1,0
E,F,F,4983,100,4983,1,0
F,G,F,4956,100,4956,1,0
F,H,F,7034,100,7034,1,0
A,G,G,7171,100,7171,1,0
B,G,G,5205,100,5205,1,0
C,G,G,1391,100,1391,1,0
D,G,G,5165,100,5165,1,0
E,G,G,7023,100,7023,1,0
F,G,G,4938,100,4938,1,0
G,H,G,4964,100,4964,1,0
A,H,H,5127,100,5127,1,0
B,H,H,7162,100,7162,1,0
C,H,H,5168,100,5168,1,0
D,H,H,1440,100,1440,1,0
E,H,H,4935,100,4935,1,0
F,H,H,7008,100,7008,1,0
G,H,H,4953,100,4953,1,0
A,B,A,4961,100,4961,1,0
A,C,A,7124,100,7124,1,0
A,D,A,4970,100,4970,1,0
A,E,A,1434,100,1434,1,0
A,F,A,5162,100,5162,1,0
A,G,A,7147,100,7147,1,0
A,H,A,5172,100,5172,1,0
A,B,B,4957,100,4957,1,0
B,C,B,4968,100,4968,1,0
B,D,B,7022,100,7022,1,0
B,E,B,5130,100,5130,1,0
B,F,B,1376,100,1376,1,0
B,G,B,5183,100,5183,1,0
B,H,B,7204,100,7204,1,0
A,C,C,7047,100,7047,1,0
B,C,C,4981,100,4981,1,0
C,D,C,4958,100,4958,1,0
C,E,C,7142,100,7142,1,0
C,F,C,5163,100,5163,1,0
C,G,C,1415,100,1415,1,0
C,H,C,5154,100,5154,1,0
A,D,D,4945,100,4945,1,0
B,D,D,6971,100,6971,1,0
C,D,D,4928,100,4928,1,0
D,E,D,5167,100,5167,1,0
D,F,D,7159,100,7159,1,0
D,G,D,5143,100,5143,1,0
D,H,D,1394,100,1394,1,0
A,E,E,1455,100,1455,1,0
B,E,E,5159,100,5159,1,0
C,E,E,7120,100,7120,1,0
D,E,E,5209,100,5209,1,0
E,F,E,4975,100,4975,1,0
E,G,E,7040,100,7040,1,0
E,H,E,5004,100,5004,1,0
A,F,F,5205,100,5205,1,0
B,F,F,1374,100,1374,1,0
C,F,F,5182,100,5182,1,0
D,F,F,7139,100,7139,1,0
E,F,F,4976,100,4976,1,0
F,G,F,4953,100,4953,1,0
F,H,F,7011,100,7011,1,0
A,G,G,7142,100,7142,1,0
B,G,G,5155,100,5155,1,0
C,G,G,1448,100,1448,1,0
D,G,G,5151,100,5151,1,0
E,G,G,7036,100,7036,1,0
F,G,G,4968,100,4968,1,0
G,H,G,4971,100,4971,1,0
A,H,H,5172,100,5172,1,0
B,H,H,7123,100,7123,1,0
C,H,H,5156,100,5156,1,0
D,H,H,1434,100,1434,1,0
E,H,H,4979,100,4979,1,0
F,H,H,7042,100,7042,1,0
G,H,H,4961,100,4961,1,0
A,B,A,4928,100,4928,1,0
A,C,A,6978,100,6978,1,0
A,D,A,4944,100,4944,1,0
A,E,A,1384,100,1384,1,0
A,F,A,5183,100,5183,1,0
A,G,A,7194,100,7194,1,0
A,H,A,5176,100,5176,1,0
A,B,B,4999,100,4999,1,0
B,C,B,5009,100,5009,1,0
B,D,B,6999,100,6999,1,0
B,E,B,5162,100,5162,1,0
B,F,B,1395,100,1395,1,0
B,G,B,5166,100,5166,1,0
B,H,B,7117,100,7117,1,0
A,C,C,6984,100,6984,1,0
B,C,C,4955,100,4955,1,0
C,D,C,4966,100,4966,1,0
C,E,C,7188,100,7188,1,0
C,F,C,5138,100,5138,1,0
C,G,C,1387,100,1387,1,0
C,H,C,5156,100,5156,1,0
A,D,D,4938,100,4938,1,0
B,D,D,6999,100,6999,1,0
C,D,D,4944,100,4944,1,0
D,E,D,5208,100,5208,1,0
D,F,D,7130,100,7130,1,0
D,G,D,5175,100,5175,1,0
D,H,D,1392,100,1392,1,0
A,E,E,1430,100,1430,1,0
B,E,E,5142,100,5142,1,0
C,E,E,7209,100,7209,1,0
D,E,E,5117,100,5117,1,0
E,F,E,5023,100,5023,1,0
E,G,E,7060,100,7060,1,0
E,H,E,4998,100,4998,1,0
A,F,F,5194,100,5194,1,0
B,F,F,1396,100,1396,1,0
C,F,F,5171,100,5171,1,0
D,F,F,7158,100,7158,1,0
E,F,F,4958,100,4958,1,0
F,G,F,4991,100,4991,1,0
F,H,F,6963,100,6963,1,0
A,G,G,7135,100,7135,1,0
B,G,G,5168,100,5168,1,0
C,G,G,1434,100,1434,1,0
D,G,G,5123,100,5123,1,0
E,G,G,7069,100,7069,1,0
F,G,G,4957,100,4957,1,0
G,H,G,4962,100,4962,1,0
A,H,H,5168,100,5168,1,0
B,H,H,7164,100,7164,1,0
C,H,H,5202,100,5202,1,0
D,H,H,1409,100,1409,1,0
E,H,H,4968,100,4968,1,0
F,H,H,6993,100,6993,1,0
G,H,H,4943,100,4943,1,0
A,B,A,4949,100,4949,1,0
A,C,A,6990,100,6990,1,0
A,D,A,4952,100,4952,1,0
A,E,A,1451,100,1451,1,0
A,F,A,5207,100,5207,1,0
A,G,A,7104,100,7104,1,0
A,H,A,5130,100,5130,1,0
A,B,B,4952,100,4952,1,0
B,C,B,4983,100,4983,1,0
B,D,B,7033,100,7033,1,0
B,E,B,5119,100,5119,1,0
B,F,B,1354,100,1354,1,0
B,G,B,5183,100,5183,1,0
B,H,B,7151,100,7151,1,0
A,C,C,6999,100,6999,1,0
B,C,C,4964,100,4964,1,0
C,D,C,4976,100,4976,1,0
C,E,C,7198,100,7198,1,0
C,F,C,5159,100,5159,1,0
C,G,C,1381,100,1381,1,0
C,H,C,5195,100,5195,1,0
A,D,D,4956,100,4956,1,0
B,D,D,6974,100,6974,1,0
C,D,D,4961,100,4961,1,0
D,E,D,5155,100,5155,1,0
D,F,D,7173,100,7173,1,0
D,G,D,5158,100,5158,1,0
D,H,D,1425,100,1425,1,0
A,E,E,1416,100,1416,1,0
B,E,E,5111,100,5111,1,0
C,E,E,7196,100,7196,1,0
D,E,E,5129,100,5129,1,0
E,F,E,4988,100,4988,1,0
E,G,E,7067,100,7067,1,0
E,H,E,4994,100,4994,1,0
A,F,F,5186,100,5186,1,0
B,F,F,1398,100,1398,1,0
C,F,F,5125,100,5125,1,0
D,F,F,7126,100,7126,1,0
E,F,F,4973,100,4973,1,0
F,G,F,4978,100,4978,1,0
F,H,F,6985,100,6985,1,0
A,G,G,7139,100,7139,1,0
B,G,G,5204,100,5204,1,0
C,G,G,1413,100,1413,1,0
D,G,G,5199,100,5199,1,0
E,G,G,7050,100,7050,1,0
F,G,G,4976,100,4976,1,0
G,H,G,4963,100,4963,1,0
A,H,H,5190,100,5190,1,0
B,H,H,7157,100,7157,1,0
C,H,H,5148,100,5148,1,0
D,H,H,1385,100,1385,1,0
E,H,H,5002,100,5002,1,0
F,H,H,6981,100,6981,1,0
G,H,H,4960,100,4960,1,0
A,B,A,4952,100,4952,1,0
A,C,A,7059,100,7059,1,0
A,D,A,4967,100,4967,1,0
A,E,A,1445,100,1445,1,0
A,F,A,5175,100,5175,1,0
A,G,A,7206,100,7206,1,0
A,H,A,5117,100,5117,1,0
A,B,B,4913,100,4913,1,0
B,C,B,5011,100,5011,1,0
B,D,B,6995,100,6995,1,0
B,E,B,5170,100,5170,1,0
B,F,B,1411,100,1411,1,0
B,G,B,5184,100,5184,1,0
B,H,B,7185,100,7185,1,0
A,C,C,6999,100,6999,1,0
B,C,C,4987,100,4987,1,0
C,D,C,4904,100,4904,1,0
C,E,C,7185,100,7185,1,0
C,F,C,5143,100,5143,1,0
C,G,C,1409,100,1409,1,0
C,H,C,5153,100,5153,1,0
A,D,D,4947,100,4947,1,0
B,D,D,7050,100,7050,1,0
C,D,D,4923,100,4923,1,0
D,E,D,5136,100,5136,1,0
D,F,D,7159,100,7159,1,0
D,G,D,5150,100,5150,1,0
D,H,D,1419,100,1419,1,0
A,E,E,1400,100,1400,1,0
B,E,E,5139,100,5139,1,0
C,E,E,7198,100,7198,1,0
D,E,E,5187,100,5187,1,0
E,F,E,4974,100,4974,1,0
E,G,E,7039,100,7039,1,0
E,H,E,5009,100,5009,1,0
A,F,F,5152,100,5152,1,0
B,F,F,1411,100,1411,1,0
C,F,F,5184,100,5184,1,0
D,F,F,7109,100,7109,1,0
E,F,F,4990,100,4990,1,0
F,G,F,4993,100,4993,1,0
F,H,F,7054,100,7054,1,0
A,G,G,7169,100,7169,1,0
B,G,G,5185,100,5185,1,0
C,G,G,1439,100,1439,1,0
D,G,G,5179,100,5179,1,0
E,G,G,7050,100,7050,1,0
F,G,G,4982,100,4982,1,0
G,H,G,4939,100,4939,1,0
A,H,H,5135,100,5135,1,0
B,H,H,7103,100,7103,1,0
C,H,H,5180,100,5180,1,0
D,H,H,1374,100,1374,1,0
E,H,H,4958,100,4958,1,0
F,H,H,6938,100,6938,1,0
G,H,H,4944,100,4944,1,0
A,B,A,4951,100,4951,1,0
A,C,A,7033,100,7033,1,0
A,D,A,4944,100,4944,1,0
A,E,A,1444,100,1444,1,0
A,F,A,5189,100,5189,1,0
A,G,A,7180,100,7180,1,0
A,H,A,5117,100,5117,1,0
A,B,B,4958,100,4958,1,0
B,C,B,4982,100,4982,1,0
B,D,B,7001,100,7001,1,0
B,E,B,5115,100,5115,1,0
B,F,B,1394,100,1394,1,0
B,G,B,5194,100,5194,1,0
B,H,B,7168,100,7168,1,0
A,C,C,7029,100,7029,1,0
B,C,C,4965,100,4965,1,0
C,D,C,4941,100,4941,1,0
C,E,C,7142,100,7142,1,0
C,F,C,5162,100,5162,1,0
C,G,C,1426,100,1426,1,0
C,H,C,5103,100,5103,1,0
A,D,D,4923,100,4923,1,0
B,D,D,7001,100,7001,1,0
C,D,D,4991,100,4991,1,0
D,E,D,5166,100,5166,1,0
D,F,D,7176,100,7176,1,0
D,G,D,5144,100,5144,1,0
D,H,D,1379,100,1379,1,0
A,E,E,1469,100,1469,1,0
B,E,E,5130,100,5130,1,0
C,E,E,7229,100,7229,1,0
D,E,E,5172,100,5172,1,0
E,F,E,4994,100,4994,1,0
E,G,E,7052,100,7052,1,0
E,H,E,4971,100,4971,1,0
A,F,F,5171,100,5171,1,0
B,F,F,1360,100,1360,1,0
C,F,F,5170,100,5170,1,0
D,F,F,7117,100,7117,1,0
E,F,F,4956,100,4956,1,0
F,G,F,4978,100,4978,1,0
F,H,F,7027,100,7027,1,0
A,G,G,7174,100,7174,1,0
B,G,G,5161,100,5161,1,0
C,G,G,1385,100,1385,1,0
D,G,G,5159,100,5159,1,0
E,G,G,7061,100,7061,1,0
F,G,G,4999,100,4999,1,0
G,H,G,4964,100,4964,1,0
A,H,H,5109,100,5109,1,0
B,H,H,7186,100,7186,1,0
C,H,H,5181,100,5181,1,0
D,H,H,1432,100,1432,1,0
E,H,H,4988,100,4988,1,0
F,H,H,7000,100,7000,1,0
G,H,H,4931,100,4931,1,0
A,B,A,4946,100,4946,1,0
A,C,A,6983,100,6983,1,0
A,D,A,4968,100,4968,1,0
A,E,A,1374,100,1374,1,0
A,F,A,5172,100,5172,1,0
A,G,A,7122,100,7122,1,0
A,H,A,5181,100,5181,1,0
A,B,B,4970,100,4970,1,0
B,C,B,5035,100,5035,1,0
B,D,B,7025,100,7025,1,0
B,E,B,5162,100,5162,1,0
B,F,B,1411,100,1411,1,0
B,G,B,5204,100,5204,1,0
B,H,B,7122,100,7122,1,0
A,C,C,7052,100,7052,1,0
B,C,C,4976,100,4976,1,0
C,D,C,4945,100,4945,1,0
C,E,C,7146,100,7146,1,0
C,F,C,5146,100,5146,1,0
C,G,C,1353,100,1353,1,0
C,H,C,5117,100,5117,1,0
A,D,D,4969,100,4969,1,0
B,D,D,7022,100,7022,1,0
C,D,D,4929,100,4929,1,0
D,E,D,5206,100,5206,1,0
D,F,D,7120,100,7120,1,0
D,G,D,5170,100,5170,1,0
D,H,D,1468,100,1468,1,0
A,E,E,1424,100,1424,1,0
B,E,E,5159,100,5159,1,0
C,E,E,7143,100,7143,1,0
D,E,E,5143,100,5143,1,0
E,F,E,4979,100,4979,1,0
E,G,E,7049,100,7049,1,0
E,H,E,4941,100,4941,1,0
A,F,F,5195,100,5195,1,0
B,F,F,1380,100,1380,1,0
C,F,F,5159,100,5159,1,0
D,F,F,7168,100,7168,1,0
E,F,F,4979,100,4979,1,0
F,G,F,5008,100,5008,1,0
F,H,F,6998,100,6998,1,0
A,G,G,7142,100,7142,1,0
B,G,G,5172,100,5172,1,0
C,G,G,1399,100,1399,1,0
D,G,G,5137,100,5137,1,0
E,G,G,7042,100,7042,1,0
F,G,G,4947,100,4947,1,0
G,H,G,4927,100,4927,1,0
A,H,H,5173,100,5173,1,0
B,H,H,7111,100,7111,1,0
C,H,H,5129,100,5129,1,0
D,H,H,1442,100,1442,1,0
E,H,H,5009,100,5009,1,0
F,H,H,7012,100,7012,1,0
G,H,H,4991,100,4991,1,0
A,B,A,4916,100,4916,1,0
A,C,A,6981,100,6981,1,0
A,D,A,4959,100,4959,1,0
A,E,A,1398,100,1398,1,0
A,F,A,5154,100,5154,1,0
A,G,A,7179,100,7179,1,0
A,H,A,5119,100,5119,1,0
A,B,B,4917,100,4917,1,0
B,C,B,4972,100,4972,1,0
B,D,B,7024,100,7024,1,0
B,E,B,5145,100,5145,1,0
B,F,B,1414,100,1414,1,0
B,G,B,5167,100,5167,1,0
B,H,B,7181,100,7181,1,0
A,C,C,7045,100,7045,1,0
B,C,C,4969,100,4969,1,0
C,D,C,4985,100,4985,1,0
C,E,C,7167,100,7167,1,0
C,F,C,5148,100,5148,1,0
C,G,C,1373,100,1373,1,0
C,H,C,5142,100,5142,1,0
A,D,D,4941,100,4941,1,0
B,D,D,7022,100,7022,1,0
C,D,D,4948,100,4948,1,0
D,E,D,5170,100,5170,1,0
D,F,D,7134,100,7134,1,0
D,G,D,5158,100,5158,1,0
D,H,D,1465,100,1465,1,0
A,E,E,1449,100,1449,1,0
B,E,E,5136,100,5136,1,0
C,E,E,7191,100,7191,1,0
D,E,E,5091,100,5091,1,0
E,F,E,4974,100,4974,1,0
E,G,E,7060,100,7060,1,0
E,H,E,4978,100,4978,1,0
A,F,F,5184,100,5184,1,0
B,F,F,1402,100,1402,1,0
C,F,F,5149,100,5149,1,0
D,F,F,7143,100,7143,1,0
E,F,F,5010,100,5010,1,0
F,G,F,4949,100,4949,1,0
F,H,F,7014,100,7014,1,0
A,G,G,7177,100,7177,1,0
B,G,G,5189,100,5189,1,0
C,G,G,1408,100,1408,1,0
D,G,G,5113,100,5113,1,0
E,G,G,7026,100,7026,1,0
F,G,G,4967,100,4967,1,0
G,H,G,4964,100,4964,1,0
A,H,H,5181,100,5181,1,0
B,H,H,7124,100,7124,1,0
C,H,H,5193,100,5193,1,0
D,H,H,1389,100,1389,1,0
E,H,H,4963,100,4963,1,0
F,H,H,6978,100,6978,1,0
G,H,H,4974,100,4974,1,0
A,B,A,4969,100,4969,1,0
A,C,A,7059,100,7059,1,0
A,D,A,4932,100,4932,1,0
A,E,A,1467,100,1467,1,0
A,F,A,5213,100,5213,1,0
A,G,A,7167,100,7167,1,0
A,H,A,5168,100,5168,1,0
A,B,B,4936,100,4936,1,0
B,C,B,4986,100,4986,1,0
B,D,B,7005,100,7005,1,0
B,E,B,5126,100,5126,1,0
B,F,B,1361,100,1361,1,0
B,G,B,5205,100,5205,1,0
B,H,B,7140,100,7140,1,0
A,C,C,7045,100,7045,1,0
B,C,C,5010,100,5010,1,0
C,D,C,4932,100,4932,1,0
C,E,C,7201,100,7201,1,0
C,F,C,5144,100,5144,1,0
C,G,C,1398,100,1398,1,0
C,H,C,5150,100,5150,1,0
A,D,D,4949,100,4949,1,0
B,D,D,7039,100,7039,1,0
C,D,D,4950,100,4950,1,0
D,E,D,5203,100,5203,1,0
D,F,D,7132,100,7132,1,0
D,G,D,5111,100,5111,1,0
D,H,D,1380,100,1380,1,0
A,E,E,1406,100,1406,1,0
B,E,E,5173,100,5173,1,0
C,E,E,7178,100,7178,1,0
D,E,E,5095,100,5095,1,0
E,F,E,4955,100,4955,1,0
E,G,E,7084,100,7084,1,0
E,H,E,4976,100,4976,1,0
A,F,F,5190,100,5190,1,0
B,F,F,1407,100,1407,1,0
C,F,F,5149,100,5149,1,0
D,F,F,7180,100,7180,1,0
E,F,F,4951,100,4951,1,0
F,G,F,4995,100,4995,1,0
F,H,F,7019,100,7019,1,0
A,G,G,7161,100,7161,1,0
B,G,G,5201,100,5201,1,0
C,G,G,1383,100,1383,1,0
D,G,G,5138,100,5138,1,0
E,G,G,7060,100,7060,1,0
F,G,G,4979,100,4979,1,0
G,H,G,4979,100,4979,1,0
A,H,H,5149,100,5149,1,0
B,H,H,7128,100,7128,1,0
C,H,H,5156,100,5156,1,0
D,H,H,1377,100,1377,1,0
E,H,H,4991,100,4991,1,0
F,H,H,7058,100,7058,1,0
G,H,H,4945,100,4945,1,0
A,B,A,4983,100,4983,1,0
A,C,A,7017,100,7017,1,0
A,D,A,4946,100,4946,1,0
A,E,A,1456,100,1456,1,0
A,F,A,5192,100,5192,1,0
A,G,A,7159,100,7159,1,0
A,H,A,5129,100,5129,1,0
A,B,B,4974,100,4974,1,0
B,C,B,4959,100,4959,1,0
B,D,B,6967,100,6967,1,0
B,E,B,5129,100,5129,1,0
B,F,B,1403,100,1403,1,0
B,G,B,5170,100,5170,1,0
B,H,B,7180,100,7180,1,0
A,C,C,7039,100,7039,1,0
B,C,C,4966,100,4966,1,0
C,D,C,4995,100,4995,1,0
C,E,C,7175,100,7175,1,0
C,F,C,5137,100,5137,1,0
C,G,C,1444,100,1444,1,0
C,H,C,5104,100,5104,1,0
A,D,D,4939,100,4939,1,0
B,D,D,7025,100,7025,1,0
C,D,D,4980,100,4980,1,0
D,E,D,5148,100,5148,1,0
D,F,D,7150,100,7150,1,0
D,G,D,5146,100,5146,1,0
D,H,D,1395,100,1395,1,0
A,E,E,1464,100,1464,1,0
B,E,E,5149,100,5149,1,0
C,E,E,7141,100,7141,1,0
D,E,E,5185,100,5185,1,0
E,F,E,5000,100,5000,1,0
E,G,E,7085,100,7085,1,0
E,H,E,4953,100,4953,1,0
A,F,F,5186,100,5186,1,0
B,F,F,1407,100,1407,1,0
C,F,F,5148,100,5148,1,0
D,F,F,7127,100,7127,1,0
E,F,F,5012,100,5012,1,0
F,G,F,4978,100,4978,1,0
F,H,F,7006,100,7006,1,0
A,G,G,7173,100,7173,1,0
B,G,G,5207,100,5207,1,0
C,G,G,1422,100,1422,1,0
D,G,G,5133,100,5133,1,0
E,G,G,7062,100,7062,1,0
F,G,G,4930,100,4930,1,0
G,H,G,4942,100,4942,1,0
A,H,H,5138,100,5138,1,0
B,H,H,7159,100,7159,1,0
C,H,H,5150,100,5150,1,0
D,H,H,1433,100,1433,1,0
E,H,H,4975,100,4975,1,0
F,H,H,6995,100,6995,1,0
G,H,H,4924,100,4924,1,0
A,B,A,4982,100,4982,1,0
A,C,A,7006,100,7006,1,0
A,D,A,4945,100,4945,1,0
A,E,A,1432,100,1432,1,0
A,F,A,5155,100,5155,1,0
A,G,A,7191,100,7191,1,0
A,H,A,5135,100,5135,1,0
A,B,B,4976,100,4976,1,0
B,C,B,4996,100,4996,1,0
B,D,B,6971,100,6971,1,0
B,E,B,5142,100,5142,1,0
B,F,B,1398,100,1398,1,0
B,G,B,5210,100,5210,1,0
B,H,B,7138,100,7138,1,0
A,C,C,6991,100,6991,1,0
B,C,C,4994,100,4994,1,0
C,D,C,4958,100,4958,1,0
C,E,C,7173,100,7173,1,0
C,F,C,5170,100,5170,1,0
C,G,C,1388,100,1388,1,0
C,H,C,5193,100,5193,1,0
A,D,D,4966,100,4966,1,0
B,D,D,7019,100,7019,1,0
C,D,D,4928,100,4928,1,0
D,E,D,5171,100,5171,1,0
D,F,D,7114,100,7114,1,0
D,G,D,5132,100,5132,1,0
D,H,D,1398,100,1398,1,0
A,E,E,1422,100,1422,1,0
B,E,E,5163,100,5163,1,0
C,E,E,7162,100,7162,1,0
D,E,E,5186,100,5186,1,0
E,F,E,5003,100,5003,1,0
E,G,E,7052,100,7052,1,0
E,H,E,5016,100,5016,1,0
A,F,F,5138,100,5138,1,0
B,F,F,1398,100,1398,1,0
C,F,F,5125,100,5125,1,0
D,F,F,7159,100,7159,1,0
E,F,F,5003,100,5003,1,0
F,G,F,4957,100,4957,1,0
F,H,F,6991,100,6991,1,0
A,G,G,7142,100,7142,1,0
B,G,G,5151,100,5151,1,0
C,G,G,1401,100,1401,1,0
D,G,G,5131,100,5131,1,0
E,G,G,7037,100,7037,1,0
F,G,G,4997,100,4997,1,0
G,H,G,4925,100,4925,1,0
A,H,H,5163,100,5163,1,0
B,H,H,7096,100,7096,1,0
C,H,H,5141,100,5141,1,0
D,H,H,1418,100,1418,1,0
E,H,H,5018,100,5018,1,0
F,H,H,7003,100,7003,1,0
G,H,H,4962,100,4962,1,0
A,B,A,4933,100,4933,1,0
A,C,A,7017,100,7017,1,0
A,D,A,4958,100,4958,1,0
A,E,A,1397,100,1397,1,0
A,F,A,5188,100,5188,1,0
A,G,A,7170,100,7170,1,0
A,H,A,5130,100,5130,1,0
A,B,B,4982,100,4982,1,0
B,C,B,4962,100,4962,1,0
B,D,B,7038,100,7038,1,0
B,E,B,5159,100,5159,1,0
B,F,B,1410,100,1410,1,0
B,G,B,5152,100,5152,1,0
B,H,B,7140,100,7140,1,0
A,C,C,7022,100,7022,1,0
B,C,C,4966,100,4966,1,0
C,D,C,4908,100,4908,1,0
C,E,C,7201,100,7201,1,0
C,F,C,5148,100,5148,1,0
C,G,C,1367,100,1367,1,0
C,H,C,5139,100,5139,1,0
A,D,D,4950,100,4950,1,0
B,D,D,7019,100,7019,1,0
C,D,D,4946,100,4946,1,0
D,E,D,5149,100,5149,1,0
D,F,D,7141,100,7141,1,0
D,G,D,5112,100,5112,1,0
D,H,D,1439,100,1439,1,0
A,E,E,1429,100,1429,1,0
B,E,E,5165,100,5165,1,0
C,E,E,7225,100,7225,1,0
D,E,E,5104,100,5104,1,0
E,F,E,4977,100,4977,1,0
E,G,E,7053,100,7053,1,0
E,H,E,4966,100,4966,1,0
A,F,F,5217,100,5217,1,0
B,F,F,1397,100,1397,1,0
C,F,F,5158,100,5158,1,0
D,F,F,7143,100,7143,1,0
E,F,F,4967,100,4967,1,0
F,G,F,4979,100,4979,1,0
F,H,F,7017,100,7017,1,0
A,G,G,7164,100,7164,1,0
B,G,G,5168,100,5168,1,0
C,G,G,1435,100,1435,1,0
D,G,G,5132,100,5132,1,0
E,G,G,7040,100,7040,1,0
F,G,G,4958,100,4958,1,0
G,H,G,4917,100,4917,1,0
A,H,H,5106,100,5106,1,0
B,H,H,7204,100,7204,1,0
C,H,H,5155,100,5155,1,0
D,H,H,1391,100,1391,1,0
E,H,H,4950,100,4950,1,0
F,H,H,6998,100,6998,1,0
G,H,H,4950,100,4950,1,0
A,B,A,4984,100,4984,1,0
A,C,A,6979,100,6979,1,0
A,D,A,4919,100,4919,1,0
A,E,A,1382,100,1382,1,0
A,F,A,5189,100,5189,1,0
A,G,A,7135,100,7135,1,0
A,H,A,5144,100,5144,1,0
A,B,B,4936,100,4936,1,0
B,C,B,4941,100,4941,1,0
B,D,B,6997,100,6997,1,0
B,E,B,5144,100,5144,1,0
B,F,B,1341,100,1341,1,0
B,G,B,5238,100,5238,1,0
B,H,B,7181,100,7181,1,0
A,C,C,7043,100,7043,1,0
B,C,C,4988,100,4988,1,0
C,D,C,4938,100,4938,1,0
C,E,C,7144,100,7144,1,0
C,F,C,5170,100,5170,1,0
C,G,C,1396,100,1396,1,0
C,H,C,5155,100,5155,1,0
A,D,D,4937,100,4937,1,0
B,D,D,7011,100,7011,1,0
C,D,D,4928,100,4928,1,0
D,E,D,5204,100,5204,1,0
D,F,D,7137,100,7137,1,0
D,G,D,5133,100,5133,1,0
D,H,D,1436,100,1436,1,0
A,E,E,1373,100,1373,1,0
B,E,E,5158,100,5158,1,0
C,E,E,7164,100,7164,1,0
D,E,E,5180,100,5180,1,0
E,F,E,4958,100,4958,1,0
E,G,E,7057,100,7057,1,0
E,H,E,4933,100,4933,1,0
A,F,F,5159,100,5159,1,0
B,F,F,1384,100,1384,1,0
C,F,F,5142,100,5142,1,0
D,F,F,7124,100,7124,1,0
E,F,F,4951,100,4951,1,0
F,G,F,4963,100,4963,1,0
F,H,F,7030,100,7030,1,0
A,G,G,7206,100,7206,1,0
B,G,G,5206,100,5206,1,0
C,G,G,1389,100,1389,1,0
D,G,G,5123,100,5123,1,0
E,G,G,7042,100,7042,1,0
F,G,G,4994,100,4994,1,0
G,H,G,4950,100,4950,1,0
A,H,H,5157,100,5157,1,0
B,H,H,7175,100,7175,1,0
C,H,H,5151,100,5151,1,0
D,H,H,1420,100,1420,1,0
E,H,H,4963,100,4963,1,0
F,H,H,7009,100,7009,1,0
G,H,H,4984,100,4984,1,0
A,B,A,4941,100,4941,1,0
A,C,A,6974,100,6974,1,0
A,D,A,4946,100,4946,1,0
A,E,A,1433,100,1433,1,0
A,F,A,5182,100,5182,1,0
A,G,A,7161,100,7161,1,0
A,H,A,5133,100,5133,1,0
A,B,B,4976,100,4976,1,0
B,C,B,4959,100,4959,1,0
B,D,B,7025,100,7025,1,0
B,E,B,5159,100,5159,1,0
B,F,B,1393,100,1393,1,0
B,G,B,5196,100,5196,1,0
B,H,B,7144,100,7144,1,0
A,C,C,7035,100,7035,1,0
B,C,C,4999,100,4999,1,0
C,D,C,4937,100,4937,1,0
C,E,C,7166,100,7166,1,0
C,F,C,5112,100,5112,1,0
C,G,C,1430,100,1430,1,0
C,H,C,5146,100,5146,1,0
A,D,D,4947,100,4947,1,0
B,D,D,7002,100,7002,1,0
C,D,D,4924,100,4924,1,0
D,E,D,5172,100,5172,1,0
D,F,D,7130,100,7130,1,0
D,G,D,5116,100,5116,1,0
D,H,D,1475,100,1475,1,0
A,E,E,1454,100,1454,1,0
B,E,E,5138,100,5138,1,0
C,E,E,7173,100,7173,1,0
D,E,E,5176,100,5176,1,0
E,F,E,4999,100,4999,1,0
E,G,E,7057,100,7057,1,0
E,H,E,4920,100,4920,1,0
A,F,F,5184,100,5184,1,0
B,F,F,1407,100,1407,1,0
C,F,F,5158,100,5158,1,0
D,F,F,7117,100,7117,1,0
E,F,F,4976,100,4976,1,0
F,G,F,4979,100,4979,1,0
F,H,F,7035,100,7035,1,0
A,G,G,7140,100,7140,1,0
B,G,G,5174,100,5174,1,0
C,G,G,1372,100,1372,1,0
D,G,G,5161,100,5161,1,0
E,G,G,7063,100,7063,1,0
F,G,G,4967,100,4967,1,0
G,H,G,4952,100,4952,1,0
A,H,H,5113,100,5113,1,0
B,H,H,7107,100,7107,1,0
C,H,H,5136,100,5136,1,0
D,H,H,1414,100,1414,1,0
E,H,H,4955,100,4955,1,0
F,H,H,7012,100,7012,1,0
G,H,H,4971,100,4971,1,0
A,B,A,4902,100,4902,1,0
A,C,A,6990,100,6990,1,0
A,D,A,4955,100,4955,1,0
A,E,A,1428,100,1428,1,0
A,F,A,5156,100,5156,1,0
A,G,A,7150,100,7150,1,0
A,H,A,5153,100,5153,1,0
A,B,B,4936,100,4936,1,0
B,C,B,4977,100,4977,1,0
B,D,B,6998,100,6998,1,0
B,E,B,5139,100,5139,1,0
B,F,B,1393,100,1393,1,0
B,G,B,5202,100,5202,1,0
B,H,B,7142,100,7142,1,0
A,C,C,7034,100,7034,1,0
B,C,C,4988,100,4988,1,0
C,D,C,4932,100,4932,1,0
C,E,C,7180,100,7180,1,0
C,F,C,5157,100,5157,1,0
C,G,C,1423,100,1423,1,0
C,H,C,5180,100,5180,1,0
A,D,D,4959,100,4959,1,0
B,D,D,6939,100,6939,1,0
C,D,D,4934,100,4934,1,0
D,E,D,5186,100,5186,1,0
D,F,D,7117,100,7117,1,0
D,G,D,5158,100,5158,1,0
D,H,D,1422,100,1422,1,0
A,E,E,1393,100,1393,1,0
B,E,E,5114,100,5114,1,0
C,E,E,7133,100,7133,1,0
D,E,E,5165,100,5165,1,0
E,F,E,4979,100,4979,1,0
E,G,E,7051,100,7051,1,0
E,H,E,5042,100,5042,1,0
A,F,F,5196,100,5196,1,0
B,F,F,1385,100,1385,1,0
C,F,F,5121,100,5121,1,0
D,F,F,7141,100,7141,1,0
E,F,F,4969,100,4969,1,0
F,G,F,4990,100,4990,1,0
F,H,F,7015,100,7015,1,0
A,G,G,7181,100,7181,1,0
B,G,G,5173,100,5173,1,0
C,G,G,1416,100,1416,1,0
D,G,G,5131,100,5131,1,0
E,G,G,7038,100,7038,1,0
F,G,G,4967,100,4967,1,0
G,H,G,4941,100,4941,1,0
A,H,H,5168,100,5168,1,0
B,H,H,7153,100,7153,1,0
C,H,H,5135,100,5135,1,0
D,H,H,1381,100,1381,1,0
E,H,H,4968,100,4968,1,0
F,H,H,7018,100,7018,1,0
G,H,H,4981,100,4981,1,0
A,B,A,4986,100,4986,1,0
A,C,A,7011,100,7011,1,0
A,D,A,4952,100,4952,1,0
A,E,A,1419,100,1419,1,0
A,F,A,5172,100,5172,1,0
A,G,A,7141,100,7141,1,0
A,H,A,5127,100,5127,1,0
A,B,B,4994,100,4994,1,0
B,C,B,4990,100,4990,1,0
B,D,B,6986,100,6986,1,0
B,E,B,5159,100,5159,1,0
B,F,B,1352,100,1352,1,0
B,G,B,5176,100,5176,1,0
B,H,B,7194,100,7194,1,0
A,C,C,7009,100,7009,1,0
B,C,C,4969,100,4969,1,0
C,D,C,4946,100,4946,1,0
C,E,C,7187,100,7187,1,0
C,F,C,5158,100,5158,1,0
C,G,C,1378,100,1378,1,0
C,H,C,5194,100,5194,1,0
A,D,D,4943,100,4943,1,0
B,D,D,7015,100,7015,1,0
C,D,D,4942,100,4942,1,0
D,E,D,5146,100,5146,1,0
D,F,D,7135,100,7135,1,0
D,G,D,5110,100,5110,1,0
D,H,D,1387,100,1387,1,0
A,E,E,1463,100,1463,1,0
B,E,E,5155,100,5155,1,0
C,E,E,7173,100,7173,1,0
D,E,E,5204,100,5204,1,0
E,F,E,4939,100,4939,1,0
E,G,E,7018,100,7018,1,0
E,H,E,4990,100,4990,1,0
A,F,F,5164,100,5164,1,0
B,F,F,1401,100,1401,1,0
C,F,F,5159,100,5159,1,0
D,F,F,7161,100,7161,1,0
E,F,F,4997,100,4997,1,0
F,G,F,4983,100,4983,1,0
F,H,F,7034,100,7034,1,0
A,G,G,7211,100,7211,1,0
B,G,G,5189,100,5189,1,0
C,G,G,1405,100,1405,1,0
D,G,G,5126,100,5126,1,0
E,G,G,7067,100,7067,1,0
F,G,G,4976,100,4976,1,0
G,H,G,4949,100,4949,1,0
A,H,H,5157,100,5157,1,0
B,H,H,7160,100,7160,1,0
C,H,H,5148,100,5148,1,0
D,H,H,1433,100,1433,1,0
E,H,H,4991,100,4991,1,0
F,H,H,6982,100,6982,1,0
G,H,H,4963,100,4963,1,0
A,B,A,4993,100,4993,1,0
A,C,A,7024,100,7024,1,0
A,D,A,4922,100,4922,1,0
A,E,A,1439,100,1439,1,0
A,F,A,5156,100,5156,1,0
A,G,A,7189,100,7189,1,0
A,H,A,5123,100,5123,1,0
A,B,B,4966,100,4966,1,0
B,C,B,4976,100,4976,1,0
B,D,B,6990,100,6990,1,0
B,E,B,5158,100,5158,1,0
B,F,B,1386,100,1386,1,0
B,G,B,5200,100,5200,1,0
B,H,B,7160,100,7160,1,0
A,C,C,7031,100,7031,1,0
B,C,C,4955,100,4955,1,0
C,D,C,4915,100,4915,1,0
C,E,C,7149,100,7149,1,0
C,F,C,5151,100,5151,1,0
C,G,C,1406,100,1406,1,0
C,H,C,5182,100,5182,1,0
A,D,D,4933,100,4933,1,0
B,D,D,6992,100,6992,1,0
C,D,D,4946,100,4946,1,0
D,E,D,5141,100,5141,1,0
D,F,D,7140,100,7140,1,0
D,G,D,5149,100,5149,1,0
D,H,D,1384,100,1384,1,0
A,E,E,1404,100,1404,1,0
B,E,E,5159,100,5159,1,0
C,E,E,7176,100,7176,1,0
D,E,E,5144,100,5144,1,0
E,F,E,4995,100,4995,1,0
E,G,E,7072,100,7072,1,0
E,H,E,4955,100,4955,1,0
A,F,F,5190,100,5190,1,0
B,F,F,1392,100,1392,1,0
C,F,F,5152,100,5152,1,0
D,F,F,7123,100,7123,1,0
E,F,F,4979,100,4979,1,0
F,G,F,4962,100,4962,1,0
F,H,F,7010,100,7010,1,0
A,G,G,7143,100,7143,1,0
B,G,G,5212,100,5212,1,0
C,G,G,1408,100,1408,1,0
D,G,G,5123,100,5123,1,0
E,G,G,7037,100,7037,1,0
F,G,G,4989,100,4989,1,0
G,H,G,4946,100,4946,1,0
A,H,H,5134,100,5134,1,0
B,H,H,7133,100,7133,1,0
C,H,H,5167,100,5167,1,0
D,H,H,1391,100,1391,1,0
E,H,H,4986,100,4986,1,0
F,H,H,6975,100,6975,1,0
G,H,H,4963,100,4963,1,0
A,B,A,4950,100,4950,1,0
A,C,A,7001,100,7001,1,0
A,D,A,4947,100,4947,1,0
A,E,A,1436,100,1436,1,0
A,F,A,5146,100,5146,1,0
A,G,A,7180,100,7180,1,0
A,H,A,5117,100,5117,1,0
A,B,B,4951,100,4951,1,0
B,C,B,4958,100,4958,1,0
B,D,B,7020,100,7020,1,0
B,E,B,5164,100,5164,1,0
B,F,B,1408,100,1408,1,0
B,G,B,5175,100,5175,1,0
B,H,B,7126,100,7126,1,0
A,C,C,7068,100,7068,1,0
B,C,C,4948,100,4948,1,0
C,D,C,4933,100,4933,1,0
C,E,C,7193,100,7193,1,0
C,F,C,5134,100,5134,1,0
C,G,C,1437,100,1437,1,0
C,H,C,5122,100,5122,1,0
A,D,D,4970,100,4970,1,0
B,D,D,7041,100,7041,1,0
C,D,D,4935,100,4935,1,0
D,E,D,5121,100,5121,1,0
D,F,D,7161,100,7161,1,0
D,G,D,5134,100,5134,1,0
D,H,D,1360,100,1360,1,0
A,E,E,1459,100,1459,1,0
B,E,E,5114,100,5114,1,0
C,E,E,7200,100,7200,1,0
D,E,E,5164,100,5164,1,0
E,F,E,4974,100,4974,1,0
E,G,E,7038,100,7038,1,0
E,H,E,5003,100,5003,1,0
A,F,F,5180,100,5180,1,0
B,F,F,1388,100,1388,1,0
C,F,F,5157,100,5157,1,0
D,F,F,7119,100,7119,1,0
E,F,F,4948,100,4948,1,0
F,G,F,4964,100,4964,1,0
F,H,F,6990,100,6990,1,0
A,G,G,7181,100,7181,1,0
B,G,G,5225,100,5225,1,0
C,G,G,1397,100,1397,1,0
D,G,G,5160,100,5160,1,0
E,G,G,7038,100,7038,1,0
F,G,G,4976,100,4976,1,0
G,H,G,5008,100,5008,1,0
A,H,H,5135,100,5135,1,0
B,H,H,7180,100,7180,1,0
C,H,H,5143,100,5143,1,0
D,H,H,1437,100,1437,1,0
E,H,H,4975,100,4975,1,0
F,H,H,6974,100,6974,1,0
G,H,H,4945,100,4945,1,0
A,B,A,4956,100,4956,1,0
A,C,A,7034,100,7034,1,0
A,D,A,4968,100,4968,1,0
A,E,A,1362,100,1362,1,0
A,F,A,5133,100,5133,1,0
A,G,A,7214,100,7214,1,0
A,H,A,5119,100,5119,1,0
A,B,B,4939,100,4939,1,0
B,C,B,4977,100,4977,1,0
B,D,B,7046,100,7046,1,0
B,E,B,5166,100,5166,1,0
B,F,B,1398,100,1398,1,0
B,G,B,5187,100,5187,1,0
B,H,B,7105,100,7105,1,0
A,C,C,7054,100,7054,1,0
B,C,C,4938,100,4938,1,0
C,D,C,4948,100,4948,1,0
C,E,C,7189,100,7189,1,0
C,F,C,5147,100,5147,1,0
C,G,C,1416,100,1416,1,0
C,H,C,5176,100,5176,1,0
A,D,D,4940,100,4940,1,0
B,D,D,7032,100,7032,1,0
C,D,D,4940,100,4940,1,0
D,E,D,5118,100,5118,1,0
D,F,D,7139,100,7139,1,0
D,G,D,5140,100,5140,1,0
D,H,D,1406,100,1406,1,0
A,E,E,1433,100,1433,1,0
B,E,E,5138,100,5138,1,0
C,E,E,7170,100,7170,1,0
D,E,E,5154,100,5154,1,0
E,F,E,4951,100,4951,1,0
E,G,E,7051,100,7051,1,0
E,H,E,5012,100,5012,1,0
A,F,F,5196,100,5196,1,0
B,F,F,1385,100,1385,1,0
C,F,F,5161,100,5161,1,0
D,F,F,7145,100,7145,1,0
E,F,F,5015,100,5015,1,0
F,G,F,4963,100,4963,1,0
F,H,F,6989,100,6989,1,0
A,G,G,7188,100,7188,1,0
B,G,G,5163,100,5163,1,0
C,G,G,1385,100,1385,1,0
D,G,G,5125,100,5125,1,0
E,G,G,7050,100,7050,1,0
F,G,G,4973,100,4973,1,0
G,H,G,4956,100,4956,1,0
A,H,H,5153,100,5153,1,0
B,H,H,7164,100,7164,1,0
C,H,H,5136,100,5136,1,0
D,H,H,1352,100,1352,1,0
E,H,H,4990,100,4990,1,0
F,H,H,7049,100,7049,1,0
G,H,H,4937,100,4937,1,0
A,B,A,4963,100,4963,1,0
A,C,A,6990,100,6990,1,0
A,D,A,4978,100,4978,1,0
A,E,A,1416,100,1416,1,0
A,F,A,5170,100,5170,1,0
A,G,A,7174,100,7174,1,0
A,H,A,5102,100,5102,1,0
A,B,B,4927,100,4927,1,0
B,C,B,4967,100,4967,1,0
B,D,B,7007,100,7007,1,0
B,E,B,5138,100,5138,1,0
B,F,B,1396,100,1396,1,0
B,G,B,5176,100,5176,1,0
B,H,B,7127,100,7127,1,0
A,C,C,6992,100,6992,1,0
B,C,C,4964,100,4964,1,0
C,D,C,4917,100,4917,1,0
C,E,C,7169,100,7169,1,0
C,F,C,5147,100,5147,1,0
C,G,C,1387,100,1387,1,0
C,H,C,5129,100,5129,1,0
A,D,D,4927,100,4927,1,0
B,D,D,6974,100,6974,1,0
C,D,D,4933,100,4933,1,0
D,E,D,5167,100,5167,1,0
D,F,D,7147,100,7147,1,0
D,G,D,5110,100,5110,1,0
D,H,D,1415,100,1415,1,0
A,E,E,1382,100,1382,1,0
B,E,E,5150,100,5150,1,0
C,E,E,7219,100,7219,1,0
D,E,E,5113,100,5113,1,0
E,F,E,4971,100,4971,1,0
E,G,E,7071,100,7071,1,0
E,H,E,4998,100,4998,1,0
A,F,F,5205,100,5205,1,0
B,F,F,1400,100,1400,1,0
C,F,F,5152,100,5152,1,0
D,F,F,7119,100,7119,1,0
E,F,F,4993,100,4993,1,0
F,G,F,4977,100,4977,1,0
F,H,F,7035,100,7035,1,0
A,G,G,7157,100,7157,1,0
B,G,G,5183,100,5183,1,0
C,G,G,1404,100,1404,1,0
D,G,G,5157,100,5157,1,0
E,G,G,7061,100,7061,1,0
F,G,G,5003,100,5003,1,0
G,H,G,4975,100,4975,1,0
A,H,H,5151,100,5151,1,0
B,H,H,7163,100,7163,1,0
C,H,H,5167,100,5167,1,0
D,H,H,1368,100,1368,1,0
E,H,H,5000,100,5000,1,0
F,H,H,7028,100,7028,1,0
G,H,H,4943,100,4943,1,0
A,B,A,4962,100,4962,1,0
A,C,A,6991,100,6991,1,0
A,D,A,4946,100,4946,1,0
A,E,A,1387,100,1387,1,0
A,F,A,5158,100,5158,1,0
A,G,A,7190,100,7190,1,0
A,H,A,5126,100,5126,1,0
A,B,B,4938,100,4938,1,0
B,C,B,4962,100,4962,1,0
B,D,B,6990,100,6990,1,0
B,E,B,5151,100,5151,1,0
B,F,B,1384,100,1384,1,0
B,G,B,5176,100,5176,1,0
B,H,B,7162,100,7162,1,0
A,C,C,7051,100,7051,1,0
B,C,C,4991,100,4991,1,0
C,D,C,4958,100,4958,1,0
C,E,C,7166,100,7166,1,0
C,F,C,5149,100,5149,1,0
C,G,C,1382,100,1382,1,0
C,H,C,5142,100,5142,1,0
A,D,D,4984,100,4984,1,0
B,D,D,7045,100,7045,1,0
C,D,D,4957,100,4957,1,0
D,E,D,5236,100,5236,1,0
D,F,D,7122,100,7122,1,0
D,G,D,5140,100,5140,1,0
D,H,D,1415,100,1415,1,0
A,E,E,1423,100,1423,1,0
B,E,E,5136,100,5136,1,0
C,E,E,7209,100,7209,1,0
D,E,E,5128,100,5128,1,0
E,F,E,4976,100,4976,1,0
E,G,E,7064,100,7064,1,0
E,H,E,4941,100,4941,1,0
A,F,F,5167,100,5167,1,0
B,F,F,1412,100,1412,1,0
C,F,F,5143,100,5143,1,0
D,F,F,7145,100,7145,1,0
E,F,F,4958,100,4958,1,0
F,G,F,4961,100,4961,1,0
F,H,F,7017,100,7017,1,0
A,G,G,7181,100,7181,1,0
B,G,G,5173,100,5173,1,0
C,G,G,1444,100,1444,1,0
D,G,G,5115,100,5115,1,0
E,G,G,7093,100,7093,1,0
F,G,G,4999,100,4999,1,0
G,H,G,4937,100,4937,1,0
A,H,H,5147,100,5147,1,0
B,H,H,7132,100,7132,1,0
C,H,H,5164,100,5164,1,0
D,H,H,1387,100,1387,1,0
E,H,H,4953,100,4953,1,0
F,H,H,7002,100,7002,1,0
G,H,H,4969,100,4969,1,0
A,B,A,4918,100,4918,1,0
A,C,A,7024,100,7024,1,0
A,D,A,4935,100,4935,1,0
A,E,A,1396,100,1396,1,0
A,F,A,5138,100,5138,1,0
A,G,A,7155,100,7155,1,0
A,H,A,5191,100,5191,1,0
A,B,B,4918,100,4918,1,0
B,C,B,4963,100,4963,1,0
B,D,B,6982,100,6982,1,0
B,E,B,5159,100,5159,1,0
B,F,B,1399,100,1399,1,0
B,G,B,5185,100,5185,1,0
B,H,B,7117,100,7117,1,0
A,C,C,7019,100,7019,1,0
B,C,C,4994,100,4994,1,0
C,D,C,4990,100,4990,1,0
C,E,C,7198,100,7198,1,0
C,F,C,5162,100,5162,1,0
C,G,C,1366,100,1366,1,0
C,H,C,5184,100,5184,1,0
A,D,D,4976,100,4976,1,0
B,D,D,7014,100,7014,1,0
C,D,D,4972,100,4972,1,0
D,E,D,5187,100,5187,1,0
D,F,D,7154,100,7154,1,0
D,G,D,5148,100,5148,1,0
D,H,D,1434,100,1434,1,0
A,E,E,1384,100,1384,1,0
B,E,E,5177,100,5177,1,0
C,E,E,7185,100,7185,1,0
D,E,E,5222,100,5222,1,0
E,F,E,4980,100,4980,1,0
E,G,E,7050,100,7050,1,0
E,H,E,4973,100,4973,1,0
A,F,F,5153,100,5153,1,0
B,F,F,1373,100,1373,1,0
C,F,F,5147,100,5147,1,0
D,F,F,7170,100,7170,1,0
E,F,F,4987,100,4987,1,0
F,G,F,4963,100,4963,1,0
F,H,F,6966,100,6966,1,0
A,G,G,7166,100,7166,1,0
B,G,G,5179,100,5179,1,0
C,G,G,1396,100,1396,1,0
D,G,G,5130,100,5130,1,0
E,G,G,7034,100,7034,1,0
F,G,G,4985,100,4985,1,0
G,H,G,4972,100,4972,1,0
A,H,H,5120,100,5120,1,0
B,H,H,7108,100,7108,1,0
C,H,H,5154,100,5154,1,0
D,H,H,1434,100,1434,1,0
E,H,H,4986,100,4986,1,0
F,H,H,6995,100,6995,1,0
G,H,H,4961,100,4961,1,0
A,B,A,4973,100,4973,1,0
A,C,A,7017,100,7017,1,0
A,D,A,4962,100,4962,1,0
A,E,A,1406,100,1406,1,0
A,F,A,5174,100,5174,1,0
A,G,A,7158,100,7158,1,0
A,H,A,5133,100,5133,1,0
A,B,B,4922,100,4922,1,0
B,C,B,5009,100,5009,1,0
B,D,B,7007,100,7007,1,0
B,E,B,5128,100,5128,1,0
B,F,B,1393,100,1393,1,0
B,G,B,5164,100,5164,1,0
B,H,B,7150,100,7150,1,0
A,C,C,7001,100,7001,1,0
B,C,C,4963,100,4963,1,0
C,D,C,4961,100,4961,1,0
C,E,C,7204,100,7204,1,0
C,F,C,5156,100,5156,1,0
C,G,C,1419,100,1419,1,0
C,H,C,5178,100,5178,1,0
A,D,D,4938,100,4938,1,0
B,D,D,7024,100,7024,1,0
C,D,D,4972,100,4972,1,0
D,E,D,5217,100,5217,1,0
D,F,D,7181,100,7181,1,0
D,G,D,5142,100,5142,1,0
D,H,D,1463,100,1463,1,0
A,E,E,1399,100,1399,1,0
B,E,E,5172,100,5172,1,0
C,E,E,7198,100,7198,1,0
D,E,E,5138,100,5138,1,0
E,F,E,4949,100,4949,1,0
E,G,E,7048,100,7048,1,0
E,H,E,4937,100,4937,1,0
A,F,F,5192,100,5192,1,0
B,F,F,1403,100,1403,1,0
C,F,F,5136,100,5136,1,0
D,F,F,7157,100,7157,1,0
E,F,F,4991,100,4991,1,0
F,G,F,4972,100,4972,1,0
F,H,F,7010,100,7010,1,0
A,G,G,7139,100,7139,1,0
B,G,G,5199,100,5199,1,0
C,G,G,1385,100,1385,1,0
D,G,G,5130,100,5130,1,0
E,G,G,7041,100,7041,1,0
F,G,G,4981,100,4981,1,0
G,H,G,4961,100,4961,1,0
A,H,H,5224,100,5224,1,0
B,H,H,7171,100,7171,1,0
C,H,H,5189,100,5189,1,0
D,H,H,1414,100,1414,1,0
E,H,H,4949,100,4949,1,0
F,H,H,6992,100,6992,1,0
G,H,H,4970,100,4970,1,0
A,B,A,4940,100,4940,1,0
A,C,A,6977,100,6977,1,0
A,D,A,4939,100,4939,1,0
A,E,A,1373,100,1373,1,0
A,F,A,5170,100,5170,1,0
A,G,A,7130,100,7130,1,0
A,H,A,5134,100,5134,1,0
A,B,B,4930,100,4930,1,0
B,C,B,4951,100,4951,1,0
B,D,B,7036,100,7036,1,0
B,E,B,5141,100,5141,1,0
B,F,B,1382,100,1382,1,0
B,G,B,5172,100,5172,1,0
B,H,B,7162,100,7162,1,0
A,C,C,7015,100,7015,1,0
B,C,C,4974,100,4974,1,0
C,D,C,4921,100,4921,1,0
C,E,C,7144,100,7144,1,0
C,F,C,5120,100,5120,1,0
C,G,C,1399,100,1399,1,0
C,H,C,5092,100,5092,1,0
A,D,D,4927,100,4927,1,0
B,D,D,7001,100,7001,1,0
C,D,D,4905,100,4905,1,0
D,E,D,5171,100,5171,1,0
D,F,D,7155,100,7155,1,0
D,G,D,5154,100,5154,1,0
D,H,D,1443,100,1443,1,0
A,E,E,1460,100,1460,1,0
B,E,E,5142,100,5142,1,0
C,E,E,7197,100,7197,1,0
D,E,E,5195,100,5195,1,0
E,F,E,4984,100,4984,1,0
E,G,E,7038,100,7038,1,0
E,H,E,4964,100,4964,1,0
A,F,F,5141,100,5141,1,0
B,F,F,1363,100,1363,1,0
C,F,F,5155,100,5155,1,0
D,F,F,7128,100,7128,1,0
E,F,F,4982,100,4982,1,0
F,G,F,4951,100,4951,1,0
F,H,F,7021,100,7021,1,0
A,G,G,7177,100,7177,1,0
B,G,G,5204,100,5204,1,0
C,G,G,1393,100,1393,1,0
D,G,G,5127,100,5127,1,0
E,G,G,7076,100,7076,1,0
F,G,G,4979,100,4979,1,0
G,H,G,4963,100,4963,1,0
A,H,H,5185,100,5185,1,0
B,H,H,7083,100,7083,1,0
C,H,H,5151,100,5151,1,0
D,H,H,1387,100,1387,1,0
E,H,H,5017,100,5017,1,0
F,H,H,7013,100,7013,1,0
G,H,H,4966,100,4966,1,0
A,B,A,4971,100,4971,1,0
A,C,A,7012,100,7012,1,0
A,D,A,4954,100,4954,1,0
A,E,A,1421,100,1421,1,0
A,F,A,5193,100,5193,1,0
A,G,A,7221,100,7221,1,0
A,H,A,5118,100,5118,1,0
A,B,B,4974,100,4974,1,0
B,C,B,5010,100,5010,1,0
B,D,B,7001,100,7001,1,0
B,E,B,5148,100,5148,1,0
B,F,B,1408,100,1408,1,0
B,G,B,5229,100,5229,1,0
B,H,B,7130,100,7130,1,0
A,C,C,6987,100,6987,1,0
B,C,C,4982,100,4982,1,0
C,D,C,4980,100,4980,1,0
C,E,C,7174,100,7174,1,0
C,F,C,5154,100,5154,1,0
C,G,C,1389,100,1389,1,0
C,H,C,5162,100,5162,1,0
A,D,D,4953,100,4953,1,0
B,D,D,7009,100,7009,1,0
C,D,D,4927,100,4927,1,0
D,E,D,5179,100,5179,1,0
D,F,D,7164,100,7164,1,0
D,G,D,5132,100,5132,1,0
D,H,D,1405,100,1405,1,0
A,E,E,1433,100,1433,1,0
B,E,E,5120,100,5120,1,0
C,E,E,7138,100,7138,1,0
D,E,E,5175,100,5175,1,0
E,F,E,4975,100,4975,1,0
E,G,E,7069,100,7069,1,0
E,H,E,4981,100,4981,1,0
A,F,F,5185,100,5185,1,0
B,F,F,1393,100,1393,1,0
C,F,F,5177,100,5177,1,0
D,F,F,7128,100,7128,1,0
E,F,F,4963,100,4963,1,0
F,G,F,4972,100,4972,1,0
F,H,F,6999,100,6999,1,0
A,G,G,7160,100,7160,1,0
B,G,G,5175,100,5175,1,0
C,G,G,1436,100,1436,1,0
D,G,G,5146,100,5146,1,0
E,G,G,7060,100,7060,1,0
F,G,G,5001,100,5001,1,0
G,H,G,4951,100,4951,1,0
A,H,H,5160,100,5160,1,0
B,H,H,7144,100,7144,1,0
C,H,H,5160,100,5160,1,0
D,H,H,1360,100,1360,1,0
E,H,H,4980,100,4980,1,0
F,H,H,7023,100,7023,1,0
G,H,H,4954,100,4954,1,0
A,B,A,4981,100,4981,1,0
A,C,A,7003,100,7003,1,0
A,D,A,4944,100,4944,1,0
A,E,A,1450,100,1450,1,0
A,F,A,5195,100,5195,1,0
A,G,A,7165,100,7165,1,0
A,H,A,5140,100,5140,1,0
A,B,B,4956,100,4956,1,0
B,C,B,4999,100,4999,1,0
B,D,B,6998,100,6998,1,0
B,E,B,5150,100,5150,1,0
B,F,B,1383,100,1383,1,0
B,G,B,5183,100,5183,1,0
B,H,B,7147,100,7147,1,0
A,C,C,7019,100,7019,1,0
B,C,C,4985,100,4985,1,0
C,D,C,4964,100,4964,1,0
C,E,C,7174,100,7174,1,0
C,F,C,5151,100,5151,1,0
C,G,C,1358,100,1358,1,0
C,H,C,5146,100,5146,1,0
A,D,D,4949,100,4949,1,0
B,D,D,6998,100,6998,1,0
C,D,D,4933,100,4933,1,0
D,E,D,5139,100,5139,1,0
D,F,D,7164,100,7164,1,0
D,G,D,5148,100,5148,1,0
D,H,D,1389,100,1389,1,0
A,E,E,1391,100,1391,1,0
B,E,E,5134,100,5134,1,0
C,E,E,7188,100,7188,1,0
D,E,E,5150,100,5150,1,0
E,F,E,4993,100,4993,1,0
E,G,E,7034,100,7034,1,0
E,H,E,4956,100,4956,1,0
A,F,F,5149,100,5149,1,0
B,F,F,1419,100,1419,1,0
C,F,F,5152,100,5152,1,0
D,F,F,7127,100,7127,1,0
E,F,F,4958,100,4958,1,0
F,G,F,4981,100,4981,1,0
F,H,F,7020,100,7020,1,0
A,G,G,7180,100,7180,1,0
B,G,G,5176,100,5176,1,0
C,G,G,1398,100,1398,1,0
D,G,G,5151,100,5151,1,0
E,G,G,7067,100,7067,1,0
F,G,G,4953,100,4953,1,0
G,H,G,4950,100,4950,1,0
A,H,H,5106,100,5106,1,0
B,H,H,7082,100,7082,1,0
C,H,H,5141,100,5141,1,0
D,H,H,1386,100,1386,1,0
E,H,H,4929,100,4929,1,0
F,H,H,6995,100,6995,1,0
G,H,H,4921,100,4921,1,0
A,B,A,4954,100,4954,1,0
A,C,A,7018,100,7018,1,0
A,D,A,4946,100,4946,1,0
A,E,A,1403,100,1403,1,0
A,F,A,5137,100,5137,1,0
A,G,A,7137,100,7137,1,0
A,H,A,5126,100,5126,1,0
A,B,B,4930,100,4930,1,0
B,C,B,5021,100,5021,1,0
B,D,B,6961,100,6961,1,0
B,E,B,5144,100,5144,1,0
B,F,B,1337,100,1337,1,0
B,G,B,5208,100,5208,1,0
B,H,B,7180,100,7180,1,0
A,C,C,6975,100,6975,1,0
B,C,C,4993,100,4993,1,0
C,D,C,4949,100,4949,1,0
C,E,C,7198,100,7198,1,0
C,F,C,5134,100,5134,1,0
C,G,C,1417,100,1417,1,0
C,H,C,5115,100,5115,1,0
A,D,D,4947,100,4947,1,0
B,D,D,6980,100,6980,1,0
C,D,D,4942,100,4942,1,0
D,E,D,5176,100,5176,1,0
D,F,D,7141,100,7141,1,0
D,G,D,5089,100,5089,1,0
D,H,D,1389,100,1389,1,0
A,E,E,1416,100,1416,1,0
B,E,E,5152,100,5152,1,0
C,E,E,7170,100,7170,1,0
D,E,E,5129,100,5129,1,0
E,F,E,4977,100,4977,1,0
E,G,E,7057,100,7057,1,0
E,H,E,4968,100,4968,1,0
A,F,F,5197,100,5197,1,0
B,F,F,1366,100,1366,1,0
C,F,F,5125,100,5125,1,0
D,F,F,7126,100,7126,1,0
E,F,F,4993,100,4993,1,0
F,G,F,4968,100,4968,1,0
F,H,F,7006,100,7006,1,0
A,G,G,7185,100,7185,1,0
B,G,G,5176,100,5176,1,0
C,G,G,1428,100,1428,1,0
D,G,G,5151,100,5151,1,0
E,G,G,7040,100,7040,1,0
F,G,G,4928,100,4928,1,0
G,H,G,4942,100,4942,1,0
A,H,H,5149,100,5149,1,0
B,H,H,7139,100,7139,1,0
C,H,H,5132,100,5132,1,0
D,H,H,1421,100,1421,1,0
E,H,H,4990,100,4990,1,0
F,H,H,6985,100,6985,1,0
G,H,H,4946,100,4946,1,0
A,B,A,4930,100,4930,1,0
A,C,A,6957,100,6957,1,0
A,D,A,4943,100,4943,1,0
A,E,A,1426,100,1426,1,0
A,F,A,5189,100,5189,1,0
A,G,A,7191,100,7191,1,0
A,H,A,5145,100,5145,1,0
A,B,B,4989,100,4989,1,0
B,C,B,5011,100,5011,1,0
B,D,B,7022,100,7022,1,0
B,E,B,5162,100,5162,1,0
B,F,B,1387,100,1387,1,0
B,G,B,5164,100,5164,1,0
B,H,B,7125,100,7125,1,0
A,C,C,7028,100,7028,1,0
B,C,C,5002,100,5002,1,0
C,D,C,4943,100,4943,1,0
C,E,C,7163,100,7163,1,0
C,F,C,5160,100,5160,1,0
C,G,C,1370,100,1370,1,0
C,H,C,5128,100,5128,1,0
A,D,D,4938,100,4938,1,0
B,D,D,7033,100,7033,1,0
C,D,D,4926,100,4926,1,0
D,E,D,5158,100,5158,1,0
D,F,D,7110,100,7110,1,0
D,G,D,5167,100,5167,1,0
D,H,D,1408,100,1408,1,0
A,E,E,1396,100,1396,1,0
B,E,E,5147,100,5147,1,0
C,E,E,7175,100,7175,1,0
D,E,E,5184,100,5184,1,0
E,F,E,4968,100,4968,1,0
E,G,E,7054,100,7054,1,0
E,H,E,5003,100,5003,1,0
A,F,F,5173,100,5173,1,0
B,F,F,1390,100,1390,1,0
C,F,F,5158,100,5158,1,0
D,F,F,7150,100,7150,1,0
E,F,F,5001,100,5001,1,0
F,G,F,4947,100,4947,1,0
F,H,F,7009,100,7009,1,0
A,G,G,7164,100,7164,1,0
B,G,G,5189,100,5189,1,0
C,G,G,1365,100,1365,1,0
D,G,G,5129,100,5129,1,0
E,G,G,7081,100,7081,1,0
F,G,G,4952,100,4952,1,0
G,H,G,4973,100,4973,1,0
A,H,H,5178,100,5178,1,0
B,H,H,7141,100,7141,1,0
C,H,H,5148,100,5148,1,0
D,H,H,1360,100,1360,1,0
E,H,H,4989,100,4989,1,0
F,H,H,6988,100,6988,1,0
G,H,H,4976,100,4976,1,0
A,B,A,4975,100,4975,1,0
A,C,A,7089,100,7089,1,0
A,D,A,4941,100,4941,1,0
A,E,A,1411,100,1411,1,0
A,F,A,5195,100,5195,1,0
A,G,A,7172,100,7172,1,0
A,H,A,5180,100,5180,1,0
A,B,B,4940,100,4940,1,0
B,C,B,4984,100,4984,1,0
B,D,B,7040,100,7040,1,0
B,E,B,5125,100,5125,1,0
B,F,B,1404,100,1404,1,0
B,G,B,5210,100,5210,1,0
B,H,B,7221,100,7221,1,0
A,C,C,7042,100,7042,1,0
B,C,C,5007,100,5007,1,0
C,D,C,4914,100,4914,1,0
C,E,C,7189,100,7189,1,0
C,F,C,5165,100,5165,1,0
C,G,C,1363,100,1363,1,0
C,H,C,5133,100,5133,1,0
A,D,D,4962,100,4962,1,0
B,D,D,7010,100,7010,1,0
C,D,D,4943,100,4943,1,0
D,E,D,5168,100,5168,1,0
D,F,D,7123,100,7123,1,0
D,G,D,5170,100,5170,1,0
D,H,D,1422,100,1422,1,0
A,E,E,1383,100,1383,1,0
B,E,E,5116,100,5116,1,0
C,E,E,7211,100,7211,1,0
D,E,E,5176,100,5176,1,0
E,F,E,4976,100,4976,1,0
E,G,E,7058,100,7058,1,0
E,H,E,4953,100,4953,1,0
A,F,F,5149,100,5149,1,0
B,F,F,1360,100,1360,1,0
C,F,F,5159,100,5159,1,0
D,F,F,7128,100,7128,1,0
E,F,F,4962,100,4962,1,0
F,G,F,4975,100,4975,1,0
F,H,F,7041,100,7041,1,0
A,G,G,7188,100,7188,1,0
B,G,G,5192,100,5192,1,0
C,G,G,1388,100,1388,1,0
D,G,G,5158,100,5158,1,0
E,G,G,7039,100,7039,1,0
F,G,G,4956,100,4956,1,0
G,H,G,4954,100,4954,1,0
A,H,H,5136,100,5136,1,0
B,H,H,7133,100,7133,1,0
C,H,H,5148,100,5148,1,0
D,H,H,1415,100,1415,1,0
E,H,H,4970,100,4970,1,0
F,H,H,6977,100,6977,1,0
G,H,H,4988,100,4988,1,0
A,B,A,4950,100,4950,1,0
A,C,A,7010,100,7010,1,0
A,D,A,4945,100,4945,1,0
A,E,A,1451,100,1451,1,0
A,F,A,5160,100,5160,1,0
A,G,A,7155,100,7155,1,0
A,H,A,5126,100,5126,1,0
A,B,B,4935,100,4935,1,0
B,C,B,4981,100,4981,1,0
B,D,B,6994,100,6994,1,0
B,E,B,5145,100,5145,1,0
B,F,B,1428,100,1428,1,0
B,G,B,5175,100,5175,1,0
B,H,B,7104,100,7104,1,0
A,C,C,7030,100,7030,1,0
B,C,C,4953,100,4953,1,0
C,D,C,4965,100,4965,1,0
C,E,C,7170,100,7170,1,0
C,F,C,5165,100,5165,1,0
C,G,C,1406,100,1406,1,0
C,H,C,5160,100,5160,1,0
A,D,D,4953,100,4953,1,0
B,D,D,7014,100,7014,1,0
C,D,D,4932,100,4932,1,0
D,E,D,5176,100,5176,1,0
D,F,D,7142,100,7142,1,0
D,G,D,5134,100,5134,1,0
D,H,D,1401,100,1401,1,0
A,E,E,1417,100,1417,1,0
B,E,E,5138,100,5138,1,0
C,E,E,7208,100,7208,1,0
D,E,E,5180,100,5180,1,0
E,F,E,4941,100,4941,1,0
E,G,E,7033,100,7033,1,0
E,H,E,5001,100,5001,1,0
A,F,F,5173,100,5173,1,0
B,F,F,1407,100,1407,1,0
C,F,F,5162,100,5162,1,0
D,F,F,7119,100,7119,1,0
E,F,F,4952,100,4952,1,0
F,G,F,4970,100,4970,1,0
F,H,F,6970,100,6970,1,0
A,G,G,7181,100,7181,1,0
B,G,G,5176,100,5176,1,0
C,G,G,1391,100,1391,1,0
D,G,G,5130,100,5130,1,0
E,G,G,7040,100,7040,1,0
F,G,G,4956,100,4956,1,0
G,H,G,4928,100,4928,1,0
A,H,H,5157,100,5157,1,0
B,H,H,7135,100,7135,1,0
C,H,H,5160,100,5160,1,0
D,H,H,1424,100,1424,1,0
E,H,H,5009,100,5009,1,0
F,H,H,6989,100,6989,1,0
G,H,H,4983,100,4983,1,0
A,B,A,4972,100,4972,1,0
A,C,A,6992,100,6992,1,0
A,D,A,4935,100,4935,1,0
A,E,A,1383,100,1383,1,0
A,F,A,5163,100,5163,1,0
A,G,A,7145,100,7145,1,0
A,H,A,5166,100,5166,1,0
A,B,B,4964,100,4964,1,0
B,C,B,4983,100,4983,1,0
B,D,B,6983,100,6983,1,0
B,E,B,5154,100,5154,1,0
B,F,B,1379,100,1379,1,0
B,G,B,5188,100,5188,1,0
B,H,B,7111,100,7111,1,0
A,C,C,6991,100,6991,1,0
B,C,C,4975,100,4975,1,0
C,D,C,4966,100,4966,1,0
C,E,C,7159,100,7159,1,0
C,F,C,5142,100,5142,1,0
C,G,C,1381,100,1381,1,0
C,H,C,5134,100,5134,1,0
A,D,D,4960,100,4960,1,0
B,D,D,7002,100,7002,1,0
C,D,D,4972,100,4972,1,0
D,E,D,5215,100,5215,1,0
D,F,D,7133,100,7133,1,0
D,G,D,5111,100,5111,1,0
D,H,D,1415,100,1415,1,0
A,E,E,1402,100,1402,1,0
B,E,E,5124,100,5124,1,0
C,E,E,7200,100,7200,1,0
D,E,E,5227,100,5227,1,0
E,F,E,4961,100,4961,1,0
E,G,E,7083,100,7083,1,0
E,H,E,4995,100,4995,1,0
A,F,F,5171,100,5171,1,0
B,F,F,1384,100,1384,1,0
C,F,F,5126,100,5126,1,0
D,F,F,7157,100,7157,1,0
E,F,F,4988,100,4988,1,0
F,G,F,4952,100,4952,1,0
F,H,F,6970,100,6970,1,0
A,G,G,7206,100,7206,1,0
B,G,G,5165,100,5165,1,0
C,G,G,1422,100,1422,1,0
D,G,G,5160,100,5160,1,0
E,G,G,7002,100,7002,1,0
F,G,G,4992,100,4992,1,0
G,H,G,4988,100,4988,1,0
A,H,H,5170,100,5170,1,0
B,H,H,7105,100,7105,1,0
C,H,H,5190,100,5190,1,0
D,H,H,1371,100,1371,1,0
E,H,H,4949,100,4949,1,0
F,H,H,6965,100,6965,1,0
G,H,H,4970,100,4970,1,0
A,B,A,4935,100,4935,1,0
A,C,A,7000,100,7000,1,0
A,D,A,4950,100,4950,1,0
A,E,A,1374,100,1374,1,0
A,F,A,5215,100,5215,1,0
A,G,A,7158,100,7158,1,0
A,H,A,5151,100,5151,1,0
A,B,B,4966,100,4966,1,0
B,C,B,5005,100,5005,1,0
B,D,B,7015,100,7015,1,0
B,E,B,5145,100,5145,1,0
B,F,B,1411,100,1411,1,0
B,G,B,5167,100,5167,1,0
B,H,B,7161,100,7161,1,0
A,C,C,6990,100,6990,1,0
B,C,C,4982,100,4982,1,0
C,D,C,4980,100,4980,1,0
C,E,C,7198,100,7198,1,0
C,F,C,5144,100,5144,1,0
C,G,C,1407,100,1407,1,0
C,H,C,5173,100,5173,1,0
A,D,D,4983,100,4983,1,0
B,D,D,7009,100,7009,1,0
C,D,D,4928,100,4928,1,0
D,E,D,5196,100,5196,1,0
D,F,D,7154,100,7154,1,0
D,G,D,5103,100,5103,1,0
D,H,D,1409,100,1409,1,0
A,E,E,1434,100,1434,1,0
B,E,E,5117,100,5117,1,0
C,E,E,7173,100,7173,1,0
D,E,E,5122,100,5122,1,0
E,F,E,4974,100,4974,1,0
E,G,E,7055,100,7055,1,0
E,H,E,4902,100,4902,1,0
A,F,F,5169,100,5169,1,0
B,F,F,1378,100,1378,1,0
C,F,F,5143,100,5143,1,0
D,F,F,7141,100,7141,1,0
E,F,F,4983,100,4983,1,0
F,G,F,4990,100,4990,1,0
F,H,F,7023,100,7023,1,0
A,G,G,7129,100,7129,1,0
B,G,G,5160,100,5160,1,0
C,G,G,1451,100,1451,1,0
D,G,G,5137,100,5137,1,0
E,G,G,7061,100,7061,1,0
F,G,G,4972,100,4972,1,0
G,H,G,4936,100,4936,1,0
A,H,H,5123,100,5123,1,0
B,H,H,7167,100,7167,1,0
C,H,H,5136,100,5136,1,0
D,H,H,1453,100,1453,1,0
E,H,H,4965,100,4965,1,0
F,H,H,7013,100,7013,1,0
G,H,H,4990,100,4990,1,0
A,B,A,4958,100,4958,1,0
A,C,A,6968,100,6968,1,0
A,D,A,4962,100,4962,1,0
A,E,A,1387,100,1387,1,0
A,F,A,5174,100,5174,1,0
A,G,A,7139,100,7139,1,0
A,H,A,5168,100,5168,1,0
A,B,B,4975,100,4975,1,0
B,C,B,4982,100,4982,1,0
B,D,B,6998,100,6998,1,0
B,E,B,5129,100,5129,1,0
B,F,B,1429,100,1429,1,0
B,G,B,5170,100,5170,1,0
B,H,B,7148,100,7148,1,0
A,C,C,7005,100,7005,1,0
B,C,C,5007,100,5007,1,0
C,D,C,4912,100,4912,1,0
C,E,C,7157,100,7157,1,0
C,F,C,5136,100,5136,1,0
C,G,C,1410,100,1410,1,0
C,H,C,5175,100,5175,1,0
A,D,D,4922,100,4922,1,0
B,D,D,6990,100,6990,1,0
C,D,D,4926,100,4926,1,0
D,E,D,5199,100,5199,1,0
D,F,D,7120,100,7120,1,0
D,G,D,5162,100,5162,1,0
D,H,D,1457,100,1457,1,0
A,E,E,1457,100,1457,1,0
B,E,E,5127,100,5127,1,0
C,E,E,7173,100,7173,1,0
D,E,E,5101,100,5101,1,0
E,F,E,4988,100,4988,1,0
E,G,E,7055,100,7055,1,0
E,H,E,4967,100,4967,1,0
A,F,F,5197,100,5197,1,0
B,F,F,1407,100,1407,1,0
C,F,F,5172,100,5172,1,0
D,F,F,7143,100,7143,1,0
E,F,F,4959,100,4959,1,0
F,G,F,4986,100,4986,1,0
F,H,F,7011,100,7011,1,0
A,G,G,7191,100,7191,1,0
B,G,G,5172,100,5172,1,0
C,G,G,1383,100,1383,1,0
D,G,G,5144,100,5144,1,0
E,G,G,7062,100,7062,1,0
F,G,G,4963,100,4963,1,0
G,H,G,4968,100,4968,1,0
A,H,H,5158,100,5158,1,0
B,H,H,7141,100,7141,1,0
C,H,H,5108,100,5108,1,0
D,H,H,1462,100,1462,1,0
E,H,H,4989,100,4989,1,0
F,H,H,6996,100,6996,1,0
G,H,H,4940,100,4940,1,0
A,B,A,4974,100,4974,1,0
A,C,A,7011,100,7011,1,0
A,D,A,4935,100,4935,1,0
A,E,A,1391,100,1391,1,0
A,F,A,5151,100,5151,1,0
A,G,A,7146,100,7146,1,0
A,H,A,5159,100,5159,1,0
A,B,B,4905,100,4905,1,0
B,C,B,5000,100,5000,1,0
B,D,B,6976,100,6976,1,0
B,E,B,5127,100,5127,1,0
B,F,B,1402,100,1402,1,0
B,G,B,5187,100,5187,1,0
B,H,B,7161,100,7161,1,0
A,C,C,7037,100,7037,1,0
B,C,C,4994,100,4994,1,0
C,D,C,4925,100,4925,1,0
C,E,C,7172,100,7172,1,0
C,F,C,5155,100,5155,1,0
C,G,C,1403,100,1403,1,0
C,H,C,5151,100,5151,1,0
A,D,D,4960,100,4960,1,0
B,D,D,7016,100,7016,1,0
C,D,D,4938,100,4938,1,0
D,E,D,5148,100,5148,1,0
D,F,D,7117,100,7117,1,0
D,G,D,5166,100,5166,1,0
D,H,D,1419,100,1419,1,0
A,E,E,1417,100,1417,1,0
B,E,E,5153,100,5153,1,0
C,E,E,7149,100,7149,1,0
D,E,E,5139,100,5139,1,0
E,F,E,5001,100,5001,1,0
E,G,E,7041,100,7041,1,0
E,H,E,5016,100,5016,1,0
A,F,F,5233,100,5233,1,0
B,F,F,1430,100,1430,1,0
C,F,F,5173,100,5173,1,0
D,F,F,7125,100,7125,1,0
E,F,F,4988,100,4988,1,0
F,G,F,4979,100,4979,1,0
F,H,F,6967,100,6967,1,0
A,G,G,7164,100,7164,1,0
B,G,G,5213,100,5213,1,0
C,G,G,1382,100,1382,1,0
D,G,G,5120,100,5120,1,0
E,G,G,7034,100,7034,1,0
F,G,G,4941,100,4941,1,0
G,H,G,4936,100,4936,1,0
A,H,H,5126,100,5126,1,0
B,H,H,7156,100,7156,1,0
C,H,H,5166,100,5166,1,0
D,H,H,1421,100,1421,1,0
E,H,H,4987,100,4987,1,0
F,H,H,7034,100,7034,1,0
G,H,H,4915,100,4915,1,0
A,B,A,4990,100,4990,1,0
A,C,A,7002,100,7002,1,0
A,D,A,4938,100,4938,1,0
A,E,A,1412,100,1412,1,0
A,F,A,5178,100,5178,1,0
A,G,A,7208,100,7208,1,0
A,H,A,5093,100,5093,1,0
A,B,B,4990,100,4990,1,0
B,C,B,4967,100,4967,1,0
B,D,B,7041,100,7041,1,0
B,E,B,5119,100,5119,1,0
B,F,B,1401,100,1401,1,0
B,G,B,5186,100,5186,1,0
B,H,B,7161,100,7161,1,0
A,C,C,7040,100,7040,1,0
B,C,C,5010,100,5010,1,0
C,D,C,4993,100,4993,1,0
C,E,C,7183,100,7183,1,0
C,F,C,5131,100,5131,1,0
C,G,C,1404,100,1404,1,0
C,H,C,5132,100,5132,1,0
A,D,D,4936,100,4936,1,0
B,D,D,6973,100,6973,1,0
C,D,D,4917,100,4917,1,0
D,E,D,5169,100,5169,1,0
D,F,D,7095,100,7095,1,0
D,G,D,5179,100,5179,1,0
D,H,D,1417,100,1417,1,0
A,E,E,1428,100,1428,1,0
B,E,E,5134,100,5134,1,0
C,E,E,7205,100,7205,1,0
D,E,E,5155,100,5155,1,0
E,F,E,4963,100,4963,1,0
E,G,E,7065,100,7065,1,0
E,H,E,4952,100,4952,1,0
A,F,F,5169,100,5169,1,0
B,F,F,1375,100,1375,1,0
C,F,F,5151,100,5151,1,0
D,F,F,7129,100,7129,1,0
E,F,F,4962,100,4962,1,0
F,G,F,4982,100,4982,1,0
F,H,F,6984,100,6984,1,0
A,G,G,7143,100,7143,1,0
B,G,G,5159,100,5159,1,0
C,G,G,1417,100,1417,1,0
D,G,G,5161,100,5161,1,0
E,G,G,7071,100,7071,1,0
F,G,G,4949,100,4949,1,0
G,H,G,4977,100,4977,1,0
A,H,H,5111,100,5111,1,0
B,H,H,7132,100,7132,1,0
C,H,H,5168,100,5168,1,0
D,H,H,1416,100,1416,1,0
E,H,H,4982,100,4982,1,0
F,H,H,7036,100,7036,1,0
G,H,H,4938,100,4938,1,0
A,B,A,4974,100,4974,1,0
A,C,A,6988,100,6988,1,0
A,D,A,4943,100,4943,1,0
A,E,A,1378,100,1378,1,0
A,F,A,5110,100,5110,1,0
A,G,A,7156,100,7156,1,0
A,H,A,5183,100,5183,1,0
A,B,B,5003,100,5003,1,0
B,C,B,5016,100,5016,1,0
B,D,B,7007,100,7007,1,0
B,E,B,5148,100,5148,1,0
B,F,B,1380,100,1380,1,0
B,G,B,5197,100,5197,1,0
B,H,B,7185,100,7185,1,0
A,C,C,7017,100,7017,1,0
B,C,C,4986,100,4986,1,0
C,D,C,4952,100,4952,1,0
C,E,C,7174,100,7174,1,0
C,F,C,5156,100,5156,1,0
C,G,C,1335,100,1335,1,0
C,H,C,5149,100,5149,1,0
A,D,D,4932,100,4932,1,0
B,D,D,7000,100,7000,1,0
C,D,D,4932,100,4932,1,0
D,E,D,5176,100,5176,1,0
D,F,D,7157,100,7157,1,0
D,G,D,5152,100,5152,1,0
D,H,D,1399,100,1399,1,0
A,E,E,1387,100,1387,1,0
B,E,E,5134,100,5134,1,0
C,E,E,7197,100,7197,1,0
D,E,E,5208,100,5208,1,0
E,F,E,4959,100,4959,1,0
E,G,E,7082,100,7082,1,0
E,H,E,4976,100,4976,1,0
A,F,F,5161,100,5161,1,0
B,F,F,1412,100,1412,1,0
C,F,F,5136,100,5136,1,0
D,F,F,7163,100,7163,1,0
E,F,F,4969,100,4969,1,0
F,G,F,4983,100,4983,1,0
F,H,F,7035,100,7035,1,0
A,G,G,7174,100,7174,1,0
B,G,G,5215,100,5215,1,0
C,G,G,1372,100,1372,1,0
D,G,G,5162,100,5162,1,0
E,G,G,7055,100,7055,1,0
F,G,G,4981,100,4981,1,0
G,H,G,4930,100,4930,1,0
A,H,H,5125,100,5125,1,0
B,H,H,7140,100,7140,1,0
C,H,H,5176,100,5176,1,0
D,H,H,1369,100,1369,1,0
E,H,H,4965,100,4965,1,0
F,H,H,6999,100,6999,1,0
G,H,H,4943,100,4943,1,0
A,B,A,4962,100,4962,1,0
A,C,A,7013,100,7013,1,0
A,D,A,4945,100,4945,1,0
A,E,A,1387,100,1387,1,0
A,F,A,5193,100,5193,1,0
A,G,A,7147,100,7147,1,0
A,H,A,5191,100,5191,1,0
A,B,B,4959,100,4959,1,0
B,C,B,4961,100,4961,1,0
B,D,B,7027,100,7027,1,0
B,E,B,5157,100,5157,1,0
B,F,B,1387,100,1387,1,0
B,G,B,5183,100,5183,1,0
B,H,B,7196,100,7196,1,0
A,C,C,7045,100,7045,1,0
B,C,C,4973,100,4973,1,0
C,D,C,4942,100,4942,1,0
C,E,C,7184,100,7184,1,0
C,F,C,5130,100,5130,1,0
C,G,C,1424,100,1424,1,0
C,H,C,5163,100,5163,1,0
A,D,D,4923,100,4923,1,0
B,D,D,7013,100,7013,1,0
C,D,D,4925,100,4925,1,0
D,E,D,5137,100,5137,1,0
D,F,D,7172,100,7172,1,0
D,G,D,5149,100,5149,1,0
D,H,D,1446,100,1446,1,0
A,E,E,1437,100,1437,1,0
B,E,E,5109,100,5109,1,0
C,E,E,7208,100,7208,1,0
D,E,E,5140,100,5140,1,0
E,F,E,4971,100,4971,1,0
E,G,E,7046,100,7046,1,0
E,H,E,5005,100,5005,1,0
A,F,F,5214,100,5214,1,0
B,F,F,1370,100,1370,1,0
C,F,F,5172,100,5172,1,0
D,F,F,7124,100,7124,1,0
E,F,F,4966,100,4966,1,0
F,G,F,4968,100,4968,1,0
F,H,F,7020,100,7020,1,0
A,G,G,7162,100,7162,1,0
B,G,G,5213,100,5213,1,0
C,G,G,1423,100,1423,1,0
D,G,G,5165,100,5165,1,0
E,G,G,7056,100,7056,1,0
F,G,G,5001,100,5001,1,0
G,H,G,4958,100,4958,1,0
A,H,H,5167,100,5167,1,0
B,H,H,7146,100,7146,1,0
C,H,H,5173,100,5173,1,0
D,H,H,1354,100,1354,1,0
E,H,H,4981,100,4981,1,0
F,H,H,7012,100,7012,1,0
G,H,H,4991,100,4991,1,0
A,B,A,4964,100,4964,1,0
A,C,A,7043,100,7043,1,0
A,D,A,4958,100,4958,1,0
A,E,A,1392,100,1392,1,0
A,F,A,5175,100,5175,1,0
A,G,A,7203,100,7203,1,0
A,H,A,5183,100,5183,1,0
A,B,B,4952,100,4952,1,0
B,C,B,5002,100,5002,1,0
B,D,B,7017,100,7017,1,0
B,E,B,5144,100,5144,1,0
B,F,B,1390,100,1390,1,0
B,G,B,5192,100,5192,1,0
B,H,B,7133,100,7133,1,0
A,C,C,7064,100,7064,1,0
B,C,C,4967,100,4967,1,0
C,D,C,4940,100,4940,1,0
C,E,C,7184,100,7184,1,0
C,F,C,5147,100,5147,1,0
C,G,C,1373,100,1373,1,0
C,H,C,5144,100,5144,1,0
A,D,D,4942,100,4942,1,0
B,D,D,6992,100,6992,1,0
C,D,D,4923,100,4923,1,0
D,E,D,5168,100,5168,1,0
D,F,D,7112,100,7112,1,0
D,G,D,5145,100,5145,1,0
D,H,D,1404,100,1404,1,0
A,E,E,1386,100,1386,1,0
B,E,E,5127,100,5127,1,0
C,E,E,7188,100,7188,1,0
D,E,E,5186,100,5186,1,0
E,F,E,4953,100,4953,1,0
E,G,E,7043,100,7043,1,0
E,H,E,5002,100,5002,1,0
A,F,F,5165,100,5165,1,0
B,F,F,1394,100,1394,1,0
C,F,F,5150,100,5150,1,0
D,F,F,7160,100,7160,1,0
E,F,F,4964,100,4964,1,0
F,G,F,4950,100,4950,1,0
F,H,F,7037,100,7037,1,0
A,G,G,7121,100,7121,1,0
B,G,G,5182,100,5182,1,0
C,G,G,1372,100,1372,1,0
D,G,G,5118,100,5118,1,0
E,G,G,7034,100,7034,1,0
F,G,G,4975,100,4975,1,0
G,H,G,4973,100,4973,1,0
A,H,H,5136,100,5136,1,0
B,H,H,7142,100,7142,1,0
C,H,H,5129,100,5129,1,0
D,H,H,1407,100,1407,1,0
E,H,H,4960,100,4960,1,0
F,H,H,7030,100,7030,1,0
G,H,H,4961,100,4961,1,0
A,B,A,4935,100,4935,1,0
A,C,A,7003,100,7003,1,0
A,D,A,4961,100,4961,1,0
A,E,A,1377,100,1377,1,0
A,F,A,5232,100,5232,1,0
A,G,A,7193,100,7193,1,0
A,H,A,5099,100,5099,1,0
A,B,B,4961,100,4961,1,0
B,C,B,5006,100,5006,1,0
B,D,B,7048,100,7048,1,0
B,E,B,5124,100,5124,1,0
B,F,B,1379,100,1379,1,0
B,G,B,5220,100,5220,1,0
B,H,B,7136,100,7136,1,0
A,C,C,7032,100,7032,1,0
B,C,C,4974,100,4974,1,0
C,D,C,4967,100,4967,1,0
C,E,C,7201,100,7201,1,0
C,F,C,5136,100,5136,1,0
C,G,C,1410,100,1410,1,0
C,H,C,5161,100,5161,1,0
A,D,D,4934,100,4934,1,0
B,D,D,7013,100,7013,1,0
C,D,D,4958,100,4958,1,0
D,E,D,5122,100,5122,1,0
D,F,D,7159,100,7159,1,0
D,G,D,5142,100,5142,1,0
D,H,D,1432,100,1432,1,0
A,E,E,1417,100,1417,1,0
B,E,E,5131,100,5131,1,0
C,E,E,7236,100,7236,1,0
D,E,E,5245,100,5245,1,0
E,F,E,5006,100,5006,1,0
E,G,E,7074,100,7074,1,0
E,H,E,5033,100,5033,1,0
A,F,F,5179,100,5179,1,0
B,F,F,1393,100,1393,1,0
C,F,F,5131,100,5131,1,0
D,F,F,7137,100,7137,1,0
E,F,F,4957,100,4957,1,0
F,G,F,4998,100,4998,1,0
F,H,F,7003,100,7003,1,0
A,G,G,7176,100,7176,1,0
B,G,G,5147,100,5147,1,0
C,G,G,1438,100,1438,1,0
D,G,G,5152,100,5152,1,0
E,G,G,7061,100,7061,1,0
F,G,G,4996,100,4996,1,0
G,H,G,4973,100,4973,1,0
A,H,H,5133,100,5133,1,0
B,H,H,7147,100,7147,1,0
C,H,H,5135,100,5135,1,0
D,H,H,1398,100,1398,1,0
E,H,H,4984,100,4984,1,0
F,H,H,6993,100,6993,1,0
G,H,H,4970,100,4970,1,0
A,B,A,4944,100,4944,1,0
A,C,A,6997,100,6997,1,0
A,D,A,4972,100,4972,1,0
A,E,A,1384,100,1384,1,0
A,F,A,5145,100,5145,1,0
A,G,A,7155,100,7155,1,0
A,H,A,5138,100,5138,1,0
A,B,B,4966,100,4966,1,0
B,C,B,4968,100,4968,1,0
B,D,B,7017,100,7017,1,0
B,E,B,5145,100,5145,1,0
B,F,B,1406,100,1406,1,0
B,G,B,5161,100,5161,1,0
B,H,B,7194,100,7194,1,0
A,C,C,7029,100,7029,1,0
B,C,C,4954,100,4954,1,0
C,D,C,4924,100,4924,1,0
C,E,C,7192,100,7192,1,0
C,F,C,5159,100,5159,1,0
C,G,C,1363,100,1363,1,0
C,H,C,5185,100,5185,1,0
A,D,D,4935,100,4935,1,0
B,D,D,6971,100,6971,1,0
C,D,D,4949,100,4949,1,0
D,E,D,5139,100,5139,1,0
D,F,D,7195,100,7195,1,0
D,G,D,5129,100,5129,1,0
D,H,D,1419,100,1419,1,0
A,E,E,1422,100,1422,1,0
B,E,E,5149,100,5149,1,0
C,E,E,7182,100,7182,1,0
D,E,E,5196,100,5196,1,0
E,F,E,4970,100,4970,1,0
E,G,E,7021,100,7021,1,0
E,H,E,4956,100,4956,1,0
A,F,F,5148,100,5148,1,0
B,F,F,1425,100,1425,1,0
C,F,F,5155,100,5155,1,0
D,F,F,7129,100,7129,1,0
E,F,F,4972,100,4972,1,0
F,G,F,4999,100,4999,1,0
F,H,F,6978,100,6978,1,0
A,G,G,7212,100,7212,1,0
B,G,G,5188,100,5188,1,0
C,G,G,1418,100,1418,1,0
D,G,G,5133,100,5133,1,0
E,G,G,7068,100,7068,1,0
F,G,G,4969,100,4969,1,0
G,H,G,4904,100,4904,1,0
A,H,H,5115,100,5115,1,0
B,H,H,7125,100,7125,1,0
C,H,H,5105,100,5105,1,0
D,H,H,1390,100,1390,1,0
E,H,H,4968,100,4968,1,0
F,H,H,7030,100,7030,1,0
G,H,H,4934,100,4934,1,0
A,B,A,4995,100,4995,1,0
A,C,A,6990,100,6990,1,0
A,D,A,4950,100,4950,1,0
A,E,A,1382,100,1382,1,0
A,F,A,5167,100,5167,1,0
A,G,A,7198,100,7198,1,0
A,H,A,5108,100,5108,1,0
A,B,B,4970,100,4970,1,0
B,C,B,4962,100,4962,1,0
B,D,B,7004,100,7004,1,0
B,E,B,5151,100,5151,1,0
B,F,B,1413,100,1413,1,0
B,G,B,5189,100,5189,1,0
B,H,B,7212,100,7212,1,0
A,C,C,6989,100,6989,1,0
B,C,C,4955,100,4955,1,0
C,D,C,4969,100,4969,1,0
C,E,C,7223,100,7223,1,0
C,F,C,5152,100,5152,1,0
C,G,C,1423,100,1423,1,0
C,H,C,5140,100,5140,1,0
A,D,D,4946,100,4946,1,0
B,D,D,7018,100,7018,1,0
C,D,D,4964,100,4964,1,0
D,E,D,5134,100,5134,1,0
D,F,D,7111,100,7111,1,0
D,G,D,5153,100,5153,1,0
D,H,D,1336,100,1336,1,0
A,E,E,1441,100,1441,1,0
B,E,E,5124,100,5124,1,0
C,E,E,7172,100,7172,1,0
D,E,E,5150,100,5150,1,0
E,F,E,4998,100,4998,1,0
E,G,E,7060,100,7060,1,0
E,H,E,5004,100,5004,1,0
A,F,F,5141,100,5141,1,0
B,F,F,1407,100,1407,1,0
C,F,F,5149,100,5149,1,0
D,F,F,7134,100,7134,1,0
E,F,F,5000,100,5000,1,0
F,G,F,4974,100,4974,1,0
F,H,F,7024,100,7024,1,0
A,G,G,7190,100,7190,1,0
B,G,G,5245,100,5245,1,0
C,G,G,1409,100,1409,1,0
D,G,G,5151,100,5151,1,0
E,G,G,7035,100,7035,1,0
F,G,G,4968,100,4968,1,0
G,H,G,4984,100,4984,1,0
A,H,H,5118,100,5118,1,0
B,H,H,7154,100,7154,1,0
C,H,H,5163,100,5163,1,0
D,H,H,1401,100,1401,1,0
E,H,H,4978,100,4978,1,0
F,H,H,7001,100,7001,1,0
G,H,H,4955,100,4955,1,0
A,B,A,4971,100,4971,1,0
A,C,A,7064,100,7064,1,0
A,D,A,4955,100,4955,1,0
A,E,A,1460,100,1460,1,0
A,F,A,5192,100,5192,1,0
A,G,A,7123,100,7123,1,0
A,H,A,5160,100,5160,1,0
A,B,B,4928,100,4928,1,0
B,C,B,4966,100,4966,1,0
B,D,B,6994,100,6994,1,0
B,E,B,5137,100,5137,1,0
B,F,B,1396,100,1396,1,0
B,G,B,5170,100,5170,1,0
B,H,B,7125,100,7125,1,0
A,C,C,7041,100,7041,1,0
B,C,C,5009,100,5009,1,0
C,D,C,4926,100,4926,1,0
C,E,C,7164,100,7164,1,0
C,F,C,5171,100,5171,1,0
C,G,C,1412,100,1412,1,0
C,H,C,5178,100,5178,1,0
A,D,D,4946,100,4946,1,0
B,D,D,7039,100,7039,1,0
C,D,D,4970,100,4970,1,0
D,E,D,5201,100,5201,1,0
D,F,D,7140,100,7140,1,0
D,G,D,5126,100,5126,1,0
D,H,D,1408,100,1408,1,0
A,E,E,1434,100,1434,1,0
B,E,E,5148,100,5148,1,0
C,E,E,7116,100,7116,1,0
D,E,E,5185,100,5185,1,0
E,F,E,4998,100,4998,1,0
E,G,E,7049,100,7049,1,0
E,H,E,4980,100,4980,1,0
A,F,F,5172,100,5172,1,0
B,F,F,1396,100,1396,1,0
C,F,F,5170,100,5170,1,0
D,F,F,7162,100,7162,1,0
E,F,F,4963,100,4963,1,0
F,G,F,4979,100,4979,1,0
F,H,F,7063,100,7063,1,0
A,G,G,7179,100,7179,1,0
B,G,G,5184,100,5184,1,0
C,G,G,1353,100,1353,1,0
D,G,G,5156,100,5156,1,0
E,G,G,7067,100,7067,1,0
F,G,G,5002,100,5002,1,0
G,H,G,4903,100,4903,1,0
A,H,H,5120,100,5120,1,0
B,H,H,7119,100,7119,1,0
C,H,H,5115,100,5115,1,0
D,H,H,1416,100,1416,1,0
E,H,H,4970,100,4970,1,0
F,H,H,7011,100,7011,1,0
G,H,H,4961,100,4961,1,0
A,B,A,4945,100,4945,1,0
A,C,A,7038,100,7038,1,0
A,D,A,4936,100,4936,1,0
A,E,A,1415,100,1415,1,0
A,F,A,5141,100,5141,1,0
A,G,A,7187,100,7187,1,0
A,H,A,5131,100,5131,1,0
A,B,B,4973,100,4973,1,0
B,C,B,4976,100,4976,1,0
B,D,B,7030,100,7030,1,0
B,E,B,5113,100,5113,1,0
B,F,B,1398,100,1398,1,0
B,G,B,5193,100,5193,1,0
B,H,B,7198,100,7198,1,0
A,C,C,7045,100,7045,1,0
B,C,C,4999,100,4999,1,0
C,D,C,4934,100,4934,1,0
C,E,C,7156,100,7156,1,0
C,F,C,5187,100,5187,1,0
C,G,C,1391,100,1391,1,0
C,H,C,5173,100,5173,1,0
A,D,D,4963,100,4963,1,0
B,D,D,7019,100,7019,1,0
C,D,D,4997,100,4997,1,0
D,E,D,5120,100,5120,1,0
D,F,D,7118,100,7118,1,0
D,G,D,5166,100,5166,1,0
D,H,D,1387,100,1387,1,0
A,E,E,1428,100,1428,1,0
B,E,E,5105,100,5105,1,0
C,E,E,7180,100,7180,1,0
D,E,E,5127,100,5127,1,0
E,F,E,5009,100,5009,1,0
E,G,E,7020,100,7020,1,0
E,H,E,4981,100,4981,1,0
A,F,F,5162,100,5162,1,0
B,F,F,1433,100,1433,1,0
C,F,F,5165,100,5165,1,0
D,F,F,7133,100,7133,1,0
E,F,F,4957,100,4957,1,0
F,G,F,4963,100,4963,1,0
F,H,F,6988,100,6988,1,0
A,G,G,7187,100,7187,1,0
B,G,G,5176,100,5176,1,0
C,G,G,1411,100,1411,1,0
D,G,G,5131,100,5131,1,0
E,G,G,7087,100,7087,1,0
F,G,G,4976,100,4976,1,0
G,H,G,4955,100,4955,1,0
A,H,H,5144,100,5144,1,0
B,H,H,7088,100,7088,1,0
C,H,H,5182,100,5182,1,0
D,H,H,1467,100,1467,1,0
E,H,H,4980,100,4980,1,0
F,H,H,7072,100,7072,1,0
G,H,H,4914,100,4914,1,0
A,B,A,4994,100,4994,1,0
A,C,A,7049,100,7049,1,0
A,D,A,4934,100,4934,1,0
A,E,A,1453,100,1453,1,0
A,F,A,5185,100,5185,1,0
A,G,A,7140,100,7140,1,0
A,H,A,5104,100,5104,1,0
A,B,B,4996,100,4996,1,0
B,C,B,4994,100,4994,1,0
B,D,B,6983,100,6983,1,0
B,E,B,5130,100,5130,1,0
B,F,B,1366,100,1366,1,0
B,G,B,5166,100,5166,1,0
B,H,B,7179,100,7179,1,0
A,C,C,7019,100,7019,1,0
B,C,C,4993,100,4993,1,0
C,D,C,4972,100,4972,1,0
C,E,C,7185,100,7185,1,0
C,F,C,5136,100,5136,1,0
C,G,C,1407,100,1407,1,0
C,H,C,5139,100,5139,1,0
A,D,D,4950,100,4950,1,0
B,D,D,6997,100,6997,1,0
C,D,D,4973,100,4973,1,0
D,E,D,5186,100,5186,1,0
D,F,D,7132,100,7132,1,0
D,G,D,5106,100,5106,1,0
D,H,D,1411,100,1411,1,0
A,E,E,1416,100,1416,1,0
B,E,E,5147,100,5147,1,0
C,E,E,7193,100,7193,1,0
D,E,E,5191,100,5191,1,0
E,F,E,4972,100,4972,1,0
E,G,E,7079,100,7079,1,0
E,H,E,4910,100,4910,1,0
A,F,F,5175,100,5175,1,0
B,F,F,1391,100,1391,1,0
C,F,F,5151,100,5151,1,0
D,F,F,7129,100,7129,1,0
E,F,F,4958,100,4958,1,0
F,G,F,4992,100,4992,1,0
F,H,F,7012,100,7012,1,0
A,G,G,7179,100,7179,1,0
B,G,G,5185,100,5185,1,0
C,G,G,1364,100,1364,1,0
D,G,G,5123,100,5123,1,0
E,G,G,7051,100,7051,1,0
F,G,G,4966,100,4966,1,0
G,H,G,4892,100,4892,1,0
A,H,H,5115,100,5115,1,0
B,H,H,7163,100,7163,1,0
C,H,H,5138,100,5138,1,0
D,H,H,1376,100,1376,1,0
E,H,H,4947,100,4947,1,0
F,H,H,7023,100,7023,1,0
G,H,H,4959,100,4959,1,0
A,B,A,4968,100,4968,1,0
A,C,A,7003,100,7003,1,0
A,D,A,4962,100,4962,1,0
A,E,A,1401,100,1401,1,0
A,F,A,5196,100,5196,1,0
A,G,A,7198,100,7198,1,0
A,H,A,5155,100,5155,1,0
A,B,B,4937,100,4937,1,0
B,C,B,4946,100,4946,1,0
B,D,B,7024,100,7024,1,0
B,E,B,5139,100,5139,1,0
B,F,B,1387,100,1387,1,0
B,G,B,5176,100,5176,1,0
B,H,B,7180,100,7180,1,0
A,C,C,7002,100,7002,1,0
B,C,C,4989,100,4989,1,0
C,D,C,4947,100,4947,1,0
C,E,C,7208,100,7208,1,0
C,F,C,5171,100,5171,1,0
C,G,C,1423,100,1423,1,0
C,H,C,5136,100,5136,1,0
A,D,D,4968,100,4968,1,0
B,D,D,6975,100,6975,1,0
C,D,D,4912,100,4912,1,0
D,E,D,5172,100,5172,1,0
D,F,D,7180,100,7180,1,0
D,G,D,5125,100,5125,1,0
D,H,D,1415,100,1415,1,0
A,E,E,1387,100,1387,1,0
B,E,E,5148,100,5148,1,0
C,E,E,7201,100,7201,1,0
D,E,E,5177,100,5177,1,0
E,F,E,4989,100,4989,1,0
E,G,E,7033,100,7033,1,0
E,H,E,4971,100,4971,1,0
A,F,F,5234,100,5234,1,0
B,F,F,1390,100,1390,1,0
C,F,F,5167,100,5167,1,0
D,F,F,7144,100,7144,1,0
E,F,F,4975,100,4975,1,0
F,G,F,4988,100,4988,1,0
F,H,F,6998,100,6998,1,0
A,G,G,7137,100,7137,1,0
B,G,G,5187,100,5187,1,0
C,G,G,1398,100,1398,1,0
D,G,G,5142,100,5142,1,0
E,G,G,7031,100,7031,1,0
F,G,G,5002,100,5002,1,0
G,H,G,4943,100,4943,1,0
A,H,H,5207,100,5207,1,0
B,H,H,7169,100,7169,1,0
C,H,H,5155,100,5155,1,0
D,H,H,1401,100,1401,1,0
E,H,H,5009,100,5009,1,0
F,H,H,7039,100,7039,1,0
G,H,H,4968,100,4968,1,0
A,B,A,4948,100,4948,1,0
A,C,A,7059,100,7059,1,0
A,D,A,4954,100,4954,1,0
A,E,A,1421,100,1421,1,0
A,F,A,5148,100,5148,1,0
A,G,A,7181,100,7181,1,0
A,H,A,5141,100,5141,1,0
A,B,B,4951,100,4951,1,0
B,C,B,5015,100,5015,1,0
B,D,B,7036,100,7036,1,0
B,E,B,5151,100,5151,1,0
B,F,B,1389,100,1389,1,0
B,G,B,5190,100,5190,1,0
B,H,B,7154,100,7154,1,0
A,C,C,6985,100,6985,1,0
B,C,C,4975,100,4975,1,0
C,D,C,4950,100,4950,1,0
C,E,C,7193,100,7193,1,0
C,F,C,5156,100,5156,1,0
C,G,C,1383,100,1383,1,0
C,H,C,5160,100,5160,1,0
A,D,D,4940,100,4940,1,0
B,D,D,6983,100,6983,1,0
C,D,D,4961,100,4961,1,0
D,E,D,5132,100,5132,1,0
D,F,D,7153,100,7153,1,0
D,G,D,5127,100,5127,1,0
D,H,D,1401,100,1401,1,0
A,E,E,1361,100,1361,1,0
B,E,E,5159,100,5159,1,0
C,E,E,7129,100,7129,1,0
D,E,E,5189,100,5189,1,0
E,F,E,4948,100,4948,1,0
E,G,E,7043,100,7043,1,0
E,H,E,5007,100,5007,1,0
A,F,F,5169,100,5169,1,0
B,F,F,1397,100,1397,1,0
C,F,F,5157,100,5157,1,0
D,F,F,7113,100,7113,1,0
E,F,F,4962,100,4962,1,0
F,G,F,4966,100,4966,1,0
F,H,F,6996,100,6996,1,0
A,G,G,7177,100,7177,1,0
B,G,G,5214,100,5214,1,0
C,G,G,1389,100,1389,1,0
D,G,G,5148,100,5148,1,0
E,G,G,7041,100,7041,1,0
F,G,G,4954,100,4954,1,0
G,H,G,4940,100,4940,1,0
A,H,H,5153,100,5153,1,0
B,H,H,7164,100,7164,1,0
C,H,H,5132,100,5132,1,0
D,H,H,1403,100,1403,1,0
E,H,H,4963,100,4963,1,0
F,H,H,6998,100,6998,1,0
G,H,H,4929,100,4929,1,0
A,B,A,4982,100,4982,1,0
A,C,A,6978,100,6978,1,0
A,D,A,4950,100,4950,1,0
A,E,A,1433,100,1433,1,0
A,F,A,5122,100,5122,1,0
A,G,A,7175,100,7175,1,0
A,H,A,5159,100,5159,1,0
A,B,B,4960,100,4960,1,0
B,C,B,4972,100,4972,1,0
B,D,B,7004,100,7004,1,0
B,E,B,5122,100,5122,1,0
B,F,B,1380,100,1380,1,0
B,G,B,5180,100,5180,1,0
B,H,B,7110,100,7110,1,0
A,C,C,6993,100,6993,1,0
B,C,C,4968,100,4968,1,0
C,D,C,4960,100,4960,1,0
C,E,C,7189,100,7189,1,0
C,F,C,5139,100,5139,1,0
C,G,C,1415,100,1415,1,0
C,H,C,5136,100,5136,1,0
A,D,D,4945,100,4945,1,0
B,D,D,7040,100,7040,1,0
C,D,D,4959,100,4959,1,0
D,E,D,5106,100,5106,1,0
D,F,D,7160,100,7160,1,0
D,G,D,5148,100,5148,1,0
D,H,D,1408,100,1408,1,0
A,E,E,1387,100,1387,1,0
B,E,E,5119,100,5119,1,0
C,E,E,7180,100,7180,1,0
D,E,E,5115,100,5115,1,0
E,F,E,4983,100,4983,1,0
E,G,E,7044,100,7044,1,0
E,H,E,4987,100,4987,1,0
A,F,F,5197,100,5197,1,0
B,F,F,1378,100,1378,1,0
C,F,F,5161,100,5161,1,0
D,F,F,7170,100,7170,1,0
E,F,F,4978,100,4978,1,0
F,G,F,4996,100,4996,1,0
F,H,F,6997,100,6997,1,0
A,G,G,7161,100,7161,1,0
B,G,G,5178,100,5178,1,0
C,G,G,1426,100,1426,1,0
D,G,G,5153,100,5153,1,0
E,G,G,7062,100,7062,1,0
F,G,G,4964,100,4964,1,0
G,H,G,4994,100,4994,1,0
A,H,H,5129,100,5129,1,0
B,H,H,7136,100,7136,1,0
C,H,H,5158,100,5158,1,0
D,H,H,1386,100,1386,1,0
E,H,H,4982,100,4982,1,0
F,H,H,7005,100,7005,1,0
G,H,H,4936,100,4936,1,0
A,B,A,4949,100,4949,1,0
A,C,A,7059,100,7059,1,0
A,D,A,4941,100,4941,1,0
A,E,A,1372,100,1372,1,0
A,F,A,5201,100,5201,1,0
A,G,A,7170,100,7170,1,0
A,H,A,5126,100,5126,1,0
A,B,B,4943,100,4943,1,0
B,C,B,4969,100,4969,1,0
B,D,B,7064,100,7064,1,0
B,E,B,5149,100,5149,1,0
B,F,B,1389,100,1389,1,0
B,G,B,5181,100,5181,1,0
B,H,B,7123,100,7123,1,0
A,C,C,7013,100,7013,1,0
B,C,C,4989,100,4989,1,0
C,D,C,4906,100,4906,1,0
C,E,C,7196,100,7196,1,0
C,F,C,5135,100,5135,1,0
C,G,C,1425,100,1425,1,0
C,H,C,5126,100,5126,1,0
A,D,D,4959,100,4959,1,0
B,D,D,7032,100,7032,1,0
C,D,D,4948,100,4948,1,0
D,E,D,5228,100,5228,1,0
D,F,D,7133,100,7133,1,0
D,G,D,5131,100,5131,1,0
D,H,D,1370,100,1370,1,0
A,E,E,1369,100,1369,1,0
B,E,E,5166,100,5166,1,0
C,E,E,7126,100,7126,1,0
D,E,E,5126,100,5126,1,0
E,F,E,4955,100,4955,1,0
E,G,E,7061,100,7061,1,0
E,H,E,4989,100,4989,1,0
A,F,F,5183,100,5183,1,0
B,F,F,1375,100,1375,1,0
C,F,F,5165,100,5165,1,0
D,F,F,7154,100,7154,1,0
E,F,F,4975,100,4975,1,0
F,G,F,4981,100,4981,1,0
F,H,F,6996,100,6996,1,0
A,G,G,7194,100,7194,1,0
B,G,G,5185,100,5185,1,0
C,G,G,1363,100,1363,1,0
D,G,G,5143,100,5143,1,0
E,G,G,7083,100,7083,1,0
F,G,G,4970,100,4970,1,0
G,H,G,4987,100,4987,1,0
A,H,H,5194,100,5194,1,0
B,H,H,7157,100,7157,1,0
C,H,H,5135,100,5135,1,0
D,H,H,1462,100,1462,1,0
E,H,H,4977,100,4977,1,0
F,H,H,7034,100,7034,1,0
G,H,H,4959,100,4959,1,0
A,B,A,4942,100,4942,1,0
A,C,A,7005,100,7005,1,0
A,D,A,4951,100,4951,1,0
A,E,A,1431,100,1431,1,0
A,F,A,5192,100,5192,1,0
A,G,A,7133,100,7133,1,0
A,H,A,5112,100,5112,1,0
A,B,B,4975,100,4975,1,0
B,C,B,5020,100,5020,1,0
B,D,B,7021,100,7021,1,0
B,E,B,5160,100,5160,1,0
B,F,B,1405,100,1405,1,0
B,G,B,5193,100,5193,1,0
B,H,B,7115,100,7115,1,0
A,C,C,6994,100,6994,1,0
B,C,C,4962,100,4962,1,0
C,D,C,4930,100,4930,1,0
C,E,C,7201,100,7201,1,0
C,F,C,5131,100,5131,1,0
C,G,C,1433,100,1433,1,0
C,H,C,5156,100,5156,1,0
A,D,D,4962,100,4962,1,0
B,D,D,7018,100,7018,1,0
C,D,D,4943,100,4943,1,0
D,E,D,5158,100,5158,1,0
D,F,D,7140,100,7140,1,0
D,G,D,5096,100,5096,1,0
D,H,D,1419,100,1419,1,0
A,E,E,1389,100,1389,1,0
B,E,E,5121,100,5121,1,0
C,E,E,7184,100,7184,1,0
D,E,E,5235,100,5235,1,0
E,F,E,4996,100,4996,1,0
E,G,E,7058,100,7058,1,0
E,H,E,4978,100,4978,1,0
A,F,F,5171,100,5171,1,0
B,F,F,1428,100,1428,1,0
C,F,F,5144,100,5144,1,0
D,F,F,7127,100,7127,1,0
E,F,F,4957,100,4957,1,0
F,G,F,4981,100,4981,1,0
F,H,F,7038,100,7038,1,0
A,G,G,7178,100,7178,1,0
B,G,G,5208,100,5208,1,0
C,G,G,1395,100,1395,1,0
D,G,G,5125,100,5125,1,0
E,G,G,7078,100,7078,1,0
F,G,G,4955,100,4955,1,0
G,H,G,4947,100,4947,1,0
A,H,H,5130,100,5130,1,0
B,H,H,7089,100,7089,1,0
C,H,H,5105,100,5105,1,0
D,H,H,1443,100,1443,1,0
E,H,H,4939,100,4939,1,0
F,H,H,6967,100,6967,1,0
G,H,H,4954,100,4954,1,0
A,B,A,4987,100,4987,1,0
A,C,A,7047,100,7047,1,0
A,D,A,4921,100,4921,1,0
A,E,A,1423,100,1423,1,0
A,F,A,5178,100,5178,1,0
A,G,A,7190,100,7190,1,0
A,H,A,5082,100,5082,1,0
A,B,B,4951,100,4951,1,0
B,C,B,4983,100,4983,1,0
B,D,B,7046,100,7046,1,0
B,E,B,5125,100,5125,1,0
B,F,B,1403,100,1403,1,0
B,G,B,5183,100,5183,1,0
B,H,B,7108,100,7108,1,0
A,C,C,6980,100,6980,1,0
B,C,C,4978,100,4978,1,0
C,D,C,4926,100,4926,1,0
C,E,C,7156,100,7156,1,0
C,F,C,5127,100,5127,1,0
C,G,C,1406,100,1406,1,0
C,H,C,5137,100,5137,1,0
A,D,D,4922,100,4922,1,0
B,D,D,6988,100,6988,1,0
C,D,D,4939,100,4939,1,0
D,E,D,5215,100,5215,1,0
D,F,D,7171,100,7171,1,0
D,G,D,5168,100,5168,1,0
D,H,D,1444,100,1444,1,0
A,E,E,1418,100,1418,1,0
B,E,E,5152,100,5152,1,0
C,E,E,7184,100,7184,1,0
D,E,E,5190,100,5190,1,0
E,F,E,5002,100,5002,1,0
E,G,E,7044,100,7044,1,0
E,H,E,4997,100,4997,1,0
A,F,F,5171,100,5171,1,0
B,F,F,1399,100,1399,1,0
C,F,F,5136,100,5136,1,0
D,F,F,7110,100,7110,1,0
E,F,F,4941,100,4941,1,0
F,G,F,4984,100,4984,1,0
F,H,F,6982,100,6982,1,0
A,G,G,7200,100,7200,1,0
B,G,G,5230,100,5230,1,0
C,G,G,1433,100,1433,1,0
D,G,G,5110,100,5110,1,0
E,G,G,7030,100,7030,1,0
F,G,G,4977,100,4977,1,0
G,H,G,4940,100,4940,1,0
A,H,H,5148,100,5148,1,0
B,H,H,7171,100,7171,1,0
C,H,H,5149,100,5149,1,0
D,H,H,1361,100,1361,1,0
E,H,H,4964,100,4964,1,0
F,H,H,6986,100,6986,1,0
G,H,H,4977,100,4977,1,0
A,B,A,4954,100,4954,1,0
A,C,A,7015,100,7015,1,0
A,D,A,4941,100,4941,1,0
A,E,A,1362,100,1362,1,0
A,F,A,5216,100,5216,1,0
A,G,A,7216,100,7216,1,0
A,H,A,5206,100,5206,1,0
A,B,B,4943,100,4943,1,0
B,C,B,4976,100,4976,1,0
B,D,B,6978,100,6978,1,0
B,E,B,5155,100,5155,1,0
B,F,B,1377,100,1377,1,0
B,G,B,5184,100,5184,1,0
B,H,B,7144,100,7144,1,0
A,C,C,7018,100,7018,1,0
B,C,C,4959,100,4959,1,0
C,D,C,4959,100,4959,1,0
C,E,C,7151,100,7151,1,0
C,F,C,5137,100,5137,1,0
C,G,C,1394,100,1394,1,0
C,H,C,5142,100,5142,1,0
A,D,D,4959,100,4959,1,0
B,D,D,6970,100,6970,1,0
C,D,D,4904,100,4904,1,0
D,E,D,5186,100,5186,1,0
D,F,D,7123,100,7123,1,0
D,G,D,5131,100,5131,1,0
D,H,D,1408,100,1408,1,0
A,E,E,1429,100,1429,1,0
B,E,E,5144,100,5144,1,0
C,E,E,7156,100,7156,1,0
D,E,E,5156,100,5156,1,0
E,F,E,4930,100,4930,1,0
E,G,E,7037,100,7037,1,0
E,H,E,4966,100,4966,1,0
A,F,F,5185,100,5185,1,0
B,F,F,1399,100,1399,1,0
C,F,F,5156,100,5156,1,0
D,F,F,7143,100,7143,1,0
E,F,F,4952,100,4952,1,0
F,G,F,4973,100,4973,1,0
F,H,F,7003,100,7003,1,0
A,G,G,7141,100,7141,1,0
B,G,G,5204,100,5204,1,0
C,G,G,1432,100,1432,1,0
D,G,G,5128,100,5128,1,0
E,G,G,7036,100,7036,1,0
F,G,G,4978,100,4978,1,0
G,H,G,4956,100,4956,1,0
A,H,H,5119,100,5119,1,0
B,H,H,7142,100,7142,1,0
C,H,H,5141,100,5141,1,0
D,H,H,1421,100,1421,1,0
E,H,H,4986,100,4986,1,0
F,H,H,7013,100,7013,1,0
G,H,H,4947,100,4947,1,0
A,B,A,4965,100,4965,1,0
A,C,A,7049,100,7049,1,0
A,D,A,4945,100,4945,1,0
A,E,A,1401,100,1401,1,0
A,F,A,5172,100,5172,1,0
A,G,A,7178,100,7178,1,0
A,H,A,5157,100,5157,1,0
A,B,B,4980,100,4980,1,0
B,C,B,5013,100,5013,1,0
B,D,B,7023,100,7023,1,0
B,E,B,5115,100,5115,1,0
B,F,B,1408,100,1408,1,0
B,G,B,5176,100,5176,1,0
B,H,B,7162,100,7162,1,0
A,C,C,7020,100,7020,1,0
B,C,C,4973,100,4973,1,0
C,D,C,4920,100,4920,1,0
C,E,C,7202,100,7202,1,0
C,F,C,5123,100,5123,1,0
C,G,C,1430,100,1430,1,0
C,H,C,5133,100,5133,1,0
A,D,D,4922,100,4922,1,0
B,D,D,6950,100,6950,1,0
C,D,D,4904,100,4904,1,0
D,E,D,5132,100,5132,1,0
D,F,D,7126,100,7126,1,0
D,G,D,5151,100,5151,1,0
D,H,D,1484,100,1484,1,0
A,E,E,1357,100,1357,1,0
B,E,E,5141,100,5141,1,0
C,E,E,7178,100,7178,1,0
D,E,E,5226,100,5226,1,0
E,F,E,4997,100,4997,1,0
E,G,E,7021,100,7021,1,0
E,H,E,4996,100,4996,1,0
A,F,F,5175,100,5175,1,0
B,F,F,1409,100,1409,1,0
C,F,F,5176,100,5176,1,0
D,F,F,7145,100,7145,1,0
E,F,F,4969,100,4969,1,0
F,G,F,4963,100,4963,1,0
F,H,F,7020,100,7020,1,0
A,G,G,7167,100,7167,1,0
B,G,G,5171,100,5171,1,0
C,G,G,1401,100,1401,1,0
D,G,G,5118,100,5118,1,0
E,G,G,7052,100,7052,1,0
F,G,G,4971,100,4971,1,0
G,H,G,4941,100,4941,1,0
A,H,H,5161,100,5161,1,0
B,H,H,7128,100,7128,1,0
C,H,H,5102,100,5102,1,0
D,H,H,1398,100,1398,1,0
E,H,H,4993,100,4993,1,0
F,H,H,7005,100,7005,1,0
G,H,H,4959,100,4959,1,0
A,B,A,4950,100,4950,1,0
A,C,A,6945,100,6945,1,0
A,D,A,4942,100,4942,1,0
A,E,A,1393,100,1393,1,0
A,F,A,5162,100,5162,1,0
A,G,A,7086,100,7086,1,0
A,H,A,5134,100,5134,1,0
A,B,B,4992,100,4992,1,0
B,C,B,5008,100,5008,1,0
B,D,B,7039,100,7039,1,0
B,E,B,5119,100,5119,1,0
B,F,B,1416,100,1416,1,0
B,G,B,5203,100,5203,1,0
B,H,B,7172,100,7172,1,0
A,C,C,7032,100,7032,1,0
B,C,C,5007,100,5007,1,0
C,D,C,4938,100,4938,1,0
C,E,C,7181,100,7181,1,0
C,F,C,5172,100,5172,1,0
C,G,C,1399,100,1399,1,0
C,H,C,5126,100,5126,1,0
A,D,D,4964,100,4964,1,0
B,D,D,7024,100,7024,1,0
C,D,D,4954,100,4954,1,0
D,E,D,5206,100,5206,1,0
D,F,D,7153,100,7153,1,0
D,G,D,5138,100,5138,1,0
D,H,D,1422,100,1422,1,0
A,E,E,1370,100,1370,1,0
B,E,E,5155,100,5155,1,0
C,E,E,7199,100,7199,1,0
D,E,E,5179,100,5179,1,0
E,F,E,4975,100,4975,1,0
E,G,E,7041,100,7041,1,0
E,H,E,4967,100,4967,1,0
A,F,F,5161,100,5161,1,0
B,F,F,1365,100,1365,1,0
C,F,F,5164,100,5164,1,0
D,F,F,7173,100,7173,1,0
E,F,F,4994,100,4994,1,0
F,G,F,4981,100,4981,1,0
F,H,F,7055,100,7055,1,0
A,G,G,7154,100,7154,1,0
B,G,G,5189,100,5189,1,0
C,G,G,1390,100,1390,1,0
D,G,G,5169,100,5169,1,0
E,G,G,7014,100,7014,1,0
F,G,G,4961,100,4961,1,0
G,H,G,4970,100,4970,1,0
A,H,H,5114,100,5114,1,0
B,H,H,7161,100,7161,1,0
C,H,H,5169,100,5169,1,0
D,H,H,1366,100,1366,1,0
E,H,H,4983,100,4983,1,0
F,H,H,6973,100,6973,1,0
G,H,H,4979,100,4979,1,0
A,B,A,4945,100,4945,1,0
A,C,A,7019,100,7019,1,0
A,D,A,4974,100,4974,1,0
A,E,A,1449,100,1449,1,0
A,F,A,5204,100,5204,1,0
A,G,A,7149,100,7149,1,0
A,H,A,5134,100,5134,1,0
A,B,B,4923,100,4923,1,0
B,C,B,5028,100,5028,1,0
B,D,B,6967,100,6967,1,0
B,E,B,5128,100,5128,1,0
B,F,B,1370,100,1370,1,0
B,G,B,5193,100,5193,1,0
B,H,B,7124,100,7124,1,0
A,C,C,7013,100,7013,1,0
B,C,C,4988,100,4988,1,0
C,D,C,4937,100,4937,1,0
C,E,C,7169,100,7169,1,0
C,F,C,5167,100,5167,1,0
C,G,C,1413,100,1413,1,0
C,H,C,5112,100,5112,1,0
A,D,D,4944,100,4944,1,0
B,D,D,6987,100,6987,1,0
C,D,D,4963,100,4963,1,0
D,E,D,5118,100,5118,1,0
D,F,D,7152,100,7152,1,0
D,G,D,5143,100,5143,1,0
D,H,D,1406,100,1406,1,0
A,E,E,1418,100,1418,1,0
B,E,E,5138,100,5138,1,0
C,E,E,7193,100,7193,1,0
D,E,E,5101,100,5101,1,0
E,F,E,4931,100,4931,1,0
E,G,E,7054,100,7054,1,0
E,H,E,4959,100,4959,1,0
A,F,F,5159,100,5159,1,0
B,F,F,1380,100,1380,1,0
C,F,F,5161,100,5161,1,0
D,F,F,7123,100,7123,1,0
E,F,F,4973,100,4973,1,0
F,G,F,4955,100,4955,1,0
F,H,F,7004,100,7004,1,0
A,G,G,7144,100,7144,1,0
B,G,G,5174,100,5174,1,0
C,G,G,1419,100,1419,1,0
D,G,G,5125,100,5125,1,0
E,G,G,7051,100,7051,1,0
F,G,G,4980,100,4980,1,0
G,H,G,4934,100,4934,1,0
A,H,H,5155,100,5155,1,0
B,H,H,7175,100,7175,1,0
C,H,H,5164,100,5164,1,0
D,H,H,1408,100,1408,1,0
E,H,H,4967,100,4967,1,0
F,H,H,7004,100,7004,1,0
G,H,H,4982,100,4982,1,0
A,B,A,4946,100,4946,1,0
A,C,A,7066,100,7066,1,0
A,D,A,4954,100,4954,1,0
A,E,A,1397,100,1397,1,0
A,F,A,5154,100,5154,1,0
A,G,A,7214,100,7214,1,0
A,H,A,5163,100,5163,1,0
A,B,B,4953,100,4953,1,0
B,C,B,4942,100,4942,1,0
B,D,B,7004,100,7004,1,0
B,E,B,5179,100,5179,1,0
B,F,B,1378,100,1378,1,0
B,G,B,5183,100,5183,1,0
B,H,B,7250,100,7250,1,0
A,C,C,7067,100,7067,1,0
B,C,C,5012,100,5012,1,0
C,D,C,4941,100,4941,1,0
C,E,C,7182,100,7182,1,0
C,F,C,5143,100,5143,1,0
C,G,C,1381,100,1381,1,0
C,H,C,5183,100,5183,1,0
A,D,D,4934,100,4934,1,0
B,D,D,6997,100,6997,1,0
C,D,D,4953,100,4953,1,0
D,E,D,5193,100,5193,1,0
D,F,D,7200,100,7200,1,0
D,G,D,5153,100,5153,1,0
D,H,D,1459,100,1459,1,0
A,E,E,1398,100,1398,1,0
B,E,E,5168,100,5168,1,0
C,E,E,7145,100,7145,1,0
D,E,E,5183,100,5183,1,0
E,F,E,4949,100,4949,1,0
E,G,E,7082,100,7082,1,0
E,H,E,5001,100,5001,1,0
A,F,F,5176,100,5176,1,0
B,F,F,1415,100,1415,1,0
C,F,F,5172,100,5172,1,0
D,F,F,7150,100,7150,1,0
E,F,F,4979,100,4979,1,0
F,G,F,4982,100,4982,1,0
F,H,F,6996,100,6996,1,0
A,G,G,7149,100,7149,1,0
B,G,G,5198,100,5198,1,0
C,G,G,1419,100,1419,1,0
D,G,G,5117,100,5117,1,0
E,G,G,7023,100,7023,1,0
F,G,G,4957,100,4957,1,0
G,H,G,4930,100,4930,1,0
A,H,H,5156,100,5156,1,0
B,H,H,7144,100,7144,1,0
C,H,H,5159,100,5159,1,0
D,H,H,1425,100,1425,1,0
E,H,H,4969,100,4969,1,0
F,H,H,7034,100,7034,1,0
G,H,H,4978,100,4978,1,0
A,B,A,4948,100,4948,1,0
A,C,A,7059,100,7059,1,0
A,D,A,4937,100,4937,1,0
A,E,A,1454,100,1454,1,0
A,F,A,5191,100,5191,1,0
A,G,A,7167,100,7167,1,0
A,H,A,5169,100,5169,1,0
A,B,B,4961,100,4961,1,0
B,C,B,4960,100,4960,1,0
B,D,B,7016,100,7016,1,0
B,E,B,5180,100,5180,1,0
B,F,B,1397,100,1397,1,0
B,G,B,5185,100,5185,1,0
B,H,B,7203,100,7203,1,0
A,C,C,7016,100,7016,1,0
B,C,C,4990,100,4990,1,0
C,D,C,4934,100,4934,1,0
C,E,C,7154,100,7154,1,0
C,F,C,5140,100,5140,1,0
C,G,C,1436,100,1436,1,0
C,H,C,5153,100,5153,1,0
A,D,D,4970,100,4970,1,0
B,D,D,6992,100,6992,1,0
C,D,D,4934,100,4934,1,0
D,E,D,5191,100,5191,1,0
D,F,D,7128,100,7128,1,0
D,G,D,5143,100,5143,1,0
D,H,D,1394,100,1394,1,0
A,E,E,1418,100,1418,1,0
B,E,E,5122,100,5122,1,0
C,E,E,7178,100,7178,1,0
D,E,E,5229,100,5229,1,0
E,F,E,4974,100,4974,1,0
E,G,E,7060,100,7060,1,0
E,H,E,4998,100,4998,1,0
A,F,F,5229,100,5229,1,0
B,F,F,1390,100,1390,1,0
C,F,F,5152,100,5152,1,0
D,F,F,7146,100,7146,1,0
E,F,F,4974,100,4974,1,0
F,G,F,4966,100,4966,1,0
F,H,F,6960,100,6960,1,0
A,G,G,7185,100,7185,1,0
B,G,G,5200,100,5200,1,0
C,G,G,1422,100,1422,1,0
D,G,G,5131,100,5131,1,0
E,G,G,7044,100,7044,1,0
F,G,G,4983,100,4983,1,0
G,H,G,4925,100,4925,1,0
A,H,H,5119,100,5119,1,0
B,H,H,7182,100,7182,1,0
C,H,H,5174,100,5174,1,0
D,H,H,1368,100,1368,1,0
E,H,H,4980,100,4980,1,0
F,H,H,7034,100,7034,1,0
G,H,H,4992,100,4992,1,0
A,B,A,4917,100,4917,1,0
A,C,A,7037,100,7037,1,0
A,D,A,4935,100,4935,1,0
A,E,A,1439,100,1439,1,0
A,F,A,5164,100,5164,1,0
A,G,A,7158,100,7158,1,0
A,H,A,5164,100,5164,1,0
A,B,B,4992,100,4992,1,0
B,C,B,4985,100,4985,1,0
B,D,B,7011,100,7011,1,0
B,E,B,5163,100,5163,1,0
B,F,B,1376,100,1376,1,0
B,G,B,5200,100,5200,1,0
B,H,B,7147,100,7147,1,0
A,C,C,7047,100,7047,1,0
B,C,C,4970,100,4970,1,0
C,D,C,4958,100,4958,1,0
C,E,C,7204,100,7204,1,0
C,F,C,5158,100,5158,1,0
C,G,C,1391,100,1391,1,0
C,H,C,5185,100,5185,1,0
A,D,D,4941,100,4941,1,0
B,D,D,7045,100,7045,1,0
C,D,D,4926,100,4926,1,0
D,E,D,5175,100,5175,1,0
D,F,D,7169,100,7169,1,0
D,G,D,5124,100,5124,1,0
D,H,D,1363,100,1363,1,0
A,E,E,1384,100,1384,1,0
B,E,E,5122,100,5122,1,0
C,E,E,7190,100,7190,1,0
D,E,E,5168,100,5168,1,0
E,F,E,4955,100,4955,1,0
E,G,E,7059,100,7059,1,0
E,H,E,4933,100,4933,1,0
A,F,F,5166,100,5166,1,0
B,F,F,1388,100,1388,1,0
C,F,F,5154,100,5154,1,0
D,F,F,7104,100,7104,1,0
E,F,F,4949,100,4949,1,0
F,G,F,4964,100,4964,1,0
F,H,F,7001,100,7001,1,0
A,G,G,7163,100,7163,1,0
B,G,G,5178,100,5178,1,0
C,G,G,1342,100,1342,1,0
D,G,G,5151,100,5151,1,0
E,G,G,7073,100,7073,1,0
F,G,G,4944,100,4944,1,0
G,H,G,4982,100,4982,1,0
A,H,H,5119,100,5119,1,0
B,H,H,7163,100,7163,1,0
C,H,H,5141,100,5141,1,0
D,H,H,1386,100,1386,1,0
E,H,H,4979,100,4979,1,0
F,H,H,7003,100,7003,1,0
G,H,H,4954,100,4954,1,0
A,B,A,4973,100,4973,1,0
A,C,A,6979,100,6979,1,0
A,D,A,4969,100,4969,1,0
A,E,A,1366,100,1366,1,0
A,F,A,5178,100,5178,1,0
A,G,A,7201,100,7201,1,0
A,H,A,5151,100,5151,1,0
A,B,B,4929,100,4929,1,0
B,C,B,4987,100,4987,1,0
B,D,B,7001,100,7001,1,0
B,E,B,5151,100,5151,1,0
B,F,B,1401,100,1401,1,0
B,G,B,5175,100,5175,1,0
B,H,B,7224,100,7224,1,0
A,C,C,7051,100,7051,1,0
B,C,C,4982,100,4982,1,0
C,D,C,4913,100,4913,1,0
C,E,C,7123,100,7123,1,0
C,F,C,5119,100,5119,1,0
C,G,C,1386,100,1386,1,0
C,H,C,5091,100,5091,1,0
A,D,D,4973,100,4973,1,0
B,D,D,7006,100,7006,1,0
C,D,D,4957,100,4957,1,0
D,E,D,5153,100,5153,1,0
D,F,D,7163,100,7163,1,0
D,G,D,5155,100,5155,1,0
D,H,D,1448,100,1448,1,0
A,E,E,1425,100,1425,1,0
B,E,E,5159,100,5159,1,0
C,E,E,7172,100,7172,1,0
D,E,E,5229,100,5229,1,0
E,F,E,5003,100,5003,1,0
E,G,E,7041,100,7041,1,0
E,H,E,4993,100,4993,1,0
A,F,F,5187,100,5187,1,0
B,F,F,1384,100,1384,1,0
C,F,F,5177,100,5177,1,0
D,F,F,7148,100,7148,1,0
E,F,F,4964,100,4964,1,0
F,G,F,4975,100,4975,1,0
F,H,F,7035,100,7035,1,0
A,G,G,7224,100,7224,1,0
B,G,G,5195,100,5195,1,0
C,G,G,1416,100,1416,1,0
D,G,G,5115,100,5115,1,0
E,G,G,7046,100,7046,1,0
F,G,G,5002,100,5002,1,0
G,H,G,4964,100,4964,1,0
A,H,H,5158,100,5158,1,0
B,H,H,7153,100,7153,1,0
C,H,H,5186,100,5186,1,0
D,H,H,1365,100,1365,1,0
E,H,H,4999,100,4999,1,0
F,H,H,6991,100,6991,1,0
G,H,H,4975,100,4975,1,0
A,B,A,4949,100,4949,1,0
A,C,A,7018,100,7018,1,0
A,D,A,4931,100,4931,1,0
A,E,A,1439,100,1439,1,0
A,F,A,5173,100,5173,1,0
A,G,A,7124,100,7124,1,0
A,H,A,5167,100,5167,1,0
A,B,B,4952,100,4952,1,0
B,C,B,4947,100,4947,1,0
B,D,B,6982,100,6982,1,0
B,E,B,5185,100,5185,1,0
B,F,B,1413,100,1413,1,0
B,G,B,5177,100,5177,1,0
B,H,B,7204,100,7204,1,0
A,C,C,7039,100,7039,1,0
B,C,C,4991,100,4991,1,0
C,D,C,4966,100,4966,1,0
C,E,C,7203,100,7203,1,0
C,F,C,5145,100,5145,1,0
C,G,C,1414,100,1414,1,0
C,H,C,5148,100,5148,1,0
A,D,D,4965,100,4965,1,0
B,D,D,6979,100,6979,1,0
C,D,D,4921,100,4921,1,0
D,E,D,5138,100,5138,1,0
D,F,D,7145,100,7145,1,0
D,G,D,5148,100,5148,1,0
D,H,D,1383,100,1383,1,0
A,E,E,1405,100,1405,1,0
B,E,E,5121,100,5121,1,0
C,E,E,7169,100,7169,1,0
D,E,E,5237,100,5237,1,0
E,F,E,4965,100,4965,1,0
E,G,E,7055,100,7055,1,0
E,H,E,4952,100,4952,1,0
A,F,F,5169,100,5169,1,0
B,F,F,1400,100,1400,1,0
C,F,F,5144,100,5144,1,0
D,F,F,7123,100,7123,1,0
E,F,F,5003,100,5003,1,0
F,G,F,4974,100,4974,1,0
F,H,F,6966,100,6966,1,0
A,G,G,7198,100,7198,1,0
B,G,G,5211,100,5211,1,0
C,G,G,1412,100,1412,1,0
D,G,G,5166,100,5166,1,0
E,G,G,7061,100,7061,1,0
F,G,G,4966,100,4966,1,0
G,H,G,4950,100,4950,1,0
A,H,H,5143,100,5143,1,0
B,H,H,7185,100,7185,1,0
C,H,H,5147,100,5147,1,0
D,H,H,1410,100,1410,1,0
E,H,H,4987,100,4987,1,0
F,H,H,7040,100,7040,1,0
G,H,H,4937,100,4937,1,0
A,B,A,4961,100,4961,1,0
A,C,A,7056,100,7056,1,0
A,D,A,4951,100,4951,1,0
A,E,A,1398,100,1398,1,0
A,F,A,5172,100,5172,1,0
A,G,A,7111,100,7111,1,0
A,H,A,5193,100,5193,1,0
A,B,B,4984,100,4984,1,0
B,C,B,4986,100,4986,1,0
B,D,B,6994,100,6994,1,0
B,E,B,5148,100,5148,1,0
B,F,B,1427,100,1427,1,0
B,G,B,5204,100,5204,1,0
B,H,B,7135,100,7135,1,0
A,C,C,6998,100,6998,1,0
B,C,C,4992,100,4992,1,0
C,D,C,4956,100,4956,1,0
C,E,C,7158,100,7158,1,0
C,F,C,5164,100,5164,1,0
C,G,C,1448,100,1448,1,0
C,H,C,5122,100,5122,1,0
A,D,D,4931,100,4931,1,0
B,D,D,7000,100,7000,1,0
C,D,D,4961,100,4961,1,0
D,E,D,5163,100,5163,1,0
D,F,D,7149,100,7149,1,0
D,G,D,5126,100,5126,1,0
D,H,D,1395,100,1395,1,0
A,E,E,1428,100,1428,1,0
B,E,E,5150,100,5150,1,0
C,E,E,7180,100,7180,1,0
D,E,E,5166,100,5166,1,0
E,F,E,4970,100,4970,1,0
E,G,E,7081,100,7081,1,0
E,H,E,4986,100,4986,1,0
A,F,F,5210,100,5210,1,0
B,F,F,1394,100,1394,1,0
C,F,F,5182,100,5182,1,0
D,F,F,7144,100,7144,1,0
E,F,F,4965,100,4965,1,0
F,G,F,4966,100,4966,1,0
F,H,F,7043,100,7043,1,0
A,G,G,7208,100,7208,1,0
B,G,G,5200,100,5200,1,0
C,G,G,1391,100,1391,1,0
D,G,G,5162,100,5162,1,0
E,G,G,7063,100,7063,1,0
F,G,G,4980,100,4980,1,0
G,H,G,4961,100,4961,1,0
A,H,H,5134,100,5134,1,0
B,H,H,7124,100,7124,1,0
C,H,H,5137,100,5137,1,0
D,H,H,1463,100,1463,1,0
E,H,H,4970,100,4970,1,0
F,H,H,7009,100,7009,1,0
G,H,H,4919,100,4919,1,0
A,B,A,4937,100,4937,1,0
A,C,A,7027,100,7027,1,0
A,D,A,4985,100,4985,1,0
A,E,A,1397,100,1397,1,0
A,F,A,5192,100,5192,1,0
A,G,A,7117,100,7117,1,0
A,H,A,5137,100,5137,1,0
A,B,B,4975,100,4975,1,0
B,C,B,4959,100,4959,1,0
B,D,B,7027,100,7027,1,0
B,E,B,5166,100,5166,1,0
B,F,B,1393,100,1393,1,0
B,G,B,5153,100,5153,1,0
B,H,B,7138,100,7138,1,0
A,C,C,7000,100,7000,1,0
B,C,C,4979,100,4979,1,0
C,D,C,4951,100,4951,1,0
C,E,C,7163,100,7163,1,0
C,F,C,5146,100,5146,1,0
C,G,C,1372,100,1372,1,0
C,H,C,5153,100,5153,1,0
A,D,D,4969,100,4969,1,0
B,D,D,7002,100,7002,1,0
C,D,D,4987,100,4987,1,0
D,E,D,5169,100,5169,1,0
D,F,D,7104,100,7104,1,0
D,G,D,5139,100,5139,1,0
D,H,D,1446,100,1446,1,0
A,E,E,1480,100,1480,1,0
B,E,E,5181,100,5181,1,0
C,E,E,7174,100,7174,1,0
D,E,E,5200,100,5200,1,0
E,F,E,4965,100,4965,1,0
E,G,E,7072,100,7072,1,0
E,H,E,4977,100,4977,1,0
A,F,F,5167,100,5167,1,0
B,F,F,1416,100,1416,1,0
C,F,F,5151,100,5151,1,0
D,F,F,7137,100,7137,1,0
E,F,F,4995,100,4995,1,0
F,G,F,4975,100,4975,1,0
F,H,F,6990,100,6990,1,0
A,G,G,7135,100,7135,1,0
B,G,G,5194,100,5194,1,0
C,G,G,1390,100,1390,1,0
D,G,G,5112,100,5112,1,0
E,G,G,7083,100,7083,1,0
F,G,G,4966,100,4966,1,0
G,H,G,4936,100,4936,1,0
A,H,H,5182,100,5182,1,0
B,H,H,7131,100,7131,1,0
C,H,H,5141,100,5141,1,0
D,H,H,1436,100,1436,1,0
E,H,H,4974,100,4974,1,0
F,H,H,6990,100,6990,1,0
G,H,H,4948,100,4948,1,0
A,B,A,4968,100,4968,1,0
A,C,A,7033,100,7033,1,0
A,D,A,4967,100,4967,1,0
A,E,A,1461,100,1461,1,0
A,F,A,5182,100,5182,1,0
A,G,A,7161,100,7161,1,0
A,H,A,5144,100,5144,1,0
A,B,B,4952,100,4952,1,0
B,C,B,5004,100,5004,1,0
B,D,B,7049,100,7049,1,0
B,E,B,5127,100,5127,1,0
B,F,B,1404,100,1404,1,0
B,G,B,5204,100,5204,1,0
B,H,B,7162,100,7162,1,0
A,C,C,7015,100,7015,1,0
B,C,C,4986,100,4986,1,0
C,D,C,4952,100,4952,1,0
C,E,C,7166,100,7166,1,0
C,F,C,5154,100,5154,1,0
C,G,C,1414,100,1414,1,0
C,H,C,5171,100,5171,1,0
A,D,D,4936,100,4936,1,0
B,D,D,6999,100,6999,1,0
C,D,D,4963,100,4963,1,0
D,E,D,5164,100,5164,1,0
D,F,D,7111,100,7111,1,0
D,G,D,5128,100,5128,1,0
D,H,D,1389,100,1389,1,0
A,E,E,1390,100,1390,1,0
B,E,E,5143,100,5143,1,0
C,E,E,7159,100,7159,1,0
D,E,E,5202,100,5202,1,0
E,F,E,4978,100,4978,1,0
E,G,E,7030,100,7030,1,0
E,H,E,4981,100,4981,1,0
A,F,F,5125,100,5125,1,0
B,F,F,1411,100,1411,1,0
C,F,F,5152,100,5152,1,0
D,F,F,7138,100,7138,1,0
E,F,F,4957,100,4957,1,0
F,G,F,4972,100,4972,1,0
F,H,F,6963,100,6963,1,0
A,G,G,7176,100,7176,1,0
B,G,G,5150,100,5150,1,0
C,G,G,1375,100,1375,1,0
D,G,G,5121,100,5121,1,0
E,G,G,7054,100,7054,1,0
F,G,G,4974,100,4974,1,0
G,H,G,4978,100,4978,1,0
A,H,H,5158,100,5158,1,0
B,H,H,7130,100,7130,1,0
C,H,H,5151,100,5151,1,0
D,H,H,1370,100,1370,1,0
E,H,H,4985,100,4985,1,0
F,H,H,7023,100,7023,1,0
G,H,H,4931,100,4931,1,0
A,B,A,4979,100,4979,1,0
A,C,A,7086,100,7086,1,0
A,D,A,4957,100,4957,1,0
A,E,A,1389,100,1389,1,0
A,F,A,5152,100,5152,1,0
A,G,A,7170,100,7170,1,0
A,H,A,5161,100,5161,1,0
A,B,B,4990,100,4990,1,0
B,C,B,4981,100,4981,1,0
B,D,B,6991,100,6991,1,0
B,E,B,5121,100,5121,1,0
B,F,B,1388,100,1388,1,0
B,G,B,5191,100,5191,1,0
B,H,B,7131,100,7131,1,0
A,C,C,7058,100,7058,1,0
B,C,C,5001,100,5001,1,0
C,D,C,4978,100,4978,1,0
C,E,C,7175,100,7175,1,0
C,F,C,5147,100,5147,1,0
C,G,C,1434,100,1434,1,0
C,H,C,5171,100,5171,1,0
A,D,D,4957,100,4957,1,0
B,D,D,6996,100,6996,1,0
C,D,D,4997,100,4997,1,0
D,E,D,5207,100,5207,1,0
D,F,D,7158,100,7158,1,0
D,G,D,5155,100,5155,1,0
D,H,D,1383,100,1383,1,0
A,E,E,1394,100,1394,1,0
B,E,E,5125,100,5125,1,0
C,E,E,7163,100,7163,1,0
D,E,E,5238,100,5238,1,0
E,F,E,4992,100,4992,1,0
E,G,E,7061,100,7061,1,0
E,H,E,4968,100,4968,1,0
A,F,F,5208,100,5208,1,0
B,F,F,1412,100,1412,1,0
C,F,F,5166,100,5166,1,0
D,F,F,7159,100,7159,1,0
E,F,F,5013,100,5013,1,0
F,G,F,4964,100,4964,1,0
F,H,F,6984,100,6984,1,0
A,G,G,7178,100,7178,1,0
B,G,G,5170,100,5170,1,0
C,G,G,1428,100,1428,1,0
D,G,G,5173,100,5173,1,0
E,G,G,7058,100,7058,1,0
F,G,G,5002,100,5002,1,0
G,H,G,4995,100,4995,1,0
A,H,H,5122,100,5122,1,0
B,H,H,7139,100,7139,1,0
C,H,H,5100,100,5100,1,0
D,H,H,1397,100,1397,1,0
E,H,H,4970,100,4970,1,0
F,H,H,6982,100,6982,1,0
G,H,H,4927,100,4927,1,0
A,B,A,4990,100,4990,1,0
A,C,A,7012,100,7012,1,0
A,D,A,4941,100,4941,1,0
A,E,A,1409,100,1409,1,0
A,F,A,5170,100,5170,1,0
A,G,A,7178,100,7178,1,0
A,H,A,5132,100,5132,1,0
A,B,B,4930,100,4930,1,0
B,C,B,4960,100,4960,1,0
B,D,B,7034,100,7034,1,0
B,E,B,5144,100,5144,1,0
B,F,B,1402,100,1402,1,0
B,G,B,5147,100,5147,1,0
B,H,B,7125,100,7125,1,0
A,C,C,7029,100,7029,1,0
B,C,C,4964,100,4964,1,0
C,D,C,4982,100,4982,1,0
C,E,C,7160,100,7160,1,0
C,F,C,5145,100,5145,1,0
C,G,C,1376,100,1376,1,0
C,H,C,5119,100,5119,1,0
A,D,D,4945,100,4945,1,0
B,D,D,7009,100,7009,1,0
C,D,D,4931,100,4931,1,0
D,E,D,5158,100,5158,1,0
D,F,D,7175,100,7175,1,0
D,G,D,5124,100,5124,1,0
D,H,D,1377,100,1377,1,0
A,E,E,1382,100,1382,1,0
B,E,E,5115,100,5115,1,0
C,E,E,7214,100,7214,1,0
D,E,E,5243,100,5243,1,0
E,F,E,4972,100,4972,1,0
E,G,E,7070,100,7070,1,0
E,H,E,4944,100,4944,1,0
A,F,F,5234,100,5234,1,0
B,F,F,1403,100,1403,1,0
C,F,F,5129,100,5129,1,0
D,F,F,7145,100,7145,1,0
E,F,F,4994,100,4994,1,0
F,G,F,4979,100,4979,1,0
F,H,F,6978,100,6978,1,0
A,G,G,7175,100,7175,1,0
B,G,G,5224,100,5224,1,0
C,G,G,1386,100,1386,1,0
D,G,G,5112,100,5112,1,0
E,G,G,7058,100,7058,1,0
F,G,G,4982,100,4982,1,0
G,H,G,4949,100,4949,1,0
A,H,H,5161,100,5161,1,0
B,H,H,7165,100,7165,1,0
C,H,H,5146,100,5146,1,0
D,H,H,1407,100,1407,1,0
E,H,H,4982,100,4982,1,0
F,H,H,6995,100,6995,1,0
G,H,H,4925,100,4925,1,0
A,B,A,4964,100,4964,1,0
A,C,A,7061,100,7061,1,0
A,D,A,4951,100,4951,1,0
A,E,A,1433,100,1433,1,0
A,F,A,5180,100,5180,1,0
A,G,A,7126,100,7126,1,0
A,H,A,5190,100,5190,1,0
A,B,B,4957,100,4957,1,0
B,C,B,4960,100,4960,1,0
B,D,B,6971,100,6971,1,0
B,E,B,5141,100,5141,1,0
B,F,B,1371,100,1371,1,0
B,G,B,5205,100,5205,1,0
B,H,B,7092,100,7092,1,0
A,C,C,7057,100,7057,1,0
B,C,C,4999,100,4999,1,0
C,D,C,4943,100,4943,1,0
C,E,C,7149,100,7149,1,0
C,F,C,5160,100,5160,1,0
C,G,C,1350,100,1350,1,0
C,H,C,5184,100,5184,1,0
A,D,D,4962,100,4962,1,0
B,D,D,6968,100,6968,1,0
C,D,D,4948,100,4948,1,0
D,E,D,5226,100,5226,1,0
D,F,D,7130,100,7130,1,0
D,G,D,5134,100,5134,1,0
D,H,D,1432,100,1432,1,0
A,E,E,1428,100,1428,1,0
B,E,E,5116,100,5116,1,0
C,E,E,7190,100,7190,1,0
D,E,E,5184,100,5184,1,0
E,F,E,4978,100,4978,1,0
E,G,E,7048,100,7048,1,0
E,H,E,4991,100,4991,1,0
A,F,F,5167,100,5167,1,0
B,F,F,1347,100,1347,1,0
C,F,F,5165,100,5165,1,0
D,F,F,7139,100,7139,1,0
E,F,F,4974,100,4974,1,0
F,G,F,4990,100,4990,1,0
F,H,F,6994,100,6994,1,0
A,G,G,7157,100,7157,1,0
B,G,G,5157,100,5157,1,0
C,G,G,1406,100,1406,1,0
D,G,G,5167,100,5167,1,0
E,G,G,7066,100,7066,1,0
F,G,G,4963,100,4963,1,0
G,H,G,4950,100,4950,1,0
A,H,H,5079,100,5079,1,0
B,H,H,7157,100,7157,1,0
C,H,H,5121,100,5121,1,0
D,H,H,1367,100,1367,1,0
E,H,H,4971,100,4971,1,0
F,H,H,6983,100,6983,1,0
G,H,H,4967,100,4967,1,0
A,B,A,4964,100,4964,1,0
A,C,A,7025,100,7025,1,0
A,D,A,4947,100,4947,1,0
A,E,A,1365,100,1365,1,0
A,F,A,5139,100,5139,1,0
A,G,A,7127,100,7127,1,0
A,H,A,5136,100,5136,1,0
A,B,B,4970,100,4970,1,0
B,C,B,5009,100,5009,1,0
B,D,B,6975,100,6975,1,0
B,E,B,5141,100,5141,1,0
B,F,B,1417,100,1417,1,0
B,G,B,5177,100,5177,1,0
B,H,B,7149,100,7149,1,0
A,C,C,7065,100,7065,1,0
B,C,C,5020,100,5020,1,0
C,D,C,4971,100,4971,1,0
C,E,C,7178,100,7178,1,0
C,F,C,5158,100,5158,1,0
C,G,C,1402,100,1402,1,0
C,H,C,5192,100,5192,1,0
A,D,D,4963,100,4963,1,0
B,D,D,7012,100,7012,1,0
C,D,D,4961,100,4961,1,0
D,E,D,5195,100,5195,1,0
D,F,D,7153,100,7153,1,0
D,G,D,5157,100,5157,1,0
D,H,D,1393,100,1393,1,0
A,E,E,1401,100,1401,1,0
B,E,E,5146,100,5146,1,0
C,E,E,7201,100,7201,1,0
D,E,E,5099,100,5099,1,0
E,F,E,4970,100,4970,1,0
E,G,E,7020,100,7020,1,0
E,H,E,4990,100,4990,1,0
A,F,F,5174,100,5174,1,0
B,F,F,1381,100,1381,1,0
C,F,F,5165,100,5165,1,0
D,F,F,7168,100,7168,1,0
E,F,F,4965,100,4965,1,0
F,G,F,4936,100,4936,1,0
F,H,F,7012,100,7012,1,0
A,G,G,7182,100,7182,1,0
B,G,G,5196,100,5196,1,0
C,G,G,1412,100,1412,1,0
D,G,G,5186,100,5186,1,0
E,G,G,7044,100,7044,1,0
F,G,G,4962,100,4962,1,0
G,H,G,4977,100,4977,1,0
A,H,H,5141,100,5141,1,0
B,H,H,7219,100,7219,1,0
C,H,H,5130,100,5130,1,0
D,H,H,1374,100,1374,1,0
E,H,H,4979,100,4979,1,0
F,H,H,6996,100,6996,1,0
G,H,H,4976,100,4976,1,0
A,B,A,4950,100,4950,1,0
A,C,A,7026,100,7026,1,0
A,D,A,4961,100,4961,1,0
A,E,A,1403,100,1403,1,0
A,F,A,5170,100,5170,1,0
A,G,A,7140,100,7140,1,0
A,H,A,5134,100,5134,1,0
A,B,B,5014,100,5014,1,0
B,C,B,5007,100,5007,1,0
B,D,B,7003,100,7003,1,0
B,E,B,5167,100,5167,1,0
B,F,B,1372,100,1372,1,0
B,G,B,5201,100,5201,1,0
B,H,B,7146,100,7146,1,0
A,C,C,6994,100,6994,1,0
B,C,C,5005,100,5005,1,0
C,D,C,4917,100,4917,1,0
C,E,C,7188,100,7188,1,0
C,F,C,5142,100,5142,1,0
C,G,C,1377,100,1377,1,0
C,H,C,5168,100,5168,1,0
A,D,D,4968,100,4968,1,0
B,D,D,7003,100,7003,1,0
C,D,D,4931,100,4931,1,0
D,E,D,5155,100,5155,1,0
D,F,D,7101,100,7101,1,0
D,G,D,5121,100,5121,1,0
D,H,D,1395,100,1395,1,0
A,E,E,1475,100,1475,1,0
B,E,E,5135,100,5135,1,0
C,E,E,7205,100,7205,1,0
D,E,E,5163,100,5163,1,0
E,F,E,4981,100,4981,1,0
E,G,E,7053,100,7053,1,0
E,H,E,5012,100,5012,1,0
A,F,F,5188,100,5188,1,0
B,F,F,1433,100,1433,1,0
C,F,F,5177,100,5177,1,0
D,F,F,7104,100,7104,1,0
E,F,F,4998,100,4998,1,0
F,G,F,4941,100,4941,1,0
F,H,F,6988,100,6988,1,0
A,G,G,7146,100,7146,1,0
B,G,G,5200,100,5200,1,0
C,G,G,1400,100,1400,1,0
D,G,G,5143,100,5143,1,0
E,G,G,7050,100,7050,1,0
F,G,G,4993,100,4993,1,0
G,H,G,4972,100,4972,1,0
A,H,H,5121,100,5121,1,0
B,H,H,7162,100,7162,1,0
C,H,H,5135,100,5135,1,0
D,H,H,1399,100,1399,1,0
E,H,H,4941,100,4941,1,0
F,H,H,7001,100,7001,1,0
G,H,H,4972,100,4972,1,0
A,B,A,4917,100,4917,1,0
A,C,A,7007,100,7007,1,0
A,D,A,4933,100,4933,1,0
A,E,A,1402,100,1402,1,0
A,F,A,5143,100,5143,1,0
A,G,A,7122,100,7122,1,0
A,H,A,5141,100,5141,1,0
A,B,B,4934,100,4934,1,0
B,C,B,5004,100,5004,1,0
B,D,B,6986,100,6986,1,0
B,E,B,5122,100,5122,1,0
B,F,B,1357,100,1357,1,0
B,G,B,5179,100,5179,1,0
B,H,B,7133,100,7133,1,0
A,C,C,7022,100,7022,1,0
B,C,C,4986,100,4986,1,0
C,D,C,4906,100,4906,1,0
C,E,C,7155,100,7155,1,0
C,F,C,5140,100,5140,1,0
C,G,C,1416,100,1416,1,0
C,H,C,5115,100,5115,1,0
A,D,D,4942,100,4942,1,0
B,D,D,7013,100,7013,1,0
C,D,D,4932,100,4932,1,0
D,E,D,5197,100,5197,1,0
D,F,D,7150,100,7150,1,0
D,G,D,5185,100,5185,1,0
D,H,D,1405,100,1405,1,0
A,E,E,1445,100,1445,1,0
B,E,E,5129,100,5129,1,0
C,E,E,7127,100,7127,1,0
D,E,E,5091,100,5091,1,0
E,F,E,5010,100,5010,1,0
E,G,E,7040,100,7040,1,0
E,H,E,4988,100,4988,1,0
A,F,F,5180,100,5180,1,0
B,F,F,1380,100,1380,1,0
C,F,F,5133,100,5133,1,0
D,F,F,7114,100,7114,1,0
E,F,F,4954,100,4954,1,0
F,G,F,5003,100,5003,1,0
F,H,F,7045,100,7045,1,0
A,G,G,7131,100,7131,1,0
B,G,G,5201,100,5201,1,0
C,G,G,1374,100,1374,1,0
D,G,G,5161,100,5161,1,0
E,G,G,7036,100,7036,1,0
F,G,G,5005,100,5005,1,0
G,H,G,4976,100,4976,1,0
A,H,H,5163,100,5163,1,0
B,H,H,7173,100,7173,1,0
C,H,H,5143,100,5143,1,0
D,H,H,1400,100,1400,1,0
E,H,H,4961,100,4961,1,0
F,H,H,7000,100,7000,1,0
G,H,H,4929,100,4929,1,0
A,B,A,4938,100,4938,1,0
A,C,A,7003,100,7003,1,0
A,D,A,4932,100,4932,1,0
A,E,A,1406,100,1406,1,0
A,F,A,5148,100,5148,1,0
A,G,A,7198,100,7198,1,0
A,H,A,5206,100,5206,1,0
A,B,B,4980,100,4980,1,0
B,C,B,4952,100,4952,1,0
B,D,B,6952,100,6952,1,0
B,E,B,5166,100,5166,1,0
B,F,B,1389,100,1389,1,0
B,G,B,5199,100,5199,1,0
B,H,B,7114,100,7114,1,0
A,C,C,7000,100,7000,1,0
B,C,C,4989,100,4989,1,0
C,D,C,4981,100,4981,1,0
C,E,C,7164,100,7164,1,0
C,F,C,5161,100,5161,1,0
C,G,C,1422,100,1422,1,0
C,H,C,5123,100,5123,1,0
A,D,D,4946,100,4946,1,0
B,D,D,6990,100,6990,1,0
C,D,D,4910,100,4910,1,0
D,E,D,5101,100,5101,1,0
D,F,D,7137,100,7137,1,0
D,G,D,5122,100,5122,1,0
D,H,D,1402,100,1402,1,0
A,E,E,1369,100,1369,1,0
B,E,E,5098,100,5098,1,0
C,E,E,7148,100,7148,1,0
D,E,E,5222,100,5222,1,0
E,F,E,4966,100,4966,1,0
E,G,E,7071,100,7071,1,0
E,H,E,4960,100,4960,1,0
A,F,F,5179,100,5179,1,0
B,F,F,1414,100,1414,1,0
C,F,F,5158,100,5158,1,0
D,F,F,7151,100,7151,1,0
E,F,F,4971,100,4971,1,0
F,G,F,4974,100,4974,1,0
F,H,F,7046,100,7046,1,0
A,G,G,7185,100,7185,1,0
B,G,G,5190,100,5190,1,0
C,G,G,1369,100,1369,1,0
D,G,G,5160,100,5160,1,0
E,G,G,7036,100,7036,1,0
F,G,G,4959,100,4959,1,0
G,H,G,4991,100,4991,1,0
A,H,H,5153,100,5153,1,0
B,H,H,7104,100,7104,1,0
C,H,H,5203,100,5203,1,0
D,H,H,1437,100,1437,1,0
E,H,H,4986,100,4986,1,0
F,H,H,6994,100,6994,1,0
G,H,H,4948,100,4948,1,0
A,B,A,4947,100,4947,1,0
A,C,A,7059,100,7059,1,0
A,D,A,4950,100,4950,1,0
A,E,A,1434,100,1434,1,0
A,F,A,5140,100,5140,1,0
A,G,A,7175,100,7175,1,0
A,H,A,5119,100,5119,1,0
A,B,B,4930,100,4930,1,0
B,C,B,4939,100,4939,1,0
B,D,B,7000,100,7000,1,0
B,E,B,5119,100,5119,1,0
B,F,B,1414,100,1414,1,0
B,G,B,5145,100,5145,1,0
B,H,B,7114,100,7114,1,0
A,C,C,7061,100,7061,1,0
B,C,C,4995,100,4995,1,0
C,D,C,4958,100,4958,1,0
C,E,C,7161,100,7161,1,0
C,F,C,5165,100,5165,1,0
C,G,C,1425,100,1425,1,0
C,H,C,5181,100,5181,1,0
A,D,D,4914,100,4914,1,0
B,D,D,7004,100,7004,1,0
C,D,D,4945,100,4945,1,0
D,E,D,5129,100,5129,1,0
D,F,D,7138,100,7138,1,0
D,G,D,5139,100,5139,1,0
D,H,D,1393,100,1393,1,0
A,E,E,1367,100,1367,1,0
B,E,E,5186,100,5186,1,0
C,E,E,7145,100,7145,1,0
D,E,E,5150,100,5150,1,0
E,F,E,5003,100,5003,1,0
E,G,E,7065,100,7065,1,0
E,H,E,5028,100,5028,1,0
A,F,F,5176,100,5176,1,0
B,F,F,1382,100,1382,1,0
C,F,F,5159,100,5159,1,0
D,F,F,7143,100,7143,1,0
E,F,F,4966,100,4966,1,0
F,G,F,4976,100,4976,1,0
F,H,F,7003,100,7003,1,0
A,G,G,7212,100,7212,1,0
B,G,G,5208,100,5208,1,0
C,G,G,1373,100,1373,1,0
D,G,G,5123,100,5123,1,0
E,G,G,7054,100,7054,1,0
F,G,G,4979,100,4979,1,0
G,H,G,4941,100,4941,1,0
A,H,H,5154,100,5154,1,0
B,H,H,7176,100,7176,1,0
C,H,H,5162,100,5162,1,0
D,H,H,1428,100,1428,1,0
E,H,H,4974,100,4974,1,0
F,H,H,7003,100,7003,1,0
G,H,H,4951,100,4951,1,0
A,B,A,4969,100,4969,1,0
A,C,A,7007,100,7007,1,0
A,D,A,4935,100,4935,1,0
A,E,A,1420,100,1420,1,0
A,F,A,5194,100,5194,1,0
A,G,A,7139,100,7139,1,0
A,H,A,5139,100,5139,1,0
A,B,B,4958,100,4958,1,0
B,C,B,4948,100,4948,1,0
B,D,B,7014,100,7014,1,0
B,E,B,5160,100,5160,1,0
B,F,B,1337,100,1337,1,0
B,G,B,5186,100,5186,1,0
B,H,B,7200,100,7200,1,0
A,C,C,7017,100,7017,1,0
B,C,C,5024,100,5024,1,0
C,D,C,4985,100,4985,1,0
C,E,C,7163,100,7163,1,0
C,F,C,5142,100,5142,1,0
C,G,C,1396,100,1396,1,0
C,H,C,5129,100,5129,1,0
A,D,D,4947,100,4947,1,0
B,D,D,6992,100,6992,1,0
C,D,D,4935,100,4935,1,0
D,E,D,5193,100,5193,1,0
D,F,D,7156,100,7156,1,0
D,G,D,5105,100,5105,1,0
D,H,D,1401,100,1401,1,0
A,E,E,1382,100,1382,1,0
B,E,E,5144,100,5144,1,0
C,E,E,7224,100,7224,1,0
D,E,E,5189,100,5189,1,0
E,F,E,4936,100,4936,1,0
E,G,E,7072,100,7072,1,0
E,H,E,4988,100,4988,1,0
A,F,F,5173,100,5173,1,0
B,F,F,1405,100,1405,1,0
C,F,F,5165,100,5165,1,0
D,F,F,7139,100,7139,1,0
E,F,F,4991,100,4991,1,0
F,G,F,4983,100,4983,1,0
F,H,F,7015,100,7015,1,0
A,G,G,7188,100,7188,1,0
B,G,G,5226,100,5226,1,0
C,G,G,1366,100,1366,1,0
D,G,G,5130,100,5130,1,0
E,G,G,7054,100,7054,1,0
F,G,G,4972,100,4972,1,0
G,H,G,4953,100,4953,1,0
A,H,H,5150,100,5150,1,0
B,H,H,7123,100,7123,1,0
C,H,H,5146,100,5146,1,0
D,H,H,1419,100,1419,1,0
E,H,H,4983,100,4983,1,0
F,H,H,6960,100,6960,1,0
G,H,H,4914,100,4914,1,0
A,B,A,5002,100,5002,1,0
A,C,A,7041,100,7041,1,0
A,D,A,4955,100,4955,1,0
A,E,A,1389,100,1389,1,0
A,F,A,5204,100,5204,1,0
A,G,A,7121,100,7121,1,0
A,H,A,5167,100,5167,1,0
A,B,B,4981,100,4981,1,0
B,C,B,4960,100,4960,1,0
B,D,B,7022,100,7022,1,0
B,E,B,5140,100,5140,1,0
B,F,B,1380,100,1380,1,0
B,G,B,5197,100,5197,1,0
B,H,B,7103,100,7103,1,0
A,C,C,7003,100,7003,1,0
B,C,C,4983,100,4983,1,0
C,D,C,4940,100,4940,1,0
C,E,C,7190,100,7190,1,0
C,F,C,5132,100,5132,1,0
C,G,C,1359,100,1359,1,0
C,H,C,5105,100,5105,1,0
A,D,D,4947,100,4947,1,0
B,D,D,6974,100,6974,1,0
C,D,D,4966,100,4966,1,0
D,E,D,5144,100,5144,1,0
D,F,D,7166,100,7166,1,0
D,G,D,5106,100,5106,1,0
D,H,D,1475,100,1475,1,0
A,E,E,1411,100,1411,1,0
B,E,E,5128,100,5128,1,0
C,E,E,7151,100,7151,1,0
D,E,E,5150,100,5150,1,0
E,F,E,4979,100,4979,1,0
E,G,E,7019,100,7019,1,0
E,H,E,4979,100,4979,1,0
A,F,F,5171,100,5171,1,0
B,F,F,1409,100,1409,1,0
C,F,F,5153,100,5153,1,0
D,F,F,7140,100,7140,1,0
E,F,F,5030,100,5030,1,0
F,G,F,4977,100,4977,1,0
F,H,F,7048,100,7048,1,0
A,G,G,7181,100,7181,1,0
B,G,G,5196,100,5196,1,0
C,G,G,1392,100,1392,1,0
D,G,G,5114,100,5114,1,0
E,G,G,7025,100,7025,1,0
F,G,G,4977,100,4977,1,0
G,H,G,4920,100,4920,1,0
A,H,H,5142,100,5142,1,0
B,H,H,7162,100,7162,1,0
C,H,H,5149,100,5149,1,0
D,H,H,1452,100,1452,1,0
E,H,H,4968,100,4968,1,0
F,H,H,7018,100,7018,1,0
G,H,H,4959,100,4959,1,0
A,B,A,4999,100,4999,1,0
A,C,A,7064,100,7064,1,0
A,D,A,4939,100,4939,1,0
A,E,A,1405,100,1405,1,0
A,F,A,5176,100,5176,1,0
A,G,A,7136,100,7136,1,0
A,H,A,5163,100,5163,1,0
A,B,B,4959,100,4959,1,0
B,C,B,4991,100,4991,1,0
B,D,B,6996,100,6996,1,0
B,E,B,5142,100,5142,1,0
B,F,B,1403,100,1403,1,0
B,G,B,5170,100,5170,1,0
B,H,B,7131,100,7131,1,0
A,C,C,7121,100,7121,1,0
B,C,C,4982,100,4982,1,0
C,D,C,4966,100,4966,1,0
C,E,C,7194,100,7194,1,0
C,F,C,5165,100,5165,1,0
C,G,C,1444,100,1444,1,0
C,H,C,5210,100,5210,1,0
A,D,D,4932,100,4932,1,0
B,D,D,7027,100,7027,1,0
C,D,D,4968,100,4968,1,0
D,E,D,5125,100,5125,1,0
D,F,D,7153,100,7153,1,0
D,G,D,5169,100,5169,1,0
D,H,D,1429,100,1429,1,0
A,E,E,1404,100,1404,1,0
B,E,E,5165,100,5165,1,0
C,E,E,7148,100,7148,1,0
D,E,E,5198,100,5198,1,0
E,F,E,4980,100,4980,1,0
E,G,E,7061,100,7061,1,0
E,H,E,4996,100,4996,1,0
A,F,F,5141,100,5141,1,0
B,F,F,1390,100,1390,1,0
C,F,F,5144,100,5144,1,0
D,F,F,7102,100,7102,1,0
E,F,F,4955,100,4955,1,0
F,G,F,4969,100,4969,1,0
F,H,F,7036,100,7036,1,0
A,G,G,7172,100,7172,1,0
B,G,G,5193,100,5193,1,0
C,G,G,1418,100,1418,1,0
D,G,G,5143,100,5143,1,0
E,G,G,7056,100,7056,1,0
F,G,G,5000,100,5000,1,0
G,H,G,4945,100,4945,1,0
A,H,H,5159,100,5159,1,0
B,H,H,7161,100,7161,1,0
C,H,H,5119,100,5119,1,0
D,H,H,1426,100,1426,1,0
E,H,H,5003,100,5003,1,0
F,H,H,6984,100,6984,1,0
G,H,H,4982,100,4982,1,0
A,B,A,4931,100,4931,1,0
A,C,A,7051,100,7051,1,0
A,D,A,4912,100,4912,1,0
A,E,A,1384,100,1384,1,0
A,F,A,5175,100,5175,1,0
A,G,A,7169,100,7169,1,0
A,H,A,5141,100,5141,1,0
A,B,B,4950,100,4950,1,0
B,C,B,4956,100,4956,1,0
B,D,B,7009,100,7009,1,0
B,E,B,5135,100,5135,1,0
B,F,B,1430,100,1430,1,0
B,G,B,5178,100,5178,1,0
B,H,B,7181,100,7181,1,0
A,C,C,7020,100,7020,1,0
B,C,C,4980,100,4980,1,0
C,D,C,4947,100,4947,1,0
C,E,C,7150,100,7150,1,0
C,F,C,5177,100,5177,1,0
C,G,C,1378,100,1378,1,0
C,H,C,5151,100,5151,1,0
A,D,D,4954,100,4954,1,0
B,D,D,7009,100,7009,1,0
C,D,D,4959,100,4959,1,0
D,E,D,5144,100,5144,1,0
D,F,D,7093,100,7093,1,0
D,G,D,5110,100,5110,1,0
D,H,D,1343,100,1343,1,0
A,E,E,1403,100,1403,1,0
B,E,E,5180,100,5180,1,0
C,E,E,7203,100,7203,1,0
D,E,E,5179,100,5179,1,0
E,F,E,4968,100,4968,1,0
E,G,E,7035,100,7035,1,0
E,H,E,4962,100,4962,1,0
A,F,F,5163,100,5163,1,0
B,F,F,1377,100,1377,1,0
C,F,F,5175,100,5175,1,0
D,F,F,7129,100,7129,1,0
E,F,F,4998,100,4998,1,0
F,G,F,4965,100,4965,1,0
F,H,F,6990,100,6990,1,0
A,G,G,7179,100,7179,1,0
B,G,G,5232,100,5232,1,0
C,G,G,1392,100,1392,1,0
D,G,G,5151,100,5151,1,0
E,G,G,7045,100,7045,1,0
F,G,G,4965,100,4965,1,0
G,H,G,4950,100,4950,1,0
A,H,H,5152,100,5152,1,0
B,H,H,7150,100,7150,1,0
C,H,H,5134,100,5134,1,0
D,H,H,1374,100,1374,1,0
E,H,H,4979,100,4979,1,0
F,H,H,7058,100,7058,1,0
G,H,H,4930,100,4930,1,0
A,B,A,4970,100,4970,1,0
A,C,A,6969,100,6969,1,0
A,D,A,4936,100,4936,1,0
A,E,A,1407,100,1407,1,0
A,F,A,5191,100,5191,1,0
A,G,A,7189,100,7189,1,0
A,H,A,5159,100,5159,1,0
A,B,B,4946,100,4946,1,0
B,C,B,4989,100,4989,1,0
B,D,B,7021,100,7021,1,0
B,E,B,5093,100,5093,1,0
B,F,B,1390,100,1390,1,0
B,G,B,5187,100,5187,1,0
B,H,B,7110,100,7110,1,0
A,C,C,7013,100,7013,1,0
B,C,C,5008,100,5008,1,0
C,D,C,4990,100,4990,1,0
C,E,C,7196,100,7196,1,0
C,F,C,5162,100,5162,1,0
C,G,C,1354,100,1354,1,0
C,H,C,5135,100,5135,1,0
A,D,D,4949,100,4949,1,0
B,D,D,6951,100,6951,1,0
C,D,D,4948,100,4948,1,0
D,E,D,5138,100,5138,1,0
D,F,D,7129,100,7129,1,0
D,G,D,5147,100,5147,1,0
D,H,D,1447,100,1447,1,0
A,E,E,1435,100,1435,1,0
B,E,E,5112,100,5112,1,0
C,E,E,7197,100,7197,1,0
D,E,E,5145,100,5145,1,0
E,F,E,5007,100,5007,1,0
E,G,E,7039,100,7039,1,0
E,H,E,4951,100,4951,1,0
A,F,F,5136,100,5136,1,0
B,F,F,1417,100,1417,1,0
C,F,F,5135,100,5135,1,0
D,F,F,7115,100,7115,1,0
E,F,F,4945,100,4945,1,0
F,G,F,4984,100,4984,1,0
F,H,F,7043,100,7043,1,0
A,G,G,7146,100,7146,1,0
B,G,G,5238,100,5238,1,0
C,G,G,1421,100,1421,1,0
D,G,G,5166,100,5166,1,0
E,G,G,7079,100,7079,1,0
F,G,G,4957,100,4957,1,0
G,H,G,4935,100,4935,1,0
A,H,H,5151,100,5151,1,0
B,H,H,7106,100,7106,1,0
C,H,H,5139,100,5139,1,0
D,H,H,1425,100,1425,1,0
E,H,H,4981,100,4981,1,0
F,H,H,7039,100,7039,1,0
G,H,H,4938,100,4938,1,0
A,B,A,4927,100,4927,1,0
A,C,A,6983,100,6983,1,0
A,D,A,4940,100,4940,1,0
A,E,A,1397,100,1397,1,0
A,F,A,5168,100,5168,1,0
A,G,A,7185,100,7185,1,0
A,H,A,5168,100,5168,1,0
A,B,B,4917,100,4917,1,0
B,C,B,5005,100,5005,1,0
B,D,B,6969,100,6969,1,0
B,E,B,5134,100,5134,1,0
B,F,B,1376,100,1376,1,0
B,G,B,5170,100,5170,1,0
B,H,B,7130,100,7130,1,0
A,C,C,7041,100,7041,1,0
B,C,C,4984,100,4984,1,0
C,D,C,4939,100,4939,1,0
C,E,C,7178,100,7178,1,0
C,F,C,5158,100,5158,1,0
C,G,C,1400,100,1400,1,0
C,H,C,5210,100,5210,1,0
A,D,D,4921,100,4921,1,0
B,D,D,6971,100,6971,1,0
C,D,D,4919,100,4919,1,0
D,E,D,5220,100,5220,1,0
D,F,D,7141,100,7141,1,0
D,G,D,5122,100,5122,1,0
D,H,D,1435,100,1435,1,0
A,E,E,1457,100,1457,1,0
B,E,E,5148,100,5148,1,0
C,E,E,7192,100,7192,1,0
D,E,E,5215,100,5215,1,0
E,F,E,4970,100,4970,1,0
E,G,E,7054,100,7054,1,0
E,H,E,4989,100,4989,1,0
A,F,F,5186,100,5186,1,0
B,F,F,1383,100,1383,1,0
C,F,F,5147,100,5147,1,0
D,F,F,7177,100,7177,1,0
E,F,F,4981,100,4981,1,0
F,G,F,4966,100,4966,1,0
F,H,F,7054,100,7054,1,0
A,G,G,7187,100,7187,1,0
B,G,G,5221,100,5221,1,0
C,G,G,1399,100,1399,1,0
D,G,G,5159,100,5159,1,0
E,G,G,7070,100,7070,1,0
F,G,G,4955,100,4955,1,0
G,H,G,4958,100,4958,1,0
A,H,H,5118,100,5118,1,0
B,H,H,7135,100,7135,1,0
C,H,H,5149,100,5149,1,0
D,H,H,1429,100,1429,1,0
E,H,H,4995,100,4995,1,0
F,H,H,7027,100,7027,1,0
G,H,H,4943,100,4943,1,0
A,B,A,4925,100,4925,1,0
A,C,A,6999,100,6999,1,0
A,D,A,4931,100,4931,1,0
A,E,A,1400,100,1400,1,0
A,F,A,5145,100,5145,1,0
A,G,A,7185,100,7185,1,0
A,H,A,5134,100,5134,1,0
A,B,B,4982,100,4982,1,0
B,C,B,5000,100,5000,1,0
B,D,B,6991,100,6991,1,0
B,E,B,5130,100,5130,1,0
B,F,B,1404,100,1404,1,0
B,G,B,5181,100,5181,1,0
B,H,B,7163,100,7163,1,0
A,C,C,7010,100,7010,1,0
B,C,C,4973,100,4973,1,0
C,D,C,4978,100,4978,1,0
C,E,C,7190,100,7190,1,0
C,F,C,5147,100,5147,1,0
C,G,C,1369,100,1369,1,0
C,H,C,5163,100,5163,1,0
A,D,D,4938,100,4938,1,0
B,D,D,7010,100,7010,1,0
C,D,D,4980,100,4980,1,0
D,E,D,5114,100,5114,1,0
D,F,D,7126,100,7126,1,0
D,G,D,5133,100,5133,1,0
D,H,D,1373,100,1373,1,0
A,E,E,1391,100,1391,1,0
B,E,E,5111,100,5111,1,0
C,E,E,7169,100,7169,1,0
D,E,E,5179,100,5179,1,0
E,F,E,4951,100,4951,1,0
E,G,E,7047,100,7047,1,0
E,H,E,4927,100,4927,1,0
A,F,F,5193,100,5193,1,0
B,F,F,1393,100,1393,1,0
C,F,F,5152,100,5152,1,0
D,F,F,7177,100,7177,1,0
E,F,F,4994,100,4994,1,0
F,G,F,4966,100,4966,1,0
F,H,F,6992,100,6992,1,0
A,G,G,7177,100,7177,1,0
B,G,G,5180,100,5180,1,0
C,G,G,1411,100,1411,1,0
D,G,G,5117,100,5117,1,0
E,G,G,7066,100,7066,1,0
F,G,G,4966,100,4966,1,0
G,H,G,4999,100,4999,1,0
A,H,H,5131,100,5131,1,0
B,H,H,7151,100,7151,1,0
C,H,H,5153,100,5153,1,0
D,H,H,1433,100,1433,1,0
E,H,H,4986,100,4986,1,0
F,H,H,6973,100,6973,1,0
G,H,H,4939,100,4939,1,0
A,B,A,4980,100,4980,1,0
A,C,A,6995,100,6995,1,0
A,D,A,4952,100,4952,1,0
A,E,A,1408,100,1408,1,0
A,F,A,5177,100,5177,1,0
A,G,A,7160,100,7160,1,0
A,H,A,5137,100,5137,1,0
A,B,B,4932,100,4932,1,0
B,C,B,4968,100,4968,1,0
B,D,B,7023,100,7023,1,0
B,E,B,5132,100,5132,1,0
B,F,B,1402,100,1402,1,0
B,G,B,5181,100,5181,1,0
B,H,B,7161,100,7161,1,0
A,C,C,7005,100,7005,1,0
B,C,C,4979,100,4979,1,0
C,D,C,4975,100,4975,1,0
C,E,C,7168,100,7168,1,0
C,F,C,5158,100,5158,1,0
C,G,C,1358,100,1358,1,0
C,H,C,5147,100,5147,1,0
A,D,D,4939,100,4939,1,0
B,D,D,7045,100,7045,1,0
C,D,D,4959,100,4959,1,0
D,E,D,5163,100,5163,1,0
D,F,D,7142,100,7142,1,0
D,G,D,5163,100,5163,1,0
D,H,D,1365,100,1365,1,0
A,E,E,1383,100,1383,1,0
B,E,E,5125,100,5125,1,0
C,E,E,7163,100,7163,1,0
D,E,E,5193,100,5193,1,0
E,F,E,4963,100,4963,1,0
E,G,E,7049,100,7049,1,0
E,H,E,4987,100,4987,1,0
A,F,F,5144,100,5144,1,0
B,F,F,1416,100,1416,1,0
C,F,F,5150,100,5150,1,0
D,F,F,7162,100,7162,1,0
E,F,F,4996,100,4996,1,0
F,G,F,4963,100,4963,1,0
F,H,F,7027,100,7027,1,0
A,G,G,7125,100,7125,1,0
B,G,G,5210,100,5210,1,0
C,G,G,1418,100,1418,1,0
D,G,G,5144,100,5144,1,0
E,G,G,7086,100,7086,1,0
F,G,G,4987,100,4987,1,0
G,H,G,4934,100,4934,1,0
A,H,H,5166,100,5166,1,0
B,H,H,7069,100,7069,1,0
C,H,H,5151,100,5151,1,0
D,H,H,1400,100,1400,1,0
E,H,H,4985,100,4985,1,0
F,H,H,7014,100,7014,1,0
G,H,H,4931,100,4931,1,0
A,B,A,4976,100,4976,1,0
A,C,A,7006,100,7006,1,0
A,D,A,4959,100,4959,1,0
A,E,A,1414,100,1414,1,0
A,F,A,5199,100,5199,1,0
A,G,A,7177,100,7177,1,0
A,H,A,5186,100,5186,1,0
A,B,B,4953,100,4953,1,0
B,C,B,4990,100,4990,1,0
B,D,B,7012,100,7012,1,0
B,E,B,5139,100,5139,1,0
B,F,B,1416,100,1416,1,0
B,G,B,5183,100,5183,1,0
B,H,B,7106,100,7106,1,0
A,C,C,7014,100,7014,1,0
B,C,C,4986,100,4986,1,0
C,D,C,4955,100,4955,1,0
C,E,C,7198,100,7198,1,0
C,F,C,5138,100,5138,1,0
C,G,C,1383,100,1383,1,0
C,H,C,5158,100,5158,1,0
A,D,D,4937,100,4937,1,0
B,D,D,7039,100,7039,1,0
C,D,D,4940,100,4940,1,0
D,E,D,5213,100,5213,1,0
D,F,D,7135,100,7135,1,0
D,G,D,5140,100,5140,1,0
D,H,D,1429,100,1429,1,0
A,E,E,1421,100,1421,1,0
B,E,E,5125,100,5125,1,0
C,E,E,7182,100,7182,1,0
D,E,E,5101,100,5101,1,0
E,F,E,4981,100,4981,1,0
E,G,E,7034,100,7034,1,0
E,H,E,5009,100,5009,1,0
A,F,F,5220,100,5220,1,0
B,F,F,1411,100,1411,1,0
C,F,F,5195,100,5195,1,0
D,F,F,7120,100,7120,1,0
E,F,F,4988,100,4988,1,0
F,G,F,4985,100,4985,1,0
F,H,F,7054,100,7054,1,0
A,G,G,7200,100,7200,1,0
B,G,G,5201,100,5201,1,0
C,G,G,1410,100,1410,1,0
D,G,G,5145,100,5145,1,0
E,G,G,7065,100,7065,1,0
F,G,G,4963,100,4963,1,0
G,H,G,4974,100,4974,1,0
A,H,H,5109,100,5109,1,0
B,H,H,7158,100,7158,1,0
C,H,H,5176,100,5176,1,0
D,H,H,1358,100,1358,1,0
E,H,H,4978,100,4978,1,0
F,H,H,6991,100,6991,1,0
G,H,H,4986,100,4986,1,0
A,B,A,4959,100,4959,1,0
A,C,A,7033,100,7033,1,0
A,D,A,4967,100,4967,1,0
A,E,A,1389,100,1389,1,0
A,F,A,5188,100,5188,1,0
A,G,A,7173,100,7173,1,0
A,H,A,5134,100,5134,1,0
A,B,B,4943,100,4943,1,0
B,C,B,4964,100,4964,1,0
B,D,B,6991,100,6991,1,0
B,E,B,5164,100,5164,1,0
B,F,B,1402,100,1402,1,0
B,G,B,5163,100,5163,1,0
B,H,B,7126,100,7126,1,0
A,C,C,7022,100,7022,1,0
B,C,C,4939,100,4939,1,0
C,D,C,4950,100,4950,1,0
C,E,C,7141,100,7141,1,0
C,F,C,5167,100,5167,1,0
C,G,C,1374,100,1374,1,0
C,H,C,5155,100,5155,1,0
A,D,D,4971,100,4971,1,0
B,D,D,6991,100,6991,1,0
C,D,D,4957,100,4957,1,0
D,E,D,5167,100,5167,1,0
D,F,D,7119,100,7119,1,0
D,G,D,5142,100,5142,1,0
D,H,D,1441,100,1441,1,0
A,E,E,1437,100,1437,1,0
B,E,E,5159,100,5159,1,0
C,E,E,7173,100,7173,1,0
D,E,E,5189,100,5189,1,0
E,F,E,4968,100,4968,1,0
E,G,E,7031,100,7031,1,0
E,H,E,4990,100,4990,1,0
A,F,F,5220,100,5220,1,0
B,F,F,1381,100,1381,1,0
C,F,F,5173,100,5173,1,0
D,F,F,7127,100,7127,1,0
E,F,F,4960,100,4960,1,0
F,G,F,4946,100,4946,1,0
F,H,F,7029,100,7029,1,0
A,G,G,7151,100,7151,1,0
B,G,G,5221,100,5221,1,0
C,G,G,1393,100,1393,1,0
D,G,G,5165,100,5165,1,0
E,G,G,7052,100,7052,1,0
F,G,G,4961,100,4961,1,0
G,H,G,4941,100,4941,1,0
A,H,H,5183,100,5183,1,0
B,H,H,7153,100,7153,1,0
C,H,H,5189,100,5189,1,0
D,H,H,1423,100,1423,1,0
E,H,H,4986,100,4986,1,0
F,H,H,7021,100,7021,1,0
G,H,H,4943,100,4943,1,0
A,B,A,4950,100,4950,1,0
A,C,A,7052,100,7052,1,0
A,D,A,4953,100,4953,1,0
A,E,A,1399,100,1399,1,0
A,F,A,5190,100,5190,1,0
A,G,A,7161,100,7161,1,0
A,H,A,5188,100,5188,1,0
A,B,B,4971,100,4971,1,0
B,C,B,4993,100,4993,1,0
B,D,B,7002,100,7002,1,0
B,E,B,5149,100,5149,1,0
B,F,B,1384,100,1384,1,0
B,G,B,5184,100,5184,1,0
B,H,B,7144,100,7144,1,0
A,C,C,7020,100,7020,1,0
B,C,C,4959,100,4959,1,0
C,D,C,4927,100,4927,1,0
C,E,C,7151,100,7151,1,0
C,F,C,5128,100,5128,1,0
C,G,C,1444,100,1444,1,0
C,H,C,5142,100,5142,1,0
A,D,D,4946,100,4946,1,0
B,D,D,6992,100,6992,1,0
C,D,D,4938,100,4938,1,0
D,E,D,5129,100,5129,1,0
D,F,D,7145,100,7145,1,0
D,G,D,5120,100,5120,1,0
D,H,D,1357,100,1357,1,0
A,E,E,1441,100,1441,1,0
B,E,E,5131,100,5131,1,0
C,E,E,7171,100,7171,1,0
D,E,E,5174,100,5174,1,0
E,F,E,4965,100,4965,1,0
E,G,E,7039,100,7039,1,0
E,H,E,4992,100,4992,1,0
A,F,F,5195,100,5195,1,0
B,F,F,1412,100,1412,1,0
C,F,F,5205,100,5205,1,0
D,F,F,7158,100,7158,1,0
E,F,F,4970,100,4970,1,0
F,G,F,4971,100,4971,1,0
F,H,F,6982,100,6982,1,0
A,G,G,7188,100,7188,1,0
B,G,G,5211,100,5211,1,0
C,G,G,1389,100,1389,1,0
D,G,G,5137,100,5137,1,0
E,G,G,7030,100,7030,1,0
F,G,G,4977,100,4977,1,0
G,H,G,4950,100,4950,1,0
A,H,H,5134,100,5134,1,0
B,H,H,7113,100,7113,1,0
C,H,H,5141,100,5141,1,0
D,H,H,1393,100,1393,1,0
E,H,H,4957,100,4957,1,0
F,H,H,7016,100,7016,1,0
G,H,H,4947,100,4947,1,0
A,B,A,4978,100,4978,1,0
A,C,A,6992,100,6992,1,0
A,D,A,4944,100,4944,1,0
A,E,A,1455,100,1455,1,0
A,F,A,5186,100,5186,1,0
A,G,A,7169,100,7169,1,0
A,H,A,5161,100,5161,1,0
A,B,B,4958,100,4958,1,0
B,C,B,4977,100,4977,1,0
B,D,B,7004,100,7004,1,0
B,E,B,5134,100,5134,1,0
B,F,B,1370,100,1370,1,0
B,G,B,5183,100,5183,1,0
B,H,B,7092,100,7092,1,0
A,C,C,7019,100,7019,1,0
B,C,C,4993,100,4993,1,0
C,D,C,4924,100,4924,1,0
C,E,C,7203,100,7203,1,0
C,F,C,5130,100,5130,1,0
C,G,C,1440,100,1440,1,0
C,H,C,5156,100,5156,1,0
A,D,D,4941,100,4941,1,0
B,D,D,7002,100,7002,1,0
C,D,D,4967,100,4967,1,0
D,E,D,5101,100,5101,1,0
D,F,D,7172,100,7172,1,0
D,G,D,5153,100,5153,1,0
D,H,D,1489,100,1489,1,0
A,E,E,1402,100,1402,1,0
B,E,E,5122,100,5122,1,0
C,E,E,7187,100,7187,1,0
D,E,E,5162,100,5162,1,0
E,F,E,4961,100,4961,1,0
E,G,E,7063,100,7063,1,0
E,H,E,4991,100,4991,1,0
A,F,F,5175,100,5175,1,0
B,F,F,1435,100,1435,1,0
C,F,F,5136,100,5136,1,0
D,F,F,7145,100,7145,1,0
E,F,F,4991,100,4991,1,0
F,G,F,4972,100,4972,1,0
F,H,F,7032,100,7032,1,0
A,G,G,7181,100,7181,1,0
B,G,G,5171,100,5171,1,0
C,G,G,1413,100,1413,1,0
D,G,G,5140,100,5140,1,0
E,G,G,7050,100,7050,1,0
F,G,G,4978,100,4978,1,0
G,H,G,4974,100,4974,1,0
A,H,H,5144,100,5144,1,0
B,H,H,7136,100,7136,1,0
C,H,H,5169,100,5169,1,0
D,H,H,1357,100,1357,1,0
E,H,H,4951,100,4951,1,0
F,H,H,7009,100,7009,1,0
G,H,H,4970,100,4970,1,0
A,B,A,4932,100,4932,1,0
A,C,A,7013,100,7013,1,0
A,D,A,4937,100,4937,1,0
A,E,A,1415,100,1415,1,0
A,F,A,5170,100,5170,1,0
A,G,A,7146,100,7146,1,0
A,H,A,5209,100,5209,1,0
A,B,B,4981,100,4981,1,0
B,C,B,5005,100,5005,1,0
B,D,B,7010,100,7010,1,0
B,E,B,5125,100,5125,1,0
B,F,B,1436,100,1436,1,0
B,G,B,5184,100,5184,1,0
B,H,B,7167,100,7167,1,0
A,C,C,7049,100,7049,1,0
B,C,C,5018,100,5018,1,0
C,D,C,4940,100,4940,1,0
C,E,C,7179,100,7179,1,0
C,F,C,5184,100,5184,1,0
C,G,C,1457,100,1457,1,0
C,H,C,5168,100,5168,1,0
A,D,D,4947,100,4947,1,0
B,D,D,7008,100,7008,1,0
C,D,D,4951,100,4951,1,0
D,E,D,5111,100,5111,1,0
D,F,D,7195,100,7195,1,0
D,G,D,5148,100,5148,1,0
D,H,D,1474,100,1474,1,0
A,E,E,1400,100,1400,1,0
B,E,E,5134,100,5134,1,0
C,E,E,7199,100,7199,1,0
D,E,E,5237,100,5237,1,0
E,F,E,4957,100,4957,1,0
E,G,E,7053,100,7053,1,0
E,H,E,4967,100,4967,1,0
A,F,F,5174,100,5174,1,0
B,F,F,1402,100,1402,1,0
C,F,F,5158,100,5158,1,0
D,F,F,7142,100,7142,1,0
E,F,F,4976,100,4976,1,0
F,G,F,4984,100,4984,1,0
F,H,F,6974,100,6974,1,0
A,G,G,7191,100,7191,1,0
B,G,G,5175,100,5175,1,0
C,G,G,1436,100,1436,1,0
D,G,G,5151,100,5151,1,0
E,G,G,7092,100,7092,1,0
F,G,G,4963,100,4963,1,0
G,H,G,4938,100,4938,1,0
A,H,H,5162,100,5162,1,0
B,H,H,7150,100,7150,1,0
C,H,H,5211,100,5211,1,0
D,H,H,1452,100,1452,1,0
E,H,H,4946,100,4946,1,0
F,H,H,7012,100,7012,1,0
G,H,H,4936,100,4936,1,0
A,B,A,4975,100,4975,1,0
A,C,A,7059,100,7059,1,0
A,D,A,4934,100,4934,1,0
A,E,A,1399,100,1399,1,0
A,F,A,5142,100,5142,1,0
A,G,A,7146,100,7146,1,0
A,H,A,5192,100,5192,1,0
A,B,B,4964,100,4964,1,0
B,C,B,4980,100,4980,1,0
B,D,B,6998,100,6998,1,0
B,E,B,5155,100,5155,1,0
B,F,B,1376,100,1376,1,0
B,G,B,5200,100,5200,1,0
B,H,B,7174,100,7174,1,0
A,C,C,7016,100,7016,1,0
B,C,C,4964,100,4964,1,0
C,D,C,4978,100,4978,1,0
C,E,C,7171,100,7171,1,0
C,F,C,5141,100,5141,1,0
C,G,C,1433,100,1433,1,0
C,H,C,5165,100,5165,1,0
A,D,D,4946,100,4946,1,0
B,D,D,7005,100,7005,1,0
C,D,D,4942,100,4942,1,0
D,E,D,5108,100,5108,1,0
D,F,D,7185,100,7185,1,0
D,G,D,5110,100,5110,1,0
D,H,D,1385,100,1385,1,0
A,E,E,1391,100,1391,1,0
B,E,E,5124,100,5124,1,0
C,E,E,7146,100,7146,1,0
D,E,E,5185,100,5185,1,0
E,F,E,4955,100,4955,1,0
E,G,E,7046,100,7046,1,0
E,H,E,5011,100,5011,1,0
A,F,F,5203,100,5203,1,0
B,F,F,1387,100,1387,1,0
C,F,F,5143,100,5143,1,0
D,F,F,7135,100,7135,1,0
E,F,F,4945,100,4945,1,0
F,G,F,4952,100,4952,1,0
F,H,F,7013,100,7013,1,0
A,G,G,7145,100,7145,1,0
B,G,G,5154,100,5154,1,0
C,G,G,1397,100,1397,1,0
D,G,G,5146,100,5146,1,0
E,G,G,7059,100,7059,1,0
F,G,G,4985,100,4985,1,0
G,H,G,4933,100,4933,1,0
A,H,H,5150,100,5150,1,0
B,H,H,7170,100,7170,1,0
C,H,H,5148,100,5148,1,0
D,H,H,1384,100,1384,1,0
E,H,H,4980,100,4980,1,0
F,H,H,6993,100,6993,1,0
G,H,H,4957,100,4957,1,0
A,B,A,4940,100,4940,1,0
A,C,A,7039,100,7039,1,0
A,D,A,4947,100,4947,1,0
A,E,A,1429,100,1429,1,0
A,F,A,5140,100,5140,1,0
A,G,A,7191,100,7191,1,0
A,H,A,5137,100,5137,1,0
A,B,B,4966,100,4966,1,0
B,C,B,4975,100,4975,1,0
B,D,B,6966,100,6966,1,0
B,E,B,5158,100,5158,1,0
B,F,B,1390,100,1390,1,0
B,G,B,5189,100,5189,1,0
B,H,B,7148,100,7148,1,0
A,C,C,6985,100,6985,1,0
B,C,C,4985,100,4985,1,0
C,D,C,4972,100,4972,1,0
C,E,C,7187,100,7187,1,0
C,F,C,5170,100,5170,1,0
C,G,C,1407,100,1407,1,0
C,H,C,5145,100,5145,1,0
A,D,D,4931,100,4931,1,0
B,D,D,6986,100,6986,1,0
C,D,D,4916,100,4916,1,0
D,E,D,5176,100,5176,1,0
D,F,D,7126,100,7126,1,0
D,G,D,5142,100,5142,1,0
D,H,D,1404,100,1404,1,0
A,E,E,1389,100,1389,1,0
B,E,E,5137,100,5137,1,0
C,E,E,7135,100,7135,1,0
D,E,E,5205,100,5205,1,0
E,F,E,4949,100,4949,1,0
E,G,E,7025,100,7025,1,0
E,H,E,4970,100,4970,1,0
A,F,F,5192,100,5192,1,0
B,F,F,1368,100,1368,1,0
C,F,F,5187,100,5187,1,0
D,F,F,7126,100,7126,1,0
E,F,F,4973,100,4973,1,0
F,G,F,4980,100,4980,1,0
F,H,F,7011,100,7011,1,0
A,G,G,7162,100,7162,1,0
B,G,G,5188,100,5188,1,0
C,G,G,1362,100,1362,1,0
D,G,G,5136,100,5136,1,0
E,G,G,7073,100,7073,1,0
F,G,G,4981,100,4981,1,0
G,H,G,4969,100,4969,1,0
A,H,H,5131,100,5131,1,0
B,H,H,7169,100,7169,1,0
C,H,H,5148,100,5148,1,0
D,H,H,1447,100,1447,1,0
E,H,H,4972,100,4972,1,0
F,H,H,6971,100,6971,1,0
G,H,H,4942,100,4942,1,0
A,B,A,4979,100,4979,1,0
A,C,A,7008,100,7008,1,0
A,D,A,4965,100,4965,1,0
A,E,A,1388,100,1388,1,0
A,F,A,5160,100,5160,1,0
A,G,A,7224,100,7224,1,0
A,H,A,5155,100,5155,1,0
A,B,B,4954,100,4954,1,0
B,C,B,4970,100,4970,1,0
B,D,B,6972,100,6972,1,0
B,E,B,5155,100,5155,1,0
B,F,B,1385,100,1385,1,0
B,G,B,5192,100,5192,1,0
B,H,B,7204,100,7204,1,0
A,C,C,7031,100,7031,1,0
B,C,C,4990,100,4990,1,0
C,D,C,4927,100,4927,1,0
C,E,C,7204,100,7204,1,0
C,F,C,5162,100,5162,1,0
C,G,C,1423,100,1423,1,0
C,H,C,5139,100,5139,1,0
A,D,D,4955,100,4955,1,0
B,D,D,7028,100,7028,1,0
C,D,D,4946,100,4946,1,0
D,E,D,5183,100,5183,1,0
D,F,D,7141,100,7141,1,0
D,G,D,5110,100,5110,1,0
D,H,D,1411,100,1411,1,0
A,E,E,1401,100,1401,1,0
B,E,E,5167,100,5167,1,0
C,E,E,7164,100,7164,1,0
D,E,E,5091,100,5091,1,0
E,F,E,4923,100,4923,1,0
E,G,E,7063,100,7063,1,0
E,H,E,4950,100,4950,1,0
A,F,F,5191,100,5191,1,0
B,F,F,1393,100,1393,1,0
C,F,F,5148,100,5148,1,0
D,F,F,7105,100,7105,1,0
E,F,F,4973,100,4973,1,0
F,G,F,4996,100,4996,1,0
F,H,F,7020,100,7020,1,0
A,G,G,7199,100,7199,1,0
B,G,G,5178,100,5178,1,0
C,G,G,1429,100,1429,1,0
D,G,G,5130,100,5130,1,0
E,G,G,7075,100,7075,1,0
F,G,G,4986,100,4986,1,0
G,H,G,4948,100,4948,1,0
A,H,H,5146,100,5146,1,0
B,H,H,7159,100,7159,1,0
C,H,H,5186,100,5186,1,0
D,H,H,1351,100,1351,1,0
E,H,H,4978,100,4978,1,0
F,H,H,7017,100,7017,1,0
G,H,H,4967,100,4967,1,0
A,B,A,4939,100,4939,1,0
A,C,A,6995,100,6995,1,0
A,D,A,4962,100,4962,1,0
A,E,A,1373,100,1373,1,0
A,F,A,5185,100,5185,1,0
A,G,A,7161,100,7161,1,0
A,H,A,5136,100,5136,1,0
A,B,B,4956,100,4956,1,0
B,C,B,4961,100,4961,1,0
B,D,B,7006,100,7006,1,0
B,E,B,5160,100,5160,1,0
B,F,B,1414,100,1414,1,0
B,G,B,5202,100,5202,1,0
B,H,B,7163,100,7163,1,0
A,C,C,7071,100,7071,1,0
B,C,C,5010,100,5010,1,0
C,D,C,4951,100,4951,1,0
C,E,C,7216,100,7216,1,0
C,F,C,5155,100,5155,1,0
C,G,C,1350,100,1350,1,0
C,H,C,5136,100,5136,1,0
A,D,D,4929,100,4929,1,0
B,D,D,6984,100,6984,1,0
C,D,D,4916,100,4916,1,0
D,E,D,5114,100,5114,1,0
D,F,D,7143,100,7143,1,0
D,G,D,5130,100,5130,1,0
D,H,D,1432,100,1432,1,0
A,E,E,1404,100,1404,1,0
B,E,E,5134,100,5134,1,0
C,E,E,7206,100,7206,1,0
D,E,E,5183,100,5183,1,0
E,F,E,4949,100,4949,1,0
E,G,E,7070,100,7070,1,0
E,H,E,4932,100,4932,1,0
A,F,F,5162,100,5162,1,0
B,F,F,1402,100,1402,1,0
C,F,F,5137,100,5137,1,0
D,F,F,7131,100,7131,1,0
E,F,F,5000,100,5000,1,0
F,G,F,4975,100,4975,1,0
F,H,F,7054,100,7054,1,0
A,G,G,7152,100,7152,1,0
B,G,G,5168,100,5168,1,0
C,G,G,1395,100,1395,1,0
D,G,G,5114,100,5114,1,0
E,G,G,7045,100,7045,1,0
F,G,G,4953,100,4953,1,0
G,H,G,4945,100,4945,1,0
A,H,H,5133,100,5133,1,0
B,H,H,7194,100,7194,1,0
C,H,H,5100,100,5100,1,0
D,H,H,1402,100,1402,1,0
E,H,H,4965,100,4965,1,0
F,H,H,7015,100,7015,1,0
G,H,H,4920,100,4920,1,0
A,B,A,4939,100,4939,1,0
A,C,A,7015,100,7015,1,0
A,D,A,4935,100,4935,1,0
A,E,A,1438,100,1438,1,0
A,F,A,5230,100,5230,1,0
A,G,A,7193,100,7193,1,0
A,H,A,5169,100,5169,1,0
A,B,B,4975,100,4975,1,0
B,C,B,5021,100,5021,1,0
B,D,B,6980,100,6980,1,0
B,E,B,5142,100,5142,1,0
B,F,B,1392,100,1392,1,0
B,G,B,5200,100,5200,1,0
B,H,B,7131,100,7131,1,0
A,C,C,7055,100,7055,1,0
B,C,C,4976,100,4976,1,0
C,D,C,4975,100,4975,1,0
C,E,C,7188,100,7188,1,0
C,F,C,5184,100,5184,1,0
C,G,C,1417,100,1417,1,0
C,H,C,5141,100,5141,1,0
A,D,D,4945,100,4945,1,0
B,D,D,6998,100,6998,1,0
C,D,D,4958,100,4958,1,0
D,E,D,5139,100,5139,1,0
D,F,D,7124,100,7124,1,0
D,G,D,5145,100,5145,1,0
D,H,D,1426,100,1426,1,0
A,E,E,1397,100,1397,1,0
B,E,E,5132,100,5132,1,0
C,E,E,7199,100,7199,1,0
D,E,E,5160,100,5160,1,0
E,F,E,4970,100,4970,1,0
E,G,E,7036,100,7036,1,0
E,H,E,4968,100,4968,1,0
A,F,F,5153,100,5153,1,0
B,F,F,1394,100,1394,1,0
C,F,F,5125,100,5125,1,0
D,F,F,7186,100,7186,1,0
E,F,F,4944,100,4944,1,0
F,G,F,4983,100,4983,1,0
F,H,F,6999,100,6999,1,0
A,G,G,7197,100,7197,1,0
B,G,G,5203,100,5203,1,0
C,G,G,1430,100,1430,1,0
D,G,G,5107,100,5107,1,0
E,G,G,7002,100,7002,1,0
F,G,G,4986,100,4986,1,0
G,H,G,4989,100,4989,1,0
A,H,H,5170,100,5170,1,0
B,H,H,7131,100,7131,1,0
C,H,H,5096,100,5096,1,0
D,H,H,1391,100,1391,1,0
E,H,H,4960,100,4960,1,0
F,H,H,7023,100,7023,1,0
G,H,H,4912,100,4912,1,0
A,B,A,4968,100,4968,1,0
A,C,A,6968,100,6968,1,0
A,D,A,4955,100,4955,1,0
A,E,A,1406,100,1406,1,0
A,F,A,5181,100,5181,1,0
A,G,A,7205,100,7205,1,0
A,H,A,5142,100,5142,1,0
A,B,B,4935,100,4935,1,0
B,C,B,4990,100,4990,1,0
B,D,B,6984,100,6984,1,0
B,E,B,5116,100,5116,1,0
B,F,B,1373,100,1373,1,0
B,G,B,5184,100,5184,1,0
B,H,B,7133,100,7133,1,0
A,C,C,7049,100,7049,1,0
B,C,C,5001,100,5001,1,0
C,D,C,4932,100,4932,1,0
C,E,C,7131,100,7131,1,0
C,F,C,5186,100,5186,1,0
C,G,C,1369,100,1369,1,0
C,H,C,5189,100,5189,1,0
A,D,D,4984,100,4984,1,0
B,D,D,7018,100,7018,1,0
C,D,D,4933,100,4933,1,0
D,E,D,5147,100,5147,1,0
D,F,D,7126,100,7126,1,0
D,G,D,5130,100,5130,1,0
D,H,D,1392,100,1392,1,0
A,E,E,1423,100,1423,1,0
B,E,E,5146,100,5146,1,0
C,E,E,7167,100,7167,1,0
D,E,E,5176,100,5176,1,0
E,F,E,4980,100,4980,1,0
E,G,E,7079,100,7079,1,0
E,H,E,4963,100,4963,1,0
A,F,F,5214,100,5214,1,0
B,F,F,1378,100,1378,1,0
C,F,F,5143,100,5143,1,0
D,F,F,7154,100,7154,1,0
E,F,F,4948,100,4948,1,0
F,G,F,4960,100,4960,1,0
F,H,F,7036,100,7036,1,0
A,G,G,7161,100,7161,1,0
B,G,G,5229,100,5229,1,0
C,G,G,1400,100,1400,1,0
D,G,G,5136,100,5136,1,0
E,G,G,7056,100,7056,1,0
F,G,G,4939,100,4939,1,0
G,H,G,4932,100,4932,1,0
A,H,H,5134,100,5134,1,0
B,H,H,7142,100,7142,1,0
C,H,H,5155,100,5155,1,0
D,H,H,1367,100,1367,1,0
E,H,H,4997,100,4997,1,0
F,H,H,7004,100,7004,1,0
G,H,H,4917,100,4917,1,0
A,B,A,4936,100,4936,1,0
A,C,A,7005,100,7005,1,0
A,D,A,4962,100,4962,1,0
A,E,A,1399,100,1399,1,0
A,F,A,5148,100,5148,1,0
A,G,A,7197,100,7197,1,0
A,H,A,5148,100,5148,1,0
A,B,B,4938,100,4938,1,0
B,C,B,4971,100,4971,1,0
B,D,B,7031,100,7031,1,0
B,E,B,5131,100,5131,1,0
B,F,B,1333,100,1333,1,0
B,G,B,5169,100,5169,1,0
B,H,B,7203,100,7203,1,0
A,C,C,7003,100,7003,1,0
B,C,C,4967,100,4967,1,0
C,D,C,4928,100,4928,1,0
C,E,C,7193,100,7193,1,0
C,F,C,5179,100,5179,1,0
C,G,C,1405,100,1405,1,0
C,H,C,5105,100,5105,1,0
A,D,D,4938,100,4938,1,0
B,D,D,6966,100,6966,1,0
C,D,D,4951,100,4951,1,0
D,E,D,5147,100,5147,1,0
D,F,D,7150,100,7150,1,0
D,G,D,5152,100,5152,1,0
D,H,D,1401,100,1401,1,0
A,E,E,1385,100,1385,1,0
B,E,E,5161,100,5161,1,0
C,E,E,7121,100,7121,1,0
D,E,E,5173,100,5173,1,0
E,F,E,4952,100,4952,1,0
E,G,E,7037,100,7037,1,0
E,H,E,5009,100,5009,1,0
A,F,F,5189,100,5189,1,0
B,F,F,1363,100,1363,1,0
C,F,F,5168,100,5168,1,0
D,F,F,7124,100,7124,1,0
E,F,F,4969,100,4969,1,0
F,G,F,4990,100,4990,1,0
F,H,F,7002,100,7002,1,0
A,G,G,7180,100,7180,1,0
B,G,G,5147,100,5147,1,0
C,G,G,1429,100,1429,1,0
D,G,G,5114,100,5114,1,0
E,G,G,7042,100,7042,1,0
F,G,G,4951,100,4951,1,0
G,H,G,4990,100,4990,1,0
A,H,H,5150,100,5150,1,0
B,H,H,7174,100,7174,1,0
C,H,H,5137,100,5137,1,0
D,H,H,1462,100,1462,1,0
E,H,H,4982,100,4982,1,0
F,H,H,7024,100,7024,1,0
G,H,H,4939,100,4939,1,0
A,B,A,4987,100,4987,1,0
A,C,A,7000,100,7000,1,0
A,D,A,4955,100,4955,1,0
A,E,A,1414,100,1414,1,0
A,F,A,5166,100,5166,1,0
A,G,A,7190,100,7190,1,0
A,H,A,5143,100,5143,1,0
A,B,B,4956,100,4956,1,0
B,C,B,4989,100,4989,1,0
B,D,B,6974,100,6974,1,0
B,E,B,5177,100,5177,1,0
B,F,B,1352,100,1352,1,0
B,G,B,5204,100,5204,1,0
B,H,B,7118,100,7118,1,0
A,C,C,7035,100,7035,1,0
B,C,C,4988,100,4988,1,0
C,D,C,4904,100,4904,1,0
C,E,C,7141,100,7141,1,0
C,F,C,5159,100,5159,1,0
C,G,C,1423,100,1423,1,0
C,H,C,5119,100,5119,1,0
A,D,D,4941,100,4941,1,0
B,D,D,6962,100,6962,1,0
C,D,D,4943,100,4943,1,0
D,E,D,5183,100,5183,1,0
D,F,D,7091,100,7091,1,0
D,G,D,5131,100,5131,1,0
D,H,D,1400,100,1400,1,0
A,E,E,1378,100,1378,1,0
B,E,E,5145,100,5145,1,0
C,E,E,7201,100,7201,1,0
D,E,E,5108,100,5108,1,0
E,F,E,4979,100,4979,1,0
E,G,E,7061,100,7061,1,0
E,H,E,4944,100,4944,1,0
A,F,F,5160,100,5160,1,0
B,F,F,1415,100,1415,1,0
C,F,F,5143,100,5143,1,0
D,F,F,7103,100,7103,1,0
E,F,F,4956,100,4956,1,0
F,G,F,4985,100,4985,1,0
F,H,F,6994,100,6994,1,0
A,G,G,7179,100,7179,1,0
B,G,G,5184,100,5184,1,0
C,G,G,1417,100,1417,1,0
D,G,G,5121,100,5121,1,0
E,G,G,7030,100,7030,1,0
F,G,G,4970,100,4970,1,0
G,H,G,4968,100,4968,1,0
A,H,H,5121,100,5121,1,0
B,H,H,7177,100,7177,1,0
C,H,H,5140,100,5140,1,0
D,H,H,1407,100,1407,1,0
E,H,H,4962,100,4962,1,0
F,H,H,7059,100,7059,1,0
G,H,H,4931,100,4931,1,0
A,B,A,4934,100,4934,1,0
A,C,A,6985,100,6985,1,0
A,D,A,4951,100,4951,1,0
A,E,A,1394,100,1394,1,0
A,F,A,5168,100,5168,1,0
A,G,A,7203,100,7203,1,0
A,H,A,5171,100,5171,1,0
A,B,B,4924,100,4924,1,0
B,C,B,4975,100,4975,1,0
B,D,B,6963,100,6963,1,0
B,E,B,5126,100,5126,1,0
B,F,B,1387,100,1387,1,0
B,G,B,5164,100,5164,1,0
B,H,B,7146,100,7146,1,0
A,C,C,7019,100,7019,1,0
B,C,C,4981,100,4981,1,0
C,D,C,4964,100,4964,1,0
C,E,C,7192,100,7192,1,0
C,F,C,5165,100,5165,1,0
C,G,C,1409,100,1409,1,0
C,H,C,5114,100,5114,1,0
A,D,D,4983,100,4983,1,0
B,D,D,7028,100,7028,1,0
C,D,D,4917,100,4917,1,0
D,E,D,5116,100,5116,1,0
D,F,D,7162,100,7162,1,0
D,G,D,5136,100,5136,1,0
D,H,D,1449,100,1449,1,0
A,E,E,1383,100,1383,1,0
B,E,E,5173,100,5173,1,0
C,E,E,7214,100,7214,1,0
D,E,E,5166,100,5166,1,0
E,F,E,4961,100,4961,1,0
E,G,E,7054,100,7054,1,0
E,H,E,4945,100,4945,1,0
A,F,F,5163,100,5163,1,0
B,F,F,1394,100,1394,1,0
C,F,F,5144,100,5144,1,0
D,F,F,7147,100,7147,1,0
E,F,F,5009,100,5009,1,0
F,G,F,4984,100,4984,1,0
F,H,F,7008,100,7008,1,0
A,G,G,7144,100,7144,1,0
B,G,G,5201,100,5201,1,0
C,G,G,1399,100,1399,1,0
D,G,G,5150,100,5150,1,0
E,G,G,7069,100,7069,1,0
F,G,G,4987,100,4987,1,0
G,H,G,4961,100,4961,1,0
A,H,H,5124,100,5124,1,0
B,H,H,7209,100,7209,1,0
C,H,H,5154,100,5154,1,0
D,H,H,1422,100,1422,1,0
E,H,H,4978,100,4978,1,0
F,H,H,7031,100,7031,1,0
G,H,H,4962,100,4962,1,0
A,B,A,4974,100,4974,1,0
A,C,A,7020,100,7020,1,0
A,D,A,4957,100,4957,1,0
A,E,A,1411,100,1411,1,0
A,F,A,5171,100,5171,1,0
A,G,A,7171,100,7171,1,0
A,H,A,5120,100,5120,1,0
A,B,B,4953,100,4953,1,0
B,C,B,4963,100,4963,1,0
B,D,B,7009,100,7009,1,0
B,E,B,5159,100,5159,1,0
B,F,B,1400,100,1400,1,0
B,G,B,5163,100,5163,1,0
B,H,B,7139,100,7139,1,0
A,C,C,6975,100,6975,1,0
B,C,C,4995,100,4995,1,0
C,D,C,4953,100,4953,1,0
C,E,C,7171,100,7171,1,0
C,F,C,5149,100,5149,1,0
C,G,C,1350,100,1350,1,0
C,H,C,5156,100,5156,1,0
A,D,D,4940,100,4940,1,0
B,D,D,7025,100,7025,1,0
C,D,D,4958,100,4958,1,0
D,E,D,5144,100,5144,1,0
D,F,D,7147,100,7147,1,0
D,G,D,5141,100,5141,1,0
D,H,D,1388,100,1388,1,0
A,E,E,1378,100,1378,1,0
B,E,E,5109,100,5109,1,0
C,E,E,7173,100,7173,1,0
D,E,E,5190,100,5190,1,0
E,F,E,4983,100,4983,1,0
E,G,E,7044,100,7044,1,0
E,H,E,5000,100,5000,1,0
A,F,F,5178,100,5178,1,0
B,F,F,1406,100,1406,1,0
C,F,F,5139,100,5139,1,0
D,F,F,7123,100,7123,1,0
E,F,F,4992,100,4992,1,0
F,G,F,4978,100,4978,1,0
F,H,F,6961,100,6961,1,0
A,G,G,7153,100,7153,1,0
B,G,G,5218,100,5218,1,0
C,G,G,1439,100,1439,1,0
D,G,G,5126,100,5126,1,0
E,G,G,7067,100,7067,1,0
F,G,G,4944,100,4944,1,0
G,H,G,4964,100,4964,1,0
A,H,H,5185,100,5185,1,0
B,H,H,7187,100,7187,1,0
C,H,H,5119,100,5119,1,0
D,H,H,1366,100,1366,1,0
E,H,H,4985,100,4985,1,0
F,H,H,7025,100,7025,1,0
G,H,H,4971,100,4971,1,0
A,B,A,4946,100,4946,1,0
A,C,A,7013,100,7013,1,0
A,D,A,4941,100,4941,1,0
A,E,A,1403,100,1403,1,0
A,F,A,5162,100,5162,1,0
A,G,A,7171,100,7171,1,0
A,H,A,5169,100,5169,1,0
A,B,B,4951,100,4951,1,0
B,C,B,4963,100,4963,1,0
B,D,B,6993,100,6993,1,0
B,E,B,5171,100,5171,1,0
B,F,B,1393,100,1393,1,0
B,G,B,5185,100,5185,1,0
B,H,B,7122,100,7122,1,0
A,C,C,7048,100,7048,1,0
B,C,C,4972,100,4972,1,0
C,D,C,4904,100,4904,1,0
C,E,C,7176,100,7176,1,0
C,F,C,5136,100,5136,1,0
C,G,C,1429,100,1429,1,0
C,H,C,5141,100,5141,1,0
A,D,D,4941,100,4941,1,0
B,D,D,6990,100,6990,1,0
C,D,D,4938,100,4938,1,0
D,E,D,5205,100,5205,1,0
D,F,D,7163,100,7163,1,0
D,G,D,5106,100,5106,1,0
D,H,D,1404,100,1404,1,0
A,E,E,1382,100,1382,1,0
B,E,E,5110,100,5110,1,0
C,E,E,7151,100,7151,1,0
D,E,E,5183,100,5183,1,0
E,F,E,4938,100,4938,1,0
E,G,E,7045,100,7045,1,0
E,H,E,4934,100,4934,1,0
A,F,F,5173,100,5173,1,0
B,F,F,1381,100,1381,1,0
C,F,F,5136,100,5136,1,0
D,F,F,7168,100,7168,1,0
E,F,F,5005,100,5005,1,0
F,G,F,4959,100,4959,1,0
F,H,F,7039,100,7039,1,0
A,G,G,7181,100,7181,1,0
B,G,G,5220,100,5220,1,0
C,G,G,1365,100,1365,1,0
D,G,G,5160,100,5160,1,0
E,G,G,7029,100,7029,1,0
F,G,G,4944,100,4944,1,0
G,H,G,5000,100,5000,1,0
A,H,H,5196,100,5196,1,0
B,H,H,7137,100,7137,1,0
C,H,H,5147,100,5147,1,0
D,H,H,1415,100,1415,1,0
E,H,H,4995,100,4995,1,0
F,H,H,6993,100,6993,1,0
G,H,H,4937,100,4937,1,0
A,B,A,4977,100,4977,1,0
A,C,A,7031,100,7031,1,0
A,D,A,4961,100,4961,1,0
A,E,A,1381,100,1381,1,0
A,F,A,5137,100,5137,1,0
A,G,A,7137,100,7137,1,0
A,H,A,5122,100,5122,1,0
A,B,B,4937,100,4937,1,0
B,C,B,4994,100,4994,1,0
B,D,B,7041,100,7041,1,0
B,E,B,5127,100,5127,1,0
B,F,B,1401,100,1401,1,0
B,G,B,5164,100,5164,1,0
B,H,B,7141,100,7141,1,0
A,C,C,6999,100,6999,1,0
B,C,C,4991,100,4991,1,0
C,D,C,4931,100,4931,1,0
C,E,C,7186,100,7186,1,0
C,F,C,5147,100,5147,1,0
C,G,C,1440,100,1440,1,0
C,H,C,5189,100,5189,1,0
A,D,D,4929,100,4929,1,0
B,D,D,7018,100,7018,1,0
C,D,D,4912,100,4912,1,0
D,E,D,5129,100,5129,1,0
D,F,D,7172,100,7172,1,0
D,G,D,5141,100,5141,1,0
D,H,D,1393,100,1393,1,0
A,E,E,1416,100,1416,1,0
B,E,E,5138,100,5138,1,0
C,E,E,7201,100,7201,1,0
D,E,E,5159,100,5159,1,0
E,F,E,4996,100,4996,1,0
E,G,E,7033,100,7033,1,0
E,H,E,4954,100,4954,1,0
A,F,F,5151,100,5151,1,0
B,F,F,1401,100,1401,1,0
C,F,F,5184,100,5184,1,0
D,F,F,7138,100,7138,1,0
E,F,F,5002,100,5002,1,0
F,G,F,4960,100,4960,1,0
F,H,F,6995,100,6995,1,0
A,G,G,7176,100,7176,1,0
B,G,G,5169,100,5169,1,0
C,G,G,1397,100,1397,1,0
D,G,G,5114,100,5114,1,0
E,G,G,7043,100,7043,1,0
F,G,G,4962,100,4962,1,0
G,H,G,4904,100,4904,1,0
A,H,H,5145,100,5145,1,0
B,H,H,7096,100,7096,1,0
C,H,H,5133,100,5133,1,0
D,H,H,1462,100,1462,1,0
E,H,H,4974,100,4974,1,0
F,H,H,7038,100,7038,1,0
G,H,H,4912,100,4912,1,0
A,B,A,4967,100,4967,1,0
A,C,A,7093,100,7093,1,0
A,D,A,4951,100,4951,1,0
A,E,A,1405,100,1405,1,0
A,F,A,5181,100,5181,1,0
A,G,A,7179,100,7179,1,0
A,H,A,5153,100,5153,1,0
A,B,B,4961,100,4961,1,0
B,C,B,4991,100,4991,1,0
B,D,B,7002,100,7002,1,0
B,E,B,5118,100,5118,1,0
B,F,B,1418,100,1418,1,0
B,G,B,5185,100,5185,1,0
B,H,B,7129,100,7129,1,0
A,C,C,7000,100,7000,1,0
B,C,C,4996,100,4996,1,0
C,D,C,4957,100,4957,1,0
C,E,C,7200,100,7200,1,0
C,F,C,5170,100,5170,1,0
C,G,C,1408,100,1408,1,0
C,H,C,5155,100,5155,1,0
A,D,D,4948,100,4948,1,0
B,D,D,7017,100,7017,1,0
C,D,D,4932,100,4932,1,0
D,E,D,5154,100,5154,1,0
D,F,D,7108,100,7108,1,0
D,G,D,5106,100,5106,1,0
D,H,D,1374,100,1374,1,0
A,E,E,1382,100,1382,1,0
B,E,E,5139,100,5139,1,0
C,E,E,7139,100,7139,1,0
D,E,E,5205,100,5205,1,0
E,F,E,4942,100,4942,1,0
E,G,E,7045,100,7045,1,0
E,H,E,4994,100,4994,1,0
A,F,F,5182,100,5182,1,0
B,F,F,1402,100,1402,1,0
C,F,F,5189,100,5189,1,0
D,F,F,7140,100,7140,1,0
E,F,F,4948,100,4948,1,0
F,G,F,4974,100,4974,1,0
F,H,F,7002,100,7002,1,0
A,G,G,7176,100,7176,1,0
B,G,G,5217,100,5217,1,0
C,G,G,1413,100,1413,1,0
D,G,G,5183,100,5183,1,0
E,G,G,7042,100,7042,1,0
F,G,G,4967,100,4967,1,0
G,H,G,4936,100,4936,1,0
A,H,H,5172,100,5172,1,0
B,H,H,7151,100,7151,1,0
C,H,H,5158,100,5158,1,0
D,H,H,1466,100,1466,1,0
E,H,H,4959,100,4959,1,0
F,H,H,7000,100,7000,1,0
G,H,H,4947,100,4947,1,0
A,B,A,4960,100,4960,1,0
A,C,A,6975,100,6975,1,0
A,D,A,4924,100,4924,1,0
A,E,A,1397,100,1397,1,0
A,F,A,5151,100,5151,1,0
A,G,A,7198,100,7198,1,0
A,H,A,5133,100,5133,1,0
A,B,B,4995,100,4995,1,0
B,C,B,4974,100,4974,1,0
B,D,B,7024,100,7024,1,0
B,E,B,5137,100,5137,1,0
B,F,B,1388,100,1388,1,0
B,G,B,5213,100,5213,1,0
B,H,B,7191,100,7191,1,0
A,C,C,7067,100,7067,1,0
B,C,C,4988,100,4988,1,0
C,D,C,4933,100,4933,1,0
C,E,C,7165,100,7165,1,0
C,F,C,5152,100,5152,1,0
C,G,C,1407,100,1407,1,0
C,H,C,5112,100,5112,1,0
A,D,D,4948,100,4948,1,0
B,D,D,6964,100,6964,1,0
C,D,D,4916,100,4916,1,0
D,E,D,5132,100,5132,1,0
D,F,D,7133,100,7133,1,0
D,G,D,5118,100,5118,1,0
D,H,D,1383,100,1383,1,0
A,E,E,1364,100,1364,1,0
B,E,E,5144,100,5144,1,0
C,E,E,7233,100,7233,1,0
D,E,E,5124,100,5124,1,0
E,F,E,4985,100,4985,1,0
E,G,E,7064,100,7064,1,0
E,H,E,4968,100,4968,1,0
A,F,F,5157,100,5157,1,0
B,F,F,1380,100,1380,1,0
C,F,F,5152,100,5152,1,0
D,F,F,7139,100,7139,1,0
E,F,F,4955,100,4955,1,0
F,G,F,4955,100,4955,1,0
F,H,F,7033,100,7033,1,0
A,G,G,7191,100,7191,1,0
B,G,G,5210,100,5210,1,0
C,G,G,1383,100,1383,1,0
D,G,G,5176,100,5176,1,0
E,G,G,7035,100,7035,1,0
F,G,G,4966,100,4966,1,0
G,H,G,4928,100,4928,1,0
A,H,H,5131,100,5131,1,0
B,H,H,7150,100,7150,1,0
C,H,H,5142,100,5142,1,0
D,H,H,1406,100,1406,1,0
E,H,H,4948,100,4948,1,0
F,H,H,6985,100,6985,1,0
G,H,H,4960,100,4960,1,0
A,B,A,4926,100,4926,1,0
A,C,A,7027,100,7027,1,0
A,D,A,4920,100,4920,1,0
A,E,A,1407,100,1407,1,0
A,F,A,5180,100,5180,1,0
A,G,A,7192,100,7192,1,0
A,H,A,5118,100,5118,1,0
A,B,B,4930,100,4930,1,0
B,C,B,5007,100,5007,1,0
B,D,B,7054,100,7054,1,0
B,E,B,5173,100,5173,1,0
B,F,B,1416,100,1416,1,0
B,G,B,5212,100,5212,1,0
B,H,B,7109,100,7109,1,0
A,C,C,7012,100,7012,1,0
B,C,C,4966,100,4966,1,0
C,D,C,4958,100,4958,1,0
C,E,C,7166,100,7166,1,0
C,F,C,5164,100,5164,1,0
C,G,C,1372,100,1372,1,0
C,H,C,5179,100,5179,1,0
A,D,D,4957,100,4957,1,0
B,D,D,7036,100,7036,1,0
C,D,D,4921,100,4921,1,0
D,E,D,5189,100,5189,1,0
D,F,D,7163,100,7163,1,0
D,G,D,5182,100,5182,1,0
D,H,D,1420,100,1420,1,0
A,E,E,1369,100,1369,1,0
B,E,E,5140,100,5140,1,0
C,E,E,7169,100,7169,1,0
D,E,E,5138,100,5138,1,0
E,F,E,4972,100,4972,1,0
E,G,E,7065,100,7065,1,0
E,H,E,4944,100,4944,1,0
A,F,F,5206,100,5206,1,0
B,F,F,1388,100,1388,1,0
C,F,F,5163,100,5163,1,0
D,F,F,7120,100,7120,1,0
E,F,F,4958,100,4958,1,0
F,G,F,4963,100,4963,1,0
F,H,F,7019,100,7019,1,0
A,G,G,7175,100,7175,1,0
B,G,G,5178,100,5178,1,0
C,G,G,1374,100,1374,1,0
D,G,G,5158,100,5158,1,0
E,G,G,7047,100,7047,1,0
F,G,G,4981,100,4981,1,0
G,H,G,4929,100,4929,1,0
A,H,H,5148,100,5148,1,0
B,H,H,7116,100,7116,1,0
C,H,H,5165,100,5165,1,0
D,H,H,1421,100,1421,1,0
E,H,H,4958,100,4958,1,0
F,H,H,7016,100,7016,1,0
G,H,H,4963,100,4963,1,0
A,B,A,4943,100,4943,1,0
A,C,A,7019,100,7019,1,0
A,D,A,4936,100,4936,1,0
A,E,A,1411,100,1411,1,0
A,F,A,5178,100,5178,1,0
A,G,A,7205,100,7205,1,0
A,H,A,5117,100,5117,1,0
A,B,B,4950,100,4950,1,0
B,C,B,4965,100,4965,1,0
B,D,B,6976,100,6976,1,0
B,E,B,5111,100,5111,1,0
B,F,B,1422,100,1422,1,0
B,G,B,5202,100,5202,1,0
B,H,B,7189,100,7189,1,0
A,C,C,7010,100,7010,1,0
B,C,C,4979,100,4979,1,0
C,D,C,4947,100,4947,1,0
C,E,C,7196,100,7196,1,0
C,F,C,5143,100,5143,1,0
C,G,C,1381,100,1381,1,0
C,H,C,5135,100,5135,1,0
A,D,D,4970,100,4970,1,0
B,D,D,7008,100,7008,1,0
C,D,D,4948,100,4948,1,0
D,E,D,5198,100,5198,1,0
D,F,D,7143,100,7143,1,0
D,G,D,5139,100,5139,1,0
D,H,D,1451,100,1451,1,0
A,E,E,1405,100,1405,1,0
B,E,E,5158,100,5158,1,0
C,E,E,7212,100,7212,1,0
D,E,E,5160,100,5160,1,0
E,F,E,4992,100,4992,1,0
E,G,E,7030,100,7030,1,0
E,H,E,4952,100,4952,1,0
A,F,F,5166,100,5166,1,0
B,F,F,1393,100,1393,1,0
C,F,F,5149,100,5149,1,0
D,F,F,7133,100,7133,1,0
E,F,F,4931,100,4931,1,0
F,G,F,4980,100,4980,1,0
F,H,F,6931,100,6931,1,0
A,G,G,7188,100,7188,1,0
B,G,G,5137,100,5137,1,0
C,G,G,1426,100,1426,1,0
D,G,G,5144,100,5144,1,0
E,G,G,7049,100,7049,1,0
F,G,G,4968,100,4968,1,0
G,H,G,4930,100,4930,1,0
A,H,H,5121,100,5121,1,0
B,H,H,7170,100,7170,1,0
C,H,H,5175,100,5175,1,0
D,H,H,1469,100,1469,1,0
E,H,H,4993,100,4993,1,0
F,H,H,6995,100,6995,1,0
G,H,H,4949,100,4949,1,0
A,B,A,4947,100,4947,1,0
A,C,A,6983,100,6983,1,0
A,D,A,4941,100,4941,1,0
A,E,A,1428,100,1428,1,0
A,F,A,5178,100,5178,1,0
A,G,A,7189,100,7189,1,0
A,H,A,5149,100,5149,1,0
A,B,B,4990,100,4990,1,0
B,C,B,4989,100,4989,1,0
B,D,B,7028,100,7028,1,0
B,E,B,5114,100,5114,1,0
B,F,B,1345,100,1345,1,0
B,G,B,5174,100,5174,1,0
B,H,B,7182,100,7182,1,0
A,C,C,7003,100,7003,1,0
B,C,C,4963,100,4963,1,0
C,D,C,4959,100,4959,1,0
C,E,C,7167,100,7167,1,0
C,F,C,5142,100,5142,1,0
C,G,C,1382,100,1382,1,0
C,H,C,5141,100,5141,1,0
A,D,D,4935,100,4935,1,0
B,D,D,7035,100,7035,1,0
C,D,D,4964,100,4964,1,0
D,E,D,5183,100,5183,1,0
D,F,D,7168,100,7168,1,0
D,G,D,5108,100,5108,1,0
D,H,D,1454,100,1454,1,0
A,E,E,1374,100,1374,1,0
B,E,E,5137,100,5137,1,0
C,E,E,7176,100,7176,1,0
D,E,E,5091,100,5091,1,0
E,F,E,4992,100,4992,1,0
E,G,E,7026,100,7026,1,0
E,H,E,4990,100,4990,1,0
A,F,F,5172,100,5172,1,0
B,F,F,1391,100,1391,1,0
C,F,F,5172,100,5172,1,0
D,F,F,7160,100,7160,1,0
E,F,F,5006,100,5006,1,0
F,G,F,4944,100,4944,1,0
F,H,F,7031,100,7031,1,0
A,G,G,7162,100,7162,1,0
B,G,G,5183,100,5183,1,0
C,G,G,1394,100,1394,1,0
D,G,G,5142,100,5142,1,0
E,G,G,7037,100,7037,1,0
F,G,G,4951,100,4951,1,0
G,H,G,4966,100,4966,1,0
A,H,H,5120,100,5120,1,0
B,H,H,7146,100,7146,1,0
C,H,H,5150,100,5150,1,0
D,H,H,1398,100,1398,1,0
E,H,H,4989,100,4989,1,0
F,H,H,7006,100,7006,1,0
G,H,H,4947,100,4947,1,0
A,B,A,4949,100,4949,1,0
A,C,A,6987,100,6987,1,0
A,D,A,4940,100,4940,1,0
A,E,A,1477,100,1477,1,0
A,F,A,5158,100,5158,1,0
A,G,A,7184,100,7184,1,0
A,H,A,5190,100,5190,1,0
A,B,B,4952,100,4952,1,0
B,C,B,4996,100,4996,1,0
B,D,B,6958,100,6958,1,0
B,E,B,5166,100,5166,1,0
B,F,B,1371,100,1371,1,0
B,G,B,5167,100,5167,1,0
B,H,B,7155,100,7155,1,0
A,C,C,7022,100,7022,1,0
B,C,C,4975,100,4975,1,0
C,D,C,4935,100,4935,1,0
C,E,C,7162,100,7162,1,0
C,F,C,5172,100,5172,1,0
C,G,C,1383,100,1383,1,0
C,H,C,5131,100,5131,1,0
A,D,D,4933,100,4933,1,0
B,D,D,7004,100,7004,1,0
C,D,D,4961,100,4961,1,0
D,E,D,5150,100,5150,1,0
D,F,D,7129,100,7129,1,0
D,G,D,5147,100,5147,1,0
D,H,D,1400,100,1400,1,0
A,E,E,1407,100,1407,1,0
B,E,E,5168,100,5168,1,0
C,E,E,7151,100,7151,1,0
D,E,E,5125,100,5125,1,0
E,F,E,4962,100,4962,1,0
E,G,E,7082,100,7082,1,0
E,H,E,4966,100,4966,1,0
A,F,F,5164,100,5164,1,0
B,F,F,1379,100,1379,1,0
C,F,F,5144,100,5144,1,0
D,F,F,7130,100,7130,1,0
E,F,F,4962,100,4962,1,0
F,G,F,4977,100,4977,1,0
F,H,F,6993,100,6993,1,0
A,G,G,7157,100,7157,1,0
B,G,G,5234,100,5234,1,0
C,G,G,1385,100,1385,1,0
D,G,G,5162,100,5162,1,0
E,G,G,7045,100,7045,1,0
F,G,G,4968,100,4968,1,0
G,H,G,4979,100,4979,1,0
A,H,H,5167,100,5167,1,0
B,H,H,7127,100,7127,1,0
C,H,H,5123,100,5123,1,0
D,H,H,1436,100,1436,1,0
E,H,H,4965,100,4965,1,0
F,H,H,7025,100,7025,1,0
G,H,H,4997,100,4997,1,0
A,B,A,4973,100,4973,1,0
A,C,A,6976,100,6976,1,0
A,D,A,4945,100,4945,1,0
A,E,A,1409,100,1409,1,0
A,F,A,5180,100,5180,1,0
A,G,A,7190,100,7190,1,0
A,H,A,5189,100,5189,1,0
A,B,B,4949,100,4949,1,0
B,C,B,5005,100,5005,1,0
B,D,B,7024,100,7024,1,0
B,E,B,5140,100,5140,1,0
B,F,B,1367,100,1367,1,0
B,G,B,5228,100,5228,1,0
B,H,B,7173,100,7173,1,0
A,C,C,6963,100,6963,1,0
B,C,C,4992,100,4992,1,0
C,D,C,4905,100,4905,1,0
C,E,C,7167,100,7167,1,0
C,F,C,5159,100,5159,1,0
C,G,C,1435,100,1435,1,0
C,H,C,5135,100,5135,1,0
A,D,D,4956,100,4956,1,0
B,D,D,7053,100,7053,1,0
C,D,D,4966,100,4966,1,0
D,E,D,5216,100,5216,1,0
D,F,D,7112,100,7112,1,0
D,G,D,5136,100,5136,1,0
D,H,D,1396,100,1396,1,0
A,E,E,1439,100,1439,1,0
B,E,E,5120,100,5120,1,0
C,E,E,7171,100,7171,1,0
D,E,E,5178,100,5178,1,0
E,F,E,4971,100,4971,1,0
E,G,E,7072,100,7072,1,0
E,H,E,4971,100,4971,1,0
A,F,F,5202,100,5202,1,0
B,F,F,1394,100,1394,1,0
C,F,F,5159,100,5159,1,0
D,F,F,7147,100,7147,1,0
E,F,F,4983,100,4983,1,0
F,G,F,4974,100,4974,1,0
F,H,F,6963,100,6963,1,0
A,G,G,7176,100,7176,1,0
B,G,G,5163,100,5163,1,0
C,G,G,1412,100,1412,1,0
D,G,G,5124,100,5124,1,0
E,G,G,7055,100,7055,1,0
F,G,G,4978,100,4978,1,0
G,H,G,4904,100,4904,1,0
A,H,H,5159,100,5159,1,0
B,H,H,7144,100,7144,1,0
C,H,H,5138,100,5138,1,0
D,H,H,1408,100,1408,1,0
E,H,H,4967,100,4967,1,0
F,H,H,6972,100,6972,1,0
G,H,H,4984,100,4984,1,0
A,B,A,4974,100,4974,1,0
A,C,A,6971,100,6971,1,0
A,D,A,4926,100,4926,1,0
A,E,A,1385,100,1385,1,0
A,F,A,5152,100,5152,1,0
A,G,A,7169,100,7169,1,0
A,H,A,5148,100,5148,1,0
A,B,B,4946,100,4946,1,0
B,C,B,4967,100,4967,1,0
B,D,B,6986,100,6986,1,0
B,E,B,5165,100,5165,1,0
B,F,B,1402,100,1402,1,0
B,G,B,5178,100,5178,1,0
B,H,B,7139,100,7139,1,0
A,C,C,7031,100,7031,1,0
B,C,C,4992,100,4992,1,0
C,D,C,4986,100,4986,1,0
C,E,C,7155,100,7155,1,0
C,F,C,5148,100,5148,1,0
C,G,C,1378,100,1378,1,0
C,H,C,5157,100,5157,1,0
A,D,D,4927,100,4927,1,0
B,D,D,6986,100,6986,1,0
C,D,D,4942,100,4942,1,0
D,E,D,5100,100,5100,1,0
D,F,D,7135,100,7135,1,0
D,G,D,5151,100,5151,1,0
D,H,D,1372,100,1372,1,0
A,E,E,1411,100,1411,1,0
B,E,E,5138,100,5138,1,0
C,E,E,7201,100,7201,1,0
D,E,E,5200,100,5200,1,0
E,F,E,4981,100,4981,1,0
E,G,E,7061,100,7061,1,0
E,H,E,4971,100,4971,1,0
A,F,F,5175,100,5175,1,0
B,F,F,1405,100,1405,1,0
C,F,F,5165,100,5165,1,0
D,F,F,7116,100,7116,1,0
E,F,F,4963,100,4963,1,0
F,G,F,5003,100,5003,1,0
F,H,F,6944,100,6944,1,0
A,G,G,7184,100,7184,1,0
B,G,G,5168,100,5168,1,0
C,G,G,1412,100,1412,1,0
D,G,G,5111,100,5111,1,0
E,G,G,7071,100,7071,1,0
F,G,G,4976,100,4976,1,0
G,H,G,4933,100,4933,1,0
A,H,H,5228,100,5228,1,0
B,H,H,7170,100,7170,1,0
C,H,H,5155,100,5155,1,0
D,H,H,1432,100,1432,1,0
E,H,H,4970,100,4970,1,0
F,H,H,6998,100,6998,1,0
G,H,H,4940,100,4940,1,0
A,B,A,4982,100,4982,1,0
A,C,A,7066,100,7066,1,0
A,D,A,4958,100,4958,1,0
A,E,A,1399,100,1399,1,0
A,F,A,5224,100,5224,1,0
A,G,A,7157,100,7157,1,0
A,H,A,5117,100,5117,1,0
A,B,B,4962,100,4962,1,0
B,C,B,4986,100,4986,1,0
B,D,B,6974,100,6974,1,0
B,E,B,5100,100,5100,1,0
B,F,B,1379,100,1379,1,0
B,G,B,5154,100,5154,1,0
B,H,B,7215,100,7215,1,0
A,C,C,7025,100,7025,1,0
B,C,C,4972,100,4972,1,0
C,D,C,4937,100,4937,1,0
C,E,C,7152,100,7152,1,0
C,F,C,5165,100,5165,1,0
C,G,C,1422,100,1422,1,0
C,H,C,5132,100,5132,1,0
A,D,D,4968,100,4968,1,0
B,D,D,6991,100,6991,1,0
C,D,D,4958,100,4958,1,0
D,E,D,5189,100,5189,1,0
D,F,D,7106,100,7106,1,0
D,G,D,5159,100,5159,1,0
D,H,D,1475,100,1475,1,0
A,E,E,1422,100,1422,1,0
B,E,E,5161,100,5161,1,0
C,E,E,7171,100,7171,1,0
D,E,E,5161,100,5161,1,0
E,F,E,4984,100,4984,1,0
E,G,E,7061,100,7061,1,0
E,H,E,4976,100,4976,1,0
A,F,F,5181,100,5181,1,0
B,F,F,1403,100,1403,1,0
C,F,F,5116,100,5116,1,0
D,F,F,7120,100,7120,1,0
E,F,F,5017,100,5017,1,0
F,G,F,5006,100,5006,1,0
F,H,F,6981,100,6981,1,0
A,G,G,7174,100,7174,1,0
B,G,G,5173,100,5173,1,0
C,G,G,1420,100,1420,1,0
D,G,G,5133,100,5133,1,0
E,G,G,7082,100,7082,1,0
F,G,G,4966,100,4966,1,0
G,H,G,4968,100,4968,1,0
A,H,H,5160,100,5160,1,0
B,H,H,7150,100,7150,1,0
C,H,H,5163,100,5163,1,0
D,H,H,1406,100,1406,1,0
E,H,H,5002,100,5002,1,0
F,H,H,6979,100,6979,1,0
G,H,H,4965,100,4965,1,0
A,B,A,4973,100,4973,1,0
A,C,A,7091,100,7091,1,0
A,D,A,4956,100,4956,1,0
A,E,A,1422,100,1422,1,0
A,F,A,5162,100,5162,1,0
A,G,A,7184,100,7184,1,0
A,H,A,5140,100,5140,1,0
A,B,B,4939,100,4939,1,0
B,C,B,4978,100,4978,1,0
B,D,B,6992,100,6992,1,0
B,E,B,5146,100,5146,1,0
B,F,B,1388,100,1388,1,0
B,G,B,5189,100,5189,1,0
B,H,B,7097,100,7097,1,0
A,C,C,7018,100,7018,1,0
B,C,C,4999,100,4999,1,0
C,D,C,4953,100,4953,1,0
C,E,C,7171,100,7171,1,0
C,F,C,5160,100,5160,1,0
C,G,C,1381,100,1381,1,0
C,H,C,5096,100,5096,1,0
A,D,D,4949,100,4949,1,0
B,D,D,6983,100,6983,1,0
C,D,D,4985,100,4985,1,0
D,E,D,5184,100,5184,1,0
D,F,D,7176,100,7176,1,0
D,G,D,5101,100,5101,1,0
D,H,D,1347,100,1347,1,0
A,E,E,1373,100,1373,1,0
B,E,E,5123,100,5123,1,0
C,E,E,7190,100,7190,1,0
D,E,E,5168,100,5168,1,0
E,F,E,4980,100,4980,1,0
E,G,E,7056,100,7056,1,0
E,H,E,4962,100,4962,1,0
A,F,F,5185,100,5185,1,0
B,F,F,1432,100,1432,1,0
C,F,F,5155,100,5155,1,0
D,F,F,7170,100,7170,1,0
E,F,F,4958,100,4958,1,0
F,G,F,4995,100,4995,1,0
F,H,F,7002,100,7002,1,0
A,G,G,7145,100,7145,1,0
B,G,G,5180,100,5180,1,0
C,G,G,1372,100,1372,1,0
D,G,G,5147,100,5147,1,0
E,G,G,7057,100,7057,1,0
F,G,G,4967,100,4967,1,0
G,H,G,4887,100,4887,1,0
A,H,H,5155,100,5155,1,0
B,H,H,7139,100,7139,1,0
C,H,H,5131,100,5131,1,0
D,H,H,1430,100,1430,1,0
E,H,H,4982,100,4982,1,0
F,H,H,6998,100,6998,1,0
G,H,H,4991,100,4991,1,0
A,B,A,4921,100,4921,1,0
A,C,A,7000,100,7000,1,0
A,D,A,4935,100,4935,1,0
A,E,A,1427,100,1427,1,0
A,F,A,5171,100,5171,1,0
A,G,A,7193,100,7193,1,0
A,H,A,5122,100,5122,1,0
A,B,B,4943,100,4943,1,0
B,C,B,4997,100,4997,1,0
B,D,B,7007,100,7007,1,0
B,E,B,5119,100,5119,1,0
B,F,B,1363,100,1363,1,0
B,G,B,5184,100,5184,1,0
B,H,B,7165,100,7165,1,0
A,C,C,7000,100,7000,1,0
B,C,C,4990,100,4990,1,0
C,D,C,4927,100,4927,1,0
C,E,C,7215,100,7215,1,0
C,F,C,5146,100,5146,1,0
C,G,C,1358,100,1358,1,0
C,H,C,5165,100,5165,1,0
A,D,D,4944,100,4944,1,0
B,D,D,6993,100,6993,1,0
C,D,D,4962,100,4962,1,0
D,E,D,5142,100,5142,1,0
D,F,D,7120,100,7120,1,0
D,G,D,5174,100,5174,1,0
D,H,D,1373,100,1373,1,0
A,E,E,1416,100,1416,1,0
B,E,E,5153,100,5153,1,0
C,E,E,7209,100,7209,1,0
D,E,E,5213,100,5213,1,0
E,F,E,4977,100,4977,1,0
E,G,E,7052,100,7052,1,0
E,H,E,4962,100,4962,1,0
A,F,F,5182,100,5182,1,0
B,F,F,1386,100,1386,1,0
C,F,F,5141,100,5141,1,0
D,F,F,7170,100,7170,1,0
E,F,F,4984,100,4984,1,0
F,G,F,4992,100,4992,1,0
F,H,F,6985,100,6985,1,0
A,G,G,7176,100,7176,1,0
B,G,G,5171,100,5171,1,0
C,G,G,1407,100,1407,1,0
D,G,G,5099,100,5099,1,0
E,G,G,7066,100,7066,1,0
F,G,G,4959,100,4959,1,0
G,H,G,4993,100,4993,1,0
A,H,H,5127,100,5127,1,0
B,H,H,7174,100,7174,1,0
C,H,H,5147,100,5147,1,0
D,H,H,1382,100,1382,1,0
E,H,H,4966,100,4966,1,0
F,H,H,7036,100,7036,1,0
G,H,H,4946,100,4946,1,0
A,B,A,4977,100,4977,1,0
A,C,A,7022,100,7022,1,0
A,D,A,4944,100,4944,1,0
A,E,A,1467,100,1467,1,0
A,F,A,5212,100,5212,1,0
A,G,A,7146,100,7146,1,0
A,H,A,5157,100,5157,1,0
A,B,B,4984,100,4984,1,0
B,C,B,4997,100,4997,1,0
B,D,B,6961,100,6961,1,0
B,E,B,5138,100,5138,1,0
B,F,B,1335,100,1335,1,0
B,G,B,5203,100,5203,1,0
B,H,B,7131,100,7131,1,0
A,C,C,7020,100,7020,1,0
B,C,C,4986,100,4986,1,0
C,D,C,4936,100,4936,1,0
C,E,C,7194,100,7194,1,0
C,F,C,5174,100,5174,1,0
C,G,C,1408,100,1408,1,0
C,H,C,5134,100,5134,1,0
A,D,D,4963,100,4963,1,0
B,D,D,6961,100,6961,1,0
C,D,D,4981,100,4981,1,0
D,E,D,5130,100,5130,1,0
D,F,D,7145,100,7145,1,0
D,G,D,5128,100,5128,1,0
D,H,D,1395,100,1395,1,0
A,E,E,1440,100,1440,1,0
B,E,E,5140,100,5140,1,0
C,E,E,7216,100,7216,1,0
D,E,E,5181,100,5181,1,0
E,F,E,4967,100,4967,1,0
E,G,E,7034,100,7034,1,0
E,H,E,4954,100,4954,1,0
A,F,F,5220,100,5220,1,0
B,F,F,1386,100,1386,1,0
C,F,F,5148,100,5148,1,0
D,F,F,7170,100,7170,1,0
E,F,F,4986,100,4986,1,0
F,G,F,4982,100,4982,1,0
F,H,F,7044,100,7044,1,0
A,G,G,7167,100,7167,1,0
B,G,G,5262,100,5262,1,0
C,G,G,1419,100,1419,1,0
D,G,G,5171,100,5171,1,0
E,G,G,7038,100,7038,1,0
F,G,G,4971,100,4971,1,0
G,H,G,4954,100,4954,1,0
A,H,H,5179,100,5179,1,0
B,H,H,7158,100,7158,1,0
C,H,H,5175,100,5175,1,0
D,H,H,1438,100,1438,1,0
E,H,H,4978,100,4978,1,0
F,H,H,6980,100,6980,1,0
G,H,H,4940,100,4940,1,0
A,B,A,4925,100,4925,1,0
A,C,A,7003,100,7003,1,0
A,D,A,4947,100,4947,1,0
A,E,A,1384,100,1384,1,0
A,F,A,5177,100,5177,1,0
A,G,A,7200,100,7200,1,0
A,H,A,5148,100,5148,1,0
A,B,B,4993,100,4993,1,0
B,C,B,5003,100,5003,1,0
B,D,B,6982,100,6982,1,0
B,E,B,5191,100,5191,1,0
B,F,B,1398,100,1398,1,0
B,G,B,5186,100,5186,1,0
B,H,B,7159,100,7159,1,0
A,C,C,7032,100,7032,1,0
B,C,C,4988,100,4988,1,0
C,D,C,4948,100,4948,1,0
C,E,C,7200,100,7200,1,0
C,F,C,5174,100,5174,1,0
C,G,C,1377,100,1377,1,0
C,H,C,5149,100,5149,1,0
A,D,D,4945,100,4945,1,0
B,D,D,7012,100,7012,1,0
C,D,D,4952,100,4952,1,0
D,E,D,5157,100,5157,1,0
D,F,D,7108,100,7108,1,0
D,G,D,5142,100,5142,1,0
D,H,D,1421,100,1421,1,0
A,E,E,1401,100,1401,1,0
B,E,E,5129,100,5129,1,0
C,E,E,7184,100,7184,1,0
D,E,E,5176,100,5176,1,0
E,F,E,4993,100,4993,1,0
E,G,E,7027,100,7027,1,0
E,H,E,4927,100,4927,1,0
A,F,F,5217,100,5217,1,0
B,F,F,1415,100,1415,1,0
C,F,F,5166,100,5166,1,0
D,F,F,7129,100,7129,1,0
E,F,F,4998,100,4998,1,0
F,G,F,4960,100,4960,1,0
F,H,F,6972,100,6972,1,0
A,G,G,7198,100,7198,1,0
B,G,G,5221,100,5221,1,0
C,G,G,1406,100,1406,1,0
D,G,G,5144,100,5144,1,0
E,G,G,7063,100,7063,1,0
F,G,G,4964,100,4964,1,0
G,H,G,4944,100,4944,1,0
A,H,H,5133,100,5133,1,0
B,H,H,7142,100,7142,1,0
C,H,H,5188,100,5188,1,0
D,H,H,1392,100,1392,1,0
E,H,H,4975,100,4975,1,0
F,H,H,7018,100,7018,1,0
G,H,H,4973,100,4973,1,0
A,B,A,4979,100,4979,1,0
A,C,A,6985,100,6985,1,0
A,D,A,4936,100,4936,1,0
A,E,A,1425,100,1425,1,0
A,F,A,5109,100,5109,1,0
A,G,A,7137,100,7137,1,0
A,H,A,5153,100,5153,1,0
A,B,B,4987,100,4987,1,0
B,C,B,4988,100,4988,1,0
B,D,B,6984,100,6984,1,0
B,E,B,5134,100,5134,1,0
B,F,B,1423,100,1423,1,0
B,G,B,5210,100,5210,1,0
B,H,B,7108,100,7108,1,0
A,C,C,7066,100,7066,1,0
B,C,C,4985,100,4985,1,0
C,D,C,4963,100,4963,1,0
C,E,C,7172,100,7172,1,0
C,F,C,5181,100,5181,1,0
C,G,C,1412,100,1412,1,0
C,H,C,5150,100,5150,1,0
A,D,D,4935,100,4935,1,0
B,D,D,6986,100,6986,1,0
C,D,D,4961,100,4961,1,0
D,E,D,5153,100,5153,1,0
D,F,D,7131,100,7131,1,0
D,G,D,5140,100,5140,1,0
D,H,D,1426,100,1426,1,0
A,E,E,1376,100,1376,1,0
B,E,E,5128,100,5128,1,0
C,E,E,7169,100,7169,1,0
D,E,E,5182,100,5182,1,0
E,F,E,4979,100,4979,1,0
E,G,E,7049,100,7049,1,0
E,H,E,4962,100,4962,1,0
A,F,F,5152,100,5152,1,0
B,F,F,1379,100,1379,1,0
C,F,F,5145,100,5145,1,0
D,F,F,7161,100,7161,1,0
E,F,F,4988,100,4988,1,0
F,G,F,4977,100,4977,1,0
F,H,F,6991,100,6991,1,0
A,G,G,7192,100,7192,1,0
B,G,G,5190,100,5190,1,0
C,G,G,1387,100,1387,1,0
D,G,G,5112,100,5112,1,0
E,G,G,7035,100,7035,1,0
F,G,G,4981,100,4981,1,0
G,H,G,4955,100,4955,1,0
A,H,H,5151,100,5151,1,0
B,H,H,7139,100,7139,1,0
C,H,H,5187,100,5187,1,0
D,H,H,1394,100,1394,1,0
E,H,H,4952,100,4952,1,0
F,H,H,7012,100,7012,1,0
G,H,H,4971,100,4971,1,0
A,B,A,4964,100,4964,1,0
A,C,A,7037,100,7037,1,0
A,D,A,4935,100,4935,1,0
A,E,A,1408,100,1408,1,0
A,F,A,5159,100,5159,1,0
A,G,A,7142,100,7142,1,0
A,H,A,5151,100,5151,1,0
A,B,B,4956,100,4956,1,0
B,C,B,5021,100,5021,1,0
B,D,B,7003,100,7003,1,0
B,E,B,5128,100,5128,1,0
B,F,B,1377,100,1377,1,0
B,G,B,5188,100,5188,1,0
B,H,B,7133,100,7133,1,0
A,C,C,7017,100,7017,1,0
B,C,C,4967,100,4967,1,0
C,D,C,4952,100,4952,1,0
C,E,C,7200,100,7200,1,0
C,F,C,5133,100,5133,1,0
C,G,C,1432,100,1432,1,0
C,H,C,5140,100,5140,1,0
A,D,D,4943,100,4943,1,0
B,D,D,6966,100,6966,1,0
C,D,D,4932,100,4932,1,0
D,E,D,5183,100,5183,1,0
D,F,D,7101,100,7101,1,0
D,G,D,5131,100,5131,1,0
D,H,D,1405,100,1405,1,0
A,E,E,1458,100,1458,1,0
B,E,E,5149,100,5149,1,0
C,E,E,7144,100,7144,1,0
D,E,E,5196,100,5196,1,0
E,F,E,5020,100,5020,1,0
E,G,E,7037,100,7037,1,0
E,H,E,4993,100,4993,1,0
A,F,F,5155,100,5155,1,0
B,F,F,1397,100,1397,1,0
C,F,F,5153,100,5153,1,0
D,F,F,7124,100,7124,1,0
E,F,F,4962,100,4962,1,0
F,G,F,4985,100,4985,1,0
F,H,F,7003,100,7003,1,0
A,G,G,7139,100,7139,1,0
B,G,G,5168,100,5168,1,0
C,G,G,1425,100,1425,1,0
D,G,G,5158,100,5158,1,0
E,G,G,7074,100,7074,1,0
F,G,G,4972,100,4972,1,0
G,H,G,4958,100,4958,1,0
A,H,H,5126,100,5126,1,0
B,H,H,7148,100,7148,1,0
C,H,H,5170,100,5170,1,0
D,H,H,1398,100,1398,1,0
E,H,H,4955,100,4955,1,0
F,H,H,7029,100,7029,1,0
G,H,H,4926,100,4926,1,0
A,B,A,4994,100,4994,1,0
A,C,A,7018,100,7018,1,0
A,D,A,4940,100,4940,1,0
A,E,A,1425,100,1425,1,0
A,F,A,5216,100,5216,1,0
A,G,A,7166,100,7166,1,0
A,H,A,5117,100,5117,1,0
A,B,B,4988,100,4988,1,0
B,C,B,5013,100,5013,1,0
B,D,B,6982,100,6982,1,0
B,E,B,5149,100,5149,1,0
B,F,B,1402,100,1402,1,0
B,G,B,5190,100,5190,1,0
B,H,B,7112,100,7112,1,0
A,C,C,7040,100,7040,1,0
B,C,C,4999,100,4999,1,0
C,D,C,4946,100,4946,1,0
C,E,C,7166,100,7166,1,0
C,F,C,5166,100,5166,1,0
C,G,C,1424,100,1424,1,0
C,H,C,5104,100,5104,1,0
A,D,D,4959,100,4959,1,0
B,D,D,6999,100,6999,1,0
C,D,D,4949,100,4949,1,0
D,E,D,5202,100,5202,1,0
D,F,D,7090,100,7090,1,0
D,G,D,5131,100,5131,1,0
D,H,D,1391,100,1391,1,0
A,E,E,1353,100,1353,1,0
B,E,E,5150,100,5150,1,0
C,E,E,7164,100,7164,1,0
D,E,E,5212,100,5212,1,0
E,F,E,4983,100,4983,1,0
E,G,E,7030,100,7030,1,0
E,H,E,4980,100,4980,1,0
A,F,F,5157,100,5157,1,0
B,F,F,1368,100,1368,1,0
C,F,F,5136,100,5136,1,0
D,F,F,7165,100,7165,1,0
E,F,F,4997,100,4997,1,0
F,G,F,4982,100,4982,1,0
F,H,F,6957,100,6957,1,0
A,G,G,7193,100,7193,1,0
B,G,G,5165,100,5165,1,0
C,G,G,1403,100,1403,1,0
D,G,G,5198,100,5198,1,0
E,G,G,7075,100,7075,1,0
F,G,G,4963,100,4963,1,0
G,H,G,4920,100,4920,1,0
A,H,H,5160,100,5160,1,0
B,H,H,7128,100,7128,1,0
C,H,H,5140,100,5140,1,0
D,H,H,1433,100,1433,1,0
E,H,H,4975,100,4975,1,0
F,H,H,7030,100,7030,1,0
G,H,H,4945,100,4945,1,0
A,B,A,4958,100,4958,1,0
A,C,A,6966,100,6966,1,0
A,D,A,4940,100,4940,1,0
A,E,A,1379,100,1379,1,0
A,F,A,5190,100,5190,1,0
A,G,A,7188,100,7188,1,0
A,H,A,5204,100,5204,1,0
A,B,B,4935,100,4935,1,0
B,C,B,5007,100,5007,1,0
B,D,B,6969,100,6969,1,0
B,E,B,5150,100,5150,1,0
B,F,B,1391,100,1391,1,0
B,G,B,5236,100,5236,1,0
B,H,B,7100,100,7100,1,0
A,C,C,7001,100,7001,1,0
B,C,C,4979,100,4979,1,0
C,D,C,4946,100,4946,1,0
C,E,C,7188,100,7188,1,0
C,F,C,5138,100,5138,1,0
C,G,C,1426,100,1426,1,0
C,H,C,5172,100,5172,1,0
A,D,D,4941,100,4941,1,0
B,D,D,7012,100,7012,1,0
C,D,D,4917,100,4917,1,0
D,E,D,5217,100,5217,1,0
D,F,D,7139,100,7139,1,0
D,G,D,5139,100,5139,1,0
D,H,D,1411,100,1411,1,0
A,E,E,1388,100,1388,1,0
B,E,E,5145,100,5145,1,0
C,E,E,7189,100,7189,1,0
D,E,E,5135,100,5135,1,0
E,F,E,4980,100,4980,1,0
E,G,E,7054,100,7054,1,0
E,H,E,5014,100,5014,1,0
A,F,F,5166,100,5166,1,0
B,F,F,1428,100,1428,1,0
C,F,F,5171,100,5171,1,0
D,F,F,7133,100,7133,1,0
E,F,F,4946,100,4946,1,0
F,G,F,4972,100,4972,1,0
F,H,F,7016,100,7016,1,0
A,G,G,7147,100,7147,1,0
B,G,G,5195,100,5195,1,0
C,G,G,1369,100,1369,1,0
D,G,G,5148,100,5148,1,0
E,G,G,7031,100,7031,1,0
F,G,G,4966,100,4966,1,0
G,H,G,4944,100,4944,1,0
A,H,H,5106,100,5106,1,0
B,H,H,7107,100,7107,1,0
C,H,H,5189,100,5189,1,0
D,H,H,1428,100,1428,1,0
E,H,H,4960,100,4960,1,0
F,H,H,7002,100,7002,1,0
G,H,H,4985,100,4985,1,0
A,B,A,4977,100,4977,1,0
A,C,A,6997,100,6997,1,0
A,D,A,4962,100,4962,1,0
A,E,A,1392,100,1392,1,0
A,F,A,5206,100,5206,1,0
A,G,A,7190,100,7190,1,0
A,H,A,5163,100,5163,1,0
A,B,B,4988,100,4988,1,0
B,C,B,4999,100,4999,1,0
B,D,B,7029,100,7029,1,0
B,E,B,5158,100,5158,1,0
B,F,B,1394,100,1394,1,0
B,G,B,5203,100,5203,1,0
B,H,B,7129,100,7129,1,0
A,C,C,6995,100,6995,1,0
B,C,C,4977,100,4977,1,0
C,D,C,4969,100,4969,1,0
C,E,C,7201,100,7201,1,0
C,F,C,5178,100,5178,1,0
C,G,C,1348,100,1348,1,0
C,H,C,5161,100,5161,1,0
A,D,D,4946,100,4946,1,0
B,D,D,6957,100,6957,1,0
C,D,D,4937,100,4937,1,0
D,E,D,5217,100,5217,1,0
D,F,D,7134,100,7134,1,0
D,G,D,5108,100,5108,1,0
D,H,D,1440,100,1440,1,0
A,E,E,1373,100,1373,1,0
B,E,E,5136,100,5136,1,0
C,E,E,7184,100,7184,1,0
D,E,E,5150,100,5150,1,0
E,F,E,4958,100,4958,1,0
E,G,E,7053,100,7053,1,0
E,H,E,5009,100,5009,1,0
A,F,F,5174,100,5174,1,0
B,F,F,1380,100,1380,1,0
C,F,F,5175,100,5175,1,0
D,F,F,7104,100,7104,1,0
E,F,F,4987,100,4987,1,0
F,G,F,4978,100,4978,1,0
F,H,F,6970,100,6970,1,0
A,G,G,7165,100,7165,1,0
B,G,G,5231,100,5231,1,0
C,G,G,1407,100,1407,1,0
D,G,G,5126,100,5126,1,0
E,G,G,7030,100,7030,1,0
F,G,G,4957,100,4957,1,0
G,H,G,4941,100,4941,1,0
A,H,H,5149,100,5149,1,0
B,H,H,7096,100,7096,1,0
C,H,H,5132,100,5132,1,0
D,H,H,1402,100,1402,1,0
E,H,H,4955,100,4955,1,0
F,H,H,7035,100,7035,1,0
G,H,H,4935,100,4935,1,0
A,B,A,4973,100,4973,1,0
A,C,A,7057,100,7057,1,0
A,D,A,4932,100,4932,1,0
A,E,A,1384,100,1384,1,0
A,F,A,5183,100,5183,1,0
A,G,A,7215,100,7215,1,0
A,H,A,5095,100,5095,1,0
A,B,B,4998,100,4998,1,0
B,C,B,4970,100,4970,1,0
B,D,B,7022,100,7022,1,0
B,E,B,5162,100,5162,1,0
B,F,B,1378,100,1378,1,0
B,G,B,5153,100,5153,1,0
B,H,B,7114,100,7114,1,0
A,C,C,7017,100,7017,1,0
B,C,C,4952,100,4952,1,0
C,D,C,4963,100,4963,1,0
C,E,C,7209,100,7209,1,0
C,F,C,5161,100,5161,1,0
C,G,C,1430,100,1430,1,0
C,H,C,5168,100,5168,1,0
A,D,D,4950,100,4950,1,0
B,D,D,6992,100,6992,1,0
C,D,D,4949,100,4949,1,0
D,E,D,5189,100,5189,1,0
D,F,D,7133,100,7133,1,0
D,G,D,5135,100,5135,1,0
D,H,D,1380,100,1380,1,0
A,E,E,1431,100,1431,1,0
B,E,E,5134,100,5134,1,0
C,E,E,7168,100,7168,1,0
D,E,E,5194,100,5194,1,0
E,F,E,4964,100,4964,1,0
E,G,E,7065,100,7065,1,0
E,H,E,4977,100,4977,1,0
A,F,F,5168,100,5168,1,0
B,F,F,1367,100,1367,1,0
C,F,F,5146,100,5146,1,0
D,F,F,7141,100,7141,1,0
E,F,F,4966,100,4966,1,0
F,G,F,4999,100,4999,1,0
F,H,F,7004,100,7004,1,0
A,G,G,7196,100,7196,1,0
B,G,G,5189,100,5189,1,0
C,G,G,1417,100,1417,1,0
D,G,G,5165,100,5165,1,0
E,G,G,7060,100,7060,1,0
F,G,G,4976,100,4976,1,0
G,H,G,4936,100,4936,1,0
A,H,H,5163,100,5163,1,0
B,H,H,7134,100,7134,1,0
C,H,H,5155,100,5155,1,0
D,H,H,1406,100,1406,1,0
E,H,H,4979,100,4979,1,0
F,H,H,6981,100,6981,1,0
G,H,H,4980,100,4980,1,0
A,B,A,4920,100,4920,1,0
A,C,A,6957,100,6957,1,0
A,D,A,4959,100,4959,1,0
A,E,A,1430,100,1430,1,0
A,F,A,5174,100,5174,1,0
A,G,A,7192,100,7192,1,0
A,H,A,5132,100,5132,1,0
A,B,B,4934,100,4934,1,0
B,C,B,4961,100,4961,1,0
B,D,B,6970,100,6970,1,0
B,E,B,5120,100,5120,1,0
B,F,B,1408,100,1408,1,0
B,G,B,5197,100,5197,1,0
B,H,B,7095,100,7095,1,0
A,C,C,6980,100,6980,1,0
B,C,C,5008,100,5008,1,0
C,D,C,4916,100,4916,1,0
C,E,C,7138,100,7138,1,0
C,F,C,5164,100,5164,1,0
C,G,C,1380,100,1380,1,0
C,H,C,5159,100,5159,1,0
A,D,D,4926,100,4926,1,0
B,D,D,6998,100,6998,1,0
C,D,D,4930,100,4930,1,0
D,E,D,5199,100,5199,1,0
D,F,D,7142,100,7142,1,0
D,G,D,5156,100,5156,1,0
D,H,D,1463,100,1463,1,0
A,E,E,1457,100,1457,1,0
B,E,E,5145,100,5145,1,0
C,E,E,7207,100,7207,1,0
D,E,E,5168,100,5168,1,0
E,F,E,4964,100,4964,1,0
E,G,E,7040,100,7040,1,0
E,H,E,5011,100,5011,1,0
A,F,F,5142,100,5142,1,0
B,F,F,1343,100,1343,1,0
C,F,F,5139,100,5139,1,0
D,F,F,7151,100,7151,1,0
E,F,F,5009,100,5009,1,0
F,G,F,4964,100,4964,1,0
F,H,F,7011,100,7011,1,0
A,G,G,7181,100,7181,1,0
B,G,G,5191,100,5191,1,0
C,G,G,1390,100,1390,1,0
D,G,G,5129,100,5129,1,0
E,G,G,7058,100,7058,1,0
F,G,G,4961,100,4961,1,0
G,H,G,4940,100,4940,1,0
A,H,H,5159,100,5159,1,0
B,H,H,7212,100,7212,1,0
C,H,H,5155,100,5155,1,0
D,H,H,1444,100,1444,1,0
E,H,H,4966,100,4966,1,0
F,H,H,6974,100,6974,1,0
G,H,H,4915,100,4915,1,0
A,B,A,4981,100,4981,1,0
A,C,A,7006,100,7006,1,0
A,D,A,4951,100,4951,1,0
A,E,A,1437,100,1437,1,0
A,F,A,5160,100,5160,1,0
A,G,A,7163,100,7163,1,0
A,H,A,5172,100,5172,1,0
A,B,B,4984,100,4984,1,0
B,C,B,4965,100,4965,1,0
B,D,B,6972,100,6972,1,0
B,E,B,5125,100,5125,1,0
B,F,B,1389,100,1389,1,0
B,G,B,5163,100,5163,1,0
B,H,B,7168,100,7168,1,0
A,C,C,7031,100,7031,1,0
B,C,C,4968,100,4968,1,0
C,D,C,4979,100,4979,1,0
C,E,C,7165,100,7165,1,0
C,F,C,5154,100,5154,1,0
C,G,C,1395,100,1395,1,0
C,H,C,5135,100,5135,1,0
A,D,D,4963,100,4963,1,0
B,D,D,6954,100,6954,1,0
C,D,D,4981,100,4981,1,0
D,E,D,5126,100,5126,1,0
D,F,D,7137,100,7137,1,0
D,G,D,5150,100,5150,1,0
D,H,D,1393,100,1393,1,0
A,E,E,1452,100,1452,1,0
B,E,E,5154,100,5154,1,0
C,E,E,7184,100,7184,1,0
D,E,E,5151,100,5151,1,0
E,F,E,4946,100,4946,1,0
E,G,E,7044,100,7044,1,0
E,H,E,4955,100,4955,1,0
A,F,F,5175,100,5175,1,0
B,F,F,1412,100,1412,1,0
C,F,F,5142,100,5142,1,0
D,F,F,7124,100,7124,1,0
E,F,F,5007,100,5007,1,0
F,G,F,4945,100,4945,1,0
F,H,F,7024,100,7024,1,0
A,G,G,7167,100,7167,1,0
B,G,G,5222,100,5222,1,0
C,G,G,1424,100,1424,1,0
D,G,G,5149,100,5149,1,0
E,G,G,7080,100,7080,1,0
F,G,G,4971,100,4971,1,0
G,H,G,4954,100,4954,1,0
A,H,H,5161,100,5161,1,0
B,H,H,7144,100,7144,1,0
C,H,H,5181,100,5181,1,0
D,H,H,1405,100,1405,1,0
E,H,H,4984,100,4984,1,0
F,H,H,6981,100,6981,1,0
G,H,H,4977,100,4977,1,0
A,B,A,4968,100,4968,1,0
A,C,A,7022,100,7022,1,0
A,D,A,4939,100,4939,1,0
A,E,A,1392,100,1392,1,0
A,F,A,5154,100,5154,1,0
A,G,A,7190,100,7190,1,0
A,H,A,5162,100,5162,1,0
A,B,B,4943,100,4943,1,0
B,C,B,4981,100,4981,1,0
B,D,B,6986,100,6986,1,0
B,E,B,5182,100,5182,1,0
B,F,B,1343,100,1343,1,0
B,G,B,5188,100,5188,1,0
B,H,B,7138,100,7138,1,0
A,C,C,7078,100,7078,1,0
B,C,C,4992,100,4992,1,0
C,D,C,4948,100,4948,1,0
C,E,C,7205,100,7205,1,0
C,F,C,5137,100,5137,1,0
C,G,C,1388,100,1388,1,0
C,H,C,5143,100,5143,1,0
A,D,D,4991,100,4991,1,0
B,D,D,7036,100,7036,1,0
C,D,D,4956,100,4956,1,0
D,E,D,5239,100,5239,1,0
D,F,D,7146,100,7146,1,0
D,G,D,5151,100,5151,1,0
D,H,D,1464,100,1464,1,0
A,E,E,1401,100,1401,1,0
B,E,E,5163,100,5163,1,0
C,E,E,7150,100,7150,1,0
D,E,E,5135,100,5135,1,0
E,F,E,4949,100,4949,1,0
E,G,E,7071,100,7071,1,0
E,H,E,4968,100,4968,1,0
A,F,F,5180,100,5180,1,0
B,F,F,1360,100,1360,1,0
C,F,F,5159,100,5159,1,0
D,F,F,7124,100,7124,1,0
E,F,F,4967,100,4967,1,0
F,G,F,4977,100,4977,1,0
F,H,F,7041,100,7041,1,0
A,G,G,7116,100,7116,1,0
B,G,G,5195,100,5195,1,0
C,G,G,1420,100,1420,1,0
D,G,G,5146,100,5146,1,0
E,G,G,7069,100,7069,1,0
F,G,G,4985,100,4985,1,0
G,H,G,4998,100,4998,1,0
A,H,H,5144,100,5144,1,0
B,H,H,7138,100,7138,1,0
C,H,H,5143,100,5143,1,0
D,H,H,1410,100,1410,1,0
E,H,H,5000,100,5000,1,0
F,H,H,6962,100,6962,1,0
G,H,H,4964,100,4964,1,0
A,B,A,4954,100,4954,1,0
A,C,A,7005,100,7005,1,0
A,D,A,4957,100,4957,1,0
A,E,A,1402,100,1402,1,0
A,F,A,5151,100,5151,1,0
A,G,A,7158,100,7158,1,0
A,H,A,5150,100,5150,1,0
A,B,B,4966,100,4966,1,0
B,C,B,4978,100,4978,1,0
B,D,B,7023,100,7023,1,0
B,E,B,5150,100,5150,1,0
B,F,B,1376,100,1376,1,0
B,G,B,5181,100,5181,1,0
B,H,B,7109,100,7109,1,0
A,C,C,7000,100,7000,1,0
B,C,C,5001,100,5001,1,0
C,D,C,4904,100,4904,1,0
C,E,C,7183,100,7183,1,0
C,F,C,5148,100,5148,1,0
C,G,C,1377,100,1377,1,0
C,H,C,5112,100,5112,1,0
A,D,D,4950,100,4950,1,0
B,D,D,7004,100,7004,1,0
C,D,D,4959,100,4959,1,0
D,E,D,5148,100,5148,1,0
D,F,D,7115,100,7115,1,0
D,G,D,5153,100,5153,1,0
D,H,D,1384,100,1384,1,0
A,E,E,1411,100,1411,1,0
B,E,E,5137,100,5137,1,0
C,E,E,7142,100,7142,1,0
D,E,E,5150,100,5150,1,0
E,F,E,4973,100,4973,1,0
E,G,E,7049,100,7049,1,0
E,H,E,4969,100,4969,1,0
A,F,F,5154,100,5154,1,0
B,F,F,1389,100,1389,1,0
C,F,F,5137,100,5137,1,0
D,F,F,7135,100,7135,1,0
E,F,F,4982,100,4982,1,0
F,G,F,4983,100,4983,1,0
F,H,F,7022,100,7022,1,0
A,G,G,7197,100,7197,1,0
B,G,G,5136,100,5136,1,0
C,G,G,1403,100,1403,1,0
D,G,G,5182,100,5182,1,0
E,G,G,7051,100,7051,1,0
F,G,G,4971,100,4971,1,0
G,H,G,4967,100,4967,1,0
A,H,H,5154,100,5154,1,0
B,H,H,7109,100,7109,1,0
C,H,H,5136,100,5136,1,0
D,H,H,1407,100,1407,1,0
E,H,H,4969,100,4969,1,0
F,H,H,7011,100,7011,1,0
G,H,H,4993,100,4993,1,0
A,B,A,4946,100,4946,1,0
A,C,A,7041,100,7041,1,0
A,D,A,4967,100,4967,1,0
A,E,A,1418,100,1418,1,0
A,F,A,5149,100,5149,1,0
A,G,A,7122,100,7122,1,0
A,H,A,5163,100,5163,1,0
A,B,B,4982,100,4982,1,0
B,C,B,4998,100,4998,1,0
B,D,B,7022,100,7022,1,0
B,E,B,5133,100,5133,1,0
B,F,B,1398,100,1398,1,0
B,G,B,5195,100,5195,1,0
B,H,B,7196,100,7196,1,0
A,C,C,7039,100,7039,1,0
B,C,C,4984,100,4984,1,0
C,D,C,4952,100,4952,1,0
C,E,C,7202,100,7202,1,0
C,F,C,5148,100,5148,1,0
C,G,C,1431,100,1431,1,0
C,H,C,5150,100,5150,1,0
A,D,D,4970,100,4970,1,0
B,D,D,7039,100,7039,1,0
C,D,D,4995,100,4995,1,0
D,E,D,5127,100,5127,1,0
D,F,D,7173,100,7173,1,0
D,G,D,5097,100,5097,1,0
D,H,D,1373,100,1373,1,0
A,E,E,1400,100,1400,1,0
B,E,E,5166,100,5166,1,0
C,E,E,7181,100,7181,1,0
D,E,E,5194,100,5194,1,0
E,F,E,4992,100,4992,1,0
E,G,E,7054,100,7054,1,0
E,H,E,4984,100,4984,1,0
A,F,F,5174,100,5174,1,0
B,F,F,1403,100,1403,1,0
C,F,F,5137,100,5137,1,0
D,F,F,7180,100,7180,1,0
E,F,F,4961,100,4961,1,0
F,G,F,4958,100,4958,1,0
F,H,F,7017,100,7017,1,0
A,G,G,7148,100,7148,1,0
B,G,G,5169,100,5169,1,0
C,G,G,1431,100,1431,1,0
D,G,G,5167,100,5167,1,0
E,G,G,7011,100,7011,1,0
F,G,G,5008,100,5008,1,0
G,H,G,4966,100,4966,1,0
A,H,H,5148,100,5148,1,0
B,H,H,7092,100,7092,1,0
C,H,H,5130,100,5130,1,0
D,H,H,1379,100,1379,1,0
E,H,H,4974,100,4974,1,0
F,H,H,7018,100,7018,1,0
G,H,H,4957,100,4957,1,0
A,B,A,4983,100,4983,1,0
A,C,A,7028,100,7028,1,0
A,D,A,4968,100,4968,1,0
A,E,A,1391,100,1391,1,0
A,F,A,5175,100,5175,1,0
A,G,A,7208,100,7208,1,0
A,H,A,5113,100,5113,1,0
A,B,B,4932,100,4932,1,0
B,C,B,4980,100,4980,1,0
B,D,B,6961,100,6961,1,0
B,E,B,5157,100,5157,1,0
B,F,B,1406,100,1406,1,0
B,G,B,5185,100,5185,1,0
B,H,B,7141,100,7141,1,0
A,C,C,7049,100,7049,1,0
B,C,C,5001,100,5001,1,0
C,D,C,4980,100,4980,1,0
C,E,C,7154,100,7154,1,0
C,F,C,5152,100,5152,1,0
C,G,C,1398,100,1398,1,0
C,H,C,5140,100,5140,1,0
A,D,D,4959,100,4959,1,0
B,D,D,7003,100,7003,1,0
C,D,D,4933,100,4933,1,0
D,E,D,5141,100,5141,1,0
D,F,D,7140,100,7140,1,0
D,G,D,5147,100,5147,1,0
D,H,D,1394,100,1394,1,0
A,E,E,1370,100,1370,1,0
B,E,E,5140,100,5140,1,0
C,E,E,7141,100,7141,1,0
D,E,E,5180,100,5180,1,0
E,F,E,4985,100,4985,1,0
E,G,E,7059,100,7059,1,0
E,H,E,4975,100,4975,1,0
A,F,F,5182,100,5182,1,0
B,F,F,1374,100,1374,1,0
C,F,F,5162,100,5162,1,0
D,F,F,7151,100,7151,1,0
E,F,F,4964,100,4964,1,0
F,G,F,4977,100,4977,1,0
F,H,F,6991,100,6991,1,0
A,G,G,7192,100,7192,1,0
B,G,G,5195,100,5195,1,0
C,G,G,1440,100,1440,1,0
D,G,G,5142,100,5142,1,0
E,G,G,7058,100,7058,1,0
F,G,G,4977,100,4977,1,0
G,H,G,4946,100,4946,1,0
A,H,H,5119,100,5119,1,0
B,H,H,7144,100,7144,1,0
C,H,H,5121,100,5121,1,0
D,H,H,1420,100,1420,1,0
E,H,H,4964,100,4964,1,0
F,H,H,6996,100,6996,1,0
G,H,H,4954,100,4954,1,0
A,B,A,4931,100,4931,1,0
A,C,A,7017,100,7017,1,0
A,D,A,4912,100,4912,1,0
A,E,A,1387,100,1387,1,0
A,F,A,5167,100,5167,1,0
A,G,A,7163,100,7163,1,0
A,H,A,5155,100,5155,1,0
A,B,B,4996,100,4996,1,0
B,C,B,4993,100,4993,1,0
B,D,B,7000,100,7000,1,0
B,E,B,5157,100,5157,1,0
B,F,B,1398,100,1398,1,0
B,G,B,5186,100,5186,1,0
B,H,B,7157,100,7157,1,0
A,C,C,7015,100,7015,1,0
B,C,C,4958,100,4958,1,0
C,D,C,4977,100,4977,1,0
C,E,C,7193,100,7193,1,0
C,F,C,5161,100,5161,1,0
C,G,C,1341,100,1341,1,0
C,H,C,5150,100,5150,1,0
A,D,D,4979,100,4979,1,0
B,D,D,6962,100,6962,1,0
C,D,D,4966,100,4966,1,0
D,E,D,5160,100,5160,1,0
D,F,D,7144,100,7144,1,0
D,G,D,5166,100,5166,1,0
D,H,D,1426,100,1426,1,0
A,E,E,1355,100,1355,1,0
B,E,E,5140,100,5140,1,0
C,E,E,7158,100,7158,1,0
D,E,E,5199,100,5199,1,0
E,F,E,4984,100,4984,1,0
E,G,E,7063,100,7063,1,0
E,H,E,4972,100,4972,1,0
A,F,F,5173,100,5173,1,0
B,F,F,1380,100,1380,1,0
C,F,F,5168,100,5168,1,0
D,F,F,7138,100,7138,1,0
E,F,F,4942,100,4942,1,0
F,G,F,4946,100,4946,1,0
F,H,F,7037,100,7037,1,0
A,G,G,7192,100,7192,1,0
B,G,G,5180,100,5180,1,0
C,G,G,1419,100,1419,1,0
D,G,G,5161,100,5161,1,0
E,G,G,7058,100,7058,1,0
F,G,G,4963,100,4963,1,0
G,H,G,4932,100,4932,1,0
A,H,H,5173,100,5173,1,0
B,H,H,7166,100,7166,1,0
C,H,H,5119,100,5119,1,0
D,H,H,1428,100,1428,1,0
E,H,H,4962,100,4962,1,0
F,H,H,7010,100,7010,1,0
G,H,H,4957,100,4957,1,0
A,B,A,4967,100,4967,1,0
A,C,A,7008,100,7008,1,0
A,D,A,4944,100,4944,1,0
A,E,A,1448,100,1448,1,0
A,F,A,5186,100,5186,1,0
A,G,A,7183,100,7183,1,0
A,H,A,5134,100,5134,1,0
A,B,B,4956,100,4956,1,0
B,C,B,4974,100,4974,1,0
B,D,B,6970,100,6970,1,0
B,E,B,5153,100,5153,1,0
B,F,B,1382,100,1382,1,0
B,G,B,5176,100,5176,1,0
B,H,B,7106,100,7106,1,0
A,C,C,6976,100,6976,1,0
B,C,C,4973,100,4973,1,0
C,D,C,4913,100,4913,1,0
C,E,C,7161,100,7161,1,0
C,F,C,5148,100,5148,1,0
C,G,C,1415,100,1415,1,0
C,H,C,5161,100,5161,1,0
A,D,D,4928,100,4928,1,0
B,D,D,6971,100,6971,1,0
C,D,D,4943,100,4943,1,0
D,E,D,5228,100,5228,1,0
D,F,D,7104,100,7104,1,0
D,G,D,5125,100,5125,1,0
D,H,D,1396,100,1396,1,0
A,E,E,1405,100,1405,1,0
B,E,E,5141,100,5141,1,0
C,E,E,7195,100,7195,1,0
D,E,E,5113,100,5113,1,0
E,F,E,4993,100,4993,1,0
E,G,E,7073,100,7073,1,0
E,H,E,4984,100,4984,1,0
A,F,F,5175,100,5175,1,0
B,F,F,1401,100,1401,1,0
C,F,F,5156,100,5156,1,0
D,F,F,7121,100,7121,1,0
E,F,F,4954,100,4954,1,0
F,G,F,4975,100,4975,1,0
F,H,F,7049,100,7049,1,0
A,G,G,7175,100,7175,1,0
B,G,G,5185,100,5185,1,0
C,G,G,1379,100,1379,1,0
D,G,G,5169,100,5169,1,0
E,G,G,7063,100,7063,1,0
F,G,G,4977,100,4977,1,0
G,H,G,4965,100,4965,1,0
A,H,H,5142,100,5142,1,0
B,H,H,7149,100,7149,1,0
C,H,H,5164,100,5164,1,0
D,H,H,1402,100,1402,1,0
E,H,H,4979,100,4979,1,0
F,H,H,7000,100,7000,1,0
G,H,H,4970,100,4970,1,0
A,B,A,4939,100,4939,1,0
A,C,A,7004,100,7004,1,0
A,D,A,4948,100,4948,1,0
A,E,A,1451,100,1451,1,0
A,F,A,5185,100,5185,1,0
A,G,A,7177,100,7177,1,0
A,H,A,5093,100,5093,1,0
A,B,B,4954,100,4954,1,0
B,C,B,5007,100,5007,1,0
B,D,B,6955,100,6955,1,0
B,E,B,5130,100,5130,1,0
B,F,B,1379,100,1379,1,0
B,G,B,5189,100,5189,1,0
B,H,B,7196,100,7196,1,0
A,C,C,7010,100,7010,1,0
B,C,C,5029,100,5029,1,0
C,D,C,4980,100,4980,1,0
C,E,C,7162,100,7162,1,0
C,F,C,5157,100,5157,1,0
C,G,C,1403,100,1403,1,0
C,H,C,5150,100,5150,1,0
A,D,D,4926,100,4926,1,0
B,D,D,7048,100,7048,1,0
C,D,D,4938,100,4938,1,0
D,E,D,5222,100,5222,1,0
D,F,D,7133,100,7133,1,0
D,G,D,5175,100,5175,1,0
D,H,D,1379,100,1379,1,0
A,E,E,1390,100,1390,1,0
B,E,E,5174,100,5174,1,0
C,E,E,7164,100,7164,1,0
D,E,E,5150,100,5150,1,0
E,F,E,4975,100,4975,1,0
E,G,E,7043,100,7043,1,0
E,H,E,4992,100,4992,1,0
A,F,F,5186,100,5186,1,0
B,F,F,1359,100,1359,1,0
C,F,F,5168,100,5168,1,0
D,F,F,7139,100,7139,1,0
E,F,F,4995,100,4995,1,0
F,G,F,4965,100,4965,1,0
F,H,F,6982,100,6982,1,0
A,G,G,7193,100,7193,1,0
B,G,G,5172,100,5172,1,0
C,G,G,1400,100,1400,1,0
D,G,G,5134,100,5134,1,0
E,G,G,7046,100,7046,1,0
F,G,G,4986,100,4986,1,0
G,H,G,4934,100,4934,1,0
A,H,H,5175,100,5175,1,0
B,H,H,7165,100,7165,1,0
C,H,H,5111,100,5111,1,0
D,H,H,1387,100,1387,1,0
E,H,H,4955,100,4955,1,0
F,H,H,6998,100,6998,1,0
G,H,H,4942,100,4942,1,0
A,B,A,4951,100,4951,1,0
A,C,A,7063,100,7063,1,0
A,D,A,4941,100,4941,1,0
A,E,A,1414,100,1414,1,0
A,F,A,5224,100,5224,1,0
A,G,A,7177,100,7177,1,0
A,H,A,5122,100,5122,1,0
A,B,B,4986,100,4986,1,0
B,C,B,4990,100,4990,1,0
B,D,B,7015,100,7015,1,0
B,E,B,5112,100,5112,1,0
B,F,B,1402,100,1402,1,0
B,G,B,5204,100,5204,1,0
B,H,B,7155,100,7155,1,0
A,C,C,7008,100,7008,1,0
B,C,C,4999,100,4999,1,0
C,D,C,4906,100,4906,1,0
C,E,C,7143,100,7143,1,0
C,F,C,5179,100,5179,1,0
C,G,C,1378,100,1378,1,0
C,H,C,5168,100,5168,1,0
A,D,D,4957,100,4957,1,0
B,D,D,6995,100,6995,1,0
C,D,D,4946,100,4946,1,0
D,E,D,5090,100,5090,1,0
D,F,D,7118,100,7118,1,0
D,G,D,5151,100,5151,1,0
D,H,D,1449,100,1449,1,0
A,E,E,1467,100,1467,1,0
B,E,E,5193,100,5193,1,0
C,E,E,7173,100,7173,1,0
D,E,E,5200,100,5200,1,0
E,F,E,5008,100,5008,1,0
E,G,E,7050,100,7050,1,0
E,H,E,4994,100,4994,1,0
A,F,F,5175,100,5175,1,0
B,F,F,1413,100,1413,1,0
C,F,F,5158,100,5158,1,0
D,F,F,7145,100,7145,1,0
E,F,F,4957,100,4957,1,0
F,G,F,4957,100,4957,1,0
F,H,F,6970,100,6970,1,0
A,G,G,7163,100,7163,1,0
B,G,G,5195,100,5195,1,0
C,G,G,1404,100,1404,1,0
D,G,G,5120,100,5120,1,0
E,G,G,7050,100,7050,1,0
F,G,G,4954,100,4954,1,0
G,H,G,4953,100,4953,1,0
A,H,H,5178,100,5178,1,0
B,H,H,7180,100,7180,1,0
C,H,H,5187,100,5187,1,0
D,H,H,1376,100,1376,1,0
E,H,H,4981,100,4981,1,0
F,H,H,7018,100,7018,1,0
G,H,H,4968,100,4968,1,0
A,B,A,5017,100,5017,1,0
A,C,A,7031,100,7031,1,0
A,D,A,4952,100,4952,1,0
A,E,A,1447,100,1447,1,0
A,F,A,5140,100,5140,1,0
A,G,A,7212,100,7212,1,0
A,H,A,5116,100,5116,1,0
A,B,B,4955,100,4955,1,0
B,C,B,4979,100,4979,1,0
B,D,B,6998,100,6998,1,0
B,E,B,5128,100,5128,1,0
B,F,B,1412,100,1412,1,0
B,G,B,5204,100,5204,1,0
B,H,B,7111,100,7111,1,0
A,C,C,7010,100,7010,1,0
B,C,C,4990,100,4990,1,0
C,D,C,4953,100,4953,1,0
C,E,C,7163,100,7163,1,0
C,F,C,5158,100,5158,1,0
C,G,C,1396,100,1396,1,0
C,H,C,5172,100,5172,1,0
A,D,D,4956,100,4956,1,0
B,D,D,7035,100,7035,1,0
C,D,D,4966,100,4966,1,0
D,E,D,5123,100,5123,1,0
D,F,D,7140,100,7140,1,0
D,G,D,5140,100,5140,1,0
D,H,D,1405,100,1405,1,0
A,E,E,1439,100,1439,1,0
B,E,E,5170,100,5170,1,0
C,E,E,7186,100,7186,1,0
D,E,E,5140,100,5140,1,0
E,F,E,4993,100,4993,1,0
E,G,E,7060,100,7060,1,0
E,H,E,5005,100,5005,1,0
A,F,F,5155,100,5155,1,0
B,F,F,1374,100,1374,1,0
C,F,F,5171,100,5171,1,0
D,F,F,7136,100,7136,1,0
E,F,F,4971,100,4971,1,0
F,G,F,4975,100,4975,1,0
F,H,F,6972,100,6972,1,0
A,G,G,7139,100,7139,1,0
B,G,G,5184,100,5184,1,0
C,G,G,1444,100,1444,1,0
D,G,G,5140,100,5140,1,0
E,G,G,7080,100,7080,1,0
F,G,G,4950,100,4950,1,0
G,H,G,4956,100,4956,1,0
A,H,H,5146,100,5146,1,0
B,H,H,7106,100,7106,1,0
C,H,H,5202,100,5202,1,0
D,H,H,1480,100,1480,1,0
E,H,H,4968,100,4968,1,0
F,H,H,6970,100,6970,1,0
G,H,H,4931,100,4931,1,0
A,B,A,4965,100,4965,1,0
A,C,A,6995,100,6995,1,0
A,D,A,4950,100,4950,1,0
A,E,A,1416,100,1416,1,0
A,F,A,5187,100,5187,1,0
A,G,A,7226,100,7226,1,0
A,H,A,5158,100,5158,1,0
A,B,B,4960,100,4960,1,0
B,C,B,4942,100,4942,1,0
B,D,B,7025,100,7025,1,0
B,E,B,5143,100,5143,1,0
B,F,B,1379,100,1379,1,0
B,G,B,5180,100,5180,1,0
B,H,B,7174,100,7174,1,0
A,C,C,7024,100,7024,1,0
B,C,C,4999,100,4999,1,0
C,D,C,4927,100,4927,1,0
C,E,C,7191,100,7191,1,0
C,F,C,5157,100,5157,1,0
C,G,C,1447,100,1447,1,0
C,H,C,5187,100,5187,1,0
A,D,D,4935,100,4935,1,0
B,D,D,7016,100,7016,1,0
C,D,D,4974,100,4974,1,0
D,E,D,5156,100,5156,1,0
D,F,D,7123,100,7123,1,0
D,G,D,5127,100,5127,1,0
D,H,D,1448,100,1448,1,0
A,E,E,1482,100,1482,1,0
B,E,E,5161,100,5161,1,0
C,E,E,7153,100,7153,1,0
D,E,E,5149,100,5149,1,0
E,F,E,4999,100,4999,1,0
E,G,E,7085,100,7085,1,0
E,H,E,4972,100,4972,1,0
A,F,F,5215,100,5215,1,0
B,F,F,1400,100,1400,1,0
C,F,F,5136,100,5136,1,0
D,F,F,7133,100,7133,1,0
E,F,F,4956,100,4956,1,0
F,G,F,4978,100,4978,1,0
F,H,F,6955,100,6955,1,0
A,G,G,7165,100,7165,1,0
B,G,G,5166,100,5166,1,0
C,G,G,1388,100,1388,1,0
D,G,G,5145,100,5145,1,0
E,G,G,7069,100,7069,1,0
F,G,G,4952,100,4952,1,0
G,H,G,4972,100,4972,1,0
A,H,H,5145,100,5145,1,0
B,H,H,7113,100,7113,1,0
C,H,H,5185,100,5185,1,0
D,H,H,1398,100,1398,1,0
E,H,H,4966,100,4966,1,0
F,H,H,7057,100,7057,1,0
G,H,H,4985,100,4985,1,0
A,B,A,4983,100,4983,1,0
A,C,A,7030,100,7030,1,0
A,D,A,4943,100,4943,1,0
A,E,A,1402,100,1402,1,0
A,F,A,5147,100,5147,1,0
A,G,A,7158,100,7158,1,0
A,H,A,5174,100,5174,1,0
A,B,B,4992,100,4992,1,0
B,C,B,4978,100,4978,1,0
B,D,B,7044,100,7044,1,0
B,E,B,5157,100,5157,1,0
B,F,B,1381,100,1381,1,0
B,G,B,5183,100,5183,1,0
B,H,B,7190,100,7190,1,0
A,C,C,7018,100,7018,1,0
B,C,C,4955,100,4955,1,0
C,D,C,4957,100,4957,1,0
C,E,C,7164,100,7164,1,0
C,F,C,5142,100,5142,1,0
C,G,C,1416,100,1416,1,0
C,H,C,5165,100,5165,1,0
A,D,D,4944,100,4944,1,0
B,D,D,7031,100,7031,1,0
C,D,D,4956,100,4956,1,0
D,E,D,5237,100,5237,1,0
D,F,D,7135,100,7135,1,0
D,G,D,5162,100,5162,1,0
D,H,D,1453,100,1453,1,0
A,E,E,1379,100,1379,1,0
B,E,E,5140,100,5140,1,0
C,E,E,7235,100,7235,1,0
D,E,E,5224,100,5224,1,0
E,F,E,4991,100,4991,1,0
E,G,E,7065,100,7065,1,0
E,H,E,4948,100,4948,1,0
A,F,F,5165,100,5165,1,0
B,F,F,1374,100,1374,1,0
C,F,F,5130,100,5130,1,0
D,F,F,7122,100,7122,1,0
E,F,F,5014,100,5014,1,0
F,G,F,4973,100,4973,1,0
F,H,F,6985,100,6985,1,0
A,G,G,7128,100,7128,1,0
B,G,G,5162,100,5162,1,0
C,G,G,1371,100,1371,1,0
D,G,G,5142,100,5142,1,0
E,G,G,7060,100,7060,1,0
F,G,G,4974,100,4974,1,0
G,H,G,4929,100,4929,1,0
A,H,H,5153,100,5153,1,0
B,H,H,7153,100,7153,1,0
C,H,H,5180,100,5180,1,0
D,H,H,1423,100,1423,1,0
E,H,H,4990,100,4990,1,0
F,H,H,7032,100,7032,1,0
G,H,H,4950,100,4950,1,0
A,B,A,4956,100,4956,1,0
A,C,A,7000,100,7000,1,0
A,D,A,4934,100,4934,1,0
A,E,A,1410,100,1410,1,0
A,F,A,5179,100,5179,1,0
A,G,A,7166,100,7166,1,0
A,H,A,5141,100,5141,1,0
A,B,B,4936,100,4936,1,0
B,C,B,4924,100,4924,1,0
B,D,B,6999,100,6999,1,0
B,E,B,5163,100,5163,1,0
B,F,B,1380,100,1380,1,0
B,G,B,5204,100,5204,1,0
B,H,B,7166,100,7166,1,0
A,C,C,7008,100,7008,1,0
B,C,C,4979,100,4979,1,0
C,D,C,4904,100,4904,1,0
C,E,C,7157,100,7157,1,0
C,F,C,5162,100,5162,1,0
C,G,C,1443,100,1443,1,0
C,H,C,5159,100,5159,1,0
A,D,D,4967,100,4967,1,0
B,D,D,7041,100,7041,1,0
C,D,D,4937,100,4937,1,0
D,E,D,5164,100,5164,1,0
D,F,D,7103,100,7103,1,0
D,G,D,5152,100,5152,1,0
D,H,D,1390,100,1390,1,0
A,E,E,1408,100,1408,1,0
B,E,E,5161,100,5161,1,0
C,E,E,7201,100,7201,1,0
D,E,E,5193,100,5193,1,0
E,F,E,4981,100,4981,1,0
E,G,E,7047,100,7047,1,0
E,H,E,5014,100,5014,1,0
A,F,F,5166,100,5166,1,0
B,F,F,1385,100,1385,1,0
C,F,F,5150,100,5150,1,0
D,F,F,7170,100,7170,1,0
E,F,F,4979,100,4979,1,0
F,G,F,4954,100,4954,1,0
F,H,F,6958,100,6958,1,0
A,G,G,7157,100,7157,1,0
B,G,G,5157,100,5157,1,0
C,G,G,1413,100,1413,1,0
D,G,G,5153,100,5153,1,0
E,G,G,7049,100,7049,1,0
F,G,G,4976,100,4976,1,0
G,H,G,4994,100,4994,1,0
A,H,H,5156,100,5156,1,0
B,H,H,7117,100,7117,1,0
C,H,H,5111,100,5111,1,0
D,H,H,1412,100,1412,1,0
E,H,H,4958,100,4958,1,0
F,H,H,6995,100,6995,1,0
G,H,H,4947,100,4947,1,0
A,B,A,4928,100,4928,1,0
A,C,A,6993,100,6993,1,0
A,D,A,4948,100,4948,1,0
A,E,A,1410,100,1410,1,0
A,F,A,5151,100,5151,1,0
A,G,A,7189,100,7189,1,0
A,H,A,5190,100,5190,1,0
A,B,B,4979,100,4979,1,0
B,C,B,4970,100,4970,1,0
B,D,B,7029,100,7029,1,0
B,E,B,5160,100,5160,1,0
B,F,B,1379,100,1379,1,0
B,G,B,5194,100,5194,1,0
B,H,B,7130,100,7130,1,0
A,C,C,6977,100,6977,1,0
B,C,C,4987,100,4987,1,0
C,D,C,4978,100,4978,1,0
C,E,C,7170,100,7170,1,0
C,F,C,5171,100,5171,1,0
C,G,C,1407,100,1407,1,0
C,H,C,5145,100,5145,1,0
A,D,D,4957,100,4957,1,0
B,D,D,7022,100,7022,1,0
C,D,D,4942,100,4942,1,0
D,E,D,5178,100,5178,1,0
D,F,D,7115,100,7115,1,0
D,G,D,5127,100,5127,1,0
D,H,D,1398,100,1398,1,0
A,E,E,1441,100,1441,1,0
B,E,E,5134,100,5134,1,0
C,E,E,7122,100,7122,1,0
D,E,E,5177,100,5177,1,0
E,F,E,4978,100,4978,1,0
E,G,E,7072,100,7072,1,0
E,H,E,4962,100,4962,1,0
A,F,F,5181,100,5181,1,0
B,F,F,1395,100,1395,1,0
C,F,F,5149,100,5149,1,0
D,F,F,7136,100,7136,1,0
E,F,F,4984,100,4984,1,0
F,G,F,4972,100,4972,1,0
F,H,F,7022,100,7022,1,0
A,G,G,7177,100,7177,1,0
B,G,G,5221,100,5221,1,0
C,G,G,1368,100,1368,1,0
D,G,G,5118,100,5118,1,0
E,G,G,7074,100,7074,1,0
F,G,G,4966,100,4966,1,0
G,H,G,4970,100,4970,1,0
A,H,H,5139,100,5139,1,0
B,H,H,7183,100,7183,1,0
C,H,H,5139,100,5139,1,0
D,H,H,1407,100,1407,1,0
E,H,H,4994,100,4994,1,0
F,H,H,7009,100,7009,1,0
G,H,H,4949,100,4949,1,0
A,B,A,4937,100,4937,1,0
A,C,A,7029,100,7029,1,0
A,D,A,4926,100,4926,1,0
A,E,A,1389,100,1389,1,0
A,F,A,5135,100,5135,1,0
A,G,A,7130,100,7130,1,0
A,H,A,5143,100,5143,1,0
A,B,B,4950,100,4950,1,0
B,C,B,4962,100,4962,1,0
B,D,B,7002,100,7002,1,0
B,E,B,5137,100,5137,1,0
B,F,B,1371,100,1371,1,0
B,G,B,5194,100,5194,1,0
B,H,B,7163,100,7163,1,0
A,C,C,7068,100,7068,1,0
B,C,C,4997,100,4997,1,0
C,D,C,4924,100,4924,1,0
C,E,C,7183,100,7183,1,0
C,F,C,5171,100,5171,1,0
C,G,C,1388,100,1388,1,0
C,H,C,5134,100,5134,1,0
A,D,D,4908,100,4908,1,0
B,D,D,7017,100,7017,1,0
C,D,D,4955,100,4955,1,0
D,E,D,5220,100,5220,1,0
D,F,D,7115,100,7115,1,0
D,G,D,5112,100,5112,1,0
D,H,D,1370,100,1370,1,0
A,E,E,1421,100,1421,1,0
B,E,E,5188,100,5188,1,0
C,E,E,7177,100,7177,1,0
D,E,E,5172,100,5172,1,0
E,F,E,4957,100,4957,1,0
E,G,E,7042,100,7042,1,0
E,H,E,4987,100,4987,1,0
A,F,F,5208,100,5208,1,0
B,F,F,1353,100,1353,1,0
C,F,F,5158,100,5158,1,0
D,F,F,7126,100,7126,1,0
E,F,F,5015,100,5015,1,0
F,G,F,4989,100,4989,1,0
F,H,F,6985,100,6985,1,0
A,G,G,7178,100,7178,1,0
B,G,G,5178,100,5178,1,0
C,G,G,1417,100,1417,1,0
D,G,G,5132,100,5132,1,0
E,G,G,7024,100,7024,1,0
F,G,G,4950,100,4950,1,0
G,H,G,4987,100,4987,1,0
A,H,H,5157,100,5157,1,0
B,H,H,7153,100,7153,1,0
C,H,H,5179,100,5179,1,0
D,H,H,1434,100,1434,1,0
E,H,H,4984,100,4984,1,0
F,H,H,7039,100,7039,1,0
G,H,H,4917,100,4917,1,0
A,B,A,4957,100,4957,1,0
A,C,A,7003,100,7003,1,0
A,D,A,4937,100,4937,1,0
A,E,A,1426,100,1426,1,0
A,F,A,5153,100,5153,1,0
A,G,A,7146,100,7146,1,0
A,H,A,5136,100,5136,1,0
A,B,B,5003,100,5003,1,0
B,C,B,5024,100,5024,1,0
B,D,B,7042,100,7042,1,0
B,E,B,5124,100,5124,1,0
B,F,B,1372,100,1372,1,0
B,G,B,5180,100,5180,1,0
B,H,B,7120,100,7120,1,0
A,C,C,7040,100,7040,1,0
B,C,C,4992,100,4992,1,0
C,D,C,4936,100,4936,1,0
C,E,C,7149,100,7149,1,0
C,F,C,5127,100,5127,1,0
C,G,C,1404,100,1404,1,0
C,H,C,5150,100,5150,1,0
A,D,D,4963,100,4963,1,0
B,D,D,7006,100,7006,1,0
C,D,D,4960,100,4960,1,0
D,E,D,5170,100,5170,1,0
D,F,D,7170,100,7170,1,0
D,G,D,5169,100,5169,1,0
D,H,D,1437,100,1437,1,0
A,E,E,1388,100,1388,1,0
B,E,E,5200,100,5200,1,0
C,E,E,7184,100,7184,1,0
D,E,E,5183,100,5183,1,0
E,F,E,4922,100,4922,1,0
E,G,E,7044,100,7044,1,0
E,H,E,4951,100,4951,1,0
A,F,F,5172,100,5172,1,0
B,F,F,1379,100,1379,1,0
C,F,F,5161,100,5161,1,0
D,F,F,7135,100,7135,1,0
E,F,F,4968,100,4968,1,0
F,G,F,4979,100,4979,1,0
F,H,F,6989,100,6989,1,0
A,G,G,7162,100,7162,1,0
B,G,G,5157,100,5157,1,0
C,G,G,1406,100,1406,1,0
D,G,G,5113,100,5113,1,0
E,G,G,7059,100,7059,1,0
F,G,G,4983,100,4983,1,0
G,H,G,4970,100,4970,1,0
A,H,H,5175,100,5175,1,0
B,H,H,7128,100,7128,1,0
C,H,H,5086,100,5086,1,0
D,H,H,1363,100,1363,1,0
E,H,H,4968,100,4968,1,0
F,H,H,6969,100,6969,1,0
G,H,H,4927,100,4927,1,0
A,B,A,4953,100,4953,1,0
A,C,A,7023,100,7023,1,0
A,D,A,4962,100,4962,1,0
A,E,A,1388,100,1388,1,0
A,F,A,5166,100,5166,1,0
A,G,A,7193,100,7193,1,0
A,H,A,5158,100,5158,1,0
A,B,B,4903,100,4903,1,0
B,C,B,4947,100,4947,1,0
B,D,B,6978,100,6978,1,0
B,E,B,5158,100,5158,1,0
B,F,B,1390,100,1390,1,0
B,G,B,5163,100,5163,1,0
B,H,B,7172,100,7172,1,0
A,C,C,7024,100,7024,1,0
B,C,C,4971,100,4971,1,0
C,D,C,4969,100,4969,1,0
C,E,C,7203,100,7203,1,0
C,F,C,5145,100,5145,1,0
C,G,C,1420,100,1420,1,0
C,H,C,5114,100,5114,1,0
A,D,D,4974,100,4974,1,0
B,D,D,7013,100,7013,1,0
C,D,D,4918,100,4918,1,0
D,E,D,5190,100,5190,1,0
D,F,D,7123,100,7123,1,0
D,G,D,5159,100,5159,1,0
D,H,D,1395,100,1395,1,0
A,E,E,1384,100,1384,1,0
B,E,E,5108,100,5108,1,0
C,E,E,7117,100,7117,1,0
D,E,E,5204,100,5204,1,0
E,F,E,4979,100,4979,1,0
E,G,E,7053,100,7053,1,0
E,H,E,4997,100,4997,1,0
A,F,F,5156,100,5156,1,0
B,F,F,1391,100,1391,1,0
C,F,F,5154,100,5154,1,0
D,F,F,7134,100,7134,1,0
E,F,F,4975,100,4975,1,0
F,G,F,4951,100,4951,1,0
F,H,F,7027,100,7027,1,0
A,G,G,7171,100,7171,1,0
B,G,G,5149,100,5149,1,0
C,G,G,1419,100,1419,1,0
D,G,G,5125,100,5125,1,0
E,G,G,7074,100,7074,1,0
F,G,G,5006,100,5006,1,0
G,H,G,4942,100,4942,1,0
A,H,H,5169,100,5169,1,0
B,H,H,7125,100,7125,1,0
C,H,H,5125,100,5125,1,0
D,H,H,1460,100,1460,1,0
E,H,H,4965,100,4965,1,0
F,H,H,7027,100,7027,1,0
G,H,H,4973,100,4973,1,0
A,B,A,4949,100,4949,1,0
A,C,A,7029,100,7029,1,0
A,D,A,4965,100,4965,1,0
A,E,A,1381,100,1381,1,0
A,F,A,5130,100,5130,1,0
A,G,A,7164,100,7164,1,0
A,H,A,5189,100,5189,1,0
A,B,B,4925,100,4925,1,0
B,C,B,4977,100,4977,1,0
B,D,B,7024,100,7024,1,0
B,E,B,5133,100,5133,1,0
B,F,B,1398,100,1398,1,0
B,G,B,5155,100,5155,1,0
B,H,B,7129,100,7129,1,0
A,C,C,7055,100,7055,1,0
B,C,C,4959,100,4959,1,0
C,D,C,4959,100,4959,1,0
C,E,C,7192,100,7192,1,0
C,F,C,5178,100,5178,1,0
C,G,C,1372,100,1372,1,0
C,H,C,5179,100,5179,1,0
A,D,D,4922,100,4922,1,0
B,D,D,7038,100,7038,1,0
C,D,D,4918,100,4918,1,0
D,E,D,5190,100,5190,1,0
D,F,D,7107,100,7107,1,0
D,G,D,5130,100,5130,1,0
D,H,D,1341,100,1341,1,0
A,E,E,1411,100,1411,1,0
B,E,E,5134,100,5134,1,0
C,E,E,7126,100,7126,1,0
D,E,E,5177,100,5177,1,0
E,F,E,4949,100,4949,1,0
E,G,E,7039,100,7039,1,0
E,H,E,4962,100,4962,1,0
A,F,F,5187,100,5187,1,0
B,F,F,1380,100,1380,1,0
C,F,F,5165,100,5165,1,0
D,F,F,7101,100,7101,1,0
E,F,F,4959,100,4959,1,0
F,G,F,4998,100,4998,1,0
F,H,F,6983,100,6983,1,0
A,G,G,7177,100,7177,1,0
B,G,G,5192,100,5192,1,0
C,G,G,1398,100,1398,1,0
D,G,G,5100,100,5100,1,0
E,G,G,7063,100,7063,1,0
F,G,G,4969,100,4969,1,0
G,H,G,4948,100,4948,1,0
A,H,H,5153,100,5153,1,0
B,H,H,7113,100,7113,1,0
C,H,H,5197,100,5197,1,0
D,H,H,1445,100,1445,1,0
E,H,H,5002,100,5002,1,0
F,H,H,6975,100,6975,1,0
G,H,H,4928,100,4928,1,0
A,B,A,5006,100,5006,1,0
A,C,A,7008,100,7008,1,0
A,D,A,4941,100,4941,1,0
A,E,A,1403,100,1403,1,0
A,F,A,5176,100,5176,1,0
A,G,A,7147,100,7147,1,0
A,H,A,5203,100,5203,1,0
A,B,B,4972,100,4972,1,0
B,C,B,5021,100,5021,1,0
B,D,B,6972,100,6972,1,0
B,E,B,5129,100,5129,1,0
B,F,B,1379,100,1379,1,0
B,G,B,5185,100,5185,1,0
B,H,B,7170,100,7170,1,0
A,C,C,7016,100,7016,1,0
B,C,C,4971,100,4971,1,0
C,D,C,4948,100,4948,1,0
C,E,C,7178,100,7178,1,0
C,F,C,5152,100,5152,1,0
C,G,C,1435,100,1435,1,0
C,H,C,5171,100,5171,1,0
A,D,D,4942,100,4942,1,0
B,D,D,7015,100,7015,1,0
C,D,D,4928,100,4928,1,0
D,E,D,5206,100,5206,1,0
D,F,D,7143,100,7143,1,0
D,G,D,5130,100,5130,1,0
D,H,D,1404,100,1404,1,0
A,E,E,1454,100,1454,1,0
B,E,E,5135,100,5135,1,0
C,E,E,7164,100,7164,1,0
D,E,E,5205,100,5205,1,0
E,F,E,4962,100,4962,1,0
E,G,E,7081,100,7081,1,0
E,H,E,5012,100,5012,1,0
A,F,F,5159,100,5159,1,0
B,F,F,1390,100,1390,1,0
C,F,F,5158,100,5158,1,0
D,F,F,7148,100,7148,1,0
E,F,F,4984,100,4984,1,0
F,G,F,4984,100,4984,1,0
F,H,F,6959,100,6959,1,0
A,G,G,7171,100,7171,1,0
B,G,G,5202,100,5202,1,0
C,G,G,1375,100,1375,1,0
D,G,G,5113,100,5113,1,0
E,G,G,7010,100,7010,1,0
F,G,G,4965,100,4965,1,0
G,H,G,4994,100,4994,1,0
A,H,H,5177,100,5177,1,0
B,H,H,7143,100,7143,1,0
C,H,H,5151,100,5151,1,0
D,H,H,1376,100,1376,1,0
E,H,H,4964,100,4964,1,0
F,H,H,7023,100,7023,1,0
G,H,H,4955,100,4955,1,0
A,B,A,4952,100,4952,1,0
A,C,A,7040,100,7040,1,0
A,D,A,4951,100,4951,1,0
A,E,A,1402,100,1402,1,0
A,F,A,5190,100,5190,1,0
A,G,A,7160,100,7160,1,0
A,H,A,5166,100,5166,1,0
A,B,B,4939,100,4939,1,0
B,C,B,4970,100,4970,1,0
B,D,B,7007,100,7007,1,0
B,E,B,5159,100,5159,1,0
B,F,B,1409,100,1409,1,0
B,G,B,5204,100,5204,1,0
B,H,B,7195,100,7195,1,0
A,C,C,7016,100,7016,1,0
B,C,C,4956,100,4956,1,0
C,D,C,4980,100,4980,1,0
C,E,C,7183,100,7183,1,0
C,F,C,5150,100,5150,1,0
C,G,C,1400,100,1400,1,0
C,H,C,5157,100,5157,1,0
A,D,D,4938,100,4938,1,0
B,D,D,6987,100,6987,1,0
C,D,D,4958,100,4958,1,0
D,E,D,5119,100,5119,1,0
D,F,D,7128,100,7128,1,0
D,G,D,5141,100,5141,1,0
D,H,D,1427,100,1427,1,0
A,E,E,1418,100,1418,1,0
B,E,E,5159,100,5159,1,0
C,E,E,7216,100,7216,1,0
D,E,E,5185,100,5185,1,0
E,F,E,4958,100,4958,1,0
E,G,E,7048,100,7048,1,0
E,H,E,4998,100,4998,1,0
A,F,F,5175,100,5175,1,0
B,F,F,1389,100,1389,1,0
C,F,F,5134,100,5134,1,0
D,F,F,7181,100,7181,1,0
E,F,F,4971,100,4971,1,0
F,G,F,4980,100,4980,1,0
F,H,F,6974,100,6974,1,0
A,G,G,7161,100,7161,1,0
B,G,G,5181,100,5181,1,0
C,G,G,1377,100,1377,1,0
D,G,G,5140,100,5140,1,0
E,G,G,7054,100,7054,1,0
F,G,G,4997,100,4997,1,0
G,H,G,4988,100,4988,1,0
A,H,H,5142,100,5142,1,0
B,H,H,7196,100,7196,1,0
C,H,H,5154,100,5154,1,0
D,H,H,1439,100,1439,1,0
E,H,H,4961,100,4961,1,0
F,H,H,6979,100,6979,1,0
G,H,H,4933,100,4933,1,0
A,B,A,4934,100,4934,1,0
A,C,A,6988,100,6988,1,0
A,D,A,4936,100,4936,1,0
A,E,A,1436,100,1436,1,0
A,F,A,5146,100,5146,1,0
A,G,A,7194,100,7194,1,0
A,H,A,5143,100,5143,1,0
A,B,B,4970,100,4970,1,0
B,C,B,5012,100,5012,1,0
B,D,B,7024,100,7024,1,0
B,E,B,5147,100,5147,1,0
B,F,B,1351,100,1351,1,0
B,G,B,5189,100,5189,1,0
B,H,B,7155,100,7155,1,0
A,C,C,7027,100,7027,1,0
B,C,C,4994,100,4994,1,0
C,D,C,4931,100,4931,1,0
C,E,C,7188,100,7188,1,0
C,F,C,5139,100,5139,1,0
C,G,C,1405,100,1405,1,0
C,H,C,5169,100,5169,1,0
A,D,D,4936,100,4936,1,0
B,D,D,7010,100,7010,1,0
C,D,D,4983,100,4983,1,0
D,E,D,5226,100,5226,1,0
D,F,D,7105,100,7105,1,0
D,G,D,5170,100,5170,1,0
D,H,D,1424,100,1424,1,0
A,E,E,1420,100,1420,1,0
B,E,E,5151,100,5151,1,0
C,E,E,7163,100,7163,1,0
D,E,E,5175,100,5175,1,0
E,F,E,4961,100,4961,1,0
E,G,E,7059,100,7059,1,0
E,H,E,4980,100,4980,1,0
A,F,F,5196,100,5196,1,0
B,F,F,1429,100,1429,1,0
C,F,F,5156,100,5156,1,0
D,F,F,7135,100,7135,1,0
E,F,F,4962,100,4962,1,0
F,G,F,4985,100,4985,1,0
F,H,F,6969,100,6969,1,0
A,G,G,7184,100,7184,1,0
B,G,G,5168,100,5168,1,0
C,G,G,1430,100,1430,1,0
D,G,G,5120,100,5120,1,0
E,G,G,7049,100,7049,1,0
F,G,G,4968,100,4968,1,0
G,H,G,4966,100,4966,1,0
A,H,H,5117,100,5117,1,0
B,H,H,7149,100,7149,1,0
C,H,H,5129,100,5129,1,0
D,H,H,1433,100,1433,1,0
E,H,H,5012,100,5012,1,0
F,H,H,7027,100,7027,1,0
G,H,H,4959,100,4959,1,0
A,B,A,4924,100,4924,1,0
A,C,A,7024,100,7024,1,0
A,D,A,4954,100,4954,1,0
A,E,A,1401,100,1401,1,0
A,F,A,5205,100,5205,1,0
A,G,A,7207,100,7207,1,0
A,H,A,5158,100,5158,1,0
A,B,B,4947,100,4947,1,0
B,C,B,5004,100,5004,1,0
B,D,B,7003,100,7003,1,0
B,E,B,5184,100,5184,1,0
B,F,B,1360,100,1360,1,0
B,G,B,5172,100,5172,1,0
B,H,B,7145,100,7145,1,0
A,C,C,6998,100,6998,1,0
B,C,C,5030,100,5030,1,0
C,D,C,4953,100,4953,1,0
C,E,C,7140,100,7140,1,0
C,F,C,5189,100,5189,1,0
C,G,C,1443,100,1443,1,0
C,H,C,5142,100,5142,1,0
A,D,D,4948,100,4948,1,0
B,D,D,7002,100,7002,1,0
C,D,D,4965,100,4965,1,0
D,E,D,5139,100,5139,1,0
D,F,D,7170,100,7170,1,0
D,G,D,5155,100,5155,1,0
D,H,D,1475,100,1475,1,0
A,E,E,1392,100,1392,1,0
B,E,E,5123,100,5123,1,0
C,E,E,7186,100,7186,1,0
D,E,E,5131,100,5131,1,0
E,F,E,4938,100,4938,1,0
E,G,E,7067,100,7067,1,0
E,H,E,4978,100,4978,1,0
A,F,F,5213,100,5213,1,0
B,F,F,1363,100,1363,1,0
C,F,F,5150,100,5150,1,0
D,F,F,7163,100,7163,1,0
E,F,F,4964,100,4964,1,0
F,G,F,4979,100,4979,1,0
F,H,F,7039,100,7039,1,0
A,G,G,7197,100,7197,1,0
B,G,G,5236,100,5236,1,0
C,G,G,1431,100,1431,1,0
D,G,G,5168,100,5168,1,0
E,G,G,7057,100,7057,1,0
F,G,G,4973,100,4973,1,0
G,H,G,4950,100,4950,1,0
A,H,H,5183,100,5183,1,0
B,H,H,7141,100,7141,1,0
C,H,H,5131,100,5131,1,0
D,H,H,1466,100,1466,1,0
E,H,H,4961,100,4961,1,0
F,H,H,7026,100,7026,1,0
G,H,H,4950,100,4950,1,0
A,B,A,4940,100,4940,1,0
A,C,A,7037,100,7037,1,0
A,D,A,4941,100,4941,1,0
A,E,A,1436,100,1436,1,0
A,F,A,5136,100,5136,1,0
A,G,A,7182,100,7182,1,0
A,H,A,5199,100,5199,1,0
A,B,B,4949,100,4949,1,0
B,C,B,4977,100,4977,1,0
B,D,B,7017,100,7017,1,0
B,E,B,5159,100,5159,1,0
B,F,B,1390,100,1390,1,0
B,G,B,5177,100,5177,1,0
B,H,B,7129,100,7129,1,0
A,C,C,7032,100,7032,1,0
B,C,C,4990,100,4990,1,0
C,D,C,4937,100,4937,1,0
C,E,C,7167,100,7167,1,0
C,F,C,5158,100,5158,1,0
C,G,C,1424,100,1424,1,0
C,H,C,5158,100,5158,1,0
A,D,D,4918,100,4918,1,0
B,D,D,7053,100,7053,1,0
C,D,D,4909,100,4909,1,0
D,E,D,5196,100,5196,1,0
D,F,D,7109,100,7109,1,0
D,G,D,5142,100,5142,1,0
D,H,D,1321,100,1321,1,0
A,E,E,1420,100,1420,1,0
B,E,E,5187,100,5187,1,0
C,E,E,7128,100,7128,1,0
D,E,E,5189,100,5189,1,0
E,F,E,4969,100,4969,1,0
E,G,E,7059,100,7059,1,0
E,H,E,4990,100,4990,1,0
A,F,F,5149,100,5149,1,0
B,F,F,1407,100,1407,1,0
C,F,F,5137,100,5137,1,0
D,F,F,7160,100,7160,1,0
E,F,F,4955,100,4955,1,0
F,G,F,4977,100,4977,1,0
F,H,F,6977,100,6977,1,0
A,G,G,7199,100,7199,1,0
B,G,G,5236,100,5236,1,0
C,G,G,1355,100,1355,1,0
D,G,G,5143,100,5143,1,0
E,G,G,7063,100,7063,1,0
F,G,G,4970,100,4970,1,0
G,H,G,4983,100,4983,1,0
A,H,H,5122,100,5122,1,0
B,H,H,7111,100,7111,1,0
C,H,H,5167,100,5167,1,0
D,H,H,1436,100,1436,1,0
E,H,H,4968,100,4968,1,0
F,H,H,7004,100,7004,1,0
G,H,H,4937,100,4937,1,0
A,B,A,4974,100,4974,1,0
A,C,A,6992,100,6992,1,0
A,D,A,4930,100,4930,1,0
A,E,A,1425,100,1425,1,0
A,F,A,5178,100,5178,1,0
A,G,A,7161,100,7161,1,0
A,H,A,5120,100,5120,1,0
A,B,B,4985,100,4985,1,0
B,C,B,5017,100,5017,1,0
B,D,B,6985,100,6985,1,0
B,E,B,5095,100,5095,1,0
B,F,B,1383,100,1383,1,0
B,G,B,5206,100,5206,1,0
B,H,B,7164,100,7164,1,0
A,C,C,7011,100,7011,1,0
B,C,C,4992,100,4992,1,0
C,D,C,4957,100,4957,1,0
C,E,C,7156,100,7156,1,0
C,F,C,5144,100,5144,1,0
C,G,C,1413,100,1413,1,0
C,H,C,5145,100,5145,1,0
A,D,D,4959,100,4959,1,0
B,D,D,7021,100,7021,1,0
C,D,D,4960,100,4960,1,0
D,E,D,5189,100,5189,1,0
D,F,D,7160,100,7160,1,0
D,G,D,5097,100,5097,1,0
D,H,D,1443,100,1443,1,0
A,E,E,1366,100,1366,1,0
B,E,E,5170,100,5170,1,0
C,E,E,7180,100,7180,1,0
D,E,E,5210,100,5210,1,0
E,F,E,4974,100,4974,1,0
E,G,E,7063,100,7063,1,0
E,H,E,4998,100,4998,1,0
A,F,F,5202,100,5202,1,0
B,F,F,1402,100,1402,1,0
C,F,F,5153,100,5153,1,0
D,F,F,7135,100,7135,1,0
E,F,F,5003,100,5003,1,0
F,G,F,4957,100,4957,1,0
F,H,F,6994,100,6994,1,0
A,G,G,7106,100,7106,1,0
B,G,G,5178,100,5178,1,0
C,G,G,1422,100,1422,1,0
D,G,G,5100,100,5100,1,0
E,G,G,7058,100,7058,1,0
F,G,G,4987,100,4987,1,0
G,H,G,4968,100,4968,1,0
A,H,H,5109,100,5109,1,0
B,H,H,7155,100,7155,1,0
C,H,H,5149,100,5149,1,0
D,H,H,1460,100,1460,1,0
E,H,H,4986,100,4986,1,0
F,H,H,7011,100,7011,1,0
G,H,H,4959,100,4959,1,0
A,B,A,4924,100,4924,1,0
A,C,A,7000,100,7000,1,0
A,D,A,4955,100,4955,1,0
A,E,A,1384,100,1384,1,0
A,F,A,5216,100,5216,1,0
A,G,A,7198,100,7198,1,0
A,H,A,5149,100,5149,1,0
A,B,B,4990,100,4990,1,0
B,C,B,4955,100,4955,1,0
B,D,B,7013,100,7013,1,0
B,E,B,5098,100,5098,1,0
B,F,B,1383,100,1383,1,0
B,G,B,5190,100,5190,1,0
B,H,B,7097,100,7097,1,0
A,C,C,6994,100,6994,1,0
B,C,C,4974,100,4974,1,0
C,D,C,4944,100,4944,1,0
C,E,C,7193,100,7193,1,0
C,F,C,5147,100,5147,1,0
C,G,C,1432,100,1432,1,0
C,H,C,5185,100,5185,1,0
A,D,D,4967,100,4967,1,0
B,D,D,7021,100,7021,1,0
C,D,D,4909,100,4909,1,0
D,E,D,5155,100,5155,1,0
D,F,D,7161,100,7161,1,0
D,G,D,5118,100,5118,1,0
D,H,D,1407,100,1407,1,0
A,E,E,1402,100,1402,1,0
B,E,E,5156,100,5156,1,0
C,E,E,7173,100,7173,1,0
D,E,E,5159,100,5159,1,0
E,F,E,4988,100,4988,1,0
E,G,E,7076,100,7076,1,0
E,H,E,5004,100,5004,1,0
A,F,F,5182,100,5182,1,0
B,F,F,1395,100,1395,1,0
C,F,F,5137,100,5137,1,0
D,F,F,7128,100,7128,1,0
E,F,F,4979,100,4979,1,0
F,G,F,4992,100,4992,1,0
F,H,F,6974,100,6974,1,0
A,G,G,7182,100,7182,1,0
B,G,G,5179,100,5179,1,0
C,G,G,1426,100,1426,1,0
D,G,G,5140,100,5140,1,0
E,G,G,7037,100,7037,1,0
F,G,G,4974,100,4974,1,0
G,H,G,4927,100,4927,1,0
A,H,H,5135,100,5135,1,0
B,H,H,7194,100,7194,1,0
C,H,H,5126,100,5126,1,0
D,H,H,1391,100,1391,1,0
E,H,H,4987,100,4987,1,0
F,H,H,7014,100,7014,1,0
G,H,H,4971,100,4971,1,0
A,B,A,4944,100,4944,1,0
A,C,A,7000,100,7000,1,0
A,D,A,4949,100,4949,1,0
A,E,A,1407,100,1407,1,0
A,F,A,5192,100,5192,1,0
A,G,A,7209,100,7209,1,0
A,H,A,5115,100,5115,1,0
A,B,B,4943,100,4943,1,0
B,C,B,4998,100,4998,1,0
B,D,B,6997,100,6997,1,0
B,E,B,5180,100,5180,1,0
B,F,B,1403,100,1403,1,0
B,G,B,5200,100,5200,1,0
B,H,B,7124,100,7124,1,0
A,C,C,7020,100,7020,1,0
B,C,C,4957,100,4957,1,0
C,D,C,4977,100,4977,1,0
C,E,C,7177,100,7177,1,0
C,F,C,5167,100,5167,1,0
C,G,C,1440,100,1440,1,0
C,H,C,5142,100,5142,1,0
A,D,D,4985,100,4985,1,0
B,D,D,7006,100,7006,1,0
C,D,D,4935,100,4935,1,0
D,E,D,5167,100,5167,1,0
D,F,D,7154,100,7154,1,0
D,G,D,5134,100,5134,1,0
D,H,D,1383,100,1383,1,0
A,E,E,1425,100,1425,1,0
B,E,E,5138,100,5138,1,0
C,E,E,7168,100,7168,1,0
D,E,E,5138,100,5138,1,0
E,F,E,4940,100,4940,1,0
E,G,E,7061,100,7061,1,0
E,H,E,4929,100,4929,1,0
A,F,F,5177,100,5177,1,0
B,F,F,1405,100,1405,1,0
C,F,F,5168,100,5168,1,0
D,F,F,7142,100,7142,1,0
E,F,F,4987,100,4987,1,0
F,G,F,4962,100,4962,1,0
F,H,F,6984,100,6984,1,0
A,G,G,7188,100,7188,1,0
B,G,G,5216,100,5216,1,0
C,G,G,1391,100,1391,1,0
D,G,G,5165,100,5165,1,0
E,G,G,7047,100,7047,1,0
F,G,G,5007,100,5007,1,0
G,H,G,4953,100,4953,1,0
A,H,H,5153,100,5153,1,0
B,H,H,7157,100,7157,1,0
C,H,H,5169,100,5169,1,0
D,H,H,1375,100,1375,1,0
E,H,H,4974,100,4974,1,0
F,H,H,7011,100,7011,1,0
G,H,H,4970,100,4970,1,0
A,B,A,4965,100,4965,1,0
A,C,A,7026,100,7026,1,0
A,D,A,4940,100,4940,1,0
A,E,A,1477,100,1477,1,0
A,F,A,5155,100,5155,1,0
A,G,A,7171,100,7171,1,0
A,H,A,5125,100,5125,1,0
A,B,B,4977,100,4977,1,0
B,C,B,4948,100,4948,1,0
B,D,B,7001,100,7001,1,0
B,E,B,5126,100,5126,1,0
B,F,B,1377,100,1377,1,0
B,G,B,5186,100,5186,1,0
B,H,B,7100,100,7100,1,0
A,C,C,6990,100,6990,1,0
B,C,C,4974,100,4974,1,0
C,D,C,4944,100,4944,1,0
C,E,C,7164,100,7164,1,0
C,F,C,5139,100,5139,1,0
C,G,C,1373,100,1373,1,0
C,H,C,5106,100,5106,1,0
A,D,D,4965,100,4965,1,0
B,D,D,7066,100,7066,1,0
C,D,D,4918,100,4918,1,0
D,E,D,5168,100,5168,1,0
D,F,D,7110,100,7110,1,0
D,G,D,5174,100,5174,1,0
D,H,D,1397,100,1397,1,0
A,E,E,1456,100,1456,1,0
B,E,E,5133,100,5133,1,0
C,E,E,7160,100,7160,1,0
D,E,E,5210,100,5210,1,0
E,F,E,4970,100,4970,1,0
E,G,E,7044,100,7044,1,0
E,H,E,4980,100,4980,1,0
A,F,F,5174,100,5174,1,0
B,F,F,1410,100,1410,1,0
C,F,F,5164,100,5164,1,0
D,F,F,7154,100,7154,1,0
E,F,F,5009,100,5009,1,0
F,G,F,4981,100,4981,1,0
F,H,F,6997,100,6997,1,0
A,G,G,7188,100,7188,1,0
B,G,G,5232,100,5232,1,0
C,G,G,1436,100,1436,1,0
D,G,G,5131,100,5131,1,0
E,G,G,7034,100,7034,1,0
F,G,G,4972,100,4972,1,0
G,H,G,4966,100,4966,1,0
A,H,H,5120,100,5120,1,0
B,H,H,7118,100,7118,1,0
C,H,H,5129,100,5129,1,0
D,H,H,1423,100,1423,1,0
E,H,H,4982,100,4982,1,0
F,H,H,6989,100,6989,1,0
G,H,H,4964,100,4964,1,0
A,B,A,4967,100,4967,1,0
A,C,A,7024,100,7024,1,0
A,D,A,4972,100,4972,1,0
A,E,A,1401,100,1401,1,0
A,F,A,5190,100,5190,1,0
A,G,A,7162,100,7162,1,0
A,H,A,5148,100,5148,1,0
A,B,B,4962,100,4962,1,0
B,C,B,4989,100,4989,1,0
B,D,B,7012,100,7012,1,0
B,E,B,5191,100,5191,1,0
B,F,B,1383,100,1383,1,0
B,G,B,5191,100,5191,1,0
B,H,B,7137,100,7137,1,0
A,C,C,6982,100,6982,1,0
B,C,C,4967,100,4967,1,0
C,D,C,4975,100,4975,1,0
C,E,C,7184,100,7184,1,0
C,F,C,5155,100,5155,1,0
C,G,C,1397,100,1397,1,0
C,H,C,5145,100,5145,1,0
A,D,D,4959,100,4959,1,0
B,D,D,7030,100,7030,1,0
C,D,D,4948,100,4948,1,0
D,E,D,5195,100,5195,1,0
D,F,D,7108,100,7108,1,0
D,G,D,5093,100,5093,1,0
D,H,D,1474,100,1474,1,0
A,E,E,1428,100,1428,1,0
B,E,E,5149,100,5149,1,0
C,E,E,7151,100,7151,1,0
D,E,E,5185,100,5185,1,0
E,F,E,4985,100,4985,1,0
E,G,E,7065,100,7065,1,0
E,H,E,5000,100,5000,1,0
A,F,F,5193,100,5193,1,0
B,F,F,1418,100,1418,1,0
C,F,F,5138,100,5138,1,0
D,F,F,7145,100,7145,1,0
E,F,F,5002,100,5002,1,0
F,G,F,5001,100,5001,1,0
F,H,F,6958,100,6958,1,0
A,G,G,7190,100,7190,1,0
B,G,G,5181,100,5181,1,0
C,G,G,1383,100,1383,1,0
D,G,G,5135,100,5135,1,0
E,G,G,7034,100,7034,1,0
F,G,G,4985,100,4985,1,0
G,H,G,4950,100,4950,1,0
A,H,H,5166,100,5166,1,0
B,H,H,7173,100,7173,1,0
C,H,H,5186,100,5186,1,0
D,H,H,1418,100,1418,1,0
E,H,H,4969,100,4969,1,0
F,H,H,6972,100,6972,1,0
G,H,H,4944,100,4944,1,0
A,B,A,4936,100,4936,1,0
A,C,A,6981,100,6981,1,0
A,D,A,4925,100,4925,1,0
A,E,A,1400,100,1400,1,0
A,F,A,5129,100,5129,1,0
A,G,A,7189,100,7189,1,0
A,H,A,5134,100,5134,1,0
A,B,B,4974,100,4974,1,0
B,C,B,4976,100,4976,1,0
B,D,B,6977,100,6977,1,0
B,E,B,5096,100,5096,1,0
B,F,B,1382,100,1382,1,0
B,G,B,5204,100,5204,1,0
B,H,B,7150,100,7150,1,0
A,C,C,7022,100,7022,1,0
B,C,C,4991,100,4991,1,0
C,D,C,4952,100,4952,1,0
C,E,C,7157,100,7157,1,0
C,F,C,5152,100,5152,1,0
C,G,C,1415,100,1415,1,0
C,H,C,5185,100,5185,1,0
A,D,D,4955,100,4955,1,0
B,D,D,6982,100,6982,1,0
C,D,D,4943,100,4943,1,0
D,E,D,5159,100,5159,1,0
D,F,D,7171,100,7171,1,0
D,G,D,5155,100,5155,1,0
D,H,D,1383,100,1383,1,0
A,E,E,1410,100,1410,1,0
B,E,E,5176,100,5176,1,0
C,E,E,7111,100,7111,1,0
D,E,E,5133,100,5133,1,0
E,F,E,5003,100,5003,1,0
E,G,E,7061,100,7061,1,0
E,H,E,5001,100,5001,1,0
A,F,F,5160,100,5160,1,0
B,F,F,1390,100,1390,1,0
C,F,F,5157,100,5157,1,0
D,F,F,7138,100,7138,1,0
E,F,F,4979,100,4979,1,0
F,G,F,4975,100,4975,1,0
F,H,F,6972,100,6972,1,0
A,G,G,7119,100,7119,1,0
B,G,G,5175,100,5175,1,0
C,G,G,1399,100,1399,1,0
D,G,G,5165,100,5165,1,0
E,G,G,7049,100,7049,1,0
F,G,G,4960,100,4960,1,0
G,H,G,4925,100,4925,1,0
A,H,H,5129,100,5129,1,0
B,H,H,7148,100,7148,1,0
C,H,H,5143,100,5143,1,0
D,H,H,1433,100,1433,1,0
E,H,H,4971,100,4971,1,0
F,H,H,7004,100,7004,1,0
G,H,H,4932,100,4932,1,0
A,B,A,4931,100,4931,1,0
A,C,A,7029,100,7029,1,0
A,D,A,4941,100,4941,1,0
A,E,A,1387,100,1387,1,0
A,F,A,5183,100,5183,1,0
A,G,A,7117,100,7117,1,0
A,H,A,5155,100,5155,1,0
A,B,B,4999,100,4999,1,0
B,C,B,4951,100,4951,1,0
B,D,B,7020,100,7020,1,0
B,E,B,5123,100,5123,1,0
B,F,B,1375,100,1375,1,0
B,G,B,5177,100,5177,1,0
B,H,B,7116,100,7116,1,0
A,C,C,7032,100,7032,1,0
B,C,C,4942,100,4942,1,0
C,D,C,4963,100,4963,1,0
C,E,C,7211,100,7211,1,0
C,F,C,5169,100,5169,1,0
C,G,C,1420,100,1420,1,0
C,H,C,5166,100,5166,1,0
A,D,D,4989,100,4989,1,0
B,D,D,6981,100,6981,1,0
C,D,D,4950,100,4950,1,0
D,E,D,5155,100,5155,1,0
D,F,D,7170,100,7170,1,0
D,G,D,5127,100,5127,1,0
D,H,D,1408,100,1408,1,0
A,E,E,1429,100,1429,1,0
B,E,E,5120,100,5120,1,0
C,E,E,7191,100,7191,1,0
D,E,E,5147,100,5147,1,0
E,F,E,4971,100,4971,1,0
E,G,E,7053,100,7053,1,0
E,H,E,5004,100,5004,1,0
A,F,F,5154,100,5154,1,0
B,F,F,1400,100,1400,1,0
C,F,F,5134,100,5134,1,0
D,F,F,7140,100,7140,1,0
E,F,F,4974,100,4974,1,0
F,G,F,4931,100,4931,1,0
F,H,F,7010,100,7010,1,0
A,G,G,7169,100,7169,1,0
B,G,G,5221,100,5221,1,0
C,G,G,1425,100,1425,1,0
D,G,G,5130,100,5130,1,0
E,G,G,7049,100,7049,1,0
F,G,G,4993,100,4993,1,0
G,H,G,4940,100,4940,1,0
A,H,H,5184,100,5184,1,0
B,H,H,7149,100,7149,1,0
C,H,H,5150,100,5150,1,0
D,H,H,1338,100,1338,1,0
E,H,H,4975,100,4975,1,0
F,H,H,7014,100,7014,1,0
G,H,H,4976,100,4976,1,0
A,B,A,4969,100,4969,1,0
A,C,A,7010,100,7010,1,0
A,D,A,4951,100,4951,1,0
A,E,A,1388,100,1388,1,0
A,F,A,5174,100,5174,1,0
A,G,A,7129,100,7129,1,0
A,H,A,5131,100,5131,1,0
A,B,B,4966,100,4966,1,0
B,C,B,5016,100,5016,1,0
B,D,B,6998,100,6998,1,0
B,E,B,5151,100,5151,1,0
B,F,B,1395,100,1395,1,0
B,G,B,5173,100,5173,1,0
B,H,B,7157,100,7157,1,0
A,C,C,7062,100,7062,1,0
B,C,C,4994,100,4994,1,0
C,D,C,4945,100,4945,1,0
C,E,C,7174,100,7174,1,0
C,F,C,5131,100,5131,1,0
C,G,C,1443,100,1443,1,0
C,H,C,5156,100,5156,1,0
A,D,D,4951,100,4951,1,0
B,D,D,6998,100,6998,1,0
C,D,D,4969,100,4969,1,0
D,E,D,5198,100,5198,1,0
D,F,D,7115,100,7115,1,0
D,G,D,5155,100,5155,1,0
D,H,D,1478,100,1478,1,0
A,E,E,1416,100,1416,1,0
B,E,E,5126,100,5126,1,0
C,E,E,7187,100,7187,1,0
D,E,E,5235,100,5235,1,0
E,F,E,4993,100,4993,1,0
E,G,E,7031,100,7031,1,0
E,H,E,4928,100,4928,1,0
A,F,F,5160,100,5160,1,0
B,F,F,1373,100,1373,1,0
C,F,F,5150,100,5150,1,0
D,F,F,7130,100,7130,1,0
E,F,F,4951,100,4951,1,0
F,G,F,4985,100,4985,1,0
F,H,F,6999,100,6999,1,0
A,G,G,7194,100,7194,1,0
B,G,G,5174,100,5174,1,0
C,G,G,1434,100,1434,1,0
D,G,G,5147,100,5147,1,0
E,G,G,7062,100,7062,1,0
F,G,G,4942,100,4942,1,0
G,H,G,4933,100,4933,1,0
A,H,H,5150,100,5150,1,0
B,H,H,7155,100,7155,1,0
C,H,H,5137,100,5137,1,0
D,H,H,1368,100,1368,1,0
E,H,H,4967,100,4967,1,0
F,H,H,7027,100,7027,1,0
G,H,H,4939,100,4939,1,0
A,B,A,4957,100,4957,1,0
A,C,A,7041,100,7041,1,0
A,D,A,4951,100,4951,1,0
A,E,A,1376,100,1376,1,0
A,F,A,5170,100,5170,1,0
A,G,A,7170,100,7170,1,0
A,H,A,5149,100,5149,1,0
A,B,B,4948,100,4948,1,0
B,C,B,4977,100,4977,1,0
B,D,B,7026,100,7026,1,0
B,E,B,5158,100,5158,1,0
B,F,B,1401,100,1401,1,0
B,G,B,5184,100,5184,1,0
B,H,B,7122,100,7122,1,0
A,C,C,7018,100,7018,1,0
B,C,C,4982,100,4982,1,0
C,D,C,4947,100,4947,1,0
C,E,C,7198,100,7198,1,0
C,F,C,5141,100,5141,1,0
C,G,C,1365,100,1365,1,0
C,H,C,5164,100,5164,1,0
A,D,D,4942,100,4942,1,0
B,D,D,6981,100,6981,1,0
C,D,D,4955,100,4955,1,0
D,E,D,5131,100,5131,1,0
D,F,D,7113,100,7113,1,0
D,G,D,5171,100,5171,1,0
D,H,D,1456,100,1456,1,0
A,E,E,1435,100,1435,1,0
B,E,E,5152,100,5152,1,0
C,E,E,7223,100,7223,1,0
D,E,E,5179,100,5179,1,0
E,F,E,4966,100,4966,1,0
E,G,E,7044,100,7044,1,0
E,H,E,5019,100,5019,1,0
A,F,F,5138,100,5138,1,0
B,F,F,1417,100,1417,1,0
C,F,F,5141,100,5141,1,0
D,F,F,7179,100,7179,1,0
E,F,F,4952,100,4952,1,0
F,G,F,4986,100,4986,1,0
F,H,F,6986,100,6986,1,0
A,G,G,7196,100,7196,1,0
B,G,G,5186,100,5186,1,0
C,G,G,1388,100,1388,1,0
D,G,G,5133,100,5133,1,0
E,G,G,7059,100,7059,1,0
F,G,G,4965,100,4965,1,0
G,H,G,4973,100,4973,1,0
A,H,H,5190,100,5190,1,0
B,H,H,7165,100,7165,1,0
C,H,H,5086,100,5086,1,0
D,H,H,1358,100,1358,1,0
E,H,H,4972,100,4972,1,0
F,H,H,7021,100,7021,1,0
G,H,H,4949,100,4949,1,0
A,B,A,4916,100,4916,1,0
A,C,A,7033,100,7033,1,0
A,D,A,4958,100,4958,1,0
A,E,A,1425,100,1425,1,0
A,F,A,5172,100,5172,1,0
A,G,A,7139,100,7139,1,0
A,H,A,5143,100,5143,1,0
A,B,B,4957,100,4957,1,0
B,C,B,4963,100,4963,1,0
B,D,B,6971,100,6971,1,0
B,E,B,5152,100,5152,1,0
B,F,B,1410,100,1410,1,0
B,G,B,5197,100,5197,1,0
B,H,B,7125,100,7125,1,0
A,C,C,7002,100,7002,1,0
B,C,C,4949,100,4949,1,0
C,D,C,4947,100,4947,1,0
C,E,C,7185,100,7185,1,0
C,F,C,5151,100,5151,1,0
C,G,C,1399,100,1399,1,0
C,H,C,5165,100,5165,1,0
A,D,D,4948,100,4948,1,0
B,D,D,6990,100,6990,1,0
C,D,D,4940,100,4940,1,0
D,E,D,5178,100,5178,1,0
D,F,D,7118,100,7118,1,0
D,G,D,5130,100,5130,1,0
D,H,D,1357,100,1357,1,0
A,E,E,1419,100,1419,1,0
B,E,E,5130,100,5130,1,0
C,E,E,7168,100,7168,1,0
D,E,E,5139,100,5139,1,0
E,F,E,4985,100,4985,1,0
E,G,E,7043,100,7043,1,0
E,H,E,5003,100,5003,1,0
A,F,F,5172,100,5172,1,0
B,F,F,1396,100,1396,1,0
C,F,F,5153,100,5153,1,0
D,F,F,7150,100,7150,1,0
E,F,F,4986,100,4986,1,0
F,G,F,4952,100,4952,1,0
F,H,F,7035,100,7035,1,0
A,G,G,7191,100,7191,1,0
B,G,G,5183,100,5183,1,0
C,G,G,1397,100,1397,1,0
D,G,G,5124,100,5124,1,0
E,G,G,7026,100,7026,1,0
F,G,G,4986,100,4986,1,0
G,H,G,4972,100,4972,1,0
A,H,H,5161,100,5161,1,0
B,H,H,7175,100,7175,1,0
C,H,H,5144,100,5144,1,0
D,H,H,1395,100,1395,1,0
E,H,H,4973,100,4973,1,0
F,H,H,7001,100,7001,1,0
G,H,H,4971,100,4971,1,0
A,B,A,4989,100,4989,1,0
A,C,A,7002,100,7002,1,0
A,D,A,4926,100,4926,1,0
A,E,A,1398,100,1398,1,0
A,F,A,5192,100,5192,1,0
A,G,A,7218,100,7218,1,0
A,H,A,5149,100,5149,1,0
A,B,B,4962,100,4962,1,0
B,C,B,4968,100,4968,1,0
B,D,B,6993,100,6993,1,0
B,E,B,5117,100,5117,1,0
B,F,B,1406,100,1406,1,0
B,G,B,5175,100,5175,1,0
B,H,B,7155,100,7155,1,0
A,C,C,7040,100,7040,1,0
B,C,C,5016,100,5016,1,0
C,D,C,4989,100,4989,1,0
C,E,C,7181,100,7181,1,0
C,F,C,5150,100,5150,1,0
C,G,C,1442,100,1442,1,0
C,H,C,5141,100,5141,1,0
A,D,D,4931,100,4931,1,0
B,D,D,6974,100,6974,1,0
C,D,D,4948,100,4948,1,0
D,E,D,5192,100,5192,1,0
D,F,D,7108,100,7108,1,0
D,G,D,5143,100,5143,1,0
D,H,D,1378,100,1378,1,0
A,E,E,1383,100,1383,1,0
B,E,E,5129,100,5129,1,0
C,E,E,7233,100,7233,1,0
D,E,E,5164,100,5164,1,0
E,F,E,4956,100,4956,1,0
E,G,E,7041,100,7041,1,0
E,H,E,4966,100,4966,1,0
A,F,F,5207,100,5207,1,0
B,F,F,1353,100,1353,1,0
C,F,F,5152,100,5152,1,0
D,F,F,7108,100,7108,1,0
E,F,F,4969,100,4969,1,0
F,G,F,5006,100,5006,1,0
F,H,F,7001,100,7001,1,0
A,G,G,7160,100,7160,1,0
B,G,G,5159,100,5159,1,0
C,G,G,1408,100,1408,1,0
D,G,G,5153,100,5153,1,0
E,G,G,7037,100,7037,1,0
F,G,G,4961,100,4961,1,0
G,H,G,4933,100,4933,1,0
A,H,H,5175,100,5175,1,0
B,H,H,7142,100,7142,1,0
C,H,H,5170,100,5170,1,0
D,H,H,1418,100,1418,1,0
E,H,H,4980,100,4980,1,0
F,H,H,7041,100,7041,1,0
G,H,H,4970,100,4970,1,0
A,B,A,4980,100,4980,1,0
A,C,A,7049,100,7049,1,0
A,D,A,4941,100,4941,1,0
A,E,A,1440,100,1440,1,0
A,F,A,5169,100,5169,1,0
A,G,A,7199,100,7199,1,0
A,H,A,5147,100,5147,1,0
A,B,B,4959,100,4959,1,0
B,C,B,4970,100,4970,1,0
B,D,B,6990,100,6990,1,0
B,E,B,5133,100,5133,1,0
B,F,B,1387,100,1387,1,0
B,G,B,5184,100,5184,1,0
B,H,B,7096,100,7096,1,0
A,C,C,7019,100,7019,1,0
B,C,C,4970,100,4970,1,0
C,D,C,4980,100,4980,1,0
C,E,C,7153,100,7153,1,0
C,F,C,5161,100,5161,1,0
C,G,C,1432,100,1432,1,0
C,H,C,5119,100,5119,1,0
A,D,D,4960,100,4960,1,0
B,D,D,7046,100,7046,1,0
C,D,D,4943,100,4943,1,0
D,E,D,5141,100,5141,1,0
D,F,D,7168,100,7168,1,0
D,G,D,5138,100,5138,1,0
D,H,D,1379,100,1379,1,0
A,E,E,1443,100,1443,1,0
B,E,E,5109,100,5109,1,0
C,E,E,7184,100,7184,1,0
D,E,E,5148,100,5148,1,0
E,F,E,5008,100,5008,1,0
E,G,E,7038,100,7038,1,0
E,H,E,4959,100,4959,1,0
A,F,F,5161,100,5161,1,0
B,F,F,1430,100,1430,1,0
C,F,F,5163,100,5163,1,0
D,F,F,7140,100,7140,1,0
E,F,F,4987,100,4987,1,0
F,G,F,4977,100,4977,1,0
F,H,F,6978,100,6978,1,0
A,G,G,7152,100,7152,1,0
B,G,G,5204,100,5204,1,0
C,G,G,1353,100,1353,1,0
D,G,G,5146,100,5146,1,0
E,G,G,7023,100,7023,1,0
F,G,G,4980,100,4980,1,0
G,H,G,4958,100,4958,1,0
A,H,H,5182,100,5182,1,0
B,H,H,7098,100,7098,1,0
C,H,H,5202,100,5202,1,0
D,H,H,1405,100,1405,1,0
E,H,H,4974,100,4974,1,0
F,H,H,7012,100,7012,1,0
G,H,H,4938,100,4938,1,0
A,B,A,4988,100,4988,1,0
A,C,A,7051,100,7051,1,0
A,D,A,4937,100,4937,1,0
A,E,A,1398,100,1398,1,0
A,F,A,5167,100,5167,1,0
A,G,A,7181,100,7181,1,0
A,H,A,5131,100,5131,1,0
A,B,B,4943,100,4943,1,0
B,C,B,4970,100,4970,1,0
B,D,B,6982,100,6982,1,0
B,E,B,5159,100,5159,1,0
B,F,B,1413,100,1413,1,0
B,G,B,5170,100,5170,1,0
B,H,B,7106,100,7106,1,0
A,C,C,7030,100,7030,1,0
B,C,C,4988,100,4988,1,0
C,D,C,4960,100,4960,1,0
C,E,C,7155,100,7155,1,0
C,F,C,5136,100,5136,1,0
C,G,C,1423,100,1423,1,0
C,H,C,5141,100,5141,1,0
A,D,D,4954,100,4954,1,0
B,D,D,7028,100,7028,1,0
C,D,D,4992,100,4992,1,0
D,E,D,5135,100,5135,1,0
D,F,D,7129,100,7129,1,0
D,G,D,5134,100,5134,1,0
D,H,D,1383,100,1383,1,0
A,E,E,1417,100,1417,1,0
B,E,E,5156,100,5156,1,0
C,E,E,7178,100,7178,1,0
D,E,E,5152,100,5152,1,0
E,F,E,4974,100,4974,1,0
E,G,E,7089,100,7089,1,0
E,H,E,4933,100,4933,1,0
A,F,F,5157,100,5157,1,0
B,F,F,1373,100,1373,1,0
C,F,F,5129,100,5129,1,0
D,F,F,7159,100,7159,1,0
E,F,F,4996,100,4996,1,0
F,G,F,4995,100,4995,1,0
F,H,F,7021,100,7021,1,0
A,G,G,7179,100,7179,1,0
B,G,G,5188,100,5188,1,0
C,G,G,1430,100,1430,1,0
D,G,G,5176,100,5176,1,0
E,G,G,7031,100,7031,1,0
F,G,G,4975,100,4975,1,0
G,H,G,4927,100,4927,1,0
A,H,H,5118,100,5118,1,0
B,H,H,7157,100,7157,1,0
C,H,H,5164,100,5164,1,0
D,H,H,1457,100,1457,1,0
E,H,H,4942,100,4942,1,0
F,H,H,7012,100,7012,1,0
G,H,H,4955,100,4955,1,0
A,B,A,4995,100,4995,1,0
A,C,A,7041,100,7041,1,0
A,D,A,4962,100,4962,1,0
A,E,A,1423,100,1423,1,0
A,F,A,5172,100,5172,1,0
A,G,A,7147,100,7147,1,0
A,H,A,5121,100,5121,1,0
A,B,B,4982,100,4982,1,0
B,C,B,5011,100,5011,1,0
B,D,B,7046,100,7046,1,0
B,E,B,5151,100,5151,1,0
B,F,B,1366,100,1366,1,0
B,G,B,5181,100,5181,1,0
B,H,B,7155,100,7155,1,0
A,C,C,7077,100,7077,1,0
B,C,C,4970,100,4970,1,0
C,D,C,4959,100,4959,1,0
C,E,C,7198,100,7198,1,0
C,F,C,5138,100,5138,1,0
C,G,C,1391,100,1391,1,0
C,H,C,5141,100,5141,1,0
A,D,D,4950,100,4950,1,0
B,D,D,6963,100,6963,1,0
C,D,D,4955,100,4955,1,0
D,E,D,5132,100,5132,1,0
D,F,D,7115,100,7115,1,0
D,G,D,5171,100,5171,1,0
D,H,D,1426,100,1426,1,0
A,E,E,1407,100,1407,1,0
B,E,E,5145,100,5145,1,0
C,E,E,7165,100,7165,1,0
D,E,E,5159,100,5159,1,0
E,F,E,4983,100,4983,1,0
E,G,E,7040,100,7040,1,0
E,H,E,4945,100,4945,1,0
A,F,F,5187,100,5187,1,0
B,F,F,1363,100,1363,1,0
C,F,F,5139,100,5139,1,0
D,F,F,7149,100,7149,1,0
E,F,F,4961,100,4961,1,0
F,G,F,4986,100,4986,1,0
F,H,F,7047,100,7047,1,0
A,G,G,7140,100,7140,1,0
B,G,G,5156,100,5156,1,0
C,G,G,1404,100,1404,1,0
D,G,G,5126,100,5126,1,0
E,G,G,7041,100,7041,1,0
F,G,G,4998,100,4998,1,0
G,H,G,4943,100,4943,1,0
A,H,H,5135,100,5135,1,0
B,H,H,7123,100,7123,1,0
C,H,H,5145,100,5145,1,0
D,H,H,1410,100,1410,1,0
E,H,H,4948,100,4948,1,0
F,H,H,6991,100,6991,1,0
G,H,H,4950,100,4950,1,0
A,B,A,4969,100,4969,1,0
A,C,A,6990,100,6990,1,0
A,D,A,4922,100,4922,1,0
A,E,A,1415,100,1415,1,0
A,F,A,5199,100,5199,1,0
A,G,A,7106,100,7106,1,0
A,H,A,5163,100,5163,1,0
A,B,B,4997,100,4997,1,0
B,C,B,4988,100,4988,1,0
B,D,B,7012,100,7012,1,0
B,E,B,5153,100,5153,1,0
B,F,B,1371,100,1371,1,0
B,G,B,5189,100,5189,1,0
B,H,B,7146,100,7146,1,0
A,C,C,7019,100,7019,1,0
B,C,C,4981,100,4981,1,0
C,D,C,4928,100,4928,1,0
C,E,C,7162,100,7162,1,0
C,F,C,5164,100,5164,1,0
C,G,C,1376,100,1376,1,0
C,H,C,5152,100,5152,1,0
A,D,D,4954,100,4954,1,0
B,D,D,6980,100,6980,1,0
C,D,D,4974,100,4974,1,0
D,E,D,5176,100,5176,1,0
D,F,D,7133,100,7133,1,0
D,G,D,5163,100,5163,1,0
D,H,D,1387,100,1387,1,0
A,E,E,1433,100,1433,1,0
B,E,E,5129,100,5129,1,0
C,E,E,7117,100,7117,1,0
D,E,E,5136,100,5136,1,0
E,F,E,4989,100,4989,1,0
E,G,E,7048,100,7048,1,0
E,H,E,4961,100,4961,1,0
A,F,F,5145,100,5145,1,0
B,F,F,1389,100,1389,1,0
C,F,F,5171,100,5171,1,0
D,F,F,7098,100,7098,1,0
E,F,F,4947,100,4947,1,0
F,G,F,4972,100,4972,1,0
F,H,F,7026,100,7026,1,0
A,G,G,7196,100,7196,1,0
B,G,G,5176,100,5176,1,0
C,G,G,1353,100,1353,1,0
D,G,G,5154,100,5154,1,0
E,G,G,7069,100,7069,1,0
F,G,G,4990,100,4990,1,0
G,H,G,4951,100,4951,1,0
A,H,H,5181,100,5181,1,0
B,H,H,7150,100,7150,1,0
C,H,H,5174,100,5174,1,0
D,H,H,1396,100,1396,1,0
E,H,H,4964,100,4964,1,0
F,H,H,6998,100,6998,1,0
G,H,H,4961,100,4961,1,0
A,B,A,4920,100,4920,1,0
A,C,A,7053,100,7053,1,0
A,D,A,4956,100,4956,1,0
A,E,A,1461,100,1461,1,0
A,F,A,5175,100,5175,1,0
A,G,A,7179,100,7179,1,0
A,H,A,5121,100,5121,1,0
A,B,B,4947,100,4947,1,0
B,C,B,5007,100,5007,1,0
B,D,B,7003,100,7003,1,0
B,E,B,5155,100,5155,1,0
B,F,B,1404,100,1404,1,0
B,G,B,5180,100,5180,1,0
B,H,B,7171,100,7171,1,0
A,C,C,7042,100,7042,1,0
B,C,C,4984,100,4984,1,0
C,D,C,4958,100,4958,1,0
C,E,C,7218,100,7218,1,0
C,F,C,5148,100,5148,1,0
C,G,C,1422,100,1422,1,0
C,H,C,5135,100,5135,1,0
A,D,D,4925,100,4925,1,0
B,D,D,7052,100,7052,1,0
C,D,D,4915,100,4915,1,0
D,E,D,5216,100,5216,1,0
D,F,D,7150,100,7150,1,0
D,G,D,5146,100,5146,1,0
D,H,D,1378,100,1378,1,0
A,E,E,1360,100,1360,1,0
B,E,E,5137,100,5137,1,0
C,E,E,7181,100,7181,1,0
D,E,E,5211,100,5211,1,0
E,F,E,4972,100,4972,1,0
E,G,E,7073,100,7073,1,0
E,H,E,5030,100,5030,1,0
A,F,F,5214,100,5214,1,0
B,F,F,1377,100,1377,1,0
C,F,F,5143,100,5143,1,0
D,F,F,7111,100,7111,1,0
E,F,F,4990,100,4990,1,0
F,G,F,4964,100,4964,1,0
F,H,F,7008,100,7008,1,0
A,G,G,7169,100,7169,1,0
B,G,G,5199,100,5199,1,0
C,G,G,1402,100,1402,1,0
D,G,G,5148,100,5148,1,0
E,G,G,7052,100,7052,1,0
F,G,G,4967,100,4967,1,0
G,H,G,4940,100,4940,1,0
A,H,H,5132,100,5132,1,0
B,H,H,7124,100,7124,1,0
C,H,H,5198,100,5198,1,0
D,H,H,1402,100,1402,1,0
E,H,H,4996,100,4996,1,0
F,H,H,7036,100,7036,1,0
G,H,H,4988,100,4988,1,0
A,B,A,4928,100,4928,1,0
A,C,A,7008,100,7008,1,0
A,D,A,4944,100,4944,1,0
A,E,A,1386,100,1386,1,0
A,F,A,5179,100,5179,1,0
A,G,A,7162,100,7162,1,0
A,H,A,5158,100,5158,1,0
A,B,B,4978,100,4978,1,0
B,C,B,4940,100,4940,1,0
B,D,B,6955,100,6955,1,0
B,E,B,5138,100,5138,1,0
B,F,B,1380,100,1380,1,0
B,G,B,5170,100,5170,1,0
B,H,B,7154,100,7154,1,0
A,C,C,6991,100,6991,1,0
B,C,C,4971,100,4971,1,0
C,D,C,4960,100,4960,1,0
C,E,C,7181,100,7181,1,0
C,F,C,5170,100,5170,1,0
C,G,C,1407,100,1407,1,0
C,H,C,5140,100,5140,1,0
A,D,D,4925,100,4925,1,0
B,D,D,7005,100,7005,1,0
C,D,D,4936,100,4936,1,0
D,E,D,5157,100,5157,1,0
D,F,D,7171,100,7171,1,0
D,G,D,5177,100,5177,1,0
D,H,D,1384,100,1384,1,0
A,E,E,1438,100,1438,1,0
B,E,E,5197,100,5197,1,0
C,E,E,7140,100,7140,1,0
D,E,E,5159,100,5159,1,0
E,F,E,4923,100,4923,1,0
E,G,E,7046,100,7046,1,0
E,H,E,4938,100,4938,1,0
A,F,F,5183,100,5183,1,0
B,F,F,1415,100,1415,1,0
C,F,F,5179,100,5179,1,0
D,F,F,7159,100,7159,1,0
E,F,F,4979,100,4979,1,0
F,G,F,4941,100,4941,1,0
F,H,F,6974,100,6974,1,0
A,G,G,7187,100,7187,1,0
B,G,G,5175,100,5175,1,0
C,G,G,1384,100,1384,1,0
D,G,G,5145,100,5145,1,0
E,G,G,7057,100,7057,1,0
F,G,G,4974,100,4974,1,0
G,H,G,4928,100,4928,1,0
A,H,H,5151,100,5151,1,0
B,H,H,7130,100,7130,1,0
C,H,H,5175,100,5175,1,0
D,H,H,1452,100,1452,1,0
E,H,H,4977,100,4977,1,0
F,H,H,6995,100,6995,1,0
G,H,H,4935,100,4935,1,0
A,B,A,4948,100,4948,1,0
A,C,A,6969,100,6969,1,0
A,D,A,4940,100,4940,1,0
A,E,A,1382,100,1382,1,0
A,F,A,5145,100,5145,1,0
A,G,A,7152,100,7152,1,0
A,H,A,5148,100,5148,1,0
A,B,B,4943,100,4943,1,0
B,C,B,4959,100,4959,1,0
B,D,B,7033,100,7033,1,0
B,E,B,5143,100,5143,1,0
B,F,B,1398,100,1398,1,0
B,G,B,5204,100,5204,1,0
B,H,B,7173,100,7173,1,0
A,C,C,7032,100,7032,1,0
B,C,C,4978,100,4978,1,0
C,D,C,4963,100,4963,1,0
C,E,C,7163,100,7163,1,0
C,F,C,5135,100,5135,1,0
C,G,C,1409,100,1409,1,0
C,H,C,5144,100,5144,1,0
A,D,D,4947,100,4947,1,0
B,D,D,7016,100,7016,1,0
C,D,D,4918,100,4918,1,0
D,E,D,5219,100,5219,1,0
D,F,D,7118,100,7118,1,0
D,G,D,5123,100,5123,1,0
D,H,D,1438,100,1438,1,0
A,E,E,1452,100,1452,1,0
B,E,E,5122,100,5122,1,0
C,E,E,7164,100,7164,1,0
D,E,E,5099,100,5099,1,0
E,F,E,4955,100,4955,1,0
E,G,E,7024,100,7024,1,0
E,H,E,4960,100,4960,1,0
A,F,F,5173,100,5173,1,0
B,F,F,1398,100,1398,1,0
C,F,F,5176,100,5176,1,0
D,F,F,7124,100,7124,1,0
E,F,F,4990,100,4990,1,0
F,G,F,4982,100,4982,1,0
F,H,F,7012,100,7012,1,0
A,G,G,7197,100,7197,1,0
B,G,G,5200,100,5200,1,0
C,G,G,1431,100,1431,1,0
D,G,G,5130,100,5130,1,0
E,G,G,7069,100,7069,1,0
F,G,G,4969,100,4969,1,0
G,H,G,4964,100,4964,1,0
A,H,H,5127,100,5127,1,0
B,H,H,7139,100,7139,1,0
C,H,H,5111,100,5111,1,0
D,H,H,1453,100,1453,1,0
E,H,H,4977,100,4977,1,0
F,H,H,6976,100,6976,1,0
G,H,H,4928,100,4928,1,0
A,B,A,4943,100,4943,1,0
A,C,A,7003,100,7003,1,0
A,D,A,4938,100,4938,1,0
A,E,A,1371,100,1371,1,0
A,F,A,5169,100,5169,1,0
A,G,A,7159,100,7159,1,0
A,H,A,5107,100,5107,1,0
A,B,B,4948,100,4948,1,0
B,C,B,4976,100,4976,1,0
B,D,B,7004,100,7004,1,0
B,E,B,5118,100,5118,1,0
B,F,B,1402,100,1402,1,0
B,G,B,5182,100,5182,1,0
B,H,B,7126,100,7126,1,0
A,C,C,7053,100,7053,1,0
B,C,C,4968,100,4968,1,0
C,D,C,4924,100,4924,1,0
C,E,C,7185,100,7185,1,0
C,F,C,5156,100,5156,1,0
C,G,C,1359,100,1359,1,0
C,H,C,5160,100,5160,1,0
A,D,D,4952,100,4952,1,0
B,D,D,7008,100,7008,1,0
C,D,D,4955,100,4955,1,0
D,E,D,5176,100,5176,1,0
D,F,D,7128,100,7128,1,0
D,G,D,5176,100,5176,1,0
D,H,D,1429,100,1429,1,0
A,E,E,1469,100,1469,1,0
B,E,E,5188,100,5188,1,0
C,E,E,7174,100,7174,1,0
D,E,E,5196,100,5196,1,0
E,F,E,4972,100,4972,1,0
E,G,E,7054,100,7054,1,0
E,H,E,4949,100,4949,1,0
A,F,F,5210,100,5210,1,0
B,F,F,1376,100,1376,1,0
C,F,F,5178,100,5178,1,0
D,F,F,7130,100,7130,1,0
E,F,F,4965,100,4965,1,0
F,G,F,4975,100,4975,1,0
F,H,F,6977,100,6977,1,0
A,G,G,7175,100,7175,1,0
B,G,G,5168,100,5168,1,0
C,G,G,1414,100,1414,1,0
D,G,G,5148,100,5148,1,0
E,G,G,7064,100,7064,1,0
F,G,G,4976,100,4976,1,0
G,H,G,4948,100,4948,1,0
A,H,H,5114,100,5114,1,0
B,H,H,7163,100,7163,1,0
C,H,H,5164,100,5164,1,0
D,H,H,1414,100,1414,1,0
E,H,H,5007,100,5007,1,0
F,H,H,6998,100,6998,1,0
G,H,H,4920,100,4920,1,0
A,B,A,4954,100,4954,1,0
A,C,A,7028,100,7028,1,0
A,D,A,4947,100,4947,1,0
A,E,A,1377,100,1377,1,0
A,F,A,5141,100,5141,1,0
A,G,A,7145,100,7145,1,0
A,H,A,5139,100,5139,1,0
A,B,B,5013,100,5013,1,0
B,C,B,4988,100,4988,1,0
B,D,B,7003,100,7003,1,0
B,E,B,5215,100,5215,1,0
B,F,B,1411,100,1411,1,0
B,G,B,5172,100,5172,1,0
B,H,B,7124,100,7124,1,0
A,C,C,7005,100,7005,1,0
B,C,C,4988,100,4988,1,0
C,D,C,4931,100,4931,1,0
C,E,C,7194,100,7194,1,0
C,F,C,5133,100,5133,1,0
C,G,C,1443,100,1443,1,0
C,H,C,5149,100,5149,1,0
A,D,D,4940,100,4940,1,0
B,D,D,7039,100,7039,1,0
C,D,D,4950,100,4950,1,0
D,E,D,5125,100,5125,1,0
D,F,D,7135,100,7135,1,0
D,G,D,5130,100,5130,1,0
D,H,D,1385,100,1385,1,0
A,E,E,1423,100,1423,1,0
B,E,E,5153,100,5153,1,0
C,E,E,7166,100,7166,1,0
D,E,E,5186,100,5186,1,0
E,F,E,4957,100,4957,1,0
E,G,E,7040,100,7040,1,0
E,H,E,5017,100,5017,1,0
A,F,F,5156,100,5156,1,0
B,F,F,1412,100,1412,1,0
C,F,F,5133,100,5133,1,0
D,F,F,7149,100,7149,1,0
E,F,F,4975,100,4975,1,0
F,G,F,4937,100,4937,1,0
F,H,F,7015,100,7015,1,0
A,G,G,7166,100,7166,1,0
B,G,G,5222,100,5222,1,0
C,G,G,1342,100,1342,1,0
D,G,G,5128,100,5128,1,0
E,G,G,7049,100,7049,1,0
F,G,G,4987,100,4987,1,0
G,H,G,4987,100,4987,1,0
A,H,H,5115,100,5115,1,0
B,H,H,7085,100,7085,1,0
C,H,H,5152,100,5152,1,0
D,H,H,1400,100,1400,1,0
E,H,H,5005,100,5005,1,0
F,H,H,6995,100,6995,1,0
G,H,H,4936,100,4936,1,0
A,B,A,4956,100,4956,1,0
A,C,A,7022,100,7022,1,0
A,D,A,4954,100,4954,1,0
A,E,A,1459,100,1459,1,0
A,F,A,5133,100,5133,1,0
A,G,A,7192,100,7192,1,0
A,H,A,5136,100,5136,1,0
A,B,B,4904,100,4904,1,0
B,C,B,4987,100,4987,1,0
B,D,B,7019,100,7019,1,0
B,E,B,5152,100,5152,1,0
B,F,B,1401,100,1401,1,0
B,G,B,5197,100,5197,1,0
B,H,B,7143,100,7143,1,0
A,C,C,6984,100,6984,1,0
B,C,C,4959,100,4959,1,0
C,D,C,4919,100,4919,1,0
C,E,C,7189,100,7189,1,0
C,F,C,5150,100,5150,1,0
C,G,C,1421,100,1421,1,0
C,H,C,5145,100,5145,1,0
A,D,D,4941,100,4941,1,0
B,D,D,6986,100,6986,1,0
C,D,D,4954,100,4954,1,0
D,E,D,5140,100,5140,1,0
D,F,D,7187,100,7187,1,0
D,G,D,5103,100,5103,1,0
D,H,D,1401,100,1401,1,0
A,E,E,1482,100,1482,1,0
B,E,E,5132,100,5132,1,0
C,E,E,7160,100,7160,1,0
D,E,E,5170,100,5170,1,0
E,F,E,4984,100,4984,1,0
E,G,E,7049,100,7049,1,0
E,H,E,4944,100,4944,1,0
A,F,F,5239,100,5239,1,0
B,F,F,1392,100,1392,1,0
C,F,F,5134,100,5134,1,0
D,F,F,7133,100,7133,1,0
E,F,F,4992,100,4992,1,0
F,G,F,4980,100,4980,1,0
F,H,F,7014,100,7014,1,0
A,G,G,7200,100,7200,1,0
B,G,G,5182,100,5182,1,0
C,G,G,1439,100,1439,1,0
D,G,G,5144,100,5144,1,0
E,G,G,7046,100,7046,1,0
F,G,G,4968,100,4968,1,0
G,H,G,4990,100,4990,1,0
A,H,H,5158,100,5158,1,0
B,H,H,7171,100,7171,1,0
C,H,H,5167,100,5167,1,0
D,H,H,1377,100,1377,1,0
E,H,H,4970,100,4970,1,0
F,H,H,7002,100,7002,1,0
G,H,H,4993,100,4993,1,0
A,B,A,4959,100,4959,1,0
A,C,A,6992,100,6992,1,0
A,D,A,4944,100,4944,1,0
A,E,A,1403,100,1403,1,0
A,F,A,5223,100,5223,1,0
A,G,A,7204,100,7204,1,0
A,H,A,5148,100,5148,1,0
A,B,B,4957,100,4957,1,0
B,C,B,5007,100,5007,1,0
B,D,B,6977,100,6977,1,0
B,E,B,5158,100,5158,1,0
B,F,B,1370,100,1370,1,0
B,G,B,5183,100,5183,1,0
B,H,B,7144,100,7144,1,0
A,C,C,7036,100,7036,1,0
B,C,C,4963,100,4963,1,0
C,D,C,4949,100,4949,1,0
C,E,C,7151,100,7151,1,0
C,F,C,5143,100,5143,1,0
C,G,C,1432,100,1432,1,0
C,H,C,5131,100,5131,1,0
A,D,D,4927,100,4927,1,0
B,D,D,7016,100,7016,1,0
C,D,D,4947,100,4947,1,0
D,E,D,5197,100,5197,1,0
D,F,D,7113,100,7113,1,0
D,G,D,5141,100,5141,1,0
D,H,D,1336,100,1336,1,0
A,E,E,1425,100,1425,1,0
B,E,E,5120,100,5120,1,0
C,E,E,7179,100,7179,1,0
D,E,E,5136,100,5136,1,0
E,F,E,4992,100,4992,1,0
E,G,E,7073,100,7073,1,0
E,H,E,4920,100,4920,1,0
A,F,F,5141,100,5141,1,0
B,F,F,1412,100,1412,1,0
C,F,F,5158,100,5158,1,0
D,F,F,7149,100,7149,1,0
E,F,F,4955,100,4955,1,0
F,G,F,4960,100,4960,1,0
F,H,F,7033,100,7033,1,0
A,G,G,7175,100,7175,1,0
B,G,G,5196,100,5196,1,0
C,G,G,1424,100,1424,1,0
D,G,G,5142,100,5142,1,0
E,G,G,7011,100,7011,1,0
F,G,G,4986,100,4986,1,0
G,H,G,4911,100,4911,1,0
A,H,H,5188,100,5188,1,0
B,H,H,7142,100,7142,1,0
C,H,H,5125,100,5125,1,0
D,H,H,1373,100,1373,1,0
E,H,H,4945,100,4945,1,0
F,H,H,6999,100,6999,1,0
G,H,H,4931,100,4931,1,0
A,B,A,4971,100,4971,1,0
A,C,A,7049,100,7049,1,0
A,D,A,4950,100,4950,1,0
A,E,A,1448,100,1448,1,0
A,F,A,5179,100,5179,1,0
A,G,A,7225,100,7225,1,0
A,H,A,5162,100,5162,1,0
A,B,B,4964,100,4964,1,0
B,C,B,4954,100,4954,1,0
B,D,B,7034,100,7034,1,0
B,E,B,5086,100,5086,1,0
B,F,B,1377,100,1377,1,0
B,G,B,5195,100,5195,1,0
B,H,B,7222,100,7222,1,0
A,C,C,7015,100,7015,1,0
B,C,C,4985,100,4985,1,0
C,D,C,4931,100,4931,1,0
C,E,C,7218,100,7218,1,0
C,F,C,5164,100,5164,1,0
C,G,C,1404,100,1404,1,0
C,H,C,5182,100,5182,1,0
A,D,D,4948,100,4948,1,0
B,D,D,7005,100,7005,1,0
C,D,D,4921,100,4921,1,0
D,E,D,5134,100,5134,1,0
D,F,D,7134,100,7134,1,0
D,G,D,5124,100,5124,1,0
D,H,D,1396,100,1396,1,0
A,E,E,1421,100,1421,1,0
B,E,E,5169,100,5169,1,0
C,E,E,7186,100,7186,1,0
D,E,E,5140,100,5140,1,0
E,F,E,4963,100,4963,1,0
E,G,E,7035,100,7035,1,0
E,H,E,4962,100,4962,1,0
A,F,F,5201,100,5201,1,0
B,F,F,1381,100,1381,1,0
C,F,F,5136,100,5136,1,0
D,F,F,7122,100,7122,1,0
E,F,F,4972,100,4972,1,0
F,G,F,4975,100,4975,1,0
F,H,F,6985,100,6985,1,0
A,G,G,7142,100,7142,1,0
B,G,G,5191,100,5191,1,0
C,G,G,1453,100,1453,1,0
D,G,G,5125,100,5125,1,0
E,G,G,7044,100,7044,1,0
F,G,G,4981,100,4981,1,0
G,H,G,4955,100,4955,1,0
A,H,H,5160,100,5160,1,0
B,H,H,7175,100,7175,1,0
C,H,H,5134,100,5134,1,0
D,H,H,1405,100,1405,1,0
E,H,H,4961,100,4961,1,0
F,H,H,7005,100,7005,1,0
G,H,H,4954,100,4954,1,0
A,B,A,4956,100,4956,1,0
A,C,A,7004,100,7004,1,0
A,D,A,4963,100,4963,1,0
A,E,A,1432,100,1432,1,0
A,F,A,5215,100,5215,1,0
A,G,A,7226,100,7226,1,0
A,H,A,5119,100,5119,1,0
A,B,B,4939,100,4939,1,0
B,C,B,4991,100,4991,1,0
B,D,B,7007,100,7007,1,0
B,E,B,5152,100,5152,1,0
B,F,B,1387,100,1387,1,0
B,G,B,5196,100,5196,1,0
B,H,B,7120,100,7120,1,0
A,C,C,6992,100,6992,1,0
B,C,C,4982,100,4982,1,0
C,D,C,4960,100,4960,1,0
C,E,C,7174,100,7174,1,0
C,F,C,5134,100,5134,1,0
C,G,C,1428,100,1428,1,0
C,H,C,5167,100,5167,1,0
A,D,D,4938,100,4938,1,0
B,D,D,7006,100,7006,1,0
C,D,D,4944,100,4944,1,0
D,E,D,5181,100,5181,1,0
D,F,D,7146,100,7146,1,0
D,G,D,5141,100,5141,1,0
D,H,D,1353,100,1353,1,0
A,E,E,1422,100,1422,1,0
B,E,E,5149,100,5149,1,0
C,E,E,7162,100,7162,1,0
D,E,E,5196,100,5196,1,0
E,F,E,4984,100,4984,1,0
E,G,E,7063,100,7063,1,0
E,H,E,4972,100,4972,1,0
A,F,F,5157,100,5157,1,0
B,F,F,1404,100,1404,1,0
C,F,F,5156,100,5156,1,0
D,F,F,7175,100,7175,1,0
E,F,F,4961,100,4961,1,0
F,G,F,4982,100,4982,1,0
F,H,F,6991,100,6991,1,0
A,G,G,7189,100,7189,1,0
B,G,G,5188,100,5188,1,0
C,G,G,1399,100,1399,1,0
D,G,G,5152,100,5152,1,0
E,G,G,7054,100,7054,1,0
F,G,G,4989,100,4989,1,0
G,H,G,4934,100,4934,1,0
A,H,H,5128,100,5128,1,0
B,H,H,7159,100,7159,1,0
C,H,H,5166,100,5166,1,0
D,H,H,1418,100,1418,1,0
E,H,H,4983,100,4983,1,0
F,H,H,7029,100,7029,1,0
G,H,H,4963,100,4963,1,0
A,B,A,4979,100,4979,1,0
A,C,A,7057,100,7057,1,0
A,D,A,4935,100,4935,1,0
A,E,A,1454,100,1454,1,0
A,F,A,5177,100,5177,1,0
A,G,A,7218,100,7218,1,0
A,H,A,5132,100,5132,1,0
A,B,B,4937,100,4937,1,0
B,C,B,4991,100,4991,1,0
B,D,B,6994,100,6994,1,0
B,E,B,5155,100,5155,1,0
B,F,B,1384,100,1384,1,0
B,G,B,5179,100,5179,1,0
B,H,B,7178,100,7178,1,0
A,C,C,6974,100,6974,1,0
B,C,C,4996,100,4996,1,0
C,D,C,4926,100,4926,1,0
C,E,C,7159,100,7159,1,0
C,F,C,5187,100,5187,1,0
C,G,C,1394,100,1394,1,0
C,H,C,5157,100,5157,1,0
A,D,D,4963,100,4963,1,0
B,D,D,7030,100,7030,1,0
C,D,D,4955,100,4955,1,0
D,E,D,5125,100,5125,1,0
D,F,D,7160,100,7160,1,0
D,G,D,5112,100,5112,1,0
D,H,D,1403,100,1403,1,0
A,E,E,1398,100,1398,1,0
B,E,E,5117,100,5117,1,0
C,E,E,7179,100,7179,1,0
D,E,E,5120,100,5120,1,0
E,F,E,4982,100,4982,1,0
E,G,E,7070,100,7070,1,0
E,H,E,4989,100,4989,1,0
A,F,F,5148,100,5148,1,0
B,F,F,1435,100,1435,1,0
C,F,F,5130,100,5130,1,0
D,F,F,7128,100,7128,1,0
E,F,F,4979,100,4979,1,0
F,G,F,5003,100,5003,1,0
F,H,F,7038,100,7038,1,0
A,G,G,7152,100,7152,1,0
B,G,G,5172,100,5172,1,0
C,G,G,1380,100,1380,1,0
D,G,G,5112,100,5112,1,0
E,G,G,7069,100,7069,1,0
F,G,G,4943,100,4943,1,0
G,H,G,4929,100,4929,1,0
A,H,H,5092,100,5092,1,0
B,H,H,7146,100,7146,1,0
C,H,H,5129,100,5129,1,0
D,H,H,1375,100,1375,1,0
E,H,H,5030,100,5030,1,0
F,H,H,7038,100,7038,1,0
G,H,H,4947,100,4947,1,0
A,B,A,4920,100,4920,1,0
A,C,A,7043,100,7043,1,0
A,D,A,4958,100,4958,1,0
A,E,A,1405,100,1405,1,0
A,F,A,5195,100,5195,1,0
A,G,A,7172,100,7172,1,0
A,H,A,5143,100,5143,1,0
A,B,B,4980,100,4980,1,0
B,C,B,4982,100,4982,1,0
B,D,B,7001,100,7001,1,0
B,E,B,5125,100,5125,1,0
B,F,B,1382,100,1382,1,0
B,G,B,5193,100,5193,1,0
B,H,B,7171,100,7171,1,0
A,C,C,7010,100,7010,1,0
B,C,C,4966,100,4966,1,0
C,D,C,4939,100,4939,1,0
C,E,C,7216,100,7216,1,0
C,F,C,5141,100,5141,1,0
C,G,C,1413,100,1413,1,0
C,H,C,5186,100,5186,1,0
A,D,D,4940,100,4940,1,0
B,D,D,7000,100,7000,1,0
C,D,D,4950,100,4950,1,0
D,E,D,5217,100,5217,1,0
D,F,D,7120,100,7120,1,0
D,G,D,5136,100,5136,1,0
D,H,D,1383,100,1383,1,0
A,E,E,1415,100,1415,1,0
B,E,E,5144,100,5144,1,0
C,E,E,7191,100,7191,1,0
D,E,E,5117,100,5117,1,0
E,F,E,4994,100,4994,1,0
E,G,E,7039,100,7039,1,0
E,H,E,5009,100,5009,1,0
A,F,F,5163,100,5163,1,0
B,F,F,1390,100,1390,1,0
C,F,F,5150,100,5150,1,0
D,F,F,7125,100,7125,1,0
E,F,F,4998,100,4998,1,0
F,G,F,4986,100,4986,1,0
F,H,F,7030,100,7030,1,0
A,G,G,7152,100,7152,1,0
B,G,G,5195,100,5195,1,0
C,G,G,1404,100,1404,1,0
D,G,G,5165,100,5165,1,0
E,G,G,7027,100,7027,1,0
F,G,G,4977,100,4977,1,0
G,H,G,4951,100,4951,1,0
A,H,H,5129,100,5129,1,0
B,H,H,7185,100,7185,1,0
C,H,H,5141,100,5141,1,0
D,H,H,1363,100,1363,1,0
E,H,H,4985,100,4985,1,0
F,H,H,7004,100,7004,1,0
G,H,H,4963,100,4963,1,0
A,B,A,4969,100,4969,1,0
A,C,A,7022,100,7022,1,0
A,D,A,4942,100,4942,1,0
A,E,A,1390,100,1390,1,0
A,F,A,5178,100,5178,1,0
A,G,A,7116,100,7116,1,0
A,H,A,5130,100,5130,1,0
A,B,B,4928,100,4928,1,0
B,C,B,4979,100,4979,1,0
B,D,B,7047,100,7047,1,0
B,E,B,5119,100,5119,1,0
B,F,B,1411,100,1411,1,0
B,G,B,5229,100,5229,1,0
B,H,B,7153,100,7153,1,0
A,C,C,7056,100,7056,1,0
B,C,C,4992,100,4992,1,0
C,D,C,4937,100,4937,1,0
C,E,C,7147,100,7147,1,0
C,F,C,5162,100,5162,1,0
C,G,C,1382,100,1382,1,0
C,H,C,5163,100,5163,1,0
A,D,D,4960,100,4960,1,0
B,D,D,6972,100,6972,1,0
C,D,D,4943,100,4943,1,0
D,E,D,5185,100,5185,1,0
D,F,D,7102,100,7102,1,0
D,G,D,5164,100,5164,1,0
D,H,D,1378,100,1378,1,0
A,E,E,1392,100,1392,1,0
B,E,E,5155,100,5155,1,0
C,E,E,7186,100,7186,1,0
D,E,E,5160,100,5160,1,0
E,F,E,4980,100,4980,1,0
E,G,E,7043,100,7043,1,0
E,H,E,4950,100,4950,1,0
A,F,F,5203,100,5203,1,0
B,F,F,1394,100,1394,1,0
C,F,F,5143,100,5143,1,0
D,F,F,7145,100,7145,1,0
E,F,F,4958,100,4958,1,0
F,G,F,4961,100,4961,1,0
F,H,F,6993,100,6993,1,0
A,G,G,7179,100,7179,1,0
B,G,G,5205,100,5205,1,0
C,G,G,1377,100,1377,1,0
D,G,G,5150,100,5150,1,0
E,G,G,7069,100,7069,1,0
F,G,G,4975,100,4975,1,0
G,H,G,4980,100,4980,1,0
A,H,H,5119,100,5119,1,0
B,H,H,7200,100,7200,1,0
C,H,H,5135,100,5135,1,0
D,H,H,1416,100,1416,1,0
E,H,H,4991,100,4991,1,0
F,H,H,6995,100,6995,1,0
G,H,H,4934,100,4934,1,0
A,B,A,4951,100,4951,1,0
A,C,A,7022,100,7022,1,0
A,D,A,4962,100,4962,1,0
A,E,A,1405,100,1405,1,0
A,F,A,5128,100,5128,1,0
A,G,A,7161,100,7161,1,0
A,H,A,5173,100,5173,1,0
A,B,B,4934,100,4934,1,0
B,C,B,4965,100,4965,1,0
B,D,B,6997,100,6997,1,0
B,E,B,5132,100,5132,1,0
B,F,B,1364,100,1364,1,0
B,G,B,5181,100,5181,1,0
B,H,B,7175,100,7175,1,0
A,C,C,6997,100,6997,1,0
B,C,C,4963,100,4963,1,0
C,D,C,4954,100,4954,1,0
C,E,C,7193,100,7193,1,0
C,F,C,5134,100,5134,1,0
C,G,C,1410,100,1410,1,0
C,H,C,5153,100,5153,1,0
A,D,D,4954,100,4954,1,0
B,D,D,7022,100,7022,1,0
C,D,D,4951,100,4951,1,0
D,E,D,5177,100,5177,1,0
D,F,D,7159,100,7159,1,0
D,G,D,5103,100,5103,1,0
D,H,D,1449,100,1449,1,0
A,E,E,1478,100,1478,1,0
B,E,E,5170,100,5170,1,0
C,E,E,7179,100,7179,1,0
D,E,E,5169,100,5169,1,0
E,F,E,4987,100,4987,1,0
E,G,E,7076,100,7076,1,0
E,H,E,4960,100,4960,1,0
A,F,F,5149,100,5149,1,0
B,F,F,1370,100,1370,1,0
C,F,F,5148,100,5148,1,0
D,F,F,7165,100,7165,1,0
E,F,F,4957,100,4957,1,0
F,G,F,4958,100,4958,1,0
F,H,F,7003,100,7003,1,0
A,G,G,7151,100,7151,1,0
B,G,G,5164,100,5164,1,0
C,G,G,1432,100,1432,1,0
D,G,G,5163,100,5163,1,0
E,G,G,7064,100,7064,1,0
F,G,G,4987,100,4987,1,0
G,H,G,4927,100,4927,1,0
A,H,H,5144,100,5144,1,0
B,H,H,7166,100,7166,1,0
C,H,H,5177,100,5177,1,0
D,H,H,1395,100,1395,1,0
E,H,H,4947,100,4947,1,0
F,H,H,7006,100,7006,1,0
G,H,H,4925,100,4925,1,0
A,B,A,4970,100,4970,1,0
A,C,A,7000,100,7000,1,0
A,D,A,4950,100,4950,1,0
A,E,A,1378,100,1378,1,0
A,F,A,5206,100,5206,1,0
A,G,A,7162,100,7162,1,0
A,H,A,5130,100,5130,1,0
A,B,B,4961,100,4961,1,0
B,C,B,4963,100,4963,1,0
B,D,B,6976,100,6976,1,0
B,E,B,5151,100,5151,1,0
B,F,B,1368,100,1368,1,0
B,G,B,5175,100,5175,1,0
B,H,B,7156,100,7156,1,0
A,C,C,7012,100,7012,1,0
B,C,C,4990,100,4990,1,0
C,D,C,4935,100,4935,1,0
C,E,C,7135,100,7135,1,0
C,F,C,5143,100,5143,1,0
C,G,C,1395,100,1395,1,0
C,H,C,5153,100,5153,1,0
A,D,D,4935,100,4935,1,0
B,D,D,7001,100,7001,1,0
C,D,D,4930,100,4930,1,0
D,E,D,5142,100,5142,1,0
D,F,D,7163,100,7163,1,0
D,G,D,5150,100,5150,1,0
D,H,D,1391,100,1391,1,0
A,E,E,1378,100,1378,1,0
B,E,E,5157,100,5157,1,0
C,E,E,7173,100,7173,1,0
D,E,E,5233,100,5233,1,0
E,F,E,4972,100,4972,1,0
E,G,E,7065,100,7065,1,0
E,H,E,4972,100,4972,1,0
A,F,F,5171,100,5171,1,0
B,F,F,1431,100,1431,1,0
C,F,F,5174,100,5174,1,0
D,F,F,7128,100,7128,1,0
E,F,F,4946,100,4946,1,0
F,G,F,4952,100,4952,1,0
F,H,F,7017,100,7017,1,0
A,G,G,7190,100,7190,1,0
B,G,G,5231,100,5231,1,0
C,G,G,1424,100,1424,1,0
D,G,G,5137,100,5137,1,0
E,G,G,7010,100,7010,1,0
F,G,G,4961,100,4961,1,0
G,H,G,4916,100,4916,1,0
A,H,H,5134,100,5134,1,0
B,H,H,7166,100,7166,1,0
C,H,H,5174,100,5174,1,0
D,H,H,1398,100,1398,1,0
E,H,H,4988,100,4988,1,0
F,H,H,6994,100,6994,1,0
G,H,H,4952,100,4952,1,0
A,B,A,4965,100,4965,1,0
A,C,A,7059,100,7059,1,0
A,D,A,4938,100,4938,1,0
A,E,A,1469,100,1469,1,0
A,F,A,5199,100,5199,1,0
A,G,A,7159,100,7159,1,0
A,H,A,5109,100,5109,1,0
A,B,B,4968,100,4968,1,0
B,C,B,4946,100,4946,1,0
B,D,B,6952,100,6952,1,0
B,E,B,5146,100,5146,1,0
B,F,B,1422,100,1422,1,0
B,G,B,5167,100,5167,1,0
B,H,B,7165,100,7165,1,0
A,C,C,7049,100,7049,1,0
B,C,C,5016,100,5016,1,0
C,D,C,4967,100,4967,1,0
C,E,C,7171,100,7171,1,0
C,F,C,5177,100,5177,1,0
C,G,C,1436,100,1436,1,0
C,H,C,5158,100,5158,1,0
A,D,D,4949,100,4949,1,0
B,D,D,7002,100,7002,1,0
C,D,D,4942,100,4942,1,0
D,E,D,5168,100,5168,1,0
D,F,D,7158,100,7158,1,0
D,G,D,5151,100,5151,1,0
D,H,D,1375,100,1375,1,0
A,E,E,1443,100,1443,1,0
B,E,E,5132,100,5132,1,0
C,E,E,7222,100,7222,1,0
D,E,E,5213,100,5213,1,0
E,F,E,4975,100,4975,1,0
E,G,E,7065,100,7065,1,0
E,H,E,4959,100,4959,1,0
A,F,F,5219,100,5219,1,0
B,F,F,1401,100,1401,1,0
C,F,F,5172,100,5172,1,0
D,F,F,7138,100,7138,1,0
E,F,F,4973,100,4973,1,0
F,G,F,4947,100,4947,1,0
F,H,F,6965,100,6965,1,0
A,G,G,7189,100,7189,1,0
B,G,G,5208,100,5208,1,0
C,G,G,1390,100,1390,1,0
D,G,G,5163,100,5163,1,0
E,G,G,7050,100,7050,1,0
F,G,G,4958,100,4958,1,0
G,H,G,4925,100,4925,1,0
A,H,H,5147,100,5147,1,0
B,H,H,7145,100,7145,1,0
C,H,H,5132,100,5132,1,0
D,H,H,1443,100,1443,1,0
E,H,H,4942,100,4942,1,0
F,H,H,7035,100,7035,1,0
G,H,H,4960,100,4960,1,0
A,B,A,4973,100,4973,1,0
A,C,A,6983,100,6983,1,0
A,D,A,4931,100,4931,1,0
A,E,A,1427,100,1427,1,0
A,F,A,5185,100,5185,1,0
A,G,A,7165,100,7165,1,0
A,H,A,5169,100,5169,1,0
A,B,B,4978,100,4978,1,0
B,C,B,4969,100,4969,1,0
B,D,B,6990,100,6990,1,0
B,E,B,5165,100,5165,1,0
B,F,B,1411,100,1411,1,0
B,G,B,5137,100,5137,1,0
B,H,B,7178,100,7178,1,0
A,C,C,7002,100,7002,1,0
B,C,C,4983,100,4983,1,0
C,D,C,4948,100,4948,1,0
C,E,C,7162,100,7162,1,0
C,F,C,5162,100,5162,1,0
C,G,C,1390,100,1390,1,0
C,H,C,5128,100,5128,1,0
A,D,D,4949,100,4949,1,0
B,D,D,7034,100,7034,1,0
C,D,D,4963,100,4963,1,0
D,E,D,5135,100,5135,1,0
D,F,D,7126,100,7126,1,0
D,G,D,5128,100,5128,1,0
D,H,D,1417,100,1417,1,0
A,E,E,1382,100,1382,1,0
B,E,E,5107,100,5107,1,0
C,E,E,7184,100,7184,1,0
D,E,E,5152,100,5152,1,0
E,F,E,4985,100,4985,1,0
E,G,E,7059,100,7059,1,0
E,H,E,5004,100,5004,1,0
A,F,F,5207,100,5207,1,0
B,F,F,1382,100,1382,1,0
C,F,F,5121,100,5121,1,0
D,F,F,7164,100,7164,1,0
E,F,F,5004,100,5004,1,0
F,G,F,4979,100,4979,1,0
F,H,F,6996,100,6996,1,0
A,G,G,7155,100,7155,1,0
B,G,G,5205,100,5205,1,0
C,G,G,1361,100,1361,1,0
D,G,G,5146,100,5146,1,0
E,G,G,7042,100,7042,1,0
F,G,G,4974,100,4974,1,0
G,H,G,4925,100,4925,1,0
A,H,H,5182,100,5182,1,0
B,H,H,7132,100,7132,1,0
C,H,H,5186,100,5186,1,0
D,H,H,1371,100,1371,1,0
E,H,H,4953,100,4953,1,0
F,H,H,6994,100,6994,1,0
G,H,H,4970,100,4970,1,0
A,B,A,4913,100,4913,1,0
A,C,A,7027,100,7027,1,0
A,D,A,4947,100,4947,1,0
A,E,A,1430,100,1430,1,0
A,F,A,5165,100,5165,1,0
A,G,A,7142,100,7142,1,0
A,H,A,5159,100,5159,1,0
A,B,B,4953,100,4953,1,0
B,C,B,4953,100,4953,1,0
B,D,B,7021,100,7021,1,0
B,E,B,5097,100,5097,1,0
B,F,B,1387,100,1387,1,0
B,G,B,5174,100,5174,1,0
B,H,B,7161,100,7161,1,0
A,C,C,7021,100,7021,1,0
B,C,C,4979,100,4979,1,0
C,D,C,4964,100,4964,1,0
C,E,C,7183,100,7183,1,0
C,F,C,5151,100,5151,1,0
C,G,C,1406,100,1406,1,0
C,H,C,5170,100,5170,1,0
A,D,D,4934,100,4934,1,0
B,D,D,7003,100,7003,1,0
C,D,D,4954,100,4954,1,0
D,E,D,5150,100,5150,1,0
D,F,D,7115,100,7115,1,0
D,G,D,5150,100,5150,1,0
D,H,D,1380,100,1380,1,0
A,E,E,1405,100,1405,1,0
B,E,E,5119,100,5119,1,0
C,E,E,7164,100,7164,1,0
D,E,E,5165,100,5165,1,0
E,F,E,4980,100,4980,1,0
E,G,E,7050,100,7050,1,0
E,H,E,4970,100,4970,1,0
A,F,F,5177,100,5177,1,0
B,F,F,1373,100,1373,1,0
C,F,F,5172,100,5172,1,0
D,F,F,7104,100,7104,1,0
E,F,F,5021,100,5021,1,0
F,G,F,4992,100,4992,1,0
F,H,F,7012,100,7012,1,0
A,G,G,7184,100,7184,1,0
B,G,G,5242,100,5242,1,0
C,G,G,1362,100,1362,1,0
D,G,G,5154,100,5154,1,0
E,G,G,7037,100,7037,1,0
F,G,G,4986,100,4986,1,0
G,H,G,4916,100,4916,1,0
A,H,H,5127,100,5127,1,0
B,H,H,7150,100,7150,1,0
C,H,H,5137,100,5137,1,0
D,H,H,1365,100,1365,1,0
E,H,H,4993,100,4993,1,0
F,H,H,7039,100,7039,1,0
G,H,H,4986,100,4986,1,0
A,B,A,4944,100,4944,1,0
A,C,A,7038,100,7038,1,0
A,D,A,4938,100,4938,1,0
A,E,A,1403,100,1403,1,0
A,F,A,5138,100,5138,1,0
A,G,A,7145,100,7145,1,0
A,H,A,5128,100,5128,1,0
A,B,B,4960,100,4960,1,0
B,C,B,4964,100,4964,1,0
B,D,B,6953,100,6953,1,0
B,E,B,5138,100,5138,1,0
B,F,B,1381,100,1381,1,0
B,G,B,5200,100,5200,1,0
B,H,B,7123,100,7123,1,0
A,C,C,7005,100,7005,1,0
B,C,C,4962,100,4962,1,0
C,D,C,4980,100,4980,1,0
C,E,C,7181,100,7181,1,0
C,F,C,5130,100,5130,1,0
C,G,C,1429,100,1429,1,0
C,H,C,5157,100,5157,1,0
A,D,D,4948,100,4948,1,0
B,D,D,6956,100,6956,1,0
C,D,D,4930,100,4930,1,0
D,E,D,5162,100,5162,1,0
D,F,D,7153,100,7153,1,0
D,G,D,5124,100,5124,1,0
D,H,D,1434,100,1434,1,0
A,E,E,1395,100,1395,1,0
B,E,E,5186,100,5186,1,0
C,E,E,7255,100,7255,1,0
D,E,E,5213,100,5213,1,0
E,F,E,4999,100,4999,1,0
E,G,E,7064,100,7064,1,0
E,H,E,5002,100,5002,1,0
A,F,F,5138,100,5138,1,0
B,F,F,1387,100,1387,1,0
C,F,F,5136,100,5136,1,0
D,F,F,7170,100,7170,1,0
E,F,F,4973,100,4973,1,0
F,G,F,4987,100,4987,1,0
F,H,F,6995,100,6995,1,0
A,G,G,7137,100,7137,1,0
B,G,G,5214,100,5214,1,0
C,G,G,1406,100,1406,1,0
D,G,G,5161,100,5161,1,0
E,G,G,7042,100,7042,1,0
F,G,G,4967,100,4967,1,0
G,H,G,4994,100,4994,1,0
A,H,H,5152,100,5152,1,0
B,H,H,7163,100,7163,1,0
C,H,H,5103,100,5103,1,0
D,H,H,1453,100,1453,1,0
E,H,H,5006,100,5006,1,0
F,H,H,6969,100,6969,1,0
G,H,H,4936,100,4936,1,0
A,B,A,4968,100,4968,1,0
A,C,A,7028,100,7028,1,0
A,D,A,4978,100,4978,1,0
A,E,A,1458,100,1458,1,0
A,F,A,5223,100,5223,1,0
A,G,A,7118,100,7118,1,0
A,H,A,5112,100,5112,1,0
A,B,B,5001,100,5001,1,0
B,C,B,4976,100,4976,1,0
B,D,B,7007,100,7007,1,0
B,E,B,5150,100,5150,1,0
B,F,B,1394,100,1394,1,0
B,G,B,5203,100,5203,1,0
B,H,B,7147,100,7147,1,0
A,C,C,7026,100,7026,1,0
B,C,C,4961,100,4961,1,0
C,D,C,4950,100,4950,1,0
C,E,C,7193,100,7193,1,0
C,F,C,5128,100,5128,1,0
C,G,C,1378,100,1378,1,0
C,H,C,5156,100,5156,1,0
A,D,D,4952,100,4952,1,0
B,D,D,6996,100,6996,1,0
C,D,D,4947,100,4947,1,0
D,E,D,5154,100,5154,1,0
D,F,D,7113,100,7113,1,0
D,G,D,5092,100,5092,1,0
D,H,D,1383,100,1383,1,0
A,E,E,1372,100,1372,1,0
B,E,E,5178,100,5178,1,0
C,E,E,7138,100,7138,1,0
D,E,E,5230,100,5230,1,0
E,F,E,4951,100,4951,1,0
E,G,E,7069,100,7069,1,0
E,H,E,4989,100,4989,1,0
A,F,F,5196,100,5196,1,0
B,F,F,1396,100,1396,1,0
C,F,F,5168,100,5168,1,0
D,F,F,7131,100,7131,1,0
E,F,F,4998,100,4998,1,0
F,G,F,4990,100,4990,1,0
F,H,F,6992,100,6992,1,0
A,G,G,7151,100,7151,1,0
B,G,G,5168,100,5168,1,0
C,G,G,1423,100,1423,1,0
D,G,G,5147,100,5147,1,0
E,G,G,7040,100,7040,1,0
F,G,G,4982,100,4982,1,0
G,H,G,4994,100,4994,1,0
A,H,H,5156,100,5156,1,0
B,H,H,7170,100,7170,1,0
C,H,H,5174,100,5174,1,0
D,H,H,1354,100,1354,1,0
E,H,H,4965,100,4965,1,0
F,H,H,7003,100,7003,1,0
G,H,H,4985,100,4985,1,0
A,B,A,4958,100,4958,1,0
A,C,A,7056,100,7056,1,0
A,D,A,4944,100,4944,1,0
A,E,A,1417,100,1417,1,0
A,F,A,5149,100,5149,1,0
A,G,A,7144,100,7144,1,0
A,H,A,5112,100,5112,1,0
A,B,B,4972,100,4972,1,0
B,C,B,4987,100,4987,1,0
B,D,B,6974,100,6974,1,0
B,E,B,5142,100,5142,1,0
B,F,B,1394,100,1394,1,0
B,G,B,5200,100,5200,1,0
B,H,B,7162,100,7162,1,0
A,C,C,7066,100,7066,1,0
B,C,C,4991,100,4991,1,0
C,D,C,4947,100,4947,1,0
C,E,C,7214,100,7214,1,0
C,F,C,5157,100,5157,1,0
C,G,C,1395,100,1395,1,0
C,H,C,5153,100,5153,1,0
A,D,D,4962,100,4962,1,0
B,D,D,6977,100,6977,1,0
C,D,D,4957,100,4957,1,0
D,E,D,5138,100,5138,1,0
D,F,D,7164,100,7164,1,0
D,G,D,5144,100,5144,1,0
D,H,D,1372,100,1372,1,0
A,E,E,1401,100,1401,1,0
B,E,E,5166,100,5166,1,0
C,E,E,7162,100,7162,1,0
D,E,E,5126,100,5126,1,0
E,F,E,4967,100,4967,1,0
E,G,E,7041,100,7041,1,0
E,H,E,4968,100,4968,1,0
A,F,F,5181,100,5181,1,0
B,F,F,1403,100,1403,1,0
C,F,F,5153,100,5153,1,0
D,F,F,7174,100,7174,1,0
E,F,F,5016,100,5016,1,0
F,G,F,4971,100,4971,1,0
F,H,F,6977,100,6977,1,0
A,G,G,7145,100,7145,1,0
B,G,G,5152,100,5152,1,0
C,G,G,1353,100,1353,1,0
D,G,G,5117,100,5117,1,0
E,G,G,7035,100,7035,1,0
F,G,G,4948,100,4948,1,0
G,H,G,4916,100,4916,1,0
A,H,H,5218,100,5218,1,0
B,H,H,7142,100,7142,1,0
C,H,H,5139,100,5139,1,0
D,H,H,1437,100,1437,1,0
E,H,H,4976,100,4976,1,0
F,H,H,7022,100,7022,1,0
G,H,H,4970,100,4970,1,0
A,B,A,4945,100,4945,1,0
A,C,A,6969,100,6969,1,0
A,D,A,4935,100,4935,1,0
A,E,A,1426,100,1426,1,0
A,F,A,5161,100,5161,1,0
A,G,A,7205,100,7205,1,0
A,H,A,5140,100,5140,1,0
A,B,B,4990,100,4990,1,0
B,C,B,5010,100,5010,1,0
B,D,B,7020,100,7020,1,0
B,E,B,5140,100,5140,1,0
B,F,B,1379,100,1379,1,0
B,G,B,5195,100,5195,1,0
B,H,B,7098,100,7098,1,0
A,C,C,7045,100,7045,1,0
B,C,C,5004,100,5004,1,0
C,D,C,4903,100,4903,1,0
C,E,C,7198,100,7198,1,0
C,F,C,5180,100,5180,1,0
C,G,C,1433,100,1433,1,0
C,H,C,5159,100,5159,1,0
A,D,D,4947,100,4947,1,0
B,D,D,6991,100,6991,1,0
C,D,D,4937,100,4937,1,0
D,E,D,5199,100,5199,1,0
D,F,D,7122,100,7122,1,0
D,G,D,5133,100,5133,1,0
D,H,D,1429,100,1429,1,0
A,E,E,1405,100,1405,1,0
B,E,E,5150,100,5150,1,0
C,E,E,7163,100,7163,1,0
D,E,E,5171,100,5171,1,0
E,F,E,4979,100,4979,1,0
E,G,E,7043,100,7043,1,0
E,H,E,4966,100,4966,1,0
A,F,F,5147,100,5147,1,0
B,F,F,1394,100,1394,1,0
C,F,F,5168,100,5168,1,0
D,F,F,7154,100,7154,1,0
E,F,F,4967,100,4967,1,0
F,G,F,4980,100,4980,1,0
F,H,F,6975,100,6975,1,0
A,G,G,7159,100,7159,1,0
B,G,G,5172,100,5172,1,0
C,G,G,1384,100,1384,1,0
D,G,G,5144,100,5144,1,0
E,G,G,7071,100,7071,1,0
F,G,G,4987,100,4987,1,0
G,H,G,4943,100,4943,1,0
A,H,H,5152,100,5152,1,0
B,H,H,7145,100,7145,1,0
C,H,H,5151,100,5151,1,0
D,H,H,1399,100,1399,1,0
E,H,H,5008,100,5008,1,0
F,H,H,7007,100,7007,1,0
G,H,H,4928,100,4928,1,0
A,B,A,4956,100,4956,1,0
A,C,A,6976,100,6976,1,0
A,D,A,4953,100,4953,1,0
A,E,A,1439,100,1439,1,0
A,F,A,5174,100,5174,1,0
A,G,A,7151,100,7151,1,0
A,H,A,5141,100,5141,1,0
A,B,B,4948,100,4948,1,0
B,C,B,4958,100,4958,1,0
B,D,B,6968,100,6968,1,0
B,E,B,5132,100,5132,1,0
B,F,B,1406,100,1406,1,0
B,G,B,5184,100,5184,1,0
B,H,B,7169,100,7169,1,0
A,C,C,7056,100,7056,1,0
B,C,C,4975,100,4975,1,0
C,D,C,4928,100,4928,1,0
C,E,C,7171,100,7171,1,0
C,F,C,5126,100,5126,1,0
C,G,C,1413,100,1413,1,0
C,H,C,5158,100,5158,1,0
A,D,D,4903,100,4903,1,0
B,D,D,7027,100,7027,1,0
C,D,D,4948,100,4948,1,0
D,E,D,5234,100,5234,1,0
D,F,D,7164,100,7164,1,0
D,G,D,5116,100,5116,1,0
D,H,D,1451,100,1451,1,0
A,E,E,1439,100,1439,1,0
B,E,E,5155,100,5155,1,0
C,E,E,7155,100,7155,1,0
D,E,E,5117,100,5117,1,0
E,F,E,4970,100,4970,1,0
E,G,E,7037,100,7037,1,0
E,H,E,4969,100,4969,1,0
A,F,F,5186,100,5186,1,0
B,F,F,1379,100,1379,1,0
C,F,F,5142,100,5142,1,0
D,F,F,7144,100,7144,1,0
E,F,F,4979,100,4979,1,0
F,G,F,4996,100,4996,1,0
F,H,F,7024,100,7024,1,0
A,G,G,7194,100,7194,1,0
B,G,G,5190,100,5190,1,0
C,G,G,1410,100,1410,1,0
D,G,G,5142,100,5142,1,0
E,G,G,7046,100,7046,1,0
F,G,G,4981,100,4981,1,0
G,H,G,4958,100,4958,1,0
A,H,H,5169,100,5169,1,0
B,H,H,7160,100,7160,1,0
C,H,H,5170,100,5170,1,0
D,H,H,1382,100,1382,1,0
E,H,H,4977,100,4977,1,0
F,H,H,7005,100,7005,1,0
G,H,H,4967,100,4967,1,0
A,B,A,4989,100,4989,1,0
A,C,A,6991,100,6991,1,0
A,D,A,4941,100,4941,1,0
A,E,A,1386,100,1386,1,0
A,F,A,5175,100,5175,1,0
A,G,A,7200,100,7200,1,0
A,H,A,5158,100,5158,1,0
A,B,B,4991,100,4991,1,0
B,C,B,4991,100,4991,1,0
B,D,B,6997,100,6997,1,0
B,E,B,5149,100,5149,1,0
B,F,B,1380,100,1380,1,0
B,G,B,5220,100,5220,1,0
B,H,B,7146,100,7146,1,0
A,C,C,7024,100,7024,1,0
B,C,C,4991,100,4991,1,0
C,D,C,4943,100,4943,1,0
C,E,C,7162,100,7162,1,0
C,F,C,5145,100,5145,1,0
C,G,C,1407,100,1407,1,0
C,H,C,5162,100,5162,1,0
A,D,D,4961,100,4961,1,0
B,D,D,7010,100,7010,1,0
C,D,D,4952,100,4952,1,0
D,E,D,5212,100,5212,1,0
D,F,D,7139,100,7139,1,0
D,G,D,5167,100,5167,1,0
D,H,D,1408,100,1408,1,0
A,E,E,1411,100,1411,1,0
B,E,E,5122,100,5122,1,0
C,E,E,7174,100,7174,1,0
D,E,E,5206,100,5206,1,0
E,F,E,4979,100,4979,1,0
E,G,E,7033,100,7033,1,0
E,H,E,4946,100,4946,1,0
A,F,F,5148,100,5148,1,0
B,F,F,1387,100,1387,1,0
C,F,F,5137,100,5137,1,0
D,F,F,7144,100,7144,1,0
E,F,F,4964,100,4964,1,0
F,G,F,4972,100,4972,1,0
F,H,F,7002,100,7002,1,0
A,G,G,7185,100,7185,1,0
B,G,G,5213,100,5213,1,0
C,G,G,1393,100,1393,1,0
D,G,G,5151,100,5151,1,0
E,G,G,7038,100,7038,1,0
F,G,G,4953,100,4953,1,0
G,H,G,4974,100,4974,1,0
A,H,H,5144,100,5144,1,0
B,H,H,7221,100,7221,1,0
C,H,H,5120,100,5120,1,0
D,H,H,1364,100,1364,1,0
E,H,H,4992,100,4992,1,0
F,H,H,6992,100,6992,1,0
G,H,H,4943,100,4943,1,0
A,B,A,4929,100,4929,1,0
A,C,A,7075,100,7075,1,0
A,D,A,4936,100,4936,1,0
A,E,A,1390,100,1390,1,0
A,F,A,5148,100,5148,1,0
A,G,A,7184,100,7184,1,0
A,H,A,5161,100,5161,1,0
A,B,B,4956,100,4956,1,0
B,C,B,5015,100,5015,1,0
B,D,B,7023,100,7023,1,0
B,E,B,5123,100,5123,1,0
B,F,B,1373,100,1373,1,0
B,G,B,5184,100,5184,1,0
B,H,B,7146,100,7146,1,0
A,C,C,6987,100,6987,1,0
B,C,C,5001,100,5001,1,0
C,D,C,4926,100,4926,1,0
C,E,C,7169,100,7169,1,0
C,F,C,5147,100,5147,1,0
C,G,C,1409,100,1409,1,0
C,H,C,5147,100,5147,1,0
A,D,D,4954,100,4954,1,0
B,D,D,6979,100,6979,1,0
C,D,D,4938,100,4938,1,0
D,E,D,5140,100,5140,1,0
D,F,D,7171,100,7171,1,0
D,G,D,5093,100,5093,1,0
D,H,D,1449,100,1449,1,0
A,E,E,1397,100,1397,1,0
B,E,E,5116,100,5116,1,0
C,E,E,7184,100,7184,1,0
D,E,E,5204,100,5204,1,0
E,F,E,4978,100,4978,1,0
E,G,E,7034,100,7034,1,0
E,H,E,4992,100,4992,1,0
A,F,F,5171,100,5171,1,0
B,F,F,1424,100,1424,1,0
C,F,F,5183,100,5183,1,0
D,F,F,7186,100,7186,1,0
E,F,F,4997,100,4997,1,0
F,G,F,4988,100,4988,1,0
F,H,F,7011,100,7011,1,0
A,G,G,7144,100,7144,1,0
B,G,G,5202,100,5202,1,0
C,G,G,1401,100,1401,1,0
D,G,G,5147,100,5147,1,0
E,G,G,7073,100,7073,1,0
F,G,G,4982,100,4982,1,0
G,H,G,4982,100,4982,1,0
A,H,H,5150,100,5150,1,0
B,H,H,7142,100,7142,1,0
C,H,H,5142,100,5142,1,0
D,H,H,1402,100,1402,1,0
E,H,H,4949,100,4949,1,0
F,H,H,7007,100,7007,1,0
G,H,H,4946,100,4946,1,0
A,B,A,4976,100,4976,1,0
A,C,A,7006,100,7006,1,0
A,D,A,4961,100,4961,1,0
A,E,A,1441,100,1441,1,0
A,F,A,5193,100,5193,1,0
A,G,A,7161,100,7161,1,0
A,H,A,5135,100,5135,1,0
A,B,B,4929,100,4929,1,0
B,C,B,4963,100,4963,1,0
B,D,B,7029,100,7029,1,0
B,E,B,5135,100,5135,1,0
B,F,B,1366,100,1366,1,0
B,G,B,5197,100,5197,1,0
B,H,B,7108,100,7108,1,0
A,C,C,7006,100,7006,1,0
B,C,C,5011,100,5011,1,0
C,D,C,4964,100,4964,1,0
C,E,C,7174,100,7174,1,0
C,F,C,5128,100,5128,1,0
C,G,C,1376,100,1376,1,0
C,H,C,5134,100,5134,1,0
A,D,D,4943,100,4943,1,0
B,D,D,7032,100,7032,1,0
C,D,D,4980,100,4980,1,0
D,E,D,5150,100,5150,1,0
D,F,D,7123,100,7123,1,0
D,G,D,5151,100,5151,1,0
D,H,D,1409,100,1409,1,0
A,E,E,1469,100,1469,1,0
B,E,E,5113,100,5113,1,0
C,E,E,7178,100,7178,1,0
D,E,E,5246,100,5246,1,0
E,F,E,4965,100,4965,1,0
E,G,E,7033,100,7033,1,0
E,H,E,5011,100,5011,1,0
A,F,F,5155,100,5155,1,0
B,F,F,1402,100,1402,1,0
C,F,F,5132,100,5132,1,0
D,F,F,7149,100,7149,1,0
E,F,F,4969,100,4969,1,0
F,G,F,4985,100,4985,1,0
F,H,F,7001,100,7001,1,0
A,G,G,7157,100,7157,1,0
B,G,G,5155,100,5155,1,0
C,G,G,1399,100,1399,1,0
D,G,G,5161,100,5161,1,0
E,G,G,7076,100,7076,1,0
F,G,G,4985,100,4985,1,0
G,H,G,4946,100,4946,1,0
A,H,H,5223,100,5223,1,0
B,H,H,7106,100,7106,1,0
C,H,H,5132,100,5132,1,0
D,H,H,1436,100,1436,1,0
E,H,H,4972,100,4972,1,0
F,H,H,7010,100,7010,1,0
G,H,H,4987,100,4987,1,0
A,B,A,4949,100,4949,1,0
A,C,A,7029,100,7029,1,0
A,D,A,4951,100,4951,1,0
A,E,A,1426,100,1426,1,0
A,F,A,5151,100,5151,1,0
A,G,A,7161,100,7161,1,0
A,H,A,5160,100,5160,1,0
A,B,B,4977,100,4977,1,0
B,C,B,4955,100,4955,1,0
B,D,B,6991,100,6991,1,0
B,E,B,5157,100,5157,1,0
B,F,B,1346,100,1346,1,0
B,G,B,5197,100,5197,1,0
B,H,B,7121,100,7121,1,0
A,C,C,7041,100,7041,1,0
B,C,C,5019,100,5019,1,0
C,D,C,4915,100,4915,1,0
C,E,C,7164,100,7164,1,0
C,F,C,5158,100,5158,1,0
C,G,C,1403,100,1403,1,0
C,H,C,5194,100,5194,1,0
A,D,D,4923,100,4923,1,0
B,D,D,6981,100,6981,1,0
C,D,D,4936,100,4936,1,0
D,E,D,5168,100,5168,1,0
D,F,D,7108,100,7108,1,0
D,G,D,5126,100,5126,1,0
D,H,D,1405,100,1405,1,0
A,E,E,1390,100,1390,1,0
B,E,E,5193,100,5193,1,0
C,E,E,7170,100,7170,1,0
D,E,E,5135,100,5135,1,0
E,F,E,5010,100,5010,1,0
E,G,E,7067,100,7067,1,0
E,H,E,4984,100,4984,1,0
A,F,F,5181,100,5181,1,0
B,F,F,1372,100,1372,1,0
C,F,F,5178,100,5178,1,0
D,F,F,7129,100,7129,1,0
E,F,F,4966,100,4966,1,0
F,G,F,4974,100,4974,1,0
F,H,F,7042,100,7042,1,0
A,G,G,7129,100,7129,1,0
B,G,G,5228,100,5228,1,0
C,G,G,1386,100,1386,1,0
D,G,G,5120,100,5120,1,0
E,G,G,7063,100,7063,1,0
F,G,G,4957,100,4957,1,0
G,H,G,4954,100,4954,1,0
A,H,H,5164,100,5164,1,0
B,H,H,7138,100,7138,1,0
C,H,H,5132,100,5132,1,0
D,H,H,1382,100,1382,1,0
E,H,H,4976,100,4976,1,0
F,H,H,7002,100,7002,1,0
G,H,H,4967,100,4967,1,0
A,B,A,4957,100,4957,1,0
A,C,A,6983,100,6983,1,0
A,D,A,4959,100,4959,1,0
A,E,A,1434,100,1434,1,0
A,F,A,5188,100,5188,1,0
A,G,A,7185,100,7185,1,0
A,H,A,5115,100,5115,1,0
A,B,B,4934,100,4934,1,0
B,C,B,4967,100,4967,1,0
B,D,B,6984,100,6984,1,0
B,E,B,5144,100,5144,1,0
B,F,B,1411,100,1411,1,0
B,G,B,5205,100,5205,1,0
B,H,B,7105,100,7105,1,0
A,C,C,7057,100,7057,1,0
B,C,C,5000,100,5000,1,0
C,D,C,4985,100,4985,1,0
C,E,C,7175,100,7175,1,0
C,F,C,5148,100,5148,1,0
C,G,C,1392,100,1392,1,0
C,H,C,5139,100,5139,1,0
A,D,D,4927,100,4927,1,0
B,D,D,7060,100,7060,1,0
C,D,D,4961,100,4961,1,0
D,E,D,5251,100,5251,1,0
D,F,D,7148,100,7148,1,0
D,G,D,5132,100,5132,1,0
D,H,D,1443,100,1443,1,0
A,E,E,1408,100,1408,1,0
B,E,E,5151,100,5151,1,0
C,E,E,7176,100,7176,1,0
D,E,E,5208,100,5208,1,0
E,F,E,4940,100,4940,1,0
E,G,E,7060,100,7060,1,0
E,H,E,4992,100,4992,1,0
A,F,F,5207,100,5207,1,0
B,F,F,1402,100,1402,1,0
C,F,F,5155,100,5155,1,0
D,F,F,7148,100,7148,1,0
E,F,F,4973,100,4973,1,0
F,G,F,4957,100,4957,1,0
F,H,F,6985,100,6985,1,0
A,G,G,7122,100,7122,1,0
B,G,G,5173,100,5173,1,0
C,G,G,1379,100,1379,1,0
D,G,G,5118,100,5118,1,0
E,G,G,7056,100,7056,1,0
F,G,G,4955,100,4955,1,0
G,H,G,4928,100,4928,1,0
A,H,H,5136,100,5136,1,0
B,H,H,7159,100,7159,1,0
C,H,H,5121,100,5121,1,0
D,H,H,1453,100,1453,1,0
E,H,H,4976,100,4976,1,0
F,H,H,6964,100,6964,1,0
G,H,H,4992,100,4992,1,0
A,B,A,4956,100,4956,1,0
A,C,A,7051,100,7051,1,0
A,D,A,4949,100,4949,1,0
A,E,A,1377,100,1377,1,0
A,F,A,5172,100,5172,1,0
A,G,A,7145,100,7145,1,0
A,H,A,5202,100,5202,1,0
A,B,B,4984,100,4984,1,0
B,C,B,4977,100,4977,1,0
B,D,B,7012,100,7012,1,0
B,E,B,5134,100,5134,1,0
B,F,B,1366,100,1366,1,0
B,G,B,5168,100,5168,1,0
B,H,B,7128,100,7128,1,0
A,C,C,6978,100,6978,1,0
B,C,C,4998,100,4998,1,0
C,D,C,4971,100,4971,1,0
C,E,C,7212,100,7212,1,0
C,F,C,5178,100,5178,1,0
C,G,C,1373,100,1373,1,0
C,H,C,5135,100,5135,1,0
A,D,D,4947,100,4947,1,0
B,D,D,7034,100,7034,1,0
C,D,D,4973,100,4973,1,0
D,E,D,5125,100,5125,1,0
D,F,D,7123,100,7123,1,0
D,G,D,5145,100,5145,1,0
D,H,D,1400,100,1400,1,0
A,E,E,1409,100,1409,1,0
B,E,E,5144,100,5144,1,0
C,E,E,7180,100,7180,1,0
D,E,E,5144,100,5144,1,0
E,F,E,4990,100,4990,1,0
E,G,E,7047,100,7047,1,0
E,H,E,4945,100,4945,1,0
A,F,F,5184,100,5184,1,0
B,F,F,1382,100,1382,1,0
C,F,F,5161,100,5161,1,0
D,F,F,7124,100,7124,1,0
E,F,F,4956,100,4956,1,0
F,G,F,4975,100,4975,1,0
F,H,F,7011,100,7011,1,0
A,G,G,7191,100,7191,1,0
B,G,G,5196,100,5196,1,0
C,G,G,1396,100,1396,1,0
D,G,G,5111,100,5111,1,0
E,G,G,7072,100,7072,1,0
F,G,G,4965,100,4965,1,0
G,H,G,4964,100,4964,1,0
A,H,H,5175,100,5175,1,0
B,H,H,7137,100,7137,1,0
C,H,H,5154,100,5154,1,0
D,H,H,1421,100,1421,1,0
E,H,H,4955,100,4955,1,0
F,H,H,7009,100,7009,1,0
G,H,H,4982,100,4982,1,0
A,B,A,4974,100,4974,1,0
A,C,A,7012,100,7012,1,0
A,D,A,4946,100,4946,1,0
A,E,A,1388,100,1388,1,0
A,F,A,5201,100,5201,1,0
A,G,A,7185,100,7185,1,0
A,H,A,5142,100,5142,1,0
A,B,B,4985,100,4985,1,0
B,C,B,4995,100,4995,1,0
B,D,B,7002,100,7002,1,0
B,E,B,5103,100,5103,1,0
B,F,B,1404,100,1404,1,0
B,G,B,5179,100,5179,1,0
B,H,B,7105,100,7105,1,0
A,C,C,6992,100,6992,1,0
B,C,C,4958,100,4958,1,0
C,D,C,4948,100,4948,1,0
C,E,C,7208,100,7208,1,0
C,F,C,5154,100,5154,1,0
C,G,C,1382,100,1382,1,0
C,H,C,5133,100,5133,1,0
A,D,D,4962,100,4962,1,0
B,D,D,6999,100,6999,1,0
C,D,D,4959,100,4959,1,0
D,E,D,5213,100,5213,1,0
D,F,D,7141,100,7141,1,0
D,G,D,5112,100,5112,1,0
D,H,D,1467,100,1467,1,0
A,E,E,1464,100,1464,1,0
B,E,E,5195,100,5195,1,0
C,E,E,7181,100,7181,1,0
D,E,E,5190,100,5190,1,0
E,F,E,4968,100,4968,1,0
E,G,E,7053,100,7053,1,0
E,H,E,5025,100,5025,1,0
A,F,F,5183,100,5183,1,0
B,F,F,1391,100,1391,1,0
C,F,F,5171,100,5171,1,0
D,F,F,7133,100,7133,1,0
E,F,F,4974,100,4974,1,0
F,G,F,4966,100,4966,1,0
F,H,F,6985,100,6985,1,0
A,G,G,7193,100,7193,1,0
B,G,G,5155,100,5155,1,0
C,G,G,1402,100,1402,1,0
D,G,G,5151,100,5151,1,0
E,G,G,7041,100,7041,1,0
F,G,G,4989,100,4989,1,0
G,H,G,4980,100,4980,1,0
A,H,H,5111,100,5111,1,0
B,H,H,7149,100,7149,1,0
C,H,H,5118,100,5118,1,0
D,H,H,1367,100,1367,1,0
E,H,H,4969,100,4969,1,0
F,H,H,7004,100,7004,1,0
G,H,H,4993,100,4993,1,0
A,B,A,4988,100,4988,1,0
A,C,A,6991,100,6991,1,0
A,D,A,4967,100,4967,1,0
A,E,A,1447,100,1447,1,0
A,F,A,5132,100,5132,1,0
A,G,A,7179,100,7179,1,0
A,H,A,5145,100,5145,1,0
A,B,B,4939,100,4939,1,0
B,C,B,4994,100,4994,1,0
B,D,B,6969,100,6969,1,0
B,E,B,5132,100,5132,1,0
B,F,B,1394,100,1394,1,0
B,G,B,5165,100,5165,1,0
B,H,B,7090,100,7090,1,0
A,C,C,6980,100,6980,1,0
B,C,C,4948,100,4948,1,0
C,D,C,4983,100,4983,1,0
C,E,C,7185,100,7185,1,0
C,F,C,5156,100,5156,1,0
C,G,C,1400,100,1400,1,0
C,H,C,5175,100,5175,1,0
A,D,D,4927,100,4927,1,0
B,D,D,7008,100,7008,1,0
C,D,D,4952,100,4952,1,0
D,E,D,5129,100,5129,1,0
D,F,D,7157,100,7157,1,0
D,G,D,5181,100,5181,1,0
D,H,D,1397,100,1397,1,0
A,E,E,1376,100,1376,1,0
B,E,E,5177,100,5177,1,0
C,E,E,7153,100,7153,1,0
D,E,E,5125,100,5125,1,0
E,F,E,4987,100,4987,1,0
E,G,E,7061,100,7061,1,0
E,H,E,4975,100,4975,1,0
A,F,F,5168,100,5168,1,0
B,F,F,1404,100,1404,1,0
C,F,F,5135,100,5135,1,0
D,F,F,7150,100,7150,1,0
E,F,F,4951,100,4951,1,0
F,G,F,4990,100,4990,1,0
F,H,F,6999,100,6999,1,0
A,G,G,7160,100,7160,1,0
B,G,G,5170,100,5170,1,0
C,G,G,1404,100,1404,1,0
D,G,G,5134,100,5134,1,0
E,G,G,7076,100,7076,1,0
F,G,G,4949,100,4949,1,0
G,H,G,4956,100,4956,1,0
A,H,H,5160,100,5160,1,0
B,H,H,7144,100,7144,1,0
C,H,H,5135,100,5135,1,0
D,H,H,1411,100,1411,1,0
E,H,H,4956,100,4956,1,0
F,H,H,6989,100,6989,1,0
G,H,H,4939,100,4939,1,0
A,B,A,4946,100,4946,1,0
A,C,A,7043,100,7043,1,0
A,D,A,4939,100,4939,1,0
A,E,A,1413,100,1413,1,0
A,F,A,5201,100,5201,1,0
A,G,A,7114,100,7114,1,0
A,H,A,5161,100,5161,1,0
A,B,B,4932,100,4932,1,0
B,C,B,4955,100,4955,1,0
B,D,B,6955,100,6955,1,0
B,E,B,5141,100,5141,1,0
B,F,B,1365,100,1365,1,0
B,G,B,5165,100,5165,1,0
B,H,B,7185,100,7185,1,0
A,C,C,6990,100,6990,1,0
B,C,C,4973,100,4973,1,0
C,D,C,4951,100,4951,1,0
C,E,C,7179,100,7179,1,0
C,F,C,5148,100,5148,1,0
C,G,C,1439,100,1439,1,0
C,H,C,5203,100,5203,1,0
A,D,D,4969,100,4969,1,0
B,D,D,6983,100,6983,1,0
C,D,D,4937,100,4937,1,0
D,E,D,5108,100,5108,1,0
D,F,D,7147,100,7147,1,0
D,G,D,5132,100,5132,1,0
D,H,D,1371,100,1371,1,0
A,E,E,1381,100,1381,1,0
B,E,E,5130,100,5130,1,0
C,E,E,7145,100,7145,1,0
D,E,E,5202,100,5202,1,0
E,F,E,4961,100,4961,1,0
E,G,E,7071,100,7071,1,0
E,H,E,4983,100,4983,1,0
A,F,F,5176,100,5176,1,0
B,F,F,1379,100,1379,1,0
C,F,F,5166,100,5166,1,0
D,F,F,7098,100,7098,1,0
E,F,F,4955,100,4955,1,0
F,G,F,4942,100,4942,1,0
F,H,F,6983,100,6983,1,0
A,G,G,7171,100,7171,1,0
B,G,G,5186,100,5186,1,0
C,G,G,1394,100,1394,1,0
D,G,G,5131,100,5131,1,0
E,G,G,7079,100,7079,1,0
F,G,G,4977,100,4977,1,0
G,H,G,4950,100,4950,1,0
A,H,H,5159,100,5159,1,0
B,H,H,7132,100,7132,1,0
C,H,H,5157,100,5157,1,0
D,H,H,1418,100,1418,1,0
E,H,H,4978,100,4978,1,0
F,H,H,7021,100,7021,1,0
G,H,H,4941,100,4941,1,0
A,B,A,4967,100,4967,1,0
A,C,A,7017,100,7017,1,0
A,D,A,4913,100,4913,1,0
A,E,A,1424,100,1424,1,0
A,F,A,5190,100,5190,1,0
A,G,A,7206,100,7206,1,0
A,H,A,5189,100,5189,1,0
A,B,B,4961,100,4961,1,0
B,C,B,5008,100,5008,1,0
B,D,B,7020,100,7020,1,0
B,E,B,5158,100,5158,1,0
B,F,B,1367,100,1367,1,0
B,G,B,5182,100,5182,1,0
B,H,B,7161,100,7161,1,0
A,C,C,6987,100,6987,1,0
B,C,C,4985,100,4985,1,0
C,D,C,4934,100,4934,1,0
C,E,C,7193,100,7193,1,0
C,F,C,5135,100,5135,1,0
C,G,C,1389,100,1389,1,0
C,H,C,5132,100,5132,1,0
A,D,D,4939,100,4939,1,0
B,D,D,6995,100,6995,1,0
C,D,D,4943,100,4943,1,0
D,E,D,5170,100,5170,1,0
D,F,D,7159,100,7159,1,0
D,G,D,5141,100,5141,1,0
D,H,D,1385,100,1385,1,0
A,E,E,1358,100,1358,1,0
B,E,E,5115,100,5115,1,0
C,E,E,7192,100,7192,1,0
D,E,E,5152,100,5152,1,0
E,F,E,4964,100,4964,1,0
E,G,E,7044,100,7044,1,0
E,H,E,4983,100,4983,1,0
A,F,F,5172,100,5172,1,0
B,F,F,1408,100,1408,1,0
C,F,F,5148,100,5148,1,0
D,F,F,7139,100,7139,1,0
E,F,F,4954,100,4954,1,0
F,G,F,4955,100,4955,1,0
F,H,F,6997,100,6997,1,0
A,G,G,7189,100,7189,1,0
B,G,G,5128,100,5128,1,0
C,G,G,1385,100,1385,1,0
D,G,G,5146,100,5146,1,0
E,G,G,7023,100,7023,1,0
F,G,G,4989,100,4989,1,0
G,H,G,4959,100,4959,1,0
A,H,H,5113,100,5113,1,0
B,H,H,7137,100,7137,1,0
C,H,H,5169,100,5169,1,0
D,H,H,1428,100,1428,1,0
E,H,H,4988,100,4988,1,0
F,H,H,7053,100,7053,1,0
G,H,H,4962,100,4962,1,0
A,B,A,4979,100,4979,1,0
A,C,A,7080,100,7080,1,0
A,D,A,4947,100,4947,1,0
A,E,A,1416,100,1416,1,0
A,F,A,5184,100,5184,1,0
A,G,A,7213,100,7213,1,0
A,H,A,5186,100,5186,1,0
A,B,B,4955,100,4955,1,0
B,C,B,4975,100,4975,1,0
B,D,B,7024,100,7024,1,0
B,E,B,5159,100,5159,1,0
B,F,B,1404,100,1404,1,0
B,G,B,5152,100,5152,1,0
B,H,B,7161,100,7161,1,0
A,C,C,7084,100,7084,1,0
B,C,C,4989,100,4989,1,0
C,D,C,4952,100,4952,1,0
C,E,C,7175,100,7175,1,0
C,F,C,5157,100,5157,1,0
C,G,C,1380,100,1380,1,0
C,H,C,5127,100,5127,1,0
A,D,D,4941,100,4941,1,0
B,D,D,6973,100,6973,1,0
C,D,D,4997,100,4997,1,0
D,E,D,5119,100,5119,1,0
D,F,D,7104,100,7104,1,0
D,G,D,5162,100,5162,1,0
D,H,D,1381,100,1381,1,0
A,E,E,1428,100,1428,1,0
B,E,E,5156,100,5156,1,0
C,E,E,7171,100,7171,1,0
D,E,E,5220,100,5220,1,0
E,F,E,4977,100,4977,1,0
E,G,E,7019,100,7019,1,0
E,H,E,4964,100,4964,1,0
A,F,F,5218,100,5218,1,0
B,F,F,1409,100,1409,1,0
C,F,F,5149,100,5149,1,0
D,F,F,7170,100,7170,1,0
E,F,F,4963,100,4963,1,0
F,G,F,4959,100,4959,1,0
F,H,F,7039,100,7039,1,0
A,G,G,7182,100,7182,1,0
B,G,G,5166,100,5166,1,0
C,G,G,1380,100,1380,1,0
D,G,G,5161,100,5161,1,0
E,G,G,7076,100,7076,1,0
F,G,G,4987,100,4987,1,0
G,H,G,4942,100,4942,1,0
A,H,H,5143,100,5143,1,0
B,H,H,7147,100,7147,1,0
C,H,H,5122,100,5122,1,0
D,H,H,1408,100,1408,1,0
E,H,H,4954,100,4954,1,0
F,H,H,6995,100,6995,1,0
G,H,H,4910,100,4910,1,0
A,B,A,5011,100,5011,1,0
A,C,A,6996,100,6996,1,0
A,D,A,4955,100,4955,1,0
A,E,A,1420,100,1420,1,0
A,F,A,5151,100,5151,1,0
A,G,A,7195,100,7195,1,0
A,H,A,5148,100,5148,1,0
A,B,B,4896,100,4896,1,0
B,C,B,4995,100,4995,1,0
B,D,B,7009,100,7009,1,0
B,E,B,5140,100,5140,1,0
B,F,B,1400,100,1400,1,0
B,G,B,5185,100,5185,1,0
B,H,B,7141,100,7141,1,0
A,C,C,7019,100,7019,1,0
B,C,C,4965,100,4965,1,0
C,D,C,4905,100,4905,1,0
C,E,C,7183,100,7183,1,0
C,F,C,5159,100,5159,1,0
C,G,C,1387,100,1387,1,0
C,H,C,5136,100,5136,1,0
A,D,D,4936,100,4936,1,0
B,D,D,6939,100,6939,1,0
C,D,D,4928,100,4928,1,0
D,E,D,5186,100,5186,1,0
D,F,D,7180,100,7180,1,0
D,G,D,5128,100,5128,1,0
D,H,D,1411,100,1411,1,0
A,E,E,1435,100,1435,1,0
B,E,E,5175,100,5175,1,0
C,E,E,7160,100,7160,1,0
D,E,E,5172,100,5172,1,0
E,F,E,4968,100,4968,1,0
E,G,E,7049,100,7049,1,0
E,H,E,4946,100,4946,1,0
A,F,F,5190,100,5190,1,0
B,F,F,1408,100,1408,1,0
C,F,F,5164,100,5164,1,0
D,F,F,7143,100,7143,1,0
E,F,F,4990,100,4990,1,0
F,G,F,4935,100,4935,1,0
F,H,F,6965,100,6965,1,0
A,G,G,7151,100,7151,1,0
B,G,G,5201,100,5201,1,0
C,G,G,1418,100,1418,1,0
D,G,G,5137,100,5137,1,0
E,G,G,7043,100,7043,1,0
F,G,G,4935,100,4935,1,0
G,H,G,4983,100,4983,1,0
A,H,H,5153,100,5153,1,0
B,H,H,7156,100,7156,1,0
C,H,H,5185,100,5185,1,0
D,H,H,1390,100,1390,1,0
E,H,H,4962,100,4962,1,0
F,H,H,6976,100,6976,1,0
G,H,H,4912,100,4912,1,0
A,B,A,4984,100,4984,1,0
A,C,A,7089,100,7089,1,0
A,D,A,4950,100,4950,1,0
A,E,A,1420,100,1420,1,0
A,F,A,5180,100,5180,1,0
A,G,A,7164,100,7164,1,0
A,H,A,5106,100,5106,1,0
A,B,B,4972,100,4972,1,0
B,C,B,4989,100,4989,1,0
B,D,B,7004,100,7004,1,0
B,E,B,5118,100,5118,1,0
B,F,B,1418,100,1418,1,0
B,G,B,5159,100,5159,1,0
B,H,B,7153,100,7153,1,0
A,C,C,7033,100,7033,1,0
B,C,C,4981,100,4981,1,0
C,D,C,4975,100,4975,1,0
C,E,C,7151,100,7151,1,0
C,F,C,5141,100,5141,1,0
C,G,C,1398,100,1398,1,0
C,H,C,5182,100,5182,1,0
A,D,D,4988,100,4988,1,0
B,D,D,7010,100,7010,1,0
C,D,D,4928,100,4928,1,0
D,E,D,5149,100,5149,1,0
D,F,D,7089,100,7089,1,0
D,G,D,5139,100,5139,1,0
D,H,D,1454,100,1454,1,0
A,E,E,1371,100,1371,1,0
B,E,E,5134,100,5134,1,0
C,E,E,7160,100,7160,1,0
D,E,E,5158,100,5158,1,0
E,F,E,4968,100,4968,1,0
E,G,E,7033,100,7033,1,0
E,H,E,4991,100,4991,1,0
A,F,F,5202,100,5202,1,0
B,F,F,1373,100,1373,1,0
C,F,F,5144,100,5144,1,0
D,F,F,7145,100,7145,1,0
E,F,F,4987,100,4987,1,0
F,G,F,4976,100,4976,1,0
F,H,F,6999,100,6999,1,0
A,G,G,7182,100,7182,1,0
B,G,G,5174,100,5174,1,0
C,G,G,1407,100,1407,1,0
D,G,G,5135,100,5135,1,0
E,G,G,7052,100,7052,1,0
F,G,G,4957,100,4957,1,0
G,H,G,4929,100,4929,1,0
A,H,H,5173,100,5173,1,0
B,H,H,7142,100,7142,1,0
C,H,H,5159,100,5159,1,0
D,H,H,1417,100,1417,1,0
E,H,H,5012,100,5012,1,0
F,H,H,7039,100,7039,1,0
G,H,H,4975,100,4975,1,0
A,B,A,4915,100,4915,1,0
A,C,A,6988,100,6988,1,0
A,D,A,4938,100,4938,1,0
A,E,A,1403,100,1403,1,0
A,F,A,5221,100,5221,1,0
A,G,A,7120,100,7120,1,0
A,H,A,5129,100,5129,1,0
A,B,B,4971,100,4971,1,0
B,C,B,4991,100,4991,1,0
B,D,B,6992,100,6992,1,0
B,E,B,5119,100,5119,1,0
B,F,B,1399,100,1399,1,0
B,G,B,5184,100,5184,1,0
B,H,B,7118,100,7118,1,0
A,C,C,7003,100,7003,1,0
B,C,C,4943,100,4943,1,0
C,D,C,4955,100,4955,1,0
C,E,C,7208,100,7208,1,0
C,F,C,5131,100,5131,1,0
C,G,C,1403,100,1403,1,0
C,H,C,5149,100,5149,1,0
A,D,D,4963,100,4963,1,0
B,D,D,7008,100,7008,1,0
C,D,D,4972,100,4972,1,0
D,E,D,5129,100,5129,1,0
D,F,D,7113,100,7113,1,0
D,G,D,5128,100,5128,1,0
D,H,D,1388,100,1388,1,0
A,E,E,1421,100,1421,1,0
B,E,E,5129,100,5129,1,0
C,E,E,7193,100,7193,1,0
D,E,E,5153,100,5153,1,0
E,F,E,4998,100,4998,1,0
E,G,E,7070,100,7070,1,0
E,H,E,4970,100,4970,1,0
A,F,F,5180,100,5180,1,0
B,F,F,1369,100,1369,1,0
C,F,F,5156,100,5156,1,0
D,F,F,7148,100,7148,1,0
E,F,F,4964,100,4964,1,0
F,G,F,4978,100,4978,1,0
F,H,F,6981,100,6981,1,0
A,G,G,7116,100,7116,1,0
B,G,G,5179,100,5179,1,0
C,G,G,1415,100,1415,1,0
D,G,G,5168,100,5168,1,0
E,G,G,7063,100,7063,1,0
F,G,G,4962,100,4962,1,0
G,H,G,4963,100,4963,1,0
A,H,H,5119,100,5119,1,0
B,H,H,7153,100,7153,1,0
C,H,H,5164,100,5164,1,0
D,H,H,1393,100,1393,1,0
E,H,H,4954,100,4954,1,0
F,H,H,6972,100,6972,1,0
G,H,H,4977,100,4977,1,0
A,B,A,4999,100,4999,1,0
A,C,A,6991,100,6991,1,0
A,D,A,4920,100,4920,1,0
A,E,A,1404,100,1404,1,0
A,F,A,5183,100,5183,1,0
A,G,A,7155,100,7155,1,0
A,H,A,5123,100,5123,1,0
A,B,B,4991,100,4991,1,0
B,C,B,4988,100,4988,1,0
B,D,B,7006,100,7006,1,0
B,E,B,5120,100,5120,1,0
B,F,B,1385,100,1385,1,0
B,G,B,5202,100,5202,1,0
B,H,B,7124,100,7124,1,0
A,C,C,7032,100,7032,1,0
B,C,C,5012,100,5012,1,0
C,D,C,4917,100,4917,1,0
C,E,C,7123,100,7123,1,0
C,F,C,5152,100,5152,1,0
C,G,C,1350,100,1350,1,0
C,H,C,5165,100,5165,1,0
A,D,D,4952,100,4952,1,0
B,D,D,6991,100,6991,1,0
C,D,D,4941,100,4941,1,0
D,E,D,5152,100,5152,1,0
D,F,D,7175,100,7175,1,0
D,G,D,5128,100,5128,1,0
D,H,D,1380,100,1380,1,0
A,E,E,1399,100,1399,1,0
B,E,E,5128,100,5128,1,0
C,E,E,7173,100,7173,1,0
D,E,E,5147,100,5147,1,0
E,F,E,4956,100,4956,1,0
E,G,E,7073,100,7073,1,0
E,H,E,4990,100,4990,1,0
A,F,F,5168,100,5168,1,0
B,F,F,1420,100,1420,1,0
C,F,F,5147,100,5147,1,0
D,F,F,7157,100,7157,1,0
E,F,F,4966,100,4966,1,0
F,G,F,4987,100,4987,1,0
F,H,F,6982,100,6982,1,0
A,G,G,7178,100,7178,1,0
B,G,G,5165,100,5165,1,0
C,G,G,1390,100,1390,1,0
D,G,G,5143,100,5143,1,0
E,G,G,7047,100,7047,1,0
F,G,G,4932,100,4932,1,0
G,H,G,4934,100,4934,1,0
A,H,H,5150,100,5150,1,0
B,H,H,7154,100,7154,1,0
C,H,H,5175,100,5175,1,0
D,H,H,1338,100,1338,1,0
E,H,H,4972,100,4972,1,0
F,H,H,6975,100,6975,1,0
G,H,H,4939,100,4939,1,0
A,B,A,4957,100,4957,1,0
A,C,A,6995,100,6995,1,0
A,D,A,4959,100,4959,1,0
A,E,A,1439,100,1439,1,0
A,F,A,5180,100,5180,1,0
A,G,A,7229,100,7229,1,0
A,H,A,5143,100,5143,1,0
A,B,B,4944,100,4944,1,0
B,C,B,5028,100,5028,1,0
B,D,B,7002,100,7002,1,0
B,E,B,5143,100,5143,1,0
B,F,B,1415,100,1415,1,0
B,G,B,5176,100,5176,1,0
B,H,B,7176,100,7176,1,0
A,C,C,7033,100,7033,1,0
B,C,C,5022,100,5022,1,0
C,D,C,4988,100,4988,1,0
C,E,C,7155,100,7155,1,0
C,F,C,5145,100,5145,1,0
C,G,C,1410,100,1410,1,0
C,H,C,5179,100,5179,1,0
A,D,D,4952,100,4952,1,0
B,D,D,6974,100,6974,1,0
C,D,D,4943,100,4943,1,0
D,E,D,5179,100,5179,1,0
D,F,D,7144,100,7144,1,0
D,G,D,5119,100,5119,1,0
D,H,D,1404,100,1404,1,0
A,E,E,1449,100,1449,1,0
B,E,E,5117,100,5117,1,0
C,E,E,7157,100,7157,1,0
D,E,E,5203,100,5203,1,0
E,F,E,4991,100,4991,1,0
E,G,E,7069,100,7069,1,0
E,H,E,4989,100,4989,1,0
A,F,F,5170,100,5170,1,0
B,F,F,1410,100,1410,1,0
C,F,F,5140,100,5140,1,0
D,F,F,7148,100,7148,1,0
E,F,F,4963,100,4963,1,0
F,G,F,4970,100,4970,1,0
F,H,F,6972,100,6972,1,0
A,G,G,7163,100,7163,1,0
B,G,G,5162,100,5162,1,0
C,G,G,1412,100,1412,1,0
D,G,G,5113,100,5113,1,0
E,G,G,7066,100,7066,1,0
F,G,G,4987,100,4987,1,0
G,H,G,4953,100,4953,1,0
A,H,H,5193,100,5193,1,0
B,H,H,7149,100,7149,1,0
C,H,H,5165,100,5165,1,0
D,H,H,1412,100,1412,1,0
E,H,H,4983,100,4983,1,0
F,H,H,6999,100,6999,1,0
G,H,H,4991,100,4991,1,0
A,B,A,4979,100,4979,1,0
A,C,A,6999,100,6999,1,0
A,D,A,4969,100,4969,1,0
A,E,A,1438,100,1438,1,0
A,F,A,5214,100,5214,1,0
A,G,A,7167,100,7167,1,0
A,H,A,5095,100,5095,1,0
A,B,B,4935,100,4935,1,0
B,C,B,4949,100,4949,1,0
B,D,B,7042,100,7042,1,0
B,E,B,5215,100,5215,1,0
B,F,B,1398,100,1398,1,0
B,G,B,5167,100,5167,1,0
B,H,B,7125,100,7125,1,0
A,C,C,7003,100,7003,1,0
B,C,C,4986,100,4986,1,0
C,D,C,4964,100,4964,1,0
C,E,C,7182,100,7182,1,0
C,F,C,5136,100,5136,1,0
C,G,C,1393,100,1393,1,0
C,H,C,5166,100,5166,1,0
A,D,D,4941,100,4941,1,0
B,D,D,7035,100,7035,1,0
C,D,D,4958,100,4958,1,0
D,E,D,5154,100,5154,1,0
D,F,D,7144,100,7144,1,0
D,G,D,5118,100,5118,1,0
D,H,D,1425,100,1425,1,0
A,E,E,1414,100,1414,1,0
B,E,E,5155,100,5155,1,0
C,E,E,7105,100,7105,1,0
D,E,E,5147,100,5147,1,0
E,F,E,4981,100,4981,1,0
E,G,E,7040,100,7040,1,0
E,H,E,4944,100,4944,1,0
A,F,F,5213,100,5213,1,0
B,F,F,1405,100,1405,1,0
C,F,F,5150,100,5150,1,0
D,F,F,7142,100,7142,1,0
E,F,F,4981,100,4981,1,0
F,G,F,4959,100,4959,1,0
F,H,F,7033,100,7033,1,0
A,G,G,7151,100,7151,1,0
B,G,G,5192,100,5192,1,0
C,G,G,1424,100,1424,1,0
D,G,G,5124,100,5124,1,0
E,G,G,7073,100,7073,1,0
F,G,G,4988,100,4988,1,0
G,H,G,4911,100,4911,1,0
A,H,H,5175,100,5175,1,0
B,H,H,7181,100,7181,1,0
C,H,H,5143,100,5143,1,0
D,H,H,1414,100,1414,1,0
E,H,H,5005,100,5005,1,0
F,H,H,6986,100,6986,1,0
G,H,H,4995,100,4995,1,0
A,B,A,4988,100,4988,1,0
A,C,A,7042,100,7042,1,0
A,D,A,4951,100,4951,1,0
A,E,A,1413,100,1413,1,0
A,F,A,5173,100,5173,1,0
A,G,A,7184,100,7184,1,0
A,H,A,5149,100,5149,1,0
A,B,B,4942,100,4942,1,0
B,C,B,4998,100,4998,1,0
B,D,B,6996,100,6996,1,0
B,E,B,5167,100,5167,1,0
B,F,B,1401,100,1401,1,0
B,G,B,5178,100,5178,1,0
B,H,B,7164,100,7164,1,0
A,C,C,7005,100,7005,1,0
B,C,C,5009,100,5009,1,0
C,D,C,4948,100,4948,1,0
C,E,C,7166,100,7166,1,0
C,F,C,5134,100,5134,1,0
C,G,C,1444,100,1444,1,0
C,H,C,5112,100,5112,1,0
A,D,D,4940,100,4940,1,0
B,D,D,6997,100,6997,1,0
C,D,D,4921,100,4921,1,0
D,E,D,5147,100,5147,1,0
D,F,D,7147,100,7147,1,0
D,G,D,5173,100,5173,1,0
D,H,D,1444,100,1444,1,0
A,E,E,1421,100,1421,1,0
B,E,E,5144,100,5144,1,0
C,E,E,7192,100,7192,1,0
D,E,E,5144,100,5144,1,0
E,F,E,4982,100,4982,1,0
E,G,E,7060,100,7060,1,0
E,H,E,4986,100,4986,1,0
A,F,F,5150,100,5150,1,0
B,F,F,1392,100,1392,1,0
C,F,F,5143,100,5143,1,0
D,F,F,7129,100,7129,1,0
E,F,F,4961,100,4961,1,0
F,G,F,4987,100,4987,1,0
F,H,F,7020,100,7020,1,0
A,G,G,7143,100,7143,1,0
B,G,G,5165,100,5165,1,0
C,G,G,1397,100,1397,1,0
D,G,G,5132,100,5132,1,0
E,G,G,7045,100,7045,1,0
F,G,G,4966,100,4966,1,0
G,H,G,4974,100,4974,1,0
A,H,H,5188,100,5188,1,0
B,H,H,7096,100,7096,1,0
C,H,H,5121,100,5121,1,0
D,H,H,1437,100,1437,1,0
E,H,H,4977,100,4977,1,0
F,H,H,6985,100,6985,1,0
G,H,H,4988,100,4988,1,0
A,B,A,4976,100,4976,1,0
A,C,A,6994,100,6994,1,0
A,D,A,4944,100,4944,1,0
A,E,A,1436,100,1436,1,0
A,F,A,5165,100,5165,1,0
A,G,A,7199,100,7199,1,0
A,H,A,5106,100,5106,1,0
A,B,B,4951,100,4951,1,0
B,C,B,4979,100,4979,1,0
B,D,B,7064,100,7064,1,0
B,E,B,5152,100,5152,1,0
B,F,B,1385,100,1385,1,0
B,G,B,5200,100,5200,1,0
B,H,B,7152,100,7152,1,0
A,C,C,6985,100,6985,1,0
B,C,C,4973,100,4973,1,0
C,D,C,4933,100,4933,1,0
C,E,C,7190,100,7190,1,0
C,F,C,5158,100,5158,1,0
C,G,C,1386,100,1386,1,0
C,H,C,5166,100,5166,1,0
A,D,D,4942,100,4942,1,0
B,D,D,6995,100,6995,1,0
C,D,D,4918,100,4918,1,0
D,E,D,5164,100,5164,1,0
D,F,D,7116,100,7116,1,0
D,G,D,5160,100,5160,1,0
D,H,D,1429,100,1429,1,0
A,E,E,1429,100,1429,1,0
B,E,E,5131,100,5131,1,0
C,E,E,7174,100,7174,1,0
D,E,E,5206,100,5206,1,0
E,F,E,4977,100,4977,1,0
E,G,E,7045,100,7045,1,0
E,H,E,4941,100,4941,1,0
A,F,F,5197,100,5197,1,0
B,F,F,1433,100,1433,1,0
C,F,F,5142,100,5142,1,0
D,F,F,7135,100,7135,1,0
E,F,F,4999,100,4999,1,0
F,G,F,4976,100,4976,1,0
F,H,F,6978,100,6978,1,0
A,G,G,7167,100,7167,1,0
B,G,G,5132,100,5132,1,0
C,G,G,1428,100,1428,1,0
D,G,G,5128,100,5128,1,0
E,G,G,6999,100,6999,1,0
F,G,G,4981,100,4981,1,0
G,H,G,4955,100,4955,1,0
A,H,H,5163,100,5163,1,0
B,H,H,7152,100,7152,1,0
C,H,H,5180,100,5180,1,0
D,H,H,1425,100,1425,1,0
E,H,H,4958,100,4958,1,0
F,H,H,6946,100,6946,1,0
G,H,H,4978,100,4978,1,0
A,B,A,4948,100,4948,1,0
A,C,A,7027,100,7027,1,0
A,D,A,4933,100,4933,1,0
A,E,A,1401,100,1401,1,0
A,F,A,5177,100,5177,1,0
A,G,A,7159,100,7159,1,0
A,H,A,5180,100,5180,1,0
A,B,B,4937,100,4937,1,0
B,C,B,4986,100,4986,1,0
B,D,B,7035,100,7035,1,0
B,E,B,5129,100,5129,1,0
B,F,B,1349,100,1349,1,0
B,G,B,5194,100,5194,1,0
B,H,B,7161,100,7161,1,0
A,C,C,6997,100,6997,1,0
B,C,C,5000,100,5000,1,0
C,D,C,4916,100,4916,1,0
C,E,C,7144,100,7144,1,0
C,F,C,5155,100,5155,1,0
C,G,C,1448,100,1448,1,0
C,H,C,5144,100,5144,1,0
A,D,D,4957,100,4957,1,0
B,D,D,7041,100,7041,1,0
C,D,D,4959,100,4959,1,0
D,E,D,5153,100,5153,1,0
D,F,D,7164,100,7164,1,0
D,G,D,5162,100,5162,1,0
D,H,D,1361,100,1361,1,0
A,E,E,1391,100,1391,1,0
B,E,E,5128,100,5128,1,0
C,E,E,7187,100,7187,1,0
D,E,E,5118,100,5118,1,0
E,F,E,4943,100,4943,1,0
E,G,E,7064,100,7064,1,0
E,H,E,4980,100,4980,1,0
A,F,F,5125,100,5125,1,0
B,F,F,1406,100,1406,1,0
C,F,F,5156,100,5156,1,0
D,F,F,7108,100,7108,1,0
E,F,F,4989,100,4989,1,0
F,G,F,4984,100,4984,1,0
F,H,F,7000,100,7000,1,0
A,G,G,7178,100,7178,1,0
B,G,G,5201,100,5201,1,0
C,G,G,1396,100,1396,1,0
D,G,G,5114,100,5114,1,0
E,G,G,7078,100,7078,1,0
F,G,G,4942,100,4942,1,0
G,H,G,4926,100,4926,1,0
A,H,H,5141,100,5141,1,0
B,H,H,7154,100,7154,1,0
C,H,H,5177,100,5177,1,0
D,H,H,1407,100,1407,1,0
E,H,H,4998,100,4998,1,0
F,H,H,6956,100,6956,1,0
G,H,H,4965,100,4965,1,0
A,B,A,4967,100,4967,1,0
A,C,A,7001,100,7001,1,0
A,D,A,4943,100,4943,1,0
A,E,A,1392,100,1392,1,0
A,F,A,5160,100,5160,1,0
A,G,A,7194,100,7194,1,0
A,H,A,5172,100,5172,1,0
A,B,B,4974,100,4974,1,0
B,C,B,4973,100,4973,1,0
B,D,B,6970,100,6970,1,0
B,E,B,5128,100,5128,1,0
B,F,B,1383,100,1383,1,0
B,G,B,5181,100,5181,1,0
B,H,B,7212,100,7212,1,0
A,C,C,7033,100,7033,1,0
B,C,C,4960,100,4960,1,0
C,D,C,4936,100,4936,1,0
C,E,C,7173,100,7173,1,0
C,F,C,5172,100,5172,1,0
C,G,C,1386,100,1386,1,0
C,H,C,5195,100,5195,1,0
A,D,D,4953,100,4953,1,0
B,D,D,6965,100,6965,1,0
C,D,D,4909,100,4909,1,0
D,E,D,5141,100,5141,1,0
D,F,D,7156,100,7156,1,0
D,G,D,5144,100,5144,1,0
D,H,D,1406,100,1406,1,0
A,E,E,1389,100,1389,1,0
B,E,E,5147,100,5147,1,0
C,E,E,7174,100,7174,1,0
D,E,E,5160,100,5160,1,0
E,F,E,5000,100,5000,1,0
E,G,E,7068,100,7068,1,0
E,H,E,4979,100,4979,1,0
A,F,F,5132,100,5132,1,0
B,F,F,1368,100,1368,1,0
C,F,F,5162,100,5162,1,0
D,F,F,7152,100,7152,1,0
E,F,F,5004,100,5004,1,0
F,G,F,4961,100,4961,1,0
F,H,F,6997,100,6997,1,0
A,G,G,7143,100,7143,1,0
B,G,G,5178,100,5178,1,0
C,G,G,1436,100,1436,1,0
D,G,G,5146,100,5146,1,0
E,G,G,7060,100,7060,1,0
F,G,G,4982,100,4982,1,0
G,H,G,4994,100,4994,1,0
A,H,H,5152,100,5152,1,0
B,H,H,7152,100,7152,1,0
C,H,H,5124,100,5124,1,0
D,H,H,1413,100,1413,1,0
E,H,H,4974,100,4974,1,0
F,H,H,7031,100,7031,1,0
G,H,H,4973,100,4973,1,0
A,B,A,4995,100,4995,1,0
A,C,A,7023,100,7023,1,0
A,D,A,4946,100,4946,1,0
A,E,A,1412,100,1412,1,0
A,F,A,5212,100,5212,1,0
A,G,A,7203,100,7203,1,0
A,H,A,5172,100,5172,1,0
A,B,B,4984,100,4984,1,0
B,C,B,4990,100,4990,1,0
B,D,B,6958,100,6958,1,0
B,E,B,5107,100,5107,1,0
B,F,B,1407,100,1407,1,0
B,G,B,5195,100,5195,1,0
B,H,B,7161,100,7161,1,0
A,C,C,7048,100,7048,1,0
B,C,C,4962,100,4962,1,0
C,D,C,4979,100,4979,1,0
C,E,C,7210,100,7210,1,0
C,F,C,5147,100,5147,1,0
C,G,C,1376,100,1376,1,0
C,H,C,5126,100,5126,1,0
A,D,D,4948,100,4948,1,0
B,D,D,6996,100,6996,1,0
C,D,D,4935,100,4935,1,0
D,E,D,5107,100,5107,1,0
D,F,D,7135,100,7135,1,0
D,G,D,5161,100,5161,1,0
D,H,D,1434,100,1434,1,0
A,E,E,1416,100,1416,1,0
B,E,E,5137,100,5137,1,0
C,E,E,7187,100,7187,1,0
D,E,E,5139,100,5139,1,0
E,F,E,4998,100,4998,1,0
E,G,E,7083,100,7083,1,0
E,H,E,4978,100,4978,1,0
A,F,F,5170,100,5170,1,0
B,F,F,1396,100,1396,1,0
C,F,F,5171,100,5171,1,0
D,F,F,7121,100,7121,1,0
E,F,F,4975,100,4975,1,0
F,G,F,4992,100,4992,1,0
F,H,F,6975,100,6975,1,0
A,G,G,7177,100,7177,1,0
B,G,G,5174,100,5174,1,0
C,G,G,1422,100,1422,1,0
D,G,G,5140,100,5140,1,0
E,G,G,7059,100,7059,1,0
F,G,G,4947,100,4947,1,0
G,H,G,4993,100,4993,1,0
A,H,H,5098,100,5098,1,0
B,H,H,7123,100,7123,1,0
C,H,H,5158,100,5158,1,0
D,H,H,1374,100,1374,1,0
E,H,H,4982,100,4982,1,0
F,H,H,6975,100,6975,1,0
G,H,H,4944,100,4944,1,0
A,B,A,4933,100,4933,1,0
A,C,A,7023,100,7023,1,0
A,D,A,4963,100,4963,1,0
A,E,A,1422,100,1422,1,0
A,F,A,5147,100,5147,1,0
A,G,A,7184,100,7184,1,0
A,H,A,5131,100,5131,1,0
A,B,B,4969,100,4969,1,0
B,C,B,5018,100,5018,1,0
B,D,B,6971,100,6971,1,0
B,E,B,5112,100,5112,1,0
B,F,B,1419,100,1419,1,0
B,G,B,5167,100,5167,1,0
B,H,B,7108,100,7108,1,0
A,C,C,7051,100,7051,1,0
B,C,C,4977,100,4977,1,0
C,D,C,4948,100,4948,1,0
C,E,C,7188,100,7188,1,0
C,F,C,5143,100,5143,1,0
C,G,C,1383,100,1383,1,0
C,H,C,5149,100,5149,1,0
A,D,D,4940,100,4940,1,0
B,D,D,7052,100,7052,1,0
C,D,D,4946,100,4946,1,0
D,E,D,5152,100,5152,1,0
D,F,D,7174,100,7174,1,0
D,G,D,5151,100,5151,1,0
D,H,D,1420,100,1420,1,0
A,E,E,1436,100,1436,1,0
B,E,E,5142,100,5142,1,0
C,E,E,7171,100,7171,1,0
D,E,E,5207,100,5207,1,0
E,F,E,4964,100,4964,1,0
E,G,E,7067,100,7067,1,0
E,H,E,4962,100,4962,1,0
A,F,F,5136,100,5136,1,0
B,F,F,1401,100,1401,1,0
C,F,F,5141,100,5141,1,0
D,F,F,7118,100,7118,1,0
E,F,F,4985,100,4985,1,0
F,G,F,4983,100,4983,1,0
F,H,F,7006,100,7006,1,0
A,G,G,7171,100,7171,1,0
B,G,G,5165,100,5165,1,0
C,G,G,1439,100,1439,1,0
D,G,G,5103,100,5103,1,0
E,G,G,7042,100,7042,1,0
F,G,G,4973,100,4973,1,0
G,H,G,4965,100,4965,1,0
A,H,H,5166,100,5166,1,0
B,H,H,7109,100,7109,1,0
C,H,H,5129,100,5129,1,0
D,H,H,1396,100,1396,1,0
E,H,H,4949,100,4949,1,0
F,H,H,7004,100,7004,1,0
G,H,H,4942,100,4942,1,0
A,B,A,4950,100,4950,1,0
A,C,A,7110,100,7110,1,0
A,D,A,4941,100,4941,1,0
A,E,A,1448,100,1448,1,0
A,F,A,5161,100,5161,1,0
A,G,A,7078,100,7078,1,0
A,H,A,5149,100,5149,1,0
A,B,B,4994,100,4994,1,0
B,C,B,4954,100,4954,1,0
B,D,B,7006,100,7006,1,0
B,E,B,5169,100,5169,1,0
B,F,B,1418,100,1418,1,0
B,G,B,5181,100,5181,1,0
B,H,B,7122,100,7122,1,0
A,C,C,7010,100,7010,1,0
B,C,C,4943,100,4943,1,0
C,D,C,4917,100,4917,1,0
C,E,C,7166,100,7166,1,0
C,F,C,5155,100,5155,1,0
C,G,C,1400,100,1400,1,0
C,H,C,5177,100,5177,1,0
A,D,D,4928,100,4928,1,0
B,D,D,6931,100,6931,1,0
C,D,D,4958,100,4958,1,0
D,E,D,5156,100,5156,1,0
D,F,D,7097,100,7097,1,0
D,G,D,5157,100,5157,1,0
D,H,D,1400,100,1400,1,0
A,E,E,1401,100,1401,1,0
B,E,E,5133,100,5133,1,0
C,E,E,7187,100,7187,1,0
D,E,E,5198,100,5198,1,0
E,F,E,4994,100,4994,1,0
E,G,E,7072,100,7072,1,0
E,H,E,4998,100,4998,1,0
A,F,F,5172,100,5172,1,0
B,F,F,1366,100,1366,1,0
C,F,F,5142,100,5142,1,0
D,F,F,7120,100,7120,1,0
E,F,F,5007,100,5007,1,0
F,G,F,4977,100,4977,1,0
F,H,F,7041,100,7041,1,0
A,G,G,7194,100,7194,1,0
B,G,G,5207,100,5207,1,0
C,G,G,1349,100,1349,1,0
D,G,G,5130,100,5130,1,0
E,G,G,7061,100,7061,1,0
F,G,G,4966,100,4966,1,0
G,H,G,5004,100,5004,1,0
A,H,H,5147,100,5147,1,0
B,H,H,7100,100,7100,1,0
C,H,H,5118,100,5118,1,0
D,H,H,1403,100,1403,1,0
E,H,H,4962,100,4962,1,0
F,H,H,6994,100,6994,1,0
G,H,H,4979,100,4979,1,0
A,B,A,4959,100,4959,1,0
A,C,A,6984,100,6984,1,0
A,D,A,4947,100,4947,1,0
A,E,A,1396,100,1396,1,0
A,F,A,5170,100,5170,1,0
A,G,A,7140,100,7140,1,0
A,H,A,5151,100,5151,1,0
A,B,B,4954,100,4954,1,0
B,C,B,5008,100,5008,1,0
B,D,B,7046,100,7046,1,0
B,E,B,5169,100,5169,1,0
B,F,B,1380,100,1380,1,0
B,G,B,5223,100,5223,1,0
B,H,B,7157,100,7157,1,0
A,C,C,6981,100,6981,1,0
B,C,C,4983,100,4983,1,0
C,D,C,4958,100,4958,1,0
C,E,C,7165,100,7165,1,0
C,F,C,5152,100,5152,1,0
C,G,C,1378,100,1378,1,0
C,H,C,5145,100,5145,1,0
A,D,D,4943,100,4943,1,0
B,D,D,6999,100,6999,1,0
C,D,D,4954,100,4954,1,0
D,E,D,5150,100,5150,1,0
D,F,D,7114,100,7114,1,0
D,G,D,5097,100,5097,1,0
D,H,D,1400,100,1400,1,0
A,E,E,1337,100,1337,1,0
B,E,E,5174,100,5174,1,0
C,E,E,7136,100,7136,1,0
D,E,E,5155,100,5155,1,0
E,F,E,4980,100,4980,1,0
E,G,E,7042,100,7042,1,0
E,H,E,5047,100,5047,1,0
A,F,F,5157,100,5157,1,0
B,F,F,1402,100,1402,1,0
C,F,F,5138,100,5138,1,0
D,F,F,7121,100,7121,1,0
E,F,F,4944,100,4944,1,0
F,G,F,4975,100,4975,1,0
F,H,F,6985,100,6985,1,0
A,G,G,7188,100,7188,1,0
B,G,G,5154,100,5154,1,0
C,G,G,1362,100,1362,1,0
D,G,G,5128,100,5128,1,0
E,G,G,7042,100,7042,1,0
F,G,G,4970,100,4970,1,0
G,H,G,4969,100,4969,1,0
A,H,H,5158,100,5158,1,0
B,H,H,7189,100,7189,1,0
C,H,H,5170,100,5170,1,0
D,H,H,1397,100,1397,1,0
E,H,H,4974,100,4974,1,0
F,H,H,6980,100,6980,1,0
G,H,H,4957,100,4957,1,0
A,B,A,4967,100,4967,1,0
A,C,A,6990,100,6990,1,0
A,D,A,4945,100,4945,1,0
A,E,A,1414,100,1414,1,0
A,F,A,5128,100,5128,1,0
A,G,A,7143,100,7143,1,0
A,H,A,5148,100,5148,1,0
A,B,B,4927,100,4927,1,0
B,C,B,5020,100,5020,1,0
B,D,B,7021,100,7021,1,0
B,E,B,5147,100,5147,1,0
B,F,B,1394,100,1394,1,0
B,G,B,5195,100,5195,1,0
B,H,B,7158,100,7158,1,0
A,C,C,6993,100,6993,1,0
B,C,C,4963,100,4963,1,0
C,D,C,4915,100,4915,1,0
C,E,C,7219,100,7219,1,0
C,F,C,5174,100,5174,1,0
C,G,C,1388,100,1388,1,0
C,H,C,5156,100,5156,1,0
A,D,D,4927,100,4927,1,0
B,D,D,7035,100,7035,1,0
C,D,D,4948,100,4948,1,0
D,E,D,5166,100,5166,1,0
D,F,D,7126,100,7126,1,0
D,G,D,5130,100,5130,1,0
D,H,D,1443,100,1443,1,0
A,E,E,1446,100,1446,1,0
B,E,E,5181,100,5181,1,0
C,E,E,7188,100,7188,1,0
D,E,E,5191,100,5191,1,0
E,F,E,4982,100,4982,1,0
E,G,E,7044,100,7044,1,0
E,H,E,4997,100,4997,1,0
A,F,F,5217,100,5217,1,0
B,F,F,1385,100,1385,1,0
C,F,F,5165,100,5165,1,0
D,F,F,7140,100,7140,1,0
E,F,F,4952,100,4952,1,0
F,G,F,4971,100,4971,1,0
F,H,F,7005,100,7005,1,0
A,G,G,7185,100,7185,1,0
B,G,G,5174,100,5174,1,0
C,G,G,1371,100,1371,1,0
D,G,G,5130,100,5130,1,0
E,G,G,7047,100,7047,1,0
F,G,G,4983,100,4983,1,0
G,H,G,5005,100,5005,1,0
A,H,H,5121,100,5121,1,0
B,H,H,7163,100,7163,1,0
C,H,H,5121,100,5121,1,0
D,H,H,1411,100,1411,1,0
E,H,H,4974,100,4974,1,0
F,H,H,7006,100,7006,1,0
G,H,H,4947,100,4947,1,0
A,B,A,4966,100,4966,1,0
A,C,A,7058,100,7058,1,0
A,D,A,4932,100,4932,1,0
A,E,A,1439,100,1439,1,0
A,F,A,5157,100,5157,1,0
A,G,A,7196,100,7196,1,0
A,H,A,5107,100,5107,1,0
A,B,B,4944,100,4944,1,0
B,C,B,4998,100,4998,1,0
B,D,B,6972,100,6972,1,0
B,E,B,5129,100,5129,1,0
B,F,B,1374,100,1374,1,0
B,G,B,5154,100,5154,1,0
B,H,B,7250,100,7250,1,0
A,C,C,7043,100,7043,1,0
B,C,C,5006,100,5006,1,0
C,D,C,4918,100,4918,1,0
C,E,C,7230,100,7230,1,0
C,F,C,5166,100,5166,1,0
C,G,C,1403,100,1403,1,0
C,H,C,5137,100,5137,1,0
A,D,D,4963,100,4963,1,0
B,D,D,7025,100,7025,1,0
C,D,D,4944,100,4944,1,0
D,E,D,5165,100,5165,1,0
D,F,D,7124,100,7124,1,0
D,G,D,5144,100,5144,1,0
D,H,D,1409,100,1409,1,0
A,E,E,1379,100,1379,1,0
B,E,E,5111,100,5111,1,0
C,E,E,7179,100,7179,1,0
D,E,E,5155,100,5155,1,0
E,F,E,4941,100,4941,1,0
E,G,E,7079,100,7079,1,0
E,H,E,4977,100,4977,1,0
A,F,F,5172,100,5172,1,0
B,F,F,1376,100,1376,1,0
C,F,F,5167,100,5167,1,0
D,F,F,7104,100,7104,1,0
E,F,F,4980,100,4980,1,0
F,G,F,4971,100,4971,1,0
F,H,F,7008,100,7008,1,0
A,G,G,7163,100,7163,1,0
B,G,G,5187,100,5187,1,0
C,G,G,1397,100,1397,1,0
D,G,G,5142,100,5142,1,0
E,G,G,7051,100,7051,1,0
F,G,G,4965,100,4965,1,0
G,H,G,4963,100,4963,1,0
A,H,H,5140,100,5140,1,0
B,H,H,7122,100,7122,1,0
C,H,H,5174,100,5174,1,0
D,H,H,1396,100,1396,1,0
E,H,H,5008,100,5008,1,0
F,H,H,7014,100,7014,1,0
G,H,H,4915,100,4915,1,0
A,B,A,4938,100,4938,1,0
A,C,A,7012,100,7012,1,0
A,D,A,4940,100,4940,1,0
A,E,A,1395,100,1395,1,0
A,F,A,5174,100,5174,1,0
A,G,A,7202,100,7202,1,0
A,H,A,5175,100,5175,1,0
A,B,B,4967,100,4967,1,0
B,C,B,4967,100,4967,1,0
B,D,B,7029,100,7029,1,0
B,E,B,5124,100,5124,1,0
B,F,B,1395,100,1395,1,0
B,G,B,5181,100,5181,1,0
B,H,B,7151,100,7151,1,0
A,C,C,7004,100,7004,1,0
B,C,C,4966,100,4966,1,0
C,D,C,4972,100,4972,1,0
C,E,C,7136,100,7136,1,0
C,F,C,5164,100,5164,1,0
C,G,C,1354,100,1354,1,0
C,H,C,5163,100,5163,1,0
A,D,D,4933,100,4933,1,0
B,D,D,6969,100,6969,1,0
C,D,D,4992,100,4992,1,0
D,E,D,5094,100,5094,1,0
D,F,D,7114,100,7114,1,0
D,G,D,5130,100,5130,1,0
D,H,D,1427,100,1427,1,0
A,E,E,1386,100,1386,1,0
B,E,E,5175,100,5175,1,0
C,E,E,7141,100,7141,1,0
D,E,E,5210,100,5210,1,0
E,F,E,4971,100,4971,1,0
E,G,E,7055,100,7055,1,0
E,H,E,4941,100,4941,1,0
A,F,F,5142,100,5142,1,0
B,F,F,1418,100,1418,1,0
C,F,F,5150,100,5150,1,0
D,F,F,7144,100,7144,1,0
E,F,F,4993,100,4993,1,0
F,G,F,4956,100,4956,1,0
F,H,F,6975,100,6975,1,0
A,G,G,7152,100,7152,1,0
B,G,G,5221,100,5221,1,0
C,G,G,1384,100,1384,1,0
D,G,G,5140,100,5140,1,0
E,G,G,7084,100,7084,1,0
F,G,G,5000,100,5000,1,0
G,H,G,4979,100,4979,1,0
A,H,H,5156,100,5156,1,0
B,H,H,7145,100,7145,1,0
C,H,H,5138,100,5138,1,0
D,H,H,1417,100,1417,1,0
E,H,H,5013,100,5013,1,0
F,H,H,6955,100,6955,1,0
G,H,H,4947,100,4947,1,0
A,B,A,4946,100,4946,1,0
A,C,A,7019,100,7019,1,0
A,D,A,4930,100,4930,1,0
A,E,A,1453,100,1453,1,0
A,F,A,5165,100,5165,1,0
A,G,A,7150,100,7150,1,0
A,H,A,5153,100,5153,1,0
A,B,B,4964,100,4964,1,0
B,C,B,4999,100,4999,1,0
B,D,B,7034,100,7034,1,0
B,E,B,5148,100,5148,1,0
B,F,B,1404,100,1404,1,0
B,G,B,5199,100,5199,1,0
B,H,B,7182,100,7182,1,0
A,C,C,7035,100,7035,1,0
B,C,C,4963,100,4963,1,0
C,D,C,4969,100,4969,1,0
C,E,C,7203,100,7203,1,0
C,F,C,5168,100,5168,1,0
C,G,C,1409,100,1409,1,0
C,H,C,5168,100,5168,1,0
A,D,D,4938,100,4938,1,0
B,D,D,6978,100,6978,1,0
C,D,D,4916,100,4916,1,0
D,E,D,5186,100,5186,1,0
D,F,D,7147,100,7147,1,0
D,G,D,5127,100,5127,1,0
D,H,D,1366,100,1366,1,0
A,E,E,1369,100,1369,1,0
B,E,E,5148,100,5148,1,0
C,E,E,7199,100,7199,1,0
D,E,E,5169,100,5169,1,0
E,F,E,4927,100,4927,1,0
E,G,E,7083,100,7083,1,0
E,H,E,4985,100,4985,1,0
A,F,F,5180,100,5180,1,0
B,F,F,1366,100,1366,1,0
C,F,F,5173,100,5173,1,0
D,F,F,7127,100,7127,1,0
E,F,F,4997,100,4997,1,0
F,G,F,4978,100,4978,1,0
F,H,F,6941,100,6941,1,0
A,G,G,7153,100,7153,1,0
B,G,G,5223,100,5223,1,0
C,G,G,1381,100,1381,1,0
D,G,G,5187,100,5187,1,0
E,G,G,7048,100,7048,1,0
F,G,G,4938,100,4938,1,0
G,H,G,4955,100,4955,1,0
A,H,H,5169,100,5169,1,0
B,H,H,7154,100,7154,1,0
C,H,H,5178,100,5178,1,0
D,H,H,1417,100,1417,1,0
E,H,H,4957,100,4957,1,0
F,H,H,7004,100,7004,1,0
G,H,H,4924,100,4924,1,0
A,B,A,4988,100,4988,1,0
A,C,A,7018,100,7018,1,0
A,D,A,4944,100,4944,1,0
A,E,A,1434,100,1434,1,0
A,F,A,5139,100,5139,1,0
A,G,A,7185,100,7185,1,0
A,H,A,5134,100,5134,1,0
A,B,B,4960,100,4960,1,0
B,C,B,4998,100,4998,1,0
B,D,B,6995,100,6995,1,0
B,E,B,5118,100,5118,1,0
B,F,B,1414,100,1414,1,0
B,G,B,5203,100,5203,1,0
B,H,B,7146,100,7146,1,0
A,C,C,7063,100,7063,1,0
B,C,C,4959,100,4959,1,0
C,D,C,4940,100,4940,1,0
C,E,C,7206,100,7206,1,0
C,F,C,5179,100,5179,1,0
C,G,C,1433,100,1433,1,0
C,H,C,5168,100,5168,1,0
A,D,D,4956,100,4956,1,0
B,D,D,7001,100,7001,1,0
C,D,D,4935,100,4935,1,0
D,E,D,5184,100,5184,1,0
D,F,D,7128,100,7128,1,0
D,G,D,5151,100,5151,1,0
D,H,D,1385,100,1385,1,0
A,E,E,1441,100,1441,1,0
B,E,E,5124,100,5124,1,0
C,E,E,7205,100,7205,1,0
D,E,E,5190,100,5190,1,0
E,F,E,5000,100,5000,1,0
E,G,E,7070,100,7070,1,0
E,H,E,4990,100,4990,1,0
A,F,F,5186,100,5186,1,0
B,F,F,1397,100,1397,1,0
C,F,F,5152,100,5152,1,0
D,F,F,7133,100,7133,1,0
E,F,F,4948,100,4948,1,0
F,G,F,4956,100,4956,1,0
F,H,F,6967,100,6967,1,0
A,G,G,7159,100,7159,1,0
B,G,G,5175,100,5175,1,0
C,G,G,1446,100,1446,1,0
D,G,G,5135,100,5135,1,0
E,G,G,7057,100,7057,1,0
F,G,G,4975,100,4975,1,0
G,H,G,4910,100,4910,1,0
A,H,H,5099,100,5099,1,0
B,H,H,7197,100,7197,1,0
C,H,H,5167,100,5167,1,0
D,H,H,1457,100,1457,1,0
E,H,H,5003,100,5003,1,0
F,H,H,7027,100,7027,1,0
G,H,H,4959,100,4959,1,0
A,B,A,4924,100,4924,1,0
A,C,A,6998,100,6998,1,0
A,D,A,4934,100,4934,1,0
A,E,A,1409,100,1409,1,0
A,F,A,5161,100,5161,1,0
A,G,A,7204,100,7204,1,0
A,H,A,5144,100,5144,1,0
A,B,B,4962,100,4962,1,0
B,C,B,4983,100,4983,1,0
B,D,B,6985,100,6985,1,0
B,E,B,5135,100,5135,1,0
B,F,B,1408,100,1408,1,0
B,G,B,5181,100,5181,1,0
B,H,B,7186,100,7186,1,0
A,C,C,7038,100,7038,1,0
B,C,C,4955,100,4955,1,0
C,D,C,4955,100,4955,1,0
C,E,C,7145,100,7145,1,0
C,F,C,5179,100,5179,1,0
C,G,C,1403,100,1403,1,0
C,H,C,5127,100,5127,1,0
A,D,D,4952,100,4952,1,0
B,D,D,7000,100,7000,1,0
C,D,D,4954,100,4954,1,0
D,E,D,5163,100,5163,1,0
D,F,D,7159,100,7159,1,0
D,G,D,5140,100,5140,1,0
D,H,D,1406,100,1406,1,0
A,E,E,1391,100,1391,1,0
B,E,E,5173,100,5173,1,0
C,E,E,7205,100,7205,1,0
D,E,E,5182,100,5182,1,0
E,F,E,4958,100,4958,1,0
E,G,E,7044,100,7044,1,0
E,H,E,4942,100,4942,1,0
A,F,F,5201,100,5201,1,0
B,F,F,1394,100,1394,1,0
C,F,F,5148,100,5148,1,0
D,F,F,7150,100,7150,1,0
E,F,F,4972,100,4972,1,0
F,G,F,4962,100,4962,1,0
F,H,F,6985,100,6985,1,0
A,G,G,7194,100,7194,1,0
B,G,G,5175,100,5175,1,0
C,G,G,1431,100,1431,1,0
D,G,G,5130,100,5130,1,0
E,G,G,7044,100,7044,1,0
F,G,G,4973,100,4973,1,0
G,H,G,4980,100,4980,1,0
A,H,H,5115,100,5115,1,0
B,H,H,7109,100,7109,1,0
C,H,H,5172,100,5172,1,0
D,H,H,1408,100,1408,1,0
E,H,H,4998,100,4998,1,0
F,H,H,6968,100,6968,1,0
G,H,H,4967,100,4967,1,0
A,B,A,4977,100,4977,1,0
A,C,A,7020,100,7020,1,0
A,D,A,4933,100,4933,1,0
A,E,A,1462,100,1462,1,0
A,F,A,5193,100,5193,1,0
A,G,A,7207,100,7207,1,0
A,H,A,5181,100,5181,1,0
A,B,B,4951,100,4951,1,0
B,C,B,4961,100,4961,1,0
B,D,B,7011,100,7011,1,0
B,E,B,5167,100,5167,1,0
B,F,B,1415,100,1415,1,0
B,G,B,5204,100,5204,1,0
B,H,B,7096,100,7096,1,0
A,C,C,6981,100,6981,1,0
B,C,C,4999,100,4999,1,0
C,D,C,4963,100,4963,1,0
C,E,C,7181,100,7181,1,0
C,F,C,5126,100,5126,1,0
C,G,C,1351,100,1351,1,0
C,H,C,5142,100,5142,1,0
A,D,D,4950,100,4950,1,0
B,D,D,6980,100,6980,1,0
C,D,D,4934,100,4934,1,0
D,E,D,5216,100,5216,1,0
D,F,D,7101,100,7101,1,0
D,G,D,5180,100,5180,1,0
D,H,D,1379,100,1379,1,0
A,E,E,1429,100,1429,1,0
B,E,E,5121,100,5121,1,0
C,E,E,7165,100,7165,1,0
D,E,E,5139,100,5139,1,0
E,F,E,4995,100,4995,1,0
E,G,E,7052,100,7052,1,0
E,H,E,4926,100,4926,1,0
A,F,F,5183,100,5183,1,0
B,F,F,1381,100,1381,1,0
C,F,F,5149,100,5149,1,0
D,F,F,7124,100,7124,1,0
E,F,F,4972,100,4972,1,0
F,G,F,4965,100,4965,1,0
F,H,F,7026,100,7026,1,0
A,G,G,7216,100,7216,1,0
B,G,G,5131,100,5131,1,0
C,G,G,1407,100,1407,1,0
D,G,G,5144,100,5144,1,0
E,G,G,7049,100,7049,1,0
F,G,G,4992,100,4992,1,0
G,H,G,4951,100,4951,1,0
A,H,H,5114,100,5114,1,0
B,H,H,7185,100,7185,1,0
C,H,H,5160,100,5160,1,0
D,H,H,1445,100,1445,1,0
E,H,H,4975,100,4975,1,0
F,H,H,6966,100,6966,1,0
G,H,H,4980,100,4980,1,0
A,B,A,4962,100,4962,1,0
A,C,A,7031,100,7031,1,0
A,D,A,4933,100,4933,1,0
A,E,A,1410,100,1410,1,0
A,F,A,5133,100,5133,1,0
A,G,A,7159,100,7159,1,0
A,H,A,5121,100,5121,1,0
A,B,B,5003,100,5003,1,0
B,C,B,5007,100,5007,1,0
B,D,B,7038,100,7038,1,0
B,E,B,5157,100,5157,1,0
B,F,B,1391,100,1391,1,0
B,G,B,5204,100,5204,1,0
B,H,B,7095,100,7095,1,0
A,C,C,7035,100,7035,1,0
B,C,C,4979,100,4979,1,0
C,D,C,4990,100,4990,1,0
C,E,C,7182,100,7182,1,0
C,F,C,5164,100,5164,1,0
C,G,C,1404,100,1404,1,0
C,H,C,5112,100,5112,1,0
A,D,D,4954,100,4954,1,0
B,D,D,7011,100,7011,1,0
C,D,D,4922,100,4922,1,0
D,E,D,5190,100,5190,1,0
D,F,D,7170,100,7170,1,0
D,G,D,5132,100,5132,1,0
D,H,D,1411,100,1411,1,0
A,E,E,1443,100,1443,1,0
B,E,E,5158,100,5158,1,0
C,E,E,7206,100,7206,1,0
D,E,E,5234,100,5234,1,0
E,F,E,4992,100,4992,1,0
E,G,E,7077,100,7077,1,0
E,H,E,5000,100,5000,1,0
A,F,F,5200,100,5200,1,0
B,F,F,1367,100,1367,1,0
C,F,F,5172,100,5172,1,0
D,F,F,7113,100,7113,1,0
E,F,F,4971,100,4971,1,0
F,G,F,4978,100,4978,1,0
F,H,F,7005,100,7005,1,0
A,G,G,7138,100,7138,1,0
B,G,G,5177,100,5177,1,0
C,G,G,1432,100,1432,1,0
D,G,G,5169,100,5169,1,0
E,G,G,7054,100,7054,1,0
F,G,G,4942,100,4942,1,0
G,H,G,4958,100,4958,1,0
A,H,H,5142,100,5142,1,0
B,H,H,7220,100,7220,1,0
C,H,H,5165,100,5165,1,0
D,H,H,1480,100,1480,1,0
E,H,H,4981,100,4981,1,0
F,H,H,7011,100,7011,1,0
G,H,H,4950,100,4950,1,0
A,B,A,4968,100,4968,1,0
A,C,A,7030,100,7030,1,0
A,D,A,4962,100,4962,1,0
A,E,A,1386,100,1386,1,0
A,F,A,5128,100,5128,1,0
A,G,A,7185,100,7185,1,0
A,H,A,5134,100,5134,1,0
A,B,B,4958,100,4958,1,0
B,C,B,4946,100,4946,1,0
B,D,B,6994,100,6994,1,0
B,E,B,5138,100,5138,1,0
B,F,B,1418,100,1418,1,0
B,G,B,5165,100,5165,1,0
B,H,B,7168,100,7168,1,0
A,C,C,7063,100,7063,1,0
B,C,C,4991,100,4991,1,0
C,D,C,4946,100,4946,1,0
C,E,C,7181,100,7181,1,0
C,F,C,5167,100,5167,1,0
C,G,C,1405,100,1405,1,0
C,H,C,5120,100,5120,1,0
A,D,D,4949,100,4949,1,0
B,D,D,7016,100,7016,1,0
C,D,D,4947,100,4947,1,0
D,E,D,5128,100,5128,1,0
D,F,D,7164,100,7164,1,0
D,G,D,5131,100,5131,1,0
D,H,D,1436,100,1436,1,0
A,E,E,1448,100,1448,1,0
B,E,E,5114,100,5114,1,0
C,E,E,7187,100,7187,1,0
D,E,E,5083,100,5083,1,0
E,F,E,4953,100,4953,1,0
E,G,E,7039,100,7039,1,0
E,H,E,5045,100,5045,1,0
A,F,F,5180,100,5180,1,0
B,F,F,1410,100,1410,1,0
C,F,F,5181,100,5181,1,0
D,F,F,7166,100,7166,1,0
E,F,F,4962,100,4962,1,0
F,G,F,4986,100,4986,1,0
F,H,F,7016,100,7016,1,0
A,G,G,7155,100,7155,1,0
B,G,G,5174,100,5174,1,0
C,G,G,1391,100,1391,1,0
D,G,G,5162,100,5162,1,0
E,G,G,7049,100,7049,1,0
F,G,G,4962,100,4962,1,0
G,H,G,4992,100,4992,1,0
A,H,H,5111,100,5111,1,0
B,H,H,7145,100,7145,1,0
C,H,H,5137,100,5137,1,0
D,H,H,1448,100,1448,1,0
E,H,H,4991,100,4991,1,0
F,H,H,6975,100,6975,1,0
G,H,H,4983,100,4983,1,0
A,B,A,4963,100,4963,1,0
A,C,A,7041,100,7041,1,0
A,D,A,4955,100,4955,1,0
A,E,A,1408,100,1408,1,0
A,F,A,5209,100,5209,1,0
A,G,A,7206,100,7206,1,0
A,H,A,5180,100,5180,1,0
A,B,B,4946,100,4946,1,0
B,C,B,4995,100,4995,1,0
B,D,B,7052,100,7052,1,0
B,E,B,5097,100,5097,1,0
B,F,B,1395,100,1395,1,0
B,G,B,5164,100,5164,1,0
B,H,B,7167,100,7167,1,0
A,C,C,7003,100,7003,1,0
B,C,C,5010,100,5010,1,0
C,D,C,4937,100,4937,1,0
C,E,C,7185,100,7185,1,0
C,F,C,5160,100,5160,1,0
C,G,C,1364,100,1364,1,0
C,H,C,5169,100,5169,1,0
A,D,D,4947,100,4947,1,0
B,D,D,7060,100,7060,1,0
C,D,D,4942,100,4942,1,0
D,E,D,5205,100,5205,1,0
D,F,D,7168,100,7168,1,0
D,G,D,5174,100,5174,1,0
D,H,D,1404,100,1404,1,0
A,E,E,1413,100,1413,1,0
B,E,E,5123,100,5123,1,0
C,E,E,7170,100,7170,1,0
D,E,E,5217,100,5217,1,0
E,F,E,4968,100,4968,1,0
E,G,E,7031,100,7031,1,0
E,H,E,4954,100,4954,1,0
A,F,F,5160,100,5160,1,0
B,F,F,1393,100,1393,1,0
C,F,F,5130,100,5130,1,0
D,F,F,7139,100,7139,1,0
E,F,F,4946,100,4946,1,0
F,G,F,4970,100,4970,1,0
F,H,F,7002,100,7002,1,0
A,G,G,7154,100,7154,1,0
B,G,G,5165,100,5165,1,0
C,G,G,1428,100,1428,1,0
D,G,G,5127,100,5127,1,0
E,G,G,7079,100,7079,1,0
F,G,G,4950,100,4950,1,0
G,H,G,4923,100,4923,1,0
A,H,H,5153,100,5153,1,0
B,H,H,7165,100,7165,1,0
C,H,H,5172,100,5172,1,0
D,H,H,1379,100,1379,1,0
E,H,H,4977,100,4977,1,0
F,H,H,7002,100,7002,1,0
G,H,H,4944,100,4944,1,0
A,B,A,4938,100,4938,1,0
A,C,A,7006,100,7006,1,0
A,D,A,4952,100,4952,1,0
A,E,A,1428,100,1428,1,0
A,F,A,5189,100,5189,1,0
A,G,A,7131,100,7131,1,0
A,H,A,5130,100,5130,1,0
A,B,B,4938,100,4938,1,0
B,C,B,4970,100,4970,1,0
B,D,B,7044,100,7044,1,0
B,E,B,5138,100,5138,1,0
B,F,B,1405,100,1405,1,0
B,G,B,5198,100,5198,1,0
B,H,B,7140,100,7140,1,0
A,C,C,7073,100,7073,1,0
B,C,C,4980,100,4980,1,0
C,D,C,4984,100,4984,1,0
C,E,C,7198,100,7198,1,0
C,F,C,5173,100,5173,1,0
C,G,C,1416,100,1416,1,0
C,H,C,5143,100,5143,1,0
A,D,D,4962,100,4962,1,0
B,D,D,7029,100,7029,1,0
C,D,D,4937,100,4937,1,0
D,E,D,5141,100,5141,1,0
D,F,D,7181,100,7181,1,0
D,G,D,5148,100,5148,1,0
D,H,D,1452,100,1452,1,0
A,E,E,1396,100,1396,1,0
B,E,E,5140,100,5140,1,0
C,E,E,7163,100,7163,1,0
D,E,E,5129,100,5129,1,0
E,F,E,4949,100,4949,1,0
E,G,E,7054,100,7054,1,0
E,H,E,5012,100,5012,1,0
A,F,F,5153,100,5153,1,0
B,F,F,1386,100,1386,1,0
C,F,F,5144,100,5144,1,0
D,F,F,7152,100,7152,1,0
E,F,F,4981,100,4981,1,0
F,G,F,4976,100,4976,1,0
F,H,F,7036,100,7036,1,0
A,G,G,7157,100,7157,1,0
B,G,G,5186,100,5186,1,0
C,G,G,1408,100,1408,1,0
D,G,G,5130,100,5130,1,0
E,G,G,7040,100,7040,1,0
F,G,G,4967,100,4967,1,0
G,H,G,4980,100,4980,1,0
A,H,H,5102,100,5102,1,0
B,H,H,7170,100,7170,1,0
C,H,H,5166,100,5166,1,0
D,H,H,1425,100,1425,1,0
E,H,H,4971,100,4971,1,0
F,H,H,6989,100,6989,1,0
G,H,H,4959,100,4959,1,0
A,B,A,4982,100,4982,1,0
A,C,A,7025,100,7025,1,0
A,D,A,4948,100,4948,1,0
A,E,A,1398,100,1398,1,0
A,F,A,5174,100,5174,1,0
A,G,A,7193,100,7193,1,0
A,H,A,5132,100,5132,1,0
A,B,B,4950,100,4950,1,0
B,C,B,4986,100,4986,1,0
B,D,B,7007,100,7007,1,0
B,E,B,5122,100,5122,1,0
B,F,B,1378,100,1378,1,0
B,G,B,5238,100,5238,1,0
B,H,B,7130,100,7130,1,0
A,C,C,7032,100,7032,1,0
B,C,C,4967,100,4967,1,0
C,D,C,4916,100,4916,1,0
C,E,C,7151,100,7151,1,0
C,F,C,5156,100,5156,1,0
C,G,C,1364,100,1364,1,0
C,H,C,5177,100,5177,1,0
A,D,D,4949,100,4949,1,0
B,D,D,7033,100,7033,1,0
C,D,D,4915,100,4915,1,0
D,E,D,5134,100,5134,1,0
D,F,D,7172,100,7172,1,0
D,G,D,5143,100,5143,1,0
D,H,D,1394,100,1394,1,0
A,E,E,1393,100,1393,1,0
B,E,E,5144,100,5144,1,0
C,E,E,7148,100,7148,1,0
D,E,E,5112,100,5112,1,0
E,F,E,4981,100,4981,1,0
E,G,E,7069,100,7069,1,0
E,H,E,4959,100,4959,1,0
A,F,F,5158,100,5158,1,0
B,F,F,1379,100,1379,1,0
C,F,F,5121,100,5121,1,0
D,F,F,7147,100,7147,1,0
E,F,F,4989,100,4989,1,0
F,G,F,4968,100,4968,1,0
F,H,F,7045,100,7045,1,0
A,G,G,7193,100,7193,1,0
B,G,G,5171,100,5171,1,0
C,G,G,1412,100,1412,1,0
D,G,G,5131,100,5131,1,0
E,G,G,7048,100,7048,1,0
F,G,G,4987,100,4987,1,0
G,H,G,4942,100,4942,1,0
A,H,H,5182,100,5182,1,0
B,H,H,7188,100,7188,1,0
C,H,H,5164,100,5164,1,0
D,H,H,1467,100,1467,1,0
E,H,H,4991,100,4991,1,0
F,H,H,7026,100,7026,1,0
G,H,H,4943,100,4943,1,0
A,B,A,4947,100,4947,1,0
A,C,A,7063,100,7063,1,0
A,D,A,4959,100,4959,1,0
A,E,A,1474,100,1474,1,0
A,F,A,5136,100,5136,1,0
A,G,A,7123,100,7123,1,0
A,H,A,5118,100,5118,1,0
A,B,B,4961,100,4961,1,0
B,C,B,4996,100,4996,1,0
B,D,B,7020,100,7020,1,0
B,E,B,5138,100,5138,1,0
B,F,B,1388,100,1388,1,0
B,G,B,5197,100,5197,1,0
B,H,B,7137,100,7137,1,0
A,C,C,7045,100,7045,1,0
B,C,C,4938,100,4938,1,0
C,D,C,4963,100,4963,1,0
C,E,C,7145,100,7145,1,0
C,F,C,5129,100,5129,1,0
C,G,C,1376,100,1376,1,0
C,H,C,5098,100,5098,1,0
A,D,D,4971,100,4971,1,0
B,D,D,6976,100,6976,1,0
C,D,D,4957,100,4957,1,0
D,E,D,5164,100,5164,1,0
D,F,D,7183,100,7183,1,0
D,G,D,5132,100,5132,1,0
D,H,D,1415,100,1415,1,0
A,E,E,1392,100,1392,1,0
B,E,E,5195,100,5195,1,0
C,E,E,7198,100,7198,1,0
D,E,E,5200,100,5200,1,0
E,F,E,4979,100,4979,1,0
E,G,E,7067,100,7067,1,0
E,H,E,4941,100,4941,1,0
A,F,F,5174,100,5174,1,0
B,F,F,1435,100,1435,1,0
C,F,F,5138,100,5138,1,0
D,F,F,7134,100,7134,1,0
E,F,F,4950,100,4950,1,0
F,G,F,4964,100,4964,1,0
F,H,F,6978,100,6978,1,0
A,G,G,7156,100,7156,1,0
B,G,G,5192,100,5192,1,0
C,G,G,1379,100,1379,1,0
D,G,G,5108,100,5108,1,0
E,G,G,7069,100,7069,1,0
F,G,G,4964,100,4964,1,0
G,H,G,4960,100,4960,1,0
A,H,H,5175,100,5175,1,0
B,H,H,7162,100,7162,1,0
C,H,H,5138,100,5138,1,0
D,H,H,1403,100,1403,1,0
E,H,H,4980,100,4980,1,0
F,H,H,7008,100,7008,1,0
G,H,H,4941,100,4941,1,0
A,B,A,4956,100,4956,1,0
A,C,A,7026,100,7026,1,0
A,D,A,4940,100,4940,1,0
A,E,A,1421,100,1421,1,0
A,F,A,5136,100,5136,1,0
A,G,A,7178,100,7178,1,0
A,H,A,5126,100,5126,1,0
A,B,B,4953,100,4953,1,0
B,C,B,4999,100,4999,1,0
B,D,B,7017,100,7017,1,0
B,E,B,5119,100,5119,1,0
B,F,B,1418,100,1418,1,0
B,G,B,5178,100,5178,1,0
B,H,B,7164,100,7164,1,0
A,C,C,6991,100,6991,1,0
B,C,C,4968,100,4968,1,0
C,D,C,4943,100,4943,1,0
C,E,C,7153,100,7153,1,0
C,F,C,5163,100,5163,1,0
C,G,C,1386,100,1386,1,0
C,H,C,5158,100,5158,1,0
A,D,D,4945,100,4945,1,0
B,D,D,6995,100,6995,1,0
C,D,D,4937,100,4937,1,0
D,E,D,5241,100,5241,1,0
D,F,D,7103,100,7103,1,0
D,G,D,5178,100,5178,1,0
D,H,D,1414,100,1414,1,0
A,E,E,1400,100,1400,1,0
B,E,E,5173,100,5173,1,0
C,E,E,7138,100,7138,1,0
D,E,E,5154,100,5154,1,0
E,F,E,4964,100,4964,1,0
E,G,E,7018,100,7018,1,0
E,H,E,4951,100,4951,1,0
A,F,F,5214,100,5214,1,0
B,F,F,1374,100,1374,1,0
C,F,F,5150,100,5150,1,0
D,F,F,7123,100,7123,1,0
E,F,F,5017,100,5017,1,0
F,G,F,4983,100,4983,1,0
F,H,F,7030,100,7030,1,0
A,G,G,7163,100,7163,1,0
B,G,G,5241,100,5241,1,0
C,G,G,1404,100,1404,1,0
D,G,G,5161,100,5161,1,0
E,G,G,7025,100,7025,1,0
F,G,G,4946,100,4946,1,0
G,H,G,4895,100,4895,1,0
A,H,H,5091,100,5091,1,0
B,H,H,7175,100,7175,1,0
C,H,H,5152,100,5152,1,0
D,H,H,1362,100,1362,1,0
E,H,H,4983,100,4983,1,0
F,H,H,6991,100,6991,1,0
G,H,H,4939,100,4939,1,0
A,B,A,4968,100,4968,1,0
A,C,A,7032,100,7032,1,0
A,D,A,4952,100,4952,1,0
A,E,A,1371,100,1371,1,0
A,F,A,5162,100,5162,1,0
A,G,A,7174,100,7174,1,0
A,H,A,5129,100,5129,1,0
A,B,B,4963,100,4963,1,0
B,C,B,4991,100,4991,1,0
B,D,B,7022,100,7022,1,0
B,E,B,5149,100,5149,1,0
B,F,B,1380,100,1380,1,0
B,G,B,5180,100,5180,1,0
B,H,B,7226,100,7226,1,0
A,C,C,7042,100,7042,1,0
B,C,C,4988,100,4988,1,0
C,D,C,4943,100,4943,1,0
C,E,C,7194,100,7194,1,0
C,F,C,5172,100,5172,1,0
C,G,C,1414,100,1414,1,0
C,H,C,5175,100,5175,1,0
A,D,D,4982,100,4982,1,0
B,D,D,7022,100,7022,1,0
C,D,D,4969,100,4969,1,0
D,E,D,5191,100,5191,1,0
D,F,D,7180,100,7180,1,0
D,G,D,5097,100,5097,1,0
D,H,D,1375,100,1375,1,0
A,E,E,1458,100,1458,1,0
B,E,E,5120,100,5120,1,0
C,E,E,7137,100,7137,1,0
D,E,E,5139,100,5139,1,0
E,F,E,4992,100,4992,1,0
E,G,E,7067,100,7067,1,0
E,H,E,4941,100,4941,1,0
A,F,F,5174,100,5174,1,0
B,F,F,1373,100,1373,1,0
C,F,F,5162,100,5162,1,0
D,F,F,7135,100,7135,1,0
E,F,F,4962,100,4962,1,0
F,G,F,4979,100,4979,1,0
F,H,F,7037,100,7037,1,0
A,G,G,7147,100,7147,1,0
B,G,G,5214,100,5214,1,0
C,G,G,1436,100,1436,1,0
D,G,G,5153,100,5153,1,0
E,G,G,7066,100,7066,1,0
F,G,G,4983,100,4983,1,0
G,H,G,4956,100,4956,1,0
A,H,H,5130,100,5130,1,0
B,H,H,7157,100,7157,1,0
C,H,H,5148,100,5148,1,0
D,H,H,1434,100,1434,1,0
E,H,H,4948,100,4948,1,0
F,H,H,6995,100,6995,1,0
G,H,H,4929,100,4929,1,0
A,B,A,4970,100,4970,1,0
A,C,A,6998,100,6998,1,0
A,D,A,4959,100,4959,1,0
A,E,A,1432,100,1432,1,0
A,F,A,5151,100,5151,1,0
A,G,A,7138,100,7138,1,0
A,H,A,5154,100,5154,1,0
A,B,B,4943,100,4943,1,0
B,C,B,4983,100,4983,1,0
B,D,B,6962,100,6962,1,0
B,E,B,5152,100,5152,1,0
B,F,B,1384,100,1384,1,0
B,G,B,5169,100,5169,1,0
B,H,B,7143,100,7143,1,0
A,C,C,7042,100,7042,1,0
B,C,C,4976,100,4976,1,0
C,D,C,4966,100,4966,1,0
C,E,C,7146,100,7146,1,0
C,F,C,5149,100,5149,1,0
C,G,C,1423,100,1423,1,0
C,H,C,5134,100,5134,1,0
A,D,D,4951,100,4951,1,0
B,D,D,7008,100,7008,1,0
C,D,D,4936,100,4936,1,0
D,E,D,5138,100,5138,1,0
D,F,D,7159,100,7159,1,0
D,G,D,5154,100,5154,1,0
D,H,D,1437,100,1437,1,0
A,E,E,1398,100,1398,1,0
B,E,E,5160,100,5160,1,0
C,E,E,7184,100,7184,1,0
D,E,E,5135,100,5135,1,0
E,F,E,4963,100,4963,1,0
E,G,E,7040,100,7040,1,0
E,H,E,4946,100,4946,1,0
A,F,F,5163,100,5163,1,0
B,F,F,1378,100,1378,1,0
C,F,F,5146,100,5146,1,0
D,F,F,7118,100,7118,1,0
E,F,F,4927,100,4927,1,0
F,G,F,4987,100,4987,1,0
F,H,F,6990,100,6990,1,0
A,G,G,7163,100,7163,1,0
B,G,G,5203,100,5203,1,0
C,G,G,1391,100,1391,1,0
D,G,G,5139,100,5139,1,0
E,G,G,7054,100,7054,1,0
F,G,G,4952,100,4952,1,0
G,H,G,4912,100,4912,1,0
A,H,H,5164,100,5164,1,0
B,H,H,7142,100,7142,1,0
C,H,H,5144,100,5144,1,0
D,H,H,1418,100,1418,1,0
E,H,H,4980,100,4980,1,0
F,H,H,6992,100,6992,1,0
G,H,H,4979,100,4979,1,0
A,B,A,4970,100,4970,1,0
A,C,A,7027,100,7027,1,0
A,D,A,4954,100,4954,1,0
A,E,A,1436,100,1436,1,0
A,F,A,5162,100,5162,1,0
A,G,A,7173,100,7173,1,0
A,H,A,5153,100,5153,1,0
A,B,B,4947,100,4947,1,0
B,C,B,4974,100,4974,1,0
B,D,B,6985,100,6985,1,0
B,E,B,5188,100,5188,1,0
B,F,B,1377,100,1377,1,0
B,G,B,5178,100,5178,1,0
B,H,B,7103,100,7103,1,0
A,C,C,7051,100,7051,1,0
B,C,C,4983,100,4983,1,0
C,D,C,4913,100,4913,1,0
C,E,C,7152,100,7152,1,0
C,F,C,5151,100,5151,1,0
C,G,C,1430,100,1430,1,0
C,H,C,5149,100,5149,1,0
A,D,D,4945,100,4945,1,0
B,D,D,6984,100,6984,1,0
C,D,D,4943,100,4943,1,0
D,E,D,5174,100,5174,1,0
D,F,D,7151,100,7151,1,0
D,G,D,5142,100,5142,1,0
D,H,D,1408,100,1408,1,0
A,E,E,1487,100,1487,1,0
B,E,E,5175,100,5175,1,0
C,E,E,7194,100,7194,1,0
D,E,E,5151,100,5151,1,0
E,F,E,4972,100,4972,1,0
E,G,E,7075,100,7075,1,0
E,H,E,4992,100,4992,1,0
A,F,F,5136,100,5136,1,0
B,F,F,1398,100,1398,1,0
C,F,F,5156,100,5156,1,0
D,F,F,7145,100,7145,1,0
E,F,F,4991,100,4991,1,0
F,G,F,4934,100,4934,1,0
F,H,F,6993,100,6993,1,0
A,G,G,7142,100,7142,1,0
B,G,G,5161,100,5161,1,0
C,G,G,1422,100,1422,1,0
D,G,G,5134,100,5134,1,0
E,G,G,7034,100,7034,1,0
F,G,G,4975,100,4975,1,0
G,H,G,4917,100,4917,1,0
A,H,H,5136,100,5136,1,0
B,H,H,7100,100,7100,1,0
C,H,H,5152,100,5152,1,0
D,H,H,1417,100,1417,1,0
E,H,H,4989,100,4989,1,0
F,H,H,7020,100,7020,1,0
G,H,H,4934,100,4934,1,0
A,B,A,4997,100,4997,1,0
A,C,A,6983,100,6983,1,0
A,D,A,4966,100,4966,1,0
A,E,A,1401,100,1401,1,0
A,F,A,5158,100,5158,1,0
A,G,A,7190,100,7190,1,0
A,H,A,5142,100,5142,1,0
A,B,B,4978,100,4978,1,0
B,C,B,4992,100,4992,1,0
B,D,B,7017,100,7017,1,0
B,E,B,5128,100,5128,1,0
B,F,B,1399,100,1399,1,0
B,G,B,5178,100,5178,1,0
B,H,B,7127,100,7127,1,0
A,C,C,7018,100,7018,1,0
B,C,C,5003,100,5003,1,0
C,D,C,4957,100,4957,1,0
C,E,C,7166,100,7166,1,0
C,F,C,5135,100,5135,1,0
C,G,C,1350,100,1350,1,0
C,H,C,5112,100,5112,1,0
A,D,D,4909,100,4909,1,0
B,D,D,7038,100,7038,1,0
C,D,D,4953,100,4953,1,0
D,E,D,5143,100,5143,1,0
D,F,D,7139,100,7139,1,0
D,G,D,5115,100,5115,1,0
D,H,D,1388,100,1388,1,0
A,E,E,1421,100,1421,1,0
B,E,E,5144,100,5144,1,0
C,E,E,7121,100,7121,1,0
D,E,E,5140,100,5140,1,0
E,F,E,4952,100,4952,1,0
E,G,E,7041,100,7041,1,0
E,H,E,4973,100,4973,1,0
A,F,F,5155,100,5155,1,0
B,F,F,1400,100,1400,1,0
C,F,F,5168,100,5168,1,0
D,F,F,7164,100,7164,1,0
E,F,F,4953,100,4953,1,0
F,G,F,4966,100,4966,1,0
F,H,F,6992,100,6992,1,0
A,G,G,7157,100,7157,1,0
B,G,G,5229,100,5229,1,0
C,G,G,1411,100,1411,1,0
D,G,G,5115,100,5115,1,0
E,G,G,7066,100,7066,1,0
F,G,G,4964,100,4964,1,0
G,H,G,4941,100,4941,1,0
A,H,H,5175,100,5175,1,0
B,H,H,7178,100,7178,1,0
C,H,H,5188,100,5188,1,0
D,H,H,1377,100,1377,1,0
E,H,H,4936,100,4936,1,0
F,H,H,7031,100,7031,1,0
G,H,H,4925,100,4925,1,0
A,B,A,4948,100,4948,1,0
A,C,A,6991,100,6991,1,0
A,D,A,4949,100,4949,1,0
A,E,A,1427,100,1427,1,0
A,F,A,5179,100,5179,1,0
A,G,A,7201,100,7201,1,0
A,H,A,5142,100,5142,1,0
A,B,B,4955,100,4955,1,0
B,C,B,4962,100,4962,1,0
B,D,B,6952,100,6952,1,0
B,E,B,5147,100,5147,1,0
B,F,B,1387,100,1387,1,0
B,G,B,5183,100,5183,1,0
B,H,B,7174,100,7174,1,0
A,C,C,7041,100,7041,1,0
B,C,C,4981,100,4981,1,0
C,D,C,4922,100,4922,1,0
C,E,C,7160,100,7160,1,0
C,F,C,5160,100,5160,1,0
C,G,C,1391,100,1391,1,0
C,H,C,5165,100,5165,1,0
A,D,D,4947,100,4947,1,0
B,D,D,7016,100,7016,1,0
C,D,D,4940,100,4940,1,0
D,E,D,5166,100,5166,1,0
D,F,D,7143,100,7143,1,0
D,G,D,5118,100,5118,1,0
D,H,D,1418,100,1418,1,0
A,E,E,1404,100,1404,1,0
B,E,E,5150,100,5150,1,0
C,E,E,7184,100,7184,1,0
D,E,E,5099,100,5099,1,0
E,F,E,5002,100,5002,1,0
E,G,E,7044,100,7044,1,0
E,H,E,4982,100,4982,1,0
A,F,F,5187,100,5187,1,0
B,F,F,1419,100,1419,1,0
C,F,F,5144,100,5144,1,0
D,F,F,7143,100,7143,1,0
E,F,F,4979,100,4979,1,0
F,G,F,4951,100,4951,1,0
F,H,F,6976,100,6976,1,0
A,G,G,7184,100,7184,1,0
B,G,G,5193,100,5193,1,0
C,G,G,1365,100,1365,1,0
D,G,G,5146,100,5146,1,0
E,G,G,7066,100,7066,1,0
F,G,G,4980,100,4980,1,0
G,H,G,4937,100,4937,1,0
A,H,H,5119,100,5119,1,0
B,H,H,7168,100,7168,1,0
C,H,H,5188,100,5188,1,0
D,H,H,1419,100,1419,1,0
E,H,H,4988,100,4988,1,0
F,H,H,7038,100,7038,1,0
G,H,H,4974,100,4974,1,0
A,B,A,4947,100,4947,1,0
A,C,A,7036,100,7036,1,0
A,D,A,4941,100,4941,1,0
A,E,A,1436,100,1436,1,0
A,F,A,5196,100,5196,1,0
A,G,A,7133,100,7133,1,0
A,H,A,5141,100,5141,1,0
A,B,B,4997,100,4997,1,0
B,C,B,4977,100,4977,1,0
B,D,B,7046,100,7046,1,0
B,E,B,5153,100,5153,1,0
B,F,B,1407,100,1407,1,0
B,G,B,5228,100,5228,1,0
B,H,B,7148,100,7148,1,0
A,C,C,7004,100,7004,1,0
B,C,C,4981,100,4981,1,0
C,D,C,4948,100,4948,1,0
C,E,C,7178,100,7178,1,0
C,F,C,5154,100,5154,1,0
C,G,C,1401,100,1401,1,0
C,H,C,5128,100,5128,1,0
A,D,D,4987,100,4987,1,0
B,D,D,6995,100,6995,1,0
C,D,D,4933,100,4933,1,0
D,E,D,5150,100,5150,1,0
D,F,D,7097,100,7097,1,0
D,G,D,5144,100,5144,1,0
D,H,D,1419,100,1419,1,0
A,E,E,1401,100,1401,1,0
B,E,E,5143,100,5143,1,0
C,E,E,7199,100,7199,1,0
D,E,E,5201,100,5201,1,0
E,F,E,5003,100,5003,1,0
E,G,E,7074,100,7074,1,0
E,H,E,4949,100,4949,1,0
A,F,F,5148,100,5148,1,0
B,F,F,1397,100,1397,1,0
C,F,F,5168,100,5168,1,0
D,F,F,7165,100,7165,1,0
E,F,F,4959,100,4959,1,0
F,G,F,4996,100,4996,1,0
F,H,F,7007,100,7007,1,0
A,G,G,7164,100,7164,1,0
B,G,G,5174,100,5174,1,0
C,G,G,1410,100,1410,1,0
D,G,G,5138,100,5138,1,0
E,G,G,7051,100,7051,1,0
F,G,G,4952,100,4952,1,0
G,H,G,4955,100,4955,1,0
A,H,H,5165,100,5165,1,0
B,H,H,7106,100,7106,1,0
C,H,H,5165,100,5165,1,0
D,H,H,1418,100,1418,1,0
E,H,H,4959,100,4959,1,0
F,H,H,6992,100,6992,1,0
G,H,H,4968,100,4968,1,0
A,B,A,4926,100,4926,1,0
A,C,A,7017,100,7017,1,0
A,D,A,4952,100,4952,1,0
A,E,A,1423,100,1423,1,0
A,F,A,5171,100,5171,1,0
A,G,A,7197,100,7197,1,0
A,H,A,5112,100,5112,1,0
A,B,B,4948,100,4948,1,0
B,C,B,5011,100,5011,1,0
B,D,B,7009,100,7009,1,0
B,E,B,5139,100,5139,1,0
B,F,B,1403,100,1403,1,0
B,G,B,5197,100,5197,1,0
B,H,B,7161,100,7161,1,0
A,C,C,7008,100,7008,1,0
B,C,C,5016,100,5016,1,0
C,D,C,4961,100,4961,1,0
C,E,C,7186,100,7186,1,0
C,F,C,5145,100,5145,1,0
C,G,C,1433,100,1433,1,0
C,H,C,5149,100,5149,1,0
A,D,D,4942,100,4942,1,0
B,D,D,6977,100,6977,1,0
C,D,D,4979,100,4979,1,0
D,E,D,5184,100,5184,1,0
D,F,D,7099,100,7099,1,0
D,G,D,5138,100,5138,1,0
D,H,D,1460,100,1460,1,0
A,E,E,1453,100,1453,1,0
B,E,E,5181,100,5181,1,0
C,E,E,7174,100,7174,1,0
D,E,E,5106,100,5106,1,0
E,F,E,4977,100,4977,1,0
E,G,E,7048,100,7048,1,0
E,H,E,4960,100,4960,1,0
A,F,F,5187,100,5187,1,0
B,F,F,1415,100,1415,1,0
C,F,F,5151,100,5151,1,0
D,F,F,7132,100,7132,1,0
E,F,F,4984,100,4984,1,0
F,G,F,4983,100,4983,1,0
F,H,F,7024,100,7024,1,0
A,G,G,7165,100,7165,1,0
B,G,G,5175,100,5175,1,0
C,G,G,1426,100,1426,1,0
D,G,G,5133,100,5133,1,0
E,G,G,7030,100,7030,1,0
F,G,G,4976,100,4976,1,0
G,H,G,4932,100,4932,1,0
A,H,H,5148,100,5148,1,0
B,H,H,7144,100,7144,1,0
C,H,H,5149,100,5149,1,0
D,H,H,1372,100,1372,1,0
E,H,H,4995,100,4995,1,0
F,H,H,7008,100,7008,1,0
G,H,H,4962,100,4962,1,0
A,B,A,4960,100,4960,1,0
A,C,A,7006,100,7006,1,0
A,D,A,4944,100,4944,1,0
A,E,A,1430,100,1430,1,0
A,F,A,5136,100,5136,1,0
A,G,A,7121,100,7121,1,0
A,H,A,5121,100,5121,1,0
A,B,B,4922,100,4922,1,0
B,C,B,4942,100,4942,1,0
B,D,B,6969,100,6969,1,0
B,E,B,5157,100,5157,1,0
B,F,B,1365,100,1365,1,0
B,G,B,5174,100,5174,1,0
B,H,B,7133,100,7133,1,0
A,C,C,7094,100,7094,1,0
B,C,C,4978,100,4978,1,0
C,D,C,4942,100,4942,1,0
C,E,C,7184,100,7184,1,0
C,F,C,5139,100,5139,1,0
C,G,C,1365,100,1365,1,0
C,H,C,5160,100,5160,1,0
A,D,D,4930,100,4930,1,0
B,D,D,6997,100,6997,1,0
C,D,D,4927,100,4927,1,0
D,E,D,5196,100,5196,1,0
D,F,D,7168,100,7168,1,0
D,G,D,5138,100,5138,1,0
D,H,D,1438,100,1438,1,0
A,E,E,1401,100,1401,1,0
B,E,E,5134,100,5134,1,0
C,E,E,7166,100,7166,1,0
D,E,E,5141,100,5141,1,0
E,F,E,4957,100,4957,1,0
E,G,E,7071,100,7071,1,0
E,H,E,4987,100,4987,1,0
A,F,F,5126,100,5126,1,0
B,F,F,1418,100,1418,1,0
C,F,F,5142,100,5142,1,0
D,F,F,7137,100,7137,1,0
E,F,F,4957,100,4957,1,0
F,G,F,4970,100,4970,1,0
F,H,F,7038,100,7038,1,0
A,G,G,7203,100,7203,1,0
B,G,G,5200,100,5200,1,0
C,G,G,1438,100,1438,1,0
D,G,G,5127,100,5127,1,0
E,G,G,7050,100,7050,1,0
F,G,G,4980,100,4980,1,0
G,H,G,4970,100,4970,1,0
A,H,H,5164,100,5164,1,0
B,H,H,7175,100,7175,1,0
C,H,H,5126,100,5126,1,0
D,H,H,1368,100,1368,1,0
E,H,H,4980,100,4980,1,0
F,H,H,7000,100,7000,1,0
G,H,H,4932,100,4932,1,0
A,B,A,4968,100,4968,1,0
A,C,A,7030,100,7030,1,0
A,D,A,4971,100,4971,1,0
A,E,A,1439,100,1439,1,0
A,F,A,5167,100,5167,1,0
A,G,A,7177,100,7177,1,0
A,H,A,5147,100,5147,1,0
A,B,B,4948,100,4948,1,0
B,C,B,4966,100,4966,1,0
B,D,B,6985,100,6985,1,0
B,E,B,5146,100,5146,1,0
B,F,B,1347,100,1347,1,0
B,G,B,5200,100,5200,1,0
B,H,B,7168,100,7168,1,0
A,C,C,7011,100,7011,1,0
B,C,C,4969,100,4969,1,0
C,D,C,4949,100,4949,1,0
C,E,C,7159,100,7159,1,0
C,F,C,5147,100,5147,1,0
C,G,C,1381,100,1381,1,0
C,H,C,5132,100,5132,1,0
A,D,D,4968,100,4968,1,0
B,D,D,7009,100,7009,1,0
C,D,D,4916,100,4916,1,0
D,E,D,5166,100,5166,1,0
D,F,D,7148,100,7148,1,0
D,G,D,5130,100,5130,1,0
D,H,D,1465,100,1465,1,0
A,E,E,1397,100,1397,1,0
B,E,E,5134,100,5134,1,0
C,E,E,7184,100,7184,1,0
D,E,E,5095,100,5095,1,0
E,F,E,4985,100,4985,1,0
E,G,E,7075,100,7075,1,0
E,H,E,4969,100,4969,1,0
A,F,F,5181,100,5181,1,0
B,F,F,1422,100,1422,1,0
C,F,F,5142,100,5142,1,0
D,F,F,7164,100,7164,1,0
E,F,F,4979,100,4979,1,0
F,G,F,4983,100,4983,1,0
F,H,F,6973,100,6973,1,0
A,G,G,7156,100,7156,1,0
B,G,G,5161,100,5161,1,0
C,G,G,1455,100,1455,1,0
D,G,G,5130,100,5130,1,0
E,G,G,7054,100,7054,1,0
F,G,G,4979,100,4979,1,0
G,H,G,4923,100,4923,1,0
A,H,H,5140,100,5140,1,0
B,H,H,7134,100,7134,1,0
C,H,H,5169,100,5169,1,0
D,H,H,1425,100,1425,1,0
E,H,H,4970,100,4970,1,0
F,H,H,6999,100,6999,1,0
G,H,H,4936,100,4936,1,0
A,B,A,4989,100,4989,1,0
A,C,A,7074,100,7074,1,0
A,D,A,4930,100,4930,1,0
A,E,A,1402,100,1402,1,0
A,F,A,5173,100,5173,1,0
A,G,A,7167,100,7167,1,0
A,H,A,5100,100,5100,1,0
A,B,B,4965,100,4965,1,0
B,C,B,4988,100,4988,1,0
B,D,B,6996,100,6996,1,0
B,E,B,5161,100,5161,1,0
B,F,B,1394,100,1394,1,0
B,G,B,5175,100,5175,1,0
B,H,B,7140,100,7140,1,0
A,C,C,6986,100,6986,1,0
B,C,C,4988,100,4988,1,0
C,D,C,4989,100,4989,1,0
C,E,C,7166,100,7166,1,0
C,F,C,5167,100,5167,1,0
C,G,C,1444,100,1444,1,0
C,H,C,5189,100,5189,1,0
A,D,D,4963,100,4963,1,0
B,D,D,7036,100,7036,1,0
C,D,D,4937,100,4937,1,0
D,E,D,5155,100,5155,1,0
D,F,D,7094,100,7094,1,0
D,G,D,5133,100,5133,1,0
D,H,D,1399,100,1399,1,0
A,E,E,1446,100,1446,1,0
B,E,E,5147,100,5147,1,0
C,E,E,7163,100,7163,1,0
D,E,E,5211,100,5211,1,0
E,F,E,4979,100,4979,1,0
E,G,E,7046,100,7046,1,0
E,H,E,4959,100,4959,1,0
A,F,F,5196,100,5196,1,0
B,F,F,1413,100,1413,1,0
C,F,F,5131,100,5131,1,0
D,F,F,7123,100,7123,1,0
E,F,F,4957,100,4957,1,0
F,G,F,4981,100,4981,1,0
F,H,F,7022,100,7022,1,0
A,G,G,7146,100,7146,1,0
B,G,G,5216,100,5216,1,0
C,G,G,1378,100,1378,1,0
D,G,G,5164,100,5164,1,0
E,G,G,7076,100,7076,1,0
F,G,G,4988,100,4988,1,0
G,H,G,4959,100,4959,1,0
A,H,H,5175,100,5175,1,0
B,H,H,7133,100,7133,1,0
C,H,H,5136,100,5136,1,0
D,H,H,1410,100,1410,1,0
E,H,H,4994,100,4994,1,0
F,H,H,6966,100,6966,1,0
G,H,H,4976,100,4976,1,0
A,B,A,4969,100,4969,1,0
A,C,A,6998,100,6998,1,0
A,D,A,4944,100,4944,1,0
A,E,A,1446,100,1446,1,0
A,F,A,5168,100,5168,1,0
A,G,A,7146,100,7146,1,0
A,H,A,5144,100,5144,1,0
A,B,B,4930,100,4930,1,0
B,C,B,4952,100,4952,1,0
B,D,B,7013,100,7013,1,0
B,E,B,5143,100,5143,1,0
B,F,B,1409,100,1409,1,0
B,G,B,5176,100,5176,1,0
B,H,B,7130,100,7130,1,0
A,C,C,7062,100,7062,1,0
B,C,C,4998,100,4998,1,0
C,D,C,4913,100,4913,1,0
C,E,C,7195,100,7195,1,0
C,F,C,5148,100,5148,1,0
C,G,C,1403,100,1403,1,0
C,H,C,5130,100,5130,1,0
A,D,D,4945,100,4945,1,0
B,D,D,7032,100,7032,1,0
C,D,D,4957,100,4957,1,0
D,E,D,5236,100,5236,1,0
D,F,D,7141,100,7141,1,0
D,G,D,5127,100,5127,1,0
D,H,D,1459,100,1459,1,0
A,E,E,1469,100,1469,1,0
B,E,E,5195,100,5195,1,0
C,E,E,7184,100,7184,1,0
D,E,E,5114,100,5114,1,0
E,F,E,4972,100,4972,1,0
E,G,E,7036,100,7036,1,0
E,H,E,4955,100,4955,1,0
A,F,F,5160,100,5160,1,0
B,F,F,1386,100,1386,1,0
C,F,F,5172,100,5172,1,0
D,F,F,7132,100,7132,1,0
E,F,F,4939,100,4939,1,0
F,G,F,5003,100,5003,1,0
F,H,F,7034,100,7034,1,0
A,G,G,7172,100,7172,1,0
B,G,G,5212,100,5212,1,0
C,G,G,1427,100,1427,1,0
D,G,G,5138,100,5138,1,0
E,G,G,7049,100,7049,1,0
F,G,G,4980,100,4980,1,0
G,H,G,4941,100,4941,1,0
A,H,H,5131,100,5131,1,0
B,H,H,7077,100,7077,1,0
C,H,H,5121,100,5121,1,0
D,H,H,1407,100,1407,1,0
E,H,H,5004,100,5004,1,0
F,H,H,7046,100,7046,1,0
G,H,H,4958,100,4958,1,0
A,B,A,4959,100,4959,1,0
A,C,A,7014,100,7014,1,0
A,D,A,4942,100,4942,1,0
A,E,A,1382,100,1382,1,0
A,F,A,5216,100,5216,1,0
A,G,A,7224,100,7224,1,0
A,H,A,5157,100,5157,1,0
A,B,B,4938,100,4938,1,0
B,C,B,5015,100,5015,1,0
B,D,B,7033,100,7033,1,0
B,E,B,5118,100,5118,1,0
B,F,B,1393,100,1393,1,0
B,G,B,5155,100,5155,1,0
B,H,B,7229,100,7229,1,0
A,C,C,7015,100,7015,1,0
B,C,C,4992,100,4992,1,0
C,D,C,4986,100,4986,1,0
C,E,C,7158,100,7158,1,0
C,F,C,5131,100,5131,1,0
C,G,C,1455,100,1455,1,0
C,H,C,5167,100,5167,1,0
A,D,D,4943,100,4943,1,0
B,D,D,6992,100,6992,1,0
C,D,D,4949,100,4949,1,0
D,E,D,5158,100,5158,1,0
D,F,D,7141,100,7141,1,0
D,G,D,5147,100,5147,1,0
D,H,D,1429,100,1429,1,0
A,E,E,1436,100,1436,1,0
B,E,E,5128,100,5128,1,0
C,E,E,7175,100,7175,1,0
D,E,E,5192,100,5192,1,0
E,F,E,4967,100,4967,1,0
E,G,E,7093,100,7093,1,0
E,H,E,4966,100,4966,1,0
A,F,F,5158,100,5158,1,0
B,F,F,1374,100,1374,1,0
C,F,F,5176,100,5176,1,0
D,F,F,7099,100,7099,1,0
E,F,F,4967,100,4967,1,0
F,G,F,4972,100,4972,1,0
F,H,F,7017,100,7017,1,0
A,G,G,7180,100,7180,1,0
B,G,G,5189,100,5189,1,0
C,G,G,1408,100,1408,1,0
D,G,G,5151,100,5151,1,0
E,G,G,7056,100,7056,1,0
F,G,G,4962,100,4962,1,0
G,H,G,4983,100,4983,1,0
A,H,H,5156,100,5156,1,0
B,H,H,7181,100,7181,1,0
C,H,H,5159,100,5159,1,0
D,H,H,1409,100,1409,1,0
E,H,H,5020,100,5020,1,0
F,H,H,7000,100,7000,1,0
G,H,H,4938,100,4938,1,0
A,B,A,4988,100,4988,1,0
A,C,A,7052,100,7052,1,0
A,D,A,4937,100,4937,1,0
A,E,A,1440,100,1440,1,0
A,F,A,5220,100,5220,1,0
A,G,A,7190,100,7190,1,0
A,H,A,5097,100,5097,1,0
A,B,B,4970,100,4970,1,0
B,C,B,4970,100,4970,1,0
B,D,B,6982,100,6982,1,0
B,E,B,5141,100,5141,1,0
B,F,B,1386,100,1386,1,0
B,G,B,5151,100,5151,1,0
B,H,B,7172,100,7172,1,0
A,C,C,7022,100,7022,1,0
B,C,C,4965,100,4965,1,0
C,D,C,4906,100,4906,1,0
C,E,C,7178,100,7178,1,0
C,F,C,5170,100,5170,1,0
C,G,C,1415,100,1415,1,0
C,H,C,5077,100,5077,1,0
A,D,D,4970,100,4970,1,0
B,D,D,6997,100,6997,1,0
C,D,D,4959,100,4959,1,0
D,E,D,5174,100,5174,1,0
D,F,D,7147,100,7147,1,0
D,G,D,5125,100,5125,1,0
D,H,D,1459,100,1459,1,0
A,E,E,1457,100,1457,1,0
B,E,E,5112,100,5112,1,0
C,E,E,7184,100,7184,1,0
D,E,E,5134,100,5134,1,0
E,F,E,4979,100,4979,1,0
E,G,E,7054,100,7054,1,0
E,H,E,4993,100,4993,1,0
A,F,F,5200,100,5200,1,0
B,F,F,1379,100,1379,1,0
C,F,F,5150,100,5150,1,0
D,F,F,7118,100,7118,1,0
E,F,F,4958,100,4958,1,0
F,G,F,4952,100,4952,1,0
F,H,F,7059,100,7059,1,0
A,G,G,7177,100,7177,1,0
B,G,G,5187,100,5187,1,0
C,G,G,1397,100,1397,1,0
D,G,G,5143,100,5143,1,0
E,G,G,7041,100,7041,1,0
F,G,G,4958,100,4958,1,0
G,H,G,4970,100,4970,1,0
A,H,H,5120,100,5120,1,0
B,H,H,7146,100,7146,1,0
C,H,H,5131,100,5131,1,0
D,H,H,1381,100,1381,1,0
E,H,H,4969,100,4969,1,0
F,H,H,7012,100,7012,1,0
G,H,H,4977,100,4977,1,0
A,B,A,4941,100,4941,1,0
A,C,A,7022,100,7022,1,0
A,D,A,4932,100,4932,1,0
A,E,A,1429,100,1429,1,0
A,F,A,5152,100,5152,1,0
A,G,A,7168,100,7168,1,0
A,H,A,5126,100,5126,1,0
A,B,B,4975,100,4975,1,0
B,C,B,4960,100,4960,1,0
B,D,B,7025,100,7025,1,0
B,E,B,5190,100,5190,1,0
B,F,B,1382,100,1382,1,0
B,G,B,5215,100,5215,1,0
B,H,B,7147,100,7147,1,0
A,C,C,7002,100,7002,1,0
B,C,C,5016,100,5016,1,0
C,D,C,4941,100,4941,1,0
C,E,C,7192,100,7192,1,0
C,F,C,5158,100,5158,1,0
C,G,C,1426,100,1426,1,0
C,H,C,5187,100,5187,1,0
A,D,D,4972,100,4972,1,0
B,D,D,6977,100,6977,1,0
C,D,D,4982,100,4982,1,0
D,E,D,5189,100,5189,1,0
D,F,D,7142,100,7142,1,0
D,G,D,5122,100,5122,1,0
D,H,D,1403,100,1403,1,0
A,E,E,1433,100,1433,1,0
B,E,E,5106,100,5106,1,0
C,E,E,7172,100,7172,1,0
D,E,E,5183,100,5183,1,0
E,F,E,4973,100,4973,1,0
E,G,E,7064,100,7064,1,0
E,H,E,4984,100,4984,1,0
A,F,F,5171,100,5171,1,0
B,F,F,1383,100,1383,1,0
C,F,F,5152,100,5152,1,0
D,F,F,7148,100,7148,1,0
E,F,F,4977,100,4977,1,0
F,G,F,4995,100,4995,1,0
F,H,F,6983,100,6983,1,0
A,G,G,7188,100,7188,1,0
B,G,G,5200,100,5200,1,0
C,G,G,1367,100,1367,1,0
D,G,G,5119,100,5119,1,0
E,G,G,7071,100,7071,1,0
F,G,G,4990,100,4990,1,0
G,H,G,4966,100,4966,1,0
A,H,H,5148,100,5148,1,0
B,H,H,7121,100,7121,1,0
C,H,H,5115,100,5115,1,0
D,H,H,1403,100,1403,1,0
E,H,H,4992,100,4992,1,0
F,H,H,7027,100,7027,1,0
G,H,H,4930,100,4930,1,0
A,B,A,4932,100,4932,1,0
A,C,A,7070,100,7070,1,0
A,D,A,4936,100,4936,1,0
A,E,A,1379,100,1379,1,0
A,F,A,5170,100,5170,1,0
A,G,A,7165,100,7165,1,0
A,H,A,5116,100,5116,1,0
A,B,B,4946,100,4946,1,0
B,C,B,4955,100,4955,1,0
B,D,B,7023,100,7023,1,0
B,E,B,5140,100,5140,1,0
B,F,B,1404,100,1404,1,0
B,G,B,5193,100,5193,1,0
B,H,B,7089,100,7089,1,0
A,C,C,7033,100,7033,1,0
B,C,C,4998,100,4998,1,0
C,D,C,4926,100,4926,1,0
C,E,C,7222,100,7222,1,0
C,F,C,5149,100,5149,1,0
C,G,C,1405,100,1405,1,0
C,H,C,5141,100,5141,1,0
A,D,D,4940,100,4940,1,0
B,D,D,7015,100,7015,1,0
C,D,D,4925,100,4925,1,0
D,E,D,5185,100,5185,1,0
D,F,D,7140,100,7140,1,0
D,G,D,5145,100,5145,1,0
D,H,D,1443,100,1443,1,0
A,E,E,1403,100,1403,1,0
B,E,E,5146,100,5146,1,0
C,E,E,7189,100,7189,1,0
D,E,E,5179,100,5179,1,0
E,F,E,4971,100,4971,1,0
E,G,E,7073,100,7073,1,0
E,H,E,4966,100,4966,1,0
A,F,F,5221,100,5221,1,0
B,F,F,1420,100,1420,1,0
C,F,F,5151,100,5151,1,0
D,F,F,7121,100,7121,1,0
E,F,F,4966,100,4966,1,0
F,G,F,4968,100,4968,1,0
F,H,F,7009,100,7009,1,0
A,G,G,7160,100,7160,1,0
B,G,G,5229,100,5229,1,0
C,G,G,1391,100,1391,1,0
D,G,G,5148,100,5148,1,0
E,G,G,7029,100,7029,1,0
F,G,G,4962,100,4962,1,0
G,H,G,4944,100,4944,1,0
A,H,H,5124,100,5124,1,0
B,H,H,7185,100,7185,1,0
C,H,H,5138,100,5138,1,0
D,H,H,1379,100,1379,1,0
E,H,H,5028,100,5028,1,0
F,H,H,7059,100,7059,1,0
G,H,H,4976,100,4976,1,0
A,B,A,4952,100,4952,1,0
A,C,A,7037,100,7037,1,0
A,D,A,4930,100,4930,1,0
A,E,A,1387,100,1387,1,0
A,F,A,5200,100,5200,1,0
A,G,A,7164,100,7164,1,0
A,H,A,5145,100,5145,1,0
A,B,B,4934,100,4934,1,0
B,C,B,4993,100,4993,1,0
B,D,B,7027,100,7027,1,0
B,E,B,5103,100,5103,1,0
B,F,B,1400,100,1400,1,0
B,G,B,5137,100,5137,1,0
B,H,B,7098,100,7098,1,0
A,C,C,7009,100,7009,1,0
B,C,C,5010,100,5010,1,0
C,D,C,4946,100,4946,1,0
C,E,C,7199,100,7199,1,0
C,F,C,5159,100,5159,1,0
C,G,C,1361,100,1361,1,0
C,H,C,5161,100,5161,1,0
A,D,D,4934,100,4934,1,0
B,D,D,7025,100,7025,1,0
C,D,D,4934,100,4934,1,0
D,E,D,5153,100,5153,1,0
D,F,D,7128,100,7128,1,0
D,G,D,5108,100,5108,1,0
D,H,D,1418,100,1418,1,0
A,E,E,1443,100,1443,1,0
B,E,E,5181,100,5181,1,0
C,E,E,7165,100,7165,1,0
D,E,E,5131,100,5131,1,0
E,F,E,4966,100,4966,1,0
E,G,E,7051,100,7051,1,0
E,H,E,4990,100,4990,1,0
A,F,F,5195,100,5195,1,0
B,F,F,1411,100,1411,1,0
C,F,F,5155,100,5155,1,0
D,F,F,7162,100,7162,1,0
E,F,F,4979,100,4979,1,0
F,G,F,5007,100,5007,1,0
F,H,F,6963,100,6963,1,0
A,G,G,7190,100,7190,1,0
B,G,G,5180,100,5180,1,0
C,G,G,1410,100,1410,1,0
D,G,G,5142,100,5142,1,0
E,G,G,7048,100,7048,1,0
F,G,G,4969,100,4969,1,0
G,H,G,4975,100,4975,1,0
A,H,H,5152,100,5152,1,0
B,H,H,7137,100,7137,1,0
C,H,H,5133,100,5133,1,0
D,H,H,1418,100,1418,1,0
E,H,H,4992,100,4992,1,0
F,H,H,7049,100,7049,1,0
G,H,H,4931,100,4931,1,0
A,B,A,4976,100,4976,1,0
A,C,A,7077,100,7077,1,0
A,D,A,4961,100,4961,1,0
A,E,A,1463,100,1463,1,0
A,F,A,5172,100,5172,1,0
A,G,A,7172,100,7172,1,0
A,H,A,5148,100,5148,1,0
A,B,B,4968,100,4968,1,0
B,C,B,4988,100,4988,1,0
B,D,B,7010,100,7010,1,0
B,E,B,5163,100,5163,1,0
B,F,B,1363,100,1363,1,0
B,G,B,5236,100,5236,1,0
B,H,B,7185,100,7185,1,0
A,C,C,6991,100,6991,1,0
B,C,C,4979,100,4979,1,0
C,D,C,4925,100,4925,1,0
C,E,C,7209,100,7209,1,0
C,F,C,5143,100,5143,1,0
C,G,C,1402,100,1402,1,0
C,H,C,5140,100,5140,1,0
A,D,D,4952,100,4952,1,0
B,D,D,7013,100,7013,1,0
C,D,D,4965,100,4965,1,0
D,E,D,5172,100,5172,1,0
D,F,D,7132,100,7132,1,0
D,G,D,5149,100,5149,1,0
D,H,D,1414,100,1414,1,0
A,E,E,1459,100,1459,1,0
B,E,E,5137,100,5137,1,0
C,E,E,7151,100,7151,1,0
D,E,E,5238,100,5238,1,0
E,F,E,4952,100,4952,1,0
E,G,E,7034,100,7034,1,0
E,H,E,4959,100,4959,1,0
A,F,F,5207,100,5207,1,0
B,F,F,1392,100,1392,1,0
C,F,F,5151,100,5151,1,0
D,F,F,7130,100,7130,1,0
E,F,F,4983,100,4983,1,0
F,G,F,4955,100,4955,1,0
F,H,F,7043,100,7043,1,0
A,G,G,7152,100,7152,1,0
B,G,G,5176,100,5176,1,0
C,G,G,1429,100,1429,1,0
D,G,G,5147,100,5147,1,0
E,G,G,7027,100,7027,1,0
F,G,G,4958,100,4958,1,0
G,H,G,4983,100,4983,1,0
A,H,H,5146,100,5146,1,0
B,H,H,7168,100,7168,1,0
C,H,H,5125,100,5125,1,0
D,H,H,1442,100,1442,1,0
E,H,H,4975,100,4975,1,0
F,H,H,6978,100,6978,1,0
G,H,H,4940,100,4940,1,0
A,B,A,4935,100,4935,1,0
A,C,A,7014,100,7014,1,0
A,D,A,4940,100,4940,1,0
A,E,A,1393,100,1393,1,0
A,F,A,5142,100,5142,1,0
A,G,A,7188,100,7188,1,0
A,H,A,5179,100,5179,1,0
A,B,B,4986,100,4986,1,0
B,C,B,4957,100,4957,1,0
B,D,B,7037,100,7037,1,0
B,E,B,5121,100,5121,1,0
B,F,B,1391,100,1391,1,0
B,G,B,5198,100,5198,1,0
B,H,B,7176,100,7176,1,0
A,C,C,7024,100,7024,1,0
B,C,C,4961,100,4961,1,0
C,D,C,4947,100,4947,1,0
C,E,C,7152,100,7152,1,0
C,F,C,5148,100,5148,1,0
C,G,C,1431,100,1431,1,0
C,H,C,5182,100,5182,1,0
A,D,D,4910,100,4910,1,0
B,D,D,6967,100,6967,1,0
C,D,D,4956,100,4956,1,0
D,E,D,5144,100,5144,1,0
D,F,D,7125,100,7125,1,0
D,G,D,5146,100,5146,1,0
D,H,D,1387,100,1387,1,0
A,E,E,1395,100,1395,1,0
B,E,E,5129,100,5129,1,0
C,E,E,7202,100,7202,1,0
D,E,E,5158,100,5158,1,0
E,F,E,4953,100,4953,1,0
E,G,E,7037,100,7037,1,0
E,H,E,4971,100,4971,1,0
A,F,F,5141,100,5141,1,0
B,F,F,1451,100,1451,1,0
C,F,F,5136,100,5136,1,0
D,F,F,7133,100,7133,1,0
E,F,F,4994,100,4994,1,0
F,G,F,4983,100,4983,1,0
F,H,F,7024,100,7024,1,0
A,G,G,7189,100,7189,1,0
B,G,G,5149,100,5149,1,0
C,G,G,1429,100,1429,1,0
D,G,G,5126,100,5126,1,0
E,G,G,7093,100,7093,1,0
F,G,G,4973,100,4973,1,0
G,H,G,4952,100,4952,1,0
A,H,H,5140,100,5140,1,0
B,H,H,7134,100,7134,1,0
C,H,H,5187,100,5187,1,0
D,H,H,1471,100,1471,1,0
E,H,H,5014,100,5014,1,0
F,H,H,6998,100,6998,1,0
G,H,H,4978,100,4978,1,0
A,B,A,4957,100,4957,1,0
A,C,A,7071,100,7071,1,0
A,D,A,4935,100,4935,1,0
A,E,A,1367,100,1367,1,0
A,F,A,5145,100,5145,1,0
A,G,A,7120,100,7120,1,0
A,H,A,5142,100,5142,1,0
A,B,B,4929,100,4929,1,0
B,C,B,4983,100,4983,1,0
B,D,B,7006,100,7006,1,0
B,E,B,5099,100,5099,1,0
B,F,B,1418,100,1418,1,0
B,G,B,5195,100,5195,1,0
B,H,B,7185,100,7185,1,0
A,C,C,7048,100,7048,1,0
B,C,C,4983,100,4983,1,0
C,D,C,4918,100,4918,1,0
C,E,C,7206,100,7206,1,0
C,F,C,5156,100,5156,1,0
C,G,C,1371,100,1371,1,0
C,H,C,5165,100,5165,1,0
A,D,D,4927,100,4927,1,0
B,D,D,7054,100,7054,1,0
C,D,D,4931,100,4931,1,0
D,E,D,5248,100,5248,1,0
D,F,D,7138,100,7138,1,0
D,G,D,5163,100,5163,1,0
D,H,D,1379,100,1379,1,0
A,E,E,1379,100,1379,1,0
B,E,E,5126,100,5126,1,0
C,E,E,7212,100,7212,1,0
D,E,E,5130,100,5130,1,0
E,F,E,4967,100,4967,1,0
E,G,E,7045,100,7045,1,0
E,H,E,4968,100,4968,1,0
A,F,F,5167,100,5167,1,0
B,F,F,1390,100,1390,1,0
C,F,F,5171,100,5171,1,0
D,F,F,7109,100,7109,1,0
E,F,F,4945,100,4945,1,0
F,G,F,4983,100,4983,1,0
F,H,F,7064,100,7064,1,0
A,G,G,7178,100,7178,1,0
B,G,G,5164,100,5164,1,0
C,G,G,1390,100,1390,1,0
D,G,G,5149,100,5149,1,0
E,G,G,7039,100,7039,1,0
F,G,G,4947,100,4947,1,0
G,H,G,4947,100,4947,1,0
A,H,H,5102,100,5102,1,0
B,H,H,7119,100,7119,1,0
C,H,H,5114,100,5114,1,0
D,H,H,1416,100,1416,1,0
E,H,H,4954,100,4954,1,0
F,H,H,6992,100,6992,1,0
G,H,H,4937,100,4937,1,0
A,B,A,4929,100,4929,1,0
A,C,A,7012,100,7012,1,0
A,D,A,4912,100,4912,1,0
A,E,A,1369,100,1369,1,0
A,F,A,5110,100,5110,1,0
A,G,A,7166,100,7166,1,0
A,H,A,5126,100,5126,1,0
A,B,B,4917,100,4917,1,0
B,C,B,4959,100,4959,1,0
B,D,B,7016,100,7016,1,0
B,E,B,5143,100,5143,1,0
B,F,B,1380,100,1380,1,0
B,G,B,5208,100,5208,1,0
B,H,B,7101,100,7101,1,0
A,C,C,7039,100,7039,1,0
B,C,C,4976,100,4976,1,0
C,D,C,4962,100,4962,1,0
C,E,C,7160,100,7160,1,0
C,F,C,5130,100,5130,1,0
C,G,C,1413,100,1413,1,0
C,H,C,5152,100,5152,1,0
A,D,D,4929,100,4929,1,0
B,D,D,7015,100,7015,1,0
C,D,D,4924,100,4924,1,0
D,E,D,5136,100,5136,1,0
D,F,D,7126,100,7126,1,0
D,G,D,5171,100,5171,1,0
D,H,D,1405,100,1405,1,0
A,E,E,1440,100,1440,1,0
B,E,E,5172,100,5172,1,0
C,E,E,7184,100,7184,1,0
D,E,E,5218,100,5218,1,0
E,F,E,4966,100,4966,1,0
E,G,E,7078,100,7078,1,0
E,H,E,4996,100,4996,1,0
A,F,F,5194,100,5194,1,0
B,F,F,1367,100,1367,1,0
C,F,F,5135,100,5135,1,0
D,F,F,7163,100,7163,1,0
E,F,F,4984,100,4984,1,0
F,G,F,4955,100,4955,1,0
F,H,F,6998,100,6998,1,0
A,G,G,7208,100,7208,1,0
B,G,G,5176,100,5176,1,0
C,G,G,1350,100,1350,1,0
D,G,G,5131,100,5131,1,0
E,G,G,7039,100,7039,1,0
F,G,G,4979,100,4979,1,0
G,H,G,4960,100,4960,1,0
A,H,H,5136,100,5136,1,0
B,H,H,7125,100,7125,1,0
C,H,H,5116,100,5116,1,0
D,H,H,1439,100,1439,1,0
E,H,H,4959,100,4959,1,0
F,H,H,6981,100,6981,1,0
G,H,H,4976,100,4976,1,0
A,B,A,4979,100,4979,1,0
A,C,A,6988,100,6988,1,0
A,D,A,4953,100,4953,1,0
A,E,A,1456,100,1456,1,0
A,F,A,5171,100,5171,1,0
A,G,A,7206,100,7206,1,0
A,H,A,5150,100,5150,1,0
A,B,B,4953,100,4953,1,0
B,C,B,5017,100,5017,1,0
B,D,B,6992,100,6992,1,0
B,E,B,5152,100,5152,1,0
B,F,B,1397,100,1397,1,0
B,G,B,5153,100,5153,1,0
B,H,B,7121,100,7121,1,0
A,C,C,6965,100,6965,1,0
B,C,C,4990,100,4990,1,0
C,D,C,4937,100,4937,1,0
C,E,C,7184,100,7184,1,0
C,F,C,5152,100,5152,1,0
C,G,C,1402,100,1402,1,0
C,H,C,5147,100,5147,1,0
A,D,D,4951,100,4951,1,0
B,D,D,7013,100,7013,1,0
C,D,D,4967,100,4967,1,0
D,E,D,5220,100,5220,1,0
D,F,D,7179,100,7179,1,0
D,G,D,5113,100,5113,1,0
D,H,D,1398,100,1398,1,0
A,E,E,1407,100,1407,1,0
B,E,E,5166,100,5166,1,0
C,E,E,7208,100,7208,1,0
D,E,E,5176,100,5176,1,0
E,F,E,4942,100,4942,1,0
E,G,E,7058,100,7058,1,0
E,H,E,4902,100,4902,1,0
A,F,F,5179,100,5179,1,0
B,F,F,1434,100,1434,1,0
C,F,F,5181,100,5181,1,0
D,F,F,7131,100,7131,1,0
E,F,F,4973,100,4973,1,0
F,G,F,4986,100,4986,1,0
F,H,F,7041,100,7041,1,0
A,G,G,7117,100,7117,1,0
B,G,G,5185,100,5185,1,0
C,G,G,1378,100,1378,1,0
D,G,G,5176,100,5176,1,0
E,G,G,7042,100,7042,1,0
F,G,G,4985,100,4985,1,0
G,H,G,4945,100,4945,1,0
A,H,H,5169,100,5169,1,0
B,H,H,7205,100,7205,1,0
C,H,H,5140,100,5140,1,0
D,H,H,1408,100,1408,1,0
E,H,H,4987,100,4987,1,0
F,H,H,6984,100,6984,1,0
G,H,H,4941,100,4941,1,0
A,B,A,4944,100,4944,1,0
A,C,A,7007,100,7007,1,0
A,D,A,4953,100,4953,1,0
A,E,A,1382,100,1382,1,0
A,F,A,5175,100,5175,1,0
A,G,A,7199,100,7199,1,0
A,H,A,5138,100,5138,1,0
A,B,B,4964,100,4964,1,0
B,C,B,4946,100,4946,1,0
B,D,B,6976,100,6976,1,0
B,E,B,5117,100,5117,1,0
B,F,B,1393,100,1393,1,0
B,G,B,5156,100,5156,1,0
B,H,B,7130,100,7130,1,0
A,C,C,7020,100,7020,1,0
B,C,C,5024,100,5024,1,0
C,D,C,4915,100,4915,1,0
C,E,C,7179,100,7179,1,0
C,F,C,5154,100,5154,1,0
C,G,C,1432,100,1432,1,0
C,H,C,5121,100,5121,1,0
A,D,D,4971,100,4971,1,0
B,D,D,7017,100,7017,1,0
C,D,D,4955,100,4955,1,0
D,E,D,5178,100,5178,1,0
D,F,D,7141,100,7141,1,0
D,G,D,5170,100,5170,1,0
D,H,D,1413,100,1413,1,0
A,E,E,1451,100,1451,1,0
B,E,E,5148,100,5148,1,0
C,E,E,7153,100,7153,1,0
D,E,E,5156,100,5156,1,0
E,F,E,5014,100,5014,1,0
E,G,E,7045,100,7045,1,0
E,H,E,5026,100,5026,1,0
A,F,F,5158,100,5158,1,0
B,F,F,1403,100,1403,1,0
C,F,F,5155,100,5155,1,0
D,F,F,7123,100,7123,1,0
E,F,F,4956,100,4956,1,0
F,G,F,4977,100,4977,1,0
F,H,F,6979,100,6979,1,0
A,G,G,7144,100,7144,1,0
B,G,G,5201,100,5201,1,0
C,G,G,1437,100,1437,1,0
D,G,G,5142,100,5142,1,0
E,G,G,7045,100,7045,1,0
F,G,G,5016,100,5016,1,0
G,H,G,4968,100,4968,1,0
A,H,H,5170,100,5170,1,0
B,H,H,7140,100,7140,1,0
C,H,H,5171,100,5171,1,0
D,H,H,1417,100,1417,1,0
E,H,H,4981,100,4981,1,0
F,H,H,6976,100,6976,1,0
G,H,H,4963,100,4963,1,0
A,B,A,4955,100,4955,1,0
A,C,A,7005,100,7005,1,0
A,D,A,4963,100,4963,1,0
A,E,A,1463,100,1463,1,0
A,F,A,5225,100,5225,1,0
A,G,A,7181,100,7181,1,0
A,H,A,5155,100,5155,1,0
A,B,B,4903,100,4903,1,0
B,C,B,4951,100,4951,1,0
B,D,B,6983,100,6983,1,0
B,E,B,5148,100,5148,1,0
B,F,B,1403,100,1403,1,0
B,G,B,5187,100,5187,1,0
B,H,B,7156,100,7156,1,0
A,C,C,7042,100,7042,1,0
B,C,C,4978,100,4978,1,0
C,D,C,4962,100,4962,1,0
C,E,C,7211,100,7211,1,0
C,F,C,5153,100,5153,1,0
C,G,C,1374,100,1374,1,0
C,H,C,5158,100,5158,1,0
A,D,D,4927,100,4927,1,0
B,D,D,6971,100,6971,1,0
C,D,D,4975,100,4975,1,0
D,E,D,5186,100,5186,1,0
D,F,D,7144,100,7144,1,0
D,G,D,5137,100,5137,1,0
D,H,D,1384,100,1384,1,0
A,E,E,1435,100,1435,1,0
B,E,E,5139,100,5139,1,0
C,E,E,7188,100,7188,1,0
D,E,E,5150,100,5150,1,0
E,F,E,4952,100,4952,1,0
E,G,E,7031,100,7031,1,0
E,H,E,4963,100,4963,1,0
A,F,F,5207,100,5207,1,0
B,F,F,1384,100,1384,1,0
C,F,F,5170,100,5170,1,0
D,F,F,7147,100,7147,1,0
E,F,F,4985,100,4985,1,0
F,G,F,4959,100,4959,1,0
F,H,F,6999,100,6999,1,0
A,G,G,7156,100,7156,1,0
B,G,G,5211,100,5211,1,0
C,G,G,1392,100,1392,1,0
D,G,G,5143,100,5143,1,0
E,G,G,7064,100,7064,1,0
F,G,G,4982,100,4982,1,0
G,H,G,4970,100,4970,1,0
A,H,H,5175,100,5175,1,0
B,H,H,7137,100,7137,1,0
C,H,H,5133,100,5133,1,0
D,H,H,1422,100,1422,1,0
E,H,H,4991,100,4991,1,0
F,H,H,6990,100,6990,1,0
G,H,H,4928,100,4928,1,0
A,B,A,4929,100,4929,1,0
A,C,A,7025,100,7025,1,0
A,D,A,4912,100,4912,1,0
A,E,A,1371,100,1371,1,0
A,F,A,5151,100,5151,1,0
A,G,A,7188,100,7188,1,0
A,H,A,5124,100,5124,1,0
A,B,B,4975,100,4975,1,0
B,C,B,5022,100,5022,1,0
B,D,B,6979,100,6979,1,0
B,E,B,5138,100,5138,1,0
B,F,B,1412,100,1412,1,0
B,G,B,5193,100,5193,1,0
B,H,B,7151,100,7151,1,0
A,C,C,7020,100,7020,1,0
B,C,C,4966,100,4966,1,0
C,D,C,4916,100,4916,1,0
C,E,C,7178,100,7178,1,0
C,F,C,5153,100,5153,1,0
C,G,C,1382,100,1382,1,0
C,H,C,5154,100,5154,1,0
A,D,D,4951,100,4951,1,0
B,D,D,7045,100,7045,1,0
C,D,D,4931,100,4931,1,0
D,E,D,5149,100,5149,1,0
D,F,D,7127,100,7127,1,0
D,G,D,5136,100,5136,1,0
D,H,D,1437,100,1437,1,0
A,E,E,1447,100,1447,1,0
B,E,E,5152,100,5152,1,0
C,E,E,7141,100,7141,1,0
D,E,E,5198,100,5198,1,0
E,F,E,5000,100,5000,1,0
E,G,E,7051,100,7051,1,0
E,H,E,4976,100,4976,1,0
A,F,F,5173,100,5173,1,0
B,F,F,1391,100,1391,1,0
C,F,F,5144,100,5144,1,0
D,F,F,7152,100,7152,1,0
E,F,F,4974,100,4974,1,0
F,G,F,4979,100,4979,1,0
F,H,F,7003,100,7003,1,0
A,G,G,7181,100,7181,1,0
B,G,G,5190,100,5190,1,0
C,G,G,1392,100,1392,1,0
D,G,G,5142,100,5142,1,0
E,G,G,7023,100,7023,1,0
F,G,G,4989,100,4989,1,0
G,H,G,4944,100,4944,1,0
A,H,H,5142,100,5142,1,0
B,H,H,7139,100,7139,1,0
C,H,H,5216,100,5216,1,0
D,H,H,1396,100,1396,1,0
E,H,H,4937,100,4937,1,0
F,H,H,7026,100,7026,1,0
G,H,H,4977,100,4977,1,0
A,B,A,4990,100,4990,1,0
A,C,A,7007,100,7007,1,0
A,D,A,4937,100,4937,1,0
A,E,A,1373,100,1373,1,0
A,F,A,5140,100,5140,1,0
A,G,A,7105,100,7105,1,0
A,H,A,5139,100,5139,1,0
A,B,B,4968,100,4968,1,0
B,C,B,5002,100,5002,1,0
B,D,B,6984,100,6984,1,0
B,E,B,5174,100,5174,1,0
B,F,B,1409,100,1409,1,0
B,G,B,5244,100,5244,1,0
B,H,B,7185,100,7185,1,0
A,C,C,7011,100,7011,1,0
B,C,C,4999,100,4999,1,0
C,D,C,4957,100,4957,1,0
C,E,C,7170,100,7170,1,0
C,F,C,5153,100,5153,1,0
C,G,C,1420,100,1420,1,0
C,H,C,5161,100,5161,1,0
A,D,D,4962,100,4962,1,0
B,D,D,7058,100,7058,1,0
C,D,D,4959,100,4959,1,0
D,E,D,5197,100,5197,1,0
D,F,D,7167,100,7167,1,0
D,G,D,5157,100,5157,1,0
D,H,D,1440,100,1440,1,0
A,E,E,1391,100,1391,1,0
B,E,E,5122,100,5122,1,0
C,E,E,7168,100,7168,1,0
D,E,E,5135,100,5135,1,0
E,F,E,4930,100,4930,1,0
E,G,E,7057,100,7057,1,0
E,H,E,4990,100,4990,1,0
A,F,F,5232,100,5232,1,0
B,F,F,1408,100,1408,1,0
C,F,F,5190,100,5190,1,0
D,F,F,7116,100,7116,1,0
E,F,F,4965,100,4965,1,0
F,G,F,5004,100,5004,1,0
F,H,F,7011,100,7011,1,0
A,G,G,7193,100,7193,1,0
B,G,G,5161,100,5161,1,0
C,G,G,1427,100,1427,1,0
D,G,G,5115,100,5115,1,0
E,G,G,7070,100,7070,1,0
F,G,G,4965,100,4965,1,0
G,H,G,4975,100,4975,1,0
A,H,H,5148,100,5148,1,0
B,H,H,7161,100,7161,1,0
C,H,H,5156,100,5156,1,0
D,H,H,1404,100,1404,1,0
E,H,H,5006,100,5006,1,0
F,H,H,6983,100,6983,1,0
G,H,H,4926,100,4926,1,0
A,B,A,4954,100,4954,1,0
A,C,A,7028,100,7028,1,0
A,D,A,4962,100,4962,1,0
A,E,A,1462,100,1462,1,0
A,F,A,5173,100,5173,1,0
A,G,A,7184,100,7184,1,0
A,H,A,5146,100,5146,1,0
A,B,B,4958,100,4958,1,0
B,C,B,4994,100,4994,1,0
B,D,B,7043,100,7043,1,0
B,E,B,5138,100,5138,1,0
B,F,B,1430,100,1430,1,0
B,G,B,5167,100,5167,1,0
B,H,B,7135,100,7135,1,0
A,C,C,7069,100,7069,1,0
B,C,C,4959,100,4959,1,0
C,D,C,4904,100,4904,1,0
C,E,C,7212,100,7212,1,0
C,F,C,5131,100,5131,1,0
C,G,C,1374,100,1374,1,0
C,H,C,5154,100,5154,1,0
A,D,D,4945,100,4945,1,0
B,D,D,7016,100,7016,1,0
C,D,D,4947,100,4947,1,0
D,E,D,5165,100,5165,1,0
D,F,D,7138,100,7138,1,0
D,G,D,5153,100,5153,1,0
D,H,D,1383,100,1383,1,0
A,E,E,1426,100,1426,1,0
B,E,E,5170,100,5170,1,0
C,E,E,7175,100,7175,1,0
D,E,E,5137,100,5137,1,0
E,F,E,4959,100,4959,1,0
E,G,E,7046,100,7046,1,0
E,H,E,5041,100,5041,1,0
A,F,F,5206,100,5206,1,0
B,F,F,1382,100,1382,1,0
C,F,F,5133,100,5133,1,0
D,F,F,7123,100,7123,1,0
E,F,F,5001,100,5001,1,0
F,G,F,4997,100,4997,1,0
F,H,F,6963,100,6963,1,0
A,G,G,7159,100,7159,1,0
B,G,G,5186,100,5186,1,0
C,G,G,1394,100,1394,1,0
D,G,G,5185,100,5185,1,0
E,G,G,7041,100,7041,1,0
F,G,G,4976,100,4976,1,0
G,H,G,4951,100,4951,1,0
A,H,H,5134,100,5134,1,0
B,H,H,7142,100,7142,1,0
C,H,H,5104,100,5104,1,0
D,H,H,1446,100,1446,1,0
E,H,H,4940,100,4940,1,0
F,H,H,7001,100,7001,1,0
G,H,H,4942,100,4942,1,0
A,B,A,4976,100,4976,1,0
A,C,A,7031,100,7031,1,0
A,D,A,4921,100,4921,1,0
A,E,A,1416,100,1416,1,0
A,F,A,5180,100,5180,1,0
A,G,A,7109,100,7109,1,0
A,H,A,5131,100,5131,1,0
A,B,B,4935,100,4935,1,0
B,C,B,4962,100,4962,1,0
B,D,B,7032,100,7032,1,0
B,E,B,5167,100,5167,1,0
B,F,B,1380,100,1380,1,0
B,G,B,5206,100,5206,1,0
B,H,B,7102,100,7102,1,0
A,C,C,7018,100,7018,1,0
B,C,C,4995,100,4995,1,0
C,D,C,4942,100,4942,1,0
C,E,C,7159,100,7159,1,0
C,F,C,5136,100,5136,1,0
C,G,C,1367,100,1367,1,0
C,H,C,5155,100,5155,1,0
A,D,D,4955,100,4955,1,0
B,D,D,7034,100,7034,1,0
C,D,D,4929,100,4929,1,0
D,E,D,5224,100,5224,1,0
D,F,D,7157,100,7157,1,0
D,G,D,5127,100,5127,1,0
D,H,D,1437,100,1437,1,0
A,E,E,1401,100,1401,1,0
B,E,E,5178,100,5178,1,0
C,E,E,7169,100,7169,1,0
D,E,E,5179,100,5179,1,0
E,F,E,4940,100,4940,1,0
E,G,E,7039,100,7039,1,0
E,H,E,4959,100,4959,1,0
A,F,F,5144,100,5144,1,0
B,F,F,1377,100,1377,1,0
C,F,F,5142,100,5142,1,0
D,F,F,7119,100,7119,1,0
E,F,F,4981,100,4981,1,0
F,G,F,4956,100,4956,1,0
F,H,F,7031,100,7031,1,0
A,G,G,7191,100,7191,1,0
B,G,G,5188,100,5188,1,0
C,G,G,1384,100,1384,1,0
D,G,G,5157,100,5157,1,0
E,G,G,7045,100,7045,1,0
F,G,G,4969,100,4969,1,0
G,H,G,4942,100,4942,1,0
A,H,H,5158,100,5158,1,0
B,H,H,7115,100,7115,1,0
C,H,H,5156,100,5156,1,0
D,H,H,1415,100,1415,1,0
E,H,H,4976,100,4976,1,0
F,H,H,7021,100,7021,1,0
G,H,H,4970,100,4970,1,0
A,B,A,4968,100,4968,1,0
A,C,A,7015,100,7015,1,0
A,D,A,4968,100,4968,1,0
A,E,A,1425,100,1425,1,0
A,F,A,5196,100,5196,1,0
A,G,A,7201,100,7201,1,0
A,H,A,5137,100,5137,1,0
A,B,B,4975,100,4975,1,0
B,C,B,4994,100,4994,1,0
B,D,B,6984,100,6984,1,0
B,E,B,5123,100,5123,1,0
B,F,B,1376,100,1376,1,0
B,G,B,5200,100,5200,1,0
B,H,B,7183,100,7183,1,0
A,C,C,7006,100,7006,1,0
B,C,C,5044,100,5044,1,0
C,D,C,4931,100,4931,1,0
C,E,C,7140,100,7140,1,0
C,F,C,5154,100,5154,1,0
C,G,C,1354,100,1354,1,0
C,H,C,5145,100,5145,1,0
A,D,D,4944,100,4944,1,0
B,D,D,7000,100,7000,1,0
C,D,D,4969,100,4969,1,0
D,E,D,5174,100,5174,1,0
D,F,D,7130,100,7130,1,0
D,G,D,5165,100,5165,1,0
D,H,D,1411,100,1411,1,0
A,E,E,1388,100,1388,1,0
B,E,E,5137,100,5137,1,0
C,E,E,7182,100,7182,1,0
D,E,E,5208,100,5208,1,0
E,F,E,4988,100,4988,1,0
E,G,E,7079,100,7079,1,0
E,H,E,4954,100,4954,1,0
A,F,F,5193,100,5193,1,0
B,F,F,1412,100,1412,1,0
C,F,F,5182,100,5182,1,0
D,F,F,7198,100,7198,1,0
E,F,F,4950,100,4950,1,0
F,G,F,4990,100,4990,1,0
F,H,F,7035,100,7035,1,0
A,G,G,7174,100,7174,1,0
B,G,G,5184,100,5184,1,0
C,G,G,1349,100,1349,1,0
D,G,G,5160,100,5160,1,0
E,G,G,7083,100,7083,1,0
F,G,G,4957,100,4957,1,0
G,H,G,4940,100,4940,1,0
A,H,H,5199,100,5199,1,0
B,H,H,7161,100,7161,1,0
C,H,H,5196,100,5196,1,0
D,H,H,1393,100,1393,1,0
E,H,H,4966,100,4966,1,0
F,H,H,7037,100,7037,1,0
G,H,H,4974,100,4974,1,0
A,B,A,4941,100,4941,1,0
A,C,A,7072,100,7072,1,0
A,D,A,4955,100,4955,1,0
A,E,A,1420,100,1420,1,0
A,F,A,5135,100,5135,1,0
A,G,A,7166,100,7166,1,0
A,H,A,5164,100,5164,1,0
A,B,B,4967,100,4967,1,0
B,C,B,4984,100,4984,1,0
B,D,B,6984,100,6984,1,0
B,E,B,5129,100,5129,1,0
B,F,B,1375,100,1375,1,0
B,G,B,5180,100,5180,1,0
B,H,B,7185,100,7185,1,0
A,C,C,7001,100,7001,1,0
B,C,C,5006,100,5006,1,0
C,D,C,4938,100,4938,1,0
C,E,C,7199,100,7199,1,0
C,F,C,5148,100,5148,1,0
C,G,C,1377,100,1377,1,0
C,H,C,5117,100,5117,1,0
A,D,D,4948,100,4948,1,0
B,D,D,6975,100,6975,1,0
C,D,D,4957,100,4957,1,0
D,E,D,5158,100,5158,1,0
D,F,D,7093,100,7093,1,0
D,G,D,5161,100,5161,1,0
D,H,D,1400,100,1400,1,0
A,E,E,1468,100,1468,1,0
B,E,E,5200,100,5200,1,0
C,E,E,7200,100,7200,1,0
D,E,E,5190,100,5190,1,0
E,F,E,4949,100,4949,1,0
E,G,E,7035,100,7035,1,0
E,H,E,5010,100,5010,1,0
A,F,F,5204,100,5204,1,0
B,F,F,1409,100,1409,1,0
C,F,F,5162,100,5162,1,0
D,F,F,7134,100,7134,1,0
E,F,F,4959,100,4959,1,0
F,G,F,4948,100,4948,1,0
F,H,F,7039,100,7039,1,0
A,G,G,7151,100,7151,1,0
B,G,G,5183,100,5183,1,0
C,G,G,1417,100,1417,1,0
D,G,G,5126,100,5126,1,0
E,G,G,7065,100,7065,1,0
F,G,G,4953,100,4953,1,0
G,H,G,4948,100,4948,1,0
A,H,H,5151,100,5151,1,0
B,H,H,7104,100,7104,1,0
C,H,H,5122,100,5122,1,0
D,H,H,1419,100,1419,1,0
E,H,H,4977,100,4977,1,0
F,H,H,6989,100,6989,1,0
G,H,H,4980,100,4980,1,0
A,B,A,4982,100,4982,1,0
A,C,A,6981,100,6981,1,0
A,D,A,4965,100,4965,1,0
A,E,A,1416,100,1416,1,0
A,F,A,5155,100,5155,1,0
A,G,A,7204,100,7204,1,0
A,H,A,5150,100,5150,1,0
A,B,B,4974,100,4974,1,0
B,C,B,4997,100,4997,1,0
B,D,B,7040,100,7040,1,0
B,E,B,5130,100,5130,1,0
B,F,B,1389,100,1389,1,0
B,G,B,5191,100,5191,1,0
B,H,B,7134,100,7134,1,0
A,C,C,6965,100,6965,1,0
B,C,C,4998,100,4998,1,0
C,D,C,4951,100,4951,1,0
C,E,C,7198,100,7198,1,0
C,F,C,5187,100,5187,1,0
C,G,C,1414,100,1414,1,0
C,H,C,5166,100,5166,1,0
A,D,D,4956,100,4956,1,0
B,D,D,6966,100,6966,1,0
C,D,D,4944,100,4944,1,0
D,E,D,5186,100,5186,1,0
D,F,D,7163,100,7163,1,0
D,G,D,5163,100,5163,1,0
D,H,D,1361,100,1361,1,0
A,E,E,1439,100,1439,1,0
B,E,E,5153,100,5153,1,0
C,E,E,7156,100,7156,1,0
D,E,E,5169,100,5169,1,0
E,F,E,4978,100,4978,1,0
E,G,E,7045,100,7045,1,0
E,H,E,4953,100,4953,1,0
A,F,F,5217,100,5217,1,0
B,F,F,1386,100,1386,1,0
C,F,F,5175,100,5175,1,0
D,F,F,7159,100,7159,1,0
E,F,F,4982,100,4982,1,0
F,G,F,4964,100,4964,1,0
F,H,F,6969,100,6969,1,0
A,G,G,7151,100,7151,1,0
B,G,G,5209,100,5209,1,0
C,G,G,1429,100,1429,1,0
D,G,G,5176,100,5176,1,0
E,G,G,7055,100,7055,1,0
F,G,G,4972,100,4972,1,0
G,H,G,4925,100,4925,1,0
A,H,H,5128,100,5128,1,0
B,H,H,7159,100,7159,1,0
C,H,H,5131,100,5131,1,0
D,H,H,1375,100,1375,1,0
E,H,H,4973,100,4973,1,0
F,H,H,6960,100,6960,1,0
G,H,H,4932,100,4932,1,0
A,B,A,4963,100,4963,1,0
A,C,A,7002,100,7002,1,0
A,D,A,4940,100,4940,1,0
A,E,A,1419,100,1419,1,0
A,F,A,5162,100,5162,1,0
A,G,A,7191,100,7191,1,0
A,H,A,5097,100,5097,1,0
A,B,B,4939,100,4939,1,0
B,C,B,4980,100,4980,1,0
B,D,B,6991,100,6991,1,0
B,E,B,5133,100,5133,1,0
B,F,B,1402,100,1402,1,0
B,G,B,5171,100,5171,1,0
B,H,B,7138,100,7138,1,0
A,C,C,7012,100,7012,1,0
B,C,C,5012,100,5012,1,0
C,D,C,4986,100,4986,1,0
C,E,C,7157,100,7157,1,0
C,F,C,5161,100,5161,1,0
C,G,C,1372,100,1372,1,0
C,H,C,5136,100,5136,1,0
A,D,D,4940,100,4940,1,0
B,D,D,6974,100,6974,1,0
C,D,D,4928,100,4928,1,0
D,E,D,5177,100,5177,1,0
D,F,D,7141,100,7141,1,0
D,G,D,5141,100,5141,1,0
D,H,D,1408,100,1408,1,0
A,E,E,1399,100,1399,1,0
B,E,E,5154,100,5154,1,0
C,E,E,7173,100,7173,1,0
D,E,E,5129,100,5129,1,0
E,F,E,4956,100,4956,1,0
E,G,E,7035,100,7035,1,0
E,H,E,5004,100,5004,1,0
A,F,F,5183,100,5183,1,0
B,F,F,1398,100,1398,1,0
C,F,F,5141,100,5141,1,0
D,F,F,7099,100,7099,1,0
E,F,F,5001,100,5001,1,0
F,G,F,4988,100,4988,1,0
F,H,F,6990,100,6990,1,0
A,G,G,7100,100,7100,1,0
B,G,G,5211,100,5211,1,0
C,G,G,1412,100,1412,1,0
D,G,G,5134,100,5134,1,0
E,G,G,7063,100,7063,1,0
F,G,G,4985,100,4985,1,0
G,H,G,4968,100,4968,1,0
A,H,H,5140,100,5140,1,0
B,H,H,7185,100,7185,1,0
C,H,H,5173,100,5173,1,0
D,H,H,1390,100,1390,1,0
E,H,H,4999,100,4999,1,0
F,H,H,7010,100,7010,1,0
G,H,H,4933,100,4933,1,0
A,B,A,4974,100,4974,1,0
A,C,A,6999,100,6999,1,0
A,D,A,4971,100,4971,1,0
A,E,A,1363,100,1363,1,0
A,F,A,5234,100,5234,1,0
A,G,A,7193,100,7193,1,0
A,H,A,5196,100,5196,1,0
A,B,B,4957,100,4957,1,0
B,C,B,4946,100,4946,1,0
B,D,B,6997,100,6997,1,0
B,E,B,5113,100,5113,1,0
B,F,B,1386,100,1386,1,0
B,G,B,5135,100,5135,1,0
B,H,B,7123,100,7123,1,0
A,C,C,7061,100,7061,1,0
B,C,C,5024,100,5024,1,0
C,D,C,4912,100,4912,1,0
C,E,C,7128,100,7128,1,0
C,F,C,5153,100,5153,1,0
C,G,C,1405,100,1405,1,0
C,H,C,5164,100,5164,1,0
A,D,D,4974,100,4974,1,0
B,D,D,6963,100,6963,1,0
C,D,D,4934,100,4934,1,0
D,E,D,5131,100,5131,1,0
D,F,D,7120,100,7120,1,0
D,G,D,5139,100,5139,1,0
D,H,D,1383,100,1383,1,0
A,E,E,1403,100,1403,1,0
B,E,E,5154,100,5154,1,0
C,E,E,7194,100,7194,1,0
D,E,E,5183,100,5183,1,0
E,F,E,5000,100,5000,1,0
E,G,E,7032,100,7032,1,0
E,H,E,4976,100,4976,1,0
A,F,F,5151,100,5151,1,0
B,F,F,1365,100,1365,1,0
C,F,F,5160,100,5160,1,0
D,F,F,7151,100,7151,1,0
E,F,F,4982,100,4982,1,0
F,G,F,4945,100,4945,1,0
F,H,F,6976,100,6976,1,0
A,G,G,7177,100,7177,1,0
B,G,G,5175,100,5175,1,0
C,G,G,1358,100,1358,1,0
D,G,G,5174,100,5174,1,0
E,G,G,7079,100,7079,1,0
F,G,G,5014,100,5014,1,0
G,H,G,5002,100,5002,1,0
A,H,H,5165,100,5165,1,0
B,H,H,7159,100,7159,1,0
C,H,H,5114,100,5114,1,0
D,H,H,1387,100,1387,1,0
E,H,H,4983,100,4983,1,0
F,H,H,7006,100,7006,1,0
G,H,H,4957,100,4957,1,0
A,B,A,4957,100,4957,1,0
A,C,A,6967,100,6967,1,0
A,D,A,4958,100,4958,1,0
A,E,A,1459,100,1459,1,0
A,F,A,5192,100,5192,1,0
A,G,A,7188,100,7188,1,0
A,H,A,5117,100,5117,1,0
A,B,B,4970,100,4970,1,0
B,C,B,4988,100,4988,1,0
B,D,B,7010,100,7010,1,0
B,E,B,5163,100,5163,1,0
B,F,B,1360,100,1360,1,0
B,G,B,5186,100,5186,1,0
B,H,B,7077,100,7077,1,0
A,C,C,6981,100,6981,1,0
B,C,C,4980,100,4980,1,0
C,D,C,4976,100,4976,1,0
C,E,C,7165,100,7165,1,0
C,F,C,5128,100,5128,1,0
C,G,C,1405,100,1405,1,0
C,H,C,5144,100,5144,1,0
A,D,D,4920,100,4920,1,0
B,D,D,7033,100,7033,1,0
C,D,D,4942,100,4942,1,0
D,E,D,5148,100,5148,1,0
D,F,D,7148,100,7148,1,0
D,G,D,5144,100,5144,1,0
D,H,D,1386,100,1386,1,0
A,E,E,1376,100,1376,1,0
B,E,E,5121,100,5121,1,0
C,E,E,7158,100,7158,1,0
D,E,E,5163,100,5163,1,0
E,F,E,4996,100,4996,1,0
E,G,E,7067,100,7067,1,0
E,H,E,4967,100,4967,1,0
A,F,F,5156,100,5156,1,0
B,F,F,1412,100,1412,1,0
C,F,F,5167,100,5167,1,0
D,F,F,7135,100,7135,1,0
E,F,F,4952,100,4952,1,0
F,G,F,4973,100,4973,1,0
F,H,F,7037,100,7037,1,0
A,G,G,7130,100,7130,1,0
B,G,G,5227,100,5227,1,0
C,G,G,1394,100,1394,1,0
D,G,G,5119,100,5119,1,0
E,G,G,7063,100,7063,1,0
F,G,G,4979,100,4979,1,0
G,H,G,4898,100,4898,1,0
A,H,H,5137,100,5137,1,0
B,H,H,7124,100,7124,1,0
C,H,H,5155,100,5155,1,0
D,H,H,1405,100,1405,1,0
E,H,H,4940,100,4940,1,0
F,H,H,7007,100,7007,1,0
G,H,H,4947,100,4947,1,0
A,B,A,4977,100,4977,1,0
A,C,A,6989,100,6989,1,0
A,D,A,4965,100,4965,1,0
A,E,A,1399,100,1399,1,0
A,F,A,5179,100,5179,1,0
A,G,A,7179,100,7179,1,0
A,H,A,5150,100,5150,1,0
A,B,B,4956,100,4956,1,0
B,C,B,4946,100,4946,1,0
B,D,B,7001,100,7001,1,0
B,E,B,5167,100,5167,1,0
B,F,B,1397,100,1397,1,0
B,G,B,5202,100,5202,1,0
B,H,B,7117,100,7117,1,0
A,C,C,7014,100,7014,1,0
B,C,C,4964,100,4964,1,0
C,D,C,4989,100,4989,1,0
C,E,C,7170,100,7170,1,0
C,F,C,5160,100,5160,1,0
C,G,C,1367,100,1367,1,0
C,H,C,5145,100,5145,1,0
A,D,D,4936,100,4936,1,0
B,D,D,6971,100,6971,1,0
C,D,D,4967,100,4967,1,0
D,E,D,5229,100,5229,1,0
D,F,D,7117,100,7117,1,0
D,G,D,5140,100,5140,1,0
D,H,D,1396,100,1396,1,0
A,E,E,1431,100,1431,1,0
B,E,E,5194,100,5194,1,0
C,E,E,7195,100,7195,1,0
D,E,E,5161,100,5161,1,0
E,F,E,4947,100,4947,1,0
E,G,E,7054,100,7054,1,0
E,H,E,5004,100,5004,1,0
A,F,F,5173,100,5173,1,0
B,F,F,1394,100,1394,1,0
C,F,F,5163,100,5163,1,0
D,F,F,7149,100,7149,1,0
E,F,F,4953,100,4953,1,0
F,G,F,4946,100,4946,1,0
F,H,F,6966,100,6966,1,0
A,G,G,7081,100,7081,1,0
B,G,G,5163,100,5163,1,0
C,G,G,1354,100,1354,1,0
D,G,G,5124,100,5124,1,0
E,G,G,7066,100,7066,1,0
F,G,G,4979,100,4979,1,0
G,H,G,4983,100,4983,1,0
A,H,H,5183,100,5183,1,0
B,H,H,7204,100,7204,1,0
C,H,H,5171,100,5171,1,0
D,H,H,1439,100,1439,1,0
E,H,H,4967,100,4967,1,0
F,H,H,6993,100,6993,1,0
G,H,H,4960,100,4960,1,0
A,B,A,4941,100,4941,1,0
A,C,A,6991,100,6991,1,0
A,D,A,4954,100,4954,1,0
A,E,A,1375,100,1375,1,0
A,F,A,5160,100,5160,1,0
A,G,A,7167,100,7167,1,0
A,H,A,5106,100,5106,1,0
A,B,B,4953,100,4953,1,0
B,C,B,4977,100,4977,1,0
B,D,B,6983,100,6983,1,0
B,E,B,5135,100,5135,1,0
B,F,B,1393,100,1393,1,0
B,G,B,5152,100,5152,1,0
B,H,B,7206,100,7206,1,0
A,C,C,7020,100,7020,1,0
B,C,C,4947,100,4947,1,0
C,D,C,4954,100,4954,1,0
C,E,C,7174,100,7174,1,0
C,F,C,5160,100,5160,1,0
C,G,C,1367,100,1367,1,0
C,H,C,5137,100,5137,1,0
A,D,D,4929,100,4929,1,0
B,D,D,6963,100,6963,1,0
C,D,D,4974,100,4974,1,0
D,E,D,5141,100,5141,1,0
D,F,D,7154,100,7154,1,0
D,G,D,5171,100,5171,1,0
D,H,D,1343,100,1343,1,0
A,E,E,1410,100,1410,1,0
B,E,E,5100,100,5100,1,0
C,E,E,7179,100,7179,1,0
D,E,E,5179,100,5179,1,0
E,F,E,5001,100,5001,1,0
E,G,E,7018,100,7018,1,0
E,H,E,5004,100,5004,1,0
A,F,F,5165,100,5165,1,0
B,F,F,1394,100,1394,1,0
C,F,F,5136,100,5136,1,0
D,F,F,7145,100,7145,1,0
E,F,F,4971,100,4971,1,0
F,G,F,4987,100,4987,1,0
F,H,F,6967,100,6967,1,0
A,G,G,7116,100,7116,1,0
B,G,G,5183,100,5183,1,0
C,G,G,1392,100,1392,1,0
D,G,G,5139,100,5139,1,0
E,G,G,7063,100,7063,1,0
F,G,G,5003,100,5003,1,0
G,H,G,4980,100,4980,1,0
A,H,H,5182,100,5182,1,0
B,H,H,7173,100,7173,1,0
C,H,H,5210,100,5210,1,0
D,H,H,1417,100,1417,1,0
E,H,H,4970,100,4970,1,0
F,H,H,7007,100,7007,1,0
G,H,H,4920,100,4920,1,0
A,B,A,4930,100,4930,1,0
A,C,A,6994,100,6994,1,0
A,D,A,4937,100,4937,1,0
A,E,A,1388,100,1388,1,0
A,F,A,5158,100,5158,1,0
A,G,A,7175,100,7175,1,0
A,H,A,5140,100,5140,1,0
A,B,B,4951,100,4951,1,0
B,C,B,5015,100,5015,1,0
B,D,B,6954,100,6954,1,0
B,E,B,5160,100,5160,1,0
B,F,B,1369,100,1369,1,0
B,G,B,5183,100,5183,1,0
B,H,B,7156,100,7156,1,0
A,C,C,7010,100,7010,1,0
B,C,C,4953,100,4953,1,0
C,D,C,4977,100,4977,1,0
C,E,C,7162,100,7162,1,0
C,F,C,5146,100,5146,1,0
C,G,C,1374,100,1374,1,0
C,H,C,5183,100,5183,1,0
A,D,D,4934,100,4934,1,0
B,D,D,6999,100,6999,1,0
C,D,D,4955,100,4955,1,0
D,E,D,5188,100,5188,1,0
D,F,D,7121,100,7121,1,0
D,G,D,5147,100,5147,1,0
D,H,D,1379,100,1379,1,0
A,E,E,1455,100,1455,1,0
B,E,E,5127,100,5127,1,0
C,E,E,7169,100,7169,1,0
D,E,E,5185,100,5185,1,0
E,F,E,4998,100,4998,1,0
E,G,E,7060,100,7060,1,0
E,H,E,4968,100,4968,1,0
A,F,F,5167,100,5167,1,0
B,F,F,1407,100,1407,1,0
C,F,F,5159,100,5159,1,0
D,F,F,7114,100,7114,1,0
E,F,F,5015,100,5015,1,0
F,G,F,4975,100,4975,1,0
F,H,F,7011,100,7011,1,0
A,G,G,7139,100,7139,1,0
B,G,G,5129,100,5129,1,0
C,G,G,1411,100,1411,1,0
D,G,G,5164,100,5164,1,0
E,G,G,7035,100,7035,1,0
F,G,G,4984,100,4984,1,0
G,H,G,4944,100,4944,1,0
A,H,H,5139,100,5139,1,0
B,H,H,7116,100,7116,1,0
C,H,H,5151,100,5151,1,0
D,H,H,1394,100,1394,1,0
E,H,H,5017,100,5017,1,0
F,H,H,6999,100,6999,1,0
G,H,H,4940,100,4940,1,0
A,B,A,4957,100,4957,1,0
A,C,A,6966,100,6966,1,0
A,D,A,4939,100,4939,1,0
A,E,A,1378,100,1378,1,0
A,F,A,5216,100,5216,1,0
A,G,A,7150,100,7150,1,0
A,H,A,5140,100,5140,1,0
A,B,B,4941,100,4941,1,0
B,C,B,4977,100,4977,1,0
B,D,B,7043,100,7043,1,0
B,E,B,5132,100,5132,1,0
B,F,B,1376,100,1376,1,0
B,G,B,5196,100,5196,1,0
B,H,B,7124,100,7124,1,0
A,C,C,6985,100,6985,1,0
B,C,C,4976,100,4976,1,0
C,D,C,4923,100,4923,1,0
C,E,C,7167,100,7167,1,0
C,F,C,5147,100,5147,1,0
C,G,C,1420,100,1420,1,0
C,H,C,5144,100,5144,1,0
A,D,D,4987,100,4987,1,0
B,D,D,6997,100,6997,1,0
C,D,D,4958,100,4958,1,0
D,E,D,5140,100,5140,1,0
D,F,D,7160,100,7160,1,0
D,G,D,5164,100,5164,1,0
D,H,D,1384,100,1384,1,0
A,E,E,1429,100,1429,1,0
B,E,E,5162,100,5162,1,0
C,E,E,7142,100,7142,1,0
D,E,E,5168,100,5168,1,0
E,F,E,4957,100,4957,1,0
E,G,E,7053,100,7053,1,0
E,H,E,4990,100,4990,1,0
A,F,F,5141,100,5141,1,0
B,F,F,1408,100,1408,1,0
C,F,F,5119,100,5119,1,0
D,F,F,7148,100,7148,1,0
E,F,F,4988,100,4988,1,0
F,G,F,4975,100,4975,1,0
F,H,F,7012,100,7012,1,0
A,G,G,7202,100,7202,1,0
B,G,G,5189,100,5189,1,0
C,G,G,1398,100,1398,1,0
D,G,G,5133,100,5133,1,0
E,G,G,7072,100,7072,1,0
F,G,G,4997,100,4997,1,0
G,H,G,4938,100,4938,1,0
A,H,H,5175,100,5175,1,0
B,H,H,7115,100,7115,1,0
C,H,H,5182,100,5182,1,0
D,H,H,1431,100,1431,1,0
E,H,H,4967,100,4967,1,0
F,H,H,7006,100,7006,1,0
G,H,H,4988,100,4988,1,0
A,B,A,4980,100,4980,1,0
A,C,A,7057,100,7057,1,0
A,D,A,4943,100,4943,1,0
A,E,A,1388,100,1388,1,0
A,F,A,5215,100,5215,1,0
A,G,A,7179,100,7179,1,0
A,H,A,5159,100,5159,1,0
A,B,B,4961,100,4961,1,0
B,C,B,5005,100,5005,1,0
B,D,B,7015,100,7015,1,0
B,E,B,5099,100,5099,1,0
B,F,B,1378,100,1378,1,0
B,G,B,5200,100,5200,1,0
B,H,B,7194,100,7194,1,0
A,C,C,6978,100,6978,1,0
B,C,C,4971,100,4971,1,0
C,D,C,4968,100,4968,1,0
C,E,C,7190,100,7190,1,0
C,F,C,5146,100,5146,1,0
C,G,C,1371,100,1371,1,0
C,H,C,5150,100,5150,1,0
A,D,D,4940,100,4940,1,0
B,D,D,6970,100,6970,1,0
C,D,D,4925,100,4925,1,0
D,E,D,5189,100,5189,1,0
D,F,D,7181,100,7181,1,0
D,G,D,5126,100,5126,1,0
D,H,D,1405,100,1405,1,0
A,E,E,1451,100,1451,1,0
B,E,E,5128,100,5128,1,0
C,E,E,7161,100,7161,1,0
D,E,E,5201,100,5201,1,0
E,F,E,4997,100,4997,1,0
E,G,E,7049,100,7049,1,0
E,H,E,4996,100,4996,1,0
A,F,F,5201,100,5201,1,0
B,F,F,1384,100,1384,1,0
C,F,F,5158,100,5158,1,0
D,F,F,7127,100,7127,1,0
E,F,F,4980,100,4980,1,0
F,G,F,4975,100,4975,1,0
F,H,F,7020,100,7020,1,0
A,G,G,7149,100,7149,1,0
B,G,G,5204,100,5204,1,0
C,G,G,1383,100,1383,1,0
D,G,G,5140,100,5140,1,0
E,G,G,7035,100,7035,1,0
F,G,G,5027,100,5027,1,0
G,H,G,4928,100,4928,1,0
A,H,H,5144,100,5144,1,0
B,H,H,7163,100,7163,1,0
C,H,H,5118,100,5118,1,0
D,H,H,1452,100,1452,1,0
E,H,H,4940,100,4940,1,0
F,H,H,7018,100,7018,1,0
G,H,H,4972,100,4972,1,0
A,B,A,4960,100,4960,1,0
A,C,A,7034,100,7034,1,0
A,D,A,4946,100,4946,1,0
A,E,A,1348,100,1348,1,0
A,F,A,5150,100,5150,1,0
A,G,A,7222,100,7222,1,0
A,H,A,5164,100,5164,1,0
A,B,B,4930,100,4930,1,0
B,C,B,4981,100,4981,1,0
B,D,B,6965,100,6965,1,0
B,E,B,5166,100,5166,1,0
B,F,B,1387,100,1387,1,0
B,G,B,5212,100,5212,1,0
B,H,B,7173,100,7173,1,0
A,C,C,7006,100,7006,1,0
B,C,C,4983,100,4983,1,0
C,D,C,4930,100,4930,1,0
C,E,C,7164,100,7164,1,0
C,F,C,5149,100,5149,1,0
C,G,C,1359,100,1359,1,0
C,H,C,5131,100,5131,1,0
A,D,D,4914,100,4914,1,0
B,D,D,6962,100,6962,1,0
C,D,D,4949,100,4949,1,0
D,E,D,5185,100,5185,1,0
D,F,D,7115,100,7115,1,0
D,G,D,5155,100,5155,1,0
D,H,D,1394,100,1394,1,0
A,E,E,1442,100,1442,1,0
B,E,E,5117,100,5117,1,0
C,E,E,7133,100,7133,1,0
D,E,E,5181,100,5181,1,0
E,F,E,4987,100,4987,1,0
E,G,E,7069,100,7069,1,0
E,H,E,4945,100,4945,1,0
A,F,F,5172,100,5172,1,0
B,F,F,1430,100,1430,1,0
C,F,F,5176,100,5176,1,0
D,F,F,7177,100,7177,1,0
E,F,F,4995,100,4995,1,0
F,G,F,4990,100,4990,1,0
F,H,F,7037,100,7037,1,0
A,G,G,7202,100,7202,1,0
B,G,G,5158,100,5158,1,0
C,G,G,1455,100,1455,1,0
D,G,G,5113,100,5113,1,0
E,G,G,7072,100,7072,1,0
F,G,G,4986,100,4986,1,0
G,H,G,4920,100,4920,1,0
A,H,H,5137,100,5137,1,0
B,H,H,7130,100,7130,1,0
C,H,H,5120,100,5120,1,0
D,H,H,1431,100,1431,1,0
E,H,H,4980,100,4980,1,0
F,H,H,7014,100,7014,1,0
G,H,H,4977,100,4977,1,0
A,B,A,4944,100,4944,1,0
A,C,A,7018,100,7018,1,0
A,D,A,4942,100,4942,1,0
A,E,A,1406,100,1406,1,0
A,F,A,5158,100,5158,1,0
A,G,A,7144,100,7144,1,0
A,H,A,5182,100,5182,1,0
A,B,B,4954,100,4954,1,0
B,C,B,4983,100,4983,1,0
B,D,B,6967,100,6967,1,0
B,E,B,5158,100,5158,1,0
B,F,B,1432,100,1432,1,0
B,G,B,5191,100,5191,1,0
B,H,B,7126,100,7126,1,0
A,C,C,6997,100,6997,1,0
B,C,C,5002,100,5002,1,0
C,D,C,4903,100,4903,1,0
C,E,C,7195,100,7195,1,0
C,F,C,5160,100,5160,1,0
C,G,C,1378,100,1378,1,0
C,H,C,5168,100,5168,1,0
A,D,D,4927,100,4927,1,0
B,D,D,7046,100,7046,1,0
C,D,D,4937,100,4937,1,0
D,E,D,5184,100,5184,1,0
D,F,D,7185,100,7185,1,0
D,G,D,5157,100,5157,1,0
D,H,D,1410,100,1410,1,0
A,E,E,1398,100,1398,1,0
B,E,E,5161,100,5161,1,0
C,E,E,7209,100,7209,1,0
D,E,E,5153,100,5153,1,0
E,F,E,4978,100,4978,1,0
E,G,E,7051,100,7051,1,0
E,H,E,4940,100,4940,1,0
A,F,F,5148,100,5148,1,0
B,F,F,1387,100,1387,1,0
C,F,F,5140,100,5140,1,0
D,F,F,7143,100,7143,1,0
E,F,F,4973,100,4973,1,0
F,G,F,4970,100,4970,1,0
F,H,F,7011,100,7011,1,0
A,G,G,7183,100,7183,1,0
B,G,G,5169,100,5169,1,0
C,G,G,1410,100,1410,1,0
D,G,G,5153,100,5153,1,0
E,G,G,7034,100,7034,1,0
F,G,G,5003,100,5003,1,0
G,H,G,4951,100,4951,1,0
A,H,H,5157,100,5157,1,0
B,H,H,7096,100,7096,1,0
C,H,H,5138,100,5138,1,0
D,H,H,1396,100,1396,1,0
E,H,H,4977,100,4977,1,0
F,H,H,7029,100,7029,1,0
G,H,H,4968,100,4968,1,0
A,B,A,5019,100,5019,1,0
A,C,A,7017,100,7017,1,0
A,D,A,4946,100,4946,1,0
A,E,A,1455,100,1455,1,0
A,F,A,5169,100,5169,1,0
A,G,A,7190,100,7190,1,0
A,H,A,5120,100,5120,1,0
A,B,B,4970,100,4970,1,0
B,C,B,4977,100,4977,1,0
B,D,B,7078,100,7078,1,0
B,E,B,5127,100,5127,1,0
B,F,B,1395,100,1395,1,0
B,G,B,5172,100,5172,1,0
B,H,B,7147,100,7147,1,0
A,C,C,6991,100,6991,1,0
B,C,C,4955,100,4955,1,0
C,D,C,4980,100,4980,1,0
C,E,C,7158,100,7158,1,0
C,F,C,5159,100,5159,1,0
C,G,C,1373,100,1373,1,0
C,H,C,5144,100,5144,1,0
A,D,D,4969,100,4969,1,0
B,D,D,7012,100,7012,1,0
C,D,D,4925,100,4925,1,0
D,E,D,5241,100,5241,1,0
D,F,D,7103,100,7103,1,0
D,G,D,5106,100,5106,1,0
D,H,D,1403,100,1403,1,0
A,E,E,1422,100,1422,1,0
B,E,E,5159,100,5159,1,0
C,E,E,7197,100,7197,1,0
D,E,E,5187,100,5187,1,0
E,F,E,4954,100,4954,1,0
E,G,E,7060,100,7060,1,0
E,H,E,5005,100,5005,1,0
A,F,F,5185,100,5185,1,0
B,F,F,1406,100,1406,1,0
C,F,F,5144,100,5144,1,0
D,F,F,7123,100,7123,1,0
E,F,F,4974,100,4974,1,0
F,G,F,4969,100,4969,1,0
F,H,F,6968,100,6968,1,0
A,G,G,7184,100,7184,1,0
B,G,G,5196,100,5196,1,0
C,G,G,1394,100,1394,1,0
D,G,G,5152,100,5152,1,0
E,G,G,7052,100,7052,1,0
F,G,G,4966,100,4966,1,0
G,H,G,4916,100,4916,1,0
A,H,H,5173,100,5173,1,0
B,H,H,7156,100,7156,1,0
C,H,H,5182,100,5182,1,0
D,H,H,1381,100,1381,1,0
E,H,H,4968,100,4968,1,0
F,H,H,6989,100,6989,1,0
G,H,H,4962,100,4962,1,0
A,B,A,4920,100,4920,1,0
A,C,A,7039,100,7039,1,0
A,D,A,4921,100,4921,1,0
A,E,A,1450,100,1450,1,0
A,F,A,5185,100,5185,1,0
A,G,A,7180,100,7180,1,0
A,H,A,5183,100,5183,1,0
A,B,B,4957,100,4957,1,0
B,C,B,4941,100,4941,1,0
B,D,B,6971,100,6971,1,0
B,E,B,5163,100,5163,1,0
B,F,B,1409,100,1409,1,0
B,G,B,5208,100,5208,1,0
B,H,B,7145,100,7145,1,0
A,C,C,6981,100,6981,1,0
B,C,C,4956,100,4956,1,0
C,D,C,4943,100,4943,1,0
C,E,C,7168,100,7168,1,0
C,F,C,5174,100,5174,1,0
C,G,C,1433,100,1433,1,0
C,H,C,5150,100,5150,1,0
A,D,D,4910,100,4910,1,0
B,D,D,6976,100,6976,1,0
C,D,D,4931,100,4931,1,0
D,E,D,5157,100,5157,1,0
D,F,D,7134,100,7134,1,0
D,G,D,5131,100,5131,1,0
D,H,D,1486,100,1486,1,0
A,E,E,1495,100,1495,1,0
B,E,E,5157,100,5157,1,0
C,E,E,7145,100,7145,1,0
D,E,E,5185,100,5185,1,0
E,F,E,5001,100,5001,1,0
E,G,E,7059,100,7059,1,0
E,H,E,4987,100,4987,1,0
A,F,F,5190,100,5190,1,0
B,F,F,1404,100,1404,1,0
C,F,F,5149,100,5149,1,0
D,F,F,7131,100,7131,1,0
E,F,F,4985,100,4985,1,0
F,G,F,4951,100,4951,1,0
F,H,F,7039,100,7039,1,0
A,G,G,7153,100,7153,1,0
B,G,G,5175,100,5175,1,0
C,G,G,1414,100,1414,1,0
D,G,G,5125,100,5125,1,0
E,G,G,7055,100,7055,1,0
F,G,G,4980,100,4980,1,0
G,H,G,4949,100,4949,1,0
A,H,H,5148,100,5148,1,0
B,H,H,7149,100,7149,1,0
C,H,H,5162,100,5162,1,0
D,H,H,1348,100,1348,1,0
E,H,H,4984,100,4984,1,0
F,H,H,6999,100,6999,1,0
G,H,H,4977,100,4977,1,0
A,B,A,4974,100,4974,1,0
A,C,A,7014,100,7014,1,0
A,D,A,4926,100,4926,1,0
A,E,A,1420,100,1420,1,0
A,F,A,5209,100,5209,1,0
A,G,A,7177,100,7177,1,0
A,H,A,5103,100,5103,1,0
A,B,B,4973,100,4973,1,0
B,C,B,4987,100,4987,1,0
B,D,B,7018,100,7018,1,0
B,E,B,5097,100,5097,1,0
B,F,B,1397,100,1397,1,0
B,G,B,5161,100,5161,1,0
B,H,B,7186,100,7186,1,0
A,C,C,7063,100,7063,1,0
B,C,C,4953,100,4953,1,0
C,D,C,4907,100,4907,1,0
C,E,C,7181,100,7181,1,0
C,F,C,5162,100,5162,1,0
C,G,C,1349,100,1349,1,0
C,H,C,5117,100,5117,1,0
A,D,D,4939,100,4939,1,0
B,D,D,7043,100,7043,1,0
C,D,D,4955,100,4955,1,0
D,E,D,5163,100,5163,1,0
D,F,D,7135,100,7135,1,0
D,G,D,5183,100,5183,1,0
D,H,D,1383,100,1383,1,0
A,E,E,1405,100,1405,1,0
B,E,E,5124,100,5124,1,0
C,E,E,7195,100,7195,1,0
D,E,E,5122,100,5122,1,0
E,F,E,4996,100,4996,1,0
E,G,E,7053,100,7053,1,0
E,H,E,4946,100,4946,1,0
A,F,F,5169,100,5169,1,0
B,F,F,1431,100,1431,1,0
C,F,F,5155,100,5155,1,0
D,F,F,7121,100,7121,1,0
E,F,F,4983,100,4983,1,0
F,G,F,4970,100,4970,1,0
F,H,F,7064,100,7064,1,0
A,G,G,7188,100,7188,1,0
B,G,G,5145,100,5145,1,0
C,G,G,1359,100,1359,1,0
D,G,G,5140,100,5140,1,0
E,G,G,7060,100,7060,1,0
F,G,G,4961,100,4961,1,0
G,H,G,4975,100,4975,1,0
A,H,H,5159,100,5159,1,0
B,H,H,7154,100,7154,1,0
C,H,H,5192,100,5192,1,0
D,H,H,1365,100,1365,1,0
E,H,H,4954,100,4954,1,0
F,H,H,6983,100,6983,1,0
G,H,H,4969,100,4969,1,0
A,B,A,4958,100,4958,1,0
A,C,A,6969,100,6969,1,0
A,D,A,4936,100,4936,1,0
A,E,A,1420,100,1420,1,0
A,F,A,5198,100,5198,1,0
A,G,A,7211,100,7211,1,0
A,H,A,5128,100,5128,1,0
A,B,B,4928,100,4928,1,0
B,C,B,4980,100,4980,1,0
B,D,B,7012,100,7012,1,0
B,E,B,5185,100,5185,1,0
B,F,B,1384,100,1384,1,0
B,G,B,5176,100,5176,1,0
B,H,B,7156,100,7156,1,0
A,C,C,7049,100,7049,1,0
B,C,C,4957,100,4957,1,0
C,D,C,4952,100,4952,1,0
C,E,C,7185,100,7185,1,0
C,F,C,5153,100,5153,1,0
C,G,C,1348,100,1348,1,0
C,H,C,5133,100,5133,1,0
A,D,D,4952,100,4952,1,0
B,D,D,7028,100,7028,1,0
C,D,D,4916,100,4916,1,0
D,E,D,5216,100,5216,1,0
D,F,D,7143,100,7143,1,0
D,G,D,5144,100,5144,1,0
D,H,D,1457,100,1457,1,0
A,E,E,1383,100,1383,1,0
B,E,E,5146,100,5146,1,0
C,E,E,7116,100,7116,1,0
D,E,E,5209,100,5209,1,0
E,F,E,4981,100,4981,1,0
E,G,E,7059,100,7059,1,0
E,H,E,4945,100,4945,1,0
A,F,F,5175,100,5175,1,0
B,F,F,1412,100,1412,1,0
C,F,F,5150,100,5150,1,0
D,F,F,7108,100,7108,1,0
E,F,F,4966,100,4966,1,0
F,G,F,4978,100,4978,1,0
F,H,F,6963,100,6963,1,0
A,G,G,7156,100,7156,1,0
B,G,G,5193,100,5193,1,0
C,G,G,1455,100,1455,1,0
D,G,G,5121,100,5121,1,0
E,G,G,7047,100,7047,1,0
F,G,G,4942,100,4942,1,0
G,H,G,4946,100,4946,1,0
A,H,H,5173,100,5173,1,0
B,H,H,7142,100,7142,1,0
C,H,H,5167,100,5167,1,0
D,H,H,1401,100,1401,1,0
E,H,H,4957,100,4957,1,0
F,H,H,7022,100,7022,1,0
G,H,H,4931,100,4931,1,0
A,B,A,4950,100,4950,1,0
A,C,A,7036,100,7036,1,0
A,D,A,4923,100,4923,1,0
A,E,A,1413,100,1413,1,0
A,F,A,5165,100,5165,1,0
A,G,A,7181,100,7181,1,0
A,H,A,5119,100,5119,1,0
A,B,B,4971,100,4971,1,0
B,C,B,4995,100,4995,1,0
B,D,B,7014,100,7014,1,0
B,E,B,5142,100,5142,1,0
B,F,B,1414,100,1414,1,0
B,G,B,5182,100,5182,1,0
B,H,B,7126,100,7126,1,0
A,C,C,7017,100,7017,1,0
B,C,C,4973,100,4973,1,0
C,D,C,5002,100,5002,1,0
C,E,C,7194,100,7194,1,0
C,F,C,5180,100,5180,1,0
C,G,C,1396,100,1396,1,0
C,H,C,5140,100,5140,1,0
A,D,D,4953,100,4953,1,0
B,D,D,7031,100,7031,1,0
C,D,D,4939,100,4939,1,0
D,E,D,5204,100,5204,1,0
D,F,D,7143,100,7143,1,0
D,G,D,5145,100,5145,1,0
D,H,D,1440,100,1440,1,0
A,E,E,1383,100,1383,1,0
B,E,E,5150,100,5150,1,0
C,E,E,7163,100,7163,1,0
D,E,E,5167,100,5167,1,0
E,F,E,4991,100,4991,1,0
E,G,E,7035,100,7035,1,0
E,H,E,4978,100,4978,1,0
A,F,F,5186,100,5186,1,0
B,F,F,1400,100,1400,1,0
C,F,F,5169,100,5169,1,0
D,F,F,7115,100,7115,1,0
E,F,F,4995,100,4995,1,0
F,G,F,4967,100,4967,1,0
F,H,F,6987,100,6987,1,0
A,G,G,7185,100,7185,1,0
B,G,G,5164,100,5164,1,0
C,G,G,1387,100,1387,1,0
D,G,G,5148,100,5148,1,0
E,G,G,7047,100,7047,1,0
F,G,G,4940,100,4940,1,0
G,H,G,4934,100,4934,1,0
A,H,H,5109,100,5109,1,0
B,H,H,7132,100,7132,1,0
C,H,H,5178,100,5178,1,0
D,H,H,1355,100,1355,1,0
E,H,H,4935,100,4935,1,0
F,H,H,6999,100,6999,1,0
G,H,H,4996,100,4996,1,0
A,B,A,4945,100,4945,1,0
A,C,A,6985,100,6985,1,0
A,D,A,4940,100,4940,1,0
A,E,A,1398,100,1398,1,0
A,F,A,5166,100,5166,1,0
A,G,A,7136,100,7136,1,0
A,H,A,5154,100,5154,1,0
A,B,B,4952,100,4952,1,0
B,C,B,4996,100,4996,1,0
B,D,B,7042,100,7042,1,0
B,E,B,5132,100,5132,1,0
B,F,B,1418,100,1418,1,0
B,G,B,5167,100,5167,1,0
B,H,B,7159,100,7159,1,0
A,C,C,7068,100,7068,1,0
B,C,C,4994,100,4994,1,0
C,D,C,4937,100,4937,1,0
C,E,C,7211,100,7211,1,0
C,F,C,5110,100,5110,1,0
C,G,C,1386,100,1386,1,0
C,H,C,5091,100,5091,1,0
A,D,D,4942,100,4942,1,0
B,D,D,7015,100,7015,1,0
C,D,D,4924,100,4924,1,0
D,E,D,5152,100,5152,1,0
D,F,D,7154,100,7154,1,0
D,G,D,5143,100,5143,1,0
D,H,D,1359,100,1359,1,0
A,E,E,1437,100,1437,1,0
B,E,E,5162,100,5162,1,0
C,E,E,7173,100,7173,1,0
D,E,E,5131,100,5131,1,0
E,F,E,4996,100,4996,1,0
E,G,E,7056,100,7056,1,0
E,H,E,5015,100,5015,1,0
A,F,F,5184,100,5184,1,0
B,F,F,1409,100,1409,1,0
C,F,F,5142,100,5142,1,0
D,F,F,7178,100,7178,1,0
E,F,F,4991,100,4991,1,0
F,G,F,4977,100,4977,1,0
F,H,F,7007,100,7007,1,0
A,G,G,7143,100,7143,1,0
B,G,G,5210,100,5210,1,0
C,G,G,1377,100,1377,1,0
D,G,G,5137,100,5137,1,0
E,G,G,7027,100,7027,1,0
F,G,G,4943,100,4943,1,0
G,H,G,4978,100,4978,1,0
A,H,H,5171,100,5171,1,0
B,H,H,7140,100,7140,1,0
C,H,H,5185,100,5185,1,0
D,H,H,1376,100,1376,1,0
E,H,H,4947,100,4947,1,0
F,H,H,7000,100,7000,1,0
G,H,H,4939,100,4939,1,0
A,B,A,4946,100,4946,1,0
A,C,A,7013,100,7013,1,0
A,D,A,4964,100,4964,1,0
A,E,A,1415,100,1415,1,0
A,F,A,5138,100,5138,1,0
A,G,A,7122,100,7122,1,0
A,H,A,5138,100,5138,1,0
A,B,B,4968,100,4968,1,0
B,C,B,4986,100,4986,1,0
B,D,B,7078,100,7078,1,0
B,E,B,5156,100,5156,1,0
B,F,B,1374,100,1374,1,0
B,G,B,5203,100,5203,1,0
B,H,B,7129,100,7129,1,0
A,C,C,7016,100,7016,1,0
B,C,C,4980,100,4980,1,0
C,D,C,4967,100,4967,1,0
C,E,C,7219,100,7219,1,0
C,F,C,5154,100,5154,1,0
C,G,C,1410,100,1410,1,0
C,H,C,5164,100,5164,1,0
A,D,D,4920,100,4920,1,0
B,D,D,7001,100,7001,1,0
C,D,D,4959,100,4959,1,0
D,E,D,5237,100,5237,1,0
D,F,D,7146,100,7146,1,0
D,G,D,5145,100,5145,1,0
D,H,D,1413,100,1413,1,0
A,E,E,1421,100,1421,1,0
B,E,E,5165,100,5165,1,0
C,E,E,7134,100,7134,1,0
D,E,E,5101,100,5101,1,0
E,F,E,4991,100,4991,1,0
E,G,E,7067,100,7067,1,0
E,H,E,5000,100,5000,1,0
A,F,F,5165,100,5165,1,0
B,F,F,1399,100,1399,1,0
C,F,F,5143,100,5143,1,0
D,F,F,7149,100,7149,1,0
E,F,F,4987,100,4987,1,0
F,G,F,4979,100,4979,1,0
F,H,F,7055,100,7055,1,0
A,G,G,7143,100,7143,1,0
B,G,G,5199,100,5199,1,0
C,G,G,1437,100,1437,1,0
D,G,G,5169,100,5169,1,0
E,G,G,7057,100,7057,1,0
F,G,G,4984,100,4984,1,0
G,H,G,4968,100,4968,1,0
A,H,H,5184,100,5184,1,0
B,H,H,7219,100,7219,1,0
C,H,H,5160,100,5160,1,0
D,H,H,1358,100,1358,1,0
E,H,H,4957,100,4957,1,0
F,H,H,7018,100,7018,1,0
G,H,H,4945,100,4945,1,0
A,B,A,4912,100,4912,1,0
A,C,A,7039,100,7039,1,0
A,D,A,4944,100,4944,1,0
A,E,A,1401,100,1401,1,0
A,F,A,5165,100,5165,1,0
A,G,A,7121,100,7121,1,0
A,H,A,5152,100,5152,1,0
A,B,B,4948,100,4948,1,0
B,C,B,4970,100,4970,1,0
B,D,B,6994,100,6994,1,0
B,E,B,5145,100,5145,1,0
B,F,B,1387,100,1387,1,0
B,G,B,5171,100,5171,1,0
B,H,B,7142,100,7142,1,0
A,C,C,7051,100,7051,1,0
B,C,C,4987,100,4987,1,0
C,D,C,4913,100,4913,1,0
C,E,C,7197,100,7197,1,0
C,F,C,5145,100,5145,1,0
C,G,C,1370,100,1370,1,0
C,H,C,5158,100,5158,1,0
A,D,D,4959,100,4959,1,0
B,D,D,6995,100,6995,1,0
C,D,D,4931,100,4931,1,0
D,E,D,5246,100,5246,1,0
D,F,D,7137,100,7137,1,0
D,G,D,5154,100,5154,1,0
D,H,D,1371,100,1371,1,0
A,E,E,1377,100,1377,1,0
B,E,E,5129,100,5129,1,0
C,E,E,7140,100,7140,1,0
D,E,E,5172,100,5172,1,0
E,F,E,4953,100,4953,1,0
E,G,E,7035,100,7035,1,0
E,H,E,4934,100,4934,1,0
A,F,F,5204,100,5204,1,0
B,F,F,1421,100,1421,1,0
C,F,F,5142,100,5142,1,0
D,F,F,7142,100,7142,1,0
E,F,F,4961,100,4961,1,0
F,G,F,4943,100,4943,1,0
F,H,F,6982,100,6982,1,0
A,G,G,7113,100,7113,1,0
B,G,G,5168,100,5168,1,0
C,G,G,1415,100,1415,1,0
D,G,G,5130,100,5130,1,0
E,G,G,7024,100,7024,1,0
F,G,G,4963,100,4963,1,0
G,H,G,4922,100,4922,1,0
A,H,H,5140,100,5140,1,0
B,H,H,7174,100,7174,1,0
C,H,H,5163,100,5163,1,0
D,H,H,1434,100,1434,1,0
E,H,H,4989,100,4989,1,0
F,H,H,7028,100,7028,1,0
G,H,H,4967,100,4967,1,0
A,B,A,4975,100,4975,1,0
A,C,A,6989,100,6989,1,0
A,D,A,4945,100,4945,1,0
A,E,A,1449,100,1449,1,0
A,F,A,5187,100,5187,1,0
A,G,A,7194,100,7194,1,0
A,H,A,5155,100,5155,1,0
A,B,B,4989,100,4989,1,0
B,C,B,4995,100,4995,1,0
B,D,B,7029,100,7029,1,0
B,E,B,5112,100,5112,1,0
B,F,B,1362,100,1362,1,0
B,G,B,5209,100,5209,1,0
B,H,B,7145,100,7145,1,0
A,C,C,7035,100,7035,1,0
B,C,C,5017,100,5017,1,0
C,D,C,4962,100,4962,1,0
C,E,C,7140,100,7140,1,0
C,F,C,5173,100,5173,1,0
C,G,C,1381,100,1381,1,0
C,H,C,5180,100,5180,1,0
A,D,D,4922,100,4922,1,0
B,D,D,7005,100,7005,1,0
C,D,D,4932,100,4932,1,0
D,E,D,5217,100,5217,1,0
D,F,D,7134,100,7134,1,0
D,G,D,5152,100,5152,1,0
D,H,D,1459,100,1459,1,0
A,E,E,1429,100,1429,1,0
B,E,E,5102,100,5102,1,0
C,E,E,7185,100,7185,1,0
D,E,E,5162,100,5162,1,0
E,F,E,4964,100,4964,1,0
E,G,E,7039,100,7039,1,0
E,H,E,4936,100,4936,1,0
A,F,F,5204,100,5204,1,0
B,F,F,1394,100,1394,1,0
C,F,F,5133,100,5133,1,0
D,F,F,7154,100,7154,1,0
E,F,F,4946,100,4946,1,0
F,G,F,4956,100,4956,1,0
F,H,F,7040,100,7040,1,0
A,G,G,7211,100,7211,1,0
B,G,G,5205,100,5205,1,0
C,G,G,1348,100,1348,1,0
D,G,G,5155,100,5155,1,0
E,G,G,7050,100,7050,1,0
F,G,G,4974,100,4974,1,0
G,H,G,4975,100,4975,1,0
A,H,H,5138,100,5138,1,0
B,H,H,7169,100,7169,1,0
C,H,H,5152,100,5152,1,0
D,H,H,1377,100,1377,1,0
E,H,H,4981,100,4981,1,0
F,H,H,6976,100,6976,1,0
G,H,H,4977,100,4977,1,0
A,B,A,5001,100,5001,1,0
A,C,A,7029,100,7029,1,0
A,D,A,4930,100,4930,1,0
A,E,A,1395,100,1395,1,0
A,F,A,5181,100,5181,1,0
A,G,A,7209,100,7209,1,0
A,H,A,5117,100,5117,1,0
A,B,B,4942,100,4942,1,0
B,C,B,4973,100,4973,1,0
B,D,B,7004,100,7004,1,0
B,E,B,5135,100,5135,1,0
B,F,B,1379,100,1379,1,0
B,G,B,5211,100,5211,1,0
B,H,B,7114,100,7114,1,0
A,C,C,6997,100,6997,1,0
B,C,C,4976,100,4976,1,0
C,D,C,4940,100,4940,1,0
C,E,C,7134,100,7134,1,0
C,F,C,5142,100,5142,1,0
C,G,C,1437,100,1437,1,0
C,H,C,5183,100,5183,1,0
A,D,D,4945,100,4945,1,0
B,D,D,6987,100,6987,1,0
C,D,D,4958,100,4958,1,0
D,E,D,5191,100,5191,1,0
D,F,D,7134,100,7134,1,0
D,G,D,5131,100,5131,1,0
D,H,D,1408,100,1408,1,0
A,E,E,1392,100,1392,1,0
B,E,E,5189,100,5189,1,0
C,E,E,7157,100,7157,1,0
D,E,E,5154,100,5154,1,0
E,F,E,4920,100,4920,1,0
E,G,E,7052,100,7052,1,0
E,H,E,4967,100,4967,1,0
A,F,F,5219,100,5219,1,0
B,F,F,1423,100,1423,1,0
C,F,F,5147,100,5147,1,0
D,F,F,7103,100,7103,1,0
E,F,F,4977,100,4977,1,0
F,G,F,4958,100,4958,1,0
F,H,F,6957,100,6957,1,0
A,G,G,7129,100,7129,1,0
B,G,G,5179,100,5179,1,0
C,G,G,1414,100,1414,1,0
D,G,G,5148,100,5148,1,0
E,G,G,7067,100,7067,1,0
F,G,G,5002,100,5002,1,0
G,H,G,4974,100,4974,1,0
A,H,H,5136,100,5136,1,0
B,H,H,7119,100,7119,1,0
C,H,H,5189,100,5189,1,0
D,H,H,1366,100,1366,1,0
E,H,H,4965,100,4965,1,0
F,H,H,6997,100,6997,1,0
G,H,H,4908,100,4908,1,0
A,B,A,4937,100,4937,1,0
A,C,A,7003,100,7003,1,0
A,D,A,4964,100,4964,1,0
A,E,A,1437,100,1437,1,0
A,F,A,5202,100,5202,1,0
A,G,A,7165,100,7165,1,0
A,H,A,5154,100,5154,1,0
A,B,B,4980,100,4980,1,0
B,C,B,4992,100,4992,1,0
B,D,B,7006,100,7006,1,0
B,E,B,5174,100,5174,1,0
B,F,B,1369,100,1369,1,0
B,G,B,5181,100,5181,1,0
B,H,B,7089,100,7089,1,0
A,C,C,7027,100,7027,1,0
B,C,C,4954,100,4954,1,0
C,D,C,4938,100,4938,1,0
C,E,C,7185,100,7185,1,0
C,F,C,5162,100,5162,1,0
C,G,C,1380,100,1380,1,0
C,H,C,5140,100,5140,1,0
A,D,D,4927,100,4927,1,0
B,D,D,6974,100,6974,1,0
C,D,D,5002,100,5002,1,0
D,E,D,5192,100,5192,1,0
D,F,D,7097,100,7097,1,0
D,G,D,5174,100,5174,1,0
D,H,D,1331,100,1331,1,0
A,E,E,1451,100,1451,1,0
B,E,E,5100,100,5100,1,0
C,E,E,7192,100,7192,1,0
D,E,E,5136,100,5136,1,0
E,F,E,4998,100,4998,1,0
E,G,E,7040,100,7040,1,0
E,H,E,4952,100,4952,1,0
A,F,F,5178,100,5178,1,0
B,F,F,1374,100,1374,1,0
C,F,F,5150,100,5150,1,0
D,F,F,7150,100,7150,1,0
E,F,F,5004,100,5004,1,0
F,G,F,4982,100,4982,1,0
F,H,F,6972,100,6972,1,0
A,G,G,7159,100,7159,1,0
B,G,G,5204,100,5204,1,0
C,G,G,1426,100,1426,1,0
D,G,G,5126,100,5126,1,0
E,G,G,7041,100,7041,1,0
F,G,G,4938,100,4938,1,0
G,H,G,4933,100,4933,1,0
A,H,H,5155,100,5155,1,0
B,H,H,7175,100,7175,1,0
C,H,H,5134,100,5134,1,0
D,H,H,1412,100,1412,1,0
E,H,H,4964,100,4964,1,0
F,H,H,6993,100,6993,1,0
G,H,H,4920,100,4920,1,0
A,B,A,4945,100,4945,1,0
A,C,A,7031,100,7031,1,0
A,D,A,4943,100,4943,1,0
A,E,A,1417,100,1417,1,0
A,F,A,5185,100,5185,1,0
A,G,A,7133,100,7133,1,0
A,H,A,5200,100,5200,1,0
A,B,B,4958,100,4958,1,0
B,C,B,4939,100,4939,1,0
B,D,B,6983,100,6983,1,0
B,E,B,5136,100,5136,1,0
B,F,B,1393,100,1393,1,0
B,G,B,5180,100,5180,1,0
B,H,B,7104,100,7104,1,0
A,C,C,7052,100,7052,1,0
B,C,C,4998,100,4998,1,0
C,D,C,4969,100,4969,1,0
C,E,C,7146,100,7146,1,0
C,F,C,5161,100,5161,1,0
C,G,C,1432,100,1432,1,0
C,H,C,5113,100,5113,1,0
A,D,D,4950,100,4950,1,0
B,D,D,7010,100,7010,1,0
C,D,D,4951,100,4951,1,0
D,E,D,5197,100,5197,1,0
D,F,D,7140,100,7140,1,0
D,G,D,5115,100,5115,1,0
D,H,D,1446,100,1446,1,0
A,E,E,1391,100,1391,1,0
B,E,E,5146,100,5146,1,0
C,E,E,7120,100,7120,1,0
D,E,E,5235,100,5235,1,0
E,F,E,4974,100,4974,1,0
E,G,E,7063,100,7063,1,0
E,H,E,4979,100,4979,1,0
A,F,F,5186,100,5186,1,0
B,F,F,1398,100,1398,1,0
C,F,F,5165,100,5165,1,0
D,F,F,7125,100,7125,1,0
E,F,F,4975,100,4975,1,0
F,G,F,4965,100,4965,1,0
F,H,F,6956,100,6956,1,0
A,G,G,7202,100,7202,1,0
B,G,G,5163,100,5163,1,0
C,G,G,1387,100,1387,1,0
D,G,G,5125,100,5125,1,0
E,G,G,7061,100,7061,1,0
F,G,G,4988,100,4988,1,0
G,H,G,4933,100,4933,1,0
A,H,H,5159,100,5159,1,0
B,H,H,7156,100,7156,1,0
C,H,H,5138,100,5138,1,0
D,H,H,1380,100,1380,1,0
E,H,H,4985,100,4985,1,0
F,H,H,7027,100,7027,1,0
G,H,H,4934,100,4934,1,0
A,B,A,4974,100,4974,1,0
A,C,A,7013,100,7013,1,0
A,D,A,4948,100,4948,1,0
A,E,A,1415,100,1415,1,0
A,F,A,5184,100,5184,1,0
A,G,A,7102,100,7102,1,0
A,H,A,5237,100,5237,1,0
A,B,B,4960,100,4960,1,0
B,C,B,4968,100,4968,1,0
B,D,B,7004,100,7004,1,0
B,E,B,5115,100,5115,1,0
B,F,B,1384,100,1384,1,0
B,G,B,5179,100,5179,1,0
B,H,B,7184,100,7184,1,0
A,C,C,7014,100,7014,1,0
B,C,C,4966,100,4966,1,0
C,D,C,4964,100,4964,1,0
C,E,C,7147,100,7147,1,0
C,F,C,5169,100,5169,1,0
C,G,C,1448,100,1448,1,0
C,H,C,5149,100,5149,1,0
A,D,D,4946,100,4946,1,0
B,D,D,6996,100,6996,1,0
C,D,D,4972,100,4972,1,0
D,E,D,5158,100,5158,1,0
D,F,D,7165,100,7165,1,0
D,G,D,5112,100,5112,1,0
D,H,D,1437,100,1437,1,0
A,E,E,1439,100,1439,1,0
B,E,E,5153,100,5153,1,0
C,E,E,7175,100,7175,1,0
D,E,E,5150,100,5150,1,0
E,F,E,4989,100,4989,1,0
E,G,E,7072,100,7072,1,0
E,H,E,4988,100,4988,1,0
A,F,F,5199,100,5199,1,0
B,F,F,1398,100,1398,1,0
C,F,F,5148,100,5148,1,0
D,F,F,7150,100,7150,1,0
E,F,F,4973,100,4973,1,0
F,G,F,4991,100,4991,1,0
F,H,F,6998,100,6998,1,0
A,G,G,7193,100,7193,1,0
B,G,G,5162,100,5162,1,0
C,G,G,1419,100,1419,1,0
D,G,G,5141,100,5141,1,0
E,G,G,7046,100,7046,1,0
F,G,G,4960,100,4960,1,0
G,H,G,4928,100,4928,1,0
A,H,H,5146,100,5146,1,0
B,H,H,7127,100,7127,1,0
C,H,H,5147,100,5147,1,0
D,H,H,1445,100,1445,1,0
E,H,H,5007,100,5007,1,0
F,H,H,6982,100,6982,1,0
G,H,H,4948,100,4948,1,0
A,B,A,4956,100,4956,1,0
A,C,A,7000,100,7000,1,0
A,D,A,4938,100,4938,1,0
A,E,A,1408,100,1408,1,0
A,F,A,5190,100,5190,1,0
A,G,A,7118,100,7118,1,0
A,H,A,5159,100,5159,1,0
A,B,B,4947,100,4947,1,0
B,C,B,4962,100,4962,1,0
B,D,B,7046,100,7046,1,0
B,E,B,5142,100,5142,1,0
B,F,B,1371,100,1371,1,0
B,G,B,5179,100,5179,1,0
B,H,B,7133,100,7133,1,0
A,C,C,6996,100,6996,1,0
B,C,C,4961,100,4961,1,0
C,D,C,4941,100,4941,1,0
C,E,C,7155,100,7155,1,0
C,F,C,5152,100,5152,1,0
C,G,C,1385,100,1385,1,0
C,H,C,5145,100,5145,1,0
A,D,D,4947,100,4947,1,0
B,D,D,7010,100,7010,1,0
C,D,D,4955,100,4955,1,0
D,E,D,5192,100,5192,1,0
D,F,D,7153,100,7153,1,0
D,G,D,5110,100,5110,1,0
D,H,D,1391,100,1391,1,0
A,E,E,1376,100,1376,1,0
B,E,E,5140,100,5140,1,0
C,E,E,7184,100,7184,1,0
D,E,E,5106,100,5106,1,0
E,F,E,4974,100,4974,1,0
E,G,E,7040,100,7040,1,0
E,H,E,4962,100,4962,1,0
A,F,F,5199,100,5199,1,0
B,F,F,1368,100,1368,1,0
C,F,F,5171,100,5171,1,0
D,F,F,7107,100,7107,1,0
E,F,F,4963,100,4963,1,0
F,G,F,4968,100,4968,1,0
F,H,F,6995,100,6995,1,0
A,G,G,7150,100,7150,1,0
B,G,G,5194,100,5194,1,0
C,G,G,1443,100,1443,1,0
D,G,G,5157,100,5157,1,0
E,G,G,7060,100,7060,1,0
F,G,G,4958,100,4958,1,0
G,H,G,4951,100,4951,1,0
A,H,H,5228,100,5228,1,0
B,H,H,7128,100,7128,1,0
C,H,H,5193,100,5193,1,0
D,H,H,1405,100,1405,1,0
E,H,H,4981,100,4981,1,0
F,H,H,7001,100,7001,1,0
G,H,H,4947,100,4947,1,0
A,B,A,4958,100,4958,1,0
A,C,A,7008,100,7008,1,0
A,D,A,4959,100,4959,1,0
A,E,A,1429,100,1429,1,0
A,F,A,5152,100,5152,1,0
A,G,A,7206,100,7206,1,0
A,H,A,5159,100,5159,1,0
A,B,B,4970,100,4970,1,0
B,C,B,4961,100,4961,1,0
B,D,B,7026,100,7026,1,0
B,E,B,5114,100,5114,1,0
B,F,B,1396,100,1396,1,0
B,G,B,5193,100,5193,1,0
B,H,B,7162,100,7162,1,0
A,C,C,7005,100,7005,1,0
B,C,C,4928,100,4928,1,0
C,D,C,4957,100,4957,1,0
C,E,C,7162,100,7162,1,0
C,F,C,5152,100,5152,1,0
C,G,C,1388,100,1388,1,0
C,H,C,5155,100,5155,1,0
A,D,D,4964,100,4964,1,0
B,D,D,6973,100,6973,1,0
C,D,D,4978,100,4978,1,0
D,E,D,5175,100,5175,1,0
D,F,D,7116,100,7116,1,0
D,G,D,5155,100,5155,1,0
D,H,D,1436,100,1436,1,0
A,E,E,1421,100,1421,1,0
B,E,E,5160,100,5160,1,0
C,E,E,7184,100,7184,1,0
D,E,E,5150,100,5150,1,0
E,F,E,4970,100,4970,1,0
E,G,E,7070,100,7070,1,0
E,H,E,4980,100,4980,1,0
A,F,F,5192,100,5192,1,0
B,F,F,1368,100,1368,1,0
C,F,F,5165,100,5165,1,0
D,F,F,7131,100,7131,1,0
E,F,F,4970,100,4970,1,0
F,G,F,4968,100,4968,1,0
F,H,F,7002,100,7002,1,0
A,G,G,7172,100,7172,1,0
B,G,G,5161,100,5161,1,0
C,G,G,1365,100,1365,1,0
D,G,G,5129,100,5129,1,0
E,G,G,7070,100,7070,1,0
F,G,G,4977,100,4977,1,0
G,H,G,4949,100,4949,1,0
A,H,H,5132,100,5132,1,0
B,H,H,7122,100,7122,1,0
C,H,H,5187,100,5187,1,0
D,H,H,1416,100,1416,1,0
E,H,H,4976,100,4976,1,0
F,H,H,7046,100,7046,1,0
G,H,H,4966,100,4966,1,0
A,B,A,4958,100,4958,1,0
A,C,A,7009,100,7009,1,0
A,D,A,4951,100,4951,1,0
A,E,A,1417,100,1417,1,0
A,F,A,5176,100,5176,1,0
A,G,A,7191,100,7191,1,0
A,H,A,5126,100,5126,1,0
A,B,B,4934,100,4934,1,0
B,C,B,4962,100,4962,1,0
B,D,B,7000,100,7000,1,0
B,E,B,5186,100,5186,1,0
B,F,B,1382,100,1382,1,0
B,G,B,5184,100,5184,1,0
B,H,B,7109,100,7109,1,0
A,C,C,7052,100,7052,1,0
B,C,C,4987,100,4987,1,0
C,D,C,4905,100,4905,1,0
C,E,C,7173,100,7173,1,0
C,F,C,5139,100,5139,1,0
C,G,C,1400,100,1400,1,0
C,H,C,5144,100,5144,1,0
A,D,D,4942,100,4942,1,0
B,D,D,7035,100,7035,1,0
C,D,D,4951,100,4951,1,0
D,E,D,5108,100,5108,1,0
D,F,D,7124,100,7124,1,0
D,G,D,5139,100,5139,1,0
D,H,D,1427,100,1427,1,0
A,E,E,1451,100,1451,1,0
B,E,E,5146,100,5146,1,0
C,E,E,7163,100,7163,1,0
D,E,E,5168,100,5168,1,0
E,F,E,5003,100,5003,1,0
E,G,E,7058,100,7058,1,0
E,H,E,4977,100,4977,1,0
A,F,F,5154,100,5154,1,0
B,F,F,1365,100,1365,1,0
C,F,F,5179,100,5179,1,0
D,F,F,7145,100,7145,1,0
E,F,F,4991,100,4991,1,0
F,G,F,4967,100,4967,1,0
F,H,F,6995,100,6995,1,0
A,G,G,7203,100,7203,1,0
B,G,G,5173,100,5173,1,0
C,G,G,1388,100,1388,1,0
D,G,G,5149,100,5149,1,0
E,G,G,7078,100,7078,1,0
F,G,G,4976,100,4976,1,0
G,H,G,4951,100,4951,1,0
A,H,H,5130,100,5130,1,0
B,H,H,7175,100,7175,1,0
C,H,H,5181,100,5181,1,0
D,H,H,1461,100,1461,1,0
E,H,H,4995,100,4995,1,0
F,H,H,6985,100,6985,1,0
G,H,H,4930,100,4930,1,0
A,B,A,4951,100,4951,1,0
A,C,A,7051,100,7051,1,0
A,D,A,4945,100,4945,1,0
A,E,A,1448,100,1448,1,0
A,F,A,5158,100,5158,1,0
A,G,A,7233,100,7233,1,0
A,H,A,5149,100,5149,1,0
A,B,B,4960,100,4960,1,0
B,C,B,4967,100,4967,1,0
B,D,B,6990,100,6990,1,0
B,E,B,5144,100,5144,1,0
B,F,B,1380,100,1380,1,0
B,G,B,5179,100,5179,1,0
B,H,B,7172,100,7172,1,0
A,C,C,7005,100,7005,1,0
B,C,C,4983,100,4983,1,0
C,D,C,4935,100,4935,1,0
C,E,C,7188,100,7188,1,0
C,F,C,5122,100,5122,1,0
C,G,C,1403,100,1403,1,0
C,H,C,5120,100,5120,1,0
A,D,D,4926,100,4926,1,0
B,D,D,7036,100,7036,1,0
C,D,D,4929,100,4929,1,0
D,E,D,5115,100,5115,1,0
D,F,D,7136,100,7136,1,0
D,G,D,5162,100,5162,1,0
D,H,D,1382,100,1382,1,0
A,E,E,1418,100,1418,1,0
B,E,E,5124,100,5124,1,0
C,E,E,7178,100,7178,1,0
D,E,E,5136,100,5136,1,0
E,F,E,4939,100,4939,1,0
E,G,E,7063,100,7063,1,0
E,H,E,4995,100,4995,1,0
A,F,F,5168,100,5168,1,0
B,F,F,1375,100,1375,1,0
C,F,F,5147,100,5147,1,0
D,F,F,7169,100,7169,1,0
E,F,F,4978,100,4978,1,0
F,G,F,4955,100,4955,1,0
F,H,F,7032,100,7032,1,0
A,G,G,7174,100,7174,1,0
B,G,G,5182,100,5182,1,0
C,G,G,1388,100,1388,1,0
D,G,G,5158,100,5158,1,0
E,G,G,7020,100,7020,1,0
F,G,G,4978,100,4978,1,0
G,H,G,4942,100,4942,1,0
A,H,H,5144,100,5144,1,0
B,H,H,7188,100,7188,1,0
C,H,H,5138,100,5138,1,0
D,H,H,1376,100,1376,1,0
E,H,H,4966,100,4966,1,0
F,H,H,6996,100,6996,1,0
G,H,H,4950,100,4950,1,0
A,B,A,4975,100,4975,1,0
A,C,A,7014,100,7014,1,0
A,D,A,4976,100,4976,1,0
A,E,A,1411,100,1411,1,0
A,F,A,5209,100,5209,1,0
A,G,A,7165,100,7165,1,0
A,H,A,5122,100,5122,1,0
A,B,B,4975,100,4975,1,0
B,C,B,4950,100,4950,1,0
B,D,B,7018,100,7018,1,0
B,E,B,5113,100,5113,1,0
B,F,B,1374,100,1374,1,0
B,G,B,5175,100,5175,1,0
B,H,B,7239,100,7239,1,0
A,C,C,7032,100,7032,1,0
B,C,C,4981,100,4981,1,0
C,D,C,4943,100,4943,1,0
C,E,C,7188,100,7188,1,0
C,F,C,5178,100,5178,1,0
C,G,C,1446,100,1446,1,0
C,H,C,5151,100,5151,1,0
A,D,D,4970,100,4970,1,0
B,D,D,7038,100,7038,1,0
C,D,D,4941,100,4941,1,0
D,E,D,5141,100,5141,1,0
D,F,D,7126,100,7126,1,0
D,G,D,5131,100,5131,1,0
D,H,D,1397,100,1397,1,0
A,E,E,1366,100,1366,1,0
B,E,E,5133,100,5133,1,0
C,E,E,7141,100,7141,1,0
D,E,E,5158,100,5158,1,0
E,F,E,4973,100,4973,1,0
E,G,E,7054,100,7054,1,0
E,H,E,4954,100,4954,1,0
A,F,F,5190,100,5190,1,0
B,F,F,1379,100,1379,1,0
C,F,F,5134,100,5134,1,0
D,F,F,7097,100,7097,1,0
E,F,F,4993,100,4993,1,0
F,G,F,4980,100,4980,1,0
F,H,F,7005,100,7005,1,0
A,G,G,7190,100,7190,1,0
B,G,G,5190,100,5190,1,0
C,G,G,1397,100,1397,1,0
D,G,G,5112,100,5112,1,0
E,G,G,7049,100,7049,1,0
F,G,G,4979,100,4979,1,0
G,H,G,4995,100,4995,1,0
A,H,H,5139,100,5139,1,0
B,H,H,7143,100,7143,1,0
C,H,H,5150,100,5150,1,0
D,H,H,1358,100,1358,1,0
E,H,H,4986,100,4986,1,0
F,H,H,7005,100,7005,1,0
G,H,H,4925,100,4925,1,0
A,B,A,4958,100,4958,1,0
A,C,A,7018,100,7018,1,0
A,D,A,4955,100,4955,1,0
A,E,A,1405,100,1405,1,0
A,F,A,5200,100,5200,1,0
A,G,A,7176,100,7176,1,0
A,H,A,5174,100,5174,1,0
A,B,B,4961,100,4961,1,0
B,C,B,4947,100,4947,1,0
B,D,B,7063,100,7063,1,0
B,E,B,5147,100,5147,1,0
B,F,B,1395,100,1395,1,0
B,G,B,5180,100,5180,1,0
B,H,B,7152,100,7152,1,0
A,C,C,7014,100,7014,1,0
B,C,C,4978,100,4978,1,0
C,D,C,4937,100,4937,1,0
C,E,C,7180,100,7180,1,0
C,F,C,5164,100,5164,1,0
C,G,C,1415,100,1415,1,0
C,H,C,5202,100,5202,1,0
A,D,D,4946,100,4946,1,0
B,D,D,6968,100,6968,1,0
C,D,D,4961,100,4961,1,0
D,E,D,5164,100,5164,1,0
D,F,D,7130,100,7130,1,0
D,G,D,5109,100,5109,1,0
D,H,D,1429,100,1429,1,0
A,E,E,1366,100,1366,1,0
B,E,E,5124,100,5124,1,0
C,E,E,7120,100,7120,1,0
D,E,E,5136,100,5136,1,0
E,F,E,4971,100,4971,1,0
E,G,E,7037,100,7037,1,0
E,H,E,4975,100,4975,1,0
A,F,F,5167,100,5167,1,0
B,F,F,1407,100,1407,1,0
C,F,F,5164,100,5164,1,0
D,F,F,7148,100,7148,1,0
E,F,F,4970,100,4970,1,0
F,G,F,4961,100,4961,1,0
F,H,F,7025,100,7025,1,0
A,G,G,7169,100,7169,1,0
B,G,G,5140,100,5140,1,0
C,G,G,1392,100,1392,1,0
D,G,G,5125,100,5125,1,0
E,G,G,7075,100,7075,1,0
F,G,G,4963,100,4963,1,0
G,H,G,4958,100,4958,1,0
A,H,H,5097,100,5097,1,0
B,H,H,7130,100,7130,1,0
C,H,H,5193,100,5193,1,0
D,H,H,1402,100,1402,1,0
E,H,H,4987,100,4987,1,0
F,H,H,7012,100,7012,1,0
G,H,H,4945,100,4945,1,0
A,B,A,4982,100,4982,1,0
A,C,A,7063,100,7063,1,0
A,D,A,4944,100,4944,1,0
A,E,A,1405,100,1405,1,0
A,F,A,5185,100,5185,1,0
A,G,A,7190,100,7190,1,0
A,H,A,5177,100,5177,1,0
A,B,B,4958,100,4958,1,0
B,C,B,4998,100,4998,1,0
B,D,B,7021,100,7021,1,0
B,E,B,5139,100,5139,1,0
B,F,B,1376,100,1376,1,0
B,G,B,5180,100,5180,1,0
B,H,B,7176,100,7176,1,0
A,C,C,7035,100,7035,1,0
B,C,C,4994,100,4994,1,0
C,D,C,4973,100,4973,1,0
C,E,C,7196,100,7196,1,0
C,F,C,5126,100,5126,1,0
C,G,C,1371,100,1371,1,0
C,H,C,5146,100,5146,1,0
A,D,D,4960,100,4960,1,0
B,D,D,6962,100,6962,1,0
C,D,D,4973,100,4973,1,0
D,E,D,5182,100,5182,1,0
D,F,D,7155,100,7155,1,0
D,G,D,5127,100,5127,1,0
D,H,D,1355,100,1355,1,0
A,E,E,1354,100,1354,1,0
B,E,E,5133,100,5133,1,0
C,E,E,7176,100,7176,1,0
D,E,E,5222,100,5222,1,0
E,F,E,4992,100,4992,1,0
E,G,E,7059,100,7059,1,0
E,H,E,4969,100,4969,1,0
A,F,F,5167,100,5167,1,0
B,F,F,1398,100,1398,1,0
C,F,F,5144,100,5144,1,0
D,F,F,7126,100,7126,1,0
E,F,F,4960,100,4960,1,0
F,G,F,4972,100,4972,1,0
F,H,F,6964,100,6964,1,0
A,G,G,7163,100,7163,1,0
B,G,G,5229,100,5229,1,0
C,G,G,1377,100,1377,1,0
D,G,G,5152,100,5152,1,0
E,G,G,7065,100,7065,1,0
F,G,G,4975,100,4975,1,0
G,H,G,4936,100,4936,1,0
A,H,H,5172,100,5172,1,0
B,H,H,7105,100,7105,1,0
C,H,H,5121,100,5121,1,0
D,H,H,1414,100,1414,1,0
E,H,H,4962,100,4962,1,0
F,H,H,6986,100,6986,1,0
G,H,H,4967,100,4967,1,0
A,B,A,4928,100,4928,1,0
A,C,A,7015,100,7015,1,0
A,D,A,4955,100,4955,1,0
A,E,A,1430,100,1430,1,0
A,F,A,5176,100,5176,1,0
A,G,A,7135,100,7135,1,0
A,H,A,5143,100,5143,1,0
A,B,B,4930,100,4930,1,0
B,C,B,4981,100,4981,1,0
B,D,B,7062,100,7062,1,0
B,E,B,5172,100,5172,1,0
B,F,B,1393,100,1393,1,0
B,G,B,5184,100,5184,1,0
B,H,B,7146,100,7146,1,0
A,C,C,7011,100,7011,1,0
B,C,C,4977,100,4977,1,0
C,D,C,4912,100,4912,1,0
C,E,C,7175,100,7175,1,0
C,F,C,5146,100,5146,1,0
C,G,C,1374,100,1374,1,0
C,H,C,5135,100,5135,1,0
A,D,D,4916,100,4916,1,0
B,D,D,6975,100,6975,1,0
C,D,D,4943,100,4943,1,0
D,E,D,5234,100,5234,1,0
D,F,D,7163,100,7163,1,0
D,G,D,5139,100,5139,1,0
D,H,D,1417,100,1417,1,0
A,E,E,1355,100,1355,1,0
B,E,E,5151,100,5151,1,0
C,E,E,7164,100,7164,1,0
D,E,E,5187,100,5187,1,0
E,F,E,4986,100,4986,1,0
E,G,E,7045,100,7045,1,0
E,H,E,4996,100,4996,1,0
A,F,F,5164,100,5164,1,0
B,F,F,1410,100,1410,1,0
C,F,F,5150,100,5150,1,0
D,F,F,7148,100,7148,1,0
E,F,F,4954,100,4954,1,0
F,G,F,4972,100,4972,1,0
F,H,F,6976,100,6976,1,0
A,G,G,7171,100,7171,1,0
B,G,G,5173,100,5173,1,0
C,G,G,1392,100,1392,1,0
D,G,G,5160,100,5160,1,0
E,G,G,7055,100,7055,1,0
F,G,G,4970,100,4970,1,0
G,H,G,4963,100,4963,1,0
A,H,H,5139,100,5139,1,0
B,H,H,7148,100,7148,1,0
C,H,H,5111,100,5111,1,0
D,H,H,1463,100,1463,1,0
E,H,H,4976,100,4976,1,0
F,H,H,6956,100,6956,1,0
G,H,H,4920,100,4920,1,0
A,B,A,4982,100,4982,1,0
A,C,A,6953,100,6953,1,0
A,D,A,4945,100,4945,1,0
A,E,A,1439,100,1439,1,0
A,F,A,5171,100,5171,1,0
A,G,A,7166,100,7166,1,0
A,H,A,5112,100,5112,1,0
A,B,B,4950,100,4950,1,0
B,C,B,4964,100,4964,1,0
B,D,B,6999,100,6999,1,0
B,E,B,5146,100,5146,1,0
B,F,B,1424,100,1424,1,0
B,G,B,5211,100,5211,1,0
B,H,B,7187,100,7187,1,0
A,C,C,7041,100,7041,1,0
B,C,C,4978,100,4978,1,0
C,D,C,4967,100,4967,1,0
C,E,C,7184,100,7184,1,0
C,F,C,5154,100,5154,1,0
C,G,C,1406,100,1406,1,0
C,H,C,5135,100,5135,1,0
A,D,D,4951,100,4951,1,0
B,D,D,6967,100,6967,1,0
C,D,D,4963,100,4963,1,0
D,E,D,5191,100,5191,1,0
D,F,D,7123,100,7123,1,0
D,G,D,5130,100,5130,1,0
D,H,D,1395,100,1395,1,0
A,E,E,1444,100,1444,1,0
B,E,E,5137,100,5137,1,0
C,E,E,7193,100,7193,1,0
D,E,E,5131,100,5131,1,0
E,F,E,4947,100,4947,1,0
E,G,E,7080,100,7080,1,0
E,H,E,4964,100,4964,1,0
A,F,F,5135,100,5135,1,0
B,F,F,1371,100,1371,1,0
C,F,F,5137,100,5137,1,0
D,F,F,7132,100,7132,1,0
E,F,F,4979,100,4979,1,0
F,G,F,4950,100,4950,1,0
F,H,F,7008,100,7008,1,0
A,G,G,7185,100,7185,1,0
B,G,G,5185,100,5185,1,0
C,G,G,1370,100,1370,1,0
D,G,G,5129,100,5129,1,0
E,G,G,7007,100,7007,1,0
F,G,G,4950,100,4950,1,0
G,H,G,4972,100,4972,1,0
A,H,H,5110,100,5110,1,0
B,H,H,7159,100,7159,1,0
C,H,H,5196,100,5196,1,0
D,H,H,1415,100,1415,1,0
E,H,H,4953,100,4953,1,0
F,H,H,7051,100,7051,1,0
G,H,H,4977,100,4977,1,0
A,B,A,4950,100,4950,1,0
A,C,A,6971,100,6971,1,0
A,D,A,4950,100,4950,1,0
A,E,A,1424,100,1424,1,0
A,F,A,5174,100,5174,1,0
A,G,A,7199,100,7199,1,0
A,H,A,5182,100,5182,1,0
A,B,B,4934,100,4934,1,0
B,C,B,4968,100,4968,1,0
B,D,B,7034,100,7034,1,0
B,E,B,5102,100,5102,1,0
B,F,B,1412,100,1412,1,0
B,G,B,5200,100,5200,1,0
B,H,B,7128,100,7128,1,0
A,C,C,7018,100,7018,1,0
B,C,C,4978,100,4978,1,0
C,D,C,4941,100,4941,1,0
C,E,C,7153,100,7153,1,0
C,F,C,5127,100,5127,1,0
C,G,C,1434,100,1434,1,0
C,H,C,5120,100,5120,1,0
A,D,D,4922,100,4922,1,0
B,D,D,6953,100,6953,1,0
C,D,D,4964,100,4964,1,0
D,E,D,5157,100,5157,1,0
D,F,D,7114,100,7114,1,0
D,G,D,5143,100,5143,1,0
D,H,D,1435,100,1435,1,0
A,E,E,1457,100,1457,1,0
B,E,E,5116,100,5116,1,0
C,E,E,7176,100,7176,1,0
D,E,E,5113,100,5113,1,0
E,F,E,4993,100,4993,1,0
E,G,E,7029,100,7029,1,0
E,H,E,4973,100,4973,1,0
A,F,F,5143,100,5143,1,0
B,F,F,1374,100,1374,1,0
C,F,F,5141,100,5141,1,0
D,F,F,7123,100,7123,1,0
E,F,F,4951,100,4951,1,0
F,G,F,4972,100,4972,1,0
F,H,F,6998,100,6998,1,0
A,G,G,7146,100,7146,1,0
B,G,G,5189,100,5189,1,0
C,G,G,1377,100,1377,1,0
D,G,G,5137,100,5137,1,0
E,G,G,7080,100,7080,1,0
F,G,G,4999,100,4999,1,0
G,H,G,4971,100,4971,1,0
A,H,H,5139,100,5139,1,0
B,H,H,7115,100,7115,1,0
C,H,H,5164,100,5164,1,0
D,H,H,1380,100,1380,1,0
E,H,H,4980,100,4980,1,0
F,H,H,7018,100,7018,1,0
G,H,H,4946,100,4946,1,0
A,B,A,4974,100,4974,1,0
A,C,A,7004,100,7004,1,0
A,D,A,4946,100,4946,1,0
A,E,A,1426,100,1426,1,0
A,F,A,5199,100,5199,1,0
A,G,A,7116,100,7116,1,0
A,H,A,5213,100,5213,1,0
A,B,B,4975,100,4975,1,0
B,C,B,5016,100,5016,1,0
B,D,B,6986,100,6986,1,0
B,E,B,5127,100,5127,1,0
B,F,B,1396,100,1396,1,0
B,G,B,5179,100,5179,1,0
B,H,B,7230,100,7230,1,0
A,C,C,7009,100,7009,1,0
B,C,C,4955,100,4955,1,0
C,D,C,4933,100,4933,1,0
C,E,C,7209,100,7209,1,0
C,F,C,5133,100,5133,1,0
C,G,C,1377,100,1377,1,0
C,H,C,5184,100,5184,1,0
A,D,D,4943,100,4943,1,0
B,D,D,7030,100,7030,1,0
C,D,D,4942,100,4942,1,0
D,E,D,5180,100,5180,1,0
D,F,D,7152,100,7152,1,0
D,G,D,5135,100,5135,1,0
D,H,D,1409,100,1409,1,0
A,E,E,1456,100,1456,1,0
B,E,E,5148,100,5148,1,0
C,E,E,7179,100,7179,1,0
D,E,E,5264,100,5264,1,0
E,F,E,4981,100,4981,1,0
E,G,E,7027,100,7027,1,0
E,H,E,4934,100,4934,1,0
A,F,F,5162,100,5162,1,0
B,F,F,1428,100,1428,1,0
C,F,F,5183,100,5183,1,0
D,F,F,7126,100,7126,1,0
E,F,F,4959,100,4959,1,0
F,G,F,4966,100,4966,1,0
F,H,F,7024,100,7024,1,0
A,G,G,7119,100,7119,1,0
B,G,G,5185,100,5185,1,0
C,G,G,1407,100,1407,1,0
D,G,G,5131,100,5131,1,0
E,G,G,7070,100,7070,1,0
F,G,G,4969,100,4969,1,0
G,H,G,4957,100,4957,1,0
A,H,H,5164,100,5164,1,0
B,H,H,7161,100,7161,1,0
C,H,H,5180,100,5180,1,0
D,H,H,1407,100,1407,1,0
E,H,H,4959,100,4959,1,0
F,H,H,7012,100,7012,1,0
G,H,H,4953,100,4953,1,0
A,B,A,4991,100,4991,1,0
A,C,A,7004,100,7004,1,0
A,D,A,4939,100,4939,1,0
A,E,A,1426,100,1426,1,0
A,F,A,5118,100,5118,1,0
A,G,A,7160,100,7160,1,0
A,H,A,5146,100,5146,1,0
A,B,B,5018,100,5018,1,0
B,C,B,4993,100,4993,1,0
B,D,B,6996,100,6996,1,0
B,E,B,5142,100,5142,1,0
B,F,B,1371,100,1371,1,0
B,G,B,5196,100,5196,1,0
B,H,B,7128,100,7128,1,0
A,C,C,7019,100,7019,1,0
B,C,C,4976,100,4976,1,0
C,D,C,4985,100,4985,1,0
C,E,C,7183,100,7183,1,0
C,F,C,5177,100,5177,1,0
C,G,C,1366,100,1366,1,0
C,H,C,5107,100,5107,1,0
A,D,D,4954,100,4954,1,0
B,D,D,7016,100,7016,1,0
C,D,D,4979,100,4979,1,0
D,E,D,5177,100,5177,1,0
D,F,D,7135,100,7135,1,0
D,G,D,5169,100,5169,1,0
D,H,D,1373,100,1373,1,0
A,E,E,1388,100,1388,1,0
B,E,E,5160,100,5160,1,0
C,E,E,7186,100,7186,1,0
D,E,E,5159,100,5159,1,0
E,F,E,4992,100,4992,1,0
E,G,E,7099,100,7099,1,0
E,H,E,4964,100,4964,1,0
A,F,F,5177,100,5177,1,0
B,F,F,1395,100,1395,1,0
C,F,F,5147,100,5147,1,0
D,F,F,7153,100,7153,1,0
E,F,F,4970,100,4970,1,0
F,G,F,4983,100,4983,1,0
F,H,F,6975,100,6975,1,0
A,G,G,7184,100,7184,1,0
B,G,G,5206,100,5206,1,0
C,G,G,1388,100,1388,1,0
D,G,G,5146,100,5146,1,0
E,G,G,7034,100,7034,1,0
F,G,G,4961,100,4961,1,0
G,H,G,4942,100,4942,1,0
A,H,H,5122,100,5122,1,0
B,H,H,7114,100,7114,1,0
C,H,H,5143,100,5143,1,0
D,H,H,1422,100,1422,1,0
E,H,H,4980,100,4980,1,0
F,H,H,6987,100,6987,1,0
G,H,H,4931,100,4931,1,0
A,B,A,4965,100,4965,1,0
A,C,A,6998,100,6998,1,0
A,D,A,4953,100,4953,1,0
A,E,A,1424,100,1424,1,0
A,F,A,5237,100,5237,1,0
A,G,A,7144,100,7144,1,0
A,H,A,5159,100,5159,1,0
A,B,B,4947,100,4947,1,0
B,C,B,4964,100,4964,1,0
B,D,B,6996,100,6996,1,0
B,E,B,5121,100,5121,1,0
B,F,B,1368,100,1368,1,0
B,G,B,5176,100,5176,1,0
B,H,B,7162,100,7162,1,0
A,C,C,6981,100,6981,1,0
B,C,C,4983,100,4983,1,0
C,D,C,4983,100,4983,1,0
C,E,C,7149,100,7149,1,0
C,F,C,5140,100,5140,1,0
C,G,C,1425,100,1425,1,0
C,H,C,5136,100,5136,1,0
A,D,D,4961,100,4961,1,0
B,D,D,7018,100,7018,1,0
C,D,D,4933,100,4933,1,0
D,E,D,5126,100,5126,1,0
D,F,D,7183,100,7183,1,0
D,G,D,5133,100,5133,1,0
D,H,D,1404,100,1404,1,0
A,E,E,1410,100,1410,1,0
B,E,E,5131,100,5131,1,0
C,E,E,7184,100,7184,1,0
D,E,E,5162,100,5162,1,0
E,F,E,4989,100,4989,1,0
E,G,E,7064,100,7064,1,0
E,H,E,4968,100,4968,1,0
A,F,F,5241,100,5241,1,0
B,F,F,1439,100,1439,1,0
C,F,F,5175,100,5175,1,0
D,F,F,7143,100,7143,1,0
E,F,F,4970,100,4970,1,0
F,G,F,5002,100,5002,1,0
F,H,F,7046,100,7046,1,0
A,G,G,7183,100,7183,1,0
B,G,G,5216,100,5216,1,0
C,G,G,1379,100,1379,1,0
D,G,G,5188,100,5188,1,0
E,G,G,7048,100,7048,1,0
F,G,G,4985,100,4985,1,0
G,H,G,4945,100,4945,1,0
A,H,H,5115,100,5115,1,0
B,H,H,7139,100,7139,1,0
C,H,H,5138,100,5138,1,0
D,H,H,1390,100,1390,1,0
E,H,H,4970,100,4970,1,0
F,H,H,7000,100,7000,1,0
G,H,H,4952,100,4952,1,0
A,B,A,4958,100,4958,1,0
A,C,A,7024,100,7024,1,0
A,D,A,4945,100,4945,1,0
A,E,A,1415,100,1415,1,0
A,F,A,5161,100,5161,1,0
A,G,A,7201,100,7201,1,0
A,H,A,5169,100,5169,1,0
A,B,B,4974,100,4974,1,0
B,C,B,4989,100,4989,1,0
B,D,B,6962,100,6962,1,0
B,E,B,5092,100,5092,1,0
B,F,B,1414,100,1414,1,0
B,G,B,5181,100,5181,1,0
B,H,B,7108,100,7108,1,0
A,C,C,7009,100,7009,1,0
B,C,C,4994,100,4994,1,0
C,D,C,4924,100,4924,1,0
C,E,C,7161,100,7161,1,0
C,F,C,5150,100,5150,1,0
C,G,C,1429,100,1429,1,0
C,H,C,5157,100,5157,1,0
A,D,D,4963,100,4963,1,0
B,D,D,6981,100,6981,1,0
C,D,D,4949,100,4949,1,0
D,E,D,5179,100,5179,1,0
D,F,D,7134,100,7134,1,0
D,G,D,5148,100,5148,1,0
D,H,D,1459,100,1459,1,0
A,E,E,1388,100,1388,1,0
B,E,E,5163,100,5163,1,0
C,E,E,7234,100,7234,1,0
D,E,E,5145,100,5145,1,0
E,F,E,4988,100,4988,1,0
E,G,E,7035,100,7035,1,0
E,H,E,4952,100,4952,1,0
A,F,F,5170,100,5170,1,0
B,F,F,1430,100,1430,1,0
C,F,F,5167,100,5167,1,0
D,F,F,7183,100,7183,1,0
E,F,F,4962,100,4962,1,0
F,G,F,4992,100,4992,1,0
F,H,F,6992,100,6992,1,0
A,G,G,7185,100,7185,1,0
B,G,G,5204,100,5204,1,0
C,G,G,1367,100,1367,1,0
D,G,G,5120,100,5120,1,0
E,G,G,7050,100,7050,1,0
F,G,G,4987,100,4987,1,0
G,H,G,4925,100,4925,1,0
A,H,H,5134,100,5134,1,0
B,H,H,7099,100,7099,1,0
C,H,H,5175,100,5175,1,0
D,H,H,1458,100,1458,1,0
E,H,H,5006,100,5006,1,0
F,H,H,6975,100,6975,1,0
G,H,H,4995,100,4995,1,0
A,B,A,4942,100,4942,1,0
A,C,A,6996,100,6996,1,0
A,D,A,4921,100,4921,1,0
A,E,A,1380,100,1380,1,0
A,F,A,5155,100,5155,1,0
A,G,A,7188,100,7188,1,0
A,H,A,5133,100,5133,1,0
A,B,B,4955,100,4955,1,0
B,C,B,5007,100,5007,1,0
B,D,B,7026,100,7026,1,0
B,E,B,5165,100,5165,1,0
B,F,B,1404,100,1404,1,0
B,G,B,5194,100,5194,1,0
B,H,B,7097,100,7097,1,0
A,C,C,7017,100,7017,1,0
B,C,C,4991,100,4991,1,0
C,D,C,4922,100,4922,1,0
C,E,C,7199,100,7199,1,0
C,F,C,5157,100,5157,1,0
C,G,C,1429,100,1429,1,0
C,H,C,5144,100,5144,1,0
A,D,D,4923,100,4923,1,0
B,D,D,7033,100,7033,1,0
C,D,D,4936,100,4936,1,0
D,E,D,5125,100,5125,1,0
D,F,D,7106,100,7106,1,0
D,G,D,5129,100,5129,1,0
D,H,D,1424,100,1424,1,0
A,E,E,1429,100,1429,1,0
B,E,E,5126,100,5126,1,0
C,E,E,7178,100,7178,1,0
D,E,E,5138,100,5138,1,0
E,F,E,4973,100,4973,1,0
E,G,E,7033,100,7033,1,0
E,H,E,4941,100,4941,1,0
A,F,F,5124,100,5124,1,0
B,F,F,1391,100,1391,1,0
C,F,F,5187,100,5187,1,0
D,F,F,7162,100,7162,1,0
E,F,F,4960,100,4960,1,0
F,G,F,4975,100,4975,1,0
F,H,F,6997,100,6997,1,0
A,G,G,7151,100,7151,1,0
B,G,G,5237,100,5237,1,0
C,G,G,1433,100,1433,1,0
D,G,G,5111,100,5111,1,0
E,G,G,7073,100,7073,1,0
F,G,G,4970,100,4970,1,0
G,H,G,4916,100,4916,1,0
A,H,H,5162,100,5162,1,0
B,H,H,7107,100,7107,1,0
C,H,H,5163,100,5163,1,0
D,H,H,1438,100,1438,1,0
E,H,H,4981,100,4981,1,0
F,H,H,7035,100,7035,1,0
G,H,H,4981,100,4981,1,0
A,B,A,4949,100,4949,1,0
A,C,A,7005,100,7005,1,0
A,D,A,4952,100,4952,1,0
A,E,A,1436,100,1436,1,0
A,F,A,5226,100,5226,1,0
A,G,A,7189,100,7189,1,0
A,H,A,5159,100,5159,1,0
A,B,B,4955,100,4955,1,0
B,C,B,4960,100,4960,1,0
B,D,B,6999,100,6999,1,0
B,E,B,5103,100,5103,1,0
B,F,B,1382,100,1382,1,0
B,G,B,5196,100,5196,1,0
B,H,B,7189,100,7189,1,0
A,C,C,7018,100,7018,1,0
B,C,C,5002,100,5002,1,0
C,D,C,4962,100,4962,1,0
C,E,C,7182,100,7182,1,0
C,F,C,5122,100,5122,1,0
C,G,C,1348,100,1348,1,0
C,H,C,5144,100,5144,1,0
A,D,D,4946,100,4946,1,0
B,D,D,6986,100,6986,1,0
C,D,D,4982,100,4982,1,0
D,E,D,5211,100,5211,1,0
D,F,D,7119,100,7119,1,0
D,G,D,5153,100,5153,1,0
D,H,D,1383,100,1383,1,0
A,E,E,1427,100,1427,1,0
B,E,E,5156,100,5156,1,0
C,E,E,7190,100,7190,1,0
D,E,E,5149,100,5149,1,0
E,F,E,4964,100,4964,1,0
E,G,E,7034,100,7034,1,0
E,H,E,4961,100,4961,1,0
A,F,F,5176,100,5176,1,0
B,F,F,1350,100,1350,1,0
C,F,F,5130,100,5130,1,0
D,F,F,7146,100,7146,1,0
E,F,F,4971,100,4971,1,0
F,G,F,4958,100,4958,1,0
F,H,F,7001,100,7001,1,0
A,G,G,7183,100,7183,1,0
B,G,G,5157,100,5157,1,0
C,G,G,1354,100,1354,1,0
D,G,G,5146,100,5146,1,0
E,G,G,7042,100,7042,1,0
F,G,G,4965,100,4965,1,0
G,H,G,4930,100,4930,1,0
A,H,H,5151,100,5151,1,0
B,H,H,7193,100,7193,1,0
C,H,H,5157,100,5157,1,0
D,H,H,1367,100,1367,1,0
E,H,H,4988,100,4988,1,0
F,H,H,7007,100,7007,1,0
G,H,H,4966,100,4966,1,0
A,B,A,4953,100,4953,1,0
A,C,A,6996,100,6996,1,0
A,D,A,4954,100,4954,1,0
A,E,A,1443,100,1443,1,0
A,F,A,5110,100,5110,1,0
A,G,A,7225,100,7225,1,0
A,H,A,5118,100,5118,1,0
A,B,B,4976,100,4976,1,0
B,C,B,5008,100,5008,1,0
B,D,B,7040,100,7040,1,0
B,E,B,5171,100,5171,1,0
B,F,B,1385,100,1385,1,0
B,G,B,5183,100,5183,1,0
B,H,B,7138,100,7138,1,0
A,C,C,7033,100,7033,1,0
B,C,C,4976,100,4976,1,0
C,D,C,4988,100,4988,1,0
C,E,C,7175,100,7175,1,0
C,F,C,5143,100,5143,1,0
C,G,C,1380,100,1380,1,0
C,H,C,5141,100,5141,1,0
A,D,D,4927,100,4927,1,0
B,D,D,6986,100,6986,1,0
C,D,D,4964,100,4964,1,0
D,E,D,5212,100,5212,1,0
D,F,D,7114,100,7114,1,0
D,G,D,5118,100,5118,1,0
D,H,D,1423,100,1423,1,0
A,E,E,1393,100,1393,1,0
B,E,E,5080,100,5080,1,0
C,E,E,7144,100,7144,1,0
D,E,E,5139,100,5139,1,0
E,F,E,4933,100,4933,1,0
E,G,E,7081,100,7081,1,0
E,H,E,4981,100,4981,1,0
A,F,F,5135,100,5135,1,0
B,F,F,1408,100,1408,1,0
C,F,F,5137,100,5137,1,0
D,F,F,7116,100,7116,1,0
E,F,F,4963,100,4963,1,0
F,G,F,4949,100,4949,1,0
F,H,F,7011,100,7011,1,0
A,G,G,7157,100,7157,1,0
B,G,G,5200,100,5200,1,0
C,G,G,1430,100,1430,1,0
D,G,G,5142,100,5142,1,0
E,G,G,7038,100,7038,1,0
F,G,G,4979,100,4979,1,0
G,H,G,4960,100,4960,1,0
A,H,H,5145,100,5145,1,0
B,H,H,7123,100,7123,1,0
C,H,H,5120,100,5120,1,0
D,H,H,1396,100,1396,1,0
E,H,H,5013,100,5013,1,0
F,H,H,6982,100,6982,1,0
G,H,H,4957,100,4957,1,0
A,B,A,4953,100,4953,1,0
A,C,A,7058,100,7058,1,0
A,D,A,4968,100,4968,1,0
A,E,A,1436,100,1436,1,0
A,F,A,5133,100,5133,1,0
A,G,A,7193,100,7193,1,0
A,H,A,5156,100,5156,1,0
A,B,B,4952,100,4952,1,0
B,C,B,4970,100,4970,1,0
B,D,B,6996,100,6996,1,0
B,E,B,5175,100,5175,1,0
B,F,B,1388,100,1388,1,0
B,G,B,5188,100,5188,1,0
B,H,B,7206,100,7206,1,0
A,C,C,6999,100,6999,1,0
B,C,C,5025,100,5025,1,0
C,D,C,4940,100,4940,1,0
C,E,C,7155,100,7155,1,0
C,F,C,5147,100,5147,1,0
C,G,C,1400,100,1400,1,0
C,H,C,5140,100,5140,1,0
A,D,D,4910,100,4910,1,0
B,D,D,6998,100,6998,1,0
C,D,D,4940,100,4940,1,0
D,E,D,5177,100,5177,1,0
D,F,D,7131,100,7131,1,0
D,G,D,5092,100,5092,1,0
D,H,D,1403,100,1403,1,0
A,E,E,1374,100,1374,1,0
B,E,E,5139,100,5139,1,0
C,E,E,7134,100,7134,1,0
D,E,E,5087,100,5087,1,0
E,F,E,4968,100,4968,1,0
E,G,E,7040,100,7040,1,0
E,H,E,4984,100,4984,1,0
A,F,F,5159,100,5159,1,0
B,F,F,1375,100,1375,1,0
C,F,F,5155,100,5155,1,0
D,F,F,7091,100,7091,1,0
E,F,F,4988,100,4988,1,0
F,G,F,4972,100,4972,1,0
F,H,F,6995,100,6995,1,0
A,G,G,7142,100,7142,1,0
B,G,G,5196,100,5196,1,0
C,G,G,1394,100,1394,1,0
D,G,G,5151,100,5151,1,0
E,G,G,7072,100,7072,1,0
F,G,G,5007,100,5007,1,0
G,H,G,5004,100,5004,1,0
A,H,H,5160,100,5160,1,0
B,H,H,7115,100,7115,1,0
C,H,H,5152,100,5152,1,0
D,H,H,1390,100,1390,1,0
E,H,H,4937,100,4937,1,0
F,H,H,7002,100,7002,1,0
G,H,H,4948,100,4948,1,0
A,B,A,4941,100,4941,1,0
A,C,A,6992,100,6992,1,0
A,D,A,4950,100,4950,1,0
A,E,A,1464,100,1464,1,0
A,F,A,5170,100,5170,1,0
A,G,A,7155,100,7155,1,0
A,H,A,5150,100,5150,1,0
A,B,B,4964,100,4964,1,0
B,C,B,4993,100,4993,1,0
B,D,B,7046,100,7046,1,0
B,E,B,5117,100,5117,1,0
B,F,B,1385,100,1385,1,0
B,G,B,5204,100,5204,1,0
B,H,B,7164,100,7164,1,0
A,C,C,6990,100,6990,1,0
B,C,C,5018,100,5018,1,0
C,D,C,4952,100,4952,1,0
C,E,C,7182,100,7182,1,0
C,F,C,5163,100,5163,1,0
C,G,C,1417,100,1417,1,0
C,H,C,5144,100,5144,1,0
A,D,D,4930,100,4930,1,0
B,D,D,7032,100,7032,1,0
C,D,D,4946,100,4946,1,0
D,E,D,5216,100,5216,1,0
D,F,D,7158,100,7158,1,0
D,G,D,5155,100,5155,1,0
D,H,D,1404,100,1404,1,0
A,E,E,1409,100,1409,1,0
B,E,E,5127,100,5127,1,0
C,E,E,7126,100,7126,1,0
D,E,E,5108,100,5108,1,0
E,F,E,4978,100,4978,1,0
E,G,E,7092,100,7092,1,0
E,H,E,4975,100,4975,1,0
A,F,F,5157,100,5157,1,0
B,F,F,1409,100,1409,1,0
C,F,F,5168,100,5168,1,0
D,F,F,7173,100,7173,1,0
E,F,F,4967,100,4967,1,0
F,G,F,4968,100,4968,1,0
F,H,F,6983,100,6983,1,0
A,G,G,7223,100,7223,1,0
B,G,G,5194,100,5194,1,0
C,G,G,1420,100,1420,1,0
D,G,G,5125,100,5125,1,0
E,G,G,7066,100,7066,1,0
F,G,G,5005,100,5005,1,0
G,H,G,4964,100,4964,1,0
A,H,H,5175,100,5175,1,0
B,H,H,7129,100,7129,1,0
C,H,H,5166,100,5166,1,0
D,H,H,1355,100,1355,1,0
E,H,H,4971,100,4971,1,0
F,H,H,6992,100,6992,1,0
G,H,H,4947,100,4947,1,0
A,B,A,4956,100,4956,1,0
A,C,A,7061,100,7061,1,0
A,D,A,4946,100,4946,1,0
A,E,A,1403,100,1403,1,0
A,F,A,5182,100,5182,1,0
A,G,A,7169,100,7169,1,0
A,H,A,5157,100,5157,1,0
A,B,B,4959,100,4959,1,0
B,C,B,4948,100,4948,1,0
B,D,B,7010,100,7010,1,0
B,E,B,5148,100,5148,1,0
B,F,B,1414,100,1414,1,0
B,G,B,5194,100,5194,1,0
B,H,B,7141,100,7141,1,0
A,C,C,7044,100,7044,1,0
B,C,C,4975,100,4975,1,0
C,D,C,4918,100,4918,1,0
C,E,C,7164,100,7164,1,0
C,F,C,5129,100,5129,1,0
C,G,C,1380,100,1380,1,0
C,H,C,5182,100,5182,1,0
A,D,D,4913,100,4913,1,0
B,D,D,6992,100,6992,1,0
C,D,D,4938,100,4938,1,0
D,E,D,5205,100,5205,1,0
D,F,D,7117,100,7117,1,0
D,G,D,5107,100,5107,1,0
D,H,D,1408,100,1408,1,0
A,E,E,1402,100,1402,1,0
B,E,E,5110,100,5110,1,0
C,E,E,7152,100,7152,1,0
D,E,E,5199,100,5199,1,0
E,F,E,4947,100,4947,1,0
E,G,E,7040,100,7040,1,0
E,H,E,4950,100,4950,1,0
A,F,F,5149,100,5149,1,0
B,F,F,1400,100,1400,1,0
C,F,F,5168,100,5168,1,0
D,F,F,7147,100,7147,1,0
E,F,F,4965,100,4965,1,0
F,G,F,4965,100,4965,1,0
F,H,F,7010,100,7010,1,0
A,G,G,7168,100,7168,1,0
B,G,G,5222,100,5222,1,0
C,G,G,1385,100,1385,1,0
D,G,G,5100,100,5100,1,0
E,G,G,7062,100,7062,1,0
F,G,G,4964,100,4964,1,0
G,H,G,4975,100,4975,1,0
A,H,H,5172,100,5172,1,0
B,H,H,7170,100,7170,1,0
C,H,H,5152,100,5152,1,0
D,H,H,1400,100,1400,1,0
E,H,H,4974,100,4974,1,0
F,H,H,6998,100,6998,1,0
G,H,H,4939,100,4939,1,0
A,B,A,4948,100,4948,1,0
A,C,A,7011,100,7011,1,0
A,D,A,4925,100,4925,1,0
A,E,A,1375,100,1375,1,0
A,F,A,5212,100,5212,1,0
A,G,A,7179,100,7179,1,0
A,H,A,5113,100,5113,1,0
A,B,B,4946,100,4946,1,0
B,C,B,4942,100,4942,1,0
B,D,B,6998,100,6998,1,0
B,E,B,5146,100,5146,1,0
B,F,B,1429,100,1429,1,0
B,G,B,5209,100,5209,1,0
B,H,B,7180,100,7180,1,0
A,C,C,6998,100,6998,1,0
B,C,C,4975,100,4975,1,0
C,D,C,4980,100,4980,1,0
C,E,C,7207,100,7207,1,0
C,F,C,5138,100,5138,1,0
C,G,C,1392,100,1392,1,0
C,H,C,5180,100,5180,1,0
A,D,D,4950,100,4950,1,0
B,D,D,6986,100,6986,1,0
C,D,D,4974,100,4974,1,0
D,E,D,5180,100,5180,1,0
D,F,D,7130,100,7130,1,0
D,G,D,5163,100,5163,1,0
D,H,D,1387,100,1387,1,0
A,E,E,1449,100,1449,1,0
B,E,E,5111,100,5111,1,0
C,E,E,7194,100,7194,1,0
D,E,E,5198,100,5198,1,0
E,F,E,4933,100,4933,1,0
E,G,E,7037,100,7037,1,0
E,H,E,5009,100,5009,1,0
A,F,F,5153,100,5153,1,0
B,F,F,1401,100,1401,1,0
C,F,F,5159,100,5159,1,0
D,F,F,7155,100,7155,1,0
E,F,F,4971,100,4971,1,0
F,G,F,4976,100,4976,1,0
F,H,F,7021,100,7021,1,0
A,G,G,7190,100,7190,1,0
B,G,G,5225,100,5225,1,0
C,G,G,1404,100,1404,1,0
D,G,G,5118,100,5118,1,0
E,G,G,7061,100,7061,1,0
F,G,G,4969,100,4969,1,0
G,H,G,4973,100,4973,1,0
A,H,H,5119,100,5119,1,0
B,H,H,7142,100,7142,1,0
C,H,H,5170,100,5170,1,0
D,H,H,1457,100,1457,1,0
E,H,H,4970,100,4970,1,0
F,H,H,6996,100,6996,1,0
G,H,H,4942,100,4942,1,0
A,B,A,4987,100,4987,1,0
A,C,A,7050,100,7050,1,0
A,D,A,4930,100,4930,1,0
A,E,A,1463,100,1463,1,0
A,F,A,5176,100,5176,1,0
A,G,A,7144,100,7144,1,0
A,H,A,5138,100,5138,1,0
A,B,B,4966,100,4966,1,0
B,C,B,4999,100,4999,1,0
B,D,B,7054,100,7054,1,0
B,E,B,5128,100,5128,1,0
B,F,B,1403,100,1403,1,0
B,G,B,5176,100,5176,1,0
B,H,B,7134,100,7134,1,0
A,C,C,7062,100,7062,1,0
B,C,C,4982,100,4982,1,0
C,D,C,4957,100,4957,1,0
C,E,C,7179,100,7179,1,0
C,F,C,5148,100,5148,1,0
C,G,C,1422,100,1422,1,0
C,H,C,5146,100,5146,1,0
A,D,D,4952,100,4952,1,0
B,D,D,6966,100,6966,1,0
C,D,D,4952,100,4952,1,0
D,E,D,5210,100,5210,1,0
D,F,D,7164,100,7164,1,0
D,G,D,5146,100,5146,1,0
D,H,D,1467,100,1467,1,0
A,E,E,1467,100,1467,1,0
B,E,E,5153,100,5153,1,0
C,E,E,7232,100,7232,1,0
D,E,E,5146,100,5146,1,0
E,F,E,4971,100,4971,1,0
E,G,E,7041,100,7041,1,0
E,H,E,4938,100,4938,1,0
A,F,F,5150,100,5150,1,0
B,F,F,1376,100,1376,1,0
C,F,F,5135,100,5135,1,0
D,F,F,7160,100,7160,1,0
E,F,F,4960,100,4960,1,0
F,G,F,4991,100,4991,1,0
F,H,F,6970,100,6970,1,0
A,G,G,7159,100,7159,1,0
B,G,G,5214,100,5214,1,0
C,G,G,1397,100,1397,1,0
D,G,G,5130,100,5130,1,0
E,G,G,7043,100,7043,1,0
F,G,G,4987,100,4987,1,0
G,H,G,4934,100,4934,1,0
A,H,H,5151,100,5151,1,0
B,H,H,7204,100,7204,1,0
C,H,H,5151,100,5151,1,0
D,H,H,1418,100,1418,1,0
E,H,H,4953,100,4953,1,0
F,H,H,7029,100,7029,1,0
G,H,H,4962,100,4962,1,0
A,B,A,4986,100,4986,1,0
A,C,A,6985,100,6985,1,0
A,D,A,4946,100,4946,1,0
A,E,A,1410,100,1410,1,0
A,F,A,5137,100,5137,1,0
A,G,A,7207,100,7207,1,0
A,H,A,5150,100,5150,1,0
A,B,B,4993,100,4993,1,0
B,C,B,5017,100,5017,1,0
B,D,B,6970,100,6970,1,0
B,E,B,5150,100,5150,1,0
B,F,B,1384,100,1384,1,0
B,G,B,5197,100,5197,1,0
B,H,B,7150,100,7150,1,0
A,C,C,6969,100,6969,1,0
B,C,C,4984,100,4984,1,0
C,D,C,4961,100,4961,1,0
C,E,C,7150,100,7150,1,0
C,F,C,5154,100,5154,1,0
C,G,C,1406,100,1406,1,0
C,H,C,5145,100,5145,1,0
A,D,D,4952,100,4952,1,0
B,D,D,7002,100,7002,1,0
C,D,D,4950,100,4950,1,0
D,E,D,5181,100,5181,1,0
D,F,D,7120,100,7120,1,0
D,G,D,5178,100,5178,1,0
D,H,D,1460,100,1460,1,0
A,E,E,1393,100,1393,1,0
B,E,E,5115,100,5115,1,0
C,E,E,7176,100,7176,1,0
D,E,E,5202,100,5202,1,0
E,F,E,4958,100,4958,1,0
E,G,E,7051,100,7051,1,0
E,H,E,4976,100,4976,1,0
A,F,F,5202,100,5202,1,0
B,F,F,1369,100,1369,1,0
C,F,F,5151,100,5151,1,0
D,F,F,7114,100,7114,1,0
E,F,F,4956,100,4956,1,0
F,G,F,4985,100,4985,1,0
F,H,F,7037,100,7037,1,0
A,G,G,7129,100,7129,1,0
B,G,G,5168,100,5168,1,0
C,G,G,1410,100,1410,1,0
D,G,G,5103,100,5103,1,0
E,G,G,7050,100,7050,1,0
F,G,G,4999,100,4999,1,0
G,H,G,4929,100,4929,1,0
A,H,H,5195,100,5195,1,0
B,H,H,7116,100,7116,1,0
C,H,H,5192,100,5192,1,0
D,H,H,1443,100,1443,1,0
E,H,H,4962,100,4962,1,0
F,H,H,7021,100,7021,1,0
G,H,H,4957,100,4957,1,0
A,B,A,4973,100,4973,1,0
A,C,A,6992,100,6992,1,0
A,D,A,4942,100,4942,1,0
A,E,A,1421,100,1421,1,0
A,F,A,5175,100,5175,1,0
A,G,A,7183,100,7183,1,0
A,H,A,5174,100,5174,1,0
A,B,B,4930,100,4930,1,0
B,C,B,4954,100,4954,1,0
B,D,B,6976,100,6976,1,0
B,E,B,5105,100,5105,1,0
B,F,B,1410,100,1410,1,0
B,G,B,5177,100,5177,1,0
B,H,B,7125,100,7125,1,0
A,C,C,7087,100,7087,1,0
B,C,C,4950,100,4950,1,0
C,D,C,4938,100,4938,1,0
C,E,C,7161,100,7161,1,0
C,F,C,5187,100,5187,1,0
C,G,C,1383,100,1383,1,0
C,H,C,5150,100,5150,1,0
A,D,D,4942,100,4942,1,0
B,D,D,6998,100,6998,1,0
C,D,D,4960,100,4960,1,0
D,E,D,5182,100,5182,1,0
D,F,D,7133,100,7133,1,0
D,G,D,5141,100,5141,1,0
D,H,D,1448,100,1448,1,0
A,E,E,1388,100,1388,1,0
B,E,E,5132,100,5132,1,0
C,E,E,7176,100,7176,1,0
D,E,E,5139,100,5139,1,0
E,F,E,4928,100,4928,1,0
E,G,E,7076,100,7076,1,0
E,H,E,4968,100,4968,1,0
A,F,F,5211,100,5211,1,0
B,F,F,1415,100,1415,1,0
C,F,F,5147,100,5147,1,0
D,F,F,7154,100,7154,1,0
E,F,F,5030,100,5030,1,0
F,G,F,4962,100,4962,1,0
F,H,F,7037,100,7037,1,0
A,G,G,7157,100,7157,1,0
B,G,G,5184,100,5184,1,0
C,G,G,1355,100,1355,1,0
D,G,G,5168,100,5168,1,0
E,G,G,7051,100,7051,1,0
F,G,G,4983,100,4983,1,0
G,H,G,4931,100,4931,1,0
A,H,H,5097,100,5097,1,0
B,H,H,7115,100,7115,1,0
C,H,H,5163,100,5163,1,0
D,H,H,1358,100,1358,1,0
E,H,H,4940,100,4940,1,0
F,H,H,7006,100,7006,1,0
G,H,H,4963,100,4963,1,0
A,B,A,4973,100,4973,1,0
A,C,A,7007,100,7007,1,0
A,D,A,4948,100,4948,1,0
A,E,A,1466,100,1466,1,0
A,F,A,5170,100,5170,1,0
A,G,A,7222,100,7222,1,0
A,H,A,5139,100,5139,1,0
A,B,B,4959,100,4959,1,0
B,C,B,4956,100,4956,1,0
B,D,B,7022,100,7022,1,0
B,E,B,5158,100,5158,1,0
B,F,B,1387,100,1387,1,0
B,G,B,5180,100,5180,1,0
B,H,B,7169,100,7169,1,0
A,C,C,7052,100,7052,1,0
B,C,C,4995,100,4995,1,0
C,D,C,4943,100,4943,1,0
C,E,C,7134,100,7134,1,0
C,F,C,5144,100,5144,1,0
C,G,C,1431,100,1431,1,0
C,H,C,5142,100,5142,1,0
A,D,D,4942,100,4942,1,0
B,D,D,7006,100,7006,1,0
C,D,D,4923,100,4923,1,0
D,E,D,5220,100,5220,1,0
D,F,D,7100,100,7100,1,0
D,G,D,5138,100,5138,1,0
D,H,D,1388,100,1388,1,0
A,E,E,1387,100,1387,1,0
B,E,E,5185,100,5185,1,0
C,E,E,7110,100,7110,1,0
D,E,E,5120,100,5120,1,0
E,F,E,4998,100,4998,1,0
E,G,E,7052,100,7052,1,0
E,H,E,4969,100,4969,1,0
A,F,F,5164,100,5164,1,0
B,F,F,1393,100,1393,1,0
C,F,F,5176,100,5176,1,0
D,F,F,7127,100,7127,1,0
E,F,F,4975,100,4975,1,0
F,G,F,4974,100,4974,1,0
F,H,F,7024,100,7024,1,0
A,G,G,7191,100,7191,1,0
B,G,G,5210,100,5210,1,0
C,G,G,1445,100,1445,1,0
D,G,G,5129,100,5129,1,0
E,G,G,7044,100,7044,1,0
F,G,G,4987,100,4987,1,0
G,H,G,4936,100,4936,1,0
A,H,H,5121,100,5121,1,0
B,H,H,7174,100,7174,1,0
C,H,H,5146,100,5146,1,0
D,H,H,1401,100,1401,1,0
E,H,H,4970,100,4970,1,0
F,H,H,7017,100,7017,1,0
G,H,H,4968,100,4968,1,0
A,B,A,4969,100,4969,1,0
A,C,A,7013,100,7013,1,0
A,D,A,4957,100,4957,1,0
A,E,A,1437,100,1437,1,0
A,F,A,5163,100,5163,1,0
A,G,A,7203,100,7203,1,0
A,H,A,5111,100,5111,1,0
A,B,B,4990,100,4990,1,0
B,C,B,4960,100,4960,1,0
B,D,B,7021,100,7021,1,0
B,E,B,5117,100,5117,1,0
B,F,B,1389,100,1389,1,0
B,G,B,5180,100,5180,1,0
B,H,B,7131,100,7131,1,0
A,C,C,7056,100,7056,1,0
B,C,C,4986,100,4986,1,0
C,D,C,4935,100,4935,1,0
C,E,C,7146,100,7146,1,0
C,F,C,5144,100,5144,1,0
C,G,C,1380,100,1380,1,0
C,H,C,5098,100,5098,1,0
A,D,D,4940,100,4940,1,0
B,D,D,7013,100,7013,1,0
C,D,D,4946,100,4946,1,0
D,E,D,5195,100,5195,1,0
D,F,D,7130,100,7130,1,0
D,G,D,5160,100,5160,1,0
D,H,D,1371,100,1371,1,0
A,E,E,1386,100,1386,1,0
B,E,E,5169,100,5169,1,0
C,E,E,7191,100,7191,1,0
D,E,E,5188,100,5188,1,0
E,F,E,4958,100,4958,1,0
E,G,E,7046,100,7046,1,0
E,H,E,4935,100,4935,1,0
A,F,F,5214,100,5214,1,0
B,F,F,1399,100,1399,1,0
C,F,F,5160,100,5160,1,0
D,F,F,7109,100,7109,1,0
E,F,F,4977,100,4977,1,0
F,G,F,4998,100,4998,1,0
F,H,F,6981,100,6981,1,0
A,G,G,7199,100,7199,1,0
B,G,G,5136,100,5136,1,0
C,G,G,1391,100,1391,1,0
D,G,G,5106,100,5106,1,0
E,G,G,7017,100,7017,1,0
F,G,G,4986,100,4986,1,0
G,H,G,4961,100,4961,1,0
A,H,H,5158,100,5158,1,0
B,H,H,7166,100,7166,1,0
C,H,H,5139,100,5139,1,0
D,H,H,1408,100,1408,1,0
E,H,H,4953,100,4953,1,0
F,H,H,7058,100,7058,1,0
G,H,H,4972,100,4972,1,0
A,B,A,4959,100,4959,1,0
A,C,A,6994,100,6994,1,0
A,D,A,4955,100,4955,1,0
A,E,A,1409,100,1409,1,0
A,F,A,5161,100,5161,1,0
A,G,A,7189,100,7189,1,0
A,H,A,5161,100,5161,1,0
A,B,B,4973,100,4973,1,0
B,C,B,5046,100,5046,1,0
B,D,B,6986,100,6986,1,0
B,E,B,5136,100,5136,1,0
B,F,B,1383,100,1383,1,0
B,G,B,5193,100,5193,1,0
B,H,B,7159,100,7159,1,0
A,C,C,7012,100,7012,1,0
B,C,C,5006,100,5006,1,0
C,D,C,4939,100,4939,1,0
C,E,C,7204,100,7204,1,0
C,F,C,5128,100,5128,1,0
C,G,C,1422,100,1422,1,0
C,H,C,5157,100,5157,1,0
A,D,D,4930,100,4930,1,0
B,D,D,7005,100,7005,1,0
C,D,D,4956,100,4956,1,0
D,E,D,5227,100,5227,1,0
D,F,D,7119,100,7119,1,0
D,G,D,5117,100,5117,1,0
D,H,D,1388,100,1388,1,0
A,E,E,1445,100,1445,1,0
B,E,E,5137,100,5137,1,0
C,E,E,7122,100,7122,1,0
D,E,E,5171,100,5171,1,0
E,F,E,5010,100,5010,1,0
E,G,E,7040,100,7040,1,0
E,H,E,5037,100,5037,1,0
A,F,F,5119,100,5119,1,0
B,F,F,1407,100,1407,1,0
C,F,F,5153,100,5153,1,0
D,F,F,7129,100,7129,1,0
E,F,F,4989,100,4989,1,0
F,G,F,4983,100,4983,1,0
F,H,F,7010,100,7010,1,0
A,G,G,7198,100,7198,1,0
B,G,G,5185,100,5185,1,0
C,G,G,1396,100,1396,1,0
D,G,G,5155,100,5155,1,0
E,G,G,7079,100,7079,1,0
F,G,G,4977,100,4977,1,0
G,H,G,4928,100,4928,1,0
A,H,H,5160,100,5160,1,0
B,H,H,7100,100,7100,1,0
C,H,H,5161,100,5161,1,0
D,H,H,1393,100,1393,1,0
E,H,H,4963,100,4963,1,0
F,H,H,7012,100,7012,1,0
G,H,H,4959,100,4959,1,0
A,B,A,4927,100,4927,1,0
A,C,A,7023,100,7023,1,0
A,D,A,4933,100,4933,1,0
A,E,A,1423,100,1423,1,0
A,F,A,5156,100,5156,1,0
A,G,A,7151,100,7151,1,0
A,H,A,5126,100,5126,1,0
A,B,B,4987,100,4987,1,0
B,C,B,4954,100,4954,1,0
B,D,B,6985,100,6985,1,0
B,E,B,5126,100,5126,1,0
B,F,B,1386,100,1386,1,0
B,G,B,5196,100,5196,1,0
B,H,B,7153,100,7153,1,0
A,C,C,7031,100,7031,1,0
B,C,C,4936,100,4936,1,0
C,D,C,4937,100,4937,1,0
C,E,C,7170,100,7170,1,0
C,F,C,5146,100,5146,1,0
C,G,C,1381,100,1381,1,0
C,H,C,5199,100,5199,1,0
A,D,D,4938,100,4938,1,0
B,D,D,7000,100,7000,1,0
C,D,D,4911,100,4911,1,0
D,E,D,5277,100,5277,1,0
D,F,D,7114,100,7114,1,0
D,G,D,5115,100,5115,1,0
D,H,D,1412,100,1412,1,0
A,E,E,1413,100,1413,1,0
B,E,E,5139,100,5139,1,0
C,E,E,7147,100,7147,1,0
D,E,E,5219,100,5219,1,0
E,F,E,4984,100,4984,1,0
E,G,E,7003,100,7003,1,0
E,H,E,4965,100,4965,1,0
A,F,F,5161,100,5161,1,0
B,F,F,1410,100,1410,1,0
C,F,F,5148,100,5148,1,0
D,F,F,7122,100,7122,1,0
E,F,F,4976,100,4976,1,0
F,G,F,4972,100,4972,1,0
F,H,F,7008,100,7008,1,0
A,G,G,7208,100,7208,1,0
B,G,G,5188,100,5188,1,0
C,G,G,1385,100,1385,1,0
D,G,G,5136,100,5136,1,0
E,G,G,7055,100,7055,1,0
F,G,G,4994,100,4994,1,0
G,H,G,4949,100,4949,1,0
A,H,H,5146,100,5146,1,0
B,H,H,7144,100,7144,1,0
C,H,H,5139,100,5139,1,0
D,H,H,1383,100,1383,1,0
E,H,H,4980,100,4980,1,0
F,H,H,6979,100,6979,1,0
G,H,H,4959,100,4959,1,0
A,B,A,4965,100,4965,1,0
A,C,A,7003,100,7003,1,0
A,D,A,4952,100,4952,1,0
A,E,A,1436,100,1436,1,0
A,F,A,5204,100,5204,1,0
A,G,A,7178,100,7178,1,0
A,H,A,5111,100,5111,1,0
A,B,B,4912,100,4912,1,0
B,C,B,5002,100,5002,1,0
B,D,B,6994,100,6994,1,0
B,E,B,5185,100,5185,1,0
B,F,B,1366,100,1366,1,0
B,G,B,5174,100,5174,1,0
B,H,B,7093,100,7093,1,0
A,C,C,7029,100,7029,1,0
B,C,C,4963,100,4963,1,0
C,D,C,4942,100,4942,1,0
C,E,C,7130,100,7130,1,0
C,F,C,5134,100,5134,1,0
C,G,C,1371,100,1371,1,0
C,H,C,5151,100,5151,1,0
A,D,D,4935,100,4935,1,0
B,D,D,7006,100,7006,1,0
C,D,D,4967,100,4967,1,0
D,E,D,5135,100,5135,1,0
D,F,D,7165,100,7165,1,0
D,G,D,5142,100,5142,1,0
D,H,D,1421,100,1421,1,0
A,E,E,1447,100,1447,1,0
B,E,E,5134,100,5134,1,0
C,E,E,7175,100,7175,1,0
D,E,E,5074,100,5074,1,0
E,F,E,4987,100,4987,1,0
E,G,E,7043,100,7043,1,0
E,H,E,4935,100,4935,1,0
A,F,F,5147,100,5147,1,0
B,F,F,1383,100,1383,1,0
C,F,F,5142,100,5142,1,0
D,F,F,7154,100,7154,1,0
E,F,F,4982,100,4982,1,0
F,G,F,4964,100,4964,1,0
F,H,F,7065,100,7065,1,0
A,G,G,7129,100,7129,1,0
B,G,G,5172,100,5172,1,0
C,G,G,1351,100,1351,1,0
D,G,G,5105,100,5105,1,0
E,G,G,7044,100,7044,1,0
F,G,G,5002,100,5002,1,0
G,H,G,4984,100,4984,1,0
A,H,H,5143,100,5143,1,0
B,H,H,7104,100,7104,1,0
C,H,H,5160,100,5160,1,0
D,H,H,1401,100,1401,1,0
E,H,H,5004,100,5004,1,0
F,H,H,6998,100,6998,1,0
G,H,H,4991,100,4991,1,0
A,B,A,4925,100,4925,1,0
A,C,A,7016,100,7016,1,0
A,D,A,4940,100,4940,1,0
A,E,A,1437,100,1437,1,0
A,F,A,5227,100,5227,1,0
A,G,A,7144,100,7144,1,0
A,H,A,5155,100,5155,1,0
A,B,B,4931,100,4931,1,0
B,C,B,4997,100,4997,1,0
B,D,B,6965,100,6965,1,0
B,E,B,5111,100,5111,1,0
B,F,B,1398,100,1398,1,0
B,G,B,5184,100,5184,1,0
B,H,B,7152,100,7152,1,0
A,C,C,7018,100,7018,1,0
B,C,C,5023,100,5023,1,0
C,D,C,4960,100,4960,1,0
C,E,C,7162,100,7162,1,0
C,F,C,5118,100,5118,1,0
C,G,C,1424,100,1424,1,0
C,H,C,5160,100,5160,1,0
A,D,D,4976,100,4976,1,0
B,D,D,7004,100,7004,1,0
C,D,D,4992,100,4992,1,0
D,E,D,5160,100,5160,1,0
D,F,D,7143,100,7143,1,0
D,G,D,5122,100,5122,1,0
D,H,D,1453,100,1453,1,0
A,E,E,1393,100,1393,1,0
B,E,E,5150,100,5150,1,0
C,E,E,7204,100,7204,1,0
D,E,E,5170,100,5170,1,0
E,F,E,4977,100,4977,1,0
E,G,E,7041,100,7041,1,0
E,H,E,4913,100,4913,1,0
A,F,F,5166,100,5166,1,0
B,F,F,1356,100,1356,1,0
C,F,F,5167,100,5167,1,0
D,F,F,7145,100,7145,1,0
E,F,F,4995,100,4995,1,0
F,G,F,4949,100,4949,1,0
F,H,F,7024,100,7024,1,0
A,G,G,7173,100,7173,1,0
B,G,G,5244,100,5244,1,0
C,G,G,1413,100,1413,1,0
D,G,G,5163,100,5163,1,0
E,G,G,7061,100,7061,1,0
F,G,G,4951,100,4951,1,0
G,H,G,4982,100,4982,1,0
A,H,H,5113,100,5113,1,0
B,H,H,7154,100,7154,1,0
C,H,H,5138,100,5138,1,0
D,H,H,1338,100,1338,1,0
E,H,H,5017,100,5017,1,0
F,H,H,7003,100,7003,1,0
G,H,H,4960,100,4960,1,0
A,B,A,4911,100,4911,1,0
A,C,A,7029,100,7029,1,0
A,D,A,4954,100,4954,1,0
A,E,A,1391,100,1391,1,0
A,F,A,5164,100,5164,1,0
A,G,A,7196,100,7196,1,0
A,H,A,5203,100,5203,1,0
A,B,B,4964,100,4964,1,0
B,C,B,4983,100,4983,1,0
B,D,B,7001,100,7001,1,0
B,E,B,5127,100,5127,1,0
B,F,B,1397,100,1397,1,0
B,G,B,5184,100,5184,1,0
B,H,B,7168,100,7168,1,0
A,C,C,7049,100,7049,1,0
B,C,C,4979,100,4979,1,0
C,D,C,4969,100,4969,1,0
C,E,C,7187,100,7187,1,0
C,F,C,5145,100,5145,1,0
C,G,C,1448,100,1448,1,0
C,H,C,5140,100,5140,1,0
A,D,D,4958,100,4958,1,0
B,D,D,7023,100,7023,1,0
C,D,D,4975,100,4975,1,0
D,E,D,5231,100,5231,1,0
D,F,D,7140,100,7140,1,0
D,G,D,5133,100,5133,1,0
D,H,D,1431,100,1431,1,0
A,E,E,1343,100,1343,1,0
B,E,E,5128,100,5128,1,0
C,E,E,7196,100,7196,1,0
D,E,E,5155,100,5155,1,0
E,F,E,4961,100,4961,1,0
E,G,E,7045,100,7045,1,0
E,H,E,4951,100,4951,1,0
A,F,F,5170,100,5170,1,0
B,F,F,1384,100,1384,1,0
C,F,F,5145,100,5145,1,0
D,F,F,7131,100,7131,1,0
E,F,F,4984,100,4984,1,0
F,G,F,4952,100,4952,1,0
F,H,F,6976,100,6976,1,0
A,G,G,7130,100,7130,1,0
B,G,G,5172,100,5172,1,0
C,G,G,1422,100,1422,1,0
D,G,G,5148,100,5148,1,0
E,G,G,7046,100,7046,1,0
F,G,G,4957,100,4957,1,0
G,H,G,4928,100,4928,1,0
A,H,H,5143,100,5143,1,0
B,H,H,7149,100,7149,1,0
C,H,H,5211,100,5211,1,0
D,H,H,1401,100,1401,1,0
E,H,H,4940,100,4940,1,0
F,H,H,6977,100,6977,1,0
G,H,H,4968,100,4968,1,0
A,B,A,4964,100,4964,1,0
A,C,A,7029,100,7029,1,0
A,D,A,4923,100,4923,1,0
A,E,A,1414,100,1414,1,0
A,F,A,5174,100,5174,1,0
A,G,A,7179,100,7179,1,0
A,H,A,5152,100,5152,1,0
A,B,B,4996,100,4996,1,0
B,C,B,4981,100,4981,1,0
B,D,B,6966,100,6966,1,0
B,E,B,5154,100,5154,1,0
B,F,B,1376,100,1376,1,0
B,G,B,5204,100,5204,1,0
B,H,B,7106,100,7106,1,0
A,C,C,7055,100,7055,1,0
B,C,C,4971,100,4971,1,0
C,D,C,4921,100,4921,1,0
C,E,C,7181,100,7181,1,0
C,F,C,5157,100,5157,1,0
C,G,C,1404,100,1404,1,0
C,H,C,5176,100,5176,1,0
A,D,D,4929,100,4929,1,0
B,D,D,7004,100,7004,1,0
C,D,D,4974,100,4974,1,0
D,E,D,5137,100,5137,1,0
D,F,D,7147,100,7147,1,0
D,G,D,5155,100,5155,1,0
D,H,D,1436,100,1436,1,0
A,E,E,1417,100,1417,1,0
B,E,E,5135,100,5135,1,0
C,E,E,7162,100,7162,1,0
D,E,E,5175,100,5175,1,0
E,F,E,4958,100,4958,1,0
E,G,E,7053,100,7053,1,0
E,H,E,4997,100,4997,1,0
A,F,F,5174,100,5174,1,0
B,F,F,1374,100,1374,1,0
C,F,F,5171,100,5171,1,0
D,F,F,7130,100,7130,1,0
E,F,F,4943,100,4943,1,0
F,G,F,4979,100,4979,1,0
F,H,F,6961,100,6961,1,0
A,G,G,7157,100,7157,1,0
B,G,G,5166,100,5166,1,0
C,G,G,1353,100,1353,1,0
D,G,G,5106,100,5106,1,0
E,G,G,7076,100,7076,1,0
F,G,G,4961,100,4961,1,0
G,H,G,4969,100,4969,1,0
A,H,H,5185,100,5185,1,0
B,H,H,7121,100,7121,1,0
C,H,H,5142,100,5142,1,0
D,H,H,1434,100,1434,1,0
E,H,H,4980,100,4980,1,0
F,H,H,7013,100,7013,1,0
G,H,H,4920,100,4920,1,0
A,B,A,4984,100,4984,1,0
A,C,A,7055,100,7055,1,0
A,D,A,4944,100,4944,1,0
A,E,A,1440,100,1440,1,0
A,F,A,5194,100,5194,1,0
A,G,A,7183,100,7183,1,0
A,H,A,5159,100,5159,1,0
A,B,B,4957,100,4957,1,0
B,C,B,5009,100,5009,1,0
B,D,B,6948,100,6948,1,0
B,E,B,5117,100,5117,1,0
B,F,B,1375,100,1375,1,0
B,G,B,5191,100,5191,1,0
B,H,B,7167,100,7167,1,0
A,C,C,7004,100,7004,1,0
B,C,C,4973,100,4973,1,0
C,D,C,4963,100,4963,1,0
C,E,C,7170,100,7170,1,0
C,F,C,5180,100,5180,1,0
C,G,C,1415,100,1415,1,0
C,H,C,5159,100,5159,1,0
A,D,D,4976,100,4976,1,0
B,D,D,6996,100,6996,1,0
C,D,D,4916,100,4916,1,0
D,E,D,5181,100,5181,1,0
D,F,D,7178,100,7178,1,0
D,G,D,5117,100,5117,1,0
D,H,D,1405,100,1405,1,0
A,E,E,1401,100,1401,1,0
B,E,E,5115,100,5115,1,0
C,E,E,7199,100,7199,1,0
D,E,E,5092,100,5092,1,0
E,F,E,4964,100,4964,1,0
E,G,E,7054,100,7054,1,0
E,H,E,4976,100,4976,1,0
A,F,F,5169,100,5169,1,0
B,F,F,1407,100,1407,1,0
C,F,F,5170,100,5170,1,0
D,F,F,7150,100,7150,1,0
E,F,F,4972,100,4972,1,0
F,G,F,4958,100,4958,1,0
F,H,F,6982,100,6982,1,0
A,G,G,7162,100,7162,1,0
B,G,G,5205,100,5205,1,0
C,G,G,1396,100,1396,1,0
D,G,G,5126,100,5126,1,0
E,G,G,7063,100,7063,1,0
F,G,G,4962,100,4962,1,0
G,H,G,4949,100,4949,1,0
A,H,H,5133,100,5133,1,0
B,H,H,7146,100,7146,1,0
C,H,H,5157,100,5157,1,0
D,H,H,1398,100,1398,1,0
E,H,H,4974,100,4974,1,0
F,H,H,7034,100,7034,1,0
G,H,H,4979,100,4979,1,0
A,B,A,4975,100,4975,1,0
A,C,A,7047,100,7047,1,0
A,D,A,4948,100,4948,1,0
A,E,A,1427,100,1427,1,0
A,F,A,5174,100,5174,1,0
A,G,A,7191,100,7191,1,0
A,H,A,5137,100,5137,1,0
A,B,B,4962,100,4962,1,0
B,C,B,4961,100,4961,1,0
B,D,B,7045,100,7045,1,0
B,E,B,5157,100,5157,1,0
B,F,B,1416,100,1416,1,0
B,G,B,5178,100,5178,1,0
B,H,B,7146,100,7146,1,0
A,C,C,7033,100,7033,1,0
B,C,C,4989,100,4989,1,0
C,D,C,4938,100,4938,1,0
C,E,C,7167,100,7167,1,0
C,F,C,5164,100,5164,1,0
C,G,C,1399,100,1399,1,0
C,H,C,5160,100,5160,1,0
A,D,D,4926,100,4926,1,0
B,D,D,6993,100,6993,1,0
C,D,D,4934,100,4934,1,0
D,E,D,5163,100,5163,1,0
D,F,D,7155,100,7155,1,0
D,G,D,5141,100,5141,1,0
D,H,D,1431,100,1431,1,0
A,E,E,1390,100,1390,1,0
B,E,E,5115,100,5115,1,0
C,E,E,7190,100,7190,1,0
D,E,E,5176,100,5176,1,0
E,F,E,4985,100,4985,1,0
E,G,E,7093,100,7093,1,0
E,H,E,4956,100,4956,1,0
A,F,F,5119,100,5119,1,0
B,F,F,1398,100,1398,1,0
C,F,F,5128,100,5128,1,0
D,F,F,7165,100,7165,1,0
E,F,F,4949,100,4949,1,0
F,G,F,4976,100,4976,1,0
F,H,F,7039,100,7039,1,0
A,G,G,7160,100,7160,1,0
B,G,G,5171,100,5171,1,0
C,G,G,1345,100,1345,1,0
D,G,G,5130,100,5130,1,0
E,G,G,7034,100,7034,1,0
F,G,G,4951,100,4951,1,0
G,H,G,4943,100,4943,1,0
A,H,H,5190,100,5190,1,0
B,H,H,7195,100,7195,1,0
C,H,H,5153,100,5153,1,0
D,H,H,1386,100,1386,1,0
E,H,H,4978,100,4978,1,0
F,H,H,7058,100,7058,1,0
G,H,H,4914,100,4914,1,0
A,B,A,4954,100,4954,1,0
A,C,A,6992,100,6992,1,0
A,D,A,4942,100,4942,1,0
A,E,A,1370,100,1370,1,0
A,F,A,5176,100,5176,1,0
A,G,A,7131,100,7131,1,0
A,H,A,5143,100,5143,1,0
A,B,B,4922,100,4922,1,0
B,C,B,4981,100,4981,1,0
B,D,B,6984,100,6984,1,0
B,E,B,5151,100,5151,1,0
B,F,B,1406,100,1406,1,0
B,G,B,5153,100,5153,1,0
B,H,B,7156,100,7156,1,0
A,C,C,7011,100,7011,1,0
B,C,C,5001,100,5001,1,0
C,D,C,4922,100,4922,1,0
C,E,C,7169,100,7169,1,0
C,F,C,5143,100,5143,1,0
C,G,C,1379,100,1379,1,0
C,H,C,5166,100,5166,1,0
A,D,D,4949,100,4949,1,0
B,D,D,7058,100,7058,1,0
C,D,D,4918,100,4918,1,0
D,E,D,5137,100,5137,1,0
D,F,D,7124,100,7124,1,0
D,G,D,5149,100,5149,1,0
D,H,D,1401,100,1401,1,0
A,E,E,1430,100,1430,1,0
B,E,E,5135,100,5135,1,0
C,E,E,7171,100,7171,1,0
D,E,E,5178,100,5178,1,0
E,F,E,4977,100,4977,1,0
E,G,E,7063,100,7063,1,0
E,H,E,5001,100,5001,1,0
A,F,F,5166,100,5166,1,0
B,F,F,1386,100,1386,1,0
C,F,F,5148,100,5148,1,0
D,F,F,7144,100,7144,1,0
E,F,F,4988,100,4988,1,0
F,G,F,4963,100,4963,1,0
F,H,F,6984,100,6984,1,0
A,G,G,7204,100,7204,1,0
B,G,G,5172,100,5172,1,0
C,G,G,1411,100,1411,1,0
D,G,G,5160,100,5160,1,0
E,G,G,7024,100,7024,1,0
F,G,G,5007,100,5007,1,0
G,H,G,4921,100,4921,1,0
A,H,H,5114,100,5114,1,0
B,H,H,7096,100,7096,1,0
C,H,H,5098,100,5098,1,0
D,H,H,1375,100,1375,1,0
E,H,H,4963,100,4963,1,0
F,H,H,7004,100,7004,1,0
G,H,H,4938,100,4938,1,0
A,B,A,4982,100,4982,1,0
A,C,A,7094,100,7094,1,0
A,D,A,4941,100,4941,1,0
A,E,A,1409,100,1409,1,0
A,F,A,5163,100,5163,1,0
A,G,A,7189,100,7189,1,0
A,H,A,5181,100,5181,1,0
A,B,B,4939,100,4939,1,0
B,C,B,4964,100,4964,1,0
B,D,B,6975,100,6975,1,0
B,E,B,5185,100,5185,1,0
B,F,B,1415,100,1415,1,0
B,G,B,5176,100,5176,1,0
B,H,B,7152,100,7152,1,0
A,C,C,7003,100,7003,1,0
B,C,C,4950,100,4950,1,0
C,D,C,4937,100,4937,1,0
C,E,C,7179,100,7179,1,0
C,F,C,5158,100,5158,1,0
C,G,C,1350,100,1350,1,0
C,H,C,5177,100,5177,1,0
A,D,D,4962,100,4962,1,0
B,D,D,7000,100,7000,1,0
C,D,D,4939,100,4939,1,0
D,E,D,5220,100,5220,1,0
D,F,D,7163,100,7163,1,0
D,G,D,5154,100,5154,1,0
D,H,D,1410,100,1410,1,0
A,E,E,1411,100,1411,1,0
B,E,E,5155,100,5155,1,0
C,E,E,7141,100,7141,1,0
D,E,E,5159,100,5159,1,0
E,F,E,4970,100,4970,1,0
E,G,E,7087,100,7087,1,0
E,H,E,5016,100,5016,1,0
A,F,F,5172,100,5172,1,0
B,F,F,1412,100,1412,1,0
C,F,F,5139,100,5139,1,0
D,F,F,7118,100,7118,1,0
E,F,F,5002,100,5002,1,0
F,G,F,4978,100,4978,1,0
F,H,F,7011,100,7011,1,0
A,G,G,7158,100,7158,1,0
B,G,G,5147,100,5147,1,0
C,G,G,1423,100,1423,1,0
D,G,G,5138,100,5138,1,0
E,G,G,7041,100,7041,1,0
F,G,G,4962,100,4962,1,0
G,H,G,4892,100,4892,1,0
A,H,H,5140,100,5140,1,0
B,H,H,7138,100,7138,1,0
C,H,H,5149,100,5149,1,0
D,H,H,1437,100,1437,1,0
E,H,H,4958,100,4958,1,0
F,H,H,6984,100,6984,1,0
G,H,H,4973,100,4973,1,0
A,B,A,4950,100,4950,1,0
A,C,A,6993,100,6993,1,0
A,D,A,4966,100,4966,1,0
A,E,A,1409,100,1409,1,0
A,F,A,5162,100,5162,1,0
A,G,A,7118,100,7118,1,0
A,H,A,5203,100,5203,1,0
A,B,B,4992,100,4992,1,0
B,C,B,4963,100,4963,1,0
B,D,B,7010,100,7010,1,0
B,E,B,5146,100,5146,1,0
B,F,B,1379,100,1379,1,0
B,G,B,5179,100,5179,1,0
B,H,B,7117,100,7117,1,0
A,C,C,7016,100,7016,1,0
B,C,C,4979,100,4979,1,0
C,D,C,4950,100,4950,1,0
C,E,C,7201,100,7201,1,0
C,F,C,5149,100,5149,1,0
C,G,C,1372,100,1372,1,0
C,H,C,5165,100,5165,1,0
A,D,D,4926,100,4926,1,0
B,D,D,6999,100,6999,1,0
C,D,D,4938,100,4938,1,0
D,E,D,5160,100,5160,1,0
D,F,D,7170,100,7170,1,0
D,G,D,5145,100,5145,1,0
D,H,D,1415,100,1415,1,0
A,E,E,1463,100,1463,1,0
B,E,E,5094,100,5094,1,0
C,E,E,7174,100,7174,1,0
D,E,E,5212,100,5212,1,0
E,F,E,4974,100,4974,1,0
E,G,E,7058,100,7058,1,0
E,H,E,4964,100,4964,1,0
A,F,F,5167,100,5167,1,0
B,F,F,1369,100,1369,1,0
C,F,F,5149,100,5149,1,0
D,F,F,7164,100,7164,1,0
E,F,F,4979,100,4979,1,0
F,G,F,4979,100,4979,1,0
F,H,F,6959,100,6959,1,0
A,G,G,7146,100,7146,1,0
B,G,G,5173,100,5173,1,0
C,G,G,1415,100,1415,1,0
D,G,G,5117,100,5117,1,0
E,G,G,7062,100,7062,1,0
F,G,G,4955,100,4955,1,0
G,H,G,4947,100,4947,1,0
A,H,H,5156,100,5156,1,0
B,H,H,7170,100,7170,1,0
C,H,H,5189,100,5189,1,0
D,H,H,1440,100,1440,1,0
E,H,H,5020,100,5020,1,0
F,H,H,6975,100,6975,1,0
G,H,H,4969,100,4969,1,0
A,B,A,4981,100,4981,1,0
A,C,A,7048,100,7048,1,0
A,D,A,4939,100,4939,1,0
A,E,A,1379,100,1379,1,0
A,F,A,5187,100,5187,1,0
A,G,A,7175,100,7175,1,0
A,H,A,5133,100,5133,1,0
A,B,B,4937,100,4937,1,0
B,C,B,4968,100,4968,1,0
B,D,B,6972,100,6972,1,0
B,E,B,5112,100,5112,1,0
B,F,B,1378,100,1378,1,0
B,G,B,5200,100,5200,1,0
B,H,B,7085,100,7085,1,0
A,C,C,7077,100,7077,1,0
B,C,C,4984,100,4984,1,0
C,D,C,4934,100,4934,1,0
C,E,C,7169,100,7169,1,0
C,F,C,5185,100,5185,1,0
C,G,C,1405,100,1405,1,0
C,H,C,5144,100,5144,1,0
A,D,D,4963,100,4963,1,0
B,D,D,7021,100,7021,1,0
C,D,D,4954,100,4954,1,0
D,E,D,5211,100,5211,1,0
D,F,D,7183,100,7183,1,0
D,G,D,5129,100,5129,1,0
D,H,D,1405,100,1405,1,0
A,E,E,1426,100,1426,1,0
B,E,E,5115,100,5115,1,0
C,E,E,7200,100,7200,1,0
D,E,E,5179,100,5179,1,0
E,F,E,4997,100,4997,1,0
E,G,E,7055,100,7055,1,0
E,H,E,4969,100,4969,1,0
A,F,F,5152,100,5152,1,0
B,F,F,1348,100,1348,1,0
C,F,F,5168,100,5168,1,0
D,F,F,7108,100,7108,1,0
E,F,F,4973,100,4973,1,0
F,G,F,4971,100,4971,1,0
F,H,F,6999,100,6999,1,0
A,G,G,7192,100,7192,1,0
B,G,G,5180,100,5180,1,0
C,G,G,1411,100,1411,1,0
D,G,G,5144,100,5144,1,0
E,G,G,7044,100,7044,1,0
F,G,G,4981,100,4981,1,0
G,H,G,4959,100,4959,1,0
A,H,H,5163,100,5163,1,0
B,H,H,7163,100,7163,1,0
C,H,H,5174,100,5174,1,0
D,H,H,1405,100,1405,1,0
E,H,H,4991,100,4991,1,0
F,H,H,7049,100,7049,1,0
G,H,H,4950,100,4950,1,0
A,B,A,4950,100,4950,1,0
A,C,A,7007,100,7007,1,0
A,D,A,4941,100,4941,1,0
A,E,A,1393,100,1393,1,0
A,F,A,5146,100,5146,1,0
A,G,A,7203,100,7203,1,0
A,H,A,5161,100,5161,1,0
A,B,B,4967,100,4967,1,0
B,C,B,4964,100,4964,1,0
B,D,B,6994,100,6994,1,0
B,E,B,5183,100,5183,1,0
B,F,B,1408,100,1408,1,0
B,G,B,5175,100,5175,1,0
B,H,B,7166,100,7166,1,0
A,C,C,7049,100,7049,1,0
B,C,C,4950,100,4950,1,0
C,D,C,4913,100,4913,1,0
C,E,C,7161,100,7161,1,0
C,F,C,5159,100,5159,1,0
C,G,C,1384,100,1384,1,0
C,H,C,5185,100,5185,1,0
A,D,D,4947,100,4947,1,0
B,D,D,7046,100,7046,1,0
C,D,D,4920,100,4920,1,0
D,E,D,5139,100,5139,1,0
D,F,D,7095,100,7095,1,0
D,G,D,5149,100,5149,1,0
D,H,D,1394,100,1394,1,0
A,E,E,1386,100,1386,1,0
B,E,E,5084,100,5084,1,0
C,E,E,7152,100,7152,1,0
D,E,E,5139,100,5139,1,0
E,F,E,4988,100,4988,1,0
E,G,E,7099,100,7099,1,0
E,H,E,4942,100,4942,1,0
A,F,F,5217,100,5217,1,0
B,F,F,1399,100,1399,1,0
C,F,F,5173,100,5173,1,0
D,F,F,7121,100,7121,1,0
E,F,F,4955,100,4955,1,0
F,G,F,4968,100,4968,1,0
F,H,F,6961,100,6961,1,0
A,G,G,7148,100,7148,1,0
B,G,G,5181,100,5181,1,0
C,G,G,1399,100,1399,1,0
D,G,G,5131,100,5131,1,0
E,G,G,7064,100,7064,1,0
F,G,G,4973,100,4973,1,0
G,H,G,4930,100,4930,1,0
A,H,H,5127,100,5127,1,0
B,H,H,7126,100,7126,1,0
C,H,H,5177,100,5177,1,0
D,H,H,1416,100,1416,1,0
E,H,H,4962,100,4962,1,0
F,H,H,6975,100,6975,1,0
G,H,H,4984,100,4984,1,0
A,B,A,4948,100,4948,1,0
A,C,A,7051,100,7051,1,0
A,D,A,4949,100,4949,1,0
A,E,A,1431,100,1431,1,0
A,F,A,5216,100,5216,1,0
A,G,A,7178,100,7178,1,0
A,H,A,5183,100,5183,1,0
A,B,B,4972,100,4972,1,0
B,C,B,4981,100,4981,1,0
B,D,B,7063,100,7063,1,0
B,E,B,5155,100,5155,1,0
B,F,B,1438,100,1438,1,0
B,G,B,5174,100,5174,1,0
B,H,B,7153,100,7153,1,0
A,C,C,6979,100,6979,1,0
B,C,C,5011,100,5011,1,0
C,D,C,4989,100,4989,1,0
C,E,C,7189,100,7189,1,0
C,F,C,5175,100,5175,1,0
C,G,C,1381,100,1381,1,0
C,H,C,5135,100,5135,1,0
A,D,D,4943,100,4943,1,0
B,D,D,7018,100,7018,1,0
C,D,D,4963,100,4963,1,0
D,E,D,5186,100,5186,1,0
D,F,D,7089,100,7089,1,0
D,G,D,5148,100,5148,1,0
D,H,D,1385,100,1385,1,0
A,E,E,1397,100,1397,1,0
B,E,E,5159,100,5159,1,0
C,E,E,7161,100,7161,1,0
D,E,E,5234,100,5234,1,0
E,F,E,5002,100,5002,1,0
E,G,E,7014,100,7014,1,0
E,H,E,4950,100,4950,1,0
A,F,F,5195,100,5195,1,0
B,F,F,1376,100,1376,1,0
C,F,F,5142,100,5142,1,0
D,F,F,7157,100,7157,1,0
E,F,F,4989,100,4989,1,0
F,G,F,4986,100,4986,1,0
F,H,F,7004,100,7004,1,0
A,G,G,7168,100,7168,1,0
B,G,G,5194,100,5194,1,0
C,G,G,1439,100,1439,1,0
D,G,G,5117,100,5117,1,0
E,G,G,7041,100,7041,1,0
F,G,G,4977,100,4977,1,0
G,H,G,4965,100,4965,1,0
A,H,H,5133,100,5133,1,0
B,H,H,7188,100,7188,1,0
C,H,H,5166,100,5166,1,0
D,H,H,1394,100,1394,1,0
E,H,H,4965,100,4965,1,0
F,H,H,6966,100,6966,1,0
G,H,H,4939,100,4939,1,0
A,B,A,4932,100,4932,1,0
A,C,A,7037,100,7037,1,0
A,D,A,4962,100,4962,1,0
A,E,A,1456,100,1456,1,0
A,F,A,5200,100,5200,1,0
A,G,A,7189,100,7189,1,0
A,H,A,5159,100,5159,1,0
A,B,B,4976,100,4976,1,0
B,C,B,4999,100,4999,1,0
B,D,B,6996,100,6996,1,0
B,E,B,5172,100,5172,1,0
B,F,B,1410,100,1410,1,0
B,G,B,5193,100,5193,1,0
B,H,B,7164,100,7164,1,0
A,C,C,7046,100,7046,1,0
B,C,C,4966,100,4966,1,0
C,D,C,4941,100,4941,1,0
C,E,C,7177,100,7177,1,0
C,F,C,5138,100,5138,1,0
C,G,C,1384,100,1384,1,0
C,H,C,5185,100,5185,1,0
A,D,D,4973,100,4973,1,0
B,D,D,7025,100,7025,1,0
C,D,D,4948,100,4948,1,0
D,E,D,5155,100,5155,1,0
D,F,D,7143,100,7143,1,0
D,G,D,5176,100,5176,1,0
D,H,D,1380,100,1380,1,0
A,E,E,1409,100,1409,1,0
B,E,E,5126,100,5126,1,0
C,E,E,7152,100,7152,1,0
D,E,E,5156,100,5156,1,0
E,F,E,5034,100,5034,1,0
E,G,E,7058,100,7058,1,0
E,H,E,4998,100,4998,1,0
A,F,F,5167,100,5167,1,0
B,F,F,1381,100,1381,1,0
C,F,F,5179,100,5179,1,0
D,F,F,7153,100,7153,1,0
E,F,F,4969,100,4969,1,0
F,G,F,4977,100,4977,1,0
F,H,F,7001,100,7001,1,0
A,G,G,7141,100,7141,1,0
B,G,G,5196,100,5196,1,0
C,G,G,1439,100,1439,1,0
D,G,G,5120,100,5120,1,0
E,G,G,7045,100,7045,1,0
F,G,G,4956,100,4956,1,0
G,H,G,4960,100,4960,1,0
A,H,H,5180,100,5180,1,0
B,H,H,7082,100,7082,1,0
C,H,H,5156,100,5156,1,0
D,H,H,1374,100,1374,1,0
E,H,H,4954,100,4954,1,0
F,H,H,6994,100,6994,1,0
G,H,H,4995,100,4995,1,0
A,B,A,4945,100,4945,1,0
A,C,A,7023,100,7023,1,0
A,D,A,4952,100,4952,1,0
A,E,A,1405,100,1405,1,0
A,F,A,5173,100,5173,1,0
A,G,A,7171,100,7171,1,0
A,H,A,5148,100,5148,1,0
A,B,B,4969,100,4969,1,0
B,C,B,4938,100,4938,1,0
B,D,B,7016,100,7016,1,0
B,E,B,5126,100,5126,1,0
B,F,B,1401,100,1401,1,0
B,G,B,5174,100,5174,1,0
B,H,B,7155,100,7155,1,0
A,C,C,7030,100,7030,1,0
B,C,C,4967,100,4967,1,0
C,D,C,4956,100,4956,1,0
C,E,C,7162,100,7162,1,0
C,F,C,5158,100,5158,1,0
C,G,C,1415,100,1415,1,0
C,H,C,5183,100,5183,1,0
A,D,D,4938,100,4938,1,0
B,D,D,7039,100,7039,1,0
C,D,D,4956,100,4956,1,0
D,E,D,5176,100,5176,1,0
D,F,D,7192,100,7192,1,0
D,G,D,5143,100,5143,1,0
D,H,D,1392,100,1392,1,0
A,E,E,1480,100,1480,1,0
B,E,E,5150,100,5150,1,0
C,E,E,7118,100,7118,1,0
D,E,E,5121,100,5121,1,0
E,F,E,4964,100,4964,1,0
E,G,E,7024,100,7024,1,0
E,H,E,5000,100,5000,1,0
A,F,F,5192,100,5192,1,0
B,F,F,1402,100,1402,1,0
C,F,F,5178,100,5178,1,0
D,F,F,7107,100,7107,1,0
E,F,F,4989,100,4989,1,0
F,G,F,4975,100,4975,1,0
F,H,F,6988,100,6988,1,0
A,G,G,7125,100,7125,1,0
B,G,G,5213,100,5213,1,0
C,G,G,1391,100,1391,1,0
D,G,G,5137,100,5137,1,0
E,G,G,7036,100,7036,1,0
F,G,G,4955,100,4955,1,0
G,H,G,4948,100,4948,1,0
A,H,H,5147,100,5147,1,0
B,H,H,7134,100,7134,1,0
C,H,H,5174,100,5174,1,0
D,H,H,1399,100,1399,1,0
E,H,H,4998,100,4998,1,0
F,H,H,7033,100,7033,1,0
G,H,H,4910,100,4910,1,0
A,B,A,4973,100,4973,1,0
A,C,A,7057,100,7057,1,0
A,D,A,4948,100,4948,1,0
A,E,A,1463,100,1463,1,0
A,F,A,5183,100,5183,1,0
A,G,A,7222,100,7222,1,0
A,H,A,5152,100,5152,1,0
A,B,B,4930,100,4930,1,0
B,C,B,4995,100,4995,1,0
B,D,B,7016,100,7016,1,0
B,E,B,5185,100,5185,1,0
B,F,B,1410,100,1410,1,0
B,G,B,5192,100,5192,1,0
B,H,B,7192,100,7192,1,0
A,C,C,7015,100,7015,1,0
B,C,C,4970,100,4970,1,0
C,D,C,4950,100,4950,1,0
C,E,C,7193,100,7193,1,0
C,F,C,5125,100,5125,1,0
C,G,C,1367,100,1367,1,0
C,H,C,5160,100,5160,1,0
A,D,D,4938,100,4938,1,0
B,D,D,7006,100,7006,1,0
C,D,D,4924,100,4924,1,0
D,E,D,5141,100,5141,1,0
D,F,D,7143,100,7143,1,0
D,G,D,5170,100,5170,1,0
D,H,D,1403,100,1403,1,0
A,E,E,1433,100,1433,1,0
B,E,E,5150,100,5150,1,0
C,E,E,7149,100,7149,1,0
D,E,E,5152,100,5152,1,0
E,F,E,4965,100,4965,1,0
E,G,E,7034,100,7034,1,0
E,H,E,4949,100,4949,1,0
A,F,F,5173,100,5173,1,0
B,F,F,1382,100,1382,1,0
C,F,F,5126,100,5126,1,0
D,F,F,7117,100,7117,1,0
E,F,F,5009,100,5009,1,0
F,G,F,4944,100,4944,1,0
F,H,F,6997,100,6997,1,0
A,G,G,7153,100,7153,1,0
B,G,G,5196,100,5196,1,0
C,G,G,1375,100,1375,1,0
D,G,G,5122,100,5122,1,0
E,G,G,7061,100,7061,1,0
F,G,G,4998,100,4998,1,0
G,H,G,4972,100,4972,1,0
A,H,H,5186,100,5186,1,0
B,H,H,7151,100,7151,1,0
C,H,H,5126,100,5126,1,0
D,H,H,1408,100,1408,1,0
E,H,H,4948,100,4948,1,0
F,H,H,6980,100,6980,1,0
G,H,H,4974,100,4974,1,0
A,B,A,4988,100,4988,1,0
A,C,A,7029,100,7029,1,0
A,D,A,4941,100,4941,1,0
A,E,A,1377,100,1377,1,0
A,F,A,5207,100,5207,1,0
A,G,A,7175,100,7175,1,0
A,H,A,5178,100,5178,1,0
A,B,B,4954,100,4954,1,0
B,C,B,4981,100,4981,1,0
B,D,B,7019,100,7019,1,0
B,E,B,5132,100,5132,1,0
B,F,B,1400,100,1400,1,0
B,G,B,5181,100,5181,1,0
B,H,B,7118,100,7118,1,0
A,C,C,7016,100,7016,1,0
B,C,C,4938,100,4938,1,0
C,D,C,4973,100,4973,1,0
C,E,C,7143,100,7143,1,0
C,F,C,5153,100,5153,1,0
C,G,C,1441,100,1441,1,0
C,H,C,5160,100,5160,1,0
A,D,D,4943,100,4943,1,0
B,D,D,6986,100,6986,1,0
C,D,D,4934,100,4934,1,0
D,E,D,5177,100,5177,1,0
D,F,D,7106,100,7106,1,0
D,G,D,5174,100,5174,1,0
D,H,D,1453,100,1453,1,0
A,E,E,1364,100,1364,1,0
B,E,E,5171,100,5171,1,0
C,E,E,7202,100,7202,1,0
D,E,E,5174,100,5174,1,0
E,F,E,4931,100,4931,1,0
E,G,E,7054,100,7054,1,0
E,H,E,4990,100,4990,1,0
A,F,F,5135,100,5135,1,0
B,F,F,1368,100,1368,1,0
C,F,F,5147,100,5147,1,0
D,F,F,7136,100,7136,1,0
E,F,F,4946,100,4946,1,0
F,G,F,4958,100,4958,1,0
F,H,F,6980,100,6980,1,0
A,G,G,7178,100,7178,1,0
B,G,G,5201,100,5201,1,0
C,G,G,1427,100,1427,1,0
D,G,G,5148,100,5148,1,0
E,G,G,7066,100,7066,1,0
F,G,G,4938,100,4938,1,0
G,H,G,4945,100,4945,1,0
A,H,H,5129,100,5129,1,0
B,H,H,7089,100,7089,1,0
C,H,H,5163,100,5163,1,0
D,H,H,1430,100,1430,1,0
E,H,H,5000,100,5000,1,0
F,H,H,6987,100,6987,1,0
G,H,H,4915,100,4915,1,0
A,B,A,4983,100,4983,1,0
A,C,A,6977,100,6977,1,0
A,D,A,4949,100,4949,1,0
A,E,A,1439,100,1439,1,0
A,F,A,5169,100,5169,1,0
A,G,A,7184,100,7184,1,0
A,H,A,5149,100,5149,1,0
A,B,B,4979,100,4979,1,0
B,C,B,5012,100,5012,1,0
B,D,B,7013,100,7013,1,0
B,E,B,5165,100,5165,1,0
B,F,B,1402,100,1402,1,0
B,G,B,5181,100,5181,1,0
B,H,B,7162,100,7162,1,0
A,C,C,7041,100,7041,1,0
B,C,C,4985,100,4985,1,0
C,D,C,4963,100,4963,1,0
C,E,C,7181,100,7181,1,0
C,F,C,5145,100,5145,1,0
C,G,C,1393,100,1393,1,0
C,H,C,5140,100,5140,1,0
A,D,D,4959,100,4959,1,0
B,D,D,7010,100,7010,1,0
C,D,D,4975,100,4975,1,0
D,E,D,5153,100,5153,1,0
D,F,D,7114,100,7114,1,0
D,G,D,5127,100,5127,1,0
D,H,D,1414,100,1414,1,0
A,E,E,1397,100,1397,1,0
B,E,E,5124,100,5124,1,0
C,E,E,7179,100,7179,1,0
D,E,E,5223,100,5223,1,0
E,F,E,4967,100,4967,1,0
E,G,E,7047,100,7047,1,0
E,H,E,4941,100,4941,1,0
A,F,F,5173,100,5173,1,0
B,F,F,1404,100,1404,1,0
C,F,F,5192,100,5192,1,0
D,F,F,7123,100,7123,1,0
E,F,F,4992,100,4992,1,0
F,G,F,4971,100,4971,1,0
F,H,F,7002,100,7002,1,0
A,G,G,7176,100,7176,1,0
B,G,G,5141,100,5141,1,0
C,G,G,1428,100,1428,1,0
D,G,G,5148,100,5148,1,0
E,G,G,7041,100,7041,1,0
F,G,G,4960,100,4960,1,0
G,H,G,4911,100,4911,1,0
A,H,H,5142,100,5142,1,0
B,H,H,7094,100,7094,1,0
C,H,H,5184,100,5184,1,0
D,H,H,1412,100,1412,1,0
E,H,H,4959,100,4959,1,0
F,H,H,7008,100,7008,1,0
G,H,H,4931,100,4931,1,0
A,B,A,4950,100,4950,1,0
A,C,A,6963,100,6963,1,0
A,D,A,4939,100,4939,1,0
A,E,A,1383,100,1383,1,0
A,F,A,5190,100,5190,1,0
A,G,A,7129,100,7129,1,0
A,H,A,5150,100,5150,1,0
A,B,B,4937,100,4937,1,0
B,C,B,4955,100,4955,1,0
B,D,B,7045,100,7045,1,0
B,E,B,5129,100,5129,1,0
B,F,B,1398,100,1398,1,0
B,G,B,5205,100,5205,1,0
B,H,B,7072,100,7072,1,0
A,C,C,7035,100,7035,1,0
B,C,C,4911,100,4911,1,0
C,D,C,4982,100,4982,1,0
C,E,C,7169,100,7169,1,0
C,F,C,5151,100,5151,1,0
C,G,C,1418,100,1418,1,0
C,H,C,5156,100,5156,1,0
A,D,D,4956,100,4956,1,0
B,D,D,6995,100,6995,1,0
C,D,D,4964,100,4964,1,0
D,E,D,5113,100,5113,1,0
D,F,D,7178,100,7178,1,0
D,G,D,5132,100,5132,1,0
D,H,D,1344,100,1344,1,0
A,E,E,1407,100,1407,1,0
B,E,E,5138,100,5138,1,0
C,E,E,7174,100,7174,1,0
D,E,E,5100,100,5100,1,0
E,F,E,4958,100,4958,1,0
E,G,E,7072,100,7072,1,0
E,H,E,4988,100,4988,1,0
A,F,F,5213,100,5213,1,0
B,F,F,1424,100,1424,1,0
C,F,F,5146,100,5146,1,0
D,F,F,7143,100,7143,1,0
E,F,F,4942,100,4942,1,0
F,G,F,4937,100,4937,1,0
F,H,F,7051,100,7051,1,0
A,G,G,7159,100,7159,1,0
B,G,G,5160,100,5160,1,0
C,G,G,1406,100,1406,1,0
D,G,G,5157,100,5157,1,0
E,G,G,7062,100,7062,1,0
F,G,G,4975,100,4975,1,0
G,H,G,4941,100,4941,1,0
A,H,H,5172,100,5172,1,0
B,H,H,7196,100,7196,1,0
C,H,H,5157,100,5157,1,0
D,H,H,1407,100,1407,1,0
E,H,H,4931,100,4931,1,0
F,H,H,6990,100,6990,1,0
G,H,H,4930,100,4930,1,0
A,B,A,4952,100,4952,1,0
A,C,A,6999,100,6999,1,0
A,D,A,4921,100,4921,1,0
A,E,A,1424,100,1424,1,0
A,F,A,5194,100,5194,1,0
A,G,A,7201,100,7201,1,0
A,H,A,5162,100,5162,1,0
A,B,B,4974,100,4974,1,0
B,C,B,4997,100,4997,1,0
B,D,B,6959,100,6959,1,0
B,E,B,5194,100,5194,1,0
B,F,B,1392,100,1392,1,0
B,G,B,5207,100,5207,1,0
B,H,B,7140,100,7140,1,0
A,C,C,7003,100,7003,1,0
B,C,C,4961,100,4961,1,0
C,D,C,4953,100,4953,1,0
C,E,C,7209,100,7209,1,0
C,F,C,5153,100,5153,1,0
C,G,C,1434,100,1434,1,0
C,H,C,5162,100,5162,1,0
A,D,D,4957,100,4957,1,0
B,D,D,7034,100,7034,1,0
C,D,D,4934,100,4934,1,0
D,E,D,5140,100,5140,1,0
D,F,D,7131,100,7131,1,0
D,G,D,5146,100,5146,1,0
D,H,D,1439,100,1439,1,0
A,E,E,1421,100,1421,1,0
B,E,E,5120,100,5120,1,0
C,E,E,7182,100,7182,1,0
D,E,E,5122,100,5122,1,0
E,F,E,4972,100,4972,1,0
E,G,E,7059,100,7059,1,0
E,H,E,4962,100,4962,1,0
A,F,F,5199,100,5199,1,0
B,F,F,1424,100,1424,1,0
C,F,F,5170,100,5170,1,0
D,F,F,7128,100,7128,1,0
E,F,F,5000,100,5000,1,0
F,G,F,4997,100,4997,1,0
F,H,F,7057,100,7057,1,0
A,G,G,7209,100,7209,1,0
B,G,G,5178,100,5178,1,0
C,G,G,1419,100,1419,1,0
D,G,G,5163,100,5163,1,0
E,G,G,7047,100,7047,1,0
F,G,G,4958,100,4958,1,0
G,H,G,4974,100,4974,1,0
A,H,H,5188,100,5188,1,0
B,H,H,7212,100,7212,1,0
C,H,H,5197,100,5197,1,0
D,H,H,1409,100,1409,1,0
E,H,H,5011,100,5011,1,0
F,H,H,6995,100,6995,1,0
G,H,H,4962,100,4962,1,0
A,B,A,4938,100,4938,1,0
A,C,A,7072,100,7072,1,0
A,D,A,4933,100,4933,1,0
A,E,A,1414,100,1414,1,0
A,F,A,5177,100,5177,1,0
A,G,A,7109,100,7109,1,0
A,H,A,5175,100,5175,1,0
A,B,B,4962,100,4962,1,0
B,C,B,4983,100,4983,1,0
B,D,B,6995,100,6995,1,0
B,E,B,5158,100,5158,1,0
B,F,B,1379,100,1379,1,0
B,G,B,5190,100,5190,1,0
B,H,B,7154,100,7154,1,0
A,C,C,7066,100,7066,1,0
B,C,C,5004,100,5004,1,0
C,D,C,4977,100,4977,1,0
C,E,C,7180,100,7180,1,0
C,F,C,5172,100,5172,1,0
C,G,C,1378,100,1378,1,0
C,H,C,5155,100,5155,1,0
A,D,D,4932,100,4932,1,0
B,D,D,6973,100,6973,1,0
C,D,D,4928,100,4928,1,0
D,E,D,5173,100,5173,1,0
D,F,D,7121,100,7121,1,0
D,G,D,5149,100,5149,1,0
D,H,D,1421,100,1421,1,0
A,E,E,1427,100,1427,1,0
B,E,E,5117,100,5117,1,0
C,E,E,7186,100,7186,1,0
D,E,E,5168,100,5168,1,0
E,F,E,4978,100,4978,1,0
E,G,E,7041,100,7041,1,0
E,H,E,4997,100,4997,1,0
A,F,F,5158,100,5158,1,0
B,F,F,1390,100,1390,1,0
C,F,F,5140,100,5140,1,0
D,F,F,7167,100,7167,1,0
E,F,F,4988,100,4988,1,0
F,G,F,4988,100,4988,1,0
F,H,F,7009,100,7009,1,0
A,G,G,7224,100,7224,1,0
B,G,G,5191,100,5191,1,0
C,G,G,1426,100,1426,1,0
D,G,G,5103,100,5103,1,0
E,G,G,7041,100,7041,1,0
F,G,G,4987,100,4987,1,0
G,H,G,4942,100,4942,1,0
A,H,H,5150,100,5150,1,0
B,H,H,7132,100,7132,1,0
C,H,H,5176,100,5176,1,0
D,H,H,1408,100,1408,1,0
E,H,H,5005,100,5005,1,0
F,H,H,7032,100,7032,1,0
G,H,H,4963,100,4963,1,0
A,B,A,4942,100,4942,1,0
A,C,A,7059,100,7059,1,0
A,D,A,4925,100,4925,1,0
A,E,A,1396,100,1396,1,0
A,F,A,5155,100,5155,1,0
A,G,A,7205,100,7205,1,0
A,H,A,5145,100,5145,1,0
A,B,B,4970,100,4970,1,0
B,C,B,4976,100,4976,1,0
B,D,B,7026,100,7026,1,0
B,E,B,5138,100,5138,1,0
B,F,B,1370,100,1370,1,0
B,G,B,5183,100,5183,1,0
B,H,B,7168,100,7168,1,0
A,C,C,6989,100,6989,1,0
B,C,C,4949,100,4949,1,0
C,D,C,4937,100,4937,1,0
C,E,C,7214,100,7214,1,0
C,F,C,5144,100,5144,1,0
C,G,C,1417,100,1417,1,0
C,H,C,5152,100,5152,1,0
A,D,D,4958,100,4958,1,0
B,D,D,7017,100,7017,1,0
C,D,D,4931,100,4931,1,0
D,E,D,5201,100,5201,1,0
D,F,D,7116,100,7116,1,0
D,G,D,5119,100,5119,1,0
D,H,D,1372,100,1372,1,0
A,E,E,1400,100,1400,1,0
B,E,E,5138,100,5138,1,0
C,E,E,7173,100,7173,1,0
D,E,E,5170,100,5170,1,0
E,F,E,4986,100,4986,1,0
E,G,E,7057,100,7057,1,0
E,H,E,4988,100,4988,1,0
A,F,F,5199,100,5199,1,0
B,F,F,1435,100,1435,1,0
C,F,F,5155,100,5155,1,0
D,F,F,7119,100,7119,1,0
E,F,F,4982,100,4982,1,0
F,G,F,4993,100,4993,1,0
F,H,F,7015,100,7015,1,0
A,G,G,7189,100,7189,1,0
B,G,G,5175,100,5175,1,0
C,G,G,1425,100,1425,1,0
D,G,G,5175,100,5175,1,0
E,G,G,7004,100,7004,1,0
F,G,G,4966,100,4966,1,0
G,H,G,4959,100,4959,1,0
A,H,H,5150,100,5150,1,0
B,H,H,7159,100,7159,1,0
C,H,H,5139,100,5139,1,0
D,H,H,1376,100,1376,1,0
E,H,H,4961,100,4961,1,0
F,H,H,7037,100,7037,1,0
G,H,H,4964,100,4964,1,0
A,B,A,4931,100,4931,1,0
A,C,A,7004,100,7004,1,0
A,D,A,4932,100,4932,1,0
A,E,A,1429,100,1429,1,0
A,F,A,5197,100,5197,1,0
A,G,A,7207,100,7207,1,0
A,H,A,5115,100,5115,1,0
A,B,B,4926,100,4926,1,0
B,C,B,4987,100,4987,1,0
B,D,B,7035,100,7035,1,0
B,E,B,5155,100,5155,1,0
B,F,B,1414,100,1414,1,0
B,G,B,5196,100,5196,1,0
B,H,B,7127,100,7127,1,0
A,C,C,7069,100,7069,1,0
B,C,C,4989,100,4989,1,0
C,D,C,4970,100,4970,1,0
C,E,C,7162,100,7162,1,0
C,F,C,5150,100,5150,1,0
C,G,C,1413,100,1413,1,0
C,H,C,5163,100,5163,1,0
A,D,D,4979,100,4979,1,0
B,D,D,6983,100,6983,1,0
C,D,D,4955,100,4955,1,0
D,E,D,5178,100,5178,1,0
D,F,D,7115,100,7115,1,0
D,G,D,5112,100,5112,1,0
D,H,D,1404,100,1404,1,0
A,E,E,1377,100,1377,1,0
B,E,E,5109,100,5109,1,0
C,E,E,7206,100,7206,1,0
D,E,E,5188,100,5188,1,0
E,F,E,4957,100,4957,1,0
E,G,E,7044,100,7044,1,0
E,H,E,5001,100,5001,1,0
A,F,F,5180,100,5180,1,0
B,F,F,1403,100,1403,1,0
C,F,F,5166,100,5166,1,0
D,F,F,7164,100,7164,1,0
E,F,F,4960,100,4960,1,0
F,G,F,4963,100,4963,1,0
F,H,F,6967,100,6967,1,0
A,G,G,7165,100,7165,1,0
B,G,G,5215,100,5215,1,0
C,G,G,1406,100,1406,1,0
D,G,G,5134,100,5134,1,0
E,G,G,7047,100,7047,1,0
F,G,G,4962,100,4962,1,0
G,H,G,4956,100,4956,1,0
A,H,H,5154,100,5154,1,0
B,H,H,7178,100,7178,1,0
C,H,H,5199,100,5199,1,0
D,H,H,1387,100,1387,1,0
E,H,H,4966,100,4966,1,0
F,H,H,7045,100,7045,1,0
G,H,H,4960,100,4960,1,0
A,B,A,4931,100,4931,1,0
A,C,A,7030,100,7030,1,0
A,D,A,4952,100,4952,1,0
A,E,A,1439,100,1439,1,0
A,F,A,5129,100,5129,1,0
A,G,A,7174,100,7174,1,0
A,H,A,5192,100,5192,1,0
A,B,B,4962,100,4962,1,0
B,C,B,4997,100,4997,1,0
B,D,B,6971,100,6971,1,0
B,E,B,5122,100,5122,1,0
B,F,B,1393,100,1393,1,0
B,G,B,5189,100,5189,1,0
B,H,B,7164,100,7164,1,0
A,C,C,7019,100,7019,1,0
B,C,C,4994,100,4994,1,0
C,D,C,4915,100,4915,1,0
C,E,C,7195,100,7195,1,0
C,F,C,5164,100,5164,1,0
C,G,C,1401,100,1401,1,0
C,H,C,5136,100,5136,1,0
A,D,D,4971,100,4971,1,0
B,D,D,6968,100,6968,1,0
C,D,D,4912,100,4912,1,0
D,E,D,5126,100,5126,1,0
D,F,D,7118,100,7118,1,0
D,G,D,5104,100,5104,1,0
D,H,D,1409,100,1409,1,0
A,E,E,1371,100,1371,1,0
B,E,E,5145,100,5145,1,0
C,E,E,7144,100,7144,1,0
D,E,E,5153,100,5153,1,0
E,F,E,4982,100,4982,1,0
E,G,E,7074,100,7074,1,0
E,H,E,4955,100,4955,1,0
A,F,F,5171,100,5171,1,0
B,F,F,1410,100,1410,1,0
C,F,F,5156,100,5156,1,0
D,F,F,7144,100,7144,1,0
E,F,F,4995,100,4995,1,0
F,G,F,4991,100,4991,1,0
F,H,F,7034,100,7034,1,0
A,G,G,7192,100,7192,1,0
B,G,G,5190,100,5190,1,0
C,G,G,1412,100,1412,1,0
D,G,G,5123,100,5123,1,0
E,G,G,7031,100,7031,1,0
F,G,G,4998,100,4998,1,0
G,H,G,4931,100,4931,1,0
A,H,H,5128,100,5128,1,0
B,H,H,7170,100,7170,1,0
C,H,H,5141,100,5141,1,0
D,H,H,1413,100,1413,1,0
E,H,H,4977,100,4977,1,0
F,H,H,7036,100,7036,1,0
G,H,H,4980,100,4980,1,0
A,B,A,4949,100,4949,1,0
A,C,A,7038,100,7038,1,0
A,D,A,4944,100,4944,1,0
A,E,A,1415,100,1415,1,0
A,F,A,5195,100,5195,1,0
A,G,A,7186,100,7186,1,0
A,H,A,5100,100,5100,1,0
A,B,B,4933,100,4933,1,0
B,C,B,4967,100,4967,1,0
B,D,B,7036,100,7036,1,0
B,E,B,5122,100,5122,1,0
B,F,B,1364,100,1364,1,0
B,G,B,5167,100,5167,1,0
B,H,B,7147,100,7147,1,0
A,C,C,6992,100,6992,1,0
B,C,C,4970,100,4970,1,0
C,D,C,4961,100,4961,1,0
C,E,C,7193,100,7193,1,0
C,F,C,5137,100,5137,1,0
C,G,C,1420,100,1420,1,0
C,H,C,5146,100,5146,1,0
A,D,D,4926,100,4926,1,0
B,D,D,7007,100,7007,1,0
C,D,D,4966,100,4966,1,0
D,E,D,5201,100,5201,1,0
D,F,D,7146,100,7146,1,0
D,G,D,5133,100,5133,1,0
D,H,D,1395,100,1395,1,0
A,E,E,1370,100,1370,1,0
B,E,E,5132,100,5132,1,0
C,E,E,7196,100,7196,1,0
D,E,E,5139,100,5139,1,0
E,F,E,4955,100,4955,1,0
E,G,E,7047,100,7047,1,0
E,H,E,5023,100,5023,1,0
A,F,F,5207,100,5207,1,0
B,F,F,1372,100,1372,1,0
C,F,F,5164,100,5164,1,0
D,F,F,7127,100,7127,1,0
E,F,F,4985,100,4985,1,0
F,G,F,4980,100,4980,1,0
F,H,F,7033,100,7033,1,0
A,G,G,7144,100,7144,1,0
B,G,G,5170,100,5170,1,0
C,G,G,1408,100,1408,1,0
D,G,G,5146,100,5146,1,0
E,G,G,7057,100,7057,1,0
F,G,G,4938,100,4938,1,0
G,H,G,4981,100,4981,1,0
A,H,H,5117,100,5117,1,0
B,H,H,7151,100,7151,1,0
C,H,H,5148,100,5148,1,0
D,H,H,1373,100,1373,1,0
E,H,H,5000,100,5000,1,0
F,H,H,6974,100,6974,1,0
G,H,H,4990,100,4990,1,0
A,B,A,4961,100,4961,1,0
A,C,A,7003,100,7003,1,0
A,D,A,4943,100,4943,1,0
A,E,A,1420,100,1420,1,0
A,F,A,5168,100,5168,1,0
A,G,A,7169,100,7169,1,0
A,H,A,5116,100,5116,1,0
A,B,B,4970,100,4970,1,0
B,C,B,4980,100,4980,1,0
B,D,B,6998,100,6998,1,0
B,E,B,5148,100,5148,1,0
B,F,B,1410,100,1410,1,0
B,G,B,5201,100,5201,1,0
B,H,B,7158,100,7158,1,0
A,C,C,7002,100,7002,1,0
B,C,C,4985,100,4985,1,0
C,D,C,4912,100,4912,1,0
C,E,C,7195,100,7195,1,0
C,F,C,5159,100,5159,1,0
C,G,C,1418,100,1418,1,0
C,H,C,5187,100,5187,1,0
A,D,D,4933,100,4933,1,0
B,D,D,6977,100,6977,1,0
C,D,D,4976,100,4976,1,0
D,E,D,5141,100,5141,1,0
D,F,D,7107,100,7107,1,0
D,G,D,5158,100,5158,1,0
D,H,D,1408,100,1408,1,0
A,E,E,1422,100,1422,1,0
B,E,E,5150,100,5150,1,0
C,E,E,7224,100,7224,1,0
D,E,E,5215,100,5215,1,0
E,F,E,4987,100,4987,1,0
E,G,E,7039,100,7039,1,0
E,H,E,4982,100,4982,1,0
A,F,F,5205,100,5205,1,0
B,F,F,1380,100,1380,1,0
C,F,F,5183,100,5183,1,0
D,F,F,7136,100,7136,1,0
E,F,F,4992,100,4992,1,0
F,G,F,4931,100,4931,1,0
F,H,F,7048,100,7048,1,0
A,G,G,7218,100,7218,1,0
B,G,G,5174,100,5174,1,0
C,G,G,1404,100,1404,1,0
D,G,G,5155,100,5155,1,0
E,G,G,7081,100,7081,1,0
F,G,G,4956,100,4956,1,0
G,H,G,4937,100,4937,1,0
A,H,H,5154,100,5154,1,0
B,H,H,7152,100,7152,1,0
C,H,H,5186,100,5186,1,0
D,H,H,1450,100,1450,1,0
E,H,H,4958,100,4958,1,0
F,H,H,7035,100,7035,1,0
G,H,H,4976,100,4976,1,0
A,B,A,4969,100,4969,1,0
A,C,A,7038,100,7038,1,0
A,D,A,4945,100,4945,1,0
A,E,A,1418,100,1418,1,0
A,F,A,5152,100,5152,1,0
A,G,A,7140,100,7140,1,0
A,H,A,5132,100,5132,1,0
A,B,B,4937,100,4937,1,0
B,C,B,4957,100,4957,1,0
B,D,B,7022,100,7022,1,0
B,E,B,5127,100,5127,1,0
B,F,B,1387,100,1387,1,0
B,G,B,5178,100,5178,1,0
B,H,B,7153,100,7153,1,0
A,C,C,6983,100,6983,1,0
B,C,C,5026,100,5026,1,0
C,D,C,4941,100,4941,1,0
C,E,C,7204,100,7204,1,0
C,F,C,5143,100,5143,1,0
C,G,C,1427,100,1427,1,0
C,H,C,5177,100,5177,1,0
A,D,D,4936,100,4936,1,0
B,D,D,6995,100,6995,1,0
C,D,D,4968,100,4968,1,0
D,E,D,5178,100,5178,1,0
D,F,D,7151,100,7151,1,0
D,G,D,5155,100,5155,1,0
D,H,D,1396,100,1396,1,0
A,E,E,1402,100,1402,1,0
B,E,E,5113,100,5113,1,0
C,E,E,7121,100,7121,1,0
D,E,E,5180,100,5180,1,0
E,F,E,4969,100,4969,1,0
E,G,E,7046,100,7046,1,0
E,H,E,4940,100,4940,1,0
A,F,F,5166,100,5166,1,0
B,F,F,1389,100,1389,1,0
C,F,F,5162,100,5162,1,0
D,F,F,7132,100,7132,1,0
E,F,F,4961,100,4961,1,0
F,G,F,4955,100,4955,1,0
F,H,F,7014,100,7014,1,0
A,G,G,7133,100,7133,1,0
B,G,G,5162,100,5162,1,0
C,G,G,1390,100,1390,1,0
D,G,G,5146,100,5146,1,0
E,G,G,7060,100,7060,1,0
F,G,G,4949,100,4949,1,0
G,H,G,4972,100,4972,1,0
A,H,H,5154,100,5154,1,0
B,H,H,7151,100,7151,1,0
C,H,H,5121,100,5121,1,0
D,H,H,1395,100,1395,1,0
E,H,H,4978,100,4978,1,0
F,H,H,7006,100,7006,1,0
G,H,H,4971,100,4971,1,0
A,B,A,4940,100,4940,1,0
A,C,A,7024,100,7024,1,0
A,D,A,4971,100,4971,1,0
A,E,A,1390,100,1390,1,0
A,F,A,5191,100,5191,1,0
A,G,A,7169,100,7169,1,0
A,H,A,5103,100,5103,1,0
A,B,B,4988,100,4988,1,0
B,C,B,4996,100,4996,1,0
B,D,B,6957,100,6957,1,0
B,E,B,5163,100,5163,1,0
B,F,B,1397,100,1397,1,0
B,G,B,5195,100,5195,1,0
B,H,B,7144,100,7144,1,0
A,C,C,6992,100,6992,1,0
B,C,C,4964,100,4964,1,0
C,D,C,4926,100,4926,1,0
C,E,C,7219,100,7219,1,0
C,F,C,5151,100,5151,1,0
C,G,C,1404,100,1404,1,0
C,H,C,5142,100,5142,1,0
A,D,D,4941,100,4941,1,0
B,D,D,6993,100,6993,1,0
C,D,D,4957,100,4957,1,0
D,E,D,5112,100,5112,1,0
D,F,D,7169,100,7169,1,0
D,G,D,5109,100,5109,1,0
D,H,D,1423,100,1423,1,0
A,E,E,1423,100,1423,1,0
B,E,E,5134,100,5134,1,0
C,E,E,7184,100,7184,1,0
D,E,E,5205,100,5205,1,0
E,F,E,4966,100,4966,1,0
E,G,E,7061,100,7061,1,0
E,H,E,4966,100,4966,1,0
A,F,F,5154,100,5154,1,0
B,F,F,1439,100,1439,1,0
C,F,F,5148,100,5148,1,0
D,F,F,7144,100,7144,1,0
E,F,F,4972,100,4972,1,0
F,G,F,4980,100,4980,1,0
F,H,F,7029,100,7029,1,0
A,G,G,7181,100,7181,1,0
B,G,G,5191,100,5191,1,0
C,G,G,1406,100,1406,1,0
D,G,G,5153,100,5153,1,0
E,G,G,7046,100,7046,1,0
F,G,G,4970,100,4970,1,0
G,H,G,4960,100,4960,1,0
A,H,H,5128,100,5128,1,0
B,H,H,7117,100,7117,1,0
C,H,H,5126,100,5126,1,0
D,H,H,1382,100,1382,1,0
E,H,H,4992,100,4992,1,0
F,H,H,6991,100,6991,1,0
G,H,H,4972,100,4972,1,0
A,B,A,4959,100,4959,1,0
A,C,A,6992,100,6992,1,0
A,D,A,4929,100,4929,1,0
A,E,A,1446,100,1446,1,0
A,F,A,5170,100,5170,1,0
A,G,A,7139,100,7139,1,0
A,H,A,5108,100,5108,1,0
A,B,B,4946,100,4946,1,0
B,C,B,4970,100,4970,1,0
B,D,B,7013,100,7013,1,0
B,E,B,5151,100,5151,1,0
B,F,B,1413,100,1413,1,0
B,G,B,5163,100,5163,1,0
B,H,B,7159,100,7159,1,0
A,C,C,7022,100,7022,1,0
B,C,C,4971,100,4971,1,0
C,D,C,4959,100,4959,1,0
C,E,C,7191,100,7191,1,0
C,F,C,5162,100,5162,1,0
C,G,C,1388,100,1388,1,0
C,H,C,5191,100,5191,1,0
A,D,D,4926,100,4926,1,0
B,D,D,6978,100,6978,1,0
C,D,D,4943,100,4943,1,0
D,E,D,5176,100,5176,1,0
D,F,D,7184,100,7184,1,0
D,G,D,5125,100,5125,1,0
D,H,D,1418,100,1418,1,0
A,E,E,1460,100,1460,1,0
B,E,E,5159,100,5159,1,0
C,E,E,7206,100,7206,1,0
D,E,E,5189,100,5189,1,0
E,F,E,4939,100,4939,1,0
E,G,E,7048,100,7048,1,0
E,H,E,4979,100,4979,1,0
A,F,F,5147,100,5147,1,0
B,F,F,1426,100,1426,1,0
C,F,F,5130,100,5130,1,0
D,F,F,7124,100,7124,1,0
E,F,F,4952,100,4952,1,0
F,G,F,4983,100,4983,1,0
F,H,F,6963,100,6963,1,0
A,G,G,7208,100,7208,1,0
B,G,G,5167,100,5167,1,0
C,G,G,1406,100,1406,1,0
D,G,G,5105,100,5105,1,0
E,G,G,7030,100,7030,1,0
F,G,G,4981,100,4981,1,0
G,H,G,4953,100,4953,1,0
A,H,H,5209,100,5209,1,0
B,H,H,7108,100,7108,1,0
C,H,H,5143,100,5143,1,0
D,H,H,1370,100,1370,1,0
E,H,H,4987,100,4987,1,0
F,H,H,7006,100,7006,1,0
G,H,H,4963,100,4963,1,0
A,B,A,4953,100,4953,1,0
A,C,A,7003,100,7003,1,0
A,D,A,4941,100,4941,1,0
A,E,A,1424,100,1424,1,0
A,F,A,5214,100,5214,1,0
A,G,A,7127,100,7127,1,0
A,H,A,5121,100,5121,1,0
A,B,B,4950,100,4950,1,0
B,C,B,4967,100,4967,1,0
B,D,B,7013,100,7013,1,0
B,E,B,5147,100,5147,1,0
B,F,B,1391,100,1391,1,0
B,G,B,5191,100,5191,1,0
B,H,B,7181,100,7181,1,0
A,C,C,6995,100,6995,1,0
B,C,C,5012,100,5012,1,0
C,D,C,4927,100,4927,1,0
C,E,C,7211,100,7211,1,0
C,F,C,5143,100,5143,1,0
C,G,C,1423,100,1423,1,0
C,H,C,5175,100,5175,1,0
A,D,D,4917,100,4917,1,0
B,D,D,6960,100,6960,1,0
C,D,D,4972,100,4972,1,0
D,E,D,5156,100,5156,1,0
D,F,D,7119,100,7119,1,0
D,G,D,5123,100,5123,1,0
D,H,D,1362,100,1362,1,0
A,E,E,1386,100,1386,1,0
B,E,E,5157,100,5157,1,0
C,E,E,7176,100,7176,1,0
D,E,E,5193,100,5193,1,0
E,F,E,4962,100,4962,1,0
E,G,E,7054,100,7054,1,0
E,H,E,4976,100,4976,1,0
A,F,F,5165,100,5165,1,0
B,F,F,1365,100,1365,1,0
C,F,F,5168,100,5168,1,0
D,F,F,7121,100,7121,1,0
E,F,F,4968,100,4968,1,0
F,G,F,4935,100,4935,1,0
F,H,F,7045,100,7045,1,0
A,G,G,7188,100,7188,1,0
B,G,G,5199,100,5199,1,0
C,G,G,1412,100,1412,1,0
D,G,G,5155,100,5155,1,0
E,G,G,7034,100,7034,1,0
F,G,G,4968,100,4968,1,0
G,H,G,4992,100,4992,1,0
A,H,H,5141,100,5141,1,0
B,H,H,7126,100,7126,1,0
C,H,H,5120,100,5120,1,0
D,H,H,1401,100,1401,1,0
E,H,H,4974,100,4974,1,0
F,H,H,7021,100,7021,1,0
G,H,H,4979,100,4979,1,0
A,B,A,4969,100,4969,1,0
A,C,A,7061,100,7061,1,0
A,D,A,4929,100,4929,1,0
A,E,A,1404,100,1404,1,0
A,F,A,5170,100,5170,1,0
A,G,A,7202,100,7202,1,0
A,H,A,5149,100,5149,1,0
A,B,B,4976,100,4976,1,0
B,C,B,4986,100,4986,1,0
B,D,B,7044,100,7044,1,0
B,E,B,5155,100,5155,1,0
B,F,B,1395,100,1395,1,0
B,G,B,5197,100,5197,1,0
B,H,B,7169,100,7169,1,0
A,C,C,7011,100,7011,1,0
B,C,C,4987,100,4987,1,0
C,D,C,4978,100,4978,1,0
C,E,C,7197,100,7197,1,0
C,F,C,5140,100,5140,1,0
C,G,C,1415,100,1415,1,0
C,H,C,5158,100,5158,1,0
A,D,D,4956,100,4956,1,0
B,D,D,6987,100,6987,1,0
C,D,D,4957,100,4957,1,0
D,E,D,5195,100,5195,1,0
D,F,D,7107,100,7107,1,0
D,G,D,5129,100,5129,1,0
D,H,D,1416,100,1416,1,0
A,E,E,1455,100,1455,1,0
B,E,E,5138,100,5138,1,0
C,E,E,7224,100,7224,1,0
D,E,E,5177,100,5177,1,0
E,F,E,4970,100,4970,1,0
E,G,E,7093,100,7093,1,0
E,H,E,4962,100,4962,1,0
A,F,F,5239,100,5239,1,0
B,F,F,1384,100,1384,1,0
C,F,F,5130,100,5130,1,0
D,F,F,7174,100,7174,1,0
E,F,F,4982,100,4982,1,0
F,G,F,4982,100,4982,1,0
F,H,F,7021,100,7021,1,0
A,G,G,7185,100,7185,1,0
B,G,G,5172,100,5172,1,0
C,G,G,1349,100,1349,1,0
D,G,G,5124,100,5124,1,0
E,G,G,7046,100,7046,1,0
F,G,G,4974,100,4974,1,0
G,H,G,4974,100,4974,1,0
A,H,H,5165,100,5165,1,0
B,H,H,7107,100,7107,1,0
C,H,H,5175,100,5175,1,0
D,H,H,1374,100,1374,1,0
E,H,H,4976,100,4976,1,0
F,H,H,7035,100,7035,1,0
G,H,H,4957,100,4957,1,0
A,B,A,4972,100,4972,1,0
A,C,A,6995,100,6995,1,0
A,D,A,4959,100,4959,1,0
A,E,A,1414,100,1414,1,0
A,F,A,5168,100,5168,1,0
A,G,A,7215,100,7215,1,0
A,H,A,5126,100,5126,1,0
A,B,B,4942,100,4942,1,0
B,C,B,5021,100,5021,1,0
B,D,B,6975,100,6975,1,0
B,E,B,5157,100,5157,1,0
B,F,B,1335,100,1335,1,0
B,G,B,5185,100,5185,1,0
B,H,B,7123,100,7123,1,0
A,C,C,6979,100,6979,1,0
B,C,C,4990,100,4990,1,0
C,D,C,4969,100,4969,1,0
C,E,C,7169,100,7169,1,0
C,F,C,5133,100,5133,1,0
C,G,C,1382,100,1382,1,0
C,H,C,5163,100,5163,1,0
A,D,D,4956,100,4956,1,0
B,D,D,6987,100,6987,1,0
C,D,D,4922,100,4922,1,0
D,E,D,5148,100,5148,1,0
D,F,D,7179,100,7179,1,0
D,G,D,5197,100,5197,1,0
D,H,D,1457,100,1457,1,0
A,E,E,1432,100,1432,1,0
B,E,E,5161,100,5161,1,0
C,E,E,7202,100,7202,1,0
D,E,E,5186,100,5186,1,0
E,F,E,4966,100,4966,1,0
E,G,E,7055,100,7055,1,0
E,H,E,4970,100,4970,1,0
A,F,F,5132,100,5132,1,0
B,F,F,1410,100,1410,1,0
C,F,F,5128,100,5128,1,0
D,F,F,7165,100,7165,1,0
E,F,F,5040,100,5040,1,0
F,G,F,4970,100,4970,1,0
F,H,F,6998,100,6998,1,0
A,G,G,7169,100,7169,1,0
B,G,G,5162,100,5162,1,0
C,G,G,1402,100,1402,1,0
D,G,G,5151,100,5151,1,0
E,G,G,7069,100,7069,1,0
F,G,G,4977,100,4977,1,0
G,H,G,4970,100,4970,1,0
A,H,H,5179,100,5179,1,0
B,H,H,7149,100,7149,1,0
C,H,H,5155,100,5155,1,0
D,H,H,1386,100,1386,1,0
E,H,H,4991,100,4991,1,0
F,H,H,6976,100,6976,1,0
G,H,H,4926,100,4926,1,0
A,B,A,4982,100,4982,1,0
A,C,A,7043,100,7043,1,0
A,D,A,4971,100,4971,1,0
A,E,A,1430,100,1430,1,0
A,F,A,5224,100,5224,1,0
A,G,A,7190,100,7190,1,0
A,H,A,5109,100,5109,1,0
A,B,B,4946,100,4946,1,0
B,C,B,5011,100,5011,1,0
B,D,B,7046,100,7046,1,0
B,E,B,5129,100,5129,1,0
B,F,B,1410,100,1410,1,0
B,G,B,5163,100,5163,1,0
B,H,B,7146,100,7146,1,0
A,C,C,7015,100,7015,1,0
B,C,C,5010,100,5010,1,0
C,D,C,4960,100,4960,1,0
C,E,C,7186,100,7186,1,0
C,F,C,5131,100,5131,1,0
C,G,C,1385,100,1385,1,0
C,H,C,5115,100,5115,1,0
A,D,D,4922,100,4922,1,0
B,D,D,7032,100,7032,1,0
C,D,D,4942,100,4942,1,0
D,E,D,5183,100,5183,1,0
D,F,D,7138,100,7138,1,0
D,G,D,5166,100,5166,1,0
D,H,D,1448,100,1448,1,0
A,E,E,1440,100,1440,1,0
B,E,E,5158,100,5158,1,0
C,E,E,7211,100,7211,1,0
D,E,E,5181,100,5181,1,0
E,F,E,4958,100,4958,1,0
E,G,E,7065,100,7065,1,0
E,H,E,4966,100,4966,1,0
A,F,F,5219,100,5219,1,0
B,F,F,1399,100,1399,1,0
C,F,F,5142,100,5142,1,0
D,F,F,7118,100,7118,1,0
E,F,F,4962,100,4962,1,0
F,G,F,4970,100,4970,1,0
F,H,F,6984,100,6984,1,0
A,G,G,7204,100,7204,1,0
B,G,G,5198,100,5198,1,0
C,G,G,1408,100,1408,1,0
D,G,G,5130,100,5130,1,0
E,G,G,7023,100,7023,1,0
F,G,G,5025,100,5025,1,0
G,H,G,4930,100,4930,1,0
A,H,H,5131,100,5131,1,0
B,H,H,7144,100,7144,1,0
C,H,H,5185,100,5185,1,0
D,H,H,1414,100,1414,1,0
E,H,H,4956,100,4956,1,0
F,H,H,7005,100,7005,1,0
G,H,H,4962,100,4962,1,0
A,B,A,4950,100,4950,1,0
A,C,A,7000,100,7000,1,0
A,D,A,4957,100,4957,1,0
A,E,A,1425,100,1425,1,0
A,F,A,5170,100,5170,1,0
A,G,A,7181,100,7181,1,0
A,H,A,5154,100,5154,1,0
A,B,B,4925,100,4925,1,0
B,C,B,5012,100,5012,1,0
B,D,B,6978,100,6978,1,0
B,E,B,5127,100,5127,1,0
B,F,B,1410,100,1410,1,0
B,G,B,5159,100,5159,1,0
B,H,B,7104,100,7104,1,0
A,C,C,7029,100,7029,1,0
B,C,C,5015,100,5015,1,0
C,D,C,4987,100,4987,1,0
C,E,C,7171,100,7171,1,0
C,F,C,5156,100,5156,1,0
C,G,C,1427,100,1427,1,0
C,H,C,5135,100,5135,1,0
A,D,D,4957,100,4957,1,0
B,D,D,7002,100,7002,1,0
C,D,D,4910,100,4910,1,0
D,E,D,5150,100,5150,1,0
D,F,D,7188,100,7188,1,0
D,G,D,5135,100,5135,1,0
D,H,D,1383,100,1383,1,0
A,E,E,1436,100,1436,1,0
B,E,E,5181,100,5181,1,0
C,E,E,7216,100,7216,1,0
D,E,E,5204,100,5204,1,0
E,F,E,4996,100,4996,1,0
E,G,E,7034,100,7034,1,0
E,H,E,4956,100,4956,1,0
A,F,F,5170,100,5170,1,0
B,F,F,1399,100,1399,1,0
C,F,F,5157,100,5157,1,0
D,F,F,7162,100,7162,1,0
E,F,F,4990,100,4990,1,0
F,G,F,4997,100,4997,1,0
F,H,F,6962,100,6962,1,0
A,G,G,7195,100,7195,1,0
B,G,G,5180,100,5180,1,0
C,G,G,1388,100,1388,1,0
D,G,G,5169,100,5169,1,0
E,G,G,7037,100,7037,1,0
F,G,G,4993,100,4993,1,0
G,H,G,4984,100,4984,1,0
A,H,H,5138,100,5138,1,0
B,H,H,7167,100,7167,1,0
C,H,H,5186,100,5186,1,0
D,H,H,1378,100,1378,1,0
E,H,H,4955,100,4955,1,0
F,H,H,7049,100,7049,1,0
G,H,H,4963,100,4963,1,0
A,B,A,4973,100,4973,1,0
A,C,A,7027,100,7027,1,0
A,D,A,4956,100,4956,1,0
A,E,A,1408,100,1408,1,0
A,F,A,5157,100,5157,1,0
A,G,A,7192,100,7192,1,0
A,H,A,5207,100,5207,1,0
A,B,B,4991,100,4991,1,0
B,C,B,4966,100,4966,1,0
B,D,B,6996,100,6996,1,0
B,E,B,5158,100,5158,1,0
B,F,B,1379,100,1379,1,0
B,G,B,5209,100,5209,1,0
B,H,B,7121,100,7121,1,0
A,C,C,6985,100,6985,1,0
B,C,C,4979,100,4979,1,0
C,D,C,4948,100,4948,1,0
C,E,C,7184,100,7184,1,0
C,F,C,5162,100,5162,1,0
C,G,C,1407,100,1407,1,0
C,H,C,5165,100,5165,1,0
A,D,D,4940,100,4940,1,0
B,D,D,7029,100,7029,1,0
C,D,D,4965,100,4965,1,0
D,E,D,5081,100,5081,1,0
D,F,D,7182,100,7182,1,0
D,G,D,5145,100,5145,1,0
D,H,D,1383,100,1383,1,0
A,E,E,1386,100,1386,1,0
B,E,E,5133,100,5133,1,0
C,E,E,7159,100,7159,1,0
D,E,E,5101,100,5101,1,0
E,F,E,5016,100,5016,1,0
E,G,E,7061,100,7061,1,0
E,H,E,4969,100,4969,1,0
A,F,F,5156,100,5156,1,0
B,F,F,1393,100,1393,1,0
C,F,F,5152,100,5152,1,0
D,F,F,7141,100,7141,1,0
E,F,F,4973,100,4973,1,0
F,G,F,4966,100,4966,1,0
F,H,F,7038,100,7038,1,0
A,G,G,7173,100,7173,1,0
B,G,G,5185,100,5185,1,0
C,G,G,1390,100,1390,1,0
D,G,G,5167,100,5167,1,0
E,G,G,7054,100,7054,1,0
F,G,G,4975,100,4975,1,0
G,H,G,4950,100,4950,1,0
A,H,H,5167,100,5167,1,0
B,H,H,7111,100,7111,1,0
C,H,H,5139,100,5139,1,0
D,H,H,1364,100,1364,1,0
E,H,H,4970,100,4970,1,0
F,H,H,7023,100,7023,1,0
G,H,H,4979,100,4979,1,0
A,B,A,4954,100,4954,1,0
A,C,A,7035,100,7035,1,0
A,D,A,4933,100,4933,1,0
A,E,A,1448,100,1448,1,0
A,F,A,5237,100,5237,1,0
A,G,A,7169,100,7169,1,0
A,H,A,5186,100,5186,1,0
A,B,B,4953,100,4953,1,0
B,C,B,4964,100,4964,1,0
B,D,B,7029,100,7029,1,0
B,E,B,5124,100,5124,1,0
B,F,B,1386,100,1386,1,0
B,G,B,5200,100,5200,1,0
B,H,B,7137,100,7137,1,0
A,C,C,7007,100,7007,1,0
B,C,C,4986,100,4986,1,0
C,D,C,4946,100,4946,1,0
C,E,C,7185,100,7185,1,0
C,F,C,5178,100,5178,1,0
C,G,C,1378,100,1378,1,0
C,H,C,5168,100,5168,1,0
A,D,D,4939,100,4939,1,0
B,D,D,7014,100,7014,1,0
C,D,D,4956,100,4956,1,0
D,E,D,5177,100,5177,1,0
D,F,D,7136,100,7136,1,0
D,G,D,5127,100,5127,1,0
D,H,D,1403,100,1403,1,0
A,E,E,1412,100,1412,1,0
B,E,E,5107,100,5107,1,0
C,E,E,7154,100,7154,1,0
D,E,E,5230,100,5230,1,0
E,F,E,4959,100,4959,1,0
E,G,E,7063,100,7063,1,0
E,H,E,4955,100,4955,1,0
A,F,F,5218,100,5218,1,0
B,F,F,1378,100,1378,1,0
C,F,F,5194,100,5194,1,0
D,F,F,7113,100,7113,1,0
E,F,F,4961,100,4961,1,0
F,G,F,4966,100,4966,1,0
F,H,F,7003,100,7003,1,0
A,G,G,7184,100,7184,1,0
B,G,G,5129,100,5129,1,0
C,G,G,1436,100,1436,1,0
D,G,G,5151,100,5151,1,0
E,G,G,7022,100,7022,1,0
F,G,G,4959,100,4959,1,0
G,H,G,4964,100,4964,1,0
A,H,H,5129,100,5129,1,0
B,H,H,7113,100,7113,1,0
C,H,H,5103,100,5103,1,0
D,H,H,1415,100,1415,1,0
E,H,H,4977,100,4977,1,0
F,H,H,6994,100,6994,1,0
G,H,H,4940,100,4940,1,0
A,B,A,4952,100,4952,1,0
A,C,A,7110,100,7110,1,0
A,D,A,4921,100,4921,1,0
A,E,A,1453,100,1453,1,0
A,F,A,5198,100,5198,1,0
A,G,A,7173,100,7173,1,0
A,H,A,5152,100,5152,1,0
A,B,B,4937,100,4937,1,0
B,C,B,5009,100,5009,1,0
B,D,B,6985,100,6985,1,0
B,E,B,5150,100,5150,1,0
B,F,B,1378,100,1378,1,0
B,G,B,5191,100,5191,1,0
B,H,B,7157,100,7157,1,0
A,C,C,7042,100,7042,1,0
B,C,C,4984,100,4984,1,0
C,D,C,4945,100,4945,1,0
C,E,C,7178,100,7178,1,0
C,F,C,5141,100,5141,1,0
C,G,C,1430,100,1430,1,0
C,H,C,5122,100,5122,1,0
A,D,D,4954,100,4954,1,0
B,D,D,7000,100,7000,1,0
C,D,D,4943,100,4943,1,0
D,E,D,5168,100,5168,1,0
D,F,D,7146,100,7146,1,0
D,G,D,5123,100,5123,1,0
D,H,D,1451,100,1451,1,0
A,E,E,1373,100,1373,1,0
B,E,E,5152,100,5152,1,0
C,E,E,7197,100,7197,1,0
D,E,E,5178,100,5178,1,0
E,F,E,4965,100,4965,1,0
E,G,E,7047,100,7047,1,0
E,H,E,4983,100,4983,1,0
A,F,F,5184,100,5184,1,0
B,F,F,1390,100,1390,1,0
C,F,F,5168,100,5168,1,0
D,F,F,7145,100,7145,1,0
E,F,F,4967,100,4967,1,0
F,G,F,4969,100,4969,1,0
F,H,F,6970,100,6970,1,0
A,G,G,7145,100,7145,1,0
B,G,G,5167,100,5167,1,0
C,G,G,1395,100,1395,1,0
D,G,G,5142,100,5142,1,0
E,G,G,7079,100,7079,1,0
F,G,G,4982,100,4982,1,0
G,H,G,4972,100,4972,1,0
A,H,H,5119,100,5119,1,0
B,H,H,7166,100,7166,1,0
C,H,H,5168,100,5168,1,0
D,H,H,1475,100,1475,1,0
E,H,H,5020,100,5020,1,0
F,H,H,7067,100,7067,1,0
G,H,H,4967,100,4967,1,0
A,B,A,4944,100,4944,1,0
A,C,A,6987,100,6987,1,0
A,D,A,4944,100,4944,1,0
A,E,A,1415,100,1415,1,0
A,F,A,5166,100,5166,1,0
A,G,A,7152,100,7152,1,0
A,H,A,5156,100,5156,1,0
A,B,B,4933,100,4933,1,0
B,C,B,5001,100,5001,1,0
B,D,B,7006,100,7006,1,0
B,E,B,5090,100,5090,1,0
B,F,B,1418,100,1418,1,0
B,G,B,5201,100,5201,1,0
B,H,B,7162,100,7162,1,0
A,C,C,7067,100,7067,1,0
B,C,C,5012,100,5012,1,0
C,D,C,4960,100,4960,1,0
C,E,C,7208,100,7208,1,0
C,F,C,5143,100,5143,1,0
C,G,C,1358,100,1358,1,0
C,H,C,5137,100,5137,1,0
A,D,D,4920,100,4920,1,0
B,D,D,7049,100,7049,1,0
C,D,D,4948,100,4948,1,0
D,E,D,5179,100,5179,1,0
D,F,D,7175,100,7175,1,0
D,G,D,5145,100,5145,1,0
D,H,D,1429,100,1429,1,0
A,E,E,1373,100,1373,1,0
B,E,E,5159,100,5159,1,0
C,E,E,7197,100,7197,1,0
D,E,E,5138,100,5138,1,0
E,F,E,4993,100,4993,1,0
E,G,E,7074,100,7074,1,0
E,H,E,4944,100,4944,1,0
A,F,F,5151,100,5151,1,0
B,F,F,1385,100,1385,1,0
C,F,F,5143,100,5143,1,0
D,F,F,7118,100,7118,1,0
E,F,F,4955,100,4955,1,0
F,G,F,4989,100,4989,1,0
F,H,F,6963,100,6963,1,0
A,G,G,7212,100,7212,1,0
B,G,G,5213,100,5213,1,0
C,G,G,1390,100,1390,1,0
D,G,G,5139,100,5139,1,0
E,G,G,7033,100,7033,1,0
F,G,G,4987,100,4987,1,0
G,H,G,4929,100,4929,1,0
A,H,H,5182,100,5182,1,0
B,H,H,7159,100,7159,1,0
C,H,H,5158,100,5158,1,0
D,H,H,1351,100,1351,1,0
E,H,H,4966,100,4966,1,0
F,H,H,7015,100,7015,1,0
G,H,H,4922,100,4922,1,0
A,B,A,4988,100,4988,1,0
A,C,A,6950,100,6950,1,0
A,D,A,4941,100,4941,1,0
A,E,A,1404,100,1404,1,0
A,F,A,5186,100,5186,1,0
A,G,A,7188,100,7188,1,0
A,H,A,5131,100,5131,1,0
A,B,B,4965,100,4965,1,0
B,C,B,4970,100,4970,1,0
B,D,B,7012,100,7012,1,0
B,E,B,5160,100,5160,1,0
B,F,B,1421,100,1421,1,0
B,G,B,5164,100,5164,1,0
B,H,B,7109,100,7109,1,0
A,C,C,7011,100,7011,1,0
B,C,C,5014,100,5014,1,0
C,D,C,4893,100,4893,1,0
C,E,C,7216,100,7216,1,0
C,F,C,5176,100,5176,1,0
C,G,C,1363,100,1363,1,0
C,H,C,5163,100,5163,1,0
A,D,D,4961,100,4961,1,0
B,D,D,7011,100,7011,1,0
C,D,D,4956,100,4956,1,0
D,E,D,5199,100,5199,1,0
D,F,D,7138,100,7138,1,0
D,G,D,5144,100,5144,1,0
D,H,D,1395,100,1395,1,0
A,E,E,1390,100,1390,1,0
B,E,E,5181,100,5181,1,0
C,E,E,7170,100,7170,1,0
D,E,E,5202,100,5202,1,0
E,F,E,4987,100,4987,1,0
E,G,E,7054,100,7054,1,0
E,H,E,4996,100,4996,1,0
A,F,F,5165,100,5165,1,0
B,F,F,1403,100,1403,1,0
C,F,F,5140,100,5140,1,0
D,F,F,7118,100,7118,1,0
E,F,F,4992,100,4992,1,0
F,G,F,4953,100,4953,1,0
F,H,F,6967,100,6967,1,0
A,G,G,7180,100,7180,1,0
B,G,G,5226,100,5226,1,0
C,G,G,1436,100,1436,1,0
D,G,G,5128,100,5128,1,0
E,G,G,7076,100,7076,1,0
F,G,G,4968,100,4968,1,0
G,H,G,4929,100,4929,1,0
A,H,H,5133,100,5133,1,0
B,H,H,7084,100,7084,1,0
C,H,H,5125,100,5125,1,0
D,H,H,1416,100,1416,1,0
E,H,H,4988,100,4988,1,0
F,H,H,7004,100,7004,1,0
G,H,H,4910,100,4910,1,0
A,B,A,4952,100,4952,1,0
A,C,A,6992,100,6992,1,0
A,D,A,4955,100,4955,1,0
A,E,A,1404,100,1404,1,0
A,F,A,5143,100,5143,1,0
A,G,A,7193,100,7193,1,0
A,H,A,5150,100,5150,1,0
A,B,B,4970,100,4970,1,0
B,C,B,5004,100,5004,1,0
B,D,B,6953,100,6953,1,0
B,E,B,5133,100,5133,1,0
B,F,B,1365,100,1365,1,0
B,G,B,5193,100,5193,1,0
B,H,B,7158,100,7158,1,0
A,C,C,7014,100,7014,1,0
B,C,C,4988,100,4988,1,0
C,D,C,4948,100,4948,1,0
C,E,C,7210,100,7210,1,0
C,F,C,5164,100,5164,1,0
C,G,C,1370,100,1370,1,0
C,H,C,5165,100,5165,1,0
A,D,D,4951,100,4951,1,0
B,D,D,7001,100,7001,1,0
C,D,D,4941,100,4941,1,0
D,E,D,5122,100,5122,1,0
D,F,D,7149,100,7149,1,0
D,G,D,5178,100,5178,1,0
D,H,D,1385,100,1385,1,0
A,E,E,1373,100,1373,1,0
B,E,E,5132,100,5132,1,0
C,E,E,7171,100,7171,1,0
D,E,E,5198,100,5198,1,0
E,F,E,4987,100,4987,1,0
E,G,E,7058,100,7058,1,0
E,H,E,4964,100,4964,1,0
A,F,F,5181,100,5181,1,0
B,F,F,1400,100,1400,1,0
C,F,F,5149,100,5149,1,0
D,F,F,7127,100,7127,1,0
E,F,F,4972,100,4972,1,0
F,G,F,4984,100,4984,1,0
F,H,F,7009,100,7009,1,0
A,G,G,7183,100,7183,1,0
B,G,G,5184,100,5184,1,0
C,G,G,1431,100,1431,1,0
D,G,G,5139,100,5139,1,0
E,G,G,7057,100,7057,1,0
F,G,G,4998,100,4998,1,0
G,H,G,4967,100,4967,1,0
A,H,H,5182,100,5182,1,0
B,H,H,7156,100,7156,1,0
C,H,H,5164,100,5164,1,0
D,H,H,1424,100,1424,1,0
E,H,H,4973,100,4973,1,0
F,H,H,6976,100,6976,1,0
G,H,H,4954,100,4954,1,0
A,B,A,4989,100,4989,1,0
A,C,A,7094,100,7094,1,0
A,D,A,4975,100,4975,1,0
A,E,A,1426,100,1426,1,0
A,F,A,5201,100,5201,1,0
A,G,A,7116,100,7116,1,0
A,H,A,5149,100,5149,1,0
A,B,B,4946,100,4946,1,0
B,C,B,4987,100,4987,1,0
B,D,B,7004,100,7004,1,0
B,E,B,5152,100,5152,1,0
B,F,B,1411,100,1411,1,0
B,G,B,5172,100,5172,1,0
B,H,B,7144,100,7144,1,0
A,C,C,7008,100,7008,1,0
B,C,C,5004,100,5004,1,0
C,D,C,4943,100,4943,1,0
C,E,C,7191,100,7191,1,0
C,F,C,5137,100,5137,1,0
C,G,C,1386,100,1386,1,0
C,H,C,5195,100,5195,1,0
A,D,D,4933,100,4933,1,0
B,D,D,6985,100,6985,1,0
C,D,D,4928,100,4928,1,0
D,E,D,5221,100,5221,1,0
D,F,D,7145,100,7145,1,0
D,G,D,5126,100,5126,1,0
D,H,D,1452,100,1452,1,0
A,E,E,1431,100,1431,1,0
B,E,E,5181,100,5181,1,0
C,E,E,7174,100,7174,1,0
D,E,E,5131,100,5131,1,0
E,F,E,5008,100,5008,1,0
E,G,E,7079,100,7079,1,0
E,H,E,4953,100,4953,1,0
A,F,F,5206,100,5206,1,0
B,F,F,1397,100,1397,1,0
C,F,F,5164,100,5164,1,0
D,F,F,7141,100,7141,1,0
E,F,F,4965,100,4965,1,0
F,G,F,4976,100,4976,1,0
F,H,F,7007,100,7007,1,0
A,G,G,7152,100,7152,1,0
B,G,G,5176,100,5176,1,0
C,G,G,1351,100,1351,1,0
D,G,G,5173,100,5173,1,0
E,G,G,7073,100,7073,1,0
F,G,G,4988,100,4988,1,0
G,H,G,4957,100,4957,1,0
A,H,H,5161,100,5161,1,0
B,H,H,7160,100,7160,1,0
C,H,H,5159,100,5159,1,0
D,H,H,1462,100,1462,1,0
E,H,H,4957,100,4957,1,0
F,H,H,7023,100,7023,1,0
G,H,H,4971,100,4971,1,0
A,B,A,4948,100,4948,1,0
A,C,A,7006,100,7006,1,0
A,D,A,4967,100,4967,1,0
A,E,A,1408,100,1408,1,0
A,F,A,5167,100,5167,1,0
A,G,A,7214,100,7214,1,0
A,H,A,5130,100,5130,1,0
A,B,B,4976,100,4976,1,0
B,C,B,4988,100,4988,1,0
B,D,B,7038,100,7038,1,0
B,E,B,5157,100,5157,1,0
B,F,B,1391,100,1391,1,0
B,G,B,5185,100,5185,1,0
B,H,B,7146,100,7146,1,0
A,C,C,7031,100,7031,1,0
B,C,C,4981,100,4981,1,0
C,D,C,4930,100,4930,1,0
C,E,C,7190,100,7190,1,0
C,F,C,5110,100,5110,1,0
C,G,C,1380,100,1380,1,0
C,H,C,5148,100,5148,1,0
A,D,D,4945,100,4945,1,0
B,D,D,7015,100,7015,1,0
C,D,D,4901,100,4901,1,0
D,E,D,5207,100,5207,1,0
D,F,D,7118,100,7118,1,0
D,G,D,5163,100,5163,1,0
D,H,D,1434,100,1434,1,0
A,E,E,1432,100,1432,1,0
B,E,E,5163,100,5163,1,0
C,E,E,7156,100,7156,1,0
D,E,E,5158,100,5158,1,0
E,F,E,4964,100,4964,1,0
E,G,E,7056,100,7056,1,0
E,H,E,5008,100,5008,1,0
A,F,F,5193,100,5193,1,0
B,F,F,1358,100,1358,1,0
C,F,F,5161,100,5161,1,0
D,F,F,7128,100,7128,1,0
E,F,F,4981,100,4981,1,0
F,G,F,4986,100,4986,1,0
F,H,F,7004,100,7004,1,0
A,G,G,7179,100,7179,1,0
B,G,G,5216,100,5216,1,0
C,G,G,1408,100,1408,1,0
D,G,G,5156,100,5156,1,0
E,G,G,7052,100,7052,1,0
F,G,G,4968,100,4968,1,0
G,H,G,4960,100,4960,1,0
A,H,H,5203,100,5203,1,0
B,H,H,7109,100,7109,1,0
C,H,H,5149,100,5149,1,0
D,H,H,1421,100,1421,1,0
E,H,H,4949,100,4949,1,0
F,H,H,6975,100,6975,1,0
G,H,H,4962,100,4962,1,0
A,B,A,4989,100,4989,1,0
A,C,A,7025,100,7025,1,0
A,D,A,4954,100,4954,1,0
A,E,A,1363,100,1363,1,0
A,F,A,5144,100,5144,1,0
A,G,A,7140,100,7140,1,0
A,H,A,5146,100,5146,1,0
A,B,B,4930,100,4930,1,0
B,C,B,4994,100,4994,1,0
B,D,B,6971,100,6971,1,0
B,E,B,5095,100,5095,1,0
B,F,B,1375,100,1375,1,0
B,G,B,5198,100,5198,1,0
B,H,B,7103,100,7103,1,0
A,C,C,7062,100,7062,1,0
B,C,C,4980,100,4980,1,0
C,D,C,4971,100,4971,1,0
C,E,C,7182,100,7182,1,0
C,F,C,5159,100,5159,1,0
C,G,C,1451,100,1451,1,0
C,H,C,5121,100,5121,1,0
A,D,D,4959,100,4959,1,0
B,D,D,6960,100,6960,1,0
C,D,D,4958,100,4958,1,0
D,E,D,5224,100,5224,1,0
D,F,D,7194,100,7194,1,0
D,G,D,5125,100,5125,1,0
D,H,D,1459,100,1459,1,0
A,E,E,1447,100,1447,1,0
B,E,E,5159,100,5159,1,0
C,E,E,7183,100,7183,1,0
D,E,E,5177,100,5177,1,0
E,F,E,4980,100,4980,1,0
E,G,E,7067,100,7067,1,0
E,H,E,4949,100,4949,1,0
A,F,F,5185,100,5185,1,0
B,F,F,1380,100,1380,1,0
C,F,F,5144,100,5144,1,0
D,F,F,7130,100,7130,1,0
E,F,F,4999,100,4999,1,0
F,G,F,4963,100,4963,1,0
F,H,F,6990,100,6990,1,0
A,G,G,7152,100,7152,1,0
B,G,G,5231,100,5231,1,0
C,G,G,1401,100,1401,1,0
D,G,G,5116,100,5116,1,0
E,G,G,7065,100,7065,1,0
F,G,G,5004,100,5004,1,0
G,H,G,4972,100,4972,1,0
A,H,H,5147,100,5147,1,0
B,H,H,7129,100,7129,1,0
C,H,H,5158,100,5158,1,0
D,H,H,1410,100,1410,1,0
E,H,H,4954,100,4954,1,0
F,H,H,6969,100,6969,1,0
G,H,H,4936,100,4936,1,0
A,B,A,4984,100,4984,1,0
A,C,A,6978,100,6978,1,0
A,D,A,4964,100,4964,1,0
A,E,A,1406,100,1406,1,0
A,F,A,5170,100,5170,1,0
A,G,A,7135,100,7135,1,0
A,H,A,5141,100,5141,1,0
A,B,B,5003,100,5003,1,0
B,C,B,5006,100,5006,1,0
B,D,B,7019,100,7019,1,0
B,E,B,5142,100,5142,1,0
B,F,B,1391,100,1391,1,0
B,G,B,5188,100,5188,1,0
B,H,B,7155,100,7155,1,0
A,C,C,7036,100,7036,1,0
B,C,C,4976,100,4976,1,0
C,D,C,4988,100,4988,1,0
C,E,C,7161,100,7161,1,0
C,F,C,5158,100,5158,1,0
C,G,C,1386,100,1386,1,0
C,H,C,5143,100,5143,1,0
A,D,D,4937,100,4937,1,0
B,D,D,6983,100,6983,1,0
C,D,D,4967,100,4967,1,0
D,E,D,5112,100,5112,1,0
D,F,D,7169,100,7169,1,0
D,G,D,5103,100,5103,1,0
D,H,D,1415,100,1415,1,0
A,E,E,1388,100,1388,1,0
B,E,E,5181,100,5181,1,0
C,E,E,7245,100,7245,1,0
D,E,E,5171,100,5171,1,0
E,F,E,4985,100,4985,1,0
E,G,E,7074,100,7074,1,0
E,H,E,4967,100,4967,1,0
A,F,F,5173,100,5173,1,0
B,F,F,1432,100,1432,1,0
C,F,F,5143,100,5143,1,0
D,F,F,7153,100,7153,1,0
E,F,F,4954,100,4954,1,0
F,G,F,4974,100,4974,1,0
F,H,F,6974,100,6974,1,0
A,G,G,7167,100,7167,1,0
B,G,G,5150,100,5150,1,0
C,G,G,1424,100,1424,1,0
D,G,G,5132,100,5132,1,0
E,G,G,7043,100,7043,1,0
F,G,G,4960,100,4960,1,0
G,H,G,4965,100,4965,1,0
A,H,H,5113,100,5113,1,0
B,H,H,7174,100,7174,1,0
C,H,H,5150,100,5150,1,0
D,H,H,1386,100,1386,1,0
E,H,H,4995,100,4995,1,0
F,H,H,6978,100,6978,1,0
G,H,H,4980,100,4980,1,0
A,B,A,4990,100,4990,1,0
A,C,A,7047,100,7047,1,0
A,D,A,4957,100,4957,1,0
A,E,A,1431,100,1431,1,0
A,F,A,5155,100,5155,1,0
A,G,A,7187,100,7187,1,0
A,H,A,5186,100,5186,1,0
A,B,B,4951,100,4951,1,0
B,C,B,5015,100,5015,1,0
B,D,B,7020,100,7020,1,0
B,E,B,5136,100,5136,1,0
B,F,B,1397,100,1397,1,0
B,G,B,5215,100,5215,1,0
B,H,B,7156,100,7156,1,0
A,C,C,6998,100,6998,1,0
B,C,C,4996,100,4996,1,0
C,D,C,4917,100,4917,1,0
C,E,C,7184,100,7184,1,0
C,F,C,5148,100,5148,1,0
C,G,C,1407,100,1407,1,0
C,H,C,5159,100,5159,1,0
A,D,D,4965,100,4965,1,0
B,D,D,6982,100,6982,1,0
C,D,D,4992,100,4992,1,0
D,E,D,5201,100,5201,1,0
D,F,D,7159,100,7159,1,0
D,G,D,5116,100,5116,1,0
D,H,D,1376,100,1376,1,0
A,E,E,1354,100,1354,1,0
B,E,E,5163,100,5163,1,0
C,E,E,7194,100,7194,1,0
D,E,E,5117,100,5117,1,0
E,F,E,4970,100,4970,1,0
E,G,E,7050,100,7050,1,0
E,H,E,4932,100,4932,1,0
A,F,F,5197,100,5197,1,0
B,F,F,1421,100,1421,1,0
C,F,F,5169,100,5169,1,0
D,F,F,7130,100,7130,1,0
E,F,F,4966,100,4966,1,0
F,G,F,4982,100,4982,1,0
F,H,F,7010,100,7010,1,0
A,G,G,7169,100,7169,1,0
B,G,G,5213,100,5213,1,0
C,G,G,1377,100,1377,1,0
D,G,G,5158,100,5158,1,0
E,G,G,7034,100,7034,1,0
F,G,G,4981,100,4981,1,0
G,H,G,4965,100,4965,1,0
A,H,H,5186,100,5186,1,0
B,H,H,7147,100,7147,1,0
C,H,H,5131,100,5131,1,0
D,H,H,1368,100,1368,1,0
E,H,H,4984,100,4984,1,0
F,H,H,6987,100,6987,1,0
G,H,H,4959,100,4959,1,0
A,B,A,4962,100,4962,1,0
A,C,A,7007,100,7007,1,0
A,D,A,4973,100,4973,1,0
A,E,A,1400,100,1400,1,0
A,F,A,5183,100,5183,1,0
A,G,A,7204,100,7204,1,0
A,H,A,5152,100,5152,1,0
A,B,B,4947,100,4947,1,0
B,C,B,4987,100,4987,1,0
B,D,B,6992,100,6992,1,0
B,E,B,5152,100,5152,1,0
B,F,B,1410,100,1410,1,0
B,G,B,5189,100,5189,1,0
B,H,B,7154,100,7154,1,0
A,C,C,7062,100,7062,1,0
B,C,C,4977,100,4977,1,0
C,D,C,4978,100,4978,1,0
C,E,C,7185,100,7185,1,0
C,F,C,5146,100,5146,1,0
C,G,C,1375,100,1375,1,0
C,H,C,5183,100,5183,1,0
A,D,D,4935,100,4935,1,0
B,D,D,6995,100,6995,1,0
C,D,D,4951,100,4951,1,0
D,E,D,5125,100,5125,1,0
D,F,D,7104,100,7104,1,0
D,G,D,5136,100,5136,1,0
D,H,D,1352,100,1352,1,0
A,E,E,1425,100,1425,1,0
B,E,E,5125,100,5125,1,0
C,E,E,7184,100,7184,1,0
D,E,E,5121,100,5121,1,0
E,F,E,4957,100,4957,1,0
E,G,E,7063,100,7063,1,0
E,H,E,4928,100,4928,1,0
A,F,F,5171,100,5171,1,0
B,F,F,1409,100,1409,1,0
C,F,F,5163,100,5163,1,0
D,F,F,7129,100,7129,1,0
E,F,F,5008,100,5008,1,0
F,G,F,4961,100,4961,1,0
F,H,F,7016,100,7016,1,0
A,G,G,7081,100,7081,1,0
B,G,G,5178,100,5178,1,0
C,G,G,1410,100,1410,1,0
D,G,G,5118,100,5118,1,0
E,G,G,7073,100,7073,1,0
F,G,G,4968,100,4968,1,0
G,H,G,4974,100,4974,1,0
A,H,H,5223,100,5223,1,0
B,H,H,7155,100,7155,1,0
C,H,H,5148,100,5148,1,0
D,H,H,1431,100,1431,1,0
E,H,H,4955,100,4955,1,0
F,H,H,6980,100,6980,1,0
G,H,H,4932,100,4932,1,0
A,B,A,4944,100,4944,1,0
A,C,A,7027,100,7027,1,0
A,D,A,4944,100,4944,1,0
A,E,A,1423,100,1423,1,0
A,F,A,5215,100,5215,1,0
A,G,A,7194,100,7194,1,0
A,H,A,5135,100,5135,1,0
A,B,B,4970,100,4970,1,0
B,C,B,4983,100,4983,1,0
B,D,B,7006,100,7006,1,0
B,E,B,5151,100,5151,1,0
B,F,B,1410,100,1410,1,0
B,G,B,5189,100,5189,1,0
B,H,B,7138,100,7138,1,0
A,C,C,6989,100,6989,1,0
B,C,C,4948,100,4948,1,0
C,D,C,4941,100,4941,1,0
C,E,C,7177,100,7177,1,0
C,F,C,5149,100,5149,1,0
C,G,C,1433,100,1433,1,0
C,H,C,5152,100,5152,1,0
A,D,D,4965,100,4965,1,0
B,D,D,7021,100,7021,1,0
C,D,D,4961,100,4961,1,0
D,E,D,5198,100,5198,1,0
D,F,D,7113,100,7113,1,0
D,G,D,5132,100,5132,1,0
D,H,D,1441,100,1441,1,0
A,E,E,1436,100,1436,1,0
B,E,E,5145,100,5145,1,0
C,E,E,7199,100,7199,1,0
D,E,E,5144,100,5144,1,0
E,F,E,4953,100,4953,1,0
E,G,E,7074,100,7074,1,0
E,H,E,4995,100,4995,1,0
A,F,F,5183,100,5183,1,0
B,F,F,1399,100,1399,1,0
C,F,F,5149,100,5149,1,0
D,F,F,7142,100,7142,1,0
E,F,F,4968,100,4968,1,0
F,G,F,4983,100,4983,1,0
F,H,F,6988,100,6988,1,0
A,G,G,7176,100,7176,1,0
B,G,G,5153,100,5153,1,0
C,G,G,1438,100,1438,1,0
D,G,G,5167,100,5167,1,0
E,G,G,7061,100,7061,1,0
F,G,G,4944,100,4944,1,0
G,H,G,4911,100,4911,1,0
A,H,H,5184,100,5184,1,0
B,H,H,7173,100,7173,1,0
C,H,H,5131,100,5131,1,0
D,H,H,1410,100,1410,1,0
E,H,H,4975,100,4975,1,0
F,H,H,7032,100,7032,1,0
G,H,H,4997,100,4997,1,0
A,B,A,4940,100,4940,1,0
A,C,A,6996,100,6996,1,0
A,D,A,4932,100,4932,1,0
A,E,A,1397,100,1397,1,0
A,F,A,5186,100,5186,1,0
A,G,A,7207,100,7207,1,0
A,H,A,5129,100,5129,1,0
A,B,B,4993,100,4993,1,0
B,C,B,4988,100,4988,1,0
B,D,B,7026,100,7026,1,0
B,E,B,5119,100,5119,1,0
B,F,B,1390,100,1390,1,0
B,G,B,5146,100,5146,1,0
B,H,B,7101,100,7101,1,0
A,C,C,7003,100,7003,1,0
B,C,C,4974,100,4974,1,0
C,D,C,4964,100,4964,1,0
C,E,C,7154,100,7154,1,0
C,F,C,5159,100,5159,1,0
C,G,C,1442,100,1442,1,0
C,H,C,5175,100,5175,1,0
A,D,D,4963,100,4963,1,0
B,D,D,6994,100,6994,1,0
C,D,D,4967,100,4967,1,0
D,E,D,5170,100,5170,1,0
D,F,D,7155,100,7155,1,0
D,G,D,5146,100,5146,1,0
D,H,D,1446,100,1446,1,0
A,E,E,1388,100,1388,1,0
B,E,E,5128,100,5128,1,0
C,E,E,7200,100,7200,1,0
D,E,E,5106,100,5106,1,0
E,F,E,4987,100,4987,1,0
E,G,E,7047,100,7047,1,0
E,H,E,4996,100,4996,1,0
A,F,F,5186,100,5186,1,0
B,F,F,1380,100,1380,1,0
C,F,F,5164,100,5164,1,0
D,F,F,7105,100,7105,1,0
E,F,F,4961,100,4961,1,0
F,G,F,4994,100,4994,1,0
F,H,F,6993,100,6993,1,0
A,G,G,7163,100,7163,1,0
B,G,G,5183,100,5183,1,0
C,G,G,1432,100,1432,1,0
D,G,G,5141,100,5141,1,0
E,G,G,7070,100,7070,1,0
F,G,G,4968,100,4968,1,0
G,H,G,4963,100,4963,1,0
A,H,H,5138,100,5138,1,0
B,H,H,7157,100,7157,1,0
C,H,H,5165,100,5165,1,0
D,H,H,1392,100,1392,1,0
E,H,H,4948,100,4948,1,0
F,H,H,6966,100,6966,1,0
G,H,H,4930,100,4930,1,0
A,B,A,4983,100,4983,1,0
A,C,A,6990,100,6990,1,0
A,D,A,4939,100,4939,1,0
A,E,A,1408,100,1408,1,0
A,F,A,5179,100,5179,1,0
A,G,A,7200,100,7200,1,0
A,H,A,5143,100,5143,1,0
A,B,B,4980,100,4980,1,0
B,C,B,5000,100,5000,1,0
B,D,B,7022,100,7022,1,0
B,E,B,5158,100,5158,1,0
B,F,B,1364,100,1364,1,0
B,G,B,5177,100,5177,1,0
B,H,B,7131,100,7131,1,0
A,C,C,7045,100,7045,1,0
B,C,C,4969,100,4969,1,0
C,D,C,4922,100,4922,1,0
C,E,C,7150,100,7150,1,0
C,F,C,5169,100,5169,1,0
C,G,C,1403,100,1403,1,0
C,H,C,5189,100,5189,1,0
A,D,D,4941,100,4941,1,0
B,D,D,6980,100,6980,1,0
C,D,D,4957,100,4957,1,0
D,E,D,5134,100,5134,1,0
D,F,D,7148,100,7148,1,0
D,G,D,5170,100,5170,1,0
D,H,D,1365,100,1365,1,0
A,E,E,1401,100,1401,1,0
B,E,E,5166,100,5166,1,0
C,E,E,7189,100,7189,1,0
D,E,E,5228,100,5228,1,0
E,F,E,4943,100,4943,1,0
E,G,E,7054,100,7054,1,0
E,H,E,4966,100,4966,1,0
A,F,F,5204,100,5204,1,0
B,F,F,1400,100,1400,1,0
C,F,F,5143,100,5143,1,0
D,F,F,7158,100,7158,1,0
E,F,F,4992,100,4992,1,0
F,G,F,4989,100,4989,1,0
F,H,F,6976,100,6976,1,0
A,G,G,7190,100,7190,1,0
B,G,G,5223,100,5223,1,0
C,G,G,1395,100,1395,1,0
D,G,G,5137,100,5137,1,0
E,G,G,7068,100,7068,1,0
F,G,G,5008,100,5008,1,0
G,H,G,4963,100,4963,1,0
A,H,H,5178,100,5178,1,0
B,H,H,7173,100,7173,1,0
C,H,H,5144,100,5144,1,0
D,H,H,1429,100,1429,1,0
E,H,H,4936,100,4936,1,0
F,H,H,7007,100,7007,1,0
G,H,H,4963,100,4963,1,0
A,B,A,4969,100,4969,1,0
A,C,A,7033,100,7033,1,0
A,D,A,4964,100,4964,1,0
A,E,A,1384,100,1384,1,0
A,F,A,5159,100,5159,1,0
A,G,A,7151,100,7151,1,0
A,H,A,5139,100,5139,1,0
A,B,B,4961,100,4961,1,0
B,C,B,4953,100,4953,1,0
B,D,B,6997,100,6997,1,0
B,E,B,5139,100,5139,1,0
B,F,B,1379,100,1379,1,0
B,G,B,5180,100,5180,1,0
B,H,B,7102,100,7102,1,0
A,C,C,7007,100,7007,1,0
B,C,C,5000,100,5000,1,0
C,D,C,4966,100,4966,1,0
C,E,C,7137,100,7137,1,0
C,F,C,5164,100,5164,1,0
C,G,C,1381,100,1381,1,0
C,H,C,5130,100,5130,1,0
A,D,D,4921,100,4921,1,0
B,D,D,6986,100,6986,1,0
C,D,D,4957,100,4957,1,0
D,E,D,5100,100,5100,1,0
D,F,D,7121,100,7121,1,0
D,G,D,5170,100,5170,1,0
D,H,D,1456,100,1456,1,0
A,E,E,1399,100,1399,1,0
B,E,E,5108,100,5108,1,0
C,E,E,7209,100,7209,1,0
D,E,E,5160,100,5160,1,0
E,F,E,4987,100,4987,1,0
E,G,E,7048,100,7048,1,0
E,H,E,4996,100,4996,1,0
A,F,F,5153,100,5153,1,0
B,F,F,1399,100,1399,1,0
C,F,F,5141,100,5141,1,0
D,F,F,7160,100,7160,1,0
E,F,F,4949,100,4949,1,0
F,G,F,4970,100,4970,1,0
F,H,F,6991,100,6991,1,0
A,G,G,7181,100,7181,1,0
B,G,G,5164,100,5164,1,0
C,G,G,1369,100,1369,1,0
D,G,G,5152,100,5152,1,0
E,G,G,7060,100,7060,1,0
F,G,G,4951,100,4951,1,0
G,H,G,4912,100,4912,1,0
A,H,H,5193,100,5193,1,0
B,H,H,7137,100,7137,1,0
C,H,H,5165,100,5165,1,0
D,H,H,1376,100,1376,1,0
E,H,H,4995,100,4995,1,0
F,H,H,6995,100,6995,1,0
G,H,H,4977,100,4977,1,0
A,B,A,4987,100,4987,1,0
A,C,A,7055,100,7055,1,0
A,D,A,4953,100,4953,1,0
A,E,A,1455,100,1455,1,0
A,F,A,5173,100,5173,1,0
A,G,A,7186,100,7186,1,0
A,H,A,5100,100,5100,1,0
A,B,B,4970,100,4970,1,0
B,C,B,4989,100,4989,1,0
B,D,B,7008,100,7008,1,0
B,E,B,5147,100,5147,1,0
B,F,B,1407,100,1407,1,0
B,G,B,5197,100,5197,1,0
B,H,B,7133,100,7133,1,0
A,C,C,6993,100,6993,1,0
B,C,C,4988,100,4988,1,0
C,D,C,4967,100,4967,1,0
C,E,C,7155,100,7155,1,0
C,F,C,5168,100,5168,1,0
C,G,C,1400,100,1400,1,0
C,H,C,5164,100,5164,1,0
A,D,D,4931,100,4931,1,0
B,D,D,6975,100,6975,1,0
C,D,D,4955,100,4955,1,0
D,E,D,5246,100,5246,1,0
D,F,D,7123,100,7123,1,0
D,G,D,5128,100,5128,1,0
D,H,D,1414,100,1414,1,0
A,E,E,1409,100,1409,1,0
B,E,E,5156,100,5156,1,0
C,E,E,7210,100,7210,1,0
D,E,E,5128,100,5128,1,0
E,F,E,4975,100,4975,1,0
E,G,E,7052,100,7052,1,0
E,H,E,4982,100,4982,1,0
A,F,F,5189,100,5189,1,0
B,F,F,1440,100,1440,1,0
C,F,F,5159,100,5159,1,0
D,F,F,7148,100,7148,1,0
E,F,F,4987,100,4987,1,0
F,G,F,4974,100,4974,1,0
F,H,F,6999,100,6999,1,0
A,G,G,7152,100,7152,1,0
B,G,G,5172,100,5172,1,0
C,G,G,1351,100,1351,1,0
D,G,G,5153,100,5153,1,0
E,G,G,7013,100,7013,1,0
F,G,G,4972,100,4972,1,0
G,H,G,4927,100,4927,1,0
A,H,H,5129,100,5129,1,0
B,H,H,7194,100,7194,1,0
C,H,H,5119,100,5119,1,0
D,H,H,1430,100,1430,1,0
E,H,H,4997,100,4997,1,0
F,H,H,7005,100,7005,1,0
G,H,H,4939,100,4939,1,0
A,B,A,4987,100,4987,1,0
A,C,A,7047,100,7047,1,0
A,D,A,4945,100,4945,1,0
A,E,A,1462,100,1462,1,0
A,F,A,5164,100,5164,1,0
A,G,A,7170,100,7170,1,0
A,H,A,5113,100,5113,1,0
A,B,B,4999,100,4999,1,0
B,C,B,4948,100,4948,1,0
B,D,B,6970,100,6970,1,0
B,E,B,5142,100,5142,1,0
B,F,B,1377,100,1377,1,0
B,G,B,5215,100,5215,1,0
B,H,B,7135,100,7135,1,0
A,C,C,7033,100,7033,1,0
B,C,C,4991,100,4991,1,0
C,D,C,4957,100,4957,1,0
C,E,C,7145,100,7145,1,0
C,F,C,5167,100,5167,1,0
C,G,C,1410,100,1410,1,0
C,H,C,5132,100,5132,1,0
A,D,D,4947,100,4947,1,0
B,D,D,7009,100,7009,1,0
C,D,D,4911,100,4911,1,0
D,E,D,5094,100,5094,1,0
D,F,D,7117,100,7117,1,0
D,G,D,5182,100,5182,1,0
D,H,D,1406,100,1406,1,0
A,E,E,1437,100,1437,1,0
B,E,E,5146,100,5146,1,0
C,E,E,7165,100,7165,1,0
D,E,E,5227,100,5227,1,0
E,F,E,4938,100,4938,1,0
E,G,E,7072,100,7072,1,0
E,H,E,4948,100,4948,1,0
A,F,F,5140,100,5140,1,0
B,F,F,1419,100,1419,1,0
C,F,F,5129,100,5129,1,0
D,F,F,7136,100,7136,1,0
E,F,F,4970,100,4970,1,0
F,G,F,4965,100,4965,1,0
F,H,F,7010,100,7010,1,0
A,G,G,7175,100,7175,1,0
B,G,G,5169,100,5169,1,0
C,G,G,1465,100,1465,1,0
D,G,G,5120,100,5120,1,0
E,G,G,7066,100,7066,1,0
F,G,G,4985,100,4985,1,0
G,H,G,4925,100,4925,1,0
A,H,H,5143,100,5143,1,0
B,H,H,7180,100,7180,1,0
C,H,H,5106,100,5106,1,0
D,H,H,1363,100,1363,1,0
E,H,H,4988,100,4988,1,0
F,H,H,6974,100,6974,1,0
G,H,H,4962,100,4962,1,0
A,B,A,4952,100,4952,1,0
A,C,A,7029,100,7029,1,0
A,D,A,4962,100,4962,1,0
A,E,A,1379,100,1379,1,0
A,F,A,5137,100,5137,1,0
A,G,A,7167,100,7167,1,0
A,H,A,5189,100,5189,1,0
A,B,B,4923,100,4923,1,0
B,C,B,5008,100,5008,1,0
B,D,B,6974,100,6974,1,0
B,E,B,5154,100,5154,1,0
B,F,B,1402,100,1402,1,0
B,G,B,5178,100,5178,1,0
B,H,B,7183,100,7183,1,0
A,C,C,7019,100,7019,1,0
B,C,C,4964,100,4964,1,0
C,D,C,4935,100,4935,1,0
C,E,C,7108,100,7108,1,0
C,F,C,5156,100,5156,1,0
C,G,C,1392,100,1392,1,0
C,H,C,5142,100,5142,1,0
A,D,D,4938,100,4938,1,0
B,D,D,7008,100,7008,1,0
C,D,D,4927,100,4927,1,0
D,E,D,5195,100,5195,1,0
D,F,D,7183,100,7183,1,0
D,G,D,5182,100,5182,1,0
D,H,D,1402,100,1402,1,0
A,E,E,1410,100,1410,1,0
B,E,E,5118,100,5118,1,0
C,E,E,7182,100,7182,1,0
D,E,E,5127,100,5127,1,0
E,F,E,4972,100,4972,1,0
E,G,E,7052,100,7052,1,0
E,H,E,4956,100,4956,1,0
A,F,F,5158,100,5158,1,0
B,F,F,1376,100,1376,1,0
C,F,F,5154,100,5154,1,0
D,F,F,7117,100,7117,1,0
E,F,F,4979,100,4979,1,0
F,G,F,4991,100,4991,1,0
F,H,F,6978,100,6978,1,0
A,G,G,7195,100,7195,1,0
B,G,G,5181,100,5181,1,0
C,G,G,1429,100,1429,1,0
D,G,G,5136,100,5136,1,0
E,G,G,7067,100,7067,1,0
F,G,G,4989,100,4989,1,0
G,H,G,4925,100,4925,1,0
A,H,H,5117,100,5117,1,0
B,H,H,7101,100,7101,1,0
C,H,H,5133,100,5133,1,0
D,H,H,1387,100,1387,1,0
E,H,H,4999,100,4999,1,0
F,H,H,7027,100,7027,1,0
G,H,H,4956,100,4956,1,0
A,B,A,4949,100,4949,1,0
A,C,A,7042,100,7042,1,0
A,D,A,4963,100,4963,1,0
A,E,A,1417,100,1417,1,0
A,F,A,5184,100,5184,1,0
A,G,A,7176,100,7176,1,0
A,H,A,5143,100,5143,1,0
A,B,B,4928,100,4928,1,0
B,C,B,5018,100,5018,1,0
B,D,B,7017,100,7017,1,0
B,E,B,5118,100,5118,1,0
B,F,B,1373,100,1373,1,0
B,G,B,5185,100,5185,1,0
B,H,B,7168,100,7168,1,0
A,C,C,7031,100,7031,1,0
B,C,C,5020,100,5020,1,0
C,D,C,4968,100,4968,1,0
C,E,C,7174,100,7174,1,0
C,F,C,5148,100,5148,1,0
C,G,C,1400,100,1400,1,0
C,H,C,5131,100,5131,1,0
A,D,D,4949,100,4949,1,0
B,D,D,7005,100,7005,1,0
C,D,D,4921,100,4921,1,0
D,E,D,5196,100,5196,1,0
D,F,D,7134,100,7134,1,0
D,G,D,5162,100,5162,1,0
D,H,D,1437,100,1437,1,0
A,E,E,1408,100,1408,1,0
B,E,E,5154,100,5154,1,0
C,E,E,7189,100,7189,1,0
D,E,E,5144,100,5144,1,0
E,F,E,4984,100,4984,1,0
E,G,E,7053,100,7053,1,0
E,H,E,4970,100,4970,1,0
A,F,F,5209,100,5209,1,0
B,F,F,1387,100,1387,1,0
C,F,F,5134,100,5134,1,0
D,F,F,7145,100,7145,1,0
E,F,F,4947,100,4947,1,0
F,G,F,4968,100,4968,1,0
F,H,F,6983,100,6983,1,0
A,G,G,7163,100,7163,1,0
B,G,G,5208,100,5208,1,0
C,G,G,1436,100,1436,1,0
D,G,G,5202,100,5202,1,0
E,G,G,7075,100,7075,1,0
F,G,G,4947,100,4947,1,0
G,H,G,4933,100,4933,1,0
A,H,H,5168,100,5168,1,0
B,H,H,7173,100,7173,1,0
C,H,H,5129,100,5129,1,0
D,H,H,1431,100,1431,1,0
E,H,H,4983,100,4983,1,0
F,H,H,6984,100,6984,1,0
G,H,H,4955,100,4955,1,0
A,B,A,4952,100,4952,1,0
A,C,A,6966,100,6966,1,0
A,D,A,4990,100,4990,1,0
A,E,A,1441,100,1441,1,0
A,F,A,5212,100,5212,1,0
A,G,A,7103,100,7103,1,0
A,H,A,5139,100,5139,1,0
A,B,B,4981,100,4981,1,0
B,C,B,4999,100,4999,1,0
B,D,B,6993,100,6993,1,0
B,E,B,5138,100,5138,1,0
B,F,B,1430,100,1430,1,0
B,G,B,5163,100,5163,1,0
B,H,B,7163,100,7163,1,0
A,C,C,6984,100,6984,1,0
B,C,C,4953,100,4953,1,0
C,D,C,4932,100,4932,1,0
C,E,C,7194,100,7194,1,0
C,F,C,5156,100,5156,1,0
C,G,C,1428,100,1428,1,0
C,H,C,5180,100,5180,1,0
A,D,D,4943,100,4943,1,0
B,D,D,6998,100,6998,1,0
C,D,D,4965,100,4965,1,0
D,E,D,5149,100,5149,1,0
D,F,D,7156,100,7156,1,0
D,G,D,5110,100,5110,1,0
D,H,D,1454,100,1454,1,0
A,E,E,1399,100,1399,1,0
B,E,E,5132,100,5132,1,0
C,E,E,7140,100,7140,1,0
D,E,E,5183,100,5183,1,0
E,F,E,4972,100,4972,1,0
E,G,E,7042,100,7042,1,0
E,H,E,4972,100,4972,1,0
A,F,F,5163,100,5163,1,0
B,F,F,1382,100,1382,1,0
C,F,F,5137,100,5137,1,0
D,F,F,7152,100,7152,1,0
E,F,F,4941,100,4941,1,0
F,G,F,4956,100,4956,1,0
F,H,F,6967,100,6967,1,0
A,G,G,7151,100,7151,1,0
B,G,G,5182,100,5182,1,0
C,G,G,1404,100,1404,1,0
D,G,G,5158,100,5158,1,0
E,G,G,7070,100,7070,1,0
F,G,G,4958,100,4958,1,0
G,H,G,4937,100,4937,1,0
A,H,H,5173,100,5173,1,0
B,H,H,7146,100,7146,1,0
C,H,H,5171,100,5171,1,0
D,H,H,1421,100,1421,1,0
E,H,H,4951,100,4951,1,0
F,H,H,7009,100,7009,1,0
G,H,H,4923,100,4923,1,0
A,B,A,4951,100,4951,1,0
A,C,A,7050,100,7050,1,0
A,D,A,4934,100,4934,1,0
A,E,A,1415,100,1415,1,0
A,F,A,5169,100,5169,1,0
A,G,A,7131,100,7131,1,0
A,H,A,5158,100,5158,1,0
A,B,B,4949,100,4949,1,0
B,C,B,4962,100,4962,1,0
B,D,B,6967,100,6967,1,0
B,E,B,5128,100,5128,1,0
B,F,B,1370,100,1370,1,0
B,G,B,5182,100,5182,1,0
B,H,B,7142,100,7142,1,0
A,C,C,7044,100,7044,1,0
B,C,C,4994,100,4994,1,0
C,D,C,4938,100,4938,1,0
C,E,C,7214,100,7214,1,0
C,F,C,5149,100,5149,1,0
C,G,C,1349,100,1349,1,0
C,H,C,5132,100,5132,1,0
A,D,D,4953,100,4953,1,0
B,D,D,7027,100,7027,1,0
C,D,D,4922,100,4922,1,0
D,E,D,5129,100,5129,1,0
D,F,D,7170,100,7170,1,0
D,G,D,5148,100,5148,1,0
D,H,D,1388,100,1388,1,0
A,E,E,1395,100,1395,1,0
B,E,E,5125,100,5125,1,0
C,E,E,7208,100,7208,1,0
D,E,E,5144,100,5144,1,0
E,F,E,4970,100,4970,1,0
E,G,E,7035,100,7035,1,0
E,H,E,4946,100,4946,1,0
A,F,F,5160,100,5160,1,0
B,F,F,1407,100,1407,1,0
C,F,F,5148,100,5148,1,0
D,F,F,7142,100,7142,1,0
E,F,F,4977,100,4977,1,0
F,G,F,4975,100,4975,1,0
F,H,F,7018,100,7018,1,0
A,G,G,7187,100,7187,1,0
B,G,G,5198,100,5198,1,0
C,G,G,1411,100,1411,1,0
D,G,G,5136,100,5136,1,0
E,G,G,7044,100,7044,1,0
F,G,G,4985,100,4985,1,0
G,H,G,4942,100,4942,1,0
A,H,H,5164,100,5164,1,0
B,H,H,7107,100,7107,1,0
C,H,H,5188,100,5188,1,0
D,H,H,1371,100,1371,1,0
E,H,H,4972,100,4972,1,0
F,H,H,7011,100,7011,1,0
G,H,H,4942,100,4942,1,0
A,B,A,4968,100,4968,1,0
A,C,A,6980,100,6980,1,0
A,D,A,4962,100,4962,1,0
A,E,A,1371,100,1371,1,0
A,F,A,5148,100,5148,1,0
A,G,A,7193,100,7193,1,0
A,H,A,5189,100,5189,1,0
A,B,B,4982,100,4982,1,0
B,C,B,4969,100,4969,1,0
B,D,B,7023,100,7023,1,0
B,E,B,5146,100,5146,1,0
B,F,B,1402,100,1402,1,0
B,G,B,5184,100,5184,1,0
B,H,B,7140,100,7140,1,0
A,C,C,7003,100,7003,1,0
B,C,C,4981,100,4981,1,0
C,D,C,4957,100,4957,1,0
C,E,C,7168,100,7168,1,0
C,F,C,5137,100,5137,1,0
C,G,C,1379,100,1379,1,0
C,H,C,5198,100,5198,1,0
A,D,D,4952,100,4952,1,0
B,D,D,7046,100,7046,1,0
C,D,D,4944,100,4944,1,0
D,E,D,5221,100,5221,1,0
D,F,D,7108,100,7108,1,0
D,G,D,5159,100,5159,1,0
D,H,D,1406,100,1406,1,0
A,E,E,1393,100,1393,1,0
B,E,E,5190,100,5190,1,0
C,E,E,7113,100,7113,1,0
D,E,E,5136,100,5136,1,0
E,F,E,4930,100,4930,1,0
E,G,E,7052,100,7052,1,0
E,H,E,4961,100,4961,1,0
A,F,F,5142,100,5142,1,0
B,F,F,1404,100,1404,1,0
C,F,F,5158,100,5158,1,0
D,F,F,7127,100,7127,1,0
E,F,F,4978,100,4978,1,0
F,G,F,4981,100,4981,1,0
F,H,F,6991,100,6991,1,0
A,G,G,7196,100,7196,1,0
B,G,G,5240,100,5240,1,0
C,G,G,1372,100,1372,1,0
D,G,G,5165,100,5165,1,0
E,G,G,7066,100,7066,1,0
F,G,G,4977,100,4977,1,0
G,H,G,4953,100,4953,1,0
A,H,H,5169,100,5169,1,0
B,H,H,7161,100,7161,1,0
C,H,H,5150,100,5150,1,0
D,H,H,1468,100,1468,1,0
E,H,H,5012,100,5012,1,0
F,H,H,7004,100,7004,1,0
G,H,H,4955,100,4955,1,0
A,B,A,4950,100,4950,1,0
A,C,A,7045,100,7045,1,0
A,D,A,4933,100,4933,1,0
A,E,A,1363,100,1363,1,0
A,F,A,5170,100,5170,1,0
A,G,A,7192,100,7192,1,0
A,H,A,5112,100,5112,1,0
A,B,B,4954,100,4954,1,0
B,C,B,4999,100,4999,1,0
B,D,B,6999,100,6999,1,0
B,E,B,5184,100,5184,1,0
B,F,B,1437,100,1437,1,0
B,G,B,5184,100,5184,1,0
B,H,B,7158,100,7158,1,0
A,C,C,7037,100,7037,1,0
B,C,C,4980,100,4980,1,0
C,D,C,4927,100,4927,1,0
C,E,C,7224,100,7224,1,0
C,F,C,5177,100,5177,1,0
C,G,C,1455,100,1455,1,0
C,H,C,5160,100,5160,1,0
A,D,D,4933,100,4933,1,0
B,D,D,7034,100,7034,1,0
C,D,D,4919,100,4919,1,0
D,E,D,5216,100,5216,1,0
D,F,D,7153,100,7153,1,0
D,G,D,5141,100,5141,1,0
D,H,D,1433,100,1433,1,0
A,E,E,1349,100,1349,1,0
B,E,E,5154,100,5154,1,0
C,E,E,7165,100,7165,1,0
D,E,E,5182,100,5182,1,0
E,F,E,4948,100,4948,1,0
E,G,E,7053,100,7053,1,0
E,H,E,4976,100,4976,1,0
A,F,F,5149,100,5149,1,0
B,F,F,1392,100,1392,1,0
C,F,F,5158,100,5158,1,0
D,F,F,7132,100,7132,1,0
E,F,F,4977,100,4977,1,0
F,G,F,4985,100,4985,1,0
F,H,F,7032,100,7032,1,0
A,G,G,7195,100,7195,1,0
B,G,G,5185,100,5185,1,0
C,G,G,1416,100,1416,1,0
D,G,G,5147,100,5147,1,0
E,G,G,7047,100,7047,1,0
F,G,G,4965,100,4965,1,0
G,H,G,4937,100,4937,1,0
A,H,H,5195,100,5195,1,0
B,H,H,7183,100,7183,1,0
C,H,H,5135,100,5135,1,0
D,H,H,1423,100,1423,1,0
E,H,H,5010,100,5010,1,0
F,H,H,7029,100,7029,1,0
G,H,H,4949,100,4949,1,0
A,B,A,4946,100,4946,1,0
A,C,A,7014,100,7014,1,0
A,D,A,4951,100,4951,1,0
A,E,A,1402,100,1402,1,0
A,F,A,5183,100,5183,1,0
A,G,A,7207,100,7207,1,0
A,H,A,5119,100,5119,1,0
A,B,B,4952,100,4952,1,0
B,C,B,4962,100,4962,1,0
B,D,B,6979,100,6979,1,0
B,E,B,5137,100,5137,1,0
B,F,B,1406,100,1406,1,0
B,G,B,5213,100,5213,1,0
B,H,B,7084,100,7084,1,0
A,C,C,7026,100,7026,1,0
B,C,C,4936,100,4936,1,0
C,D,C,4943,100,4943,1,0
C,E,C,7234,100,7234,1,0
C,F,C,5159,100,5159,1,0
C,G,C,1365,100,1365,1,0
C,H,C,5174,100,5174,1,0
A,D,D,4956,100,4956,1,0
B,D,D,6998,100,6998,1,0
C,D,D,4956,100,4956,1,0
D,E,D,5177,100,5177,1,0
D,F,D,7122,100,7122,1,0
D,G,D,5143,100,5143,1,0
D,H,D,1346,100,1346,1,0
A,E,E,1402,100,1402,1,0
B,E,E,5165,100,5165,1,0
C,E,E,7168,100,7168,1,0
D,E,E,5212,100,5212,1,0
E,F,E,4957,100,4957,1,0
E,G,E,7038,100,7038,1,0
E,H,E,5025,100,5025,1,0
A,F,F,5173,100,5173,1,0
B,F,F,1370,100,1370,1,0
C,F,F,5170,100,5170,1,0
D,F,F,7113,100,7113,1,0
E,F,F,4965,100,4965,1,0
F,G,F,4982,100,4982,1,0
F,H,F,6961,100,6961,1,0
A,G,G,7178,100,7178,1,0
B,G,G,5187,100,5187,1,0
C,G,G,1438,100,1438,1,0
D,G,G,5125,100,5125,1,0
E,G,G,7052,100,7052,1,0
F,G,G,4963,100,4963,1,0
G,H,G,4966,100,4966,1,0
A,H,H,5120,100,5120,1,0
B,H,H,7161,100,7161,1,0
C,H,H,5141,100,5141,1,0
D,H,H,1386,100,1386,1,0
E,H,H,4962,100,4962,1,0
F,H,H,7002,100,7002,1,0
G,H,H,4947,100,4947,1,0
A,B,A,4971,100,4971,1,0
A,C,A,7008,100,7008,1,0
A,D,A,4961,100,4961,1,0
A,E,A,1412,100,1412,1,0
A,F,A,5158,100,5158,1,0
A,G,A,7158,100,7158,1,0
A,H,A,5085,100,5085,1,0
A,B,B,4942,100,4942,1,0
B,C,B,4959,100,4959,1,0
B,D,B,7026,100,7026,1,0
B,E,B,5148,100,5148,1,0
B,F,B,1383,100,1383,1,0
B,G,B,5219,100,5219,1,0
B,H,B,7216,100,7216,1,0
A,C,C,7043,100,7043,1,0
B,C,C,4953,100,4953,1,0
C,D,C,4949,100,4949,1,0
C,E,C,7148,100,7148,1,0
C,F,C,5163,100,5163,1,0
C,G,C,1367,100,1367,1,0
C,H,C,5147,100,5147,1,0
A,D,D,4954,100,4954,1,0
B,D,D,7010,100,7010,1,0
C,D,D,4924,100,4924,1,0
D,E,D,5176,100,5176,1,0
D,F,D,7155,100,7155,1,0
D,G,D,5155,100,5155,1,0
D,H,D,1378,100,1378,1,0
A,E,E,1374,100,1374,1,0
B,E,E,5126,100,5126,1,0
C,E,E,7194,100,7194,1,0
D,E,E,5139,100,5139,1,0
E,F,E,4985,100,4985,1,0
E,G,E,7044,100,7044,1,0
E,H,E,4983,100,4983,1,0
A,F,F,5149,100,5149,1,0
B,F,F,1382,100,1382,1,0
C,F,F,5136,100,5136,1,0
D,F,F,7144,100,7144,1,0
E,F,F,4967,100,4967,1,0
F,G,F,4968,100,4968,1,0
F,H,F,6979,100,6979,1,0
A,G,G,7157,100,7157,1,0
B,G,G,5189,100,5189,1,0
C,G,G,1414,100,1414,1,0
D,G,G,5113,100,5113,1,0
E,G,G,7031,100,7031,1,0
F,G,G,4967,100,4967,1,0
G,H,G,4979,100,4979,1,0
A,H,H,5108,100,5108,1,0
B,H,H,7147,100,7147,1,0
C,H,H,5130,100,5130,1,0
D,H,H,1393,100,1393,1,0
E,H,H,4977,100,4977,1,0
F,H,H,7007,100,7007,1,0
G,H,H,4948,100,4948,1,0
A,B,A,4934,100,4934,1,0
A,C,A,7049,100,7049,1,0
A,D,A,4943,100,4943,1,0
A,E,A,1439,100,1439,1,0
A,F,A,5185,100,5185,1,0
A,G,A,7170,100,7170,1,0
A,H,A,5196,100,5196,1,0
A,B,B,4974,100,4974,1,0
B,C,B,5007,100,5007,1,0
B,D,B,6965,100,6965,1,0
B,E,B,5151,100,5151,1,0
B,F,B,1395,100,1395,1,0
B,G,B,5205,100,5205,1,0
B,H,B,7132,100,7132,1,0
A,C,C,6985,100,6985,1,0
B,C,C,4957,100,4957,1,0
C,D,C,4956,100,4956,1,0
C,E,C,7190,100,7190,1,0
C,F,C,5148,100,5148,1,0
C,G,C,1430,100,1430,1,0
C,H,C,5165,100,5165,1,0
A,D,D,4959,100,4959,1,0
B,D,D,6977,100,6977,1,0
C,D,D,4948,100,4948,1,0
D,E,D,5238,100,5238,1,0
D,F,D,7164,100,7164,1,0
D,G,D,5144,100,5144,1,0
D,H,D,1383,100,1383,1,0
A,E,E,1439,100,1439,1,0
B,E,E,5160,100,5160,1,0
C,E,E,7208,100,7208,1,0
D,E,E,5146,100,5146,1,0
E,F,E,4992,100,4992,1,0
E,G,E,7054,100,7054,1,0
E,H,E,4940,100,4940,1,0
A,F,F,5184,100,5184,1,0
B,F,F,1393,100,1393,1,0
C,F,F,5151,100,5151,1,0
D,F,F,7103,100,7103,1,0
E,F,F,5000,100,5000,1,0
F,G,F,4961,100,4961,1,0
F,H,F,7025,100,7025,1,0
A,G,G,7206,100,7206,1,0
B,G,G,5203,100,5203,1,0
C,G,G,1401,100,1401,1,0
D,G,G,5139,100,5139,1,0
E,G,G,7085,100,7085,1,0
F,G,G,4966,100,4966,1,0
G,H,G,4945,100,4945,1,0
A,H,H,5099,100,5099,1,0
B,H,H,7127,100,7127,1,0
C,H,H,5159,100,5159,1,0
D,H,H,1393,100,1393,1,0
E,H,H,4971,100,4971,1,0
F,H,H,6972,100,6972,1,0
G,H,H,4942,100,4942,1,0
A,B,A,4994,100,4994,1,0
A,C,A,6987,100,6987,1,0
A,D,A,4932,100,4932,1,0
A,E,A,1430,100,1430,1,0
A,F,A,5183,100,5183,1,0
A,G,A,7193,100,7193,1,0
A,H,A,5154,100,5154,1,0
A,B,B,4945,100,4945,1,0
B,C,B,4980,100,4980,1,0
B,D,B,7024,100,7024,1,0
B,E,B,5131,100,5131,1,0
B,F,B,1371,100,1371,1,0
B,G,B,5153,100,5153,1,0
B,H,B,7173,100,7173,1,0
A,C,C,7015,100,7015,1,0
B,C,C,4985,100,4985,1,0
C,D,C,4948,100,4948,1,0
C,E,C,7206,100,7206,1,0
C,F,C,5148,100,5148,1,0
C,G,C,1399,100,1399,1,0
C,H,C,5202,100,5202,1,0
A,D,D,4938,100,4938,1,0
B,D,D,6986,100,6986,1,0
C,D,D,4943,100,4943,1,0
D,E,D,5136,100,5136,1,0
D,F,D,7161,100,7161,1,0
D,G,D,5106,100,5106,1,0
D,H,D,1403,100,1403,1,0
A,E,E,1401,100,1401,1,0
B,E,E,5180,100,5180,1,0
C,E,E,7176,100,7176,1,0
D,E,E,5159,100,5159,1,0
E,F,E,5003,100,5003,1,0
E,G,E,7036,100,7036,1,0
E,H,E,5018,100,5018,1,0
A,F,F,5182,100,5182,1,0
B,F,F,1410,100,1410,1,0
C,F,F,5178,100,5178,1,0
D,F,F,7147,100,7147,1,0
E,F,F,4970,100,4970,1,0
F,G,F,4979,100,4979,1,0
F,H,F,7039,100,7039,1,0
A,G,G,7185,100,7185,1,0
B,G,G,5204,100,5204,1,0
C,G,G,1390,100,1390,1,0
D,G,G,5169,100,5169,1,0
E,G,G,7042,100,7042,1,0
F,G,G,4986,100,4986,1,0
G,H,G,4946,100,4946,1,0
A,H,H,5163,100,5163,1,0
B,H,H,7128,100,7128,1,0
C,H,H,5156,100,5156,1,0
D,H,H,1407,100,1407,1,0
E,H,H,4966,100,4966,1,0
F,H,H,7001,100,7001,1,0
G,H,H,4979,100,4979,1,0
A,B,A,4960,100,4960,1,0
A,C,A,6989,100,6989,1,0
A,D,A,4923,100,4923,1,0
A,E,A,1398,100,1398,1,0
A,F,A,5189,100,5189,1,0
A,G,A,7179,100,7179,1,0
A,H,A,5156,100,5156,1,0
A,B,B,4930,100,4930,1,0
B,C,B,4960,100,4960,1,0
B,D,B,6990,100,6990,1,0
B,E,B,5122,100,5122,1,0
B,F,B,1369,100,1369,1,0
B,G,B,5181,100,5181,1,0
B,H,B,7114,100,7114,1,0
A,C,C,7016,100,7016,1,0
B,C,C,4933,100,4933,1,0
C,D,C,4961,100,4961,1,0
C,E,C,7198,100,7198,1,0
C,F,C,5156,100,5156,1,0
C,G,C,1409,100,1409,1,0
C,H,C,5162,100,5162,1,0
A,D,D,4935,100,4935,1,0
B,D,D,6994,100,6994,1,0
C,D,D,4963,100,4963,1,0
D,E,D,5160,100,5160,1,0
D,F,D,7125,100,7125,1,0
D,G,D,5144,100,5144,1,0
D,H,D,1419,100,1419,1,0
A,E,E,1416,100,1416,1,0
B,E,E,5126,100,5126,1,0
C,E,E,7149,100,7149,1,0
D,E,E,5147,100,5147,1,0
E,F,E,4950,100,4950,1,0
E,G,E,7065,100,7065,1,0
E,H,E,4994,100,4994,1,0
A,F,F,5197,100,5197,1,0
B,F,F,1365,100,1365,1,0
C,F,F,5160,100,5160,1,0
D,F,F,7121,100,7121,1,0
E,F,F,4984,100,4984,1,0
F,G,F,4947,100,4947,1,0
F,H,F,6990,100,6990,1,0
A,G,G,7163,100,7163,1,0
B,G,G,5182,100,5182,1,0
C,G,G,1383,100,1383,1,0
D,G,G,5107,100,5107,1,0
E,G,G,7091,100,7091,1,0
F,G,G,4962,100,4962,1,0
G,H,G,4958,100,4958,1,0
A,H,H,5149,100,5149,1,0
B,H,H,7107,100,7107,1,0
C,H,H,5181,100,5181,1,0
D,H,H,1403,100,1403,1,0
E,H,H,4965,100,4965,1,0
F,H,H,6997,100,6997,1,0
G,H,H,4967,100,4967,1,0
A,B,A,4987,100,4987,1,0
A,C,A,6986,100,6986,1,0
A,D,A,4955,100,4955,1,0
A,E,A,1436,100,1436,1,0
A,F,A,5199,100,5199,1,0
A,G,A,7193,100,7193,1,0
A,H,A,5147,100,5147,1,0
A,B,B,4978,100,4978,1,0
B,C,B,4986,100,4986,1,0
B,D,B,6983,100,6983,1,0
B,E,B,5142,100,5142,1,0
B,F,B,1377,100,1377,1,0
B,G,B,5193,100,5193,1,0
B,H,B,7147,100,7147,1,0
A,C,C,7011,100,7011,1,0
B,C,C,5002,100,5002,1,0
C,D,C,4959,100,4959,1,0
C,E,C,7166,100,7166,1,0
C,F,C,5165,100,5165,1,0
C,G,C,1385,100,1385,1,0
C,H,C,5126,100,5126,1,0
A,D,D,4954,100,4954,1,0
B,D,D,6987,100,6987,1,0
C,D,D,4941,100,4941,1,0
D,E,D,5193,100,5193,1,0
D,F,D,7148,100,7148,1,0
D,G,D,5154,100,5154,1,0
D,H,D,1468,100,1468,1,0
A,E,E,1397,100,1397,1,0
B,E,E,5150,100,5150,1,0
C,E,E,7186,100,7186,1,0
D,E,E,5235,100,5235,1,0
E,F,E,4986,100,4986,1,0
E,G,E,7058,100,7058,1,0
E,H,E,4958,100,4958,1,0
A,F,F,5193,100,5193,1,0
B,F,F,1388,100,1388,1,0
C,F,F,5138,100,5138,1,0
D,F,F,7125,100,7125,1,0
E,F,F,4979,100,4979,1,0
F,G,F,4986,100,4986,1,0
F,H,F,7020,100,7020,1,0
A,G,G,7180,100,7180,1,0
B,G,G,5257,100,5257,1,0
C,G,G,1351,100,1351,1,0
D,G,G,5124,100,5124,1,0
E,G,G,7054,100,7054,1,0
F,G,G,4974,100,4974,1,0
G,H,G,4970,100,4970,1,0
A,H,H,5110,100,5110,1,0
B,H,H,7166,100,7166,1,0
C,H,H,5151,100,5151,1,0
D,H,H,1427,100,1427,1,0
E,H,H,4982,100,4982,1,0
F,H,H,6991,100,6991,1,0
G,H,H,4946,100,4946,1,0
A,B,A,4967,100,4967,1,0
A,C,A,6983,100,6983,1,0
A,D,A,4942,100,4942,1,0
A,E,A,1382,100,1382,1,0
A,F,A,5191,100,5191,1,0
A,G,A,7183,100,7183,1,0
A,H,A,5109,100,5109,1,0
A,B,B,4943,100,4943,1,0
B,C,B,4965,100,4965,1,0
B,D,B,7012,100,7012,1,0
B,E,B,5138,100,5138,1,0
B,F,B,1409,100,1409,1,0
B,G,B,5214,100,5214,1,0
B,H,B,7179,100,7179,1,0
A,C,C,7026,100,7026,1,0
B,C,C,4957,100,4957,1,0
C,D,C,4980,100,4980,1,0
C,E,C,7123,100,7123,1,0
C,F,C,5181,100,5181,1,0
C,G,C,1367,100,1367,1,0
C,H,C,5142,100,5142,1,0
A,D,D,4946,100,4946,1,0
B,D,D,6962,100,6962,1,0
C,D,D,4970,100,4970,1,0
D,E,D,5192,100,5192,1,0
D,F,D,7128,100,7128,1,0
D,G,D,5139,100,5139,1,0
D,H,D,1394,100,1394,1,0
A,E,E,1359,100,1359,1,0
B,E,E,5138,100,5138,1,0
C,E,E,7184,100,7184,1,0
D,E,E,5108,100,5108,1,0
E,F,E,4945,100,4945,1,0
E,G,E,7064,100,7064,1,0
E,H,E,5005,100,5005,1,0
A,F,F,5175,100,5175,1,0
B,F,F,1362,100,1362,1,0
C,F,F,5139,100,5139,1,0
D,F,F,7143,100,7143,1,0
E,F,F,4975,100,4975,1,0
F,G,F,4983,100,4983,1,0
F,H,F,7029,100,7029,1,0
A,G,G,7143,100,7143,1,0
B,G,G,5188,100,5188,1,0
C,G,G,1337,100,1337,1,0
D,G,G,5119,100,5119,1,0
E,G,G,7063,100,7063,1,0
F,G,G,4952,100,4952,1,0
G,H,G,4955,100,4955,1,0
A,H,H,5134,100,5134,1,0
B,H,H,7140,100,7140,1,0
C,H,H,5118,100,5118,1,0
D,H,H,1399,100,1399,1,0
E,H,H,4955,100,4955,1,0
F,H,H,7020,100,7020,1,0
G,H,H,4929,100,4929,1,0
A,B,A,4969,100,4969,1,0
A,C,A,7031,100,7031,1,0
A,D,A,4950,100,4950,1,0
A,E,A,1399,100,1399,1,0
A,F,A,5163,100,5163,1,0
A,G,A,7198,100,7198,1,0
A,H,A,5164,100,5164,1,0
A,B,B,5018,100,5018,1,0
B,C,B,4993,100,4993,1,0
B,D,B,7046,100,7046,1,0
B,E,B,5154,100,5154,1,0
B,F,B,1388,100,1388,1,0
B,G,B,5188,100,5188,1,0
B,H,B,7166,100,7166,1,0
A,C,C,7027,100,7027,1,0
B,C,C,4977,100,4977,1,0
C,D,C,4938,100,4938,1,0
C,E,C,7214,100,7214,1,0
C,F,C,5174,100,5174,1,0
C,G,C,1410,100,1410,1,0
C,H,C,5164,100,5164,1,0
A,D,D,4901,100,4901,1,0
B,D,D,7039,100,7039,1,0
C,D,D,4911,100,4911,1,0
D,E,D,5192,100,5192,1,0
D,F,D,7111,100,7111,1,0
D,G,D,5144,100,5144,1,0
D,H,D,1427,100,1427,1,0
A,E,E,1396,100,1396,1,0
B,E,E,5144,100,5144,1,0
C,E,E,7210,100,7210,1,0
D,E,E,5136,100,5136,1,0
E,F,E,4956,100,4956,1,0
E,G,E,7055,100,7055,1,0
E,H,E,4939,100,4939,1,0
A,F,F,5195,100,5195,1,0
B,F,F,1402,100,1402,1,0
C,F,F,5151,100,5151,1,0
D,F,F,7159,100,7159,1,0
E,F,F,4996,100,4996,1,0
F,G,F,4966,100,4966,1,0
F,H,F,6989,100,6989,1,0
A,G,G,7146,100,7146,1,0
B,G,G,5201,100,5201,1,0
C,G,G,1432,100,1432,1,0
D,G,G,5115,100,5115,1,0
E,G,G,6980,100,6980,1,0
F,G,G,4976,100,4976,1,0
G,H,G,4938,100,4938,1,0
A,H,H,5154,100,5154,1,0
B,H,H,7088,100,7088,1,0
C,H,H,5165,100,5165,1,0
D,H,H,1407,100,1407,1,0
E,H,H,4977,100,4977,1,0
F,H,H,7007,100,7007,1,0
G,H,H,4964,100,4964,1,0
A,B,A,4979,100,4979,1,0
A,C,A,6990,100,6990,1,0
A,D,A,4961,100,4961,1,0
A,E,A,1421,100,1421,1,0
A,F,A,5177,100,5177,1,0
A,G,A,7150,100,7150,1,0
A,H,A,5159,100,5159,1,0
A,B,B,4957,100,4957,1,0
B,C,B,4997,100,4997,1,0
B,D,B,7035,100,7035,1,0
B,E,B,5147,100,5147,1,0
B,F,B,1411,100,1411,1,0
B,G,B,5217,100,5217,1,0
B,H,B,7118,100,7118,1,0
A,C,C,7015,100,7015,1,0
B,C,C,4989,100,4989,1,0
C,D,C,4931,100,4931,1,0
C,E,C,7178,100,7178,1,0
C,F,C,5155,100,5155,1,0
C,G,C,1373,100,1373,1,0
C,H,C,5144,100,5144,1,0
A,D,D,4971,100,4971,1,0
B,D,D,7019,100,7019,1,0
C,D,D,4925,100,4925,1,0
D,E,D,5138,100,5138,1,0
D,F,D,7180,100,7180,1,0
D,G,D,5107,100,5107,1,0
D,H,D,1395,100,1395,1,0
A,E,E,1472,100,1472,1,0
B,E,E,5170,100,5170,1,0
C,E,E,7144,100,7144,1,0
D,E,E,5170,100,5170,1,0
E,F,E,4978,100,4978,1,0
E,G,E,7058,100,7058,1,0
E,H,E,5010,100,5010,1,0
A,F,F,5168,100,5168,1,0
B,F,F,1450,100,1450,1,0
C,F,F,5156,100,5156,1,0
D,F,F,7130,100,7130,1,0
E,F,F,4975,100,4975,1,0
F,G,F,4977,100,4977,1,0
F,H,F,6988,100,6988,1,0
A,G,G,7192,100,7192,1,0
B,G,G,5163,100,5163,1,0
C,G,G,1419,100,1419,1,0
D,G,G,5121,100,5121,1,0
E,G,G,7024,100,7024,1,0
F,G,G,4987,100,4987,1,0
G,H,G,4958,100,4958,1,0
A,H,H,5155,100,5155,1,0
B,H,H,7132,100,7132,1,0
C,H,H,5161,100,5161,1,0
D,H,H,1374,100,1374,1,0
E,H,H,4989,100,4989,1,0
F,H,H,6978,100,6978,1,0
G,H,H,4992,100,4992,1,0
A,B,A,4953,100,4953,1,0
A,C,A,7019,100,7019,1,0
A,D,A,4942,100,4942,1,0
A,E,A,1389,100,1389,1,0
A,F,A,5129,100,5129,1,0
A,G,A,7171,100,7171,1,0
A,H,A,5137,100,5137,1,0
A,B,B,5000,100,5000,1,0
B,C,B,4984,100,4984,1,0
B,D,B,6995,100,6995,1,0
B,E,B,5209,100,5209,1,0
B,F,B,1404,100,1404,1,0
B,G,B,5171,100,5171,1,0
B,H,B,7155,100,7155,1,0
A,C,C,7016,100,7016,1,0
B,C,C,4948,100,4948,1,0
C,D,C,4946,100,4946,1,0
C,E,C,7222,100,7222,1,0
C,F,C,5171,100,5171,1,0
C,G,C,1420,100,1420,1,0
C,H,C,5135,100,5135,1,0
A,D,D,4962,100,4962,1,0
B,D,D,7019,100,7019,1,0
C,D,D,4956,100,4956,1,0
D,E,D,5120,100,5120,1,0
D,F,D,7119,100,7119,1,0
D,G,D,5153,100,5153,1,0
D,H,D,1419,100,1419,1,0
A,E,E,1411,100,1411,1,0
B,E,E,5105,100,5105,1,0
C,E,E,7191,100,7191,1,0
D,E,E,5184,100,5184,1,0
E,F,E,4994,100,4994,1,0
E,G,E,7048,100,7048,1,0
E,H,E,4971,100,4971,1,0
A,F,F,5141,100,5141,1,0
B,F,F,1381,100,1381,1,0
C,F,F,5121,100,5121,1,0
D,F,F,7124,100,7124,1,0
E,F,F,4969,100,4969,1,0
F,G,F,4950,100,4950,1,0
F,H,F,6980,100,6980,1,0
A,G,G,7190,100,7190,1,0
B,G,G,5192,100,5192,1,0
C,G,G,1426,100,1426,1,0
D,G,G,5143,100,5143,1,0
E,G,G,7029,100,7029,1,0
F,G,G,4953,100,4953,1,0
G,H,G,4928,100,4928,1,0
A,H,H,5191,100,5191,1,0
B,H,H,7189,100,7189,1,0
C,H,H,5133,100,5133,1,0
D,H,H,1449,100,1449,1,0
E,H,H,4954,100,4954,1,0
F,H,H,6987,100,6987,1,0
G,H,H,4955,100,4955,1,0
A,B,A,4970,100,4970,1,0
A,C,A,7028,100,7028,1,0
A,D,A,4970,100,4970,1,0
A,E,A,1389,100,1389,1,0
A,F,A,5160,100,5160,1,0
A,G,A,7191,100,7191,1,0
A,H,A,5109,100,5109,1,0
A,B,B,4953,100,4953,1,0
B,C,B,4986,100,4986,1,0
B,D,B,6973,100,6973,1,0
B,E,B,5142,100,5142,1,0
B,F,B,1380,100,1380,1,0
B,G,B,5204,100,5204,1,0
B,H,B,7156,100,7156,1,0
A,C,C,7027,100,7027,1,0
B,C,C,4960,100,4960,1,0
C,D,C,4905,100,4905,1,0
C,E,C,7171,100,7171,1,0
C,F,C,5153,100,5153,1,0
C,G,C,1438,100,1438,1,0
C,H,C,5165,100,5165,1,0
A,D,D,4953,100,4953,1,0
B,D,D,6997,100,6997,1,0
C,D,D,4954,100,4954,1,0
D,E,D,5217,100,5217,1,0
D,F,D,7163,100,7163,1,0
D,G,D,5112,100,5112,1,0
D,H,D,1433,100,1433,1,0
A,E,E,1391,100,1391,1,0
B,E,E,5140,100,5140,1,0
C,E,E,7148,100,7148,1,0
D,E,E,5088,100,5088,1,0
E,F,E,4956,100,4956,1,0
E,G,E,7062,100,7062,1,0
E,H,E,4985,100,4985,1,0
A,F,F,5157,100,5157,1,0
B,F,F,1412,100,1412,1,0
C,F,F,5152,100,5152,1,0
D,F,F,7149,100,7149,1,0
E,F,F,4962,100,4962,1,0
F,G,F,4973,100,4973,1,0
F,H,F,6979,100,6979,1,0
A,G,G,7157,100,7157,1,0
B,G,G,5182,100,5182,1,0
C,G,G,1387,100,1387,1,0
D,G,G,5148,100,5148,1,0
E,G,G,7045,100,7045,1,0
F,G,G,4973,100,4973,1,0
G,H,G,4958,100,4958,1,0
A,H,H,5120,100,5120,1,0
B,H,H,7164,100,7164,1,0
C,H,H,5170,100,5170,1,0
D,H,H,1452,100,1452,1,0
E,H,H,5007,100,5007,1,0
F,H,H,7000,100,7000,1,0
G,H,H,4959,100,4959,1,0
A,B,A,4982,100,4982,1,0
A,C,A,7061,100,7061,1,0
A,D,A,4937,100,4937,1,0
A,E,A,1401,100,1401,1,0
A,F,A,5187,100,5187,1,0
A,G,A,7183,100,7183,1,0
A,H,A,5140,100,5140,1,0
A,B,B,4941,100,4941,1,0
B,C,B,5011,100,5011,1,0
B,D,B,7029,100,7029,1,0
B,E,B,5159,100,5159,1,0
B,F,B,1391,100,1391,1,0
B,G,B,5182,100,5182,1,0
B,H,B,7210,100,7210,1,0
A,C,C,7036,100,7036,1,0
B,C,C,4954,100,4954,1,0
C,D,C,4946,100,4946,1,0
C,E,C,7162,100,7162,1,0
C,F,C,5159,100,5159,1,0
C,G,C,1417,100,1417,1,0
C,H,C,5132,100,5132,1,0
A,D,D,4930,100,4930,1,0
B,D,D,6993,100,6993,1,0
C,D,D,4925,100,4925,1,0
D,E,D,5154,100,5154,1,0
D,F,D,7157,100,7157,1,0
D,G,D,5150,100,5150,1,0
D,H,D,1422,100,1422,1,0
A,E,E,1440,100,1440,1,0
B,E,E,5170,100,5170,1,0
C,E,E,7183,100,7183,1,0
D,E,E,5095,100,5095,1,0
E,F,E,4959,100,4959,1,0
E,G,E,7060,100,7060,1,0
E,H,E,5015,100,5015,1,0
A,F,F,5213,100,5213,1,0
B,F,F,1415,100,1415,1,0
C,F,F,5137,100,5137,1,0
D,F,F,7115,100,7115,1,0
E,F,F,4986,100,4986,1,0
F,G,F,4988,100,4988,1,0
F,H,F,6979,100,6979,1,0
A,G,G,7095,100,7095,1,0
B,G,G,5171,100,5171,1,0
C,G,G,1403,100,1403,1,0
D,G,G,5127,100,5127,1,0
E,G,G,7060,100,7060,1,0
F,G,G,4976,100,4976,1,0
G,H,G,4974,100,4974,1,0
A,H,H,5181,100,5181,1,0
B,H,H,7169,100,7169,1,0
C,H,H,5156,100,5156,1,0
D,H,H,1411,100,1411,1,0
E,H,H,4974,100,4974,1,0
F,H,H,7002,100,7002,1,0
G,H,H,4962,100,4962,1,0
A,B,A,4938,100,4938,1,0
A,C,A,7003,100,7003,1,0
A,D,A,4918,100,4918,1,0
A,E,A,1414,100,1414,1,0
A,F,A,5189,100,5189,1,0
A,G,A,7185,100,7185,1,0
A,H,A,5149,100,5149,1,0
A,B,B,4905,100,4905,1,0
B,C,B,4974,100,4974,1,0
B,D,B,7027,100,7027,1,0
B,E,B,5115,100,5115,1,0
B,F,B,1337,100,1337,1,0
B,G,B,5197,100,5197,1,0
B,H,B,7156,100,7156,1,0
A,C,C,6981,100,6981,1,0
B,C,C,5008,100,5008,1,0
C,D,C,4969,100,4969,1,0
C,E,C,7143,100,7143,1,0
C,F,C,5167,100,5167,1,0
C,G,C,1392,100,1392,1,0
C,H,C,5164,100,5164,1,0
A,D,D,4943,100,4943,1,0
B,D,D,7025,100,7025,1,0
C,D,D,4956,100,4956,1,0
D,E,D,5184,100,5184,1,0
D,F,D,7118,100,7118,1,0
D,G,D,5153,100,5153,1,0
D,H,D,1383,100,1383,1,0
A,E,E,1413,100,1413,1,0
B,E,E,5145,100,5145,1,0
C,E,E,7215,100,7215,1,0
D,E,E,5192,100,5192,1,0
E,F,E,4976,100,4976,1,0
E,G,E,7043,100,7043,1,0
E,H,E,4970,100,4970,1,0
A,F,F,5240,100,5240,1,0
B,F,F,1365,100,1365,1,0
C,F,F,5153,100,5153,1,0
D,F,F,7127,100,7127,1,0
E,F,F,4997,100,4997,1,0
F,G,F,4963,100,4963,1,0
F,H,F,7021,100,7021,1,0
A,G,G,7187,100,7187,1,0
B,G,G,5213,100,5213,1,0
C,G,G,1397,100,1397,1,0
D,G,G,5173,100,5173,1,0
E,G,G,7049,100,7049,1,0
F,G,G,5002,100,5002,1,0
G,H,G,4996,100,4996,1,0
A,H,H,5198,100,5198,1,0
B,H,H,7149,100,7149,1,0
C,H,H,5148,100,5148,1,0
D,H,H,1431,100,1431,1,0
E,H,H,5003,100,5003,1,0
F,H,H,6970,100,6970,1,0
G,H,H,4934,100,4934,1,0
A,B,A,4968,100,4968,1,0
A,C,A,7056,100,7056,1,0
A,D,A,4947,100,4947,1,0
A,E,A,1428,100,1428,1,0
A,F,A,5154,100,5154,1,0
A,G,A,7167,100,7167,1,0
A,H,A,5155,100,5155,1,0
A,B,B,4994,100,4994,1,0
B,C,B,4961,100,4961,1,0
B,D,B,6961,100,6961,1,0
B,E,B,5116,100,5116,1,0
B,F,B,1387,100,1387,1,0
B,G,B,5195,100,5195,1,0
B,H,B,7200,100,7200,1,0
A,C,C,6986,100,6986,1,0
B,C,C,4983,100,4983,1,0
C,D,C,4937,100,4937,1,0
C,E,C,7194,100,7194,1,0
C,F,C,5151,100,5151,1,0
C,G,C,1353,100,1353,1,0
C,H,C,5165,100,5165,1,0
A,D,D,4922,100,4922,1,0
B,D,D,6970,100,6970,1,0
C,D,D,4951,100,4951,1,0
D,E,D,5112,100,5112,1,0
D,F,D,7156,100,7156,1,0
D,G,D,5110,100,5110,1,0
D,H,D,1411,100,1411,1,0
A,E,E,1421,100,1421,1,0
B,E,E,5138,100,5138,1,0
C,E,E,7180,100,7180,1,0
D,E,E,5112,100,5112,1,0
E,F,E,4984,100,4984,1,0
E,G,E,7046,100,7046,1,0
E,H,E,4996,100,4996,1,0
A,F,F,5158,100,5158,1,0
B,F,F,1393,100,1393,1,0
C,F,F,5171,100,5171,1,0
D,F,F,7138,100,7138,1,0
E,F,F,4961,100,4961,1,0
F,G,F,4982,100,4982,1,0
F,H,F,7014,100,7014,1,0
A,G,G,7163,100,7163,1,0
B,G,G,5176,100,5176,1,0
C,G,G,1361,100,1361,1,0
D,G,G,5133,100,5133,1,0
E,G,G,7037,100,7037,1,0
F,G,G,4993,100,4993,1,0
G,H,G,4963,100,4963,1,0
A,H,H,5137,100,5137,1,0
B,H,H,7180,100,7180,1,0
C,H,H,5163,100,5163,1,0
D,H,H,1373,100,1373,1,0
E,H,H,4971,100,4971,1,0
F,H,H,7000,100,7000,1,0
G,H,H,4942,100,4942,1,0
A,B,A,4951,100,4951,1,0
A,C,A,7015,100,7015,1,0
A,D,A,4930,100,4930,1,0
A,E,A,1421,100,1421,1,0
A,F,A,5180,100,5180,1,0
A,G,A,7187,100,7187,1,0
A,H,A,5118,100,5118,1,0
A,B,B,4918,100,4918,1,0
B,C,B,5018,100,5018,1,0
B,D,B,6952,100,6952,1,0
B,E,B,5180,100,5180,1,0
B,F,B,1431,100,1431,1,0
B,G,B,5186,100,5186,1,0
B,H,B,7163,100,7163,1,0
A,C,C,6988,100,6988,1,0
B,C,C,4967,100,4967,1,0
C,D,C,4927,100,4927,1,0
C,E,C,7151,100,7151,1,0
C,F,C,5157,100,5157,1,0
C,G,C,1440,100,1440,1,0
C,H,C,5173,100,5173,1,0
A,D,D,4975,100,4975,1,0
B,D,D,7016,100,7016,1,0
C,D,D,4934,100,4934,1,0
D,E,D,5229,100,5229,1,0
D,F,D,7119,100,7119,1,0
D,G,D,5130,100,5130,1,0
D,H,D,1405,100,1405,1,0
A,E,E,1454,100,1454,1,0
B,E,E,5157,100,5157,1,0
C,E,E,7247,100,7247,1,0
D,E,E,5129,100,5129,1,0
E,F,E,4984,100,4984,1,0
E,G,E,7059,100,7059,1,0
E,H,E,5005,100,5005,1,0
A,F,F,5173,100,5173,1,0
B,F,F,1393,100,1393,1,0
C,F,F,5144,100,5144,1,0
D,F,F,7133,100,7133,1,0
E,F,F,4946,100,4946,1,0
F,G,F,4955,100,4955,1,0
F,H,F,7006,100,7006,1,0
A,G,G,7194,100,7194,1,0
B,G,G,5153,100,5153,1,0
C,G,G,1405,100,1405,1,0
D,G,G,5141,100,5141,1,0
E,G,G,7060,100,7060,1,0
F,G,G,4982,100,4982,1,0
G,H,G,4930,100,4930,1,0
A,H,H,5120,100,5120,1,0
B,H,H,7161,100,7161,1,0
C,H,H,5161,100,5161,1,0
D,H,H,1436,100,1436,1,0
E,H,H,4950,100,4950,1,0
F,H,H,6992,100,6992,1,0
G,H,H,4962,100,4962,1,0
A,B,A,4944,100,4944,1,0
A,C,A,7031,100,7031,1,0
A,D,A,4914,100,4914,1,0
A,E,A,1459,100,1459,1,0
A,F,A,5217,100,5217,1,0
A,G,A,7148,100,7148,1,0
A,H,A,5146,100,5146,1,0
A,B,B,4933,100,4933,1,0
B,C,B,4969,100,4969,1,0
B,D,B,7013,100,7013,1,0
B,E,B,5163,100,5163,1,0
B,F,B,1413,100,1413,1,0
B,G,B,5193,100,5193,1,0
B,H,B,7156,100,7156,1,0
A,C,C,7043,100,7043,1,0
B,C,C,4961,100,4961,1,0
C,D,C,4916,100,4916,1,0
C,E,C,7185,100,7185,1,0
C,F,C,5148,100,5148,1,0
C,G,C,1380,100,1380,1,0
C,H,C,5143,100,5143,1,0
A,D,D,4948,100,4948,1,0
B,D,D,7002,100,7002,1,0
C,D,D,4958,100,4958,1,0
D,E,D,5082,100,5082,1,0
D,F,D,7106,100,7106,1,0
D,G,D,5127,100,5127,1,0
D,H,D,1426,100,1426,1,0
A,E,E,1456,100,1456,1,0
B,E,E,5207,100,5207,1,0
C,E,E,7229,100,7229,1,0
D,E,E,5163,100,5163,1,0
E,F,E,4990,100,4990,1,0
E,G,E,7056,100,7056,1,0
E,H,E,4986,100,4986,1,0
A,F,F,5145,100,5145,1,0
B,F,F,1386,100,1386,1,0
C,F,F,5149,100,5149,1,0
D,F,F,7158,100,7158,1,0
E,F,F,4995,100,4995,1,0
F,G,F,4975,100,4975,1,0
F,H,F,6998,100,6998,1,0
A,G,G,7186,100,7186,1,0
B,G,G,5161,100,5161,1,0
C,G,G,1377,100,1377,1,0
D,G,G,5129,100,5129,1,0
E,G,G,7023,100,7023,1,0
F,G,G,5001,100,5001,1,0
G,H,G,4930,100,4930,1,0
A,H,H,5160,100,5160,1,0
B,H,H,7115,100,7115,1,0
C,H,H,5141,100,5141,1,0
D,H,H,1425,100,1425,1,0
E,H,H,4999,100,4999,1,0
F,H,H,6982,100,6982,1,0
G,H,H,4986,100,4986,1,0
A,B,A,4959,100,4959,1,0
A,C,A,7027,100,7027,1,0
A,D,A,4921,100,4921,1,0
A,E,A,1398,100,1398,1,0
A,F,A,5173,100,5173,1,0
A,G,A,7125,100,7125,1,0
A,H,A,5186,100,5186,1,0
A,B,B,4967,100,4967,1,0
B,C,B,4980,100,4980,1,0
B,D,B,7022,100,7022,1,0
B,E,B,5154,100,5154,1,0
B,F,B,1374,100,1374,1,0
B,G,B,5219,100,5219,1,0
B,H,B,7166,100,7166,1,0
A,C,C,7009,100,7009,1,0
B,C,C,4965,100,4965,1,0
C,D,C,4936,100,4936,1,0
C,E,C,7178,100,7178,1,0
C,F,C,5157,100,5157,1,0
C,G,C,1418,100,1418,1,0
C,H,C,5141,100,5141,1,0
A,D,D,4964,100,4964,1,0
B,D,D,6973,100,6973,1,0
C,D,D,4941,100,4941,1,0
D,E,D,5169,100,5169,1,0
D,F,D,7117,100,7117,1,0
D,G,D,5162,100,5162,1,0
D,H,D,1403,100,1403,1,0
A,E,E,1374,100,1374,1,0
B,E,E,5168,100,5168,1,0
C,E,E,7178,100,7178,1,0
D,E,E,5237,100,5237,1,0
E,F,E,4982,100,4982,1,0
E,G,E,7059,100,7059,1,0
E,H,E,4990,100,4990,1,0
A,F,F,5158,100,5158,1,0
B,F,F,1382,100,1382,1,0
C,F,F,5161,100,5161,1,0
D,F,F,7147,100,7147,1,0
E,F,F,4971,100,4971,1,0
F,G,F,4983,100,4983,1,0
F,H,F,7049,100,7049,1,0
A,G,G,7144,100,7144,1,0
B,G,G,5190,100,5190,1,0
C,G,G,1403,100,1403,1,0
D,G,G,5143,100,5143,1,0
E,G,G,7074,100,7074,1,0
F,G,G,5014,100,5014,1,0
G,H,G,4946,100,4946,1,0
A,H,H,5134,100,5134,1,0
B,H,H,7144,100,7144,1,0
C,H,H,5173,100,5173,1,0
D,H,H,1341,100,1341,1,0
E,H,H,4971,100,4971,1,0
F,H,H,7036,100,7036,1,0
G,H,H,4947,100,4947,1,0
A,B,A,4994,100,4994,1,0
A,C,A,7051,100,7051,1,0
A,D,A,4960,100,4960,1,0
A,E,A,1447,100,1447,1,0
A,F,A,5189,100,5189,1,0
A,G,A,7211,100,7211,1,0
A,H,A,5163,100,5163,1,0
A,B,B,4932,100,4932,1,0
B,C,B,4971,100,4971,1,0
B,D,B,6963,100,6963,1,0
B,E,B,5161,100,5161,1,0
B,F,B,1385,100,1385,1,0
B,G,B,5194,100,5194,1,0
B,H,B,7160,100,7160,1,0
A,C,C,7061,100,7061,1,0
B,C,C,5004,100,5004,1,0
C,D,C,4955,100,4955,1,0
C,E,C,7136,100,7136,1,0
C,F,C,5131,100,5131,1,0
C,G,C,1396,100,1396,1,0
C,H,C,5111,100,5111,1,0
A,D,D,4912,100,4912,1,0
B,D,D,7023,100,7023,1,0
C,D,D,4909,100,4909,1,0
D,E,D,5144,100,5144,1,0
D,F,D,7127,100,7127,1,0
D,G,D,5124,100,5124,1,0
D,H,D,1365,100,1365,1,0
A,E,E,1462,100,1462,1,0
B,E,E,5159,100,5159,1,0
C,E,E,7224,100,7224,1,0
D,E,E,5124,100,5124,1,0
E,F,E,4964,100,4964,1,0
E,G,E,7061,100,7061,1,0
E,H,E,5043,100,5043,1,0
A,F,F,5225,100,5225,1,0
B,F,F,1419,100,1419,1,0
C,F,F,5168,100,5168,1,0
D,F,F,7137,100,7137,1,0
E,F,F,4946,100,4946,1,0
F,G,F,4989,100,4989,1,0
F,H,F,7040,100,7040,1,0
A,G,G,7134,100,7134,1,0
B,G,G,5176,100,5176,1,0
C,G,G,1412,100,1412,1,0
D,G,G,5162,100,5162,1,0
E,G,G,7058,100,7058,1,0
F,G,G,4951,100,4951,1,0
G,H,G,4908,100,4908,1,0
A,H,H,5204,100,5204,1,0
B,H,H,7137,100,7137,1,0
C,H,H,5182,100,5182,1,0
D,H,H,1377,100,1377,1,0
E,H,H,4954,100,4954,1,0
F,H,H,7014,100,7014,1,0
G,H,H,4927,100,4927,1,0
A,B,A,4959,100,4959,1,0
A,C,A,6987,100,6987,1,0
A,D,A,4937,100,4937,1,0
A,E,A,1467,100,1467,1,0
A,F,A,5165,100,5165,1,0
A,G,A,7203,100,7203,1,0
A,H,A,5111,100,5111,1,0
A,B,B,4989,100,4989,1,0
B,C,B,4948,100,4948,1,0
B,D,B,7020,100,7020,1,0
B,E,B,5127,100,5127,1,0
B,F,B,1396,100,1396,1,0
B,G,B,5204,100,5204,1,0
B,H,B,7136,100,7136,1,0
A,C,C,7021,100,7021,1,0
B,C,C,4990,100,4990,1,0
C,D,C,4909,100,4909,1,0
C,E,C,7182,100,7182,1,0
C,F,C,5174,100,5174,1,0
C,G,C,1386,100,1386,1,0
C,H,C,5122,100,5122,1,0
A,D,D,4971,100,4971,1,0
B,D,D,6980,100,6980,1,0
C,D,D,4970,100,4970,1,0
D,E,D,5147,100,5147,1,0
D,F,D,7114,100,7114,1,0
D,G,D,5093,100,5093,1,0
D,H,D,1421,100,1421,1,0
A,E,E,1452,100,1452,1,0
B,E,E,5149,100,5149,1,0
C,E,E,7149,100,7149,1,0
D,E,E,5196,100,5196,1,0
E,F,E,4950,100,4950,1,0
E,G,E,7054,100,7054,1,0
E,H,E,4981,100,4981,1,0
A,F,F,5176,100,5176,1,0
B,F,F,1427,100,1427,1,0
C,F,F,5178,100,5178,1,0
D,F,F,7154,100,7154,1,0
E,F,F,4994,100,4994,1,0
F,G,F,4977,100,4977,1,0
F,H,F,7046,100,7046,1,0
A,G,G,7157,100,7157,1,0
B,G,G,5194,100,5194,1,0
C,G,G,1412,100,1412,1,0
D,G,G,5113,100,5113,1,0
E,G,G,7027,100,7027,1,0
F,G,G,4994,100,4994,1,0
G,H,G,4942,100,4942,1,0
A,H,H,5139,100,5139,1,0
B,H,H,7149,100,7149,1,0
C,H,H,5139,100,5139,1,0
D,H,H,1443,100,1443,1,0
E,H,H,4961,100,4961,1,0
F,H,H,6997,100,6997,1,0
G,H,H,4940,100,4940,1,0
A,B,A,4965,100,4965,1,0
A,C,A,7028,100,7028,1,0
A,D,A,4959,100,4959,1,0
A,E,A,1367,100,1367,1,0
A,F,A,5177,100,5177,1,0
A,G,A,7200,100,7200,1,0
A,H,A,5145,100,5145,1,0
A,B,B,4956,100,4956,1,0
B,C,B,4988,100,4988,1,0
B,D,B,7012,100,7012,1,0
B,E,B,5141,100,5141,1,0
B,F,B,1387,100,1387,1,0
B,G,B,5202,100,5202,1,0
B,H,B,7163,100,7163,1,0
A,C,C,7001,100,7001,1,0
B,C,C,4986,100,4986,1,0
C,D,C,4925,100,4925,1,0
C,E,C,7175,100,7175,1,0
C,F,C,5157,100,5157,1,0
C,G,C,1371,100,1371,1,0
C,H,C,5164,100,5164,1,0
A,D,D,4965,100,4965,1,0
B,D,D,6982,100,6982,1,0
C,D,D,4964,100,4964,1,0
D,E,D,5143,100,5143,1,0
D,F,D,7135,100,7135,1,0
D,G,D,5134,100,5134,1,0
D,H,D,1405,100,1405,1,0
A,E,E,1457,100,1457,1,0
B,E,E,5129,100,5129,1,0
C,E,E,7190,100,7190,1,0
D,E,E,5196,100,5196,1,0
E,F,E,4966,100,4966,1,0
E,G,E,7072,100,7072,1,0
E,H,E,4935,100,4935,1,0
A,F,F,5200,100,5200,1,0
B,F,F,1393,100,1393,1,0
C,F,F,5135,100,5135,1,0
D,F,F,7136,100,7136,1,0
E,F,F,4975,100,4975,1,0
F,G,F,4977,100,4977,1,0
F,H,F,7004,100,7004,1,0
A,G,G,7165,100,7165,1,0
B,G,G,5194,100,5194,1,0
C,G,G,1420,100,1420,1,0
D,G,G,5143,100,5143,1,0
E,G,G,7051,100,7051,1,0
F,G,G,4955,100,4955,1,0
G,H,G,4915,100,4915,1,0
A,H,H,5114,100,5114,1,0
B,H,H,7121,100,7121,1,0
C,H,H,5125,100,5125,1,0
D,H,H,1409,100,1409,1,0
E,H,H,4965,100,4965,1,0
F,H,H,6985,100,6985,1,0
G,H,H,4990,100,4990,1,0
A,B,A,4987,100,4987,1,0
A,C,A,7010,100,7010,1,0
A,D,A,4932,100,4932,1,0
A,E,A,1399,100,1399,1,0
A,F,A,5179,100,5179,1,0
A,G,A,7194,100,7194,1,0
A,H,A,5137,100,5137,1,0
A,B,B,4923,100,4923,1,0
B,C,B,4985,100,4985,1,0
B,D,B,7031,100,7031,1,0
B,E,B,5138,100,5138,1,0
B,F,B,1405,100,1405,1,0
B,G,B,5193,100,5193,1,0
B,H,B,7132,100,7132,1,0
A,C,C,7003,100,7003,1,0
B,C,C,4979,100,4979,1,0
C,D,C,4948,100,4948,1,0
C,E,C,7167,100,7167,1,0
C,F,C,5147,100,5147,1,0
C,G,C,1390,100,1390,1,0
C,H,C,5127,100,5127,1,0
A,D,D,4963,100,4963,1,0
B,D,D,7014,100,7014,1,0
C,D,D,4918,100,4918,1,0
D,E,D,5212,100,5212,1,0
D,F,D,7156,100,7156,1,0
D,G,D,5176,100,5176,1,0
D,H,D,1398,100,1398,1,0
A,E,E,1410,100,1410,1,0
B,E,E,5138,100,5138,1,0
C,E,E,7144,100,7144,1,0
D,E,E,5106,100,5106,1,0
E,F,E,4961,100,4961,1,0
E,G,E,7035,100,7035,1,0
E,H,E,4968,100,4968,1,0
A,F,F,5187,100,5187,1,0
B,F,F,1368,100,1368,1,0
C,F,F,5134,100,5134,1,0
D,F,F,7160,100,7160,1,0
E,F,F,4989,100,4989,1,0
F,G,F,4986,100,4986,1,0
F,H,F,7033,100,7033,1,0
A,G,G,7143,100,7143,1,0
B,G,G,5136,100,5136,1,0
C,G,G,1371,100,1371,1,0
D,G,G,5139,100,5139,1,0
E,G,G,7042,100,7042,1,0
F,G,G,4976,100,4976,1,0
G,H,G,4930,100,4930,1,0
A,H,H,5169,100,5169,1,0
B,H,H,7117,100,7117,1,0
C,H,H,5159,100,5159,1,0
D,H,H,1408,100,1408,1,0
E,H,H,4980,100,4980,1,0
F,H,H,7007,100,7007,1,0
G,H,H,4970,100,4970,1,0
A,B,A,4937,100,4937,1,0
A,C,A,7006,100,7006,1,0
A,D,A,4962,100,4962,1,0
A,E,A,1381,100,1381,1,0
A,F,A,5191,100,5191,1,0
A,G,A,7191,100,7191,1,0
A,H,A,5173,100,5173,1,0
A,B,B,4950,100,4950,1,0
B,C,B,4999,100,4999,1,0
B,D,B,7000,100,7000,1,0
B,E,B,5142,100,5142,1,0
B,F,B,1410,100,1410,1,0
B,G,B,5187,100,5187,1,0
B,H,B,7205,100,7205,1,0
A,C,C,6968,100,6968,1,0
B,C,C,5002,100,5002,1,0
C,D,C,4958,100,4958,1,0
C,E,C,7172,100,7172,1,0
C,F,C,5153,100,5153,1,0
C,G,C,1422,100,1422,1,0
C,H,C,5154,100,5154,1,0
A,D,D,4949,100,4949,1,0
B,D,D,7032,100,7032,1,0
C,D,D,4928,100,4928,1,0
D,E,D,5114,100,5114,1,0
D,F,D,7136,100,7136,1,0
D,G,D,5108,100,5108,1,0
D,H,D,1432,100,1432,1,0
A,E,E,1425,100,1425,1,0
B,E,E,5141,100,5141,1,0
C,E,E,7178,100,7178,1,0
D,E,E,5226,100,5226,1,0
E,F,E,4945,100,4945,1,0
E,G,E,7079,100,7079,1,0
E,H,E,4995,100,4995,1,0
A,F,F,5220,100,5220,1,0
B,F,F,1390,100,1390,1,0
C,F,F,5155,100,5155,1,0
D,F,F,7145,100,7145,1,0
E,F,F,4969,100,4969,1,0
F,G,F,4975,100,4975,1,0
F,H,F,7009,100,7009,1,0
A,G,G,7163,100,7163,1,0
B,G,G,5155,100,5155,1,0
C,G,G,1463,100,1463,1,0
D,G,G,5195,100,5195,1,0
E,G,G,7046,100,7046,1,0
F,G,G,4975,100,4975,1,0
G,H,G,4999,100,4999,1,0
A,H,H,5138,100,5138,1,0
B,H,H,7151,100,7151,1,0
C,H,H,5187,100,5187,1,0
D,H,H,1404,100,1404,1,0
E,H,H,4995,100,4995,1,0
F,H,H,7015,100,7015,1,0
G,H,H,4911,100,4911,1,0
A,B,A,4986,100,4986,1,0
A,C,A,6967,100,6967,1,0
A,D,A,4949,100,4949,1,0
A,E,A,1410,100,1410,1,0
A,F,A,5186,100,5186,1,0
A,G,A,7194,100,7194,1,0
A,H,A,5143,100,5143,1,0
A,B,B,4959,100,4959,1,0
B,C,B,4988,100,4988,1,0
B,D,B,7008,100,7008,1,0
B,E,B,5167,100,5167,1,0
B,F,B,1408,100,1408,1,0
B,G,B,5176,100,5176,1,0
B,H,B,7122,100,7122,1,0
A,C,C,7030,100,7030,1,0
B,C,C,4970,100,4970,1,0
C,D,C,4941,100,4941,1,0
C,E,C,7178,100,7178,1,0
C,F,C,5149,100,5149,1,0
C,G,C,1370,100,1370,1,0
C,H,C,5183,100,5183,1,0
A,D,D,4917,100,4917,1,0
B,D,D,7048,100,7048,1,0
C,D,D,4946,100,4946,1,0
D,E,D,5183,100,5183,1,0
D,F,D,7138,100,7138,1,0
D,G,D,5126,100,5126,1,0
D,H,D,1473,100,1473,1,0
A,E,E,1446,100,1446,1,0
B,E,E,5109,100,5109,1,0
C,E,E,7172,100,7172,1,0
D,E,E,5176,100,5176,1,0
E,F,E,4986,100,4986,1,0
E,G,E,7053,100,7053,1,0
E,H,E,4977,100,4977,1,0
A,F,F,5203,100,5203,1,0
B,F,F,1426,100,1426,1,0
C,F,F,5164,100,5164,1,0
D,F,F,7150,100,7150,1,0
E,F,F,4971,100,4971,1,0
F,G,F,4955,100,4955,1,0
F,H,F,6984,100,6984,1,0
A,G,G,7147,100,7147,1,0
B,G,G,5215,100,5215,1,0
C,G,G,1354,100,1354,1,0
D,G,G,5169,100,5169,1,0
E,G,G,7070,100,7070,1,0
F,G,G,4980,100,4980,1,0
G,H,G,4964,100,4964,1,0
A,H,H,5131,100,5131,1,0
B,H,H,7188,100,7188,1,0
C,H,H,5155,100,5155,1,0
D,H,H,1419,100,1419,1,0
E,H,H,4995,100,4995,1,0
F,H,H,7057,100,7057,1,0
G,H,H,4992,100,4992,1,0
A,B,A,4930,100,4930,1,0
A,C,A,7027,100,7027,1,0
A,D,A,4942,100,4942,1,0
A,E,A,1382,100,1382,1,0
A,F,A,5170,100,5170,1,0
A,G,A,7225,100,7225,1,0
A,H,A,5178,100,5178,1,0
A,B,B,4950,100,4950,1,0
B,C,B,4971,100,4971,1,0
B,D,B,7008,100,7008,1,0
B,E,B,5150,100,5150,1,0
B,F,B,1383,100,1383,1,0
B,G,B,5187,100,5187,1,0
B,H,B,7185,100,7185,1,0
A,C,C,7065,100,7065,1,0
B,C,C,5024,100,5024,1,0
C,D,C,4959,100,4959,1,0
C,E,C,7189,100,7189,1,0
C,F,C,5146,100,5146,1,0
C,G,C,1413,100,1413,1,0
C,H,C,5154,100,5154,1,0
A,D,D,4944,100,4944,1,0
B,D,D,6975,100,6975,1,0
C,D,D,4955,100,4955,1,0
D,E,D,5168,100,5168,1,0
D,F,D,7142,100,7142,1,0
D,G,D,5146,100,5146,1,0
D,H,D,1391,100,1391,1,0
A,E,E,1414,100,1414,1,0
B,E,E,5159,100,5159,1,0
C,E,E,7158,100,7158,1,0
D,E,E,5209,100,5209,1,0
E,F,E,4957,100,4957,1,0
E,G,E,7064,100,7064,1,0
E,H,E,4973,100,4973,1,0
A,F,F,5175,100,5175,1,0
B,F,F,1420,100,1420,1,0
C,F,F,5139,100,5139,1,0
D,F,F,7121,100,7121,1,0
E,F,F,4966,100,4966,1,0
F,G,F,4968,100,4968,1,0
F,H,F,7038,100,7038,1,0
A,G,G,7139,100,7139,1,0
B,G,G,5161,100,5161,1,0
C,G,G,1402,100,1402,1,0
D,G,G,5107,100,5107,1,0
E,G,G,7060,100,7060,1,0
F,G,G,4961,100,4961,1,0
G,H,G,4910,100,4910,1,0
A,H,H,5130,100,5130,1,0
B,H,H,7124,100,7124,1,0
C,H,H,5165,100,5165,1,0
D,H,H,1376,100,1376,1,0
E,H,H,4969,100,4969,1,0
F,H,H,6971,100,6971,1,0
G,H,H,4949,100,4949,1,0
A,B,A,4978,100,4978,1,0
A,C,A,7016,100,7016,1,0
A,D,A,4932,100,4932,1,0
A,E,A,1379,100,1379,1,0
A,F,A,5186,100,5186,1,0
A,G,A,7128,100,7128,1,0
A,H,A,5177,100,5177,1,0
A,B,B,4957,100,4957,1,0
B,C,B,4945,100,4945,1,0
B,D,B,6968,100,6968,1,0
B,E,B,5132,100,5132,1,0
B,F,B,1395,100,1395,1,0
B,G,B,5215,100,5215,1,0
B,H,B,7110,100,7110,1,0
A,C,C,6989,100,6989,1,0
B,C,C,4972,100,4972,1,0
C,D,C,4939,100,4939,1,0
C,E,C,7218,100,7218,1,0
C,F,C,5180,100,5180,1,0
C,G,C,1437,100,1437,1,0
C,H,C,5125,100,5125,1,0
A,D,D,4960,100,4960,1,0
B,D,D,7021,100,7021,1,0
C,D,D,4930,100,4930,1,0
D,E,D,5210,100,5210,1,0
D,F,D,7089,100,7089,1,0
D,G,D,5139,100,5139,1,0
D,H,D,1429,100,1429,1,0
A,E,E,1449,100,1449,1,0
B,E,E,5107,100,5107,1,0
C,E,E,7198,100,7198,1,0
D,E,E,5159,100,5159,1,0
E,F,E,4987,100,4987,1,0
E,G,E,7050,100,7050,1,0
E,H,E,4980,100,4980,1,0
A,F,F,5145,100,5145,1,0
B,F,F,1369,100,1369,1,0
C,F,F,5176,100,5176,1,0
D,F,F,7146,100,7146,1,0
E,F,F,4956,100,4956,1,0
F,G,F,4978,100,4978,1,0
F,H,F,7007,100,7007,1,0
A,G,G,7206,100,7206,1,0
B,G,G,5198,100,5198,1,0
C,G,G,1392,100,1392,1,0
D,G,G,5181,100,5181,1,0
E,G,G,7055,100,7055,1,0
F,G,G,4994,100,4994,1,0
G,H,G,4983,100,4983,1,0
A,H,H,5145,100,5145,1,0
B,H,H,7157,100,7157,1,0
C,H,H,5153,100,5153,1,0
D,H,H,1386,100,1386,1,0
E,H,H,4981,100,4981,1,0
F,H,H,6990,100,6990,1,0
G,H,H,4977,100,4977,1,0
A,B,A,4977,100,4977,1,0
A,C,A,6997,100,6997,1,0
A,D,A,4953,100,4953,1,0
A,E,A,1375,100,1375,1,0
A,F,A,5145,100,5145,1,0
A,G,A,7146,100,7146,1,0
A,H,A,5111,100,5111,1,0
A,B,B,4975,100,4975,1,0
B,C,B,4977,100,4977,1,0
B,D,B,6959,100,6959,1,0
B,E,B,5163,100,5163,1,0
B,F,B,1393,100,1393,1,0
B,G,B,5194,100,5194,1,0
B,H,B,7135,100,7135,1,0
A,C,C,7028,100,7028,1,0
B,C,C,4977,100,4977,1,0
C,D,C,4938,100,4938,1,0
C,E,C,7204,100,7204,1,0
C,F,C,5180,100,5180,1,0
C,G,C,1409,100,1409,1,0
C,H,C,5183,100,5183,1,0
A,D,D,4921,100,4921,1,0
B,D,D,6974,100,6974,1,0
C,D,D,4931,100,4931,1,0
D,E,D,5164,100,5164,1,0
D,F,D,7126,100,7126,1,0
D,G,D,5139,100,5139,1,0
D,H,D,1393,100,1393,1,0
A,E,E,1393,100,1393,1,0
B,E,E,5139,100,5139,1,0
C,E,E,7157,100,7157,1,0
D,E,E,5133,100,5133,1,0
E,F,E,4996,100,4996,1,0
E,G,E,7094,100,7094,1,0
E,H,E,4955,100,4955,1,0
A,F,F,5158,100,5158,1,0
B,F,F,1376,100,1376,1,0
C,F,F,5130,100,5130,1,0
D,F,F,7120,100,7120,1,0
E,F,F,4999,100,4999,1,0
F,G,F,4945,100,4945,1,0
F,H,F,6970,100,6970,1,0
A,G,G,7162,100,7162,1,0
B,G,G,5231,100,5231,1,0
C,G,G,1432,100,1432,1,0
D,G,G,5121,100,5121,1,0
E,G,G,7074,100,7074,1,0
F,G,G,4971,100,4971,1,0
G,H,G,4964,100,4964,1,0
A,H,H,5110,100,5110,1,0
B,H,H,7151,100,7151,1,0
C,H,H,5155,100,5155,1,0
D,H,H,1449,100,1449,1,0
E,H,H,4997,100,4997,1,0
F,H,H,6981,100,6981,1,0
G,H,H,4973,100,4973,1,0
A,B,A,4973,100,4973,1,0
A,C,A,7016,100,7016,1,0
A,D,A,4964,100,4964,1,0
A,E,A,1418,100,1418,1,0
A,F,A,5179,100,5179,1,0
A,G,A,7153,100,7153,1,0
A,H,A,5153,100,5153,1,0
A,B,B,4970,100,4970,1,0
B,C,B,5007,100,5007,1,0
B,D,B,7019,100,7019,1,0
B,E,B,5141,100,5141,1,0
B,F,B,1410,100,1410,1,0
B,G,B,5200,100,5200,1,0
B,H,B,7174,100,7174,1,0
A,C,C,7016,100,7016,1,0
B,C,C,5006,100,5006,1,0
C,D,C,4962,100,4962,1,0
C,E,C,7156,100,7156,1,0
C,F,C,5174,100,5174,1,0
C,G,C,1372,100,1372,1,0
C,H,C,5167,100,5167,1,0
A,D,D,4943,100,4943,1,0
B,D,D,7014,100,7014,1,0
C,D,D,4943,100,4943,1,0
D,E,D,5132,100,5132,1,0
D,F,D,7109,100,7109,1,0
D,G,D,5147,100,5147,1,0
D,H,D,1373,100,1373,1,0
A,E,E,1370,100,1370,1,0
B,E,E,5168,100,5168,1,0
C,E,E,7164,100,7164,1,0
D,E,E,5140,100,5140,1,0
E,F,E,4962,100,4962,1,0
E,G,E,7052,100,7052,1,0
E,H,E,4958,100,4958,1,0
A,F,F,5172,100,5172,1,0
B,F,F,1386,100,1386,1,0
C,F,F,5162,100,5162,1,0
D,F,F,7101,100,7101,1,0
E,F,F,4972,100,4972,1,0
F,G,F,4975,100,4975,1,0
F,H,F,7015,100,7015,1,0
A,G,G,7197,100,7197,1,0
B,G,G,5175,100,5175,1,0
C,G,G,1366,100,1366,1,0
D,G,G,5121,100,5121,1,0
E,G,G,7075,100,7075,1,0
F,G,G,4970,100,4970,1,0
G,H,G,4936,100,4936,1,0
A,H,H,5167,100,5167,1,0
B,H,H,7138,100,7138,1,0
C,H,H,5107,100,5107,1,0
D,H,H,1438,100,1438,1,0
E,H,H,4929,100,4929,1,0
F,H,H,6973,100,6973,1,0
G,H,H,4966,100,4966,1,0
A,B,A,4975,100,4975,1,0
A,C,A,7063,100,7063,1,0
A,D,A,4959,100,4959,1,0
A,E,A,1385,100,1385,1,0
A,F,A,5162,100,5162,1,0
A,G,A,7167,100,7167,1,0
A,H,A,5139,100,5139,1,0
A,B,B,4957,100,4957,1,0
B,C,B,5023,100,5023,1,0
B,D,B,6986,100,6986,1,0
B,E,B,5122,100,5122,1,0
B,F,B,1360,100,1360,1,0
B,G,B,5188,100,5188,1,0
B,H,B,7162,100,7162,1,0
A,C,C,7030,100,7030,1,0
B,C,C,4982,100,4982,1,0
C,D,C,4941,100,4941,1,0
C,E,C,7185,100,7185,1,0
C,F,C,5158,100,5158,1,0
C,G,C,1442,100,1442,1,0
C,H,C,5115,100,5115,1,0
A,D,D,4962,100,4962,1,0
B,D,D,7001,100,7001,1,0
C,D,D,4921,100,4921,1,0
D,E,D,5135,100,5135,1,0
D,F,D,7130,100,7130,1,0
D,G,D,5173,100,5173,1,0
D,H,D,1421,100,1421,1,0
A,E,E,1432,100,1432,1,0
B,E,E,5132,100,5132,1,0
C,E,E,7186,100,7186,1,0
D,E,E,5192,100,5192,1,0
E,F,E,4979,100,4979,1,0
E,G,E,7046,100,7046,1,0
E,H,E,4952,100,4952,1,0
A,F,F,5155,100,5155,1,0
B,F,F,1374,100,1374,1,0
C,F,F,5151,100,5151,1,0
D,F,F,7129,100,7129,1,0
E,F,F,4989,100,4989,1,0
F,G,F,4983,100,4983,1,0
F,H,F,6973,100,6973,1,0
A,G,G,7158,100,7158,1,0
B,G,G,5242,100,5242,1,0
C,G,G,1427,100,1427,1,0
D,G,G,5103,100,5103,1,0
E,G,G,7078,100,7078,1,0
F,G,G,4971,100,4971,1,0
G,H,G,4970,100,4970,1,0
A,H,H,5156,100,5156,1,0
B,H,H,7196,100,7196,1,0
C,H,H,5153,100,5153,1,0
D,H,H,1457,100,1457,1,0
E,H,H,4971,100,4971,1,0
F,H,H,7044,100,7044,1,0
G,H,H,4987,100,4987,1,0
A,B,A,4966,100,4966,1,0
A,C,A,7078,100,7078,1,0
A,D,A,4950,100,4950,1,0
A,E,A,1366,100,1366,1,0
A,F,A,5128,100,5128,1,0
A,G,A,7185,100,7185,1,0
A,H,A,5156,100,5156,1,0
A,B,B,4964,100,4964,1,0
B,C,B,5004,100,5004,1,0
B,D,B,7036,100,7036,1,0
B,E,B,5163,100,5163,1,0
B,F,B,1413,100,1413,1,0
B,G,B,5178,100,5178,1,0
B,H,B,7103,100,7103,1,0
A,C,C,7119,100,7119,1,0
B,C,C,4981,100,4981,1,0
C,D,C,4966,100,4966,1,0
C,E,C,7152,100,7152,1,0
C,F,C,5167,100,5167,1,0
C,G,C,1416,100,1416,1,0
C,H,C,5108,100,5108,1,0
A,D,D,4967,100,4967,1,0
B,D,D,6953,100,6953,1,0
C,D,D,4928,100,4928,1,0
D,E,D,5186,100,5186,1,0
D,F,D,7133,100,7133,1,0
D,G,D,5125,100,5125,1,0
D,H,D,1374,100,1374,1,0
A,E,E,1397,100,1397,1,0
B,E,E,5152,100,5152,1,0
C,E,E,7192,100,7192,1,0
D,E,E,5208,100,5208,1,0
E,F,E,4958,100,4958,1,0
E,G,E,7045,100,7045,1,0
E,H,E,4960,100,4960,1,0
A,F,F,5210,100,5210,1,0
B,F,F,1425,100,1425,1,0
C,F,F,5166,100,5166,1,0
D,F,F,7147,100,7147,1,0
E,F,F,4962,100,4962,1,0
F,G,F,4992,100,4992,1,0
F,H,F,6972,100,6972,1,0
A,G,G,7151,100,7151,1,0
B,G,G,5163,100,5163,1,0
C,G,G,1394,100,1394,1,0
D,G,G,5137,100,5137,1,0
E,G,G,7047,100,7047,1,0
F,G,G,4987,100,4987,1,0
G,H,G,4943,100,4943,1,0
A,H,H,5138,100,5138,1,0
B,H,H,7148,100,7148,1,0
C,H,H,5160,100,5160,1,0
D,H,H,1383,100,1383,1,0
E,H,H,4992,100,4992,1,0
F,H,H,6982,100,6982,1,0
G,H,H,4973,100,4973,1,0
A,B,A,4953,100,4953,1,0
A,C,A,7002,100,7002,1,0
A,D,A,4935,100,4935,1,0
A,E,A,1448,100,1448,1,0
A,F,A,5173,100,5173,1,0
A,G,A,7179,100,7179,1,0
A,H,A,5164,100,5164,1,0
A,B,B,4946,100,4946,1,0
B,C,B,4983,100,4983,1,0
B,D,B,6994,100,6994,1,0
B,E,B,5118,100,5118,1,0
B,F,B,1431,100,1431,1,0
B,G,B,5187,100,5187,1,0
B,H,B,7149,100,7149,1,0
A,C,C,7075,100,7075,1,0
B,C,C,4964,100,4964,1,0
C,D,C,4946,100,4946,1,0
C,E,C,7197,100,7197,1,0
C,F,C,5135,100,5135,1,0
C,G,C,1399,100,1399,1,0
C,H,C,5139,100,5139,1,0
A,D,D,4955,100,4955,1,0
B,D,D,6966,100,6966,1,0
C,D,D,4960,100,4960,1,0
D,E,D,5191,100,5191,1,0
D,F,D,7163,100,7163,1,0
D,G,D,5148,100,5148,1,0
D,H,D,1441,100,1441,1,0
A,E,E,1463,100,1463,1,0
B,E,E,5142,100,5142,1,0
C,E,E,7185,100,7185,1,0
D,E,E,5245,100,5245,1,0
E,F,E,4999,100,4999,1,0
E,G,E,7024,100,7024,1,0
E,H,E,5042,100,5042,1,0
A,F,F,5149,100,5149,1,0
B,F,F,1389,100,1389,1,0
C,F,F,5137,100,5137,1,0
D,F,F,7164,100,7164,1,0
E,F,F,5023,100,5023,1,0
F,G,F,4977,100,4977,1,0
F,H,F,7007,100,7007,1,0
A,G,G,7166,100,7166,1,0
B,G,G,5208,100,5208,1,0
C,G,G,1403,100,1403,1,0
D,G,G,5135,100,5135,1,0
E,G,G,7056,100,7056,1,0
F,G,G,4958,100,4958,1,0
G,H,G,4933,100,4933,1,0
A,H,H,5162,100,5162,1,0
B,H,H,7132,100,7132,1,0
C,H,H,5152,100,5152,1,0
D,H,H,1456,100,1456,1,0
E,H,H,4973,100,4973,1,0
F,H,H,6983,100,6983,1,0
G,H,H,4997,100,4997,1,0
A,B,A,4977,100,4977,1,0
A,C,A,7005,100,7005,1,0
A,D,A,4945,100,4945,1,0
A,E,A,1396,100,1396,1,0
A,F,A,5163,100,5163,1,0
A,G,A,7155,100,7155,1,0
A,H,A,5193,100,5193,1,0
A,B,B,4993,100,4993,1,0
B,C,B,4980,100,4980,1,0
B,D,B,7023,100,7023,1,0
B,E,B,5153,100,5153,1,0
B,F,B,1395,100,1395,1,0
B,G,B,5191,100,5191,1,0
B,H,B,7139,100,7139,1,0
A,C,C,6987,100,6987,1,0
B,C,C,4974,100,4974,1,0
C,D,C,4914,100,4914,1,0
C,E,C,7166,100,7166,1,0
C,F,C,5158,100,5158,1,0
C,G,C,1381,100,1381,1,0
C,H,C,5143,100,5143,1,0
A,D,D,4953,100,4953,1,0
B,D,D,7028,100,7028,1,0
C,D,D,4915,100,4915,1,0
D,E,D,5131,100,5131,1,0
D,F,D,7143,100,7143,1,0
D,G,D,5154,100,5154,1,0
D,H,D,1426,100,1426,1,0
A,E,E,1422,100,1422,1,0
B,E,E,5159,100,5159,1,0
C,E,E,7202,100,7202,1,0
D,E,E,5203,100,5203,1,0
E,F,E,4991,100,4991,1,0
E,G,E,7073,100,7073,1,0
E,H,E,4980,100,4980,1,0
A,F,F,5143,100,5143,1,0
B,F,F,1370,100,1370,1,0
C,F,F,5152,100,5152,1,0
D,F,F,7155,100,7155,1,0
E,F,F,4965,100,4965,1,0
F,G,F,4950,100,4950,1,0
F,H,F,7043,100,7043,1,0
A,G,G,7214,100,7214,1,0
B,G,G,5196,100,5196,1,0
C,G,G,1428,100,1428,1,0
D,G,G,5113,100,5113,1,0
E,G,G,7024,100,7024,1,0
F,G,G,4971,100,4971,1,0
G,H,G,4991,100,4991,1,0
A,H,H,5123,100,5123,1,0
B,H,H,7118,100,7118,1,0
C,H,H,5183,100,5183,1,0
D,H,H,1471,100,1471,1,0
E,H,H,4957,100,4957,1,0
F,H,H,7007,100,7007,1,0
G,H,H,4954,100,4954,1,0
A,B,A,4963,100,4963,1,0
A,C,A,7017,100,7017,1,0
A,D,A,4970,100,4970,1,0
A,E,A,1417,100,1417,1,0
A,F,A,5141,100,5141,1,0
A,G,A,7190,100,7190,1,0
A,H,A,5174,100,5174,1,0
A,B,B,4964,100,4964,1,0
B,C,B,5001,100,5001,1,0
B,D,B,7010,100,7010,1,0
B,E,B,5144,100,5144,1,0
B,F,B,1390,100,1390,1,0
B,G,B,5171,100,5171,1,0
B,H,B,7164,100,7164,1,0
A,C,C,7053,100,7053,1,0
B,C,C,4992,100,4992,1,0
C,D,C,4958,100,4958,1,0
C,E,C,7152,100,7152,1,0
C,F,C,5144,100,5144,1,0
C,G,C,1410,100,1410,1,0
C,H,C,5182,100,5182,1,0
A,D,D,4940,100,4940,1,0
B,D,D,7003,100,7003,1,0
C,D,D,4938,100,4938,1,0
D,E,D,5184,100,5184,1,0
D,F,D,7149,100,7149,1,0
D,G,D,5139,100,5139,1,0
D,H,D,1433,100,1433,1,0
A,E,E,1451,100,1451,1,0
B,E,E,5146,100,5146,1,0
C,E,E,7126,100,7126,1,0
D,E,E,5176,100,5176,1,0
E,F,E,4992,100,4992,1,0
E,G,E,7061,100,7061,1,0
E,H,E,4984,100,4984,1,0
A,F,F,5218,100,5218,1,0
B,F,F,1426,100,1426,1,0
C,F,F,5185,100,5185,1,0
D,F,F,7147,100,7147,1,0
E,F,F,4984,100,4984,1,0
F,G,F,4971,100,4971,1,0
F,H,F,6999,100,6999,1,0
A,G,G,7188,100,7188,1,0
B,G,G,5180,100,5180,1,0
C,G,G,1404,100,1404,1,0
D,G,G,5180,100,5180,1,0
E,G,G,7042,100,7042,1,0
F,G,G,4947,100,4947,1,0
G,H,G,4965,100,4965,1,0
A,H,H,5142,100,5142,1,0
B,H,H,7119,100,7119,1,0
C,H,H,5171,100,5171,1,0
D,H,H,1404,100,1404,1,0
E,H,H,4978,100,4978,1,0
F,H,H,6994,100,6994,1,0
G,H,H,4969,100,4969,1,0
A,B,A,4942,100,4942,1,0
A,C,A,7024,100,7024,1,0
A,D,A,4949,100,4949,1,0
A,E,A,1430,100,1430,1,0
A,F,A,5173,100,5173,1,0
A,G,A,7220,100,7220,1,0
A,H,A,5139,100,5139,1,0
A,B,B,4980,100,4980,1,0
B,C,B,4992,100,4992,1,0
B,D,B,7005,100,7005,1,0
B,E,B,5159,100,5159,1,0
B,F,B,1395,100,1395,1,0
B,G,B,5187,100,5187,1,0
B,H,B,7189,100,7189,1,0
A,C,C,7009,100,7009,1,0
B,C,C,4968,100,4968,1,0
C,D,C,4961,100,4961,1,0
C,E,C,7156,100,7156,1,0
C,F,C,5164,100,5164,1,0
C,G,C,1396,100,1396,1,0
C,H,C,5148,100,5148,1,0
A,D,D,4927,100,4927,1,0
B,D,D,6973,100,6973,1,0
C,D,D,4959,100,4959,1,0
D,E,D,5192,100,5192,1,0
D,F,D,7146,100,7146,1,0
D,G,D,5141,100,5141,1,0
D,H,D,1423,100,1423,1,0
A,E,E,1403,100,1403,1,0
B,E,E,5159,100,5159,1,0
C,E,E,7195,100,7195,1,0
D,E,E,5109,100,5109,1,0
E,F,E,4961,100,4961,1,0
E,G,E,7074,100,7074,1,0
E,H,E,4977,100,4977,1,0
A,F,F,5186,100,5186,1,0
B,F,F,1415,100,1415,1,0
C,F,F,5157,100,5157,1,0
D,F,F,7138,100,7138,1,0
E,F,F,4996,100,4996,1,0
F,G,F,4972,100,4972,1,0
F,H,F,6969,100,6969,1,0
A,G,G,7204,100,7204,1,0
B,G,G,5188,100,5188,1,0
C,G,G,1403,100,1403,1,0
D,G,G,5175,100,5175,1,0
E,G,G,7058,100,7058,1,0
F,G,G,4972,100,4972,1,0
G,H,G,4938,100,4938,1,0
A,H,H,5162,100,5162,1,0
B,H,H,7175,100,7175,1,0
C,H,H,5150,100,5150,1,0
D,H,H,1382,100,1382,1,0
E,H,H,5005,100,5005,1,0
F,H,H,6999,100,6999,1,0
G,H,H,4979,100,4979,1,0
A,B,A,4956,100,4956,1,0
A,C,A,7037,100,7037,1,0
A,D,A,4953,100,4953,1,0
A,E,A,1436,100,1436,1,0
A,F,A,5144,100,5144,1,0
A,G,A,7169,100,7169,1,0
A,H,A,5193,100,5193,1,0
A,B,B,4994,100,4994,1,0
B,C,B,4985,100,4985,1,0
B,D,B,7024,100,7024,1,0
B,E,B,5099,100,5099,1,0
B,F,B,1400,100,1400,1,0
B,G,B,5183,100,5183,1,0
B,H,B,7154,100,7154,1,0
A,C,C,7053,100,7053,1,0
B,C,C,4985,100,4985,1,0
C,D,C,4989,100,4989,1,0
C,E,C,7194,100,7194,1,0
C,F,C,5164,100,5164,1,0
C,G,C,1383,100,1383,1,0
C,H,C,5153,100,5153,1,0
A,D,D,4985,100,4985,1,0
B,D,D,7006,100,7006,1,0
C,D,D,4971,100,4971,1,0
D,E,D,5183,100,5183,1,0
D,F,D,7143,100,7143,1,0
D,G,D,5131,100,5131,1,0
D,H,D,1453,100,1453,1,0
A,E,E,1444,100,1444,1,0
B,E,E,5142,100,5142,1,0
C,E,E,7178,100,7178,1,0
D,E,E,5215,100,5215,1,0
E,F,E,4959,100,4959,1,0
E,G,E,7058,100,7058,1,0
E,H,E,4990,100,4990,1,0
A,F,F,5196,100,5196,1,0
B,F,F,1372,100,1372,1,0
C,F,F,5161,100,5161,1,0
D,F,F,7177,100,7177,1,0
E,F,F,4971,100,4971,1,0
F,G,F,4988,100,4988,1,0
F,H,F,7002,100,7002,1,0
A,G,G,7129,100,7129,1,0
B,G,G,5204,100,5204,1,0
C,G,G,1350,100,1350,1,0
D,G,G,5107,100,5107,1,0
E,G,G,7042,100,7042,1,0
F,G,G,5005,100,5005,1,0
G,H,G,4929,100,4929,1,0
A,H,H,5114,100,5114,1,0
B,H,H,7107,100,7107,1,0
C,H,H,5182,100,5182,1,0
D,H,H,1412,100,1412,1,0
E,H,H,4955,100,4955,1,0
F,H,H,7039,100,7039,1,0
G,H,H,4916,100,4916,1,0
A,B,A,4972,100,4972,1,0
A,C,A,6997,100,6997,1,0
A,D,A,4932,100,4932,1,0
A,E,A,1398,100,1398,1,0
A,F,A,5166,100,5166,1,0
A,G,A,7141,100,7141,1,0
A,H,A,5117,100,5117,1,0
A,B,B,4981,100,4981,1,0
B,C,B,4941,100,4941,1,0
B,D,B,6972,100,6972,1,0
B,E,B,5168,100,5168,1,0
B,F,B,1393,100,1393,1,0
B,G,B,5178,100,5178,1,0
B,H,B,7136,100,7136,1,0
A,C,C,7006,100,7006,1,0
B,C,C,4990,100,4990,1,0
C,D,C,4925,100,4925,1,0
C,E,C,7200,100,7200,1,0
C,F,C,5164,100,5164,1,0
C,G,C,1403,100,1403,1,0
C,H,C,5160,100,5160,1,0
A,D,D,4960,100,4960,1,0
B,D,D,6961,100,6961,1,0
C,D,D,4958,100,4958,1,0
D,E,D,5181,100,5181,1,0
D,F,D,7179,100,7179,1,0
D,G,D,5166,100,5166,1,0
D,H,D,1394,100,1394,1,0
A,E,E,1455,100,1455,1,0
B,E,E,5109,100,5109,1,0
C,E,E,7227,100,7227,1,0
D,E,E,5124,100,5124,1,0
E,F,E,4990,100,4990,1,0
E,G,E,7067,100,7067,1,0
E,H,E,4989,100,4989,1,0
A,F,F,5194,100,5194,1,0
B,F,F,1377,100,1377,1,0
C,F,F,5148,100,5148,1,0
D,F,F,7127,100,7127,1,0
E,F,F,4946,100,4946,1,0
F,G,F,4989,100,4989,1,0
F,H,F,6976,100,6976,1,0
A,G,G,7190,100,7190,1,0
B,G,G,5157,100,5157,1,0
C,G,G,1431,100,1431,1,0
D,G,G,5115,100,5115,1,0
E,G,G,7073,100,7073,1,0
F,G,G,4955,100,4955,1,0
G,H,G,4963,100,4963,1,0
A,H,H,5146,100,5146,1,0
B,H,H,7155,100,7155,1,0
C,H,H,5155,100,5155,1,0
D,H,H,1354,100,1354,1,0
E,H,H,4981,100,4981,1,0
F,H,H,7005,100,7005,1,0
G,H,H,4982,100,4982,1,0
A,B,A,4964,100,4964,1,0
A,C,A,7043,100,7043,1,0
A,D,A,4963,100,4963,1,0
A,E,A,1377,100,1377,1,0
A,F,A,5133,100,5133,1,0
A,G,A,7205,100,7205,1,0
A,H,A,5149,100,5149,1,0
A,B,B,4946,100,4946,1,0
B,C,B,4982,100,4982,1,0
B,D,B,7021,100,7021,1,0
B,E,B,5135,100,5135,1,0
B,F,B,1378,100,1378,1,0
B,G,B,5217,100,5217,1,0
B,H,B,7172,100,7172,1,0
A,C,C,7004,100,7004,1,0
B,C,C,4970,100,4970,1,0
C,D,C,4916,100,4916,1,0
C,E,C,7218,100,7218,1,0
C,F,C,5129,100,5129,1,0
C,G,C,1394,100,1394,1,0
C,H,C,5164,100,5164,1,0
A,D,D,4957,100,4957,1,0
B,D,D,7047,100,7047,1,0
C,D,D,4915,100,4915,1,0
D,E,D,5194,100,5194,1,0
D,F,D,7183,100,7183,1,0
D,G,D,5164,100,5164,1,0
D,H,D,1422,100,1422,1,0
A,E,E,1383,100,1383,1,0
B,E,E,5183,100,5183,1,0
C,E,E,7194,100,7194,1,0
D,E,E,5129,100,5129,1,0
E,F,E,4993,100,4993,1,0
E,G,E,7053,100,7053,1,0
E,H,E,4952,100,4952,1,0
A,F,F,5201,100,5201,1,0
B,F,F,1372,100,1372,1,0
C,F,F,5136,100,5136,1,0
D,F,F,7126,100,7126,1,0
E,F,F,4971,100,4971,1,0
F,G,F,4976,100,4976,1,0
F,H,F,7004,100,7004,1,0
A,G,G,7151,100,7151,1,0
B,G,G,5179,100,5179,1,0
C,G,G,1378,100,1378,1,0
D,G,G,5165,100,5165,1,0
E,G,G,7067,100,7067,1,0
F,G,G,4988,100,4988,1,0
G,H,G,4916,100,4916,1,0
A,H,H,5169,100,5169,1,0
B,H,H,7130,100,7130,1,0
C,H,H,5158,100,5158,1,0
D,H,H,1381,100,1381,1,0
E,H,H,4960,100,4960,1,0
F,H,H,7034,100,7034,1,0
G,H,H,4941,100,4941,1,0
A,B,A,4979,100,4979,1,0
A,C,A,6997,100,6997,1,0
A,D,A,4950,100,4950,1,0
A,E,A,1436,100,1436,1,0
A,F,A,5147,100,5147,1,0
A,G,A,7171,100,7171,1,0
A,H,A,5134,100,5134,1,0
A,B,B,4927,100,4927,1,0
B,C,B,4963,100,4963,1,0
B,D,B,7016,100,7016,1,0
B,E,B,5152,100,5152,1,0
B,F,B,1418,100,1418,1,0
B,G,B,5194,100,5194,1,0
B,H,B,7160,100,7160,1,0
A,C,C,6995,100,6995,1,0
B,C,C,5000,100,5000,1,0
C,D,C,4948,100,4948,1,0
C,E,C,7174,100,7174,1,0
C,F,C,5156,100,5156,1,0
C,G,C,1385,100,1385,1,0
C,H,C,5161,100,5161,1,0
A,D,D,4955,100,4955,1,0
B,D,D,7019,100,7019,1,0
C,D,D,4948,100,4948,1,0
D,E,D,5208,100,5208,1,0
D,F,D,7148,100,7148,1,0
D,G,D,5120,100,5120,1,0
D,H,D,1419,100,1419,1,0
A,E,E,1464,100,1464,1,0
B,E,E,5123,100,5123,1,0
C,E,E,7144,100,7144,1,0
D,E,E,5159,100,5159,1,0
E,F,E,5003,100,5003,1,0
E,G,E,7055,100,7055,1,0
E,H,E,5023,100,5023,1,0
A,F,F,5177,100,5177,1,0
B,F,F,1388,100,1388,1,0
C,F,F,5166,100,5166,1,0
D,F,F,7112,100,7112,1,0
E,F,F,4983,100,4983,1,0
F,G,F,4992,100,4992,1,0
F,H,F,7025,100,7025,1,0
A,G,G,7135,100,7135,1,0
B,G,G,5184,100,5184,1,0
C,G,G,1397,100,1397,1,0
D,G,G,5113,100,5113,1,0
E,G,G,7079,100,7079,1,0
F,G,G,4968,100,4968,1,0
G,H,G,4941,100,4941,1,0
A,H,H,5142,100,5142,1,0
B,H,H,7160,100,7160,1,0
C,H,H,5112,100,5112,1,0
D,H,H,1460,100,1460,1,0
E,H,H,4955,100,4955,1,0
F,H,H,7017,100,7017,1,0
G,H,H,4967,100,4967,1,0
A,B,A,4946,100,4946,1,0
A,C,A,7017,100,7017,1,0
A,D,A,4947,100,4947,1,0
A,E,A,1375,100,1375,1,0
A,F,A,5142,100,5142,1,0
A,G,A,7199,100,7199,1,0
A,H,A,5172,100,5172,1,0
A,B,B,4959,100,4959,1,0
B,C,B,5002,100,5002,1,0
B,D,B,7029,100,7029,1,0
B,E,B,5109,100,5109,1,0
B,F,B,1380,100,1380,1,0
B,G,B,5210,100,5210,1,0
B,H,B,7236,100,7236,1,0
A,C,C,7050,100,7050,1,0
B,C,C,4987,100,4987,1,0
C,D,C,4947,100,4947,1,0
C,E,C,7194,100,7194,1,0
C,F,C,5162,100,5162,1,0
C,G,C,1413,100,1413,1,0
C,H,C,5171,100,5171,1,0
A,D,D,4953,100,4953,1,0
B,D,D,7013,100,7013,1,0
C,D,D,4960,100,4960,1,0
D,E,D,5167,100,5167,1,0
D,F,D,7136,100,7136,1,0
D,G,D,5128,100,5128,1,0
D,H,D,1380,100,1380,1,0
A,E,E,1459,100,1459,1,0
B,E,E,5168,100,5168,1,0
C,E,E,7172,100,7172,1,0
D,E,E,5139,100,5139,1,0
E,F,E,4958,100,4958,1,0
E,G,E,7079,100,7079,1,0
E,H,E,5012,100,5012,1,0
A,F,F,5156,100,5156,1,0
B,F,F,1371,100,1371,1,0
C,F,F,5161,100,5161,1,0
D,F,F,7161,100,7161,1,0
E,F,F,4976,100,4976,1,0
F,G,F,4972,100,4972,1,0
F,H,F,7015,100,7015,1,0
A,G,G,7168,100,7168,1,0
B,G,G,5210,100,5210,1,0
C,G,G,1376,100,1376,1,0
D,G,G,5100,100,5100,1,0
E,G,G,7041,100,7041,1,0
F,G,G,4979,100,4979,1,0
G,H,G,4955,100,4955,1,0
A,H,H,5118,100,5118,1,0
B,H,H,7111,100,7111,1,0
C,H,H,5131,100,5131,1,0
D,H,H,1417,100,1417,1,0
E,H,H,5016,100,5016,1,0
F,H,H,7023,100,7023,1,0
G,H,H,4954,100,4954,1,0
A,B,A,4953,100,4953,1,0
A,C,A,7000,100,7000,1,0
A,D,A,4938,100,4938,1,0
A,E,A,1420,100,1420,1,0
A,F,A,5160,100,5160,1,0
A,G,A,7153,100,7153,1,0
A,H,A,5148,100,5148,1,0
A,B,B,4949,100,4949,1,0
B,C,B,4964,100,4964,1,0
B,D,B,6968,100,6968,1,0
B,E,B,5122,100,5122,1,0
B,F,B,1377,100,1377,1,0
B,G,B,5189,100,5189,1,0
B,H,B,7135,100,7135,1,0
A,C,C,7012,100,7012,1,0
B,C,C,4990,100,4990,1,0
C,D,C,4943,100,4943,1,0
C,E,C,7169,100,7169,1,0
C,F,C,5150,100,5150,1,0
C,G,C,1414,100,1414,1,0
C,H,C,5140,100,5140,1,0
A,D,D,4984,100,4984,1,0
B,D,D,6990,100,6990,1,0
C,D,D,4958,100,4958,1,0
D,E,D,5186,100,5186,1,0
D,F,D,7112,100,7112,1,0
D,G,D,5147,100,5147,1,0
D,H,D,1386,100,1386,1,0
A,E,E,1357,100,1357,1,0
B,E,E,5179,100,5179,1,0
C,E,E,7169,100,7169,1,0
D,E,E,5180,100,5180,1,0
E,F,E,4968,100,4968,1,0
E,G,E,7074,100,7074,1,0
E,H,E,5008,100,5008,1,0
A,F,F,5154,100,5154,1,0
B,F,F,1409,100,1409,1,0
C,F,F,5144,100,5144,1,0
D,F,F,7143,100,7143,1,0
E,F,F,4973,100,4973,1,0
F,G,F,4973,100,4973,1,0
F,H,F,7025,100,7025,1,0
A,G,G,7148,100,7148,1,0
B,G,G,5242,100,5242,1,0
C,G,G,1422,100,1422,1,0
D,G,G,5164,100,5164,1,0
E,G,G,7039,100,7039,1,0
F,G,G,4953,100,4953,1,0
G,H,G,4963,100,4963,1,0
A,H,H,5108,100,5108,1,0
B,H,H,7161,100,7161,1,0
C,H,H,5168,100,5168,1,0
D,H,H,1392,100,1392,1,0
E,H,H,4995,100,4995,1,0
F,H,H,7031,100,7031,1,0
G,H,H,4961,100,4961,1,0
A,B,A,4949,100,4949,1,0
A,C,A,6990,100,6990,1,0
A,D,A,4930,100,4930,1,0
A,E,A,1421,100,1421,1,0
A,F,A,5198,100,5198,1,0
A,G,A,7193,100,7193,1,0
A,H,A,5161,100,5161,1,0
A,B,B,5003,100,5003,1,0
B,C,B,4996,100,4996,1,0
B,D,B,7028,100,7028,1,0
B,E,B,5148,100,5148,1,0
B,F,B,1387,100,1387,1,0
B,G,B,5166,100,5166,1,0
B,H,B,7196,100,7196,1,0
A,C,C,7047,100,7047,1,0
B,C,C,4977,100,4977,1,0
C,D,C,4946,100,4946,1,0
C,E,C,7185,100,7185,1,0
C,F,C,5134,100,5134,1,0
C,G,C,1382,100,1382,1,0
C,H,C,5185,100,5185,1,0
A,D,D,4936,100,4936,1,0
B,D,D,7048,100,7048,1,0
C,D,D,4933,100,4933,1,0
D,E,D,5183,100,5183,1,0
D,F,D,7124,100,7124,1,0
D,G,D,5158,100,5158,1,0
D,H,D,1374,100,1374,1,0
A,E,E,1413,100,1413,1,0
B,E,E,5180,100,5180,1,0
C,E,E,7188,100,7188,1,0
D,E,E,5164,100,5164,1,0
E,F,E,4985,100,4985,1,0
E,G,E,7063,100,7063,1,0
E,H,E,5008,100,5008,1,0
A,F,F,5180,100,5180,1,0
B,F,F,1417,100,1417,1,0
C,F,F,5157,100,5157,1,0
D,F,F,7162,100,7162,1,0
E,F,F,4999,100,4999,1,0
F,G,F,4962,100,4962,1,0
F,H,F,7019,100,7019,1,0
A,G,G,7183,100,7183,1,0
B,G,G,5140,100,5140,1,0
C,G,G,1335,100,1335,1,0
D,G,G,5135,100,5135,1,0
E,G,G,7064,100,7064,1,0
F,G,G,4958,100,4958,1,0
G,H,G,4994,100,4994,1,0
A,H,H,5153,100,5153,1,0
B,H,H,7172,100,7172,1,0
C,H,H,5151,100,5151,1,0
D,H,H,1355,100,1355,1,0
E,H,H,4998,100,4998,1,0
F,H,H,7028,100,7028,1,0
G,H,H,4973,100,4973,1,0
A,B,A,5004,100,5004,1,0
A,C,A,7005,100,7005,1,0
A,D,A,4915,100,4915,1,0
A,E,A,1430,100,1430,1,0
A,F,A,5180,100,5180,1,0
A,G,A,7162,100,7162,1,0
A,H,A,5175,100,5175,1,0
A,B,B,4978,100,4978,1,0
B,C,B,4994,100,4994,1,0
B,D,B,6973,100,6973,1,0
B,E,B,5150,100,5150,1,0
B,F,B,1420,100,1420,1,0
B,G,B,5200,100,5200,1,0
B,H,B,7181,100,7181,1,0
A,C,C,6990,100,6990,1,0
B,C,C,4954,100,4954,1,0
C,D,C,4955,100,4955,1,0
C,E,C,7208,100,7208,1,0
C,F,C,5136,100,5136,1,0
C,G,C,1384,100,1384,1,0
C,H,C,5124,100,5124,1,0
A,D,D,4930,100,4930,1,0
B,D,D,7023,100,7023,1,0
C,D,D,4908,100,4908,1,0
D,E,D,5114,100,5114,1,0
D,F,D,7173,100,7173,1,0
D,G,D,5122,100,5122,1,0
D,H,D,1376,100,1376,1,0
A,E,E,1403,100,1403,1,0
B,E,E,5117,100,5117,1,0
C,E,E,7172,100,7172,1,0
D,E,E,5139,100,5139,1,0
E,F,E,4970,100,4970,1,0
E,G,E,7050,100,7050,1,0
E,H,E,4987,100,4987,1,0
A,F,F,5182,100,5182,1,0
B,F,F,1451,100,1451,1,0
C,F,F,5176,100,5176,1,0
D,F,F,7116,100,7116,1,0
E,F,F,4966,100,4966,1,0
F,G,F,4959,100,4959,1,0
F,H,F,6980,100,6980,1,0
A,G,G,7186,100,7186,1,0
B,G,G,5156,100,5156,1,0
C,G,G,1397,100,1397,1,0
D,G,G,5157,100,5157,1,0
E,G,G,7043,100,7043,1,0
F,G,G,4966,100,4966,1,0
G,H,G,4968,100,4968,1,0
A,H,H,5119,100,5119,1,0
B,H,H,7126,100,7126,1,0
C,H,H,5136,100,5136,1,0
D,H,H,1465,100,1465,1,0
E,H,H,4974,100,4974,1,0
F,H,H,7013,100,7013,1,0
G,H,H,4973,100,4973,1,0
A,B,A,4930,100,4930,1,0
A,C,A,6976,100,6976,1,0
A,D,A,4919,100,4919,1,0
A,E,A,1377,100,1377,1,0
A,F,A,5192,100,5192,1,0
A,G,A,7176,100,7176,1,0
A,H,A,5194,100,5194,1,0
A,B,B,4943,100,4943,1,0
B,C,B,4971,100,4971,1,0
B,D,B,7047,100,7047,1,0
B,E,B,5123,100,5123,1,0
B,F,B,1383,100,1383,1,0
B,G,B,5199,100,5199,1,0
B,H,B,7144,100,7144,1,0
A,C,C,7000,100,7000,1,0
B,C,C,4957,100,4957,1,0
C,D,C,4954,100,4954,1,0
C,E,C,7152,100,7152,1,0
C,F,C,5130,100,5130,1,0
C,G,C,1422,100,1422,1,0
C,H,C,5142,100,5142,1,0
A,D,D,4947,100,4947,1,0
B,D,D,7012,100,7012,1,0
C,D,D,4930,100,4930,1,0
D,E,D,5194,100,5194,1,0
D,F,D,7123,100,7123,1,0
D,G,D,5148,100,5148,1,0
D,H,D,1417,100,1417,1,0
A,E,E,1396,100,1396,1,0
B,E,E,5080,100,5080,1,0
C,E,E,7162,100,7162,1,0
D,E,E,5132,100,5132,1,0
E,F,E,4967,100,4967,1,0
E,G,E,7045,100,7045,1,0
E,H,E,4945,100,4945,1,0
A,F,F,5172,100,5172,1,0
B,F,F,1363,100,1363,1,0
C,F,F,5129,100,5129,1,0
D,F,F,7129,100,7129,1,0
E,F,F,4974,100,4974,1,0
F,G,F,4946,100,4946,1,0
F,H,F,6985,100,6985,1,0
A,G,G,7191,100,7191,1,0
B,G,G,5190,100,5190,1,0
C,G,G,1420,100,1420,1,0
D,G,G,5158,100,5158,1,0
E,G,G,7069,100,7069,1,0
F,G,G,4973,100,4973,1,0
G,H,G,4912,100,4912,1,0
A,H,H,5122,100,5122,1,0
B,H,H,7153,100,7153,1,0
C,H,H,5181,100,5181,1,0
D,H,H,1402,100,1402,1,0
E,H,H,4961,100,4961,1,0
F,H,H,6994,100,6994,1,0
G,H,H,4964,100,4964,1,0
A,B,A,4969,100,4969,1,0
A,C,A,7066,100,7066,1,0
A,D,A,4949,100,4949,1,0
A,E,A,1379,100,1379,1,0
A,F,A,5229,100,5229,1,0
A,G,A,7190,100,7190,1,0
A,H,A,5181,100,5181,1,0
A,B,B,4923,100,4923,1,0
B,C,B,4961,100,4961,1,0
B,D,B,6981,100,6981,1,0
B,E,B,5165,100,5165,1,0
B,F,B,1392,100,1392,1,0
B,G,B,5183,100,5183,1,0
B,H,B,7161,100,7161,1,0
A,C,C,7001,100,7001,1,0
B,C,C,4953,100,4953,1,0
C,D,C,4957,100,4957,1,0
C,E,C,7200,100,7200,1,0
C,F,C,5110,100,5110,1,0
C,G,C,1366,100,1366,1,0
C,H,C,5142,100,5142,1,0
A,D,D,4944,100,4944,1,0
B,D,D,7029,100,7029,1,0
C,D,D,4931,100,4931,1,0
D,E,D,5163,100,5163,1,0
D,F,D,7129,100,7129,1,0
D,G,D,5141,100,5141,1,0
D,H,D,1401,100,1401,1,0
A,E,E,1431,100,1431,1,0
B,E,E,5182,100,5182,1,0
C,E,E,7216,100,7216,1,0
D,E,E,5212,100,5212,1,0
E,F,E,4958,100,4958,1,0
E,G,E,7052,100,7052,1,0
E,H,E,4956,100,4956,1,0
A,F,F,5203,100,5203,1,0
B,F,F,1414,100,1414,1,0
C,F,F,5123,100,5123,1,0
D,F,F,7141,100,7141,1,0
E,F,F,4973,100,4973,1,0
F,G,F,4961,100,4961,1,0
F,H,F,7024,100,7024,1,0
A,G,G,7177,100,7177,1,0
B,G,G,5173,100,5173,1,0
C,G,G,1401,100,1401,1,0
D,G,G,5124,100,5124,1,0
E,G,G,7040,100,7040,1,0
F,G,G,4954,100,4954,1,0
G,H,G,4959,100,4959,1,0
A,H,H,5126,100,5126,1,0
B,H,H,7092,100,7092,1,0
C,H,H,5150,100,5150,1,0
D,H,H,1396,100,1396,1,0
E,H,H,4975,100,4975,1,0
F,H,H,7005,100,7005,1,0
G,H,H,4954,100,4954,1,0
A,B,A,4950,100,4950,1,0
A,C,A,7025,100,7025,1,0
A,D,A,4945,100,4945,1,0
A,E,A,1405,100,1405,1,0
A,F,A,5202,100,5202,1,0
A,G,A,7182,100,7182,1,0
A,H,A,5148,100,5148,1,0
A,B,B,5014,100,5014,1,0
B,C,B,5001,100,5001,1,0
B,D,B,7046,100,7046,1,0
B,E,B,5159,100,5159,1,0
B,F,B,1348,100,1348,1,0
B,G,B,5189,100,5189,1,0
B,H,B,7132,100,7132,1,0
A,C,C,7006,100,7006,1,0
B,C,C,4965,100,4965,1,0
C,D,C,4910,100,4910,1,0
C,E,C,7211,100,7211,1,0
C,F,C,5141,100,5141,1,0
C,G,C,1365,100,1365,1,0
C,H,C,5191,100,5191,1,0
A,D,D,4985,100,4985,1,0
B,D,D,7016,100,7016,1,0
C,D,D,4959,100,4959,1,0
D,E,D,5116,100,5116,1,0
D,F,D,7135,100,7135,1,0
D,G,D,5153,100,5153,1,0
D,H,D,1412,100,1412,1,0
A,E,E,1374,100,1374,1,0
B,E,E,5145,100,5145,1,0
C,E,E,7160,100,7160,1,0
D,E,E,5141,100,5141,1,0
E,F,E,4969,100,4969,1,0
E,G,E,7045,100,7045,1,0
E,H,E,4974,100,4974,1,0
A,F,F,5155,100,5155,1,0
B,F,F,1391,100,1391,1,0
C,F,F,5156,100,5156,1,0
D,F,F,7128,100,7128,1,0
E,F,F,5007,100,5007,1,0
F,G,F,4968,100,4968,1,0
F,H,F,6988,100,6988,1,0
A,G,G,7162,100,7162,1,0
B,G,G,5175,100,5175,1,0
C,G,G,1398,100,1398,1,0
D,G,G,5124,100,5124,1,0
E,G,G,7069,100,7069,1,0
F,G,G,4963,100,4963,1,0
G,H,G,4989,100,4989,1,0
A,H,H,5174,100,5174,1,0
B,H,H,7120,100,7120,1,0
C,H,H,5158,100,5158,1,0
D,H,H,1388,100,1388,1,0
E,H,H,4960,100,4960,1,0
F,H,H,7049,100,7049,1,0
G,H,H,4942,100,4942,1,0
A,B,A,4957,100,4957,1,0
A,C,A,7042,100,7042,1,0
A,D,A,4914,100,4914,1,0
A,E,A,1451,100,1451,1,0
A,F,A,5172,100,5172,1,0
A,G,A,7177,100,7177,1,0
A,H,A,5176,100,5176,1,0
A,B,B,4930,100,4930,1,0
B,C,B,4968,100,4968,1,0
B,D,B,7057,100,7057,1,0
B,E,B,5166,100,5166,1,0
B,F,B,1391,100,1391,1,0
B,G,B,5239,100,5239,1,0
B,H,B,7153,100,7153,1,0
A,C,C,6972,100,6972,1,0
B,C,C,4982,100,4982,1,0
C,D,C,4952,100,4952,1,0
C,E,C,7154,100,7154,1,0
C,F,C,5163,100,5163,1,0
C,G,C,1422,100,1422,1,0
C,H,C,5161,100,5161,1,0
A,D,D,4925,100,4925,1,0
B,D,D,6980,100,6980,1,0
C,D,D,4930,100,4930,1,0
D,E,D,5200,100,5200,1,0
D,F,D,7134,100,7134,1,0
D,G,D,5153,100,5153,1,0
D,H,D,1385,100,1385,1,0
A,E,E,1446,100,1446,1,0
B,E,E,5136,100,5136,1,0
C,E,E,7197,100,7197,1,0
D,E,E,5097,100,5097,1,0
E,F,E,4952,100,4952,1,0
E,G,E,7043,100,7043,1,0
E,H,E,4975,100,4975,1,0
A,F,F,5198,100,5198,1,0
B,F,F,1401,100,1401,1,0
C,F,F,5159,100,5159,1,0
D,F,F,7118,100,7118,1,0
E,F,F,4971,100,4971,1,0
F,G,F,4961,100,4961,1,0
F,H,F,6997,100,6997,1,0
A,G,G,7150,100,7150,1,0
B,G,G,5174,100,5174,1,0
C,G,G,1385,100,1385,1,0
D,G,G,5130,100,5130,1,0
E,G,G,7033,100,7033,1,0
F,G,G,4987,100,4987,1,0
G,H,G,4953,100,4953,1,0
A,H,H,5173,100,5173,1,0
B,H,H,7072,100,7072,1,0
C,H,H,5135,100,5135,1,0
D,H,H,1372,100,1372,1,0
E,H,H,4981,100,4981,1,0
F,H,H,7013,100,7013,1,0
G,H,H,4995,100,4995,1,0
A,B,A,4959,100,4959,1,0
A,C,A,7007,100,7007,1,0
A,D,A,4949,100,4949,1,0
A,E,A,1399,100,1399,1,0
A,F,A,5182,100,5182,1,0
A,G,A,7180,100,7180,1,0
A,H,A,5148,100,5148,1,0
A,B,B,4937,100,4937,1,0
B,C,B,4993,100,4993,1,0
B,D,B,7028,100,7028,1,0
B,E,B,5122,100,5122,1,0
B,F,B,1383,100,1383,1,0
B,G,B,5171,100,5171,1,0
B,H,B,7157,100,7157,1,0
A,C,C,7049,100,7049,1,0
B,C,C,4989,100,4989,1,0
C,D,C,4934,100,4934,1,0
C,E,C,7163,100,7163,1,0
C,F,C,5160,100,5160,1,0
C,G,C,1382,100,1382,1,0
C,H,C,5173,100,5173,1,0
A,D,D,4974,100,4974,1,0
B,D,D,7025,100,7025,1,0
C,D,D,4947,100,4947,1,0
D,E,D,5180,100,5180,1,0
D,F,D,7156,100,7156,1,0
D,G,D,5153,100,5153,1,0
D,H,D,1379,100,1379,1,0
A,E,E,1388,100,1388,1,0
B,E,E,5160,100,5160,1,0
C,E,E,7209,100,7209,1,0
D,E,E,5177,100,5177,1,0
E,F,E,4991,100,4991,1,0
E,G,E,7049,100,7049,1,0
E,H,E,4974,100,4974,1,0
A,F,F,5185,100,5185,1,0
B,F,F,1384,100,1384,1,0
C,F,F,5183,100,5183,1,0
D,F,F,7150,100,7150,1,0
E,F,F,5009,100,5009,1,0
F,G,F,4970,100,4970,1,0
F,H,F,7017,100,7017,1,0
A,G,G,7185,100,7185,1,0
B,G,G,5096,100,5096,1,0
C,G,G,1347,100,1347,1,0
D,G,G,5153,100,5153,1,0
E,G,G,7041,100,7041,1,0
F,G,G,4985,100,4985,1,0
G,H,G,4925,100,4925,1,0
A,H,H,5161,100,5161,1,0
B,H,H,7138,100,7138,1,0
C,H,H,5146,100,5146,1,0
D,H,H,1408,100,1408,1,0
E,H,H,4965,100,4965,1,0
F,H,H,7008,100,7008,1,0
G,H,H,4982,100,4982,1,0
A,B,A,4940,100,4940,1,0
A,C,A,6985,100,6985,1,0
A,D,A,4935,100,4935,1,0
A,E,A,1417,100,1417,1,0
A,F,A,5157,100,5157,1,0
A,G,A,7172,100,7172,1,0
A,H,A,5194,100,5194,1,0
A,B,B,4923,100,4923,1,0
B,C,B,4998,100,4998,1,0
B,D,B,7001,100,7001,1,0
B,E,B,5125,100,5125,1,0
B,F,B,1401,100,1401,1,0
B,G,B,5174,100,5174,1,0
B,H,B,7147,100,7147,1,0
A,C,C,7062,100,7062,1,0
B,C,C,4977,100,4977,1,0
C,D,C,4954,100,4954,1,0
C,E,C,7179,100,7179,1,0
C,F,C,5144,100,5144,1,0
C,G,C,1424,100,1424,1,0
C,H,C,5175,100,5175,1,0
A,D,D,4947,100,4947,1,0
B,D,D,7001,100,7001,1,0
C,D,D,4946,100,4946,1,0
D,E,D,5182,100,5182,1,0
D,F,D,7097,100,7097,1,0
D,G,D,5152,100,5152,1,0
D,H,D,1401,100,1401,1,0
A,E,E,1367,100,1367,1,0
B,E,E,5104,100,5104,1,0
C,E,E,7183,100,7183,1,0
D,E,E,5128,100,5128,1,0
E,F,E,4964,100,4964,1,0
E,G,E,7082,100,7082,1,0
E,H,E,4981,100,4981,1,0
A,F,F,5189,100,5189,1,0
B,F,F,1374,100,1374,1,0
C,F,F,5142,100,5142,1,0
D,F,F,7103,100,7103,1,0
E,F,F,4974,100,4974,1,0
F,G,F,4985,100,4985,1,0
F,H,F,6966,100,6966,1,0
A,G,G,7136,100,7136,1,0
B,G,G,5194,100,5194,1,0
C,G,G,1400,100,1400,1,0
D,G,G,5128,100,5128,1,0
E,G,G,7012,100,7012,1,0
F,G,G,4985,100,4985,1,0
G,H,G,4976,100,4976,1,0
A,H,H,5178,100,5178,1,0
B,H,H,7148,100,7148,1,0
C,H,H,5145,100,5145,1,0
D,H,H,1456,100,1456,1,0
E,H,H,4954,100,4954,1,0
F,H,H,6967,100,6967,1,0
G,H,H,4946,100,4946,1,0
A,B,A,4970,100,4970,1,0
A,C,A,7002,100,7002,1,0
A,D,A,4933,100,4933,1,0
A,E,A,1446,100,1446,1,0
A,F,A,5164,100,5164,1,0
A,G,A,7183,100,7183,1,0
A,H,A,5186,100,5186,1,0
A,B,B,4972,100,4972,1,0
B,C,B,4988,100,4988,1,0
B,D,B,7028,100,7028,1,0
B,E,B,5153,100,5153,1,0
B,F,B,1438,100,1438,1,0
B,G,B,5183,100,5183,1,0
B,H,B,7224,100,7224,1,0
A,C,C,7109,100,7109,1,0
B,C,C,5013,100,5013,1,0
C,D,C,4975,100,4975,1,0
C,E,C,7194,100,7194,1,0
C,F,C,5150,100,5150,1,0
C,G,C,1424,100,1424,1,0
C,H,C,5165,100,5165,1,0
A,D,D,4975,100,4975,1,0
B,D,D,7010,100,7010,1,0
C,D,D,4946,100,4946,1,0
D,E,D,5154,100,5154,1,0
D,F,D,7173,100,7173,1,0
D,G,D,5162,100,5162,1,0
D,H,D,1407,100,1407,1,0
A,E,E,1406,100,1406,1,0
B,E,E,5138,100,5138,1,0
C,E,E,7171,100,7171,1,0
D,E,E,5167,100,5167,1,0
E,F,E,4962,100,4962,1,0
E,G,E,7058,100,7058,1,0
E,H,E,5010,100,5010,1,0
A,F,F,5179,100,5179,1,0
B,F,F,1398,100,1398,1,0
C,F,F,5147,100,5147,1,0
D,F,F,7140,100,7140,1,0
E,F,F,4965,100,4965,1,0
F,G,F,4994,100,4994,1,0
F,H,F,6986,100,6986,1,0
A,G,G,7169,100,7169,1,0
B,G,G,5159,100,5159,1,0
C,G,G,1347,100,1347,1,0
D,G,G,5139,100,5139,1,0
E,G,G,7096,100,7096,1,0
F,G,G,4994,100,4994,1,0
G,H,G,4964,100,4964,1,0
A,H,H,5103,100,5103,1,0
B,H,H,7099,100,7099,1,0
C,H,H,5152,100,5152,1,0
D,H,H,1386,100,1386,1,0
E,H,H,4965,100,4965,1,0
F,H,H,7026,100,7026,1,0
G,H,H,4946,100,4946,1,0
A,B,A,4967,100,4967,1,0
A,C,A,6993,100,6993,1,0
A,D,A,4971,100,4971,1,0
A,E,A,1349,100,1349,1,0
A,F,A,5180,100,5180,1,0
A,G,A,7165,100,7165,1,0
A,H,A,5168,100,5168,1,0
A,B,B,4923,100,4923,1,0
B,C,B,5003,100,5003,1,0
B,D,B,7014,100,7014,1,0
B,E,B,5139,100,5139,1,0
B,F,B,1401,100,1401,1,0
B,G,B,5181,100,5181,1,0
B,H,B,7159,100,7159,1,0
A,C,C,7053,100,7053,1,0
B,C,C,4954,100,4954,1,0
C,D,C,4986,100,4986,1,0
C,E,C,7177,100,7177,1,0
C,F,C,5155,100,5155,1,0
C,G,C,1400,100,1400,1,0
C,H,C,5209,100,5209,1,0
A,D,D,4947,100,4947,1,0
B,D,D,7007,100,7007,1,0
C,D,D,4916,100,4916,1,0
D,E,D,5186,100,5186,1,0
D,F,D,7152,100,7152,1,0
D,G,D,5142,100,5142,1,0
D,H,D,1394,100,1394,1,0
A,E,E,1374,100,1374,1,0
B,E,E,5137,100,5137,1,0
C,E,E,7134,100,7134,1,0
D,E,E,5199,100,5199,1,0
E,F,E,4961,100,4961,1,0
E,G,E,7040,100,7040,1,0
E,H,E,4993,100,4993,1,0
A,F,F,5189,100,5189,1,0
B,F,F,1405,100,1405,1,0
C,F,F,5161,100,5161,1,0
D,F,F,7118,100,7118,1,0
E,F,F,4962,100,4962,1,0
F,G,F,4963,100,4963,1,0
F,H,F,6992,100,6992,1,0
A,G,G,7143,100,7143,1,0
B,G,G,5174,100,5174,1,0
C,G,G,1427,100,1427,1,0
D,G,G,5126,100,5126,1,0
E,G,G,7037,100,7037,1,0
F,G,G,5027,100,5027,1,0
G,H,G,4984,100,4984,1,0
A,H,H,5161,100,5161,1,0
B,H,H,7123,100,7123,1,0
C,H,H,5157,100,5157,1,0
D,H,H,1388,100,1388,1,0
E,H,H,4963,100,4963,1,0
F,H,H,6977,100,6977,1,0
G,H,H,4937,100,4937,1,0
A,B,A,4936,100,4936,1,0
A,C,A,7039,100,7039,1,0
A,D,A,4926,100,4926,1,0
A,E,A,1417,100,1417,1,0
A,F,A,5192,100,5192,1,0
A,G,A,7090,100,7090,1,0
A,H,A,5153,100,5153,1,0
A,B,B,4942,100,4942,1,0
B,C,B,5006,100,5006,1,0
B,D,B,6995,100,6995,1,0
B,E,B,5130,100,5130,1,0
B,F,B,1392,100,1392,1,0
B,G,B,5207,100,5207,1,0
B,H,B,7110,100,7110,1,0
A,C,C,7007,100,7007,1,0
B,C,C,4990,100,4990,1,0
C,D,C,4981,100,4981,1,0
C,E,C,7166,100,7166,1,0
C,F,C,5125,100,5125,1,0
C,G,C,1371,100,1371,1,0
C,H,C,5140,100,5140,1,0
A,D,D,4887,100,4887,1,0
B,D,D,6989,100,6989,1,0
C,D,D,4954,100,4954,1,0
D,E,D,5119,100,5119,1,0
D,F,D,7153,100,7153,1,0
D,G,D,5148,100,5148,1,0
D,H,D,1373,100,1373,1,0
A,E,E,1445,100,1445,1,0
B,E,E,5129,100,5129,1,0
C,E,E,7195,100,7195,1,0
D,E,E,5130,100,5130,1,0
E,F,E,4964,100,4964,1,0
E,G,E,7056,100,7056,1,0
E,H,E,4982,100,4982,1,0
A,F,F,5171,100,5171,1,0
B,F,F,1407,100,1407,1,0
C,F,F,5155,100,5155,1,0
D,F,F,7113,100,7113,1,0
E,F,F,4999,100,4999,1,0
F,G,F,4972,100,4972,1,0
F,H,F,7036,100,7036,1,0
A,G,G,7189,100,7189,1,0
B,G,G,5199,100,5199,1,0
C,G,G,1427,100,1427,1,0
D,G,G,5111,100,5111,1,0
E,G,G,7046,100,7046,1,0
F,G,G,4961,100,4961,1,0
G,H,G,4933,100,4933,1,0
A,H,H,5130,100,5130,1,0
B,H,H,7163,100,7163,1,0
C,H,H,5176,100,5176,1,0
D,H,H,1402,100,1402,1,0
E,H,H,4955,100,4955,1,0
F,H,H,7012,100,7012,1,0
G,H,H,4990,100,4990,1,0
A,B,A,4971,100,4971,1,0
A,C,A,6967,100,6967,1,0
A,D,A,4941,100,4941,1,0
A,E,A,1387,100,1387,1,0
A,F,A,5146,100,5146,1,0
A,G,A,7172,100,7172,1,0
A,H,A,5155,100,5155,1,0
A,B,B,4952,100,4952,1,0
B,C,B,4977,100,4977,1,0
B,D,B,6989,100,6989,1,0
B,E,B,5165,100,5165,1,0
B,F,B,1427,100,1427,1,0
B,G,B,5191,100,5191,1,0
B,H,B,7202,100,7202,1,0
A,C,C,7029,100,7029,1,0
B,C,C,4979,100,4979,1,0
C,D,C,4959,100,4959,1,0
C,E,C,7195,100,7195,1,0
C,F,C,5138,100,5138,1,0
C,G,C,1427,100,1427,1,0
C,H,C,5140,100,5140,1,0
A,D,D,4954,100,4954,1,0
B,D,D,7029,100,7029,1,0
C,D,D,4961,100,4961,1,0
D,E,D,5194,100,5194,1,0
D,F,D,7117,100,7117,1,0
D,G,D,5122,100,5122,1,0
D,H,D,1417,100,1417,1,0
A,E,E,1408,100,1408,1,0
B,E,E,5142,100,5142,1,0
C,E,E,7137,100,7137,1,0
D,E,E,5165,100,5165,1,0
E,F,E,4985,100,4985,1,0
E,G,E,7075,100,7075,1,0
E,H,E,4999,100,4999,1,0
A,F,F,5153,100,5153,1,0
B,F,F,1436,100,1436,1,0
C,F,F,5155,100,5155,1,0
D,F,F,7109,100,7109,1,0
E,F,F,4972,100,4972,1,0
F,G,F,4962,100,4962,1,0
F,H,F,7030,100,7030,1,0
A,G,G,7165,100,7165,1,0
B,G,G,5203,100,5203,1,0
C,G,G,1390,100,1390,1,0
D,G,G,5135,100,5135,1,0
E,G,G,7041,100,7041,1,0
F,G,G,4971,100,4971,1,0
G,H,G,4934,100,4934,1,0
A,H,H,5127,100,5127,1,0
B,H,H,7164,100,7164,1,0
C,H,H,5164,100,5164,1,0
D,H,H,1382,100,1382,1,0
E,H,H,4991,100,4991,1,0
F,H,H,7012,100,7012,1,0
G,H,H,4982,100,4982,1,0
A,B,A,4976,100,4976,1,0
A,C,A,7072,100,7072,1,0
A,D,A,4930,100,4930,1,0
A,E,A,1408,100,1408,1,0
A,F,A,5167,100,5167,1,0
A,G,A,7155,100,7155,1,0
A,H,A,5179,100,5179,1,0
A,B,B,4936,100,4936,1,0
B,C,B,4992,100,4992,1,0
B,D,B,7028,100,7028,1,0
B,E,B,5167,100,5167,1,0
B,F,B,1387,100,1387,1,0
B,G,B,5176,100,5176,1,0
B,H,B,7132,100,7132,1,0
A,C,C,6997,100,6997,1,0
B,C,C,4960,100,4960,1,0
C,D,C,4944,100,4944,1,0
C,E,C,7142,100,7142,1,0
C,F,C,5147,100,5147,1,0
C,G,C,1372,100,1372,1,0
C,H,C,5156,100,5156,1,0
A,D,D,4935,100,4935,1,0
B,D,D,6981,100,6981,1,0
C,D,D,4961,100,4961,1,0
D,E,D,5207,100,5207,1,0
D,F,D,7138,100,7138,1,0
D,G,D,5151,100,5151,1,0
D,H,D,1390,100,1390,1,0
A,E,E,1435,100,1435,1,0
B,E,E,5112,100,5112,1,0
C,E,E,7150,100,7150,1,0
D,E,E,5146,100,5146,1,0
E,F,E,4949,100,4949,1,0
E,G,E,7048,100,7048,1,0
E,H,E,4960,100,4960,1,0
A,F,F,5212,100,5212,1,0
B,F,F,1360,100,1360,1,0
C,F,F,5151,100,5151,1,0
D,F,F,7144,100,7144,1,0
E,F,F,4944,100,4944,1,0
F,G,F,4989,100,4989,1,0
F,H,F,6956,100,6956,1,0
A,G,G,7144,100,7144,1,0
B,G,G,5174,100,5174,1,0
C,G,G,1375,100,1375,1,0
D,G,G,5178,100,5178,1,0
E,G,G,7058,100,7058,1,0
F,G,G,4958,100,4958,1,0
G,H,G,4939,100,4939,1,0
A,H,H,5127,100,5127,1,0
B,H,H,7175,100,7175,1,0
C,H,H,5146,100,5146,1,0
D,H,H,1408,100,1408,1,0
E,H,H,4968,100,4968,1,0
F,H,H,6989,100,6989,1,0
G,H,H,4934,100,4934,1,0
A,B,A,4991,100,4991,1,0
A,C,A,7003,100,7003,1,0
A,D,A,4962,100,4962,1,0
A,E,A,1386,100,1386,1,0
A,F,A,5197,100,5197,1,0
A,G,A,7197,100,7197,1,0
A,H,A,5147,100,5147,1,0
A,B,B,4924,100,4924,1,0
B,C,B,5008,100,5008,1,0
B,D,B,6967,100,6967,1,0
B,E,B,5138,100,5138,1,0
B,F,B,1414,100,1414,1,0
B,G,B,5172,100,5172,1,0
B,H,B,7103,100,7103,1,0
A,C,C,7041,100,7041,1,0
B,C,C,5002,100,5002,1,0
C,D,C,4924,100,4924,1,0
C,E,C,7196,100,7196,1,0
C,F,C,5125,100,5125,1,0
C,G,C,1373,100,1373,1,0
C,H,C,5174,100,5174,1,0
A,D,D,4951,100,4951,1,0
B,D,D,6993,100,6993,1,0
C,D,D,4958,100,4958,1,0
D,E,D,5106,100,5106,1,0
D,F,D,7136,100,7136,1,0
D,G,D,5110,100,5110,1,0
D,H,D,1420,100,1420,1,0
A,E,E,1356,100,1356,1,0
B,E,E,5123,100,5123,1,0
C,E,E,7128,100,7128,1,0
D,E,E,5199,100,5199,1,0
E,F,E,4974,100,4974,1,0
E,G,E,7059,100,7059,1,0
E,H,E,5004,100,5004,1,0
A,F,F,5169,100,5169,1,0
B,F,F,1409,100,1409,1,0
C,F,F,5140,100,5140,1,0
D,F,F,7131,100,7131,1,0
E,F,F,4974,100,4974,1,0
F,G,F,4992,100,4992,1,0
F,H,F,7027,100,7027,1,0
A,G,G,7149,100,7149,1,0
B,G,G,5138,100,5138,1,0
C,G,G,1379,100,1379,1,0
D,G,G,5111,100,5111,1,0
E,G,G,7070,100,7070,1,0
F,G,G,4973,100,4973,1,0
G,H,G,4950,100,4950,1,0
A,H,H,5184,100,5184,1,0
B,H,H,7163,100,7163,1,0
C,H,H,5183,100,5183,1,0
D,H,H,1440,100,1440,1,0
E,H,H,5005,100,5005,1,0
F,H,H,7011,100,7011,1,0
G,H,H,4917,100,4917,1,0
A,B,A,4958,100,4958,1,0
A,C,A,7050,100,7050,1,0
A,D,A,4926,100,4926,1,0
A,E,A,1400,100,1400,1,0
A,F,A,5178,100,5178,1,0
A,G,A,7187,100,7187,1,0
A,H,A,5163,100,5163,1,0
A,B,B,4921,100,4921,1,0
B,C,B,4999,100,4999,1,0
B,D,B,7007,100,7007,1,0
B,E,B,5131,100,5131,1,0
B,F,B,1413,100,1413,1,0
B,G,B,5162,100,5162,1,0
B,H,B,7122,100,7122,1,0
A,C,C,7026,100,7026,1,0
B,C,C,4963,100,4963,1,0
C,D,C,4983,100,4983,1,0
C,E,C,7196,100,7196,1,0
C,F,C,5156,100,5156,1,0
C,G,C,1391,100,1391,1,0
C,H,C,5152,100,5152,1,0
A,D,D,4933,100,4933,1,0
B,D,D,7021,100,7021,1,0
C,D,D,4954,100,4954,1,0
D,E,D,5184,100,5184,1,0
D,F,D,7148,100,7148,1,0
D,G,D,5131,100,5131,1,0
D,H,D,1453,100,1453,1,0
A,E,E,1391,100,1391,1,0
B,E,E,5146,100,5146,1,0
C,E,E,7138,100,7138,1,0
D,E,E,5236,100,5236,1,0
E,F,E,4969,100,4969,1,0
E,G,E,7070,100,7070,1,0
E,H,E,5016,100,5016,1,0
A,F,F,5202,100,5202,1,0
B,F,F,1378,100,1378,1,0
C,F,F,5156,100,5156,1,0
D,F,F,7139,100,7139,1,0
E,F,F,4927,100,4927,1,0
F,G,F,4966,100,4966,1,0
F,H,F,6997,100,6997,1,0
A,G,G,7157,100,7157,1,0
B,G,G,5201,100,5201,1,0
C,G,G,1397,100,1397,1,0
D,G,G,5142,100,5142,1,0
E,G,G,7032,100,7032,1,0
F,G,G,4976,100,4976,1,0
G,H,G,4944,100,4944,1,0
A,H,H,5210,100,5210,1,0
B,H,H,7154,100,7154,1,0
C,H,H,5177,100,5177,1,0
D,H,H,1390,100,1390,1,0
E,H,H,4980,100,4980,1,0
F,H,H,7000,100,7000,1,0
G,H,H,4934,100,4934,1,0
A,B,A,4898,100,4898,1,0
A,C,A,6983,100,6983,1,0
A,D,A,4941,100,4941,1,0
A,E,A,1411,100,1411,1,0
A,F,A,5177,100,5177,1,0
A,G,A,7116,100,7116,1,0
A,H,A,5140,100,5140,1,0
A,B,B,4957,100,4957,1,0
B,C,B,4989,100,4989,1,0
B,D,B,6990,100,6990,1,0
B,E,B,5159,100,5159,1,0
B,F,B,1402,100,1402,1,0
B,G,B,5181,100,5181,1,0
B,H,B,7129,100,7129,1,0
A,C,C,6998,100,6998,1,0
B,C,C,4982,100,4982,1,0
C,D,C,4941,100,4941,1,0
C,E,C,7165,100,7165,1,0
C,F,C,5175,100,5175,1,0
C,G,C,1410,100,1410,1,0
C,H,C,5162,100,5162,1,0
A,D,D,4971,100,4971,1,0
B,D,D,6993,100,6993,1,0
C,D,D,4949,100,4949,1,0
D,E,D,5227,100,5227,1,0
D,F,D,7118,100,7118,1,0
D,G,D,5110,100,5110,1,0
D,H,D,1464,100,1464,1,0
A,E,E,1440,100,1440,1,0
B,E,E,5147,100,5147,1,0
C,E,E,7136,100,7136,1,0
D,E,E,5151,100,5151,1,0
E,F,E,5004,100,5004,1,0
E,G,E,7107,100,7107,1,0
E,H,E,4996,100,4996,1,0
A,F,F,5176,100,5176,1,0
B,F,F,1373,100,1373,1,0
C,F,F,5164,100,5164,1,0
D,F,F,7124,100,7124,1,0
E,F,F,4975,100,4975,1,0
F,G,F,4937,100,4937,1,0
F,H,F,6986,100,6986,1,0
A,G,G,7197,100,7197,1,0
B,G,G,5156,100,5156,1,0
C,G,G,1391,100,1391,1,0
D,G,G,5130,100,5130,1,0
E,G,G,7028,100,7028,1,0
F,G,G,4955,100,4955,1,0
G,H,G,4937,100,4937,1,0
A,H,H,5115,100,5115,1,0
B,H,H,7134,100,7134,1,0
C,H,H,5189,100,5189,1,0
D,H,H,1405,100,1405,1,0
E,H,H,4978,100,4978,1,0
F,H,H,7067,100,7067,1,0
G,H,H,4975,100,4975,1,0
A,B,A,4927,100,4927,1,0
A,C,A,7017,100,7017,1,0
A,D,A,4953,100,4953,1,0
A,E,A,1423,100,1423,1,0
A,F,A,5191,100,5191,1,0
A,G,A,7169,100,7169,1,0
A,H,A,5164,100,5164,1,0
A,B,B,4969,100,4969,1,0
B,C,B,4944,100,4944,1,0
B,D,B,7025,100,7025,1,0
B,E,B,5149,100,5149,1,0
B,F,B,1421,100,1421,1,0
B,G,B,5171,100,5171,1,0
B,H,B,7083,100,7083,1,0
A,C,C,7005,100,7005,1,0
B,C,C,4986,100,4986,1,0
C,D,C,4948,100,4948,1,0
C,E,C,7174,100,7174,1,0
C,F,C,5138,100,5138,1,0
C,G,C,1418,100,1418,1,0
C,H,C,5122,100,5122,1,0
A,D,D,4947,100,4947,1,0
B,D,D,6961,100,6961,1,0
C,D,D,4946,100,4946,1,0
D,E,D,5197,100,5197,1,0
D,F,D,7164,100,7164,1,0
D,G,D,5207,100,5207,1,0
D,H,D,1407,100,1407,1,0
A,E,E,1390,100,1390,1,0
B,E,E,5177,100,5177,1,0
C,E,E,7184,100,7184,1,0
D,E,E,5186,100,5186,1,0
E,F,E,4964,100,4964,1,0
E,G,E,7079,100,7079,1,0
E,H,E,4966,100,4966,1,0
A,F,F,5172,100,5172,1,0
B,F,F,1398,100,1398,1,0
C,F,F,5134,100,5134,1,0
D,F,F,7125,100,7125,1,0
E,F,F,4989,100,4989,1,0
F,G,F,4965,100,4965,1,0
F,H,F,7000,100,7000,1,0
A,G,G,7199,100,7199,1,0
B,G,G,5184,100,5184,1,0
C,G,G,1361,100,1361,1,0
D,G,G,5130,100,5130,1,0
E,G,G,7080,100,7080,1,0
F,G,G,4968,100,4968,1,0
G,H,G,4922,100,4922,1,0
A,H,H,5143,100,5143,1,0
B,H,H,7151,100,7151,1,0
C,H,H,5159,100,5159,1,0
D,H,H,1389,100,1389,1,0
E,H,H,4955,100,4955,1,0
F,H,H,6978,100,6978,1,0
G,H,H,4945,100,4945,1,0
A,B,A,4962,100,4962,1,0
A,C,A,7006,100,7006,1,0
A,D,A,4949,100,4949,1,0
A,E,A,1477,100,1477,1,0
A,F,A,5180,100,5180,1,0
A,G,A,7167,100,7167,1,0
A,H,A,5158,100,5158,1,0
A,B,B,4954,100,4954,1,0
B,C,B,4969,100,4969,1,0
B,D,B,7023,100,7023,1,0
B,E,B,5163,100,5163,1,0
B,F,B,1384,100,1384,1,0
B,G,B,5213,100,5213,1,0
B,H,B,7142,100,7142,1,0
A,C,C,6991,100,6991,1,0
B,C,C,4960,100,4960,1,0
C,D,C,4949,100,4949,1,0
C,E,C,7188,100,7188,1,0
C,F,C,5149,100,5149,1,0
C,G,C,1438,100,1438,1,0
C,H,C,5128,100,5128,1,0
A,D,D,4952,100,4952,1,0
B,D,D,6993,100,6993,1,0
C,D,D,4939,100,4939,1,0
D,E,D,5144,100,5144,1,0
D,F,D,7113,100,7113,1,0
D,G,D,5108,100,5108,1,0
D,H,D,1390,100,1390,1,0
A,E,E,1442,100,1442,1,0
B,E,E,5179,100,5179,1,0
C,E,E,7200,100,7200,1,0
D,E,E,5179,100,5179,1,0
E,F,E,4944,100,4944,1,0
E,G,E,7041,100,7041,1,0
E,H,E,4979,100,4979,1,0
A,F,F,5167,100,5167,1,0
B,F,F,1374,100,1374,1,0
C,F,F,5153,100,5153,1,0
D,F,F,7173,100,7173,1,0
E,F,F,4968,100,4968,1,0
F,G,F,4952,100,4952,1,0
F,H,F,7013,100,7013,1,0
A,G,G,7153,100,7153,1,0
B,G,G,5203,100,5203,1,0
C,G,G,1420,100,1420,1,0
D,G,G,5112,100,5112,1,0
E,G,G,7076,100,7076,1,0
F,G,G,4959,100,4959,1,0
G,H,G,4897,100,4897,1,0
A,H,H,5102,100,5102,1,0
B,H,H,7144,100,7144,1,0
C,H,H,5154,100,5154,1,0
D,H,H,1416,100,1416,1,0
E,H,H,4949,100,4949,1,0
F,H,H,6966,100,6966,1,0
G,H,H,4935,100,4935,1,0
A,B,A,4931,100,4931,1,0
A,C,A,6991,100,6991,1,0
A,D,A,4937,100,4937,1,0
A,E,A,1367,100,1367,1,0
A,F,A,5182,100,5182,1,0
A,G,A,7183,100,7183,1,0
A,H,A,5152,100,5152,1,0
A,B,B,4929,100,4929,1,0
B,C,B,4945,100,4945,1,0
B,D,B,7039,100,7039,1,0
B,E,B,5186,100,5186,1,0
B,F,B,1401,100,1401,1,0
B,G,B,5179,100,5179,1,0
B,H,B,7197,100,7197,1,0
A,C,C,6991,100,6991,1,0
B,C,C,4968,100,4968,1,0
C,D,C,4942,100,4942,1,0
C,E,C,7203,100,7203,1,0
C,F,C,5186,100,5186,1,0
C,G,C,1404,100,1404,1,0
C,H,C,5144,100,5144,1,0
A,D,D,4964,100,4964,1,0
B,D,D,6965,100,6965,1,0
C,D,D,4936,100,4936,1,0
D,E,D,5136,100,5136,1,0
D,F,D,7107,100,7107,1,0
D,G,D,5154,100,5154,1,0
D,H,D,1418,100,1418,1,0
A,E,E,1470,100,1470,1,0
B,E,E,5117,100,5117,1,0
C,E,E,7236,100,7236,1,0
D,E,E,5151,100,5151,1,0
E,F,E,4959,100,4959,1,0
E,G,E,7059,100,7059,1,0
E,H,E,4996,100,4996,1,0
A,F,F,5164,100,5164,1,0
B,F,F,1432,100,1432,1,0
C,F,F,5165,100,5165,1,0
D,F,F,7144,100,7144,1,0
E,F,F,5008,100,5008,1,0
F,G,F,4992,100,4992,1,0
F,H,F,7006,100,7006,1,0
A,G,G,7189,100,7189,1,0
B,G,G,5180,100,5180,1,0
C,G,G,1334,100,1334,1,0
D,G,G,5132,100,5132,1,0
E,G,G,7015,100,7015,1,0
F,G,G,4993,100,4993,1,0
G,H,G,4955,100,4955,1,0
A,H,H,5146,100,5146,1,0
B,H,H,7162,100,7162,1,0
C,H,H,5124,100,5124,1,0
D,H,H,1382,100,1382,1,0
E,H,H,4947,100,4947,1,0
F,H,H,6986,100,6986,1,0
G,H,H,4962,100,4962,1,0
A,B,A,4938,100,4938,1,0
A,C,A,7015,100,7015,1,0
A,D,A,4950,100,4950,1,0
A,E,A,1413,100,1413,1,0
A,F,A,5176,100,5176,1,0
A,G,A,7138,100,7138,1,0
A,H,A,5136,100,5136,1,0
A,B,B,4957,100,4957,1,0
B,C,B,4981,100,4981,1,0
B,D,B,7008,100,7008,1,0
B,E,B,5141,100,5141,1,0
B,F,B,1406,100,1406,1,0
B,G,B,5181,100,5181,1,0
B,H,B,7144,100,7144,1,0
A,C,C,7037,100,7037,1,0
B,C,C,4979,100,4979,1,0
C,D,C,4931,100,4931,1,0
C,E,C,7211,100,7211,1,0
C,F,C,5153,100,5153,1,0
C,G,C,1372,100,1372,1,0
C,H,C,5154,100,5154,1,0
A,D,D,4934,100,4934,1,0
B,D,D,6954,100,6954,1,0
C,D,D,4955,100,4955,1,0
D,E,D,5244,100,5244,1,0
D,F,D,7125,100,7125,1,0
D,G,D,5129,100,5129,1,0
D,H,D,1459,100,1459,1,0
A,E,E,1368,100,1368,1,0
B,E,E,5127,100,5127,1,0
C,E,E,7216,100,7216,1,0
D,E,E,5160,100,5160,1,0
E,F,E,4975,100,4975,1,0
E,G,E,7069,100,7069,1,0
E,H,E,4969,100,4969,1,0
A,F,F,5164,100,5164,1,0
B,F,F,1387,100,1387,1,0
C,F,F,5134,100,5134,1,0
D,F,F,7135,100,7135,1,0
E,F,F,4967,100,4967,1,0
F,G,F,4986,100,4986,1,0
F,H,F,6983,100,6983,1,0
A,G,G,7188,100,7188,1,0
B,G,G,5183,100,5183,1,0
C,G,G,1447,100,1447,1,0
D,G,G,5100,100,5100,1,0
E,G,G,7034,100,7034,1,0
F,G,G,4966,100,4966,1,0
G,H,G,4965,100,4965,1,0
A,H,H,5149,100,5149,1,0
B,H,H,7139,100,7139,1,0
C,H,H,5115,100,5115,1,0
D,H,H,1400,100,1400,1,0
E,H,H,4962,100,4962,1,0
F,H,H,7009,100,7009,1,0
G,H,H,4978,100,4978,1,0
A,B,A,4931,100,4931,1,0
A,C,A,6983,100,6983,1,0
A,D,A,4943,100,4943,1,0
A,E,A,1419,100,1419,1,0
A,F,A,5178,100,5178,1,0
A,G,A,7178,100,7178,1,0
A,H,A,5122,100,5122,1,0
A,B,B,4956,100,4956,1,0
B,C,B,4992,100,4992,1,0
B,D,B,6977,100,6977,1,0
B,E,B,5118,100,5118,1,0
B,F,B,1396,100,1396,1,0
B,G,B,5152,100,5152,1,0
B,H,B,7137,100,7137,1,0
A,C,C,6984,100,6984,1,0
B,C,C,4997,100,4997,1,0
C,D,C,4926,100,4926,1,0
C,E,C,7156,100,7156,1,0
C,F,C,5173,100,5173,1,0
C,G,C,1386,100,1386,1,0
C,H,C,5164,100,5164,1,0
A,D,D,4960,100,4960,1,0
B,D,D,7035,100,7035,1,0
C,D,D,4953,100,4953,1,0
D,E,D,5114,100,5114,1,0
D,F,D,7153,100,7153,1,0
D,G,D,5109,100,5109,1,0
D,H,D,1447,100,1447,1,0
A,E,E,1458,100,1458,1,0
B,E,E,5130,100,5130,1,0
C,E,E,7198,100,7198,1,0
D,E,E,5106,100,5106,1,0
E,F,E,4957,100,4957,1,0
E,G,E,7063,100,7063,1,0
E,H,E,4950,100,4950,1,0
A,F,F,5154,100,5154,1,0
B,F,F,1393,100,1393,1,0
C,F,F,5144,100,5144,1,0
D,F,F,7151,100,7151,1,0
E,F,F,4984,100,4984,1,0
F,G,F,4979,100,4979,1,0
F,H,F,7059,100,7059,1,0
A,G,G,7154,100,7154,1,0
B,G,G,5201,100,5201,1,0
C,G,G,1413,100,1413,1,0
D,G,G,5113,100,5113,1,0
E,G,G,7027,100,7027,1,0
F,G,G,4970,100,4970,1,0
G,H,G,4958,100,4958,1,0
A,H,H,5162,100,5162,1,0
B,H,H,7146,100,7146,1,0
C,H,H,5152,100,5152,1,0
D,H,H,1371,100,1371,1,0
E,H,H,4973,100,4973,1,0
F,H,H,7004,100,7004,1,0
G,H,H,4954,100,4954,1,0
A,B,A,4939,100,4939,1,0
A,C,A,7071,100,7071,1,0
A,D,A,4922,100,4922,1,0
A,E,A,1398,100,1398,1,0
A,F,A,5168,100,5168,1,0
A,G,A,7157,100,7157,1,0
A,H,A,5109,100,5109,1,0
A,B,B,4961,100,4961,1,0
B,C,B,4973,100,4973,1,0
B,D,B,7010,100,7010,1,0
B,E,B,5105,100,5105,1,0
B,F,B,1375,100,1375,1,0
B,G,B,5202,100,5202,1,0
B,H,B,7196,100,7196,1,0
A,C,C,7033,100,7033,1,0
B,C,C,4990,100,4990,1,0
C,D,C,4946,100,4946,1,0
C,E,C,7202,100,7202,1,0
C,F,C,5150,100,5150,1,0
C,G,C,1427,100,1427,1,0
C,H,C,5127,100,5127,1,0
A,D,D,4961,100,4961,1,0
B,D,D,6971,100,6971,1,0
C,D,D,4932,100,4932,1,0
D,E,D,5217,100,5217,1,0
D,F,D,7120,100,7120,1,0
D,G,D,5156,100,5156,1,0
D,H,D,1465,100,1465,1,0
A,E,E,1341,100,1341,1,0
B,E,E,5155,100,5155,1,0
C,E,E,7198,100,7198,1,0
D,E,E,5187,100,5187,1,0
E,F,E,4965,100,4965,1,0
E,G,E,7053,100,7053,1,0
E,H,E,4956,100,4956,1,0
A,F,F,5135,100,5135,1,0
B,F,F,1360,100,1360,1,0
C,F,F,5127,100,5127,1,0
D,F,F,7143,100,7143,1,0
E,F,F,4968,100,4968,1,0
F,G,F,5001,100,5001,1,0
F,H,F,7024,100,7024,1,0
A,G,G,7161,100,7161,1,0
B,G,G,5165,100,5165,1,0
C,G,G,1435,100,1435,1,0
D,G,G,5114,100,5114,1,0
E,G,G,7031,100,7031,1,0
F,G,G,4964,100,4964,1,0
G,H,G,4973,100,4973,1,0
A,H,H,5137,100,5137,1,0
B,H,H,7135,100,7135,1,0
C,H,H,5210,100,5210,1,0
D,H,H,1433,100,1433,1,0
E,H,H,4966,100,4966,1,0
F,H,H,7016,100,7016,1,0
G,H,H,4946,100,4946,1,0
A,B,A,4935,100,4935,1,0
A,C,A,7025,100,7025,1,0
A,D,A,4922,100,4922,1,0
A,E,A,1371,100,1371,1,0
A,F,A,5162,100,5162,1,0
A,G,A,7181,100,7181,1,0
A,H,A,5188,100,5188,1,0
A,B,B,4912,100,4912,1,0
B,C,B,5055,100,5055,1,0
B,D,B,7015,100,7015,1,0
B,E,B,5139,100,5139,1,0
B,F,B,1425,100,1425,1,0
B,G,B,5204,100,5204,1,0
B,H,B,7181,100,7181,1,0
A,C,C,7071,100,7071,1,0
B,C,C,4970,100,4970,1,0
C,D,C,4948,100,4948,1,0
C,E,C,7219,100,7219,1,0
C,F,C,5172,100,5172,1,0
C,G,C,1388,100,1388,1,0
C,H,C,5217,100,5217,1,0
A,D,D,4936,100,4936,1,0
B,D,D,6978,100,6978,1,0
C,D,D,4966,100,4966,1,0
D,E,D,5185,100,5185,1,0
D,F,D,7154,100,7154,1,0
D,G,D,5170,100,5170,1,0
D,H,D,1421,100,1421,1,0
A,E,E,1429,100,1429,1,0
B,E,E,5145,100,5145,1,0
C,E,E,7155,100,7155,1,0
D,E,E,5131,100,5131,1,0
E,F,E,4980,100,4980,1,0
E,G,E,7076,100,7076,1,0
E,H,E,4985,100,4985,1,0
A,F,F,5201,100,5201,1,0
B,F,F,1430,100,1430,1,0
C,F,F,5140,100,5140,1,0
D,F,F,7145,100,7145,1,0
E,F,F,4977,100,4977,1,0
F,G,F,5001,100,5001,1,0
F,H,F,7003,100,7003,1,0
A,G,G,7116,100,7116,1,0
B,G,G,5234,100,5234,1,0
C,G,G,1423,100,1423,1,0
D,G,G,5115,100,5115,1,0
E,G,G,7039,100,7039,1,0
F,G,G,4929,100,4929,1,0
G,H,G,4930,100,4930,1,0
A,H,H,5190,100,5190,1,0
B,H,H,7094,100,7094,1,0
C,H,H,5160,100,5160,1,0
D,H,H,1409,100,1409,1,0
E,H,H,4994,100,4994,1,0
F,H,H,7024,100,7024,1,0
G,H,H,4971,100,4971,1,0
A,B,A,4987,100,4987,1,0
A,C,A,6991,100,6991,1,0
A,D,A,4942,100,4942,1,0
A,E,A,1411,100,1411,1,0
A,F,A,5141,100,5141,1,0
A,G,A,7159,100,7159,1,0
A,H,A,5138,100,5138,1,0
A,B,B,4941,100,4941,1,0
B,C,B,4954,100,4954,1,0
B,D,B,7011,100,7011,1,0
B,E,B,5164,100,5164,1,0
B,F,B,1376,100,1376,1,0
B,G,B,5188,100,5188,1,0
B,H,B,7133,100,7133,1,0
A,C,C,7013,100,7013,1,0
B,C,C,4966,100,4966,1,0
C,D,C,4933,100,4933,1,0
C,E,C,7167,100,7167,1,0
C,F,C,5147,100,5147,1,0
C,G,C,1410,100,1410,1,0
C,H,C,5128,100,5128,1,0
A,D,D,4969,100,4969,1,0
B,D,D,7027,100,7027,1,0
C,D,D,4966,100,4966,1,0
D,E,D,5176,100,5176,1,0
D,F,D,7146,100,7146,1,0
D,G,D,5143,100,5143,1,0
D,H,D,1396,100,1396,1,0
A,E,E,1392,100,1392,1,0
B,E,E,5147,100,5147,1,0
C,E,E,7139,100,7139,1,0
D,E,E,5156,100,5156,1,0
E,F,E,4961,100,4961,1,0
E,G,E,7071,100,7071,1,0
E,H,E,4941,100,4941,1,0
A,F,F,5198,100,5198,1,0
B,F,F,1374,100,1374,1,0
C,F,F,5159,100,5159,1,0
D,F,F,7147,100,7147,1,0
E,F,F,4976,100,4976,1,0
F,G,F,4970,100,4970,1,0
F,H,F,7012,100,7012,1,0
A,G,G,7169,100,7169,1,0
B,G,G,5179,100,5179,1,0
C,G,G,1345,100,1345,1,0
D,G,G,5121,100,5121,1,0
E,G,G,7057,100,7057,1,0
F,G,G,4987,100,4987,1,0
G,H,G,4963,100,4963,1,0
A,H,H,5195,100,5195,1,0
B,H,H,7150,100,7150,1,0
C,H,H,5147,100,5147,1,0
D,H,H,1407,100,1407,1,0
E,H,H,5012,100,5012,1,0
F,H,H,7000,100,7000,1,0
G,H,H,4959,100,4959,1,0
A,B,A,4931,100,4931,1,0
A,C,A,7074,100,7074,1,0
A,D,A,4970,100,4970,1,0
A,E,A,1364,100,1364,1,0
A,F,A,5173,100,5173,1,0
A,G,A,7221,100,7221,1,0
A,H,A,5144,100,5144,1,0
A,B,B,4957,100,4957,1,0
B,C,B,5015,100,5015,1,0
B,D,B,7022,100,7022,1,0
B,E,B,5139,100,5139,1,0
B,F,B,1402,100,1402,1,0
B,G,B,5180,100,5180,1,0
B,H,B,7094,100,7094,1,0
A,C,C,7104,100,7104,1,0
B,C,C,5010,100,5010,1,0
C,D,C,4933,100,4933,1,0
C,E,C,7149,100,7149,1,0
C,F,C,5175,100,5175,1,0
C,G,C,1358,100,1358,1,0
C,H,C,5193,100,5193,1,0
A,D,D,4956,100,4956,1,0
B,D,D,6986,100,6986,1,0
C,D,D,4899,100,4899,1,0
D,E,D,5189,100,5189,1,0
D,F,D,7135,100,7135,1,0
D,G,D,5131,100,5131,1,0
D,H,D,1438,100,1438,1,0
A,E,E,1422,100,1422,1,0
B,E,E,5155,100,5155,1,0
C,E,E,7187,100,7187,1,0
D,E,E,5165,100,5165,1,0
E,F,E,4974,100,4974,1,0
E,G,E,7056,100,7056,1,0
E,H,E,5009,100,5009,1,0
A,F,F,5147,100,5147,1,0
B,F,F,1422,100,1422,1,0
C,F,F,5162,100,5162,1,0
D,F,F,7156,100,7156,1,0
E,F,F,5000,100,5000,1,0
F,G,F,4979,100,4979,1,0
F,H,F,6998,100,6998,1,0
A,G,G,7145,100,7145,1,0
B,G,G,5194,100,5194,1,0
C,G,G,1403,100,1403,1,0
D,G,G,5099,100,5099,1,0
E,G,G,7002,100,7002,1,0
F,G,G,4950,100,4950,1,0
G,H,G,4960,100,4960,1,0
A,H,H,5147,100,5147,1,0
B,H,H,7156,100,7156,1,0
C,H,H,5124,100,5124,1,0
D,H,H,1449,100,1449,1,0
E,H,H,4954,100,4954,1,0
F,H,H,7003,100,7003,1,0
G,H,H,4969,100,4969,1,0
A,B,A,4980,100,4980,1,0
A,C,A,7022,100,7022,1,0
A,D,A,4943,100,4943,1,0
A,E,A,1382,100,1382,1,0
A,F,A,5175,100,5175,1,0
A,G,A,7182,100,7182,1,0
A,H,A,5159,100,5159,1,0
A,B,B,4927,100,4927,1,0
B,C,B,5026,100,5026,1,0
B,D,B,6957,100,6957,1,0
B,E,B,5169,100,5169,1,0
B,F,B,1402,100,1402,1,0
B,G,B,5204,100,5204,1,0
B,H,B,7170,100,7170,1,0
A,C,C,6999,100,6999,1,0
B,C,C,4991,100,4991,1,0
C,D,C,4956,100,4956,1,0
C,E,C,7208,100,7208,1,0
C,F,C,5148,100,5148,1,0
C,G,C,1341,100,1341,1,0
C,H,C,5139,100,5139,1,0
A,D,D,4923,100,4923,1,0
B,D,D,7035,100,7035,1,0
C,D,D,4955,100,4955,1,0
D,E,D,5202,100,5202,1,0
D,F,D,7115,100,7115,1,0
D,G,D,5118,100,5118,1,0
D,H,D,1464,100,1464,1,0
A,E,E,1438,100,1438,1,0
B,E,E,5124,100,5124,1,0
C,E,E,7196,100,7196,1,0
D,E,E,5187,100,5187,1,0
E,F,E,4984,100,4984,1,0
E,G,E,7055,100,7055,1,0
E,H,E,4936,100,4936,1,0
A,F,F,5194,100,5194,1,0
B,F,F,1372,100,1372,1,0
C,F,F,5169,100,5169,1,0
D,F,F,7152,100,7152,1,0
E,F,F,4967,100,4967,1,0
F,G,F,4959,100,4959,1,0
F,H,F,6990,100,6990,1,0
A,G,G,7204,100,7204,1,0
B,G,G,5190,100,5190,1,0
C,G,G,1401,100,1401,1,0
D,G,G,5138,100,5138,1,0
E,G,G,7034,100,7034,1,0
F,G,G,4987,100,4987,1,0
G,H,G,4978,100,4978,1,0
A,H,H,5119,100,5119,1,0
B,H,H,7171,100,7171,1,0
C,H,H,5138,100,5138,1,0
D,H,H,1390,100,1390,1,0
E,H,H,4968,100,4968,1,0
F,H,H,7006,100,7006,1,0
G,H,H,4952,100,4952,1,0
A,B,A,4949,100,4949,1,0
A,C,A,7043,100,7043,1,0
A,D,A,4946,100,4946,1,0
A,E,A,1446,100,1446,1,0
A,F,A,5190,100,5190,1,0
A,G,A,7203,100,7203,1,0
A,H,A,5150,100,5150,1,0
A,B,B,4955,100,4955,1,0
B,C,B,4987,100,4987,1,0
B,D,B,7022,100,7022,1,0
B,E,B,5185,100,5185,1,0
B,F,B,1377,100,1377,1,0
B,G,B,5166,100,5166,1,0
B,H,B,7147,100,7147,1,0
A,C,C,7067,100,7067,1,0
B,C,C,4956,100,4956,1,0
C,D,C,4974,100,4974,1,0
C,E,C,7159,100,7159,1,0
C,F,C,5163,100,5163,1,0
C,G,C,1397,100,1397,1,0
C,H,C,5171,100,5171,1,0
A,D,D,4935,100,4935,1,0
B,D,D,7020,100,7020,1,0
C,D,D,4940,100,4940,1,0
D,E,D,5146,100,5146,1,0
D,F,D,7164,100,7164,1,0
D,G,D,5132,100,5132,1,0
D,H,D,1377,100,1377,1,0
A,E,E,1412,100,1412,1,0
B,E,E,5103,100,5103,1,0
C,E,E,7133,100,7133,1,0
D,E,E,5131,100,5131,1,0
E,F,E,4987,100,4987,1,0
E,G,E,7062,100,7062,1,0
E,H,E,5023,100,5023,1,0
A,F,F,5129,100,5129,1,0
B,F,F,1353,100,1353,1,0
C,F,F,5129,100,5129,1,0
D,F,F,7166,100,7166,1,0
E,F,F,4991,100,4991,1,0
F,G,F,4961,100,4961,1,0
F,H,F,6966,100,6966,1,0
A,G,G,7174,100,7174,1,0
B,G,G,5218,100,5218,1,0
C,G,G,1377,100,1377,1,0
D,G,G,5151,100,5151,1,0
E,G,G,7045,100,7045,1,0
F,G,G,4969,100,4969,1,0
G,H,G,4898,100,4898,1,0
A,H,H,5196,100,5196,1,0
B,H,H,7126,100,7126,1,0
C,H,H,5121,100,5121,1,0
D,H,H,1376,100,1376,1,0
E,H,H,4980,100,4980,1,0
F,H,H,7007,100,7007,1,0
G,H,H,4921,100,4921,1,0
A,B,A,4956,100,4956,1,0
A,C,A,6999,100,6999,1,0
A,D,A,4946,100,4946,1,0
A,E,A,1444,100,1444,1,0
A,F,A,5141,100,5141,1,0
A,G,A,7144,100,7144,1,0
A,H,A,5168,100,5168,1,0
A,B,B,4895,100,4895,1,0
B,C,B,4993,100,4993,1,0
B,D,B,6974,100,6974,1,0
B,E,B,5141,100,5141,1,0
B,F,B,1388,100,1388,1,0
B,G,B,5216,100,5216,1,0
B,H,B,7090,100,7090,1,0
A,C,C,7020,100,7020,1,0
B,C,C,4989,100,4989,1,0
C,D,C,4907,100,4907,1,0
C,E,C,7170,100,7170,1,0
C,F,C,5139,100,5139,1,0
C,G,C,1457,100,1457,1,0
C,H,C,5169,100,5169,1,0
A,D,D,4949,100,4949,1,0
B,D,D,7017,100,7017,1,0
C,D,D,4972,100,4972,1,0
D,E,D,5199,100,5199,1,0
D,F,D,7181,100,7181,1,0
D,G,D,5147,100,5147,1,0
D,H,D,1419,100,1419,1,0
A,E,E,1389,100,1389,1,0
B,E,E,5123,100,5123,1,0
C,E,E,7153,100,7153,1,0
D,E,E,5166,100,5166,1,0
E,F,E,4988,100,4988,1,0
E,G,E,7046,100,7046,1,0
E,H,E,5000,100,5000,1,0
A,F,F,5136,100,5136,1,0
B,F,F,1413,100,1413,1,0
C,F,F,5152,100,5152,1,0
D,F,F,7145,100,7145,1,0
E,F,F,4974,100,4974,1,0
F,G,F,4956,100,4956,1,0
F,H,F,7026,100,7026,1,0
A,G,G,7196,100,7196,1,0
B,G,G,5217,100,5217,1,0
C,G,G,1362,100,1362,1,0
D,G,G,5141,100,5141,1,0
E,G,G,7046,100,7046,1,0
F,G,G,4990,100,4990,1,0
G,H,G,4955,100,4955,1,0
A,H,H,5093,100,5093,1,0
B,H,H,7132,100,7132,1,0
C,H,H,5134,100,5134,1,0
D,H,H,1418,100,1418,1,0
E,H,H,4962,100,4962,1,0
F,H,H,6968,100,6968,1,0
G,H,H,4978,100,4978,1,0
A,B,A,4978,100,4978,1,0
A,C,A,7028,100,7028,1,0
A,D,A,4938,100,4938,1,0
A,E,A,1410,100,1410,1,0
A,F,A,5166,100,5166,1,0
A,G,A,7213,100,7213,1,0
A,H,A,5131,100,5131,1,0
A,B,B,4934,100,4934,1,0
B,C,B,5010,100,5010,1,0
B,D,B,7014,100,7014,1,0
B,E,B,5148,100,5148,1,0
B,F,B,1410,100,1410,1,0
B,G,B,5198,100,5198,1,0
B,H,B,7174,100,7174,1,0
A,C,C,7002,100,7002,1,0
B,C,C,4983,100,4983,1,0
C,D,C,4976,100,4976,1,0
C,E,C,7135,100,7135,1,0
C,F,C,5135,100,5135,1,0
C,G,C,1376,100,1376,1,0
C,H,C,5196,100,5196,1,0
A,D,D,4946,100,4946,1,0
B,D,D,7006,100,7006,1,0
C,D,D,4978,100,4978,1,0
D,E,D,5136,100,5136,1,0
D,F,D,7188,100,7188,1,0
D,G,D,5104,100,5104,1,0
D,H,D,1427,100,1427,1,0
A,E,E,1416,100,1416,1,0
B,E,E,5174,100,5174,1,0
C,E,E,7168,100,7168,1,0
D,E,E,5136,100,5136,1,0
E,F,E,5016,100,5016,1,0
E,G,E,7072,100,7072,1,0
E,H,E,4991,100,4991,1,0
A,F,F,5162,100,5162,1,0
B,F,F,1399,100,1399,1,0
C,F,F,5176,100,5176,1,0
D,F,F,7157,100,7157,1,0
E,F,F,4977,100,4977,1,0
F,G,F,4973,100,4973,1,0
F,H,F,7005,100,7005,1,0
A,G,G,7192,100,7192,1,0
B,G,G,5166,100,5166,1,0
C,G,G,1394,100,1394,1,0
D,G,G,5140,100,5140,1,0
E,G,G,7035,100,7035,1,0
F,G,G,4975,100,4975,1,0
G,H,G,4950,100,4950,1,0
A,H,H,5145,100,5145,1,0
B,H,H,7156,100,7156,1,0
C,H,H,5154,100,5154,1,0
D,H,H,1366,100,1366,1,0
E,H,H,5021,100,5021,1,0
F,H,H,6998,100,6998,1,0
G,H,H,4982,100,4982,1,0
A,B,A,4990,100,4990,1,0
A,C,A,7078,100,7078,1,0
A,D,A,4921,100,4921,1,0
A,E,A,1378,100,1378,1,0
A,F,A,5159,100,5159,1,0
A,G,A,7144,100,7144,1,0
A,H,A,5158,100,5158,1,0
A,B,B,4987,100,4987,1,0
B,C,B,4991,100,4991,1,0
B,D,B,7000,100,7000,1,0
B,E,B,5128,100,5128,1,0
B,F,B,1380,100,1380,1,0
B,G,B,5183,100,5183,1,0
B,H,B,7162,100,7162,1,0
A,C,C,6980,100,6980,1,0
B,C,C,5006,100,5006,1,0
C,D,C,4956,100,4956,1,0
C,E,C,7173,100,7173,1,0
C,F,C,5182,100,5182,1,0
C,G,C,1390,100,1390,1,0
C,H,C,5161,100,5161,1,0
A,D,D,4941,100,4941,1,0
B,D,D,7032,100,7032,1,0
C,D,D,4957,100,4957,1,0
D,E,D,5148,100,5148,1,0
D,F,D,7172,100,7172,1,0
D,G,D,5110,100,5110,1,0
D,H,D,1333,100,1333,1,0
A,E,E,1466,100,1466,1,0
B,E,E,5141,100,5141,1,0
C,E,E,7145,100,7145,1,0
D,E,E,5122,100,5122,1,0
E,F,E,4956,100,4956,1,0
E,G,E,7034,100,7034,1,0
E,H,E,4952,100,4952,1,0
A,F,F,5195,100,5195,1,0
B,F,F,1366,100,1366,1,0
C,F,F,5152,100,5152,1,0
D,F,F,7109,100,7109,1,0
E,F,F,4984,100,4984,1,0
F,G,F,4954,100,4954,1,0
F,H,F,7033,100,7033,1,0
A,G,G,7184,100,7184,1,0
B,G,G,5170,100,5170,1,0
C,G,G,1406,100,1406,1,0
D,G,G,5139,100,5139,1,0
E,G,G,7065,100,7065,1,0
F,G,G,4965,100,4965,1,0
G,H,G,4952,100,4952,1,0
A,H,H,5131,100,5131,1,0
B,H,H,7109,100,7109,1,0
C,H,H,5119,100,5119,1,0
D,H,H,1423,100,1423,1,0
E,H,H,5038,100,5038,1,0
F,H,H,7018,100,7018,1,0
G,H,H,4952,100,4952,1,0
A,B,A,4966,100,4966,1,0
A,C,A,7037,100,7037,1,0
A,D,A,4950,100,4950,1,0
A,E,A,1430,100,1430,1,0
A,F,A,5154,100,5154,1,0
A,G,A,7190,100,7190,1,0
A,H,A,5133,100,5133,1,0
A,B,B,4935,100,4935,1,0
B,C,B,4971,100,4971,1,0
B,D,B,6992,100,6992,1,0
B,E,B,5115,100,5115,1,0
B,F,B,1379,100,1379,1,0
B,G,B,5183,100,5183,1,0
B,H,B,7129,100,7129,1,0
A,C,C,6997,100,6997,1,0
B,C,C,4966,100,4966,1,0
C,D,C,4922,100,4922,1,0
C,E,C,7192,100,7192,1,0
C,F,C,5167,100,5167,1,0
C,G,C,1358,100,1358,1,0
C,H,C,5116,100,5116,1,0
A,D,D,4940,100,4940,1,0
B,D,D,6995,100,6995,1,0
C,D,D,4912,100,4912,1,0
D,E,D,5132,100,5132,1,0
D,F,D,7137,100,7137,1,0
D,G,D,5184,100,5184,1,0
D,H,D,1410,100,1410,1,0
A,E,E,1460,100,1460,1,0
B,E,E,5172,100,5172,1,0
C,E,E,7181,100,7181,1,0
D,E,E,5115,100,5115,1,0
E,F,E,4945,100,4945,1,0
E,G,E,7070,100,7070,1,0
E,H,E,4954,100,4954,1,0
A,F,F,5186,100,5186,1,0
B,F,F,1418,100,1418,1,0
C,F,F,5165,100,5165,1,0
D,F,F,7138,100,7138,1,0
E,F,F,4958,100,4958,1,0
F,G,F,4966,100,4966,1,0
F,H,F,6984,100,6984,1,0
A,G,G,7152,100,7152,1,0
B,G,G,5228,100,5228,1,0
C,G,G,1422,100,1422,1,0
D,G,G,5160,100,5160,1,0
E,G,G,7052,100,7052,1,0
F,G,G,4999,100,4999,1,0
G,H,G,4985,100,4985,1,0
A,H,H,5138,100,5138,1,0
B,H,H,7156,100,7156,1,0
C,H,H,5121,100,5121,1,0
D,H,H,1405,100,1405,1,0
E,H,H,4978,100,4978,1,0
F,H,H,6998,100,6998,1,0
G,H,H,4913,100,4913,1,0
A,B,A,4956,100,4956,1,0
A,C,A,6989,100,6989,1,0
A,D,A,4925,100,4925,1,0
A,E,A,1423,100,1423,1,0
A,F,A,5190,100,5190,1,0
A,G,A,7176,100,7176,1,0
A,H,A,5181,100,5181,1,0
A,B,B,4917,100,4917,1,0
B,C,B,4976,100,4976,1,0
B,D,B,6980,100,6980,1,0
B,E,B,5125,100,5125,1,0
B,F,B,1362,100,1362,1,0
B,G,B,5176,100,5176,1,0
B,H,B,7149,100,7149,1,0
A,C,C,7056,100,7056,1,0
B,C,C,4976,100,4976,1,0
C,D,C,4965,100,4965,1,0
C,E,C,7127,100,7127,1,0
C,F,C,5152,100,5152,1,0
C,G,C,1432,100,1432,1,0
C,H,C,5161,100,5161,1,0
A,D,D,4934,100,4934,1,0
B,D,D,6986,100,6986,1,0
C,D,D,4981,100,4981,1,0
D,E,D,5134,100,5134,1,0
D,F,D,7153,100,7153,1,0
D,G,D,5131,100,5131,1,0
D,H,D,1386,100,1386,1,0
A,E,E,1361,100,1361,1,0
B,E,E,5089,100,5089,1,0
C,E,E,7159,100,7159,1,0
D,E,E,5120,100,5120,1,0
E,F,E,4969,100,4969,1,0
E,G,E,7059,100,7059,1,0
E,H,E,4982,100,4982,1,0
A,F,F,5142,100,5142,1,0
B,F,F,1401,100,1401,1,0
C,F,F,5167,100,5167,1,0
D,F,F,7151,100,7151,1,0
E,F,F,4962,100,4962,1,0
F,G,F,4984,100,4984,1,0
F,H,F,7024,100,7024,1,0
A,G,G,7160,100,7160,1,0
B,G,G,5192,100,5192,1,0
C,G,G,1390,100,1390,1,0
D,G,G,5165,100,5165,1,0
E,G,G,7045,100,7045,1,0
F,G,G,4979,100,4979,1,0
G,H,G,4958,100,4958,1,0
A,H,H,5168,100,5168,1,0
B,H,H,7152,100,7152,1,0
C,H,H,5136,100,5136,1,0
D,H,H,1459,100,1459,1,0
E,H,H,4998,100,4998,1,0
F,H,H,6976,100,6976,1,0
G,H,H,4959,100,4959,1,0
A,B,A,4951,100,4951,1,0
A,C,A,6987,100,6987,1,0
A,D,A,4934,100,4934,1,0
A,E,A,1383,100,1383,1,0
A,F,A,5207,100,5207,1,0
A,G,A,7145,100,7145,1,0
A,H,A,5174,100,5174,1,0
A,B,B,4993,100,4993,1,0
B,C,B,4977,100,4977,1,0
B,D,B,6989,100,6989,1,0
B,E,B,5160,100,5160,1,0
B,F,B,1394,100,1394,1,0
B,G,B,5206,100,5206,1,0
B,H,B,7125,100,7125,1,0
A,C,C,6985,100,6985,1,0
B,C,C,4958,100,4958,1,0
C,D,C,4919,100,4919,1,0
C,E,C,7168,100,7168,1,0
C,F,C,5170,100,5170,1,0
C,G,C,1341,100,1341,1,0
C,H,C,5166,100,5166,1,0
A,D,D,4929,100,4929,1,0
B,D,D,6997,100,6997,1,0
C,D,D,4941,100,4941,1,0
D,E,D,5139,100,5139,1,0
D,F,D,7115,100,7115,1,0
D,G,D,5089,100,5089,1,0
D,H,D,1410,100,1410,1,0
A,E,E,1390,100,1390,1,0
B,E,E,5154,100,5154,1,0
C,E,E,7226,100,7226,1,0
D,E,E,5183,100,5183,1,0
E,F,E,4964,100,4964,1,0
E,G,E,7044,100,7044,1,0
E,H,E,4992,100,4992,1,0
A,F,F,5239,100,5239,1,0
B,F,F,1382,100,1382,1,0
C,F,F,5159,100,5159,1,0
D,F,F,7122,100,7122,1,0
E,F,F,4970,100,4970,1,0
F,G,F,4989,100,4989,1,0
F,H,F,7050,100,7050,1,0
A,G,G,7199,100,7199,1,0
B,G,G,5182,100,5182,1,0
C,G,G,1436,100,1436,1,0
D,G,G,5161,100,5161,1,0
E,G,G,7052,100,7052,1,0
F,G,G,4961,100,4961,1,0
G,H,G,4955,100,4955,1,0
A,H,H,5134,100,5134,1,0
B,H,H,7165,100,7165,1,0
C,H,H,5151,100,5151,1,0
D,H,H,1354,100,1354,1,0
E,H,H,4948,100,4948,1,0
F,H,H,6994,100,6994,1,0
G,H,H,4971,100,4971,1,0
A,B,A,4941,100,4941,1,0
A,C,A,7002,100,7002,1,0
A,D,A,4935,100,4935,1,0
A,E,A,1409,100,1409,1,0
A,F,A,5183,100,5183,1,0
A,G,A,7162,100,7162,1,0
A,H,A,5186,100,5186,1,0
A,B,B,4961,100,4961,1,0
B,C,B,4970,100,4970,1,0
B,D,B,7029,100,7029,1,0
B,E,B,5137,100,5137,1,0
B,F,B,1416,100,1416,1,0
B,G,B,5198,100,5198,1,0
B,H,B,7119,100,7119,1,0
A,C,C,6996,100,6996,1,0
B,C,C,4992,100,4992,1,0
C,D,C,4957,100,4957,1,0
C,E,C,7180,100,7180,1,0
C,F,C,5152,100,5152,1,0
C,G,C,1351,100,1351,1,0
C,H,C,5168,100,5168,1,0
A,D,D,4957,100,4957,1,0
B,D,D,7023,100,7023,1,0
C,D,D,4920,100,4920,1,0
D,E,D,5165,100,5165,1,0
D,F,D,7168,100,7168,1,0
D,G,D,5146,100,5146,1,0
D,H,D,1418,100,1418,1,0
A,E,E,1421,100,1421,1,0
B,E,E,5142,100,5142,1,0
C,E,E,7142,100,7142,1,0
D,E,E,5197,100,5197,1,0
E,F,E,4981,100,4981,1,0
E,G,E,7038,100,7038,1,0
E,H,E,4991,100,4991,1,0
A,F,F,5164,100,5164,1,0
B,F,F,1412,100,1412,1,0
C,F,F,5137,100,5137,1,0
D,F,F,7142,100,7142,1,0
E,F,F,4947,100,4947,1,0
F,G,F,4957,100,4957,1,0
F,H,F,7024,100,7024,1,0
A,G,G,7159,100,7159,1,0
B,G,G,5202,100,5202,1,0
C,G,G,1424,100,1424,1,0
D,G,G,5153,100,5153,1,0
E,G,G,7039,100,7039,1,0
F,G,G,4968,100,4968,1,0
G,H,G,4969,100,4969,1,0
A,H,H,5148,100,5148,1,0
B,H,H,7138,100,7138,1,0
C,H,H,5144,100,5144,1,0
D,H,H,1386,100,1386,1,0
E,H,H,4976,100,4976,1,0
F,H,H,7022,100,7022,1,0
G,H,H,4949,100,4949,1,0
A,B,A,4932,100,4932,1,0
A,C,A,7054,100,7054,1,0
A,D,A,4939,100,4939,1,0
A,E,A,1425,100,1425,1,0
A,F,A,5147,100,5147,1,0
A,G,A,7133,100,7133,1,0
A,H,A,5164,100,5164,1,0
A,B,B,4989,100,4989,1,0
B,C,B,4980,100,4980,1,0
B,D,B,7029,100,7029,1,0
B,E,B,5153,100,5153,1,0
B,F,B,1429,100,1429,1,0
B,G,B,5204,100,5204,1,0
B,H,B,7160,100,7160,1,0
A,C,C,7038,100,7038,1,0
B,C,C,4982,100,4982,1,0
C,D,C,4935,100,4935,1,0
C,E,C,7208,100,7208,1,0
C,F,C,5128,100,5128,1,0
C,G,C,1380,100,1380,1,0
C,H,C,5098,100,5098,1,0
A,D,D,4942,100,4942,1,0
B,D,D,6984,100,6984,1,0
C,D,D,4947,100,4947,1,0
D,E,D,5174,100,5174,1,0
D,F,D,7122,100,7122,1,0
D,G,D,5169,100,5169,1,0
D,H,D,1363,100,1363,1,0
A,E,E,1421,100,1421,1,0
B,E,E,5166,100,5166,1,0
C,E,E,7204,100,7204,1,0
D,E,E,5183,100,5183,1,0
E,F,E,4979,100,4979,1,0
E,G,E,7077,100,7077,1,0
E,H,E,5005,100,5005,1,0
A,F,F,5203,100,5203,1,0
B,F,F,1378,100,1378,1,0
C,F,F,5163,100,5163,1,0
D,F,F,7172,100,7172,1,0
E,F,F,5005,100,5005,1,0
F,G,F,4987,100,4987,1,0
F,H,F,7013,100,7013,1,0
A,G,G,7186,100,7186,1,0
B,G,G,5162,100,5162,1,0
C,G,G,1398,100,1398,1,0
D,G,G,5125,100,5125,1,0
E,G,G,7049,100,7049,1,0
F,G,G,5018,100,5018,1,0
G,H,G,4949,100,4949,1,0
A,H,H,5152,100,5152,1,0
B,H,H,7132,100,7132,1,0
C,H,H,5150,100,5150,1,0
D,H,H,1363,100,1363,1,0
E,H,H,4955,100,4955,1,0
F,H,H,6992,100,6992,1,0
G,H,H,4980,100,4980,1,0
A,B,A,4971,100,4971,1,0
A,C,A,7050,100,7050,1,0
A,D,A,4947,100,4947,1,0
A,E,A,1447,100,1447,1,0
A,F,A,5186,100,5186,1,0
A,G,A,7194,100,7194,1,0
A,H,A,5139,100,5139,1,0
A,B,B,4959,100,4959,1,0
B,C,B,4998,100,4998,1,0
B,D,B,6995,100,6995,1,0
B,E,B,5158,100,5158,1,0
B,F,B,1384,100,1384,1,0
B,G,B,5182,100,5182,1,0
B,H,B,7163,100,7163,1,0
A,C,C,7119,100,7119,1,0
B,C,C,4961,100,4961,1,0
C,D,C,4912,100,4912,1,0
C,E,C,7205,100,7205,1,0
C,F,C,5154,100,5154,1,0
C,G,C,1422,100,1422,1,0
C,H,C,5177,100,5177,1,0
A,D,D,4967,100,4967,1,0
B,D,D,6977,100,6977,1,0
C,D,D,4936,100,4936,1,0
D,E,D,5117,100,5117,1,0
D,F,D,7143,100,7143,1,0
D,G,D,5153,100,5153,1,0
D,H,D,1423,100,1423,1,0
A,E,E,1380,100,1380,1,0
B,E,E,5116,100,5116,1,0
C,E,E,7144,100,7144,1,0
D,E,E,5235,100,5235,1,0
E,F,E,5023,100,5023,1,0
E,G,E,7040,100,7040,1,0
E,H,E,4965,100,4965,1,0
A,F,F,5164,100,5164,1,0
B,F,F,1411,100,1411,1,0
C,F,F,5155,100,5155,1,0
D,F,F,7142,100,7142,1,0
E,F,F,4982,100,4982,1,0
F,G,F,4972,100,4972,1,0
F,H,F,7051,100,7051,1,0
A,G,G,7182,100,7182,1,0
B,G,G,5186,100,5186,1,0
C,G,G,1329,100,1329,1,0
D,G,G,5149,100,5149,1,0
E,G,G,7060,100,7060,1,0
F,G,G,4974,100,4974,1,0
G,H,G,4978,100,4978,1,0
A,H,H,5122,100,5122,1,0
B,H,H,7097,100,7097,1,0
C,H,H,5174,100,5174,1,0
D,H,H,1413,100,1413,1,0
E,H,H,4994,100,4994,1,0
F,H,H,6938,100,6938,1,0
G,H,H,4939,100,4939,1,0
A,B,A,4981,100,4981,1,0
A,C,A,7005,100,7005,1,0
A,D,A,4944,100,4944,1,0
A,E,A,1407,100,1407,1,0
A,F,A,5179,100,5179,1,0
A,G,A,7174,100,7174,1,0
A,H,A,5187,100,5187,1,0
A,B,B,4907,100,4907,1,0
B,C,B,4991,100,4991,1,0
B,D,B,7010,100,7010,1,0
B,E,B,5129,100,5129,1,0
B,F,B,1417,100,1417,1,0
B,G,B,5185,100,5185,1,0
B,H,B,7153,100,7153,1,0
A,C,C,7004,100,7004,1,0
B,C,C,5000,100,5000,1,0
C,D,C,4971,100,4971,1,0
C,E,C,7184,100,7184,1,0
C,F,C,5153,100,5153,1,0
C,G,C,1416,100,1416,1,0
C,H,C,5139,100,5139,1,0
A,D,D,4944,100,4944,1,0
B,D,D,7005,100,7005,1,0
C,D,D,4952,100,4952,1,0
D,E,D,5227,100,5227,1,0
D,F,D,7120,100,7120,1,0
D,G,D,5139,100,5139,1,0
D,H,D,1419,100,1419,1,0
A,E,E,1390,100,1390,1,0
B,E,E,5154,100,5154,1,0
C,E,E,7201,100,7201,1,0
D,E,E,5127,100,5127,1,0
E,F,E,4967,100,4967,1,0
E,G,E,7052,100,7052,1,0
E,H,E,5001,100,5001,1,0
A,F,F,5171,100,5171,1,0
B,F,F,1388,100,1388,1,0
C,F,F,5152,100,5152,1,0
D,F,F,7183,100,7183,1,0
E,F,F,4961,100,4961,1,0
F,G,F,4970,100,4970,1,0
F,H,F,6990,100,6990,1,0
A,G,G,7196,100,7196,1,0
B,G,G,5189,100,5189,1,0
C,G,G,1403,100,1403,1,0
D,G,G,5118,100,5118,1,0
E,G,G,7082,100,7082,1,0
F,G,G,4967,100,4967,1,0
G,H,G,4906,100,4906,1,0
A,H,H,5143,100,5143,1,0
B,H,H,7177,100,7177,1,0
C,H,H,5158,100,5158,1,0
D,H,H,1408,100,1408,1,0
E,H,H,4948,100,4948,1,0
F,H,H,7034,100,7034,1,0
G,H,H,4948,100,4948,1,0
A,B,A,4958,100,4958,1,0
A,C,A,7017,100,7017,1,0
A,D,A,4969,100,4969,1,0
A,E,A,1399,100,1399,1,0
A,F,A,5172,100,5172,1,0
A,G,A,7213,100,7213,1,0
A,H,A,5110,100,5110,1,0
A,B,B,4979,100,4979,1,0
B,C,B,4956,100,4956,1,0
B,D,B,7032,100,7032,1,0
B,E,B,5138,100,5138,1,0
B,F,B,1405,100,1405,1,0
B,G,B,5209,100,5209,1,0
B,H,B,7162,100,7162,1,0
A,C,C,6967,100,6967,1,0
B,C,C,4972,100,4972,1,0
C,D,C,4957,100,4957,1,0
C,E,C,7175,100,7175,1,0
C,F,C,5154,100,5154,1,0
C,G,C,1396,100,1396,1,0
C,H,C,5142,100,5142,1,0
A,D,D,4908,100,4908,1,0
B,D,D,6975,100,6975,1,0
C,D,D,4922,100,4922,1,0
D,E,D,5208,100,5208,1,0
D,F,D,7126,100,7126,1,0
D,G,D,5166,100,5166,1,0
D,H,D,1391,100,1391,1,0
A,E,E,1407,100,1407,1,0
B,E,E,5137,100,5137,1,0
C,E,E,7176,100,7176,1,0
D,E,E,5215,100,5215,1,0
E,F,E,4930,100,4930,1,0
E,G,E,7045,100,7045,1,0
E,H,E,4975,100,4975,1,0
A,F,F,5167,100,5167,1,0
B,F,F,1375,100,1375,1,0
C,F,F,5156,100,5156,1,0
D,F,F,7148,100,7148,1,0
E,F,F,4984,100,4984,1,0
F,G,F,4986,100,4986,1,0
F,H,F,6998,100,6998,1,0
A,G,G,7186,100,7186,1,0
B,G,G,5186,100,5186,1,0
C,G,G,1396,100,1396,1,0
D,G,G,5172,100,5172,1,0
E,G,G,7079,100,7079,1,0
F,G,G,4994,100,4994,1,0
G,H,G,4961,100,4961,1,0
A,H,H,5182,100,5182,1,0
B,H,H,7158,100,7158,1,0
C,H,H,5173,100,5173,1,0
D,H,H,1355,100,1355,1,0
E,H,H,4998,100,4998,1,0
F,H,H,6983,100,6983,1,0
G,H,H,4978,100,4978,1,0
A,B,A,4947,100,4947,1,0
A,C,A,7007,100,7007,1,0
A,D,A,4963,100,4963,1,0
A,E,A,1429,100,1429,1,0
A,F,A,5200,100,5200,1,0
A,G,A,7189,100,7189,1,0
A,H,A,5139,100,5139,1,0
A,B,B,4935,100,4935,1,0
B,C,B,4957,100,4957,1,0
B,D,B,7047,100,7047,1,0
B,E,B,5169,100,5169,1,0
B,F,B,1388,100,1388,1,0
B,G,B,5208,100,5208,1,0
B,H,B,7152,100,7152,1,0
A,C,C,6985,100,6985,1,0
B,C,C,4958,100,4958,1,0
C,D,C,4946,100,4946,1,0
C,E,C,7157,100,7157,1,0
C,F,C,5182,100,5182,1,0
C,G,C,1370,100,1370,1,0
C,H,C,5123,100,5123,1,0
A,D,D,4960,100,4960,1,0
B,D,D,6975,100,6975,1,0
C,D,D,4947,100,4947,1,0
D,E,D,5200,100,5200,1,0
D,F,D,7148,100,7148,1,0
D,G,D,5139,100,5139,1,0
D,H,D,1408,100,1408,1,0
A,E,E,1402,100,1402,1,0
B,E,E,5097,100,5097,1,0
C,E,E,7181,100,7181,1,0
D,E,E,5234,100,5234,1,0
E,F,E,4936,100,4936,1,0
E,G,E,7041,100,7041,1,0
E,H,E,4983,100,4983,1,0
A,F,F,5191,100,5191,1,0
B,F,F,1416,100,1416,1,0
C,F,F,5144,100,5144,1,0
D,F,F,7144,100,7144,1,0
E,F,F,4983,100,4983,1,0
F,G,F,4972,100,4972,1,0
F,H,F,7008,100,7008,1,0
A,G,G,7141,100,7141,1,0
B,G,G,5136,100,5136,1,0
C,G,G,1350,100,1350,1,0
D,G,G,5128,100,5128,1,0
E,G,G,7050,100,7050,1,0
F,G,G,4970,100,4970,1,0
G,H,G,4979,100,4979,1,0
A,H,H,5136,100,5136,1,0
B,H,H,7135,100,7135,1,0
C,H,H,5174,100,5174,1,0
D,H,H,1363,100,1363,1,0
E,H,H,4996,100,4996,1,0
F,H,H,6993,100,6993,1,0
G,H,H,4970,100,4970,1,0
A,B,A,4948,100,4948,1,0
A,C,A,6978,100,6978,1,0
A,D,A,4947,100,4947,1,0
A,E,A,1425,100,1425,1,0
A,F,A,5189,100,5189,1,0
A,G,A,7161,100,7161,1,0
A,H,A,5136,100,5136,1,0
A,B,B,4943,100,4943,1,0
B,C,B,4970,100,4970,1,0
B,D,B,6975,100,6975,1,0
B,E,B,5118,100,5118,1,0
B,F,B,1401,100,1401,1,0
B,G,B,5193,100,5193,1,0
B,H,B,7135,100,7135,1,0
A,C,C,6984,100,6984,1,0
B,C,C,4983,100,4983,1,0
C,D,C,4981,100,4981,1,0
C,E,C,7143,100,7143,1,0
C,F,C,5142,100,5142,1,0
C,G,C,1358,100,1358,1,0
C,H,C,5123,100,5123,1,0
A,D,D,4944,100,4944,1,0
B,D,D,6993,100,6993,1,0
C,D,D,4921,100,4921,1,0
D,E,D,5193,100,5193,1,0
D,F,D,7142,100,7142,1,0
D,G,D,5097,100,5097,1,0
D,H,D,1484,100,1484,1,0
A,E,E,1397,100,1397,1,0
B,E,E,5126,100,5126,1,0
C,E,E,7139,100,7139,1,0
D,E,E,5202,100,5202,1,0
E,F,E,4979,100,4979,1,0
E,G,E,7080,100,7080,1,0
E,H,E,4994,100,4994,1,0
A,F,F,5164,100,5164,1,0
B,F,F,1398,100,1398,1,0
C,F,F,5128,100,5128,1,0
D,F,F,7147,100,7147,1,0
E,F,F,4957,100,4957,1,0
F,G,F,4958,100,4958,1,0
F,H,F,6983,100,6983,1,0
A,G,G,7145,100,7145,1,0
B,G,G,5198,100,5198,1,0
C,G,G,1395,100,1395,1,0
D,G,G,5152,100,5152,1,0
E,G,G,7052,100,7052,1,0
F,G,G,4982,100,4982,1,0
G,H,G,4922,100,4922,1,0
A,H,H,5173,100,5173,1,0
B,H,H,7097,100,7097,1,0
C,H,H,5116,100,5116,1,0
D,H,H,1394,100,1394,1,0
E,H,H,4977,100,4977,1,0
F,H,H,6966,100,6966,1,0
G,H,H,4956,100,4956,1,0
A,B,A,4925,100,4925,1,0
A,C,A,6987,100,6987,1,0
A,D,A,4977,100,4977,1,0
A,E,A,1422,100,1422,1,0
A,F,A,5133,100,5133,1,0
A,G,A,7185,100,7185,1,0
A,H,A,5169,100,5169,1,0
A,B,B,4933,100,4933,1,0
B,C,B,4990,100,4990,1,0
B,D,B,7005,100,7005,1,0
B,E,B,5138,100,5138,1,0
B,F,B,1395,100,1395,1,0
B,G,B,5205,100,5205,1,0
B,H,B,7142,100,7142,1,0
A,C,C,7007,100,7007,1,0
B,C,C,4965,100,4965,1,0
C,D,C,4988,100,4988,1,0
C,E,C,7192,100,7192,1,0
C,F,C,5167,100,5167,1,0
C,G,C,1409,100,1409,1,0
C,H,C,5133,100,5133,1,0
A,D,D,4942,100,4942,1,0
B,D,D,6982,100,6982,1,0
C,D,D,4960,100,4960,1,0
D,E,D,5196,100,5196,1,0
D,F,D,7149,100,7149,1,0
D,G,D,5132,100,5132,1,0
D,H,D,1460,100,1460,1,0
A,E,E,1367,100,1367,1,0
B,E,E,5190,100,5190,1,0
C,E,E,7140,100,7140,1,0
D,E,E,5152,100,5152,1,0
E,F,E,4986,100,4986,1,0
E,G,E,7054,100,7054,1,0
E,H,E,5009,100,5009,1,0
A,F,F,5171,100,5171,1,0
B,F,F,1410,100,1410,1,0
C,F,F,5152,100,5152,1,0
D,F,F,7138,100,7138,1,0
E,F,F,4972,100,4972,1,0
F,G,F,4969,100,4969,1,0
F,H,F,6975,100,6975,1,0
A,G,G,7176,100,7176,1,0
B,G,G,5162,100,5162,1,0
C,G,G,1431,100,1431,1,0
D,G,G,5121,100,5121,1,0
E,G,G,7050,100,7050,1,0
F,G,G,4958,100,4958,1,0
G,H,G,4981,100,4981,1,0
A,H,H,5141,100,5141,1,0
B,H,H,7217,100,7217,1,0
C,H,H,5147,100,5147,1,0
D,H,H,1411,100,1411,1,0
E,H,H,4964,100,4964,1,0
F,H,H,6981,100,6981,1,0
G,H,H,4952,100,4952,1,0
A,B,A,4935,100,4935,1,0
A,C,A,6975,100,6975,1,0
A,D,A,4944,100,4944,1,0
A,E,A,1423,100,1423,1,0
A,F,A,5171,100,5171,1,0
A,G,A,7207,100,7207,1,0
A,H,A,5131,100,5131,1,0
A,B,B,4980,100,4980,1,0
B,C,B,4976,100,4976,1,0
B,D,B,7003,100,7003,1,0
B,E,B,5133,100,5133,1,0
B,F,B,1426,100,1426,1,0
B,G,B,5188,100,5188,1,0
B,H,B,7208,100,7208,1,0
A,C,C,7001,100,7001,1,0
B,C,C,4969,100,4969,1,0
C,D,C,4986,100,4986,1,0
C,E,C,7205,100,7205,1,0
C,F,C,5147,100,5147,1,0
C,G,C,1403,100,1403,1,0
C,H,C,5189,100,5189,1,0
A,D,D,4934,100,4934,1,0
B,D,D,7033,100,7033,1,0
C,D,D,4926,100,4926,1,0
D,E,D,5190,100,5190,1,0
D,F,D,7139,100,7139,1,0
D,G,D,5130,100,5130,1,0
D,H,D,1430,100,1430,1,0
A,E,E,1460,100,1460,1,0
B,E,E,5139,100,5139,1,0
C,E,E,7171,100,7171,1,0
D,E,E,5106,100,5106,1,0
E,F,E,4975,100,4975,1,0
E,G,E,7064,100,7064,1,0
E,H,E,4990,100,4990,1,0
A,F,F,5188,100,5188,1,0
B,F,F,1361,100,1361,1,0
C,F,F,5158,100,5158,1,0
D,F,F,7128,100,7128,1,0
E,F,F,4988,100,4988,1,0
F,G,F,4975,100,4975,1,0
F,H,F,6990,100,6990,1,0
A,G,G,7140,100,7140,1,0
B,G,G,5175,100,5175,1,0
C,G,G,1392,100,1392,1,0
D,G,G,5143,100,5143,1,0
E,G,G,7037,100,7037,1,0
F,G,G,4974,100,4974,1,0
G,H,G,4952,100,4952,1,0
A,H,H,5153,100,5153,1,0
B,H,H,7187,100,7187,1,0
C,H,H,5118,100,5118,1,0
D,H,H,1428,100,1428,1,0
E,H,H,4986,100,4986,1,0
F,H,H,6995,100,6995,1,0
G,H,H,4931,100,4931,1,0
A,B,A,4968,100,4968,1,0
A,C,A,7078,100,7078,1,0
A,D,A,4936,100,4936,1,0
A,E,A,1385,100,1385,1,0
A,F,A,5154,100,5154,1,0
A,G,A,7169,100,7169,1,0
A,H,A,5188,100,5188,1,0
A,B,B,4988,100,4988,1,0
B,C,B,5012,100,5012,1,0
B,D,B,6988,100,6988,1,0
B,E,B,5107,100,5107,1,0
B,F,B,1407,100,1407,1,0
B,G,B,5212,100,5212,1,0
B,H,B,7113,100,7113,1,0
A,C,C,7043,100,7043,1,0
B,C,C,4990,100,4990,1,0
C,D,C,4954,100,4954,1,0
C,E,C,7147,100,7147,1,0
C,F,C,5158,100,5158,1,0
C,G,C,1396,100,1396,1,0
C,H,C,5168,100,5168,1,0
A,D,D,4945,100,4945,1,0
B,D,D,6962,100,6962,1,0
C,D,D,4947,100,4947,1,0
D,E,D,5208,100,5208,1,0
D,F,D,7151,100,7151,1,0
D,G,D,5150,100,5150,1,0
D,H,D,1479,100,1479,1,0
A,E,E,1359,100,1359,1,0
B,E,E,5134,100,5134,1,0
C,E,E,7185,100,7185,1,0
D,E,E,5199,100,5199,1,0
E,F,E,4970,100,4970,1,0
E,G,E,7053,100,7053,1,0
E,H,E,5008,100,5008,1,0
A,F,F,5163,100,5163,1,0
B,F,F,1365,100,1365,1,0
C,F,F,5188,100,5188,1,0
D,F,F,7132,100,7132,1,0
E,F,F,4983,100,4983,1,0
F,G,F,4977,100,4977,1,0
F,H,F,7034,100,7034,1,0
A,G,G,7184,100,7184,1,0
B,G,G,5169,100,5169,1,0
C,G,G,1376,100,1376,1,0
D,G,G,5168,100,5168,1,0
E,G,G,7061,100,7061,1,0
F,G,G,4968,100,4968,1,0
G,H,G,4966,100,4966,1,0
A,H,H,5128,100,5128,1,0
B,H,H,7131,100,7131,1,0
C,H,H,5141,100,5141,1,0
D,H,H,1413,100,1413,1,0
E,H,H,5008,100,5008,1,0
F,H,H,6983,100,6983,1,0
G,H,H,4967,100,4967,1,0
A,B,A,4968,100,4968,1,0
A,C,A,7044,100,7044,1,0
A,D,A,4939,100,4939,1,0
A,E,A,1433,100,1433,1,0
A,F,A,5180,100,5180,1,0
A,G,A,7175,100,7175,1,0
A,H,A,5159,100,5159,1,0
A,B,B,4935,100,4935,1,0
B,C,B,4999,100,4999,1,0
B,D,B,7015,100,7015,1,0
B,E,B,5140,100,5140,1,0
B,F,B,1416,100,1416,1,0
B,G,B,5203,100,5203,1,0
B,H,B,7153,100,7153,1,0
A,C,C,7031,100,7031,1,0
B,C,C,4960,100,4960,1,0
C,D,C,4955,100,4955,1,0
C,E,C,7152,100,7152,1,0
C,F,C,5179,100,5179,1,0
C,G,C,1413,100,1413,1,0
C,H,C,5141,100,5141,1,0
A,D,D,4935,100,4935,1,0
B,D,D,7018,100,7018,1,0
C,D,D,4955,100,4955,1,0
D,E,D,5176,100,5176,1,0
D,F,D,7145,100,7145,1,0
D,G,D,5141,100,5141,1,0
D,H,D,1408,100,1408,1,0
A,E,E,1424,100,1424,1,0
B,E,E,5125,100,5125,1,0
C,E,E,7117,100,7117,1,0
D,E,E,5173,100,5173,1,0
E,F,E,4980,100,4980,1,0
E,G,E,7083,100,7083,1,0
E,H,E,4968,100,4968,1,0
A,F,F,5194,100,5194,1,0
B,F,F,1347,100,1347,1,0
C,F,F,5134,100,5134,1,0
D,F,F,7113,100,7113,1,0
E,F,F,4958,100,4958,1,0
F,G,F,4966,100,4966,1,0
F,H,F,6960,100,6960,1,0
A,G,G,7197,100,7197,1,0
B,G,G,5172,100,5172,1,0
C,G,G,1434,100,1434,1,0
D,G,G,5123,100,5123,1,0
E,G,G,7044,100,7044,1,0
F,G,G,4984,100,4984,1,0
G,H,G,4982,100,4982,1,0
A,H,H,5163,100,5163,1,0
B,H,H,7137,100,7137,1,0
C,H,H,5140,100,5140,1,0
D,H,H,1404,100,1404,1,0
E,H,H,4977,100,4977,1,0
F,H,H,6999,100,6999,1,0
G,H,H,4925,100,4925,1,0
A,B,A,4965,100,4965,1,0
A,C,A,6989,100,6989,1,0
A,D,A,4939,100,4939,1,0
A,E,A,1414,100,1414,1,0
A,F,A,5181,100,5181,1,0
A,G,A,7219,100,7219,1,0
A,H,A,5136,100,5136,1,0
A,B,B,4937,100,4937,1,0
B,C,B,4968,100,4968,1,0
B,D,B,6983,100,6983,1,0
B,E,B,5135,100,5135,1,0
B,F,B,1380,100,1380,1,0
B,G,B,5194,100,5194,1,0
B,H,B,7138,100,7138,1,0
A,C,C,7042,100,7042,1,0
B,C,C,4999,100,4999,1,0
C,D,C,4938,100,4938,1,0
C,E,C,7156,100,7156,1,0
C,F,C,5182,100,5182,1,0
C,G,C,1409,100,1409,1,0
C,H,C,5165,100,5165,1,0
A,D,D,4947,100,4947,1,0
B,D,D,7020,100,7020,1,0
C,D,D,4928,100,4928,1,0
D,E,D,5166,100,5166,1,0
D,F,D,7124,100,7124,1,0
D,G,D,5121,100,5121,1,0
D,H,D,1462,100,1462,1,0
A,E,E,1429,100,1429,1,0
B,E,E,5134,100,5134,1,0
C,E,E,7172,100,7172,1,0
D,E,E,5198,100,5198,1,0
E,F,E,4983,100,4983,1,0
E,G,E,7062,100,7062,1,0
E,H,E,5032,100,5032,1,0
A,F,F,5199,100,5199,1,0
B,F,F,1368,100,1368,1,0
C,F,F,5132,100,5132,1,0
D,F,F,7160,100,7160,1,0
E,F,F,4971,100,4971,1,0
F,G,F,4979,100,4979,1,0
F,H,F,6979,100,6979,1,0
A,G,G,7149,100,7149,1,0
B,G,G,5168,100,5168,1,0
C,G,G,1412,100,1412,1,0
D,G,G,5142,100,5142,1,0
E,G,G,7054,100,7054,1,0
F,G,G,4950,100,4950,1,0
G,H,G,4960,100,4960,1,0
A,H,H,5196,100,5196,1,0
B,H,H,7148,100,7148,1,0
C,H,H,5151,100,5151,1,0
D,H,H,1410,100,1410,1,0
E,H,H,4967,100,4967,1,0
F,H,H,6984,100,6984,1,0
G,H,H,4959,100,4959,1,0
A,B,A,4951,100,4951,1,0
A,C,A,7029,100,7029,1,0
A,D,A,4944,100,4944,1,0
A,E,A,1425,100,1425,1,0
A,F,A,5171,100,5171,1,0
A,G,A,7190,100,7190,1,0
A,H,A,5126,100,5126,1,0
A,B,B,4977,100,4977,1,0
B,C,B,4979,100,4979,1,0
B,D,B,6983,100,6983,1,0
B,E,B,5171,100,5171,1,0
B,F,B,1388,100,1388,1,0
B,G,B,5161,100,5161,1,0
B,H,B,7184,100,7184,1,0
A,C,C,7069,100,7069,1,0
B,C,C,4966,100,4966,1,0
C,D,C,4973,100,4973,1,0
C,E,C,7186,100,7186,1,0
C,F,C,5176,100,5176,1,0
C,G,C,1389,100,1389,1,0
C,H,C,5146,100,5146,1,0
A,D,D,4960,100,4960,1,0
B,D,D,6961,100,6961,1,0
C,D,D,4942,100,4942,1,0
D,E,D,5123,100,5123,1,0
D,F,D,7155,100,7155,1,0
D,G,D,5142,100,5142,1,0
D,H,D,1400,100,1400,1,0
A,E,E,1440,100,1440,1,0
B,E,E,5133,100,5133,1,0
C,E,E,7170,100,7170,1,0
D,E,E,5208,100,5208,1,0
E,F,E,4985,100,4985,1,0
E,G,E,7047,100,7047,1,0
E,H,E,4998,100,4998,1,0
A,F,F,5126,100,5126,1,0
B,F,F,1380,100,1380,1,0
C,F,F,5167,100,5167,1,0
D,F,F,7146,100,7146,1,0
E,F,F,4962,100,4962,1,0
F,G,F,4981,100,4981,1,0
F,H,F,7048,100,7048,1,0
A,G,G,7129,100,7129,1,0
B,G,G,5174,100,5174,1,0
C,G,G,1372,100,1372,1,0
D,G,G,5130,100,5130,1,0
E,G,G,7037,100,7037,1,0
F,G,G,4966,100,4966,1,0
G,H,G,4989,100,4989,1,0
A,H,H,5146,100,5146,1,0
B,H,H,7150,100,7150,1,0
C,H,H,5152,100,5152,1,0
D,H,H,1400,100,1400,1,0
E,H,H,4984,100,4984,1,0
F,H,H,7010,100,7010,1,0
G,H,H,4967,100,4967,1,0
A,B,A,4947,100,4947,1,0
A,C,A,7037,100,7037,1,0
A,D,A,4946,100,4946,1,0
A,E,A,1445,100,1445,1,0
A,F,A,5175,100,5175,1,0
A,G,A,7120,100,7120,1,0
A,H,A,5157,100,5157,1,0
A,B,B,4934,100,4934,1,0
B,C,B,4988,100,4988,1,0
B,D,B,7037,100,7037,1,0
B,E,B,5127,100,5127,1,0
B,F,B,1393,100,1393,1,0
B,G,B,5225,100,5225,1,0
B,H,B,7186,100,7186,1,0
A,C,C,7011,100,7011,1,0
B,C,C,4980,100,4980,1,0
C,D,C,4916,100,4916,1,0
C,E,C,7161,100,7161,1,0
C,F,C,5139,100,5139,1,0
C,G,C,1384,100,1384,1,0
C,H,C,5174,100,5174,1,0
A,D,D,4957,100,4957,1,0
B,D,D,7005,100,7005,1,0
C,D,D,4962,100,4962,1,0
D,E,D,5197,100,5197,1,0
D,F,D,7114,100,7114,1,0
D,G,D,5148,100,5148,1,0
D,H,D,1415,100,1415,1,0
A,E,E,1489,100,1489,1,0
B,E,E,5169,100,5169,1,0
C,E,E,7211,100,7211,1,0
D,E,E,5108,100,5108,1,0
E,F,E,4993,100,4993,1,0
E,G,E,7058,100,7058,1,0
E,H,E,4959,100,4959,1,0
A,F,F,5179,100,5179,1,0
B,F,F,1416,100,1416,1,0
C,F,F,5126,100,5126,1,0
D,F,F,7145,100,7145,1,0
E,F,F,4981,100,4981,1,0
F,G,F,4968,100,4968,1,0
F,H,F,6965,100,6965,1,0
A,G,G,7192,100,7192,1,0
B,G,G,5169,100,5169,1,0
C,G,G,1390,100,1390,1,0
D,G,G,5137,100,5137,1,0
E,G,G,7060,100,7060,1,0
F,G,G,4960,100,4960,1,0
G,H,G,4984,100,4984,1,0
A,H,H,5144,100,5144,1,0
B,H,H,7186,100,7186,1,0
C,H,H,5130,100,5130,1,0
D,H,H,1459,100,1459,1,0
E,H,H,4964,100,4964,1,0
F,H,H,7033,100,7033,1,0
G,H,H,4925,100,4925,1,0
A,B,A,4986,100,4986,1,0
A,C,A,7018,100,7018,1,0
A,D,A,4963,100,4963,1,0
A,E,A,1428,100,1428,1,0
A,F,A,5189,100,5189,1,0
A,G,A,7153,100,7153,1,0
A,H,A,5133,100,5133,1,0
A,B,B,4943,100,4943,1,0
B,C,B,4962,100,4962,1,0
B,D,B,7030,100,7030,1,0
B,E,B,5140,100,5140,1,0
B,F,B,1399,100,1399,1,0
B,G,B,5198,100,5198,1,0
B,H,B,7132,100,7132,1,0
A,C,C,7072,100,7072,1,0
B,C,C,5002,100,5002,1,0
C,D,C,4966,100,4966,1,0
C,E,C,7189,100,7189,1,0
C,F,C,5154,100,5154,1,0
C,G,C,1354,100,1354,1,0
C,H,C,5142,100,5142,1,0
A,D,D,4942,100,4942,1,0
B,D,D,7045,100,7045,1,0
C,D,D,4955,100,4955,1,0
D,E,D,5213,100,5213,1,0
D,F,D,7142,100,7142,1,0
D,G,D,5152,100,5152,1,0
D,H,D,1427,100,1427,1,0
A,E,E,1370,100,1370,1,0
B,E,E,5161,100,5161,1,0
C,E,E,7151,100,7151,1,0
D,E,E,5129,100,5129,1,0
E,F,E,4975,100,4975,1,0
E,G,E,7047,100,7047,1,0
E,H,E,4961,100,4961,1,0
A,F,F,5137,100,5137,1,0
B,F,F,1396,100,1396,1,0
C,F,F,5152,100,5152,1,0
D,F,F,7129,100,7129,1,0
E,F,F,4970,100,4970,1,0
F,G,F,4984,100,4984,1,0
F,H,F,7041,100,7041,1,0
A,G,G,7169,100,7169,1,0
B,G,G,5229,100,5229,1,0
C,G,G,1368,100,1368,1,0
D,G,G,5131,100,5131,1,0
E,G,G,7073,100,7073,1,0
F,G,G,4987,100,4987,1,0
G,H,G,4959,100,4959,1,0
A,H,H,5184,100,5184,1,0
B,H,H,7198,100,7198,1,0
C,H,H,5098,100,5098,1,0
D,H,H,1444,100,1444,1,0
E,H,H,4983,100,4983,1,0
F,H,H,6956,100,6956,1,0
G,H,H,4962,100,4962,1,0
A,B,A,4999,100,4999,1,0
A,C,A,7070,100,7070,1,0
A,D,A,4959,100,4959,1,0
A,E,A,1369,100,1369,1,0
A,F,A,5216,100,5216,1,0
A,G,A,7161,100,7161,1,0
A,H,A,5200,100,5200,1,0
A,B,B,4966,100,4966,1,0
B,C,B,4992,100,4992,1,0
B,D,B,6984,100,6984,1,0
B,E,B,5151,100,5151,1,0
B,F,B,1372,100,1372,1,0
B,G,B,5185,100,5185,1,0
B,H,B,7137,100,7137,1,0
A,C,C,7051,100,7051,1,0
B,C,C,4977,100,4977,1,0
C,D,C,4936,100,4936,1,0
C,E,C,7180,100,7180,1,0
C,F,C,5141,100,5141,1,0
C,G,C,1363,100,1363,1,0
C,H,C,5170,100,5170,1,0
A,D,D,4934,100,4934,1,0
B,D,D,6990,100,6990,1,0
C,D,D,4985,100,4985,1,0
D,E,D,5086,100,5086,1,0
D,F,D,7123,100,7123,1,0
D,G,D,5130,100,5130,1,0
D,H,D,1419,100,1419,1,0
A,E,E,1429,100,1429,1,0
B,E,E,5138,100,5138,1,0
C,E,E,7229,100,7229,1,0
D,E,E,5151,100,5151,1,0
E,F,E,4959,100,4959,1,0
E,G,E,7052,100,7052,1,0
E,H,E,4964,100,4964,1,0
A,F,F,5191,100,5191,1,0
B,F,F,1399,100,1399,1,0
C,F,F,5137,100,5137,1,0
D,F,F,7172,100,7172,1,0
E,F,F,4967,100,4967,1,0
F,G,F,4968,100,4968,1,0
F,H,F,7030,100,7030,1,0
A,G,G,7157,100,7157,1,0
B,G,G,5201,100,5201,1,0
C,G,G,1429,100,1429,1,0
D,G,G,5161,100,5161,1,0
E,G,G,7028,100,7028,1,0
F,G,G,4994,100,4994,1,0
G,H,G,4963,100,4963,1,0
A,H,H,5228,100,5228,1,0
B,H,H,7125,100,7125,1,0
C,H,H,5177,100,5177,1,0
D,H,H,1424,100,1424,1,0
E,H,H,4942,100,4942,1,0
F,H,H,6995,100,6995,1,0
G,H,H,4952,100,4952,1,0
A,B,A,4952,100,4952,1,0
A,C,A,7008,100,7008,1,0
A,D,A,4920,100,4920,1,0
A,E,A,1392,100,1392,1,0
A,F,A,5200,100,5200,1,0
A,G,A,7123,100,7123,1,0
A,H,A,5148,100,5148,1,0
A,B,B,4932,100,4932,1,0
B,C,B,4989,100,4989,1,0
B,D,B,7021,100,7021,1,0
B,E,B,5102,100,5102,1,0
B,F,B,1399,100,1399,1,0
B,G,B,5176,100,5176,1,0
B,H,B,7134,100,7134,1,0
A,C,C,7009,100,7009,1,0
B,C,C,4967,100,4967,1,0
C,D,C,4949,100,4949,1,0
C,E,C,7208,100,7208,1,0
C,F,C,5153,100,5153,1,0
C,G,C,1380,100,1380,1,0
C,H,C,5171,100,5171,1,0
A,D,D,4933,100,4933,1,0
B,D,D,7045,100,7045,1,0
C,D,D,4968,100,4968,1,0
D,E,D,5172,100,5172,1,0
D,F,D,7123,100,7123,1,0
D,G,D,5151,100,5151,1,0
D,H,D,1382,100,1382,1,0
A,E,E,1386,100,1386,1,0
B,E,E,5142,100,5142,1,0
C,E,E,7185,100,7185,1,0
D,E,E,5135,100,5135,1,0
E,F,E,4992,100,4992,1,0
E,G,E,7076,100,7076,1,0
E,H,E,4977,100,4977,1,0
A,F,F,5218,100,5218,1,0
B,F,F,1372,100,1372,1,0
C,F,F,5178,100,5178,1,0
D,F,F,7147,100,7147,1,0
E,F,F,4982,100,4982,1,0
F,G,F,4958,100,4958,1,0
F,H,F,6955,100,6955,1,0
A,G,G,7186,100,7186,1,0
B,G,G,5212,100,5212,1,0
C,G,G,1418,100,1418,1,0
D,G,G,5153,100,5153,1,0
E,G,G,7049,100,7049,1,0
F,G,G,4950,100,4950,1,0
G,H,G,4923,100,4923,1,0
A,H,H,5146,100,5146,1,0
B,H,H,7146,100,7146,1,0
C,H,H,5163,100,5163,1,0
D,H,H,1373,100,1373,1,0
E,H,H,4960,100,4960,1,0
F,H,H,7028,100,7028,1,0
G,H,H,4966,100,4966,1,0
A,B,A,4968,100,4968,1,0
A,C,A,7002,100,7002,1,0
A,D,A,4949,100,4949,1,0
A,E,A,1373,100,1373,1,0
A,F,A,5162,100,5162,1,0
A,G,A,7166,100,7166,1,0
A,H,A,5130,100,5130,1,0
A,B,B,4942,100,4942,1,0
B,C,B,4973,100,4973,1,0
B,D,B,7034,100,7034,1,0
B,E,B,5127,100,5127,1,0
B,F,B,1393,100,1393,1,0
B,G,B,5184,100,5184,1,0
B,H,B,7168,100,7168,1,0
A,C,C,7045,100,7045,1,0
B,C,C,4977,100,4977,1,0
C,D,C,4966,100,4966,1,0
C,E,C,7162,100,7162,1,0
C,F,C,5173,100,5173,1,0
C,G,C,1403,100,1403,1,0
C,H,C,5157,100,5157,1,0
A,D,D,4941,100,4941,1,0
B,D,D,7022,100,7022,1,0
C,D,D,4943,100,4943,1,0
D,E,D,5136,100,5136,1,0
D,F,D,7152,100,7152,1,0
D,G,D,5159,100,5159,1,0
D,H,D,1465,100,1465,1,0
A,E,E,1397,100,1397,1,0
B,E,E,5144,100,5144,1,0
C,E,E,7217,100,7217,1,0
D,E,E,5163,100,5163,1,0
E,F,E,4973,100,4973,1,0
E,G,E,7055,100,7055,1,0
E,H,E,4989,100,4989,1,0
A,F,F,5198,100,5198,1,0
B,F,F,1430,100,1430,1,0
C,F,F,5150,100,5150,1,0
D,F,F,7137,100,7137,1,0
E,F,F,4947,100,4947,1,0
F,G,F,4974,100,4974,1,0
F,H,F,7040,100,7040,1,0
A,G,G,7130,100,7130,1,0
B,G,G,5184,100,5184,1,0
C,G,G,1415,100,1415,1,0
D,G,G,5132,100,5132,1,0
E,G,G,7094,100,7094,1,0
F,G,G,4987,100,4987,1,0
G,H,G,5003,100,5003,1,0
A,H,H,5141,100,5141,1,0
B,H,H,7163,100,7163,1,0
C,H,H,5146,100,5146,1,0
D,H,H,1394,100,1394,1,0
E,H,H,4935,100,4935,1,0
F,H,H,7048,100,7048,1,0
G,H,H,4933,100,4933,1,0
A,B,A,4972,100,4972,1,0
A,C,A,6973,100,6973,1,0
A,D,A,4976,100,4976,1,0
A,E,A,1421,100,1421,1,0
A,F,A,5189,100,5189,1,0
A,G,A,7148,100,7148,1,0
A,H,A,5169,100,5169,1,0
A,B,B,4937,100,4937,1,0
B,C,B,4996,100,4996,1,0
B,D,B,6990,100,6990,1,0
B,E,B,5125,100,5125,1,0
B,F,B,1379,100,1379,1,0
B,G,B,5186,100,5186,1,0
B,H,B,7102,100,7102,1,0
A,C,C,7019,100,7019,1,0
B,C,C,5014,100,5014,1,0
C,D,C,4991,100,4991,1,0
C,E,C,7174,100,7174,1,0
C,F,C,5159,100,5159,1,0
C,G,C,1428,100,1428,1,0
C,H,C,5184,100,5184,1,0
A,D,D,4954,100,4954,1,0
B,D,D,6960,100,6960,1,0
C,D,D,4950,100,4950,1,0
D,E,D,5174,100,5174,1,0
D,F,D,7131,100,7131,1,0
D,G,D,5132,100,5132,1,0
D,H,D,1405,100,1405,1,0
A,E,E,1419,100,1419,1,0
B,E,E,5175,100,5175,1,0
C,E,E,7199,100,7199,1,0
D,E,E,5198,100,5198,1,0
E,F,E,4947,100,4947,1,0
E,G,E,7054,100,7054,1,0
E,H,E,4983,100,4983,1,0
A,F,F,5156,100,5156,1,0
B,F,F,1360,100,1360,1,0
C,F,F,5143,100,5143,1,0
D,F,F,7113,100,7113,1,0
E,F,F,4952,100,4952,1,0
F,G,F,4980,100,4980,1,0
F,H,F,6984,100,6984,1,0
A,G,G,7185,100,7185,1,0
B,G,G,5180,100,5180,1,0
C,G,G,1414,100,1414,1,0
D,G,G,5169,100,5169,1,0
E,G,G,7060,100,7060,1,0
F,G,G,4964,100,4964,1,0
G,H,G,4974,100,4974,1,0
A,H,H,5175,100,5175,1,0
B,H,H,7124,100,7124,1,0
C,H,H,5119,100,5119,1,0
D,H,H,1426,100,1426,1,0
E,H,H,4976,100,4976,1,0
F,H,H,7011,100,7011,1,0
G,H,H,4937,100,4937,1,0
A,B,A,4964,100,4964,1,0
A,C,A,6983,100,6983,1,0
A,D,A,4938,100,4938,1,0
A,E,A,1436,100,1436,1,0
A,F,A,5198,100,5198,1,0
A,G,A,7173,100,7173,1,0
A,H,A,5143,100,5143,1,0
A,B,B,4994,100,4994,1,0
B,C,B,4965,100,4965,1,0
B,D,B,7058,100,7058,1,0
B,E,B,5114,100,5114,1,0
B,F,B,1405,100,1405,1,0
B,G,B,5181,100,5181,1,0
B,H,B,7137,100,7137,1,0
A,C,C,7038,100,7038,1,0
B,C,C,4965,100,4965,1,0
C,D,C,4949,100,4949,1,0
C,E,C,7159,100,7159,1,0
C,F,C,5153,100,5153,1,0
C,G,C,1364,100,1364,1,0
C,H,C,5171,100,5171,1,0
A,D,D,4951,100,4951,1,0
B,D,D,7003,100,7003,1,0
C,D,D,4955,100,4955,1,0
D,E,D,5166,100,5166,1,0
D,F,D,7125,100,7125,1,0
D,G,D,5138,100,5138,1,0
D,H,D,1371,100,1371,1,0
A,E,E,1461,100,1461,1,0
B,E,E,5167,100,5167,1,0
C,E,E,7144,100,7144,1,0
D,E,E,5152,100,5152,1,0
E,F,E,4981,100,4981,1,0
E,G,E,7028,100,7028,1,0
E,H,E,4980,100,4980,1,0
A,F,F,5173,100,5173,1,0
B,F,F,1439,100,1439,1,0
C,F,F,5151,100,5151,1,0
D,F,F,7147,100,7147,1,0
E,F,F,4978,100,4978,1,0
F,G,F,4962,100,4962,1,0
F,H,F,7006,100,7006,1,0
A,G,G,7127,100,7127,1,0
B,G,G,5173,100,5173,1,0
C,G,G,1390,100,1390,1,0
D,G,G,5140,100,5140,1,0
E,G,G,7060,100,7060,1,0
F,G,G,4973,100,4973,1,0
G,H,G,4930,100,4930,1,0
A,H,H,5140,100,5140,1,0
B,H,H,7129,100,7129,1,0
C,H,H,5150,100,5150,1,0
D,H,H,1439,100,1439,1,0
E,H,H,4983,100,4983,1,0
F,H,H,7028,100,7028,1,0
G,H,H,4975,100,4975,1,0
A,B,A,4938,100,4938,1,0
A,C,A,7056,100,7056,1,0
A,D,A,4950,100,4950,1,0
A,E,A,1417,100,1417,1,0
A,F,A,5162,100,5162,1,0
A,G,A,7116,100,7116,1,0
A,H,A,5139,100,5139,1,0
A,B,B,4948,100,4948,1,0
B,C,B,4948,100,4948,1,0
B,D,B,7004,100,7004,1,0
B,E,B,5163,100,5163,1,0
B,F,B,1399,100,1399,1,0
B,G,B,5188,100,5188,1,0
B,H,B,7162,100,7162,1,0
A,C,C,7020,100,7020,1,0
B,C,C,4977,100,4977,1,0
C,D,C,4920,100,4920,1,0
C,E,C,7150,100,7150,1,0
C,F,C,5170,100,5170,1,0
C,G,C,1384,100,1384,1,0
C,H,C,5152,100,5152,1,0
A,D,D,4936,100,4936,1,0
B,D,D,6995,100,6995,1,0
C,D,D,4933,100,4933,1,0
D,E,D,5162,100,5162,1,0
D,F,D,7113,100,7113,1,0
D,G,D,5158,100,5158,1,0
D,H,D,1394,100,1394,1,0
A,E,E,1357,100,1357,1,0
B,E,E,5073,100,5073,1,0
C,E,E,7173,100,7173,1,0
D,E,E,5222,100,5222,1,0
E,F,E,4975,100,4975,1,0
E,G,E,7051,100,7051,1,0
E,H,E,4975,100,4975,1,0
A,F,F,5197,100,5197,1,0
B,F,F,1411,100,1411,1,0
C,F,F,5151,100,5151,1,0
D,F,F,7114,100,7114,1,0
E,F,F,4964,100,4964,1,0
F,G,F,4967,100,4967,1,0
F,H,F,7008,100,7008,1,0
A,G,G,7189,100,7189,1,0
B,G,G,5170,100,5170,1,0
C,G,G,1416,100,1416,1,0
D,G,G,5153,100,5153,1,0
E,G,G,7041,100,7041,1,0
F,G,G,4977,100,4977,1,0
G,H,G,4921,100,4921,1,0
A,H,H,5120,100,5120,1,0
B,H,H,7137,100,7137,1,0
C,H,H,5197,100,5197,1,0
D,H,H,1423,100,1423,1,0
E,H,H,4988,100,4988,1,0
F,H,H,7042,100,7042,1,0
G,H,H,4927,100,4927,1,0
A,B,A,4960,100,4960,1,0
A,C,A,7047,100,7047,1,0
A,D,A,4947,100,4947,1,0
A,E,A,1426,100,1426,1,0
A,F,A,5200,100,5200,1,0
A,G,A,7167,100,7167,1,0
A,H,A,5172,100,5172,1,0
A,B,B,4957,100,4957,1,0
B,C,B,5027,100,5027,1,0
B,D,B,7006,100,7006,1,0
B,E,B,5142,100,5142,1,0
B,F,B,1387,100,1387,1,0
B,G,B,5184,100,5184,1,0
B,H,B,7147,100,7147,1,0
A,C,C,7023,100,7023,1,0
B,C,C,4982,100,4982,1,0
C,D,C,4978,100,4978,1,0
C,E,C,7181,100,7181,1,0
C,F,C,5152,100,5152,1,0
C,G,C,1367,100,1367,1,0
C,H,C,5121,100,5121,1,0
A,D,D,4922,100,4922,1,0
B,D,D,7023,100,7023,1,0
C,D,D,4926,100,4926,1,0
D,E,D,5202,100,5202,1,0
D,F,D,7144,100,7144,1,0
D,G,D,5147,100,5147,1,0
D,H,D,1374,100,1374,1,0
A,E,E,1422,100,1422,1,0
B,E,E,5138,100,5138,1,0
C,E,E,7199,100,7199,1,0
D,E,E,5184,100,5184,1,0
E,F,E,4967,100,4967,1,0
E,G,E,7034,100,7034,1,0
E,H,E,4941,100,4941,1,0
A,F,F,5190,100,5190,1,0
B,F,F,1412,100,1412,1,0
C,F,F,5159,100,5159,1,0
D,F,F,7121,100,7121,1,0
E,F,F,4984,100,4984,1,0
F,G,F,4954,100,4954,1,0
F,H,F,7011,100,7011,1,0
A,G,G,7220,100,7220,1,0
B,G,G,5169,100,5169,1,0
C,G,G,1432,100,1432,1,0
D,G,G,5125,100,5125,1,0
E,G,G,7031,100,7031,1,0
F,G,G,4999,100,4999,1,0
G,H,G,4945,100,4945,1,0
A,H,H,5151,100,5151,1,0
B,H,H,7115,100,7115,1,0
C,H,H,5192,100,5192,1,0
D,H,H,1408,100,1408,1,0
E,H,H,5017,100,5017,1,0
F,H,H,7017,100,7017,1,0
G,H,H,4957,100,4957,1,0
A,B,A,4937,100,4937,1,0
A,C,A,7038,100,7038,1,0
A,D,A,4940,100,4940,1,0
A,E,A,1438,100,1438,1,0
A,F,A,5168,100,5168,1,0
A,G,A,7215,100,7215,1,0
A,H,A,5202,100,5202,1,0
A,B,B,4947,100,4947,1,0
B,C,B,4962,100,4962,1,0
B,D,B,6976,100,6976,1,0
B,E,B,5143,100,5143,1,0
B,F,B,1403,100,1403,1,0
B,G,B,5196,100,5196,1,0
B,H,B,7152,100,7152,1,0
A,C,C,7065,100,7065,1,0
B,C,C,4984,100,4984,1,0
C,D,C,4980,100,4980,1,0
C,E,C,7217,100,7217,1,0
C,F,C,5189,100,5189,1,0
C,G,C,1378,100,1378,1,0
C,H,C,5130,100,5130,1,0
A,D,D,4928,100,4928,1,0
B,D,D,7055,100,7055,1,0
C,D,D,4966,100,4966,1,0
D,E,D,5163,100,5163,1,0
D,F,D,7107,100,7107,1,0
D,G,D,5147,100,5147,1,0
D,H,D,1384,100,1384,1,0
A,E,E,1450,100,1450,1,0
B,E,E,5125,100,5125,1,0
C,E,E,7187,100,7187,1,0
D,E,E,5144,100,5144,1,0
E,F,E,5012,100,5012,1,0
E,G,E,7030,100,7030,1,0
E,H,E,4935,100,4935,1,0
A,F,F,5167,100,5167,1,0
B,F,F,1396,100,1396,1,0
C,F,F,5159,100,5159,1,0
D,F,F,7130,100,7130,1,0
E,F,F,4978,100,4978,1,0
F,G,F,4971,100,4971,1,0
F,H,F,7028,100,7028,1,0
A,G,G,7137,100,7137,1,0
B,G,G,5161,100,5161,1,0
C,G,G,1350,100,1350,1,0
D,G,G,5122,100,5122,1,0
E,G,G,7034,100,7034,1,0
F,G,G,4950,100,4950,1,0
G,H,G,4953,100,4953,1,0
A,H,H,5086,100,5086,1,0
B,H,H,7137,100,7137,1,0
C,H,H,5139,100,5139,1,0
D,H,H,1387,100,1387,1,0
E,H,H,4968,100,4968,1,0
F,H,H,7049,100,7049,1,0
G,H,H,4955,100,4955,1,0
A,B,A,4962,100,4962,1,0
A,C,A,7026,100,7026,1,0
A,D,A,4950,100,4950,1,0
A,E,A,1425,100,1425,1,0
A,F,A,5169,100,5169,1,0
A,G,A,7149,100,7149,1,0
A,H,A,5153,100,5153,1,0
A,B,B,4992,100,4992,1,0
B,C,B,4967,100,4967,1,0
B,D,B,7000,100,7000,1,0
B,E,B,5160,100,5160,1,0
B,F,B,1394,100,1394,1,0
B,G,B,5166,100,5166,1,0
B,H,B,7102,100,7102,1,0
A,C,C,7035,100,7035,1,0
B,C,C,4992,100,4992,1,0
C,D,C,4958,100,4958,1,0
C,E,C,7168,100,7168,1,0
C,F,C,5164,100,5164,1,0
C,G,C,1433,100,1433,1,0
C,H,C,5135,100,5135,1,0
A,D,D,4921,100,4921,1,0
B,D,D,7026,100,7026,1,0
C,D,D,4921,100,4921,1,0
D,E,D,5111,100,5111,1,0
D,F,D,7158,100,7158,1,0
D,G,D,5147,100,5147,1,0
D,H,D,1432,100,1432,1,0
A,E,E,1374,100,1374,1,0
B,E,E,5116,100,5116,1,0
C,E,E,7184,100,7184,1,0
D,E,E,5159,100,5159,1,0
E,F,E,4982,100,4982,1,0
E,G,E,7043,100,7043,1,0
E,H,E,4949,100,4949,1,0
A,F,F,5155,100,5155,1,0
B,F,F,1385,100,1385,1,0
C,F,F,5136,100,5136,1,0
D,F,F,7175,100,7175,1,0
E,F,F,4984,100,4984,1,0
F,G,F,4992,100,4992,1,0
F,H,F,7008,100,7008,1,0
A,G,G,7193,100,7193,1,0
B,G,G,5168,100,5168,1,0
C,G,G,1371,100,1371,1,0
D,G,G,5146,100,5146,1,0
E,G,G,7073,100,7073,1,0
F,G,G,4939,100,4939,1,0
G,H,G,4954,100,4954,1,0
A,H,H,5166,100,5166,1,0
B,H,H,7147,100,7147,1,0
C,H,H,5178,100,5178,1,0
D,H,H,1438,100,1438,1,0
E,H,H,4967,100,4967,1,0
F,H,H,7024,100,7024,1,0
G,H,H,4954,100,4954,1,0
A,B,A,4979,100,4979,1,0
A,C,A,7001,100,7001,1,0
A,D,A,4958,100,4958,1,0
A,E,A,1453,100,1453,1,0
A,F,A,5175,100,5175,1,0
A,G,A,7179,100,7179,1,0
A,H,A,5158,100,5158,1,0
A,B,B,4937,100,4937,1,0
B,C,B,4975,100,4975,1,0
B,D,B,7046,100,7046,1,0
B,E,B,5148,100,5148,1,0
B,F,B,1408,100,1408,1,0
B,G,B,5200,100,5200,1,0
B,H,B,7152,100,7152,1,0
A,C,C,6983,100,6983,1,0
B,C,C,4974,100,4974,1,0
C,D,C,4935,100,4935,1,0
C,E,C,7200,100,7200,1,0
C,F,C,5108,100,5108,1,0
C,G,C,1378,100,1378,1,0
C,H,C,5147,100,5147,1,0
A,D,D,4946,100,4946,1,0
B,D,D,6992,100,6992,1,0
C,D,D,4920,100,4920,1,0
D,E,D,5188,100,5188,1,0
D,F,D,7141,100,7141,1,0
D,G,D,5118,100,5118,1,0
D,H,D,1411,100,1411,1,0
A,E,E,1482,100,1482,1,0
B,E,E,5155,100,5155,1,0
C,E,E,7145,100,7145,1,0
D,E,E,5203,100,5203,1,0
E,F,E,4997,100,4997,1,0
E,G,E,7054,100,7054,1,0
E,H,E,4956,100,4956,1,0
A,F,F,5160,100,5160,1,0
B,F,F,1378,100,1378,1,0
C,F,F,5158,100,5158,1,0
D,F,F,7153,100,7153,1,0
E,F,F,4966,100,4966,1,0
F,G,F,4996,100,4996,1,0
F,H,F,7044,100,7044,1,0
A,G,G,7147,100,7147,1,0
B,G,G,5165,100,5165,1,0
C,G,G,1399,100,1399,1,0
D,G,G,5115,100,5115,1,0
E,G,G,7031,100,7031,1,0
F,G,G,4952,100,4952,1,0
G,H,G,4955,100,4955,1,0
A,H,H,5106,100,5106,1,0
B,H,H,7164,100,7164,1,0
C,H,H,5180,100,5180,1,0
D,H,H,1453,100,1453,1,0
E,H,H,4976,100,4976,1,0
F,H,H,6985,100,6985,1,0
G,H,H,4914,100,4914,1,0
A,B,A,4984,100,4984,1,0
A,C,A,7001,100,7001,1,0
A,D,A,4914,100,4914,1,0
A,E,A,1440,100,1440,1,0
A,F,A,5190,100,5190,1,0
A,G,A,7160,100,7160,1,0
A,H,A,5155,100,5155,1,0
A,B,B,4988,100,4988,1,0
B,C,B,4987,100,4987,1,0
B,D,B,6995,100,6995,1,0
B,E,B,5170,100,5170,1,0
B,F,B,1343,100,1343,1,0
B,G,B,5199,100,5199,1,0
B,H,B,7140,100,7140,1,0
A,C,C,7084,100,7084,1,0
B,C,C,4973,100,4973,1,0
C,D,C,4947,100,4947,1,0
C,E,C,7196,100,7196,1,0
C,F,C,5164,100,5164,1,0
C,G,C,1403,100,1403,1,0
C,H,C,5140,100,5140,1,0
A,D,D,4963,100,4963,1,0
B,D,D,7020,100,7020,1,0
C,D,D,4971,100,4971,1,0
D,E,D,5120,100,5120,1,0
D,F,D,7111,100,7111,1,0
D,G,D,5126,100,5126,1,0
D,H,D,1384,100,1384,1,0
A,E,E,1455,100,1455,1,0
B,E,E,5107,100,5107,1,0
C,E,E,7223,100,7223,1,0
D,E,E,5213,100,5213,1,0
E,F,E,5013,100,5013,1,0
E,G,E,7043,100,7043,1,0
E,H,E,4992,100,4992,1,0
A,F,F,5184,100,5184,1,0
B,F,F,1404,100,1404,1,0
C,F,F,5147,100,5147,1,0
D,F,F,7130,100,7130,1,0
E,F,F,4968,100,4968,1,0
F,G,F,4985,100,4985,1,0
F,H,F,7039,100,7039,1,0
A,G,G,7150,100,7150,1,0
B,G,G,5208,100,5208,1,0
C,G,G,1404,100,1404,1,0
D,G,G,5147,100,5147,1,0
E,G,G,7079,100,7079,1,0
F,G,G,5008,100,5008,1,0
G,H,G,4945,100,4945,1,0
A,H,H,5135,100,5135,1,0
B,H,H,7170,100,7170,1,0
C,H,H,5165,100,5165,1,0
D,H,H,1379,100,1379,1,0
E,H,H,4977,100,4977,1,0
F,H,H,7009,100,7009,1,0
G,H,H,4924,100,4924,1,0
A,B,A,4967,100,4967,1,0
A,C,A,7025,100,7025,1,0
A,D,A,4929,100,4929,1,0
A,E,A,1383,100,1383,1,0
A,F,A,5197,100,5197,1,0
A,G,A,7181,100,7181,1,0
A,H,A,5085,100,5085,1,0
A,B,B,4974,100,4974,1,0
B,C,B,4975,100,4975,1,0
B,D,B,7021,100,7021,1,0
B,E,B,5161,100,5161,1,0
B,F,B,1401,100,1401,1,0
B,G,B,5178,100,5178,1,0
B,H,B,7125,100,7125,1,0
A,C,C,7037,100,7037,1,0
B,C,C,4961,100,4961,1,0
C,D,C,4945,100,4945,1,0
C,E,C,7177,100,7177,1,0
C,F,C,5119,100,5119,1,0
C,G,C,1371,100,1371,1,0
C,H,C,5153,100,5153,1,0
A,D,D,4939,100,4939,1,0
B,D,D,7024,100,7024,1,0
C,D,D,4912,100,4912,1,0
D,E,D,5174,100,5174,1,0
D,F,D,7160,100,7160,1,0
D,G,D,5150,100,5150,1,0
D,H,D,1403,100,1403,1,0
A,E,E,1412,100,1412,1,0
B,E,E,5110,100,5110,1,0
C,E,E,7146,100,7146,1,0
D,E,E,5191,100,5191,1,0
E,F,E,4950,100,4950,1,0
E,G,E,7035,100,7035,1,0
E,H,E,4995,100,4995,1,0
A,F,F,5192,100,5192,1,0
B,F,F,1394,100,1394,1,0
C,F,F,5166,100,5166,1,0
D,F,F,7131,100,7131,1,0
E,F,F,4971,100,4971,1,0
F,G,F,4967,100,4967,1,0
F,H,F,6970,100,6970,1,0
A,G,G,7152,100,7152,1,0
B,G,G,5171,100,5171,1,0
C,G,G,1405,100,1405,1,0
D,G,G,5120,100,5120,1,0
E,G,G,7058,100,7058,1,0
F,G,G,4953,100,4953,1,0
G,H,G,4986,100,4986,1,0
A,H,H,5128,100,5128,1,0
B,H,H,7132,100,7132,1,0
C,H,H,5122,100,5122,1,0
D,H,H,1433,100,1433,1,0
E,H,H,4965,100,4965,1,0
F,H,H,6966,100,6966,1,0
G,H,H,4984,100,4984,1,0
A,B,A,4916,100,4916,1,0
A,C,A,7050,100,7050,1,0
A,D,A,4952,100,4952,1,0
A,E,A,1439,100,1439,1,0
A,F,A,5187,100,5187,1,0
A,G,A,7162,100,7162,1,0
A,H,A,5180,100,5180,1,0
A,B,B,4925,100,4925,1,0
B,C,B,4978,100,4978,1,0
B,D,B,6982,100,6982,1,0
B,E,B,5164,100,5164,1,0
B,F,B,1415,100,1415,1,0
B,G,B,5171,100,5171,1,0
B,H,B,7116,100,7116,1,0
A,C,C,7042,100,7042,1,0
B,C,C,4959,100,4959,1,0
C,D,C,4930,100,4930,1,0
C,E,C,7162,100,7162,1,0
C,F,C,5166,100,5166,1,0
C,G,C,1373,100,1373,1,0
C,H,C,5177,100,5177,1,0
A,D,D,4940,100,4940,1,0
B,D,D,6997,100,6997,1,0
C,D,D,4934,100,4934,1,0
D,E,D,5184,100,5184,1,0
D,F,D,7143,100,7143,1,0
D,G,D,5147,100,5147,1,0
D,H,D,1358,100,1358,1,0
A,E,E,1350,100,1350,1,0
B,E,E,5186,100,5186,1,0
C,E,E,7188,100,7188,1,0
D,E,E,5229,100,5229,1,0
E,F,E,4944,100,4944,1,0
E,G,E,7058,100,7058,1,0
E,H,E,4968,100,4968,1,0
A,F,F,5180,100,5180,1,0
B,F,F,1410,100,1410,1,0
C,F,F,5165,100,5165,1,0
D,F,F,7130,100,7130,1,0
E,F,F,4966,100,4966,1,0
F,G,F,4983,100,4983,1,0
F,H,F,7020,100,7020,1,0
A,G,G,7187,100,7187,1,0
B,G,G,5175,100,5175,1,0
C,G,G,1398,100,1398,1,0
D,G,G,5137,100,5137,1,0
E,G,G,7046,100,7046,1,0
F,G,G,4993,100,4993,1,0
G,H,G,4957,100,4957,1,0
A,H,H,5150,100,5150,1,0
B,H,H,7103,100,7103,1,0
C,H,H,5201,100,5201,1,0
D,H,H,1434,100,1434,1,0
E,H,H,4988,100,4988,1,0
F,H,H,7027,100,7027,1,0
G,H,H,4944,100,4944,1,0
A,B,A,4942,100,4942,1,0
A,C,A,7029,100,7029,1,0
A,D,A,4938,100,4938,1,0
A,E,A,1459,100,1459,1,0
A,F,A,5200,100,5200,1,0
A,G,A,7141,100,7141,1,0
A,H,A,5158,100,5158,1,0
A,B,B,4939,100,4939,1,0
B,C,B,4973,100,4973,1,0
B,D,B,6999,100,6999,1,0
B,E,B,5152,100,5152,1,0
B,F,B,1395,100,1395,1,0
B,G,B,5190,100,5190,1,0
B,H,B,7132,100,7132,1,0
A,C,C,7034,100,7034,1,0
B,C,C,4950,100,4950,1,0
C,D,C,4996,100,4996,1,0
C,E,C,7177,100,7177,1,0
C,F,C,5170,100,5170,1,0
C,G,C,1410,100,1410,1,0
C,H,C,5133,100,5133,1,0
A,D,D,4925,100,4925,1,0
B,D,D,6948,100,6948,1,0
C,D,D,4947,100,4947,1,0
D,E,D,5216,100,5216,1,0
D,F,D,7148,100,7148,1,0
D,G,D,5117,100,5117,1,0
D,H,D,1427,100,1427,1,0
A,E,E,1454,100,1454,1,0
B,E,E,5149,100,5149,1,0
C,E,E,7158,100,7158,1,0
D,E,E,5118,100,5118,1,0
E,F,E,4955,100,4955,1,0
E,G,E,7054,100,7054,1,0
E,H,E,4941,100,4941,1,0
A,F,F,5213,100,5213,1,0
B,F,F,1415,100,1415,1,0
C,F,F,5152,100,5152,1,0
D,F,F,7145,100,7145,1,0
E,F,F,4989,100,4989,1,0
F,G,F,4997,100,4997,1,0
F,H,F,7038,100,7038,1,0
A,G,G,7108,100,7108,1,0
B,G,G,5202,100,5202,1,0
C,G,G,1359,100,1359,1,0
D,G,G,5153,100,5153,1,0
E,G,G,7010,100,7010,1,0
F,G,G,4989,100,4989,1,0
G,H,G,4925,100,4925,1,0
A,H,H,5141,100,5141,1,0
B,H,H,7123,100,7123,1,0
C,H,H,5121,100,5121,1,0
D,H,H,1468,100,1468,1,0
E,H,H,4948,100,4948,1,0
F,H,H,7017,100,7017,1,0
G,H,H,4918,100,4918,1,0
A,B,A,4938,100,4938,1,0
A,C,A,7014,100,7014,1,0
A,D,A,4954,100,4954,1,0
A,E,A,1431,100,1431,1,0
A,F,A,5167,100,5167,1,0
A,G,A,7167,100,7167,1,0
A,H,A,5197,100,5197,1,0
A,B,B,4973,100,4973,1,0
B,C,B,4967,100,4967,1,0
B,D,B,7004,100,7004,1,0
B,E,B,5164,100,5164,1,0
B,F,B,1386,100,1386,1,0
B,G,B,5179,100,5179,1,0
B,H,B,7156,100,7156,1,0
A,C,C,6995,100,6995,1,0
B,C,C,4990,100,4990,1,0
C,D,C,4959,100,4959,1,0
C,E,C,7145,100,7145,1,0
C,F,C,5152,100,5152,1,0
C,G,C,1428,100,1428,1,0
C,H,C,5136,100,5136,1,0
A,D,D,4941,100,4941,1,0
B,D,D,6981,100,6981,1,0
C,D,D,4913,100,4913,1,0
D,E,D,5217,100,5217,1,0
D,F,D,7101,100,7101,1,0
D,G,D,5136,100,5136,1,0
D,H,D,1379,100,1379,1,0
A,E,E,1416,100,1416,1,0
B,E,E,5138,100,5138,1,0
C,E,E,7133,100,7133,1,0
D,E,E,5140,100,5140,1,0
E,F,E,4918,100,4918,1,0
E,G,E,7052,100,7052,1,0
E,H,E,4992,100,4992,1,0
A,F,F,5180,100,5180,1,0
B,F,F,1386,100,1386,1,0
C,F,F,5175,100,5175,1,0
D,F,F,7142,100,7142,1,0
E,F,F,4964,100,4964,1,0
F,G,F,4981,100,4981,1,0
F,H,F,7042,100,7042,1,0
A,G,G,7187,100,7187,1,0
B,G,G,5185,100,5185,1,0
C,G,G,1408,100,1408,1,0
D,G,G,5165,100,5165,1,0
E,G,G,7025,100,7025,1,0
F,G,G,4985,100,4985,1,0
G,H,G,4925,100,4925,1,0
A,H,H,5115,100,5115,1,0
B,H,H,7160,100,7160,1,0
C,H,H,5185,100,5185,1,0
D,H,H,1440,100,1440,1,0
E,H,H,4962,100,4962,1,0
F,H,H,7008,100,7008,1,0
G,H,H,4949,100,4949,1,0
A,B,A,4958,100,4958,1,0
A,C,A,7054,100,7054,1,0
A,D,A,4922,100,4922,1,0
A,E,A,1416,100,1416,1,0
A,F,A,5161,100,5161,1,0
A,G,A,7226,100,7226,1,0
A,H,A,5137,100,5137,1,0
A,B,B,4964,100,4964,1,0
B,C,B,4959,100,4959,1,0
B,D,B,7014,100,7014,1,0
B,E,B,5172,100,5172,1,0
B,F,B,1386,100,1386,1,0
B,G,B,5191,100,5191,1,0
B,H,B,7163,100,7163,1,0
A,C,C,7021,100,7021,1,0
B,C,C,4992,100,4992,1,0
C,D,C,4948,100,4948,1,0
C,E,C,7180,100,7180,1,0
C,F,C,5180,100,5180,1,0
C,G,C,1395,100,1395,1,0
C,H,C,5143,100,5143,1,0
A,D,D,4982,100,4982,1,0
B,D,D,6984,100,6984,1,0
C,D,D,4938,100,4938,1,0
D,E,D,5208,100,5208,1,0
D,F,D,7129,100,7129,1,0
D,G,D,5145,100,5145,1,0
D,H,D,1397,100,1397,1,0
A,E,E,1425,100,1425,1,0
B,E,E,5116,100,5116,1,0
C,E,E,7173,100,7173,1,0
D,E,E,5202,100,5202,1,0
E,F,E,4981,100,4981,1,0
E,G,E,7042,100,7042,1,0
E,H,E,5000,100,5000,1,0
A,F,F,5161,100,5161,1,0
B,F,F,1382,100,1382,1,0
C,F,F,5160,100,5160,1,0
D,F,F,7159,100,7159,1,0
E,F,F,4964,100,4964,1,0
F,G,F,4969,100,4969,1,0
F,H,F,7001,100,7001,1,0
A,G,G,7119,100,7119,1,0
B,G,G,5182,100,5182,1,0
C,G,G,1414,100,1414,1,0
D,G,G,5151,100,5151,1,0
E,G,G,7042,100,7042,1,0
F,G,G,4949,100,4949,1,0
G,H,G,4993,100,4993,1,0
A,H,H,5160,100,5160,1,0
B,H,H,7175,100,7175,1,0
C,H,H,5135,100,5135,1,0
D,H,H,1400,100,1400,1,0
E,H,H,4963,100,4963,1,0
F,H,H,6989,100,6989,1,0
G,H,H,4947,100,4947,1,0
A,B,A,4932,100,4932,1,0
A,C,A,7053,100,7053,1,0
A,D,A,4936,100,4936,1,0
A,E,A,1390,100,1390,1,0
A,F,A,5186,100,5186,1,0
A,G,A,7174,100,7174,1,0
A,H,A,5150,100,5150,1,0
A,B,B,4955,100,4955,1,0
B,C,B,4985,100,4985,1,0
B,D,B,6970,100,6970,1,0
B,E,B,5133,100,5133,1,0
B,F,B,1352,100,1352,1,0
B,G,B,5182,100,5182,1,0
B,H,B,7148,100,7148,1,0
A,C,C,7067,100,7067,1,0
B,C,C,4979,100,4979,1,0
C,D,C,4912,100,4912,1,0
C,E,C,7168,100,7168,1,0
C,F,C,5145,100,5145,1,0
C,G,C,1397,100,1397,1,0
C,H,C,5135,100,5135,1,0
A,D,D,4938,100,4938,1,0
B,D,D,7012,100,7012,1,0
C,D,D,4932,100,4932,1,0
D,E,D,5191,100,5191,1,0
D,F,D,7118,100,7118,1,0
D,G,D,5176,100,5176,1,0
D,H,D,1376,100,1376,1,0
A,E,E,1452,100,1452,1,0
B,E,E,5186,100,5186,1,0
C,E,E,7150,100,7150,1,0
D,E,E,5113,100,5113,1,0
E,F,E,4952,100,4952,1,0
E,G,E,7061,100,7061,1,0
E,H,E,4936,100,4936,1,0
A,F,F,5144,100,5144,1,0
B,F,F,1416,100,1416,1,0
C,F,F,5147,100,5147,1,0
D,F,F,7121,100,7121,1,0
E,F,F,4989,100,4989,1,0
F,G,F,4952,100,4952,1,0
F,H,F,6940,100,6940,1,0
A,G,G,7181,100,7181,1,0
B,G,G,5270,100,5270,1,0
C,G,G,1362,100,1362,1,0
D,G,G,5181,100,5181,1,0
E,G,G,7042,100,7042,1,0
F,G,G,4984,100,4984,1,0
G,H,G,4960,100,4960,1,0
A,H,H,5150,100,5150,1,0
B,H,H,7182,100,7182,1,0
C,H,H,5136,100,5136,1,0
D,H,H,1415,100,1415,1,0
E,H,H,5000,100,5000,1,0
F,H,H,6991,100,6991,1,0
G,H,H,4934,100,4934,1,0
A,B,A,4970,100,4970,1,0
A,C,A,6971,100,6971,1,0
A,D,A,4954,100,4954,1,0
A,E,A,1411,100,1411,1,0
A,F,A,5181,100,5181,1,0
A,G,A,7170,100,7170,1,0
A,H,A,5141,100,5141,1,0
A,B,B,4978,100,4978,1,0
B,C,B,4970,100,4970,1,0
B,D,B,6995,100,6995,1,0
B,E,B,5158,100,5158,1,0
B,F,B,1354,100,1354,1,0
B,G,B,5169,100,5169,1,0
B,H,B,7166,100,7166,1,0
A,C,C,7017,100,7017,1,0
B,C,C,4982,100,4982,1,0
C,D,C,4923,100,4923,1,0
C,E,C,7149,100,7149,1,0
C,F,C,5168,100,5168,1,0
C,G,C,1413,100,1413,1,0
C,H,C,5121,100,5121,1,0
A,D,D,4933,100,4933,1,0
B,D,D,7029,100,7029,1,0
C,D,D,4957,100,4957,1,0
D,E,D,5201,100,5201,1,0
D,F,D,7107,100,7107,1,0
D,G,D,5175,100,5175,1,0
D,H,D,1420,100,1420,1,0
A,E,E,1394,100,1394,1,0
B,E,E,5126,100,5126,1,0
C,E,E,7148,100,7148,1,0
D,E,E,5173,100,5173,1,0
E,F,E,4985,100,4985,1,0
E,G,E,7052,100,7052,1,0
E,H,E,5012,100,5012,1,0
A,F,F,5171,100,5171,1,0
B,F,F,1414,100,1414,1,0
C,F,F,5155,100,5155,1,0
D,F,F,7123,100,7123,1,0
E,F,F,4944,100,4944,1,0
F,G,F,4985,100,4985,1,0
F,H,F,7017,100,7017,1,0
A,G,G,7223,100,7223,1,0
B,G,G,5222,100,5222,1,0
C,G,G,1401,100,1401,1,0
D,G,G,5118,100,5118,1,0
E,G,G,7057,100,7057,1,0
F,G,G,4951,100,4951,1,0
G,H,G,4968,100,4968,1,0
A,H,H,5110,100,5110,1,0
B,H,H,7096,100,7096,1,0
C,H,H,5139,100,5139,1,0
D,H,H,1412,100,1412,1,0
E,H,H,4972,100,4972,1,0
F,H,H,7029,100,7029,1,0
G,H,H,5000,100,5000,1,0
A,B,A,4951,100,4951,1,0
A,C,A,6993,100,6993,1,0
A,D,A,4958,100,4958,1,0
A,E,A,1392,100,1392,1,0
A,F,A,5161,100,5161,1,0
A,G,A,7159,100,7159,1,0
A,H,A,5139,100,5139,1,0
A,B,B,4946,100,4946,1,0
B,C,B,4987,100,4987,1,0
B,D,B,7006,100,7006,1,0
B,E,B,5132,100,5132,1,0
B,F,B,1413,100,1413,1,0
B,G,B,5194,100,5194,1,0
B,H,B,7128,100,7128,1,0
A,C,C,7026,100,7026,1,0
B,C,C,4975,100,4975,1,0
C,D,C,4959,100,4959,1,0
C,E,C,7136,100,7136,1,0
C,F,C,5145,100,5145,1,0
C,G,C,1388,100,1388,1,0
C,H,C,5130,100,5130,1,0
A,D,D,4956,100,4956,1,0
B,D,D,6985,100,6985,1,0
C,D,D,4908,100,4908,1,0
D,E,D,5122,100,5122,1,0
D,F,D,7157,100,7157,1,0
D,G,D,5151,100,5151,1,0
D,H,D,1480,100,1480,1,0
A,E,E,1447,100,1447,1,0
B,E,E,5174,100,5174,1,0
C,E,E,7191,100,7191,1,0
D,E,E,5175,100,5175,1,0
E,F,E,4968,100,4968,1,0
E,G,E,7046,100,7046,1,0
E,H,E,4990,100,4990,1,0
A,F,F,5141,100,5141,1,0
B,F,F,1398,100,1398,1,0
C,F,F,5162,100,5162,1,0
D,F,F,7145,100,7145,1,0
E,F,F,5008,100,5008,1,0
F,G,F,4983,100,4983,1,0
F,H,F,7010,100,7010,1,0
A,G,G,7174,100,7174,1,0
B,G,G,5156,100,5156,1,0
C,G,G,1410,100,1410,1,0
D,G,G,5126,100,5126,1,0
E,G,G,7032,100,7032,1,0
F,G,G,4944,100,4944,1,0
G,H,G,4983,100,4983,1,0
A,H,H,5167,100,5167,1,0
B,H,H,7151,100,7151,1,0
C,H,H,5153,100,5153,1,0
D,H,H,1421,100,1421,1,0
E,H,H,4959,100,4959,1,0
F,H,H,6988,100,6988,1,0
G,H,H,4926,100,4926,1,0
A,B,A,4979,100,4979,1,0
A,C,A,6992,100,6992,1,0
A,D,A,4984,100,4984,1,0
A,E,A,1417,100,1417,1,0
A,F,A,5173,100,5173,1,0
A,G,A,7184,100,7184,1,0
A,H,A,5173,100,5173,1,0
A,B,B,4974,100,4974,1,0
B,C,B,5008,100,5008,1,0
B,D,B,7009,100,7009,1,0
B,E,B,5134,100,5134,1,0
B,F,B,1337,100,1337,1,0
B,G,B,5178,100,5178,1,0
B,H,B,7158,100,7158,1,0
A,C,C,7051,100,7051,1,0
B,C,C,4977,100,4977,1,0
C,D,C,4963,100,4963,1,0
C,E,C,7173,100,7173,1,0
C,F,C,5153,100,5153,1,0
C,G,C,1405,100,1405,1,0
C,H,C,5168,100,5168,1,0
A,D,D,4887,100,4887,1,0
B,D,D,7000,100,7000,1,0
C,D,D,4930,100,4930,1,0
D,E,D,5208,100,5208,1,0
D,F,D,7118,100,7118,1,0
D,G,D,5140,100,5140,1,0
D,H,D,1436,100,1436,1,0
A,E,E,1422,100,1422,1,0
B,E,E,5134,100,5134,1,0
C,E,E,7173,100,7173,1,0
D,E,E,5140,100,5140,1,0
E,F,E,4962,100,4962,1,0
E,G,E,7052,100,7052,1,0
E,H,E,4976,100,4976,1,0
A,F,F,5167,100,5167,1,0
B,F,F,1388,100,1388,1,0
C,F,F,5150,100,5150,1,0
D,F,F,7145,100,7145,1,0
E,F,F,4949,100,4949,1,0
F,G,F,4968,100,4968,1,0
F,H,F,7014,100,7014,1,0
A,G,G,7144,100,7144,1,0
B,G,G,5188,100,5188,1,0
C,G,G,1406,100,1406,1,0
D,G,G,5114,100,5114,1,0
E,G,G,7048,100,7048,1,0
F,G,G,4981,100,4981,1,0
G,H,G,4977,100,4977,1,0
A,H,H,5163,100,5163,1,0
B,H,H,7175,100,7175,1,0
C,H,H,5114,100,5114,1,0
D,H,H,1471,100,1471,1,0
E,H,H,4950,100,4950,1,0
F,H,H,6992,100,6992,1,0
G,H,H,4953,100,4953,1,0
A,B,A,4971,100,4971,1,0
A,C,A,7038,100,7038,1,0
A,D,A,4971,100,4971,1,0
A,E,A,1424,100,1424,1,0
A,F,A,5199,100,5199,1,0
A,G,A,7191,100,7191,1,0
A,H,A,5154,100,5154,1,0
A,B,B,4943,100,4943,1,0
B,C,B,4994,100,4994,1,0
B,D,B,6999,100,6999,1,0
B,E,B,5133,100,5133,1,0
B,F,B,1413,100,1413,1,0
B,G,B,5168,100,5168,1,0
B,H,B,7160,100,7160,1,0
A,C,C,7005,100,7005,1,0
B,C,C,4994,100,4994,1,0
C,D,C,4913,100,4913,1,0
C,E,C,7166,100,7166,1,0
C,F,C,5155,100,5155,1,0
C,G,C,1373,100,1373,1,0
C,H,C,5188,100,5188,1,0
A,D,D,4930,100,4930,1,0
B,D,D,7029,100,7029,1,0
C,D,D,4952,100,4952,1,0
D,E,D,5201,100,5201,1,0
D,F,D,7132,100,7132,1,0
D,G,D,5159,100,5159,1,0
D,H,D,1440,100,1440,1,0
A,E,E,1356,100,1356,1,0
B,E,E,5136,100,5136,1,0
C,E,E,7183,100,7183,1,0
D,E,E,5225,100,5225,1,0
E,F,E,4991,100,4991,1,0
E,G,E,7032,100,7032,1,0
E,H,E,4972,100,4972,1,0
A,F,F,5193,100,5193,1,0
B,F,F,1384,100,1384,1,0
C,F,F,5145,100,5145,1,0
D,F,F,7145,100,7145,1,0
E,F,F,4996,100,4996,1,0
F,G,F,4963,100,4963,1,0
F,H,F,6978,100,6978,1,0
A,G,G,7147,100,7147,1,0
B,G,G,5216,100,5216,1,0
C,G,G,1375,100,1375,1,0
D,G,G,5120,100,5120,1,0
E,G,G,7044,100,7044,1,0
F,G,G,4951,100,4951,1,0
G,H,G,4986,100,4986,1,0
A,H,H,5129,100,5129,1,0
B,H,H,7170,100,7170,1,0
C,H,H,5103,100,5103,1,0
D,H,H,1456,100,1456,1,0
E,H,H,4959,100,4959,1,0
F,H,H,7021,100,7021,1,0
G,H,H,4945,100,4945,1,0
A,B,A,4932,100,4932,1,0
A,C,A,7018,100,7018,1,0
A,D,A,4938,100,4938,1,0
A,E,A,1459,100,1459,1,0
A,F,A,5201,100,5201,1,0
A,G,A,7116,100,7116,1,0
A,H,A,5132,100,5132,1,0
A,B,B,4934,100,4934,1,0
B,C,B,4988,100,4988,1,0
B,D,B,7033,100,7033,1,0
B,E,B,5148,100,5148,1,0
B,F,B,1420,100,1420,1,0
B,G,B,5204,100,5204,1,0
B,H,B,7122,100,7122,1,0
A,C,C,7011,100,7011,1,0
B,C,C,4986,100,4986,1,0
C,D,C,4957,100,4957,1,0
C,E,C,7123,100,7123,1,0
C,F,C,5178,100,5178,1,0
C,G,C,1417,100,1417,1,0
C,H,C,5126,100,5126,1,0
A,D,D,4943,100,4943,1,0
B,D,D,6979,100,6979,1,0
C,D,D,4954,100,4954,1,0
D,E,D,5166,100,5166,1,0
D,F,D,7123,100,7123,1,0
D,G,D,5151,100,5151,1,0
D,H,D,1410,100,1410,1,0
A,E,E,1429,100,1429,1,0
B,E,E,5148,100,5148,1,0
C,E,E,7165,100,7165,1,0
D,E,E,5185,100,5185,1,0
E,F,E,4974,100,4974,1,0
E,G,E,7058,100,7058,1,0
E,H,E,4962,100,4962,1,0
A,F,F,5204,100,5204,1,0
B,F,F,1402,100,1402,1,0
C,F,F,5195,100,5195,1,0
D,F,F,7106,100,7106,1,0
E,F,F,4980,100,4980,1,0
F,G,F,4967,100,4967,1,0
F,H,F,7048,100,7048,1,0
A,G,G,7188,100,7188,1,0
B,G,G,5194,100,5194,1,0
C,G,G,1415,100,1415,1,0
D,G,G,5124,100,5124,1,0
E,G,G,7076,100,7076,1,0
F,G,G,4948,100,4948,1,0
G,H,G,4950,100,4950,1,0
A,H,H,5142,100,5142,1,0
B,H,H,7100,100,7100,1,0
C,H,H,5147,100,5147,1,0
D,H,H,1408,100,1408,1,0
E,H,H,4982,100,4982,1,0
F,H,H,7005,100,7005,1,0
G,H,H,4941,100,4941,1,0
A,B,A,4948,100,4948,1,0
A,C,A,7066,100,7066,1,0
A,D,A,4975,100,4975,1,0
A,E,A,1363,100,1363,1,0
A,F,A,5212,100,5212,1,0
A,G,A,7160,100,7160,1,0
A,H,A,5137,100,5137,1,0
A,B,B,4970,100,4970,1,0
B,C,B,5019,100,5019,1,0
B,D,B,7019,100,7019,1,0
B,E,B,5172,100,5172,1,0
B,F,B,1372,100,1372,1,0
B,G,B,5171,100,5171,1,0
B,H,B,7142,100,7142,1,0
A,C,C,7009,100,7009,1,0
B,C,C,4946,100,4946,1,0
C,D,C,4940,100,4940,1,0
C,E,C,7174,100,7174,1,0
C,F,C,5150,100,5150,1,0
C,G,C,1410,100,1410,1,0
C,H,C,5115,100,5115,1,0
A,D,D,4963,100,4963,1,0
B,D,D,6964,100,6964,1,0
C,D,D,4955,100,4955,1,0
D,E,D,5148,100,5148,1,0
D,F,D,7130,100,7130,1,0
D,G,D,5174,100,5174,1,0
D,H,D,1408,100,1408,1,0
A,E,E,1425,100,1425,1,0
B,E,E,5132,100,5132,1,0
C,E,E,7150,100,7150,1,0
D,E,E,5202,100,5202,1,0
E,F,E,4987,100,4987,1,0
E,G,E,7079,100,7079,1,0
E,H,E,5009,100,5009,1,0
A,F,F,5186,100,5186,1,0
B,F,F,1412,100,1412,1,0
C,F,F,5145,100,5145,1,0
D,F,F,7113,100,7113,1,0
E,F,F,4997,100,4997,1,0
F,G,F,4982,100,4982,1,0
F,H,F,7000,100,7000,1,0
A,G,G,7188,100,7188,1,0
B,G,G,5169,100,5169,1,0
C,G,G,1385,100,1385,1,0
D,G,G,5147,100,5147,1,0
E,G,G,7023,100,7023,1,0
F,G,G,4966,100,4966,1,0
G,H,G,4931,100,4931,1,0
A,H,H,5110,100,5110,1,0
B,H,H,7165,100,7165,1,0
C,H,H,5122,100,5122,1,0
D,H,H,1430,100,1430,1,0
E,H,H,4973,100,4973,1,0
F,H,H,7021,100,7021,1,0
G,H,H,4955,100,4955,1,0
A,B,A,4969,100,4969,1,0
A,C,A,7019,100,7019,1,0
A,D,A,4949,100,4949,1,0
A,E,A,1370,100,1370,1,0
A,F,A,5170,100,5170,1,0
A,G,A,7211,100,7211,1,0
A,H,A,5146,100,5146,1,0
A,B,B,4969,100,4969,1,0
B,C,B,4983,100,4983,1,0
B,D,B,6977,100,6977,1,0
B,E,B,5158,100,5158,1,0
B,F,B,1371,100,1371,1,0
B,G,B,5165,100,5165,1,0
B,H,B,7129,100,7129,1,0
A,C,C,6995,100,6995,1,0
B,C,C,5008,100,5008,1,0
C,D,C,4985,100,4985,1,0
C,E,C,7222,100,7222,1,0
C,F,C,5152,100,5152,1,0
C,G,C,1428,100,1428,1,0
C,H,C,5192,100,5192,1,0
A,D,D,4947,100,4947,1,0
B,D,D,6986,100,6986,1,0
C,D,D,4978,100,4978,1,0
D,E,D,5149,100,5149,1,0
D,F,D,7108,100,7108,1,0
D,G,D,5147,100,5147,1,0
D,H,D,1380,100,1380,1,0
A,E,E,1417,100,1417,1,0
B,E,E,5145,100,5145,1,0
C,E,E,7182,100,7182,1,0
D,E,E,5172,100,5172,1,0
E,F,E,4978,100,4978,1,0
E,G,E,7089,100,7089,1,0
E,H,E,4980,100,4980,1,0
A,F,F,5143,100,5143,1,0
B,F,F,1356,100,1356,1,0
C,F,F,5158,100,5158,1,0
D,F,F,7170,100,7170,1,0
E,F,F,4972,100,4972,1,0
F,G,F,4985,100,4985,1,0
F,H,F,7062,100,7062,1,0
A,G,G,7192,100,7192,1,0
B,G,G,5205,100,5205,1,0
C,G,G,1415,100,1415,1,0
D,G,G,5133,100,5133,1,0
E,G,G,7049,100,7049,1,0
F,G,G,4956,100,4956,1,0
G,H,G,4933,100,4933,1,0
A,H,H,5183,100,5183,1,0
B,H,H,7087,100,7087,1,0
C,H,H,5112,100,5112,1,0
D,H,H,1425,100,1425,1,0
E,H,H,4996,100,4996,1,0
F,H,H,7024,100,7024,1,0
G,H,H,4950,100,4950,1,0
A,B,A,4974,100,4974,1,0
A,C,A,6945,100,6945,1,0
A,D,A,4931,100,4931,1,0
A,E,A,1444,100,1444,1,0
A,F,A,5205,100,5205,1,0
A,G,A,7133,100,7133,1,0
A,H,A,5141,100,5141,1,0
A,B,B,4944,100,4944,1,0
B,C,B,4971,100,4971,1,0
B,D,B,7064,100,7064,1,0
B,E,B,5161,100,5161,1,0
B,F,B,1397,100,1397,1,0
B,G,B,5189,100,5189,1,0
B,H,B,7139,100,7139,1,0
A,C,C,7020,100,7020,1,0
B,C,C,4981,100,4981,1,0
C,D,C,4963,100,4963,1,0
C,E,C,7166,100,7166,1,0
C,F,C,5172,100,5172,1,0
C,G,C,1376,100,1376,1,0
C,H,C,5144,100,5144,1,0
A,D,D,4927,100,4927,1,0
B,D,D,7038,100,7038,1,0
C,D,D,4931,100,4931,1,0
D,E,D,5126,100,5126,1,0
D,F,D,7113,100,7113,1,0
D,G,D,5131,100,5131,1,0
D,H,D,1382,100,1382,1,0
A,E,E,1435,100,1435,1,0
B,E,E,5158,100,5158,1,0
C,E,E,7171,100,7171,1,0
D,E,E,5222,100,5222,1,0
E,F,E,4968,100,4968,1,0
E,G,E,7059,100,7059,1,0
E,H,E,4994,100,4994,1,0
A,F,F,5130,100,5130,1,0
B,F,F,1404,100,1404,1,0
C,F,F,5161,100,5161,1,0
D,F,F,7138,100,7138,1,0
E,F,F,4988,100,4988,1,0
F,G,F,4952,100,4952,1,0
F,H,F,6989,100,6989,1,0
A,G,G,7156,100,7156,1,0
B,G,G,5201,100,5201,1,0
C,G,G,1413,100,1413,1,0
D,G,G,5169,100,5169,1,0
E,G,G,7035,100,7035,1,0
F,G,G,4978,100,4978,1,0
G,H,G,4981,100,4981,1,0
A,H,H,5144,100,5144,1,0
B,H,H,7141,100,7141,1,0
C,H,H,5180,100,5180,1,0
D,H,H,1365,100,1365,1,0
E,H,H,4954,100,4954,1,0
F,H,H,7008,100,7008,1,0
G,H,H,4957,100,4957,1,0
A,B,A,4977,100,4977,1,0
A,C,A,7049,100,7049,1,0
A,D,A,4929,100,4929,1,0
A,E,A,1442,100,1442,1,0
A,F,A,5152,100,5152,1,0
A,G,A,7151,100,7151,1,0
A,H,A,5147,100,5147,1,0
A,B,B,4964,100,4964,1,0
B,C,B,4991,100,4991,1,0
B,D,B,7051,100,7051,1,0
B,E,B,5194,100,5194,1,0
B,F,B,1396,100,1396,1,0
B,G,B,5226,100,5226,1,0
B,H,B,7097,100,7097,1,0
A,C,C,7061,100,7061,1,0
B,C,C,5010,100,5010,1,0
C,D,C,4923,100,4923,1,0
C,E,C,7140,100,7140,1,0
C,F,C,5139,100,5139,1,0
C,G,C,1381,100,1381,1,0
C,H,C,5135,100,5135,1,0
A,D,D,4956,100,4956,1,0
B,D,D,6963,100,6963,1,0
C,D,D,4969,100,4969,1,0
D,E,D,5123,100,5123,1,0
D,F,D,7154,100,7154,1,0
D,G,D,5125,100,5125,1,0
D,H,D,1379,100,1379,1,0
A,E,E,1392,100,1392,1,0
B,E,E,5139,100,5139,1,0
C,E,E,7154,100,7154,1,0
D,E,E,5186,100,5186,1,0
E,F,E,4983,100,4983,1,0
E,G,E,7038,100,7038,1,0
E,H,E,4981,100,4981,1,0
A,F,F,5166,100,5166,1,0
B,F,F,1399,100,1399,1,0
C,F,F,5139,100,5139,1,0
D,F,F,7119,100,7119,1,0
E,F,F,4995,100,4995,1,0
F,G,F,4985,100,4985,1,0
F,H,F,6983,100,6983,1,0
A,G,G,7188,100,7188,1,0
B,G,G,5200,100,5200,1,0
C,G,G,1378,100,1378,1,0
D,G,G,5146,100,5146,1,0
E,G,G,7041,100,7041,1,0
F,G,G,5000,100,5000,1,0
G,H,G,4908,100,4908,1,0
A,H,H,5112,100,5112,1,0
B,H,H,7174,100,7174,1,0
C,H,H,5150,100,5150,1,0
D,H,H,1347,100,1347,1,0
E,H,H,4990,100,4990,1,0
F,H,H,6985,100,6985,1,0
G,H,H,4936,100,4936,1,0
A,B,A,4933,100,4933,1,0
A,C,A,7051,100,7051,1,0
A,D,A,4967,100,4967,1,0
A,E,A,1410,100,1410,1,0
A,F,A,5139,100,5139,1,0
A,G,A,7168,100,7168,1,0
A,H,A,5150,100,5150,1,0
A,B,B,4974,100,4974,1,0
B,C,B,4981,100,4981,1,0
B,D,B,7006,100,7006,1,0
B,E,B,5137,100,5137,1,0
B,F,B,1410,100,1410,1,0
B,G,B,5167,100,5167,1,0
B,H,B,7181,100,7181,1,0
A,C,C,7072,100,7072,1,0
B,C,C,4961,100,4961,1,0
C,D,C,4943,100,4943,1,0
C,E,C,7144,100,7144,1,0
C,F,C,5162,100,5162,1,0
C,G,C,1395,100,1395,1,0
C,H,C,5133,100,5133,1,0
A,D,D,4942,100,4942,1,0
B,D,D,7028,100,7028,1,0
C,D,D,4922,100,4922,1,0
D,E,D,5231,100,5231,1,0
D,F,D,7143,100,7143,1,0
D,G,D,5134,100,5134,1,0
D,H,D,1465,100,1465,1,0
A,E,E,1371,100,1371,1,0
B,E,E,5155,100,5155,1,0
C,E,E,7211,100,7211,1,0
D,E,E,5172,100,5172,1,0
E,F,E,4923,100,4923,1,0
E,G,E,7044,100,7044,1,0
E,H,E,4966,100,4966,1,0
A,F,F,5188,100,5188,1,0
B,F,F,1420,100,1420,1,0
C,F,F,5156,100,5156,1,0
D,F,F,7123,100,7123,1,0
E,F,F,5014,100,5014,1,0
F,G,F,4961,100,4961,1,0
F,H,F,7032,100,7032,1,0
A,G,G,7129,100,7129,1,0
B,G,G,5166,100,5166,1,0
C,G,G,1419,100,1419,1,0
D,G,G,5163,100,5163,1,0
E,G,G,7022,100,7022,1,0
F,G,G,4977,100,4977,1,0
G,H,G,4966,100,4966,1,0
A,H,H,5131,100,5131,1,0
B,H,H,7186,100,7186,1,0
C,H,H,5147,100,5147,1,0
D,H,H,1402,100,1402,1,0
E,H,H,4948,100,4948,1,0
F,H,H,6995,100,6995,1,0
G,H,H,4924,100,4924,1,0
A,B,A,5004,100,5004,1,0
A,C,A,7053,100,7053,1,0
A,D,A,4925,100,4925,1,0
A,E,A,1407,100,1407,1,0
A,F,A,5199,100,5199,1,0
A,G,A,7172,100,7172,1,0
A,H,A,5182,100,5182,1,0
A,B,B,4994,100,4994,1,0
B,C,B,4991,100,4991,1,0
B,D,B,7018,100,7018,1,0
B,E,B,5159,100,5159,1,0
B,F,B,1389,100,1389,1,0
B,G,B,5238,100,5238,1,0
B,H,B,7127,100,7127,1,0
A,C,C,7019,100,7019,1,0
B,C,C,4949,100,4949,1,0
C,D,C,4960,100,4960,1,0
C,E,C,7164,100,7164,1,0
C,F,C,5157,100,5157,1,0
C,G,C,1399,100,1399,1,0
C,H,C,5098,100,5098,1,0
A,D,D,4914,100,4914,1,0
B,D,D,7011,100,7011,1,0
C,D,D,4940,100,4940,1,0
D,E,D,5116,100,5116,1,0
D,F,D,7120,100,7120,1,0
D,G,D,5126,100,5126,1,0
D,H,D,1396,100,1396,1,0
A,E,E,1403,100,1403,1,0
B,E,E,5167,100,5167,1,0
C,E,E,7166,100,7166,1,0
D,E,E,5140,100,5140,1,0
E,F,E,4966,100,4966,1,0
E,G,E,7045,100,7045,1,0
E,H,E,4981,100,4981,1,0
A,F,F,5172,100,5172,1,0
B,F,F,1389,100,1389,1,0
C,F,F,5179,100,5179,1,0
D,F,F,7155,100,7155,1,0
E,F,F,4963,100,4963,1,0
F,G,F,4979,100,4979,1,0
F,H,F,7040,100,7040,1,0
A,G,G,7156,100,7156,1,0
B,G,G,5194,100,5194,1,0
C,G,G,1431,100,1431,1,0
D,G,G,5127,100,5127,1,0
E,G,G,7062,100,7062,1,0
F,G,G,5002,100,5002,1,0
G,H,G,4953,100,4953,1,0
A,H,H,5178,100,5178,1,0
B,H,H,7135,100,7135,1,0
C,H,H,5120,100,5120,1,0
D,H,H,1507,100,1507,1,0
E,H,H,4989,100,4989,1,0
F,H,H,6990,100,6990,1,0
G,H,H,4946,100,4946,1,0
A,B,A,4952,100,4952,1,0
A,C,A,7019,100,7019,1,0
A,D,A,4949,100,4949,1,0
A,E,A,1431,100,1431,1,0
A,F,A,5208,100,5208,1,0
A,G,A,7175,100,7175,1,0
A,H,A,5118,100,5118,1,0
A,B,B,4909,100,4909,1,0
B,C,B,5020,100,5020,1,0
B,D,B,6983,100,6983,1,0
B,E,B,5142,100,5142,1,0
B,F,B,1335,100,1335,1,0
B,G,B,5171,100,5171,1,0
B,H,B,7185,100,7185,1,0
A,C,C,7049,100,7049,1,0
B,C,C,4977,100,4977,1,0
C,D,C,4949,100,4949,1,0
C,E,C,7179,100,7179,1,0
C,F,C,5150,100,5150,1,0
C,G,C,1413,100,1413,1,0
C,H,C,5192,100,5192,1,0
A,D,D,4931,100,4931,1,0
B,D,D,7006,100,7006,1,0
C,D,D,4959,100,4959,1,0
D,E,D,5149,100,5149,1,0
D,F,D,7154,100,7154,1,0
D,G,D,5118,100,5118,1,0
D,H,D,1398,100,1398,1,0
A,E,E,1449,100,1449,1,0
B,E,E,5154,100,5154,1,0
C,E,E,7179,100,7179,1,0
D,E,E,5200,100,5200,1,0
E,F,E,4984,100,4984,1,0
E,G,E,7073,100,7073,1,0
E,H,E,4984,100,4984,1,0
A,F,F,5177,100,5177,1,0
B,F,F,1414,100,1414,1,0
C,F,F,5125,100,5125,1,0
D,F,F,7138,100,7138,1,0
E,F,F,4973,100,4973,1,0
F,G,F,4998,100,4998,1,0
F,H,F,7020,100,7020,1,0
A,G,G,7167,100,7167,1,0
B,G,G,5168,100,5168,1,0
C,G,G,1391,100,1391,1,0
D,G,G,5121,100,5121,1,0
E,G,G,7029,100,7029,1,0
F,G,G,4945,100,4945,1,0
G,H,G,4932,100,4932,1,0
A,H,H,5134,100,5134,1,0
B,H,H,7169,100,7169,1,0
C,H,H,5160,100,5160,1,0
D,H,H,1430,100,1430,1,0
E,H,H,4999,100,4999,1,0
F,H,H,6991,100,6991,1,0
G,H,H,4951,100,4951,1,0
A,B,A,4963,100,4963,1,0
A,C,A,7016,100,7016,1,0
A,D,A,4942,100,4942,1,0
A,E,A,1448,100,1448,1,0
A,F,A,5159,100,5159,1,0
A,G,A,7160,100,7160,1,0
A,H,A,5148,100,5148,1,0
A,B,B,4986,100,4986,1,0
B,C,B,4970,100,4970,1,0
B,D,B,7006,100,7006,1,0
B,E,B,5151,100,5151,1,0
B,F,B,1384,100,1384,1,0
B,G,B,5188,100,5188,1,0
B,H,B,7120,100,7120,1,0
A,C,C,7049,100,7049,1,0
B,C,C,4999,100,4999,1,0
C,D,C,4952,100,4952,1,0
C,E,C,7190,100,7190,1,0
C,F,C,5152,100,5152,1,0
C,G,C,1378,100,1378,1,0
C,H,C,5154,100,5154,1,0
A,D,D,4938,100,4938,1,0
B,D,D,6977,100,6977,1,0
C,D,D,4947,100,4947,1,0
D,E,D,5214,100,5214,1,0
D,F,D,7159,100,7159,1,0
D,G,D,5116,100,5116,1,0
D,H,D,1396,100,1396,1,0
A,E,E,1337,100,1337,1,0
B,E,E,5143,100,5143,1,0
C,E,E,7158,100,7158,1,0
D,E,E,5152,100,5152,1,0
E,F,E,4991,100,4991,1,0
E,G,E,7014,100,7014,1,0
E,H,E,4980,100,4980,1,0
A,F,F,5169,100,5169,1,0
B,F,F,1376,100,1376,1,0
C,F,F,5168,100,5168,1,0
D,F,F,7126,100,7126,1,0
E,F,F,4973,100,4973,1,0
F,G,F,4937,100,4937,1,0
F,H,F,7009,100,7009,1,0
A,G,G,7160,100,7160,1,0
B,G,G,5205,100,5205,1,0
C,G,G,1423,100,1423,1,0
D,G,G,5118,100,5118,1,0
E,G,G,7062,100,7062,1,0
F,G,G,4976,100,4976,1,0
G,H,G,4964,100,4964,1,0
A,H,H,5136,100,5136,1,0
B,H,H,7159,100,7159,1,0
C,H,H,5148,100,5148,1,0
D,H,H,1360,100,1360,1,0
E,H,H,4986,100,4986,1,0
F,H,H,7011,100,7011,1,0
G,H,H,4935,100,4935,1,0
A,B,A,4983,100,4983,1,0
A,C,A,7006,100,7006,1,0
A,D,A,4945,100,4945,1,0
A,E,A,1363,100,1363,1,0
A,F,A,5216,100,5216,1,0
A,G,A,7208,100,7208,1,0
A,H,A,5137,100,5137,1,0
A,B,B,4938,100,4938,1,0
B,C,B,4975,100,4975,1,0
B,D,B,6977,100,6977,1,0
B,E,B,5179,100,5179,1,0
B,F,B,1416,100,1416,1,0
B,G,B,5193,100,5193,1,0
B,H,B,7177,100,7177,1,0
A,C,C,7052,100,7052,1,0
B,C,C,5006,100,5006,1,0
C,D,C,4938,100,4938,1,0
C,E,C,7179,100,7179,1,0
C,F,C,5167,100,5167,1,0
C,G,C,1439,100,1439,1,0
C,H,C,5173,100,5173,1,0
A,D,D,4945,100,4945,1,0
B,D,D,7006,100,7006,1,0
C,D,D,4928,100,4928,1,0
D,E,D,5134,100,5134,1,0
D,F,D,7160,100,7160,1,0
D,G,D,5116,100,5116,1,0
D,H,D,1394,100,1394,1,0
A,E,E,1397,100,1397,1,0
B,E,E,5160,100,5160,1,0
C,E,E,7173,100,7173,1,0
D,E,E,5173,100,5173,1,0
E,F,E,4973,100,4973,1,0
E,G,E,7060,100,7060,1,0
E,H,E,4962,100,4962,1,0
A,F,F,5193,100,5193,1,0
B,F,F,1374,100,1374,1,0
C,F,F,5172,100,5172,1,0
D,F,F,7101,100,7101,1,0
E,F,F,4963,100,4963,1,0
F,G,F,4970,100,4970,1,0
F,H,F,6998,100,6998,1,0
A,G,G,7169,100,7169,1,0
B,G,G,5187,100,5187,1,0
C,G,G,1382,100,1382,1,0
D,G,G,5141,100,5141,1,0
E,G,G,7089,100,7089,1,0
F,G,G,4971,100,4971,1,0
G,H,G,4978,100,4978,1,0
A,H,H,5139,100,5139,1,0
B,H,H,7144,100,7144,1,0
C,H,H,5079,100,5079,1,0
D,H,H,1403,100,1403,1,0
E,H,H,4955,100,4955,1,0
F,H,H,7026,100,7026,1,0
G,H,H,4950,100,4950,1,0
A,B,A,4978,100,4978,1,0
A,C,A,6995,100,6995,1,0
A,D,A,4928,100,4928,1,0
A,E,A,1426,100,1426,1,0
A,F,A,5186,100,5186,1,0
A,G,A,7186,100,7186,1,0
A,H,A,5189,100,5189,1,0
A,B,B,4950,100,4950,1,0
B,C,B,4993,100,4993,1,0
B,D,B,7046,100,7046,1,0
B,E,B,5169,100,5169,1,0
B,F,B,1424,100,1424,1,0
B,G,B,5200,100,5200,1,0
B,H,B,7108,100,7108,1,0
A,C,C,7023,100,7023,1,0
B,C,C,4979,100,4979,1,0
C,D,C,4924,100,4924,1,0
C,E,C,7168,100,7168,1,0
C,F,C,5176,100,5176,1,0
C,G,C,1422,100,1422,1,0
C,H,C,5144,100,5144,1,0
A,D,D,4942,100,4942,1,0
B,D,D,7028,100,7028,1,0
C,D,D,4949,100,4949,1,0
D,E,D,5138,100,5138,1,0
D,F,D,7146,100,7146,1,0
D,G,D,5113,100,5113,1,0
D,H,D,1452,100,1452,1,0
A,E,E,1445,100,1445,1,0
B,E,E,5151,100,5151,1,0
C,E,E,7164,100,7164,1,0
D,E,E,5104,100,5104,1,0
E,F,E,4965,100,4965,1,0
E,G,E,7045,100,7045,1,0
E,H,E,4994,100,4994,1,0
A,F,F,5198,100,5198,1,0
B,F,F,1369,100,1369,1,0
C,F,F,5188,100,5188,1,0
D,F,F,7107,100,7107,1,0
E,F,F,4950,100,4950,1,0
F,G,F,4966,100,4966,1,0
F,H,F,6952,100,6952,1,0
A,G,G,7217,100,7217,1,0
B,G,G,5198,100,5198,1,0
C,G,G,1378,100,1378,1,0
D,G,G,5129,100,5129,1,0
E,G,G,7054,100,7054,1,0
F,G,G,4967,100,4967,1,0
G,H,G,4958,100,4958,1,0
A,H,H,5180,100,5180,1,0
B,H,H,7162,100,7162,1,0
C,H,H,5189,100,5189,1,0
D,H,H,1452,100,1452,1,0
E,H,H,4985,100,4985,1,0
F,H,H,7026,100,7026,1,0
G,H,H,4944,100,4944,1,0
A,B,A,4966,100,4966,1,0
A,C,A,7066,100,7066,1,0
A,D,A,4954,100,4954,1,0
A,E,A,1448,100,1448,1,0
A,F,A,5175,100,5175,1,0
A,G,A,7144,100,7144,1,0
A,H,A,5137,100,5137,1,0
A,B,B,4934,100,4934,1,0
B,C,B,4978,100,4978,1,0
B,D,B,6988,100,6988,1,0
B,E,B,5131,100,5131,1,0
B,F,B,1401,100,1401,1,0
B,G,B,5198,100,5198,1,0
B,H,B,7176,100,7176,1,0
A,C,C,7027,100,7027,1,0
B,C,C,4976,100,4976,1,0
C,D,C,4926,100,4926,1,0
C,E,C,7137,100,7137,1,0
C,F,C,5161,100,5161,1,0
C,G,C,1445,100,1445,1,0
C,H,C,5124,100,5124,1,0
A,D,D,4925,100,4925,1,0
B,D,D,6990,100,6990,1,0
C,D,D,4973,100,4973,1,0
D,E,D,5216,100,5216,1,0
D,F,D,7117,100,7117,1,0
D,G,D,5122,100,5122,1,0
D,H,D,1405,100,1405,1,0
A,E,E,1373,100,1373,1,0
B,E,E,5153,100,5153,1,0
C,E,E,7198,100,7198,1,0
D,E,E,5126,100,5126,1,0
E,F,E,4992,100,4992,1,0
E,G,E,7063,100,7063,1,0
E,H,E,4966,100,4966,1,0
A,F,F,5195,100,5195,1,0
B,F,F,1404,100,1404,1,0
C,F,F,5158,100,5158,1,0
D,F,F,7148,100,7148,1,0
E,F,F,4986,100,4986,1,0
F,G,F,4966,100,4966,1,0
F,H,F,6976,100,6976,1,0
A,G,G,7122,100,7122,1,0
B,G,G,5211,100,5211,1,0
C,G,G,1416,100,1416,1,0
D,G,G,5136,100,5136,1,0
E,G,G,7041,100,7041,1,0
F,G,G,4977,100,4977,1,0
G,H,G,4936,100,4936,1,0
A,H,H,5133,100,5133,1,0
B,H,H,7138,100,7138,1,0
C,H,H,5118,100,5118,1,0
D,H,H,1351,100,1351,1,0
E,H,H,4978,100,4978,1,0
F,H,H,7045,100,7045,1,0
G,H,H,4919,100,4919,1,0
A,B,A,4958,100,4958,1,0
A,C,A,7051,100,7051,1,0
A,D,A,4964,100,4964,1,0
A,E,A,1457,100,1457,1,0
A,F,A,5140,100,5140,1,0
A,G,A,7208,100,7208,1,0
A,H,A,5113,100,5113,1,0
A,B,B,4957,100,4957,1,0
B,C,B,4980,100,4980,1,0
B,D,B,6985,100,6985,1,0
B,E,B,5113,100,5113,1,0
B,F,B,1384,100,1384,1,0
B,G,B,5190,100,5190,1,0
B,H,B,7129,100,7129,1,0
A,C,C,6979,100,6979,1,0
B,C,C,4975,100,4975,1,0
C,D,C,4959,100,4959,1,0
C,E,C,7194,100,7194,1,0
C,F,C,5166,100,5166,1,0
C,G,C,1412,100,1412,1,0
C,H,C,5165,100,5165,1,0
A,D,D,4983,100,4983,1,0
B,D,D,7013,100,7013,1,0
C,D,D,4961,100,4961,1,0
D,E,D,5179,100,5179,1,0
D,F,D,7151,100,7151,1,0
D,G,D,5155,100,5155,1,0
D,H,D,1410,100,1410,1,0
A,E,E,1411,100,1411,1,0
B,E,E,5113,100,5113,1,0
C,E,E,7165,100,7165,1,0
D,E,E,5188,100,5188,1,0
E,F,E,4991,100,4991,1,0
E,G,E,7064,100,7064,1,0
E,H,E,4997,100,4997,1,0
A,F,F,5194,100,5194,1,0
B,F,F,1372,100,1372,1,0
C,F,F,5132,100,5132,1,0
D,F,F,7105,100,7105,1,0
E,F,F,4974,100,4974,1,0
F,G,F,4955,100,4955,1,0
F,H,F,7005,100,7005,1,0
A,G,G,7184,100,7184,1,0
B,G,G,5194,100,5194,1,0
C,G,G,1417,100,1417,1,0
D,G,G,5148,100,5148,1,0
E,G,G,7060,100,7060,1,0
F,G,G,4986,100,4986,1,0
G,H,G,4950,100,4950,1,0
A,H,H,5123,100,5123,1,0
B,H,H,7123,100,7123,1,0
C,H,H,5165,100,5165,1,0
D,H,H,1395,100,1395,1,0
E,H,H,4974,100,4974,1,0
F,H,H,7019,100,7019,1,0
G,H,H,4955,100,4955,1,0
A,B,A,4933,100,4933,1,0
A,C,A,7000,100,7000,1,0
A,D,A,4931,100,4931,1,0
A,E,A,1419,100,1419,1,0
A,F,A,5138,100,5138,1,0
A,G,A,7120,100,7120,1,0
A,H,A,5117,100,5117,1,0
A,B,B,4923,100,4923,1,0
B,C,B,4983,100,4983,1,0
B,D,B,7018,100,7018,1,0
B,E,B,5169,100,5169,1,0
B,F,B,1400,100,1400,1,0
B,G,B,5211,100,5211,1,0
B,H,B,7174,100,7174,1,0
A,C,C,7023,100,7023,1,0
B,C,C,4990,100,4990,1,0
C,D,C,4983,100,4983,1,0
C,E,C,7126,100,7126,1,0
C,F,C,5135,100,5135,1,0
C,G,C,1403,100,1403,1,0
C,H,C,5157,100,5157,1,0
A,D,D,4954,100,4954,1,0
B,D,D,7027,100,7027,1,0
C,D,D,4932,100,4932,1,0
D,E,D,5236,100,5236,1,0
D,F,D,7154,100,7154,1,0
D,G,D,5151,100,5151,1,0
D,H,D,1408,100,1408,1,0
A,E,E,1374,100,1374,1,0
B,E,E,5144,100,5144,1,0
C,E,E,7168,100,7168,1,0
D,E,E,5127,100,5127,1,0
E,F,E,4944,100,4944,1,0
E,G,E,7064,100,7064,1,0
E,H,E,5004,100,5004,1,0
A,F,F,5153,100,5153,1,0
B,F,F,1388,100,1388,1,0
C,F,F,5174,100,5174,1,0
D,F,F,7105,100,7105,1,0
E,F,F,4961,100,4961,1,0
F,G,F,4964,100,4964,1,0
F,H,F,6996,100,6996,1,0
A,G,G,7169,100,7169,1,0
B,G,G,5185,100,5185,1,0
C,G,G,1342,100,1342,1,0
D,G,G,5109,100,5109,1,0
E,G,G,7018,100,7018,1,0
F,G,G,4972,100,4972,1,0
G,H,G,4941,100,4941,1,0
A,H,H,5146,100,5146,1,0
B,H,H,7127,100,7127,1,0
C,H,H,5182,100,5182,1,0
D,H,H,1392,100,1392,1,0
E,H,H,4962,100,4962,1,0
F,H,H,6982,100,6982,1,0
G,H,H,4954,100,4954,1,0
A,B,A,4944,100,4944,1,0
A,C,A,7016,100,7016,1,0
A,D,A,4959,100,4959,1,0
A,E,A,1414,100,1414,1,0
A,F,A,5161,100,5161,1,0
A,G,A,7200,100,7200,1,0
A,H,A,5113,100,5113,1,0
A,B,B,4942,100,4942,1,0
B,C,B,4966,100,4966,1,0
B,D,B,7022,100,7022,1,0
B,E,B,5167,100,5167,1,0
B,F,B,1351,100,1351,1,0
B,G,B,5209,100,5209,1,0
B,H,B,7126,100,7126,1,0
A,C,C,6995,100,6995,1,0
B,C,C,4986,100,4986,1,0
C,D,C,4916,100,4916,1,0
C,E,C,7163,100,7163,1,0
C,F,C,5179,100,5179,1,0
C,G,C,1429,100,1429,1,0
C,H,C,5150,100,5150,1,0
A,D,D,4955,100,4955,1,0
B,D,D,7020,100,7020,1,0
C,D,D,4960,100,4960,1,0
D,E,D,5139,100,5139,1,0
D,F,D,7137,100,7137,1,0
D,G,D,5120,100,5120,1,0
D,H,D,1403,100,1403,1,0
A,E,E,1412,100,1412,1,0
B,E,E,5125,100,5125,1,0
C,E,E,7181,100,7181,1,0
D,E,E,5186,100,5186,1,0
E,F,E,4997,100,4997,1,0
E,G,E,7050,100,7050,1,0
E,H,E,4983,100,4983,1,0
A,F,F,5120,100,5120,1,0
B,F,F,1374,100,1374,1,0
C,F,F,5136,100,5136,1,0
D,F,F,7107,100,7107,1,0
E,F,F,4983,100,4983,1,0
F,G,F,4976,100,4976,1,0
F,H,F,7020,100,7020,1,0
A,G,G,7202,100,7202,1,0
B,G,G,5133,100,5133,1,0
C,G,G,1448,100,1448,1,0
D,G,G,5133,100,5133,1,0
E,G,G,7062,100,7062,1,0
F,G,G,4970,100,4970,1,0
G,H,G,4968,100,4968,1,0
A,H,H,5169,100,5169,1,0
B,H,H,7151,100,7151,1,0
C,H,H,5156,100,5156,1,0
D,H,H,1428,100,1428,1,0
E,H,H,4976,100,4976,1,0
F,H,H,7005,100,7005,1,0
G,H,H,4987,100,4987,1,0
A,B,A,4960,100,4960,1,0
A,C,A,6968,100,6968,1,0
A,D,A,4939,100,4939,1,0
A,E,A,1395,100,1395,1,0
A,F,A,5181,100,5181,1,0
A,G,A,7175,100,7175,1,0
A,H,A,5149,100,5149,1,0
A,B,B,4935,100,4935,1,0
B,C,B,4978,100,4978,1,0
B,D,B,6998,100,6998,1,0
B,E,B,5133,100,5133,1,0
B,F,B,1393,100,1393,1,0
B,G,B,5220,100,5220,1,0
B,H,B,7108,100,7108,1,0
A,C,C,7042,100,7042,1,0
B,C,C,4958,100,4958,1,0
C,D,C,4931,100,4931,1,0
C,E,C,7153,100,7153,1,0
C,F,C,5152,100,5152,1,0
C,G,C,1412,100,1412,1,0
C,H,C,5129,100,5129,1,0
A,D,D,4952,100,4952,1,0
B,D,D,6997,100,6997,1,0
C,D,D,4958,100,4958,1,0
D,E,D,5154,100,5154,1,0
D,F,D,7174,100,7174,1,0
D,G,D,5108,100,5108,1,0
D,H,D,1389,100,1389,1,0
A,E,E,1399,100,1399,1,0
B,E,E,5137,100,5137,1,0
C,E,E,7183,100,7183,1,0
D,E,E,5158,100,5158,1,0
E,F,E,4933,100,4933,1,0
E,G,E,7060,100,7060,1,0
E,H,E,4970,100,4970,1,0
A,F,F,5190,100,5190,1,0
B,F,F,1370,100,1370,1,0
C,F,F,5136,100,5136,1,0
D,F,F,7127,100,7127,1,0
E,F,F,4978,100,4978,1,0
F,G,F,4963,100,4963,1,0
F,H,F,6971,100,6971,1,0
A,G,G,7206,100,7206,1,0
B,G,G,5176,100,5176,1,0
C,G,G,1384,100,1384,1,0
D,G,G,5130,100,5130,1,0
E,G,G,7045,100,7045,1,0
F,G,G,4984,100,4984,1,0
G,H,G,4958,100,4958,1,0
A,H,H,5168,100,5168,1,0
B,H,H,7125,100,7125,1,0
C,H,H,5128,100,5128,1,0
D,H,H,1443,100,1443,1,0
E,H,H,4942,100,4942,1,0
F,H,H,7055,100,7055,1,0
G,H,H,4946,100,4946,1,0
A,B,A,4930,100,4930,1,0
A,C,A,7002,100,7002,1,0
A,D,A,4921,100,4921,1,0
A,E,A,1400,100,1400,1,0
A,F,A,5174,100,5174,1,0
A,G,A,7178,100,7178,1,0
A,H,A,5139,100,5139,1,0
A,B,B,4949,100,4949,1,0
B,C,B,4997,100,4997,1,0
B,D,B,6972,100,6972,1,0
B,E,B,5126,100,5126,1,0
B,F,B,1374,100,1374,1,0
B,G,B,5188,100,5188,1,0
B,H,B,7121,100,7121,1,0
A,C,C,6975,100,6975,1,0
B,C,C,5004,100,5004,1,0
C,D,C,4926,100,4926,1,0
C,E,C,7151,100,7151,1,0
C,F,C,5139,100,5139,1,0
C,G,C,1438,100,1438,1,0
C,H,C,5133,100,5133,1,0
A,D,D,4963,100,4963,1,0
B,D,D,7010,100,7010,1,0
C,D,D,4969,100,4969,1,0
D,E,D,5121,100,5121,1,0
D,F,D,7134,100,7134,1,0
D,G,D,5115,100,5115,1,0
D,H,D,1362,100,1362,1,0
A,E,E,1464,100,1464,1,0
B,E,E,5171,100,5171,1,0
C,E,E,7176,100,7176,1,0
D,E,E,5119,100,5119,1,0
E,F,E,4966,100,4966,1,0
E,G,E,7044,100,7044,1,0
E,H,E,4941,100,4941,1,0
A,F,F,5180,100,5180,1,0
B,F,F,1378,100,1378,1,0
C,F,F,5163,100,5163,1,0
D,F,F,7163,100,7163,1,0
E,F,F,4967,100,4967,1,0
F,G,F,4963,100,4963,1,0
F,H,F,7011,100,7011,1,0
A,G,G,7155,100,7155,1,0
B,G,G,5208,100,5208,1,0
C,G,G,1411,100,1411,1,0
D,G,G,5118,100,5118,1,0
E,G,G,7032,100,7032,1,0
F,G,G,4965,100,4965,1,0
G,H,G,4978,100,4978,1,0
A,H,H,5111,100,5111,1,0
B,H,H,7152,100,7152,1,0
C,H,H,5134,100,5134,1,0
D,H,H,1406,100,1406,1,0
E,H,H,4964,100,4964,1,0
F,H,H,6969,100,6969,1,0
G,H,H,4943,100,4943,1,0
A,B,A,4969,100,4969,1,0
A,C,A,7050,100,7050,1,0
A,D,A,4939,100,4939,1,0
A,E,A,1409,100,1409,1,0
A,F,A,5145,100,5145,1,0
A,G,A,7198,100,7198,1,0
A,H,A,5128,100,5128,1,0
A,B,B,4964,100,4964,1,0
B,C,B,4973,100,4973,1,0
B,D,B,6969,100,6969,1,0
B,E,B,5128,100,5128,1,0
B,F,B,1418,100,1418,1,0
B,G,B,5156,100,5156,1,0
B,H,B,7154,100,7154,1,0
A,C,C,7031,100,7031,1,0
B,C,C,4991,100,4991,1,0
C,D,C,4904,100,4904,1,0
C,E,C,7156,100,7156,1,0
C,F,C,5186,100,5186,1,0
C,G,C,1407,100,1407,1,0
C,H,C,5162,100,5162,1,0
A,D,D,4969,100,4969,1,0
B,D,D,6960,100,6960,1,0
C,D,D,4942,100,4942,1,0
D,E,D,5159,100,5159,1,0
D,F,D,7124,100,7124,1,0
D,G,D,5155,100,5155,1,0
D,H,D,1375,100,1375,1,0
A,E,E,1368,100,1368,1,0
B,E,E,5133,100,5133,1,0
C,E,E,7207,100,7207,1,0
D,E,E,5152,100,5152,1,0
E,F,E,5002,100,5002,1,0
E,G,E,7058,100,7058,1,0
E,H,E,4933,100,4933,1,0
A,F,F,5167,100,5167,1,0
B,F,F,1410,100,1410,1,0
C,F,F,5149,100,5149,1,0
D,F,F,7111,100,7111,1,0
E,F,F,4958,100,4958,1,0
F,G,F,4981,100,4981,1,0
F,H,F,7012,100,7012,1,0
A,G,G,7191,100,7191,1,0
B,G,G,5169,100,5169,1,0
C,G,G,1439,100,1439,1,0
D,G,G,5140,100,5140,1,0
E,G,G,7006,100,7006,1,0
F,G,G,4996,100,4996,1,0
G,H,G,4933,100,4933,1,0
A,H,H,5140,100,5140,1,0
B,H,H,7163,100,7163,1,0
C,H,H,5129,100,5129,1,0
D,H,H,1389,100,1389,1,0
E,H,H,4988,100,4988,1,0
F,H,H,7018,100,7018,1,0
G,H,H,4967,100,4967,1,0
A,B,A,4947,100,4947,1,0
A,C,A,7005,100,7005,1,0
A,D,A,4941,100,4941,1,0
A,E,A,1372,100,1372,1,0
A,F,A,5226,100,5226,1,0
A,G,A,7149,100,7149,1,0
A,H,A,5122,100,5122,1,0
A,B,B,4977,100,4977,1,0
B,C,B,4999,100,4999,1,0
B,D,B,7012,100,7012,1,0
B,E,B,5137,100,5137,1,0
B,F,B,1358,100,1358,1,0
B,G,B,5188,100,5188,1,0
B,H,B,7156,100,7156,1,0
A,C,C,7018,100,7018,1,0
B,C,C,4972,100,4972,1,0
C,D,C,4937,100,4937,1,0
C,E,C,7167,100,7167,1,0
C,F,C,5170,100,5170,1,0
C,G,C,1361,100,1361,1,0
C,H,C,5142,100,5142,1,0
A,D,D,4931,100,4931,1,0
B,D,D,7008,100,7008,1,0
C,D,D,4959,100,4959,1,0
D,E,D,5169,100,5169,1,0
D,F,D,7151,100,7151,1,0
D,G,D,5130,100,5130,1,0
D,H,D,1361,100,1361,1,0
A,E,E,1473,100,1473,1,0
B,E,E,5159,100,5159,1,0
C,E,E,7184,100,7184,1,0
D,E,E,5217,100,5217,1,0
E,F,E,4954,100,4954,1,0
E,G,E,7056,100,7056,1,0
E,H,E,4941,100,4941,1,0
A,F,F,5198,100,5198,1,0
B,F,F,1387,100,1387,1,0
C,F,F,5149,100,5149,1,0
D,F,F,7165,100,7165,1,0
E,F,F,4975,100,4975,1,0
F,G,F,4977,100,4977,1,0
F,H,F,7008,100,7008,1,0
A,G,G,7184,100,7184,1,0
B,G,G,5196,100,5196,1,0
C,G,G,1407,100,1407,1,0
D,G,G,5158,100,5158,1,0
E,G,G,7058,100,7058,1,0
F,G,G,4992,100,4992,1,0
G,H,G,4941,100,4941,1,0
A,H,H,5178,100,5178,1,0
B,H,H,7152,100,7152,1,0
C,H,H,5199,100,5199,1,0
D,H,H,1386,100,1386,1,0
E,H,H,4982,100,4982,1,0
F,H,H,6994,100,6994,1,0
G,H,H,4971,100,4971,1,0
A,B,A,4996,100,4996,1,0
A,C,A,7018,100,7018,1,0
A,D,A,4952,100,4952,1,0
A,E,A,1371,100,1371,1,0
A,F,A,5168,100,5168,1,0
A,G,A,7222,100,7222,1,0
A,H,A,5143,100,5143,1,0
A,B,B,4960,100,4960,1,0
B,C,B,5007,100,5007,1,0
B,D,B,7039,100,7039,1,0
B,E,B,5139,100,5139,1,0
B,F,B,1417,100,1417,1,0
B,G,B,5170,100,5170,1,0
B,H,B,7156,100,7156,1,0
A,C,C,6999,100,6999,1,0
B,C,C,4995,100,4995,1,0
C,D,C,4965,100,4965,1,0
C,E,C,7140,100,7140,1,0
C,F,C,5143,100,5143,1,0
C,G,C,1414,100,1414,1,0
C,H,C,5150,100,5150,1,0
A,D,D,4946,100,4946,1,0
B,D,D,7018,100,7018,1,0
C,D,D,4907,100,4907,1,0
D,E,D,5189,100,5189,1,0
D,F,D,7122,100,7122,1,0
D,G,D,5128,100,5128,1,0
D,H,D,1427,100,1427,1,0
A,E,E,1417,100,1417,1,0
B,E,E,5180,100,5180,1,0
C,E,E,7209,100,7209,1,0
D,E,E,5199,100,5199,1,0
E,F,E,4990,100,4990,1,0
E,G,E,7038,100,7038,1,0
E,H,E,4976,100,4976,1,0
A,F,F,5186,100,5186,1,0
B,F,F,1380,100,1380,1,0
C,F,F,5150,100,5150,1,0
D,F,F,7165,100,7165,1,0
E,F,F,4980,100,4980,1,0
F,G,F,4986,100,4986,1,0
F,H,F,6984,100,6984,1,0
A,G,G,7162,100,7162,1,0
B,G,G,5185,100,5185,1,0
C,G,G,1375,100,1375,1,0
D,G,G,5141,100,5141,1,0
E,G,G,7067,100,7067,1,0
F,G,G,4996,100,4996,1,0
G,H,G,4954,100,4954,1,0
A,H,H,5104,100,5104,1,0
B,H,H,7115,100,7115,1,0
C,H,H,5151,100,5151,1,0
D,H,H,1386,100,1386,1,0
E,H,H,4960,100,4960,1,0
F,H,H,6995,100,6995,1,0
G,H,H,4961,100,4961,1,0
A,B,A,4931,100,4931,1,0
A,C,A,7004,100,7004,1,0
A,D,A,4915,100,4915,1,0
A,E,A,1425,100,1425,1,0
A,F,A,5170,100,5170,1,0
A,G,A,7184,100,7184,1,0
A,H,A,5181,100,5181,1,0
A,B,B,4955,100,4955,1,0
B,C,B,4975,100,4975,1,0
B,D,B,7011,100,7011,1,0
B,E,B,5129,100,5129,1,0
B,F,B,1410,100,1410,1,0
B,G,B,5193,100,5193,1,0
B,H,B,7137,100,7137,1,0
A,C,C,7097,100,7097,1,0
B,C,C,4999,100,4999,1,0
C,D,C,4920,100,4920,1,0
C,E,C,7180,100,7180,1,0
C,F,C,5146,100,5146,1,0
C,G,C,1405,100,1405,1,0
C,H,C,5203,100,5203,1,0
A,D,D,4955,100,4955,1,0
B,D,D,6962,100,6962,1,0
C,D,D,4942,100,4942,1,0
D,E,D,5190,100,5190,1,0
D,F,D,7118,100,7118,1,0
D,G,D,5139,100,5139,1,0
D,H,D,1365,100,1365,1,0
A,E,E,1444,100,1444,1,0
B,E,E,5141,100,5141,1,0
C,E,E,7215,100,7215,1,0
D,E,E,5191,100,5191,1,0
E,F,E,4970,100,4970,1,0
E,G,E,7036,100,7036,1,0
E,H,E,4982,100,4982,1,0
A,F,F,5184,100,5184,1,0
B,F,F,1358,100,1358,1,0
C,F,F,5157,100,5157,1,0
D,F,F,7172,100,7172,1,0
E,F,F,4932,100,4932,1,0
F,G,F,4967,100,4967,1,0
F,H,F,7000,100,7000,1,0
A,G,G,7106,100,7106,1,0
B,G,G,5158,100,5158,1,0
C,G,G,1390,100,1390,1,0
D,G,G,5166,100,5166,1,0
E,G,G,7058,100,7058,1,0
F,G,G,4944,100,4944,1,0
G,H,G,4966,100,4966,1,0
A,H,H,5152,100,5152,1,0
B,H,H,7174,100,7174,1,0
C,H,H,5135,100,5135,1,0
D,H,H,1396,100,1396,1,0
E,H,H,4947,100,4947,1,0
F,H,H,6998,100,6998,1,0
G,H,H,4931,100,4931,1,0
A,B,A,4970,100,4970,1,0
A,C,A,7046,100,7046,1,0
A,D,A,4951,100,4951,1,0
A,E,A,1392,100,1392,1,0
A,F,A,5192,100,5192,1,0
A,G,A,7174,100,7174,1,0
A,H,A,5186,100,5186,1,0
A,B,B,4933,100,4933,1,0
B,C,B,4971,100,4971,1,0
B,D,B,6986,100,6986,1,0
B,E,B,5142,100,5142,1,0
B,F,B,1369,100,1369,1,0
B,G,B,5177,100,5177,1,0
B,H,B,7159,100,7159,1,0
A,C,C,6976,100,6976,1,0
B,C,C,5028,100,5028,1,0
C,D,C,4948,100,4948,1,0
C,E,C,7144,100,7144,1,0
C,F,C,5140,100,5140,1,0
C,G,C,1401,100,1401,1,0
C,H,C,5129,100,5129,1,0
A,D,D,4926,100,4926,1,0
B,D,D,6966,100,6966,1,0
C,D,D,4960,100,4960,1,0
D,E,D,5200,100,5200,1,0
D,F,D,7133,100,7133,1,0
D,G,D,5130,100,5130,1,0
D,H,D,1399,100,1399,1,0
A,E,E,1436,100,1436,1,0
B,E,E,5124,100,5124,1,0
C,E,E,7195,100,7195,1,0
D,E,E,5167,100,5167,1,0
E,F,E,4970,100,4970,1,0
E,G,E,7069,100,7069,1,0
E,H,E,4976,100,4976,1,0
A,F,F,5169,100,5169,1,0
B,F,F,1359,100,1359,1,0
C,F,F,5178,100,5178,1,0
D,F,F,7135,100,7135,1,0
E,F,F,4969,100,4969,1,0
F,G,F,4952,100,4952,1,0
F,H,F,7020,100,7020,1,0
A,G,G,7174,100,7174,1,0
B,G,G,5190,100,5190,1,0
C,G,G,1423,100,1423,1,0
D,G,G,5176,100,5176,1,0
E,G,G,7047,100,7047,1,0
F,G,G,4945,100,4945,1,0
G,H,G,4978,100,4978,1,0
A,H,H,5122,100,5122,1,0
B,H,H,7130,100,7130,1,0
C,H,H,5173,100,5173,1,0
D,H,H,1440,100,1440,1,0
E,H,H,4982,100,4982,1,0
F,H,H,7046,100,7046,1,0
G,H,H,4986,100,4986,1,0
A,B,A,4953,100,4953,1,0
A,C,A,7013,100,7013,1,0
A,D,A,4940,100,4940,1,0
A,E,A,1394,100,1394,1,0
A,F,A,5170,100,5170,1,0
A,G,A,7136,100,7136,1,0
A,H,A,5166,100,5166,1,0
A,B,B,4956,100,4956,1,0
B,C,B,4969,100,4969,1,0
B,D,B,6983,100,6983,1,0
B,E,B,5133,100,5133,1,0
B,F,B,1404,100,1404,1,0
B,G,B,5207,100,5207,1,0
B,H,B,7181,100,7181,1,0
A,C,C,6979,100,6979,1,0
B,C,C,4982,100,4982,1,0
C,D,C,4958,100,4958,1,0
C,E,C,7162,100,7162,1,0
C,F,C,5151,100,5151,1,0
C,G,C,1414,100,1414,1,0
C,H,C,5164,100,5164,1,0
A,D,D,4956,100,4956,1,0
B,D,D,7008,100,7008,1,0
C,D,D,4923,100,4923,1,0
D,E,D,5089,100,5089,1,0
D,F,D,7158,100,7158,1,0
D,G,D,5134,100,5134,1,0
D,H,D,1455,100,1455,1,0
A,E,E,1486,100,1486,1,0
B,E,E,5145,100,5145,1,0
C,E,E,7176,100,7176,1,0
D,E,E,5152,100,5152,1,0
E,F,E,4979,100,4979,1,0
E,G,E,7083,100,7083,1,0
E,H,E,5015,100,5015,1,0
A,F,F,5168,100,5168,1,0
B,F,F,1415,100,1415,1,0
C,F,F,5176,100,5176,1,0
D,F,F,7147,100,7147,1,0
E,F,F,4943,100,4943,1,0
F,G,F,4960,100,4960,1,0
F,H,F,7043,100,7043,1,0
A,G,G,7188,100,7188,1,0
B,G,G,5197,100,5197,1,0
C,G,G,1390,100,1390,1,0
D,G,G,5137,100,5137,1,0
E,G,G,7028,100,7028,1,0
F,G,G,4971,100,4971,1,0
G,H,G,4938,100,4938,1,0
A,H,H,5180,100,5180,1,0
B,H,H,7141,100,7141,1,0
C,H,H,5182,100,5182,1,0
D,H,H,1432,100,1432,1,0
E,H,H,4976,100,4976,1,0
F,H,H,6997,100,6997,1,0
G,H,H,4926,100,4926,1,0
A,B,A,4962,100,4962,1,0
A,C,A,7058,100,7058,1,0
A,D,A,4957,100,4957,1,0
A,E,A,1420,100,1420,1,0
A,F,A,5172,100,5172,1,0
A,G,A,7115,100,7115,1,0
A,H,A,5141,100,5141,1,0
A,B,B,4939,100,4939,1,0
B,C,B,4989,100,4989,1,0
B,D,B,7021,100,7021,1,0
B,E,B,5146,100,5146,1,0
B,F,B,1365,100,1365,1,0
B,G,B,5168,100,5168,1,0
B,H,B,7134,100,7134,1,0
A,C,C,7008,100,7008,1,0
B,C,C,4979,100,4979,1,0
C,D,C,4956,100,4956,1,0
C,E,C,7201,100,7201,1,0
C,F,C,5137,100,5137,1,0
C,G,C,1386,100,1386,1,0
C,H,C,5138,100,5138,1,0
A,D,D,4961,100,4961,1,0
B,D,D,7046,100,7046,1,0
C,D,D,4981,100,4981,1,0
D,E,D,5199,100,5199,1,0
D,F,D,7133,100,7133,1,0
D,G,D,5113,100,5113,1,0
D,H,D,1394,100,1394,1,0
A,E,E,1380,100,1380,1,0
B,E,E,5134,100,5134,1,0
C,E,E,7196,100,7196,1,0
D,E,E,5114,100,5114,1,0
E,F,E,4969,100,4969,1,0
E,G,E,7073,100,7073,1,0
E,H,E,5023,100,5023,1,0
A,F,F,5160,100,5160,1,0
B,F,F,1411,100,1411,1,0
C,F,F,5166,100,5166,1,0
D,F,F,7142,100,7142,1,0
E,F,F,4963,100,4963,1,0
F,G,F,4970,100,4970,1,0
F,H,F,6966,100,6966,1,0
A,G,G,7184,100,7184,1,0
B,G,G,5193,100,5193,1,0
C,G,G,1408,100,1408,1,0
D,G,G,5148,100,5148,1,0
E,G,G,7040,100,7040,1,0
F,G,G,4979,100,4979,1,0
G,H,G,4904,100,4904,1,0
A,H,H,5170,100,5170,1,0
B,H,H,7175,100,7175,1,0
C,H,H,5183,100,5183,1,0
D,H,H,1428,100,1428,1,0
E,H,H,4971,100,4971,1,0
F,H,H,7015,100,7015,1,0
G,H,H,4990,100,4990,1,0
A,B,A,4924,100,4924,1,0
A,C,A,7004,100,7004,1,0
A,D,A,4962,100,4962,1,0
A,E,A,1424,100,1424,1,0
A,F,A,5191,100,5191,1,0
A,G,A,7196,100,7196,1,0
A,H,A,5155,100,5155,1,0
A,B,B,4955,100,4955,1,0
B,C,B,5024,100,5024,1,0
B,D,B,7010,100,7010,1,0
B,E,B,5165,100,5165,1,0
B,F,B,1345,100,1345,1,0
B,G,B,5182,100,5182,1,0
B,H,B,7151,100,7151,1,0
A,C,C,7017,100,7017,1,0
B,C,C,4975,100,4975,1,0
C,D,C,4963,100,4963,1,0
C,E,C,7163,100,7163,1,0
C,F,C,5155,100,5155,1,0
C,G,C,1410,100,1410,1,0
C,H,C,5145,100,5145,1,0
A,D,D,4988,100,4988,1,0
B,D,D,7028,100,7028,1,0
C,D,D,4964,100,4964,1,0
D,E,D,5146,100,5146,1,0
D,F,D,7120,100,7120,1,0
D,G,D,5130,100,5130,1,0
D,H,D,1411,100,1411,1,0
A,E,E,1407,100,1407,1,0
B,E,E,5139,100,5139,1,0
C,E,E,7145,100,7145,1,0
D,E,E,5166,100,5166,1,0
E,F,E,4970,100,4970,1,0
E,G,E,7031,100,7031,1,0
E,H,E,4962,100,4962,1,0
A,F,F,5176,100,5176,1,0
B,F,F,1384,100,1384,1,0
C,F,F,5116,100,5116,1,0
D,F,F,7130,100,7130,1,0
E,F,F,4995,100,4995,1,0
F,G,F,4968,100,4968,1,0
F,H,F,7011,100,7011,1,0
A,G,G,7168,100,7168,1,0
B,G,G,5234,100,5234,1,0
C,G,G,1419,100,1419,1,0
D,G,G,5124,100,5124,1,0
E,G,G,7062,100,7062,1,0
F,G,G,4980,100,4980,1,0
G,H,G,4951,100,4951,1,0
A,H,H,5179,100,5179,1,0
B,H,H,7173,100,7173,1,0
C,H,H,5130,100,5130,1,0
D,H,H,1357,100,1357,1,0
E,H,H,4981,100,4981,1,0
F,H,H,7012,100,7012,1,0
G,H,H,4950,100,4950,1,0
A,B,A,4961,100,4961,1,0
A,C,A,7011,100,7011,1,0
A,D,A,4942,100,4942,1,0
A,E,A,1463,100,1463,1,0
A,F,A,5183,100,5183,1,0
A,G,A,7169,100,7169,1,0
A,H,A,5191,100,5191,1,0
A,B,B,4972,100,4972,1,0
B,C,B,4978,100,4978,1,0
B,D,B,6986,100,6986,1,0
B,E,B,5133,100,5133,1,0
B,F,B,1367,100,1367,1,0
B,G,B,5180,100,5180,1,0
B,H,B,7122,100,7122,1,0
A,C,C,6989,100,6989,1,0
B,C,C,5009,100,5009,1,0
C,D,C,4952,100,4952,1,0
C,E,C,7163,100,7163,1,0
C,F,C,5170,100,5170,1,0
C,G,C,1397,100,1397,1,0
C,H,C,5149,100,5149,1,0
A,D,D,4932,100,4932,1,0
B,D,D,6971,100,6971,1,0
C,D,D,4929,100,4929,1,0
D,E,D,5178,100,5178,1,0
D,F,D,7159,100,7159,1,0
D,G,D,5141,100,5141,1,0
D,H,D,1400,100,1400,1,0
A,E,E,1353,100,1353,1,0
B,E,E,5116,100,5116,1,0
C,E,E,7167,100,7167,1,0
D,E,E,5168,100,5168,1,0
E,F,E,4970,100,4970,1,0
E,G,E,7045,100,7045,1,0
E,H,E,4966,100,4966,1,0
A,F,F,5197,100,5197,1,0
B,F,F,1386,100,1386,1,0
C,F,F,5158,100,5158,1,0
D,F,F,7124,100,7124,1,0
E,F,F,4967,100,4967,1,0
F,G,F,4966,100,4966,1,0
F,H,F,6998,100,6998,1,0
A,G,G,7117,100,7117,1,0
B,G,G,5220,100,5220,1,0
C,G,G,1399,100,1399,1,0
D,G,G,5105,100,5105,1,0
E,G,G,7058,100,7058,1,0
F,G,G,4969,100,4969,1,0
G,H,G,4975,100,4975,1,0
A,H,H,5180,100,5180,1,0
B,H,H,7193,100,7193,1,0
C,H,H,5159,100,5159,1,0
D,H,H,1488,100,1488,1,0
E,H,H,4973,100,4973,1,0
F,H,H,7033,100,7033,1,0
G,H,H,4961,100,4961,1,0
A,B,A,4969,100,4969,1,0
A,C,A,7019,100,7019,1,0
A,D,A,4949,100,4949,1,0
A,E,A,1467,100,1467,1,0
A,F,A,5155,100,5155,1,0
A,G,A,7165,100,7165,1,0
A,H,A,5171,100,5171,1,0
A,B,B,4953,100,4953,1,0
B,C,B,4981,100,4981,1,0
B,D,B,7070,100,7070,1,0
B,E,B,5162,100,5162,1,0
B,F,B,1387,100,1387,1,0
B,G,B,5182,100,5182,1,0
B,H,B,7137,100,7137,1,0
A,C,C,6967,100,6967,1,0
B,C,C,4959,100,4959,1,0
C,D,C,4913,100,4913,1,0
C,E,C,7181,100,7181,1,0
C,F,C,5150,100,5150,1,0
C,G,C,1448,100,1448,1,0
C,H,C,5122,100,5122,1,0
A,D,D,4936,100,4936,1,0
B,D,D,7017,100,7017,1,0
C,D,D,4950,100,4950,1,0
D,E,D,5186,100,5186,1,0
D,F,D,7108,100,7108,1,0
D,G,D,5150,100,5150,1,0
D,H,D,1407,100,1407,1,0
A,E,E,1403,100,1403,1,0
B,E,E,5118,100,5118,1,0
C,E,E,7170,100,7170,1,0
D,E,E,5208,100,5208,1,0
E,F,E,5000,100,5000,1,0
E,G,E,7065,100,7065,1,0
E,H,E,4993,100,4993,1,0
A,F,F,5207,100,5207,1,0
B,F,F,1365,100,1365,1,0
C,F,F,5127,100,5127,1,0
D,F,F,7163,100,7163,1,0
E,F,F,4964,100,4964,1,0
F,G,F,4972,100,4972,1,0
F,H,F,7027,100,7027,1,0
A,G,G,7181,100,7181,1,0
B,G,G,5179,100,5179,1,0
C,G,G,1410,100,1410,1,0
D,G,G,5162,100,5162,1,0
E,G,G,7062,100,7062,1,0
F,G,G,4970,100,4970,1,0
G,H,G,4979,100,4979,1,0
A,H,H,5150,100,5150,1,0
B,H,H,7123,100,7123,1,0
C,H,H,5154,100,5154,1,0
D,H,H,1418,100,1418,1,0
E,H,H,4973,100,4973,1,0
F,H,H,7011,100,7011,1,0
G,H,H,4978,100,4978,1,0
A,B,A,4975,100,4975,1,0
A,C,A,7005,100,7005,1,0
A,D,A,4967,100,4967,1,0
A,E,A,1373,100,1373,1,0
A,F,A,5173,100,5173,1,0
A,G,A,7118,100,7118,1,0
A,H,A,5176,100,5176,1,0
A,B,B,4987,100,4987,1,0
B,C,B,4996,100,4996,1,0
B,D,B,7006,100,7006,1,0
B,E,B,5135,100,5135,1,0
B,F,B,1377,100,1377,1,0
B,G,B,5167,100,5167,1,0
B,H,B,7146,100,7146,1,0
A,C,C,7040,100,7040,1,0
B,C,C,4985,100,4985,1,0
C,D,C,4948,100,4948,1,0
C,E,C,7155,100,7155,1,0
C,F,C,5133,100,5133,1,0
C,G,C,1433,100,1433,1,0
C,H,C,5138,100,5138,1,0
A,D,D,4975,100,4975,1,0
B,D,D,7039,100,7039,1,0
C,D,D,4976,100,4976,1,0
D,E,D,5172,100,5172,1,0
D,F,D,7102,100,7102,1,0
D,G,D,5143,100,5143,1,0
D,H,D,1375,100,1375,1,0
A,E,E,1384,100,1384,1,0
B,E,E,5153,100,5153,1,0
C,E,E,7179,100,7179,1,0
D,E,E,5130,100,5130,1,0
E,F,E,4952,100,4952,1,0
E,G,E,7042,100,7042,1,0
E,H,E,4996,100,4996,1,0
A,F,F,5160,100,5160,1,0
B,F,F,1387,100,1387,1,0
C,F,F,5165,100,5165,1,0
D,F,F,7117,100,7117,1,0
E,F,F,4953,100,4953,1,0
F,G,F,4980,100,4980,1,0
F,H,F,6954,100,6954,1,0
A,G,G,7143,100,7143,1,0
B,G,G,5187,100,5187,1,0
C,G,G,1396,100,1396,1,0
D,G,G,5136,100,5136,1,0
E,G,G,7062,100,7062,1,0
F,G,G,4988,100,4988,1,0
G,H,G,4954,100,4954,1,0
A,H,H,5115,100,5115,1,0
B,H,H,7148,100,7148,1,0
C,H,H,5158,100,5158,1,0
D,H,H,1393,100,1393,1,0
E,H,H,4963,100,4963,1,0
F,H,H,6988,100,6988,1,0
G,H,H,4930,100,4930,1,0
A,B,A,4974,100,4974,1,0
A,C,A,7046,100,7046,1,0
A,D,A,4933,100,4933,1,0
A,E,A,1382,100,1382,1,0
A,F,A,5167,100,5167,1,0
A,G,A,7156,100,7156,1,0
A,H,A,5121,100,5121,1,0
A,B,B,4980,100,4980,1,0
B,C,B,4975,100,4975,1,0
B,D,B,6990,100,6990,1,0
B,E,B,5118,100,5118,1,0
B,F,B,1384,100,1384,1,0
B,G,B,5198,100,5198,1,0
B,H,B,7123,100,7123,1,0
A,C,C,7061,100,7061,1,0
B,C,C,4965,100,4965,1,0
C,D,C,4973,100,4973,1,0
C,E,C,7163,100,7163,1,0
C,F,C,5161,100,5161,1,0
C,G,C,1374,100,1374,1,0
C,H,C,5217,100,5217,1,0
A,D,D,4933,100,4933,1,0
B,D,D,7036,100,7036,1,0
C,D,D,4947,100,4947,1,0
D,E,D,5116,100,5116,1,0
D,F,D,7153,100,7153,1,0
D,G,D,5167,100,5167,1,0
D,H,D,1457,100,1457,1,0
A,E,E,1464,100,1464,1,0
B,E,E,5117,100,5117,1,0
C,E,E,7192,100,7192,1,0
D,E,E,5119,100,5119,1,0
E,F,E,4974,100,4974,1,0
E,G,E,7070,100,7070,1,0
E,H,E,4954,100,4954,1,0
A,F,F,5202,100,5202,1,0
B,F,F,1379,100,1379,1,0
C,F,F,5167,100,5167,1,0
D,F,F,7107,100,7107,1,0
E,F,F,4946,100,4946,1,0
F,G,F,4958,100,4958,1,0
F,H,F,6983,100,6983,1,0
A,G,G,7143,100,7143,1,0
B,G,G,5170,100,5170,1,0
C,G,G,1410,100,1410,1,0
D,G,G,5153,100,5153,1,0
E,G,G,7058,100,7058,1,0
F,G,G,4964,100,4964,1,0
G,H,G,4945,100,4945,1,0
A,H,H,5140,100,5140,1,0
B,H,H,7119,100,7119,1,0
C,H,H,5178,100,5178,1,0
D,H,H,1423,100,1423,1,0
E,H,H,4993,100,4993,1,0
F,H,H,6982,100,6982,1,0
G,H,H,4979,100,4979,1,0
A,B,A,4974,100,4974,1,0
A,C,A,7042,100,7042,1,0
A,D,A,4959,100,4959,1,0
A,E,A,1424,100,1424,1,0
A,F,A,5145,100,5145,1,0
A,G,A,7191,100,7191,1,0
A,H,A,5159,100,5159,1,0
A,B,B,4971,100,4971,1,0
B,C,B,4981,100,4981,1,0
B,D,B,7011,100,7011,1,0
B,E,B,5106,100,5106,1,0
B,F,B,1409,100,1409,1,0
B,G,B,5209,100,5209,1,0
B,H,B,7111,100,7111,1,0
A,C,C,7090,100,7090,1,0
B,C,C,4992,100,4992,1,0
C,D,C,4916,100,4916,1,0
C,E,C,7196,100,7196,1,0
C,F,C,5162,100,5162,1,0
C,G,C,1430,100,1430,1,0
C,H,C,5132,100,5132,1,0
A,D,D,4936,100,4936,1,0
B,D,D,7045,100,7045,1,0
C,D,D,4943,100,4943,1,0
D,E,D,5202,100,5202,1,0
D,F,D,7113,100,7113,1,0
D,G,D,5096,100,5096,1,0
D,H,D,1451,100,1451,1,0
A,E,E,1423,100,1423,1,0
B,E,E,5123,100,5123,1,0
C,E,E,7194,100,7194,1,0
D,E,E,5133,100,5133,1,0
E,F,E,4974,100,4974,1,0
E,G,E,7071,100,7071,1,0
E,H,E,4956,100,4956,1,0
A,F,F,5168,100,5168,1,0
B,F,F,1384,100,1384,1,0
C,F,F,5147,100,5147,1,0
D,F,F,7143,100,7143,1,0
E,F,F,4965,100,4965,1,0
F,G,F,4984,100,4984,1,0
F,H,F,7026,100,7026,1,0
A,G,G,7163,100,7163,1,0
B,G,G,5166,100,5166,1,0
C,G,G,1391,100,1391,1,0
D,G,G,5128,100,5128,1,0
E,G,G,7040,100,7040,1,0
F,G,G,4963,100,4963,1,0
G,H,G,4947,100,4947,1,0
A,H,H,5161,100,5161,1,0
B,H,H,7157,100,7157,1,0
C,H,H,5165,100,5165,1,0
D,H,H,1388,100,1388,1,0
E,H,H,4953,100,4953,1,0
F,H,H,6966,100,6966,1,0
G,H,H,4937,100,4937,1,0
A,B,A,4984,100,4984,1,0
A,C,A,6996,100,6996,1,0
A,D,A,4961,100,4961,1,0
A,E,A,1439,100,1439,1,0
A,F,A,5186,100,5186,1,0
A,G,A,7157,100,7157,1,0
A,H,A,5146,100,5146,1,0
A,B,B,4959,100,4959,1,0
B,C,B,5005,100,5005,1,0
B,D,B,7017,100,7017,1,0
B,E,B,5162,100,5162,1,0
B,F,B,1401,100,1401,1,0
B,G,B,5199,100,5199,1,0
B,H,B,7155,100,7155,1,0
A,C,C,7038,100,7038,1,0
B,C,C,4981,100,4981,1,0
C,D,C,4956,100,4956,1,0
C,E,C,7184,100,7184,1,0
C,F,C,5171,100,5171,1,0
C,G,C,1361,100,1361,1,0
C,H,C,5146,100,5146,1,0
A,D,D,4922,100,4922,1,0
B,D,D,7021,100,7021,1,0
C,D,D,4962,100,4962,1,0
D,E,D,5192,100,5192,1,0
D,F,D,7128,100,7128,1,0
D,G,D,5129,100,5129,1,0
D,H,D,1447,100,1447,1,0
A,E,E,1424,100,1424,1,0
B,E,E,5174,100,5174,1,0
C,E,E,7146,100,7146,1,0
D,E,E,5203,100,5203,1,0
E,F,E,4948,100,4948,1,0
E,G,E,7050,100,7050,1,0
E,H,E,4990,100,4990,1,0
A,F,F,5135,100,5135,1,0
B,F,F,1402,100,1402,1,0
C,F,F,5149,100,5149,1,0
D,F,F,7123,100,7123,1,0
E,F,F,4989,100,4989,1,0
F,G,F,4984,100,4984,1,0
F,H,F,7015,100,7015,1,0
A,G,G,7206,100,7206,1,0
B,G,G,5214,100,5214,1,0
C,G,G,1374,100,1374,1,0
D,G,G,5152,100,5152,1,0
E,G,G,7015,100,7015,1,0
F,G,G,4974,100,4974,1,0
G,H,G,4969,100,4969,1,0
A,H,H,5143,100,5143,1,0
B,H,H,7107,100,7107,1,0
C,H,H,5144,100,5144,1,0
D,H,H,1380,100,1380,1,0
E,H,H,4971,100,4971,1,0
F,H,H,7003,100,7003,1,0
G,H,H,4941,100,4941,1,0
A,B,A,4978,100,4978,1,0
A,C,A,6992,100,6992,1,0
A,D,A,4961,100,4961,1,0
A,E,A,1459,100,1459,1,0
A,F,A,5215,100,5215,1,0
A,G,A,7194,100,7194,1,0
A,H,A,5151,100,5151,1,0
A,B,B,4937,100,4937,1,0
B,C,B,4939,100,4939,1,0
B,D,B,7001,100,7001,1,0
B,E,B,5189,100,5189,1,0
B,F,B,1406,100,1406,1,0
B,G,B,5178,100,5178,1,0
B,H,B,7117,100,7117,1,0
A,C,C,6998,100,6998,1,0
B,C,C,5000,100,5000,1,0
C,D,C,4941,100,4941,1,0
C,E,C,7185,100,7185,1,0
C,F,C,5155,100,5155,1,0
C,G,C,1435,100,1435,1,0
C,H,C,5135,100,5135,1,0
A,D,D,4946,100,4946,1,0
B,D,D,7048,100,7048,1,0
C,D,D,4948,100,4948,1,0
D,E,D,5139,100,5139,1,0
D,F,D,7101,100,7101,1,0
D,G,D,5137,100,5137,1,0
D,H,D,1450,100,1450,1,0
A,E,E,1417,100,1417,1,0
B,E,E,5114,100,5114,1,0
C,E,E,7140,100,7140,1,0
D,E,E,5203,100,5203,1,0
E,F,E,4990,100,4990,1,0
E,G,E,7033,100,7033,1,0
E,H,E,4948,100,4948,1,0
A,F,F,5154,100,5154,1,0
B,F,F,1382,100,1382,1,0
C,F,F,5130,100,5130,1,0
D,F,F,7134,100,7134,1,0
E,F,F,4978,100,4978,1,0
F,G,F,4995,100,4995,1,0
F,H,F,7059,100,7059,1,0
A,G,G,7144,100,7144,1,0
B,G,G,5177,100,5177,1,0
C,G,G,1403,100,1403,1,0
D,G,G,5111,100,5111,1,0
E,G,G,7002,100,7002,1,0
F,G,G,4975,100,4975,1,0
G,H,G,4953,100,4953,1,0
A,H,H,5115,100,5115,1,0
B,H,H,7116,100,7116,1,0
C,H,H,5151,100,5151,1,0
D,H,H,1475,100,1475,1,0
E,H,H,4976,100,4976,1,0
F,H,H,7036,100,7036,1,0
G,H,H,4940,100,4940,1,0
A,B,A,4950,100,4950,1,0
A,C,A,7061,100,7061,1,0
A,D,A,4997,100,4997,1,0
A,E,A,1428,100,1428,1,0
A,F,A,5214,100,5214,1,0
A,G,A,7158,100,7158,1,0
A,H,A,5172,100,5172,1,0
A,B,B,4986,100,4986,1,0
B,C,B,4955,100,4955,1,0
B,D,B,7020,100,7020,1,0
B,E,B,5136,100,5136,1,0
B,F,B,1382,100,1382,1,0
B,G,B,5204,100,5204,1,0
B,H,B,7135,100,7135,1,0
A,C,C,7038,100,7038,1,0
B,C,C,4950,100,4950,1,0
C,D,C,4948,100,4948,1,0
C,E,C,7156,100,7156,1,0
C,F,C,5121,100,5121,1,0
C,G,C,1417,100,1417,1,0
C,H,C,5141,100,5141,1,0
A,D,D,4939,100,4939,1,0
B,D,D,6963,100,6963,1,0
C,D,D,4987,100,4987,1,0
D,E,D,5217,100,5217,1,0
D,F,D,7116,100,7116,1,0
D,G,D,5141,100,5141,1,0
D,H,D,1467,100,1467,1,0
A,E,E,1437,100,1437,1,0
B,E,E,5161,100,5161,1,0
C,E,E,7187,100,7187,1,0
D,E,E,5165,100,5165,1,0
E,F,E,4985,100,4985,1,0
E,G,E,7051,100,7051,1,0
E,H,E,4952,100,4952,1,0
A,F,F,5176,100,5176,1,0
B,F,F,1378,100,1378,1,0
C,F,F,5149,100,5149,1,0
D,F,F,7132,100,7132,1,0
E,F,F,4956,100,4956,1,0
F,G,F,4936,100,4936,1,0
F,H,F,7032,100,7032,1,0
A,G,G,7153,100,7153,1,0
B,G,G,5189,100,5189,1,0
C,G,G,1346,100,1346,1,0
D,G,G,5142,100,5142,1,0
E,G,G,7057,100,7057,1,0
F,G,G,4970,100,4970,1,0
G,H,G,4965,100,4965,1,0
A,H,H,5174,100,5174,1,0
B,H,H,7128,100,7128,1,0
C,H,H,5119,100,5119,1,0
D,H,H,1434,100,1434,1,0
E,H,H,5008,100,5008,1,0
F,H,H,7039,100,7039,1,0
G,H,H,4955,100,4955,1,0
A,B,A,4949,100,4949,1,0
A,C,A,6992,100,6992,1,0
A,D,A,4958,100,4958,1,0
A,E,A,1393,100,1393,1,0
A,F,A,5207,100,5207,1,0
A,G,A,7167,100,7167,1,0
A,H,A,5117,100,5117,1,0
A,B,B,4930,100,4930,1,0
B,C,B,4999,100,4999,1,0
B,D,B,7029,100,7029,1,0
B,E,B,5179,100,5179,1,0
B,F,B,1387,100,1387,1,0
B,G,B,5189,100,5189,1,0
B,H,B,7233,100,7233,1,0
A,C,C,7018,100,7018,1,0
B,C,C,4971,100,4971,1,0
C,D,C,4952,100,4952,1,0
C,E,C,7193,100,7193,1,0
C,F,C,5154,100,5154,1,0
C,G,C,1375,100,1375,1,0
C,H,C,5146,100,5146,1,0
A,D,D,4947,100,4947,1,0
B,D,D,6997,100,6997,1,0
C,D,D,4971,100,4971,1,0
D,E,D,5183,100,5183,1,0
D,F,D,7147,100,7147,1,0
D,G,D,5149,100,5149,1,0
D,H,D,1419,100,1419,1,0
A,E,E,1470,100,1470,1,0
B,E,E,5174,100,5174,1,0
C,E,E,7166,100,7166,1,0
D,E,E,5134,100,5134,1,0
E,F,E,4957,100,4957,1,0
E,G,E,7034,100,7034,1,0
E,H,E,5010,100,5010,1,0
A,F,F,5173,100,5173,1,0
B,F,F,1380,100,1380,1,0
C,F,F,5136,100,5136,1,0
D,F,F,7165,100,7165,1,0
E,F,F,4989,100,4989,1,0
F,G,F,4956,100,4956,1,0
F,H,F,6967,100,6967,1,0
A,G,G,7161,100,7161,1,0
B,G,G,5201,100,5201,1,0
C,G,G,1390,100,1390,1,0
D,G,G,5137,100,5137,1,0
E,G,G,7047,100,7047,1,0
F,G,G,4990,100,4990,1,0
G,H,G,4993,100,4993,1,0
A,H,H,5153,100,5153,1,0
B,H,H,7176,100,7176,1,0
C,H,H,5098,100,5098,1,0
D,H,H,1338,100,1338,1,0
E,H,H,4986,100,4986,1,0
F,H,H,7035,100,7035,1,0
G,H,H,4960,100,4960,1,0
A,B,A,4965,100,4965,1,0
A,C,A,7037,100,7037,1,0
A,D,A,4959,100,4959,1,0
A,E,A,1412,100,1412,1,0
A,F,A,5190,100,5190,1,0
A,G,A,7156,100,7156,1,0
A,H,A,5163,100,5163,1,0
A,B,B,4937,100,4937,1,0
B,C,B,4964,100,4964,1,0
B,D,B,6993,100,6993,1,0
B,E,B,5148,100,5148,1,0
B,F,B,1379,100,1379,1,0
B,G,B,5175,100,5175,1,0
B,H,B,7134,100,7134,1,0
A,C,C,7061,100,7061,1,0
B,C,C,4983,100,4983,1,0
C,D,C,4930,100,4930,1,0
C,E,C,7148,100,7148,1,0
C,F,C,5149,100,5149,1,0
C,G,C,1405,100,1405,1,0
C,H,C,5136,100,5136,1,0
A,D,D,4946,100,4946,1,0
B,D,D,7014,100,7014,1,0
C,D,D,4956,100,4956,1,0
D,E,D,5128,100,5128,1,0
D,F,D,7120,100,7120,1,0
D,G,D,5178,100,5178,1,0
D,H,D,1444,100,1444,1,0
A,E,E,1391,100,1391,1,0
B,E,E,5167,100,5167,1,0
C,E,E,7174,100,7174,1,0
D,E,E,5218,100,5218,1,0
E,F,E,4963,100,4963,1,0
E,G,E,7040,100,7040,1,0
E,H,E,4969,100,4969,1,0
A,F,F,5163,100,5163,1,0
B,F,F,1438,100,1438,1,0
C,F,F,5151,100,5151,1,0
D,F,F,7145,100,7145,1,0
E,F,F,4950,100,4950,1,0
F,G,F,4988,100,4988,1,0
F,H,F,6998,100,6998,1,0
A,G,G,7185,100,7185,1,0
B,G,G,5179,100,5179,1,0
C,G,G,1384,100,1384,1,0
D,G,G,5139,100,5139,1,0
E,G,G,7014,100,7014,1,0
F,G,G,4975,100,4975,1,0
G,H,G,4952,100,4952,1,0
A,H,H,5165,100,5165,1,0
B,H,H,7148,100,7148,1,0
C,H,H,5152,100,5152,1,0
D,H,H,1404,100,1404,1,0
E,H,H,4975,100,4975,1,0
F,H,H,6967,100,6967,1,0
G,H,H,4931,100,4931,1,0
A,B,A,4965,100,4965,1,0
A,C,A,6982,100,6982,1,0
A,D,A,4935,100,4935,1,0
A,E,A,1432,100,1432,1,0
A,F,A,5173,100,5173,1,0
A,G,A,7185,100,7185,1,0
A,H,A,5169,100,5169,1,0
A,B,B,4924,100,4924,1,0
B,C,B,4972,100,4972,1,0
B,D,B,7005,100,7005,1,0
B,E,B,5119,100,5119,1,0
B,F,B,1374,100,1374,1,0
B,G,B,5176,100,5176,1,0
B,H,B,7142,100,7142,1,0
A,C,C,7048,100,7048,1,0
B,C,C,4936,100,4936,1,0
C,D,C,4933,100,4933,1,0
C,E,C,7191,100,7191,1,0
C,F,C,5172,100,5172,1,0
C,G,C,1425,100,1425,1,0
C,H,C,5150,100,5150,1,0
A,D,D,4966,100,4966,1,0
B,D,D,7015,100,7015,1,0
C,D,D,4966,100,4966,1,0
D,E,D,5117,100,5117,1,0
D,F,D,7155,100,7155,1,0
D,G,D,5153,100,5153,1,0
D,H,D,1395,100,1395,1,0
A,E,E,1407,100,1407,1,0
B,E,E,5131,100,5131,1,0
C,E,E,7171,100,7171,1,0
D,E,E,5200,100,5200,1,0
E,F,E,4985,100,4985,1,0
E,G,E,7085,100,7085,1,0
E,H,E,4978,100,4978,1,0
A,F,F,5208,100,5208,1,0
B,F,F,1404,100,1404,1,0
C,F,F,5173,100,5173,1,0
D,F,F,7116,100,7116,1,0
E,F,F,5011,100,5011,1,0
F,G,F,4965,100,4965,1,0
F,H,F,6987,100,6987,1,0
A,G,G,7146,100,7146,1,0
B,G,G,5201,100,5201,1,0
C,G,G,1415,100,1415,1,0
D,G,G,5138,100,5138,1,0
E,G,G,7030,100,7030,1,0
F,G,G,4966,100,4966,1,0
G,H,G,4932,100,4932,1,0
A,H,H,5178,100,5178,1,0
B,H,H,7159,100,7159,1,0
C,H,H,5158,100,5158,1,0
D,H,H,1390,100,1390,1,0
E,H,H,4984,100,4984,1,0
F,H,H,6992,100,6992,1,0
G,H,H,4967,100,4967,1,0
A,B,A,4989,100,4989,1,0
A,C,A,7007,100,7007,1,0
A,D,A,4953,100,4953,1,0
A,E,A,1383,100,1383,1,0
A,F,A,5183,100,5183,1,0
A,G,A,7224,100,7224,1,0
A,H,A,5116,100,5116,1,0
A,B,B,4980,100,4980,1,0
B,C,B,5019,100,5019,1,0
B,D,B,7001,100,7001,1,0
B,E,B,5155,100,5155,1,0
B,F,B,1399,100,1399,1,0
B,G,B,5171,100,5171,1,0
B,H,B,7130,100,7130,1,0
A,C,C,7017,100,7017,1,0
B,C,C,5000,100,5000,1,0
C,D,C,4926,100,4926,1,0
C,E,C,7190,100,7190,1,0
C,F,C,5157,100,5157,1,0
C,G,C,1442,100,1442,1,0
C,H,C,5163,100,5163,1,0
A,D,D,4943,100,4943,1,0
B,D,D,7026,100,7026,1,0
C,D,D,4950,100,4950,1,0
D,E,D,5194,100,5194,1,0
D,F,D,7126,100,7126,1,0
D,G,D,5117,100,5117,1,0
D,H,D,1419,100,1419,1,0
A,E,E,1450,100,1450,1,0
B,E,E,5144,100,5144,1,0
C,E,E,7212,100,7212,1,0
D,E,E,5097,100,5097,1,0
E,F,E,5015,100,5015,1,0
E,G,E,7064,100,7064,1,0
E,H,E,4985,100,4985,1,0
A,F,F,5141,100,5141,1,0
B,F,F,1412,100,1412,1,0
C,F,F,5141,100,5141,1,0
D,F,F,7127,100,7127,1,0
E,F,F,4986,100,4986,1,0
F,G,F,4975,100,4975,1,0
F,H,F,6987,100,6987,1,0
A,G,G,7156,100,7156,1,0
B,G,G,5193,100,5193,1,0
C,G,G,1362,100,1362,1,0
D,G,G,5157,100,5157,1,0
E,G,G,7062,100,7062,1,0
F,G,G,4972,100,4972,1,0
G,H,G,4934,100,4934,1,0
A,H,H,5189,100,5189,1,0
B,H,H,7134,100,7134,1,0
C,H,H,5155,100,5155,1,0
D,H,H,1374,100,1374,1,0
E,H,H,4979,100,4979,1,0
F,H,H,6976,100,6976,1,0
G,H,H,4954,100,4954,1,0
A,B,A,4928,100,4928,1,0
A,C,A,7013,100,7013,1,0
A,D,A,4948,100,4948,1,0
A,E,A,1437,100,1437,1,0
A,F,A,5176,100,5176,1,0
A,G,A,7102,100,7102,1,0
A,H,A,5125,100,5125,1,0
A,B,B,4982,100,4982,1,0
B,C,B,4982,100,4982,1,0
B,D,B,7033,100,7033,1,0
B,E,B,5122,100,5122,1,0
B,F,B,1398,100,1398,1,0
B,G,B,5195,100,5195,1,0
B,H,B,7177,100,7177,1,0
A,C,C,6998,100,6998,1,0
B,C,C,4990,100,4990,1,0
C,D,C,4962,100,4962,1,0
C,E,C,7168,100,7168,1,0
C,F,C,5150,100,5150,1,0
C,G,C,1414,100,1414,1,0
C,H,C,5128,100,5128,1,0
A,D,D,4984,100,4984,1,0
B,D,D,7024,100,7024,1,0
C,D,D,4933,100,4933,1,0
D,E,D,5159,100,5159,1,0
D,F,D,7183,100,7183,1,0
D,G,D,5132,100,5132,1,0
D,H,D,1486,100,1486,1,0
A,E,E,1382,100,1382,1,0
B,E,E,5134,100,5134,1,0
C,E,E,7166,100,7166,1,0
D,E,E,5222,100,5222,1,0
E,F,E,4981,100,4981,1,0
E,G,E,7044,100,7044,1,0
E,H,E,4969,100,4969,1,0
A,F,F,5177,100,5177,1,0
B,F,F,1434,100,1434,1,0
C,F,F,5159,100,5159,1,0
D,F,F,7142,100,7142,1,0
E,F,F,4956,100,4956,1,0
F,G,F,4989,100,4989,1,0
F,H,F,6999,100,6999,1,0
A,G,G,7093,100,7093,1,0
B,G,G,5211,100,5211,1,0
C,G,G,1421,100,1421,1,0
D,G,G,5126,100,5126,1,0
E,G,G,7031,100,7031,1,0
F,G,G,4994,100,4994,1,0
G,H,G,4976,100,4976,1,0
A,H,H,5126,100,5126,1,0
B,H,H,7139,100,7139,1,0
C,H,H,5152,100,5152,1,0
D,H,H,1372,100,1372,1,0
E,H,H,4979,100,4979,1,0
F,H,H,6970,100,6970,1,0
G,H,H,4946,100,4946,1,0
A,B,A,4980,100,4980,1,0
A,C,A,6990,100,6990,1,0
A,D,A,4939,100,4939,1,0
A,E,A,1408,100,1408,1,0
A,F,A,5183,100,5183,1,0
A,G,A,7142,100,7142,1,0
A,H,A,5153,100,5153,1,0
A,B,B,4947,100,4947,1,0
B,C,B,4991,100,4991,1,0
B,D,B,7001,100,7001,1,0
B,E,B,5157,100,5157,1,0
B,F,B,1412,100,1412,1,0
B,G,B,5184,100,5184,1,0
B,H,B,7142,100,7142,1,0
A,C,C,6984,100,6984,1,0
B,C,C,5016,100,5016,1,0
C,D,C,4937,100,4937,1,0
C,E,C,7184,100,7184,1,0
C,F,C,5144,100,5144,1,0
C,G,C,1397,100,1397,1,0
C,H,C,5165,100,5165,1,0
A,D,D,4952,100,4952,1,0
B,D,D,7026,100,7026,1,0
C,D,D,4972,100,4972,1,0
D,E,D,5150,100,5150,1,0
D,F,D,7148,100,7148,1,0
D,G,D,5137,100,5137,1,0
D,H,D,1418,100,1418,1,0
A,E,E,1419,100,1419,1,0
B,E,E,5140,100,5140,1,0
C,E,E,7180,100,7180,1,0
D,E,E,5172,100,5172,1,0
E,F,E,4951,100,4951,1,0
E,G,E,7085,100,7085,1,0
E,H,E,5016,100,5016,1,0
A,F,F,5164,100,5164,1,0
B,F,F,1362,100,1362,1,0
C,F,F,5172,100,5172,1,0
D,F,F,7126,100,7126,1,0
E,F,F,4978,100,4978,1,0
F,G,F,4995,100,4995,1,0
F,H,F,7002,100,7002,1,0
A,G,G,7117,100,7117,1,0
B,G,G,5202,100,5202,1,0
C,G,G,1386,100,1386,1,0
D,G,G,5147,100,5147,1,0
E,G,G,7015,100,7015,1,0
F,G,G,4973,100,4973,1,0
G,H,G,4904,100,4904,1,0
A,H,H,5094,100,5094,1,0
B,H,H,7110,100,7110,1,0
C,H,H,5184,100,5184,1,0
D,H,H,1418,100,1418,1,0
E,H,H,4967,100,4967,1,0
F,H,H,7007,100,7007,1,0
G,H,H,4977,100,4977,1,0
A,B,A,4961,100,4961,1,0
A,C,A,7049,100,7049,1,0
A,D,A,4950,100,4950,1,0
A,E,A,1455,100,1455,1,0
A,F,A,5137,100,5137,1,0
A,G,A,7159,100,7159,1,0
A,H,A,5104,100,5104,1,0
A,B,B,4921,100,4921,1,0
B,C,B,4984,100,4984,1,0
B,D,B,6975,100,6975,1,0
B,E,B,5187,100,5187,1,0
B,F,B,1432,100,1432,1,0
B,G,B,5183,100,5183,1,0
B,H,B,7123,100,7123,1,0
A,C,C,7023,100,7023,1,0
B,C,C,4965,100,4965,1,0
C,D,C,4927,100,4927,1,0
C,E,C,7156,100,7156,1,0
C,F,C,5143,100,5143,1,0
C,G,C,1398,100,1398,1,0
C,H,C,5183,100,5183,1,0
A,D,D,4951,100,4951,1,0
B,D,D,6975,100,6975,1,0
C,D,D,4942,100,4942,1,0
D,E,D,5160,100,5160,1,0
D,F,D,7140,100,7140,1,0
D,G,D,5138,100,5138,1,0
D,H,D,1373,100,1373,1,0
A,E,E,1387,100,1387,1,0
B,E,E,5209,100,5209,1,0
C,E,E,7147,100,7147,1,0
D,E,E,5209,100,5209,1,0
E,F,E,5005,100,5005,1,0
E,G,E,7061,100,7061,1,0
E,H,E,4922,100,4922,1,0
A,F,F,5193,100,5193,1,0
B,F,F,1380,100,1380,1,0
C,F,F,5154,100,5154,1,0
D,F,F,7163,100,7163,1,0
E,F,F,4972,100,4972,1,0
F,G,F,4982,100,4982,1,0
F,H,F,7051,100,7051,1,0
A,G,G,7179,100,7179,1,0
B,G,G,5198,100,5198,1,0
C,G,G,1390,100,1390,1,0
D,G,G,5136,100,5136,1,0
E,G,G,7046,100,7046,1,0
F,G,G,4974,100,4974,1,0
G,H,G,4958,100,4958,1,0
A,H,H,5125,100,5125,1,0
B,H,H,7144,100,7144,1,0
C,H,H,5159,100,5159,1,0
D,H,H,1434,100,1434,1,0
E,H,H,4944,100,4944,1,0
F,H,H,6973,100,6973,1,0
G,H,H,4935,100,4935,1,0
A,B,A,4938,100,4938,1,0
A,C,A,6996,100,6996,1,0
A,D,A,4939,100,4939,1,0
A,E,A,1384,100,1384,1,0
A,F,A,5183,100,5183,1,0
A,G,A,7144,100,7144,1,0
A,H,A,5151,100,5151,1,0
A,B,B,4953,100,4953,1,0
B,C,B,4960,100,4960,1,0
B,D,B,7012,100,7012,1,0
B,E,B,5127,100,5127,1,0
B,F,B,1393,100,1393,1,0
B,G,B,5186,100,5186,1,0
B,H,B,7095,100,7095,1,0
A,C,C,7039,100,7039,1,0
B,C,C,4979,100,4979,1,0
C,D,C,4944,100,4944,1,0
C,E,C,7199,100,7199,1,0
C,F,C,5136,100,5136,1,0
C,G,C,1378,100,1378,1,0
C,H,C,5161,100,5161,1,0
A,D,D,4956,100,4956,1,0
B,D,D,7007,100,7007,1,0
C,D,D,4942,100,4942,1,0
D,E,D,5186,100,5186,1,0
D,F,D,7121,100,7121,1,0
D,G,D,5114,100,5114,1,0
D,H,D,1422,100,1422,1,0
A,E,E,1406,100,1406,1,0
B,E,E,5152,100,5152,1,0
C,E,E,7169,100,7169,1,0
D,E,E,5169,100,5169,1,0
E,F,E,5002,100,5002,1,0
E,G,E,7074,100,7074,1,0
E,H,E,5000,100,5000,1,0
A,F,F,5156,100,5156,1,0
B,F,F,1360,100,1360,1,0
C,F,F,5176,100,5176,1,0
D,F,F,7119,100,7119,1,0
E,F,F,4984,100,4984,1,0
F,G,F,4979,100,4979,1,0
F,H,F,6985,100,6985,1,0
A,G,G,7153,100,7153,1,0
B,G,G,5213,100,5213,1,0
C,G,G,1415,100,1415,1,0
D,G,G,5160,100,5160,1,0
E,G,G,7024,100,7024,1,0
F,G,G,4967,100,4967,1,0
G,H,G,4984,100,4984,1,0
A,H,H,5170,100,5170,1,0
B,H,H,7141,100,7141,1,0
C,H,H,5143,100,5143,1,0
D,H,H,1369,100,1369,1,0
E,H,H,4949,100,4949,1,0
F,H,H,6975,100,6975,1,0
G,H,H,4949,100,4949,1,0
A,B,A,4951,100,4951,1,0
A,C,A,6998,100,6998,1,0
A,D,A,4933,100,4933,1,0
A,E,A,1367,100,1367,1,0
A,F,A,5140,100,5140,1,0
A,G,A,7196,100,7196,1,0
A,H,A,5137,100,5137,1,0
A,B,B,4967,100,4967,1,0
B,C,B,4983,100,4983,1,0
B,D,B,7006,100,7006,1,0
B,E,B,5158,100,5158,1,0
B,F,B,1376,100,1376,1,0
B,G,B,5193,100,5193,1,0
B,H,B,7166,100,7166,1,0
A,C,C,7067,100,7067,1,0
B,C,C,4998,100,4998,1,0
C,D,C,4974,100,4974,1,0
C,E,C,7212,100,7212,1,0
C,F,C,5164,100,5164,1,0
C,G,C,1422,100,1422,1,0
C,H,C,5122,100,5122,1,0
A,D,D,4971,100,4971,1,0
B,D,D,6959,100,6959,1,0
C,D,D,4936,100,4936,1,0
D,E,D,5129,100,5129,1,0
D,F,D,7107,100,7107,1,0
D,G,D,5135,100,5135,1,0
D,H,D,1461,100,1461,1,0
A,E,E,1390,100,1390,1,0
B,E,E,5084,100,5084,1,0
C,E,E,7215,100,7215,1,0
D,E,E,5154,100,5154,1,0
E,F,E,4939,100,4939,1,0
E,G,E,7075,100,7075,1,0
E,H,E,5002,100,5002,1,0
A,F,F,5194,100,5194,1,0
B,F,F,1375,100,1375,1,0
C,F,F,5160,100,5160,1,0
D,F,F,7146,100,7146,1,0
E,F,F,4958,100,4958,1,0
F,G,F,4957,100,4957,1,0
F,H,F,7034,100,7034,1,0
A,G,G,7172,100,7172,1,0
B,G,G,5148,100,5148,1,0
C,G,G,1416,100,1416,1,0
D,G,G,5154,100,5154,1,0
E,G,G,7072,100,7072,1,0
F,G,G,4979,100,4979,1,0
G,H,G,4950,100,4950,1,0
A,H,H,5141,100,5141,1,0
B,H,H,7177,100,7177,1,0
C,H,H,5141,100,5141,1,0
D,H,H,1351,100,1351,1,0
E,H,H,4937,100,4937,1,0
F,H,H,6999,100,6999,1,0
G,H,H,4937,100,4937,1,0
A,B,A,4984,100,4984,1,0
A,C,A,7048,100,7048,1,0
A,D,A,4945,100,4945,1,0
A,E,A,1397,100,1397,1,0
A,F,A,5166,100,5166,1,0
A,G,A,7176,100,7176,1,0
A,H,A,5160,100,5160,1,0
A,B,B,4974,100,4974,1,0
B,C,B,4957,100,4957,1,0
B,D,B,6982,100,6982,1,0
B,E,B,5149,100,5149,1,0
B,F,B,1386,100,1386,1,0
B,G,B,5193,100,5193,1,0
B,H,B,7162,100,7162,1,0
A,C,C,7055,100,7055,1,0
B,C,C,4986,100,4986,1,0
C,D,C,4916,100,4916,1,0
C,E,C,7195,100,7195,1,0
C,F,C,5158,100,5158,1,0
C,G,C,1378,100,1378,1,0
C,H,C,5164,100,5164,1,0
A,D,D,4940,100,4940,1,0
B,D,D,7042,100,7042,1,0
C,D,D,4946,100,4946,1,0
D,E,D,5126,100,5126,1,0
D,F,D,7142,100,7142,1,0
D,G,D,5177,100,5177,1,0
D,H,D,1429,100,1429,1,0
A,E,E,1440,100,1440,1,0
B,E,E,5117,100,5117,1,0
C,E,E,7187,100,7187,1,0
D,E,E,5158,100,5158,1,0
E,F,E,4952,100,4952,1,0
E,G,E,7074,100,7074,1,0
E,H,E,4991,100,4991,1,0
A,F,F,5207,100,5207,1,0
B,F,F,1381,100,1381,1,0
C,F,F,5147,100,5147,1,0
D,F,F,7126,100,7126,1,0
E,F,F,4982,100,4982,1,0
F,G,F,4981,100,4981,1,0
F,H,F,6989,100,6989,1,0
A,G,G,7138,100,7138,1,0
B,G,G,5169,100,5169,1,0
C,G,G,1406,100,1406,1,0
D,G,G,5117,100,5117,1,0
E,G,G,7105,100,7105,1,0
F,G,G,4984,100,4984,1,0
G,H,G,4944,100,4944,1,0
A,H,H,5157,100,5157,1,0
B,H,H,7080,100,7080,1,0
C,H,H,5188,100,5188,1,0
D,H,H,1421,100,1421,1,0
E,H,H,5002,100,5002,1,0
F,H,H,6991,100,6991,1,0
G,H,H,4960,100,4960,1,0
A,B,A,4957,100,4957,1,0
A,C,A,7020,100,7020,1,0
A,D,A,4956,100,4956,1,0
A,E,A,1427,100,1427,1,0
A,F,A,5156,100,5156,1,0
A,G,A,7154,100,7154,1,0
A,H,A,5134,100,5134,1,0
A,B,B,4945,100,4945,1,0
B,C,B,4975,100,4975,1,0
B,D,B,7027,100,7027,1,0
B,E,B,5143,100,5143,1,0
B,F,B,1414,100,1414,1,0
B,G,B,5216,100,5216,1,0
B,H,B,7157,100,7157,1,0
A,C,C,7035,100,7035,1,0
B,C,C,4983,100,4983,1,0
C,D,C,4952,100,4952,1,0
C,E,C,7181,100,7181,1,0
C,F,C,5156,100,5156,1,0
C,G,C,1386,100,1386,1,0
C,H,C,5135,100,5135,1,0
A,D,D,4935,100,4935,1,0
B,D,D,7012,100,7012,1,0
C,D,D,4909,100,4909,1,0
D,E,D,5144,100,5144,1,0
D,F,D,7126,100,7126,1,0
D,G,D,5135,100,5135,1,0
D,H,D,1425,100,1425,1,0
A,E,E,1458,100,1458,1,0
B,E,E,5196,100,5196,1,0
C,E,E,7210,100,7210,1,0
D,E,E,5161,100,5161,1,0
E,F,E,4958,100,4958,1,0
E,G,E,7067,100,7067,1,0
E,H,E,4953,100,4953,1,0
A,F,F,5171,100,5171,1,0
B,F,F,1410,100,1410,1,0
C,F,F,5154,100,5154,1,0
D,F,F,7164,100,7164,1,0
E,F,F,4966,100,4966,1,0
F,G,F,4952,100,4952,1,0
F,H,F,7029,100,7029,1,0
A,G,G,7129,100,7129,1,0
B,G,G,5189,100,5189,1,0
C,G,G,1427,100,1427,1,0
D,G,G,5164,100,5164,1,0
E,G,G,7030,100,7030,1,0
F,G,G,4993,100,4993,1,0
G,H,G,4930,100,4930,1,0
A,H,H,5120,100,5120,1,0
B,H,H,7136,100,7136,1,0
C,H,H,5146,100,5146,1,0
D,H,H,1419,100,1419,1,0
E,H,H,4962,100,4962,1,0
F,H,H,7008,100,7008,1,0
G,H,H,4926,100,4926,1,0
A,B,A,4944,100,4944,1,0
A,C,A,6989,100,6989,1,0
A,D,A,4962,100,4962,1,0
A,E,A,1376,100,1376,1,0
A,F,A,5163,100,5163,1,0
A,G,A,7213,100,7213,1,0
A,H,A,5185,100,5185,1,0
A,B,B,4968,100,4968,1,0
B,C,B,5000,100,5000,1,0
B,D,B,6998,100,6998,1,0
B,E,B,5138,100,5138,1,0
B,F,B,1366,100,1366,1,0
B,G,B,5164,100,5164,1,0
B,H,B,7142,100,7142,1,0
A,C,C,7041,100,7041,1,0
B,C,C,4961,100,4961,1,0
C,D,C,4972,100,4972,1,0
C,E,C,7176,100,7176,1,0
C,F,C,5153,100,5153,1,0
C,G,C,1409,100,1409,1,0
C,H,C,5146,100,5146,1,0
A,D,D,4954,100,4954,1,0
B,D,D,7003,100,7003,1,0
C,D,D,4935,100,4935,1,0
D,E,D,5226,100,5226,1,0
D,F,D,7112,100,7112,1,0
D,G,D,5152,100,5152,1,0
D,H,D,1373,100,1373,1,0
A,E,E,1422,100,1422,1,0
B,E,E,5167,100,5167,1,0
C,E,E,7191,100,7191,1,0
D,E,E,5160,100,5160,1,0
E,F,E,4977,100,4977,1,0
E,G,E,7029,100,7029,1,0
E,H,E,5021,100,5021,1,0
A,F,F,5158,100,5158,1,0
B,F,F,1406,100,1406,1,0
C,F,F,5165,100,5165,1,0
D,F,F,7145,100,7145,1,0
E,F,F,4974,100,4974,1,0
F,G,F,4986,100,4986,1,0
F,H,F,7008,100,7008,1,0
A,G,G,7179,100,7179,1,0
B,G,G,5179,100,5179,1,0
C,G,G,1404,100,1404,1,0
D,G,G,5128,100,5128,1,0
E,G,G,7054,100,7054,1,0
F,G,G,4979,100,4979,1,0
G,H,G,4900,100,4900,1,0
A,H,H,5149,100,5149,1,0
B,H,H,7162,100,7162,1,0
C,H,H,5104,100,5104,1,0
D,H,H,1452,100,1452,1,0
E,H,H,4983,100,4983,1,0
F,H,H,6992,100,6992,1,0
G,H,H,4940,100,4940,1,0
A,B,A,4931,100,4931,1,0
A,C,A,7070,100,7070,1,0
A,D,A,4919,100,4919,1,0
A,E,A,1408,100,1408,1,0
A,F,A,5161,100,5161,1,0
A,G,A,7184,100,7184,1,0
A,H,A,5132,100,5132,1,0
A,B,B,4972,100,4972,1,0
B,C,B,4997,100,4997,1,0
B,D,B,7049,100,7049,1,0
B,E,B,5141,100,5141,1,0
B,F,B,1398,100,1398,1,0
B,G,B,5211,100,5211,1,0
B,H,B,7126,100,7126,1,0
A,C,C,6991,100,6991,1,0
B,C,C,4951,100,4951,1,0
C,D,C,4938,100,4938,1,0
C,E,C,7194,100,7194,1,0
C,F,C,5151,100,5151,1,0
C,G,C,1361,100,1361,1,0
C,H,C,5122,100,5122,1,0
A,D,D,4942,100,4942,1,0
B,D,D,6977,100,6977,1,0
C,D,D,4950,100,4950,1,0
D,E,D,5144,100,5144,1,0
D,F,D,7172,100,7172,1,0
D,G,D,5134,100,5134,1,0
D,H,D,1382,100,1382,1,0
A,E,E,1407,100,1407,1,0
B,E,E,5195,100,5195,1,0
C,E,E,7149,100,7149,1,0
D,E,E,5205,100,5205,1,0
E,F,E,4970,100,4970,1,0
E,G,E,7039,100,7039,1,0
E,H,E,5016,100,5016,1,0
A,F,F,5157,100,5157,1,0
B,F,F,1400,100,1400,1,0
C,F,F,5176,100,5176,1,0
D,F,F,7141,100,7141,1,0
E,F,F,4971,100,4971,1,0
F,G,F,4990,100,4990,1,0
F,H,F,7013,100,7013,1,0
A,G,G,7184,100,7184,1,0
B,G,G,5197,100,5197,1,0
C,G,G,1416,100,1416,1,0
D,G,G,5139,100,5139,1,0
E,G,G,7046,100,7046,1,0
F,G,G,4996,100,4996,1,0
G,H,G,4992,100,4992,1,0
A,H,H,5147,100,5147,1,0
B,H,H,7144,100,7144,1,0
C,H,H,5192,100,5192,1,0
D,H,H,1401,100,1401,1,0
E,H,H,4978,100,4978,1,0
F,H,H,6958,100,6958,1,0
G,H,H,4945,100,4945,1,0
A,B,A,4944,100,4944,1,0
A,C,A,6989,100,6989,1,0
A,D,A,4935,100,4935,1,0
A,E,A,1398,100,1398,1,0
A,F,A,5148,100,5148,1,0
A,G,A,7193,100,7193,1,0
A,H,A,5148,100,5148,1,0
A,B,B,4993,100,4993,1,0
B,C,B,4983,100,4983,1,0
B,D,B,6976,100,6976,1,0
B,E,B,5103,100,5103,1,0
B,F,B,1375,100,1375,1,0
B,G,B,5161,100,5161,1,0
B,H,B,7143,100,7143,1,0
A,C,C,7000,100,7000,1,0
B,C,C,4972,100,4972,1,0
C,D,C,4941,100,4941,1,0
C,E,C,7196,100,7196,1,0
C,F,C,5171,100,5171,1,0
C,G,C,1413,100,1413,1,0
C,H,C,5144,100,5144,1,0
A,D,D,4976,100,4976,1,0
B,D,D,7002,100,7002,1,0
C,D,D,4926,100,4926,1,0
D,E,D,5112,100,5112,1,0
D,F,D,7121,100,7121,1,0
D,G,D,5158,100,5158,1,0
D,H,D,1398,100,1398,1,0
A,E,E,1440,100,1440,1,0
B,E,E,5156,100,5156,1,0
C,E,E,7216,100,7216,1,0
D,E,E,5216,100,5216,1,0
E,F,E,4948,100,4948,1,0
E,G,E,7040,100,7040,1,0
E,H,E,4951,100,4951,1,0
A,F,F,5193,100,5193,1,0
B,F,F,1409,100,1409,1,0
C,F,F,5143,100,5143,1,0
D,F,F,7170,100,7170,1,0
E,F,F,4964,100,4964,1,0
F,G,F,4966,100,4966,1,0
F,H,F,7044,100,7044,1,0
A,G,G,7157,100,7157,1,0
B,G,G,5189,100,5189,1,0
C,G,G,1351,100,1351,1,0
D,G,G,5122,100,5122,1,0
E,G,G,7049,100,7049,1,0
F,G,G,4985,100,4985,1,0
G,H,G,4953,100,4953,1,0
A,H,H,5113,100,5113,1,0
B,H,H,7132,100,7132,1,0
C,H,H,5154,100,5154,1,0
D,H,H,1412,100,1412,1,0
E,H,H,4981,100,4981,1,0
F,H,H,7046,100,7046,1,0
G,H,H,4943,100,4943,1,0
A,B,A,4967,100,4967,1,0
A,C,A,7005,100,7005,1,0
A,D,A,4955,100,4955,1,0
A,E,A,1401,100,1401,1,0
A,F,A,5192,100,5192,1,0
A,G,A,7170,100,7170,1,0
A,H,A,5161,100,5161,1,0
A,B,B,4925,100,4925,1,0
B,C,B,4970,100,4970,1,0
B,D,B,7034,100,7034,1,0
B,E,B,5134,100,5134,1,0
B,F,B,1429,100,1429,1,0
B,G,B,5200,100,5200,1,0
B,H,B,7123,100,7123,1,0
A,C,C,7006,100,7006,1,0
B,C,C,4931,100,4931,1,0
C,D,C,4972,100,4972,1,0
C,E,C,7181,100,7181,1,0
C,F,C,5131,100,5131,1,0
C,G,C,1407,100,1407,1,0
C,H,C,5189,100,5189,1,0
A,D,D,4962,100,4962,1,0
B,D,D,6992,100,6992,1,0
C,D,D,4918,100,4918,1,0
D,E,D,5148,100,5148,1,0
D,F,D,7149,100,7149,1,0
D,G,D,5157,100,5157,1,0
D,H,D,1391,100,1391,1,0
A,E,E,1403,100,1403,1,0
B,E,E,5128,100,5128,1,0
C,E,E,7189,100,7189,1,0
D,E,E,5223,100,5223,1,0
E,F,E,4985,100,4985,1,0
E,G,E,7047,100,7047,1,0
E,H,E,4959,100,4959,1,0
A,F,F,5187,100,5187,1,0
B,F,F,1376,100,1376,1,0
C,F,F,5155,100,5155,1,0
D,F,F,7142,100,7142,1,0
E,F,F,4989,100,4989,1,0
F,G,F,4952,100,4952,1,0
F,H,F,7021,100,7021,1,0
A,G,G,7173,100,7173,1,0
B,G,G,5180,100,5180,1,0
C,G,G,1407,100,1407,1,0
D,G,G,5122,100,5122,1,0
E,G,G,7010,100,7010,1,0
F,G,G,4966,100,4966,1,0
G,H,G,4953,100,4953,1,0
A,H,H,5121,100,5121,1,0
B,H,H,7116,100,7116,1,0
C,H,H,5175,100,5175,1,0
D,H,H,1424,100,1424,1,0
E,H,H,4931,100,4931,1,0
F,H,H,7029,100,7029,1,0
G,H,H,4926,100,4926,1,0
A,B,A,4942,100,4942,1,0
A,C,A,7005,100,7005,1,0
A,D,A,4922,100,4922,1,0
A,E,A,1409,100,1409,1,0
A,F,A,5190,100,5190,1,0
A,G,A,7129,100,7129,1,0
A,H,A,5137,100,5137,1,0
A,B,B,4939,100,4939,1,0
B,C,B,4983,100,4983,1,0
B,D,B,7009,100,7009,1,0
B,E,B,5140,100,5140,1,0
B,F,B,1416,100,1416,1,0
B,G,B,5210,100,5210,1,0
B,H,B,7167,100,7167,1,0
A,C,C,7019,100,7019,1,0
B,C,C,4972,100,4972,1,0
C,D,C,4961,100,4961,1,0
C,E,C,7234,100,7234,1,0
C,F,C,5136,100,5136,1,0
C,G,C,1430,100,1430,1,0
C,H,C,5213,100,5213,1,0
A,D,D,4930,100,4930,1,0
B,D,D,7026,100,7026,1,0
C,D,D,4976,100,4976,1,0
D,E,D,5183,100,5183,1,0
D,F,D,7130,100,7130,1,0
D,G,D,5128,100,5128,1,0
D,H,D,1412,100,1412,1,0
A,E,E,1428,100,1428,1,0
B,E,E,5150,100,5150,1,0
C,E,E,7128,100,7128,1,0
D,E,E,5124,100,5124,1,0
E,F,E,4986,100,4986,1,0
E,G,E,7028,100,7028,1,0
E,H,E,4965,100,4965,1,0
A,F,F,5164,100,5164,1,0
B,F,F,1381,100,1381,1,0
C,F,F,5152,100,5152,1,0
D,F,F,7181,100,7181,1,0
E,F,F,4979,100,4979,1,0
F,G,F,4975,100,4975,1,0
F,H,F,6966,100,6966,1,0
A,G,G,7190,100,7190,1,0
B,G,G,5185,100,5185,1,0
C,G,G,1422,100,1422,1,0
D,G,G,5157,100,5157,1,0
E,G,G,7068,100,7068,1,0
F,G,G,4979,100,4979,1,0
G,H,G,4974,100,4974,1,0
A,H,H,5150,100,5150,1,0
B,H,H,7135,100,7135,1,0
C,H,H,5176,100,5176,1,0
D,H,H,1465,100,1465,1,0
E,H,H,4977,100,4977,1,0
F,H,H,6999,100,6999,1,0
G,H,H,4940,100,4940,1,0
A,B,A,4987,100,4987,1,0
A,C,A,7048,100,7048,1,0
A,D,A,4912,100,4912,1,0
A,E,A,1380,100,1380,1,0
A,F,A,5168,100,5168,1,0
A,G,A,7143,100,7143,1,0
A,H,A,5137,100,5137,1,0
A,B,B,4955,100,4955,1,0
B,C,B,4957,100,4957,1,0
B,D,B,6972,100,6972,1,0
B,E,B,5132,100,5132,1,0
B,F,B,1410,100,1410,1,0
B,G,B,5175,100,5175,1,0
B,H,B,7130,100,7130,1,0
A,C,C,7001,100,7001,1,0
B,C,C,4928,100,4928,1,0
C,D,C,4912,100,4912,1,0
C,E,C,7189,100,7189,1,0
C,F,C,5152,100,5152,1,0
C,G,C,1438,100,1438,1,0
C,H,C,5208,100,5208,1,0
A,D,D,4929,100,4929,1,0
B,D,D,7018,100,7018,1,0
C,D,D,4919,100,4919,1,0
D,E,D,5174,100,5174,1,0
D,F,D,7107,100,7107,1,0
D,G,D,5128,100,5128,1,0
D,H,D,1408,100,1408,1,0
A,E,E,1394,100,1394,1,0
B,E,E,5179,100,5179,1,0
C,E,E,7159,100,7159,1,0
D,E,E,5144,100,5144,1,0
E,F,E,4985,100,4985,1,0
E,G,E,7017,100,7017,1,0
E,H,E,4994,100,4994,1,0
A,F,F,5175,100,5175,1,0
B,F,F,1381,100,1381,1,0
C,F,F,5160,100,5160,1,0
D,F,F,7149,100,7149,1,0
E,F,F,4960,100,4960,1,0
F,G,F,4970,100,4970,1,0
F,H,F,7017,100,7017,1,0
A,G,G,7176,100,7176,1,0
B,G,G,5178,100,5178,1,0
C,G,G,1395,100,1395,1,0
D,G,G,5172,100,5172,1,0
E,G,G,7047,100,7047,1,0
F,G,G,4961,100,4961,1,0
G,H,G,4955,100,4955,1,0
A,H,H,5150,100,5150,1,0
B,H,H,7115,100,7115,1,0
C,H,H,5174,100,5174,1,0
D,H,H,1414,100,1414,1,0
E,H,H,4981,100,4981,1,0
F,H,H,6938,100,6938,1,0
G,H,H,4973,100,4973,1,0
A,B,A,4975,100,4975,1,0
A,C,A,7051,100,7051,1,0
A,D,A,4949,100,4949,1,0
A,E,A,1439,100,1439,1,0
A,F,A,5175,100,5175,1,0
A,G,A,7186,100,7186,1,0
A,H,A,5156,100,5156,1,0
A,B,B,4929,100,4929,1,0
B,C,B,5004,100,5004,1,0
B,D,B,6989,100,6989,1,0
B,E,B,5160,100,5160,1,0
B,F,B,1419,100,1419,1,0
B,G,B,5156,100,5156,1,0
B,H,B,7129,100,7129,1,0
A,C,C,7001,100,7001,1,0
B,C,C,4948,100,4948,1,0
C,D,C,4923,100,4923,1,0
C,E,C,7193,100,7193,1,0
C,F,C,5144,100,5144,1,0
C,G,C,1374,100,1374,1,0
C,H,C,5122,100,5122,1,0
A,D,D,4927,100,4927,1,0
B,D,D,6974,100,6974,1,0
C,D,D,4956,100,4956,1,0
D,E,D,5161,100,5161,1,0
D,F,D,7157,100,7157,1,0
D,G,D,5161,100,5161,1,0
D,H,D,1385,100,1385,1,0
A,E,E,1384,100,1384,1,0
B,E,E,5174,100,5174,1,0
C,E,E,7203,100,7203,1,0
D,E,E,5216,100,5216,1,0
E,F,E,4944,100,4944,1,0
E,G,E,7048,100,7048,1,0
E,H,E,4990,100,4990,1,0
A,F,F,5185,100,5185,1,0
B,F,F,1382,100,1382,1,0
C,F,F,5128,100,5128,1,0
D,F,F,7149,100,7149,1,0
E,F,F,4969,100,4969,1,0
F,G,F,4942,100,4942,1,0
F,H,F,6966,100,6966,1,0
A,G,G,7206,100,7206,1,0
B,G,G,5242,100,5242,1,0
C,G,G,1403,100,1403,1,0
D,G,G,5146,100,5146,1,0
E,G,G,7059,100,7059,1,0
F,G,G,4944,100,4944,1,0
G,H,G,4946,100,4946,1,0
A,H,H,5138,100,5138,1,0
B,H,H,7117,100,7117,1,0
C,H,H,5176,100,5176,1,0
D,H,H,1392,100,1392,1,0
E,H,H,4991,100,4991,1,0
F,H,H,7035,100,7035,1,0
G,H,H,4966,100,4966,1,0
A,B,A,4982,100,4982,1,0
A,C,A,7024,100,7024,1,0
A,D,A,4955,100,4955,1,0
A,E,A,1374,100,1374,1,0
A,F,A,5171,100,5171,1,0
A,G,A,7148,100,7148,1,0
A,H,A,5104,100,5104,1,0
A,B,B,4943,100,4943,1,0
B,C,B,5032,100,5032,1,0
B,D,B,6984,100,6984,1,0
B,E,B,5173,100,5173,1,0
B,F,B,1375,100,1375,1,0
B,G,B,5219,100,5219,1,0
B,H,B,7207,100,7207,1,0
A,C,C,6992,100,6992,1,0
B,C,C,5007,100,5007,1,0
C,D,C,4951,100,4951,1,0
C,E,C,7182,100,7182,1,0
C,F,C,5154,100,5154,1,0
C,G,C,1379,100,1379,1,0
C,H,C,5109,100,5109,1,0
A,D,D,4969,100,4969,1,0
B,D,D,6996,100,6996,1,0
C,D,D,4962,100,4962,1,0
D,E,D,5207,100,5207,1,0
D,F,D,7161,100,7161,1,0
D,G,D,5112,100,5112,1,0
D,H,D,1398,100,1398,1,0
A,E,E,1441,100,1441,1,0
B,E,E,5108,100,5108,1,0
C,E,E,7135,100,7135,1,0
D,E,E,5176,100,5176,1,0
E,F,E,5000,100,5000,1,0
E,G,E,7069,100,7069,1,0
E,H,E,4971,100,4971,1,0
A,F,F,5201,100,5201,1,0
B,F,F,1399,100,1399,1,0
C,F,F,5165,100,5165,1,0
D,F,F,7134,100,7134,1,0
E,F,F,4971,100,4971,1,0
F,G,F,4981,100,4981,1,0
F,H,F,7000,100,7000,1,0
A,G,G,7149,100,7149,1,0
B,G,G,5181,100,5181,1,0
C,G,G,1433,100,1433,1,0
D,G,G,5138,100,5138,1,0
E,G,G,7056,100,7056,1,0
F,G,G,4977,100,4977,1,0
G,H,G,4982,100,4982,1,0
A,H,H,5145,100,5145,1,0
B,H,H,7165,100,7165,1,0
C,H,H,5138,100,5138,1,0
D,H,H,1358,100,1358,1,0
E,H,H,4997,100,4997,1,0
F,H,H,7030,100,7030,1,0
G,H,H,4932,100,4932,1,0
A,B,A,4941,100,4941,1,0
A,C,A,7039,100,7039,1,0
A,D,A,4936,100,4936,1,0
A,E,A,1440,100,1440,1,0
A,F,A,5179,100,5179,1,0
A,G,A,7103,100,7103,1,0
A,H,A,5129,100,5129,1,0
A,B,B,4937,100,4937,1,0
B,C,B,4997,100,4997,1,0
B,D,B,6984,100,6984,1,0
B,E,B,5128,100,5128,1,0
B,F,B,1382,100,1382,1,0
B,G,B,5162,100,5162,1,0
B,H,B,7130,100,7130,1,0
A,C,C,7061,100,7061,1,0
B,C,C,4970,100,4970,1,0
C,D,C,4956,100,4956,1,0
C,E,C,7174,100,7174,1,0
C,F,C,5127,100,5127,1,0
C,G,C,1408,100,1408,1,0
C,H,C,5129,100,5129,1,0
A,D,D,4918,100,4918,1,0
B,D,D,7021,100,7021,1,0
C,D,D,4974,100,4974,1,0
D,E,D,5164,100,5164,1,0
D,F,D,7128,100,7128,1,0
D,G,D,5146,100,5146,1,0
D,H,D,1402,100,1402,1,0
A,E,E,1370,100,1370,1,0
B,E,E,5163,100,5163,1,0
C,E,E,7176,100,7176,1,0
D,E,E,5144,100,5144,1,0
E,F,E,4977,100,4977,1,0
E,G,E,7049,100,7049,1,0
E,H,E,4999,100,4999,1,0
A,F,F,5166,100,5166,1,0
B,F,F,1400,100,1400,1,0
C,F,F,5143,100,5143,1,0
D,F,F,7103,100,7103,1,0
E,F,F,4948,100,4948,1,0
F,G,F,4935,100,4935,1,0
F,H,F,6956,100,6956,1,0
A,G,G,7205,100,7205,1,0
B,G,G,5194,100,5194,1,0
C,G,G,1400,100,1400,1,0
D,G,G,5130,100,5130,1,0
E,G,G,7043,100,7043,1,0
F,G,G,4961,100,4961,1,0
G,H,G,4969,100,4969,1,0
A,H,H,5133,100,5133,1,0
B,H,H,7121,100,7121,1,0
C,H,H,5186,100,5186,1,0
D,H,H,1386,100,1386,1,0
E,H,H,4963,100,4963,1,0
F,H,H,6981,100,6981,1,0
G,H,H,4949,100,4949,1,0
A,B,A,4960,100,4960,1,0
A,C,A,6995,100,6995,1,0
A,D,A,4954,100,4954,1,0
A,E,A,1445,100,1445,1,0
A,F,A,5146,100,5146,1,0
A,G,A,7162,100,7162,1,0
A,H,A,5150,100,5150,1,0
A,B,B,4936,100,4936,1,0
B,C,B,4977,100,4977,1,0
B,D,B,7068,100,7068,1,0
B,E,B,5146,100,5146,1,0
B,F,B,1419,100,1419,1,0
B,G,B,5188,100,5188,1,0
B,H,B,7140,100,7140,1,0
A,C,C,6997,100,6997,1,0
B,C,C,4997,100,4997,1,0
C,D,C,4941,100,4941,1,0
C,E,C,7141,100,7141,1,0
C,F,C,5137,100,5137,1,0
C,G,C,1387,100,1387,1,0
C,H,C,5181,100,5181,1,0
A,D,D,4943,100,4943,1,0
B,D,D,7018,100,7018,1,0
C,D,D,4935,100,4935,1,0
D,E,D,5158,100,5158,1,0
D,F,D,7142,100,7142,1,0
D,G,D,5116,100,5116,1,0
D,H,D,1451,100,1451,1,0
A,E,E,1393,100,1393,1,0
B,E,E,5149,100,5149,1,0
C,E,E,7190,100,7190,1,0
D,E,E,5173,100,5173,1,0
E,F,E,4961,100,4961,1,0
E,G,E,7076,100,7076,1,0
E,H,E,4969,100,4969,1,0
A,F,F,5159,100,5159,1,0
B,F,F,1393,100,1393,1,0
C,F,F,5143,100,5143,1,0
D,F,F,7138,100,7138,1,0
E,F,F,4964,100,4964,1,0
F,G,F,4963,100,4963,1,0
F,H,F,7006,100,7006,1,0
A,G,G,7189,100,7189,1,0
B,G,G,5169,100,5169,1,0
C,G,G,1392,100,1392,1,0
D,G,G,5109,100,5109,1,0
E,G,G,7058,100,7058,1,0
F,G,G,4976,100,4976,1,0
G,H,G,4949,100,4949,1,0
A,H,H,5147,100,5147,1,0
B,H,H,7148,100,7148,1,0
C,H,H,5144,100,5144,1,0
D,H,H,1386,100,1386,1,0
E,H,H,4968,100,4968,1,0
F,H,H,6975,100,6975,1,0
G,H,H,4994,100,4994,1,0
A,B,A,4931,100,4931,1,0
A,C,A,6992,100,6992,1,0
A,D,A,4939,100,4939,1,0
A,E,A,1441,100,1441,1,0
A,F,A,5154,100,5154,1,0
A,G,A,7199,100,7199,1,0
A,H,A,5158,100,5158,1,0
A,B,B,4993,100,4993,1,0
B,C,B,5002,100,5002,1,0
B,D,B,6998,100,6998,1,0
B,E,B,5173,100,5173,1,0
B,F,B,1408,100,1408,1,0
B,G,B,5177,100,5177,1,0
B,H,B,7183,100,7183,1,0
A,C,C,6997,100,6997,1,0
B,C,C,4995,100,4995,1,0
C,D,C,4938,100,4938,1,0
C,E,C,7165,100,7165,1,0
C,F,C,5171,100,5171,1,0
C,G,C,1431,100,1431,1,0
C,H,C,5165,100,5165,1,0
A,D,D,4957,100,4957,1,0
B,D,D,7001,100,7001,1,0
C,D,D,4928,100,4928,1,0
D,E,D,5149,100,5149,1,0
D,F,D,7123,100,7123,1,0
D,G,D,5110,100,5110,1,0
D,H,D,1408,100,1408,1,0
A,E,E,1396,100,1396,1,0
B,E,E,5156,100,5156,1,0
C,E,E,7147,100,7147,1,0
D,E,E,5205,100,5205,1,0
E,F,E,4996,100,4996,1,0
E,G,E,7042,100,7042,1,0
E,H,E,5007,100,5007,1,0
A,F,F,5156,100,5156,1,0
B,F,F,1371,100,1371,1,0
C,F,F,5157,100,5157,1,0
D,F,F,7159,100,7159,1,0
E,F,F,4944,100,4944,1,0
F,G,F,4964,100,4964,1,0
F,H,F,6983,100,6983,1,0
A,G,G,7116,100,7116,1,0
B,G,G,5169,100,5169,1,0
C,G,G,1372,100,1372,1,0
D,G,G,5134,100,5134,1,0
E,G,G,7053,100,7053,1,0
F,G,G,4959,100,4959,1,0
G,H,G,4949,100,4949,1,0
A,H,H,5144,100,5144,1,0
B,H,H,7155,100,7155,1,0
C,H,H,5151,100,5151,1,0
D,H,H,1387,100,1387,1,0
E,H,H,4980,100,4980,1,0
F,H,H,6999,100,6999,1,0
G,H,H,4963,100,4963,1,0
A,B,A,4969,100,4969,1,0
A,C,A,6999,100,6999,1,0
A,D,A,4956,100,4956,1,0
A,E,A,1414,100,1414,1,0
A,F,A,5190,100,5190,1,0
A,G,A,7136,100,7136,1,0
A,H,A,5119,100,5119,1,0
A,B,B,4942,100,4942,1,0
B,C,B,4947,100,4947,1,0
B,D,B,7005,100,7005,1,0
B,E,B,5138,100,5138,1,0
B,F,B,1392,100,1392,1,0
B,G,B,5184,100,5184,1,0
B,H,B,7141,100,7141,1,0
A,C,C,7062,100,7062,1,0
B,C,C,4959,100,4959,1,0
C,D,C,4957,100,4957,1,0
C,E,C,7167,100,7167,1,0
C,F,C,5152,100,5152,1,0
C,G,C,1411,100,1411,1,0
C,H,C,5184,100,5184,1,0
A,D,D,4956,100,4956,1,0
B,D,D,6963,100,6963,1,0
C,D,D,4953,100,4953,1,0
D,E,D,5222,100,5222,1,0
D,F,D,7132,100,7132,1,0
D,G,D,5148,100,5148,1,0
D,H,D,1434,100,1434,1,0
A,E,E,1378,100,1378,1,0
B,E,E,5151,100,5151,1,0
C,E,E,7170,100,7170,1,0
D,E,E,5206,100,5206,1,0
E,F,E,4958,100,4958,1,0
E,G,E,7053,100,7053,1,0
E,H,E,4953,100,4953,1,0
A,F,F,5164,100,5164,1,0
B,F,F,1376,100,1376,1,0
C,F,F,5150,100,5150,1,0
D,F,F,7161,100,7161,1,0
E,F,F,4993,100,4993,1,0
F,G,F,4942,100,4942,1,0
F,H,F,7020,100,7020,1,0
A,G,G,7168,100,7168,1,0
B,G,G,5170,100,5170,1,0
C,G,G,1385,100,1385,1,0
D,G,G,5167,100,5167,1,0
E,G,G,7041,100,7041,1,0
F,G,G,4969,100,4969,1,0
G,H,G,4937,100,4937,1,0
A,H,H,5153,100,5153,1,0
B,H,H,7121,100,7121,1,0
C,H,H,5203,100,5203,1,0
D,H,H,1407,100,1407,1,0
E,H,H,4961,100,4961,1,0
F,H,H,7027,100,7027,1,0
G,H,H,4949,100,4949,1,0
A,B,A,4935,100,4935,1,0
A,C,A,7112,100,7112,1,0
A,D,A,4932,100,4932,1,0
A,E,A,1400,100,1400,1,0
A,F,A,5144,100,5144,1,0
A,G,A,7118,100,7118,1,0
A,H,A,5104,100,5104,1,0
A,B,B,4916,100,4916,1,0
B,C,B,4986,100,4986,1,0
B,D,B,6984,100,6984,1,0
B,E,B,5182,100,5182,1,0
B,F,B,1395,100,1395,1,0
B,G,B,5197,100,5197,1,0
B,H,B,7164,100,7164,1,0
A,C,C,7011,100,7011,1,0
B,C,C,4974,100,4974,1,0
C,D,C,4948,100,4948,1,0
C,E,C,7153,100,7153,1,0
C,F,C,5171,100,5171,1,0
C,G,C,1408,100,1408,1,0
C,H,C,5179,100,5179,1,0
A,D,D,4925,100,4925,1,0
B,D,D,7025,100,7025,1,0
C,D,D,4948,100,4948,1,0
D,E,D,5208,100,5208,1,0
D,F,D,7110,100,7110,1,0
D,G,D,5179,100,5179,1,0
D,H,D,1417,100,1417,1,0
A,E,E,1399,100,1399,1,0
B,E,E,5155,100,5155,1,0
C,E,E,7182,100,7182,1,0
D,E,E,5194,100,5194,1,0
E,F,E,4948,100,4948,1,0
E,G,E,7049,100,7049,1,0
E,H,E,5012,100,5012,1,0
A,F,F,5167,100,5167,1,0
B,F,F,1436,100,1436,1,0
C,F,F,5168,100,5168,1,0
D,F,F,7153,100,7153,1,0
E,F,F,4989,100,4989,1,0
F,G,F,5009,100,5009,1,0
F,H,F,6983,100,6983,1,0
A,G,G,7160,100,7160,1,0
B,G,G,5213,100,5213,1,0
C,G,G,1386,100,1386,1,0
D,G,G,5116,100,5116,1,0
E,G,G,7052,100,7052,1,0
F,G,G,4955,100,4955,1,0
G,H,G,4917,100,4917,1,0
A,H,H,5162,100,5162,1,0
B,H,H,7145,100,7145,1,0
C,H,H,5168,100,5168,1,0
D,H,H,1468,100,1468,1,0
E,H,H,4962,100,4962,1,0
F,H,H,7035,100,7035,1,0
G,H,H,4950,100,4950,1,0
A,B,A,4975,100,4975,1,0
A,C,A,6990,100,6990,1,0
A,D,A,4940,100,4940,1,0
A,E,A,1414,100,1414,1,0
A,F,A,5155,100,5155,1,0
A,G,A,7210,100,7210,1,0
A,H,A,5159,100,5159,1,0
A,B,B,4953,100,4953,1,0
B,C,B,5019,100,5019,1,0
B,D,B,6958,100,6958,1,0
B,E,B,5113,100,5113,1,0
B,F,B,1400,100,1400,1,0
B,G,B,5169,100,5169,1,0
B,H,B,7098,100,7098,1,0
A,C,C,7002,100,7002,1,0
B,C,C,4954,100,4954,1,0
C,D,C,4972,100,4972,1,0
C,E,C,7204,100,7204,1,0
C,F,C,5131,100,5131,1,0
C,G,C,1381,100,1381,1,0
C,H,C,5156,100,5156,1,0
A,D,D,4948,100,4948,1,0
B,D,D,7028,100,7028,1,0
C,D,D,4979,100,4979,1,0
D,E,D,5153,100,5153,1,0
D,F,D,7156,100,7156,1,0
D,G,D,5166,100,5166,1,0
D,H,D,1396,100,1396,1,0
A,E,E,1382,100,1382,1,0
B,E,E,5188,100,5188,1,0
C,E,E,7170,100,7170,1,0
D,E,E,5183,100,5183,1,0
E,F,E,4992,100,4992,1,0
E,G,E,7054,100,7054,1,0
E,H,E,5009,100,5009,1,0
A,F,F,5164,100,5164,1,0
B,F,F,1370,100,1370,1,0
C,F,F,5170,100,5170,1,0
D,F,F,7116,100,7116,1,0
E,F,F,4950,100,4950,1,0
F,G,F,4981,100,4981,1,0
F,H,F,7003,100,7003,1,0
A,G,G,7180,100,7180,1,0
B,G,G,5204,100,5204,1,0
C,G,G,1365,100,1365,1,0
D,G,G,5152,100,5152,1,0
E,G,G,7041,100,7041,1,0
F,G,G,4943,100,4943,1,0
G,H,G,4925,100,4925,1,0
A,H,H,5121,100,5121,1,0
B,H,H,7150,100,7150,1,0
C,H,H,5135,100,5135,1,0
D,H,H,1425,100,1425,1,0
E,H,H,5002,100,5002,1,0
F,H,H,7017,100,7017,1,0
G,H,H,4971,100,4971,1,0
A,B,A,5007,100,5007,1,0
A,C,A,6978,100,6978,1,0
A,D,A,4945,100,4945,1,0
A,E,A,1410,100,1410,1,0
A,F,A,5173,100,5173,1,0
A,G,A,7207,100,7207,1,0
A,H,A,5145,100,5145,1,0
A,B,B,4930,100,4930,1,0
B,C,B,5010,100,5010,1,0
B,D,B,6959,100,6959,1,0
B,E,B,5155,100,5155,1,0
B,F,B,1375,100,1375,1,0
B,G,B,5179,100,5179,1,0
B,H,B,7162,100,7162,1,0
A,C,C,7066,100,7066,1,0
B,C,C,4955,100,4955,1,0
C,D,C,4963,100,4963,1,0
C,E,C,7142,100,7142,1,0
C,F,C,5144,100,5144,1,0
C,G,C,1413,100,1413,1,0
C,H,C,5125,100,5125,1,0
A,D,D,4956,100,4956,1,0
B,D,D,7035,100,7035,1,0
C,D,D,4963,100,4963,1,0
D,E,D,5188,100,5188,1,0
D,F,D,7134,100,7134,1,0
D,G,D,5143,100,5143,1,0
D,H,D,1385,100,1385,1,0
A,E,E,1437,100,1437,1,0
B,E,E,5146,100,5146,1,0
C,E,E,7192,100,7192,1,0
D,E,E,5229,100,5229,1,0
E,F,E,4932,100,4932,1,0
E,G,E,7070,100,7070,1,0
E,H,E,4960,100,4960,1,0
A,F,F,5174,100,5174,1,0
B,F,F,1404,100,1404,1,0
C,F,F,5159,100,5159,1,0
D,F,F,7146,100,7146,1,0
E,F,F,4972,100,4972,1,0
F,G,F,4971,100,4971,1,0
F,H,F,7001,100,7001,1,0
A,G,G,7126,100,7126,1,0
B,G,G,5191,100,5191,1,0
C,G,G,1416,100,1416,1,0
D,G,G,5148,100,5148,1,0
E,G,G,7038,100,7038,1,0
F,G,G,4939,100,4939,1,0
G,H,G,4961,100,4961,1,0
A,H,H,5167,100,5167,1,0
B,H,H,7126,100,7126,1,0
C,H,H,5147,100,5147,1,0
D,H,H,1462,100,1462,1,0
E,H,H,4963,100,4963,1,0
F,H,H,6984,100,6984,1,0
G,H,H,4910,100,4910,1,0
A,B,A,4910,100,4910,1,0
A,C,A,6974,100,6974,1,0
A,D,A,4942,100,4942,1,0
A,E,A,1401,100,1401,1,0
A,F,A,5180,100,5180,1,0
A,G,A,7141,100,7141,1,0
A,H,A,5145,100,5145,1,0
A,B,B,4965,100,4965,1,0
B,C,B,5003,100,5003,1,0
B,D,B,6974,100,6974,1,0
B,E,B,5141,100,5141,1,0
B,F,B,1398,100,1398,1,0
B,G,B,5160,100,5160,1,0
B,H,B,7123,100,7123,1,0
A,C,C,6996,100,6996,1,0
B,C,C,4972,100,4972,1,0
C,D,C,4974,100,4974,1,0
C,E,C,7207,100,7207,1,0
C,F,C,5162,100,5162,1,0
C,G,C,1417,100,1417,1,0
C,H,C,5154,100,5154,1,0
A,D,D,4927,100,4927,1,0
B,D,D,6966,100,6966,1,0
C,D,D,4961,100,4961,1,0
D,E,D,5173,100,5173,1,0
D,F,D,7154,100,7154,1,0
D,G,D,5149,100,5149,1,0
D,H,D,1432,100,1432,1,0
A,E,E,1402,100,1402,1,0
B,E,E,5122,100,5122,1,0
C,E,E,7168,100,7168,1,0
D,E,E,5210,100,5210,1,0
E,F,E,4993,100,4993,1,0
E,G,E,7014,100,7014,1,0
E,H,E,5004,100,5004,1,0
A,F,F,5201,100,5201,1,0
B,F,F,1386,100,1386,1,0
C,F,F,5136,100,5136,1,0
D,F,F,7160,100,7160,1,0
E,F,F,4951,100,4951,1,0
F,G,F,4995,100,4995,1,0
F,H,F,6982,100,6982,1,0
A,G,G,7097,100,7097,1,0
B,G,G,5208,100,5208,1,0
C,G,G,1381,100,1381,1,0
D,G,G,5117,100,5117,1,0
E,G,G,7043,100,7043,1,0
F,G,G,4970,100,4970,1,0
G,H,G,4955,100,4955,1,0
A,H,H,5164,100,5164,1,0
B,H,H,7170,100,7170,1,0
C,H,H,5163,100,5163,1,0
D,H,H,1338,100,1338,1,0
E,H,H,4978,100,4978,1,0
F,H,H,7023,100,7023,1,0
G,H,H,4997,100,4997,1,0
A,B,A,4972,100,4972,1,0
A,C,A,7020,100,7020,1,0
A,D,A,4938,100,4938,1,0
A,E,A,1396,100,1396,1,0
A,F,A,5135,100,5135,1,0
A,G,A,7181,100,7181,1,0
A,H,A,5104,100,5104,1,0
A,B,B,4969,100,4969,1,0
B,C,B,5003,100,5003,1,0
B,D,B,7021,100,7021,1,0
B,E,B,5159,100,5159,1,0
B,F,B,1402,100,1402,1,0
B,G,B,5181,100,5181,1,0
B,H,B,7159,100,7159,1,0
A,C,C,6998,100,6998,1,0
B,C,C,4991,100,4991,1,0
C,D,C,4960,100,4960,1,0
C,E,C,7150,100,7150,1,0
C,F,C,5170,100,5170,1,0
C,G,C,1406,100,1406,1,0
C,H,C,5141,100,5141,1,0
A,D,D,4962,100,4962,1,0
B,D,D,7018,100,7018,1,0
C,D,D,4950,100,4950,1,0
D,E,D,5166,100,5166,1,0
D,F,D,7143,100,7143,1,0
D,G,D,5169,100,5169,1,0
D,H,D,1457,100,1457,1,0
A,E,E,1369,100,1369,1,0
B,E,E,5129,100,5129,1,0
C,E,E,7211,100,7211,1,0
D,E,E,5172,100,5172,1,0
E,F,E,4993,100,4993,1,0
E,G,E,7046,100,7046,1,0
E,H,E,4990,100,4990,1,0
A,F,F,5179,100,5179,1,0
B,F,F,1435,100,1435,1,0
C,F,F,5158,100,5158,1,0
D,F,F,7117,100,7117,1,0
E,F,F,4941,100,4941,1,0
F,G,F,4984,100,4984,1,0
F,H,F,6966,100,6966,1,0
A,G,G,7179,100,7179,1,0
B,G,G,5189,100,5189,1,0
C,G,G,1393,100,1393,1,0
D,G,G,5115,100,5115,1,0
E,G,G,7030,100,7030,1,0
F,G,G,5016,100,5016,1,0
G,H,G,4997,100,4997,1,0
A,H,H,5131,100,5131,1,0
B,H,H,7181,100,7181,1,0
C,H,H,5140,100,5140,1,0
D,H,H,1419,100,1419,1,0
E,H,H,4956,100,4956,1,0
F,H,H,7004,100,7004,1,0
G,H,H,4941,100,4941,1,0
A,B,A,4959,100,4959,1,0
A,C,A,7052,100,7052,1,0
A,D,A,4961,100,4961,1,0
A,E,A,1399,100,1399,1,0
A,F,A,5156,100,5156,1,0
A,G,A,7170,100,7170,1,0
A,H,A,5114,100,5114,1,0
A,B,B,4961,100,4961,1,0
B,C,B,5016,100,5016,1,0
B,D,B,7037,100,7037,1,0
B,E,B,5127,100,5127,1,0
B,F,B,1415,100,1415,1,0
B,G,B,5202,100,5202,1,0
B,H,B,7148,100,7148,1,0
A,C,C,7049,100,7049,1,0
B,C,C,5007,100,5007,1,0
C,D,C,4980,100,4980,1,0
C,E,C,7178,100,7178,1,0
C,F,C,5168,100,5168,1,0
C,G,C,1374,100,1374,1,0
C,H,C,5148,100,5148,1,0
A,D,D,4938,100,4938,1,0
B,D,D,7005,100,7005,1,0
C,D,D,4963,100,4963,1,0
D,E,D,5120,100,5120,1,0
D,F,D,7131,100,7131,1,0
D,G,D,5156,100,5156,1,0
D,H,D,1375,100,1375,1,0
A,E,E,1378,100,1378,1,0
B,E,E,5167,100,5167,1,0
C,E,E,7160,100,7160,1,0
D,E,E,5165,100,5165,1,0
E,F,E,4958,100,4958,1,0
E,G,E,7039,100,7039,1,0
E,H,E,4997,100,4997,1,0
A,F,F,5188,100,5188,1,0
B,F,F,1398,100,1398,1,0
C,F,F,5142,100,5142,1,0
D,F,F,7155,100,7155,1,0
E,F,F,4994,100,4994,1,0
F,G,F,4972,100,4972,1,0
F,H,F,6980,100,6980,1,0
A,G,G,7162,100,7162,1,0
B,G,G,5188,100,5188,1,0
C,G,G,1390,100,1390,1,0
D,G,G,5176,100,5176,1,0
E,G,G,7068,100,7068,1,0
F,G,G,4994,100,4994,1,0
G,H,G,4983,100,4983,1,0
A,H,H,5137,100,5137,1,0
B,H,H,7130,100,7130,1,0
C,H,H,5146,100,5146,1,0
D,H,H,1424,100,1424,1,0
E,H,H,4978,100,4978,1,0
F,H,H,6972,100,6972,1,0
G,H,H,4969,100,4969,1,0
A,B,A,4930,100,4930,1,0
A,C,A,7032,100,7032,1,0
A,D,A,4960,100,4960,1,0
A,E,A,1365,100,1365,1,0
A,F,A,5179,100,5179,1,0
A,G,A,7182,100,7182,1,0
A,H,A,5163,100,5163,1,0
A,B,B,4959,100,4959,1,0
B,C,B,4971,100,4971,1,0
B,D,B,6971,100,6971,1,0
B,E,B,5151,100,5151,1,0
B,F,B,1411,100,1411,1,0
B,G,B,5205,100,5205,1,0
B,H,B,7118,100,7118,1,0
A,C,C,7042,100,7042,1,0
B,C,C,5003,100,5003,1,0
C,D,C,4973,100,4973,1,0
C,E,C,7181,100,7181,1,0
C,F,C,5129,100,5129,1,0
C,G,C,1432,100,1432,1,0
C,H,C,5178,100,5178,1,0
A,D,D,4956,100,4956,1,0
B,D,D,6993,100,6993,1,0
C,D,D,4935,100,4935,1,0
D,E,D,5167,100,5167,1,0
D,F,D,7123,100,7123,1,0
D,G,D,5141,100,5141,1,0
D,H,D,1409,100,1409,1,0
A,E,E,1408,100,1408,1,0
B,E,E,5128,100,5128,1,0
C,E,E,7168,100,7168,1,0
D,E,E,5200,100,5200,1,0
E,F,E,4990,100,4990,1,0
E,G,E,7051,100,7051,1,0
E,H,E,4987,100,4987,1,0
A,F,F,5153,100,5153,1,0
B,F,F,1389,100,1389,1,0
C,F,F,5137,100,5137,1,0
D,F,F,7161,100,7161,1,0
E,F,F,4941,100,4941,1,0
F,G,F,4965,100,4965,1,0
F,H,F,7033,100,7033,1,0
A,G,G,7160,100,7160,1,0
B,G,G,5175,100,5175,1,0
C,G,G,1420,100,1420,1,0
D,G,G,5161,100,5161,1,0
E,G,G,7067,100,7067,1,0
F,G,G,4976,100,4976,1,0
G,H,G,4925,100,4925,1,0
A,H,H,5175,100,5175,1,0
B,H,H,7180,100,7180,1,0
C,H,H,5153,100,5153,1,0
D,H,H,1407,100,1407,1,0
E,H,H,5008,100,5008,1,0
F,H,H,6975,100,6975,1,0
G,H,H,4961,100,4961,1,0
A,B,A,4965,100,4965,1,0
A,C,A,6988,100,6988,1,0
A,D,A,4970,100,4970,1,0
A,E,A,1426,100,1426,1,0
A,F,A,5160,100,5160,1,0
A,G,A,7145,100,7145,1,0
A,H,A,5127,100,5127,1,0
A,B,B,4948,100,4948,1,0
B,C,B,4999,100,4999,1,0
B,D,B,7032,100,7032,1,0
B,E,B,5143,100,5143,1,0
B,F,B,1373,100,1373,1,0
B,G,B,5182,100,5182,1,0
B,H,B,7113,100,7113,1,0
A,C,C,7011,100,7011,1,0
B,C,C,5025,100,5025,1,0
C,D,C,4972,100,4972,1,0
C,E,C,7164,100,7164,1,0
C,F,C,5165,100,5165,1,0
C,G,C,1423,100,1423,1,0
C,H,C,5126,100,5126,1,0
A,D,D,4944,100,4944,1,0
B,D,D,7038,100,7038,1,0
C,D,D,4969,100,4969,1,0
D,E,D,5129,100,5129,1,0
D,F,D,7165,100,7165,1,0
D,G,D,5128,100,5128,1,0
D,H,D,1396,100,1396,1,0
A,E,E,1429,100,1429,1,0
B,E,E,5183,100,5183,1,0
C,E,E,7194,100,7194,1,0
D,E,E,5161,100,5161,1,0
E,F,E,4970,100,4970,1,0
E,G,E,7039,100,7039,1,0
E,H,E,4954,100,4954,1,0
A,F,F,5163,100,5163,1,0
B,F,F,1418,100,1418,1,0
C,F,F,5169,100,5169,1,0
D,F,F,7110,100,7110,1,0
E,F,F,4996,100,4996,1,0
F,G,F,4988,100,4988,1,0
F,H,F,6984,100,6984,1,0
A,G,G,7191,100,7191,1,0
B,G,G,5221,100,5221,1,0
C,G,G,1388,100,1388,1,0
D,G,G,5125,100,5125,1,0
E,G,G,7062,100,7062,1,0
F,G,G,4973,100,4973,1,0
G,H,G,4968,100,4968,1,0
A,H,H,5171,100,5171,1,0
B,H,H,7097,100,7097,1,0
C,H,H,5165,100,5165,1,0
D,H,H,1407,100,1407,1,0
E,H,H,4999,100,4999,1,0
F,H,H,7032,100,7032,1,0
G,H,H,4965,100,4965,1,0
A,B,A,4973,100,4973,1,0
A,C,A,7023,100,7023,1,0
A,D,A,4934,100,4934,1,0
A,E,A,1421,100,1421,1,0
A,F,A,5152,100,5152,1,0
A,G,A,7169,100,7169,1,0
A,H,A,5158,100,5158,1,0
A,B,B,4981,100,4981,1,0
B,C,B,4982,100,4982,1,0
B,D,B,6983,100,6983,1,0
B,E,B,5148,100,5148,1,0
B,F,B,1435,100,1435,1,0
B,G,B,5213,100,5213,1,0
B,H,B,7106,100,7106,1,0
A,C,C,6998,100,6998,1,0
B,C,C,4941,100,4941,1,0
C,D,C,4979,100,4979,1,0
C,E,C,7150,100,7150,1,0
C,F,C,5186,100,5186,1,0
C,G,C,1412,100,1412,1,0
C,H,C,5139,100,5139,1,0
A,D,D,4964,100,4964,1,0
B,D,D,7000,100,7000,1,0
C,D,D,4957,100,4957,1,0
D,E,D,5119,100,5119,1,0
D,F,D,7134,100,7134,1,0
D,G,D,5107,100,5107,1,0
D,H,D,1373,100,1373,1,0
A,E,E,1429,100,1429,1,0
B,E,E,5126,100,5126,1,0
C,E,E,7164,100,7164,1,0
D,E,E,5210,100,5210,1,0
E,F,E,4967,100,4967,1,0
E,G,E,7069,100,7069,1,0
E,H,E,4973,100,4973,1,0
A,F,F,5161,100,5161,1,0
B,F,F,1408,100,1408,1,0
C,F,F,5120,100,5120,1,0
D,F,F,7173,100,7173,1,0
E,F,F,4985,100,4985,1,0
F,G,F,4965,100,4965,1,0
F,H,F,7013,100,7013,1,0
A,G,G,7158,100,7158,1,0
B,G,G,5198,100,5198,1,0
C,G,G,1374,100,1374,1,0
D,G,G,5119,100,5119,1,0
E,G,G,7045,100,7045,1,0
F,G,G,4962,100,4962,1,0
G,H,G,4987,100,4987,1,0
A,H,H,5144,100,5144,1,0
B,H,H,7150,100,7150,1,0
C,H,H,5138,100,5138,1,0
D,H,H,1463,100,1463,1,0
E,H,H,4980,100,4980,1,0
F,H,H,7004,100,7004,1,0
G,H,H,4977,100,4977,1,0
A,B,A,4957,100,4957,1,0
A,C,A,6990,100,6990,1,0
A,D,A,4946,100,4946,1,0
A,E,A,1429,100,1429,1,0
A,F,A,5200,100,5200,1,0
A,G,A,7169,100,7169,1,0
A,H,A,5131,100,5131,1,0
A,B,B,4956,100,4956,1,0
B,C,B,4987,100,4987,1,0
B,D,B,7008,100,7008,1,0
B,E,B,5154,100,5154,1,0
B,F,B,1404,100,1404,1,0
B,G,B,5165,100,5165,1,0
B,H,B,7150,100,7150,1,0
A,C,C,6996,100,6996,1,0
B,C,C,4983,100,4983,1,0
C,D,C,4937,100,4937,1,0
C,E,C,7161,100,7161,1,0
C,F,C,5153,100,5153,1,0
C,G,C,1371,100,1371,1,0
C,H,C,5208,100,5208,1,0
A,D,D,4974,100,4974,1,0
B,D,D,7047,100,7047,1,0
C,D,D,4946,100,4946,1,0
D,E,D,5144,100,5144,1,0
D,F,D,7104,100,7104,1,0
D,G,D,5153,100,5153,1,0
D,H,D,1464,100,1464,1,0
A,E,E,1450,100,1450,1,0
B,E,E,5120,100,5120,1,0
C,E,E,7182,100,7182,1,0
D,E,E,5198,100,5198,1,0
E,F,E,4974,100,4974,1,0
E,G,E,7044,100,7044,1,0
E,H,E,4993,100,4993,1,0
A,F,F,5185,100,5185,1,0
B,F,F,1440,100,1440,1,0
C,F,F,5136,100,5136,1,0
D,F,F,7157,100,7157,1,0
E,F,F,4981,100,4981,1,0
F,G,F,4951,100,4951,1,0
F,H,F,6995,100,6995,1,0
A,G,G,7174,100,7174,1,0
B,G,G,5163,100,5163,1,0
C,G,G,1410,100,1410,1,0
D,G,G,5131,100,5131,1,0
E,G,G,7043,100,7043,1,0
F,G,G,4971,100,4971,1,0
G,H,G,4958,100,4958,1,0
A,H,H,5108,100,5108,1,0
B,H,H,7164,100,7164,1,0
C,H,H,5152,100,5152,1,0
D,H,H,1403,100,1403,1,0
E,H,H,4988,100,4988,1,0
F,H,H,6969,100,6969,1,0
G,H,H,4985,100,4985,1,0
A,B,A,4978,100,4978,1,0
A,C,A,7034,100,7034,1,0
A,D,A,4928,100,4928,1,0
A,E,A,1406,100,1406,1,0
A,F,A,5144,100,5144,1,0
A,G,A,7162,100,7162,1,0
A,H,A,5194,100,5194,1,0
A,B,B,4943,100,4943,1,0
B,C,B,4984,100,4984,1,0
B,D,B,6984,100,6984,1,0
B,E,B,5179,100,5179,1,0
B,F,B,1379,100,1379,1,0
B,G,B,5188,100,5188,1,0
B,H,B,7120,100,7120,1,0
A,C,C,7020,100,7020,1,0
B,C,C,4975,100,4975,1,0
C,D,C,4942,100,4942,1,0
C,E,C,7183,100,7183,1,0
C,F,C,5140,100,5140,1,0
C,G,C,1416,100,1416,1,0
C,H,C,5174,100,5174,1,0
A,D,D,4949,100,4949,1,0
B,D,D,7028,100,7028,1,0
C,D,D,4947,100,4947,1,0
D,E,D,5180,100,5180,1,0
D,F,D,7095,100,7095,1,0
D,G,D,5103,100,5103,1,0
D,H,D,1382,100,1382,1,0
A,E,E,1420,100,1420,1,0
B,E,E,5126,100,5126,1,0
C,E,E,7201,100,7201,1,0
D,E,E,5202,100,5202,1,0
E,F,E,4948,100,4948,1,0
E,G,E,7052,100,7052,1,0
E,H,E,4926,100,4926,1,0
A,F,F,5192,100,5192,1,0
B,F,F,1391,100,1391,1,0
C,F,F,5143,100,5143,1,0
D,F,F,7134,100,7134,1,0
E,F,F,4962,100,4962,1,0
F,G,F,4956,100,4956,1,0
F,H,F,6959,100,6959,1,0
A,G,G,7144,100,7144,1,0
B,G,G,5209,100,5209,1,0
C,G,G,1420,100,1420,1,0
D,G,G,5147,100,5147,1,0
E,G,G,7030,100,7030,1,0
F,G,G,4969,100,4969,1,0
G,H,G,4944,100,4944,1,0
A,H,H,5160,100,5160,1,0
B,H,H,7142,100,7142,1,0
C,H,H,5153,100,5153,1,0
D,H,H,1453,100,1453,1,0
E,H,H,4931,100,4931,1,0
F,H,H,6975,100,6975,1,0
G,H,H,4980,100,4980,1,0
A,B,A,4983,100,4983,1,0
A,C,A,7031,100,7031,1,0
A,D,A,4959,100,4959,1,0
A,E,A,1371,100,1371,1,0
A,F,A,5145,100,5145,1,0
A,G,A,7116,100,7116,1,0
A,H,A,5152,100,5152,1,0
A,B,B,4971,100,4971,1,0
B,C,B,4986,100,4986,1,0
B,D,B,7021,100,7021,1,0
B,E,B,5145,100,5145,1,0
B,F,B,1363,100,1363,1,0
B,G,B,5166,100,5166,1,0
B,H,B,7141,100,7141,1,0
A,C,C,7003,100,7003,1,0
B,C,C,4967,100,4967,1,0
C,D,C,4980,100,4980,1,0
C,E,C,7179,100,7179,1,0
C,F,C,5145,100,5145,1,0
C,G,C,1422,100,1422,1,0
C,H,C,5146,100,5146,1,0
A,D,D,4946,100,4946,1,0
B,D,D,6988,100,6988,1,0
C,D,D,4955,100,4955,1,0
D,E,D,5181,100,5181,1,0
D,F,D,7130,100,7130,1,0
D,G,D,5145,100,5145,1,0
D,H,D,1404,100,1404,1,0
A,E,E,1377,100,1377,1,0
B,E,E,5189,100,5189,1,0
C,E,E,7233,100,7233,1,0
D,E,E,5122,100,5122,1,0
E,F,E,4968,100,4968,1,0
E,G,E,7072,100,7072,1,0
E,H,E,4953,100,4953,1,0
A,F,F,5194,100,5194,1,0
B,F,F,1386,100,1386,1,0
C,F,F,5150,100,5150,1,0
D,F,F,7113,100,7113,1,0
E,F,F,4974,100,4974,1,0
F,G,F,4969,100,4969,1,0
F,H,F,7032,100,7032,1,0
A,G,G,7141,100,7141,1,0
B,G,G,5164,100,5164,1,0
C,G,G,1382,100,1382,1,0
D,G,G,5111,100,5111,1,0
E,G,G,7054,100,7054,1,0
F,G,G,4962,100,4962,1,0
G,H,G,4992,100,4992,1,0
A,H,H,5122,100,5122,1,0
B,H,H,7175,100,7175,1,0
C,H,H,5192,100,5192,1,0
D,H,H,1438,100,1438,1,0
E,H,H,4974,100,4974,1,0
F,H,H,6983,100,6983,1,0
G,H,H,4973,100,4973,1,0
A,B,A,4898,100,4898,1,0
A,C,A,7059,100,7059,1,0
A,D,A,4940,100,4940,1,0
A,E,A,1432,100,1432,1,0
A,F,A,5164,100,5164,1,0
A,G,A,7170,100,7170,1,0
A,H,A,5147,100,5147,1,0
A,B,B,4965,100,4965,1,0
B,C,B,5009,100,5009,1,0
B,D,B,6971,100,6971,1,0
B,E,B,5189,100,5189,1,0
B,F,B,1367,100,1367,1,0
B,G,B,5209,100,5209,1,0
B,H,B,7114,100,7114,1,0
A,C,C,7017,100,7017,1,0
B,C,C,4982,100,4982,1,0
C,D,C,4975,100,4975,1,0
C,E,C,7208,100,7208,1,0
C,F,C,5146,100,5146,1,0
C,G,C,1410,100,1410,1,0
C,H,C,5162,100,5162,1,0
A,D,D,4941,100,4941,1,0
B,D,D,7021,100,7021,1,0
C,D,D,4942,100,4942,1,0
D,E,D,5167,100,5167,1,0
D,F,D,7155,100,7155,1,0
D,G,D,5153,100,5153,1,0
D,H,D,1427,100,1427,1,0
A,E,E,1486,100,1486,1,0
B,E,E,5150,100,5150,1,0
C,E,E,7147,100,7147,1,0
D,E,E,5237,100,5237,1,0
E,F,E,4930,100,4930,1,0
E,G,E,7062,100,7062,1,0
E,H,E,4962,100,4962,1,0
A,F,F,5172,100,5172,1,0
B,F,F,1410,100,1410,1,0
C,F,F,5129,100,5129,1,0
D,F,F,7122,100,7122,1,0
E,F,F,4944,100,4944,1,0
F,G,F,4963,100,4963,1,0
F,H,F,6963,100,6963,1,0
A,G,G,7192,100,7192,1,0
B,G,G,5185,100,5185,1,0
C,G,G,1394,100,1394,1,0
D,G,G,5184,100,5184,1,0
E,G,G,7050,100,7050,1,0
F,G,G,5005,100,5005,1,0
G,H,G,4920,100,4920,1,0
A,H,H,5196,100,5196,1,0
B,H,H,7157,100,7157,1,0
C,H,H,5137,100,5137,1,0
D,H,H,1421,100,1421,1,0
E,H,H,4991,100,4991,1,0
F,H,H,7003,100,7003,1,0
G,H,H,4964,100,4964,1,0
A,B,A,4920,100,4920,1,0
A,C,A,7039,100,7039,1,0
A,D,A,4915,100,4915,1,0
A,E,A,1362,100,1362,1,0
A,F,A,5176,100,5176,1,0
A,G,A,7225,100,7225,1,0
A,H,A,5157,100,5157,1,0
A,B,B,4958,100,4958,1,0
B,C,B,4984,100,4984,1,0
B,D,B,6976,100,6976,1,0
B,E,B,5137,100,5137,1,0
B,F,B,1397,100,1397,1,0
B,G,B,5163,100,5163,1,0
B,H,B,7125,100,7125,1,0
A,C,C,7019,100,7019,1,0
B,C,C,4950,100,4950,1,0
C,D,C,4957,100,4957,1,0
C,E,C,7174,100,7174,1,0
C,F,C,5149,100,5149,1,0
C,G,C,1450,100,1450,1,0
C,H,C,5161,100,5161,1,0
A,D,D,4943,100,4943,1,0
B,D,D,7032,100,7032,1,0
C,D,D,4955,100,4955,1,0
D,E,D,5215,100,5215,1,0
D,F,D,7143,100,7143,1,0
D,G,D,5178,100,5178,1,0
D,H,D,1421,100,1421,1,0
A,E,E,1429,100,1429,1,0
B,E,E,5123,100,5123,1,0
C,E,E,7178,100,7178,1,0
D,E,E,5156,100,5156,1,0
E,F,E,5010,100,5010,1,0
E,G,E,7064,100,7064,1,0
E,H,E,4932,100,4932,1,0
A,F,F,5145,100,5145,1,0
B,F,F,1344,100,1344,1,0
C,F,F,5135,100,5135,1,0
D,F,F,7145,100,7145,1,0
E,F,F,4966,100,4966,1,0
F,G,F,4974,100,4974,1,0
F,H,F,7029,100,7029,1,0
A,G,G,7182,100,7182,1,0
B,G,G,5185,100,5185,1,0
C,G,G,1363,100,1363,1,0
D,G,G,5136,100,5136,1,0
E,G,G,7067,100,7067,1,0
F,G,G,4971,100,4971,1,0
G,H,G,4939,100,4939,1,0
A,H,H,5151,100,5151,1,0
B,H,H,7161,100,7161,1,0
C,H,H,5104,100,5104,1,0
D,H,H,1391,100,1391,1,0
E,H,H,4936,100,4936,1,0
F,H,H,6987,100,6987,1,0
G,H,H,4968,100,4968,1,0
A,B,A,4933,100,4933,1,0
A,C,A,7070,100,7070,1,0
A,D,A,4921,100,4921,1,0
A,E,A,1439,100,1439,1,0
A,F,A,5192,100,5192,1,0
A,G,A,7177,100,7177,1,0
A,H,A,5130,100,5130,1,0
A,B,B,5014,100,5014,1,0
B,C,B,5014,100,5014,1,0
B,D,B,6993,100,6993,1,0
B,E,B,5159,100,5159,1,0
B,F,B,1376,100,1376,1,0
B,G,B,5180,100,5180,1,0
B,H,B,7106,100,7106,1,0
A,C,C,7003,100,7003,1,0
B,C,C,5012,100,5012,1,0
C,D,C,4911,100,4911,1,0
C,E,C,7206,100,7206,1,0
C,F,C,5128,100,5128,1,0
C,G,C,1417,100,1417,1,0
C,H,C,5121,100,5121,1,0
A,D,D,4928,100,4928,1,0
B,D,D,7019,100,7019,1,0
C,D,D,4955,100,4955,1,0
D,E,D,5180,100,5180,1,0
D,F,D,7121,100,7121,1,0
D,G,D,5134,100,5134,1,0
D,H,D,1424,100,1424,1,0
A,E,E,1457,100,1457,1,0
B,E,E,5123,100,5123,1,0
C,E,E,7146,100,7146,1,0
D,E,E,5246,100,5246,1,0
E,F,E,4980,100,4980,1,0
E,G,E,7081,100,7081,1,0
E,H,E,5002,100,5002,1,0
A,F,F,5145,100,5145,1,0
B,F,F,1410,100,1410,1,0
C,F,F,5128,100,5128,1,0
D,F,F,7123,100,7123,1,0
E,F,F,4985,100,4985,1,0
F,G,F,4972,100,4972,1,0
F,H,F,7014,100,7014,1,0
A,G,G,7196,100,7196,1,0
B,G,G,5245,100,5245,1,0
C,G,G,1418,100,1418,1,0
D,G,G,5132,100,5132,1,0
E,G,G,7037,100,7037,1,0
F,G,G,4960,100,4960,1,0
G,H,G,4968,100,4968,1,0
A,H,H,5127,100,5127,1,0
B,H,H,7131,100,7131,1,0
C,H,H,5150,100,5150,1,0
D,H,H,1442,100,1442,1,0
E,H,H,4978,100,4978,1,0
F,H,H,6980,100,6980,1,0
G,H,H,5010,100,5010,1,0
A,B,A,4960,100,4960,1,0
A,C,A,7025,100,7025,1,0
A,D,A,4968,100,4968,1,0
A,E,A,1422,100,1422,1,0
A,F,A,5186,100,5186,1,0
A,G,A,7220,100,7220,1,0
A,H,A,5171,100,5171,1,0
A,B,B,4908,100,4908,1,0
B,C,B,4988,100,4988,1,0
B,D,B,7001,100,7001,1,0
B,E,B,5118,100,5118,1,0
B,F,B,1389,100,1389,1,0
B,G,B,5171,100,5171,1,0
B,H,B,7140,100,7140,1,0
A,C,C,7019,100,7019,1,0
B,C,C,4964,100,4964,1,0
C,D,C,4931,100,4931,1,0
C,E,C,7207,100,7207,1,0
C,F,C,5139,100,5139,1,0
C,G,C,1382,100,1382,1,0
C,H,C,5186,100,5186,1,0
A,D,D,4947,100,4947,1,0
B,D,D,6959,100,6959,1,0
C,D,D,4955,100,4955,1,0
D,E,D,5120,100,5120,1,0
D,F,D,7154,100,7154,1,0
D,G,D,5103,100,5103,1,0
D,H,D,1366,100,1366,1,0
A,E,E,1457,100,1457,1,0
B,E,E,5142,100,5142,1,0
C,E,E,7168,100,7168,1,0
D,E,E,5101,100,5101,1,0
E,F,E,4957,100,4957,1,0
E,G,E,7045,100,7045,1,0
E,H,E,4987,100,4987,1,0
A,F,F,5143,100,5143,1,0
B,F,F,1399,100,1399,1,0
C,F,F,5141,100,5141,1,0
D,F,F,7123,100,7123,1,0
E,F,F,4949,100,4949,1,0
F,G,F,4992,100,4992,1,0
F,H,F,7046,100,7046,1,0
A,G,G,7167,100,7167,1,0
B,G,G,5198,100,5198,1,0
C,G,G,1434,100,1434,1,0
D,G,G,5114,100,5114,1,0
E,G,G,7062,100,7062,1,0
F,G,G,4972,100,4972,1,0
G,H,G,4964,100,4964,1,0
A,H,H,5166,100,5166,1,0
B,H,H,7109,100,7109,1,0
C,H,H,5138,100,5138,1,0
D,H,H,1361,100,1361,1,0
E,H,H,4974,100,4974,1,0
F,H,H,6992,100,6992,1,0
G,H,H,4972,100,4972,1,0
A,B,A,4936,100,4936,1,0
A,C,A,7032,100,7032,1,0
A,D,A,4934,100,4934,1,0
A,E,A,1373,100,1373,1,0
A,F,A,5155,100,5155,1,0
A,G,A,7123,100,7123,1,0
A,H,A,5149,100,5149,1,0
A,B,B,4982,100,4982,1,0
B,C,B,5013,100,5013,1,0
B,D,B,7047,100,7047,1,0
B,E,B,5117,100,5117,1,0
B,F,B,1419,100,1419,1,0
B,G,B,5180,100,5180,1,0
B,H,B,7120,100,7120,1,0
A,C,C,6982,100,6982,1,0
B,C,C,4970,100,4970,1,0
C,D,C,4948,100,4948,1,0
C,E,C,7170,100,7170,1,0
C,F,C,5140,100,5140,1,0
C,G,C,1358,100,1358,1,0
C,H,C,5189,100,5189,1,0
A,D,D,4916,100,4916,1,0
B,D,D,6995,100,6995,1,0
C,D,D,4950,100,4950,1,0
D,E,D,5101,100,5101,1,0
D,F,D,7151,100,7151,1,0
D,G,D,5097,100,5097,1,0
D,H,D,1489,100,1489,1,0
A,E,E,1405,100,1405,1,0
B,E,E,5116,100,5116,1,0
C,E,E,7167,100,7167,1,0
D,E,E,5169,100,5169,1,0
E,F,E,5016,100,5016,1,0
E,G,E,7014,100,7014,1,0
E,H,E,4997,100,4997,1,0
A,F,F,5160,100,5160,1,0
B,F,F,1392,100,1392,1,0
C,F,F,5143,100,5143,1,0
D,F,F,7146,100,7146,1,0
E,F,F,4977,100,4977,1,0
F,G,F,4977,100,4977,1,0
F,H,F,6970,100,6970,1,0
A,G,G,7190,100,7190,1,0
B,G,G,5193,100,5193,1,0
C,G,G,1454,100,1454,1,0
D,G,G,5164,100,5164,1,0
E,G,G,7054,100,7054,1,0
F,G,G,4982,100,4982,1,0
G,H,G,4995,100,4995,1,0
A,H,H,5176,100,5176,1,0
B,H,H,7159,100,7159,1,0
C,H,H,5135,100,5135,1,0
D,H,H,1415,100,1415,1,0
E,H,H,4970,100,4970,1,0
F,H,H,6971,100,6971,1,0
G,H,H,4950,100,4950,1,0
A,B,A,4941,100,4941,1,0
A,C,A,7022,100,7022,1,0
A,D,A,4942,100,4942,1,0
A,E,A,1454,100,1454,1,0
A,F,A,5226,100,5226,1,0
A,G,A,7204,100,7204,1,0
A,H,A,5142,100,5142,1,0
A,B,B,4942,100,4942,1,0
B,C,B,4977,100,4977,1,0
B,D,B,7026,100,7026,1,0
B,E,B,5106,100,5106,1,0
B,F,B,1363,100,1363,1,0
B,G,B,5180,100,5180,1,0
B,H,B,7162,100,7162,1,0
A,C,C,7036,100,7036,1,0
B,C,C,4968,100,4968,1,0
C,D,C,4908,100,4908,1,0
C,E,C,7189,100,7189,1,0
C,F,C,5171,100,5171,1,0
C,G,C,1420,100,1420,1,0
C,H,C,5166,100,5166,1,0
A,D,D,4950,100,4950,1,0
B,D,D,7053,100,7053,1,0
C,D,D,4969,100,4969,1,0
D,E,D,5130,100,5130,1,0
D,F,D,7164,100,7164,1,0
D,G,D,5134,100,5134,1,0
D,H,D,1397,100,1397,1,0
A,E,E,1433,100,1433,1,0
B,E,E,5195,100,5195,1,0
C,E,E,7185,100,7185,1,0
D,E,E,5144,100,5144,1,0
E,F,E,4971,100,4971,1,0
E,G,E,7047,100,7047,1,0
E,H,E,4952,100,4952,1,0
A,F,F,5180,100,5180,1,0
B,F,F,1443,100,1443,1,0
C,F,F,5183,100,5183,1,0
D,F,F,7130,100,7130,1,0
E,F,F,4984,100,4984,1,0
F,G,F,4974,100,4974,1,0
F,H,F,6974,100,6974,1,0
A,G,G,7177,100,7177,1,0
B,G,G,5189,100,5189,1,0
C,G,G,1418,100,1418,1,0
D,G,G,5157,100,5157,1,0
E,G,G,7033,100,7033,1,0
F,G,G,4975,100,4975,1,0
G,H,G,4955,100,4955,1,0
A,H,H,5198,100,5198,1,0
B,H,H,7170,100,7170,1,0
C,H,H,5133,100,5133,1,0
D,H,H,1390,100,1390,1,0
E,H,H,4948,100,4948,1,0
F,H,H,6982,100,6982,1,0
G,H,H,4982,100,4982,1,0
A,B,A,4943,100,4943,1,0
A,C,A,7014,100,7014,1,0
A,D,A,4936,100,4936,1,0
A,E,A,1403,100,1403,1,0
A,F,A,5169,100,5169,1,0
A,G,A,7159,100,7159,1,0
A,H,A,5125,100,5125,1,0
A,B,B,4969,100,4969,1,0
B,C,B,4955,100,4955,1,0
B,D,B,6974,100,6974,1,0
B,E,B,5149,100,5149,1,0
B,F,B,1394,100,1394,1,0
B,G,B,5169,100,5169,1,0
B,H,B,7139,100,7139,1,0
A,C,C,7061,100,7061,1,0
B,C,C,5000,100,5000,1,0
C,D,C,4917,100,4917,1,0
C,E,C,7217,100,7217,1,0
C,F,C,5150,100,5150,1,0
C,G,C,1414,100,1414,1,0
C,H,C,5189,100,5189,1,0
A,D,D,4935,100,4935,1,0
B,D,D,6962,100,6962,1,0
C,D,D,4939,100,4939,1,0
D,E,D,5118,100,5118,1,0
D,F,D,7129,100,7129,1,0
D,G,D,5142,100,5142,1,0
D,H,D,1380,100,1380,1,0
A,E,E,1417,100,1417,1,0
B,E,E,5111,100,5111,1,0
C,E,E,7176,100,7176,1,0
D,E,E,5122,100,5122,1,0
E,F,E,4957,100,4957,1,0
E,G,E,7058,100,7058,1,0
E,H,E,4966,100,4966,1,0
A,F,F,5167,100,5167,1,0
B,F,F,1389,100,1389,1,0
C,F,F,5155,100,5155,1,0
D,F,F,7137,100,7137,1,0
E,F,F,4967,100,4967,1,0
F,G,F,5003,100,5003,1,0
F,H,F,6999,100,6999,1,0
A,G,G,7132,100,7132,1,0
B,G,G,5230,100,5230,1,0
C,G,G,1385,100,1385,1,0
D,G,G,5129,100,5129,1,0
E,G,G,7062,100,7062,1,0
F,G,G,4954,100,4954,1,0
G,H,G,4952,100,4952,1,0
A,H,H,5122,100,5122,1,0
B,H,H,7148,100,7148,1,0
C,H,H,5165,100,5165,1,0
D,H,H,1480,100,1480,1,0
E,H,H,4954,100,4954,1,0
F,H,H,7015,100,7015,1,0
G,H,H,4933,100,4933,1,0
A,B,A,4957,100,4957,1,0
A,C,A,7005,100,7005,1,0
A,D,A,4943,100,4943,1,0
A,E,A,1399,100,1399,1,0
A,F,A,5176,100,5176,1,0
A,G,A,7225,100,7225,1,0
A,H,A,5183,100,5183,1,0
A,B,B,4937,100,4937,1,0
B,C,B,4967,100,4967,1,0
B,D,B,6959,100,6959,1,0
B,E,B,5159,100,5159,1,0
B,F,B,1397,100,1397,1,0
B,G,B,5212,100,5212,1,0
B,H,B,7183,100,7183,1,0
A,C,C,6984,100,6984,1,0
B,C,C,4979,100,4979,1,0
C,D,C,4940,100,4940,1,0
C,E,C,7231,100,7231,1,0
C,F,C,5148,100,5148,1,0
C,G,C,1420,100,1420,1,0
C,H,C,5183,100,5183,1,0
A,D,D,4948,100,4948,1,0
B,D,D,6961,100,6961,1,0
C,D,D,4943,100,4943,1,0
D,E,D,5139,100,5139,1,0
D,F,D,7160,100,7160,1,0
D,G,D,5180,100,5180,1,0
D,H,D,1408,100,1408,1,0
A,E,E,1380,100,1380,1,0
B,E,E,5134,100,5134,1,0
C,E,E,7181,100,7181,1,0
D,E,E,5190,100,5190,1,0
E,F,E,4961,100,4961,1,0
E,G,E,7063,100,7063,1,0
E,H,E,5006,100,5006,1,0
A,F,F,5167,100,5167,1,0
B,F,F,1406,100,1406,1,0
C,F,F,5158,100,5158,1,0
D,F,F,7124,100,7124,1,0
E,F,F,4975,100,4975,1,0
F,G,F,4991,100,4991,1,0
F,H,F,6980,100,6980,1,0
A,G,G,7212,100,7212,1,0
B,G,G,5159,100,5159,1,0
C,G,G,1372,100,1372,1,0
D,G,G,5134,100,5134,1,0
E,G,G,7074,100,7074,1,0
F,G,G,4954,100,4954,1,0
G,H,G,4934,100,4934,1,0
A,H,H,5173,100,5173,1,0
B,H,H,7138,100,7138,1,0
C,H,H,5165,100,5165,1,0
D,H,H,1431,100,1431,1,0
E,H,H,4965,100,4965,1,0
F,H,H,6993,100,6993,1,0
G,H,H,4954,100,4954,1,0
A,B,A,4953,100,4953,1,0
A,C,A,7001,100,7001,1,0
A,D,A,4934,100,4934,1,0
A,E,A,1417,100,1417,1,0
A,F,A,5145,100,5145,1,0
A,G,A,7220,100,7220,1,0
A,H,A,5143,100,5143,1,0
A,B,B,4956,100,4956,1,0
B,C,B,4989,100,4989,1,0
B,D,B,6983,100,6983,1,0
B,E,B,5130,100,5130,1,0
B,F,B,1360,100,1360,1,0
B,G,B,5217,100,5217,1,0
B,H,B,7164,100,7164,1,0
A,C,C,7026,100,7026,1,0
B,C,C,4971,100,4971,1,0
C,D,C,4912,100,4912,1,0
C,E,C,7179,100,7179,1,0
C,F,C,5164,100,5164,1,0
C,G,C,1372,100,1372,1,0
C,H,C,5142,100,5142,1,0
A,D,D,4930,100,4930,1,0
B,D,D,6993,100,6993,1,0
C,D,D,4912,100,4912,1,0
D,E,D,5170,100,5170,1,0
D,F,D,7141,100,7141,1,0
D,G,D,5173,100,5173,1,0
D,H,D,1399,100,1399,1,0
A,E,E,1349,100,1349,1,0
B,E,E,5163,100,5163,1,0
C,E,E,7157,100,7157,1,0
D,E,E,5136,100,5136,1,0
E,F,E,4982,100,4982,1,0
E,G,E,7061,100,7061,1,0
E,H,E,5016,100,5016,1,0
A,F,F,5182,100,5182,1,0
B,F,F,1394,100,1394,1,0
C,F,F,5171,100,5171,1,0
D,F,F,7126,100,7126,1,0
E,F,F,4988,100,4988,1,0
F,G,F,4969,100,4969,1,0
F,H,F,7033,100,7033,1,0
A,G,G,7175,100,7175,1,0
B,G,G,5161,100,5161,1,0
C,G,G,1397,100,1397,1,0
D,G,G,5120,100,5120,1,0
E,G,G,7051,100,7051,1,0
F,G,G,4976,100,4976,1,0
G,H,G,4978,100,4978,1,0
A,H,H,5130,100,5130,1,0
B,H,H,7166,100,7166,1,0
C,H,H,5123,100,5123,1,0
D,H,H,1392,100,1392,1,0
E,H,H,4946,100,4946,1,0
F,H,H,7018,100,7018,1,0
G,H,H,4982,100,4982,1,0
A,B,A,4931,100,4931,1,0
A,C,A,6972,100,6972,1,0
A,D,A,4949,100,4949,1,0
A,E,A,1407,100,1407,1,0
A,F,A,5170,100,5170,1,0
A,G,A,7159,100,7159,1,0
A,H,A,5162,100,5162,1,0
A,B,B,4958,100,4958,1,0
B,C,B,4996,100,4996,1,0
B,D,B,6990,100,6990,1,0
B,E,B,5119,100,5119,1,0
B,F,B,1375,100,1375,1,0
B,G,B,5161,100,5161,1,0
B,H,B,7144,100,7144,1,0
A,C,C,7030,100,7030,1,0
B,C,C,5027,100,5027,1,0
C,D,C,4989,100,4989,1,0
C,E,C,7145,100,7145,1,0
C,F,C,5163,100,5163,1,0
C,G,C,1412,100,1412,1,0
C,H,C,5114,100,5114,1,0
A,D,D,4945,100,4945,1,0
B,D,D,6986,100,6986,1,0
C,D,D,4953,100,4953,1,0
D,E,D,5229,100,5229,1,0
D,F,D,7131,100,7131,1,0
D,G,D,5166,100,5166,1,0
D,H,D,1444,100,1444,1,0
A,E,E,1365,100,1365,1,0
B,E,E,5108,100,5108,1,0
C,E,E,7145,100,7145,1,0
D,E,E,5154,100,5154,1,0
E,F,E,4999,100,4999,1,0
E,G,E,7043,100,7043,1,0
E,H,E,4989,100,4989,1,0
A,F,F,5189,100,5189,1,0
B,F,F,1435,100,1435,1,0
C,F,F,5164,100,5164,1,0
D,F,F,7164,100,7164,1,0
E,F,F,4969,100,4969,1,0
F,G,F,5000,100,5000,1,0
F,H,F,6996,100,6996,1,0
A,G,G,7173,100,7173,1,0
B,G,G,5207,100,5207,1,0
C,G,G,1379,100,1379,1,0
D,G,G,5134,100,5134,1,0
E,G,G,7059,100,7059,1,0
F,G,G,4975,100,4975,1,0
G,H,G,4949,100,4949,1,0
A,H,H,5170,100,5170,1,0
B,H,H,7130,100,7130,1,0
C,H,H,5150,100,5150,1,0
D,H,H,1432,100,1432,1,0
E,H,H,4965,100,4965,1,0
F,H,H,7002,100,7002,1,0
G,H,H,4940,100,4940,1,0
A,B,A,4950,100,4950,1,0
A,C,A,7039,100,7039,1,0
A,D,A,4961,100,4961,1,0
A,E,A,1383,100,1383,1,0
A,F,A,5208,100,5208,1,0
A,G,A,7147,100,7147,1,0
A,H,A,5090,100,5090,1,0
A,B,B,4969,100,4969,1,0
B,C,B,5015,100,5015,1,0
B,D,B,6992,100,6992,1,0
B,E,B,5113,100,5113,1,0
B,F,B,1411,100,1411,1,0
B,G,B,5170,100,5170,1,0
B,H,B,7124,100,7124,1,0
A,C,C,7022,100,7022,1,0
B,C,C,4979,100,4979,1,0
C,D,C,4928,100,4928,1,0
C,E,C,7162,100,7162,1,0
C,F,C,5137,100,5137,1,0
C,G,C,1364,100,1364,1,0
C,H,C,5181,100,5181,1,0
A,D,D,4948,100,4948,1,0
B,D,D,7018,100,7018,1,0
C,D,D,4933,100,4933,1,0
D,E,D,5148,100,5148,1,0
D,F,D,7179,100,7179,1,0
D,G,D,5150,100,5150,1,0
D,H,D,1429,100,1429,1,0
A,E,E,1390,100,1390,1,0
B,E,E,5189,100,5189,1,0
C,E,E,7177,100,7177,1,0
D,E,E,5178,100,5178,1,0
E,F,E,4964,100,4964,1,0
E,G,E,7036,100,7036,1,0
E,H,E,4959,100,4959,1,0
A,F,F,5147,100,5147,1,0
B,F,F,1401,100,1401,1,0
C,F,F,5159,100,5159,1,0
D,F,F,7114,100,7114,1,0
E,F,F,4966,100,4966,1,0
F,G,F,4980,100,4980,1,0
F,H,F,6983,100,6983,1,0
A,G,G,7116,100,7116,1,0
B,G,G,5203,100,5203,1,0
C,G,G,1410,100,1410,1,0
D,G,G,5164,100,5164,1,0
E,G,G,7025,100,7025,1,0
F,G,G,4999,100,4999,1,0
G,H,G,4950,100,4950,1,0
A,H,H,5153,100,5153,1,0
B,H,H,7167,100,7167,1,0
C,H,H,5138,100,5138,1,0
D,H,H,1395,100,1395,1,0
E,H,H,4985,100,4985,1,0
F,H,H,7017,100,7017,1,0
G,H,H,4974,100,4974,1,0
A,B,A,4994,100,4994,1,0
A,C,A,7021,100,7021,1,0
A,D,A,4959,100,4959,1,0
A,E,A,1390,100,1390,1,0
A,F,A,5192,100,5192,1,0
A,G,A,7129,100,7129,1,0
A,H,A,5115,100,5115,1,0
A,B,B,4970,100,4970,1,0
B,C,B,4974,100,4974,1,0
B,D,B,6975,100,6975,1,0
B,E,B,5135,100,5135,1,0
B,F,B,1395,100,1395,1,0
B,G,B,5204,100,5204,1,0
B,H,B,7081,100,7081,1,0
A,C,C,7034,100,7034,1,0
B,C,C,4979,100,4979,1,0
C,D,C,4966,100,4966,1,0
C,E,C,7190,100,7190,1,0
C,F,C,5165,100,5165,1,0
C,G,C,1407,100,1407,1,0
C,H,C,5171,100,5171,1,0
A,D,D,4959,100,4959,1,0
B,D,D,6995,100,6995,1,0
C,D,D,4950,100,4950,1,0
D,E,D,5103,100,5103,1,0
D,F,D,7163,100,7163,1,0
D,G,D,5154,100,5154,1,0
D,H,D,1394,100,1394,1,0
A,E,E,1422,100,1422,1,0
B,E,E,5142,100,5142,1,0
C,E,E,7187,100,7187,1,0
D,E,E,5132,100,5132,1,0
E,F,E,4970,100,4970,1,0
E,G,E,7058,100,7058,1,0
E,H,E,4990,100,4990,1,0
A,F,F,5171,100,5171,1,0
B,F,F,1378,100,1378,1,0
C,F,F,5179,100,5179,1,0
D,F,F,7125,100,7125,1,0
E,F,F,4948,100,4948,1,0
F,G,F,4995,100,4995,1,0
F,H,F,7006,100,7006,1,0
A,G,G,7159,100,7159,1,0
B,G,G,5179,100,5179,1,0
C,G,G,1404,100,1404,1,0
D,G,G,5145,100,5145,1,0
E,G,G,7043,100,7043,1,0
F,G,G,4970,100,4970,1,0
G,H,G,4924,100,4924,1,0
A,H,H,5145,100,5145,1,0
B,H,H,7138,100,7138,1,0
C,H,H,5159,100,5159,1,0
D,H,H,1390,100,1390,1,0
E,H,H,4981,100,4981,1,0
F,H,H,7005,100,7005,1,0
G,H,H,4973,100,4973,1,0
A,B,A,4972,100,4972,1,0
A,C,A,7027,100,7027,1,0
A,D,A,4964,100,4964,1,0
A,E,A,1422,100,1422,1,0
A,F,A,5106,100,5106,1,0
A,G,A,7208,100,7208,1,0
A,H,A,5165,100,5165,1,0
A,B,B,4958,100,4958,1,0
B,C,B,4951,100,4951,1,0
B,D,B,6978,100,6978,1,0
B,E,B,5175,100,5175,1,0
B,F,B,1404,100,1404,1,0
B,G,B,5202,100,5202,1,0
B,H,B,7138,100,7138,1,0
A,C,C,7069,100,7069,1,0
B,C,C,5014,100,5014,1,0
C,D,C,4926,100,4926,1,0
C,E,C,7233,100,7233,1,0
C,F,C,5136,100,5136,1,0
C,G,C,1432,100,1432,1,0
C,H,C,5145,100,5145,1,0
A,D,D,4963,100,4963,1,0
B,D,D,6975,100,6975,1,0
C,D,D,4941,100,4941,1,0
D,E,D,5122,100,5122,1,0
D,F,D,7146,100,7146,1,0
D,G,D,5161,100,5161,1,0
D,H,D,1459,100,1459,1,0
A,E,E,1458,100,1458,1,0
B,E,E,5103,100,5103,1,0
C,E,E,7193,100,7193,1,0
D,E,E,5166,100,5166,1,0
E,F,E,4955,100,4955,1,0
E,G,E,7054,100,7054,1,0
E,H,E,4924,100,4924,1,0
A,F,F,5217,100,5217,1,0
B,F,F,1403,100,1403,1,0
C,F,F,5169,100,5169,1,0
D,F,F,7152,100,7152,1,0
E,F,F,5023,100,5023,1,0
F,G,F,4961,100,4961,1,0
F,H,F,6995,100,6995,1,0
A,G,G,7204,100,7204,1,0
B,G,G,5188,100,5188,1,0
C,G,G,1408,100,1408,1,0
D,G,G,5158,100,5158,1,0
E,G,G,7042,100,7042,1,0
F,G,G,4968,100,4968,1,0
G,H,G,5002,100,5002,1,0
A,H,H,5194,100,5194,1,0
B,H,H,7111,100,7111,1,0
C,H,H,5144,100,5144,1,0
D,H,H,1417,100,1417,1,0
E,H,H,5005,100,5005,1,0
F,H,H,7026,100,7026,1,0
G,H,H,4962,100,4962,1,0
A,B,A,4983,100,4983,1,0
A,C,A,7025,100,7025,1,0
A,D,A,4955,100,4955,1,0
A,E,A,1414,100,1414,1,0
A,F,A,5179,100,5179,1,0
A,G,A,7159,100,7159,1,0
A,H,A,5185,100,5185,1,0
A,B,B,4925,100,4925,1,0
B,C,B,5013,100,5013,1,0
B,D,B,7015,100,7015,1,0
B,E,B,5149,100,5149,1,0
B,F,B,1374,100,1374,1,0
B,G,B,5171,100,5171,1,0
B,H,B,7159,100,7159,1,0
A,C,C,7029,100,7029,1,0
B,C,C,4988,100,4988,1,0
C,D,C,4939,100,4939,1,0
C,E,C,7200,100,7200,1,0
C,F,C,5190,100,5190,1,0
C,G,C,1426,100,1426,1,0
C,H,C,5121,100,5121,1,0
A,D,D,4925,100,4925,1,0
B,D,D,7010,100,7010,1,0
C,D,D,4959,100,4959,1,0
D,E,D,5210,100,5210,1,0
D,F,D,7111,100,7111,1,0
D,G,D,5132,100,5132,1,0
D,H,D,1438,100,1438,1,0
A,E,E,1346,100,1346,1,0
B,E,E,5146,100,5146,1,0
C,E,E,7209,100,7209,1,0
D,E,E,5148,100,5148,1,0
E,F,E,4958,100,4958,1,0
E,G,E,7080,100,7080,1,0
E,H,E,4988,100,4988,1,0
A,F,F,5166,100,5166,1,0
B,F,F,1420,100,1420,1,0
C,F,F,5152,100,5152,1,0
D,F,F,7172,100,7172,1,0
E,F,F,4944,100,4944,1,0
F,G,F,4963,100,4963,1,0
F,H,F,6999,100,6999,1,0
A,G,G,7085,100,7085,1,0
B,G,G,5173,100,5173,1,0
C,G,G,1374,100,1374,1,0
D,G,G,5148,100,5148,1,0
E,G,G,7069,100,7069,1,0
F,G,G,4959,100,4959,1,0
G,H,G,4969,100,4969,1,0
A,H,H,5134,100,5134,1,0
B,H,H,7131,100,7131,1,0
C,H,H,5149,100,5149,1,0
D,H,H,1395,100,1395,1,0
E,H,H,5000,100,5000,1,0
F,H,H,7011,100,7011,1,0
G,H,H,4948,100,4948,1,0
A,B,A,4961,100,4961,1,0
A,C,A,7053,100,7053,1,0
A,D,A,4940,100,4940,1,0
A,E,A,1375,100,1375,1,0
A,F,A,5201,100,5201,1,0
A,G,A,7149,100,7149,1,0
A,H,A,5146,100,5146,1,0
A,B,B,4970,100,4970,1,0
B,C,B,4949,100,4949,1,0
B,D,B,7010,100,7010,1,0
B,E,B,5111,100,5111,1,0
B,F,B,1389,100,1389,1,0
B,G,B,5193,100,5193,1,0
B,H,B,7167,100,7167,1,0
A,C,C,7068,100,7068,1,0
B,C,C,5000,100,5000,1,0
C,D,C,4934,100,4934,1,0
C,E,C,7224,100,7224,1,0
C,F,C,5166,100,5166,1,0
C,G,C,1348,100,1348,1,0
C,H,C,5174,100,5174,1,0
A,D,D,4947,100,4947,1,0
B,D,D,6975,100,6975,1,0
C,D,D,4908,100,4908,1,0
D,E,D,5192,100,5192,1,0
D,F,D,7125,100,7125,1,0
D,G,D,5121,100,5121,1,0
D,H,D,1418,100,1418,1,0
A,E,E,1457,100,1457,1,0
B,E,E,5138,100,5138,1,0
C,E,E,7193,100,7193,1,0
D,E,E,5143,100,5143,1,0
E,F,E,4982,100,4982,1,0
E,G,E,7052,100,7052,1,0
E,H,E,4971,100,4971,1,0
A,F,F,5202,100,5202,1,0
B,F,F,1361,100,1361,1,0
C,F,F,5147,100,5147,1,0
D,F,F,7159,100,7159,1,0
E,F,F,4976,100,4976,1,0
F,G,F,4995,100,4995,1,0
F,H,F,7025,100,7025,1,0
A,G,G,7185,100,7185,1,0
B,G,G,5172,100,5172,1,0
C,G,G,1371,100,1371,1,0
D,G,G,5148,100,5148,1,0
E,G,G,7076,100,7076,1,0
F,G,G,4959,100,4959,1,0
G,H,G,4933,100,4933,1,0
A,H,H,5117,100,5117,1,0
B,H,H,7184,100,7184,1,0
C,H,H,5167,100,5167,1,0
D,H,H,1390,100,1390,1,0
E,H,H,4969,100,4969,1,0
F,H,H,7024,100,7024,1,0
G,H,H,4939,100,4939,1,0
A,B,A,4935,100,4935,1,0
A,C,A,7066,100,7066,1,0
A,D,A,4933,100,4933,1,0
A,E,A,1395,100,1395,1,0
A,F,A,5170,100,5170,1,0
A,G,A,7165,100,7165,1,0
A,H,A,5140,100,5140,1,0
A,B,B,4961,100,4961,1,0
B,C,B,4971,100,4971,1,0
B,D,B,6974,100,6974,1,0
B,E,B,5167,100,5167,1,0
B,F,B,1405,100,1405,1,0
B,G,B,5177,100,5177,1,0
B,H,B,7136,100,7136,1,0
A,C,C,6993,100,6993,1,0
B,C,C,4977,100,4977,1,0
C,D,C,4898,100,4898,1,0
C,E,C,7205,100,7205,1,0
C,F,C,5157,100,5157,1,0
C,G,C,1406,100,1406,1,0
C,H,C,5122,100,5122,1,0
A,D,D,4940,100,4940,1,0
B,D,D,7015,100,7015,1,0
C,D,D,4949,100,4949,1,0
D,E,D,5183,100,5183,1,0
D,F,D,7161,100,7161,1,0
D,G,D,5166,100,5166,1,0
D,H,D,1457,100,1457,1,0
A,E,E,1351,100,1351,1,0
B,E,E,5138,100,5138,1,0
C,E,E,7176,100,7176,1,0
D,E,E,5211,100,5211,1,0
E,F,E,4972,100,4972,1,0
E,G,E,7042,100,7042,1,0
E,H,E,4933,100,4933,1,0
A,F,F,5183,100,5183,1,0
B,F,F,1387,100,1387,1,0
C,F,F,5172,100,5172,1,0
D,F,F,7154,100,7154,1,0
E,F,F,4948,100,4948,1,0
F,G,F,4961,100,4961,1,0
F,H,F,6967,100,6967,1,0
A,G,G,7143,100,7143,1,0
B,G,G,5202,100,5202,1,0
C,G,G,1432,100,1432,1,0
D,G,G,5136,100,5136,1,0
E,G,G,7046,100,7046,1,0
F,G,G,4963,100,4963,1,0
G,H,G,4949,100,4949,1,0
A,H,H,5144,100,5144,1,0
B,H,H,7150,100,7150,1,0
C,H,H,5143,100,5143,1,0
D,H,H,1389,100,1389,1,0
E,H,H,4964,100,4964,1,0
F,H,H,6982,100,6982,1,0
G,H,H,4969,100,4969,1,0
A,B,A,4919,100,4919,1,0
A,C,A,7000,100,7000,1,0
A,D,A,4939,100,4939,1,0
A,E,A,1348,100,1348,1,0
A,F,A,5159,100,5159,1,0
A,G,A,7138,100,7138,1,0
A,H,A,5140,100,5140,1,0
A,B,B,4928,100,4928,1,0
B,C,B,5028,100,5028,1,0
B,D,B,7053,100,7053,1,0
B,E,B,5178,100,5178,1,0
B,F,B,1394,100,1394,1,0
B,G,B,5166,100,5166,1,0
B,H,B,7114,100,7114,1,0
A,C,C,7016,100,7016,1,0
B,C,C,4984,100,4984,1,0
C,D,C,4949,100,4949,1,0
C,E,C,7191,100,7191,1,0
C,F,C,5155,100,5155,1,0
C,G,C,1383,100,1383,1,0
C,H,C,5122,100,5122,1,0
A,D,D,4959,100,4959,1,0
B,D,D,6982,100,6982,1,0
C,D,D,4908,100,4908,1,0
D,E,D,5163,100,5163,1,0
D,F,D,7137,100,7137,1,0
D,G,D,5148,100,5148,1,0
D,H,D,1402,100,1402,1,0
A,E,E,1469,100,1469,1,0
B,E,E,5122,100,5122,1,0
C,E,E,7192,100,7192,1,0
D,E,E,5201,100,5201,1,0
E,F,E,4983,100,4983,1,0
E,G,E,7035,100,7035,1,0
E,H,E,5011,100,5011,1,0
A,F,F,5171,100,5171,1,0
B,F,F,1382,100,1382,1,0
C,F,F,5146,100,5146,1,0
D,F,F,7134,100,7134,1,0
E,F,F,4983,100,4983,1,0
F,G,F,4972,100,4972,1,0
F,H,F,7001,100,7001,1,0
A,G,G,7151,100,7151,1,0
B,G,G,5201,100,5201,1,0
C,G,G,1402,100,1402,1,0
D,G,G,5148,100,5148,1,0
E,G,G,7047,100,7047,1,0
F,G,G,4949,100,4949,1,0
G,H,G,4966,100,4966,1,0
A,H,H,5130,100,5130,1,0
B,H,H,7140,100,7140,1,0
C,H,H,5127,100,5127,1,0
D,H,H,1399,100,1399,1,0
E,H,H,4982,100,4982,1,0
F,H,H,7024,100,7024,1,0
G,H,H,4963,100,4963,1,0
A,B,A,4931,100,4931,1,0
A,C,A,7043,100,7043,1,0
A,D,A,4925,100,4925,1,0
A,E,A,1429,100,1429,1,0
A,F,A,5156,100,5156,1,0
A,G,A,7197,100,7197,1,0
A,H,A,5123,100,5123,1,0
A,B,B,4982,100,4982,1,0
B,C,B,4991,100,4991,1,0
B,D,B,6957,100,6957,1,0
B,E,B,5190,100,5190,1,0
B,F,B,1389,100,1389,1,0
B,G,B,5175,100,5175,1,0
B,H,B,7108,100,7108,1,0
A,C,C,7002,100,7002,1,0
B,C,C,5012,100,5012,1,0
C,D,C,4951,100,4951,1,0
C,E,C,7203,100,7203,1,0
C,F,C,5153,100,5153,1,0
C,G,C,1430,100,1430,1,0
C,H,C,5142,100,5142,1,0
A,D,D,4930,100,4930,1,0
B,D,D,6968,100,6968,1,0
C,D,D,4956,100,4956,1,0
D,E,D,5213,100,5213,1,0
D,F,D,7146,100,7146,1,0
D,G,D,5166,100,5166,1,0
D,H,D,1427,100,1427,1,0
A,E,E,1374,100,1374,1,0
B,E,E,5131,100,5131,1,0
C,E,E,7206,100,7206,1,0
D,E,E,5113,100,5113,1,0
E,F,E,4966,100,4966,1,0
E,G,E,7064,100,7064,1,0
E,H,E,4989,100,4989,1,0
A,F,F,5167,100,5167,1,0
B,F,F,1344,100,1344,1,0
C,F,F,5152,100,5152,1,0
D,F,F,7152,100,7152,1,0
E,F,F,4987,100,4987,1,0
F,G,F,4993,100,4993,1,0
F,H,F,7032,100,7032,1,0
A,G,G,7178,100,7178,1,0
B,G,G,5152,100,5152,1,0
C,G,G,1444,100,1444,1,0
D,G,G,5125,100,5125,1,0
E,G,G,7042,100,7042,1,0
F,G,G,4979,100,4979,1,0
G,H,G,4952,100,4952,1,0
A,H,H,5104,100,5104,1,0
B,H,H,7162,100,7162,1,0
C,H,H,5164,100,5164,1,0
D,H,H,1428,100,1428,1,0
E,H,H,4980,100,4980,1,0
F,H,H,7008,100,7008,1,0
G,H,H,4973,100,4973,1,0
A,B,A,4984,100,4984,1,0
A,C,A,7047,100,7047,1,0
A,D,A,4953,100,4953,1,0
A,E,A,1392,100,1392,1,0
A,F,A,5177,100,5177,1,0
A,G,A,7175,100,7175,1,0
A,H,A,5127,100,5127,1,0
A,B,B,4990,100,4990,1,0
B,C,B,4966,100,4966,1,0
B,D,B,7011,100,7011,1,0
B,E,B,5164,100,5164,1,0
B,F,B,1348,100,1348,1,0
B,G,B,5181,100,5181,1,0
B,H,B,7207,100,7207,1,0
A,C,C,7053,100,7053,1,0
B,C,C,4969,100,4969,1,0
C,D,C,4964,100,4964,1,0
C,E,C,7162,100,7162,1,0
C,F,C,5170,100,5170,1,0
C,G,C,1438,100,1438,1,0
C,H,C,5143,100,5143,1,0
A,D,D,4961,100,4961,1,0
B,D,D,6996,100,6996,1,0
C,D,D,4947,100,4947,1,0
D,E,D,5143,100,5143,1,0
D,F,D,7111,100,7111,1,0
D,G,D,5167,100,5167,1,0
D,H,D,1431,100,1431,1,0
A,E,E,1398,100,1398,1,0
B,E,E,5162,100,5162,1,0
C,E,E,7148,100,7148,1,0
D,E,E,5150,100,5150,1,0
E,F,E,4956,100,4956,1,0
E,G,E,7046,100,7046,1,0
E,H,E,4946,100,4946,1,0
A,F,F,5154,100,5154,1,0
B,F,F,1400,100,1400,1,0
C,F,F,5143,100,5143,1,0
D,F,F,7098,100,7098,1,0
E,F,F,4974,100,4974,1,0
F,G,F,4966,100,4966,1,0
F,H,F,6999,100,6999,1,0
A,G,G,7189,100,7189,1,0
B,G,G,5228,100,5228,1,0
C,G,G,1391,100,1391,1,0
D,G,G,5111,100,5111,1,0
E,G,G,7042,100,7042,1,0
F,G,G,4983,100,4983,1,0
G,H,G,4911,100,4911,1,0
A,H,H,5146,100,5146,1,0
B,H,H,7145,100,7145,1,0
C,H,H,5147,100,5147,1,0
D,H,H,1420,100,1420,1,0
E,H,H,4978,100,4978,1,0
F,H,H,7030,100,7030,1,0
G,H,H,5002,100,5002,1,0
A,B,A,4943,100,4943,1,0
A,C,A,6975,100,6975,1,0
A,D,A,4930,100,4930,1,0
A,E,A,1400,100,1400,1,0
A,F,A,5171,100,5171,1,0
A,G,A,7194,100,7194,1,0
A,H,A,5097,100,5097,1,0
A,B,B,4959,100,4959,1,0
B,C,B,4977,100,4977,1,0
B,D,B,7018,100,7018,1,0
B,E,B,5142,100,5142,1,0
B,F,B,1410,100,1410,1,0
B,G,B,5193,100,5193,1,0
B,H,B,7093,100,7093,1,0
A,C,C,7042,100,7042,1,0
B,C,C,5000,100,5000,1,0
C,D,C,4975,100,4975,1,0
C,E,C,7166,100,7166,1,0
C,F,C,5146,100,5146,1,0
C,G,C,1379,100,1379,1,0
C,H,C,5174,100,5174,1,0
A,D,D,4930,100,4930,1,0
B,D,D,6986,100,6986,1,0
C,D,D,4970,100,4970,1,0
D,E,D,5174,100,5174,1,0
D,F,D,7138,100,7138,1,0
D,G,D,5123,100,5123,1,0
D,H,D,1358,100,1358,1,0
A,E,E,1403,100,1403,1,0
B,E,E,5127,100,5127,1,0
C,E,E,7149,100,7149,1,0
D,E,E,5145,100,5145,1,0
E,F,E,4985,100,4985,1,0
E,G,E,7072,100,7072,1,0
E,H,E,4939,100,4939,1,0
A,F,F,5148,100,5148,1,0
B,F,F,1407,100,1407,1,0
C,F,F,5153,100,5153,1,0
D,F,F,7119,100,7119,1,0
E,F,F,4978,100,4978,1,0
F,G,F,4956,100,4956,1,0
F,H,F,7024,100,7024,1,0
A,G,G,7183,100,7183,1,0
B,G,G,5216,100,5216,1,0
C,G,G,1433,100,1433,1,0
D,G,G,5124,100,5124,1,0
E,G,G,7069,100,7069,1,0
F,G,G,4962,100,4962,1,0
G,H,G,4991,100,4991,1,0
A,H,H,5128,100,5128,1,0
B,H,H,7113,100,7113,1,0
C,H,H,5127,100,5127,1,0
D,H,H,1367,100,1367,1,0
E,H,H,4993,100,4993,1,0
F,H,H,6991,100,6991,1,0
G,H,H,4937,100,4937,1,0
A,B,A,4972,100,4972,1,0
A,C,A,6993,100,6993,1,0
A,D,A,4935,100,4935,1,0
A,E,A,1408,100,1408,1,0
A,F,A,5156,100,5156,1,0
A,G,A,7206,100,7206,1,0
A,H,A,5182,100,5182,1,0
A,B,B,4930,100,4930,1,0
B,C,B,5001,100,5001,1,0
B,D,B,6994,100,6994,1,0
B,E,B,5139,100,5139,1,0
B,F,B,1416,100,1416,1,0
B,G,B,5211,100,5211,1,0
B,H,B,7126,100,7126,1,0
A,C,C,7036,100,7036,1,0
B,C,C,4972,100,4972,1,0
C,D,C,4953,100,4953,1,0
C,E,C,7142,100,7142,1,0
C,F,C,5131,100,5131,1,0
C,G,C,1422,100,1422,1,0
C,H,C,5129,100,5129,1,0
A,D,D,4946,100,4946,1,0
B,D,D,7004,100,7004,1,0
C,D,D,4924,100,4924,1,0
D,E,D,5217,100,5217,1,0
D,F,D,7119,100,7119,1,0
D,G,D,5093,100,5093,1,0
D,H,D,1398,100,1398,1,0
A,E,E,1451,100,1451,1,0
B,E,E,5137,100,5137,1,0
C,E,E,7197,100,7197,1,0
D,E,E,5199,100,5199,1,0
E,F,E,4956,100,4956,1,0
E,G,E,7040,100,7040,1,0
E,H,E,5007,100,5007,1,0
A,F,F,5171,100,5171,1,0
B,F,F,1392,100,1392,1,0
C,F,F,5148,100,5148,1,0
D,F,F,7157,100,7157,1,0
E,F,F,4995,100,4995,1,0
F,G,F,4977,100,4977,1,0
F,H,F,7001,100,7001,1,0
A,G,G,7208,100,7208,1,0
B,G,G,5192,100,5192,1,0
C,G,G,1360,100,1360,1,0
D,G,G,5119,100,5119,1,0
E,G,G,7060,100,7060,1,0
F,G,G,4975,100,4975,1,0
G,H,G,4947,100,4947,1,0
A,H,H,5129,100,5129,1,0
B,H,H,7164,100,7164,1,0
C,H,H,5180,100,5180,1,0
D,H,H,1409,100,1409,1,0
E,H,H,4960,100,4960,1,0
F,H,H,7006,100,7006,1,0
G,H,H,4962,100,4962,1,0
A,B,A,4966,100,4966,1,0
A,C,A,7051,100,7051,1,0
A,D,A,4928,100,4928,1,0
A,E,A,1383,100,1383,1,0
A,F,A,5182,100,5182,1,0
A,G,A,7130,100,7130,1,0
A,H,A,5120,100,5120,1,0
A,B,B,4956,100,4956,1,0
B,C,B,4948,100,4948,1,0
B,D,B,6972,100,6972,1,0
B,E,B,5122,100,5122,1,0
B,F,B,1379,100,1379,1,0
B,G,B,5160,100,5160,1,0
B,H,B,7153,100,7153,1,0
A,C,C,6999,100,6999,1,0
B,C,C,5017,100,5017,1,0
C,D,C,4941,100,4941,1,0
C,E,C,7181,100,7181,1,0
C,F,C,5167,100,5167,1,0
C,G,C,1380,100,1380,1,0
C,H,C,5149,100,5149,1,0
A,D,D,4962,100,4962,1,0
B,D,D,7009,100,7009,1,0
C,D,D,4960,100,4960,1,0
D,E,D,5189,100,5189,1,0
D,F,D,7138,100,7138,1,0
D,G,D,5167,100,5167,1,0
D,H,D,1456,100,1456,1,0
A,E,E,1404,100,1404,1,0
B,E,E,5168,100,5168,1,0
C,E,E,7224,100,7224,1,0
D,E,E,5223,100,5223,1,0
E,F,E,4984,100,4984,1,0
E,G,E,7067,100,7067,1,0
E,H,E,4902,100,4902,1,0
A,F,F,5217,100,5217,1,0
B,F,F,1391,100,1391,1,0
C,F,F,5128,100,5128,1,0
D,F,F,7139,100,7139,1,0
E,F,F,4979,100,4979,1,0
F,G,F,4936,100,4936,1,0
F,H,F,7035,100,7035,1,0
A,G,G,7151,100,7151,1,0
B,G,G,5187,100,5187,1,0
C,G,G,1417,100,1417,1,0
D,G,G,5142,100,5142,1,0
E,G,G,7033,100,7033,1,0
F,G,G,4980,100,4980,1,0
G,H,G,4999,100,4999,1,0
A,H,H,5134,100,5134,1,0
B,H,H,7140,100,7140,1,0
C,H,H,5140,100,5140,1,0
D,H,H,1402,100,1402,1,0
E,H,H,4948,100,4948,1,0
F,H,H,7008,100,7008,1,0
G,H,H,4941,100,4941,1,0
A,B,A,4982,100,4982,1,0
A,C,A,7004,100,7004,1,0
A,D,A,4975,100,4975,1,0
A,E,A,1448,100,1448,1,0
A,F,A,5171,100,5171,1,0
A,G,A,7185,100,7185,1,0
A,H,A,5161,100,5161,1,0
A,B,B,4963,100,4963,1,0
B,C,B,4969,100,4969,1,0
B,D,B,6997,100,6997,1,0
B,E,B,5139,100,5139,1,0
B,F,B,1372,100,1372,1,0
B,G,B,5164,100,5164,1,0
B,H,B,7170,100,7170,1,0
A,C,C,7088,100,7088,1,0
B,C,C,4977,100,4977,1,0
C,D,C,4936,100,4936,1,0
C,E,C,7177,100,7177,1,0
C,F,C,5176,100,5176,1,0
C,G,C,1447,100,1447,1,0
C,H,C,5134,100,5134,1,0
A,D,D,4936,100,4936,1,0
B,D,D,7009,100,7009,1,0
C,D,D,4945,100,4945,1,0
D,E,D,5178,100,5178,1,0
D,F,D,7125,100,7125,1,0
D,G,D,5132,100,5132,1,0
D,H,D,1403,100,1403,1,0
A,E,E,1395,100,1395,1,0
B,E,E,5110,100,5110,1,0
C,E,E,7185,100,7185,1,0
D,E,E,5123,100,5123,1,0
E,F,E,4995,100,4995,1,0
E,G,E,7050,100,7050,1,0
E,H,E,4997,100,4997,1,0
A,F,F,5192,100,5192,1,0
B,F,F,1399,100,1399,1,0
C,F,F,5176,100,5176,1,0
D,F,F,7157,100,7157,1,0
E,F,F,4967,100,4967,1,0
F,G,F,4987,100,4987,1,0
F,H,F,7011,100,7011,1,0
A,G,G,7131,100,7131,1,0
B,G,G,5163,100,5163,1,0
C,G,G,1397,100,1397,1,0
D,G,G,5133,100,5133,1,0
E,G,G,7054,100,7054,1,0
F,G,G,4990,100,4990,1,0
G,H,G,4929,100,4929,1,0
A,H,H,5145,100,5145,1,0
B,H,H,7116,100,7116,1,0
C,H,H,5163,100,5163,1,0
D,H,H,1384,100,1384,1,0
E,H,H,4991,100,4991,1,0
F,H,H,7016,100,7016,1,0
G,H,H,4933,100,4933,1,0
A,B,A,4931,100,4931,1,0
A,C,A,7058,100,7058,1,0
A,D,A,4950,100,4950,1,0
A,E,A,1429,100,1429,1,0
A,F,A,5171,100,5171,1,0
A,G,A,7174,100,7174,1,0
A,H,A,5160,100,5160,1,0
A,B,B,4959,100,4959,1,0
B,C,B,4983,100,4983,1,0
B,D,B,7012,100,7012,1,0
B,E,B,5132,100,5132,1,0
B,F,B,1410,100,1410,1,0
B,G,B,5192,100,5192,1,0
B,H,B,7094,100,7094,1,0
A,C,C,6986,100,6986,1,0
B,C,C,4972,100,4972,1,0
C,D,C,4926,100,4926,1,0
C,E,C,7146,100,7146,1,0
C,F,C,5147,100,5147,1,0
C,G,C,1407,100,1407,1,0
C,H,C,5178,100,5178,1,0
A,D,D,4944,100,4944,1,0
B,D,D,7005,100,7005,1,0
C,D,D,4959,100,4959,1,0
D,E,D,5205,100,5205,1,0
D,F,D,7161,100,7161,1,0
D,G,D,5135,100,5135,1,0
D,H,D,1376,100,1376,1,0
A,E,E,1452,100,1452,1,0
B,E,E,5126,100,5126,1,0
C,E,E,7160,100,7160,1,0
D,E,E,5183,100,5183,1,0
E,F,E,4969,100,4969,1,0
E,G,E,7073,100,7073,1,0
E,H,E,4978,100,4978,1,0
A,F,F,5221,100,5221,1,0
B,F,F,1398,100,1398,1,0
C,F,F,5166,100,5166,1,0
D,F,F,7106,100,7106,1,0
E,F,F,4979,100,4979,1,0
F,G,F,4967,100,4967,1,0
F,H,F,7020,100,7020,1,0
A,G,G,7206,100,7206,1,0
B,G,G,5192,100,5192,1,0
C,G,G,1437,100,1437,1,0
D,G,G,5142,100,5142,1,0
E,G,G,7031,100,7031,1,0
F,G,G,4950,100,4950,1,0
G,H,G,4988,100,4988,1,0
A,H,H,5111,100,5111,1,0
B,H,H,7165,100,7165,1,0
C,H,H,5167,100,5167,1,0
D,H,H,1381,100,1381,1,0
E,H,H,4955,100,4955,1,0
F,H,H,7014,100,7014,1,0
G,H,H,4976,100,4976,1,0
A,B,A,4984,100,4984,1,0
A,C,A,7033,100,7033,1,0
A,D,A,4939,100,4939,1,0
A,E,A,1396,100,1396,1,0
A,F,A,5180,100,5180,1,0
A,G,A,7213,100,7213,1,0
A,H,A,5154,100,5154,1,0
A,B,B,4968,100,4968,1,0
B,C,B,4965,100,4965,1,0
B,D,B,6982,100,6982,1,0
B,E,B,5152,100,5152,1,0
B,F,B,1408,100,1408,1,0
B,G,B,5168,100,5168,1,0
B,H,B,7176,100,7176,1,0
A,C,C,7088,100,7088,1,0
B,C,C,4977,100,4977,1,0
C,D,C,4967,100,4967,1,0
C,E,C,7158,100,7158,1,0
C,F,C,5150,100,5150,1,0
C,G,C,1390,100,1390,1,0
C,H,C,5136,100,5136,1,0
A,D,D,4929,100,4929,1,0
B,D,D,7019,100,7019,1,0
C,D,D,4976,100,4976,1,0
D,E,D,5168,100,5168,1,0
D,F,D,7111,100,7111,1,0
D,G,D,5136,100,5136,1,0
D,H,D,1336,100,1336,1,0
A,E,E,1458,100,1458,1,0
B,E,E,5140,100,5140,1,0
C,E,E,7144,100,7144,1,0
D,E,E,5158,100,5158,1,0
E,F,E,4972,100,4972,1,0
E,G,E,7045,100,7045,1,0
E,H,E,4956,100,4956,1,0
A,F,F,5186,100,5186,1,0
B,F,F,1397,100,1397,1,0
C,F,F,5150,100,5150,1,0
D,F,F,7153,100,7153,1,0
E,F,F,4955,100,4955,1,0
F,G,F,4979,100,4979,1,0
F,H,F,7031,100,7031,1,0
A,G,G,7181,100,7181,1,0
B,G,G,5168,100,5168,1,0
C,G,G,1399,100,1399,1,0
D,G,G,5149,100,5149,1,0
E,G,G,7059,100,7059,1,0
F,G,G,4967,100,4967,1,0
G,H,G,4965,100,4965,1,0
A,H,H,5146,100,5146,1,0
B,H,H,7140,100,7140,1,0
C,H,H,5126,100,5126,1,0
D,H,H,1373,100,1373,1,0
E,H,H,4997,100,4997,1,0
F,H,H,6986,100,6986,1,0
G,H,H,4947,100,4947,1,0
A,B,A,4939,100,4939,1,0
A,C,A,7024,100,7024,1,0
A,D,A,4947,100,4947,1,0
A,E,A,1370,100,1370,1,0
A,F,A,5144,100,5144,1,0
A,G,A,7202,100,7202,1,0
A,H,A,5119,100,5119,1,0
A,B,B,4954,100,4954,1,0
B,C,B,4956,100,4956,1,0
B,D,B,7010,100,7010,1,0
B,E,B,5177,100,5177,1,0
B,F,B,1380,100,1380,1,0
B,G,B,5183,100,5183,1,0
B,H,B,7160,100,7160,1,0
A,C,C,7060,100,7060,1,0
B,C,C,4949,100,4949,1,0
C,D,C,4957,100,4957,1,0
C,E,C,7214,100,7214,1,0
C,F,C,5163,100,5163,1,0
C,G,C,1425,100,1425,1,0
C,H,C,5175,100,5175,1,0
A,D,D,4921,100,4921,1,0
B,D,D,7034,100,7034,1,0
C,D,D,4976,100,4976,1,0
D,E,D,5163,100,5163,1,0
D,F,D,7120,100,7120,1,0
D,G,D,5148,100,5148,1,0
D,H,D,1349,100,1349,1,0
A,E,E,1451,100,1451,1,0
B,E,E,5154,100,5154,1,0
C,E,E,7176,100,7176,1,0
D,E,E,5158,100,5158,1,0
E,F,E,4990,100,4990,1,0
E,G,E,7036,100,7036,1,0
E,H,E,4984,100,4984,1,0
A,F,F,5159,100,5159,1,0
B,F,F,1378,100,1378,1,0
C,F,F,5138,100,5138,1,0
D,F,F,7113,100,7113,1,0
E,F,F,4962,100,4962,1,0
F,G,F,4981,100,4981,1,0
F,H,F,6974,100,6974,1,0
A,G,G,7146,100,7146,1,0
B,G,G,5210,100,5210,1,0
C,G,G,1443,100,1443,1,0
D,G,G,5161,100,5161,1,0
E,G,G,7037,100,7037,1,0
F,G,G,4981,100,4981,1,0
G,H,G,4917,100,4917,1,0
A,H,H,5133,100,5133,1,0
B,H,H,7131,100,7131,1,0
C,H,H,5172,100,5172,1,0
D,H,H,1507,100,1507,1,0
E,H,H,4994,100,4994,1,0
F,H,H,7000,100,7000,1,0
G,H,H,4938,100,4938,1,0
A,B,A,4980,100,4980,1,0
A,C,A,7019,100,7019,1,0
A,D,A,4953,100,4953,1,0
A,E,A,1385,100,1385,1,0
A,F,A,5161,100,5161,1,0
A,G,A,7195,100,7195,1,0
A,H,A,5190,100,5190,1,0
A,B,B,4940,100,4940,1,0
B,C,B,4987,100,4987,1,0
B,D,B,7043,100,7043,1,0
B,E,B,5159,100,5159,1,0
B,F,B,1396,100,1396,1,0
B,G,B,5185,100,5185,1,0
B,H,B,7111,100,7111,1,0
A,C,C,7078,100,7078,1,0
B,C,C,4969,100,4969,1,0
C,D,C,4920,100,4920,1,0
C,E,C,7228,100,7228,1,0
C,F,C,5151,100,5151,1,0
C,G,C,1403,100,1403,1,0
C,H,C,5140,100,5140,1,0
A,D,D,4936,100,4936,1,0
B,D,D,7000,100,7000,1,0
C,D,D,4898,100,4898,1,0
D,E,D,5172,100,5172,1,0
D,F,D,7181,100,7181,1,0
D,G,D,5137,100,5137,1,0
D,H,D,1401,100,1401,1,0
A,E,E,1407,100,1407,1,0
B,E,E,5106,100,5106,1,0
C,E,E,7171,100,7171,1,0
D,E,E,5192,100,5192,1,0
E,F,E,4925,100,4925,1,0
E,G,E,7058,100,7058,1,0
E,H,E,5016,100,5016,1,0
A,F,F,5180,100,5180,1,0
B,F,F,1415,100,1415,1,0
C,F,F,5134,100,5134,1,0
D,F,F,7124,100,7124,1,0
E,F,F,5031,100,5031,1,0
F,G,F,4944,100,4944,1,0
F,H,F,6998,100,6998,1,0
A,G,G,7194,100,7194,1,0
B,G,G,5157,100,5157,1,0
C,G,G,1406,100,1406,1,0
D,G,G,5146,100,5146,1,0
E,G,G,7046,100,7046,1,0
F,G,G,4998,100,4998,1,0
G,H,G,4963,100,4963,1,0
A,H,H,5122,100,5122,1,0
B,H,H,7128,100,7128,1,0
C,H,H,5155,100,5155,1,0
D,H,H,1403,100,1403,1,0
E,H,H,4988,100,4988,1,0
F,H,H,6991,100,6991,1,0
G,H,H,4932,100,4932,1,0
A,B,A,4919,100,4919,1,0
A,C,A,6957,100,6957,1,0
A,D,A,4938,100,4938,1,0
A,E,A,1450,100,1450,1,0
A,F,A,5157,100,5157,1,0
A,G,A,7218,100,7218,1,0
A,H,A,5186,100,5186,1,0
A,B,B,4959,100,4959,1,0
B,C,B,4974,100,4974,1,0
B,D,B,6995,100,6995,1,0
B,E,B,5157,100,5157,1,0
B,F,B,1418,100,1418,1,0
B,G,B,5188,100,5188,1,0
B,H,B,7098,100,7098,1,0
A,C,C,6978,100,6978,1,0
B,C,C,5024,100,5024,1,0
C,D,C,4983,100,4983,1,0
C,E,C,7150,100,7150,1,0
C,F,C,5123,100,5123,1,0
C,G,C,1390,100,1390,1,0
C,H,C,5194,100,5194,1,0
A,D,D,4929,100,4929,1,0
B,D,D,7035,100,7035,1,0
C,D,D,4932,100,4932,1,0
D,E,D,5166,100,5166,1,0
D,F,D,7108,100,7108,1,0
D,G,D,5120,100,5120,1,0
D,H,D,1395,100,1395,1,0
A,E,E,1467,100,1467,1,0
B,E,E,5115,100,5115,1,0
C,E,E,7192,100,7192,1,0
D,E,E,5208,100,5208,1,0
E,F,E,4961,100,4961,1,0
E,G,E,7080,100,7080,1,0
E,H,E,4913,100,4913,1,0
A,F,F,5226,100,5226,1,0
B,F,F,1395,100,1395,1,0
C,F,F,5151,100,5151,1,0
D,F,F,7128,100,7128,1,0
E,F,F,4931,100,4931,1,0
F,G,F,4985,100,4985,1,0
F,H,F,6994,100,6994,1,0
A,G,G,7183,100,7183,1,0
B,G,G,5163,100,5163,1,0
C,G,G,1369,100,1369,1,0
D,G,G,5158,100,5158,1,0
E,G,G,7033,100,7033,1,0
F,G,G,4973,100,4973,1,0
G,H,G,4944,100,4944,1,0
A,H,H,5127,100,5127,1,0
B,H,H,7141,100,7141,1,0
C,H,H,5150,100,5150,1,0
D,H,H,1408,100,1408,1,0
E,H,H,5003,100,5003,1,0
F,H,H,6988,100,6988,1,0
G,H,H,4982,100,4982,1,0
A,B,A,4952,100,4952,1,0
A,C,A,7024,100,7024,1,0
A,D,A,4962,100,4962,1,0
A,E,A,1382,100,1382,1,0
A,F,A,5192,100,5192,1,0
A,G,A,7154,100,7154,1,0
A,H,A,5152,100,5152,1,0
A,B,B,4988,100,4988,1,0
B,C,B,4981,100,4981,1,0
B,D,B,7038,100,7038,1,0
B,E,B,5105,100,5105,1,0
B,F,B,1383,100,1383,1,0
B,G,B,5183,100,5183,1,0
B,H,B,7106,100,7106,1,0
A,C,C,7000,100,7000,1,0
B,C,C,4982,100,4982,1,0
C,D,C,4927,100,4927,1,0
C,E,C,7187,100,7187,1,0
C,F,C,5158,100,5158,1,0
C,G,C,1398,100,1398,1,0
C,H,C,5132,100,5132,1,0
A,D,D,4963,100,4963,1,0
B,D,D,6989,100,6989,1,0
C,D,D,4995,100,4995,1,0
D,E,D,5192,100,5192,1,0
D,F,D,7156,100,7156,1,0
D,G,D,5107,100,5107,1,0
D,H,D,1400,100,1400,1,0
A,E,E,1399,100,1399,1,0
B,E,E,5148,100,5148,1,0
C,E,E,7189,100,7189,1,0
D,E,E,5150,100,5150,1,0
E,F,E,4998,100,4998,1,0
E,G,E,7040,100,7040,1,0
E,H,E,4999,100,4999,1,0
A,F,F,5154,100,5154,1,0
B,F,F,1366,100,1366,1,0
C,F,F,5159,100,5159,1,0
D,F,F,7126,100,7126,1,0
E,F,F,4956,100,4956,1,0
F,G,F,4977,100,4977,1,0
F,H,F,6976,100,6976,1,0
A,G,G,7162,100,7162,1,0
B,G,G,5216,100,5216,1,0
C,G,G,1432,100,1432,1,0
D,G,G,5120,100,5120,1,0
E,G,G,7026,100,7026,1,0
F,G,G,4982,100,4982,1,0
G,H,G,4960,100,4960,1,0
A,H,H,5157,100,5157,1,0
B,H,H,7163,100,7163,1,0
C,H,H,5193,100,5193,1,0
D,H,H,1424,100,1424,1,0
E,H,H,4976,100,4976,1,0
F,H,H,7030,100,7030,1,0
G,H,H,4955,100,4955,1,0
A,B,A,4933,100,4933,1,0
A,C,A,7023,100,7023,1,0
A,D,A,4938,100,4938,1,0
A,E,A,1360,100,1360,1,0
A,F,A,5176,100,5176,1,0
A,G,A,7160,100,7160,1,0
A,H,A,5178,100,5178,1,0
A,B,B,4937,100,4937,1,0
B,C,B,4970,100,4970,1,0
B,D,B,6985,100,6985,1,0
B,E,B,5144,100,5144,1,0
B,F,B,1409,100,1409,1,0
B,G,B,5201,100,5201,1,0
B,H,B,7109,100,7109,1,0
A,C,C,6976,100,6976,1,0
B,C,C,5004,100,5004,1,0
C,D,C,4934,100,4934,1,0
C,E,C,7188,100,7188,1,0
C,F,C,5176,100,5176,1,0
C,G,C,1408,100,1408,1,0
C,H,C,5136,100,5136,1,0
A,D,D,4925,100,4925,1,0
B,D,D,6992,100,6992,1,0
C,D,D,4996,100,4996,1,0
D,E,D,5120,100,5120,1,0
D,F,D,7112,100,7112,1,0
D,G,D,5121,100,5121,1,0
D,H,D,1366,100,1366,1,0
A,E,E,1486,100,1486,1,0
B,E,E,5117,100,5117,1,0
C,E,E,7158,100,7158,1,0
D,E,E,5183,100,5183,1,0
E,F,E,5015,100,5015,1,0
E,G,E,7050,100,7050,1,0
E,H,E,4958,100,4958,1,0
A,F,F,5221,100,5221,1,0
B,F,F,1360,100,1360,1,0
C,F,F,5137,100,5137,1,0
D,F,F,7141,100,7141,1,0
E,F,F,4967,100,4967,1,0
F,G,F,4976,100,4976,1,0
F,H,F,7022,100,7022,1,0
A,G,G,7156,100,7156,1,0
B,G,G,5183,100,5183,1,0
C,G,G,1402,100,1402,1,0
D,G,G,5156,100,5156,1,0
E,G,G,7040,100,7040,1,0
F,G,G,4951,100,4951,1,0
G,H,G,4944,100,4944,1,0
A,H,H,5123,100,5123,1,0
B,H,H,7145,100,7145,1,0
C,H,H,5192,100,5192,1,0
D,H,H,1410,100,1410,1,0
E,H,H,4986,100,4986,1,0
F,H,H,6998,100,6998,1,0
G,H,H,4984,100,4984,1,0
A,B,A,4959,100,4959,1,0
A,C,A,7001,100,7001,1,0
A,D,A,4984,100,4984,1,0
A,E,A,1454,100,1454,1,0
A,F,A,5169,100,5169,1,0
A,G,A,7175,100,7175,1,0
A,H,A,5118,100,5118,1,0
A,B,B,4937,100,4937,1,0
B,C,B,4984,100,4984,1,0
B,D,B,6976,100,6976,1,0
B,E,B,5160,100,5160,1,0
B,F,B,1410,100,1410,1,0
B,G,B,5199,100,5199,1,0
B,H,B,7108,100,7108,1,0
A,C,C,7014,100,7014,1,0
B,C,C,4982,100,4982,1,0
C,D,C,4939,100,4939,1,0
C,E,C,7165,100,7165,1,0
C,F,C,5149,100,5149,1,0
C,G,C,1371,100,1371,1,0
C,H,C,5161,100,5161,1,0
A,D,D,4933,100,4933,1,0
B,D,D,7025,100,7025,1,0
C,D,D,4943,100,4943,1,0
D,E,D,5122,100,5122,1,0
D,F,D,7149,100,7149,1,0
D,G,D,5148,100,5148,1,0
D,H,D,1429,100,1429,1,0
A,E,E,1433,100,1433,1,0
B,E,E,5111,100,5111,1,0
C,E,E,7127,100,7127,1,0
D,E,E,5187,100,5187,1,0
E,F,E,4973,100,4973,1,0
E,G,E,7035,100,7035,1,0
E,H,E,4982,100,4982,1,0
A,F,F,5209,100,5209,1,0
B,F,F,1416,100,1416,1,0
C,F,F,5173,100,5173,1,0
D,F,F,7107,100,7107,1,0
E,F,F,4982,100,4982,1,0
F,G,F,4961,100,4961,1,0
F,H,F,7023,100,7023,1,0
A,G,G,7150,100,7150,1,0
B,G,G,5162,100,5162,1,0
C,G,G,1434,100,1434,1,0
D,G,G,5139,100,5139,1,0
E,G,G,7027,100,7027,1,0
F,G,G,4963,100,4963,1,0
G,H,G,4940,100,4940,1,0
A,H,H,5199,100,5199,1,0
B,H,H,7110,100,7110,1,0
C,H,H,5175,100,5175,1,0
D,H,H,1351,100,1351,1,0
E,H,H,4965,100,4965,1,0
F,H,H,7027,100,7027,1,0
G,H,H,4959,100,4959,1,0
A,B,A,4987,100,4987,1,0
A,C,A,6999,100,6999,1,0
A,D,A,4971,100,4971,1,0
A,E,A,1424,100,1424,1,0
A,F,A,5184,100,5184,1,0
A,G,A,7152,100,7152,1,0
A,H,A,5134,100,5134,1,0
A,B,B,4949,100,4949,1,0
B,C,B,4990,100,4990,1,0
B,D,B,7046,100,7046,1,0
B,E,B,5151,100,5151,1,0
B,F,B,1390,100,1390,1,0
B,G,B,5149,100,5149,1,0
B,H,B,7134,100,7134,1,0
A,C,C,6998,100,6998,1,0
B,C,C,4941,100,4941,1,0
C,D,C,4946,100,4946,1,0
C,E,C,7150,100,7150,1,0
C,F,C,5155,100,5155,1,0
C,G,C,1360,100,1360,1,0
C,H,C,5174,100,5174,1,0
A,D,D,4939,100,4939,1,0
B,D,D,6986,100,6986,1,0
C,D,D,4952,100,4952,1,0
D,E,D,5208,100,5208,1,0
D,F,D,7150,100,7150,1,0
D,G,D,5173,100,5173,1,0
D,H,D,1382,100,1382,1,0
A,E,E,1423,100,1423,1,0
B,E,E,5131,100,5131,1,0
C,E,E,7207,100,7207,1,0
D,E,E,5168,100,5168,1,0
E,F,E,4985,100,4985,1,0
E,G,E,7047,100,7047,1,0
E,H,E,5046,100,5046,1,0
A,F,F,5167,100,5167,1,0
B,F,F,1412,100,1412,1,0
C,F,F,5130,100,5130,1,0
D,F,F,7154,100,7154,1,0
E,F,F,4969,100,4969,1,0
F,G,F,4976,100,4976,1,0
F,H,F,7015,100,7015,1,0
A,G,G,7168,100,7168,1,0
B,G,G,5194,100,5194,1,0
C,G,G,1386,100,1386,1,0
D,G,G,5133,100,5133,1,0
E,G,G,7044,100,7044,1,0
F,G,G,4963,100,4963,1,0
G,H,G,4949,100,4949,1,0
A,H,H,5183,100,5183,1,0
B,H,H,7157,100,7157,1,0
C,H,H,5200,100,5200,1,0
D,H,H,1392,100,1392,1,0
E,H,H,4986,100,4986,1,0
F,H,H,6990,100,6990,1,0
G,H,H,4988,100,4988,1,0
A,B,A,4937,100,4937,1,0
A,C,A,6977,100,6977,1,0
A,D,A,4938,100,4938,1,0
A,E,A,1411,100,1411,1,0
A,F,A,5155,100,5155,1,0
A,G,A,7166,100,7166,1,0
A,H,A,5179,100,5179,1,0
A,B,B,4953,100,4953,1,0
B,C,B,5005,100,5005,1,0
B,D,B,7004,100,7004,1,0
B,E,B,5183,100,5183,1,0
B,F,B,1433,100,1433,1,0
B,G,B,5226,100,5226,1,0
B,H,B,7163,100,7163,1,0
A,C,C,6993,100,6993,1,0
B,C,C,4983,100,4983,1,0
C,D,C,4986,100,4986,1,0
C,E,C,7167,100,7167,1,0
C,F,C,5135,100,5135,1,0
C,G,C,1390,100,1390,1,0
C,H,C,5173,100,5173,1,0
A,D,D,4936,100,4936,1,0
B,D,D,7051,100,7051,1,0
C,D,D,4937,100,4937,1,0
D,E,D,5182,100,5182,1,0
D,F,D,7157,100,7157,1,0
D,G,D,5139,100,5139,1,0
D,H,D,1392,100,1392,1,0
A,E,E,1357,100,1357,1,0
B,E,E,5113,100,5113,1,0
C,E,E,7186,100,7186,1,0
D,E,E,5162,100,5162,1,0
E,F,E,4938,100,4938,1,0
E,G,E,7050,100,7050,1,0
E,H,E,5007,100,5007,1,0
A,F,F,5214,100,5214,1,0
B,F,F,1391,100,1391,1,0
C,F,F,5140,100,5140,1,0
D,F,F,7124,100,7124,1,0
E,F,F,4952,100,4952,1,0
F,G,F,4992,100,4992,1,0
F,H,F,7035,100,7035,1,0
A,G,G,7134,100,7134,1,0
B,G,G,5183,100,5183,1,0
C,G,G,1381,100,1381,1,0
D,G,G,5126,100,5126,1,0
E,G,G,7076,100,7076,1,0
F,G,G,4951,100,4951,1,0
G,H,G,4925,100,4925,1,0
A,H,H,5182,100,5182,1,0
B,H,H,7088,100,7088,1,0
C,H,H,5141,100,5141,1,0
D,H,H,1490,100,1490,1,0
E,H,H,5004,100,5004,1,0
F,H,H,7027,100,7027,1,0
G,H,H,4934,100,4934,1,0
A,B,A,4973,100,4973,1,0
A,C,A,7009,100,7009,1,0
A,D,A,4945,100,4945,1,0
A,E,A,1406,100,1406,1,0
A,F,A,5190,100,5190,1,0
A,G,A,7112,100,7112,1,0
A,H,A,5167,100,5167,1,0
A,B,B,4975,100,4975,1,0
B,C,B,5001,100,5001,1,0
B,D,B,7002,100,7002,1,0
B,E,B,5127,100,5127,1,0
B,F,B,1347,100,1347,1,0
B,G,B,5209,100,5209,1,0
B,H,B,7160,100,7160,1,0
A,C,C,6965,100,6965,1,0
B,C,C,5010,100,5010,1,0
C,D,C,4980,100,4980,1,0
C,E,C,7174,100,7174,1,0
C,F,C,5167,100,5167,1,0
C,G,C,1399,100,1399,1,0
C,H,C,5148,100,5148,1,0
A,D,D,4931,100,4931,1,0
B,D,D,6983,100,6983,1,0
C,D,D,4961,100,4961,1,0
D,E,D,5157,100,5157,1,0
D,F,D,7156,100,7156,1,0
D,G,D,5133,100,5133,1,0
D,H,D,1336,100,1336,1,0
A,E,E,1435,100,1435,1,0
B,E,E,5163,100,5163,1,0
C,E,E,7218,100,7218,1,0
D,E,E,5065,100,5065,1,0
E,F,E,4920,100,4920,1,0
E,G,E,7030,100,7030,1,0
E,H,E,4975,100,4975,1,0
A,F,F,5187,100,5187,1,0
B,F,F,1384,100,1384,1,0
C,F,F,5155,100,5155,1,0
D,F,F,7127,100,7127,1,0
E,F,F,4949,100,4949,1,0
F,G,F,4990,100,4990,1,0
F,H,F,6977,100,6977,1,0
A,G,G,7197,100,7197,1,0
B,G,G,5202,100,5202,1,0
C,G,G,1349,100,1349,1,0
D,G,G,5146,100,5146,1,0
E,G,G,7041,100,7041,1,0
F,G,G,4967,100,4967,1,0
G,H,G,4977,100,4977,1,0
A,H,H,5176,100,5176,1,0
B,H,H,7132,100,7132,1,0
C,H,H,5111,100,5111,1,0
D,H,H,1391,100,1391,1,0
E,H,H,4973,100,4973,1,0
F,H,H,7030,100,7030,1,0
G,H,H,4948,100,4948,1,0
A,B,A,4929,100,4929,1,0
A,C,A,7070,100,7070,1,0
A,D,A,4948,100,4948,1,0
A,E,A,1420,100,1420,1,0
A,F,A,5168,100,5168,1,0
A,G,A,7129,100,7129,1,0
A,H,A,5110,100,5110,1,0
A,B,B,4959,100,4959,1,0
B,C,B,4924,100,4924,1,0
B,D,B,7023,100,7023,1,0
B,E,B,5141,100,5141,1,0
B,F,B,1383,100,1383,1,0
B,G,B,5186,100,5186,1,0
B,H,B,7203,100,7203,1,0
A,C,C,7045,100,7045,1,0
B,C,C,4978,100,4978,1,0
C,D,C,4980,100,4980,1,0
C,E,C,7230,100,7230,1,0
C,F,C,5144,100,5144,1,0
C,G,C,1373,100,1373,1,0
C,H,C,5106,100,5106,1,0
A,D,D,4953,100,4953,1,0
B,D,D,6949,100,6949,1,0
C,D,D,4938,100,4938,1,0
D,E,D,5154,100,5154,1,0
D,F,D,7141,100,7141,1,0
D,G,D,5137,100,5137,1,0
D,H,D,1380,100,1380,1,0
A,E,E,1399,100,1399,1,0
B,E,E,5134,100,5134,1,0
C,E,E,7139,100,7139,1,0
D,E,E,5106,100,5106,1,0
E,F,E,4949,100,4949,1,0
E,G,E,7054,100,7054,1,0
E,H,E,4991,100,4991,1,0
A,F,F,5161,100,5161,1,0
B,F,F,1388,100,1388,1,0
C,F,F,5172,100,5172,1,0
D,F,F,7141,100,7141,1,0
E,F,F,4989,100,4989,1,0
F,G,F,4970,100,4970,1,0
F,H,F,6962,100,6962,1,0
A,G,G,7153,100,7153,1,0
B,G,G,5195,100,5195,1,0
C,G,G,1446,100,1446,1,0
D,G,G,5127,100,5127,1,0
E,G,G,7090,100,7090,1,0
F,G,G,4972,100,4972,1,0
G,H,G,4970,100,4970,1,0
A,H,H,5176,100,5176,1,0
B,H,H,7146,100,7146,1,0
C,H,H,5158,100,5158,1,0
D,H,H,1396,100,1396,1,0
E,H,H,4978,100,4978,1,0
F,H,H,6954,100,6954,1,0
G,H,H,4970,100,4970,1,0
A,B,A,4950,100,4950,1,0
A,C,A,7043,100,7043,1,0
A,D,A,4964,100,4964,1,0
A,E,A,1413,100,1413,1,0
A,F,A,5175,100,5175,1,0
A,G,A,7176,100,7176,1,0
A,H,A,5095,100,5095,1,0
A,B,B,4909,100,4909,1,0
B,C,B,5020,100,5020,1,0
B,D,B,6992,100,6992,1,0
B,E,B,5186,100,5186,1,0
B,F,B,1408,100,1408,1,0
B,G,B,5167,100,5167,1,0
B,H,B,7120,100,7120,1,0
A,C,C,7052,100,7052,1,0
B,C,C,4933,100,4933,1,0
C,D,C,4955,100,4955,1,0
C,E,C,7165,100,7165,1,0
C,F,C,5170,100,5170,1,0
C,G,C,1398,100,1398,1,0
C,H,C,5141,100,5141,1,0
A,D,D,4957,100,4957,1,0
B,D,D,6979,100,6979,1,0
C,D,D,4945,100,4945,1,0
D,E,D,5140,100,5140,1,0
D,F,D,7085,100,7085,1,0
D,G,D,5153,100,5153,1,0
D,H,D,1364,100,1364,1,0
A,E,E,1443,100,1443,1,0
B,E,E,5145,100,5145,1,0
C,E,E,7234,100,7234,1,0
D,E,E,5190,100,5190,1,0
E,F,E,5005,100,5005,1,0
E,G,E,7052,100,7052,1,0
E,H,E,5004,100,5004,1,0
A,F,F,5202,100,5202,1,0
B,F,F,1414,100,1414,1,0
C,F,F,5157,100,5157,1,0
D,F,F,7123,100,7123,1,0
E,F,F,4956,100,4956,1,0
F,G,F,4996,100,4996,1,0
F,H,F,7004,100,7004,1,0
A,G,G,7127,100,7127,1,0
B,G,G,5204,100,5204,1,0
C,G,G,1411,100,1411,1,0
D,G,G,5157,100,5157,1,0
E,G,G,7041,100,7041,1,0
F,G,G,4951,100,4951,1,0
G,H,G,4920,100,4920,1,0
A,H,H,5159,100,5159,1,0
B,H,H,7158,100,7158,1,0
C,H,H,5171,100,5171,1,0
D,H,H,1427,100,1427,1,0
E,H,H,4959,100,4959,1,0
F,H,H,6988,100,6988,1,0
G,H,H,4940,100,4940,1,0
A,B,A,4934,100,4934,1,0
A,C,A,7043,100,7043,1,0
A,D,A,4937,100,4937,1,0
A,E,A,1417,100,1417,1,0
A,F,A,5152,100,5152,1,0
A,G,A,7157,100,7157,1,0
A,H,A,5167,100,5167,1,0
A,B,B,4959,100,4959,1,0
B,C,B,4975,100,4975,1,0
B,D,B,6987,100,6987,1,0
B,E,B,5160,100,5160,1,0
B,F,B,1400,100,1400,1,0
B,G,B,5185,100,5185,1,0
B,H,B,7106,100,7106,1,0
A,C,C,7029,100,7029,1,0
B,C,C,5014,100,5014,1,0
C,D,C,4905,100,4905,1,0
C,E,C,7184,100,7184,1,0
C,F,C,5117,100,5117,1,0
C,G,C,1430,100,1430,1,0
C,H,C,5141,100,5141,1,0
A,D,D,4922,100,4922,1,0
B,D,D,7013,100,7013,1,0
C,D,D,4926,100,4926,1,0
D,E,D,5144,100,5144,1,0
D,F,D,7140,100,7140,1,0
D,G,D,5147,100,5147,1,0
D,H,D,1448,100,1448,1,0
A,E,E,1448,100,1448,1,0
B,E,E,5113,100,5113,1,0
C,E,E,7144,100,7144,1,0
D,E,E,5181,100,5181,1,0
E,F,E,4984,100,4984,1,0
E,G,E,7040,100,7040,1,0
E,H,E,4969,100,4969,1,0
A,F,F,5235,100,5235,1,0
B,F,F,1382,100,1382,1,0
C,F,F,5166,100,5166,1,0
D,F,F,7118,100,7118,1,0
E,F,F,4982,100,4982,1,0
F,G,F,4964,100,4964,1,0
F,H,F,7022,100,7022,1,0
A,G,G,7146,100,7146,1,0
B,G,G,5157,100,5157,1,0
C,G,G,1390,100,1390,1,0
D,G,G,5151,100,5151,1,0
E,G,G,7108,100,7108,1,0
F,G,G,4956,100,4956,1,0
G,H,G,4989,100,4989,1,0
A,H,H,5192,100,5192,1,0
B,H,H,7176,100,7176,1,0
C,H,H,5131,100,5131,1,0
D,H,H,1426,100,1426,1,0
E,H,H,5010,100,5010,1,0
F,H,H,7016,100,7016,1,0
G,H,H,4949,100,4949,1,0
A,B,A,4949,100,4949,1,0
A,C,A,7031,100,7031,1,0
A,D,A,4946,100,4946,1,0
A,E,A,1396,100,1396,1,0
A,F,A,5134,100,5134,1,0
A,G,A,7132,100,7132,1,0
A,H,A,5179,100,5179,1,0
A,B,B,5013,100,5013,1,0
B,C,B,5022,100,5022,1,0
B,D,B,7009,100,7009,1,0
B,E,B,5185,100,5185,1,0
B,F,B,1380,100,1380,1,0
B,G,B,5182,100,5182,1,0
B,H,B,7148,100,7148,1,0
A,C,C,6982,100,6982,1,0
B,C,C,4979,100,4979,1,0
C,D,C,4960,100,4960,1,0
C,E,C,7155,100,7155,1,0
C,F,C,5155,100,5155,1,0
C,G,C,1433,100,1433,1,0
C,H,C,5140,100,5140,1,0
A,D,D,4922,100,4922,1,0
B,D,D,6971,100,6971,1,0
C,D,D,4931,100,4931,1,0
D,E,D,5156,100,5156,1,0
D,F,D,7108,100,7108,1,0
D,G,D,5129,100,5129,1,0
D,H,D,1462,100,1462,1,0
A,E,E,1409,100,1409,1,0
B,E,E,5138,100,5138,1,0
C,E,E,7173,100,7173,1,0
D,E,E,5157,100,5157,1,0
E,F,E,4982,100,4982,1,0
E,G,E,7056,100,7056,1,0
E,H,E,4977,100,4977,1,0
A,F,F,5160,100,5160,1,0
B,F,F,1382,100,1382,1,0
C,F,F,5168,100,5168,1,0
D,F,F,7137,100,7137,1,0
E,F,F,4966,100,4966,1,0
F,G,F,4951,100,4951,1,0
F,H,F,6974,100,6974,1,0
A,G,G,7122,100,7122,1,0
B,G,G,5189,100,5189,1,0
C,G,G,1408,100,1408,1,0
D,G,G,5148,100,5148,1,0
E,G,G,7049,100,7049,1,0
F,G,G,4967,100,4967,1,0
G,H,G,4989,100,4989,1,0
A,H,H,5148,100,5148,1,0
B,H,H,7147,100,7147,1,0
C,H,H,5174,100,5174,1,0
D,H,H,1432,100,1432,1,0
E,H,H,4988,100,4988,1,0
F,H,H,6972,100,6972,1,0
G,H,H,4965,100,4965,1,0
A,B,A,4981,100,4981,1,0
A,C,A,7000,100,7000,1,0
A,D,A,4948,100,4948,1,0
A,E,A,1367,100,1367,1,0
A,F,A,5164,100,5164,1,0
A,G,A,7170,100,7170,1,0
A,H,A,5218,100,5218,1,0
A,B,B,4990,100,4990,1,0
B,C,B,5021,100,5021,1,0
B,D,B,6999,100,6999,1,0
B,E,B,5158,100,5158,1,0
B,F,B,1357,100,1357,1,0
B,G,B,5164,100,5164,1,0
B,H,B,7115,100,7115,1,0
A,C,C,7002,100,7002,1,0
B,C,C,5023,100,5023,1,0
C,D,C,4943,100,4943,1,0
C,E,C,7170,100,7170,1,0
C,F,C,5153,100,5153,1,0
C,G,C,1391,100,1391,1,0
C,H,C,5145,100,5145,1,0
A,D,D,4950,100,4950,1,0
B,D,D,6980,100,6980,1,0
C,D,D,4955,100,4955,1,0
D,E,D,5122,100,5122,1,0
D,F,D,7103,100,7103,1,0
D,G,D,5129,100,5129,1,0
D,H,D,1426,100,1426,1,0
A,E,E,1467,100,1467,1,0
B,E,E,5126,100,5126,1,0
C,E,E,7170,100,7170,1,0
D,E,E,5071,100,5071,1,0
E,F,E,4943,100,4943,1,0
E,G,E,7078,100,7078,1,0
E,H,E,4987,100,4987,1,0
A,F,F,5170,100,5170,1,0
B,F,F,1358,100,1358,1,0
C,F,F,5169,100,5169,1,0
D,F,F,7119,100,7119,1,0
E,F,F,4974,100,4974,1,0
F,G,F,4966,100,4966,1,0
F,H,F,6988,100,6988,1,0
A,G,G,7200,100,7200,1,0
B,G,G,5208,100,5208,1,0
C,G,G,1402,100,1402,1,0
D,G,G,5167,100,5167,1,0
E,G,G,7072,100,7072,1,0
F,G,G,4973,100,4973,1,0
G,H,G,4951,100,4951,1,0
A,H,H,5146,100,5146,1,0
B,H,H,7139,100,7139,1,0
C,H,H,5122,100,5122,1,0
D,H,H,1445,100,1445,1,0
E,H,H,4985,100,4985,1,0
F,H,H,7033,100,7033,1,0
G,H,H,4960,100,4960,1,0
A,B,A,4921,100,4921,1,0
A,C,A,7058,100,7058,1,0
A,D,A,4941,100,4941,1,0
A,E,A,1437,100,1437,1,0
A,F,A,5188,100,5188,1,0
A,G,A,7219,100,7219,1,0
A,H,A,5186,100,5186,1,0
A,B,B,4985,100,4985,1,0
B,C,B,4991,100,4991,1,0
B,D,B,7035,100,7035,1,0
B,E,B,5165,100,5165,1,0
B,F,B,1424,100,1424,1,0
B,G,B,5198,100,5198,1,0
B,H,B,7154,100,7154,1,0
A,C,C,7035,100,7035,1,0
B,C,C,4996,100,4996,1,0
C,D,C,4944,100,4944,1,0
C,E,C,7179,100,7179,1,0
C,F,C,5158,100,5158,1,0
C,G,C,1427,100,1427,1,0
C,H,C,5137,100,5137,1,0
A,D,D,4938,100,4938,1,0
B,D,D,6957,100,6957,1,0
C,D,D,4941,100,4941,1,0
D,E,D,5121,100,5121,1,0
D,F,D,7179,100,7179,1,0
D,G,D,5134,100,5134,1,0
D,H,D,1449,100,1449,1,0
A,E,E,1337,100,1337,1,0
B,E,E,5148,100,5148,1,0
C,E,E,7219,100,7219,1,0
D,E,E,5169,100,5169,1,0
E,F,E,4955,100,4955,1,0
E,G,E,7053,100,7053,1,0
E,H,E,4985,100,4985,1,0
A,F,F,5144,100,5144,1,0
B,F,F,1379,100,1379,1,0
C,F,F,5177,100,5177,1,0
D,F,F,7145,100,7145,1,0
E,F,F,4972,100,4972,1,0
F,G,F,4993,100,4993,1,0
F,H,F,7041,100,7041,1,0
A,G,G,7181,100,7181,1,0
B,G,G,5182,100,5182,1,0
C,G,G,1422,100,1422,1,0
D,G,G,5145,100,5145,1,0
E,G,G,7064,100,7064,1,0
F,G,G,4994,100,4994,1,0
G,H,G,4916,100,4916,1,0
A,H,H,5122,100,5122,1,0
B,H,H,7171,100,7171,1,0
C,H,H,5130,100,5130,1,0
D,H,H,1440,100,1440,1,0
E,H,H,4987,100,4987,1,0
F,H,H,6990,100,6990,1,0
G,H,H,4926,100,4926,1,0
A,B,A,4954,100,4954,1,0
A,C,A,7061,100,7061,1,0
A,D,A,4950,100,4950,1,0
A,E,A,1391,100,1391,1,0
A,F,A,5177,100,5177,1,0
A,G,A,7215,100,7215,1,0
A,H,A,5158,100,5158,1,0
A,B,B,4942,100,4942,1,0
B,C,B,4978,100,4978,1,0
B,D,B,7058,100,7058,1,0
B,E,B,5140,100,5140,1,0
B,F,B,1396,100,1396,1,0
B,G,B,5193,100,5193,1,0
B,H,B,7196,100,7196,1,0
A,C,C,7004,100,7004,1,0
B,C,C,4981,100,4981,1,0
C,D,C,4937,100,4937,1,0
C,E,C,7148,100,7148,1,0
C,F,C,5162,100,5162,1,0
C,G,C,1411,100,1411,1,0
C,H,C,5192,100,5192,1,0
A,D,D,4934,100,4934,1,0
B,D,D,6996,100,6996,1,0
C,D,D,4916,100,4916,1,0
D,E,D,5206,100,5206,1,0
D,F,D,7135,100,7135,1,0
D,G,D,5120,100,5120,1,0
D,H,D,1384,100,1384,1,0
A,E,E,1382,100,1382,1,0
B,E,E,5183,100,5183,1,0
C,E,E,7213,100,7213,1,0
D,E,E,5160,100,5160,1,0
E,F,E,4988,100,4988,1,0
E,G,E,7051,100,7051,1,0
E,H,E,5036,100,5036,1,0
A,F,F,5206,100,5206,1,0
B,F,F,1442,100,1442,1,0
C,F,F,5176,100,5176,1,0
D,F,F,7141,100,7141,1,0
E,F,F,4959,100,4959,1,0
F,G,F,4979,100,4979,1,0
F,H,F,7028,100,7028,1,0
A,G,G,7199,100,7199,1,0
B,G,G,5163,100,5163,1,0
C,G,G,1388,100,1388,1,0
D,G,G,5149,100,5149,1,0
E,G,G,7029,100,7029,1,0
F,G,G,4979,100,4979,1,0
G,H,G,4947,100,4947,1,0
A,H,H,5139,100,5139,1,0
B,H,H,7117,100,7117,1,0
C,H,H,5162,100,5162,1,0
D,H,H,1388,100,1388,1,0
E,H,H,4960,100,4960,1,0
F,H,H,6989,100,6989,1,0
G,H,H,4954,100,4954,1,0
A,B,A,4938,100,4938,1,0
A,C,A,7066,100,7066,1,0
A,D,A,4929,100,4929,1,0
A,E,A,1369,100,1369,1,0
A,F,A,5165,100,5165,1,0
A,G,A,7150,100,7150,1,0
A,H,A,5132,100,5132,1,0
A,B,B,4948,100,4948,1,0
B,C,B,4970,100,4970,1,0
B,D,B,7038,100,7038,1,0
B,E,B,5145,100,5145,1,0
B,F,B,1387,100,1387,1,0
B,G,B,5194,100,5194,1,0
B,H,B,7115,100,7115,1,0
A,C,C,7040,100,7040,1,0
B,C,C,4978,100,4978,1,0
C,D,C,4951,100,4951,1,0
C,E,C,7173,100,7173,1,0
C,F,C,5157,100,5157,1,0
C,G,C,1394,100,1394,1,0
C,H,C,5184,100,5184,1,0
A,D,D,4927,100,4927,1,0
B,D,D,6991,100,6991,1,0
C,D,D,4954,100,4954,1,0
D,E,D,5248,100,5248,1,0
D,F,D,7134,100,7134,1,0
D,G,D,5096,100,5096,1,0
D,H,D,1408,100,1408,1,0
A,E,E,1378,100,1378,1,0
B,E,E,5126,100,5126,1,0
C,E,E,7176,100,7176,1,0
D,E,E,5217,100,5217,1,0
E,F,E,4990,100,4990,1,0
E,G,E,7052,100,7052,1,0
E,H,E,4993,100,4993,1,0
A,F,F,5185,100,5185,1,0
B,F,F,1393,100,1393,1,0
C,F,F,5137,100,5137,1,0
D,F,F,7122,100,7122,1,0
E,F,F,4990,100,4990,1,0
F,G,F,4972,100,4972,1,0
F,H,F,6953,100,6953,1,0
A,G,G,7139,100,7139,1,0
B,G,G,5198,100,5198,1,0
C,G,G,1348,100,1348,1,0
D,G,G,5140,100,5140,1,0
E,G,G,7041,100,7041,1,0
F,G,G,4986,100,4986,1,0
G,H,G,4968,100,4968,1,0
A,H,H,5164,100,5164,1,0
B,H,H,7137,100,7137,1,0
C,H,H,5176,100,5176,1,0
D,H,H,1354,100,1354,1,0
E,H,H,4965,100,4965,1,0
F,H,H,7003,100,7003,1,0
G,H,H,4890,100,4890,1,0
A,B,A,4955,100,4955,1,0
A,C,A,7035,100,7035,1,0
A,D,A,4968,100,4968,1,0
A,E,A,1397,100,1397,1,0
A,F,A,5167,100,5167,1,0
A,G,A,7156,100,7156,1,0
A,H,A,5112,100,5112,1,0
A,B,B,4965,100,4965,1,0
B,C,B,5012,100,5012,1,0
B,D,B,6992,100,6992,1,0
B,E,B,5136,100,5136,1,0
B,F,B,1425,100,1425,1,0
B,G,B,5187,100,5187,1,0
B,H,B,7147,100,7147,1,0
A,C,C,7039,100,7039,1,0
B,C,C,4971,100,4971,1,0
C,D,C,4980,100,4980,1,0
C,E,C,7212,100,7212,1,0
C,F,C,5168,100,5168,1,0
C,G,C,1390,100,1390,1,0
C,H,C,5181,100,5181,1,0
A,D,D,4930,100,4930,1,0
B,D,D,7013,100,7013,1,0
C,D,D,4924,100,4924,1,0
D,E,D,5248,100,5248,1,0
D,F,D,7164,100,7164,1,0
D,G,D,5171,100,5171,1,0
D,H,D,1379,100,1379,1,0
A,E,E,1380,100,1380,1,0
B,E,E,5126,100,5126,1,0
C,E,E,7224,100,7224,1,0
D,E,E,5202,100,5202,1,0
E,F,E,5003,100,5003,1,0
E,G,E,7050,100,7050,1,0
E,H,E,5008,100,5008,1,0
A,F,F,5152,100,5152,1,0
B,F,F,1421,100,1421,1,0
C,F,F,5151,100,5151,1,0
D,F,F,7159,100,7159,1,0
E,F,F,4944,100,4944,1,0
F,G,F,4962,100,4962,1,0
F,H,F,7010,100,7010,1,0
A,G,G,7174,100,7174,1,0
B,G,G,5167,100,5167,1,0
C,G,G,1379,100,1379,1,0
D,G,G,5115,100,5115,1,0
E,G,G,7051,100,7051,1,0
F,G,G,4956,100,4956,1,0
G,H,G,4948,100,4948,1,0
A,H,H,5099,100,5099,1,0
B,H,H,7141,100,7141,1,0
C,H,H,5098,100,5098,1,0
D,H,H,1382,100,1382,1,0
E,H,H,4962,100,4962,1,0
F,H,H,6996,100,6996,1,0
G,H,H,4944,100,4944,1,0
A,B,A,4978,100,4978,1,0
A,C,A,7082,100,7082,1,0
A,D,A,4934,100,4934,1,0
A,E,A,1433,100,1433,1,0
A,F,A,5136,100,5136,1,0
A,G,A,7208,100,7208,1,0
A,H,A,5107,100,5107,1,0
A,B,B,4947,100,4947,1,0
B,C,B,4995,100,4995,1,0
B,D,B,7035,100,7035,1,0
B,E,B,5172,100,5172,1,0
B,F,B,1394,100,1394,1,0
B,G,B,5165,100,5165,1,0
B,H,B,7106,100,7106,1,0
A,C,C,7007,100,7007,1,0
B,C,C,4986,100,4986,1,0
C,D,C,4955,100,4955,1,0
C,E,C,7190,100,7190,1,0
C,F,C,5135,100,5135,1,0
C,G,C,1431,100,1431,1,0
C,H,C,5166,100,5166,1,0
A,D,D,4946,100,4946,1,0
B,D,D,6997,100,6997,1,0
C,D,D,4949,100,4949,1,0
D,E,D,5122,100,5122,1,0
D,F,D,7138,100,7138,1,0
D,G,D,5156,100,5156,1,0
D,H,D,1468,100,1468,1,0
A,E,E,1396,100,1396,1,0
B,E,E,5125,100,5125,1,0
C,E,E,7178,100,7178,1,0
D,E,E,5150,100,5150,1,0
E,F,E,4985,100,4985,1,0
E,G,E,7034,100,7034,1,0
E,H,E,5010,100,5010,1,0
A,F,F,5154,100,5154,1,0
B,F,F,1360,100,1360,1,0
C,F,F,5121,100,5121,1,0
D,F,F,7139,100,7139,1,0
E,F,F,4965,100,4965,1,0
F,G,F,4969,100,4969,1,0
F,H,F,6993,100,6993,1,0
A,G,G,7135,100,7135,1,0
B,G,G,5185,100,5185,1,0
C,G,G,1423,100,1423,1,0
D,G,G,5168,100,5168,1,0
E,G,G,7045,100,7045,1,0
F,G,G,4996,100,4996,1,0
G,H,G,4974,100,4974,1,0
A,H,H,5161,100,5161,1,0
B,H,H,7170,100,7170,1,0
C,H,H,5150,100,5150,1,0
D,H,H,1412,100,1412,1,0
E,H,H,4956,100,4956,1,0
F,H,H,6996,100,6996,1,0
G,H,H,4949,100,4949,1,0
A,B,A,4937,100,4937,1,0
A,C,A,7035,100,7035,1,0
A,D,A,4945,100,4945,1,0
A,E,A,1433,100,1433,1,0
A,F,A,5188,100,5188,1,0
A,G,A,7180,100,7180,1,0
A,H,A,5155,100,5155,1,0
A,B,B,4952,100,4952,1,0
B,C,B,4997,100,4997,1,0
B,D,B,7022,100,7022,1,0
B,E,B,5108,100,5108,1,0
B,F,B,1397,100,1397,1,0
B,G,B,5165,100,5165,1,0
B,H,B,7168,100,7168,1,0
A,C,C,7019,100,7019,1,0
B,C,C,4980,100,4980,1,0
C,D,C,4961,100,4961,1,0
C,E,C,7171,100,7171,1,0
C,F,C,5172,100,5172,1,0
C,G,C,1362,100,1362,1,0
C,H,C,5136,100,5136,1,0
A,D,D,4941,100,4941,1,0
B,D,D,6980,100,6980,1,0
C,D,D,4948,100,4948,1,0
D,E,D,5183,100,5183,1,0
D,F,D,7159,100,7159,1,0
D,G,D,5131,100,5131,1,0
D,H,D,1388,100,1388,1,0
A,E,E,1421,100,1421,1,0
B,E,E,5120,100,5120,1,0
C,E,E,7160,100,7160,1,0
D,E,E,5206,100,5206,1,0
E,F,E,5013,100,5013,1,0
E,G,E,7036,100,7036,1,0
E,H,E,5004,100,5004,1,0
A,F,F,5186,100,5186,1,0
B,F,F,1367,100,1367,1,0
C,F,F,5157,100,5157,1,0
D,F,F,7116,100,7116,1,0
E,F,F,4969,100,4969,1,0
F,G,F,4982,100,4982,1,0
F,H,F,6978,100,6978,1,0
A,G,G,7190,100,7190,1,0
B,G,G,5179,100,5179,1,0
C,G,G,1418,100,1418,1,0
D,G,G,5147,100,5147,1,0
E,G,G,7005,100,7005,1,0
F,G,G,4958,100,4958,1,0
G,H,G,4965,100,4965,1,0
A,H,H,5134,100,5134,1,0
B,H,H,7113,100,7113,1,0
C,H,H,5149,100,5149,1,0
D,H,H,1380,100,1380,1,0
E,H,H,5000,100,5000,1,0
F,H,H,7004,100,7004,1,0
G,H,H,4934,100,4934,1,0
A,B,A,4995,100,4995,1,0
A,C,A,7006,100,7006,1,0
A,D,A,4979,100,4979,1,0
A,E,A,1413,100,1413,1,0
A,F,A,5191,100,5191,1,0
A,G,A,7175,100,7175,1,0
A,H,A,5143,100,5143,1,0
A,B,B,4961,100,4961,1,0
B,C,B,5024,100,5024,1,0
B,D,B,7021,100,7021,1,0
B,E,B,5147,100,5147,1,0
B,F,B,1436,100,1436,1,0
B,G,B,5164,100,5164,1,0
B,H,B,7185,100,7185,1,0
A,C,C,7022,100,7022,1,0
B,C,C,4966,100,4966,1,0
C,D,C,4949,100,4949,1,0
C,E,C,7159,100,7159,1,0
C,F,C,5147,100,5147,1,0
C,G,C,1449,100,1449,1,0
C,H,C,5144,100,5144,1,0
A,D,D,4937,100,4937,1,0
B,D,D,7022,100,7022,1,0
C,D,D,4938,100,4938,1,0
D,E,D,5190,100,5190,1,0
D,F,D,7178,100,7178,1,0
D,G,D,5149,100,5149,1,0
D,H,D,1411,100,1411,1,0
A,E,E,1453,100,1453,1,0
B,E,E,5159,100,5159,1,0
C,E,E,7199,100,7199,1,0
D,E,E,5164,100,5164,1,0
E,F,E,4978,100,4978,1,0
E,G,E,7038,100,7038,1,0
E,H,E,5014,100,5014,1,0
A,F,F,5187,100,5187,1,0
B,F,F,1391,100,1391,1,0
C,F,F,5157,100,5157,1,0
D,F,F,7112,100,7112,1,0
E,F,F,4987,100,4987,1,0
F,G,F,4982,100,4982,1,0
F,H,F,7043,100,7043,1,0
A,G,G,7117,100,7117,1,0
B,G,G,5184,100,5184,1,0
C,G,G,1378,100,1378,1,0
D,G,G,5151,100,5151,1,0
E,G,G,7020,100,7020,1,0
F,G,G,4990,100,4990,1,0
G,H,G,4945,100,4945,1,0
A,H,H,5143,100,5143,1,0
B,H,H,7195,100,7195,1,0
C,H,H,5158,100,5158,1,0
D,H,H,1435,100,1435,1,0
E,H,H,4999,100,4999,1,0
F,H,H,7005,100,7005,1,0
G,H,H,4924,100,4924,1,0
A,B,A,4944,100,4944,1,0
A,C,A,6992,100,6992,1,0
A,D,A,4951,100,4951,1,0
A,E,A,1413,100,1413,1,0
A,F,A,5192,100,5192,1,0
A,G,A,7190,100,7190,1,0
A,H,A,5178,100,5178,1,0
A,B,B,4967,100,4967,1,0
B,C,B,4949,100,4949,1,0
B,D,B,7029,100,7029,1,0
B,E,B,5179,100,5179,1,0
B,F,B,1367,100,1367,1,0
B,G,B,5229,100,5229,1,0
B,H,B,7125,100,7125,1,0
A,C,C,6934,100,6934,1,0
B,C,C,4982,100,4982,1,0
C,D,C,4933,100,4933,1,0
C,E,C,7197,100,7197,1,0
C,F,C,5152,100,5152,1,0
C,G,C,1438,100,1438,1,0
C,H,C,5159,100,5159,1,0
A,D,D,4930,100,4930,1,0
B,D,D,7028,100,7028,1,0
C,D,D,4950,100,4950,1,0
D,E,D,5171,100,5171,1,0
D,F,D,7112,100,7112,1,0
D,G,D,5131,100,5131,1,0
D,H,D,1405,100,1405,1,0
A,E,E,1385,100,1385,1,0
B,E,E,5176,100,5176,1,0
C,E,E,7170,100,7170,1,0
D,E,E,5193,100,5193,1,0
E,F,E,4972,100,4972,1,0
E,G,E,7057,100,7057,1,0
E,H,E,4988,100,4988,1,0
A,F,F,5206,100,5206,1,0
B,F,F,1374,100,1374,1,0
C,F,F,5179,100,5179,1,0
D,F,F,7145,100,7145,1,0
E,F,F,5000,100,5000,1,0
F,G,F,4982,100,4982,1,0
F,H,F,7016,100,7016,1,0
A,G,G,7197,100,7197,1,0
B,G,G,5208,100,5208,1,0
C,G,G,1387,100,1387,1,0
D,G,G,5149,100,5149,1,0
E,G,G,7060,100,7060,1,0
F,G,G,4988,100,4988,1,0
G,H,G,4959,100,4959,1,0
A,H,H,5161,100,5161,1,0
B,H,H,7166,100,7166,1,0
C,H,H,5086,100,5086,1,0
D,H,H,1449,100,1449,1,0
E,H,H,4995,100,4995,1,0
F,H,H,7049,100,7049,1,0
G,H,H,4926,100,4926,1,0
A,B,A,4958,100,4958,1,0
A,C,A,7010,100,7010,1,0
A,D,A,4955,100,4955,1,0
A,E,A,1385,100,1385,1,0
A,F,A,5154,100,5154,1,0
A,G,A,7150,100,7150,1,0
A,H,A,5117,100,5117,1,0
A,B,B,4964,100,4964,1,0
B,C,B,4962,100,4962,1,0
B,D,B,6959,100,6959,1,0
B,E,B,5145,100,5145,1,0
B,F,B,1379,100,1379,1,0
B,G,B,5175,100,5175,1,0
B,H,B,7187,100,7187,1,0
A,C,C,6993,100,6993,1,0
B,C,C,4990,100,4990,1,0
C,D,C,4956,100,4956,1,0
C,E,C,7171,100,7171,1,0
C,F,C,5138,100,5138,1,0
C,G,C,1435,100,1435,1,0
C,H,C,5153,100,5153,1,0
A,D,D,4957,100,4957,1,0
B,D,D,7006,100,7006,1,0
C,D,D,4965,100,4965,1,0
D,E,D,5210,100,5210,1,0
D,F,D,7117,100,7117,1,0
D,G,D,5127,100,5127,1,0
D,H,D,1469,100,1469,1,0
A,E,E,1379,100,1379,1,0
B,E,E,5119,100,5119,1,0
C,E,E,7155,100,7155,1,0
D,E,E,5099,100,5099,1,0
E,F,E,4964,100,4964,1,0
E,G,E,7033,100,7033,1,0
E,H,E,4972,100,4972,1,0
A,F,F,5171,100,5171,1,0
B,F,F,1396,100,1396,1,0
C,F,F,5145,100,5145,1,0
D,F,F,7148,100,7148,1,0
E,F,F,4948,100,4948,1,0
F,G,F,4976,100,4976,1,0
F,H,F,7026,100,7026,1,0
A,G,G,7130,100,7130,1,0
B,G,G,5185,100,5185,1,0
C,G,G,1395,100,1395,1,0
D,G,G,5132,100,5132,1,0
E,G,G,7041,100,7041,1,0
F,G,G,4982,100,4982,1,0
G,H,G,4941,100,4941,1,0
A,H,H,5125,100,5125,1,0
B,H,H,7096,100,7096,1,0
C,H,H,5155,100,5155,1,0
D,H,H,1421,100,1421,1,0
E,H,H,4983,100,4983,1,0
F,H,H,7035,100,7035,1,0
G,H,H,4930,100,4930,1,0
A,B,A,4968,100,4968,1,0
A,C,A,7052,100,7052,1,0
A,D,A,4945,100,4945,1,0
A,E,A,1382,100,1382,1,0
A,F,A,5186,100,5186,1,0
A,G,A,7203,100,7203,1,0
A,H,A,5169,100,5169,1,0
A,B,B,4943,100,4943,1,0
B,C,B,4949,100,4949,1,0
B,D,B,7022,100,7022,1,0
B,E,B,5132,100,5132,1,0
B,F,B,1380,100,1380,1,0
B,G,B,5175,100,5175,1,0
B,H,B,7162,100,7162,1,0
A,C,C,7008,100,7008,1,0
B,C,C,4987,100,4987,1,0
C,D,C,4933,100,4933,1,0
C,E,C,7169,100,7169,1,0
C,F,C,5149,100,5149,1,0
C,G,C,1440,100,1440,1,0
C,H,C,5139,100,5139,1,0
A,D,D,4948,100,4948,1,0
B,D,D,7035,100,7035,1,0
C,D,D,4957,100,4957,1,0
D,E,D,5219,100,5219,1,0
D,F,D,7149,100,7149,1,0
D,G,D,5141,100,5141,1,0
D,H,D,1426,100,1426,1,0
A,E,E,1401,100,1401,1,0
B,E,E,5125,100,5125,1,0
C,E,E,7175,100,7175,1,0
D,E,E,5116,100,5116,1,0
E,F,E,4990,100,4990,1,0
E,G,E,7059,100,7059,1,0
E,H,E,4971,100,4971,1,0
A,F,F,5186,100,5186,1,0
B,F,F,1386,100,1386,1,0
C,F,F,5172,100,5172,1,0
D,F,F,7126,100,7126,1,0
E,F,F,4971,100,4971,1,0
F,G,F,4965,100,4965,1,0
F,H,F,6940,100,6940,1,0
A,G,G,7139,100,7139,1,0
B,G,G,5180,100,5180,1,0
C,G,G,1361,100,1361,1,0
D,G,G,5155,100,5155,1,0
E,G,G,7055,100,7055,1,0
F,G,G,4943,100,4943,1,0
G,H,G,4905,100,4905,1,0
A,H,H,5152,100,5152,1,0
B,H,H,7123,100,7123,1,0
C,H,H,5121,100,5121,1,0
D,H,H,1394,100,1394,1,0
E,H,H,4983,100,4983,1,0
F,H,H,6980,100,6980,1,0
G,H,H,4917,100,4917,1,0
A,B,A,4991,100,4991,1,0
A,C,A,6969,100,6969,1,0
A,D,A,4954,100,4954,1,0
A,E,A,1392,100,1392,1,0
A,F,A,5214,100,5214,1,0
A,G,A,7183,100,7183,1,0
A,H,A,5137,100,5137,1,0
A,B,B,4941,100,4941,1,0
B,C,B,4998,100,4998,1,0
B,D,B,6982,100,6982,1,0
B,E,B,5148,100,5148,1,0
B,F,B,1387,100,1387,1,0
B,G,B,5173,100,5173,1,0
B,H,B,7191,100,7191,1,0
A,C,C,7013,100,7013,1,0
B,C,C,4966,100,4966,1,0
C,D,C,4947,100,4947,1,0
C,E,C,7141,100,7141,1,0
C,F,C,5160,100,5160,1,0
C,G,C,1407,100,1407,1,0
C,H,C,5117,100,5117,1,0
A,D,D,4945,100,4945,1,0
B,D,D,7017,100,7017,1,0
C,D,D,4886,100,4886,1,0
D,E,D,5205,100,5205,1,0
D,F,D,7114,100,7114,1,0
D,G,D,5157,100,5157,1,0
D,H,D,1329,100,1329,1,0
A,E,E,1407,100,1407,1,0
B,E,E,5126,100,5126,1,0
C,E,E,7196,100,7196,1,0
D,E,E,5210,100,5210,1,0
E,F,E,4997,100,4997,1,0
E,G,E,7053,100,7053,1,0
E,H,E,4957,100,4957,1,0
A,F,F,5152,100,5152,1,0
B,F,F,1378,100,1378,1,0
C,F,F,5168,100,5168,1,0
D,F,F,7137,100,7137,1,0
E,F,F,4973,100,4973,1,0
F,G,F,4946,100,4946,1,0
F,H,F,7024,100,7024,1,0
A,G,G,7094,100,7094,1,0
B,G,G,5155,100,5155,1,0
C,G,G,1346,100,1346,1,0
D,G,G,5145,100,5145,1,0
E,G,G,7055,100,7055,1,0
F,G,G,5008,100,5008,1,0
G,H,G,4964,100,4964,1,0
A,H,H,5144,100,5144,1,0
B,H,H,7145,100,7145,1,0
C,H,H,5138,100,5138,1,0
D,H,H,1419,100,1419,1,0
E,H,H,4979,100,4979,1,0
F,H,H,7026,100,7026,1,0
G,H,H,4946,100,4946,1,0
A,B,A,4942,100,4942,1,0
A,C,A,7050,100,7050,1,0
A,D,A,4933,100,4933,1,0
A,E,A,1423,100,1423,1,0
A,F,A,5178,100,5178,1,0
A,G,A,7170,100,7170,1,0
A,H,A,5147,100,5147,1,0
A,B,B,4925,100,4925,1,0
B,C,B,5007,100,5007,1,0
B,D,B,7026,100,7026,1,0
B,E,B,5212,100,5212,1,0
B,F,B,1412,100,1412,1,0
B,G,B,5190,100,5190,1,0
B,H,B,7166,100,7166,1,0
A,C,C,7006,100,7006,1,0
B,C,C,4998,100,4998,1,0
C,D,C,4980,100,4980,1,0
C,E,C,7157,100,7157,1,0
C,F,C,5123,100,5123,1,0
C,G,C,1382,100,1382,1,0
C,H,C,5184,100,5184,1,0
A,D,D,4966,100,4966,1,0
B,D,D,7017,100,7017,1,0
C,D,D,4983,100,4983,1,0
D,E,D,5222,100,5222,1,0
D,F,D,7125,100,7125,1,0
D,G,D,5160,100,5160,1,0
D,H,D,1409,100,1409,1,0
A,E,E,1438,100,1438,1,0
B,E,E,5106,100,5106,1,0
C,E,E,7186,100,7186,1,0
D,E,E,5181,100,5181,1,0
E,F,E,4947,100,4947,1,0
E,G,E,7033,100,7033,1,0
E,H,E,5004,100,5004,1,0
A,F,F,5170,100,5170,1,0
B,F,F,1372,100,1372,1,0
C,F,F,5153,100,5153,1,0
D,F,F,7127,100,7127,1,0
E,F,F,4978,100,4978,1,0
F,G,F,4957,100,4957,1,0
F,H,F,7011,100,7011,1,0
A,G,G,7138,100,7138,1,0
B,G,G,5148,100,5148,1,0
C,G,G,1386,100,1386,1,0
D,G,G,5158,100,5158,1,0
E,G,G,7049,100,7049,1,0
F,G,G,4979,100,4979,1,0
G,H,G,4967,100,4967,1,0
A,H,H,5178,100,5178,1,0
B,H,H,7155,100,7155,1,0
C,H,H,5148,100,5148,1,0
D,H,H,1365,100,1365,1,0
E,H,H,4934,100,4934,1,0
F,H,H,7006,100,7006,1,0
G,H,H,4928,100,4928,1,0
A,B,A,4963,100,4963,1,0
A,C,A,7031,100,7031,1,0
A,D,A,4931,100,4931,1,0
A,E,A,1408,100,1408,1,0
A,F,A,5141,100,5141,1,0
A,G,A,7174,100,7174,1,0
A,H,A,5179,100,5179,1,0
A,B,B,4951,100,4951,1,0
B,C,B,4993,100,4993,1,0
B,D,B,6990,100,6990,1,0
B,E,B,5159,100,5159,1,0
B,F,B,1393,100,1393,1,0
B,G,B,5180,100,5180,1,0
B,H,B,7109,100,7109,1,0
A,C,C,6994,100,6994,1,0
B,C,C,4976,100,4976,1,0
C,D,C,4935,100,4935,1,0
C,E,C,7177,100,7177,1,0
C,F,C,5127,100,5127,1,0
C,G,C,1418,100,1418,1,0
C,H,C,5108,100,5108,1,0
A,D,D,4932,100,4932,1,0
B,D,D,6982,100,6982,1,0
C,D,D,4917,100,4917,1,0
D,E,D,5188,100,5188,1,0
D,F,D,7121,100,7121,1,0
D,G,D,5119,100,5119,1,0
D,H,D,1384,100,1384,1,0
A,E,E,1428,100,1428,1,0
B,E,E,5134,100,5134,1,0
C,E,E,7155,100,7155,1,0
D,E,E,5071,100,5071,1,0
E,F,E,4974,100,4974,1,0
E,G,E,7014,100,7014,1,0
E,H,E,4967,100,4967,1,0
A,F,F,5187,100,5187,1,0
B,F,F,1392,100,1392,1,0
C,F,F,5130,100,5130,1,0
D,F,F,7150,100,7150,1,0
E,F,F,4981,100,4981,1,0
F,G,F,4957,100,4957,1,0
F,H,F,6972,100,6972,1,0
A,G,G,7124,100,7124,1,0
B,G,G,5179,100,5179,1,0
C,G,G,1407,100,1407,1,0
D,G,G,5115,100,5115,1,0
E,G,G,7064,100,7064,1,0
F,G,G,4978,100,4978,1,0
G,H,G,4963,100,4963,1,0
A,H,H,5132,100,5132,1,0
B,H,H,7142,100,7142,1,0
C,H,H,5139,100,5139,1,0
D,H,H,1379,100,1379,1,0
E,H,H,4971,100,4971,1,0
F,H,H,7019,100,7019,1,0
G,H,H,4968,100,4968,1,0
A,B,A,4984,100,4984,1,0
A,C,A,7008,100,7008,1,0
A,D,A,4927,100,4927,1,0
A,E,A,1423,100,1423,1,0
A,F,A,5190,100,5190,1,0
A,G,A,7175,100,7175,1,0
A,H,A,5143,100,5143,1,0
A,B,B,4940,100,4940,1,0
B,C,B,4970,100,4970,1,0
B,D,B,6991,100,6991,1,0
B,E,B,5107,100,5107,1,0
B,F,B,1390,100,1390,1,0
B,G,B,5175,100,5175,1,0
B,H,B,7170,100,7170,1,0
A,C,C,7049,100,7049,1,0
B,C,C,4976,100,4976,1,0
C,D,C,4971,100,4971,1,0
C,E,C,7213,100,7213,1,0
C,F,C,5123,100,5123,1,0
C,G,C,1439,100,1439,1,0
C,H,C,5165,100,5165,1,0
A,D,D,4936,100,4936,1,0
B,D,D,7007,100,7007,1,0
C,D,D,4945,100,4945,1,0
D,E,D,5227,100,5227,1,0
D,F,D,7171,100,7171,1,0
D,G,D,5164,100,5164,1,0
D,H,D,1416,100,1416,1,0
A,E,E,1393,100,1393,1,0
B,E,E,5156,100,5156,1,0
C,E,E,7132,100,7132,1,0
D,E,E,5200,100,5200,1,0
E,F,E,4957,100,4957,1,0
E,G,E,7049,100,7049,1,0
E,H,E,4941,100,4941,1,0
A,F,F,5173,100,5173,1,0
B,F,F,1388,100,1388,1,0
C,F,F,5153,100,5153,1,0
D,F,F,7118,100,7118,1,0
E,F,F,4974,100,4974,1,0
F,G,F,4979,100,4979,1,0
F,H,F,6972,100,6972,1,0
A,G,G,7160,100,7160,1,0
B,G,G,5252,100,5252,1,0
C,G,G,1407,100,1407,1,0
D,G,G,5142,100,5142,1,0
E,G,G,7010,100,7010,1,0
F,G,G,4973,100,4973,1,0
G,H,G,4954,100,4954,1,0
A,H,H,5116,100,5116,1,0
B,H,H,7153,100,7153,1,0
C,H,H,5150,100,5150,1,0
D,H,H,1394,100,1394,1,0
E,H,H,4977,100,4977,1,0
F,H,H,6999,100,6999,1,0
G,H,H,4952,100,4952,1,0
A,B,A,4988,100,4988,1,0
A,C,A,6995,100,6995,1,0
A,D,A,4935,100,4935,1,0
A,E,A,1369,100,1369,1,0
A,F,A,5175,100,5175,1,0
A,G,A,7185,100,7185,1,0
A,H,A,5122,100,5122,1,0
A,B,B,4961,100,4961,1,0
B,C,B,5000,100,5000,1,0
B,D,B,7035,100,7035,1,0
B,E,B,5185,100,5185,1,0
B,F,B,1387,100,1387,1,0
B,G,B,5193,100,5193,1,0
B,H,B,7202,100,7202,1,0
A,C,C,6995,100,6995,1,0
B,C,C,4967,100,4967,1,0
C,D,C,4943,100,4943,1,0
C,E,C,7178,100,7178,1,0
C,F,C,5133,100,5133,1,0
C,G,C,1435,100,1435,1,0
C,H,C,5162,100,5162,1,0
A,D,D,4936,100,4936,1,0
B,D,D,7022,100,7022,1,0
C,D,D,4948,100,4948,1,0
D,E,D,5185,100,5185,1,0
D,F,D,7155,100,7155,1,0
D,G,D,5130,100,5130,1,0
D,H,D,1403,100,1403,1,0
A,E,E,1407,100,1407,1,0
B,E,E,5173,100,5173,1,0
C,E,E,7144,100,7144,1,0
D,E,E,5090,100,5090,1,0
E,F,E,5013,100,5013,1,0
E,G,E,7041,100,7041,1,0
E,H,E,4987,100,4987,1,0
A,F,F,5168,100,5168,1,0
B,F,F,1392,100,1392,1,0
C,F,F,5177,100,5177,1,0
D,F,F,7118,100,7118,1,0
E,F,F,4985,100,4985,1,0
F,G,F,4990,100,4990,1,0
F,H,F,6966,100,6966,1,0
A,G,G,7161,100,7161,1,0
B,G,G,5185,100,5185,1,0
C,G,G,1442,100,1442,1,0
D,G,G,5161,100,5161,1,0
E,G,G,7031,100,7031,1,0
F,G,G,4963,100,4963,1,0
G,H,G,4945,100,4945,1,0
A,H,H,5117,100,5117,1,0
B,H,H,7152,100,7152,1,0
C,H,H,5157,100,5157,1,0
D,H,H,1436,100,1436,1,0
E,H,H,4957,100,4957,1,0
F,H,H,7017,100,7017,1,0
G,H,H,4964,100,4964,1,0
A,B,A,4989,100,4989,1,0
A,C,A,7040,100,7040,1,0
A,D,A,4952,100,4952,1,0
A,E,A,1391,100,1391,1,0
A,F,A,5181,100,5181,1,0
A,G,A,7181,100,7181,1,0
A,H,A,5173,100,5173,1,0
A,B,B,4974,100,4974,1,0
B,C,B,4980,100,4980,1,0
B,D,B,7030,100,7030,1,0
B,E,B,5144,100,5144,1,0
B,F,B,1406,100,1406,1,0
B,G,B,5211,100,5211,1,0
B,H,B,7135,100,7135,1,0
A,C,C,7012,100,7012,1,0
B,C,C,4997,100,4997,1,0
C,D,C,4988,100,4988,1,0
C,E,C,7196,100,7196,1,0
C,F,C,5157,100,5157,1,0
C,G,C,1404,100,1404,1,0
C,H,C,5171,100,5171,1,0
A,D,D,4920,100,4920,1,0
B,D,D,7002,100,7002,1,0
C,D,D,4920,100,4920,1,0
D,E,D,5217,100,5217,1,0
D,F,D,7137,100,7137,1,0
D,G,D,5166,100,5166,1,0
D,H,D,1428,100,1428,1,0
A,E,E,1401,100,1401,1,0
B,E,E,5128,100,5128,1,0
C,E,E,7140,100,7140,1,0
D,E,E,5196,100,5196,1,0
E,F,E,4945,100,4945,1,0
E,G,E,7060,100,7060,1,0
E,H,E,4988,100,4988,1,0
A,F,F,5150,100,5150,1,0
B,F,F,1410,100,1410,1,0
C,F,F,5133,100,5133,1,0
D,F,F,7132,100,7132,1,0
E,F,F,4963,100,4963,1,0
F,G,F,5004,100,5004,1,0
F,H,F,7050,100,7050,1,0
A,G,G,7174,100,7174,1,0
B,G,G,5163,100,5163,1,0
C,G,G,1354,100,1354,1,0
D,G,G,5157,100,5157,1,0
E,G,G,7028,100,7028,1,0
F,G,G,4958,100,4958,1,0
G,H,G,4975,100,4975,1,0
A,H,H,5127,100,5127,1,0
B,H,H,7107,100,7107,1,0
C,H,H,5138,100,5138,1,0
D,H,H,1390,100,1390,1,0
E,H,H,4978,100,4978,1,0
F,H,H,6974,100,6974,1,0
G,H,H,4968,100,4968,1,0
A,B,A,4954,100,4954,1,0
A,C,A,7013,100,7013,1,0
A,D,A,4936,100,4936,1,0
A,E,A,1447,100,1447,1,0
A,F,A,5190,100,5190,1,0
A,G,A,7191,100,7191,1,0
A,H,A,5150,100,5150,1,0
A,B,B,4957,100,4957,1,0
B,C,B,4985,100,4985,1,0
B,D,B,7046,100,7046,1,0
B,E,B,5159,100,5159,1,0
B,F,B,1388,100,1388,1,0
B,G,B,5193,100,5193,1,0
B,H,B,7156,100,7156,1,0
A,C,C,7006,100,7006,1,0
B,C,C,4968,100,4968,1,0
C,D,C,4953,100,4953,1,0
C,E,C,7185,100,7185,1,0
C,F,C,5140,100,5140,1,0
C,G,C,1371,100,1371,1,0
C,H,C,5173,100,5173,1,0
A,D,D,4953,100,4953,1,0
B,D,D,7031,100,7031,1,0
C,D,D,4901,100,4901,1,0
D,E,D,5197,100,5197,1,0
D,F,D,7151,100,7151,1,0
D,G,D,5118,100,5118,1,0
D,H,D,1439,100,1439,1,0
A,E,E,1386,100,1386,1,0
B,E,E,5126,100,5126,1,0
C,E,E,7162,100,7162,1,0
D,E,E,5104,100,5104,1,0
E,F,E,4966,100,4966,1,0
E,G,E,7035,100,7035,1,0
E,H,E,4910,100,4910,1,0
A,F,F,5207,100,5207,1,0
B,F,F,1363,100,1363,1,0
C,F,F,5142,100,5142,1,0
D,F,F,7146,100,7146,1,0
E,F,F,4992,100,4992,1,0
F,G,F,4976,100,4976,1,0
F,H,F,7055,100,7055,1,0
A,G,G,7144,100,7144,1,0
B,G,G,5223,100,5223,1,0
C,G,G,1359,100,1359,1,0
D,G,G,5136,100,5136,1,0
E,G,G,7075,100,7075,1,0
F,G,G,4977,100,4977,1,0
G,H,G,4982,100,4982,1,0
A,H,H,5123,100,5123,1,0
B,H,H,7171,100,7171,1,0
C,H,H,5102,100,5102,1,0
D,H,H,1358,100,1358,1,0
E,H,H,4950,100,4950,1,0
F,H,H,7004,100,7004,1,0
G,H,H,4977,100,4977,1,0
A,B,A,4944,100,4944,1,0
A,C,A,7067,100,7067,1,0
A,D,A,4953,100,4953,1,0
A,E,A,1396,100,1396,1,0
A,F,A,5173,100,5173,1,0
A,G,A,7155,100,7155,1,0
A,H,A,5150,100,5150,1,0
A,B,B,4979,100,4979,1,0
B,C,B,4980,100,4980,1,0
B,D,B,6957,100,6957,1,0
B,E,B,5167,100,5167,1,0
B,F,B,1416,100,1416,1,0
B,G,B,5198,100,5198,1,0
B,H,B,7161,100,7161,1,0
A,C,C,6965,100,6965,1,0
B,C,C,4992,100,4992,1,0
C,D,C,4996,100,4996,1,0
C,E,C,7185,100,7185,1,0
C,F,C,5165,100,5165,1,0
C,G,C,1359,100,1359,1,0
C,H,C,5129,100,5129,1,0
A,D,D,4951,100,4951,1,0
B,D,D,7020,100,7020,1,0
C,D,D,4937,100,4937,1,0
D,E,D,5174,100,5174,1,0
D,F,D,7138,100,7138,1,0
D,G,D,5133,100,5133,1,0
D,H,D,1400,100,1400,1,0
A,E,E,1429,100,1429,1,0
B,E,E,5142,100,5142,1,0
C,E,E,7219,100,7219,1,0
D,E,E,5191,100,5191,1,0
E,F,E,4981,100,4981,1,0
E,G,E,7040,100,7040,1,0
E,H,E,4961,100,4961,1,0
A,F,F,5159,100,5159,1,0
B,F,F,1433,100,1433,1,0
C,F,F,5175,100,5175,1,0
D,F,F,7150,100,7150,1,0
E,F,F,5013,100,5013,1,0
F,G,F,4976,100,4976,1,0
F,H,F,7005,100,7005,1,0
A,G,G,7177,100,7177,1,0
B,G,G,5183,100,5183,1,0
C,G,G,1427,100,1427,1,0
D,G,G,5149,100,5149,1,0
E,G,G,7054,100,7054,1,0
F,G,G,4958,100,4958,1,0
G,H,G,4972,100,4972,1,0
A,H,H,5191,100,5191,1,0
B,H,H,7170,100,7170,1,0
C,H,H,5164,100,5164,1,0
D,H,H,1472,100,1472,1,0
E,H,H,4974,100,4974,1,0
F,H,H,7011,100,7011,1,0
G,H,H,4919,100,4919,1,0
A,B,A,4967,100,4967,1,0
A,C,A,7087,100,7087,1,0
A,D,A,4925,100,4925,1,0
A,E,A,1441,100,1441,1,0
A,F,A,5174,100,5174,1,0
A,G,A,7174,100,7174,1,0
A,H,A,5112,100,5112,1,0
A,B,B,4896,100,4896,1,0
B,C,B,4965,100,4965,1,0
B,D,B,7058,100,7058,1,0
B,E,B,5164,100,5164,1,0
B,F,B,1405,100,1405,1,0
B,G,B,5213,100,5213,1,0
B,H,B,7139,100,7139,1,0
A,C,C,7071,100,7071,1,0
B,C,C,4964,100,4964,1,0
C,D,C,4977,100,4977,1,0
C,E,C,7191,100,7191,1,0
C,F,C,5143,100,5143,1,0
C,G,C,1391,100,1391,1,0
C,H,C,5150,100,5150,1,0
A,D,D,4952,100,4952,1,0
B,D,D,7029,100,7029,1,0
C,D,D,4942,100,4942,1,0
D,E,D,5139,100,5139,1,0
D,F,D,7122,100,7122,1,0
D,G,D,5145,100,5145,1,0
D,H,D,1404,100,1404,1,0
A,E,E,1422,100,1422,1,0
B,E,E,5132,100,5132,1,0
C,E,E,7199,100,7199,1,0
D,E,E,5165,100,5165,1,0
E,F,E,4980,100,4980,1,0
E,G,E,7026,100,7026,1,0
E,H,E,4986,100,4986,1,0
A,F,F,5217,100,5217,1,0
B,F,F,1421,100,1421,1,0
C,F,F,5137,100,5137,1,0
D,F,F,7148,100,7148,1,0
E,F,F,4986,100,4986,1,0
F,G,F,4986,100,4986,1,0
F,H,F,7051,100,7051,1,0
A,G,G,7157,100,7157,1,0
B,G,G,5166,100,5166,1,0
C,G,G,1390,100,1390,1,0
D,G,G,5114,100,5114,1,0
E,G,G,7042,100,7042,1,0
F,G,G,4935,100,4935,1,0
G,H,G,5005,100,5005,1,0
A,H,H,5182,100,5182,1,0
B,H,H,7164,100,7164,1,0
C,H,H,5173,100,5173,1,0
D,H,H,1394,100,1394,1,0
E,H,H,4965,100,4965,1,0
F,H,H,7013,100,7013,1,0
G,H,H,4929,100,4929,1,0
A,B,A,4990,100,4990,1,0
A,C,A,7021,100,7021,1,0
A,D,A,4947,100,4947,1,0
A,E,A,1393,100,1393,1,0
A,F,A,5139,100,5139,1,0
A,G,A,7150,100,7150,1,0
A,H,A,5112,100,5112,1,0
A,B,B,4923,100,4923,1,0
B,C,B,5018,100,5018,1,0
B,D,B,6969,100,6969,1,0
B,E,B,5147,100,5147,1,0
B,F,B,1391,100,1391,1,0
B,G,B,5192,100,5192,1,0
B,H,B,7138,100,7138,1,0
A,C,C,7049,100,7049,1,0
B,C,C,4941,100,4941,1,0
C,D,C,4979,100,4979,1,0
C,E,C,7168,100,7168,1,0
C,F,C,5169,100,5169,1,0
C,G,C,1398,100,1398,1,0
C,H,C,5145,100,5145,1,0
A,D,D,4984,100,4984,1,0
B,D,D,6997,100,6997,1,0
C,D,D,4947,100,4947,1,0
D,E,D,5148,100,5148,1,0
D,F,D,7093,100,7093,1,0
D,G,D,5118,100,5118,1,0
D,H,D,1432,100,1432,1,0
A,E,E,1401,100,1401,1,0
B,E,E,5179,100,5179,1,0
C,E,E,7097,100,7097,1,0
D,E,E,5193,100,5193,1,0
E,F,E,4960,100,4960,1,0
E,G,E,7053,100,7053,1,0
E,H,E,4988,100,4988,1,0
A,F,F,5168,100,5168,1,0
B,F,F,1393,100,1393,1,0
C,F,F,5135,100,5135,1,0
D,F,F,7133,100,7133,1,0
E,F,F,4968,100,4968,1,0
F,G,F,4961,100,4961,1,0
F,H,F,7013,100,7013,1,0
A,G,G,7179,100,7179,1,0
B,G,G,5178,100,5178,1,0
C,G,G,1380,100,1380,1,0
D,G,G,5139,100,5139,1,0
E,G,G,7079,100,7079,1,0
F,G,G,4972,100,4972,1,0
G,H,G,4952,100,4952,1,0
A,H,H,5178,100,5178,1,0
B,H,H,7132,100,7132,1,0
C,H,H,5202,100,5202,1,0
D,H,H,1440,100,1440,1,0
E,H,H,5013,100,5013,1,0
F,H,H,6962,100,6962,1,0
G,H,H,4975,100,4975,1,0
A,B,A,4955,100,4955,1,0
A,C,A,7015,100,7015,1,0
A,D,A,4966,100,4966,1,0
A,E,A,1416,100,1416,1,0
A,F,A,5175,100,5175,1,0
A,G,A,7132,100,7132,1,0
A,H,A,5150,100,5150,1,0
A,B,B,4961,100,4961,1,0
B,C,B,5000,100,5000,1,0
B,D,B,7033,100,7033,1,0
B,E,B,5148,100,5148,1,0
B,F,B,1435,100,1435,1,0
B,G,B,5204,100,5204,1,0
B,H,B,7134,100,7134,1,0
A,C,C,7045,100,7045,1,0
B,C,C,4950,100,4950,1,0
C,D,C,4971,100,4971,1,0
C,E,C,7166,100,7166,1,0
C,F,C,5133,100,5133,1,0
C,G,C,1434,100,1434,1,0
C,H,C,5139,100,5139,1,0
A,D,D,4953,100,4953,1,0
B,D,D,6996,100,6996,1,0
C,D,D,4957,100,4957,1,0
D,E,D,5138,100,5138,1,0
D,F,D,7111,100,7111,1,0
D,G,D,5129,100,5129,1,0
D,H,D,1379,100,1379,1,0
A,E,E,1378,100,1378,1,0
B,E,E,5115,100,5115,1,0
C,E,E,7186,100,7186,1,0
D,E,E,5119,100,5119,1,0
E,F,E,4951,100,4951,1,0
E,G,E,7060,100,7060,1,0
E,H,E,4974,100,4974,1,0
A,F,F,5181,100,5181,1,0
B,F,F,1388,100,1388,1,0
C,F,F,5147,100,5147,1,0
D,F,F,7106,100,7106,1,0
E,F,F,4960,100,4960,1,0
F,G,F,4982,100,4982,1,0
F,H,F,6992,100,6992,1,0
A,G,G,7187,100,7187,1,0
B,G,G,5210,100,5210,1,0
C,G,G,1382,100,1382,1,0
D,G,G,5143,100,5143,1,0
E,G,G,7032,100,7032,1,0
F,G,G,4977,100,4977,1,0
G,H,G,4913,100,4913,1,0
A,H,H,5158,100,5158,1,0
B,H,H,7188,100,7188,1,0
C,H,H,5153,100,5153,1,0
D,H,H,1416,100,1416,1,0
E,H,H,4985,100,4985,1,0
F,H,H,6996,100,6996,1,0
G,H,H,4964,100,4964,1,0
A,B,A,4953,100,4953,1,0
A,C,A,7054,100,7054,1,0
A,D,A,4946,100,4946,1,0
A,E,A,1400,100,1400,1,0
A,F,A,5205,100,5205,1,0
A,G,A,7197,100,7197,1,0
A,H,A,5179,100,5179,1,0
A,B,B,4974,100,4974,1,0
B,C,B,4955,100,4955,1,0
B,D,B,6973,100,6973,1,0
B,E,B,5187,100,5187,1,0
B,F,B,1393,100,1393,1,0
B,G,B,5160,100,5160,1,0
B,H,B,7130,100,7130,1,0
A,C,C,7060,100,7060,1,0
B,C,C,4965,100,4965,1,0
C,D,C,4958,100,4958,1,0
C,E,C,7164,100,7164,1,0
C,F,C,5178,100,5178,1,0
C,G,C,1438,100,1438,1,0
C,H,C,5151,100,5151,1,0
A,D,D,4910,100,4910,1,0
B,D,D,7014,100,7014,1,0
C,D,D,4928,100,4928,1,0
D,E,D,5137,100,5137,1,0
D,F,D,7118,100,7118,1,0
D,G,D,5128,100,5128,1,0
D,H,D,1475,100,1475,1,0
A,E,E,1384,100,1384,1,0
B,E,E,5129,100,5129,1,0
C,E,E,7217,100,7217,1,0
D,E,E,5165,100,5165,1,0
E,F,E,4957,100,4957,1,0
E,G,E,7076,100,7076,1,0
E,H,E,4980,100,4980,1,0
A,F,F,5197,100,5197,1,0
B,F,F,1394,100,1394,1,0
C,F,F,5154,100,5154,1,0
D,F,F,7158,100,7158,1,0
E,F,F,4964,100,4964,1,0
F,G,F,4992,100,4992,1,0
F,H,F,7039,100,7039,1,0
A,G,G,7154,100,7154,1,0
B,G,G,5171,100,5171,1,0
C,G,G,1406,100,1406,1,0
D,G,G,5125,100,5125,1,0
E,G,G,7002,100,7002,1,0
F,G,G,4990,100,4990,1,0
G,H,G,4977,100,4977,1,0
A,H,H,5133,100,5133,1,0
B,H,H,7141,100,7141,1,0
C,H,H,5181,100,5181,1,0
D,H,H,1389,100,1389,1,0
E,H,H,4954,100,4954,1,0
F,H,H,7020,100,7020,1,0
G,H,H,4964,100,4964,1,0
A,B,A,4994,100,4994,1,0
A,C,A,7024,100,7024,1,0
A,D,A,4947,100,4947,1,0
A,E,A,1428,100,1428,1,0
A,F,A,5187,100,5187,1,0
A,G,A,7138,100,7138,1,0
A,H,A,5164,100,5164,1,0
A,B,B,4943,100,4943,1,0
B,C,B,5004,100,5004,1,0
B,D,B,6972,100,6972,1,0
B,E,B,5119,100,5119,1,0
B,F,B,1377,100,1377,1,0
B,G,B,5192,100,5192,1,0
B,H,B,7160,100,7160,1,0
A,C,C,7011,100,7011,1,0
B,C,C,5001,100,5001,1,0
C,D,C,4955,100,4955,1,0
C,E,C,7152,100,7152,1,0
C,F,C,5166,100,5166,1,0
C,G,C,1404,100,1404,1,0
C,H,C,5167,100,5167,1,0
A,D,D,4965,100,4965,1,0
B,D,D,6995,100,6995,1,0
C,D,D,4916,100,4916,1,0
D,E,D,5145,100,5145,1,0
D,F,D,7143,100,7143,1,0
D,G,D,5133,100,5133,1,0
D,H,D,1376,100,1376,1,0
A,E,E,1331,100,1331,1,0
B,E,E,5159,100,5159,1,0
C,E,E,7184,100,7184,1,0
D,E,E,5117,100,5117,1,0
E,F,E,4957,100,4957,1,0
E,G,E,7038,100,7038,1,0
E,H,E,4959,100,4959,1,0
A,F,F,5145,100,5145,1,0
B,F,F,1374,100,1374,1,0
C,F,F,5156,100,5156,1,0
D,F,F,7141,100,7141,1,0
E,F,F,4948,100,4948,1,0
F,G,F,4963,100,4963,1,0
F,H,F,7002,100,7002,1,0
A,G,G,7179,100,7179,1,0
B,G,G,5179,100,5179,1,0
C,G,G,1390,100,1390,1,0
D,G,G,5162,100,5162,1,0
E,G,G,7037,100,7037,1,0
F,G,G,4957,100,4957,1,0
G,H,G,4923,100,4923,1,0
A,H,H,5140,100,5140,1,0
B,H,H,7117,100,7117,1,0
C,H,H,5152,100,5152,1,0
D,H,H,1447,100,1447,1,0
E,H,H,5005,100,5005,1,0
F,H,H,7040,100,7040,1,0
G,H,H,4959,100,4959,1,0
A,B,A,4954,100,4954,1,0
A,C,A,7042,100,7042,1,0
A,D,A,4932,100,4932,1,0
A,E,A,1401,100,1401,1,0
A,F,A,5185,100,5185,1,0
A,G,A,7176,100,7176,1,0
A,H,A,5195,100,5195,1,0
A,B,B,4980,100,4980,1,0
B,C,B,4967,100,4967,1,0
B,D,B,7010,100,7010,1,0
B,E,B,5142,100,5142,1,0
B,F,B,1363,100,1363,1,0
B,G,B,5182,100,5182,1,0
B,H,B,7170,100,7170,1,0
A,C,C,7001,100,7001,1,0
B,C,C,4992,100,4992,1,0
C,D,C,4927,100,4927,1,0
C,E,C,7201,100,7201,1,0
C,F,C,5144,100,5144,1,0
C,G,C,1397,100,1397,1,0
C,H,C,5136,100,5136,1,0
A,D,D,4957,100,4957,1,0
B,D,D,7032,100,7032,1,0
C,D,D,4940,100,4940,1,0
D,E,D,5215,100,5215,1,0
D,F,D,7144,100,7144,1,0
D,G,D,5145,100,5145,1,0
D,H,D,1438,100,1438,1,0
A,E,E,1452,100,1452,1,0
B,E,E,5150,100,5150,1,0
C,E,E,7187,100,7187,1,0
D,E,E,5177,100,5177,1,0
E,F,E,4947,100,4947,1,0
E,G,E,7037,100,7037,1,0
E,H,E,4959,100,4959,1,0
A,F,F,5196,100,5196,1,0
B,F,F,1432,100,1432,1,0
C,F,F,5189,100,5189,1,0
D,F,F,7106,100,7106,1,0
E,F,F,4969,100,4969,1,0
F,G,F,4978,100,4978,1,0
F,H,F,6978,100,6978,1,0
A,G,G,7192,100,7192,1,0
B,G,G,5154,100,5154,1,0
C,G,G,1407,100,1407,1,0
D,G,G,5137,100,5137,1,0
E,G,G,7029,100,7029,1,0
F,G,G,4952,100,4952,1,0
G,H,G,4951,100,4951,1,0
A,H,H,5146,100,5146,1,0
B,H,H,7146,100,7146,1,0
C,H,H,5154,100,5154,1,0
D,H,H,1418,100,1418,1,0
E,H,H,4957,100,4957,1,0
F,H,H,6983,100,6983,1,0
G,H,H,4931,100,4931,1,0
A,B,A,4936,100,4936,1,0
A,C,A,7028,100,7028,1,0
A,D,A,4958,100,4958,1,0
A,E,A,1415,100,1415,1,0
A,F,A,5156,100,5156,1,0
A,G,A,7190,100,7190,1,0
A,H,A,5176,100,5176,1,0
A,B,B,4964,100,4964,1,0
B,C,B,4955,100,4955,1,0
B,D,B,6969,100,6969,1,0
B,E,B,5122,100,5122,1,0
B,F,B,1389,100,1389,1,0
B,G,B,5206,100,5206,1,0
B,H,B,7186,100,7186,1,0
A,C,C,7038,100,7038,1,0
B,C,C,4978,100,4978,1,0
C,D,C,4932,100,4932,1,0
C,E,C,7211,100,7211,1,0
C,F,C,5159,100,5159,1,0
C,G,C,1380,100,1380,1,0
C,H,C,5164,100,5164,1,0
A,D,D,4955,100,4955,1,0
B,D,D,6986,100,6986,1,0
C,D,D,4928,100,4928,1,0
D,E,D,5109,100,5109,1,0
D,F,D,7113,100,7113,1,0
D,G,D,5121,100,5121,1,0
D,H,D,1436,100,1436,1,0
A,E,E,1440,100,1440,1,0
B,E,E,5118,100,5118,1,0
C,E,E,7178,100,7178,1,0
D,E,E,5185,100,5185,1,0
E,F,E,4993,100,4993,1,0
E,G,E,7054,100,7054,1,0
E,H,E,4966,100,4966,1,0
A,F,F,5173,100,5173,1,0
B,F,F,1425,100,1425,1,0
C,F,F,5130,100,5130,1,0
D,F,F,7101,100,7101,1,0
E,F,F,4972,100,4972,1,0
F,G,F,4995,100,4995,1,0
F,H,F,6996,100,6996,1,0
A,G,G,7195,100,7195,1,0
B,G,G,5191,100,5191,1,0
C,G,G,1423,100,1423,1,0
D,G,G,5122,100,5122,1,0
E,G,G,7055,100,7055,1,0
F,G,G,4998,100,4998,1,0
G,H,G,4933,100,4933,1,0
A,H,H,5122,100,5122,1,0
B,H,H,7163,100,7163,1,0
C,H,H,5143,100,5143,1,0
D,H,H,1386,100,1386,1,0
E,H,H,4977,100,4977,1,0
F,H,H,6954,100,6954,1,0
G,H,H,4975,100,4975,1,0
A,B,A,4924,100,4924,1,0
A,C,A,7017,100,7017,1,0
A,D,A,4948,100,4948,1,0
A,E,A,1434,100,1434,1,0
A,F,A,5128,100,5128,1,0
A,G,A,7134,100,7134,1,0
A,H,A,5133,100,5133,1,0
A,B,B,4975,100,4975,1,0
B,C,B,4984,100,4984,1,0
B,D,B,7020,100,7020,1,0
B,E,B,5121,100,5121,1,0
B,F,B,1387,100,1387,1,0
B,G,B,5205,100,5205,1,0
B,H,B,7135,100,7135,1,0
A,C,C,7014,100,7014,1,0
B,C,C,4975,100,4975,1,0
C,D,C,4999,100,4999,1,0
C,E,C,7169,100,7169,1,0
C,F,C,5139,100,5139,1,0
C,G,C,1408,100,1408,1,0
C,H,C,5142,100,5142,1,0
A,D,D,4951,100,4951,1,0
B,D,D,6999,100,6999,1,0
C,D,D,4926,100,4926,1,0
D,E,D,5137,100,5137,1,0
D,F,D,7126,100,7126,1,0
D,G,D,5127,100,5127,1,0
D,H,D,1419,100,1419,1,0
A,E,E,1443,100,1443,1,0
B,E,E,5130,100,5130,1,0
C,E,E,7194,100,7194,1,0
D,E,E,5202,100,5202,1,0
E,F,E,4993,100,4993,1,0
E,G,E,7011,100,7011,1,0
E,H,E,4969,100,4969,1,0
A,F,F,5172,100,5172,1,0
B,F,F,1370,100,1370,1,0
C,F,F,5130,100,5130,1,0
D,F,F,7156,100,7156,1,0
E,F,F,5000,100,5000,1,0
F,G,F,4960,100,4960,1,0
F,H,F,7013,100,7013,1,0
A,G,G,7148,100,7148,1,0
B,G,G,5163,100,5163,1,0
C,G,G,1386,100,1386,1,0
D,G,G,5103,100,5103,1,0
E,G,G,7030,100,7030,1,0
F,G,G,4973,100,4973,1,0
G,H,G,4955,100,4955,1,0
A,H,H,5131,100,5131,1,0
B,H,H,7128,100,7128,1,0
C,H,H,5148,100,5148,1,0
D,H,H,1457,100,1457,1,0
E,H,H,4976,100,4976,1,0
F,H,H,6980,100,6980,1,0
G,H,H,4950,100,4950,1,0
A,B,A,4961,100,4961,1,0
A,C,A,6993,100,6993,1,0
A,D,A,4933,100,4933,1,0
A,E,A,1396,100,1396,1,0
A,F,A,5125,100,5125,1,0
A,G,A,7200,100,7200,1,0
A,H,A,5096,100,5096,1,0
A,B,B,4974,100,4974,1,0
B,C,B,4981,100,4981,1,0
B,D,B,7031,100,7031,1,0
B,E,B,5133,100,5133,1,0
B,F,B,1380,100,1380,1,0
B,G,B,5204,100,5204,1,0
B,H,B,7145,100,7145,1,0
A,C,C,7032,100,7032,1,0
B,C,C,4985,100,4985,1,0
C,D,C,4922,100,4922,1,0
C,E,C,7143,100,7143,1,0
C,F,C,5145,100,5145,1,0
C,G,C,1379,100,1379,1,0
C,H,C,5146,100,5146,1,0
A,D,D,4973,100,4973,1,0
B,D,D,6986,100,6986,1,0
C,D,D,4994,100,4994,1,0
D,E,D,5165,100,5165,1,0
D,F,D,7125,100,7125,1,0
D,G,D,5159,100,5159,1,0
D,H,D,1376,100,1376,1,0
A,E,E,1443,100,1443,1,0
B,E,E,5150,100,5150,1,0
C,E,E,7156,100,7156,1,0
D,E,E,5127,100,5127,1,0
E,F,E,4959,100,4959,1,0
E,G,E,7074,100,7074,1,0
E,H,E,4989,100,4989,1,0
A,F,F,5190,100,5190,1,0
B,F,F,1413,100,1413,1,0
C,F,F,5134,100,5134,1,0
D,F,F,7107,100,7107,1,0
E,F,F,5021,100,5021,1,0
F,G,F,4956,100,4956,1,0
F,H,F,7005,100,7005,1,0
A,G,G,7193,100,7193,1,0
B,G,G,5178,100,5178,1,0
C,G,G,1423,100,1423,1,0
D,G,G,5129,100,5129,1,0
E,G,G,7068,100,7068,1,0
F,G,G,4958,100,4958,1,0
G,H,G,4946,100,4946,1,0
A,H,H,5150,100,5150,1,0
B,H,H,7122,100,7122,1,0
C,H,H,5139,100,5139,1,0
D,H,H,1396,100,1396,1,0
E,H,H,4968,100,4968,1,0
F,H,H,6995,100,6995,1,0
G,H,H,4955,100,4955,1,0
A,B,A,4920,100,4920,1,0
A,C,A,7016,100,7016,1,0
A,D,A,4960,100,4960,1,0
A,E,A,1402,100,1402,1,0
A,F,A,5149,100,5149,1,0
A,G,A,7169,100,7169,1,0
A,H,A,5110,100,5110,1,0
A,B,B,4993,100,4993,1,0
B,C,B,5003,100,5003,1,0
B,D,B,6981,100,6981,1,0
B,E,B,5163,100,5163,1,0
B,F,B,1418,100,1418,1,0
B,G,B,5187,100,5187,1,0
B,H,B,7148,100,7148,1,0
A,C,C,7038,100,7038,1,0
B,C,C,4985,100,4985,1,0
C,D,C,4911,100,4911,1,0
C,E,C,7180,100,7180,1,0
C,F,C,5155,100,5155,1,0
C,G,C,1383,100,1383,1,0
C,H,C,5194,100,5194,1,0
A,D,D,4956,100,4956,1,0
B,D,D,7023,100,7023,1,0
C,D,D,4943,100,4943,1,0
D,E,D,5148,100,5148,1,0
D,F,D,7147,100,7147,1,0
D,G,D,5120,100,5120,1,0
D,H,D,1444,100,1444,1,0
A,E,E,1456,100,1456,1,0
B,E,E,5088,100,5088,1,0
C,E,E,7214,100,7214,1,0
D,E,E,5169,100,5169,1,0
E,F,E,4984,100,4984,1,0
E,G,E,7070,100,7070,1,0
E,H,E,4990,100,4990,1,0
A,F,F,5159,100,5159,1,0
B,F,F,1402,100,1402,1,0
C,F,F,5160,100,5160,1,0
D,F,F,7118,100,7118,1,0
E,F,F,4971,100,4971,1,0
F,G,F,4976,100,4976,1,0
F,H,F,7027,100,7027,1,0
A,G,G,7155,100,7155,1,0
B,G,G,5205,100,5205,1,0
C,G,G,1419,100,1419,1,0
D,G,G,5129,100,5129,1,0
E,G,G,7034,100,7034,1,0
F,G,G,4957,100,4957,1,0
G,H,G,4954,100,4954,1,0
A,H,H,5133,100,5133,1,0
B,H,H,7146,100,7146,1,0
C,H,H,5149,100,5149,1,0
D,H,H,1452,100,1452,1,0
E,H,H,4961,100,4961,1,0
F,H,H,7004,100,7004,1,0
G,H,H,4937,100,4937,1,0
A,B,A,4970,100,4970,1,0
A,C,A,7042,100,7042,1,0
A,D,A,4952,100,4952,1,0
A,E,A,1436,100,1436,1,0
A,F,A,5179,100,5179,1,0
A,G,A,7159,100,7159,1,0
A,H,A,5183,100,5183,1,0
A,B,B,4958,100,4958,1,0
B,C,B,4995,100,4995,1,0
B,D,B,6969,100,6969,1,0
B,E,B,5162,100,5162,1,0
B,F,B,1393,100,1393,1,0
B,G,B,5199,100,5199,1,0
B,H,B,7098,100,7098,1,0
A,C,C,7043,100,7043,1,0
B,C,C,4997,100,4997,1,0
C,D,C,4959,100,4959,1,0
C,E,C,7194,100,7194,1,0
C,F,C,5139,100,5139,1,0
C,G,C,1433,100,1433,1,0
C,H,C,5149,100,5149,1,0
A,D,D,4957,100,4957,1,0
B,D,D,7052,100,7052,1,0
C,D,D,4931,100,4931,1,0
D,E,D,5239,100,5239,1,0
D,F,D,7144,100,7144,1,0
D,G,D,5151,100,5151,1,0
D,H,D,1366,100,1366,1,0
A,E,E,1403,100,1403,1,0
B,E,E,5126,100,5126,1,0
C,E,E,7173,100,7173,1,0
D,E,E,5200,100,5200,1,0
E,F,E,4967,100,4967,1,0
E,G,E,7079,100,7079,1,0
E,H,E,5005,100,5005,1,0
A,F,F,5171,100,5171,1,0
B,F,F,1393,100,1393,1,0
C,F,F,5159,100,5159,1,0
D,F,F,7118,100,7118,1,0
E,F,F,4994,100,4994,1,0
F,G,F,4970,100,4970,1,0
F,H,F,6966,100,6966,1,0
A,G,G,7157,100,7157,1,0
B,G,G,5229,100,5229,1,0
C,G,G,1417,100,1417,1,0
D,G,G,5155,100,5155,1,0
E,G,G,7046,100,7046,1,0
F,G,G,4962,100,4962,1,0
G,H,G,4933,100,4933,1,0
A,H,H,5124,100,5124,1,0
B,H,H,7100,100,7100,1,0
C,H,H,5124,100,5124,1,0
D,H,H,1418,100,1418,1,0
E,H,H,4935,100,4935,1,0
F,H,H,6956,100,6956,1,0
G,H,H,4966,100,4966,1,0
A,B,A,4949,100,4949,1,0
A,C,A,6935,100,6935,1,0
A,D,A,4939,100,4939,1,0
A,E,A,1398,100,1398,1,0
A,F,A,5191,100,5191,1,0
A,G,A,7193,100,7193,1,0
A,H,A,5139,100,5139,1,0
A,B,B,4924,100,4924,1,0
B,C,B,5026,100,5026,1,0
B,D,B,7021,100,7021,1,0
B,E,B,5138,100,5138,1,0
B,F,B,1380,100,1380,1,0
B,G,B,5177,100,5177,1,0
B,H,B,7145,100,7145,1,0
A,C,C,7022,100,7022,1,0
B,C,C,4982,100,4982,1,0
C,D,C,4954,100,4954,1,0
C,E,C,7191,100,7191,1,0
C,F,C,5150,100,5150,1,0
C,G,C,1392,100,1392,1,0
C,H,C,5099,100,5099,1,0
A,D,D,4924,100,4924,1,0
B,D,D,7045,100,7045,1,0
C,D,D,4915,100,4915,1,0
D,E,D,5146,100,5146,1,0
D,F,D,7139,100,7139,1,0
D,G,D,5155,100,5155,1,0
D,H,D,1408,100,1408,1,0
A,E,E,1429,100,1429,1,0
B,E,E,5122,100,5122,1,0
C,E,E,7199,100,7199,1,0
D,E,E,5155,100,5155,1,0
E,F,E,4955,100,4955,1,0
E,G,E,7075,100,7075,1,0
E,H,E,4948,100,4948,1,0
A,F,F,5164,100,5164,1,0
B,F,F,1390,100,1390,1,0
C,F,F,5184,100,5184,1,0
D,F,F,7145,100,7145,1,0
E,F,F,4999,100,4999,1,0
F,G,F,4979,100,4979,1,0
F,H,F,7020,100,7020,1,0
A,G,G,7188,100,7188,1,0
B,G,G,5175,100,5175,1,0
C,G,G,1461,100,1461,1,0
D,G,G,5151,100,5151,1,0
E,G,G,7058,100,7058,1,0
F,G,G,4959,100,4959,1,0
G,H,G,4917,100,4917,1,0
A,H,H,5150,100,5150,1,0
B,H,H,7157,100,7157,1,0
C,H,H,5135,100,5135,1,0
D,H,H,1394,100,1394,1,0
E,H,H,4968,100,4968,1,0
F,H,H,7023,100,7023,1,0
G,H,H,4980,100,4980,1,0
A,B,A,4928,100,4928,1,0
A,C,A,7074,100,7074,1,0
A,D,A,4957,100,4957,1,0
A,E,A,1405,100,1405,1,0
A,F,A,5175,100,5175,1,0
A,G,A,7133,100,7133,1,0
A,H,A,5164,100,5164,1,0
A,B,B,4967,100,4967,1,0
B,C,B,5007,100,5007,1,0
B,D,B,7010,100,7010,1,0
B,E,B,5120,100,5120,1,0
B,F,B,1350,100,1350,1,0
B,G,B,5172,100,5172,1,0
B,H,B,7148,100,7148,1,0
A,C,C,6950,100,6950,1,0
B,C,C,4997,100,4997,1,0
C,D,C,4941,100,4941,1,0
C,E,C,7155,100,7155,1,0
C,F,C,5154,100,5154,1,0
C,G,C,1433,100,1433,1,0
C,H,C,5121,100,5121,1,0
A,D,D,4916,100,4916,1,0
B,D,D,6949,100,6949,1,0
C,D,D,4931,100,4931,1,0
D,E,D,5184,100,5184,1,0
D,F,D,7161,100,7161,1,0
D,G,D,5166,100,5166,1,0
D,H,D,1380,100,1380,1,0
A,E,E,1394,100,1394,1,0
B,E,E,5123,100,5123,1,0
C,E,E,7128,100,7128,1,0
D,E,E,5099,100,5099,1,0
E,F,E,4992,100,4992,1,0
E,G,E,7052,100,7052,1,0
E,H,E,4959,100,4959,1,0
A,F,F,5205,100,5205,1,0
B,F,F,1406,100,1406,1,0
C,F,F,5145,100,5145,1,0
D,F,F,7146,100,7146,1,0
E,F,F,4954,100,4954,1,0
F,G,F,4978,100,4978,1,0
F,H,F,7021,100,7021,1,0
A,G,G,7193,100,7193,1,0
B,G,G,5221,100,5221,1,0
C,G,G,1394,100,1394,1,0
D,G,G,5151,100,5151,1,0
E,G,G,7055,100,7055,1,0
F,G,G,4950,100,4950,1,0
G,H,G,4969,100,4969,1,0
A,H,H,5173,100,5173,1,0
B,H,H,7117,100,7117,1,0
C,H,H,5145,100,5145,1,0
D,H,H,1419,100,1419,1,0
E,H,H,5009,100,5009,1,0
F,H,H,6971,100,6971,1,0
G,H,H,4980,100,4980,1,0
A,B,A,4954,100,4954,1,0
A,C,A,6969,100,6969,1,0
A,D,A,4963,100,4963,1,0
A,E,A,1375,100,1375,1,0
A,F,A,5202,100,5202,1,0
A,G,A,7162,100,7162,1,0
A,H,A,5116,100,5116,1,0
A,B,B,4951,100,4951,1,0
B,C,B,4993,100,4993,1,0
B,D,B,6974,100,6974,1,0
B,E,B,5162,100,5162,1,0
B,F,B,1398,100,1398,1,0
B,G,B,5205,100,5205,1,0
B,H,B,7196,100,7196,1,0
A,C,C,7059,100,7059,1,0
B,C,C,5007,100,5007,1,0
C,D,C,4935,100,4935,1,0
C,E,C,7192,100,7192,1,0
C,F,C,5128,100,5128,1,0
C,G,C,1368,100,1368,1,0
C,H,C,5128,100,5128,1,0
A,D,D,4931,100,4931,1,0
B,D,D,6987,100,6987,1,0
C,D,D,4928,100,4928,1,0
D,E,D,5186,100,5186,1,0
D,F,D,7141,100,7141,1,0
D,G,D,5174,100,5174,1,0
D,H,D,1424,100,1424,1,0
A,E,E,1378,100,1378,1,0
B,E,E,5183,100,5183,1,0
C,E,E,7161,100,7161,1,0
D,E,E,5158,100,5158,1,0
E,F,E,4982,100,4982,1,0
E,G,E,7072,100,7072,1,0
E,H,E,4990,100,4990,1,0
A,F,F,5148,100,5148,1,0
B,F,F,1412,100,1412,1,0
C,F,F,5131,100,5131,1,0
D,F,F,7111,100,7111,1,0
E,F,F,4990,100,4990,1,0
F,G,F,4979,100,4979,1,0
F,H,F,7011,100,7011,1,0
A,G,G,7145,100,7145,1,0
B,G,G,5189,100,5189,1,0
C,G,G,1438,100,1438,1,0
D,G,G,5138,100,5138,1,0
E,G,G,7086,100,7086,1,0
F,G,G,5002,100,5002,1,0
G,H,G,4990,100,4990,1,0
A,H,H,5144,100,5144,1,0
B,H,H,7150,100,7150,1,0
C,H,H,5123,100,5123,1,0
D,H,H,1427,100,1427,1,0
E,H,H,5005,100,5005,1,0
F,H,H,7031,100,7031,1,0
G,H,H,4961,100,4961,1,0
A,B,A,4963,100,4963,1,0
A,C,A,6997,100,6997,1,0
A,D,A,4944,100,4944,1,0
A,E,A,1420,100,1420,1,0
A,F,A,5177,100,5177,1,0
A,G,A,7157,100,7157,1,0
A,H,A,5150,100,5150,1,0
A,B,B,4957,100,4957,1,0
B,C,B,4989,100,4989,1,0
B,D,B,7016,100,7016,1,0
B,E,B,5167,100,5167,1,0
B,F,B,1370,100,1370,1,0
B,G,B,5176,100,5176,1,0
B,H,B,7189,100,7189,1,0
A,C,C,7027,100,7027,1,0
B,C,C,4967,100,4967,1,0
C,D,C,4927,100,4927,1,0
C,E,C,7169,100,7169,1,0
C,F,C,5177,100,5177,1,0
C,G,C,1395,100,1395,1,0
C,H,C,5144,100,5144,1,0
A,D,D,4931,100,4931,1,0
B,D,D,7022,100,7022,1,0
C,D,D,4918,100,4918,1,0
D,E,D,5205,100,5205,1,0
D,F,D,7156,100,7156,1,0
D,G,D,5107,100,5107,1,0
D,H,D,1426,100,1426,1,0
A,E,E,1390,100,1390,1,0
B,E,E,5143,100,5143,1,0
C,E,E,7193,100,7193,1,0
D,E,E,5185,100,5185,1,0
E,F,E,4966,100,4966,1,0
E,G,E,7059,100,7059,1,0
E,H,E,4979,100,4979,1,0
A,F,F,5155,100,5155,1,0
B,F,F,1383,100,1383,1,0
C,F,F,5160,100,5160,1,0
D,F,F,7165,100,7165,1,0
E,F,F,4966,100,4966,1,0
F,G,F,4963,100,4963,1,0
F,H,F,7003,100,7003,1,0
A,G,G,7182,100,7182,1,0
B,G,G,5194,100,5194,1,0
C,G,G,1403,100,1403,1,0
D,G,G,5154,100,5154,1,0
E,G,G,7001,100,7001,1,0
F,G,G,4982,100,4982,1,0
G,H,G,4960,100,4960,1,0
A,H,H,5162,100,5162,1,0
B,H,H,7146,100,7146,1,0
C,H,H,5198,100,5198,1,0
D,H,H,1480,100,1480,1,0
E,H,H,4969,100,4969,1,0
F,H,H,6987,100,6987,1,0
G,H,H,4928,100,4928,1,0
A,B,A,4938,100,4938,1,0
A,C,A,7001,100,7001,1,0
A,D,A,4952,100,4952,1,0
A,E,A,1375,100,1375,1,0
A,F,A,5170,100,5170,1,0
A,G,A,7169,100,7169,1,0
A,H,A,5131,100,5131,1,0
A,B,B,4916,100,4916,1,0
B,C,B,4966,100,4966,1,0
B,D,B,7025,100,7025,1,0
B,E,B,5140,100,5140,1,0
B,F,B,1354,100,1354,1,0
B,G,B,5188,100,5188,1,0
B,H,B,7166,100,7166,1,0
A,C,C,7071,100,7071,1,0
B,C,C,4977,100,4977,1,0
C,D,C,4959,100,4959,1,0
C,E,C,7164,100,7164,1,0
C,F,C,5166,100,5166,1,0
C,G,C,1406,100,1406,1,0
C,H,C,5112,100,5112,1,0
A,D,D,4944,100,4944,1,0
B,D,D,7019,100,7019,1,0
C,D,D,4979,100,4979,1,0
D,E,D,5216,100,5216,1,0
D,F,D,7163,100,7163,1,0
D,G,D,5140,100,5140,1,0
D,H,D,1436,100,1436,1,0
A,E,E,1434,100,1434,1,0
B,E,E,5131,100,5131,1,0
C,E,E,7138,100,7138,1,0
D,E,E,5160,100,5160,1,0
E,F,E,4967,100,4967,1,0
E,G,E,7079,100,7079,1,0
E,H,E,5008,100,5008,1,0
A,F,F,5171,100,5171,1,0
B,F,F,1431,100,1431,1,0
C,F,F,5157,100,5157,1,0
D,F,F,7154,100,7154,1,0
E,F,F,4990,100,4990,1,0
F,G,F,4980,100,4980,1,0
F,H,F,7054,100,7054,1,0
A,G,G,7172,100,7172,1,0
B,G,G,5181,100,5181,1,0
C,G,G,1394,100,1394,1,0
D,G,G,5150,100,5150,1,0
E,G,G,7077,100,7077,1,0
F,G,G,4994,100,4994,1,0
G,H,G,4947,100,4947,1,0
A,H,H,5140,100,5140,1,0
B,H,H,7079,100,7079,1,0
C,H,H,5154,100,5154,1,0
D,H,H,1399,100,1399,1,0
E,H,H,4976,100,4976,1,0
F,H,H,7005,100,7005,1,0
G,H,H,4977,100,4977,1,0
A,B,A,4983,100,4983,1,0
A,C,A,7043,100,7043,1,0
A,D,A,4944,100,4944,1,0
A,E,A,1431,100,1431,1,0
A,F,A,5137,100,5137,1,0
A,G,A,7151,100,7151,1,0
A,H,A,5203,100,5203,1,0
A,B,B,4951,100,4951,1,0
B,C,B,4987,100,4987,1,0
B,D,B,6995,100,6995,1,0
B,E,B,5135,100,5135,1,0
B,F,B,1393,100,1393,1,0
B,G,B,5183,100,5183,1,0
B,H,B,7114,100,7114,1,0
A,C,C,6966,100,6966,1,0
B,C,C,4989,100,4989,1,0
C,D,C,4940,100,4940,1,0
C,E,C,7208,100,7208,1,0
C,F,C,5148,100,5148,1,0
C,G,C,1420,100,1420,1,0
C,H,C,5158,100,5158,1,0
A,D,D,4920,100,4920,1,0
B,D,D,6985,100,6985,1,0
C,D,D,4924,100,4924,1,0
D,E,D,5197,100,5197,1,0
D,F,D,7134,100,7134,1,0
D,G,D,5133,100,5133,1,0
D,H,D,1443,100,1443,1,0
A,E,E,1482,100,1482,1,0
B,E,E,5138,100,5138,1,0
C,E,E,7176,100,7176,1,0
D,E,E,5204,100,5204,1,0
E,F,E,4973,100,4973,1,0
E,G,E,7041,100,7041,1,0
E,H,E,4964,100,4964,1,0
A,F,F,5181,100,5181,1,0
B,F,F,1399,100,1399,1,0
C,F,F,5132,100,5132,1,0
D,F,F,7132,100,7132,1,0
E,F,F,4958,100,4958,1,0
F,G,F,4972,100,4972,1,0
F,H,F,6993,100,6993,1,0
A,G,G,7193,100,7193,1,0
B,G,G,5167,100,5167,1,0
C,G,G,1413,100,1413,1,0
D,G,G,5150,100,5150,1,0
E,G,G,7042,100,7042,1,0
F,G,G,5008,100,5008,1,0
G,H,G,4980,100,4980,1,0
A,H,H,5151,100,5151,1,0
B,H,H,7150,100,7150,1,0
C,H,H,5112,100,5112,1,0
D,H,H,1398,100,1398,1,0
E,H,H,4984,100,4984,1,0
F,H,H,7018,100,7018,1,0
G,H,H,4960,100,4960,1,0
A,B,A,4986,100,4986,1,0
A,C,A,7023,100,7023,1,0
A,D,A,4950,100,4950,1,0
A,E,A,1392,100,1392,1,0
A,F,A,5174,100,5174,1,0
A,G,A,7131,100,7131,1,0
A,H,A,5131,100,5131,1,0
A,B,B,4952,100,4952,1,0
B,C,B,4993,100,4993,1,0
B,D,B,7033,100,7033,1,0
B,E,B,5153,100,5153,1,0
B,F,B,1401,100,1401,1,0
B,G,B,5225,100,5225,1,0
B,H,B,7144,100,7144,1,0
A,C,C,7092,100,7092,1,0
B,C,C,4980,100,4980,1,0
C,D,C,4936,100,4936,1,0
C,E,C,7195,100,7195,1,0
C,F,C,5155,100,5155,1,0
C,G,C,1373,100,1373,1,0
C,H,C,5140,100,5140,1,0
A,D,D,4947,100,4947,1,0
B,D,D,6975,100,6975,1,0
C,D,D,4925,100,4925,1,0
D,E,D,5155,100,5155,1,0
D,F,D,7156,100,7156,1,0
D,G,D,5174,100,5174,1,0
D,H,D,1375,100,1375,1,0
A,E,E,1457,100,1457,1,0
B,E,E,5126,100,5126,1,0
C,E,E,7170,100,7170,1,0
D,E,E,5152,100,5152,1,0
E,F,E,4963,100,4963,1,0
E,G,E,7058,100,7058,1,0
E,H,E,4967,100,4967,1,0
A,F,F,5129,100,5129,1,0
B,F,F,1390,100,1390,1,0
C,F,F,5148,100,5148,1,0
D,F,F,7147,100,7147,1,0
E,F,F,4986,100,4986,1,0
F,G,F,4956,100,4956,1,0
F,H,F,7011,100,7011,1,0
A,G,G,7189,100,7189,1,0
B,G,G,5157,100,5157,1,0
C,G,G,1380,100,1380,1,0
D,G,G,5143,100,5143,1,0
E,G,G,7042,100,7042,1,0
F,G,G,4969,100,4969,1,0
G,H,G,4949,100,4949,1,0
A,H,H,5125,100,5125,1,0
B,H,H,7128,100,7128,1,0
C,H,H,5125,100,5125,1,0
D,H,H,1370,100,1370,1,0
E,H,H,4945,100,4945,1,0
F,H,H,7021,100,7021,1,0
G,H,H,4928,100,4928,1,0
A,B,A,4972,100,4972,1,0
A,C,A,7022,100,7022,1,0
A,D,A,4950,100,4950,1,0
A,E,A,1419,100,1419,1,0
A,F,A,5212,100,5212,1,0
A,G,A,7179,100,7179,1,0
A,H,A,5120,100,5120,1,0
A,B,B,4980,100,4980,1,0
B,C,B,5010,100,5010,1,0
B,D,B,7006,100,7006,1,0
B,E,B,5195,100,5195,1,0
B,F,B,1394,100,1394,1,0
B,G,B,5205,100,5205,1,0
B,H,B,7119,100,7119,1,0
A,C,C,7098,100,7098,1,0
B,C,C,4938,100,4938,1,0
C,D,C,4948,100,4948,1,0
C,E,C,7181,100,7181,1,0
C,F,C,5178,100,5178,1,0
C,G,C,1399,100,1399,1,0
C,H,C,5139,100,5139,1,0
A,D,D,4982,100,4982,1,0
B,D,D,7008,100,7008,1,0
C,D,D,4943,100,4943,1,0
D,E,D,5146,100,5146,1,0
D,F,D,7107,100,7107,1,0
D,G,D,5152,100,5152,1,0
D,H,D,1409,100,1409,1,0
A,E,E,1430,100,1430,1,0
B,E,E,5207,100,5207,1,0
C,E,E,7176,100,7176,1,0
D,E,E,5162,100,5162,1,0
E,F,E,4971,100,4971,1,0
E,G,E,7067,100,7067,1,0
E,H,E,4992,100,4992,1,0
A,F,F,5196,100,5196,1,0
B,F,F,1385,100,1385,1,0
C,F,F,5142,100,5142,1,0
D,F,F,7138,100,7138,1,0
E,F,F,4964,100,4964,1,0
F,G,F,4974,100,4974,1,0
F,H,F,6955,100,6955,1,0
A,G,G,7116,100,7116,1,0
B,G,G,5168,100,5168,1,0
C,G,G,1419,100,1419,1,0
D,G,G,5127,100,5127,1,0
E,G,G,7063,100,7063,1,0
F,G,G,4935,100,4935,1,0
G,H,G,4897,100,4897,1,0
A,H,H,5091,100,5091,1,0
B,H,H,7150,100,7150,1,0
C,H,H,5130,100,5130,1,0
D,H,H,1376,100,1376,1,0
E,H,H,5007,100,5007,1,0
F,H,H,6969,100,6969,1,0
G,H,H,4954,100,4954,1,0
A,B,A,4956,100,4956,1,0
A,C,A,7028,100,7028,1,0
A,D,A,4928,100,4928,1,0
A,E,A,1360,100,1360,1,0
A,F,A,5218,100,5218,1,0
A,G,A,7137,100,7137,1,0
A,H,A,5144,100,5144,1,0
A,B,B,4999,100,4999,1,0
B,C,B,4980,100,4980,1,0
B,D,B,7038,100,7038,1,0
B,E,B,5161,100,5161,1,0
B,F,B,1369,100,1369,1,0
B,G,B,5220,100,5220,1,0
B,H,B,7157,100,7157,1,0
A,C,C,7018,100,7018,1,0
B,C,C,4979,100,4979,1,0
C,D,C,4939,100,4939,1,0
C,E,C,7192,100,7192,1,0
C,F,C,5150,100,5150,1,0
C,G,C,1388,100,1388,1,0
C,H,C,5210,100,5210,1,0
A,D,D,4929,100,4929,1,0
B,D,D,7011,100,7011,1,0
C,D,D,4981,100,4981,1,0
D,E,D,5178,100,5178,1,0
D,F,D,7123,100,7123,1,0
D,G,D,5147,100,5147,1,0
D,H,D,1418,100,1418,1,0
A,E,E,1432,100,1432,1,0
B,E,E,5122,100,5122,1,0
C,E,E,7200,100,7200,1,0
D,E,E,5112,100,5112,1,0
E,F,E,4977,100,4977,1,0
E,G,E,7069,100,7069,1,0
E,H,E,4986,100,4986,1,0
A,F,F,5185,100,5185,1,0
B,F,F,1396,100,1396,1,0
C,F,F,5139,100,5139,1,0
D,F,F,7123,100,7123,1,0
E,F,F,4988,100,4988,1,0
F,G,F,4965,100,4965,1,0
F,H,F,7012,100,7012,1,0
A,G,G,7155,100,7155,1,0
B,G,G,5175,100,5175,1,0
C,G,G,1394,100,1394,1,0
D,G,G,5165,100,5165,1,0
E,G,G,7035,100,7035,1,0
F,G,G,4968,100,4968,1,0
G,H,G,4975,100,4975,1,0
A,H,H,5119,100,5119,1,0
B,H,H,7165,100,7165,1,0
C,H,H,5139,100,5139,1,0
D,H,H,1345,100,1345,1,0
E,H,H,4976,100,4976,1,0
F,H,H,7012,100,7012,1,0
G,H,H,4930,100,4930,1,0
A,B,A,4954,100,4954,1,0
A,C,A,7038,100,7038,1,0
A,D,A,4948,100,4948,1,0
A,E,A,1416,100,1416,1,0
A,F,A,5196,100,5196,1,0
A,G,A,7207,100,7207,1,0
A,H,A,5159,100,5159,1,0
A,B,B,4967,100,4967,1,0
B,C,B,4983,100,4983,1,0
B,D,B,7031,100,7031,1,0
B,E,B,5135,100,5135,1,0
B,F,B,1416,100,1416,1,0
B,G,B,5180,100,5180,1,0
B,H,B,7163,100,7163,1,0
A,C,C,7000,100,7000,1,0
B,C,C,4976,100,4976,1,0
C,D,C,4964,100,4964,1,0
C,E,C,7157,100,7157,1,0
C,F,C,5169,100,5169,1,0
C,G,C,1382,100,1382,1,0
C,H,C,5210,100,5210,1,0
A,D,D,4925,100,4925,1,0
B,D,D,7010,100,7010,1,0
C,D,D,4943,100,4943,1,0
D,E,D,5119,100,5119,1,0
D,F,D,7138,100,7138,1,0
D,G,D,5105,100,5105,1,0
D,H,D,1439,100,1439,1,0
A,E,E,1370,100,1370,1,0
B,E,E,5084,100,5084,1,0
C,E,E,7167,100,7167,1,0
D,E,E,5160,100,5160,1,0
E,F,E,4961,100,4961,1,0
E,G,E,7080,100,7080,1,0
E,H,E,4966,100,4966,1,0
A,F,F,5185,100,5185,1,0
B,F,F,1386,100,1386,1,0
C,F,F,5143,100,5143,1,0
D,F,F,7180,100,7180,1,0
E,F,F,4958,100,4958,1,0
F,G,F,4965,100,4965,1,0
F,H,F,7001,100,7001,1,0
A,G,G,7188,100,7188,1,0
B,G,G,5156,100,5156,1,0
C,G,G,1423,100,1423,1,0
D,G,G,5100,100,5100,1,0
E,G,G,7004,100,7004,1,0
F,G,G,4978,100,4978,1,0
G,H,G,4944,100,4944,1,0
A,H,H,5122,100,5122,1,0
B,H,H,7152,100,7152,1,0
C,H,H,5121,100,5121,1,0
D,H,H,1376,100,1376,1,0
E,H,H,4970,100,4970,1,0
F,H,H,7059,100,7059,1,0
G,H,H,4934,100,4934,1,0
A,B,A,4998,100,4998,1,0
A,C,A,7062,100,7062,1,0
A,D,A,4961,100,4961,1,0
A,E,A,1410,100,1410,1,0
A,F,A,5182,100,5182,1,0
A,G,A,7140,100,7140,1,0
A,H,A,5161,100,5161,1,0
A,B,B,4948,100,4948,1,0
B,C,B,4989,100,4989,1,0
B,D,B,6995,100,6995,1,0
B,E,B,5170,100,5170,1,0
B,F,B,1347,100,1347,1,0
B,G,B,5154,100,5154,1,0
B,H,B,7138,100,7138,1,0
A,C,C,7045,100,7045,1,0
B,C,C,4977,100,4977,1,0
C,D,C,4953,100,4953,1,0
C,E,C,7183,100,7183,1,0
C,F,C,5145,100,5145,1,0
C,G,C,1427,100,1427,1,0
C,H,C,5206,100,5206,1,0
A,D,D,4925,100,4925,1,0
B,D,D,6980,100,6980,1,0
C,D,D,4903,100,4903,1,0
D,E,D,5114,100,5114,1,0
D,F,D,7159,100,7159,1,0
D,G,D,5109,100,5109,1,0
D,H,D,1410,100,1410,1,0
A,E,E,1463,100,1463,1,0
B,E,E,5188,100,5188,1,0
C,E,E,7174,100,7174,1,0
D,E,E,5204,100,5204,1,0
E,F,E,4986,100,4986,1,0
E,G,E,7049,100,7049,1,0
E,H,E,4950,100,4950,1,0
A,F,F,5193,100,5193,1,0
B,F,F,1372,100,1372,1,0
C,F,F,5184,100,5184,1,0
D,F,F,7125,100,7125,1,0
E,F,F,4972,100,4972,1,0
F,G,F,4983,100,4983,1,0
F,H,F,7019,100,7019,1,0
A,G,G,7184,100,7184,1,0
B,G,G,5196,100,5196,1,0
C,G,G,1385,100,1385,1,0
D,G,G,5137,100,5137,1,0
E,G,G,7062,100,7062,1,0
F,G,G,4972,100,4972,1,0
G,H,G,4918,100,4918,1,0
A,H,H,5119,100,5119,1,0
B,H,H,7160,100,7160,1,0
C,H,H,5126,100,5126,1,0
D,H,H,1393,100,1393,1,0
E,H,H,5011,100,5011,1,0
F,H,H,6996,100,6996,1,0
G,H,H,4929,100,4929,1,0
A,B,A,4979,100,4979,1,0
A,C,A,7003,100,7003,1,0
A,D,A,4930,100,4930,1,0
A,E,A,1426,100,1426,1,0
A,F,A,5146,100,5146,1,0
A,G,A,7163,100,7163,1,0
A,H,A,5158,100,5158,1,0
A,B,B,4942,100,4942,1,0
B,C,B,4991,100,4991,1,0
B,D,B,7063,100,7063,1,0
B,E,B,5127,100,5127,1,0
B,F,B,1396,100,1396,1,0
B,G,B,5166,100,5166,1,0
B,H,B,7172,100,7172,1,0
A,C,C,7061,100,7061,1,0
B,C,C,4967,100,4967,1,0
C,D,C,4959,100,4959,1,0
C,E,C,7148,100,7148,1,0
C,F,C,5161,100,5161,1,0
C,G,C,1433,100,1433,1,0
C,H,C,5120,100,5120,1,0
A,D,D,4913,100,4913,1,0
B,D,D,6982,100,6982,1,0
C,D,D,4960,100,4960,1,0
D,E,D,5192,100,5192,1,0
D,F,D,7157,100,7157,1,0
D,G,D,5110,100,5110,1,0
D,H,D,1358,100,1358,1,0
A,E,E,1423,100,1423,1,0
B,E,E,5167,100,5167,1,0
C,E,E,7224,100,7224,1,0
D,E,E,5134,100,5134,1,0
E,F,E,4964,100,4964,1,0
E,G,E,7074,100,7074,1,0
E,H,E,4956,100,4956,1,0
A,F,F,5123,100,5123,1,0
B,F,F,1403,100,1403,1,0
C,F,F,5176,100,5176,1,0
D,F,F,7170,100,7170,1,0
E,F,F,4964,100,4964,1,0
F,G,F,4981,100,4981,1,0
F,H,F,7006,100,7006,1,0
A,G,G,7181,100,7181,1,0
B,G,G,5176,100,5176,1,0
C,G,G,1382,100,1382,1,0
D,G,G,5156,100,5156,1,0
E,G,G,7048,100,7048,1,0
F,G,G,4990,100,4990,1,0
G,H,G,4941,100,4941,1,0
A,H,H,5116,100,5116,1,0
B,H,H,7119,100,7119,1,0
C,H,H,5136,100,5136,1,0
D,H,H,1417,100,1417,1,0
E,H,H,4976,100,4976,1,0
F,H,H,7018,100,7018,1,0
G,H,H,4932,100,4932,1,0
A,B,A,4970,100,4970,1,0
A,C,A,7057,100,7057,1,0
A,D,A,4950,100,4950,1,0
A,E,A,1432,100,1432,1,0
A,F,A,5172,100,5172,1,0
A,G,A,7131,100,7131,1,0
A,H,A,5169,100,5169,1,0
A,B,B,4921,100,4921,1,0
B,C,B,4978,100,4978,1,0
B,D,B,6990,100,6990,1,0
B,E,B,5141,100,5141,1,0
B,F,B,1405,100,1405,1,0
B,G,B,5177,100,5177,1,0
B,H,B,7201,100,7201,1,0
A,C,C,7000,100,7000,1,0
B,C,C,4970,100,4970,1,0
C,D,C,4933,100,4933,1,0
C,E,C,7194,100,7194,1,0
C,F,C,5170,100,5170,1,0
C,G,C,1406,100,1406,1,0
C,H,C,5165,100,5165,1,0
A,D,D,4946,100,4946,1,0
B,D,D,6990,100,6990,1,0
C,D,D,4981,100,4981,1,0
D,E,D,5165,100,5165,1,0
D,F,D,7130,100,7130,1,0
D,G,D,5178,100,5178,1,0
D,H,D,1377,100,1377,1,0
A,E,E,1416,100,1416,1,0
B,E,E,5155,100,5155,1,0
C,E,E,7148,100,7148,1,0
D,E,E,5155,100,5155,1,0
E,F,E,4972,100,4972,1,0
E,G,E,7047,100,7047,1,0
E,H,E,4933,100,4933,1,0
A,F,F,5155,100,5155,1,0
B,F,F,1405,100,1405,1,0
C,F,F,5165,100,5165,1,0
D,F,F,7165,100,7165,1,0
E,F,F,4969,100,4969,1,0
F,G,F,4977,100,4977,1,0
F,H,F,7043,100,7043,1,0
A,G,G,7178,100,7178,1,0
B,G,G,5154,100,5154,1,0
C,G,G,1345,100,1345,1,0
D,G,G,5139,100,5139,1,0
E,G,G,7009,100,7009,1,0
F,G,G,4987,100,4987,1,0
G,H,G,4946,100,4946,1,0
A,H,H,5168,100,5168,1,0
B,H,H,7185,100,7185,1,0
C,H,H,5109,100,5109,1,0
D,H,H,1462,100,1462,1,0
E,H,H,4983,100,4983,1,0
F,H,H,7005,100,7005,1,0
G,H,H,4942,100,4942,1,0
A,B,A,4921,100,4921,1,0
A,C,A,7059,100,7059,1,0
A,D,A,4930,100,4930,1,0
A,E,A,1435,100,1435,1,0
A,F,A,5174,100,5174,1,0
A,G,A,7150,100,7150,1,0
A,H,A,5155,100,5155,1,0
A,B,B,4963,100,4963,1,0
B,C,B,4969,100,4969,1,0
B,D,B,7014,100,7014,1,0
B,E,B,5142,100,5142,1,0
B,F,B,1397,100,1397,1,0
B,G,B,5198,100,5198,1,0
B,H,B,7193,100,7193,1,0
A,C,C,6995,100,6995,1,0
B,C,C,5025,100,5025,1,0
C,D,C,4917,100,4917,1,0
C,E,C,7152,100,7152,1,0
C,F,C,5152,100,5152,1,0
C,G,C,1429,100,1429,1,0
C,H,C,5166,100,5166,1,0
A,D,D,4917,100,4917,1,0
B,D,D,7050,100,7050,1,0
C,D,D,4901,100,4901,1,0
D,E,D,5182,100,5182,1,0
D,F,D,7161,100,7161,1,0
D,G,D,5143,100,5143,1,0
D,H,D,1428,100,1428,1,0
A,E,E,1459,100,1459,1,0
B,E,E,5162,100,5162,1,0
C,E,E,7144,100,7144,1,0
D,E,E,5132,100,5132,1,0
E,F,E,4998,100,4998,1,0
E,G,E,7027,100,7027,1,0
E,H,E,4950,100,4950,1,0
A,F,F,5202,100,5202,1,0
B,F,F,1408,100,1408,1,0
C,F,F,5143,100,5143,1,0
D,F,F,7112,100,7112,1,0
E,F,F,4957,100,4957,1,0
F,G,F,4965,100,4965,1,0
F,H,F,6990,100,6990,1,0
A,G,G,7171,100,7171,1,0
B,G,G,5162,100,5162,1,0
C,G,G,1398,100,1398,1,0
D,G,G,5100,100,5100,1,0
E,G,G,7067,100,7067,1,0
F,G,G,4967,100,4967,1,0
G,H,G,5000,100,5000,1,0
A,H,H,5129,100,5129,1,0
B,H,H,7143,100,7143,1,0
C,H,H,5158,100,5158,1,0
D,H,H,1406,100,1406,1,0
E,H,H,4960,100,4960,1,0
F,H,H,6966,100,6966,1,0
G,H,H,4943,100,4943,1,0
A,B,A,4960,100,4960,1,0
A,C,A,6989,100,6989,1,0
A,D,A,4958,100,4958,1,0
A,E,A,1432,100,1432,1,0
A,F,A,5157,100,5157,1,0
A,G,A,7135,100,7135,1,0
A,H,A,5130,100,5130,1,0
A,B,B,4995,100,4995,1,0
B,C,B,4983,100,4983,1,0
B,D,B,7017,100,7017,1,0
B,E,B,5116,100,5116,1,0
B,F,B,1399,100,1399,1,0
B,G,B,5164,100,5164,1,0
B,H,B,7176,100,7176,1,0
A,C,C,7061,100,7061,1,0
B,C,C,4949,100,4949,1,0
C,D,C,4990,100,4990,1,0
C,E,C,7147,100,7147,1,0
C,F,C,5147,100,5147,1,0
C,G,C,1370,100,1370,1,0
C,H,C,5180,100,5180,1,0
A,D,D,4944,100,4944,1,0
B,D,D,7036,100,7036,1,0
C,D,D,4942,100,4942,1,0
D,E,D,5213,100,5213,1,0
D,F,D,7137,100,7137,1,0
D,G,D,5132,100,5132,1,0
D,H,D,1390,100,1390,1,0
A,E,E,1343,100,1343,1,0
B,E,E,5142,100,5142,1,0
C,E,E,7210,100,7210,1,0
D,E,E,5210,100,5210,1,0
E,F,E,4988,100,4988,1,0
E,G,E,7050,100,7050,1,0
E,H,E,4966,100,4966,1,0
A,F,F,5194,100,5194,1,0
B,F,F,1396,100,1396,1,0
C,F,F,5159,100,5159,1,0
D,F,F,7130,100,7130,1,0
E,F,F,5003,100,5003,1,0
F,G,F,4977,100,4977,1,0
F,H,F,7027,100,7027,1,0
A,G,G,7188,100,7188,1,0
B,G,G,5225,100,5225,1,0
C,G,G,1395,100,1395,1,0
D,G,G,5125,100,5125,1,0
E,G,G,7060,100,7060,1,0
F,G,G,4974,100,4974,1,0
G,H,G,4945,100,4945,1,0
A,H,H,5161,100,5161,1,0
B,H,H,7108,100,7108,1,0
C,H,H,5164,100,5164,1,0
D,H,H,1389,100,1389,1,0
E,H,H,4978,100,4978,1,0
F,H,H,6996,100,6996,1,0
G,H,H,4946,100,4946,1,0
A,B,A,4961,100,4961,1,0
A,C,A,7039,100,7039,1,0
A,D,A,4930,100,4930,1,0
A,E,A,1397,100,1397,1,0
A,F,A,5193,100,5193,1,0
A,G,A,7218,100,7218,1,0
A,H,A,5202,100,5202,1,0
A,B,B,4984,100,4984,1,0
B,C,B,4977,100,4977,1,0
B,D,B,7015,100,7015,1,0
B,E,B,5179,100,5179,1,0
B,F,B,1415,100,1415,1,0
B,G,B,5199,100,5199,1,0
B,H,B,7133,100,7133,1,0
A,C,C,6989,100,6989,1,0
B,C,C,4967,100,4967,1,0
C,D,C,4964,100,4964,1,0
C,E,C,7193,100,7193,1,0
C,F,C,5157,100,5157,1,0
C,G,C,1373,100,1373,1,0
C,H,C,5133,100,5133,1,0
A,D,D,4922,100,4922,1,0
B,D,D,6999,100,6999,1,0
C,D,D,4973,100,4973,1,0
D,E,D,5165,100,5165,1,0
D,F,D,7159,100,7159,1,0
D,G,D,5135,100,5135,1,0
D,H,D,1427,100,1427,1,0
A,E,E,1428,100,1428,1,0
B,E,E,5158,100,5158,1,0
C,E,E,7160,100,7160,1,0
D,E,E,5198,100,5198,1,0
E,F,E,4962,100,4962,1,0
E,G,E,7058,100,7058,1,0
E,H,E,5011,100,5011,1,0
A,F,F,5177,100,5177,1,0
B,F,F,1419,100,1419,1,0
C,F,F,5180,100,5180,1,0
D,F,F,7177,100,7177,1,0
E,F,F,4955,100,4955,1,0
F,G,F,4945,100,4945,1,0
F,H,F,7002,100,7002,1,0
A,G,G,7178,100,7178,1,0
B,G,G,5152,100,5152,1,0
C,G,G,1377,100,1377,1,0
D,G,G,5151,100,5151,1,0
E,G,G,7052,100,7052,1,0
F,G,G,4969,100,4969,1,0
G,H,G,4976,100,4976,1,0
A,H,H,5175,100,5175,1,0
B,H,H,7137,100,7137,1,0
C,H,H,5171,100,5171,1,0
D,H,H,1408,100,1408,1,0
E,H,H,4976,100,4976,1,0
F,H,H,7015,100,7015,1,0
G,H,H,4944,100,4944,1,0
A,B,A,4983,100,4983,1,0
A,C,A,7053,100,7053,1,0
A,D,A,4954,100,4954,1,0
A,E,A,1399,100,1399,1,0
A,F,A,5149,100,5149,1,0
A,G,A,7155,100,7155,1,0
A,H,A,5122,100,5122,1,0
A,B,B,4978,100,4978,1,0
B,C,B,4989,100,4989,1,0
B,D,B,7039,100,7039,1,0
B,E,B,5156,100,5156,1,0
B,F,B,1388,100,1388,1,0
B,G,B,5181,100,5181,1,0
B,H,B,7183,100,7183,1,0
A,C,C,7111,100,7111,1,0
B,C,C,5002,100,5002,1,0
C,D,C,4926,100,4926,1,0
C,E,C,7188,100,7188,1,0
C,F,C,5142,100,5142,1,0
C,G,C,1368,100,1368,1,0
C,H,C,5119,100,5119,1,0
A,D,D,4954,100,4954,1,0
B,D,D,7019,100,7019,1,0
C,D,D,4955,100,4955,1,0
D,E,D,5136,100,5136,1,0
D,F,D,7168,100,7168,1,0
D,G,D,5133,100,5133,1,0
D,H,D,1378,100,1378,1,0
A,E,E,1379,100,1379,1,0
B,E,E,5097,100,5097,1,0
C,E,E,7165,100,7165,1,0
D,E,E,5162,100,5162,1,0
E,F,E,4973,100,4973,1,0
E,G,E,7075,100,7075,1,0
E,H,E,5007,100,5007,1,0
A,F,F,5161,100,5161,1,0
B,F,F,1399,100,1399,1,0
C,F,F,5155,100,5155,1,0
D,F,F,7126,100,7126,1,0
E,F,F,4956,100,4956,1,0
F,G,F,4973,100,4973,1,0
F,H,F,6989,100,6989,1,0
A,G,G,7106,100,7106,1,0
B,G,G,5211,100,5211,1,0
C,G,G,1369,100,1369,1,0
D,G,G,5124,100,5124,1,0
E,G,G,7062,100,7062,1,0
F,G,G,4986,100,4986,1,0
G,H,G,4950,100,4950,1,0
A,H,H,5184,100,5184,1,0
B,H,H,7113,100,7113,1,0
C,H,H,5125,100,5125,1,0
D,H,H,1362,100,1362,1,0
E,H,H,4973,100,4973,1,0
F,H,H,6956,100,6956,1,0
G,H,H,4974,100,4974,1,0
A,B,A,4978,100,4978,1,0
A,C,A,7063,100,7063,1,0
A,D,A,4940,100,4940,1,0
A,E,A,1417,100,1417,1,0
A,F,A,5145,100,5145,1,0
A,G,A,7135,100,7135,1,0
A,H,A,5173,100,5173,1,0
A,B,B,4945,100,4945,1,0
B,C,B,4964,100,4964,1,0
B,D,B,7038,100,7038,1,0
B,E,B,5119,100,5119,1,0
B,F,B,1420,100,1420,1,0
B,G,B,5167,100,5167,1,0
B,H,B,7123,100,7123,1,0
A,C,C,7014,100,7014,1,0
B,C,C,4988,100,4988,1,0
C,D,C,4922,100,4922,1,0
C,E,C,7170,100,7170,1,0
C,F,C,5182,100,5182,1,0
C,G,C,1439,100,1439,1,0
C,H,C,5139,100,5139,1,0
A,D,D,4975,100,4975,1,0
B,D,D,6996,100,6996,1,0
C,D,D,4967,100,4967,1,0
D,E,D,5113,100,5113,1,0
D,F,D,7128,100,7128,1,0
D,G,D,5126,100,5126,1,0
D,H,D,1509,100,1509,1,0
A,E,E,1432,100,1432,1,0
B,E,E,5133,100,5133,1,0
C,E,E,7173,100,7173,1,0
D,E,E,5164,100,5164,1,0
E,F,E,4984,100,4984,1,0
E,G,E,7019,100,7019,1,0
E,H,E,4967,100,4967,1,0
A,F,F,5149,100,5149,1,0
B,F,F,1396,100,1396,1,0
C,F,F,5144,100,5144,1,0
D,F,F,7137,100,7137,1,0
E,F,F,4971,100,4971,1,0
F,G,F,4965,100,4965,1,0
F,H,F,6977,100,6977,1,0
A,G,G,7210,100,7210,1,0
B,G,G,5183,100,5183,1,0
C,G,G,1436,100,1436,1,0
D,G,G,5148,100,5148,1,0
E,G,G,7046,100,7046,1,0
F,G,G,4956,100,4956,1,0
G,H,G,4952,100,4952,1,0
A,H,H,5169,100,5169,1,0
B,H,H,7155,100,7155,1,0
C,H,H,5120,100,5120,1,0
D,H,H,1384,100,1384,1,0
E,H,H,4954,100,4954,1,0
F,H,H,6986,100,6986,1,0
G,H,H,4931,100,4931,1,0
A,B,A,4948,100,4948,1,0
A,C,A,7045,100,7045,1,0
A,D,A,4934,100,4934,1,0
A,E,A,1401,100,1401,1,0
A,F,A,5172,100,5172,1,0
A,G,A,7189,100,7189,1,0
A,H,A,5134,100,5134,1,0
A,B,B,4962,100,4962,1,0
B,C,B,4986,100,4986,1,0
B,D,B,7049,100,7049,1,0
B,E,B,5117,100,5117,1,0
B,F,B,1387,100,1387,1,0
B,G,B,5193,100,5193,1,0
B,H,B,7135,100,7135,1,0
A,C,C,7063,100,7063,1,0
B,C,C,4996,100,4996,1,0
C,D,C,4982,100,4982,1,0
C,E,C,7204,100,7204,1,0
C,F,C,5150,100,5150,1,0
C,G,C,1423,100,1423,1,0
C,H,C,5176,100,5176,1,0
A,D,D,4935,100,4935,1,0
B,D,D,6980,100,6980,1,0
C,D,D,4955,100,4955,1,0
D,E,D,5139,100,5139,1,0
D,F,D,7091,100,7091,1,0
D,G,D,5131,100,5131,1,0
D,H,D,1365,100,1365,1,0
A,E,E,1467,100,1467,1,0
B,E,E,5122,100,5122,1,0
C,E,E,7144,100,7144,1,0
D,E,E,5122,100,5122,1,0
E,F,E,4981,100,4981,1,0
E,G,E,7046,100,7046,1,0
E,H,E,4920,100,4920,1,0
A,F,F,5186,100,5186,1,0
B,F,F,1387,100,1387,1,0
C,F,F,5142,100,5142,1,0
D,F,F,7172,100,7172,1,0
E,F,F,5023,100,5023,1,0
F,G,F,4982,100,4982,1,0
F,H,F,6992,100,6992,1,0
A,G,G,7144,100,7144,1,0
B,G,G,5162,100,5162,1,0
C,G,G,1381,100,1381,1,0
D,G,G,5152,100,5152,1,0
E,G,G,7046,100,7046,1,0
F,G,G,4944,100,4944,1,0
G,H,G,4896,100,4896,1,0
A,H,H,5157,100,5157,1,0
B,H,H,7156,100,7156,1,0
C,H,H,5184,100,5184,1,0
D,H,H,1412,100,1412,1,0
E,H,H,4999,100,4999,1,0
F,H,H,7011,100,7011,1,0
G,H,H,4925,100,4925,1,0
A,B,A,4963,100,4963,1,0
A,C,A,7014,100,7014,1,0
A,D,A,4958,100,4958,1,0
A,E,A,1426,100,1426,1,0
A,F,A,5141,100,5141,1,0
A,G,A,7184,100,7184,1,0
A,H,A,5122,100,5122,1,0
A,B,B,4915,100,4915,1,0
B,C,B,4970,100,4970,1,0
B,D,B,7024,100,7024,1,0
B,E,B,5119,100,5119,1,0
B,F,B,1397,100,1397,1,0
B,G,B,5171,100,5171,1,0
B,H,B,7166,100,7166,1,0
A,C,C,7023,100,7023,1,0
B,C,C,4986,100,4986,1,0
C,D,C,4968,100,4968,1,0
C,E,C,7227,100,7227,1,0
C,F,C,5143,100,5143,1,0
C,G,C,1365,100,1365,1,0
C,H,C,5155,100,5155,1,0
A,D,D,4935,100,4935,1,0
B,D,D,7045,100,7045,1,0
C,D,D,4941,100,4941,1,0
D,E,D,5118,100,5118,1,0
D,F,D,7118,100,7118,1,0
D,G,D,5144,100,5144,1,0
D,H,D,1416,100,1416,1,0
A,E,E,1440,100,1440,1,0
B,E,E,5175,100,5175,1,0
C,E,E,7155,100,7155,1,0
D,E,E,5164,100,5164,1,0
E,F,E,4985,100,4985,1,0
E,G,E,7109,100,7109,1,0
E,H,E,4978,100,4978,1,0
A,F,F,5172,100,5172,1,0
B,F,F,1411,100,1411,1,0
C,F,F,5139,100,5139,1,0
D,F,F,7131,100,7131,1,0
E,F,F,4968,100,4968,1,0
F,G,F,4973,100,4973,1,0
F,H,F,6965,100,6965,1,0
A,G,G,7157,100,7157,1,0
B,G,G,5195,100,5195,1,0
C,G,G,1422,100,1422,1,0
D,G,G,5151,100,5151,1,0
E,G,G,7024,100,7024,1,0
F,G,G,4985,100,4985,1,0
G,H,G,4965,100,4965,1,0
A,H,H,5151,100,5151,1,0
B,H,H,7192,100,7192,1,0
C,H,H,5121,100,5121,1,0
D,H,H,1418,100,1418,1,0
E,H,H,4993,100,4993,1,0
F,H,H,6978,100,6978,1,0
G,H,H,4934,100,4934,1,0
A,B,A,4964,100,4964,1,0
A,C,A,7054,100,7054,1,0
A,D,A,4944,100,4944,1,0
A,E,A,1398,100,1398,1,0
A,F,A,5186,100,5186,1,0
A,G,A,7155,100,7155,1,0
A,H,A,5130,100,5130,1,0
A,B,B,4950,100,4950,1,0
B,C,B,4946,100,4946,1,0
B,D,B,7026,100,7026,1,0
B,E,B,5131,100,5131,1,0
B,F,B,1391,100,1391,1,0
B,G,B,5202,100,5202,1,0
B,H,B,7164,100,7164,1,0
A,C,C,7017,100,7017,1,0
B,C,C,4994,100,4994,1,0
C,D,C,4949,100,4949,1,0
C,E,C,7190,100,7190,1,0
C,F,C,5158,100,5158,1,0
C,G,C,1441,100,1441,1,0
C,H,C,5142,100,5142,1,0
A,D,D,4937,100,4937,1,0
B,D,D,7013,100,7013,1,0
C,D,D,4932,100,4932,1,0
D,E,D,5182,100,5182,1,0
D,F,D,7130,100,7130,1,0
D,G,D,5153,100,5153,1,0
D,H,D,1373,100,1373,1,0
A,E,E,1382,100,1382,1,0
B,E,E,5133,100,5133,1,0
C,E,E,7163,100,7163,1,0
D,E,E,5176,100,5176,1,0
E,F,E,5019,100,5019,1,0
E,G,E,7042,100,7042,1,0
E,H,E,4985,100,4985,1,0
A,F,F,5167,100,5167,1,0
B,F,F,1363,100,1363,1,0
C,F,F,5169,100,5169,1,0
D,F,F,7158,100,7158,1,0
E,F,F,4971,100,4971,1,0
F,G,F,4967,100,4967,1,0
F,H,F,6989,100,6989,1,0
A,G,G,7144,100,7144,1,0
B,G,G,5185,100,5185,1,0
C,G,G,1390,100,1390,1,0
D,G,G,5167,100,5167,1,0
E,G,G,7037,100,7037,1,0
F,G,G,4965,100,4965,1,0
G,H,G,4928,100,4928,1,0
A,H,H,5126,100,5126,1,0
B,H,H,7191,100,7191,1,0
C,H,H,5124,100,5124,1,0
D,H,H,1437,100,1437,1,0
E,H,H,4955,100,4955,1,0
F,H,H,6985,100,6985,1,0
G,H,H,4958,100,4958,1,0
A,B,A,4959,100,4959,1,0
A,C,A,7042,100,7042,1,0
A,D,A,4941,100,4941,1,0
A,E,A,1436,100,1436,1,0
A,F,A,5186,100,5186,1,0
A,G,A,7144,100,7144,1,0
A,H,A,5136,100,5136,1,0
A,B,B,4966,100,4966,1,0
B,C,B,4975,100,4975,1,0
B,D,B,7001,100,7001,1,0
B,E,B,5127,100,5127,1,0
B,F,B,1374,100,1374,1,0
B,G,B,5188,100,5188,1,0
B,H,B,7124,100,7124,1,0
A,C,C,7071,100,7071,1,0
B,C,C,5016,100,5016,1,0
C,D,C,4972,100,4972,1,0
C,E,C,7198,100,7198,1,0
C,F,C,5179,100,5179,1,0
C,G,C,1382,100,1382,1,0
C,H,C,5151,100,5151,1,0
A,D,D,4955,100,4955,1,0
B,D,D,7000,100,7000,1,0
C,D,D,4918,100,4918,1,0
D,E,D,5155,100,5155,1,0
D,F,D,7116,100,7116,1,0
D,G,D,5148,100,5148,1,0
D,H,D,1419,100,1419,1,0
A,E,E,1371,100,1371,1,0
B,E,E,5124,100,5124,1,0
C,E,E,7147,100,7147,1,0
D,E,E,5169,100,5169,1,0
E,F,E,4977,100,4977,1,0
E,G,E,7045,100,7045,1,0
E,H,E,5018,100,5018,1,0
A,F,F,5186,100,5186,1,0
B,F,F,1376,100,1376,1,0
C,F,F,5161,100,5161,1,0
D,F,F,7172,100,7172,1,0
E,F,F,4979,100,4979,1,0
F,G,F,4964,100,4964,1,0
F,H,F,7043,100,7043,1,0
A,G,G,7179,100,7179,1,0
B,G,G,5175,100,5175,1,0
C,G,G,1376,100,1376,1,0
D,G,G,5118,100,5118,1,0
E,G,G,7041,100,7041,1,0
F,G,G,4958,100,4958,1,0
G,H,G,4922,100,4922,1,0
A,H,H,5147,100,5147,1,0
B,H,H,7123,100,7123,1,0
C,H,H,5174,100,5174,1,0
D,H,H,1411,100,1411,1,0
E,H,H,4947,100,4947,1,0
F,H,H,7028,100,7028,1,0
G,H,H,4981,100,4981,1,0
A,B,A,4933,100,4933,1,0
A,C,A,7041,100,7041,1,0
A,D,A,4932,100,4932,1,0
A,E,A,1426,100,1426,1,0
A,F,A,5194,100,5194,1,0
A,G,A,7117,100,7117,1,0
A,H,A,5116,100,5116,1,0
A,B,B,4982,100,4982,1,0
B,C,B,5019,100,5019,1,0
B,D,B,7005,100,7005,1,0
B,E,B,5154,100,5154,1,0
B,F,B,1412,100,1412,1,0
B,G,B,5200,100,5200,1,0
B,H,B,7203,100,7203,1,0
A,C,C,7020,100,7020,1,0
B,C,C,4972,100,4972,1,0
C,D,C,4937,100,4937,1,0
C,E,C,7136,100,7136,1,0
C,F,C,5155,100,5155,1,0
C,G,C,1373,100,1373,1,0
C,H,C,5167,100,5167,1,0
A,D,D,4973,100,4973,1,0
B,D,D,6975,100,6975,1,0
C,D,D,4938,100,4938,1,0
D,E,D,5246,100,5246,1,0
D,F,D,7128,100,7128,1,0
D,G,D,5096,100,5096,1,0
D,H,D,1380,100,1380,1,0
A,E,E,1470,100,1470,1,0
B,E,E,5154,100,5154,1,0
C,E,E,7175,100,7175,1,0
D,E,E,5098,100,5098,1,0
E,F,E,4985,100,4985,1,0
E,G,E,7058,100,7058,1,0
E,H,E,4932,100,4932,1,0
A,F,F,5169,100,5169,1,0
B,F,F,1401,100,1401,1,0
C,F,F,5158,100,5158,1,0
D,F,F,7148,100,7148,1,0
E,F,F,4992,100,4992,1,0
F,G,F,4979,100,4979,1,0
F,H,F,6964,100,6964,1,0
A,G,G,7191,100,7191,1,0
B,G,G,5186,100,5186,1,0
C,G,G,1439,100,1439,1,0
D,G,G,5123,100,5123,1,0
E,G,G,7061,100,7061,1,0
F,G,G,4983,100,4983,1,0
G,H,G,4984,100,4984,1,0
A,H,H,5178,100,5178,1,0
B,H,H,7149,100,7149,1,0
C,H,H,5121,100,5121,1,0
D,H,H,1422,100,1422,1,0
E,H,H,4988,100,4988,1,0
F,H,H,6971,100,6971,1,0
G,H,H,4934,100,4934,1,0
A,B,A,4992,100,4992,1,0
A,C,A,7058,100,7058,1,0
A,D,A,4952,100,4952,1,0
A,E,A,1439,100,1439,1,0
A,F,A,5173,100,5173,1,0
A,G,A,7141,100,7141,1,0
A,H,A,5149,100,5149,1,0
A,B,B,4945,100,4945,1,0
B,C,B,4966,100,4966,1,0
B,D,B,6958,100,6958,1,0
B,E,B,5101,100,5101,1,0
B,F,B,1386,100,1386,1,0
B,G,B,5194,100,5194,1,0
B,H,B,7125,100,7125,1,0
A,C,C,7033,100,7033,1,0
B,C,C,4981,100,4981,1,0
C,D,C,4915,100,4915,1,0
C,E,C,7157,100,7157,1,0
C,F,C,5105,100,5105,1,0
C,G,C,1372,100,1372,1,0
C,H,C,5189,100,5189,1,0
A,D,D,4909,100,4909,1,0
B,D,D,7025,100,7025,1,0
C,D,D,4961,100,4961,1,0
D,E,D,5113,100,5113,1,0
D,F,D,7200,100,7200,1,0
D,G,D,5151,100,5151,1,0
D,H,D,1362,100,1362,1,0
A,E,E,1467,100,1467,1,0
B,E,E,5153,100,5153,1,0
C,E,E,7209,100,7209,1,0
D,E,E,5159,100,5159,1,0
E,F,E,4961,100,4961,1,0
E,G,E,7056,100,7056,1,0
E,H,E,4946,100,4946,1,0
A,F,F,5160,100,5160,1,0
B,F,F,1387,100,1387,1,0
C,F,F,5154,100,5154,1,0
D,F,F,7163,100,7163,1,0
E,F,F,4978,100,4978,1,0
F,G,F,4961,100,4961,1,0
F,H,F,7008,100,7008,1,0
A,G,G,7144,100,7144,1,0
B,G,G,5193,100,5193,1,0
C,G,G,1418,100,1418,1,0
D,G,G,5103,100,5103,1,0
E,G,G,7062,100,7062,1,0
F,G,G,4983,100,4983,1,0
G,H,G,4963,100,4963,1,0
A,H,H,5148,100,5148,1,0
B,H,H,7159,100,7159,1,0
C,H,H,5184,100,5184,1,0
D,H,H,1371,100,1371,1,0
E,H,H,4948,100,4948,1,0
F,H,H,7006,100,7006,1,0
G,H,H,4932,100,4932,1,0
A,B,A,4956,100,4956,1,0
A,C,A,7049,100,7049,1,0
A,D,A,4950,100,4950,1,0
A,E,A,1463,100,1463,1,0
A,F,A,5191,100,5191,1,0
A,G,A,7188,100,7188,1,0
A,H,A,5134,100,5134,1,0
A,B,B,4928,100,4928,1,0
B,C,B,4983,100,4983,1,0
B,D,B,6954,100,6954,1,0
B,E,B,5145,100,5145,1,0
B,F,B,1424,100,1424,1,0
B,G,B,5207,100,5207,1,0
B,H,B,7104,100,7104,1,0
A,C,C,7067,100,7067,1,0
B,C,C,4992,100,4992,1,0
C,D,C,4944,100,4944,1,0
C,E,C,7197,100,7197,1,0
C,F,C,5149,100,5149,1,0
C,G,C,1434,100,1434,1,0
C,H,C,5104,100,5104,1,0
A,D,D,4959,100,4959,1,0
B,D,D,6995,100,6995,1,0
C,D,D,4965,100,4965,1,0
D,E,D,5194,100,5194,1,0
D,F,D,7129,100,7129,1,0
D,G,D,5158,100,5158,1,0
D,H,D,1404,100,1404,1,0
A,E,E,1439,100,1439,1,0
B,E,E,5123,100,5123,1,0
C,E,E,7184,100,7184,1,0
D,E,E,5189,100,5189,1,0
E,F,E,4990,100,4990,1,0
E,G,E,7042,100,7042,1,0
E,H,E,4990,100,4990,1,0
A,F,F,5203,100,5203,1,0
B,F,F,1414,100,1414,1,0
C,F,F,5139,100,5139,1,0
D,F,F,7170,100,7170,1,0
E,F,F,4968,100,4968,1,0
F,G,F,4976,100,4976,1,0
F,H,F,7036,100,7036,1,0
A,G,G,7161,100,7161,1,0
B,G,G,5175,100,5175,1,0
C,G,G,1386,100,1386,1,0
D,G,G,5135,100,5135,1,0
E,G,G,7048,100,7048,1,0
F,G,G,4982,100,4982,1,0
G,H,G,4913,100,4913,1,0
A,H,H,5141,100,5141,1,0
B,H,H,7096,100,7096,1,0
C,H,H,5088,100,5088,1,0
D,H,H,1364,100,1364,1,0
E,H,H,4947,100,4947,1,0
F,H,H,6992,100,6992,1,0
G,H,H,4955,100,4955,1,0
A,B,A,4935,100,4935,1,0
A,C,A,7041,100,7041,1,0
A,D,A,4914,100,4914,1,0
A,E,A,1404,100,1404,1,0
A,F,A,5129,100,5129,1,0
A,G,A,7153,100,7153,1,0
A,H,A,5183,100,5183,1,0
A,B,B,4932,100,4932,1,0
B,C,B,4991,100,4991,1,0
B,D,B,6996,100,6996,1,0
B,E,B,5142,100,5142,1,0
B,F,B,1381,100,1381,1,0
B,G,B,5191,100,5191,1,0
B,H,B,7138,100,7138,1,0
A,C,C,7067,100,7067,1,0
B,C,C,4986,100,4986,1,0
C,D,C,4962,100,4962,1,0
C,E,C,7195,100,7195,1,0
C,F,C,5155,100,5155,1,0
C,G,C,1376,100,1376,1,0
C,H,C,5117,100,5117,1,0
A,D,D,4946,100,4946,1,0
B,D,D,7023,100,7023,1,0
C,D,D,4984,100,4984,1,0
D,E,D,5125,100,5125,1,0
D,F,D,7159,100,7159,1,0
D,G,D,5103,100,5103,1,0
D,H,D,1384,100,1384,1,0
A,E,E,1374,100,1374,1,0
B,E,E,5106,100,5106,1,0
C,E,E,7184,100,7184,1,0
D,E,E,5189,100,5189,1,0
E,F,E,4945,100,4945,1,0
E,G,E,7071,100,7071,1,0
E,H,E,4980,100,4980,1,0
A,F,F,5234,100,5234,1,0
B,F,F,1390,100,1390,1,0
C,F,F,5175,100,5175,1,0
D,F,F,7158,100,7158,1,0
E,F,F,4961,100,4961,1,0
F,G,F,4987,100,4987,1,0
F,H,F,6966,100,6966,1,0
A,G,G,7204,100,7204,1,0
B,G,G,5165,100,5165,1,0
C,G,G,1387,100,1387,1,0
D,G,G,5162,100,5162,1,0
E,G,G,7049,100,7049,1,0
F,G,G,4958,100,4958,1,0
G,H,G,4962,100,4962,1,0
A,H,H,5168,100,5168,1,0
B,H,H,7134,100,7134,1,0
C,H,H,5155,100,5155,1,0
D,H,H,1335,100,1335,1,0
E,H,H,4969,100,4969,1,0
F,H,H,7008,100,7008,1,0
G,H,H,4949,100,4949,1,0
A,B,A,4959,100,4959,1,0
A,C,A,6981,100,6981,1,0
A,D,A,4945,100,4945,1,0
A,E,A,1424,100,1424,1,0
A,F,A,5159,100,5159,1,0
A,G,A,7189,100,7189,1,0
A,H,A,5146,100,5146,1,0
A,B,B,4907,100,4907,1,0
B,C,B,4951,100,4951,1,0
B,D,B,6997,100,6997,1,0
B,E,B,5153,100,5153,1,0
B,F,B,1400,100,1400,1,0
B,G,B,5191,100,5191,1,0
B,H,B,7196,100,7196,1,0
A,C,C,6968,100,6968,1,0
B,C,C,4975,100,4975,1,0
C,D,C,4906,100,4906,1,0
C,E,C,7192,100,7192,1,0
C,F,C,5157,100,5157,1,0
C,G,C,1422,100,1422,1,0
C,H,C,5160,100,5160,1,0
A,D,D,4909,100,4909,1,0
B,D,D,6986,100,6986,1,0
C,D,D,4926,100,4926,1,0
D,E,D,5192,100,5192,1,0
D,F,D,7115,100,7115,1,0
D,G,D,5164,100,5164,1,0
D,H,D,1439,100,1439,1,0
A,E,E,1440,100,1440,1,0
B,E,E,5148,100,5148,1,0
C,E,E,7128,100,7128,1,0
D,E,E,5133,100,5133,1,0
E,F,E,4923,100,4923,1,0
E,G,E,7072,100,7072,1,0
E,H,E,4955,100,4955,1,0
A,F,F,5179,100,5179,1,0
B,F,F,1397,100,1397,1,0
C,F,F,5171,100,5171,1,0
D,F,F,7122,100,7122,1,0
E,F,F,4982,100,4982,1,0
F,G,F,4970,100,4970,1,0
F,H,F,6974,100,6974,1,0
A,G,G,7182,100,7182,1,0
B,G,G,5199,100,5199,1,0
C,G,G,1382,100,1382,1,0
D,G,G,5153,100,5153,1,0
E,G,G,7076,100,7076,1,0
F,G,G,4972,100,4972,1,0
G,H,G,4961,100,4961,1,0
A,H,H,5143,100,5143,1,0
B,H,H,7149,100,7149,1,0
C,H,H,5175,100,5175,1,0
D,H,H,1415,100,1415,1,0
E,H,H,5007,100,5007,1,0
F,H,H,6999,100,6999,1,0
G,H,H,4959,100,4959,1,0
A,B,A,4948,100,4948,1,0
A,C,A,7008,100,7008,1,0
A,D,A,4970,100,4970,1,0
A,E,A,1438,100,1438,1,0
A,F,A,5187,100,5187,1,0
A,G,A,7189,100,7189,1,0
A,H,A,5197,100,5197,1,0
A,B,B,4990,100,4990,1,0
B,C,B,5004,100,5004,1,0
B,D,B,6998,100,6998,1,0
B,E,B,5131,100,5131,1,0
B,F,B,1406,100,1406,1,0
B,G,B,5169,100,5169,1,0
B,H,B,7122,100,7122,1,0
A,C,C,6966,100,6966,1,0
B,C,C,5016,100,5016,1,0
C,D,C,4928,100,4928,1,0
C,E,C,7208,100,7208,1,0
C,F,C,5144,100,5144,1,0
C,G,C,1396,100,1396,1,0
C,H,C,5165,100,5165,1,0
A,D,D,4965,100,4965,1,0
B,D,D,7069,100,7069,1,0
C,D,D,4956,100,4956,1,0
D,E,D,5165,100,5165,1,0
D,F,D,7158,100,7158,1,0
D,G,D,5103,100,5103,1,0
D,H,D,1388,100,1388,1,0
A,E,E,1386,100,1386,1,0
B,E,E,5136,100,5136,1,0
C,E,E,7137,100,7137,1,0
D,E,E,5109,100,5109,1,0
E,F,E,4978,100,4978,1,0
E,G,E,7041,100,7041,1,0
E,H,E,4997,100,4997,1,0
A,F,F,5185,100,5185,1,0
B,F,F,1397,100,1397,1,0
C,F,F,5148,100,5148,1,0
D,F,F,7124,100,7124,1,0
E,F,F,4962,100,4962,1,0
F,G,F,4974,100,4974,1,0
F,H,F,6945,100,6945,1,0
A,G,G,7200,100,7200,1,0
B,G,G,5183,100,5183,1,0
C,G,G,1394,100,1394,1,0
D,G,G,5117,100,5117,1,0
E,G,G,7047,100,7047,1,0
F,G,G,4994,100,4994,1,0
G,H,G,4945,100,4945,1,0
A,H,H,5124,100,5124,1,0
B,H,H,7143,100,7143,1,0
C,H,H,5102,100,5102,1,0
D,H,H,1358,100,1358,1,0
E,H,H,4972,100,4972,1,0
F,H,H,7026,100,7026,1,0
G,H,H,4914,100,4914,1,0
A,B,A,4974,100,4974,1,0
A,C,A,7022,100,7022,1,0
A,D,A,4935,100,4935,1,0
A,E,A,1440,100,1440,1,0
A,F,A,5224,100,5224,1,0
A,G,A,7153,100,7153,1,0
A,H,A,5100,100,5100,1,0
A,B,B,4984,100,4984,1,0
B,C,B,4993,100,4993,1,0
B,D,B,7002,100,7002,1,0
B,E,B,5130,100,5130,1,0
B,F,B,1386,100,1386,1,0
B,G,B,5192,100,5192,1,0
B,H,B,7210,100,7210,1,0
A,C,C,7018,100,7018,1,0
B,C,C,4974,100,4974,1,0
C,D,C,4941,100,4941,1,0
C,E,C,7193,100,7193,1,0
C,F,C,5179,100,5179,1,0
C,G,C,1404,100,1404,1,0
C,H,C,5174,100,5174,1,0
A,D,D,4953,100,4953,1,0
B,D,D,7014,100,7014,1,0
C,D,D,4945,100,4945,1,0
D,E,D,5178,100,5178,1,0
D,F,D,7156,100,7156,1,0
D,G,D,5135,100,5135,1,0
D,H,D,1405,100,1405,1,0
A,E,E,1407,100,1407,1,0
B,E,E,5123,100,5123,1,0
C,E,E,7184,100,7184,1,0
D,E,E,5186,100,5186,1,0
E,F,E,4950,100,4950,1,0
E,G,E,7038,100,7038,1,0
E,H,E,5003,100,5003,1,0
A,F,F,5199,100,5199,1,0
B,F,F,1395,100,1395,1,0
C,F,F,5160,100,5160,1,0
D,F,F,7113,100,7113,1,0
E,F,F,4977,100,4977,1,0
F,G,F,4957,100,4957,1,0
F,H,F,6984,100,6984,1,0
A,G,G,7151,100,7151,1,0
B,G,G,5178,100,5178,1,0
C,G,G,1426,100,1426,1,0
D,G,G,5135,100,5135,1,0
E,G,G,7041,100,7041,1,0
F,G,G,4950,100,4950,1,0
G,H,G,4911,100,4911,1,0
A,H,H,5155,100,5155,1,0
B,H,H,7166,100,7166,1,0
C,H,H,5192,100,5192,1,0
D,H,H,1419,100,1419,1,0
E,H,H,4967,100,4967,1,0
F,H,H,7041,100,7041,1,0
G,H,H,4947,100,4947,1,0
A,B,A,4960,100,4960,1,0
A,C,A,7011,100,7011,1,0
A,D,A,4937,100,4937,1,0
A,E,A,1382,100,1382,1,0
A,F,A,5164,100,5164,1,0
A,G,A,7185,100,7185,1,0
A,H,A,5167,100,5167,1,0
A,B,B,4990,100,4990,1,0
B,C,B,4989,100,4989,1,0
B,D,B,7062,100,7062,1,0
B,E,B,5136,100,5136,1,0
B,F,B,1383,100,1383,1,0
B,G,B,5188,100,5188,1,0
B,H,B,7171,100,7171,1,0
A,C,C,7063,100,7063,1,0
B,C,C,4975,100,4975,1,0
C,D,C,4985,100,4985,1,0
C,E,C,7156,100,7156,1,0
C,F,C,5134,100,5134,1,0
C,G,C,1417,100,1417,1,0
C,H,C,5161,100,5161,1,0
A,D,D,4942,100,4942,1,0
B,D,D,6983,100,6983,1,0
C,D,D,4975,100,4975,1,0
D,E,D,5170,100,5170,1,0
D,F,D,7159,100,7159,1,0
D,G,D,5153,100,5153,1,0
D,H,D,1373,100,1373,1,0
A,E,E,1426,100,1426,1,0
B,E,E,5134,100,5134,1,0
C,E,E,7195,100,7195,1,0
D,E,E,5089,100,5089,1,0
E,F,E,4981,100,4981,1,0
E,G,E,7042,100,7042,1,0
E,H,E,4958,100,4958,1,0
A,F,F,5215,100,5215,1,0
B,F,F,1389,100,1389,1,0
C,F,F,5147,100,5147,1,0
D,F,F,7146,100,7146,1,0
E,F,F,4969,100,4969,1,0
F,G,F,4958,100,4958,1,0
F,H,F,7038,100,7038,1,0
A,G,G,7125,100,7125,1,0
B,G,G,5193,100,5193,1,0
C,G,G,1392,100,1392,1,0
D,G,G,5119,100,5119,1,0
E,G,G,7033,100,7033,1,0
F,G,G,4952,100,4952,1,0
G,H,G,4944,100,4944,1,0
A,H,H,5184,100,5184,1,0
B,H,H,7122,100,7122,1,0
C,H,H,5103,100,5103,1,0
D,H,H,1416,100,1416,1,0
E,H,H,4987,100,4987,1,0
F,H,H,6991,100,6991,1,0
G,H,H,4972,100,4972,1,0
A,B,A,4946,100,4946,1,0
A,C,A,6992,100,6992,1,0
A,D,A,4935,100,4935,1,0
A,E,A,1412,100,1412,1,0
A,F,A,5177,100,5177,1,0
A,G,A,7212,100,7212,1,0
A,H,A,5130,100,5130,1,0
A,B,B,4911,100,4911,1,0
B,C,B,4986,100,4986,1,0
B,D,B,7038,100,7038,1,0
B,E,B,5147,100,5147,1,0
B,F,B,1379,100,1379,1,0
B,G,B,5179,100,5179,1,0
B,H,B,7156,100,7156,1,0
A,C,C,7019,100,7019,1,0
B,C,C,4973,100,4973,1,0
C,D,C,4914,100,4914,1,0
C,E,C,7183,100,7183,1,0
C,F,C,5188,100,5188,1,0
C,G,C,1426,100,1426,1,0
C,H,C,5175,100,5175,1,0
A,D,D,4955,100,4955,1,0
B,D,D,6995,100,6995,1,0
C,D,D,4947,100,4947,1,0
D,E,D,5170,100,5170,1,0
D,F,D,7143,100,7143,1,0
D,G,D,5144,100,5144,1,0
D,H,D,1404,100,1404,1,0
A,E,E,1388,100,1388,1,0
B,E,E,5145,100,5145,1,0
C,E,E,7134,100,7134,1,0
D,E,E,5156,100,5156,1,0
E,F,E,5016,100,5016,1,0
E,G,E,7064,100,7064,1,0
E,H,E,5003,100,5003,1,0
A,F,F,5200,100,5200,1,0
B,F,F,1406,100,1406,1,0
C,F,F,5168,100,5168,1,0
D,F,F,7149,100,7149,1,0
E,F,F,4954,100,4954,1,0
F,G,F,4938,100,4938,1,0
F,H,F,7004,100,7004,1,0
A,G,G,7187,100,7187,1,0
B,G,G,5145,100,5145,1,0
C,G,G,1427,100,1427,1,0
D,G,G,5145,100,5145,1,0
E,G,G,7078,100,7078,1,0
F,G,G,4987,100,4987,1,0
G,H,G,4941,100,4941,1,0
A,H,H,5144,100,5144,1,0
B,H,H,7139,100,7139,1,0
C,H,H,5131,100,5131,1,0
D,H,H,1388,100,1388,1,0
E,H,H,5005,100,5005,1,0
F,H,H,7049,100,7049,1,0
G,H,H,4931,100,4931,1,0
A,B,A,4928,100,4928,1,0
A,C,A,7059,100,7059,1,0
A,D,A,4971,100,4971,1,0
A,E,A,1380,100,1380,1,0
A,F,A,5169,100,5169,1,0
A,G,A,7206,100,7206,1,0
A,H,A,5122,100,5122,1,0
A,B,B,4961,100,4961,1,0
B,C,B,5004,100,5004,1,0
B,D,B,7010,100,7010,1,0
B,E,B,5142,100,5142,1,0
B,F,B,1406,100,1406,1,0
B,G,B,5129,100,5129,1,0
B,H,B,7159,100,7159,1,0
A,C,C,6997,100,6997,1,0
B,C,C,4963,100,4963,1,0
C,D,C,4973,100,4973,1,0
C,E,C,7182,100,7182,1,0
C,F,C,5156,100,5156,1,0
C,G,C,1423,100,1423,1,0
C,H,C,5176,100,5176,1,0
A,D,D,4938,100,4938,1,0
B,D,D,6989,100,6989,1,0
C,D,D,4942,100,4942,1,0
D,E,D,5181,100,5181,1,0
D,F,D,7145,100,7145,1,0
D,G,D,5133,100,5133,1,0
D,H,D,1435,100,1435,1,0
A,E,E,1444,100,1444,1,0
B,E,E,5146,100,5146,1,0
C,E,E,7158,100,7158,1,0
D,E,E,5205,100,5205,1,0
E,F,E,4966,100,4966,1,0
E,G,E,7059,100,7059,1,0
E,H,E,4997,100,4997,1,0
A,F,F,5163,100,5163,1,0
B,F,F,1408,100,1408,1,0
C,F,F,5174,100,5174,1,0
D,F,F,7135,100,7135,1,0
E,F,F,5003,100,5003,1,0
F,G,F,4969,100,4969,1,0
F,H,F,7001,100,7001,1,0
A,G,G,7188,100,7188,1,0
B,G,G,5192,100,5192,1,0
C,G,G,1395,100,1395,1,0
D,G,G,5119,100,5119,1,0
E,G,G,7063,100,7063,1,0
F,G,G,4985,100,4985,1,0
G,H,G,4962,100,4962,1,0
A,H,H,5079,100,5079,1,0
B,H,H,7212,100,7212,1,0
C,H,H,5189,100,5189,1,0
D,H,H,1407,100,1407,1,0
E,H,H,4982,100,4982,1,0
F,H,H,6995,100,6995,1,0
G,H,H,4957,100,4957,1,0
A,B,A,4944,100,4944,1,0
A,C,A,7038,100,7038,1,0
A,D,A,4940,100,4940,1,0
A,E,A,1405,100,1405,1,0
A,F,A,5202,100,5202,1,0
A,G,A,7136,100,7136,1,0
A,H,A,5175,100,5175,1,0
A,B,B,4979,100,4979,1,0
B,C,B,4972,100,4972,1,0
B,D,B,6953,100,6953,1,0
B,E,B,5134,100,5134,1,0
B,F,B,1357,100,1357,1,0
B,G,B,5172,100,5172,1,0
B,H,B,7099,100,7099,1,0
A,C,C,6977,100,6977,1,0
B,C,C,4972,100,4972,1,0
C,D,C,4898,100,4898,1,0
C,E,C,7156,100,7156,1,0
C,F,C,5159,100,5159,1,0
C,G,C,1378,100,1378,1,0
C,H,C,5177,100,5177,1,0
A,D,D,4944,100,4944,1,0
B,D,D,7033,100,7033,1,0
C,D,D,4962,100,4962,1,0
D,E,D,5169,100,5169,1,0
D,F,D,7140,100,7140,1,0
D,G,D,5149,100,5149,1,0
D,H,D,1423,100,1423,1,0
A,E,E,1435,100,1435,1,0
B,E,E,5111,100,5111,1,0
C,E,E,7163,100,7163,1,0
D,E,E,5151,100,5151,1,0
E,F,E,4956,100,4956,1,0
E,G,E,7039,100,7039,1,0
E,H,E,4957,100,4957,1,0
A,F,F,5160,100,5160,1,0
B,F,F,1368,100,1368,1,0
C,F,F,5148,100,5148,1,0
D,F,F,7127,100,7127,1,0
E,F,F,4966,100,4966,1,0
F,G,F,4962,100,4962,1,0
F,H,F,6969,100,6969,1,0
A,G,G,7160,100,7160,1,0
B,G,G,5173,100,5173,1,0
C,G,G,1386,100,1386,1,0
D,G,G,5072,100,5072,1,0
E,G,G,7061,100,7061,1,0
F,G,G,4986,100,4986,1,0
G,H,G,4925,100,4925,1,0
A,H,H,5162,100,5162,1,0
B,H,H,7196,100,7196,1,0
C,H,H,5130,100,5130,1,0
D,H,H,1370,100,1370,1,0
E,H,H,4948,100,4948,1,0
F,H,H,6971,100,6971,1,0
G,H,H,4965,100,4965,1,0
A,B,A,4926,100,4926,1,0
A,C,A,7028,100,7028,1,0
A,D,A,4953,100,4953,1,0
A,E,A,1440,100,1440,1,0
A,F,A,5186,100,5186,1,0
A,G,A,7167,100,7167,1,0
A,H,A,5149,100,5149,1,0
A,B,B,4950,100,4950,1,0
B,C,B,4963,100,4963,1,0
B,D,B,7039,100,7039,1,0
B,E,B,5164,100,5164,1,0
B,F,B,1378,100,1378,1,0
B,G,B,5186,100,5186,1,0
B,H,B,7127,100,7127,1,0
A,C,C,7049,100,7049,1,0
B,C,C,4966,100,4966,1,0
C,D,C,4912,100,4912,1,0
C,E,C,7195,100,7195,1,0
C,F,C,5153,100,5153,1,0
C,G,C,1431,100,1431,1,0
C,H,C,5177,100,5177,1,0
A,D,D,4967,100,4967,1,0
B,D,D,7000,100,7000,1,0
C,D,D,4943,100,4943,1,0
D,E,D,5100,100,5100,1,0
D,F,D,7134,100,7134,1,0
D,G,D,5155,100,5155,1,0
D,H,D,1437,100,1437,1,0
A,E,E,1345,100,1345,1,0
B,E,E,5192,100,5192,1,0
C,E,E,7209,100,7209,1,0
D,E,E,5126,100,5126,1,0
E,F,E,4985,100,4985,1,0
E,G,E,7083,100,7083,1,0
E,H,E,4983,100,4983,1,0
A,F,F,5172,100,5172,1,0
B,F,F,1374,100,1374,1,0
C,F,F,5164,100,5164,1,0
D,F,F,7161,100,7161,1,0
E,F,F,4949,100,4949,1,0
F,G,F,4970,100,4970,1,0
F,H,F,6989,100,6989,1,0
A,G,G,7185,100,7185,1,0
B,G,G,5207,100,5207,1,0
C,G,G,1431,100,1431,1,0
D,G,G,5151,100,5151,1,0
E,G,G,7079,100,7079,1,0
F,G,G,4991,100,4991,1,0
G,H,G,4973,100,4973,1,0
A,H,H,5207,100,5207,1,0
B,H,H,7166,100,7166,1,0
C,H,H,5184,100,5184,1,0
D,H,H,1363,100,1363,1,0
E,H,H,4994,100,4994,1,0
F,H,H,7018,100,7018,1,0
G,H,H,4954,100,4954,1,0
A,B,A,4914,100,4914,1,0
A,C,A,7030,100,7030,1,0
A,D,A,4945,100,4945,1,0
A,E,A,1378,100,1378,1,0
A,F,A,5162,100,5162,1,0
A,G,A,7143,100,7143,1,0
A,H,A,5102,100,5102,1,0
A,B,B,4990,100,4990,1,0
B,C,B,4975,100,4975,1,0
B,D,B,6983,100,6983,1,0
B,E,B,5153,100,5153,1,0
B,F,B,1380,100,1380,1,0
B,G,B,5166,100,5166,1,0
B,H,B,7109,100,7109,1,0
A,C,C,7028,100,7028,1,0
B,C,C,4968,100,4968,1,0
C,D,C,4936,100,4936,1,0
C,E,C,7204,100,7204,1,0
C,F,C,5167,100,5167,1,0
C,G,C,1399,100,1399,1,0
C,H,C,5153,100,5153,1,0
A,D,D,4937,100,4937,1,0
B,D,D,6970,100,6970,1,0
C,D,D,4929,100,4929,1,0
D,E,D,5136,100,5136,1,0
D,F,D,7121,100,7121,1,0
D,G,D,5150,100,5150,1,0
D,H,D,1365,100,1365,1,0
A,E,E,1394,100,1394,1,0
B,E,E,5127,100,5127,1,0
C,E,E,7185,100,7185,1,0
D,E,E,5212,100,5212,1,0
E,F,E,5008,100,5008,1,0
E,G,E,7038,100,7038,1,0
E,H,E,4945,100,4945,1,0
A,F,F,5240,100,5240,1,0
B,F,F,1376,100,1376,1,0
C,F,F,5149,100,5149,1,0
D,F,F,7141,100,7141,1,0
E,F,F,4961,100,4961,1,0
F,G,F,4982,100,4982,1,0
F,H,F,6992,100,6992,1,0
A,G,G,7146,100,7146,1,0
B,G,G,5174,100,5174,1,0
C,G,G,1372,100,1372,1,0
D,G,G,5122,100,5122,1,0
E,G,G,7041,100,7041,1,0
F,G,G,4999,100,4999,1,0
G,H,G,4998,100,4998,1,0
A,H,H,5177,100,5177,1,0
B,H,H,7152,100,7152,1,0
C,H,H,5118,100,5118,1,0
D,H,H,1435,100,1435,1,0
E,H,H,4935,100,4935,1,0
F,H,H,6982,100,6982,1,0
G,H,H,4979,100,4979,1,0
A,B,A,4991,100,4991,1,0
A,C,A,7028,100,7028,1,0
A,D,A,4954,100,4954,1,0
A,E,A,1382,100,1382,1,0
A,F,A,5190,100,5190,1,0
A,G,A,7167,100,7167,1,0
A,H,A,5139,100,5139,1,0
A,B,B,4958,100,4958,1,0
B,C,B,4976,100,4976,1,0
B,D,B,6988,100,6988,1,0
B,E,B,5135,100,5135,1,0
B,F,B,1365,100,1365,1,0
B,G,B,5160,100,5160,1,0
B,H,B,7215,100,7215,1,0
A,C,C,7056,100,7056,1,0
B,C,C,4966,100,4966,1,0
C,D,C,4935,100,4935,1,0
C,E,C,7140,100,7140,1,0
C,F,C,5140,100,5140,1,0
C,G,C,1373,100,1373,1,0
C,H,C,5123,100,5123,1,0
A,D,D,4952,100,4952,1,0
B,D,D,6969,100,6969,1,0
C,D,D,4952,100,4952,1,0
D,E,D,5121,100,5121,1,0
D,F,D,7110,100,7110,1,0
D,G,D,5124,100,5124,1,0
D,H,D,1394,100,1394,1,0
A,E,E,1395,100,1395,1,0
B,E,E,5150,100,5150,1,0
C,E,E,7141,100,7141,1,0
D,E,E,5184,100,5184,1,0
E,F,E,4976,100,4976,1,0
E,G,E,7080,100,7080,1,0
E,H,E,5020,100,5020,1,0
A,F,F,5209,100,5209,1,0
B,F,F,1368,100,1368,1,0
C,F,F,5140,100,5140,1,0
D,F,F,7113,100,7113,1,0
E,F,F,4980,100,4980,1,0
F,G,F,4963,100,4963,1,0
F,H,F,6977,100,6977,1,0
A,G,G,7157,100,7157,1,0
B,G,G,5201,100,5201,1,0
C,G,G,1374,100,1374,1,0
D,G,G,5151,100,5151,1,0
E,G,G,7068,100,7068,1,0
F,G,G,4977,100,4977,1,0
G,H,G,4941,100,4941,1,0
A,H,H,5134,100,5134,1,0
B,H,H,7121,100,7121,1,0
C,H,H,5147,100,5147,1,0
D,H,H,1472,100,1472,1,0
E,H,H,4988,100,4988,1,0
F,H,H,7007,100,7007,1,0
G,H,H,4963,100,4963,1,0
A,B,A,4937,100,4937,1,0
A,C,A,7059,100,7059,1,0
A,D,A,4935,100,4935,1,0
A,E,A,1400,100,1400,1,0
A,F,A,5167,100,5167,1,0
A,G,A,7170,100,7170,1,0
A,H,A,5155,100,5155,1,0
A,B,B,4939,100,4939,1,0
B,C,B,4988,100,4988,1,0
B,D,B,7034,100,7034,1,0
B,E,B,5157,100,5157,1,0
B,F,B,1363,100,1363,1,0
B,G,B,5172,100,5172,1,0
B,H,B,7094,100,7094,1,0
A,C,C,7019,100,7019,1,0
B,C,C,4984,100,4984,1,0
C,D,C,5002,100,5002,1,0
C,E,C,7136,100,7136,1,0
C,F,C,5187,100,5187,1,0
C,G,C,1389,100,1389,1,0
C,H,C,5137,100,5137,1,0
A,D,D,4939,100,4939,1,0
B,D,D,6999,100,6999,1,0
C,D,D,4896,100,4896,1,0
D,E,D,5227,100,5227,1,0
D,F,D,7153,100,7153,1,0
D,G,D,5154,100,5154,1,0
D,H,D,1373,100,1373,1,0
A,E,E,1354,100,1354,1,0
B,E,E,5159,100,5159,1,0
C,E,E,7181,100,7181,1,0
D,E,E,5195,100,5195,1,0
E,F,E,4992,100,4992,1,0
E,G,E,7048,100,7048,1,0
E,H,E,4999,100,4999,1,0
A,F,F,5213,100,5213,1,0
B,F,F,1412,100,1412,1,0
C,F,F,5160,100,5160,1,0
D,F,F,7147,100,7147,1,0
E,F,F,5005,100,5005,1,0
F,G,F,4990,100,4990,1,0
F,H,F,7000,100,7000,1,0
A,G,G,7197,100,7197,1,0
B,G,G,5157,100,5157,1,0
C,G,G,1388,100,1388,1,0
D,G,G,5100,100,5100,1,0
E,G,G,7026,100,7026,1,0
F,G,G,4970,100,4970,1,0
G,H,G,4944,100,4944,1,0
A,H,H,5145,100,5145,1,0
B,H,H,7175,100,7175,1,0
C,H,H,5134,100,5134,1,0
D,H,H,1381,100,1381,1,0
E,H,H,4976,100,4976,1,0
F,H,H,7035,100,7035,1,0
G,H,H,4944,100,4944,1,0
A,B,A,5000,100,5000,1,0
A,C,A,6978,100,6978,1,0
A,D,A,4947,100,4947,1,0
A,E,A,1463,100,1463,1,0
A,F,A,5170,100,5170,1,0
A,G,A,7145,100,7145,1,0
A,H,A,5191,100,5191,1,0
A,B,B,4969,100,4969,1,0
B,C,B,4986,100,4986,1,0
B,D,B,7026,100,7026,1,0
B,E,B,5148,100,5148,1,0
B,F,B,1387,100,1387,1,0
B,G,B,5194,100,5194,1,0
B,H,B,7161,100,7161,1,0
A,C,C,6998,100,6998,1,0
B,C,C,4987,100,4987,1,0
C,D,C,4923,100,4923,1,0
C,E,C,7191,100,7191,1,0
C,F,C,5152,100,5152,1,0
C,G,C,1369,100,1369,1,0
C,H,C,5111,100,5111,1,0
A,D,D,4923,100,4923,1,0
B,D,D,7001,100,7001,1,0
C,D,D,4943,100,4943,1,0
D,E,D,5222,100,5222,1,0
D,F,D,7089,100,7089,1,0
D,G,D,5163,100,5163,1,0
D,H,D,1428,100,1428,1,0
A,E,E,1418,100,1418,1,0
B,E,E,5176,100,5176,1,0
C,E,E,7155,100,7155,1,0
D,E,E,5200,100,5200,1,0
E,F,E,5019,100,5019,1,0
E,G,E,7088,100,7088,1,0
E,H,E,4949,100,4949,1,0
A,F,F,5163,100,5163,1,0
B,F,F,1403,100,1403,1,0
C,F,F,5158,100,5158,1,0
D,F,F,7142,100,7142,1,0
E,F,F,4981,100,4981,1,0
F,G,F,4980,100,4980,1,0
F,H,F,6997,100,6997,1,0
A,G,G,7170,100,7170,1,0
B,G,G,5210,100,5210,1,0
C,G,G,1413,100,1413,1,0
D,G,G,5155,100,5155,1,0
E,G,G,7073,100,7073,1,0
F,G,G,4957,100,4957,1,0
G,H,G,4974,100,4974,1,0
A,H,H,5184,100,5184,1,0
B,H,H,7170,100,7170,1,0
C,H,H,5174,100,5174,1,0
D,H,H,1364,100,1364,1,0
E,H,H,5002,100,5002,1,0
F,H,H,6994,100,6994,1,0
G,H,H,4950,100,4950,1,0
A,B,A,4970,100,4970,1,0
A,C,A,7011,100,7011,1,0
A,D,A,4952,100,4952,1,0
A,E,A,1434,100,1434,1,0
A,F,A,5168,100,5168,1,0
A,G,A,7128,100,7128,1,0
A,H,A,5137,100,5137,1,0
A,B,B,4972,100,4972,1,0
B,C,B,4987,100,4987,1,0
B,D,B,7018,100,7018,1,0
B,E,B,5163,100,5163,1,0
B,F,B,1369,100,1369,1,0
B,G,B,5199,100,5199,1,0
B,H,B,7157,100,7157,1,0
A,C,C,6991,100,6991,1,0
B,C,C,5000,100,5000,1,0
C,D,C,4968,100,4968,1,0
C,E,C,7162,100,7162,1,0
C,F,C,5154,100,5154,1,0
C,G,C,1387,100,1387,1,0
C,H,C,5144,100,5144,1,0
A,D,D,4927,100,4927,1,0
B,D,D,7001,100,7001,1,0
C,D,D,4972,100,4972,1,0
D,E,D,5164,100,5164,1,0
D,F,D,7131,100,7131,1,0
D,G,D,5132,100,5132,1,0
D,H,D,1403,100,1403,1,0
A,E,E,1518,100,1518,1,0
B,E,E,5158,100,5158,1,0
C,E,E,7179,100,7179,1,0
D,E,E,5186,100,5186,1,0
E,F,E,4962,100,4962,1,0
E,G,E,7064,100,7064,1,0
E,H,E,4956,100,4956,1,0
A,F,F,5185,100,5185,1,0
B,F,F,1401,100,1401,1,0
C,F,F,5168,100,5168,1,0
D,F,F,7139,100,7139,1,0
E,F,F,4960,100,4960,1,0
F,G,F,4955,100,4955,1,0
F,H,F,6979,100,6979,1,0
A,G,G,7174,100,7174,1,0
B,G,G,5185,100,5185,1,0
C,G,G,1415,100,1415,1,0
D,G,G,5131,100,5131,1,0
E,G,G,7048,100,7048,1,0
F,G,G,4995,100,4995,1,0
G,H,G,4999,100,4999,1,0
A,H,H,5146,100,5146,1,0
B,H,H,7110,100,7110,1,0
C,H,H,5141,100,5141,1,0
D,H,H,1456,100,1456,1,0
E,H,H,4965,100,4965,1,0
F,H,H,6988,100,6988,1,0
G,H,H,4963,100,4963,1,0
A,B,A,4987,100,4987,1,0
A,C,A,6988,100,6988,1,0
A,D,A,4965,100,4965,1,0
A,E,A,1392,100,1392,1,0
A,F,A,5173,100,5173,1,0
A,G,A,7171,100,7171,1,0
A,H,A,5156,100,5156,1,0
A,B,B,4927,100,4927,1,0
B,C,B,4975,100,4975,1,0
B,D,B,7004,100,7004,1,0
B,E,B,5128,100,5128,1,0
B,F,B,1384,100,1384,1,0
B,G,B,5168,100,5168,1,0
B,H,B,7200,100,7200,1,0
A,C,C,6984,100,6984,1,0
B,C,C,5019,100,5019,1,0
C,D,C,4912,100,4912,1,0
C,E,C,7203,100,7203,1,0
C,F,C,5136,100,5136,1,0
C,G,C,1393,100,1393,1,0
C,H,C,5125,100,5125,1,0
A,D,D,4935,100,4935,1,0
B,D,D,6975,100,6975,1,0
C,D,D,4949,100,4949,1,0
D,E,D,5215,100,5215,1,0
D,F,D,7130,100,7130,1,0
D,G,D,5128,100,5128,1,0
D,H,D,1373,100,1373,1,0
A,E,E,1414,100,1414,1,0
B,E,E,5113,100,5113,1,0
C,E,E,7163,100,7163,1,0
D,E,E,5122,100,5122,1,0
E,F,E,4962,100,4962,1,0
E,G,E,7062,100,7062,1,0
E,H,E,4937,100,4937,1,0
A,F,F,5172,100,5172,1,0
B,F,F,1387,100,1387,1,0
C,F,F,5120,100,5120,1,0
D,F,F,7161,100,7161,1,0
E,F,F,4978,100,4978,1,0
F,G,F,4978,100,4978,1,0
F,H,F,6980,100,6980,1,0
A,G,G,7176,100,7176,1,0
B,G,G,5209,100,5209,1,0
C,G,G,1406,100,1406,1,0
D,G,G,5125,100,5125,1,0
E,G,G,7055,100,7055,1,0
F,G,G,4967,100,4967,1,0
G,H,G,4993,100,4993,1,0
A,H,H,5172,100,5172,1,0
B,H,H,7168,100,7168,1,0
C,H,H,5086,100,5086,1,0
D,H,H,1422,100,1422,1,0
E,H,H,4977,100,4977,1,0
F,H,H,7013,100,7013,1,0
G,H,H,4919,100,4919,1,0
A,B,A,4966,100,4966,1,0
A,C,A,6985,100,6985,1,0
A,D,A,4921,100,4921,1,0
A,E,A,1422,100,1422,1,0
A,F,A,5146,100,5146,1,0
A,G,A,7174,100,7174,1,0
A,H,A,5173,100,5173,1,0
A,B,B,4945,100,4945,1,0
B,C,B,4963,100,4963,1,0
B,D,B,6986,100,6986,1,0
B,E,B,5130,100,5130,1,0
B,F,B,1405,100,1405,1,0
B,G,B,5189,100,5189,1,0
B,H,B,7145,100,7145,1,0
A,C,C,7000,100,7000,1,0
B,C,C,4987,100,4987,1,0
C,D,C,4948,100,4948,1,0
C,E,C,7142,100,7142,1,0
C,F,C,5142,100,5142,1,0
C,G,C,1416,100,1416,1,0
C,H,C,5114,100,5114,1,0
A,D,D,4954,100,4954,1,0
B,D,D,7034,100,7034,1,0
C,D,D,4976,100,4976,1,0
D,E,D,5221,100,5221,1,0
D,F,D,7131,100,7131,1,0
D,G,D,5148,100,5148,1,0
D,H,D,1402,100,1402,1,0
A,E,E,1421,100,1421,1,0
B,E,E,5158,100,5158,1,0
C,E,E,7110,100,7110,1,0
D,E,E,5175,100,5175,1,0
E,F,E,4982,100,4982,1,0
E,G,E,7040,100,7040,1,0
E,H,E,5002,100,5002,1,0
A,F,F,5147,100,5147,1,0
B,F,F,1405,100,1405,1,0
C,F,F,5161,100,5161,1,0
D,F,F,7138,100,7138,1,0
E,F,F,4975,100,4975,1,0
F,G,F,4957,100,4957,1,0
F,H,F,7062,100,7062,1,0
A,G,G,7152,100,7152,1,0
B,G,G,5165,100,5165,1,0
C,G,G,1377,100,1377,1,0
D,G,G,5130,100,5130,1,0
E,G,G,7049,100,7049,1,0
F,G,G,4961,100,4961,1,0
G,H,G,4972,100,4972,1,0
A,H,H,5102,100,5102,1,0
B,H,H,7125,100,7125,1,0
C,H,H,5158,100,5158,1,0
D,H,H,1453,100,1453,1,0
E,H,H,5013,100,5013,1,0
F,H,H,7000,100,7000,1,0
G,H,H,4955,100,4955,1,0
A,B,A,4978,100,4978,1,0
A,C,A,7064,100,7064,1,0
A,D,A,4936,100,4936,1,0
A,E,A,1367,100,1367,1,0
A,F,A,5155,100,5155,1,0
A,G,A,7142,100,7142,1,0
A,H,A,5130,100,5130,1,0
A,B,B,4945,100,4945,1,0
B,C,B,5009,100,5009,1,0
B,D,B,7014,100,7014,1,0
B,E,B,5175,100,5175,1,0
B,F,B,1424,100,1424,1,0
B,G,B,5207,100,5207,1,0
B,H,B,7154,100,7154,1,0
A,C,C,7013,100,7013,1,0
B,C,C,4986,100,4986,1,0
C,D,C,4943,100,4943,1,0
C,E,C,7183,100,7183,1,0
C,F,C,5167,100,5167,1,0
C,G,C,1444,100,1444,1,0
C,H,C,5151,100,5151,1,0
A,D,D,4976,100,4976,1,0
B,D,D,7021,100,7021,1,0
C,D,D,4973,100,4973,1,0
D,E,D,5164,100,5164,1,0
D,F,D,7118,100,7118,1,0
D,G,D,5133,100,5133,1,0
D,H,D,1391,100,1391,1,0
A,E,E,1390,100,1390,1,0
B,E,E,5154,100,5154,1,0
C,E,E,7123,100,7123,1,0
D,E,E,5171,100,5171,1,0
E,F,E,4974,100,4974,1,0
E,G,E,7034,100,7034,1,0
E,H,E,4993,100,4993,1,0
A,F,F,5161,100,5161,1,0
B,F,F,1368,100,1368,1,0
C,F,F,5151,100,5151,1,0
D,F,F,7121,100,7121,1,0
E,F,F,5000,100,5000,1,0
F,G,F,4962,100,4962,1,0
F,H,F,6972,100,6972,1,0
A,G,G,7175,100,7175,1,0
B,G,G,5172,100,5172,1,0
C,G,G,1379,100,1379,1,0
D,G,G,5115,100,5115,1,0
E,G,G,7054,100,7054,1,0
F,G,G,4947,100,4947,1,0
G,H,G,4974,100,4974,1,0
A,H,H,5120,100,5120,1,0
B,H,H,7133,100,7133,1,0
C,H,H,5192,100,5192,1,0
D,H,H,1401,100,1401,1,0
E,H,H,5001,100,5001,1,0
F,H,H,7005,100,7005,1,0
G,H,H,4943,100,4943,1,0
A,B,A,4926,100,4926,1,0
A,C,A,6988,100,6988,1,0
A,D,A,4935,100,4935,1,0
A,E,A,1389,100,1389,1,0
A,F,A,5174,100,5174,1,0
A,G,A,7181,100,7181,1,0
A,H,A,5174,100,5174,1,0
A,B,B,4957,100,4957,1,0
B,C,B,5018,100,5018,1,0
B,D,B,7029,100,7029,1,0
B,E,B,5147,100,5147,1,0
B,F,B,1362,100,1362,1,0
B,G,B,5182,100,5182,1,0
B,H,B,7160,100,7160,1,0
A,C,C,7003,100,7003,1,0
B,C,C,4984,100,4984,1,0
C,D,C,4911,100,4911,1,0
C,E,C,7185,100,7185,1,0
C,F,C,5144,100,5144,1,0
C,G,C,1411,100,1411,1,0
C,H,C,5148,100,5148,1,0
A,D,D,4973,100,4973,1,0
B,D,D,7028,100,7028,1,0
C,D,D,4960,100,4960,1,0
D,E,D,5170,100,5170,1,0
D,F,D,7119,100,7119,1,0
D,G,D,5141,100,5141,1,0
D,H,D,1377,100,1377,1,0
A,E,E,1468,100,1468,1,0
B,E,E,5159,100,5159,1,0
C,E,E,6969,100,6969,1,0
D,E,E,5152,100,5152,1,0
E,F,E,4971,100,4971,1,0
E,G,E,7041,100,7041,1,0
E,H,E,4999,100,4999,1,0
A,F,F,5218,100,5218,1,0
B,F,F,1425,100,1425,1,0
C,F,F,5176,100,5176,1,0
D,F,F,7139,100,7139,1,0
E,F,F,4957,100,4957,1,0
F,G,F,4987,100,4987,1,0
F,H,F,7029,100,7029,1,0
A,G,G,7171,100,7171,1,0
B,G,G,5174,100,5174,1,0
C,G,G,1412,100,1412,1,0
D,G,G,5170,100,5170,1,0
E,G,G,7057,100,7057,1,0
F,G,G,4955,100,4955,1,0
G,H,G,4958,100,4958,1,0
A,H,H,5112,100,5112,1,0
B,H,H,7127,100,7127,1,0
C,H,H,5121,100,5121,1,0
D,H,H,1452,100,1452,1,0
E,H,H,4968,100,4968,1,0
F,H,H,7015,100,7015,1,0
G,H,H,4986,100,4986,1,0
A,B,A,4968,100,4968,1,0
A,C,A,7088,100,7088,1,0
A,D,A,4954,100,4954,1,0
A,E,A,1413,100,1413,1,0
A,F,A,5182,100,5182,1,0
A,G,A,7135,100,7135,1,0
A,H,A,5122,100,5122,1,0
A,B,B,4939,100,4939,1,0
B,C,B,4948,100,4948,1,0
B,D,B,7016,100,7016,1,0
B,E,B,5135,100,5135,1,0
B,F,B,1397,100,1397,1,0
B,G,B,5198,100,5198,1,0
B,H,B,7105,100,7105,1,0
A,C,C,7062,100,7062,1,0
B,C,C,4968,100,4968,1,0
C,D,C,4938,100,4938,1,0
C,E,C,7195,100,7195,1,0
C,F,C,5162,100,5162,1,0
C,G,C,1418,100,1418,1,0
C,H,C,5137,100,5137,1,0
A,D,D,4953,100,4953,1,0
B,D,D,7031,100,7031,1,0
C,D,D,4977,100,4977,1,0
D,E,D,5117,100,5117,1,0
D,F,D,7123,100,7123,1,0
D,G,D,5133,100,5133,1,0
D,H,D,1419,100,1419,1,0
A,E,E,1369,100,1369,1,0
B,E,E,5143,100,5143,1,0
C,E,E,7200,100,7200,1,0
D,E,E,5209,100,5209,1,0
E,F,E,4977,100,4977,1,0
E,G,E,7076,100,7076,1,0
E,H,E,4971,100,4971,1,0
A,F,F,5179,100,5179,1,0
B,F,F,1427,100,1427,1,0
C,F,F,5148,100,5148,1,0
D,F,F,7125,100,7125,1,0
E,F,F,5002,100,5002,1,0
F,G,F,4971,100,4971,1,0
F,H,F,7024,100,7024,1,0
A,G,G,7151,100,7151,1,0
B,G,G,5166,100,5166,1,0
C,G,G,1356,100,1356,1,0
D,G,G,5150,100,5150,1,0
E,G,G,7042,100,7042,1,0
F,G,G,4985,100,4985,1,0
G,H,G,4910,100,4910,1,0
A,H,H,5143,100,5143,1,0
B,H,H,7122,100,7122,1,0
C,H,H,5181,100,5181,1,0
D,H,H,1427,100,1427,1,0
E,H,H,4980,100,4980,1,0
F,H,H,6981,100,6981,1,0
G,H,H,4934,100,4934,1,0
A,B,A,4933,100,4933,1,0
A,C,A,6988,100,6988,1,0
A,D,A,4955,100,4955,1,0
A,E,A,1431,100,1431,1,0
A,F,A,5162,100,5162,1,0
A,G,A,7158,100,7158,1,0
A,H,A,5122,100,5122,1,0
A,B,B,4930,100,4930,1,0
B,C,B,4962,100,4962,1,0
B,D,B,7037,100,7037,1,0
B,E,B,5096,100,5096,1,0
B,F,B,1362,100,1362,1,0
B,G,B,5169,100,5169,1,0
B,H,B,7141,100,7141,1,0
A,C,C,7080,100,7080,1,0
B,C,C,4992,100,4992,1,0
C,D,C,4959,100,4959,1,0
C,E,C,7213,100,7213,1,0
C,F,C,5168,100,5168,1,0
C,G,C,1379,100,1379,1,0
C,H,C,5173,100,5173,1,0
A,D,D,4954,100,4954,1,0
B,D,D,6991,100,6991,1,0
C,D,D,4973,100,4973,1,0
D,E,D,5190,100,5190,1,0
D,F,D,7152,100,7152,1,0
D,G,D,5129,100,5129,1,0
D,H,D,1397,100,1397,1,0
A,E,E,1414,100,1414,1,0
B,E,E,5125,100,5125,1,0
C,E,E,7178,100,7178,1,0
D,E,E,5110,100,5110,1,0
E,F,E,4952,100,4952,1,0
E,G,E,7014,100,7014,1,0
E,H,E,4965,100,4965,1,0
A,F,F,5195,100,5195,1,0
B,F,F,1401,100,1401,1,0
C,F,F,5179,100,5179,1,0
D,F,F,7129,100,7129,1,0
E,F,F,4974,100,4974,1,0
F,G,F,4949,100,4949,1,0
F,H,F,6983,100,6983,1,0
A,G,G,7142,100,7142,1,0
B,G,G,5190,100,5190,1,0
C,G,G,1419,100,1419,1,0
D,G,G,5133,100,5133,1,0
E,G,G,7064,100,7064,1,0
F,G,G,4994,100,4994,1,0
G,H,G,4930,100,4930,1,0
A,H,H,5158,100,5158,1,0
B,H,H,7159,100,7159,1,0
C,H,H,5136,100,5136,1,0
D,H,H,1361,100,1361,1,0
E,H,H,4979,100,4979,1,0
F,H,H,6983,100,6983,1,0
G,H,H,4930,100,4930,1,0
A,B,A,4948,100,4948,1,0
A,C,A,7040,100,7040,1,0
A,D,A,4939,100,4939,1,0
A,E,A,1392,100,1392,1,0
A,F,A,5143,100,5143,1,0
A,G,A,7209,100,7209,1,0
A,H,A,5142,100,5142,1,0
A,B,B,4961,100,4961,1,0
B,C,B,5001,100,5001,1,0
B,D,B,6981,100,6981,1,0
B,E,B,5135,100,5135,1,0
B,F,B,1392,100,1392,1,0
B,G,B,5171,100,5171,1,0
B,H,B,7096,100,7096,1,0
A,C,C,7017,100,7017,1,0
B,C,C,5006,100,5006,1,0
C,D,C,4938,100,4938,1,0
C,E,C,7154,100,7154,1,0
C,F,C,5162,100,5162,1,0
C,G,C,1389,100,1389,1,0
C,H,C,5150,100,5150,1,0
A,D,D,4922,100,4922,1,0
B,D,D,7030,100,7030,1,0
C,D,D,4980,100,4980,1,0
D,E,D,5101,100,5101,1,0
D,F,D,7153,100,7153,1,0
D,G,D,5139,100,5139,1,0
D,H,D,1370,100,1370,1,0
A,E,E,1343,100,1343,1,0
B,E,E,5114,100,5114,1,0
C,E,E,7189,100,7189,1,0
D,E,E,5158,100,5158,1,0
E,F,E,4994,100,4994,1,0
E,G,E,7054,100,7054,1,0
E,H,E,4961,100,4961,1,0
A,F,F,5224,100,5224,1,0
B,F,F,1391,100,1391,1,0
C,F,F,5149,100,5149,1,0
D,F,F,7111,100,7111,1,0
E,F,F,4974,100,4974,1,0
F,G,F,4963,100,4963,1,0
F,H,F,6965,100,6965,1,0
A,G,G,7200,100,7200,1,0
B,G,G,5206,100,5206,1,0
C,G,G,1394,100,1394,1,0
D,G,G,5158,100,5158,1,0
E,G,G,7041,100,7041,1,0
F,G,G,4985,100,4985,1,0
G,H,G,4996,100,4996,1,0
A,H,H,5155,100,5155,1,0
B,H,H,7170,100,7170,1,0
C,H,H,5138,100,5138,1,0
D,H,H,1406,100,1406,1,0
E,H,H,4989,100,4989,1,0
F,H,H,7004,100,7004,1,0
G,H,H,4932,100,4932,1,0
A,B,A,4967,100,4967,1,0
A,C,A,7022,100,7022,1,0
A,D,A,4950,100,4950,1,0
A,E,A,1402,100,1402,1,0
A,F,A,5200,100,5200,1,0
A,G,A,7122,100,7122,1,0
A,H,A,5148,100,5148,1,0
A,B,B,4982,100,4982,1,0
B,C,B,4968,100,4968,1,0
B,D,B,7055,100,7055,1,0
B,E,B,5128,100,5128,1,0
B,F,B,1341,100,1341,1,0
B,G,B,5160,100,5160,1,0
B,H,B,7153,100,7153,1,0
A,C,C,7042,100,7042,1,0
B,C,C,4990,100,4990,1,0
C,D,C,4930,100,4930,1,0
C,E,C,7180,100,7180,1,0
C,F,C,5171,100,5171,1,0
C,G,C,1362,100,1362,1,0
C,H,C,5169,100,5169,1,0
A,D,D,4973,100,4973,1,0
B,D,D,7020,100,7020,1,0
C,D,D,4939,100,4939,1,0
D,E,D,5125,100,5125,1,0
D,F,D,7137,100,7137,1,0
D,G,D,5174,100,5174,1,0
D,H,D,1446,100,1446,1,0
A,E,E,1394,100,1394,1,0
B,E,E,5138,100,5138,1,0
C,E,E,7186,100,7186,1,0
D,E,E,5107,100,5107,1,0
E,F,E,4941,100,4941,1,0
E,G,E,7072,100,7072,1,0
E,H,E,5017,100,5017,1,0
A,F,F,5177,100,5177,1,0
B,F,F,1409,100,1409,1,0
C,F,F,5162,100,5162,1,0
D,F,F,7113,100,7113,1,0
E,F,F,4980,100,4980,1,0
F,G,F,4999,100,4999,1,0
F,H,F,6992,100,6992,1,0
A,G,G,7204,100,7204,1,0
B,G,G,5214,100,5214,1,0
C,G,G,1424,100,1424,1,0
D,G,G,5131,100,5131,1,0
E,G,G,7057,100,7057,1,0
F,G,G,4988,100,4988,1,0
G,H,G,4946,100,4946,1,0
A,H,H,5097,100,5097,1,0
B,H,H,7177,100,7177,1,0
C,H,H,5141,100,5141,1,0
D,H,H,1371,100,1371,1,0
E,H,H,4967,100,4967,1,0
F,H,H,7038,100,7038,1,0
G,H,H,4951,100,4951,1,0
A,B,A,4931,100,4931,1,0
A,C,A,7029,100,7029,1,0
A,D,A,4952,100,4952,1,0
A,E,A,1422,100,1422,1,0
A,F,A,5172,100,5172,1,0
A,G,A,7207,100,7207,1,0
A,H,A,5111,100,5111,1,0
A,B,B,4959,100,4959,1,0
B,C,B,4978,100,4978,1,0
B,D,B,6997,100,6997,1,0
B,E,B,5150,100,5150,1,0
B,F,B,1368,100,1368,1,0
B,G,B,5185,100,5185,1,0
B,H,B,7138,100,7138,1,0
A,C,C,7004,100,7004,1,0
B,C,C,5012,100,5012,1,0
C,D,C,4917,100,4917,1,0
C,E,C,7162,100,7162,1,0
C,F,C,5167,100,5167,1,0
C,G,C,1416,100,1416,1,0
C,H,C,5161,100,5161,1,0
A,D,D,4958,100,4958,1,0
B,D,D,7029,100,7029,1,0
C,D,D,4966,100,4966,1,0
D,E,D,5165,100,5165,1,0
D,F,D,7200,100,7200,1,0
D,G,D,5140,100,5140,1,0
D,H,D,1455,100,1455,1,0
A,E,E,1393,100,1393,1,0
B,E,E,5186,100,5186,1,0
C,E,E,7197,100,7197,1,0
D,E,E,5155,100,5155,1,0
E,F,E,5013,100,5013,1,0
E,G,E,7109,100,7109,1,0
E,H,E,4955,100,4955,1,0
A,F,F,5163,100,5163,1,0
B,F,F,1415,100,1415,1,0
C,F,F,5153,100,5153,1,0
D,F,F,7098,100,7098,1,0
E,F,F,4981,100,4981,1,0
F,G,F,4980,100,4980,1,0
F,H,F,7016,100,7016,1,0
A,G,G,7184,100,7184,1,0
B,G,G,5184,100,5184,1,0
C,G,G,1375,100,1375,1,0
D,G,G,5130,100,5130,1,0
E,G,G,7064,100,7064,1,0
F,G,G,4949,100,4949,1,0
G,H,G,4927,100,4927,1,0
A,H,H,5144,100,5144,1,0
B,H,H,7175,100,7175,1,0
C,H,H,5158,100,5158,1,0
D,H,H,1424,100,1424,1,0
E,H,H,4976,100,4976,1,0
F,H,H,7030,100,7030,1,0
G,H,H,4977,100,4977,1,0
A,B,A,4923,100,4923,1,0
A,C,A,7061,100,7061,1,0
A,D,A,4940,100,4940,1,0
A,E,A,1458,100,1458,1,0
A,F,A,5165,100,5165,1,0
A,G,A,7191,100,7191,1,0
A,H,A,5119,100,5119,1,0
A,B,B,4976,100,4976,1,0
B,C,B,4979,100,4979,1,0
B,D,B,6998,100,6998,1,0
B,E,B,5142,100,5142,1,0
B,F,B,1389,100,1389,1,0
B,G,B,5172,100,5172,1,0
B,H,B,7123,100,7123,1,0
A,C,C,7035,100,7035,1,0
B,C,C,5010,100,5010,1,0
C,D,C,4934,100,4934,1,0
C,E,C,7185,100,7185,1,0
C,F,C,5162,100,5162,1,0
C,G,C,1372,100,1372,1,0
C,H,C,5139,100,5139,1,0
A,D,D,4944,100,4944,1,0
B,D,D,6983,100,6983,1,0
C,D,D,4954,100,4954,1,0
D,E,D,5175,100,5175,1,0
D,F,D,7134,100,7134,1,0
D,G,D,5128,100,5128,1,0
D,H,D,1442,100,1442,1,0
A,E,E,1434,100,1434,1,0
B,E,E,5143,100,5143,1,0
C,E,E,7157,100,7157,1,0
D,E,E,5141,100,5141,1,0
E,F,E,4971,100,4971,1,0
E,G,E,7035,100,7035,1,0
E,H,E,4910,100,4910,1,0
A,F,F,5190,100,5190,1,0
B,F,F,1415,100,1415,1,0
C,F,F,5150,100,5150,1,0
D,F,F,7136,100,7136,1,0
E,F,F,4991,100,4991,1,0
F,G,F,4949,100,4949,1,0
F,H,F,6991,100,6991,1,0
A,G,G,7133,100,7133,1,0
B,G,G,5178,100,5178,1,0
C,G,G,1389,100,1389,1,0
D,G,G,5111,100,5111,1,0
E,G,G,7049,100,7049,1,0
F,G,G,4986,100,4986,1,0
G,H,G,4917,100,4917,1,0
A,H,H,5143,100,5143,1,0
B,H,H,7150,100,7150,1,0
C,H,H,5176,100,5176,1,0
D,H,H,1431,100,1431,1,0
E,H,H,4986,100,4986,1,0
F,H,H,6969,100,6969,1,0
G,H,H,4987,100,4987,1,0
A,B,A,4943,100,4943,1,0
A,C,A,6994,100,6994,1,0
A,D,A,4956,100,4956,1,0
A,E,A,1418,100,1418,1,0
A,F,A,5144,100,5144,1,0
A,G,A,7197,100,7197,1,0
A,H,A,5218,100,5218,1,0
A,B,B,4971,100,4971,1,0
B,C,B,4980,100,4980,1,0
B,D,B,6977,100,6977,1,0
B,E,B,5151,100,5151,1,0
B,F,B,1392,100,1392,1,0
B,G,B,5204,100,5204,1,0
B,H,B,7111,100,7111,1,0
A,C,C,7015,100,7015,1,0
B,C,C,4986,100,4986,1,0
C,D,C,4959,100,4959,1,0
C,E,C,7151,100,7151,1,0
C,F,C,5171,100,5171,1,0
C,G,C,1416,100,1416,1,0
C,H,C,5168,100,5168,1,0
A,D,D,4963,100,4963,1,0
B,D,D,6996,100,6996,1,0
C,D,D,4982,100,4982,1,0
D,E,D,5149,100,5149,1,0
D,F,D,7157,100,7157,1,0
D,G,D,5096,100,5096,1,0
D,H,D,1376,100,1376,1,0
A,E,E,1421,100,1421,1,0
B,E,E,5124,100,5124,1,0
C,E,E,7196,100,7196,1,0
D,E,E,5097,100,5097,1,0
E,F,E,4989,100,4989,1,0
E,G,E,7039,100,7039,1,0
E,H,E,5027,100,5027,1,0
A,F,F,5187,100,5187,1,0
B,F,F,1397,100,1397,1,0
C,F,F,5119,100,5119,1,0
D,F,F,7131,100,7131,1,0
E,F,F,4958,100,4958,1,0
F,G,F,4985,100,4985,1,0
F,H,F,6970,100,6970,1,0
A,G,G,7197,100,7197,1,0
B,G,G,5252,100,5252,1,0
C,G,G,1390,100,1390,1,0
D,G,G,5143,100,5143,1,0
E,G,G,7045,100,7045,1,0
F,G,G,4980,100,4980,1,0
G,H,G,4910,100,4910,1,0
A,H,H,5169,100,5169,1,0
B,H,H,7201,100,7201,1,0
C,H,H,5170,100,5170,1,0
D,H,H,1419,100,1419,1,0
E,H,H,4977,100,4977,1,0
F,H,H,6998,100,6998,1,0
G,H,H,4910,100,4910,1,0
A,B,A,4934,100,4934,1,0
A,C,A,7033,100,7033,1,0
A,D,A,4950,100,4950,1,0
A,E,A,1421,100,1421,1,0
A,F,A,5206,100,5206,1,0
A,G,A,7168,100,7168,1,0
A,H,A,5177,100,5177,1,0
A,B,B,4970,100,4970,1,0
B,C,B,4983,100,4983,1,0
B,D,B,7011,100,7011,1,0
B,E,B,5184,100,5184,1,0
B,F,B,1409,100,1409,1,0
B,G,B,5208,100,5208,1,0
B,H,B,7104,100,7104,1,0
A,C,C,7020,100,7020,1,0
B,C,C,4983,100,4983,1,0
C,D,C,4963,100,4963,1,0
C,E,C,7169,100,7169,1,0
C,F,C,5154,100,5154,1,0
C,G,C,1407,100,1407,1,0
C,H,C,5172,100,5172,1,0
A,D,D,4931,100,4931,1,0
B,D,D,7004,100,7004,1,0
C,D,D,4947,100,4947,1,0
D,E,D,5189,100,5189,1,0
D,F,D,7103,100,7103,1,0
D,G,D,5122,100,5122,1,0
D,H,D,1394,100,1394,1,0
A,E,E,1497,100,1497,1,0
B,E,E,5160,100,5160,1,0
C,E,E,7192,100,7192,1,0
D,E,E,5153,100,5153,1,0
E,F,E,4983,100,4983,1,0
E,G,E,7046,100,7046,1,0
E,H,E,5000,100,5000,1,0
A,F,F,5161,100,5161,1,0
B,F,F,1370,100,1370,1,0
C,F,F,5149,100,5149,1,0
D,F,F,7132,100,7132,1,0
E,F,F,4984,100,4984,1,0
F,G,F,4977,100,4977,1,0
F,H,F,6994,100,6994,1,0
A,G,G,7187,100,7187,1,0
B,G,G,5222,100,5222,1,0
C,G,G,1462,100,1462,1,0
D,G,G,5114,100,5114,1,0
E,G,G,7053,100,7053,1,0
F,G,G,4974,100,4974,1,0
G,H,G,4934,100,4934,1,0
A,H,H,5124,100,5124,1,0
B,H,H,7153,100,7153,1,0
C,H,H,5144,100,5144,1,0
D,H,H,1430,100,1430,1,0
E,H,H,4975,100,4975,1,0
F,H,H,7000,100,7000,1,0
G,H,H,4945,100,4945,1,0
A,B,A,4993,100,4993,1,0
A,C,A,7053,100,7053,1,0
A,D,A,4947,100,4947,1,0
A,E,A,1444,100,1444,1,0
A,F,A,5216,100,5216,1,0
A,G,A,7158,100,7158,1,0
A,H,A,5150,100,5150,1,0
A,B,B,4933,100,4933,1,0
B,C,B,5001,100,5001,1,0
B,D,B,6999,100,6999,1,0
B,E,B,5145,100,5145,1,0
B,F,B,1429,100,1429,1,0
B,G,B,5179,100,5179,1,0
B,H,B,7170,100,7170,1,0
A,C,C,7035,100,7035,1,0
B,C,C,4952,100,4952,1,0
C,D,C,4946,100,4946,1,0
C,E,C,7117,100,7117,1,0
C,F,C,5133,100,5133,1,0
C,G,C,1416,100,1416,1,0
C,H,C,5135,100,5135,1,0
A,D,D,4958,100,4958,1,0
B,D,D,6993,100,6993,1,0
C,D,D,4960,100,4960,1,0
D,E,D,5101,100,5101,1,0
D,F,D,7120,100,7120,1,0
D,G,D,5120,100,5120,1,0
D,H,D,1394,100,1394,1,0
A,E,E,1425,100,1425,1,0
B,E,E,5118,100,5118,1,0
C,E,E,7172,100,7172,1,0
D,E,E,5254,100,5254,1,0
E,F,E,5008,100,5008,1,0
E,G,E,7018,100,7018,1,0
E,H,E,4994,100,4994,1,0
A,F,F,5218,100,5218,1,0
B,F,F,1405,100,1405,1,0
C,F,F,5168,100,5168,1,0
D,F,F,7135,100,7135,1,0
E,F,F,4961,100,4961,1,0
F,G,F,4956,100,4956,1,0
F,H,F,7039,100,7039,1,0
A,G,G,7185,100,7185,1,0
B,G,G,5161,100,5161,1,0
C,G,G,1375,100,1375,1,0
D,G,G,5132,100,5132,1,0
E,G,G,7050,100,7050,1,0
F,G,G,4969,100,4969,1,0
G,H,G,4988,100,4988,1,0
A,H,H,5153,100,5153,1,0
B,H,H,7167,100,7167,1,0
C,H,H,5129,100,5129,1,0
D,H,H,1355,100,1355,1,0
E,H,H,4998,100,4998,1,0
F,H,H,6978,100,6978,1,0
G,H,H,4993,100,4993,1,0
A,B,A,4953,100,4953,1,0
A,C,A,7018,100,7018,1,0
A,D,A,4946,100,4946,1,0
A,E,A,1388,100,1388,1,0
A,F,A,5217,100,5217,1,0
A,G,A,7163,100,7163,1,0
A,H,A,5164,100,5164,1,0
A,B,B,4996,100,4996,1,0
B,C,B,4963,100,4963,1,0
B,D,B,7008,100,7008,1,0
B,E,B,5103,100,5103,1,0
B,F,B,1410,100,1410,1,0
B,G,B,5211,100,5211,1,0
B,H,B,7135,100,7135,1,0
A,C,C,7001,100,7001,1,0
B,C,C,4964,100,4964,1,0
C,D,C,4934,100,4934,1,0
C,E,C,7140,100,7140,1,0
C,F,C,5138,100,5138,1,0
C,G,C,1381,100,1381,1,0
C,H,C,5159,100,5159,1,0
A,D,D,4943,100,4943,1,0
B,D,D,6995,100,6995,1,0
C,D,D,4948,100,4948,1,0
D,E,D,5163,100,5163,1,0
D,F,D,7093,100,7093,1,0
D,G,D,5105,100,5105,1,0
D,H,D,1398,100,1398,1,0
A,E,E,1429,100,1429,1,0
B,E,E,5117,100,5117,1,0
C,E,E,7195,100,7195,1,0
D,E,E,5122,100,5122,1,0
E,F,E,4986,100,4986,1,0
E,G,E,7060,100,7060,1,0
E,H,E,4958,100,4958,1,0
A,F,F,5232,100,5232,1,0
B,F,F,1379,100,1379,1,0
C,F,F,5158,100,5158,1,0
D,F,F,7139,100,7139,1,0
E,F,F,4988,100,4988,1,0
F,G,F,4970,100,4970,1,0
F,H,F,7053,100,7053,1,0
A,G,G,7171,100,7171,1,0
B,G,G,5161,100,5161,1,0
C,G,G,1406,100,1406,1,0
D,G,G,5118,100,5118,1,0
E,G,G,7029,100,7029,1,0
F,G,G,4932,100,4932,1,0
G,H,G,4986,100,4986,1,0
A,H,H,5181,100,5181,1,0
B,H,H,7162,100,7162,1,0
C,H,H,5149,100,5149,1,0
D,H,H,1412,100,1412,1,0
E,H,H,4975,100,4975,1,0
F,H,H,7015,100,7015,1,0
G,H,H,4977,100,4977,1,0
A,B,A,4939,100,4939,1,0
A,C,A,7023,100,7023,1,0
A,D,A,4958,100,4958,1,0
A,E,A,1430,100,1430,1,0
A,F,A,5186,100,5186,1,0
A,G,A,7146,100,7146,1,0
A,H,A,5179,100,5179,1,0
A,B,B,4986,100,4986,1,0
B,C,B,4947,100,4947,1,0
B,D,B,7054,100,7054,1,0
B,E,B,5140,100,5140,1,0
B,F,B,1409,100,1409,1,0
B,G,B,5164,100,5164,1,0
B,H,B,7164,100,7164,1,0
A,C,C,6977,100,6977,1,0
B,C,C,5006,100,5006,1,0
C,D,C,4976,100,4976,1,0
C,E,C,7180,100,7180,1,0
C,F,C,5166,100,5166,1,0
C,G,C,1409,100,1409,1,0
C,H,C,5158,100,5158,1,0
A,D,D,4955,100,4955,1,0
B,D,D,7049,100,7049,1,0
C,D,D,4937,100,4937,1,0
D,E,D,5113,100,5113,1,0
D,F,D,7181,100,7181,1,0
D,G,D,5163,100,5163,1,0
D,H,D,1414,100,1414,1,0
A,E,E,1360,100,1360,1,0
B,E,E,5165,100,5165,1,0
C,E,E,7110,100,7110,1,0
D,E,E,5100,100,5100,1,0
E,F,E,4988,100,4988,1,0
E,G,E,7035,100,7035,1,0
E,H,E,5014,100,5014,1,0
A,F,F,5186,100,5186,1,0
B,F,F,1417,100,1417,1,0
C,F,F,5151,100,5151,1,0
D,F,F,7145,100,7145,1,0
E,F,F,4978,100,4978,1,0
F,G,F,4963,100,4963,1,0
F,H,F,7012,100,7012,1,0
A,G,G,7145,100,7145,1,0
B,G,G,5163,100,5163,1,0
C,G,G,1370,100,1370,1,0
D,G,G,5103,100,5103,1,0
E,G,G,7055,100,7055,1,0
F,G,G,4939,100,4939,1,0
G,H,G,4945,100,4945,1,0
A,H,H,5165,100,5165,1,0
B,H,H,7156,100,7156,1,0
C,H,H,5186,100,5186,1,0
D,H,H,1379,100,1379,1,0
E,H,H,4959,100,4959,1,0
F,H,H,6976,100,6976,1,0
G,H,H,4961,100,4961,1,0
A,B,A,4951,100,4951,1,0
A,C,A,6988,100,6988,1,0
A,D,A,4945,100,4945,1,0
A,E,A,1439,100,1439,1,0
A,F,A,5170,100,5170,1,0
A,G,A,7185,100,7185,1,0
A,H,A,5131,100,5131,1,0
A,B,B,4953,100,4953,1,0
B,C,B,4960,100,4960,1,0
B,D,B,7043,100,7043,1,0
B,E,B,5133,100,5133,1,0
B,F,B,1383,100,1383,1,0
B,G,B,5190,100,5190,1,0
B,H,B,7181,100,7181,1,0
A,C,C,7004,100,7004,1,0
B,C,C,4992,100,4992,1,0
C,D,C,4948,100,4948,1,0
C,E,C,7182,100,7182,1,0
C,F,C,5135,100,5135,1,0
C,G,C,1385,100,1385,1,0
C,H,C,5174,100,5174,1,0
A,D,D,4956,100,4956,1,0
B,D,D,7031,100,7031,1,0
C,D,D,4893,100,4893,1,0
D,E,D,5173,100,5173,1,0
D,F,D,7159,100,7159,1,0
D,G,D,5127,100,5127,1,0
D,H,D,1365,100,1365,1,0
A,E,E,1447,100,1447,1,0
B,E,E,5164,100,5164,1,0
C,E,E,7160,100,7160,1,0
D,E,E,5185,100,5185,1,0
E,F,E,4979,100,4979,1,0
E,G,E,7034,100,7034,1,0
E,H,E,4945,100,4945,1,0
A,F,F,5157,100,5157,1,0
B,F,F,1394,100,1394,1,0
C,F,F,5144,100,5144,1,0
D,F,F,7133,100,7133,1,0
E,F,F,4993,100,4993,1,0
F,G,F,4981,100,4981,1,0
F,H,F,7042,100,7042,1,0
A,G,G,7196,100,7196,1,0
B,G,G,5219,100,5219,1,0
C,G,G,1420,100,1420,1,0
D,G,G,5157,100,5157,1,0
E,G,G,7037,100,7037,1,0
F,G,G,4952,100,4952,1,0
G,H,G,4934,100,4934,1,0
A,H,H,5164,100,5164,1,0
B,H,H,7168,100,7168,1,0
C,H,H,5124,100,5124,1,0
D,H,H,1376,100,1376,1,0
E,H,H,4986,100,4986,1,0
F,H,H,6992,100,6992,1,0
G,H,H,4939,100,4939,1,0
A,B,A,4950,100,4950,1,0
A,C,A,6988,100,6988,1,0
A,D,A,4944,100,4944,1,0
A,E,A,1398,100,1398,1,0
A,F,A,5175,100,5175,1,0
A,G,A,7118,100,7118,1,0
A,H,A,5142,100,5142,1,0
A,B,B,4970,100,4970,1,0
B,C,B,4965,100,4965,1,0
B,D,B,6982,100,6982,1,0
B,E,B,5152,100,5152,1,0
B,F,B,1393,100,1393,1,0
B,G,B,5183,100,5183,1,0
B,H,B,7117,100,7117,1,0
A,C,C,7032,100,7032,1,0
B,C,C,4969,100,4969,1,0
C,D,C,4960,100,4960,1,0
C,E,C,7184,100,7184,1,0
C,F,C,5152,100,5152,1,0
C,G,C,1385,100,1385,1,0
C,H,C,5144,100,5144,1,0
A,D,D,4944,100,4944,1,0
B,D,D,7010,100,7010,1,0
C,D,D,4947,100,4947,1,0
D,E,D,5138,100,5138,1,0
D,F,D,7149,100,7149,1,0
D,G,D,5126,100,5126,1,0
D,H,D,1471,100,1471,1,0
A,E,E,1446,100,1446,1,0
B,E,E,5104,100,5104,1,0
C,E,E,7158,100,7158,1,0
D,E,E,5119,100,5119,1,0
E,F,E,4991,100,4991,1,0
E,G,E,7050,100,7050,1,0
E,H,E,4941,100,4941,1,0
A,F,F,5167,100,5167,1,0
B,F,F,1382,100,1382,1,0
C,F,F,5131,100,5131,1,0
D,F,F,7147,100,7147,1,0
E,F,F,5002,100,5002,1,0
F,G,F,4965,100,4965,1,0
F,H,F,6989,100,6989,1,0
A,G,G,7181,100,7181,1,0
B,G,G,5203,100,5203,1,0
C,G,G,1351,100,1351,1,0
D,G,G,5147,100,5147,1,0
E,G,G,7084,100,7084,1,0
F,G,G,4942,100,4942,1,0
G,H,G,4972,100,4972,1,0
A,H,H,5160,100,5160,1,0
B,H,H,7134,100,7134,1,0
C,H,H,5170,100,5170,1,0
D,H,H,1467,100,1467,1,0
E,H,H,4968,100,4968,1,0
F,H,H,7057,100,7057,1,0
G,H,H,4936,100,4936,1,0
A,B,A,5012,100,5012,1,0
A,C,A,7017,100,7017,1,0
A,D,A,4963,100,4963,1,0
A,E,A,1406,100,1406,1,0
A,F,A,5195,100,5195,1,0
A,G,A,7183,100,7183,1,0
A,H,A,5131,100,5131,1,0
A,B,B,4957,100,4957,1,0
B,C,B,4982,100,4982,1,0
B,D,B,6985,100,6985,1,0
B,E,B,5148,100,5148,1,0
B,F,B,1370,100,1370,1,0
B,G,B,5188,100,5188,1,0
B,H,B,7161,100,7161,1,0
A,C,C,7012,100,7012,1,0
B,C,C,4952,100,4952,1,0
C,D,C,4959,100,4959,1,0
C,E,C,7166,100,7166,1,0
C,F,C,5157,100,5157,1,0
C,G,C,1449,100,1449,1,0
C,H,C,5135,100,5135,1,0
A,D,D,4930,100,4930,1,0
B,D,D,7046,100,7046,1,0
C,D,D,4918,100,4918,1,0
D,E,D,5180,100,5180,1,0
D,F,D,7093,100,7093,1,0
D,G,D,5153,100,5153,1,0
D,H,D,1400,100,1400,1,0
A,E,E,1360,100,1360,1,0
B,E,E,5113,100,5113,1,0
C,E,E,7168,100,7168,1,0
D,E,E,5151,100,5151,1,0
E,F,E,4948,100,4948,1,0
E,G,E,7050,100,7050,1,0
E,H,E,5036,100,5036,1,0
A,F,F,5179,100,5179,1,0
B,F,F,1374,100,1374,1,0
C,F,F,5174,100,5174,1,0
D,F,F,7147,100,7147,1,0
E,F,F,4956,100,4956,1,0
F,G,F,4986,100,4986,1,0
F,H,F,7059,100,7059,1,0
A,G,G,7182,100,7182,1,0
B,G,G,5163,100,5163,1,0
C,G,G,1379,100,1379,1,0
D,G,G,5117,100,5117,1,0
E,G,G,7038,100,7038,1,0
F,G,G,4954,100,4954,1,0
G,H,G,4947,100,4947,1,0
A,H,H,5150,100,5150,1,0
B,H,H,7119,100,7119,1,0
C,H,H,5159,100,5159,1,0
D,H,H,1425,100,1425,1,0
E,H,H,4955,100,4955,1,0
F,H,H,7006,100,7006,1,0
G,H,H,4982,100,4982,1,0
A,B,A,4947,100,4947,1,0
A,C,A,7050,100,7050,1,0
A,D,A,4940,100,4940,1,0
A,E,A,1384,100,1384,1,0
A,F,A,5193,100,5193,1,0
A,G,A,7155,100,7155,1,0
A,H,A,5148,100,5148,1,0
A,B,B,4978,100,4978,1,0
B,C,B,4999,100,4999,1,0
B,D,B,6984,100,6984,1,0
B,E,B,5142,100,5142,1,0
B,F,B,1391,100,1391,1,0
B,G,B,5177,100,5177,1,0
B,H,B,7120,100,7120,1,0
A,C,C,7016,100,7016,1,0
B,C,C,4950,100,4950,1,0
C,D,C,4903,100,4903,1,0
C,E,C,7182,100,7182,1,0
C,F,C,5153,100,5153,1,0
C,G,C,1380,100,1380,1,0
C,H,C,5133,100,5133,1,0
A,D,D,4939,100,4939,1,0
B,D,D,6971,100,6971,1,0
C,D,D,4926,100,4926,1,0
D,E,D,5142,100,5142,1,0
D,F,D,7154,100,7154,1,0
D,G,D,5118,100,5118,1,0
D,H,D,1360,100,1360,1,0
A,E,E,1417,100,1417,1,0
B,E,E,5153,100,5153,1,0
C,E,E,7157,100,7157,1,0
D,E,E,5192,100,5192,1,0
E,F,E,4998,100,4998,1,0
E,G,E,7053,100,7053,1,0
E,H,E,4964,100,4964,1,0
A,F,F,5195,100,5195,1,0
B,F,F,1410,100,1410,1,0
C,F,F,5168,100,5168,1,0
D,F,F,7133,100,7133,1,0
E,F,F,4985,100,4985,1,0
F,G,F,4977,100,4977,1,0
F,H,F,7022,100,7022,1,0
A,G,G,7149,100,7149,1,0
B,G,G,5183,100,5183,1,0
C,G,G,1408,100,1408,1,0
D,G,G,5198,100,5198,1,0
E,G,G,7083,100,7083,1,0
F,G,G,4979,100,4979,1,0
G,H,G,4905,100,4905,1,0
A,H,H,5188,100,5188,1,0
B,H,H,7138,100,7138,1,0
C,H,H,5122,100,5122,1,0
D,H,H,1377,100,1377,1,0
E,H,H,4964,100,4964,1,0
F,H,H,7035,100,7035,1,0
G,H,H,4940,100,4940,1,0
A,B,A,4943,100,4943,1,0
A,C,A,7008,100,7008,1,0
A,D,A,4967,100,4967,1,0
A,E,A,1403,100,1403,1,0
A,F,A,5162,100,5162,1,0
A,G,A,7155,100,7155,1,0
A,H,A,5136,100,5136,1,0
A,B,B,4926,100,4926,1,0
B,C,B,4997,100,4997,1,0
B,D,B,6977,100,6977,1,0
B,E,B,5162,100,5162,1,0
B,F,B,1381,100,1381,1,0
B,G,B,5181,100,5181,1,0
B,H,B,7140,100,7140,1,0
A,C,C,7040,100,7040,1,0
B,C,C,4984,100,4984,1,0
C,D,C,4968,100,4968,1,0
C,E,C,7177,100,7177,1,0
C,F,C,5152,100,5152,1,0
C,G,C,1349,100,1349,1,0
C,H,C,5165,100,5165,1,0
A,D,D,4941,100,4941,1,0
B,D,D,7048,100,7048,1,0
C,D,D,4931,100,4931,1,0
D,E,D,5130,100,5130,1,0
D,F,D,7104,100,7104,1,0
D,G,D,5118,100,5118,1,0
D,H,D,1405,100,1405,1,0
A,E,E,1419,100,1419,1,0
B,E,E,5166,100,5166,1,0
C,E,E,7184,100,7184,1,0
D,E,E,5127,100,5127,1,0
E,F,E,4960,100,4960,1,0
E,G,E,7071,100,7071,1,0
E,H,E,4969,100,4969,1,0
A,F,F,5153,100,5153,1,0
B,F,F,1400,100,1400,1,0
C,F,F,5167,100,5167,1,0
D,F,F,7148,100,7148,1,0
E,F,F,4957,100,4957,1,0
F,G,F,4983,100,4983,1,0
F,H,F,6998,100,6998,1,0
A,G,G,7189,100,7189,1,0
B,G,G,5195,100,5195,1,0
C,G,G,1354,100,1354,1,0
D,G,G,5110,100,5110,1,0
E,G,G,7052,100,7052,1,0
F,G,G,4985,100,4985,1,0
G,H,G,4965,100,4965,1,0
A,H,H,5163,100,5163,1,0
B,H,H,7144,100,7144,1,0
C,H,H,5151,100,5151,1,0
D,H,H,1442,100,1442,1,0
E,H,H,4949,100,4949,1,0
F,H,H,7000,100,7000,1,0
G,H,H,4959,100,4959,1,0
A,B,A,4982,100,4982,1,0
A,C,A,7030,100,7030,1,0
A,D,A,4942,100,4942,1,0
A,E,A,1417,100,1417,1,0
A,F,A,5140,100,5140,1,0
A,G,A,7207,100,7207,1,0
A,H,A,5158,100,5158,1,0
A,B,B,4988,100,4988,1,0
B,C,B,5014,100,5014,1,0
B,D,B,6967,100,6967,1,0
B,E,B,5182,100,5182,1,0
B,F,B,1377,100,1377,1,0
B,G,B,5188,100,5188,1,0
B,H,B,7081,100,7081,1,0
A,C,C,7027,100,7027,1,0
B,C,C,4954,100,4954,1,0
C,D,C,4958,100,4958,1,0
C,E,C,7162,100,7162,1,0
C,F,C,5143,100,5143,1,0
C,G,C,1386,100,1386,1,0
C,H,C,5110,100,5110,1,0
A,D,D,4946,100,4946,1,0
B,D,D,7011,100,7011,1,0
C,D,D,4967,100,4967,1,0
D,E,D,5186,100,5186,1,0
D,F,D,7179,100,7179,1,0
D,G,D,5177,100,5177,1,0
D,H,D,1408,100,1408,1,0
A,E,E,1393,100,1393,1,0
B,E,E,5177,100,5177,1,0
C,E,E,7208,100,7208,1,0
D,E,E,5118,100,5118,1,0
E,F,E,4953,100,4953,1,0
E,G,E,7057,100,7057,1,0
E,H,E,4966,100,4966,1,0
A,F,F,5194,100,5194,1,0
B,F,F,1418,100,1418,1,0
C,F,F,5161,100,5161,1,0
D,F,F,7131,100,7131,1,0
E,F,F,4970,100,4970,1,0
F,G,F,4969,100,4969,1,0
F,H,F,7011,100,7011,1,0
A,G,G,7224,100,7224,1,0
B,G,G,5242,100,5242,1,0
C,G,G,1378,100,1378,1,0
D,G,G,5125,100,5125,1,0
E,G,G,7048,100,7048,1,0
F,G,G,4924,100,4924,1,0
G,H,G,4949,100,4949,1,0
A,H,H,5139,100,5139,1,0
B,H,H,7099,100,7099,1,0
C,H,H,5108,100,5108,1,0
D,H,H,1424,100,1424,1,0
E,H,H,4953,100,4953,1,0
F,H,H,7017,100,7017,1,0
G,H,H,4984,100,4984,1,0
A,B,A,4930,100,4930,1,0
A,C,A,7025,100,7025,1,0
A,D,A,4965,100,4965,1,0
A,E,A,1360,100,1360,1,0
A,F,A,5229,100,5229,1,0
A,G,A,7123,100,7123,1,0
A,H,A,5151,100,5151,1,0
A,B,B,4979,100,4979,1,0
B,C,B,5001,100,5001,1,0
B,D,B,7060,100,7060,1,0
B,E,B,5147,100,5147,1,0
B,F,B,1410,100,1410,1,0
B,G,B,5164,100,5164,1,0
B,H,B,7152,100,7152,1,0
A,C,C,6994,100,6994,1,0
B,C,C,4978,100,4978,1,0
C,D,C,4986,100,4986,1,0
C,E,C,7160,100,7160,1,0
C,F,C,5143,100,5143,1,0
C,G,C,1419,100,1419,1,0
C,H,C,5156,100,5156,1,0
A,D,D,4979,100,4979,1,0
B,D,D,7025,100,7025,1,0
C,D,D,4928,100,4928,1,0
D,E,D,5183,100,5183,1,0
D,F,D,7120,100,7120,1,0
D,G,D,5128,100,5128,1,0
D,H,D,1447,100,1447,1,0
A,E,E,1469,100,1469,1,0
B,E,E,5131,100,5131,1,0
C,E,E,7171,100,7171,1,0
D,E,E,5210,100,5210,1,0
E,F,E,4987,100,4987,1,0
E,G,E,7049,100,7049,1,0
E,H,E,4981,100,4981,1,0
A,F,F,5183,100,5183,1,0
B,F,F,1405,100,1405,1,0
C,F,F,5141,100,5141,1,0
D,F,F,7139,100,7139,1,0
E,F,F,4966,100,4966,1,0
F,G,F,4990,100,4990,1,0
F,H,F,7043,100,7043,1,0
A,G,G,7190,100,7190,1,0
B,G,G,5189,100,5189,1,0
C,G,G,1430,100,1430,1,0
D,G,G,5161,100,5161,1,0
E,G,G,7002,100,7002,1,0
F,G,G,5008,100,5008,1,0
G,H,G,4978,100,4978,1,0
A,H,H,5137,100,5137,1,0
B,H,H,7218,100,7218,1,0
C,H,H,5138,100,5138,1,0
D,H,H,1401,100,1401,1,0
E,H,H,4955,100,4955,1,0
F,H,H,6954,100,6954,1,0
G,H,H,4940,100,4940,1,0
A,B,A,4944,100,4944,1,0
A,C,A,7017,100,7017,1,0
A,D,A,4965,100,4965,1,0
A,E,A,1439,100,1439,1,0
A,F,A,5176,100,5176,1,0
A,G,A,7188,100,7188,1,0
A,H,A,5189,100,5189,1,0
A,B,B,4932,100,4932,1,0
B,C,B,4969,100,4969,1,0
B,D,B,7029,100,7029,1,0
B,E,B,5138,100,5138,1,0
B,F,B,1397,100,1397,1,0
B,G,B,5204,100,5204,1,0
B,H,B,7119,100,7119,1,0
A,C,C,6999,100,6999,1,0
B,C,C,4944,100,4944,1,0
C,D,C,4942,100,4942,1,0
C,E,C,7166,100,7166,1,0
C,F,C,5119,100,5119,1,0
C,G,C,1403,100,1403,1,0
C,H,C,5153,100,5153,1,0
A,D,D,4944,100,4944,1,0
B,D,D,7047,100,7047,1,0
C,D,D,4952,100,4952,1,0
D,E,D,5199,100,5199,1,0
D,F,D,7135,100,7135,1,0
D,G,D,5130,100,5130,1,0
D,H,D,1381,100,1381,1,0
A,E,E,1386,100,1386,1,0
B,E,E,5144,100,5144,1,0
C,E,E,7178,100,7178,1,0
D,E,E,5190,100,5190,1,0
E,F,E,4950,100,4950,1,0
E,G,E,7065,100,7065,1,0
E,H,E,4997,100,4997,1,0
A,F,F,5145,100,5145,1,0
B,F,F,1391,100,1391,1,0
C,F,F,5150,100,5150,1,0
D,F,F,7129,100,7129,1,0
E,F,F,4981,100,4981,1,0
F,G,F,4981,100,4981,1,0
F,H,F,7035,100,7035,1,0
A,G,G,7211,100,7211,1,0
B,G,G,5176,100,5176,1,0
C,G,G,1400,100,1400,1,0
D,G,G,5138,100,5138,1,0
E,G,G,7066,100,7066,1,0
F,G,G,5014,100,5014,1,0
G,H,G,4978,100,4978,1,0
A,H,H,5107,100,5107,1,0
B,H,H,7177,100,7177,1,0
C,H,H,5143,100,5143,1,0
D,H,H,1401,100,1401,1,0
E,H,H,4929,100,4929,1,0
F,H,H,6992,100,6992,1,0
G,H,H,4947,100,4947,1,0
A,B,A,4948,100,4948,1,0
A,C,A,7018,100,7018,1,0
A,D,A,4924,100,4924,1,0
A,E,A,1373,100,1373,1,0
A,F,A,5191,100,5191,1,0
A,G,A,7109,100,7109,1,0
A,H,A,5118,100,5118,1,0
A,B,B,4959,100,4959,1,0
B,C,B,5002,100,5002,1,0
B,D,B,7054,100,7054,1,0
B,E,B,5157,100,5157,1,0
B,F,B,1408,100,1408,1,0
B,G,B,5180,100,5180,1,0
B,H,B,7160,100,7160,1,0
A,C,C,6999,100,6999,1,0
B,C,C,4961,100,4961,1,0
C,D,C,4948,100,4948,1,0
C,E,C,7145,100,7145,1,0
C,F,C,5157,100,5157,1,0
C,G,C,1422,100,1422,1,0
C,H,C,5146,100,5146,1,0
A,D,D,4943,100,4943,1,0
B,D,D,6983,100,6983,1,0
C,D,D,4950,100,4950,1,0
D,E,D,5160,100,5160,1,0
D,F,D,7132,100,7132,1,0
D,G,D,5155,100,5155,1,0
D,H,D,1406,100,1406,1,0
A,E,E,1462,100,1462,1,0
B,E,E,5131,100,5131,1,0
C,E,E,7232,100,7232,1,0
D,E,E,5136,100,5136,1,0
E,F,E,4961,100,4961,1,0
E,G,E,7047,100,7047,1,0
E,H,E,4968,100,4968,1,0
A,F,F,5205,100,5205,1,0
B,F,F,1374,100,1374,1,0
C,F,F,5159,100,5159,1,0
D,F,F,7163,100,7163,1,0
E,F,F,4964,100,4964,1,0
F,G,F,4982,100,4982,1,0
F,H,F,7001,100,7001,1,0
A,G,G,7177,100,7177,1,0
B,G,G,5153,100,5153,1,0
C,G,G,1415,100,1415,1,0
D,G,G,5148,100,5148,1,0
E,G,G,7051,100,7051,1,0
F,G,G,4972,100,4972,1,0
G,H,G,4922,100,4922,1,0
A,H,H,5143,100,5143,1,0
B,H,H,7198,100,7198,1,0
C,H,H,5177,100,5177,1,0
D,H,H,1378,100,1378,1,0
E,H,H,4998,100,4998,1,0
F,H,H,6994,100,6994,1,0
G,H,H,4951,100,4951,1,0
A,B,A,4983,100,4983,1,0
A,C,A,7006,100,7006,1,0
A,D,A,4914,100,4914,1,0
A,E,A,1434,100,1434,1,0
A,F,A,5176,100,5176,1,0
A,G,A,7182,100,7182,1,0
A,H,A,5101,100,5101,1,0
A,B,B,4957,100,4957,1,0
B,C,B,4965,100,4965,1,0
B,D,B,7014,100,7014,1,0
B,E,B,5127,100,5127,1,0
B,F,B,1392,100,1392,1,0
B,G,B,5172,100,5172,1,0
B,H,B,7113,100,7113,1,0
A,C,C,7090,100,7090,1,0
B,C,C,4967,100,4967,1,0
C,D,C,4938,100,4938,1,0
C,E,C,7193,100,7193,1,0
C,F,C,5182,100,5182,1,0
C,G,C,1372,100,1372,1,0
C,H,C,5214,100,5214,1,0
A,D,D,4962,100,4962,1,0
B,D,D,7006,100,7006,1,0
C,D,D,4960,100,4960,1,0
D,E,D,5089,100,5089,1,0
D,F,D,7124,100,7124,1,0
D,G,D,5123,100,5123,1,0
D,H,D,1382,100,1382,1,0
A,E,E,1457,100,1457,1,0
B,E,E,5105,100,5105,1,0
C,E,E,7181,100,7181,1,0
D,E,E,5124,100,5124,1,0
E,F,E,4998,100,4998,1,0
E,G,E,7035,100,7035,1,0
E,H,E,4975,100,4975,1,0
A,F,F,5177,100,5177,1,0
B,F,F,1388,100,1388,1,0
C,F,F,5156,100,5156,1,0
D,F,F,7138,100,7138,1,0
E,F,F,4957,100,4957,1,0
F,G,F,4986,100,4986,1,0
F,H,F,6991,100,6991,1,0
A,G,G,7129,100,7129,1,0
B,G,G,5128,100,5128,1,0
C,G,G,1403,100,1403,1,0
D,G,G,5149,100,5149,1,0
E,G,G,7023,100,7023,1,0
F,G,G,4973,100,4973,1,0
G,H,G,4955,100,4955,1,0
A,H,H,5139,100,5139,1,0
B,H,H,7135,100,7135,1,0
C,H,H,5149,100,5149,1,0
D,H,H,1372,100,1372,1,0
E,H,H,5005,100,5005,1,0
F,H,H,6982,100,6982,1,0
G,H,H,4948,100,4948,1,0
A,B,A,4944,100,4944,1,0
A,C,A,6987,100,6987,1,0
A,D,A,4955,100,4955,1,0
A,E,A,1431,100,1431,1,0
A,F,A,5195,100,5195,1,0
A,G,A,7160,100,7160,1,0
A,H,A,5237,100,5237,1,0
A,B,B,4981,100,4981,1,0
B,C,B,5006,100,5006,1,0
B,D,B,6992,100,6992,1,0
B,E,B,5100,100,5100,1,0
B,F,B,1408,100,1408,1,0
B,G,B,5170,100,5170,1,0
B,H,B,7167,100,7167,1,0
A,C,C,7028,100,7028,1,0
B,C,C,4954,100,4954,1,0
C,D,C,4952,100,4952,1,0
C,E,C,7153,100,7153,1,0
C,F,C,5158,100,5158,1,0
C,G,C,1421,100,1421,1,0
C,H,C,5100,100,5100,1,0
A,D,D,4942,100,4942,1,0
B,D,D,6973,100,6973,1,0
C,D,D,4955,100,4955,1,0
D,E,D,5205,100,5205,1,0
D,F,D,7163,100,7163,1,0
D,G,D,5162,100,5162,1,0
D,H,D,1380,100,1380,1,0
A,E,E,1361,100,1361,1,0
B,E,E,5173,100,5173,1,0
C,E,E,7145,100,7145,1,0
D,E,E,5205,100,5205,1,0
E,F,E,4974,100,4974,1,0
E,G,E,7034,100,7034,1,0
E,H,E,4985,100,4985,1,0
A,F,F,5188,100,5188,1,0
B,F,F,1397,100,1397,1,0
C,F,F,5130,100,5130,1,0
D,F,F,7153,100,7153,1,0
E,F,F,4983,100,4983,1,0
F,G,F,4990,100,4990,1,0
F,H,F,7006,100,7006,1,0
A,G,G,7124,100,7124,1,0
B,G,G,5202,100,5202,1,0
C,G,G,1418,100,1418,1,0
D,G,G,5187,100,5187,1,0
E,G,G,7054,100,7054,1,0
F,G,G,4989,100,4989,1,0
G,H,G,4963,100,4963,1,0
A,H,H,5092,100,5092,1,0
B,H,H,7094,100,7094,1,0
C,H,H,5170,100,5170,1,0
D,H,H,1427,100,1427,1,0
E,H,H,4951,100,4951,1,0
F,H,H,7003,100,7003,1,0
G,H,H,4960,100,4960,1,0
A,B,A,4956,100,4956,1,0
A,C,A,7037,100,7037,1,0
A,D,A,4965,100,4965,1,0
A,E,A,1420,100,1420,1,0
A,F,A,5150,100,5150,1,0
A,G,A,7115,100,7115,1,0
A,H,A,5183,100,5183,1,0
A,B,B,5018,100,5018,1,0
B,C,B,4990,100,4990,1,0
B,D,B,7011,100,7011,1,0
B,E,B,5162,100,5162,1,0
B,F,B,1397,100,1397,1,0
B,G,B,5177,100,5177,1,0
B,H,B,7135,100,7135,1,0
A,C,C,7003,100,7003,1,0
B,C,C,5005,100,5005,1,0
C,D,C,4938,100,4938,1,0
C,E,C,7182,100,7182,1,0
C,F,C,5125,100,5125,1,0
C,G,C,1426,100,1426,1,0
C,H,C,5163,100,5163,1,0
A,D,D,4943,100,4943,1,0
B,D,D,6956,100,6956,1,0
C,D,D,4944,100,4944,1,0
D,E,D,5190,100,5190,1,0
D,F,D,7114,100,7114,1,0
D,G,D,5115,100,5115,1,0
D,H,D,1391,100,1391,1,0
A,E,E,1393,100,1393,1,0
B,E,E,5103,100,5103,1,0
C,E,E,7170,100,7170,1,0
D,E,E,5198,100,5198,1,0
E,F,E,4968,100,4968,1,0
E,G,E,7032,100,7032,1,0
E,H,E,4973,100,4973,1,0
A,F,F,5196,100,5196,1,0
B,F,F,1435,100,1435,1,0
C,F,F,5142,100,5142,1,0
D,F,F,7166,100,7166,1,0
E,F,F,4987,100,4987,1,0
F,G,F,4980,100,4980,1,0
F,H,F,6976,100,6976,1,0
A,G,G,7125,100,7125,1,0
B,G,G,5185,100,5185,1,0
C,G,G,1406,100,1406,1,0
D,G,G,5146,100,5146,1,0
E,G,G,7036,100,7036,1,0
F,G,G,4984,100,4984,1,0
G,H,G,4960,100,4960,1,0
A,H,H,5092,100,5092,1,0
B,H,H,7156,100,7156,1,0
C,H,H,5147,100,5147,1,0
D,H,H,1401,100,1401,1,0
E,H,H,4974,100,4974,1,0
F,H,H,7017,100,7017,1,0
G,H,H,4967,100,4967,1,0
A,B,A,4925,100,4925,1,0
A,C,A,7000,100,7000,1,0
A,D,A,4940,100,4940,1,0
A,E,A,1386,100,1386,1,0
A,F,A,5151,100,5151,1,0
A,G,A,7175,100,7175,1,0
A,H,A,5137,100,5137,1,0
A,B,B,4927,100,4927,1,0
B,C,B,4977,100,4977,1,0
B,D,B,7023,100,7023,1,0
B,E,B,5143,100,5143,1,0
B,F,B,1354,100,1354,1,0
B,G,B,5204,100,5204,1,0
B,H,B,7118,100,7118,1,0
A,C,C,6997,100,6997,1,0
B,C,C,4955,100,4955,1,0
C,D,C,4965,100,4965,1,0
C,E,C,7127,100,7127,1,0
C,F,C,5151,100,5151,1,0
C,G,C,1395,100,1395,1,0
C,H,C,5203,100,5203,1,0
A,D,D,4946,100,4946,1,0
B,D,D,7010,100,7010,1,0
C,D,D,4978,100,4978,1,0
D,E,D,5135,100,5135,1,0
D,F,D,7152,100,7152,1,0
D,G,D,5113,100,5113,1,0
D,H,D,1444,100,1444,1,0
A,E,E,1451,100,1451,1,0
B,E,E,5139,100,5139,1,0
C,E,E,7127,100,7127,1,0
D,E,E,5133,100,5133,1,0
E,F,E,4945,100,4945,1,0
E,G,E,7053,100,7053,1,0
E,H,E,4966,100,4966,1,0
A,F,F,5207,100,5207,1,0
B,F,F,1432,100,1432,1,0
C,F,F,5134,100,5134,1,0
D,F,F,7124,100,7124,1,0
E,F,F,4950,100,4950,1,0
F,G,F,4968,100,4968,1,0
F,H,F,6977,100,6977,1,0
A,G,G,7169,100,7169,1,0
B,G,G,5206,100,5206,1,0
C,G,G,1413,100,1413,1,0
D,G,G,5148,100,5148,1,0
E,G,G,7036,100,7036,1,0
F,G,G,4938,100,4938,1,0
G,H,G,4935,100,4935,1,0
A,H,H,5112,100,5112,1,0
B,H,H,7134,100,7134,1,0
C,H,H,5165,100,5165,1,0
D,H,H,1422,100,1422,1,0
E,H,H,4968,100,4968,1,0
F,H,H,7030,100,7030,1,0
G,H,H,4997,100,4997,1,0
A,B,A,4950,100,4950,1,0
A,C,A,7014,100,7014,1,0
A,D,A,4950,100,4950,1,0
A,E,A,1454,100,1454,1,0
A,F,A,5192,100,5192,1,0
A,G,A,7156,100,7156,1,0
A,H,A,5119,100,5119,1,0
A,B,B,4985,100,4985,1,0
B,C,B,4976,100,4976,1,0
B,D,B,7046,100,7046,1,0
B,E,B,5138,100,5138,1,0
B,F,B,1404,100,1404,1,0
B,G,B,5149,100,5149,1,0
B,H,B,7127,100,7127,1,0
A,C,C,6984,100,6984,1,0
B,C,C,5028,100,5028,1,0
C,D,C,4965,100,4965,1,0
C,E,C,7204,100,7204,1,0
C,F,C,5136,100,5136,1,0
C,G,C,1384,100,1384,1,0
C,H,C,5149,100,5149,1,0
A,D,D,4932,100,4932,1,0
B,D,D,6971,100,6971,1,0
C,D,D,4968,100,4968,1,0
D,E,D,5123,100,5123,1,0
D,F,D,7158,100,7158,1,0
D,G,D,5145,100,5145,1,0
D,H,D,1360,100,1360,1,0
A,E,E,1445,100,1445,1,0
B,E,E,5136,100,5136,1,0
C,E,E,7134,100,7134,1,0
D,E,E,5143,100,5143,1,0
E,F,E,4981,100,4981,1,0
E,G,E,7053,100,7053,1,0
E,H,E,4946,100,4946,1,0
A,F,F,5206,100,5206,1,0
B,F,F,1420,100,1420,1,0
C,F,F,5147,100,5147,1,0
D,F,F,7118,100,7118,1,0
E,F,F,4972,100,4972,1,0
F,G,F,4960,100,4960,1,0
F,H,F,7015,100,7015,1,0
A,G,G,7146,100,7146,1,0
B,G,G,5152,100,5152,1,0
C,G,G,1386,100,1386,1,0
D,G,G,5146,100,5146,1,0
E,G,G,7037,100,7037,1,0
F,G,G,4976,100,4976,1,0
G,H,G,4942,100,4942,1,0
A,H,H,5126,100,5126,1,0
B,H,H,7163,100,7163,1,0
C,H,H,5132,100,5132,1,0
D,H,H,1448,100,1448,1,0
E,H,H,4989,100,4989,1,0
F,H,H,7001,100,7001,1,0
G,H,H,4991,100,4991,1,0
A,B,A,4967,100,4967,1,0
A,C,A,7007,100,7007,1,0
A,D,A,4921,100,4921,1,0
A,E,A,1409,100,1409,1,0
A,F,A,5168,100,5168,1,0
A,G,A,7182,100,7182,1,0
A,H,A,5166,100,5166,1,0
A,B,B,4981,100,4981,1,0
B,C,B,5022,100,5022,1,0
B,D,B,6959,100,6959,1,0
B,E,B,5116,100,5116,1,0
B,F,B,1389,100,1389,1,0
B,G,B,5167,100,5167,1,0
B,H,B,7126,100,7126,1,0
A,C,C,6992,100,6992,1,0
B,C,C,4991,100,4991,1,0
C,D,C,4954,100,4954,1,0
C,E,C,7166,100,7166,1,0
C,F,C,5155,100,5155,1,0
C,G,C,1423,100,1423,1,0
C,H,C,5161,100,5161,1,0
A,D,D,4930,100,4930,1,0
B,D,D,6993,100,6993,1,0
C,D,D,4936,100,4936,1,0
D,E,D,5197,100,5197,1,0
D,F,D,7120,100,7120,1,0
D,G,D,5131,100,5131,1,0
D,H,D,1428,100,1428,1,0
A,E,E,1417,100,1417,1,0
B,E,E,5138,100,5138,1,0
C,E,E,7181,100,7181,1,0
D,E,E,5204,100,5204,1,0
E,F,E,4952,100,4952,1,0
E,G,E,7040,100,7040,1,0
E,H,E,4971,100,4971,1,0
A,F,F,5213,100,5213,1,0
B,F,F,1394,100,1394,1,0
C,F,F,5128,100,5128,1,0
D,F,F,7119,100,7119,1,0
E,F,F,4952,100,4952,1,0
F,G,F,4968,100,4968,1,0
F,H,F,7025,100,7025,1,0
A,G,G,7145,100,7145,1,0
B,G,G,5195,100,5195,1,0
C,G,G,1393,100,1393,1,0
D,G,G,5128,100,5128,1,0
E,G,G,7021,100,7021,1,0
F,G,G,4959,100,4959,1,0
G,H,G,5007,100,5007,1,0
A,H,H,5155,100,5155,1,0
B,H,H,7116,100,7116,1,0
C,H,H,5154,100,5154,1,0
D,H,H,1374,100,1374,1,0
E,H,H,4942,100,4942,1,0
F,H,H,6988,100,6988,1,0
G,H,H,4991,100,4991,1,0
A,B,A,4982,100,4982,1,0
A,C,A,7017,100,7017,1,0
A,D,A,4935,100,4935,1,0
A,E,A,1424,100,1424,1,0
A,F,A,5212,100,5212,1,0
A,G,A,7135,100,7135,1,0
A,H,A,5162,100,5162,1,0
A,B,B,4999,100,4999,1,0
B,C,B,4969,100,4969,1,0
B,D,B,7003,100,7003,1,0
B,E,B,5103,100,5103,1,0
B,F,B,1366,100,1366,1,0
B,G,B,5208,100,5208,1,0
B,H,B,7172,100,7172,1,0
A,C,C,7064,100,7064,1,0
B,C,C,5004,100,5004,1,0
C,D,C,4948,100,4948,1,0
C,E,C,7161,100,7161,1,0
C,F,C,5165,100,5165,1,0
C,G,C,1425,100,1425,1,0
C,H,C,5179,100,5179,1,0
A,D,D,4934,100,4934,1,0
B,D,D,6969,100,6969,1,0
C,D,D,4957,100,4957,1,0
D,E,D,5155,100,5155,1,0
D,F,D,7104,100,7104,1,0
D,G,D,5138,100,5138,1,0
D,H,D,1451,100,1451,1,0
A,E,E,1370,100,1370,1,0
B,E,E,5182,100,5182,1,0
C,E,E,7183,100,7183,1,0
D,E,E,5196,100,5196,1,0
E,F,E,4972,100,4972,1,0
E,G,E,7071,100,7071,1,0
E,H,E,4990,100,4990,1,0
A,F,F,5210,100,5210,1,0
B,F,F,1394,100,1394,1,0
C,F,F,5155,100,5155,1,0
D,F,F,7103,100,7103,1,0
E,F,F,5004,100,5004,1,0
F,G,F,4970,100,4970,1,0
F,H,F,6964,100,6964,1,0
A,G,G,7172,100,7172,1,0
B,G,G,5202,100,5202,1,0
C,G,G,1350,100,1350,1,0
D,G,G,5138,100,5138,1,0
E,G,G,7023,100,7023,1,0
F,G,G,4942,100,4942,1,0
G,H,G,4944,100,4944,1,0
A,H,H,5125,100,5125,1,0
B,H,H,7175,100,7175,1,0
C,H,H,5159,100,5159,1,0
D,H,H,1394,100,1394,1,0
E,H,H,4989,100,4989,1,0
F,H,H,7029,100,7029,1,0
G,H,H,4964,100,4964,1,0
A,B,A,4989,100,4989,1,0
A,C,A,6985,100,6985,1,0
A,D,A,4940,100,4940,1,0
A,E,A,1399,100,1399,1,0
A,F,A,5177,100,5177,1,0
A,G,A,7137,100,7137,1,0
A,H,A,5117,100,5117,1,0
A,B,B,4988,100,4988,1,0
B,C,B,4941,100,4941,1,0
B,D,B,7012,100,7012,1,0
B,E,B,5117,100,5117,1,0
B,F,B,1365,100,1365,1,0
B,G,B,5175,100,5175,1,0
B,H,B,7105,100,7105,1,0
A,C,C,7036,100,7036,1,0
B,C,C,4944,100,4944,1,0
C,D,C,4956,100,4956,1,0
C,E,C,7184,100,7184,1,0
C,F,C,5135,100,5135,1,0
C,G,C,1386,100,1386,1,0
C,H,C,5127,100,5127,1,0
A,D,D,4909,100,4909,1,0
B,D,D,7009,100,7009,1,0
C,D,D,4959,100,4959,1,0
D,E,D,5095,100,5095,1,0
D,F,D,7200,100,7200,1,0
D,G,D,5182,100,5182,1,0
D,H,D,1452,100,1452,1,0
A,E,E,1446,100,1446,1,0
B,E,E,5130,100,5130,1,0
C,E,E,7155,100,7155,1,0
D,E,E,5161,100,5161,1,0
E,F,E,4954,100,4954,1,0
E,G,E,7060,100,7060,1,0
E,H,E,5002,100,5002,1,0
A,F,F,5172,100,5172,1,0
B,F,F,1411,100,1411,1,0
C,F,F,5142,100,5142,1,0
D,F,F,7133,100,7133,1,0
E,F,F,4951,100,4951,1,0
F,G,F,4986,100,4986,1,0
F,H,F,6977,100,6977,1,0
A,G,G,7176,100,7176,1,0
B,G,G,5210,100,5210,1,0
C,G,G,1414,100,1414,1,0
D,G,G,5124,100,5124,1,0
E,G,G,7059,100,7059,1,0
F,G,G,4986,100,4986,1,0
G,H,G,4936,100,4936,1,0
A,H,H,5137,100,5137,1,0
B,H,H,7144,100,7144,1,0
C,H,H,5177,100,5177,1,0
D,H,H,1403,100,1403,1,0
E,H,H,4958,100,4958,1,0
F,H,H,7028,100,7028,1,0
G,H,H,4975,100,4975,1,0
A,B,A,4973,100,4973,1,0
A,C,A,7012,100,7012,1,0
A,D,A,4931,100,4931,1,0
A,E,A,1367,100,1367,1,0
A,F,A,5180,100,5180,1,0
A,G,A,7193,100,7193,1,0
A,H,A,5150,100,5150,1,0
A,B,B,5001,100,5001,1,0
B,C,B,4969,100,4969,1,0
B,D,B,7035,100,7035,1,0
B,E,B,5118,100,5118,1,0
B,F,B,1380,100,1380,1,0
B,G,B,5194,100,5194,1,0
B,H,B,7123,100,7123,1,0
A,C,C,7024,100,7024,1,0
B,C,C,4990,100,4990,1,0
C,D,C,4934,100,4934,1,0
C,E,C,7192,100,7192,1,0
C,F,C,5136,100,5136,1,0
C,G,C,1398,100,1398,1,0
C,H,C,5175,100,5175,1,0
A,D,D,4950,100,4950,1,0
B,D,D,7041,100,7041,1,0
C,D,D,4966,100,4966,1,0
D,E,D,5277,100,5277,1,0
D,F,D,7126,100,7126,1,0
D,G,D,5122,100,5122,1,0
D,H,D,1445,100,1445,1,0
A,E,E,1425,100,1425,1,0
B,E,E,5195,100,5195,1,0
C,E,E,7200,100,7200,1,0
D,E,E,5174,100,5174,1,0
E,F,E,4981,100,4981,1,0
E,G,E,7042,100,7042,1,0
E,H,E,5002,100,5002,1,0
A,F,F,5209,100,5209,1,0
B,F,F,1382,100,1382,1,0
C,F,F,5138,100,5138,1,0
D,F,F,7131,100,7131,1,0
E,F,F,4965,100,4965,1,0
F,G,F,4972,100,4972,1,0
F,H,F,7007,100,7007,1,0
A,G,G,7150,100,7150,1,0
B,G,G,5154,100,5154,1,0
C,G,G,1377,100,1377,1,0
D,G,G,5148,100,5148,1,0
E,G,G,7059,100,7059,1,0
F,G,G,4971,100,4971,1,0
G,H,G,4948,100,4948,1,0
A,H,H,5147,100,5147,1,0
B,H,H,7175,100,7175,1,0
C,H,H,5156,100,5156,1,0
D,H,H,1374,100,1374,1,0
E,H,H,5020,100,5020,1,0
F,H,H,7013,100,7013,1,0
G,H,H,4964,100,4964,1,0
A,B,A,4911,100,4911,1,0
A,C,A,6996,100,6996,1,0
A,D,A,4963,100,4963,1,0
A,E,A,1429,100,1429,1,0
A,F,A,5212,100,5212,1,0
A,G,A,7185,100,7185,1,0
A,H,A,5178,100,5178,1,0
A,B,B,4983,100,4983,1,0
B,C,B,4975,100,4975,1,0
B,D,B,7046,100,7046,1,0
B,E,B,5129,100,5129,1,0
B,F,B,1414,100,1414,1,0
B,G,B,5198,100,5198,1,0
B,H,B,7097,100,7097,1,0
A,C,C,7030,100,7030,1,0
B,C,C,4996,100,4996,1,0
C,D,C,4916,100,4916,1,0
C,E,C,7152,100,7152,1,0
C,F,C,5158,100,5158,1,0
C,G,C,1423,100,1423,1,0
C,H,C,5146,100,5146,1,0
A,D,D,4972,100,4972,1,0
B,D,D,7006,100,7006,1,0
C,D,D,4944,100,4944,1,0
D,E,D,5143,100,5143,1,0
D,F,D,7139,100,7139,1,0
D,G,D,5164,100,5164,1,0
D,H,D,1398,100,1398,1,0
A,E,E,1414,100,1414,1,0
B,E,E,5152,100,5152,1,0
C,E,E,7148,100,7148,1,0
D,E,E,5197,100,5197,1,0
E,F,E,5023,100,5023,1,0
E,G,E,7047,100,7047,1,0
E,H,E,4960,100,4960,1,0
A,F,F,5136,100,5136,1,0
B,F,F,1399,100,1399,1,0
C,F,F,5163,100,5163,1,0
D,F,F,7149,100,7149,1,0
E,F,F,4970,100,4970,1,0
F,G,F,4947,100,4947,1,0
F,H,F,7043,100,7043,1,0
A,G,G,7153,100,7153,1,0
B,G,G,5155,100,5155,1,0
C,G,G,1387,100,1387,1,0
D,G,G,5143,100,5143,1,0
E,G,G,7053,100,7053,1,0
F,G,G,4973,100,4973,1,0
G,H,G,4944,100,4944,1,0
A,H,H,5137,100,5137,1,0
B,H,H,7107,100,7107,1,0
C,H,H,5134,100,5134,1,0
D,H,H,1358,100,1358,1,0
E,H,H,4995,100,4995,1,0
F,H,H,6983,100,6983,1,0
G,H,H,4923,100,4923,1,0
A,B,A,4959,100,4959,1,0
A,C,A,7025,100,7025,1,0
A,D,A,4945,100,4945,1,0
A,E,A,1406,100,1406,1,0
A,F,A,5202,100,5202,1,0
A,G,A,7221,100,7221,1,0
A,H,A,5163,100,5163,1,0
A,B,B,4961,100,4961,1,0
B,C,B,4977,100,4977,1,0
B,D,B,6982,100,6982,1,0
B,E,B,5133,100,5133,1,0
B,F,B,1386,100,1386,1,0
B,G,B,5179,100,5179,1,0
B,H,B,7191,100,7191,1,0
A,C,C,7019,100,7019,1,0
B,C,C,4960,100,4960,1,0
C,D,C,4977,100,4977,1,0
C,E,C,7171,100,7171,1,0
C,F,C,5172,100,5172,1,0
C,G,C,1416,100,1416,1,0
C,H,C,5131,100,5131,1,0
A,D,D,4954,100,4954,1,0
B,D,D,7033,100,7033,1,0
C,D,D,4997,100,4997,1,0
D,E,D,5189,100,5189,1,0
D,F,D,7147,100,7147,1,0
D,G,D,5132,100,5132,1,0
D,H,D,1414,100,1414,1,0
A,E,E,1417,100,1417,1,0
B,E,E,5118,100,5118,1,0
C,E,E,7166,100,7166,1,0
D,E,E,5112,100,5112,1,0
E,F,E,4981,100,4981,1,0
E,G,E,7051,100,7051,1,0
E,H,E,4972,100,4972,1,0
A,F,F,5157,100,5157,1,0
B,F,F,1381,100,1381,1,0
C,F,F,5166,100,5166,1,0
D,F,F,7127,100,7127,1,0
E,F,F,4949,100,4949,1,0
F,G,F,4957,100,4957,1,0
F,H,F,7059,100,7059,1,0
A,G,G,7146,100,7146,1,0
B,G,G,5208,100,5208,1,0
C,G,G,1386,100,1386,1,0
D,G,G,5139,100,5139,1,0
E,G,G,7051,100,7051,1,0
F,G,G,4990,100,4990,1,0
G,H,G,4929,100,4929,1,0
A,H,H,5162,100,5162,1,0
B,H,H,7140,100,7140,1,0
C,H,H,5163,100,5163,1,0
D,H,H,1431,100,1431,1,0
E,H,H,4964,100,4964,1,0
F,H,H,7036,100,7036,1,0
G,H,H,4978,100,4978,1,0
A,B,A,4932,100,4932,1,0
A,C,A,7014,100,7014,1,0
A,D,A,4921,100,4921,1,0
A,E,A,1411,100,1411,1,0
A,F,A,5180,100,5180,1,0
A,G,A,7233,100,7233,1,0
A,H,A,5185,100,5185,1,0
A,B,B,4951,100,4951,1,0
B,C,B,4998,100,4998,1,0
B,D,B,7035,100,7035,1,0
B,E,B,5123,100,5123,1,0
B,F,B,1401,100,1401,1,0
B,G,B,5144,100,5144,1,0
B,H,B,7146,100,7146,1,0
A,C,C,7016,100,7016,1,0
B,C,C,4997,100,4997,1,0
C,D,C,4958,100,4958,1,0
C,E,C,7193,100,7193,1,0
C,F,C,5144,100,5144,1,0
C,G,C,1438,100,1438,1,0
C,H,C,5150,100,5150,1,0
A,D,D,4937,100,4937,1,0
B,D,D,7017,100,7017,1,0
C,D,D,4961,100,4961,1,0
D,E,D,5184,100,5184,1,0
D,F,D,7166,100,7166,1,0
D,G,D,5133,100,5133,1,0
D,H,D,1458,100,1458,1,0
A,E,E,1457,100,1457,1,0
B,E,E,5143,100,5143,1,0
C,E,E,7193,100,7193,1,0
D,E,E,5129,100,5129,1,0
E,F,E,4981,100,4981,1,0
E,G,E,7054,100,7054,1,0
E,H,E,5020,100,5020,1,0
A,F,F,5194,100,5194,1,0
B,F,F,1392,100,1392,1,0
C,F,F,5174,100,5174,1,0
D,F,F,7143,100,7143,1,0
E,F,F,4951,100,4951,1,0
F,G,F,4973,100,4973,1,0
F,H,F,7039,100,7039,1,0
A,G,G,7192,100,7192,1,0
B,G,G,5213,100,5213,1,0
C,G,G,1410,100,1410,1,0
D,G,G,5111,100,5111,1,0
E,G,G,7043,100,7043,1,0
F,G,G,4954,100,4954,1,0
G,H,G,4927,100,4927,1,0
A,H,H,5134,100,5134,1,0
B,H,H,7136,100,7136,1,0
C,H,H,5173,100,5173,1,0
D,H,H,1469,100,1469,1,0
E,H,H,5013,100,5013,1,0
F,H,H,7035,100,7035,1,0
G,H,H,4944,100,4944,1,0
A,B,A,4939,100,4939,1,0
A,C,A,7027,100,7027,1,0
A,D,A,4959,100,4959,1,0
A,E,A,1398,100,1398,1,0
A,F,A,5192,100,5192,1,0
A,G,A,7133,100,7133,1,0
A,H,A,5134,100,5134,1,0
A,B,B,4961,100,4961,1,0
B,C,B,4997,100,4997,1,0
B,D,B,6987,100,6987,1,0
B,E,B,5170,100,5170,1,0
B,F,B,1351,100,1351,1,0
B,G,B,5190,100,5190,1,0
B,H,B,7133,100,7133,1,0
A,C,C,6963,100,6963,1,0
B,C,C,4973,100,4973,1,0
C,D,C,4949,100,4949,1,0
C,E,C,7207,100,7207,1,0
C,F,C,5172,100,5172,1,0
C,G,C,1406,100,1406,1,0
C,H,C,5140,100,5140,1,0
A,D,D,4959,100,4959,1,0
B,D,D,7023,100,7023,1,0
C,D,D,4958,100,4958,1,0
D,E,D,5197,100,5197,1,0
D,F,D,7136,100,7136,1,0
D,G,D,5178,100,5178,1,0
D,H,D,1407,100,1407,1,0
A,E,E,1378,100,1378,1,0
B,E,E,5126,100,5126,1,0
C,E,E,7209,100,7209,1,0
D,E,E,5196,100,5196,1,0
E,F,E,4991,100,4991,1,0
E,G,E,7029,100,7029,1,0
E,H,E,5007,100,5007,1,0
A,F,F,5152,100,5152,1,0
B,F,F,1393,100,1393,1,0
C,F,F,5176,100,5176,1,0
D,F,F,7119,100,7119,1,0
E,F,F,4997,100,4997,1,0
F,G,F,4992,100,4992,1,0
F,H,F,7016,100,7016,1,0
A,G,G,7183,100,7183,1,0
B,G,G,5183,100,5183,1,0
C,G,G,1390,100,1390,1,0
D,G,G,5121,100,5121,1,0
E,G,G,7035,100,7035,1,0
F,G,G,4986,100,4986,1,0
G,H,G,4974,100,4974,1,0
A,H,H,5160,100,5160,1,0
B,H,H,7146,100,7146,1,0
C,H,H,5138,100,5138,1,0
D,H,H,1398,100,1398,1,0
E,H,H,4959,100,4959,1,0
F,H,H,7007,100,7007,1,0
G,H,H,4992,100,4992,1,0
A,B,A,4999,100,4999,1,0
A,C,A,7046,100,7046,1,0
A,D,A,4930,100,4930,1,0
A,E,A,1439,100,1439,1,0
A,F,A,5217,100,5217,1,0
A,G,A,7164,100,7164,1,0
A,H,A,5148,100,5148,1,0
A,B,B,4950,100,4950,1,0
B,C,B,4945,100,4945,1,0
B,D,B,7002,100,7002,1,0
B,E,B,5122,100,5122,1,0
B,F,B,1400,100,1400,1,0
B,G,B,5180,100,5180,1,0
B,H,B,7149,100,7149,1,0
A,C,C,7024,100,7024,1,0
B,C,C,4970,100,4970,1,0
C,D,C,4952,100,4952,1,0
C,E,C,7198,100,7198,1,0
C,F,C,5150,100,5150,1,0
C,G,C,1361,100,1361,1,0
C,H,C,5165,100,5165,1,0
A,D,D,4963,100,4963,1,0
B,D,D,7014,100,7014,1,0
C,D,D,4945,100,4945,1,0
D,E,D,5192,100,5192,1,0
D,F,D,7134,100,7134,1,0
D,G,D,5151,100,5151,1,0
D,H,D,1419,100,1419,1,0
A,E,E,1464,100,1464,1,0
B,E,E,5165,100,5165,1,0
C,E,E,7165,100,7165,1,0
D,E,E,5200,100,5200,1,0
E,F,E,4933,100,4933,1,0
E,G,E,7033,100,7033,1,0
E,H,E,4948,100,4948,1,0
A,F,F,5162,100,5162,1,0
B,F,F,1392,100,1392,1,0
C,F,F,5143,100,5143,1,0
D,F,F,7136,100,7136,1,0
E,F,F,4938,100,4938,1,0
F,G,F,4992,100,4992,1,0
F,H,F,7059,100,7059,1,0
A,G,G,7151,100,7151,1,0
B,G,G,5221,100,5221,1,0
C,G,G,1385,100,1385,1,0
D,G,G,5139,100,5139,1,0
E,G,G,7050,100,7050,1,0
F,G,G,4950,100,4950,1,0
G,H,G,4925,100,4925,1,0
A,H,H,5131,100,5131,1,0
B,H,H,7123,100,7123,1,0
C,H,H,5202,100,5202,1,0
D,H,H,1371,100,1371,1,0
E,H,H,4977,100,4977,1,0
F,H,H,7055,100,7055,1,0
G,H,H,4957,100,4957,1,0
A,B,A,4974,100,4974,1,0
A,C,A,7046,100,7046,1,0
A,D,A,4953,100,4953,1,0
A,E,A,1405,100,1405,1,0
A,F,A,5190,100,5190,1,0
A,G,A,7190,100,7190,1,0
A,H,A,5131,100,5131,1,0
A,B,B,4978,100,4978,1,0
B,C,B,4972,100,4972,1,0
B,D,B,7037,100,7037,1,0
B,E,B,5130,100,5130,1,0
B,F,B,1410,100,1410,1,0
B,G,B,5177,100,5177,1,0
B,H,B,7148,100,7148,1,0
A,C,C,6979,100,6979,1,0
B,C,C,4968,100,4968,1,0
C,D,C,4971,100,4971,1,0
C,E,C,7178,100,7178,1,0
C,F,C,5176,100,5176,1,0
C,G,C,1442,100,1442,1,0
C,H,C,5131,100,5131,1,0
A,D,D,4950,100,4950,1,0
B,D,D,6996,100,6996,1,0
C,D,D,4919,100,4919,1,0
D,E,D,5172,100,5172,1,0
D,F,D,7140,100,7140,1,0
D,G,D,5145,100,5145,1,0
D,H,D,1357,100,1357,1,0
A,E,E,1426,100,1426,1,0
B,E,E,5164,100,5164,1,0
C,E,E,7157,100,7157,1,0
D,E,E,5166,100,5166,1,0
E,F,E,4970,100,4970,1,0
E,G,E,7058,100,7058,1,0
E,H,E,4949,100,4949,1,0
A,F,F,5204,100,5204,1,0
B,F,F,1389,100,1389,1,0
C,F,F,5142,100,5142,1,0
D,F,F,7140,100,7140,1,0
E,F,F,4974,100,4974,1,0
F,G,F,4996,100,4996,1,0
F,H,F,7042,100,7042,1,0
A,G,G,7205,100,7205,1,0
B,G,G,5156,100,5156,1,0
C,G,G,1410,100,1410,1,0
D,G,G,5158,100,5158,1,0
E,G,G,7076,100,7076,1,0
F,G,G,4975,100,4975,1,0
G,H,G,4930,100,4930,1,0
A,H,H,5143,100,5143,1,0
B,H,H,7165,100,7165,1,0
C,H,H,5164,100,5164,1,0
D,H,H,1365,100,1365,1,0
E,H,H,4982,100,4982,1,0
F,H,H,7046,100,7046,1,0
G,H,H,4938,100,4938,1,0
A,B,A,4971,100,4971,1,0
A,C,A,6991,100,6991,1,0
A,D,A,4941,100,4941,1,0
A,E,A,1405,100,1405,1,0
A,F,A,5180,100,5180,1,0
A,G,A,7151,100,7151,1,0
A,H,A,5186,100,5186,1,0
A,B,B,4923,100,4923,1,0
B,C,B,4987,100,4987,1,0
B,D,B,6945,100,6945,1,0
B,E,B,5127,100,5127,1,0
B,F,B,1374,100,1374,1,0
B,G,B,5180,100,5180,1,0
B,H,B,7152,100,7152,1,0
A,C,C,7061,100,7061,1,0
B,C,C,4997,100,4997,1,0
C,D,C,4954,100,4954,1,0
C,E,C,7155,100,7155,1,0
C,F,C,5142,100,5142,1,0
C,G,C,1368,100,1368,1,0
C,H,C,5166,100,5166,1,0
A,D,D,4973,100,4973,1,0
B,D,D,7003,100,7003,1,0
C,D,D,4950,100,4950,1,0
D,E,D,5140,100,5140,1,0
D,F,D,7132,100,7132,1,0
D,G,D,5111,100,5111,1,0
D,H,D,1406,100,1406,1,0
A,E,E,1400,100,1400,1,0
B,E,E,5192,100,5192,1,0
C,E,E,7183,100,7183,1,0
D,E,E,5144,100,5144,1,0
E,F,E,4987,100,4987,1,0
E,G,E,7053,100,7053,1,0
E,H,E,5007,100,5007,1,0
A,F,F,5171,100,5171,1,0
B,F,F,1353,100,1353,1,0
C,F,F,5158,100,5158,1,0
D,F,F,7149,100,7149,1,0
E,F,F,4974,100,4974,1,0
F,G,F,4964,100,4964,1,0
F,H,F,7027,100,7027,1,0
A,G,G,7153,100,7153,1,0
B,G,G,5152,100,5152,1,0
C,G,G,1425,100,1425,1,0
D,G,G,5146,100,5146,1,0
E,G,G,7048,100,7048,1,0
F,G,G,4994,100,4994,1,0
G,H,G,4965,100,4965,1,0
A,H,H,5079,100,5079,1,0
B,H,H,7137,100,7137,1,0
C,H,H,5138,100,5138,1,0
D,H,H,1467,100,1467,1,0
E,H,H,4994,100,4994,1,0
F,H,H,7007,100,7007,1,0
G,H,H,4936,100,4936,1,0
A,B,A,4990,100,4990,1,0
A,C,A,7035,100,7035,1,0
A,D,A,4946,100,4946,1,0
A,E,A,1397,100,1397,1,0
A,F,A,5164,100,5164,1,0
A,G,A,7173,100,7173,1,0
A,H,A,5191,100,5191,1,0
A,B,B,4952,100,4952,1,0
B,C,B,5017,100,5017,1,0
B,D,B,6971,100,6971,1,0
B,E,B,5186,100,5186,1,0
B,F,B,1421,100,1421,1,0
B,G,B,5194,100,5194,1,0
B,H,B,7121,100,7121,1,0
A,C,C,7048,100,7048,1,0
B,C,C,4973,100,4973,1,0
C,D,C,4959,100,4959,1,0
C,E,C,7166,100,7166,1,0
C,F,C,5170,100,5170,1,0
C,G,C,1363,100,1363,1,0
C,H,C,5198,100,5198,1,0
A,D,D,4956,100,4956,1,0
B,D,D,7024,100,7024,1,0
C,D,D,4963,100,4963,1,0
D,E,D,5158,100,5158,1,0
D,F,D,7143,100,7143,1,0
D,G,D,5147,100,5147,1,0
D,H,D,1424,100,1424,1,0
A,E,E,1381,100,1381,1,0
B,E,E,5148,100,5148,1,0
C,E,E,7175,100,7175,1,0
D,E,E,5213,100,5213,1,0
E,F,E,4969,100,4969,1,0
E,G,E,7048,100,7048,1,0
E,H,E,4968,100,4968,1,0
A,F,F,5183,100,5183,1,0
B,F,F,1365,100,1365,1,0
C,F,F,5135,100,5135,1,0
D,F,F,7130,100,7130,1,0
E,F,F,4953,100,4953,1,0
F,G,F,4972,100,4972,1,0
F,H,F,7009,100,7009,1,0
A,G,G,7160,100,7160,1,0
B,G,G,5194,100,5194,1,0
C,G,G,1415,100,1415,1,0
D,G,G,5103,100,5103,1,0
E,G,G,7043,100,7043,1,0
F,G,G,4987,100,4987,1,0
G,H,G,4952,100,4952,1,0
A,H,H,5146,100,5146,1,0
B,H,H,7195,100,7195,1,0
C,H,H,5141,100,5141,1,0
D,H,H,1406,100,1406,1,0
E,H,H,4946,100,4946,1,0
F,H,H,7026,100,7026,1,0
G,H,H,4921,100,4921,1,0
A,B,A,4983,100,4983,1,0
A,C,A,7016,100,7016,1,0
A,D,A,4962,100,4962,1,0
A,E,A,1431,100,1431,1,0
A,F,A,5176,100,5176,1,0
A,G,A,7133,100,7133,1,0
A,H,A,5150,100,5150,1,0
A,B,B,4919,100,4919,1,0
B,C,B,4965,100,4965,1,0
B,D,B,7062,100,7062,1,0
B,E,B,5166,100,5166,1,0
B,F,B,1386,100,1386,1,0
B,G,B,5175,100,5175,1,0
B,H,B,7190,100,7190,1,0
A,C,C,7022,100,7022,1,0
B,C,C,5031,100,5031,1,0
C,D,C,4936,100,4936,1,0
C,E,C,7162,100,7162,1,0
C,F,C,5158,100,5158,1,0
C,G,C,1384,100,1384,1,0
C,H,C,5161,100,5161,1,0
A,D,D,4927,100,4927,1,0
B,D,D,6983,100,6983,1,0
C,D,D,4949,100,4949,1,0
D,E,D,5140,100,5140,1,0
D,F,D,7125,100,7125,1,0
D,G,D,5182,100,5182,1,0
D,H,D,1365,100,1365,1,0
A,E,E,1410,100,1410,1,0
B,E,E,5150,100,5150,1,0
C,E,E,7197,100,7197,1,0
D,E,E,5127,100,5127,1,0
E,F,E,4964,100,4964,1,0
E,G,E,7065,100,7065,1,0
E,H,E,4978,100,4978,1,0
A,F,F,5200,100,5200,1,0
B,F,F,1390,100,1390,1,0
C,F,F,5149,100,5149,1,0
D,F,F,7132,100,7132,1,0
E,F,F,5044,100,5044,1,0
F,G,F,4995,100,4995,1,0
F,H,F,7040,100,7040,1,0
A,G,G,7213,100,7213,1,0
B,G,G,5200,100,5200,1,0
C,G,G,1429,100,1429,1,0
D,G,G,5188,100,5188,1,0
E,G,G,7038,100,7038,1,0
F,G,G,4976,100,4976,1,0
G,H,G,4952,100,4952,1,0
A,H,H,5152,100,5152,1,0
B,H,H,7163,100,7163,1,0
C,H,H,5134,100,5134,1,0
D,H,H,1434,100,1434,1,0
E,H,H,4974,100,4974,1,0
F,H,H,7067,100,7067,1,0
G,H,H,4910,100,4910,1,0
A,B,A,4956,100,4956,1,0
A,C,A,7034,100,7034,1,0
A,D,A,4951,100,4951,1,0
A,E,A,1383,100,1383,1,0
A,F,A,5205,100,5205,1,0
A,G,A,7162,100,7162,1,0
A,H,A,5186,100,5186,1,0
A,B,B,4947,100,4947,1,0
B,C,B,4972,100,4972,1,0
B,D,B,7004,100,7004,1,0
B,E,B,5127,100,5127,1,0
B,F,B,1364,100,1364,1,0
B,G,B,5204,100,5204,1,0
B,H,B,7102,100,7102,1,0
A,C,C,7031,100,7031,1,0
B,C,C,5014,100,5014,1,0
C,D,C,4953,100,4953,1,0
C,E,C,7186,100,7186,1,0
C,F,C,5157,100,5157,1,0
C,G,C,1380,100,1380,1,0
C,H,C,5170,100,5170,1,0
A,D,D,4973,100,4973,1,0
B,D,D,7003,100,7003,1,0
C,D,D,4928,100,4928,1,0
D,E,D,5179,100,5179,1,0
D,F,D,7156,100,7156,1,0
D,G,D,5184,100,5184,1,0
D,H,D,1437,100,1437,1,0
A,E,E,1449,100,1449,1,0
B,E,E,5122,100,5122,1,0
C,E,E,7224,100,7224,1,0
D,E,E,5170,100,5170,1,0
E,F,E,4993,100,4993,1,0
E,G,E,7059,100,7059,1,0
E,H,E,4980,100,4980,1,0
A,F,F,5169,100,5169,1,0
B,F,F,1397,100,1397,1,0
C,F,F,5169,100,5169,1,0
D,F,F,7129,100,7129,1,0
E,F,F,4965,100,4965,1,0
F,G,F,4952,100,4952,1,0
F,H,F,7000,100,7000,1,0
A,G,G,7208,100,7208,1,0
B,G,G,5185,100,5185,1,0
C,G,G,1391,100,1391,1,0
D,G,G,5154,100,5154,1,0
E,G,G,7047,100,7047,1,0
F,G,G,4958,100,4958,1,0
G,H,G,4916,100,4916,1,0
A,H,H,5151,100,5151,1,0
B,H,H,7114,100,7114,1,0
C,H,H,5160,100,5160,1,0
D,H,H,1408,100,1408,1,0
E,H,H,4977,100,4977,1,0
F,H,H,7027,100,7027,1,0
G,H,H,4951,100,4951,1,0
A,B,A,4974,100,4974,1,0
A,C,A,7020,100,7020,1,0
A,D,A,4953,100,4953,1,0
A,E,A,1390,100,1390,1,0
A,F,A,5162,100,5162,1,0
A,G,A,7156,100,7156,1,0
A,H,A,5139,100,5139,1,0
A,B,B,4893,100,4893,1,0
B,C,B,4962,100,4962,1,0
B,D,B,6996,100,6996,1,0
B,E,B,5117,100,5117,1,0
B,F,B,1385,100,1385,1,0
B,G,B,5180,100,5180,1,0
B,H,B,7110,100,7110,1,0
A,C,C,6998,100,6998,1,0
B,C,C,4977,100,4977,1,0
C,D,C,4920,100,4920,1,0
C,E,C,7174,100,7174,1,0
C,F,C,5150,100,5150,1,0
C,G,C,1383,100,1383,1,0
C,H,C,5146,100,5146,1,0
A,D,D,4945,100,4945,1,0
B,D,D,6978,100,6978,1,0
C,D,D,4931,100,4931,1,0
D,E,D,5200,100,5200,1,0
D,F,D,7134,100,7134,1,0
D,G,D,5139,100,5139,1,0
D,H,D,1380,100,1380,1,0
A,E,E,1480,100,1480,1,0
B,E,E,5184,100,5184,1,0
C,E,E,7178,100,7178,1,0
D,E,E,5210,100,5210,1,0
E,F,E,4949,100,4949,1,0
E,G,E,7049,100,7049,1,0
E,H,E,4969,100,4969,1,0
A,F,F,5199,100,5199,1,0
B,F,F,1392,100,1392,1,0
C,F,F,5154,100,5154,1,0
D,F,F,7161,100,7161,1,0
E,F,F,4978,100,4978,1,0
F,G,F,5001,100,5001,1,0
F,H,F,7001,100,7001,1,0
A,G,G,7196,100,7196,1,0
B,G,G,5178,100,5178,1,0
C,G,G,1395,100,1395,1,0
D,G,G,5140,100,5140,1,0
E,G,G,7053,100,7053,1,0
F,G,G,4989,100,4989,1,0
G,H,G,4970,100,4970,1,0
A,H,H,5122,100,5122,1,0
B,H,H,7141,100,7141,1,0
C,H,H,5130,100,5130,1,0
D,H,H,1378,100,1378,1,0
E,H,H,4947,100,4947,1,0
F,H,H,6991,100,6991,1,0
G,H,H,4940,100,4940,1,0
A,B,A,4976,100,4976,1,0
A,C,A,7001,100,7001,1,0
A,D,A,4973,100,4973,1,0
A,E,A,1368,100,1368,1,0
A,F,A,5202,100,5202,1,0
A,G,A,7177,100,7177,1,0
A,H,A,5116,100,5116,1,0
A,B,B,4927,100,4927,1,0
B,C,B,4959,100,4959,1,0
B,D,B,6984,100,6984,1,0
B,E,B,5155,100,5155,1,0
B,F,B,1386,100,1386,1,0
B,G,B,5149,100,5149,1,0
B,H,B,7129,100,7129,1,0
A,C,C,7039,100,7039,1,0
B,C,C,4975,100,4975,1,0
C,D,C,4965,100,4965,1,0
C,E,C,7212,100,7212,1,0
C,F,C,5136,100,5136,1,0
C,G,C,1366,100,1366,1,0
C,H,C,5141,100,5141,1,0
A,D,D,4946,100,4946,1,0
B,D,D,7033,100,7033,1,0
C,D,D,4917,100,4917,1,0
D,E,D,5187,100,5187,1,0
D,F,D,7138,100,7138,1,0
D,G,D,5113,100,5113,1,0
D,H,D,1389,100,1389,1,0
A,E,E,1407,100,1407,1,0
B,E,E,5129,100,5129,1,0
C,E,E,7170,100,7170,1,0
D,E,E,5220,100,5220,1,0
E,F,E,5011,100,5011,1,0
E,G,E,7065,100,7065,1,0
E,H,E,4987,100,4987,1,0
A,F,F,5180,100,5180,1,0
B,F,F,1412,100,1412,1,0
C,F,F,5155,100,5155,1,0
D,F,F,7118,100,7118,1,0
E,F,F,4989,100,4989,1,0
F,G,F,4959,100,4959,1,0
F,H,F,6976,100,6976,1,0
A,G,G,7160,100,7160,1,0
B,G,G,5183,100,5183,1,0
C,G,G,1391,100,1391,1,0
D,G,G,5116,100,5116,1,0
E,G,G,7047,100,7047,1,0
F,G,G,4972,100,4972,1,0
G,H,G,4958,100,4958,1,0
A,H,H,5152,100,5152,1,0
B,H,H,7085,100,7085,1,0
C,H,H,5138,100,5138,1,0
D,H,H,1415,100,1415,1,0
E,H,H,4967,100,4967,1,0
F,H,H,7003,100,7003,1,0
G,H,H,4990,100,4990,1,0
A,B,A,4936,100,4936,1,0
A,C,A,7039,100,7039,1,0
A,D,A,4950,100,4950,1,0
A,E,A,1377,100,1377,1,0
A,F,A,5164,100,5164,1,0
A,G,A,7160,100,7160,1,0
A,H,A,5169,100,5169,1,0
A,B,B,4963,100,4963,1,0
B,C,B,5009,100,5009,1,0
B,D,B,6990,100,6990,1,0
B,E,B,5167,100,5167,1,0
B,F,B,1354,100,1354,1,0
B,G,B,5179,100,5179,1,0
B,H,B,7111,100,7111,1,0
A,C,C,6995,100,6995,1,0
B,C,C,4962,100,4962,1,0
C,D,C,4894,100,4894,1,0
C,E,C,7185,100,7185,1,0
C,F,C,5183,100,5183,1,0
C,G,C,1375,100,1375,1,0
C,H,C,5158,100,5158,1,0
A,D,D,4947,100,4947,1,0
B,D,D,6984,100,6984,1,0
C,D,D,4955,100,4955,1,0
D,E,D,5160,100,5160,1,0
D,F,D,7155,100,7155,1,0
D,G,D,5131,100,5131,1,0
D,H,D,1402,100,1402,1,0
A,E,E,1327,100,1327,1,0
B,E,E,5123,100,5123,1,0
C,E,E,7154,100,7154,1,0
D,E,E,5228,100,5228,1,0
E,F,E,4994,100,4994,1,0
E,G,E,7040,100,7040,1,0
E,H,E,4954,100,4954,1,0
A,F,F,5179,100,5179,1,0
B,F,F,1386,100,1386,1,0
C,F,F,5157,100,5157,1,0
D,F,F,7171,100,7171,1,0
E,F,F,5017,100,5017,1,0
F,G,F,4948,100,4948,1,0
F,H,F,7021,100,7021,1,0
A,G,G,7155,100,7155,1,0
B,G,G,5172,100,5172,1,0
C,G,G,1411,100,1411,1,0
D,G,G,5199,100,5199,1,0
E,G,G,7068,100,7068,1,0
F,G,G,4968,100,4968,1,0
G,H,G,4938,100,4938,1,0
A,H,H,5142,100,5142,1,0
B,H,H,7155,100,7155,1,0
C,H,H,5135,100,5135,1,0
D,H,H,1379,100,1379,1,0
E,H,H,4947,100,4947,1,0
F,H,H,7036,100,7036,1,0
G,H,H,4979,100,4979,1,0
A,B,A,4923,100,4923,1,0
A,C,A,6999,100,6999,1,0
A,D,A,4964,100,4964,1,0
A,E,A,1382,100,1382,1,0
A,F,A,5161,100,5161,1,0
A,G,A,7219,100,7219,1,0
A,H,A,5122,100,5122,1,0
A,B,B,4917,100,4917,1,0
B,C,B,5012,100,5012,1,0
B,D,B,7012,100,7012,1,0
B,E,B,5171,100,5171,1,0
B,F,B,1403,100,1403,1,0
B,G,B,5199,100,5199,1,0
B,H,B,7191,100,7191,1,0
A,C,C,7006,100,7006,1,0
B,C,C,4996,100,4996,1,0
C,D,C,4941,100,4941,1,0
C,E,C,7182,100,7182,1,0
C,F,C,5146,100,5146,1,0
C,G,C,1382,100,1382,1,0
C,H,C,5219,100,5219,1,0
A,D,D,4933,100,4933,1,0
B,D,D,7002,100,7002,1,0
C,D,D,4969,100,4969,1,0
D,E,D,5141,100,5141,1,0
D,F,D,7121,100,7121,1,0
D,G,D,5133,100,5133,1,0
D,H,D,1411,100,1411,1,0
A,E,E,1441,100,1441,1,0
B,E,E,5129,100,5129,1,0
C,E,E,7165,100,7165,1,0
D,E,E,5144,100,5144,1,0
E,F,E,5016,100,5016,1,0
E,G,E,7072,100,7072,1,0
E,H,E,4962,100,4962,1,0
A,F,F,5158,100,5158,1,0
B,F,F,1391,100,1391,1,0
C,F,F,5163,100,5163,1,0
D,F,F,7152,100,7152,1,0
E,F,F,4964,100,4964,1,0
F,G,F,4964,100,4964,1,0
F,H,F,6987,100,6987,1,0
A,G,G,7210,100,7210,1,0
B,G,G,5129,100,5129,1,0
C,G,G,1368,100,1368,1,0
D,G,G,5148,100,5148,1,0
E,G,G,7067,100,7067,1,0
F,G,G,4992,100,4992,1,0
G,H,G,4928,100,4928,1,0
A,H,H,5161,100,5161,1,0
B,H,H,7148,100,7148,1,0
C,H,H,5099,100,5099,1,0
D,H,H,1423,100,1423,1,0
E,H,H,4954,100,4954,1,0
F,H,H,6982,100,6982,1,0
G,H,H,4977,100,4977,1,0
A,B,A,4940,100,4940,1,0
A,C,A,6990,100,6990,1,0
A,D,A,4917,100,4917,1,0
A,E,A,1408,100,1408,1,0
A,F,A,5166,100,5166,1,0
A,G,A,7171,100,7171,1,0
A,H,A,5157,100,5157,1,0
A,B,B,4954,100,4954,1,0
B,C,B,4948,100,4948,1,0
B,D,B,6972,100,6972,1,0
B,E,B,5161,100,5161,1,0
B,F,B,1395,100,1395,1,0
B,G,B,5214,100,5214,1,0
B,H,B,7110,100,7110,1,0
A,C,C,7018,100,7018,1,0
B,C,C,4999,100,4999,1,0
C,D,C,4951,100,4951,1,0
C,E,C,7129,100,7129,1,0
C,F,C,5136,100,5136,1,0
C,G,C,1418,100,1418,1,0
C,H,C,5176,100,5176,1,0
A,D,D,4936,100,4936,1,0
B,D,D,7017,100,7017,1,0
C,D,D,4961,100,4961,1,0
D,E,D,5165,100,5165,1,0
D,F,D,7137,100,7137,1,0
D,G,D,5140,100,5140,1,0
D,H,D,1426,100,1426,1,0
A,E,E,1480,100,1480,1,0
B,E,E,5142,100,5142,1,0
C,E,E,7179,100,7179,1,0
D,E,E,5153,100,5153,1,0
E,F,E,4985,100,4985,1,0
E,G,E,7039,100,7039,1,0
E,H,E,4965,100,4965,1,0
A,F,F,5155,100,5155,1,0
B,F,F,1415,100,1415,1,0
C,F,F,5151,100,5151,1,0
D,F,F,7167,100,7167,1,0
E,F,F,4994,100,4994,1,0
F,G,F,4974,100,4974,1,0
F,H,F,7044,100,7044,1,0
A,G,G,7193,100,7193,1,0
B,G,G,5183,100,5183,1,0
C,G,G,1382,100,1382,1,0
D,G,G,5168,100,5168,1,0
E,G,G,7028,100,7028,1,0
F,G,G,4959,100,4959,1,0
G,H,G,4930,100,4930,1,0
A,H,H,5125,100,5125,1,0
B,H,H,7206,100,7206,1,0
C,H,H,5132,100,5132,1,0
D,H,H,1394,100,1394,1,0
E,H,H,4988,100,4988,1,0
F,H,H,6971,100,6971,1,0
G,H,H,4926,100,4926,1,0
A,B,A,4948,100,4948,1,0
A,C,A,7019,100,7019,1,0
A,D,A,4930,100,4930,1,0
A,E,A,1386,100,1386,1,0
A,F,A,5168,100,5168,1,0
A,G,A,7135,100,7135,1,0
A,H,A,5155,100,5155,1,0
A,B,B,4961,100,4961,1,0
B,C,B,4996,100,4996,1,0
B,D,B,6994,100,6994,1,0
B,E,B,5177,100,5177,1,0
B,F,B,1416,100,1416,1,0
B,G,B,5174,100,5174,1,0
B,H,B,7158,100,7158,1,0
A,C,C,7026,100,7026,1,0
B,C,C,4976,100,4976,1,0
C,D,C,4916,100,4916,1,0
C,E,C,7174,100,7174,1,0
C,F,C,5139,100,5139,1,0
C,G,C,1378,100,1378,1,0
C,H,C,5154,100,5154,1,0
A,D,D,4930,100,4930,1,0
B,D,D,6973,100,6973,1,0
C,D,D,4911,100,4911,1,0
D,E,D,5094,100,5094,1,0
D,F,D,7111,100,7111,1,0
D,G,D,5164,100,5164,1,0
D,H,D,1409,100,1409,1,0
A,E,E,1399,100,1399,1,0
B,E,E,5122,100,5122,1,0
C,E,E,7174,100,7174,1,0
D,E,E,5134,100,5134,1,0
E,F,E,4969,100,4969,1,0
E,G,E,7068,100,7068,1,0
E,H,E,4936,100,4936,1,0
A,F,F,5152,100,5152,1,0
B,F,F,1418,100,1418,1,0
C,F,F,5162,100,5162,1,0
D,F,F,7161,100,7161,1,0
E,F,F,4977,100,4977,1,0
F,G,F,4995,100,4995,1,0
F,H,F,7010,100,7010,1,0
A,G,G,7130,100,7130,1,0
B,G,G,5178,100,5178,1,0
C,G,G,1439,100,1439,1,0
D,G,G,5128,100,5128,1,0
E,G,G,7059,100,7059,1,0
F,G,G,4989,100,4989,1,0
G,H,G,4922,100,4922,1,0
A,H,H,5150,100,5150,1,0
B,H,H,7198,100,7198,1,0
C,H,H,5165,100,5165,1,0
D,H,H,1413,100,1413,1,0
E,H,H,5000,100,5000,1,0
F,H,H,7007,100,7007,1,0
G,H,H,4954,100,4954,1,0
A,B,A,4948,100,4948,1,0
A,C,A,7049,100,7049,1,0
A,D,A,4952,100,4952,1,0
A,E,A,1403,100,1403,1,0
A,F,A,5198,100,5198,1,0
A,G,A,7204,100,7204,1,0
A,H,A,5113,100,5113,1,0
A,B,B,4961,100,4961,1,0
B,C,B,4982,100,4982,1,0
B,D,B,7003,100,7003,1,0
B,E,B,5136,100,5136,1,0
B,F,B,1436,100,1436,1,0
B,G,B,5187,100,5187,1,0
B,H,B,7134,100,7134,1,0
A,C,C,7013,100,7013,1,0
B,C,C,5009,100,5009,1,0
C,D,C,4922,100,4922,1,0
C,E,C,7171,100,7171,1,0
C,F,C,5166,100,5166,1,0
C,G,C,1383,100,1383,1,0
C,H,C,5140,100,5140,1,0
A,D,D,4958,100,4958,1,0
B,D,D,7001,100,7001,1,0
C,D,D,4955,100,4955,1,0
D,E,D,5167,100,5167,1,0
D,F,D,7158,100,7158,1,0
D,G,D,5111,100,5111,1,0
D,H,D,1394,100,1394,1,0
A,E,E,1418,100,1418,1,0
B,E,E,5149,100,5149,1,0
C,E,E,7153,100,7153,1,0
D,E,E,5212,100,5212,1,0
E,F,E,4930,100,4930,1,0
E,G,E,7037,100,7037,1,0
E,H,E,4965,100,4965,1,0
A,F,F,5209,100,5209,1,0
B,F,F,1440,100,1440,1,0
C,F,F,5168,100,5168,1,0
D,F,F,7144,100,7144,1,0
E,F,F,4973,100,4973,1,0
F,G,F,4963,100,4963,1,0
F,H,F,6961,100,6961,1,0
A,G,G,7173,100,7173,1,0
B,G,G,5179,100,5179,1,0
C,G,G,1389,100,1389,1,0
D,G,G,5178,100,5178,1,0
E,G,G,7049,100,7049,1,0
F,G,G,4964,100,4964,1,0
G,H,G,4945,100,4945,1,0
A,H,H,5145,100,5145,1,0
B,H,H,7098,100,7098,1,0
C,H,H,5144,100,5144,1,0
D,H,H,1382,100,1382,1,0
E,H,H,4952,100,4952,1,0
F,H,H,6983,100,6983,1,0
G,H,H,4972,100,4972,1,0
A,B,A,4938,100,4938,1,0
A,C,A,7006,100,7006,1,0
A,D,A,4935,100,4935,1,0
A,E,A,1393,100,1393,1,0
A,F,A,5169,100,5169,1,0
A,G,A,7201,100,7201,1,0
A,H,A,5149,100,5149,1,0
A,B,B,4986,100,4986,1,0
B,C,B,4993,100,4993,1,0
B,D,B,7007,100,7007,1,0
B,E,B,5153,100,5153,1,0
B,F,B,1379,100,1379,1,0
B,G,B,5195,100,5195,1,0
B,H,B,7096,100,7096,1,0
A,C,C,7004,100,7004,1,0
B,C,C,4987,100,4987,1,0
C,D,C,4945,100,4945,1,0
C,E,C,7123,100,7123,1,0
C,F,C,5138,100,5138,1,0
C,G,C,1454,100,1454,1,0
C,H,C,5175,100,5175,1,0
A,D,D,4949,100,4949,1,0
B,D,D,7036,100,7036,1,0
C,D,D,4922,100,4922,1,0
D,E,D,5214,100,5214,1,0
D,F,D,7107,100,7107,1,0
D,G,D,5142,100,5142,1,0
D,H,D,1366,100,1366,1,0
A,E,E,1375,100,1375,1,0
B,E,E,5161,100,5161,1,0
C,E,E,7163,100,7163,1,0
D,E,E,5171,100,5171,1,0
E,F,E,4998,100,4998,1,0
E,G,E,7064,100,7064,1,0
E,H,E,4968,100,4968,1,0
A,F,F,5186,100,5186,1,0
B,F,F,1411,100,1411,1,0
C,F,F,5152,100,5152,1,0
D,F,F,7135,100,7135,1,0
E,F,F,5003,100,5003,1,0
F,G,F,4962,100,4962,1,0
F,H,F,7010,100,7010,1,0
A,G,G,7184,100,7184,1,0
B,G,G,5180,100,5180,1,0
C,G,G,1424,100,1424,1,0
D,G,G,5136,100,5136,1,0
E,G,G,7062,100,7062,1,0
F,G,G,4964,100,4964,1,0
G,H,G,4913,100,4913,1,0
A,H,H,5127,100,5127,1,0
B,H,H,7126,100,7126,1,0
C,H,H,5140,100,5140,1,0
D,H,H,1368,100,1368,1,0
E,H,H,4948,100,4948,1,0
F,H,H,7005,100,7005,1,0
G,H,H,4969,100,4969,1,0
A,B,A,4969,100,4969,1,0
A,C,A,7016,100,7016,1,0
A,D,A,4924,100,4924,1,0
A,E,A,1392,100,1392,1,0
A,F,A,5206,100,5206,1,0
A,G,A,7133,100,7133,1,0
A,H,A,5095,100,5095,1,0
A,B,B,4950,100,4950,1,0
B,C,B,4997,100,4997,1,0
B,D,B,7031,100,7031,1,0
B,E,B,5181,100,5181,1,0
B,F,B,1398,100,1398,1,0
B,G,B,5182,100,5182,1,0
B,H,B,7169,100,7169,1,0
A,C,C,7068,100,7068,1,0
B,C,C,4996,100,4996,1,0
C,D,C,4927,100,4927,1,0
C,E,C,7193,100,7193,1,0
C,F,C,5163,100,5163,1,0
C,G,C,1410,100,1410,1,0
C,H,C,5156,100,5156,1,0
A,D,D,4960,100,4960,1,0
B,D,D,7041,100,7041,1,0
C,D,D,4923,100,4923,1,0
D,E,D,5117,100,5117,1,0
D,F,D,7147,100,7147,1,0
D,G,D,5127,100,5127,1,0
D,H,D,1419,100,1419,1,0
A,E,E,1403,100,1403,1,0
B,E,E,5067,100,5067,1,0
C,E,E,7185,100,7185,1,0
D,E,E,5159,100,5159,1,0
E,F,E,4989,100,4989,1,0
E,G,E,7048,100,7048,1,0
E,H,E,4993,100,4993,1,0
A,F,F,5173,100,5173,1,0
B,F,F,1389,100,1389,1,0
C,F,F,5170,100,5170,1,0
D,F,F,7154,100,7154,1,0
E,F,F,4995,100,4995,1,0
F,G,F,4996,100,4996,1,0
F,H,F,7044,100,7044,1,0
A,G,G,7146,100,7146,1,0
B,G,G,5171,100,5171,1,0
C,G,G,1388,100,1388,1,0
D,G,G,5139,100,5139,1,0
E,G,G,7064,100,7064,1,0
F,G,G,4976,100,4976,1,0
G,H,G,4983,100,4983,1,0
A,H,H,5163,100,5163,1,0
B,H,H,7108,100,7108,1,0
C,H,H,5186,100,5186,1,0
D,H,H,1413,100,1413,1,0
E,H,H,4989,100,4989,1,0
F,H,H,7035,100,7035,1,0
G,H,H,4982,100,4982,1,0
A,B,A,4956,100,4956,1,0
A,C,A,6998,100,6998,1,0
A,D,A,4972,100,4972,1,0
A,E,A,1393,100,1393,1,0
A,F,A,5106,100,5106,1,0
A,G,A,7163,100,7163,1,0
A,H,A,5165,100,5165,1,0
A,B,B,4987,100,4987,1,0
B,C,B,4983,100,4983,1,0
B,D,B,7034,100,7034,1,0
B,E,B,5162,100,5162,1,0
B,F,B,1394,100,1394,1,0
B,G,B,5208,100,5208,1,0
B,H,B,7190,100,7190,1,0
A,C,C,7014,100,7014,1,0
B,C,C,4980,100,4980,1,0
C,D,C,4921,100,4921,1,0
C,E,C,7175,100,7175,1,0
C,F,C,5167,100,5167,1,0
C,G,C,1402,100,1402,1,0
C,H,C,5138,100,5138,1,0
A,D,D,4938,100,4938,1,0
B,D,D,6973,100,6973,1,0
C,D,D,4932,100,4932,1,0
D,E,D,5151,100,5151,1,0
D,F,D,7157,100,7157,1,0
D,G,D,5111,100,5111,1,0
D,H,D,1416,100,1416,1,0
A,E,E,1381,100,1381,1,0
B,E,E,5138,100,5138,1,0
C,E,E,7213,100,7213,1,0
D,E,E,5190,100,5190,1,0
E,F,E,4965,100,4965,1,0
E,G,E,7057,100,7057,1,0
E,H,E,4974,100,4974,1,0
A,F,F,5219,100,5219,1,0
B,F,F,1431,100,1431,1,0
C,F,F,5163,100,5163,1,0
D,F,F,7122,100,7122,1,0
E,F,F,4995,100,4995,1,0
F,G,F,4979,100,4979,1,0
F,H,F,6974,100,6974,1,0
A,G,G,7181,100,7181,1,0
B,G,G,5195,100,5195,1,0
C,G,G,1378,100,1378,1,0
D,G,G,5138,100,5138,1,0
E,G,G,7032,100,7032,1,0
F,G,G,4967,100,4967,1,0
G,H,G,4972,100,4972,1,0
A,H,H,5122,100,5122,1,0
B,H,H,7149,100,7149,1,0
C,H,H,5111,100,5111,1,0
D,H,H,1453,100,1453,1,0
E,H,H,4970,100,4970,1,0
F,H,H,6983,100,6983,1,0
G,H,H,4918,100,4918,1,0
A,B,A,4925,100,4925,1,0
A,C,A,7057,100,7057,1,0
A,D,A,4944,100,4944,1,0
A,E,A,1370,100,1370,1,0
A,F,A,5178,100,5178,1,0
A,G,A,7131,100,7131,1,0
A,H,A,5116,100,5116,1,0
A,B,B,4895,100,4895,1,0
B,C,B,4962,100,4962,1,0
B,D,B,7017,100,7017,1,0
B,E,B,5175,100,5175,1,0
B,F,B,1379,100,1379,1,0
B,G,B,5192,100,5192,1,0
B,H,B,7152,100,7152,1,0
A,C,C,7007,100,7007,1,0
B,C,C,4966,100,4966,1,0
C,D,C,4954,100,4954,1,0
C,E,C,7219,100,7219,1,0
C,F,C,5159,100,5159,1,0
C,G,C,1367,100,1367,1,0
C,H,C,5152,100,5152,1,0
A,D,D,4951,100,4951,1,0
B,D,D,7018,100,7018,1,0
C,D,D,4942,100,4942,1,0
D,E,D,5132,100,5132,1,0
D,F,D,7176,100,7176,1,0
D,G,D,5126,100,5126,1,0
D,H,D,1411,100,1411,1,0
A,E,E,1374,100,1374,1,0
B,E,E,5136,100,5136,1,0
C,E,E,7198,100,7198,1,0
D,E,E,5196,100,5196,1,0
E,F,E,5012,100,5012,1,0
E,G,E,7052,100,7052,1,0
E,H,E,4970,100,4970,1,0
A,F,F,5181,100,5181,1,0
B,F,F,1452,100,1452,1,0
C,F,F,5127,100,5127,1,0
D,F,F,7113,100,7113,1,0
E,F,F,4970,100,4970,1,0
F,G,F,4983,100,4983,1,0
F,H,F,6981,100,6981,1,0
A,G,G,7218,100,7218,1,0
B,G,G,5176,100,5176,1,0
C,G,G,1406,100,1406,1,0
D,G,G,5135,100,5135,1,0
E,G,G,7037,100,7037,1,0
F,G,G,4979,100,4979,1,0
G,H,G,4911,100,4911,1,0
A,H,H,5138,100,5138,1,0
B,H,H,7150,100,7150,1,0
C,H,H,5178,100,5178,1,0
D,H,H,1430,100,1430,1,0
E,H,H,4994,100,4994,1,0
F,H,H,6980,100,6980,1,0
G,H,H,4928,100,4928,1,0
A,B,A,4899,100,4899,1,0
A,C,A,6998,100,6998,1,0
A,D,A,4955,100,4955,1,0
A,E,A,1425,100,1425,1,0
A,F,A,5160,100,5160,1,0
A,G,A,7171,100,7171,1,0
A,H,A,5161,100,5161,1,0
A,B,B,4972,100,4972,1,0
B,C,B,4987,100,4987,1,0
B,D,B,7016,100,7016,1,0
B,E,B,5162,100,5162,1,0
B,F,B,1392,100,1392,1,0
B,G,B,5224,100,5224,1,0
B,H,B,7109,100,7109,1,0
A,C,C,7006,100,7006,1,0
B,C,C,4965,100,4965,1,0
C,D,C,4956,100,4956,1,0
C,E,C,7179,100,7179,1,0
C,F,C,5170,100,5170,1,0
C,G,C,1381,100,1381,1,0
C,H,C,5192,100,5192,1,0
A,D,D,4949,100,4949,1,0
B,D,D,6975,100,6975,1,0
C,D,D,4977,100,4977,1,0
D,E,D,5182,100,5182,1,0
D,F,D,7108,100,7108,1,0
D,G,D,5155,100,5155,1,0
D,H,D,1400,100,1400,1,0
A,E,E,1399,100,1399,1,0
B,E,E,5219,100,5219,1,0
C,E,E,7185,100,7185,1,0
D,E,E,5171,100,5171,1,0
E,F,E,4989,100,4989,1,0
E,G,E,7057,100,7057,1,0
E,H,E,4980,100,4980,1,0
A,F,F,5151,100,5151,1,0
B,F,F,1378,100,1378,1,0
C,F,F,5155,100,5155,1,0
D,F,F,7167,100,7167,1,0
E,F,F,4956,100,4956,1,0
F,G,F,4993,100,4993,1,0
F,H,F,6974,100,6974,1,0
A,G,G,7155,100,7155,1,0
B,G,G,5196,100,5196,1,0
C,G,G,1414,100,1414,1,0
D,G,G,5131,100,5131,1,0
E,G,G,7041,100,7041,1,0
F,G,G,4958,100,4958,1,0
G,H,G,4946,100,4946,1,0
A,H,H,5149,100,5149,1,0
B,H,H,7136,100,7136,1,0
C,H,H,5137,100,5137,1,0
D,H,H,1408,100,1408,1,0
E,H,H,4983,100,4983,1,0
F,H,H,7034,100,7034,1,0
G,H,H,4959,100,4959,1,0
A,B,A,4978,100,4978,1,0
A,C,A,7010,100,7010,1,0
A,D,A,4953,100,4953,1,0
A,E,A,1401,100,1401,1,0
A,F,A,5202,100,5202,1,0
A,G,A,7167,100,7167,1,0
A,H,A,5177,100,5177,1,0
A,B,B,4933,100,4933,1,0
B,C,B,4993,100,4993,1,0
B,D,B,7014,100,7014,1,0
B,E,B,5141,100,5141,1,0
B,F,B,1345,100,1345,1,0
B,G,B,5192,100,5192,1,0
B,H,B,7152,100,7152,1,0
A,C,C,7043,100,7043,1,0
B,C,C,5002,100,5002,1,0
C,D,C,4931,100,4931,1,0
C,E,C,7164,100,7164,1,0
C,F,C,5180,100,5180,1,0
C,G,C,1400,100,1400,1,0
C,H,C,5219,100,5219,1,0
A,D,D,4926,100,4926,1,0
B,D,D,7001,100,7001,1,0
C,D,D,4943,100,4943,1,0
D,E,D,5215,100,5215,1,0
D,F,D,7172,100,7172,1,0
D,G,D,5127,100,5127,1,0
D,H,D,1362,100,1362,1,0
A,E,E,1480,100,1480,1,0
B,E,E,5126,100,5126,1,0
C,E,E,7231,100,7231,1,0
D,E,E,5133,100,5133,1,0
E,F,E,5001,100,5001,1,0
E,G,E,7074,100,7074,1,0
E,H,E,4989,100,4989,1,0
A,F,F,5119,100,5119,1,0
B,F,F,1411,100,1411,1,0
C,F,F,5165,100,5165,1,0
D,F,F,7138,100,7138,1,0
E,F,F,4960,100,4960,1,0
F,G,F,4947,100,4947,1,0
F,H,F,7037,100,7037,1,0
A,G,G,7185,100,7185,1,0
B,G,G,5190,100,5190,1,0
C,G,G,1422,100,1422,1,0
D,G,G,5146,100,5146,1,0
E,G,G,7063,100,7063,1,0
F,G,G,4934,100,4934,1,0
G,H,G,4994,100,4994,1,0
A,H,H,5143,100,5143,1,0
B,H,H,7146,100,7146,1,0
C,H,H,5138,100,5138,1,0
D,H,H,1372,100,1372,1,0
E,H,H,4960,100,4960,1,0
F,H,H,7027,100,7027,1,0
G,H,H,4933,100,4933,1,0
A,B,A,4950,100,4950,1,0
A,C,A,7008,100,7008,1,0
A,D,A,4954,100,4954,1,0
A,E,A,1424,100,1424,1,0
A,F,A,5149,100,5149,1,0
A,G,A,7204,100,7204,1,0
A,H,A,5186,100,5186,1,0
A,B,B,4988,100,4988,1,0
B,C,B,4946,100,4946,1,0
B,D,B,7040,100,7040,1,0
B,E,B,5156,100,5156,1,0
B,F,B,1400,100,1400,1,0
B,G,B,5198,100,5198,1,0
B,H,B,7087,100,7087,1,0
A,C,C,7063,100,7063,1,0
B,C,C,4985,100,4985,1,0
C,D,C,4970,100,4970,1,0
C,E,C,7149,100,7149,1,0
C,F,C,5157,100,5157,1,0
C,G,C,1385,100,1385,1,0
C,H,C,5174,100,5174,1,0
A,D,D,4927,100,4927,1,0
B,D,D,6976,100,6976,1,0
C,D,D,4980,100,4980,1,0
D,E,D,5159,100,5159,1,0
D,F,D,7154,100,7154,1,0
D,G,D,5167,100,5167,1,0
D,H,D,1392,100,1392,1,0
A,E,E,1382,100,1382,1,0
B,E,E,5125,100,5125,1,0
C,E,E,7234,100,7234,1,0
D,E,E,5145,100,5145,1,0
E,F,E,4997,100,4997,1,0
E,G,E,7035,100,7035,1,0
E,H,E,4964,100,4964,1,0
A,F,F,5186,100,5186,1,0
B,F,F,1420,100,1420,1,0
C,F,F,5152,100,5152,1,0
D,F,F,7136,100,7136,1,0
E,F,F,5041,100,5041,1,0
F,G,F,4961,100,4961,1,0
F,H,F,7011,100,7011,1,0
A,G,G,7171,100,7171,1,0
B,G,G,5176,100,5176,1,0
C,G,G,1363,100,1363,1,0
D,G,G,5167,100,5167,1,0
E,G,G,7047,100,7047,1,0
F,G,G,4970,100,4970,1,0
G,H,G,4929,100,4929,1,0
A,H,H,5155,100,5155,1,0
B,H,H,7170,100,7170,1,0
C,H,H,5162,100,5162,1,0
D,H,H,1369,100,1369,1,0
E,H,H,4978,100,4978,1,0
F,H,H,6988,100,6988,1,0
G,H,H,4944,100,4944,1,0
A,B,A,4932,100,4932,1,0
A,C,A,7037,100,7037,1,0
A,D,A,4944,100,4944,1,0
A,E,A,1428,100,1428,1,0
A,F,A,5209,100,5209,1,0
A,G,A,7118,100,7118,1,0
A,H,A,5134,100,5134,1,0
A,B,B,4964,100,4964,1,0
B,C,B,4983,100,4983,1,0
B,D,B,7022,100,7022,1,0
B,E,B,5131,100,5131,1,0
B,F,B,1371,100,1371,1,0
B,G,B,5193,100,5193,1,0
B,H,B,7147,100,7147,1,0
A,C,C,7088,100,7088,1,0
B,C,C,5022,100,5022,1,0
C,D,C,4946,100,4946,1,0
C,E,C,7142,100,7142,1,0
C,F,C,5169,100,5169,1,0
C,G,C,1394,100,1394,1,0
C,H,C,5151,100,5151,1,0
A,D,D,4946,100,4946,1,0
B,D,D,6984,100,6984,1,0
C,D,D,4973,100,4973,1,0
D,E,D,5115,100,5115,1,0
D,F,D,7157,100,7157,1,0
D,G,D,5127,100,5127,1,0
D,H,D,1471,100,1471,1,0
A,E,E,1470,100,1470,1,0
B,E,E,5130,100,5130,1,0
C,E,E,7181,100,7181,1,0
D,E,E,5217,100,5217,1,0
E,F,E,4990,100,4990,1,0
E,G,E,7043,100,7043,1,0
E,H,E,5020,100,5020,1,0
A,F,F,5195,100,5195,1,0
B,F,F,1392,100,1392,1,0
C,F,F,5143,100,5143,1,0
D,F,F,7136,100,7136,1,0
E,F,F,4995,100,4995,1,0
F,G,F,4982,100,4982,1,0
F,H,F,6996,100,6996,1,0
A,G,G,7158,100,7158,1,0
B,G,G,5185,100,5185,1,0
C,G,G,1436,100,1436,1,0
D,G,G,5134,100,5134,1,0
E,G,G,7027,100,7027,1,0
F,G,G,4974,100,4974,1,0
G,H,G,4912,100,4912,1,0
A,H,H,5147,100,5147,1,0
B,H,H,7134,100,7134,1,0
C,H,H,5151,100,5151,1,0
D,H,H,1418,100,1418,1,0
E,H,H,4962,100,4962,1,0
F,H,H,6961,100,6961,1,0
G,H,H,4963,100,4963,1,0
A,B,A,4931,100,4931,1,0
A,C,A,7042,100,7042,1,0
A,D,A,4935,100,4935,1,0
A,E,A,1390,100,1390,1,0
A,F,A,5165,100,5165,1,0
A,G,A,7167,100,7167,1,0
A,H,A,5199,100,5199,1,0
A,B,B,4969,100,4969,1,0
B,C,B,4999,100,4999,1,0
B,D,B,6971,100,6971,1,0
B,E,B,5137,100,5137,1,0
B,F,B,1387,100,1387,1,0
B,G,B,5182,100,5182,1,0
B,H,B,7168,100,7168,1,0
A,C,C,7026,100,7026,1,0
B,C,C,4956,100,4956,1,0
C,D,C,4938,100,4938,1,0
C,E,C,7207,100,7207,1,0
C,F,C,5164,100,5164,1,0
C,G,C,1375,100,1375,1,0
C,H,C,5176,100,5176,1,0
A,D,D,4931,100,4931,1,0
B,D,D,6978,100,6978,1,0
C,D,D,4971,100,4971,1,0
D,E,D,5208,100,5208,1,0
D,F,D,7170,100,7170,1,0
D,G,D,5115,100,5115,1,0
D,H,D,1389,100,1389,1,0
A,E,E,1378,100,1378,1,0
B,E,E,5144,100,5144,1,0
C,E,E,7193,100,7193,1,0
D,E,E,5205,100,5205,1,0
E,F,E,4961,100,4961,1,0
E,G,E,7058,100,7058,1,0
E,H,E,4981,100,4981,1,0
A,F,F,5152,100,5152,1,0
B,F,F,1405,100,1405,1,0
C,F,F,5165,100,5165,1,0
D,F,F,7144,100,7144,1,0
E,F,F,5019,100,5019,1,0
F,G,F,4985,100,4985,1,0
F,H,F,7013,100,7013,1,0
A,G,G,7166,100,7166,1,0
B,G,G,5166,100,5166,1,0
C,G,G,1378,100,1378,1,0
D,G,G,5138,100,5138,1,0
E,G,G,7059,100,7059,1,0
F,G,G,4966,100,4966,1,0
G,H,G,4935,100,4935,1,0
A,H,H,5162,100,5162,1,0
B,H,H,7157,100,7157,1,0
C,H,H,5145,100,5145,1,0
D,H,H,1467,100,1467,1,0
E,H,H,4979,100,4979,1,0
F,H,H,6998,100,6998,1,0
G,H,H,4915,100,4915,1,0
A,B,A,4949,100,4949,1,0
A,C,A,7033,100,7033,1,0
A,D,A,4930,100,4930,1,0
A,E,A,1445,100,1445,1,0
A,F,A,5169,100,5169,1,0
A,G,A,7183,100,7183,1,0
A,H,A,5159,100,5159,1,0
A,B,B,4952,100,4952,1,0
B,C,B,5020,100,5020,1,0
B,D,B,6959,100,6959,1,0
B,E,B,5119,100,5119,1,0
B,F,B,1376,100,1376,1,0
B,G,B,5164,100,5164,1,0
B,H,B,7089,100,7089,1,0
A,C,C,7014,100,7014,1,0
B,C,C,5021,100,5021,1,0
C,D,C,4957,100,4957,1,0
C,E,C,7206,100,7206,1,0
C,F,C,5167,100,5167,1,0
C,G,C,1415,100,1415,1,0
C,H,C,5147,100,5147,1,0
A,D,D,4982,100,4982,1,0
B,D,D,6983,100,6983,1,0
C,D,D,4962,100,4962,1,0
D,E,D,5189,100,5189,1,0
D,F,D,7150,100,7150,1,0
D,G,D,5133,100,5133,1,0
D,H,D,1419,100,1419,1,0
A,E,E,1410,100,1410,1,0
B,E,E,5119,100,5119,1,0
C,E,E,7167,100,7167,1,0
D,E,E,5160,100,5160,1,0
E,F,E,4965,100,4965,1,0
E,G,E,7021,100,7021,1,0
E,H,E,4945,100,4945,1,0
A,F,F,5177,100,5177,1,0
B,F,F,1401,100,1401,1,0
C,F,F,5155,100,5155,1,0
D,F,F,7108,100,7108,1,0
E,F,F,4975,100,4975,1,0
F,G,F,4981,100,4981,1,0
F,H,F,7034,100,7034,1,0
A,G,G,7193,100,7193,1,0
B,G,G,5153,100,5153,1,0
C,G,G,1436,100,1436,1,0
D,G,G,5072,100,5072,1,0
E,G,G,7043,100,7043,1,0
F,G,G,4982,100,4982,1,0
G,H,G,4968,100,4968,1,0
A,H,H,5161,100,5161,1,0
B,H,H,7147,100,7147,1,0
C,H,H,5139,100,5139,1,0
D,H,H,1428,100,1428,1,0
E,H,H,4993,100,4993,1,0
F,H,H,6989,100,6989,1,0
G,H,H,4976,100,4976,1,0
A,B,A,4943,100,4943,1,0
A,C,A,7043,100,7043,1,0
A,D,A,4940,100,4940,1,0
A,E,A,1448,100,1448,1,0
A,F,A,5182,100,5182,1,0
A,G,A,7116,100,7116,1,0
A,H,A,5154,100,5154,1,0
A,B,B,4976,100,4976,1,0
B,C,B,4988,100,4988,1,0
B,D,B,6959,100,6959,1,0
B,E,B,5122,100,5122,1,0
B,F,B,1403,100,1403,1,0
B,G,B,5180,100,5180,1,0
B,H,B,7156,100,7156,1,0
A,C,C,7061,100,7061,1,0
B,C,C,5000,100,5000,1,0
C,D,C,4913,100,4913,1,0
C,E,C,7177,100,7177,1,0
C,F,C,5148,100,5148,1,0
C,G,C,1379,100,1379,1,0
C,H,C,5171,100,5171,1,0
A,D,D,4956,100,4956,1,0
B,D,D,6992,100,6992,1,0
C,D,D,4933,100,4933,1,0
D,E,D,5146,100,5146,1,0
D,F,D,7134,100,7134,1,0
D,G,D,5134,100,5134,1,0
D,H,D,1419,100,1419,1,0
A,E,E,1359,100,1359,1,0
B,E,E,5151,100,5151,1,0
C,E,E,7182,100,7182,1,0
D,E,E,5150,100,5150,1,0
E,F,E,4985,100,4985,1,0
E,G,E,7059,100,7059,1,0
E,H,E,4968,100,4968,1,0
A,F,F,5217,100,5217,1,0
B,F,F,1407,100,1407,1,0
C,F,F,5134,100,5134,1,0
D,F,F,7163,100,7163,1,0
E,F,F,4966,100,4966,1,0
F,G,F,4952,100,4952,1,0
F,H,F,6983,100,6983,1,0
A,G,G,7142,100,7142,1,0
B,G,G,5177,100,5177,1,0
C,G,G,1425,100,1425,1,0
D,G,G,5152,100,5152,1,0
E,G,G,7025,100,7025,1,0
F,G,G,5003,100,5003,1,0
G,H,G,4934,100,4934,1,0
A,H,H,5155,100,5155,1,0
B,H,H,7188,100,7188,1,0
C,H,H,5185,100,5185,1,0
D,H,H,1375,100,1375,1,0
E,H,H,5005,100,5005,1,0
F,H,H,6976,100,6976,1,0
G,H,H,4962,100,4962,1,0
A,B,A,4972,100,4972,1,0
A,C,A,6987,100,6987,1,0
A,D,A,4950,100,4950,1,0
A,E,A,1421,100,1421,1,0
A,F,A,5185,100,5185,1,0
A,G,A,7187,100,7187,1,0
A,H,A,5172,100,5172,1,0
A,B,B,4927,100,4927,1,0
B,C,B,5015,100,5015,1,0
B,D,B,7009,100,7009,1,0
B,E,B,5146,100,5146,1,0
B,F,B,1420,100,1420,1,0
B,G,B,5147,100,5147,1,0
B,H,B,7170,100,7170,1,0
A,C,C,7013,100,7013,1,0
B,C,C,4964,100,4964,1,0
C,D,C,4904,100,4904,1,0
C,E,C,7185,100,7185,1,0
C,F,C,5170,100,5170,1,0
C,G,C,1435,100,1435,1,0
C,H,C,5107,100,5107,1,0
A,D,D,4934,100,4934,1,0
B,D,D,7022,100,7022,1,0
C,D,D,4985,100,4985,1,0
D,E,D,5236,100,5236,1,0
D,F,D,7129,100,7129,1,0
D,G,D,5136,100,5136,1,0
D,H,D,1429,100,1429,1,0
A,E,E,1396,100,1396,1,0
B,E,E,5129,100,5129,1,0
C,E,E,7127,100,7127,1,0
D,E,E,5140,100,5140,1,0
E,F,E,4981,100,4981,1,0
E,G,E,7038,100,7038,1,0
E,H,E,4984,100,4984,1,0
A,F,F,5180,100,5180,1,0
B,F,F,1386,100,1386,1,0
C,F,F,5145,100,5145,1,0
D,F,F,7131,100,7131,1,0
E,F,F,4986,100,4986,1,0
F,G,F,5001,100,5001,1,0
F,H,F,7003,100,7003,1,0
A,G,G,7146,100,7146,1,0
B,G,G,5181,100,5181,1,0
C,G,G,1448,100,1448,1,0
D,G,G,5128,100,5128,1,0
E,G,G,7044,100,7044,1,0
F,G,G,4980,100,4980,1,0
G,H,G,4954,100,4954,1,0
A,H,H,5133,100,5133,1,0
B,H,H,7150,100,7150,1,0
C,H,H,5147,100,5147,1,0
D,H,H,1349,100,1349,1,0
E,H,H,4942,100,4942,1,0
F,H,H,7003,100,7003,1,0
G,H,H,4954,100,4954,1,0
A,B,A,4929,100,4929,1,0
A,C,A,7042,100,7042,1,0
A,D,A,4939,100,4939,1,0
A,E,A,1433,100,1433,1,0
A,F,A,5201,100,5201,1,0
A,G,A,7147,100,7147,1,0
A,H,A,5103,100,5103,1,0
A,B,B,4958,100,4958,1,0
B,C,B,5005,100,5005,1,0
B,D,B,6997,100,6997,1,0
B,E,B,5142,100,5142,1,0
B,F,B,1403,100,1403,1,0
B,G,B,5156,100,5156,1,0
B,H,B,7160,100,7160,1,0
A,C,C,7058,100,7058,1,0
B,C,C,4979,100,4979,1,0
C,D,C,4922,100,4922,1,0
C,E,C,7182,100,7182,1,0
C,F,C,5163,100,5163,1,0
C,G,C,1400,100,1400,1,0
C,H,C,5155,100,5155,1,0
A,D,D,4924,100,4924,1,0
B,D,D,7007,100,7007,1,0
C,D,D,4944,100,4944,1,0
D,E,D,5138,100,5138,1,0
D,F,D,7157,100,7157,1,0
D,G,D,5128,100,5128,1,0
D,H,D,1410,100,1410,1,0
A,E,E,1381,100,1381,1,0
B,E,E,5115,100,5115,1,0
C,E,E,7162,100,7162,1,0
D,E,E,5113,100,5113,1,0
E,F,E,4963,100,4963,1,0
E,G,E,7056,100,7056,1,0
E,H,E,4985,100,4985,1,0
A,F,F,5156,100,5156,1,0
B,F,F,1385,100,1385,1,0
C,F,F,5149,100,5149,1,0
D,F,F,7142,100,7142,1,0
E,F,F,4993,100,4993,1,0
F,G,F,4986,100,4986,1,0
F,H,F,7020,100,7020,1,0
A,G,G,7160,100,7160,1,0
B,G,G,5194,100,5194,1,0
C,G,G,1375,100,1375,1,0
D,G,G,5121,100,5121,1,0
E,G,G,7080,100,7080,1,0
F,G,G,4972,100,4972,1,0
G,H,G,4977,100,4977,1,0
A,H,H,5143,100,5143,1,0
B,H,H,7146,100,7146,1,0
C,H,H,5178,100,5178,1,0
D,H,H,1403,100,1403,1,0
E,H,H,4948,100,4948,1,0
F,H,H,7015,100,7015,1,0
G,H,H,4980,100,4980,1,0
A,B,A,4976,100,4976,1,0
A,C,A,6999,100,6999,1,0
A,D,A,4958,100,4958,1,0
A,E,A,1398,100,1398,1,0
A,F,A,5180,100,5180,1,0
A,G,A,7167,100,7167,1,0
A,H,A,5119,100,5119,1,0
A,B,B,4958,100,4958,1,0
B,C,B,4999,100,4999,1,0
B,D,B,6980,100,6980,1,0
B,E,B,5151,100,5151,1,0
B,F,B,1418,100,1418,1,0
B,G,B,5190,100,5190,1,0
B,H,B,7172,100,7172,1,0
A,C,C,6997,100,6997,1,0
B,C,C,4946,100,4946,1,0
C,D,C,4986,100,4986,1,0
C,E,C,7140,100,7140,1,0
C,F,C,5159,100,5159,1,0
C,G,C,1414,100,1414,1,0
C,H,C,5183,100,5183,1,0
A,D,D,4948,100,4948,1,0
B,D,D,7002,100,7002,1,0
C,D,D,4916,100,4916,1,0
D,E,D,5168,100,5168,1,0
D,F,D,7130,100,7130,1,0
D,G,D,5130,100,5130,1,0
D,H,D,1388,100,1388,1,0
A,E,E,1450,100,1450,1,0
B,E,E,5192,100,5192,1,0
C,E,E,7170,100,7170,1,0
D,E,E,5217,100,5217,1,0
E,F,E,4983,100,4983,1,0
E,G,E,7073,100,7073,1,0
E,H,E,4986,100,4986,1,0
A,F,F,5187,100,5187,1,0
B,F,F,1439,100,1439,1,0
C,F,F,5154,100,5154,1,0
D,F,F,7124,100,7124,1,0
E,F,F,4993,100,4993,1,0
F,G,F,4960,100,4960,1,0
F,H,F,7010,100,7010,1,0
A,G,G,7158,100,7158,1,0
B,G,G,5216,100,5216,1,0
C,G,G,1403,100,1403,1,0
D,G,G,5154,100,5154,1,0
E,G,G,7041,100,7041,1,0
F,G,G,4982,100,4982,1,0
G,H,G,4943,100,4943,1,0
A,H,H,5176,100,5176,1,0
B,H,H,7120,100,7120,1,0
C,H,H,5149,100,5149,1,0
D,H,H,1383,100,1383,1,0
E,H,H,4960,100,4960,1,0
F,H,H,7006,100,7006,1,0
G,H,H,4969,100,4969,1,0
A,B,A,4959,100,4959,1,0
A,C,A,7044,100,7044,1,0
A,D,A,4961,100,4961,1,0
A,E,A,1455,100,1455,1,0
A,F,A,5189,100,5189,1,0
A,G,A,7149,100,7149,1,0
A,H,A,5177,100,5177,1,0
A,B,B,4996,100,4996,1,0
B,C,B,4962,100,4962,1,0
B,D,B,6988,100,6988,1,0
B,E,B,5170,100,5170,1,0
B,F,B,1400,100,1400,1,0
B,G,B,5182,100,5182,1,0
B,H,B,7164,100,7164,1,0
A,C,C,6974,100,6974,1,0
B,C,C,4955,100,4955,1,0
C,D,C,4933,100,4933,1,0
C,E,C,7189,100,7189,1,0
C,F,C,5175,100,5175,1,0
C,G,C,1410,100,1410,1,0
C,H,C,5186,100,5186,1,0
A,D,D,4963,100,4963,1,0
B,D,D,6992,100,6992,1,0
C,D,D,4936,100,4936,1,0
D,E,D,5144,100,5144,1,0
D,F,D,7117,100,7117,1,0
D,G,D,5127,100,5127,1,0
D,H,D,1344,100,1344,1,0
A,E,E,1357,100,1357,1,0
B,E,E,5138,100,5138,1,0
C,E,E,7208,100,7208,1,0
D,E,E,5188,100,5188,1,0
E,F,E,4972,100,4972,1,0
E,G,E,7052,100,7052,1,0
E,H,E,4953,100,4953,1,0
A,F,F,5185,100,5185,1,0
B,F,F,1350,100,1350,1,0
C,F,F,5137,100,5137,1,0
D,F,F,7155,100,7155,1,0
E,F,F,4962,100,4962,1,0
F,G,F,4963,100,4963,1,0
F,H,F,7026,100,7026,1,0
A,G,G,7182,100,7182,1,0
B,G,G,5168,100,5168,1,0
C,G,G,1392,100,1392,1,0
D,G,G,5131,100,5131,1,0
E,G,G,7025,100,7025,1,0
F,G,G,4973,100,4973,1,0
G,H,G,4965,100,4965,1,0
A,H,H,5146,100,5146,1,0
B,H,H,7137,100,7137,1,0
C,H,H,5187,100,5187,1,0
D,H,H,1420,100,1420,1,0
E,H,H,4985,100,4985,1,0
F,H,H,7046,100,7046,1,0
G,H,H,4922,100,4922,1,0
A,B,A,4975,100,4975,1,0
A,C,A,7006,100,7006,1,0
A,D,A,4954,100,4954,1,0
A,E,A,1437,100,1437,1,0
A,F,A,5204,100,5204,1,0
A,G,A,7148,100,7148,1,0
A,H,A,5194,100,5194,1,0
A,B,B,4945,100,4945,1,0
B,C,B,4979,100,4979,1,0
B,D,B,7026,100,7026,1,0
B,E,B,5190,100,5190,1,0
B,F,B,1394,100,1394,1,0
B,G,B,5185,100,5185,1,0
B,H,B,7099,100,7099,1,0
A,C,C,7031,100,7031,1,0
B,C,C,4959,100,4959,1,0
C,D,C,4965,100,4965,1,0
C,E,C,7162,100,7162,1,0
C,F,C,5131,100,5131,1,0
C,G,C,1369,100,1369,1,0
C,H,C,5127,100,5127,1,0
A,D,D,4945,100,4945,1,0
B,D,D,6938,100,6938,1,0
C,D,D,4930,100,4930,1,0
D,E,D,5160,100,5160,1,0
D,F,D,7160,100,7160,1,0
D,G,D,5139,100,5139,1,0
D,H,D,1449,100,1449,1,0
A,E,E,1407,100,1407,1,0
B,E,E,5176,100,5176,1,0
C,E,E,7217,100,7217,1,0
D,E,E,5228,100,5228,1,0
E,F,E,4983,100,4983,1,0
E,G,E,7087,100,7087,1,0
E,H,E,5004,100,5004,1,0
A,F,F,5186,100,5186,1,0
B,F,F,1367,100,1367,1,0
C,F,F,5119,100,5119,1,0
D,F,F,7131,100,7131,1,0
E,F,F,4964,100,4964,1,0
F,G,F,4964,100,4964,1,0
F,H,F,6978,100,6978,1,0
A,G,G,7204,100,7204,1,0
B,G,G,5203,100,5203,1,0
C,G,G,1404,100,1404,1,0
D,G,G,5106,100,5106,1,0
E,G,G,7076,100,7076,1,0
F,G,G,4938,100,4938,1,0
G,H,G,4990,100,4990,1,0
A,H,H,5174,100,5174,1,0
B,H,H,7159,100,7159,1,0
C,H,H,5115,100,5115,1,0
D,H,H,1396,100,1396,1,0
E,H,H,4975,100,4975,1,0
F,H,H,6961,100,6961,1,0
G,H,H,4939,100,4939,1,0
A,B,A,4996,100,4996,1,0
A,C,A,6984,100,6984,1,0
A,D,A,4954,100,4954,1,0
A,E,A,1384,100,1384,1,0
A,F,A,5172,100,5172,1,0
A,G,A,7178,100,7178,1,0
A,H,A,5101,100,5101,1,0
A,B,B,4952,100,4952,1,0
B,C,B,5004,100,5004,1,0
B,D,B,6982,100,6982,1,0
B,E,B,5122,100,5122,1,0
B,F,B,1439,100,1439,1,0
B,G,B,5197,100,5197,1,0
B,H,B,7162,100,7162,1,0
A,C,C,7006,100,7006,1,0
B,C,C,4979,100,4979,1,0
C,D,C,4946,100,4946,1,0
C,E,C,7186,100,7186,1,0
C,F,C,5166,100,5166,1,0
C,G,C,1389,100,1389,1,0
C,H,C,5165,100,5165,1,0
A,D,D,4953,100,4953,1,0
B,D,D,7035,100,7035,1,0
C,D,D,4905,100,4905,1,0
D,E,D,5155,100,5155,1,0
D,F,D,7140,100,7140,1,0
D,G,D,5142,100,5142,1,0
D,H,D,1411,100,1411,1,0
A,E,E,1444,100,1444,1,0
B,E,E,5105,100,5105,1,0
C,E,E,7245,100,7245,1,0
D,E,E,5210,100,5210,1,0
E,F,E,5016,100,5016,1,0
E,G,E,7032,100,7032,1,0
E,H,E,5007,100,5007,1,0
A,F,F,5201,100,5201,1,0
B,F,F,1369,100,1369,1,0
C,F,F,5136,100,5136,1,0
D,F,F,7177,100,7177,1,0
E,F,F,4971,100,4971,1,0
F,G,F,4965,100,4965,1,0
F,H,F,6958,100,6958,1,0
A,G,G,7202,100,7202,1,0
B,G,G,5193,100,5193,1,0
C,G,G,1394,100,1394,1,0
D,G,G,5113,100,5113,1,0
E,G,G,7034,100,7034,1,0
F,G,G,4977,100,4977,1,0
G,H,G,4979,100,4979,1,0
A,H,H,5133,100,5133,1,0
B,H,H,7170,100,7170,1,0
C,H,H,5185,100,5185,1,0
D,H,H,1421,100,1421,1,0
E,H,H,4984,100,4984,1,0
F,H,H,7009,100,7009,1,0
G,H,H,4928,100,4928,1,0
A,B,A,4967,100,4967,1,0
A,C,A,6971,100,6971,1,0
A,D,A,4949,100,4949,1,0
A,E,A,1384,100,1384,1,0
A,F,A,5180,100,5180,1,0
A,G,A,7193,100,7193,1,0
A,H,A,5139,100,5139,1,0
A,B,B,4940,100,4940,1,0
B,C,B,5010,100,5010,1,0
B,D,B,6986,100,6986,1,0
B,E,B,5154,100,5154,1,0
B,F,B,1393,100,1393,1,0
B,G,B,5199,100,5199,1,0
B,H,B,7102,100,7102,1,0
A,C,C,7012,100,7012,1,0
B,C,C,4949,100,4949,1,0
C,D,C,4940,100,4940,1,0
C,E,C,7127,100,7127,1,0
C,F,C,5134,100,5134,1,0
C,G,C,1388,100,1388,1,0
C,H,C,5169,100,5169,1,0
A,D,D,4954,100,4954,1,0
B,D,D,7006,100,7006,1,0
C,D,D,4970,100,4970,1,0
D,E,D,5153,100,5153,1,0
D,F,D,7162,100,7162,1,0
D,G,D,5110,100,5110,1,0
D,H,D,1373,100,1373,1,0
A,E,E,1400,100,1400,1,0
B,E,E,5122,100,5122,1,0
C,E,E,7145,100,7145,1,0
D,E,E,5168,100,5168,1,0
E,F,E,4989,100,4989,1,0
E,G,E,7054,100,7054,1,0
E,H,E,4969,100,4969,1,0
A,F,F,5239,100,5239,1,0
B,F,F,1397,100,1397,1,0
C,F,F,5152,100,5152,1,0
D,F,F,7117,100,7117,1,0
E,F,F,4989,100,4989,1,0
F,G,F,4979,100,4979,1,0
F,H,F,7022,100,7022,1,0
A,G,G,7125,100,7125,1,0
B,G,G,5175,100,5175,1,0
C,G,G,1388,100,1388,1,0
D,G,G,5179,100,5179,1,0
E,G,G,7015,100,7015,1,0
F,G,G,4960,100,4960,1,0
G,H,G,4967,100,4967,1,0
A,H,H,5141,100,5141,1,0
B,H,H,7148,100,7148,1,0
C,H,H,5177,100,5177,1,0
D,H,H,1384,100,1384,1,0
E,H,H,4983,100,4983,1,0
F,H,H,7005,100,7005,1,0
G,H,H,4914,100,4914,1,0
A,B,A,4989,100,4989,1,0
A,C,A,6996,100,6996,1,0
A,D,A,4952,100,4952,1,0
A,E,A,1378,100,1378,1,0
A,F,A,5172,100,5172,1,0
A,G,A,7196,100,7196,1,0
A,H,A,5144,100,5144,1,0
A,B,B,4964,100,4964,1,0
B,C,B,4964,100,4964,1,0
B,D,B,7002,100,7002,1,0
B,E,B,5186,100,5186,1,0
B,F,B,1380,100,1380,1,0
B,G,B,5208,100,5208,1,0
B,H,B,7139,100,7139,1,0
A,C,C,6944,100,6944,1,0
B,C,C,4967,100,4967,1,0
C,D,C,4928,100,4928,1,0
C,E,C,7160,100,7160,1,0
C,F,C,5154,100,5154,1,0
C,G,C,1439,100,1439,1,0
C,H,C,5160,100,5160,1,0
A,D,D,4962,100,4962,1,0
B,D,D,6999,100,6999,1,0
C,D,D,4928,100,4928,1,0
D,E,D,5126,100,5126,1,0
D,F,D,7142,100,7142,1,0
D,G,D,5151,100,5151,1,0
D,H,D,1446,100,1446,1,0
A,E,E,1400,100,1400,1,0
B,E,E,5139,100,5139,1,0
C,E,E,7181,100,7181,1,0
D,E,E,5201,100,5201,1,0
E,F,E,5023,100,5023,1,0
E,G,E,7070,100,7070,1,0
E,H,E,5008,100,5008,1,0
A,F,F,5156,100,5156,1,0
B,F,F,1360,100,1360,1,0
C,F,F,5116,100,5116,1,0
D,F,F,7120,100,7120,1,0
E,F,F,4973,100,4973,1,0
F,G,F,4952,100,4952,1,0
F,H,F,7015,100,7015,1,0
A,G,G,7159,100,7159,1,0
B,G,G,5186,100,5186,1,0
C,G,G,1376,100,1376,1,0
D,G,G,5143,100,5143,1,0
E,G,G,7049,100,7049,1,0
F,G,G,4962,100,4962,1,0
G,H,G,4951,100,4951,1,0
A,H,H,5145,100,5145,1,0
B,H,H,7133,100,7133,1,0
C,H,H,5176,100,5176,1,0
D,H,H,1367,100,1367,1,0
E,H,H,5002,100,5002,1,0
F,H,H,7021,100,7021,1,0
G,H,H,4945,100,4945,1,0
A,B,A,4980,100,4980,1,0
A,C,A,7036,100,7036,1,0
A,D,A,4960,100,4960,1,0
A,E,A,1418,100,1418,1,0
A,F,A,5169,100,5169,1,0
A,G,A,7204,100,7204,1,0
A,H,A,5116,100,5116,1,0
A,B,B,4958,100,4958,1,0
B,C,B,4986,100,4986,1,0
B,D,B,6991,100,6991,1,0
B,E,B,5102,100,5102,1,0
B,F,B,1379,100,1379,1,0
B,G,B,5197,100,5197,1,0
B,H,B,7160,100,7160,1,0
A,C,C,7074,100,7074,1,0
B,C,C,5023,100,5023,1,0
C,D,C,4938,100,4938,1,0
C,E,C,7162,100,7162,1,0
C,F,C,5161,100,5161,1,0
C,G,C,1372,100,1372,1,0
C,H,C,5137,100,5137,1,0
A,D,D,4958,100,4958,1,0
B,D,D,6966,100,6966,1,0
C,D,D,4981,100,4981,1,0
D,E,D,5185,100,5185,1,0
D,F,D,7106,100,7106,1,0
D,G,D,5150,100,5150,1,0
D,H,D,1439,100,1439,1,0
A,E,E,1383,100,1383,1,0
B,E,E,5183,100,5183,1,0
C,E,E,7142,100,7142,1,0
D,E,E,5168,100,5168,1,0
E,F,E,5008,100,5008,1,0
E,G,E,7031,100,7031,1,0
E,H,E,5029,100,5029,1,0
A,F,F,5175,100,5175,1,0
B,F,F,1375,100,1375,1,0
C,F,F,5154,100,5154,1,0
D,F,F,7130,100,7130,1,0
E,F,F,4983,100,4983,1,0
F,G,F,4971,100,4971,1,0
F,H,F,7001,100,7001,1,0
A,G,G,7163,100,7163,1,0
B,G,G,5212,100,5212,1,0
C,G,G,1349,100,1349,1,0
D,G,G,5148,100,5148,1,0
E,G,G,7068,100,7068,1,0
F,G,G,4942,100,4942,1,0
G,H,G,4944,100,4944,1,0
A,H,H,5156,100,5156,1,0
B,H,H,7146,100,7146,1,0
C,H,H,5158,100,5158,1,0
D,H,H,1454,100,1454,1,0
E,H,H,4962,100,4962,1,0
F,H,H,6979,100,6979,1,0
G,H,H,4953,100,4953,1,0
A,B,A,4924,100,4924,1,0
A,C,A,6988,100,6988,1,0
A,D,A,4927,100,4927,1,0
A,E,A,1396,100,1396,1,0
A,F,A,5170,100,5170,1,0
A,G,A,7179,100,7179,1,0
A,H,A,5114,100,5114,1,0
A,B,B,4969,100,4969,1,0
B,C,B,4992,100,4992,1,0
B,D,B,6988,100,6988,1,0
B,E,B,5141,100,5141,1,0
B,F,B,1409,100,1409,1,0
B,G,B,5179,100,5179,1,0
B,H,B,7226,100,7226,1,0
A,C,C,7090,100,7090,1,0
B,C,C,4981,100,4981,1,0
C,D,C,4982,100,4982,1,0
C,E,C,7193,100,7193,1,0
C,F,C,5148,100,5148,1,0
C,G,C,1383,100,1383,1,0
C,H,C,5172,100,5172,1,0
A,D,D,4925,100,4925,1,0
B,D,D,6975,100,6975,1,0
C,D,D,4969,100,4969,1,0
D,E,D,5201,100,5201,1,0
D,F,D,7146,100,7146,1,0
D,G,D,5167,100,5167,1,0
D,H,D,1417,100,1417,1,0
A,E,E,1413,100,1413,1,0
B,E,E,5218,100,5218,1,0
C,E,E,7211,100,7211,1,0
D,E,E,5074,100,5074,1,0
E,F,E,4967,100,4967,1,0
E,G,E,7057,100,7057,1,0
E,H,E,4964,100,4964,1,0
A,F,F,5173,100,5173,1,0
B,F,F,1402,100,1402,1,0
C,F,F,5143,100,5143,1,0
D,F,F,7145,100,7145,1,0
E,F,F,4959,100,4959,1,0
F,G,F,4945,100,4945,1,0
F,H,F,6975,100,6975,1,0
A,G,G,7162,100,7162,1,0
B,G,G,5193,100,5193,1,0
C,G,G,1408,100,1408,1,0
D,G,G,5156,100,5156,1,0
E,G,G,7051,100,7051,1,0
F,G,G,4988,100,4988,1,0
G,H,G,4980,100,4980,1,0
A,H,H,5157,100,5157,1,0
B,H,H,7080,100,7080,1,0
C,H,H,5170,100,5170,1,0
D,H,H,1422,100,1422,1,0
E,H,H,4960,100,4960,1,0
F,H,H,7027,100,7027,1,0
G,H,H,4962,100,4962,1,0
A,B,A,4968,100,4968,1,0
A,C,A,7041,100,7041,1,0
A,D,A,4969,100,4969,1,0
A,E,A,1410,100,1410,1,0
A,F,A,5172,100,5172,1,0
A,G,A,7208,100,7208,1,0
A,H,A,5149,100,5149,1,0
A,B,B,4949,100,4949,1,0
B,C,B,5002,100,5002,1,0
B,D,B,7001,100,7001,1,0
B,E,B,5137,100,5137,1,0
B,F,B,1371,100,1371,1,0
B,G,B,5178,100,5178,1,0
B,H,B,7122,100,7122,1,0
A,C,C,7012,100,7012,1,0
B,C,C,4994,100,4994,1,0
C,D,C,4928,100,4928,1,0
C,E,C,7193,100,7193,1,0
C,F,C,5140,100,5140,1,0
C,G,C,1433,100,1433,1,0
C,H,C,5180,100,5180,1,0
A,D,D,4968,100,4968,1,0
B,D,D,6936,100,6936,1,0
C,D,D,4938,100,4938,1,0
D,E,D,5186,100,5186,1,0
D,F,D,7112,100,7112,1,0
D,G,D,5108,100,5108,1,0
D,H,D,1422,100,1422,1,0
A,E,E,1424,100,1424,1,0
B,E,E,5140,100,5140,1,0
C,E,E,7185,100,7185,1,0
D,E,E,5087,100,5087,1,0
E,F,E,4981,100,4981,1,0
E,G,E,7064,100,7064,1,0
E,H,E,4963,100,4963,1,0
A,F,F,5201,100,5201,1,0
B,F,F,1368,100,1368,1,0
C,F,F,5151,100,5151,1,0
D,F,F,7134,100,7134,1,0
E,F,F,4965,100,4965,1,0
F,G,F,4979,100,4979,1,0
F,H,F,7011,100,7011,1,0
A,G,G,7206,100,7206,1,0
B,G,G,5207,100,5207,1,0
C,G,G,1412,100,1412,1,0
D,G,G,5162,100,5162,1,0
E,G,G,7036,100,7036,1,0
F,G,G,4961,100,4961,1,0
G,H,G,4950,100,4950,1,0
A,H,H,5134,100,5134,1,0
B,H,H,7188,100,7188,1,0
C,H,H,5133,100,5133,1,0
D,H,H,1403,100,1403,1,0
E,H,H,4976,100,4976,1,0
F,H,H,7008,100,7008,1,0
G,H,H,4982,100,4982,1,0
A,B,A,4983,100,4983,1,0
A,C,A,7018,100,7018,1,0
A,D,A,4934,100,4934,1,0
A,E,A,1424,100,1424,1,0
A,F,A,5164,100,5164,1,0
A,G,A,7162,100,7162,1,0
A,H,A,5128,100,5128,1,0
A,B,B,4948,100,4948,1,0
B,C,B,4980,100,4980,1,0
B,D,B,7029,100,7029,1,0
B,E,B,5142,100,5142,1,0
B,F,B,1392,100,1392,1,0
B,G,B,5206,100,5206,1,0
B,H,B,7187,100,7187,1,0
A,C,C,6972,100,6972,1,0
B,C,C,5009,100,5009,1,0
C,D,C,4960,100,4960,1,0
C,E,C,7175,100,7175,1,0
C,F,C,5141,100,5141,1,0
C,G,C,1391,100,1391,1,0
C,H,C,5165,100,5165,1,0
A,D,D,4926,100,4926,1,0
B,D,D,6964,100,6964,1,0
C,D,D,4905,100,4905,1,0
D,E,D,5202,100,5202,1,0
D,F,D,7116,100,7116,1,0
D,G,D,5114,100,5114,1,0
D,H,D,1412,100,1412,1,0
A,E,E,1351,100,1351,1,0
B,E,E,5162,100,5162,1,0
C,E,E,7135,100,7135,1,0
D,E,E,5150,100,5150,1,0
E,F,E,4975,100,4975,1,0
E,G,E,7054,100,7054,1,0
E,H,E,4952,100,4952,1,0
A,F,F,5168,100,5168,1,0
B,F,F,1402,100,1402,1,0
C,F,F,5171,100,5171,1,0
D,F,F,7125,100,7125,1,0
E,F,F,4976,100,4976,1,0
F,G,F,4962,100,4962,1,0
F,H,F,7009,100,7009,1,0
A,G,G,7122,100,7122,1,0
B,G,G,5175,100,5175,1,0
C,G,G,1451,100,1451,1,0
D,G,G,5182,100,5182,1,0
E,G,G,7043,100,7043,1,0
F,G,G,4959,100,4959,1,0
G,H,G,4950,100,4950,1,0
A,H,H,5168,100,5168,1,0
B,H,H,7132,100,7132,1,0
C,H,H,5189,100,5189,1,0
D,H,H,1408,100,1408,1,0
E,H,H,5007,100,5007,1,0
F,H,H,6984,100,6984,1,0
G,H,H,4938,100,4938,1,0
A,B,A,4957,100,4957,1,0
A,C,A,7052,100,7052,1,0
A,D,A,4925,100,4925,1,0
A,E,A,1388,100,1388,1,0
A,F,A,5162,100,5162,1,0
A,G,A,7208,100,7208,1,0
A,H,A,5150,100,5150,1,0
A,B,B,4954,100,4954,1,0
B,C,B,5004,100,5004,1,0
B,D,B,6951,100,6951,1,0
B,E,B,5120,100,5120,1,0
B,F,B,1370,100,1370,1,0
B,G,B,5185,100,5185,1,0
B,H,B,7105,100,7105,1,0
A,C,C,7033,100,7033,1,0
B,C,C,4950,100,4950,1,0
C,D,C,4939,100,4939,1,0
C,E,C,7176,100,7176,1,0
C,F,C,5172,100,5172,1,0
C,G,C,1413,100,1413,1,0
C,H,C,5124,100,5124,1,0
A,D,D,4961,100,4961,1,0
B,D,D,7023,100,7023,1,0
C,D,D,4927,100,4927,1,0
D,E,D,5182,100,5182,1,0
D,F,D,7129,100,7129,1,0
D,G,D,5124,100,5124,1,0
D,H,D,1398,100,1398,1,0
A,E,E,1397,100,1397,1,0
B,E,E,5120,100,5120,1,0
C,E,E,7165,100,7165,1,0
D,E,E,5178,100,5178,1,0
E,F,E,4979,100,4979,1,0
E,G,E,7059,100,7059,1,0
E,H,E,4986,100,4986,1,0
A,F,F,5190,100,5190,1,0
B,F,F,1393,100,1393,1,0
C,F,F,5153,100,5153,1,0
D,F,F,7152,100,7152,1,0
E,F,F,5008,100,5008,1,0
F,G,F,4974,100,4974,1,0
F,H,F,7033,100,7033,1,0
A,G,G,7115,100,7115,1,0
B,G,G,5166,100,5166,1,0
C,G,G,1413,100,1413,1,0
D,G,G,5176,100,5176,1,0
E,G,G,7024,100,7024,1,0
F,G,G,4966,100,4966,1,0
G,H,G,4911,100,4911,1,0
A,H,H,5130,100,5130,1,0
B,H,H,7159,100,7159,1,0
C,H,H,5164,100,5164,1,0
D,H,H,1445,100,1445,1,0
E,H,H,4972,100,4972,1,0
F,H,H,6982,100,6982,1,0
G,H,H,4964,100,4964,1,0
A,B,A,4983,100,4983,1,0
A,C,A,7023,100,7023,1,0
A,D,A,4940,100,4940,1,0
A,E,A,1403,100,1403,1,0
A,F,A,5130,100,5130,1,0
A,G,A,7158,100,7158,1,0
A,H,A,5148,100,5148,1,0
A,B,B,4934,100,4934,1,0
B,C,B,4938,100,4938,1,0
B,D,B,7004,100,7004,1,0
B,E,B,5133,100,5133,1,0
B,F,B,1377,100,1377,1,0
B,G,B,5181,100,5181,1,0
B,H,B,7136,100,7136,1,0
A,C,C,7014,100,7014,1,0
B,C,C,4966,100,4966,1,0
C,D,C,4978,100,4978,1,0
C,E,C,7156,100,7156,1,0
C,F,C,5152,100,5152,1,0
C,G,C,1392,100,1392,1,0
C,H,C,5123,100,5123,1,0
A,D,D,4934,100,4934,1,0
B,D,D,7004,100,7004,1,0
C,D,D,4948,100,4948,1,0
D,E,D,5163,100,5163,1,0
D,F,D,7125,100,7125,1,0
D,G,D,5128,100,5128,1,0
D,H,D,1409,100,1409,1,0
A,E,E,1396,100,1396,1,0
B,E,E,5176,100,5176,1,0
C,E,E,7153,100,7153,1,0
D,E,E,5124,100,5124,1,0
E,F,E,4968,100,4968,1,0
E,G,E,7086,100,7086,1,0
E,H,E,4989,100,4989,1,0
A,F,F,5192,100,5192,1,0
B,F,F,1405,100,1405,1,0
C,F,F,5159,100,5159,1,0
D,F,F,7147,100,7147,1,0
E,F,F,4960,100,4960,1,0
F,G,F,4945,100,4945,1,0
F,H,F,7010,100,7010,1,0
A,G,G,7138,100,7138,1,0
B,G,G,5187,100,5187,1,0
C,G,G,1408,100,1408,1,0
D,G,G,5151,100,5151,1,0
E,G,G,7072,100,7072,1,0
F,G,G,4931,100,4931,1,0
G,H,G,4930,100,4930,1,0
A,H,H,5127,100,5127,1,0
B,H,H,7157,100,7157,1,0
C,H,H,5152,100,5152,1,0
D,H,H,1386,100,1386,1,0
E,H,H,4953,100,4953,1,0
F,H,H,7002,100,7002,1,0
G,H,H,4991,100,4991,1,0
A,B,A,4936,100,4936,1,0
A,C,A,6992,100,6992,1,0
A,D,A,4968,100,4968,1,0
A,E,A,1420,100,1420,1,0
A,F,A,5136,100,5136,1,0
A,G,A,7135,100,7135,1,0
A,H,A,5173,100,5173,1,0
A,B,B,4954,100,4954,1,0
B,C,B,5005,100,5005,1,0
B,D,B,6969,100,6969,1,0
B,E,B,5097,100,5097,1,0
B,F,B,1419,100,1419,1,0
B,G,B,5185,100,5185,1,0
B,H,B,7137,100,7137,1,0
A,C,C,7048,100,7048,1,0
B,C,C,4978,100,4978,1,0
C,D,C,4926,100,4926,1,0
C,E,C,7199,100,7199,1,0
C,F,C,5172,100,5172,1,0
C,G,C,1404,100,1404,1,0
C,H,C,5091,100,5091,1,0
A,D,D,4935,100,4935,1,0
B,D,D,7017,100,7017,1,0
C,D,D,4957,100,4957,1,0
D,E,D,5146,100,5146,1,0
D,F,D,7118,100,7118,1,0
D,G,D,5141,100,5141,1,0
D,H,D,1386,100,1386,1,0
A,E,E,1437,100,1437,1,0
B,E,E,5133,100,5133,1,0
C,E,E,7196,100,7196,1,0
D,E,E,5122,100,5122,1,0
E,F,E,4992,100,4992,1,0
E,G,E,7033,100,7033,1,0
E,H,E,5007,100,5007,1,0
A,F,F,5152,100,5152,1,0
B,F,F,1381,100,1381,1,0
C,F,F,5138,100,5138,1,0
D,F,F,7142,100,7142,1,0
E,F,F,4965,100,4965,1,0
F,G,F,4978,100,4978,1,0
F,H,F,7031,100,7031,1,0
A,G,G,7135,100,7135,1,0
B,G,G,5223,100,5223,1,0
C,G,G,1377,100,1377,1,0
D,G,G,5132,100,5132,1,0
E,G,G,7050,100,7050,1,0
F,G,G,4968,100,4968,1,0
G,H,G,4921,100,4921,1,0
A,H,H,5137,100,5137,1,0
B,H,H,7177,100,7177,1,0
C,H,H,5176,100,5176,1,0
D,H,H,1445,100,1445,1,0
E,H,H,5011,100,5011,1,0
F,H,H,7010,100,7010,1,0
G,H,H,4949,100,4949,1,0
A,B,A,4979,100,4979,1,0
A,C,A,7099,100,7099,1,0
A,D,A,4959,100,4959,1,0
A,E,A,1393,100,1393,1,0
A,F,A,5178,100,5178,1,0
A,G,A,7189,100,7189,1,0
A,H,A,5117,100,5117,1,0
A,B,B,4953,100,4953,1,0
B,C,B,5018,100,5018,1,0
B,D,B,6985,100,6985,1,0
B,E,B,5155,100,5155,1,0
B,F,B,1421,100,1421,1,0
B,G,B,5193,100,5193,1,0
B,H,B,7138,100,7138,1,0
A,C,C,6957,100,6957,1,0
B,C,C,4990,100,4990,1,0
C,D,C,4917,100,4917,1,0
C,E,C,7179,100,7179,1,0
C,F,C,5166,100,5166,1,0
C,G,C,1381,100,1381,1,0
C,H,C,5158,100,5158,1,0
A,D,D,4973,100,4973,1,0
B,D,D,7022,100,7022,1,0
C,D,D,4951,100,4951,1,0
D,E,D,5122,100,5122,1,0
D,F,D,7164,100,7164,1,0
D,G,D,5155,100,5155,1,0
D,H,D,1409,100,1409,1,0
A,E,E,1449,100,1449,1,0
B,E,E,5150,100,5150,1,0
C,E,E,7200,100,7200,1,0
D,E,E,5181,100,5181,1,0
E,F,E,4937,100,4937,1,0
E,G,E,7034,100,7034,1,0
E,H,E,4969,100,4969,1,0
A,F,F,5222,100,5222,1,0
B,F,F,1428,100,1428,1,0
C,F,F,5155,100,5155,1,0
D,F,F,7148,100,7148,1,0
E,F,F,4977,100,4977,1,0
F,G,F,4956,100,4956,1,0
F,H,F,6955,100,6955,1,0
A,G,G,7152,100,7152,1,0
B,G,G,5163,100,5163,1,0
C,G,G,1394,100,1394,1,0
D,G,G,5151,100,5151,1,0
E,G,G,7034,100,7034,1,0
F,G,G,4985,100,4985,1,0
G,H,G,4963,100,4963,1,0
A,H,H,5164,100,5164,1,0
B,H,H,7135,100,7135,1,0
C,H,H,5177,100,5177,1,0
D,H,H,1437,100,1437,1,0
E,H,H,4954,100,4954,1,0
F,H,H,7007,100,7007,1,0
G,H,H,4917,100,4917,1,0
A,B,A,4935,100,4935,1,0
A,C,A,6985,100,6985,1,0
A,D,A,4944,100,4944,1,0
A,E,A,1433,100,1433,1,0
A,F,A,5183,100,5183,1,0
A,G,A,7160,100,7160,1,0
A,H,A,5127,100,5127,1,0
A,B,B,4982,100,4982,1,0
B,C,B,4990,100,4990,1,0
B,D,B,7052,100,7052,1,0
B,E,B,5111,100,5111,1,0
B,F,B,1392,100,1392,1,0
B,G,B,5197,100,5197,1,0
B,H,B,7178,100,7178,1,0
A,C,C,6985,100,6985,1,0
B,C,C,4966,100,4966,1,0
C,D,C,4976,100,4976,1,0
C,E,C,7170,100,7170,1,0
C,F,C,5141,100,5141,1,0
C,G,C,1401,100,1401,1,0
C,H,C,5165,100,5165,1,0
A,D,D,4941,100,4941,1,0
B,D,D,7005,100,7005,1,0
C,D,D,4950,100,4950,1,0
D,E,D,5164,100,5164,1,0
D,F,D,7128,100,7128,1,0
D,G,D,5151,100,5151,1,0
D,H,D,1419,100,1419,1,0
A,E,E,1365,100,1365,1,0
B,E,E,5108,100,5108,1,0
C,E,E,7164,100,7164,1,0
D,E,E,5204,100,5204,1,0
E,F,E,4995,100,4995,1,0
E,G,E,7051,100,7051,1,0
E,H,E,4986,100,4986,1,0
A,F,F,5176,100,5176,1,0
B,F,F,1391,100,1391,1,0
C,F,F,5162,100,5162,1,0
D,F,F,7139,100,7139,1,0
E,F,F,4988,100,4988,1,0
F,G,F,4986,100,4986,1,0
F,H,F,7015,100,7015,1,0
A,G,G,7144,100,7144,1,0
B,G,G,5193,100,5193,1,0
C,G,G,1399,100,1399,1,0
D,G,G,5148,100,5148,1,0
E,G,G,7081,100,7081,1,0
F,G,G,4980,100,4980,1,0
G,H,G,4993,100,4993,1,0
A,H,H,5169,100,5169,1,0
B,H,H,7106,100,7106,1,0
C,H,H,5112,100,5112,1,0
D,H,H,1436,100,1436,1,0
E,H,H,4972,100,4972,1,0
F,H,H,6992,100,6992,1,0
G,H,H,4952,100,4952,1,0
A,B,A,4949,100,4949,1,0
A,C,A,7006,100,7006,1,0
A,D,A,4944,100,4944,1,0
A,E,A,1442,100,1442,1,0
A,F,A,5172,100,5172,1,0
A,G,A,7213,100,7213,1,0
A,H,A,5139,100,5139,1,0
A,B,B,4986,100,4986,1,0
B,C,B,4999,100,4999,1,0
B,D,B,6986,100,6986,1,0
B,E,B,5193,100,5193,1,0
B,F,B,1415,100,1415,1,0
B,G,B,5171,100,5171,1,0
B,H,B,7142,100,7142,1,0
A,C,C,7038,100,7038,1,0
B,C,C,4998,100,4998,1,0
C,D,C,4915,100,4915,1,0
C,E,C,7190,100,7190,1,0
C,F,C,5137,100,5137,1,0
C,G,C,1406,100,1406,1,0
C,H,C,5165,100,5165,1,0
A,D,D,4935,100,4935,1,0
B,D,D,7017,100,7017,1,0
C,D,D,4936,100,4936,1,0
D,E,D,5120,100,5120,1,0
D,F,D,7137,100,7137,1,0
D,G,D,5122,100,5122,1,0
D,H,D,1433,100,1433,1,0
A,E,E,1429,100,1429,1,0
B,E,E,5112,100,5112,1,0
C,E,E,7222,100,7222,1,0
D,E,E,5094,100,5094,1,0
E,F,E,4985,100,4985,1,0
E,G,E,7044,100,7044,1,0
E,H,E,4986,100,4986,1,0
A,F,F,5160,100,5160,1,0
B,F,F,1407,100,1407,1,0
C,F,F,5162,100,5162,1,0
D,F,F,7168,100,7168,1,0
E,F,F,4940,100,4940,1,0
F,G,F,4997,100,4997,1,0
F,H,F,7033,100,7033,1,0
A,G,G,7148,100,7148,1,0
B,G,G,5191,100,5191,1,0
C,G,G,1394,100,1394,1,0
D,G,G,5145,100,5145,1,0
E,G,G,7033,100,7033,1,0
F,G,G,4960,100,4960,1,0
G,H,G,4991,100,4991,1,0
A,H,H,5125,100,5125,1,0
B,H,H,7166,100,7166,1,0
C,H,H,5151,100,5151,1,0
D,H,H,1423,100,1423,1,0
E,H,H,4959,100,4959,1,0
F,H,H,7022,100,7022,1,0
G,H,H,4977,100,4977,1,0
A,B,A,4951,100,4951,1,0
A,C,A,6999,100,6999,1,0
A,D,A,4933,100,4933,1,0
A,E,A,1440,100,1440,1,0
A,F,A,5174,100,5174,1,0
A,G,A,7140,100,7140,1,0
A,H,A,5140,100,5140,1,0
A,B,B,4926,100,4926,1,0
B,C,B,4941,100,4941,1,0
B,D,B,7025,100,7025,1,0
B,E,B,5158,100,5158,1,0
B,F,B,1373,100,1373,1,0
B,G,B,5175,100,5175,1,0
B,H,B,7155,100,7155,1,0
A,C,C,6978,100,6978,1,0
B,C,C,4982,100,4982,1,0
C,D,C,4966,100,4966,1,0
C,E,C,7185,100,7185,1,0
C,F,C,5179,100,5179,1,0
C,G,C,1432,100,1432,1,0
C,H,C,5112,100,5112,1,0
A,D,D,4949,100,4949,1,0
B,D,D,6971,100,6971,1,0
C,D,D,4943,100,4943,1,0
D,E,D,5153,100,5153,1,0
D,F,D,7152,100,7152,1,0
D,G,D,5146,100,5146,1,0
D,H,D,1435,100,1435,1,0
A,E,E,1455,100,1455,1,0
B,E,E,5142,100,5142,1,0
C,E,E,7156,100,7156,1,0
D,E,E,5180,100,5180,1,0
E,F,E,4967,100,4967,1,0
E,G,E,7036,100,7036,1,0
E,H,E,4996,100,4996,1,0
A,F,F,5170,100,5170,1,0
B,F,F,1401,100,1401,1,0
C,F,F,5174,100,5174,1,0
D,F,F,7165,100,7165,1,0
E,F,F,4978,100,4978,1,0
F,G,F,4966,100,4966,1,0
F,H,F,6996,100,6996,1,0
A,G,G,7157,100,7157,1,0
B,G,G,5226,100,5226,1,0
C,G,G,1361,100,1361,1,0
D,G,G,5148,100,5148,1,0
E,G,G,7104,100,7104,1,0
F,G,G,4976,100,4976,1,0
G,H,G,4966,100,4966,1,0
A,H,H,5135,100,5135,1,0
B,H,H,7177,100,7177,1,0
C,H,H,5134,100,5134,1,0
D,H,H,1397,100,1397,1,0
E,H,H,5005,100,5005,1,0
F,H,H,7000,100,7000,1,0
G,H,H,4926,100,4926,1,0
A,B,A,4974,100,4974,1,0
A,C,A,7028,100,7028,1,0
A,D,A,4961,100,4961,1,0
A,E,A,1371,100,1371,1,0
A,F,A,5172,100,5172,1,0
A,G,A,7215,100,7215,1,0
A,H,A,5178,100,5178,1,0
A,B,B,4911,100,4911,1,0
B,C,B,4987,100,4987,1,0
B,D,B,6945,100,6945,1,0
B,E,B,5180,100,5180,1,0
B,F,B,1393,100,1393,1,0
B,G,B,5163,100,5163,1,0
B,H,B,7114,100,7114,1,0
A,C,C,6990,100,6990,1,0
B,C,C,4984,100,4984,1,0
C,D,C,4997,100,4997,1,0
C,E,C,7138,100,7138,1,0
C,F,C,5144,100,5144,1,0
C,G,C,1354,100,1354,1,0
C,H,C,5167,100,5167,1,0
A,D,D,4951,100,4951,1,0
B,D,D,7003,100,7003,1,0
C,D,D,4965,100,4965,1,0
D,E,D,5224,100,5224,1,0
D,F,D,7146,100,7146,1,0
D,G,D,5167,100,5167,1,0
D,H,D,1443,100,1443,1,0
A,E,E,1440,100,1440,1,0
B,E,E,5168,100,5168,1,0
C,E,E,7210,100,7210,1,0
D,E,E,5163,100,5163,1,0
E,F,E,4965,100,4965,1,0
E,G,E,7077,100,7077,1,0
E,H,E,4966,100,4966,1,0
A,F,F,5207,100,5207,1,0
B,F,F,1379,100,1379,1,0
C,F,F,5140,100,5140,1,0
D,F,F,7117,100,7117,1,0
E,F,F,4969,100,4969,1,0
F,G,F,4941,100,4941,1,0
F,H,F,6989,100,6989,1,0
A,G,G,7167,100,7167,1,0
B,G,G,5165,100,5165,1,0
C,G,G,1396,100,1396,1,0
D,G,G,5113,100,5113,1,0
E,G,G,7070,100,7070,1,0
F,G,G,4996,100,4996,1,0
G,H,G,4897,100,4897,1,0
A,H,H,5113,100,5113,1,0
B,H,H,7141,100,7141,1,0
C,H,H,5150,100,5150,1,0
D,H,H,1452,100,1452,1,0
E,H,H,4954,100,4954,1,0
F,H,H,7012,100,7012,1,0
G,H,H,4944,100,4944,1,0
A,B,A,4965,100,4965,1,0
A,C,A,6988,100,6988,1,0
A,D,A,4943,100,4943,1,0
A,E,A,1382,100,1382,1,0
A,F,A,5162,100,5162,1,0
A,G,A,7138,100,7138,1,0
A,H,A,5155,100,5155,1,0
A,B,B,4971,100,4971,1,0
B,C,B,4963,100,4963,1,0
B,D,B,7046,100,7046,1,0
B,E,B,5174,100,5174,1,0
B,F,B,1379,100,1379,1,0
B,G,B,5168,100,5168,1,0
B,H,B,7114,100,7114,1,0
A,C,C,6976,100,6976,1,0
B,C,C,4944,100,4944,1,0
C,D,C,4971,100,4971,1,0
C,E,C,7166,100,7166,1,0
C,F,C,5137,100,5137,1,0
C,G,C,1405,100,1405,1,0
C,H,C,5119,100,5119,1,0
A,D,D,4938,100,4938,1,0
B,D,D,6982,100,6982,1,0
C,D,D,4921,100,4921,1,0
D,E,D,5134,100,5134,1,0
D,F,D,7101,100,7101,1,0
D,G,D,5151,100,5151,1,0
D,H,D,1465,100,1465,1,0
A,E,E,1378,100,1378,1,0
B,E,E,5156,100,5156,1,0
C,E,E,7208,100,7208,1,0
D,E,E,5208,100,5208,1,0
E,F,E,4948,100,4948,1,0
E,G,E,7048,100,7048,1,0
E,H,E,4973,100,4973,1,0
A,F,F,5183,100,5183,1,0
B,F,F,1387,100,1387,1,0
C,F,F,5151,100,5151,1,0
D,F,F,7163,100,7163,1,0
E,F,F,4984,100,4984,1,0
F,G,F,4973,100,4973,1,0
F,H,F,7011,100,7011,1,0
A,G,G,7183,100,7183,1,0
B,G,G,5201,100,5201,1,0
C,G,G,1419,100,1419,1,0
D,G,G,5146,100,5146,1,0
E,G,G,7039,100,7039,1,0
F,G,G,5001,100,5001,1,0
G,H,G,4947,100,4947,1,0
A,H,H,5177,100,5177,1,0
B,H,H,7154,100,7154,1,0
C,H,H,5149,100,5149,1,0
D,H,H,1445,100,1445,1,0
E,H,H,4995,100,4995,1,0
F,H,H,6996,100,6996,1,0
G,H,H,4999,100,4999,1,0
A,B,A,4941,100,4941,1,0
A,C,A,7055,100,7055,1,0
A,D,A,4932,100,4932,1,0
A,E,A,1433,100,1433,1,0
A,F,A,5209,100,5209,1,0
A,G,A,7158,100,7158,1,0
A,H,A,5130,100,5130,1,0
A,B,B,4969,100,4969,1,0
B,C,B,5001,100,5001,1,0
B,D,B,6986,100,6986,1,0
B,E,B,5135,100,5135,1,0
B,F,B,1414,100,1414,1,0
B,G,B,5184,100,5184,1,0
B,H,B,7132,100,7132,1,0
A,C,C,7051,100,7051,1,0
B,C,C,5003,100,5003,1,0
C,D,C,4911,100,4911,1,0
C,E,C,7205,100,7205,1,0
C,F,C,5159,100,5159,1,0
C,G,C,1427,100,1427,1,0
C,H,C,5108,100,5108,1,0
A,D,D,4945,100,4945,1,0
B,D,D,7000,100,7000,1,0
C,D,D,4953,100,4953,1,0
D,E,D,5128,100,5128,1,0
D,F,D,7154,100,7154,1,0
D,G,D,5128,100,5128,1,0
D,H,D,1430,100,1430,1,0
A,E,E,1391,100,1391,1,0
B,E,E,5126,100,5126,1,0
C,E,E,7213,100,7213,1,0
D,E,E,5143,100,5143,1,0
E,F,E,4976,100,4976,1,0
E,G,E,7053,100,7053,1,0
E,H,E,5014,100,5014,1,0
A,F,F,5195,100,5195,1,0
B,F,F,1440,100,1440,1,0
C,F,F,5158,100,5158,1,0
D,F,F,7146,100,7146,1,0
E,F,F,4956,100,4956,1,0
F,G,F,4965,100,4965,1,0
F,H,F,7044,100,7044,1,0
A,G,G,7134,100,7134,1,0
B,G,G,5165,100,5165,1,0
C,G,G,1427,100,1427,1,0
D,G,G,5132,100,5132,1,0
E,G,G,7033,100,7033,1,0
F,G,G,4972,100,4972,1,0
G,H,G,4914,100,4914,1,0
A,H,H,5168,100,5168,1,0
B,H,H,7090,100,7090,1,0
C,H,H,5123,100,5123,1,0
D,H,H,1385,100,1385,1,0
E,H,H,4974,100,4974,1,0
F,H,H,7014,100,7014,1,0
G,H,H,4952,100,4952,1,0
A,B,A,4934,100,4934,1,0
A,C,A,6989,100,6989,1,0
A,D,A,4943,100,4943,1,0
A,E,A,1404,100,1404,1,0
A,F,A,5161,100,5161,1,0
A,G,A,7132,100,7132,1,0
A,H,A,5151,100,5151,1,0
A,B,B,4987,100,4987,1,0
B,C,B,4961,100,4961,1,0
B,D,B,7018,100,7018,1,0
B,E,B,5185,100,5185,1,0
B,F,B,1389,100,1389,1,0
B,G,B,5169,100,5169,1,0
B,H,B,7108,100,7108,1,0
A,C,C,7063,100,7063,1,0
B,C,C,4952,100,4952,1,0
C,D,C,4958,100,4958,1,0
C,E,C,7186,100,7186,1,0
C,F,C,5157,100,5157,1,0
C,G,C,1387,100,1387,1,0
C,H,C,5121,100,5121,1,0
A,D,D,4956,100,4956,1,0
B,D,D,6986,100,6986,1,0
C,D,D,4905,100,4905,1,0
D,E,D,5163,100,5163,1,0
D,F,D,7117,100,7117,1,0
D,G,D,5114,100,5114,1,0
D,H,D,1426,100,1426,1,0
A,E,E,1454,100,1454,1,0
B,E,E,5152,100,5152,1,0
C,E,E,7208,100,7208,1,0
D,E,E,5181,100,5181,1,0
E,F,E,4986,100,4986,1,0
E,G,E,7066,100,7066,1,0
E,H,E,5002,100,5002,1,0
A,F,F,5173,100,5173,1,0
B,F,F,1366,100,1366,1,0
C,F,F,5143,100,5143,1,0
D,F,F,7147,100,7147,1,0
E,F,F,4960,100,4960,1,0
F,G,F,4961,100,4961,1,0
F,H,F,7039,100,7039,1,0
A,G,G,7188,100,7188,1,0
B,G,G,5174,100,5174,1,0
C,G,G,1369,100,1369,1,0
D,G,G,5119,100,5119,1,0
E,G,G,7052,100,7052,1,0
F,G,G,4972,100,4972,1,0
G,H,G,4956,100,4956,1,0
A,H,H,5127,100,5127,1,0
B,H,H,7069,100,7069,1,0
C,H,H,5145,100,5145,1,0
D,H,H,1373,100,1373,1,0
E,H,H,4940,100,4940,1,0
F,H,H,6995,100,6995,1,0
G,H,H,4965,100,4965,1,0
A,B,A,4937,100,4937,1,0
A,C,A,6978,100,6978,1,0
A,D,A,4950,100,4950,1,0
A,E,A,1406,100,1406,1,0
A,F,A,5204,100,5204,1,0
A,G,A,7222,100,7222,1,0
A,H,A,5176,100,5176,1,0
A,B,B,4968,100,4968,1,0
B,C,B,4966,100,4966,1,0
B,D,B,6970,100,6970,1,0
B,E,B,5129,100,5129,1,0
B,F,B,1405,100,1405,1,0
B,G,B,5172,100,5172,1,0
B,H,B,7157,100,7157,1,0
A,C,C,7035,100,7035,1,0
B,C,C,4970,100,4970,1,0
C,D,C,4891,100,4891,1,0
C,E,C,7150,100,7150,1,0
C,F,C,5144,100,5144,1,0
C,G,C,1378,100,1378,1,0
C,H,C,5145,100,5145,1,0
A,D,D,4944,100,4944,1,0
B,D,D,7016,100,7016,1,0
C,D,D,4903,100,4903,1,0
D,E,D,5149,100,5149,1,0
D,F,D,7110,100,7110,1,0
D,G,D,5179,100,5179,1,0
D,H,D,1392,100,1392,1,0
A,E,E,1407,100,1407,1,0
B,E,E,5119,100,5119,1,0
C,E,E,7165,100,7165,1,0
D,E,E,5161,100,5161,1,0
E,F,E,4976,100,4976,1,0
E,G,E,7068,100,7068,1,0
E,H,E,5005,100,5005,1,0
A,F,F,5221,100,5221,1,0
B,F,F,1374,100,1374,1,0
C,F,F,5158,100,5158,1,0
D,F,F,7101,100,7101,1,0
E,F,F,4976,100,4976,1,0
F,G,F,4983,100,4983,1,0
F,H,F,7044,100,7044,1,0
A,G,G,7165,100,7165,1,0
B,G,G,5157,100,5157,1,0
C,G,G,1360,100,1360,1,0
D,G,G,5160,100,5160,1,0
E,G,G,7068,100,7068,1,0
F,G,G,4950,100,4950,1,0
G,H,G,4955,100,4955,1,0
A,H,H,5131,100,5131,1,0
B,H,H,7131,100,7131,1,0
C,H,H,5130,100,5130,1,0
D,H,H,1457,100,1457,1,0
E,H,H,4997,100,4997,1,0
F,H,H,7012,100,7012,1,0
G,H,H,4955,100,4955,1,0
A,B,A,4933,100,4933,1,0
A,C,A,7014,100,7014,1,0
A,D,A,4951,100,4951,1,0
A,E,A,1441,100,1441,1,0
A,F,A,5189,100,5189,1,0
A,G,A,7171,100,7171,1,0
A,H,A,5167,100,5167,1,0
A,B,B,4998,100,4998,1,0
B,C,B,4977,100,4977,1,0
B,D,B,7024,100,7024,1,0
B,E,B,5169,100,5169,1,0
B,F,B,1390,100,1390,1,0
B,G,B,5223,100,5223,1,0
B,H,B,7190,100,7190,1,0
A,C,C,7034,100,7034,1,0
B,C,C,5007,100,5007,1,0
C,D,C,4937,100,4937,1,0
C,E,C,7217,100,7217,1,0
C,F,C,5139,100,5139,1,0
C,G,C,1407,100,1407,1,0
C,H,C,5141,100,5141,1,0
A,D,D,4938,100,4938,1,0
B,D,D,6993,100,6993,1,0
C,D,D,4927,100,4927,1,0
D,E,D,5188,100,5188,1,0
D,F,D,7134,100,7134,1,0
D,G,D,5148,100,5148,1,0
D,H,D,1418,100,1418,1,0
A,E,E,1437,100,1437,1,0
B,E,E,5084,100,5084,1,0
C,E,E,7178,100,7178,1,0
D,E,E,5190,100,5190,1,0
E,F,E,4958,100,4958,1,0
E,G,E,7059,100,7059,1,0
E,H,E,4934,100,4934,1,0
A,F,F,5182,100,5182,1,0
B,F,F,1351,100,1351,1,0
C,F,F,5169,100,5169,1,0
D,F,F,7170,100,7170,1,0
E,F,F,4997,100,4997,1,0
F,G,F,4976,100,4976,1,0
F,H,F,7011,100,7011,1,0
A,G,G,7189,100,7189,1,0
B,G,G,5179,100,5179,1,0
C,G,G,1415,100,1415,1,0
D,G,G,5125,100,5125,1,0
E,G,G,7036,100,7036,1,0
F,G,G,4976,100,4976,1,0
G,H,G,4936,100,4936,1,0
A,H,H,5137,100,5137,1,0
B,H,H,7197,100,7197,1,0
C,H,H,5146,100,5146,1,0
D,H,H,1474,100,1474,1,0
E,H,H,4933,100,4933,1,0
F,H,H,7003,100,7003,1,0
G,H,H,4955,100,4955,1,0
A,B,A,4941,100,4941,1,0
A,C,A,6991,100,6991,1,0
A,D,A,4945,100,4945,1,0
A,E,A,1401,100,1401,1,0
A,F,A,5199,100,5199,1,0
A,G,A,7174,100,7174,1,0
A,H,A,5197,100,5197,1,0
A,B,B,4954,100,4954,1,0
B,C,B,4934,100,4934,1,0
B,D,B,6983,100,6983,1,0
B,E,B,5123,100,5123,1,0
B,F,B,1357,100,1357,1,0
B,G,B,5193,100,5193,1,0
B,H,B,7168,100,7168,1,0
A,C,C,7016,100,7016,1,0
B,C,C,5011,100,5011,1,0
C,D,C,4933,100,4933,1,0
C,E,C,7183,100,7183,1,0
C,F,C,5157,100,5157,1,0
C,G,C,1424,100,1424,1,0
C,H,C,5171,100,5171,1,0
A,D,D,4958,100,4958,1,0
B,D,D,7080,100,7080,1,0
C,D,D,4966,100,4966,1,0
D,E,D,5144,100,5144,1,0
D,F,D,7145,100,7145,1,0
D,G,D,5151,100,5151,1,0
D,H,D,1411,100,1411,1,0
A,E,E,1374,100,1374,1,0
B,E,E,5138,100,5138,1,0
C,E,E,7191,100,7191,1,0
D,E,E,5138,100,5138,1,0
E,F,E,4972,100,4972,1,0
E,G,E,7044,100,7044,1,0
E,H,E,4973,100,4973,1,0
A,F,F,5188,100,5188,1,0
B,F,F,1406,100,1406,1,0
C,F,F,5149,100,5149,1,0
D,F,F,7138,100,7138,1,0
E,F,F,4981,100,4981,1,0
F,G,F,4981,100,4981,1,0
F,H,F,7003,100,7003,1,0
A,G,G,7159,100,7159,1,0
B,G,G,5196,100,5196,1,0
C,G,G,1372,100,1372,1,0
D,G,G,5150,100,5150,1,0
E,G,G,7040,100,7040,1,0
F,G,G,4986,100,4986,1,0
G,H,G,5005,100,5005,1,0
A,H,H,5154,100,5154,1,0
B,H,H,7155,100,7155,1,0
C,H,H,5131,100,5131,1,0
D,H,H,1380,100,1380,1,0
E,H,H,4978,100,4978,1,0
F,H,H,6958,100,6958,1,0
G,H,H,4968,100,4968,1,0
A,B,A,4948,100,4948,1,0
A,C,A,7088,100,7088,1,0
A,D,A,4949,100,4949,1,0
A,E,A,1420,100,1420,1,0
A,F,A,5178,100,5178,1,0
A,G,A,7142,100,7142,1,0
A,H,A,5186,100,5186,1,0
A,B,B,4939,100,4939,1,0
B,C,B,4980,100,4980,1,0
B,D,B,7044,100,7044,1,0
B,E,B,5136,100,5136,1,0
B,F,B,1386,100,1386,1,0
B,G,B,5183,100,5183,1,0
B,H,B,7146,100,7146,1,0
A,C,C,6995,100,6995,1,0
B,C,C,4975,100,4975,1,0
C,D,C,4963,100,4963,1,0
C,E,C,7164,100,7164,1,0
C,F,C,5169,100,5169,1,0
C,G,C,1410,100,1410,1,0
C,H,C,5160,100,5160,1,0
A,D,D,4960,100,4960,1,0
B,D,D,7046,100,7046,1,0
C,D,D,4960,100,4960,1,0
D,E,D,5189,100,5189,1,0
D,F,D,7116,100,7116,1,0
D,G,D,5123,100,5123,1,0
D,H,D,1381,100,1381,1,0
A,E,E,1429,100,1429,1,0
B,E,E,5169,100,5169,1,0
C,E,E,7216,100,7216,1,0
D,E,E,5180,100,5180,1,0
E,F,E,5001,100,5001,1,0
E,G,E,7055,100,7055,1,0
E,H,E,4985,100,4985,1,0
A,F,F,5180,100,5180,1,0
B,F,F,1390,100,1390,1,0
C,F,F,5120,100,5120,1,0
D,F,F,7131,100,7131,1,0
E,F,F,4970,100,4970,1,0
F,G,F,4954,100,4954,1,0
F,H,F,7007,100,7007,1,0
A,G,G,7202,100,7202,1,0
B,G,G,5213,100,5213,1,0
C,G,G,1393,100,1393,1,0
D,G,G,5134,100,5134,1,0
E,G,G,7064,100,7064,1,0
F,G,G,4968,100,4968,1,0
G,H,G,4929,100,4929,1,0
A,H,H,5151,100,5151,1,0
B,H,H,7160,100,7160,1,0
C,H,H,5182,100,5182,1,0
D,H,H,1435,100,1435,1,0
E,H,H,4971,100,4971,1,0
F,H,H,6996,100,6996,1,0
G,H,H,4955,100,4955,1,0
A,B,A,4956,100,4956,1,0
A,C,A,7002,100,7002,1,0
A,D,A,4948,100,4948,1,0
A,E,A,1398,100,1398,1,0
A,F,A,5167,100,5167,1,0
A,G,A,7197,100,7197,1,0
A,H,A,5150,100,5150,1,0
A,B,B,4957,100,4957,1,0
B,C,B,4974,100,4974,1,0
B,D,B,7005,100,7005,1,0
B,E,B,5149,100,5149,1,0
B,F,B,1401,100,1401,1,0
B,G,B,5180,100,5180,1,0
B,H,B,7135,100,7135,1,0
A,C,C,7042,100,7042,1,0
B,C,C,4971,100,4971,1,0
C,D,C,4948,100,4948,1,0
C,E,C,7188,100,7188,1,0
C,F,C,5123,100,5123,1,0
C,G,C,1427,100,1427,1,0
C,H,C,5171,100,5171,1,0
A,D,D,4945,100,4945,1,0
B,D,D,6954,100,6954,1,0
C,D,D,4989,100,4989,1,0
D,E,D,5196,100,5196,1,0
D,F,D,7127,100,7127,1,0
D,G,D,5133,100,5133,1,0
D,H,D,1383,100,1383,1,0
A,E,E,1407,100,1407,1,0
B,E,E,5133,100,5133,1,0
C,E,E,7181,100,7181,1,0
D,E,E,5199,100,5199,1,0
E,F,E,4990,100,4990,1,0
E,G,E,7069,100,7069,1,0
E,H,E,4997,100,4997,1,0
A,F,F,5184,100,5184,1,0
B,F,F,1404,100,1404,1,0
C,F,F,5151,100,5151,1,0
D,F,F,7116,100,7116,1,0
E,F,F,4974,100,4974,1,0
F,G,F,4972,100,4972,1,0
F,H,F,6992,100,6992,1,0
A,G,G,7202,100,7202,1,0
B,G,G,5225,100,5225,1,0
C,G,G,1394,100,1394,1,0
D,G,G,5167,100,5167,1,0
E,G,G,7068,100,7068,1,0
F,G,G,4981,100,4981,1,0
G,H,G,4933,100,4933,1,0
A,H,H,5149,100,5149,1,0
B,H,H,7177,100,7177,1,0
C,H,H,5132,100,5132,1,0
D,H,H,1376,100,1376,1,0
E,H,H,4969,100,4969,1,0
F,H,H,7049,100,7049,1,0
G,H,H,4948,100,4948,1,0
A,B,A,4939,100,4939,1,0
A,C,A,7029,100,7029,1,0
A,D,A,4963,100,4963,1,0
A,E,A,1409,100,1409,1,0
A,F,A,5208,100,5208,1,0
A,G,A,7188,100,7188,1,0
A,H,A,5096,100,5096,1,0
A,B,B,4969,100,4969,1,0
B,C,B,4978,100,4978,1,0
B,D,B,7045,100,7045,1,0
B,E,B,5148,100,5148,1,0
B,F,B,1415,100,1415,1,0
B,G,B,5175,100,5175,1,0
B,H,B,7191,100,7191,1,0
A,C,C,7012,100,7012,1,0
B,C,C,5004,100,5004,1,0
C,D,C,4919,100,4919,1,0
C,E,C,7205,100,7205,1,0
C,F,C,5169,100,5169,1,0
C,G,C,1425,100,1425,1,0
C,H,C,5159,100,5159,1,0
A,D,D,4938,100,4938,1,0
B,D,D,6957,100,6957,1,0
C,D,D,4930,100,4930,1,0
D,E,D,5142,100,5142,1,0
D,F,D,7154,100,7154,1,0
D,G,D,5145,100,5145,1,0
D,H,D,1414,100,1414,1,0
A,E,E,1396,100,1396,1,0
B,E,E,5162,100,5162,1,0
C,E,E,7189,100,7189,1,0
D,E,E,5181,100,5181,1,0
E,F,E,4973,100,4973,1,0
E,G,E,7043,100,7043,1,0
E,H,E,4938,100,4938,1,0
A,F,F,5155,100,5155,1,0
B,F,F,1412,100,1412,1,0
C,F,F,5159,100,5159,1,0
D,F,F,7138,100,7138,1,0
E,F,F,5021,100,5021,1,0
F,G,F,4937,100,4937,1,0
F,H,F,6977,100,6977,1,0
A,G,G,7178,100,7178,1,0
B,G,G,5173,100,5173,1,0
C,G,G,1422,100,1422,1,0
D,G,G,5155,100,5155,1,0
E,G,G,7067,100,7067,1,0
F,G,G,4966,100,4966,1,0
G,H,G,4958,100,4958,1,0
A,H,H,5124,100,5124,1,0
B,H,H,7129,100,7129,1,0
C,H,H,5158,100,5158,1,0
D,H,H,1376,100,1376,1,0
E,H,H,4996,100,4996,1,0
F,H,H,6993,100,6993,1,0
G,H,H,4975,100,4975,1,0
A,B,A,4965,100,4965,1,0
A,C,A,7057,100,7057,1,0
A,D,A,4942,100,4942,1,0
A,E,A,1417,100,1417,1,0
A,F,A,5237,100,5237,1,0
A,G,A,7205,100,7205,1,0
A,H,A,5143,100,5143,1,0
A,B,B,4964,100,4964,1,0
B,C,B,4983,100,4983,1,0
B,D,B,7032,100,7032,1,0
B,E,B,5182,100,5182,1,0
B,F,B,1415,100,1415,1,0
B,G,B,5197,100,5197,1,0
B,H,B,7158,100,7158,1,0
A,C,C,7035,100,7035,1,0
B,C,C,4992,100,4992,1,0
C,D,C,4923,100,4923,1,0
C,E,C,7195,100,7195,1,0
C,F,C,5123,100,5123,1,0
C,G,C,1385,100,1385,1,0
C,H,C,5127,100,5127,1,0
A,D,D,4920,100,4920,1,0
B,D,D,7008,100,7008,1,0
C,D,D,4957,100,4957,1,0
D,E,D,5184,100,5184,1,0
D,F,D,7122,100,7122,1,0
D,G,D,5168,100,5168,1,0
D,H,D,1411,100,1411,1,0
A,E,E,1469,100,1469,1,0
B,E,E,5175,100,5175,1,0
C,E,E,7170,100,7170,1,0
D,E,E,5083,100,5083,1,0
E,F,E,4992,100,4992,1,0
E,G,E,7059,100,7059,1,0
E,H,E,4993,100,4993,1,0
A,F,F,5155,100,5155,1,0
B,F,F,1383,100,1383,1,0
C,F,F,5187,100,5187,1,0
D,F,F,7169,100,7169,1,0
E,F,F,4962,100,4962,1,0
F,G,F,4997,100,4997,1,0
F,H,F,7039,100,7039,1,0
A,G,G,7151,100,7151,1,0
B,G,G,5189,100,5189,1,0
C,G,G,1405,100,1405,1,0
D,G,G,5151,100,5151,1,0
E,G,G,7024,100,7024,1,0
F,G,G,4940,100,4940,1,0
G,H,G,4973,100,4973,1,0
A,H,H,5129,100,5129,1,0
B,H,H,7154,100,7154,1,0
C,H,H,5192,100,5192,1,0
D,H,H,1370,100,1370,1,0
E,H,H,4975,100,4975,1,0
F,H,H,7054,100,7054,1,0
G,H,H,4962,100,4962,1,0
A,B,A,4974,100,4974,1,0
A,C,A,6968,100,6968,1,0
A,D,A,4964,100,4964,1,0
A,E,A,1432,100,1432,1,0
A,F,A,5146,100,5146,1,0
A,G,A,7182,100,7182,1,0
A,H,A,5199,100,5199,1,0
A,B,B,4934,100,4934,1,0
B,C,B,4972,100,4972,1,0
B,D,B,6985,100,6985,1,0
B,E,B,5165,100,5165,1,0
B,F,B,1379,100,1379,1,0
B,G,B,5211,100,5211,1,0
B,H,B,7230,100,7230,1,0
A,C,C,7005,100,7005,1,0
B,C,C,5010,100,5010,1,0
C,D,C,4969,100,4969,1,0
C,E,C,7227,100,7227,1,0
C,F,C,5165,100,5165,1,0
C,G,C,1394,100,1394,1,0
C,H,C,5171,100,5171,1,0
A,D,D,4915,100,4915,1,0
B,D,D,6993,100,6993,1,0
C,D,D,4944,100,4944,1,0
D,E,D,5154,100,5154,1,0
D,F,D,7161,100,7161,1,0
D,G,D,5134,100,5134,1,0
D,H,D,1404,100,1404,1,0
A,E,E,1423,100,1423,1,0
B,E,E,5140,100,5140,1,0
C,E,E,7149,100,7149,1,0
D,E,E,5211,100,5211,1,0
E,F,E,4968,100,4968,1,0
E,G,E,7047,100,7047,1,0
E,H,E,5018,100,5018,1,0
A,F,F,5226,100,5226,1,0
B,F,F,1421,100,1421,1,0
C,F,F,5158,100,5158,1,0
D,F,F,7131,100,7131,1,0
E,F,F,4979,100,4979,1,0
F,G,F,4972,100,4972,1,0
F,H,F,6980,100,6980,1,0
A,G,G,7146,100,7146,1,0
B,G,G,5191,100,5191,1,0
C,G,G,1417,100,1417,1,0
D,G,G,5106,100,5106,1,0
E,G,G,7066,100,7066,1,0
F,G,G,4969,100,4969,1,0
G,H,G,4948,100,4948,1,0
A,H,H,5160,100,5160,1,0
B,H,H,7180,100,7180,1,0
C,H,H,5144,100,5144,1,0
D,H,H,1387,100,1387,1,0
E,H,H,4950,100,4950,1,0
F,H,H,7049,100,7049,1,0
G,H,H,4955,100,4955,1,0
A,B,A,4947,100,4947,1,0
A,C,A,7048,100,7048,1,0
A,D,A,4968,100,4968,1,0
A,E,A,1398,100,1398,1,0
A,F,A,5157,100,5157,1,0
A,G,A,7133,100,7133,1,0
A,H,A,5137,100,5137,1,0
A,B,B,4959,100,4959,1,0
B,C,B,5019,100,5019,1,0
B,D,B,7002,100,7002,1,0
B,E,B,5147,100,5147,1,0
B,F,B,1413,100,1413,1,0
B,G,B,5222,100,5222,1,0
B,H,B,7154,100,7154,1,0
A,C,C,7026,100,7026,1,0
B,C,C,4981,100,4981,1,0
C,D,C,4925,100,4925,1,0
C,E,C,7150,100,7150,1,0
C,F,C,5163,100,5163,1,0
C,G,C,1422,100,1422,1,0
C,H,C,5149,100,5149,1,0
A,D,D,4940,100,4940,1,0
B,D,D,6998,100,6998,1,0
C,D,D,4981,100,4981,1,0
D,E,D,5140,100,5140,1,0
D,F,D,7133,100,7133,1,0
D,G,D,5159,100,5159,1,0
D,H,D,1366,100,1366,1,0
A,E,E,1382,100,1382,1,0
B,E,E,5105,100,5105,1,0
C,E,E,7217,100,7217,1,0
D,E,E,5102,100,5102,1,0
E,F,E,4960,100,4960,1,0
E,G,E,7041,100,7041,1,0
E,H,E,4997,100,4997,1,0
A,F,F,5171,100,5171,1,0
B,F,F,1401,100,1401,1,0
C,F,F,5147,100,5147,1,0
D,F,F,7119,100,7119,1,0
E,F,F,4979,100,4979,1,0
F,G,F,4977,100,4977,1,0
F,H,F,7007,100,7007,1,0
A,G,G,7156,100,7156,1,0
B,G,G,5201,100,5201,1,0
C,G,G,1411,100,1411,1,0
D,G,G,5110,100,5110,1,0
E,G,G,7040,100,7040,1,0
F,G,G,4959,100,4959,1,0
G,H,G,4924,100,4924,1,0
A,H,H,5158,100,5158,1,0
B,H,H,7116,100,7116,1,0
C,H,H,5141,100,5141,1,0
D,H,H,1368,100,1368,1,0
E,H,H,4954,100,4954,1,0
F,H,H,6972,100,6972,1,0
G,H,H,4924,100,4924,1,0
A,B,A,4959,100,4959,1,0
A,C,A,7040,100,7040,1,0
A,D,A,4947,100,4947,1,0
A,E,A,1452,100,1452,1,0
A,F,A,5199,100,5199,1,0
A,G,A,7197,100,7197,1,0
A,H,A,5122,100,5122,1,0
A,B,B,4940,100,4940,1,0
B,C,B,4967,100,4967,1,0
B,D,B,7002,100,7002,1,0
B,E,B,5172,100,5172,1,0
B,F,B,1412,100,1412,1,0
B,G,B,5196,100,5196,1,0
B,H,B,7094,100,7094,1,0
A,C,C,7028,100,7028,1,0
B,C,C,4994,100,4994,1,0
C,D,C,4953,100,4953,1,0
C,E,C,7201,100,7201,1,0
C,F,C,5153,100,5153,1,0
C,G,C,1435,100,1435,1,0
C,H,C,5123,100,5123,1,0
A,D,D,4944,100,4944,1,0
B,D,D,6994,100,6994,1,0
C,D,D,4943,100,4943,1,0
D,E,D,5153,100,5153,1,0
D,F,D,7181,100,7181,1,0
D,G,D,5149,100,5149,1,0
D,H,D,1386,100,1386,1,0
A,E,E,1457,100,1457,1,0
B,E,E,5134,100,5134,1,0
C,E,E,7181,100,7181,1,0
D,E,E,5187,100,5187,1,0
E,F,E,5002,100,5002,1,0
E,G,E,7035,100,7035,1,0
E,H,E,5014,100,5014,1,0
A,F,F,5213,100,5213,1,0
B,F,F,1369,100,1369,1,0
C,F,F,5157,100,5157,1,0
D,F,F,7168,100,7168,1,0
E,F,F,4962,100,4962,1,0
F,G,F,4980,100,4980,1,0
F,H,F,6986,100,6986,1,0
A,G,G,7149,100,7149,1,0
B,G,G,5159,100,5159,1,0
C,G,G,1383,100,1383,1,0
D,G,G,5142,100,5142,1,0
E,G,G,7047,100,7047,1,0
F,G,G,4995,100,4995,1,0
G,H,G,4960,100,4960,1,0
A,H,H,5183,100,5183,1,0
B,H,H,7107,100,7107,1,0
C,H,H,5140,100,5140,1,0
D,H,H,1401,100,1401,1,0
E,H,H,4996,100,4996,1,0
F,H,H,6989,100,6989,1,0
G,H,H,4950,100,4950,1,0
A,B,A,4986,100,4986,1,0
A,C,A,6983,100,6983,1,0
A,D,A,4918,100,4918,1,0
A,E,A,1420,100,1420,1,0
A,F,A,5122,100,5122,1,0
A,G,A,7138,100,7138,1,0
A,H,A,5204,100,5204,1,0
A,B,B,4930,100,4930,1,0
B,C,B,4993,100,4993,1,0
B,D,B,6992,100,6992,1,0
B,E,B,5156,100,5156,1,0
B,F,B,1361,100,1361,1,0
B,G,B,5183,100,5183,1,0
B,H,B,7144,100,7144,1,0
A,C,C,6999,100,6999,1,0
B,C,C,4986,100,4986,1,0
C,D,C,4920,100,4920,1,0
C,E,C,7188,100,7188,1,0
C,F,C,5131,100,5131,1,0
C,G,C,1386,100,1386,1,0
C,H,C,5195,100,5195,1,0
A,D,D,4920,100,4920,1,0
B,D,D,7009,100,7009,1,0
C,D,D,4943,100,4943,1,0
D,E,D,5108,100,5108,1,0
D,F,D,7193,100,7193,1,0
D,G,D,5138,100,5138,1,0
D,H,D,1373,100,1373,1,0
A,E,E,1378,100,1378,1,0
B,E,E,5130,100,5130,1,0
C,E,E,7169,100,7169,1,0
D,E,E,5182,100,5182,1,0
E,F,E,4985,100,4985,1,0
E,G,E,7060,100,7060,1,0
E,H,E,4992,100,4992,1,0
A,F,F,5183,100,5183,1,0
B,F,F,1391,100,1391,1,0
C,F,F,5147,100,5147,1,0
D,F,F,7130,100,7130,1,0
E,F,F,4975,100,4975,1,0
F,G,F,4973,100,4973,1,0
F,H,F,7036,100,7036,1,0
A,G,G,7178,100,7178,1,0
B,G,G,5157,100,5157,1,0
C,G,G,1391,100,1391,1,0
D,G,G,5121,100,5121,1,0
E,G,G,7028,100,7028,1,0
F,G,G,4999,100,4999,1,0
G,H,G,4949,100,4949,1,0
A,H,H,5134,100,5134,1,0
B,H,H,7188,100,7188,1,0
C,H,H,5145,100,5145,1,0
D,H,H,1355,100,1355,1,0
E,H,H,4978,100,4978,1,0
F,H,H,7006,100,7006,1,0
G,H,H,4944,100,4944,1,0
A,B,A,4969,100,4969,1,0
A,C,A,7010,100,7010,1,0
A,D,A,4941,100,4941,1,0
A,E,A,1446,100,1446,1,0
A,F,A,5136,100,5136,1,0
A,G,A,7164,100,7164,1,0
A,H,A,5166,100,5166,1,0
A,B,B,4981,100,4981,1,0
B,C,B,5016,100,5016,1,0
B,D,B,6993,100,6993,1,0
B,E,B,5130,100,5130,1,0
B,F,B,1406,100,1406,1,0
B,G,B,5189,100,5189,1,0
B,H,B,7184,100,7184,1,0
A,C,C,7006,100,7006,1,0
B,C,C,4977,100,4977,1,0
C,D,C,4969,100,4969,1,0
C,E,C,7219,100,7219,1,0
C,F,C,5147,100,5147,1,0
C,G,C,1423,100,1423,1,0
C,H,C,5164,100,5164,1,0
A,D,D,4949,100,4949,1,0
B,D,D,6992,100,6992,1,0
C,D,D,4958,100,4958,1,0
D,E,D,5191,100,5191,1,0
D,F,D,7132,100,7132,1,0
D,G,D,5151,100,5151,1,0
D,H,D,1475,100,1475,1,0
A,E,E,1432,100,1432,1,0
B,E,E,5156,100,5156,1,0
C,E,E,7121,100,7121,1,0
D,E,E,5202,100,5202,1,0
E,F,E,4961,100,4961,1,0
E,G,E,7067,100,7067,1,0
E,H,E,5011,100,5011,1,0
A,F,F,5136,100,5136,1,0
B,F,F,1412,100,1412,1,0
C,F,F,5153,100,5153,1,0
D,F,F,7126,100,7126,1,0
E,F,F,4987,100,4987,1,0
F,G,F,4983,100,4983,1,0
F,H,F,7047,100,7047,1,0
A,G,G,7192,100,7192,1,0
B,G,G,5195,100,5195,1,0
C,G,G,1369,100,1369,1,0
D,G,G,5156,100,5156,1,0
E,G,G,7025,100,7025,1,0
F,G,G,4985,100,4985,1,0
G,H,G,4984,100,4984,1,0
A,H,H,5143,100,5143,1,0
B,H,H,7149,100,7149,1,0
C,H,H,5163,100,5163,1,0
D,H,H,1422,100,1422,1,0
E,H,H,4973,100,4973,1,0
F,H,H,7013,100,7013,1,0
G,H,H,4934,100,4934,1,0
A,B,A,4990,100,4990,1,0
A,C,A,7020,100,7020,1,0
A,D,A,4942,100,4942,1,0
A,E,A,1428,100,1428,1,0
A,F,A,5153,100,5153,1,0
A,G,A,7179,100,7179,1,0
A,H,A,5154,100,5154,1,0
A,B,B,4942,100,4942,1,0
B,C,B,4989,100,4989,1,0
B,D,B,7004,100,7004,1,0
B,E,B,5119,100,5119,1,0
B,F,B,1405,100,1405,1,0
B,G,B,5183,100,5183,1,0
B,H,B,7135,100,7135,1,0
A,C,C,6985,100,6985,1,0
B,C,C,4990,100,4990,1,0
C,D,C,4987,100,4987,1,0
C,E,C,7188,100,7188,1,0
C,F,C,5175,100,5175,1,0
C,G,C,1404,100,1404,1,0
C,H,C,5151,100,5151,1,0
A,D,D,4956,100,4956,1,0
B,D,D,6997,100,6997,1,0
C,D,D,4932,100,4932,1,0
D,E,D,5120,100,5120,1,0
D,F,D,7129,100,7129,1,0
D,G,D,5132,100,5132,1,0
D,H,D,1402,100,1402,1,0
A,E,E,1495,100,1495,1,0
B,E,E,5114,100,5114,1,0
C,E,E,7185,100,7185,1,0
D,E,E,5163,100,5163,1,0
E,F,E,4996,100,4996,1,0
E,G,E,7044,100,7044,1,0
E,H,E,4977,100,4977,1,0
A,F,F,5143,100,5143,1,0
B,F,F,1360,100,1360,1,0
C,F,F,5154,100,5154,1,0
D,F,F,7163,100,7163,1,0
E,F,F,4991,100,4991,1,0
F,G,F,4976,100,4976,1,0
F,H,F,6980,100,6980,1,0
A,G,G,7177,100,7177,1,0
B,G,G,5171,100,5171,1,0
C,G,G,1412,100,1412,1,0
D,G,G,5128,100,5128,1,0
E,G,G,7037,100,7037,1,0
F,G,G,4976,100,4976,1,0
G,H,G,4919,100,4919,1,0
A,H,H,5183,100,5183,1,0
B,H,H,7112,100,7112,1,0
C,H,H,5120,100,5120,1,0
D,H,H,1469,100,1469,1,0
E,H,H,5019,100,5019,1,0
F,H,H,7018,100,7018,1,0
G,H,H,4932,100,4932,1,0
